0.25 3.66 9.92 1.5065
3.675 4.42 7.49 1.0279
1.025 0.49 10.79 1.8919
0 -2.14 10.36 3.3272
0.95 1.86 8.87 1.8204
0.2 2.85 8.78 0.3278
0 1.03 8.4 1.4523
0 1.75 10.5 1.0184
0 2.29 13.07 3.88
0 0.28 13.43 3.5151
0 -0.32 16.34 2.532
0 0.36 16.73 5.1926
0 1.38 19.25 4.1468
0 1.2 19.98 3.8391
0 0.96 20.13 3.8441
0 2.41 20.41 4.875
0 1.89 20.18 4.0733
0 2.03 20.61 4.5669
0 1.12 21.29 4.7998
0 1.64 20.61 3.3655
1.925 4.47 16.38 2.6511
10.15 9.51 16.15 2.078
12.5 11.15 13.32 1.6793
1.7 9.57 15.92 1.9373
5 5.66 13.98 3.1872
0.575 2.94 10.68 1.1634
0 0.34 12.11 1.0951
0 -0.03 12.99 1.4955
0 1.11 15.19 3.872
0 1.25 17.11 4.287
0 1.89 19.27 2.6812
0 2.57 18.22 2.7422
0 2.7 18.78 4.0565
0 2.63 20.74 3.8205
0 2.75 20.88 2.9936
4.5 8.02 18.05 2.9226
5.375 8.61 14.39 3.2243
1.5 6.67 16.09 2.5433
3.9 4.54 15.67 1.2084
1.825 3.94 12.61 3.0813
2.325 -0.76 11.76 0.3212
5.8 3.17 12.54 2.4683
2.15 3.88 12.29 1.2969
13.5 4.14 10.89 2.9917
3.05 4.92 11.61 3.7353
3.025 7.21 11.89 6.5386
11.575 7.61 12.64 5.4561
7.125 7.06 11.65 4.4942
0.725 3.01 13.05 1.6845
0 2.57 16.76 3.5168
0 3.45 18.11 2.7261
1.4 3.36 16.82 3.6363
5.05 8.84 16.12 4.2202
9.95 10.5 17.09 3.0808
0.85 8.06 17.32 1.5028
0.375 9.02 18.37 1.5966
0.8 8.29 18.35 2.2095
0.1 4.61 17 0.4915
0 5.11 17.2 3.5027
3.975 9.6 17.37 3.0873
9.925 11.26 18.22 4.2701
16.25 9.25 16.19 4.9688
7.625 5.3 13.82 2.5475
0.025 2.3 14.58 1.1283
0.025 3.19 14.56 1.8657
0 2.26 15.04 0.3422
0 2.3 17.26 1.4401
0 3.67 13.81 2.7477
0 0.39 13.73 0.6916
0 0.52 16.15 0.5047
0 3.89 18.73 1.7138
0 3.67 20.09 1.7385
0 4.69 17.27 1.4096
0 6.11 18.93 2.2516
0 7.3 20.39 2.6303
0 8.25 20.62 1.1122
0 8.25 21.91 1.4828
0 9 24.61 1.5114
0 9.23 23.99 1.1748
3.6 8.21 20.14 1.5731
2.7 6.42 15.67 3.7828
0.375 2.9 14.19 2.4206
0 1.99 18.36 1.9137
0 4.12 20.94 1.0988
0 8.05 23.51 2.1318
0 9.69 24.16 1.7954
0 8.97 25.47 1.4771
0 9.36 21.32 3.6977
0 5.57 19.59 2.1449
0 4 21.32 0.7185
0 8.95 23.89 3.1031
0 7.68 22.66 2.6964
0 7.06 19.56 5.1123
0 4.34 18.86 1.8896
0 3.57 23.01 2.3939
0 6.05 26.67 1.7854
10.35 8.28 21.71 1.1828
3.175 8.67 18.72 2.6664
5.1 8.46 14.98 1.7729
3.025 8.73 16.95 2.3652
0.45 5.31 18.89 3.698
0 6.97 21.95 1.7526
0 8.71 22.42 2.6163
0 8.14 17.86 5.2268
0 4.37 16.02 5.509
0 3.54 19.73 2.8894
0 5.63 23.92 1.5962
0 8.61 26.93 2.2438
0 9.48 31.02 2.2924
0 13.31 33.82 1.4926
0 13.99 34.38 1.3285
0 13.95 35.28 1.6646
0 11.88 28.39 2.1163
0 8.96 22.28 3.0532
0 4.35 21.32 3.2901
0 4.65 21.69 2.1666
0 6.75 21.66 2.2553
0 4.09 18.72 2.9316
0 4.61 19.88 1.8991
0 5.8 22.57 1.9873
19.225 10.77 22.18 1.7322
6 13.14 20.29 2.4804
0.375 13.78 21.29 3.4361
0.375 12.87 24.09 1.8165
0.275 15.42 25.94 3.413
0 13.17 27.71 1.7399
0 12.18 27.73 3.16
0 12.47 28.21 2.2087
0 11.87 29.88 2.094
0 12.28 31.16 1.7232
0 13.02 30.75 3.1615
0 10.68 27.82 3.4023
0 11.35 28.02 3.102
0 12.67 29.44 3.1788
0 13.58 31.19 2.4603
0 14.47 35.46 1.3686
0 18.01 39.2 0.2336
0 18.61 37.99 2.015
0 16.98 33.71 2.2367
0 13.17 30.14 1.4668
0 12.56 31.95 1.1882
0 12.67 32.16 2.3922
0 12.2 29.68 2.956
0 10.66 27.08 2.7687
0 10.24 29.47 2.375
0 13.9 32.66 1.905
0 16.6 35.05 1.191
0 17.39 35.85 2.236
0 16.22 33.62 2.4539
0 14.37 31.79 2.8192
0 14.02 30.12 2.3666
0 13.67 29.12 2.4331
0.075 14.54 28.12 2.3808
0.4 15.09 28.4 0.6114
0.7 12.98 26.81 2.1873
2.125 12.87 22.96 2.8963
1.35 11.23 24.27 1.8475
0.45 11.76 26.87 2.5857
0 12.49 28.36 2.5948
0 11.76 27.05 3.3426
0 13.06 25.9 2.9752
0 12.39 26.26 3.3959
0 12.87 26.53 2.6043
0.525 14.84 26.56 3.3412
0 12.82 26.56 2.2977
0 12.64 26.32 2.4713
0 13.12 29.07 2.8254
0 13.9 29.33 3.2295
0 15.02 34.15 2.3468
0 16.87 34.36 3.0436
0 12.05 30.71 3.3298
0 10.38 27.74 3.4453
0 12.75 30.64 1.768
0 14 34.32 0.8709
0 16.4 36.81 1.6966
0 15.54 35.44 2.6393
0 14.51 33.8 1.8695
0 17.13 38.33 1.0971
0 20.19 41.95 0.949
0 20.68 41.71 2.6464
0 17.97 38.92 2.6015
0 17.53 36.85 2.226
0 16.57 37.05 1.8983
0 15.8 37.05 2.6732
0 15.87 35.15 2.4361
0 15.31 32.84 2.615
0 13.11 31.93 2.4279
0 12.74 32.51 2.5613
0 13.2 31.96 2.7065
0 14.07 31.53 2.7356
0 13.16 32.2 2.1334
0 16.69 32.18 1.8283
0 18.12 33.37 2.2747
0 16.19 34.7 1.8069
0 16.87 37.84 0.8498
0 17.97 38.82 1.5222
0 19.23 39.1 1.6826
0 19.4 39.6 1.6293
0 21.02 40.51 1.9354
0 21.03 41.08 1.4729
0 20.36 39.54 2.4048
0 18.08 36.94 2.5362
0 17.1 35.27 2.5174
0 16.34 35.48 2.135
0 14.82 33.4 2.1111
0 14.09 34.19 2.1925
0 16.38 36.91 1.9647
0 19.2 38.54 2.0089
0 18.74 36.74 2.3913
0 17.27 34.81 2.9696
0 16.46 33.47 2.7639
0 16.31 33.99 3.0245
0 17.38 34.52 2.7402
0 15.55 33.05 2.8088
0 14.67 31.46 2.3039
0 14.85 32.12 1.9063
0 15.78 32.09 2.1215
0 14.19 28.2 2.7346
0 12.94 27.44 1.8933
0 13.88 31.41 1.7713
0 15.84 34.84 1.0534
0 17.81 36.94 1.3423
0 18.97 36.41 2.9128
0 16.99 37.35 2.8803
0 18.01 35.36 3.2073
0 16.39 32.06 3.1519
0 12.49 32.46 1.7461
0 13.87 34.28 0.8309
0 15.56 35.04 1.0718
0 16.04 35.51 0.8744
0 16.92 35.78 1.3675
0 15.37 33.4 2.4069
0 16.24 36.27 2.0953
0 18.59 36.9 2.1756
0.1 18.37 34.54 2.5061
0.05 14.01 31.87 1.5553
0 13.99 33.39 1.4667
0 15.09 34.29 0.3936
0 15.54 35.97 1.6894
0 15.53 37.81 1.8155
0 17.89 38.95 1.6847
0 17.74 38.71 2.3887
0 17.07 33.88 1.3842
0 16.51 35.28 0.6382
0 19.21 36.44 0.6837
0 19.56 38.49 1.899
0 17.01 35.95 2.5141
0 13.02 31.74 2.0841
0 14.53 29.42 2.206
0 13.55 29.81 2.1103
0 13.16 31.77 0.7672
0 14.35 32.97 1.109
0 16.19 35.54 0.5677
0 16.44 37.26 1.1651
0.35 16.96 33.36 2.0861
0.125 14.37 28.64 1.9649
3.05 14.93 26.24 2.4927
0.225 13.47 27.77 1.8121
0 14.43 30.74 1.9511
0 14.88 32.76 1.0348
0 15.68 35.76 0.8072
0 17.6 35.59 1.8022
0 15.9 33.46 1.0152
0 15.97 34.93 1.7368
0 16.61 36.47 1.9438
0 15.67 36.7 1.2162
0 15.37 36.06 0.7347
0 14.99 35.63 0.786
0 15.29 37.12 1.0944
0 15.92 37.47 0.3622
0 17.18 34.05 1.7775
0 14 26.41 2.5611
0 8.06 22.87 2.4979
0 9.08 25.69 2.2754
0 7.85 27.83 0.9117
0 9.71 25.57 3.2634
0 7.18 20.83 3.3201
0 5.92 20.22 0.3813
0 5.36 22.61 2.2654
0 7.2 26.25 1.0947
0 8.45 24.34 1.3665
0 8.12 25.08 0.6344
0 8.85 25.63 0.4743
0 9.15 23.78 1.7099
0.5 8.77 21.74 1.9775
36.85 11.69 18.03 6.9538
7.025 14.96 22.45 4.1693
0.5 16.92 25.9 1.1962
0 15.08 26.74 2.3317
0 13.68 26.57 1.2729
0 14.57 25.45 1.6192
0.175 10.36 20.77 1.9157
0.05 9.38 19.84 1.421
0 8.36 21.88 1.117
0 9.85 23.49 0.9152
0 10.38 25.11 1.3868
0 11.03 26.01 1.4605
0 11.25 25.33 1.5388
0 9.99 26.19 1.1782
0 10.99 20.95 4.7938
0 7.05 18.43 4.8051
0 3.93 18.37 0.7922
0 4.16 20.29 0.2619
0 5.5 22.33 0.8872
0 6.82 23.67 1.0194
0 7.82 24.98 1.2369
0 8.25 25.37 1.1697
0 8.02 26.08 1.8191
0 8.16 23.5 2.4951
0 7.6 22.29 0.5658
0 8.92 20.01 1.8742
0 5 19.02 1.9635
0 3.72 18.2 1.0371
0 6.4 18.56 0.8516
0.125 7.4 17.88 0.6411
0.65 7.86 17.26 2.1391
0.275 3.29 16.09 1.4636
0 2.9 16.27 1.1783
0 1.12 17.38 2.5062
0 1.5 18.63 1.8514
0.675 2.23 19.99 1.0885
0.325 4.74 17.9 2.2918
0 0.87 15.51 2.1001
4.55 2.91 17.45 3.3283
2.125 2.7 14.13 1.2649
0 1.56 16.68 0.4507
0 3.46 15.65 1.8213
0 1.81 16.8 3.3109
0 1.56 19.43 3.5236
0 2.61 20.72 2.2512
3.175 4.95 17.11 1.1658
0.45 6.54 17.47 5.2274
0 1.25 16.47 4.6239
0 0.95 16.35 3.7549
0 1.12 17.53 1.4257
0 0.74 16.16 1.7501
0 0.71 14.99 1.6879
0 0.82 15.63 1.8295
0 1.33 13.46 1.0307
1.625 -3.29 10.57 1.7517
11.475 -1.51 7.78 0.6832
1.475 -4.43 7.41 0.467
0 -3.42 7.5 1.8997
3.775 -0.51 8.99 3.3219
13.8 4.18 11.46 3.1113
14.4 8.8 12.76 3.922
8.55 7 13.32 3.6675
2.2 5.79 13.45 0.6286
0 4.15 14.43 3.3867
0.875 6.71 15.13 2.8365
0 5.9 13.28 2.1631
0 4.94 12.17 2.6249
0 3.75 10.39 3.9965
0.15 3.89 14.11 2.8272
7.825 6.12 14.66 1.7188
2.725 4.4 12.35 3.685
0.05 0.71 10.28 2.0362
0 -1.43 11.12 3.8254
0 -0.7 14.4 3.9875
1.925 1.29 12.23 4.0859
4.925 3.83 13.62 2.1572
1.3 4.96 10.16 2.8883
1.6 3.13 12.12 0.8067
0.625 7.33 13.83 1.3784
0 5.81 11.92 2.7119
0 5.26 14.22 2.2647
0.05 4.37 13.1 1.1448
0 5.75 12.23 3.8358
0 2.98 14.43 2.9314
0 3.45 12.86 2.9359
0 3.67 10.6 3.0944
0 2.15 10.01 2.4533
0.5 4.2 10.84 2.8744
0.275 5.74 11.33 2.4796
0.05 5.11 7.35 2.4097
0.05 5.36 8.79 3.238
4.925 6.03 16.48 4.7849
10.3 8.78 17.65 2.0559
0.15 3.76 15.09 1.1554
0.05 3.37 12.17 3.1892
0.05 5.68 14.26 2.7114
10.075 5.54 14.66 2.8531
14.5 8.82 14.95 5.0547
20.575 8.3 12.26 5.6768
17.725 7.23 12.23 6.5523
18.15 4.7 9.57 3.7669
7.325 2.7 10.23 3.3311
2.85 2.4 10.28 1.0733
0.275 1.54 10.3 2.5349
2.425 4.76 10.84 4.5223
1.9 7.19 11.62 2.9901
0.05 4.53 13.96 1.1407
0 2.99 13.79 2.5042
0.725 4.75 15.54 3.1553
1.1 5.73 15.98 1.1181
0.2 2.74 13.3 1.258
0 2.47 15.54 1.7622
0 5.23 13.6 2.1539
0.425 3.79 16.77 0.6513
4.725 6.57 15.05 3.155
2.425 9.23 16.13 3.355
9.05 9.22 12.82 1.6286
2.075 6.94 12.23 2.4554
1.65 7.61 12.99 1.178
7.975 7.19 11.5 1.3717
0.5 2.6 13.73 0.7002
0 5.14 14.25 1.2152
0 5.47 16.78 1.5055
0 4.44 17.85 1.3054
0 3.56 18.67 1.4683
0 4.06 19.25 1.3242
0 6.06 19.2 1.7911
0 6.41 20.16 2.3178
0 6.19 19.79 0.8078
0 8.09 16.3 1.0037
0.85 6.94 15.2 2.0689
6.55 7.07 11.62 2.7018
0.775 3.95 12.64 1.91
25.55 4.08 11.39 3.8104
6.625 7.59 14.05 2.5563
0.85 6.01 15.37 0.8942
10.25 6.51 17.41 4.6102
5.35 8.25 15.95 1.0767
0.2 4.06 16.59 0.3933
0 5.59 17.41 2.0078
3.65 6.71 16.13 2.7452
13.65 6.87 10.94 3.2481
2.925 4.53 12.99 2.5446
0.025 1.67 13.21 1.1867
0 5.78 15.95 2.3076
0 4.57 18.61 1.1636
0.075 4.89 13.62 2.674
0.925 2.16 12.06 3.6186
1.825 2.71 12.38 2.2362
0 0.73 15.12 0.2748
9.925 3.39 14.14 2.0857
2.325 2.48 13.96 2.4512
0 2.13 15.87 2.3369
0 2.93 18.37 3.3897
0 5.59 23.64 1.2922
0 9.16 24.26 1.15
0 7.99 23.58 2.8117
0 5.12 25.25 2.1913
0 6.26 24.74 1.6256
0 7.41 22.57 0.3849
0 8.06 20.78 1.9077
0 6.98 21.85 1.6215
0.075 5.28 22.57 1.5241
0.5 6.11 19.3 2.1473
0.225 4.09 17.61 2.1738
0 3.71 20.27 2.2692
0 5.53 23.71 0.9417
0.4 6.76 23.87 2.4665
4.1 6.88 18.46 4.8059
2.525 4.96 14.16 2.5399
0.225 3.7 14.97 0.8311
4.075 3.06 14.22 1.9761
1.5 3.84 13.7 1.6865
13.875 3.33 13.06 2.8247
7.625 5.34 14.16 2.6182
0 3.78 17.35 0.8235
0 3.49 19.87 1.9918
0 6.26 21.47 1.1668
0 7.94 21.53 1.4361
0 7.6 18.61 2.029
14.5 7.94 14.52 4.6537
12.5 7.12 15.21 4.2311
3.3 4.88 15.83 1.1029
0 5.77 18.29 0.739
0 6.37 20.3 0.9107
0 8.02 21.85 1.6326
0 7.94 22.79 1.4677
0 7.48 24.97 1.2061
0.9 10.47 24.81 1.4061
23.875 7.98 17.49 2.333
11.25 6.07 11.77 3.4319
1.7 6.85 13.92 2.2233
0.075 6.85 18.93 1.2858
0 8.78 24.18 1.2691
0 10.76 27.67 1.3053
0 8.8 27.84 0.9248
1.7 9.06 22.14 3.8477
1.65 5.64 15.82 4.4144
0 5.21 17.83 3.5303
0 6.25 19.04 3.4341
0 7.07 23.28 2.1789
0 9.91 25.85 2.0048
0 9.19 29.27 1.1174
0 10.84 26.5 2.3552
0 9.05 23.6 3.9049
0 7.42 22.54 2.4836
0 6.52 24.95 0.985
0 8.2 23.92 2.7285
0.175 8.29 19.73 3.547
6.025 8.1 16.57 2.8401
2.025 4.47 18.39 3.4845
0 6.25 23.57 2.1315
0 8.52 26.29 1.1452
0 10.16 27.87 0.9098
0 10.52 28.78 0.7621
0 11.57 27.35 1.247
0 11.27 21.91 1.8552
0 13.07 23.31 1.3282
0 11.77 23.4 1.4797
0 10.32 23.88 3.4864
0 8.15 20.49 4.2227
0 5.76 17.8 3.5233
0 6.83 20.08 4.1811
0 7.35 21.23 2.229
7.2 8.15 20.36 1.5843
5.1 8.95 21.68 2.5299
7 9.85 19.22 2.1416
1.475 6.57 20.02 3.0334
0 10.17 24.94 2.0225
0 10.28 29.39 1.1279
0 14.45 29.23 2.5155
0 13.47 26.29 2.9936
0 12.83 29.27 2.3253
0 15.25 29.39 2.3109
0 16.64 30.15 2.3718
0 16.63 32.02 1.8848
0 17.18 32.97 2.7808
0 15.31 30.74 3.213
0 13.7 30.24 2.8941
0 13.51 27.63 3.5062
0 10.37 25.26 4.6764
0 13 27.51 5.0231
0 13.73 31.46 3.4868
0 14.5 34.45 1.0405
0 14.84 35.07 1.8923
0 13.94 31.44 2.7687
0 11.63 29.15 3.199
0 11.05 30 1.8669
0 11.66 28.76 2.54
0 9.58 26.29 3.029
0 9.02 26.99 2.7808
0 11.52 29.92 2.1235
0 12.93 32.52 1.3534
0 16.01 33.91 2.2163
0.9 15.12 31.73 2.2571
1.15 13.79 29.75 2.8697
0 15.28 32.32 2.6965
0 18.36 36.29 1.4523
0 19.95 38.83 1.8625
0 19.23 37.13 2.9289
0 16.06 33.95 2.9643
0 11.84 31.67 2.8678
0 13.5 30.82 3.0497
0 14.87 32.37 2.6088
0 14.87 34.8 1.1545
0 15.79 35.42 2.0098
0 14.85 32.72 2.6356
0 13.88 32.43 2.5331
0 14.82 33.84 2.7
0 15.43 34.83 2.4083
0 16.15 37.34 1.8722
0 17.12 36.17 2.1077
0 17.3 34.42 3.0319
0 15.55 32.75 2.9599
0 16.7 34.77 1.8557
0 20.04 37.54 1.7471
0 20.98 39.1 2.6951
0 20.49 38.95 2.6435
0 18.68 38.98 2.5367
0 16.98 37.46 2.1784
0 16.08 35.33 2.0218
0 15.46 33.4 2.1434
0 13.27 33.98 1.0889
0 15.24 35.04 2.3363
0 16.77 36.15 2.2565
0 17.63 35.63 2.7458
0 15.6 32.7 2.7259
0 14.49 30.74 1.9525
0 12.98 30.39 2.2803
0 13.53 32.81 2.2301
0 14.8 33.72 2.3595
0 14.25 33.6 2.2312
0 13.7 33.54 1.9371
0 14.5 34.3 2.2697
0 14.16 34.66 1.4715
0 15.22 34.45 1.9824
0 13.91 32.93 2.0531
0 13.87 33.16 2.0514
0 13.99 32.85 2.4498
0 15.31 31.47 2.6753
0 14.34 31.44 1.8391
0 14.75 31.82 1.7937
0 13.61 29.34 2.0705
0 12.71 30.8 1.2518
0 15.68 32.03 1.7119
0 14.64 31.59 2.5283
0 14.09 32.11 2.8837
0 14.98 34.94 1.4163
0 15.66 33.73 1.5014
0 14.34 32.59 1.5344
0 13.4 33.54 1.9944
0 14.96 34.27 2.2488
0 13.99 31.12 1.6913
0 11.98 31.53 1.9
0 13.24 33.05 2.2357
0 15.1 37.49 1.6528
0 17.32 41.02 0.4552
0 18.87 37.34 1.9244
0 15.18 33.58 2.2884
0 11.03 28.05 2.6071
0 11.15 25.4 2.3466
0 11.19 26.43 2.5566
0 11.88 29.36 1.6968
0 13.53 31.88 1.0712
0 16.18 36.08 0.264
0 16.45 37.53 1.2948
0 16.09 36.54 1.1107
0 15.63 33.48 2.2297
0 15.49 33.98 1.2359
0 14.72 33.05 1.9201
0 12.88 27.69 2.6132
0 9.59 23.39 1.9563
0 10.89 26.66 0.8676
0 11.99 30.2 0.52
0 13.39 33.22 1.0407
0 13.41 30.5 1.541
0 11.54 30.43 1.4136
0 11.75 30.69 1.3971
0 12.25 31.3 1.9462
0 13.45 30.33 1.5453
0 14.09 30.17 1.3016
0 13.31 27.96 1.194
0 12.71 28.34 1.5206
0 12.23 27.66 1.3834
0 10.18 25.72 2.6243
0 9.86 25.63 1.4218
0 11.42 30.01 0.8522
0 13.08 33.56 1.1071
0 16.41 35.04 1.071
0 14.86 36.96 1.2997
0 17.2 38.22 0.8001
0 17.6 38.74 0.5939
0 17.15 36.81 0.4557
0 16.6 34.05 0.6496
1.225 17.92 34.64 0.8457
3.425 16.49 33.64 1.2889
0.725 13.3 25.15 1.7171
0.725 13.17 20.29 1.3371
0.15 10.76 21.78 0.7114
1.875 11.68 22.4 1.7382
0 9.77 23.8 0.7738
0 10.59 26.31 2.0197
0 12.01 28.5 1.7998
0 14.38 29.98 1.9082
0 15 30.62 1.9857
0 14.59 32.89 1.2912
0 15.12 34.54 0.4898
0 14.5 33.92 0.3347
0.15 14.82 31.22 0.8903
2.025 13.61 27.69 0.9333
0.65 10.7 21.86 1.2395
0 10.81 22.51 1.5252
0 10.78 25.67 0.7687
0.125 11.26 24.13 1.739
2 10.87 22.21 1.4443
11.075 12.22 21.09 1.7681
17.475 13.5 18.61 4.6676
6.575 9.93 18.03 3.1892
0 6.85 18.95 1.7645
0 4.84 19.83 2.6424
0 6.45 22.81 3.4831
1.9 9.74 22.36 2.3169
3.2 11.35 22.75 1.7818
0.625 8.08 18.36 1.1105
0 7.73 22.05 1.8692
0 8.4 23.59 2.7687
0 9.88 25.43 2.4095
0 11.18 28.35 1.5617
0 11.91 28.68 1.2063
1.675 11.25 27.07 1.9309
10.625 9.74 19.88 3.0585
4.475 6.13 14.96 2.4723
1.375 3.24 16.5 0.4934
0.825 5.78 16.46 1.6457
0.05 4.49 16.31 2.3528
0 3.67 17.55 1.3735
0 5.36 17.62 2.95
0 5.7 19.42 1.8381
0 7.12 21.16 2.7706
0 7.28 21.08 1.41
0 6.91 21.54 1.6615
1.3 6.27 21.46 1.4969
14.125 6.38 18.27 1.9768
20.525 4.67 12.14 2.8452
10.925 4.09 11.48 4.4734
7.05 4.91 10.64 2.6524
10.25 4.91 11.54 3.5293
3.925 0.24 8.21 1.3854
0 -1.37 10.02 2.8434
0.975 -0.7 11.59 3.255
9.35 2.42 11.92 2.3608
3.55 2.71 10.78 2.2823
0 -1.07 11.49 2.3691
0 -0.48 11.2 3.0145
0 0.92 12.73 2.2428
0 2.21 13.75 2.6968
0.225 5.71 12.75 1.2954
3.375 7.89 16.29 2.6603
10.35 8.53 17.3 2.8458
3.75 7.14 18.12 3.5994
1.1 4.78 17.61 2.0921
2.95 6.36 16.12 2.2733
1.75 8.19 15.74 1.259
0.425 9.74 17.91 1.4491
0 9.87 17.34 0.4208
0 9.17 16.75 2.4016
2.625 8 16 1.3604
14.225 7.88 12.85 1.6879
5.15 4.59 13.3 1.3288
4.05 2.39 11.7 2.2343
23.275 4.43 12.49 3.6052
21.525 9.06 13.6 5.1399
10.975 9.94 14.55 5.6179
5.675 7.37 11.62 2.5614
5.125 5.14 10.47 2.9937
8.9 7.5 13.69 2.076
2.05 7.66 13.66 0.4328
2.325 4.74 13.98 3.1136
16.15 5.67 15.52 5.4943
5.575 4.47 15.58 1.9982
1.7 4.15 13.64 0.6931
31.275 4.11 12.79 2.1134
18.9 4.77 11.07 4.2165
1.925 -0.32 9.29 2.2563
1.275 -2.07 8.95 1.4579
12.75 1.13 10.11 4.5472
16.35 2.91 9.32 4.8742
2.525 2.65 10.09 2.3481
0.05 0.86 9.44 3.0472
0 0.68 10.86 3.6757
0.05 1.04 8.9 4.7139
0.025 1.12 7.52 2.9669
0 1.38 8.75 1.4503
0 -0.01 5.1 1.634
0.3 -1.8 6.72 2.8314
1.525 1.35 8.48 3.5043
0.55 4.48 14.51 2.4716
0.925 3.21 14.47 1.5214
0.325 5.86 12.18 1.2054
0 3.11 13.11 2.6543
0 6.37 12.26 1.0189
0 7.1 12.35 0.8879
0 6.03 12.27 2.562
0 3.3 10.9 1.7201
0 2.47 15.12 3.9497
0 2.5 17.19 3.5015
0 3.57 16.39 2.6507
0 3.77 18.49 4.0023
0 2.73 17.62 1.6245
0.075 3.84 14.38 1.9918
0 4.07 14.39 4.8398
0 3.43 15.23 3.5136
0.1 2.93 13.59 1.6743
6.675 2.84 13.14 0.5019
6.775 3.87 13.75 1.7503
1.625 2.54 12.51 1.2144
0 2.05 12.71 1.4809
0 0.8 14.52 3.0042
0 1.13 14.43 1.9544
0 2.1 15.5 2.3413
0 2.93 17.62 1.737
0 4.24 18.85 1.9907
0 5.51 20.24 0.8587
0 2.87 20.15 2.4804
0 0.93 14.97 3.2439
0 1.17 16.06 3.6066
0 1.98 17.22 3.8271
0 2.64 20.34 2.9799
0.025 2.71 21.69 1.0383
0.25 4.91 19.07 3.9368
8.55 9.13 16.95 4.6734
11.125 5.63 15.56 5.4343
24.85 4.23 10.38 4.6993
23.85 2.7 8.67 2.5223
7.675 1.9 10.82 2.6949
0.45 1.34 11.47 0.6559
0 2.21 12.05 1.0345
0 1.24 12.89 0.5681
0.6 0.82 14.51 0.795
6.4 1.61 12.32 2.107
12.575 3.51 10.97 4.9522
3.2 -1.25 9.39 1.0541
0 -1.87 10.55 0.3549
0 -0.44 13.46 2.2165
1.3 -0.02 15.53 1.8733
4.15 4.41 16.45 3.9817
1.8 8.66 18.39 1.2494
0 3.63 18.31 1.3871
2.575 5.63 18.08 0.7002
10.275 7.83 18.38 1.7415
4.275 7.78 14.32 4.1899
0.375 5.54 16.49 0.5473
0.075 5.53 18.39 1.4267
0.075 7.41 19.75 0.7596
0 5.89 17.8 1.4062
0.275 5.31 17.64 0.5261
3.325 7.22 18.51 1.3791
2.475 10.7 19.97 1.2987
4.775 10.06 21.35 1.5037
3.75 9.93 20.74 2.1346
2.45 4.09 16.97 0.88
10.425 3.42 15.61 3.6313
16.85 4.35 13 4.7047
32 5.99 10.86 5.0425
15.625 4.31 10.54 2.1958
2.5 3.17 13.59 1.584
8.9 4.55 13.87 5.2621
17.8 6.28 11.61 5.4031
10.8 4.13 11.52 3.6115
11.7 6.31 12.95 3.0831
2.45 5.59 13.57 1.3585
0 7.52 16.22 0.8398
0 5.78 19.07 1.6652
0 7.54 21.79 2.1639
0 9.68 23.95 2.4359
0 10.62 26.91 1.7823
0 11.37 26.59 1.2369
0 7.16 20.64 1.7993
0 6.33 22.75 1.6742
0 8.9 24.05 1.6486
1.15 8.37 23.26 2.1259
5.775 5.58 18.57 3.4416
2.1 2.47 12.2 1.6219
0 1.88 14.84 1.385
0 2.72 17.73 0.5357
0 5.22 18.16 1.7783
0.1 5.17 19.22 1.8133
0.25 4.79 17.44 2.5487
0.1 3.56 16.68 0.6657
0 4.99 20.49 0.7734
0 7.93 23.76 1.6984
0.35 9.19 24.71 2.2679
0.45 11.33 22.83 2.4307
0.2 12.53 21.23 1.4854
0.7 12.36 22.24 1.9379
0.725 11.86 20.98 1.9574
0.625 7.35 19.85 1.008
0.25 7.44 20.54 0.949
0.325 9.14 20.84 1.8592
0.175 8.67 20.99 2.0863
0 6.4 20.75 2.7759
0 5.87 22.01 1.2295
0 7.23 22.46 2.3519
0 7.37 21.2 4.706
0 5.41 21.12 3.505
0 6.16 24.7 1.6767
0 7.9 26.86 0.5287
0 9.38 27 1.2153
0 10.89 28.95 2.8901
0 12.23 31.72 0.9261
0 10.99 29.47 1.6092
0 8.79 25.93 1.9707
0.025 9.34 22.37 2.7624
1.025 5.87 18.08 3.1123
0.5 5.85 21.51 2.6231
0 7.12 25.11 1.8654
0 9.25 26.41 1.3945
0.375 9.55 26.83 1.0062
9.6 8.96 22.69 2.6496
9.05 6.86 17.04 2.4462
2.775 5.53 15.71 1.5869
10.1 7.76 16.11 3.3619
5.75 8.91 16.71 2.1481
0.25 6.95 21.7 2.9105
0 8.96 25.43 1.832
0 11.04 26.35 2.3477
0 9.45 25.07 3.3732
0 8 22.41 4.6142
0.325 7.58 22.86 2.5817
1.425 9.21 22.15 2.5446
0.6 7.48 21.53 2.1492
0.425 8.37 21.8 2.9999
2.6 7.64 21.65 3.9926
0.5 7.69 19.85 4.6715
0 7.53 21.31 2.645
0.55 7.97 22.86 2.3172
1.05 11.08 21 2.5406
0 7.17 19.6 1.5914
1.075 7.33 20.94 0.6007
19.05 9.02 19.75 3.5722
17.975 12.58 21.41 0.9339
12.275 11.91 21.93 3.091
0.075 9.72 22.91 2.2738
0 10.54 26.63 3.0264
0 12.08 29 1.8456
0 12.6 29.14 2.9044
0 11.61 25.97 3.2484
0 11.28 27.53 2.7871
0 12.69 29.73 2.7458
0 15.26 32.58 2.4318
0 16.67 33.92 2.264
0 15.67 32.44 2.7606
0 13.93 30.59 1.9033
0 13.53 31.03 2.7477
0 14.32 31.73 2.321
0 16.11 33.35 0.7327
0 18.3 36.71 0.8478
0 19.89 38.15 2.4669
0 16.21 35.8 2.4546
0 13.4 32.63 2.5
0 13.12 31.77 2.6822
0 13.66 31.83 2.579
1.425 14.63 33.22 2.6309
16.6 15.11 31.53 2.1603
7.3 13.03 24.7 2.3053
0.025 12.07 26.57 2.4478
0 13.22 30.62 1.7618
0 16.26 34 1.3015
0 16.97 37.12 1.075
0 18.11 38.46 1.5801
0 18.71 38.6 1.6922
0 19.6 38.55 2.4726
0 18.95 38.17 2.5838
0 17.83 37.07 1.9789
0 16.49 36.49 2.4725
0 13.78 34.82 2.2927
0.025 13.03 32.82 2.3659
0.025 12.25 30.83 2.4983
0 13.72 30.28 3.0707
0 11.88 28.02 2.7605
0 12.07 27.05 3.3605
0 12.27 27.71 3.0378
0 12.7 28.21 1.9777
0 13.58 29.81 1.1253
0 14.33 31.18 1.9801
0 15.3 32.09 1.7849
0 15.6 34.89 2.3212
0 15.77 35.04 2.7232
0 16.13 34.45 1.9376
0 16.02 34.47 1.7556
0 15.14 34.57 2.0978
0 13.86 33.93 2.0596
0 14.46 34.35 1.7264
0 14.71 35.64 1.7741
0 16.2 36.13 2.4916
0 15.4 35.71 2.9948
0 17.4 35.52 1.9915
0 17.59 34.2 1.3231
0 16.19 35.02 1.7593
0 15.93 35.04 2.0635
0 14.21 33.06 2.9639
0 13.84 32.68 2.4373
0 15.36 33.37 2.9683
0 15.35 32.02 2.4324
0 14.58 33.31 1.8813
0 14.35 34.2 1.9905
0 15.59 34.38 2.2166
0 14.94 33.99 2.6232
0 15.05 33.18 1.9989
0 16.84 34.42 1.341
0 16.85 35 2.1212
0 15.01 34.25 1.6425
0 14.25 34.26 1.5682
0 14.59 34.31 1.8996
0 15.05 34.87 1.9803
0 14.86 33.62 2.7129
0 13.22 32.4 1.9109
0 13.1 31.69 1.3603
0 13.95 31.95 1.2117
0 15.02 34.21 1.0661
0 17.06 35.85 1.8982
0 16.1 35.22 1.1706
0 17.23 36.03 0.7023
0 17.67 36.02 1.0409
0 17.11 36.73 1.3212
0 15.76 35.65 1.8822
0 14.86 34.48 1.7265
0 13.92 33.07 1.6753
0 14.79 33.09 0.7768
0 15.88 34.61 0.5251
0 16.18 35.44 0.8533
0 16.09 34.55 1.0105
0 13.84 32.83 1.8138
0 14.69 35.32 0.9968
0 15.8 36.11 1.1713
0.575 15.68 36.07 1.2159
0.35 15.91 35.92 1.491
0 18.11 36.51 0.7247
0.1 16.84 31.99 1.6127
0 15.14 30.1 1.6603
0 15.26 32.61 0.8502
0 16.74 33.18 1.5774
0 15.34 32.35 2.3552
0 13.5 30.16 1.6994
0 11.79 29.55 1.8202
0 13.47 30.74 0.7247
0 15.22 33.34 0.4748
0 16.71 35.72 1.1262
0 16.34 36.48 0.8263
0 16.47 36.62 0.6115
0 17.49 37.43 0.6678
0 16.47 36.5 1.5219
0.025 14.02 28.45 2.0875
0 12.32 25.52 2.1569
0 12.73 29.25 1.1214
0 15.02 33.44 0.6539
0 15.62 34.71 0.9322
0 15.12 31.2 1.1229
0 12.9 28.38 2.0855
0 12.6 26.74 1.6596
0.425 11.79 24.64 1.7896
12.6 11.41 22.98 2.0371
16.525 10.83 22.3 3.3583
4 9.05 17.51 0.7904
0.7 6.52 18.08 0.9569
0 7.71 21.5 1.0699
0.75 8.55 24.19 1.2121
1.025 11.43 23.6 1.4169
0.3 14.28 23.62 1.5629
0 12.44 25.91 1.0949
0 11.81 28.6 0.9035
0 13.79 30.1 0.6196
0 14.41 29.96 0.9151
0 13.97 28.21 1.0133
0 13.1 28.72 1.4462
0 13.59 29.5 1.1619
0 13.08 27.34 1.2162
0 12 25.48 0.9166
0 11.44 26.46 1.0669
0 12.2 27.73 2.0469
0 11.75 28.57 1.3683
0 11.52 28.66 1.4753
0 10.53 25.38 1.373
0 6.32 23.38 2.5209
0 6.98 21.86 2.8508
0 8.03 23.51 1.6534
0 7.93 24.18 1.0546
0 8.68 24.77 1.9784
0 9.25 26.12 0.6968
0 9.09 25.69 3.319
0.1 7.16 23.42 3.9591
1.875 6.06 23.29 2.9399
1.925 5.56 18.47 1.6269
3.35 2.25 13.45 0.3859
1.825 3.82 13.86 1.2596
0.1 3.37 13.9 0.754
0 2.56 14.86 1.9017
0 2.87 17.24 2.9457
0.2 3.01 19.51 3.2295
2.775 7 19.95 3.9731
0.7 8.46 19 0.8196
0 7.87 18.26 0.4224
0 8.89 18.29 1.1
0 6.21 18.64 0.8618
0 5.58 19.4 0.949
0.1 6.23 20.15 0.8518
0.25 6.2 19.75 2.7648
2.475 3.77 14.1 1.9604
2.6 3.47 13.53 4.0486
0.025 2.92 13.84 1.8932
0 2.73 15.25 2.7458
0 3.22 15.48 4.0187
0.375 5.4 15.73 1.8563
0.05 4.63 15.36 0.5987
0 4.16 17.55 2.6321
0 3.93 17.1 2.2372
0.025 4.88 21.74 0.9998
0.025 4.45 14.32 1.4923
0 4.54 17.38 3.973
0 3.42 18.69 7.3866
0 2.32 16.89 3.2908
0 1.09 16.32 4.0156
0 0 15.43 2.4891
0 -0.9 14.27 3.4127
0 -0.4 14.81 2.8839
0 -0.49 14.91 2.9314
0 -0.2 15.25 2.7569
0 -0.34 15.16 3.9114
0 -0.26 16.39 2.8526
0 0.57 15.37 0.5065
0 2.16 12.92 1.3839
0 1.42 13.8 1.3088
0.125 -0.18 14.21 0.9426
1.475 1.26 12.76 0.8036
0.275 0.07 11.82 4.7479
0 -0.33 12.64 4.1197
0 0.15 13.28 2.2685
0 1.57 15.2 3.8738
0 -0.42 12.47 3.8628
0 -1.24 13.01 3.1073
0 -2.93 14.48 4.4489
0 -2.02 13.18 3.816
0 -2.39 13.02 4.6156
0 -1.87 15.23 3.3025
0 -1.56 15.91 1.148
0 -0.77 14.58 1.1292
0 0.59 15.73 1.2086
0 3.68 15.58 0.8088
0 3.85 16.48 1.0338
0 2.53 14.43 2.2714
