0 5.89 8.13 1.5266
2.175 6.99 8.71 0.8473
0 0.58 10.3 2.0577
0 -2.27 11.02 2.8641
0.8 3.82 8.13 1.6579
0 1.66 9.78 0.3144
0 0.42 9.29 1.4092
0 1.91 11.37 1.2674
0 1.86 13.63 3.6824
0 0.49 14.83 3.5287
0 0.01 15.85 2.4759
0 0.97 17.63 4.9723
0 1.33 19.91 4.1827
0 1.32 19.28 3.7434
0 1.15 19.93 3.7359
0 3.17 19.73 4.8042
0 2.25 19.84 3.8621
0 2.62 20.3 4.316
0 0.87 20.94 4.6029
0 1.8 20.3 3.1879
1.325 5.69 14.27 2.5722
7.85 10.33 14.32 2.0676
14.225 11.44 13.79 1.6915
1.575 10.53 16.97 1.6524
7.05 6.05 14.2 3.0682
0 4.37 12.61 1.4117
0 1.64 13.15 0.9605
0 1.05 14.35 1.5726
0 1.78 16.05 3.6287
0 2.15 18.18 4.0729
0 2.26 19.23 2.3963
0 2.89 18.08 2.4387
0 2.97 19.83 4.0018
0 2.81 20.39 3.7349
0 2.93 19.83 2.9107
5.825 9.86 15.92 3.1793
3.075 8.85 15.25 3.2933
0.075 7.37 16.61 2.3378
1.525 4.66 16.37 1.2165
0 4.48 12.6 2.8861
1.1 0.5 13.17 0.3132
3.875 6.44 13.61 2.207
0.9 5.47 13.18 1.3064
11.325 5.97 11.04 2.8167
0.125 6.42 13.7 3.634
3.65 8.83 12.29 6.742
10.475 8.74 13.15 5.3842
5.125 8.18 12.12 4.4517
0.025 3.37 15.46 1.8048
0 4.11 18.15 3.4625
0 5.02 18.24 2.6687
0.5 4.56 15.9 3.4716
1.875 12.09 15.88 4.3948
11.025 10.14 18.79 3.2065
0.025 8.29 18.72 1.3776
0 9.93 18.71 1.6235
0.7 9.42 19.36 1.9103
0 6.04 17.15 0.6601
0 6.71 17.65 3.3542
2.375 12 16.46 3.1902
2.8 11.25 19.26 4.2769
2.75 9.83 16.11 4.9391
3.675 5.79 14.44 2.3953
0 3.36 15.58 1.2139
0.025 4.59 15.31 1.8736
0 3.74 16.59 0.3588
0 3.38 18.82 1.5514
0 4.93 13.34 2.9159
0 1.51 14.94 0.9042
0 1.64 17.72 0.4678
0 5.77 19.94 1.5428
0 4.94 21.51 1.4863
0 6.51 16.72 1.5364
0 7.98 20.48 2.0355
0 8.37 21.62 2.3528
0 9.78 21.51 1.2165
0 9.74 22.61 1.7769
0 10.59 26.12 1.8431
0 10.5 24.46 1.5027
3.275 8.91 19.05 1.4724
1.35 7.18 15.22 3.6509
0 4.79 15.94 2.6472
0 3 20.85 1.9513
0 5.68 23.08 1.4904
0 10.39 25.28 2.4063
0 11.52 25.37 1.665
0 10.02 27.08 1.5154
0 10.84 20.36 3.8891
0 7.77 20.84 2.2531
0 5.6 23.62 1.0137
0 11.85 25.84 3.4259
0 8.91 22.53 2.8441
0 8.13 20.3 5.1094
0 6.56 20.32 1.812
0 5.11 25.85 2.1611
0.025 7.81 28.64 1.6139
7.3 10.34 19.92 1.2793
0.5 9.99 18.68 2.4708
4.05 10.32 15.48 1.7439
1.725 9.88 18.45 2.416
0 6.05 20.86 3.7841
0 8.64 24.66 1.9915
0 10.78 23.56 2.8571
0 8.72 16.96 5.4546
0 7.1 18.54 5.3571
0 5.78 22.42 2.9227
0 7.63 26.39 1.6664
0 10.98 29.09 2.0197
0 11.92 33.55 2.0181
0 14.67 35.68 1.5045
0 15.33 36.23 1.4525
0 15.71 36.76 1.5328
0 13.21 26.97 1.8543
0 8.91 22.01 2.9662
0 5.6 23.65 3.3251
0 5.71 23.01 2.3744
0 7.8 22.38 2.2717
0 5.13 18.75 2.8632
0 6.05 21.89 2.0933
0 7.62 24.2 2.1093
11.875 14.22 22.15 1.6504
0.675 13.75 20.85 2.4652
0.075 14.78 23.05 3.1813
0 14.19 26.41 1.7366
0.075 17.1 28.1 3.1633
0 14.3 29.57 1.5513
0 13.27 28.9 3.3876
0 14.27 30.19 2.5801
0 12.9 31.85 2.5443
0 14.02 32.96 2.1502
0 14.88 31.86 3.3278
0 12.51 28.44 3.5096
0 12.86 29.93 3.4367
0 14.94 30.19 3.3227
0 15.39 33.52 2.8353
0 15.69 37.99 1.2995
0 19.58 41.23 0.1976
0 20.97 38.15 1.8775
0 17.72 32.52 2.0726
0 14.29 30.21 1.5256
0 13.84 33.46 1.362
0 13.68 33.08 2.3555
0 12.63 29.23 2.9077
0 11.05 26.45 2.792
0 10.88 30.76 2.6216
0 14.86 34.63 2.1685
0 18.37 36.88 1.3818
0 18.85 36.41 2.3407
0 16.64 33.01 2.3188
0 13.76 30.45 2.5603
0 13.76 30.85 2.4159
0 13.75 28.64 2.6108
0.025 15.88 28.55 2.4008
0 16.44 29.28 0.8011
0.05 14.04 26.91 2.2268
1.325 14.22 22.64 2.5635
0 13.09 26.4 1.6158
0 13.1 29.19 2.5335
0 13.65 29.65 2.6186
0 13.1 27.08 3.2763
0 14.52 26.34 2.8985
0 13.88 27.53 3.4397
0 14.19 27.09 2.7141
0.6 16 27.62 3.1844
0 14.31 27.64 2.216
0 14.29 26.54 2.4415
0 14.42 30.85 2.9937
0 14.88 30.41 3.3045
0 16.27 36.3 2.6245
0 17.95 34.74 3.2467
0 12.97 29.88 3.4502
0 11.25 27.98 3.5666
0 14.09 32.95 2.0591
0 15.63 36.32 1.0623
0 17.85 38.06 1.7483
0 16.01 35.3 2.5768
0 15.39 34.17 1.982
0 18.38 40.25 1.2417
0 22.17 43.4 1.1051
0 22.54 42.32 2.4602
0 18.86 38.07 2.4532
0 18.29 36.47 2.1676
0 16.65 37.04 1.9138
0 16.45 37.03 2.5203
0 16.63 34.27 2.3225
0 16.05 32.52 2.4887
0 13.2 31.95 2.4189
0 13.84 33.07 2.4958
0 14.86 32.5 2.7985
0 15.78 32.06 2.8556
0 14.02 32.7 2.2597
0 18.75 32.17 1.8916
0 19.39 33.7 2.3325
0 17.21 35.64 1.998
0 17.93 38.7 0.9225
0 18.77 39.47 1.5685
0 20.52 39.22 1.5697
0 20.52 39.88 1.5926
0 22.26 40.39 1.914
0 22.56 41.3 1.4486
0 20.97 38.81 2.4091
0 18.56 36.05 2.5491
0 17.82 34.35 2.6318
0 16.71 34.9 2.2064
0 14.49 32.13 2.1029
0 13.95 33.79 2.1421
0 17.57 37.58 1.9637
0 19.99 38.69 2.1883
0 18.94 35.47 2.5914
0 16.64 33.36 3.0203
0 15.61 32.32 2.8609
0 16.12 33.25 3.1758
0 17.61 34.45 2.8041
0 15.03 32.15 2.5855
0 15.05 30.66 2.0612
0 15.05 32.23 1.7182
0 16.16 31.68 1.9739
0 14.68 26.64 2.5191
0 14.39 28.82 1.9445
0 15.52 33.15 2.0059
0 17.27 36.02 1.4159
0 19.03 38.13 1.3947
0 20.02 36.02 2.7897
0 18 37.11 2.8999
0 19.55 34.84 3.3016
0 17.51 31.12 3.2092
0 13.67 33.14 1.9537
0 15.27 35.46 1.1046
0 16.28 35.38 1.3281
0 16.64 35.46 0.9551
0 17.83 35 1.4236
0 15.07 32.14 2.4423
0 15.98 36.57 1.9949
0 19.48 36.44 2.1314
0 18.65 33.83 2.2137
0 13.46 31.77 1.5291
0 14.41 34 1.4618
0 16.43 34.55 0.3841
0 17.17 36.49 1.7771
0 16.89 38.14 2.1141
0 19.47 39.81 1.8789
0 18.84 38.44 2.2171
0 17.25 32.27 1.1508
0 16.71 35.57 0.5995
0 21.12 36.57 0.9653
0 21.13 38.71 2.1294
0 17.06 35.06 2.7185
0 13.65 30.5 2.1289
0 15.59 28.73 2.3527
0 14.86 30.48 2.4629
0 14.03 32.25 1.037
0 15.58 33.8 1.1996
0 17.25 36.02 0.6825
0 17.47 37.6 1.3523
0.55 17.49 31.35 2.3296
0 14.95 26.17 1.797
4.15 15.53 26.05 2.2986
0 14.41 29.48 2.0207
0 16.08 31.58 2.2669
0 15.61 33.25 1.4396
0 16.35 36.87 0.7181
0 18.44 34.74 1.6387
0 17.17 33.25 1.1436
0 17.38 35.57 1.4415
0 17.46 37.14 1.7175
0 16.09 37.05 1.2282
0 15.97 36.05 0.8476
0 15.4 35.54 0.8474
0 15.52 37.2 1.0664
0 16.53 37.24 0.3613
0 18.29 32.27 1.6263
0 13.83 22.77 2.6467
0 9.44 24.27 2.6398
0 11.05 26.68 2.1828
0 8.66 28.45 1.0483
0 10.57 24.51 3.3833
0 7.11 19.92 3.3319
0 7.72 21.53 0.4762
0 6.9 23.84 1.8883
0 8.58 27.26 0.9593
0 10.04 24.49 1.4371
0 9.41 25 0.6583
0 9.97 25.59 0.4318
0 10.05 22.72 1.5842
0.175 9.5 20.46 1.9903
36.05 13.75 17.8 7.0032
0.3 16.06 25 4.0062
0 17.75 27.22 1.2852
0 16.07 26.68 2.4832
0 14.03 26.7 1.5076
0 15.81 26.13 1.6527
0.05 10.98 18.82 1.7676
0 11.17 21.01 1.3559
0 9.58 23.26 1.2571
0 11.26 23.8 1.2123
0 11.26 25.57 1.5756
0 11.35 26.12 1.704
0 12.15 25.47 1.487
0 10.41 27.27 1.3044
0 11.73 18.89 4.979
0 8.02 17.69 4.8186
0 5.45 18.66 0.886
0 5.31 21.79 0.4027
0 6.34 22.79 0.9691
0 8.01 23.82 1.1816
0 8.1 25.49 1.2063
0 8.55 25.12 1.1514
0 8.64 25.12 1.816
0 9.04 21.67 2.5649
0 8.47 23.18 0.4458
0 10.14 19.82 2.0912
0 5.72 18.8 2.085
0 3.64 17.8 0.9953
0 7.8 17.79 1.0319
0 7.93 17.12 0.988
0 8.32 17.6 2.3446
0 4.37 16.59 1.6752
0 3.55 16.59 1.3235
0 0.87 17.71 2.2302
0 1.43 19.16 1.6789
0 1.99 19.55 0.7811
0 6.58 16.49 2.6327
0 0.41 15.51 1.9178
0.4 3.82 17.87 2.994
0 2.99 12.66 1.458
0 1.34 17.72 0.46
0 4.16 14.97 1.6379
0 1.79 17.81 3.0577
0 1.34 19.93 3.1757
0 2.52 20.09 2.008
3.125 5.73 14.87 1.3379
0.225 7.21 19.32 5.2603
0 0.99 15.95 4.3681
0 0.87 17.05 3.5278
0 0.88 17.15 1.1332
0 0.3 15.56 1.356
0 0.99 14.55 1.3502
0 0.76 15.57 1.6017
0 1.46 12.06 1.1429
0.025 -4.21 9.41 1.4274
11.075 -1.47 7.6 0.7311
0.125 -3.74 8.27 0.2603
0 -2.18 7.79 1.8456
1.05 1.89 9.42 3.3723
9.175 5.6 11.52 3.2726
7.325 9.89 13.22 3.9535
1.575 7.12 13.81 3.3345
0 5.23 15.1 0.5035
0 5.02 14.9 3.3744
1.125 8.18 14.9 2.8439
0 7.16 12.1 2.0857
0 6.72 10.91 2.4839
0 5.01 11.55 3.8183
0 4.59 13.32 2.7133
3.2 7.08 12.71 1.5719
0 5.46 12.13 3.776
0 1.93 10.6 1.8574
0 -1.06 12.11 3.6049
0 -0.52 14.37 3.853
0.475 1.78 9.98 3.9717
5.575 5.59 14.46 2.1571
1.375 6.03 8.35 2.6904
1.05 3.43 12.23 0.7405
0.3 7.75 14.75 1.2741
0 6.71 11.65 2.6302
0 6.15 14.38 2.1445
0.025 4.94 12.03 1.1406
0 7.76 9.91 3.7061
0 4.09 12.73 2.9108
0 5.03 9.72 2.9997
0 4.97 8.8 3.0133
0 2.74 7.68 2.2501
0.25 4.99 8.95 2.71
0 6.53 9.32 2.4731
0 5.53 8.14 2.2989
0.05 5.98 9.34 3.1685
1.675 6.32 17.13 4.8142
13.775 8.56 17.25 2.0192
0.025 5.42 15.32 0.9842
0.025 4.87 10.93 2.9995
0.05 7.55 12.77 2.9242
10.55 7.18 12.65 2.8472
14.2 9.38 14.9 5.1092
24.2 7.25 12.59 5.5474
15.95 8.22 13.27 6.3859
15.2 5.53 9.34 3.5571
2.125 3.03 10.65 3.099
1.4 2.9 12.7 1.0284
0 2.27 9.92 2.5074
2.35 6.67 11.11 4.6282
2.2 7.37 11.54 3.0071
0.025 5.59 13.9 0.9991
0 3.08 13.91 2.1961
0.5 5.53 16.03 3.0082
0.775 6.23 15.58 0.8893
0 3.84 12.36 1.3382
0 3.04 16.02 1.7073
0 6.79 12.42 2.1284
0.3 3.82 17.24 0.5981
2.875 7.86 14.43 3.1889
1.025 10.52 16.21 3.3373
7.75 9.34 12.24 1.573
0.325 6.87 13.26 2.5371
1.475 7.53 14.39 1.0666
9.95 7.37 11.53 0.872
0.025 3.45 14.94 0.8877
0 7.25 14.92 1.1123
0 5.79 18.43 1.5093
0 5.16 17.8 1.2357
0 3.95 18.81 1.4701
0 4.59 19.93 1.5544
0 6.9 20 1.8998
0 6.87 20.49 2.2086
0 7.27 19.01 0.7673
0 10.07 15.04 0.9346
0.025 6.89 15.14 1.9955
7.125 7.26 11.59 2.6343
0.125 5.71 14.38 1.6688
30.8 6.06 10.47 3.6669
3.375 9.39 15.55 2.4275
0 8.15 17.24 0.8807
4.675 8.85 18.22 4.4653
2.25 9.37 15.02 0.9912
0 4.58 18.16 0.5213
0 6.79 18.24 1.7584
3.3 7.73 14.99 2.7437
12.95 6.71 10.94 3.1392
0.65 5.6 14.36 2.3975
0 2.38 13.98 1.0127
0 8.29 17.12 2.1546
0 5.21 18.9 1.3956
0 5.63 14.38 2.7999
0 3.91 13.25 3.6592
2.525 4.46 12.7 2.4055
0 1.24 17.06 0.1592
8.25 5.13 13.9 1.917
0.025 3.36 13.89 2.5877
0 3.4 16.68 2.1137
0 4.11 19.92 3.0206
0 6.78 24.46 1.2763
0 11.51 23.98 1.384
0 9.23 23.34 2.7437
0 5.79 25.02 2.1025
0 7.38 24.09 1.3467
0 8.19 21.78 0.4979
0 9.46 20.02 2.2156
0 8.88 22.7 1.4254
0 6.42 24.18 1.1224
0 6.8 18.63 2.0107
0 5.12 18.81 2.2858
0 4.55 21.52 1.8752
0 6.9 25.77 0.7543
0 8.09 24.38 2.2754
0.675 8.26 17.01 4.4558
0.55 6.07 15.42 2.3706
0 5.52 16.44 0.98
1.875 4.48 14.36 1.8076
0.025 4.67 14.39 1.6676
8.95 4.04 13.34 2.799
5.125 6.58 15.39 2.3863
0 4.18 18.15 1.0444
0 4.67 21.6 1.7882
0 7.47 22.16 1.6537
0 9.31 22.04 1.398
0.025 8.51 17.74 2.0537
13.85 8.19 14.44 4.9506
3.925 7.73 16 4.004
0.025 5.59 18.26 1.1192
0 7.08 19.45 0.8148
0 7.25 22.05 1.0349
0 9.86 22.7 1.2876
0 9.38 23.82 1.6003
0 8.41 26.42 1.2
0.05 11.95 25.46 1.3327
21.375 7.83 15.51 2.1946
6.275 7.18 11.03 3.6288
0.25 7.62 16.39 2.4451
0 6.4 22.61 1.4333
0 9.49 24.92 1.595
0 11.57 28.23 1.4476
0 8.84 28.72 1.1072
0 9.88 20.47 3.5263
1.05 6.76 15.87 4.1287
0 5.98 18.63 3.5259
0 8.33 21.5 3.6113
0 9.35 25.39 2.4579
0 12.28 27.59 2.2312
0 9.66 31.41 1.2801
0 12.21 26.57 2.5527
0 10.43 23.62 4.1505
0 9.33 23.61 2.7004
0 7.89 27.07 1.3154
0 9.86 24.29 2.7591
0.175 9.31 19.13 3.5121
3.225 7.84 16.66 2.5862
0 5.73 21.4 3.3646
0 8.39 26.39 2.2645
0 10.21 28.06 1.3239
0 11.61 29.28 1.1981
0 11.58 29.83 0.9712
0 12.82 27.18 1.2775
0 11.53 19.35 1.7921
0 13.74 24.21 1.06
0 12.14 24.29 1.4448
0 10.14 24.63 3.6345
0 9.96 20.25 4.276
0 6.77 19.12 3.5624
0 8.3 22.44 4.2697
0 7.97 21.97 2.2029
7.2 9.91 21.04 1.6145
5.15 10.67 22.7 2.2662
6.65 10.02 19.36 2.0458
0 7.78 21.31 2.8927
0 12.79 27.97 2.3089
0 12.62 31.49 1.5135
0 16.2 29.66 2.6001
0 14.38 25.95 3.0159
0 13.35 31.39 2.3568
0 17.01 30.3 2.2596
0 18 31.41 2.2044
0 17.73 33.62 1.9559
0 18.24 33.81 2.8558
0 16.04 30.39 3.3465
0 14.31 30.96 3.1444
0 13.93 27.01 3.4452
0 12.21 25.37 4.7761
0 15.49 30.19 5.078
0 16.05 33.07 3.3522
0 16.24 36.39 1.1419
0 16.01 37.12 1.9821
0 14.47 30.45 2.7778
0 12.74 29.19 3.281
0 12.81 31.97 2.2801
0 13.25 28.35 2.6661
0 10.49 25.96 2.9549
0 9.96 28.07 2.9271
0 12.92 31.5 2.364
0 14.11 34.29 1.6039
0 18.13 35.21 2.4306
0 15.73 31.45 2.3275
0.7 13.86 29.39 2.9555
0 15.53 33.72 2.852
0 19.48 38.04 1.7227
0 20.8 39.72 1.9834
0 20.48 36.33 2.8069
0 16.79 33.66 3.0041
0 12.36 31.5 3.0221
0 14.87 30.85 3.208
0 16.55 33.62 2.8539
0 16.57 36.37 1.2422
0 17.25 35.92 2.0732
0 15.03 31.53 2.7496
0 13.38 32.61 2.594
0 14.43 33.8 2.8606
0 14.95 34.82 2.5343
0 16.37 38.06 1.8844
0 17.05 35.85 1.9682
0 17.16 33.74 2.8915
0 15.05 32.07 2.7772
0 16.98 35.75 1.9831
0 21.47 38.61 2.0206
0 22.57 39.27 2.7244
0 21.01 38.61 2.5952
0 19.02 39.17 2.5551
0 17.69 36.97 2.347
0 16.24 34.3 2.0778
0 15.5 32.16 1.9331
0 12.91 34.19 1.1543
0 15.92 35.36 2.3332
0 17.19 36.48 2.3045
0 17.78 34.36 2.7595
0 14.95 30.94 2.6257
0 13.83 30.39 1.8736
0 12.79 30.38 2.1295
0 13.36 33.15 2.2273
0 15.08 33.7 2.3105
0 14.83 33.62 2.166
0 14.29 33.71 1.8868
0 15.02 34.81 2.1695
0 15.3 34.84 1.4846
0 16.51 34.27 2.0171
0 13.91 32.04 2.0722
0 14.26 33.16 2.0042
0 14.38 32.79 2.3685
0 15.98 30.93 2.4852
0 14.38 31.59 1.6743
0 15.5 32.13 1.6908
0 13.82 28.28 1.9412
0 13.27 31.5 1.4463
0 17.49 32.69 1.8872
0 14.46 31.04 2.592
0 13.91 31.95 2.8676
0 15.37 35.84 1.6193
0 16.05 32.8 1.5006
0 14.36 31.12 1.4726
0 14.18 33.68 2.0463
0 16.05 34.27 2.2436
0 14.36 28.88 1.5932
0 12.71 29.92 2.0844
0 14.44 34.25 2.1365
0 16.4 38.7 1.4225
0 18.61 41.37 0.4374
0 19.31 35.99 1.7086
0 15.67 32.16 2.2933
0 11.39 26.04 2.5303
0 12.62 26.84 2.448
0 12.28 27.54 2.6316
0 13.2 30.92 1.9063
0 15.12 32.79 1.2362
0 16.95 37 0.1839
0 17.44 36.64 1.318
0 16.96 34.98 1.0927
0 16.83 33.09 2.4106
0 18.67 33.35 1.1595
0 15.86 32.69 1.6853
0 14.55 24.2 2.5098
0 11.29 25.13 1.9896
0 13.32 28 1.0517
0 13.66 31.15 0.5158
0 14.22 32.96 1.0542
0 14.05 28.56 1.4347
0 10.72 29.33 1.4023
0 11.82 30.68 1.6534
0 13.13 31.1 2.1545
0 15.07 29.82 1.5974
0 15.26 29.36 1.2063
0 13.7 26.6 1.1072
0 13.95 27.75 1.7645
0 13.15 26.99 1.6738
0 11.42 25.06 2.5711
0 10.55 27.42 1.679
0 12.8 30.11 1.0626
0 14.1 33.92 1.2902
0 15.47 34.84 1.4797
0 15.33 36.25 1.4162
0 18.57 37.33 0.9781
0 19.04 36.96 0.6828
0 17.77 35.73 0.6178
0 17.54 32.14 0.8188
0 18.63 33.7 0.6185
1.4 16.94 34.04 1.0694
0.225 13.44 23.05 1.9438
0.225 14.17 20.42 1.4792
0.05 11.22 23.99 0.7233
0 13.3 23.45 1.4237
0 11.11 25.55 0.8345
0 11.58 27.04 2.1271
0 13.58 29.74 1.921
0 15.95 29.76 2.1052
0 16.47 31.34 1.7641
0 14.92 32.71 1.1118
0 15.2 34.95 0.4223
0 15.42 33.11 0.2131
0.15 16.86 29.33 0.7803
2.625 13.75 28.37 0.9786
0.075 10.82 22.17 1.3999
0 11.55 24.13 1.5455
0 12.46 27.52 0.7157
0 10.9 22.21 1.6434
0.225 11.24 21.58 1.3795
7.875 12.8 20.19 1.8084
5.225 13.72 19.11 4.4441
0.475 11.58 18.91 3.0227
0 9.42 19.33 1.9797
0 5.78 19.84 2.382
0 8.85 25.09 3.491
0.625 10.39 19.29 2.4507
2.075 11.68 20 1.7655
0 8.76 21.9 1.1662
0 8.66 22.61 1.8988
0 9.27 24.32 2.5733
0 10.12 26.36 2.117
0 11.29 26.55 1.3991
0 12.91 27.9 1.2124
0 11.52 23.89 1.7633
2.975 9.77 16.2 2.8904
0.625 7.61 16.34 2.49
0.05 4.87 18.08 0.3761
0.05 8.34 17.19 1.7119
0 7.39 17.23 2.3415
0 4.19 18.45 1.3322
0 6.22 17.39 2.89
0 6.21 21.02 1.9954
0 7.51 22.59 2.8429
0 7.46 20.7 1.5533
0 6.17 21.77 1.3284
0 6.41 21.58 1.1818
3.275 7.49 15.03 1.6471
16.375 6 12.93 2.61
3.075 5.52 13.15 4.0853
0.6 6.4 13.54 2.2602
2.175 4.98 11.61 3.1078
0.45 1.62 9.89 1.5508
0 -1.16 10.4 2.4326
0.1 -0.65 12.37 3.0933
5.4 4.34 9 2.0641
0.675 3 11.47 2.2635
0 0.76 11.27 2.2518
0 0.66 11.44 2.9099
0 1.31 12.74 2.1227
0 2.45 11.45 2.6722
0.025 5.56 12.06 1.1392
3.7 7.8 16.16 2.9421
6.875 8.47 16.52 3.1625
0.725 6.76 16.75 3.6478
0.05 5.04 16.8 1.9182
2.475 7.4 14.18 2.3072
0.7 9.49 17.37 1.3348
0 9.95 18.45 1.3885
0 12.49 15.39 0.4175
0 12.17 14.67 2.4468
0 11.08 13.49 1.359
8.475 10.67 12.09 1.5041
0.75 3.6 12.68 1.2554
1.9 2.11 9.26 1.9562
9.55 6.51 12.1 3.6377
6.45 10.37 13.93 5.1128
9.85 11.17 15.69 5.4324
6.625 7.69 12.09 2.5263
1.45 5.37 12.95 3.1896
10.2 9.38 14.51 1.8832
0.325 7.26 15.34 0.4
0.125 4.91 11.29 3.1135
12.35 7.24 12.56 5.4895
0.4 4.82 15.52 1.8559
0 5 13.08 0.5227
14.275 5.07 10.66 1.8514
7.15 4.11 12.86 4.0991
0.05 0.95 10.4 2.3066
0.075 -1.19 9.48 1.3004
11.6 5.53 10.63 4.636
18.5 6.71 8.71 4.8542
0.625 1.49 10.5 2.1776
0.025 0.62 7.87 2.9079
0 0.37 7.5 3.5071
0.025 2.86 5.29 4.3342
0 2.96 4.81 2.4282
0 3.27 5.04 1.1923
0 -0.08 4.43 1.921
0.95 -1.78 7.64 2.5583
2.1 2.62 8.47 3.529
0.05 4.23 13.35 2.624
0.95 2.86 12.8 1.3242
0.05 5.84 12.29 1.2017
0.025 3.69 12.19 2.6119
0 8.42 11.1 1.3008
0 8.97 10.97 1.1734
0 7.13 15.03 2.6793
0 4.09 11.27 2.0188
0 2.18 15.41 3.7339
0 2.17 15.96 3.237
0 3.81 14.35 2.4037
0 3.31 15.38 3.9215
0 2.97 16.64 1.3702
0.025 4.65 10.8 1.8138
0 4.37 10.47 4.6451
0 4.5 9.23 3.4644
0.025 3.53 7.88 1.5184
2.325 4.05 8.43 0.4939
3.65 6.2 12.59 1.7497
0.25 4.12 13.83 1.1331
0 2.63 13.04 1.2883
0 2.22 15.4 3.0168
0 1.8 15.49 1.8519
0 2.39 16.39 2.1042
0 3.27 18.3 1.8132
0 5.3 19.86 2.0762
0 5.45 20.78 1.0591
0 6.46 20.74 2.6838
0 2.52 15.35 3.0153
0 1.48 16.94 3.4825
0 2.34 18.08 3.7391
0 3.46 20.83 3.033
0 3.21 21.02 0.9005
0.4 7.54 17.15 4.0124
0.575 8.78 17.52 4.6034
6.425 4.78 16.49 5.1092
16.925 5 11.11 4.588
14.8 4.2 8.55 2.3768
4.475 2.72 11.08 2.2289
0.375 2.78 12.79 0.6731
0 3.69 12.15 0.874
0.6 2.5 14.56 0.6769
0 2.02 14.48 0.984
2.4 3.42 11.65 1.9366
11.475 4.5 11.9 4.6984
0.45 -0.01 9.63 1.2006
0 -0.66 12.4 0.354
0 0.28 14.96 2.1251
0.475 2.19 15.67 1.9052
0.725 8.49 17.88 4.0683
0.625 8.48 19.25 1.1297
0 5.45 19.55 1.2826
0.325 9.12 20.48 0.8342
3.5 11.08 17.04 1.7692
0.175 9.12 16.43 4.2119
0.125 9.23 18.46 0.5168
0 7.65 18.91 1.3444
0 8.06 19.91 0.6338
0 6.55 17.27 1.62
0.05 6.16 18.7 0.5199
1.3 9.14 19.66 1.4441
0.375 12.79 21.84 1.3138
0.6 10.96 22.45 1.4991
1.25 10.79 22.68 1.8827
0.125 5.04 17.85 0.7836
8.425 5.99 15.78 3.5895
10.45 6.02 11.56 4.6116
14.95 7.68 12.02 4.671
11.425 5.62 12.22 2.0963
1.075 3.32 15.27 1.756
4 7.24 15.19 5.2993
18.875 7.71 13.84 5.2452
2.075 5.29 14.67 3.3121
12.225 8.36 12.64 3.0364
0.4 5.06 17.01 1.2456
0 8.82 16.68 1.0658
0 6.4 19.62 2.0344
0 9.84 22.98 2.3905
0 11.46 25.71 2.414
0 12.19 28.25 1.6888
0 14.27 27.98 1.5021
0 9.56 19.58 1.9683
0 7.42 23.83 1.5194
0 9.91 25.14 1.8982
0.025 10.24 22.86 2.5385
4.275 6.35 16.48 3.4892
0.325 3.04 13.58 1.6889
0 3.39 17.85 1.4876
0 4.62 19.92 0.6476
0 7.72 19.68 1.9543
0 6.24 20 2.1599
0 5.66 16.94 2.5105
0 5.88 18.77 0.8157
0 7.64 23.18 0.8063
0 10.8 24.75 2.0146
0 13.03 25.88 2.4211
0 13.09 22.67 2.3467
0 13.79 22.03 1.5262
0 13.79 23.04 1.9709
0 12.14 20.82 1.9554
0.075 8.86 19.76 1.205
0.05 8.78 21.83 0.9243
0 11.16 21.33 1.6879
0.05 10.32 22.23 1.9833
0 8.12 21.29 3.0684
0 7.82 23.6 1.5728
0 9.47 22.67 2.5065
0 7.7 20.87 4.9387
0 8.68 23.29 3.5972
0 9.31 26.27 1.6373
0 10.78 28.79 0.6515
0 11.88 26.85 1.4901
0 14.68 30.54 2.8368
0 14.59 33.82 1.0873
0 12.84 29.82 1.8189
0 9.69 25.12 2.0727
0 10.39 20.37 2.7699
0 7.02 20.69 3.2367
0 8.79 24.85 2.7708
0 9.59 25.78 2.0075
0 9.82 26.3 1.6224
0 10.73 27.46 1.3887
2.85 9.41 19.22 2.515
8.575 7.97 15.3 2.2835
1.3 7.72 17 1.7716
0.875 9.56 16.37 3.2457
2.3 9.66 18.88 2.2262
0 8.92 25.47 2.9343
0 11.32 27.41 2.0223
0 12.37 26.46 2.5555
0 10.81 24.56 3.5748
0 9.55 22.74 4.7362
0 8.42 24.08 2.7472
0 11.07 22.3 2.4093
0 9.11 21.34 2.1608
0 10.93 22.28 2.8906
4.475 9.75 21.29 3.9758
0.075 8.36 21.63 4.7483
0 9.49 23.56 2.568
0 10.13 23.6 2.1635
1.35 11.58 19.46 2.4298
0.05 8.14 20.97 1.6156
0.25 8.79 21.62 0.5554
16.175 11.97 18.67 3.8867
16.6 13.66 22.15 0.9454
14.35 12.84 22.04 2.8312
0 11.26 24.36 2.4887
0 12.25 29.13 3.1005
0 12.19 29.69 2.0571
0 12.74 28.86 3.1667
0 12.01 25.29 3.3763
0 12.66 28.61 2.83
0 14.22 31.33 2.8143
0 16.39 33.78 2.7659
0 18.11 34.59 2.5176
0 16.66 31.91 2.9861
0 15.1 31.54 2.2314
0 13.39 31.64 2.6707
0 15.91 32.17 2.4284
0 17.58 35.06 0.8802
0 20.17 37.79 0.9838
0 21.18 38.32 2.4317
0 17.27 34.74 2.4217
0 14.12 31.81 2.5388
0 13.92 31.78 2.7623
0 14.65 31.97 2.7384
0 15.7 33.36 2.8424
8.675 16.38 31.98 2.002
2.375 13.9 23.2 2.2653
0 13.18 28.65 2.5728
0 14.92 31.61 2.1943
0 16.76 35.46 1.634
0 18.15 36.65 1.3741
0 20.27 38.51 1.6662
0 19.86 39.47 1.6552
0 21.76 39.76 2.3976
0 19.7 39.1 2.3934
0 18.18 38.08 1.9312
0 16.81 37.94 2.5163
0 12.7 34.72 2.4152
0 13.08 32.22 2.3954
0 11.97 31.53 2.5072
0 14.24 30.68 3.0335
0 11.92 29.33 2.7976
0 11.92 27.77 3.377
0 12.78 29.7 2.9225
0 13.46 29.35 1.9757
0 13.56 30.43 1.1136
0 14.53 31.58 2.0852
0 15.9 32.38 2.0531
0 16.94 35.71 2.3398
0 16.23 35.62 2.6718
0 16.71 35.21 1.9568
0 15.52 34.54 1.6139
0 13.81 33.97 2.1105
0 14.17 33.8 2.2508
0 15.05 34.64 1.7751
0 14.67 35.95 1.9235
0 16.93 35.89 2.5344
0 15.43 34.9 2.8598
0 15.59 34.8 1.8946
0 15.1 33.24 1.1997
0 15.64 33.61 1.7159
0 16.14 33.9 2.0686
0 14.22 31.05 2.8836
0 13.77 32.34 2.4839
0 16.27 33.16 2.8575
0 15.9 32.17 2.3994
0 14.65 32.9 1.9402
0 14.17 33.97 2.0311
0 16.73 34.74 2.2371
0 15.38 33 2.5852
0 15.11 32.09 2.1713
0 17.67 34.88 1.3617
0 17.59 34.28 2.211
0 16.16 33.43 1.826
0 15.3 33.7 1.8641
0 15.37 34.14 2.0183
0 15.8 34.18 2.2352
0 15.53 32.46 2.7815
0 14.26 31.84 1.8022
0 13.8 31.93 1.2125
0 14.55 31.58 1.2627
0 15.49 34.87 1.2029
0 18.54 35.77 1.8373
0 16.32 34.42 1.2101
0 17.44 35.57 0.7115
0 18.34 34.73 1.1197
0 16.92 35.14 1.3088
0 16.25 34.24 2.0404
0 14.66 32.86 1.7122
0 14.28 32.03 1.6575
0 15.74 32.43 0.8081
0 16.55 35.25 0.3208
0 16.63 35.02 0.9455
0 15.73 33.56 1.0702
0 13.89 32.9 1.7792
0 14.54 34.91 1.285
0 16.73 35.44 1.4184
0 17.11 34.59 1.4458
0 15.88 35.61 1.5357
0 20.06 36.13 0.6243
0.325 17.74 29.21 1.4507
0 15.94 31.14 1.6878
0 15.99 32.76 0.9905
0 17.95 33.63 1.6848
0 15.24 32.21 2.2955
0 13.11 28.83 1.7437
0 11.48 29.38 1.9253
0 14.53 31.6 0.8602
0 16.01 34.05 0.6103
0 17.29 35.67 1.2311
0 16.71 36.31 1.0021
0 17.25 35.84 0.8045
0 18.69 36.76 0.787
0 18.14 36.76 1.4895
0 13.62 24.68 1.9615
0 13.08 26.69 2.3602
0 13.65 30.01 1.5423
0 15.71 34.32 0.7216
0 17.16 34.07 0.8675
0 15.72 28.86 0.9957
0 12.64 27.46 1.8968
0 13.12 26.8 1.5577
0 12.33 23.02 1.6785
1.175 13.18 23.16 1.9012
21.275 12.43 23.21 3.0797
3.4 8.97 17.45 0.825
0.4 8.48 20.43 1.0611
0 9.42 23.53 0.9372
0 10.81 25.26 1.3056
0 13.37 23.59 1.3397
0 16.52 25.91 1.4859
0 14.62 26.36 1.2726
0 13.02 28.95 1.1725
0 14.32 29.82 0.8326
0 15.8 29.8 0.9585
0 15.62 27.02 0.8444
0 14.03 29.41 1.3667
0 14.27 29.48 0.9974
0 13.29 24.97 1.4436
0 12.55 26.91 1.1816
0 12.32 26.54 1.3871
0 12.61 28.25 1.8198
0 12.29 29.44 1.0921
0 13.12 28.57 1.2073
0 11.68 23 1.4009
0 9.71 25.53 2.1863
0 8.36 22.74 2.5167
0 8.4 24.29 1.4602
0 9.03 24.4 1.072
0 9.54 25.27 1.9249
0 9.41 26.03 1.0251
0 11.67 26.37 3.1487
0 9.19 22.67 3.7796
0.1 6.69 23.47 2.4541
0.725 6.93 15.59 1.5768
0.25 4.34 14 0.2631
1.075 7.21 14.77 1.1196
0.175 6.3 15.23 0.7343
0 3.31 16.42 1.731
0 2.99 17.38 2.8036
0 3.53 20.12 3.3233
3.775 9.5 16.61 4.2292
0.325 8.4 17.07 0.8616
0 8.12 18.68 0.6366
0 8.39 17.39 1.4197
0 6.44 18.68 1.1122
0 5.79 19.94 1.0212
0 6.19 20.98 0.7983
0 7.65 20.77 2.4446
0.35 5.32 15.03 1.7896
3.425 5.33 14.45 3.9759
0 4.03 13.68 1.8603
0 3.67 15.28 2.7376
0 4.68 14.93 4.0794
0.975 7.6 15.4 1.5684
0.475 4.88 16.33 0.4868
0 6.04 15.56 2.4686
0 4.69 13.77 2.1421
0.025 6.11 13.65 1.0308
0 5.71 11.01 1.4465
0 7.42 16.3 4.1171
0 6.79 19.41 6.9678
0 4.21 16.44 3.1438
0 2.77 16.66 3.9345
0 0.13 14.89 2.2111
0 -0.7 14.61 3.3528
0 -0.85 14.49 2.7214
0 -0.47 14.43 2.5021
0 -0.34 14.85 2.2357
0 -0.65 15.37 3.5456
0 -0.3 15.54 2.5694
0 1.48 13.63 0.3224
0.025 3.97 11.94 1.1925
0 2.4 13.92 1.1717
0.025 0.09 13.95 0.8845
2.325 3.52 11.07 0.8911
0.1 0.73 12.06 4.357
0 0.26 12.03 3.7604
0 0.15 8.98 1.831
0 2.24 14.6 3.2494
0 0.13 10.99 3.4736
0 -1.94 11.98 2.7457
0 -0.96 14.52 4.3735
0 -1.71 12 3.6191
0 -2.55 13.14 4.2482
0 -1.65 13.05 3.1123
0 -1.95 13.73 1.0797
0 -0.04 13.5 1.1734
0 1.72 15.02 1.2915
0 4.03 14.96 0.7685
0 4.43 15.45 0.9184
0 3.7 12.18 2.186
