0.75 -2.01 11.47 1.6154
6 0.05 8.46 1.1851
3.2 -2.01 9.34 1.6923
1.075 -4.63 6.09 3.9509
2.3 -4.23 6.36 1.8237
0.95 0.89 3.76 0.4127
0 0.71 7.95 1.5131
0 2.36 10.41 0.8212
0 0.53 13.39 4.3199
0 0.33 13.06 3.4869
0 1.24 14.98 2.4835
0 3.57 16.32 5.4682
0 4.38 17.27 4.0198
0 0.66 18.58 3.6446
0 1.51 19.07 3.9784
0 2.02 19.68 4.9557
0 1.93 17.88 4.2492
0 2.09 17.32 4.7365
0 2.51 17.77 4.8738
0.1 2.59 17.01 3.4423
11.225 3.46 17.47 2.7306
22.425 6.52 16.42 2.1393
43.025 5.71 11.42 1.676
38.5 6.19 10.98 2.331
10.825 1.81 8.94 3.4253
2.15 -3.67 2.91 0.9035
0.325 -4.6 5.27 1.3071
0 -3.45 7.47 1.5768
0 -0.03 11.09 4.1864
0 0.78 15.58 4.4754
0 2.86 17.15 3.0723
0 2.48 16.57 3.0724
0 1.16 13.77 3.998
0 0.65 18.14 3.8053
0 3.86 19.67 2.9992
4.3 4.82 18.49 2.6454
6.125 3.34 9.41 3.0731
2.025 1.5 8.9 2.772
14.925 1.39 10.52 1.3474
9 -2.05 8.65 3.5124
2.55 -6.87 4.12 0.4028
8.125 -5.04 5.41 2.5457
4.85 -1.37 5.85 1.4069
13.5 -1.57 6.42 3.0595
7.4 -1.11 3.91 3.5336
2.3 0.6 6.44 6.0318
18.475 1.2 5.92 5.5547
14.45 1.09 5.08 4.4796
2.55 -1.34 3.56 1.4065
0 -2 8.74 3.5123
0 -1.14 12.88 2.7137
5.225 -0.49 14.01 3.8075
17.35 -0.53 12.48 3.855
12.75 5.06 7.87 2.765
2.775 2.55 8.89 1.4691
1.125 3.14 14.83 1.4666
0.475 2.45 9.64 2.3282
0.05 0.37 13.3 0.3557
0.025 1.22 14.86 3.6268
9.325 4.26 15.75 2.7887
25.85 6.29 11.89 3.9724
42.275 4.54 11.79 4.9095
17.65 0.84 6.87 2.7991
0.5 -2.96 6.7 0.9494
0.275 -1.74 8.26 1.8711
0 -3.33 7.12 0.3273
0 -3.94 11.37 1.3918
0 -0.12 13.59 2.6486
0 -3.71 8.55 0.4427
0 -3.08 12.36 0.533
0 -0.09 13.6 1.9857
0 0.44 16.12 2.1964
0 0.76 17.51 1.3122
0 1.54 14.01 2.1803
0 3.53 15.62 2.5082
0 3.74 18.02 1.1394
0 4.42 19.46 1.2663
0 5.54 21.03 1.0301
0.15 4.14 21.8 0.784
17.15 5.34 21.12 1.7543
11.7 0.48 13.15 4.0784
0.9 -4.65 5.16 2.3026
0 -3.21 9.14 1.9131
0 -0.18 15.41 0.6924
0 1.2 17.4 2.0269
0 3.74 20.46 2.0384
0 4.24 19.48 1.4107
0 4.18 21.09 3.3446
0 1.07 15.42 1.9584
0 1.19 15.66 0.3935
0 2.99 17.8 2.7468
0 4.3 20.74 2.5496
0 2.27 17.43 5.232
0 -1.3 11.84 1.9604
0 -0.68 15.62 2.6751
0 2.03 19.91 2.1277
10.025 3.6 22.48 1.249
14.975 2.27 17.7 2.8771
10.8 2.03 8.81 1.6999
3.55 2.43 9.89 2.3424
0.225 1.18 10 3.7762
0 2.25 14.14 1.6909
0 3.47 17.87 2.2475
0 4.72 18.08 4.8159
0 -2.75 10.76 5.8906
0 -1.64 9.04 3.0752
0 0.79 16.44 1.5061
0 3.5 21.13 2.6888
0 5.71 24.18 2.6553
0 9.33 27.88 1.5267
0 10.96 29.58 1.213
0 11.12 30.51 1.9144
0.075 9.15 29.41 2.5255
0.875 7.25 22.41 3.3192
0.5 -0.17 11.9 3.4841
0 1.55 15.72 2.0851
0 3.48 18.15 2.3354
0 1.82 17.21 3.0987
0 0.84 14.58 1.7625
1.675 2.62 17.7 1.9878
53.925 6.21 20.81 1.795
34.575 7.84 17.58 2.3958
7.15 8.05 13.66 3.5014
4.025 6.45 15.67 1.7878
0.675 9.4 18.92 3.4852
0 7.68 21.5 2.0458
0 7.98 24.29 2.9994
0 8.93 24.44 1.839
0 8.49 25.18 1.5485
0 9.04 25.34 1.2011
0 9.1 27.16 3.0736
0 7.52 26.12 3.3298
0 7.63 23.86 2.7547
0 8.18 24.6 3.2768
0 9.76 25.44 1.987
0 11.34 28.07 1.4466
0 14.38 32.82 0.301
0.6 15.4 34.85 2.2839
0.35 14.19 34.12 2.526
0 10.88 28.22 1.645
0 9.98 26.98 1.0739
0 10.95 28.17 2.499
0 10.98 28.12 3.0216
0 10.11 27.18 2.7987
0 9.15 26.24 2.0926
0 10.67 26.77 1.5101
0 12.15 28.9 0.9976
0.275 13.56 30.44 2.1161
0.15 13.52 30.22 2.5198
6.6 14.39 29.73 3.1477
3.95 12.96 27.86 2.2822
0 12.73 27.62 2.1686
0 11.8 25.29 2.3249
0.575 12.02 23.79 0.4746
8.725 9.44 23.08 2.1704
7.2 6.84 20.96 3.3142
3.675 5.61 13.66 2.1545
1.4 6.89 16 2.6874
0 8.03 21.52 2.6173
0 9.51 23.56 3.4338
0 9.43 22.63 3.059
0 8.01 21.3 3.4102
1.725 8.93 22.1 2.4581
1.6 10.55 21.18 3.525
0.325 8.23 21.46 2.4334
0 8.49 22.4 2.4872
0 9.46 22.29 2.6119
0 11.46 23.96 3.1042
0 11.85 26.54 1.942
0 13.41 30.43 2.7435
0 10.3 29.91 3.2389
0 8.23 25.11 3.2903
0 9.06 23.26 1.3142
0 10.56 26.75 0.6245
0 12.99 30.51 1.5335
0 14 32.78 2.677
0 13.1 30.8 1.8369
0 14.24 31.38 0.9097
0 15.31 35.71 0.7381
0.325 17.46 37.19 2.919
0.2 16.77 36.92 2.8736
0 15.95 33.27 2.2741
0 16.52 34.31 1.7901
0 14.91 33.11 2.7998
0 14.23 33.35 2.4922
0 13.6 31.63 2.7075
0 12.97 30.83 2.4942
0 11.27 29.55 2.7188
0 10.71 28.65 2.599
0 11.17 28.57 2.6147
0 11.36 28.92 1.9323
0 12.54 30.3 1.7642
0 14.55 31.18 2.1999
0 14.07 31.14 1.4533
0 14.65 33.09 0.576
0 15.46 33.83 1.5897
0 16.57 36.07 1.8645
0 17.63 35.23 1.7666
0 18.07 37.11 2.0328
0 18.72 37.77 1.5575
0 19.26 38.57 2.4352
0 17.11 37.02 2.5331
0 16.14 35.09 2.3678
0 17.74 35.02 2.0809
0 16.6 34.52 2.0869
0 15.62 33.94 2.1662
0 15.91 34.51 1.9372
0 17.11 36.22 1.9177
0 18.26 36.51 2.2526
0 18.06 35.65 2.9268
0 18.38 34.44 2.6645
0 17.68 34.4 2.7463
0 17.27 33.77 2.5638
0 16.34 33.47 2.9055
0 13.8 31.11 2.4618
0 13.98 30.47 1.9736
0 14.92 31.25 2.2612
0 12 29.35 2.955
0 9.18 21.56 1.9259
0 10.15 23.97 1.4769
0 12.98 28.97 0.5259
0 14.69 32.08 1.2679
0 16.45 34.15 2.9642
0 16.03 34.96 2.743
0 14.88 33.67 3.0459
0 13.85 32.01 3.1834
0 11.28 29.76 1.49
0 11.44 29.71 0.4652
0 13.44 31.63 0.8063
0 14.6 33.39 0.8554
0 15.7 35.54 1.3129
0 16.72 36.05 2.2236
0 17.43 35.29 2.1815
2.075 17.15 36.65 2.2948
2.1 14.96 32.21 2.8674
0.5 13.83 29.52 1.5756
0 13.06 30.14 1.499
0 12.5 31.21 0.4133
0 12.82 32.34 1.523
0 14.27 32.94 1.3453
0 15.33 33.45 1.3412
0 14.97 35.27 2.667
0 16.42 33.82 1.6701
0 15.43 32.66 0.6999
0 15.55 33.58 0.3807
0 16.36 34.31 1.5383
0 15.88 34.18 2.2925
0 13.27 32.38 2.05
0 11.87 29.84 2.0056
0 11.57 27.39 1.6412
0 11.8 28.03 0.4659
0 12.47 29.15 0.9651
0 14.32 31.68 0.4072
0 14.87 33.4 0.9857
0.125 16.54 35.51 1.8379
0.525 14.17 31.57 2.1278
0.525 11.58 25.53 2.6559
0.125 10.18 22.8 1.5844
0 11.07 27.49 1.5065
0 13.41 30.03 0.479
0 13.83 31.05 1.0197
0 14.58 34 2.0539
0 13.68 32.28 0.9779
0 14.89 30.57 2.1422
0 14.54 33.77 2.2509
0 14.63 34.07 1.3341
0 13.66 33.47 0.681
0 13.72 32.88 0.7959
0 15.39 34.55 1.1762
0 14.6 35.52 0.4372
0 14.78 35.58 1.9903
0 14.32 31.2 2.4839
0 4.11 18.76 2.3683
0 4.19 20.61 2.4203
0 6.57 24.11 0.7341
0.5 7.53 24.98 3.1617
0.45 3.22 21.07 3.4323
0.075 0.73 10.88 0.3149
0 1.25 17.46 2.7062
0 3.63 20.28 1.3939
0 4.91 20.96 1.3698
0 5.8 23.09 0.6947
0 6.85 23.62 0.4521
0 5.44 23.78 1.8165
9.95 6.81 22.51 1.9109
44.575 6.45 16.26 6.7046
23.45 8.52 14.5 4.2792
0.475 10.62 17.95 0.9553
0 10.21 23.87 2.2223
0 9.52 24.69 1.0397
0 12.16 27.7 1.687
0.725 9.81 22.85 2.167
0.425 3.26 14.67 1.9066
0 3.66 17.07 1.0543
0 5.66 20.38 0.5937
0 6.46 21.55 1.0914
0 8.59 23.35 1.247
0 7.72 21.27 1.6749
0 7.59 22.07 1.1464
0 7.33 22.95 4.3862
0 2.44 14.53 4.8998
0 0.16 12.82 0.7381
0 0.62 13.86 0.0863
0 4.12 19.45 0.8289
0 5.44 21.94 0.8745
0 8 23.09 1.24
0 7.82 24.75 1.1223
0 7.64 25.38 1.7137
0 6.62 23.87 2.2778
0 4 18.54 0.5453
0 4.02 17.88 1.6599
0 2.19 15.5 1.8762
0 2.65 16.36 1.1168
0 3.85 17.05 0.7322
5.2 6.35 17.44 0.3319
4.675 4.65 16.25 2.0118
0.9 0.13 9.07 1.3221
0 0.08 11.01 1.1366
0 0.05 12.19 2.7995
0 1.37 14.46 2.0818
0.45 3.07 17.3 1.451
0.225 2.8 17.9 1.8242
0.65 0.95 12.87 2.2896
6.45 1.01 15.55 3.5633
3.35 1.36 14 1.1376
0 1.5 10.96 0.4638
0 0.98 13.59 2.156
0 1.94 13.39 3.6968
0 2.8 15.55 3.9648
0.9 2.88 17.27 2.5813
1.975 3.5 18.09 1.0489
0.8 1.15 12.25 4.9633
0 1.89 11.75 4.9047
0 1.68 12.54 3.9522
0 1.84 15.54 1.6357
0 0.95 15.08 2.1246
0 -0.33 16.01 2.0712
0 0.41 13.04 2.0991
0.05 0.13 13.94 1.1776
18.25 -2.1 9.69 2.1754
17.2 -1.97 5.48 0.8353
3.625 -9.13 1.67 0.6508
0 -8.51 1.79 1.9689
6.6 -6.32 4.34 3.2213
36.125 0.08 7.44 2.9426
58.15 3.87 8.09 3.7802
29.25 2.38 8.28 4.2177
3.4 1.3 5.33 0.6691
0 -0.01 6.93 3.2152
0 2.14 10.16 2.6223
0 2.78 11.5 2.2914
0 2.56 12.56 2.8034
0 2.52 10.6 4.1577
1.35 2.55 12.68 2.9042
12.925 3.15 14.33 1.7695
10.625 0.11 10.42 3.6644
0.1 -3.98 5.53 2.47
0 -0.87 9.28 3.9726
0 -0.59 10.54 3.9694
6.7 -0.28 11.45 4.1264
4.4 0.43 9.7 2.0257
2.65 0.08 8.07 3.0593
8.65 0 8.2 0.7651
4.35 2.03 7.74 1.487
0.025 0.92 7.2 2.5925
0 1.18 10.42 2.0859
0 1.66 10.74 1.2402
0 1.32 12.74 3.9963
0 0.23 14.66 2.9385
0 1.72 14.82 2.7678
0 1.69 13.16 3.1147
0 2.29 13.61 2.6761
0.325 3.64 14.45 3.0272
1.25 4.24 14.74 2.3917
0.625 4.78 11.5 2.433
1.15 4.54 10.47 3.2093
17.925 4.04 16.08 4.4846
10.325 3.88 11.66 2.0267
0.125 -0.61 9.78 1.3113
0 0.76 11.63 3.3297
1.35 1.59 14.14 2.2353
14.175 1.66 14.28 2.6409
27.35 3.06 10.39 4.8146
26.4 3.12 6.9 5.5655
30.025 1.28 5.39 6.5316
27.75 -0.41 4.34 4.0148
16.175 -0.66 3.92 3.8597
4.325 -1.85 2.58 0.9405
1.5 -3.05 5.96 2.3807
2.375 -1.48 5.92 4.0488
0.85 2.38 7.3 3.0212
0 0.41 10.37 1.3047
0 -0.99 11.34 2.774
1.425 0.66 10.53 3.2368
1.1 1.75 12.31 1.3427
0.125 -1.78 10.33 1.2353
0 -2.96 10.64 1.7434
0 0.39 11.67 2.057
0 1.42 11.95 0.6259
6.725 1.8 12.43 2.844
11.225 3.29 11.36 3.4587
10.675 4 8.95 1.7066
3.575 1.91 6.3 2.5688
1.225 0.57 6.73 1.3211
1.6 1.27 7.87 2.09
0.475 -1.24 6.98 0.6432
0 -0.69 9.38 1.1242
0 2.15 10.79 1.2119
0 1.7 14.38 1.5373
0 2.37 15.8 1.575
0 2.03 17.33 1.0881
0 3.46 16.65 1.6913
0 3.99 17.74 2.4326
0 3.45 18.92 1.0646
0.95 2.12 16.93 1.1952
3.35 3.7 12.24 2.3075
12.2 2.72 9.98 3.0096
6.25 -2.6 5.24 2.1626
22.875 -2 10.63 3.7635
17 1.53 9.01 2.7545
2.05 -0.18 8.77 0.8076
21.8 1.11 13.42 4.4632
13.7 3.41 12.62 1.398
0.6 0.84 7.51 0.4479
0.85 1.44 13.5 2.2749
9.1 3.94 15.87 2.6659
18.575 2.91 9.28 3.2578
7.85 -0.58 7.04 2.9322
0.125 -2.33 6.46 1.319
0.05 0 10.82 2.4849
0.275 -0.08 12.7 1.0228
2.5 2.72 12.67 2.56
3.475 -4.72 6.11 3.8079
1.175 -2.79 7.7 2.1835
0 -2.58 6.56 0.3569
18.55 -0.47 12.74 2.0872
10.825 -1.04 12.34 2.4899
0 -1.45 10.45 2.5282
0 -0.52 14.83 3.6958
0 2.17 20.01 1.3489
0 4.13 21.53 0.7863
0 4.83 21.42 2.8459
0 -0.26 20.03 2.1199
0 4.5 22.76 1.9164
0 3.94 21.3 0.4368
0 3.49 19.11 1.541
0 2.1 18.7 2.0227
0.825 2.15 19.55 1.956
2.475 3.19 19.73 2.2857
1.15 -0.65 11.92 2.4167
0 1.02 13.91 2.6787
0 1.75 18.39 1.1403
4.9 3.62 20.03 2.4165
13.375 3.83 19.34 5.3412
6.525 0.19 8.05 2.8973
1.625 -2.84 8.04 0.8683
8.825 -1.27 10.84 2.1414
4.75 0 8.26 1.9357
28.075 -0.09 8.66 2.7727
16.4 -0.59 7.14 3.0945
0 -1.99 7.54 0.8302
0 -0.62 13.23 2.1408
0 1.63 18.12 0.5531
0 3.31 19.42 1.165
1.3 4.01 18.89 1.9874
21.775 3.49 13.42 4.1795
19.7 1.99 8.39 4.5471
4.05 0.22 6.47 1.0785
0 0.84 12.82 0.6812
0 2.02 14.27 0.8074
0 3.22 18.87 2.3287
0 3.04 18.74 1.4688
0 3.71 20.74 1.1489
6.825 5.29 22.54 1.6528
22 6.54 20.15 2.5554
13.1 0.63 9.79 3.1541
1.625 1.85 5.07 1.8786
0.05 2.92 8.34 1.371
0 4.27 19.05 0.9097
0 6.65 21.15 1.3017
0 7.23 24.26 0.7969
11.175 7.71 24.32 3.9804
12.35 2.61 13.61 4.8946
3.575 -0.7 7.64 3.8266
0.075 -0.97 9.49 3.4112
0 1.35 15.23 1.9906
0 3.14 18.84 1.9424
0 5.01 22.86 0.9224
0 6.43 24.27 2.1377
0 6.09 23.03 3.6809
0 3.57 18.93 2.2342
0 2.75 18.89 0.7052
0.125 4.56 21.21 2.7957
3.3 4.74 20 3.7239
12.875 2.82 11.37 3.1173
6.275 -1.78 9.54 3.9573
0 -0.27 12.59 2.1298
0.05 4.3 18.78 0.9698
0.025 5.75 21.87 0.6331
0 7.09 23.6 0.5214
1.75 9.4 25.31 1.2538
4.625 10.63 24.84 1.8796
2.15 5.66 17.22 1.7234
0.2 7.55 18.28 1.6332
0.125 9 20.7 3.4373
0.3 4.34 21.14 4.3438
0.3 0.88 14.8 3.6681
0.125 1.18 11.06 4.1625
1.95 2.87 14.36 2.3216
8.3 2.61 14.09 1.5249
10.375 5.54 17.01 2.8624
8.325 5.09 14.14 2.3842
2.55 1.91 12.63 3.4241
0 2.78 14.54 1.8735
0 5.92 21.98 0.6228
0 9.08 25.84 2.5341
0 12.07 24.99 2.9514
0 9.83 23.27 2.5798
0 10.78 24.98 2.657
0 12.41 26.18 2.6677
0 12.77 26.33 2.0451
0 14.05 30.05 3.002
0 12.54 30.4 3.1461
0 12.22 27.9 2.6549
0 11.4 27.65 3.7754
0 7.49 24.91 4.6752
0 7.46 20.82 5.0259
0 10.62 22.95 3.7036
0 10.91 26.75 1.0103
0 12.12 28.29 1.7576
0 12.34 30.43 2.8707
0 8.56 27.86 3.0673
0 7.6 23.79 1.3113
0 8.62 26.96 2.4318
0 8.47 25.51 3.1105
0 7.43 23.4 2.5945
0 8.66 25.42 1.7476
0 9.85 25.29 1.1573
0 11.92 28.74 1.9047
0.425 12.86 29.93 2.1466
0.225 14.17 27 2.7465
0 12.81 27.16 2.4909
0 15.04 29.93 1.0778
0 16.85 33.97 1.6609
0 16.7 36.04 3.0513
0 14.06 32.2 2.9513
0 11.73 30.34 2.6823
0 11.07 28.72 2.8411
0 13.16 28.52 2.1813
0 11.58 28.41 0.9449
0 13.14 31.15 1.9769
0 14.1 32.64 2.5567
0 14.76 30.9 2.4213
0 14.67 31.17 2.466
0 16.21 32.29 2.2446
0 15.62 32.99 1.824
0 16.27 34.49 2.248
0 17.53 33.75 3.1853
0 17.11 32.73 3.2373
0 15.74 30.69 1.8757
0 16.13 32.22 1.5098
0 17.9 35.35 2.6603
0 18.03 36.41 2.7453
0 17.61 35.99 2.5836
0 16.51 36.88 2.1316
0 16.04 35.7 2.064
0 15.71 33.83 2.4085
0 14.83 32.24 1.0309
0 15.38 32.56 2.281
0 15.7 33.44 2.1559
0 17.14 35.08 2.6282
0 17.51 34.38 2.7211
0 15.53 31.8 1.9102
0 13.54 31.08 2.3163
0 14.28 31.58 2.0684
0 14.05 32.41 2.2918
0 14.14 32.16 2.3207
0 13.39 31.73 2.0386
0 13.38 31.35 2.371
0 12.64 32.37 1.4393
0 13.39 32.79 1.9374
0 13.97 32.51 1.9914
0 13.11 31.65 2.0281
0 13.54 31.42 2.4979
0.175 14.08 30.74 2.8222
0.1 13.5 28.33 1.9539
0 12.81 29.43 1.8326
0 13.17 29.99 2.2019
0 11.67 26.63 1.1136
0 12.45 29.45 1.4884
0 14.25 30.82 2.4292
0 14.17 31.1 2.8177
0 14.33 31.65 1.1824
0 14.52 33.67 1.531
0 14.57 34.2 1.662
0 12.86 32.59 1.9222
0 13.34 32.61 2.2485
0 13.79 33.62 1.8051
0 12.1 30.42 1.7285
0 11.85 28.95 2.324
0 13.33 33.65 1.9619
0 17.03 37.56 0.5732
0 18.77 38.84 2.1858
0 15.43 36.03 2.3936
0 11.21 31.83 2.748
0 9.96 20.22 2.2874
0 8.49 21.28 2.4719
0 8.89 23.75 1.3245
0 10.19 27.12 0.6559
0 13.23 31.73 0.3554
0 14.66 34.66 1.2402
0 14.73 34.71 1.1723
0 14.99 34.48 2.0184
0 12.7 31.85 1.2266
0 12.83 31.85 2.2663
0.025 11.41 30.16 2.8048
0 6.4 16.03 2.0277
0 6.91 23.47 0.6229
0 7.77 25.9 0.6253
0 11.11 29.81 0.9821
0 11.47 30.19 1.6157
0 10.61 28.04 1.41
0 10.4 28.04 0.986
0 10.73 28.39 1.6681
0 10.42 29.13 1.57
0 10.96 28.44 1.4965
0 10.68 27.86 1.3644
0 9.23 24.43 1.2546
0 8.68 26.22 1.0609
0 9.1 24.33 2.6971
0 8.42 22.02 1.1375
0 8.5 26.18 0.5483
0 11.69 29.88 0.9364
0 15.13 33.72 0.5096
0 13.95 34.35 1.1078
0 16.22 35.54 0.6291
0 16.09 36.75 0.5399
0 15.45 35.87 0.3455
0.05 15.33 32.58 0.4327
4.825 15.29 29.77 1.2431
20.85 14.16 30.11 1.5591
14.275 11.4 20.84 1.5103
1.05 10.15 14.52 0.9314
1.75 6.67 15.84 0.7797
2.25 6.68 16.94 2.0187
0.175 5.38 16.45 0.8495
0 7.25 20.8 1.9218
0 8.58 23.02 1.6249
0 10.62 25.53 1.4468
0 11.46 26.93 2.2078
0 12.3 29.28 1.5103
0 12.25 29.08 0.6635
0 11.58 28.75 0.5271
0 11.45 28.57 1.0789
2.55 12.31 24.34 0.9018
1.25 8.12 19.48 1.0603
0 8.4 18.27 1.6354
0 8.21 24.37 0.8814
0 9.5 22.43 1.9199
2.95 7.35 19.64 1.6582
23.025 8.52 18.48 1.6092
49.725 9.67 12.74 4.6321
22.8 5.14 13.22 3.5251
0.075 3.47 14.45 1.6788
0 1.28 15.18 2.8807
0 0.77 15.59 3.3358
3.025 6.74 19.78 2.1591
2.95 6.36 20.15 1.8626
0.65 4.15 11.01 0.9331
0 4.77 17.53 1.8804
0 5.66 19.82 3.0831
0 7.95 22.84 2.8371
0 10.43 25.38 1.8943
0 10.14 25.32 1.0947
0.325 9.17 24.22 2.1448
15.925 7.57 20.29 3.0412
10.475 2.11 10.31 2.6431
2.325 0 10.42 0.6141
1.7 1.32 11.61 1.6462
0.025 0.01 9.77 2.496
0 2.2 13.44 1.4688
0 1.78 15.14 3.0653
0 4.16 16.19 1.6398
0 5.46 18.64 2.5331
0 5.14 19.04 1.0636
0 4.49 18.1 2.0722
0 3.55 18.67 1.9121
19.625 3.95 18.04 2.6138
26.575 0.66 10.56 3.1245
21.2 -0.97 4.8 5.1015
12.525 -0.61 4.03 2.9886
14.275 0.49 5.47 4.0093
6.625 -4.64 3.02 1.1609
0 -5.39 4.37 3.2653
0 -5.1 4.21 3.333
11.3 -1.89 8.36 2.6813
7.8 -4.33 4.64 2.5877
0 -6.99 3.89 2.3623
0 -4.79 4.95 3.073
0 -0.8 8.67 2.3064
0.025 0.58 12.23 2.628
0.075 4.56 11.01 1.4685
1.825 4.6 12.18 2.1544
19.325 4.51 10.06 2.3699
9.3 3.85 13.52 3.3551
0 2.05 10.97 2.2956
5.575 3.21 14.19 1.9587
5.95 4.72 11.99 1.0191
1.325 5.85 11.1 1.3226
0.075 4.59 13.52 0.4359
0 3.68 14.8 2.3399
0 3.83 14.1 1.3883
23.625 3.88 13.7 1.7247
14.7 1.95 9.99 1.6017
4.25 -0.69 7.89 2.4218
53.825 -0.9 7.55 3.5892
75.05 2.88 7.73 5.2708
53.5 4.53 9.58 5.9997
22.075 1.75 11.27 2.2308
9.625 1.14 2.94 2.5109
8.425 1.55 6.35 2.2774
4 2.11 6.83 0.4049
0 0.73 8.92 2.9425
20.175 0.84 11.61 5.362
12.15 0.44 10.92 1.9367
0.05 -0.51 5.84 0.9485
55.45 -0.18 7.78 2.2879
36.9 2.12 7.01 4.3673
2.775 -6.86 4.86 2.4511
2.875 -7.56 2.48 1.5101
18.475 -7.26 2.91 4.2358
18.825 -2.05 4.3 4.9329
8.025 -0.43 4.45 2.5668
0 -2.96 5.21 3.2739
0 -2.56 6.87 3.906
0 -0.62 9.13 5.3004
0 -0.45 9.49 3.6705
0 -1.46 9.31 1.8982
0 -1.46 8.16 1.3218
0 -3.49 5.23 3.1704
3.5 -2.96 7.18 3.3802
3.55 1.95 9.48 2.0082
0.625 1.73 11.85 1.6824
0.4 2.14 9.93 1.343
0 1.27 13.32 2.6437
0 2.95 13.88 0.9724
0 3.65 13.99 0.7756
0 3.73 13.67 2.4323
0 1.87 13.54 1.4288
0 1.08 14.64 4.242
0 1.23 15.18 3.7978
0 0.93 15.25 2.7668
0 2.08 17.11 3.9738
0 1.86 16.18 1.9874
0 2.44 15.89 2.2465
0 2.55 16.01 4.9841
0 2.39 17.52 3.3977
0 2.39 17.42 1.8217
7.475 1.52 16.52 0.5183
9.375 0.79 14.1 1.8464
2.6 -0.76 6.47 1.4209
0 -1.12 8.97 1.7904
0 -1.57 11.12 3.0203
0 -1.96 11.75 2.0849
0 -0.72 12.4 2.6825
0 2.49 16.11 1.7358
0 0.99 16.6 1.9609
0 3.94 18.58 0.6387
0 0.48 18.01 2.1748
0 -1.9 12.96 3.5504
0 -2.74 11.78 3.8124
0 -1.68 13.21 3.9584
0 0.55 16.5 2.8151
0 1.16 18.87 1.1974
0.175 1.21 18.54 3.5485
10.675 2.58 12.66 4.2498
15.45 1.91 13.3 5.8194
24.625 -0.96 3.67 4.5665
37.775 -0.73 3.1 3.0131
15.525 -0.94 5.77 3.5761
1.4 -4.7 5.03 0.8238
0 -4.7 6.58 1.1388
0 -4.8 6.3 0.4273
0 -3.84 10.06 0.4983
6.725 -2.36 9.23 2.226
14.4 -0.29 6.45 5.5727
5.825 -5.66 3.37 0.9274
0.025 -6.74 2.24 0.417
0 -6.51 6.89 2.1795
5.7 -5.11 10.95 1.7321
12.2 -0.63 12.32 3.6705
8 3.59 10.69 1.3306
0.625 -0.73 11.3 1.47
5.45 0.18 14.28 0.6282
23.325 1.97 15.92 1.7147
16 3.45 8.31 4.378
0.225 -0.25 8.61 0.4602
0 1.11 14.3 1.4693
0 2.92 17.73 0.8126
0.2 2.41 16.82 1.2956
0.125 2.26 13.96 0.6629
4.375 2.68 15.49 1.0012
2.575 4.35 13.23 1.0607
19.125 5.06 16.53 1.1874
18.675 5.36 17.75 2.3964
1.775 -0.7 10.64 1.0438
22.175 -1.18 12.3 3.3867
38.425 -0.61 8.07 4.816
56.05 0.31 5.13 5.6996
26.725 -0.56 4.17 2.4647
7.6 -0.8 6.69 1.217
16.35 0.16 9.28 4.9385
34.45 0.59 5.98 5.4462
22.8 -2.4 3.78 3.8576
12.25 -0.83 7.16 3.0196
7.775 1.82 4.76 1.4212
0.225 2.1 9.96 0.6871
0 1.51 13.95 1.441
0 2.7 16.71 2.1466
0 4.97 18.72 2.363
0 6.19 23.83 1.7242
0 6.64 25.69 1.0068
0 3.42 19.91 1.3982
0.025 3.16 18.41 1.8507
0 3.9 21.37 1.4065
1.75 4.05 21 1.7382
9.5 1.4 19.45 3.4609
5.8 -3.61 5.11 1.4718
0.75 -3.69 4.93 1.4068
0.025 -3.11 10.31 0.549
0 -0.58 14.84 1.6731
0 1.72 15.95 1.5772
0.675 2 16.63 2.7216
0.4 -0.81 8.76 0.634
0 -0.7 15.49 0.7799
0 3.66 20.12 1.5952
0 4.92 22.51 2.3214
0.1 7.14 22.46 2.6703
0.075 8.01 19.35 1.649
0.5 5.81 19.01 2.0115
4.65 7.31 15.18 2.1834
1.9 3.14 15.93 0.9341
1.275 3.34 15.55 1.2053
0.95 5.29 14.17 2.2007
0.575 4.36 13.55 2.246
0.075 1.51 15.72 2.742
0 3.09 17.66 0.933
0 4.22 20.16 2.3968
0 2.59 19.16 4.6359
0 1.36 16.95 3.5601
0 2.66 18.95 1.8517
0 4.55 21.85 0.4576
0 6.5 23.75 0.9041
0 8.26 24.78 2.9661
0 10.66 27.71 0.7464
0 10.16 28.69 1.5377
0 9.02 27.07 2.0574
0.075 7.71 22.68 2.9481
1.675 3.4 13.7 3.2064
0.925 1.73 10.99 2.6545
0 4.32 19.28 1.8118
0 7.25 22.56 1.2222
0 7.74 24.68 0.672
14.275 8.44 26.04 2.8486
15.075 1.28 16.28 2.6536
7.1 0.59 8.52 1.2137
26.55 1.89 11.51 3.5069
15.125 2.61 7.92 2.2757
0.95 2.03 12.26 3.1785
0.025 2.62 18.6 1.7967
0 6.38 22.71 2.1375
0 6.73 22.33 3.1221
0 5.46 21.15 4.538
0 4.81 18.27 2.522
0.95 6.09 21.17 2.6971
0.525 4.61 18.73 2.453
0 5.03 18.93 3.2492
3.875 4.64 19.01 4.1998
3.65 2.79 15.12 4.7974
0.6 2.59 13.89 2.8035
0.825 5.34 18.07 2.5162
1.125 7.28 18.61 2.8382
0.65 2.46 13.45 1.6754
0.325 3.52 16.4 0.5527
7.5 4.51 17.13 3.1095
16.1 9.59 12.55 1.1176
7.55 5.88 18.35 3.3211
0.175 5.21 14.34 2.0703
0 6.6 20.17 3.0788
0 9.22 23.82 1.7038
0 9.98 26.3 2.5575
0 9.91 26.22 3.1361
0 8.72 23.42 2.7116
0 9.48 24.86 2.7347
0 11.55 27.33 1.9651
0 12.81 30.39 1.9371
0 12.91 29.58 2.6219
0 9.84 27.1 1.5208
0 11.8 27.28 2.8544
0 11.05 28.11 2.1137
0 12.46 28.47 0.4509
0 13.87 31.07 0.6329
0 15.79 34.17 2.4897
0 14.9 33.59 2.642
0 12.95 31.41 2.5877
0 10.98 29.15 2.6995
0 11.17 28.4 2.4038
0 12.71 29.16 2.3838
24.425 12.93 29.86 2.3395
13.425 10.04 25.21 2.3451
1.1 7.79 18.5 2.3093
0 11.01 24.97 1.1919
0 12.94 30.29 0.8622
0 15.31 33.06 0.6059
0 15.5 33.57 1.5189
0 16.04 33.37 1.846
0 17.15 32.78 2.5526
0 17.68 33.37 2.7887
0 16.42 31.93 2.1776
0 15.64 32.39 2.5132
0 13.62 31.8 2.1848
0 12.51 30.85 2.31
0 11.94 27.88 2.4208
0 11.93 27.69 3.1175
0 11.57 25.19 2.7189
0 11.9 24.79 3.2946
0 10.62 24.58 3.1163
0 11.02 25.34 1.9613
0 11.37 27.01 1.1996
0 12.2 28.93 1.891
0 12.43 29.38 1.4261
0 13.03 30.19 2.3041
0 13.87 31.07 2.7842
0 14.35 31 1.8975
0 15.41 31.48 1.8473
0 13.82 32.67 2.116
0 13.22 31.45 1.891
0 13.19 30.92 1.7205
0 14.42 30.67 1.6305
0 15.36 33.67 2.4233
0 16.4 33.9 3.0286
0.1 18.27 33.63 2.0768
0.325 16.42 30.68 1.4146
0 15.79 32.49 1.8474
0 15.49 33.6 2.0657
0 13.61 32.89 3.0199
0 12.45 29.06 2.367
0 13.64 29.94 3.0308
0 14.39 29.79 2.3943
0 13.95 30.87 1.7778
0 13.49 31.65 1.8912
0 13.14 31.53 2.2222
0 13.52 31.26 2.6615
0 13.34 31.2 1.7535
0 14.36 32.21 1.2637
0 15.2 33.24 2.016
0 12.82 31.6 1.5316
0 12.46 30.77 1.2685
0 12.73 31.4 1.6903
0 13.26 31.72 1.6601
0 13.65 32.39 2.6297
0 12.96 30.46 1.9459
0 12.43 29.96 1.356
0 11.82 29.56 1.0709
0 13.21 30.9 0.9566
0 13.73 32.55 1.9972
0 15.34 32.95 1.1879
0 15.43 32.75 0.7268
0 15.38 34.59 1.0134
0 16.29 34.74 1.3566
0 15.33 35.11 1.6854
0 13.61 33.87 1.7962
0 11.86 31.68 1.7201
0 12.83 30.47 0.7818
0 13.46 30.82 0.7079
0 14.09 32.84 0.8631
0 15.13 32.51 0.9671
0 16.17 33.54 1.8202
0 14.27 32.33 0.7464
0 14.75 33.09 0.9678
0 15 33.98 0.9712
0.175 15.56 32.5 1.5092
0.725 13.54 32.18 0.9338
1.875 14.2 31.46 1.6516
1.675 11.47 24.21 1.5118
2.325 12.53 27.36 0.6307
0.975 12.31 28.93 1.3455
0 12.71 27.89 2.4335
0 12.66 28.07 1.7657
0 10.47 25.42 1.6862
0 9.21 25.35 0.408
0 11.62 29.3 0.2665
0 13.72 32.03 0.9749
0 14.48 32.34 0.5372
0.975 14.96 32.89 0.2945
0 15.13 33.62 0.5209
0 15.71 33.98 1.6016
1.75 12.93 29.86 2.2295
0.025 10.44 22.03 1.9656
0 10.94 25.96 0.5754
0 14.05 30.01 0.6251
0 14.12 30.27 1.0869
0 13.53 31.15 1.329
0 11.51 29.26 2.204
0 11.77 25.72 1.7946
0 10.68 24.71 1.9148
17.85 7.79 20.88 2.2275
16.125 6.71 17.04 3.6432
4.175 3.45 12.16 0.8702
1.1 1.8 11.2 0.8961
0 1.88 15.37 1.2745
0 4.17 19.41 1.137
1.675 7.25 21.55 1.4816
1.6 9.65 16.83 1.5992
0 8.96 22.77 0.939
0 9.04 25.51 0.6298
0 11.87 27.64 0.3845
0 10.66 27.13 0.938
0 10.7 26.97 1.3168
0 11.11 25.11 1.6062
0 11.19 26.17 1.4785
0 10.23 27.16 0.9001
0 9.95 24.36 0.6506
0 9.18 24.43 0.6568
0 9 23.63 2.1994
0 9.19 25.54 1.7125
0 9.24 26.8 1.954
0 8.28 23.93 1.3439
0 5.16 19.43 3.0727
0 3.54 18.22 3.2929
0 4.67 18.74 1.9625
0 5.97 20.54 0.9854
0 6.58 21.75 2.0708
0 7.08 23.18 0.2272
0 6.18 22.49 3.2587
0 5.81 20.69 4.1619
4.125 3.41 20.71 3.5616
3.975 0.47 18.27 1.7553
5.85 -2.2 6.71 0.4298
3.3 -1.44 7.67 1.4606
0.025 -1.77 6.91 0.8616
0 -1.92 8.61 2.1761
0 -0.01 11.68 3.1616
0 1.16 14.84 3.1006
2.35 2.29 16.45 3.6774
1.725 5.69 13.98 0.9576
0 4.5 13.25 0.2546
0 5.91 15.09 0.7859
0 2.83 14.91 0.636
0 3 15.64 0.9448
0 2.83 16.22 0.8619
0.125 3.17 15.72 3.0472
3.275 0.79 9.56 2.1329
3.325 0.87 8.17 4.0956
1.075 -1.01 7.97 1.7646
0 -0.44 10.57 2.47
0 0.73 11.69 3.6656
0.075 0.4 15.79 2.1445
0.025 1.41 11.91 0.7509
0 2.11 14.05 2.8682
0 3.51 17.44 2.3437
0 4.36 18.64 1.0855
0 5.3 16.85 1.682
0 1.16 18.13 3.6284
0 0.69 14.78 8.2362
0 1.33 11.97 3.534
0 -0.17 14.12 4.2539
0 -1.81 11.68 2.7758
0 -1.96 10.06 3.4847
0 -2.44 10.44 3.0778
0 -1.76 10.46 3.4848
0 -1.08 12.48 3.4367
0 -0.56 12.17 4.2558
0 -0.27 13.91 3.1801
0 -1.08 13.29 0.8957
0 -1.96 11.02 1.6485
0 -2.71 8.85 1.4627
0 -2.58 9.61 1.0986
0.425 -2.01 9.58 0.8601
0.2 -1.33 8.64 5.3393
0 0.36 12.11 4.5108
0 -1.56 13.56 2.7135
0 -1.69 12.03 4.5377
0 -2.37 10.21 4.3718
0 -1.89 10.97 3.4916
0 -2.4 11.24 4.5208
0 -2.57 11.63 4.0073
0 -2.1 12.32 4.9482
0 -1.37 13.86 3.4574
0 0.22 14.54 1.2985
0 0.09 14.52 1.1408
0 1.17 13.96 1.2564
0 3.52 17.12 0.924
0 2.69 15.21 1.0593
0 0.14 14.12 2.3805
