1.325 -7.89 1.82 1.5725
10.2 -6.28 1.38 1.4566
5.65 -8.38 1.57 1.6334
0.9 -11.97 -1.39 4.2272
2.925 -11.81 -3.3 1.7558
1.425 -6.98 -3.07 0.5353
0 -5.88 1.07 1.4214
0 -4.28 2.56 0.7058
0 -6.96 6.97 4.501
0 -7.06 8.28 3.3039
0 -5.78 4.68 2.3246
0 -0.52 8.77 5.4667
0 -1.22 10.41 3.831
0 -3.25 9.57 3.3688
0 -1.94 9.61 3.8703
0 -1.99 12.37 4.9043
0 -4.29 9.72 4.2558
0 -4.59 9.39 4.7906
0 -3.54 8.03 4.8816
0.075 -2.79 7.75 3.4165
16.25 -2.78 7.66 2.7281
29.925 0.55 9.23 2.1429
60.375 -1.13 6.06 1.62
56.175 -1.52 3.05 2.6176
18.05 -5.75 0.07 3.5654
2.225 -10.19 -4.72 0.7647
0.225 -10.72 -3.01 1.2856
0 -9.38 -0.12 1.4717
0 -6.74 1.25 4.2566
0 -4.88 7.62 4.5131
0 -2.68 8.22 3.0991
0 -3.27 8.39 3.2003
0 -4.9 7.99 3.8368
0 -4.61 9.49 3.7699
0 -1.51 11.07 2.9847
5.125 -1.1 10.65 2.5176
9.05 -4.04 1.86 2.804
3.575 -5.58 0.17 2.8415
19.725 -5.43 3.34 1.3136
11.825 -9.89 0.71 3.7089
3.6 -13.49 -4.25 0.487
11.275 -12.24 -3.44 2.5522
5.575 -7.76 -3.63 1.4147
13.35 -8.25 -2.28 3.0681
7.825 -8.25 -2.86 3.3603
3.375 -6.93 -2.16 5.6253
27.65 -6.45 -2.93 5.4983
22.125 -6.07 -3.55 4.3112
4.05 -8.33 -4.19 1.1791
0 -8.38 -1.32 3.4029
0 -8.42 1.8 2.5575
6.25 -8.23 3.93 3.79
23.15 -5.59 3.12 3.4905
15.875 -3.61 -1.15 2.5313
5.275 -6.14 0.42 1.5584
2.9 -5.51 6.92 1.4846
0.55 -4.57 0.78 2.6024
0 -6.37 5.34 0.3966
0.025 -6.08 8.73 3.7218
17.55 -3.13 8.01 2.7843
25.825 -1.17 4.19 4.0229
37.275 -3.06 4.38 4.9174
21.05 -6.46 -1.02 3.0366
4.9 -9.2 -1.68 0.8101
1.95 -8.56 1.04 1.8791
0 -9.57 -0.01 0.2876
0 -9.83 4.18 1.4462
0 -6.66 7.48 2.6398
0 -10.45 0.5 0.4295
0 -10.16 5.38 0.6768
0 -7.26 6.27 2.217
0 -7.01 9.15 2.5122
0 -5.5 10.38 1.3478
0 -4.4 7.86 2.3493
0 -3.47 8.13 2.7509
0 -3.17 10.97 1.0871
0 -2.88 12.9 1.0376
0 0.06 14.7 0.853
0.075 -1.63 15.12 0.6863
29.125 -1.49 14.13 1.9654
23.525 -6.69 5.72 4.1956
2.7 -11.39 -4.35 2.2127
0 -10.38 1.52 1.8938
0 -7.25 8.59 0.4657
0 -3.88 10.24 2.0037
0 -3.67 13.81 2.0857
0 -3.03 12.77 1.3315
0 -2.92 13.67 3.2885
0 -4.49 9.63 1.9459
0 -4.32 9.13 0.292
0 -3.46 10.82 2.5722
0 -1.97 13.17 2.5396
0 -3.18 12.42 5.3013
0 -6.86 4.11 1.9132
0 -6.56 8.6 2.8643
0 -5.78 12.06 2.4369
15.525 -1.41 14.77 1.3254
15.9 -5.7 11.32 3.315
10.275 -5.26 1.21 1.7567
4.875 -5.69 2.37 2.217
0.65 -5.47 1.94 3.744
0 -3.83 6.56 1.573
0 -3.85 11.23 2.0385
0 -2.05 10.84 4.5654
0 -8.94 4.62 6.1675
0 -8.07 1.25 3.2528
0 -5.74 8.33 1.5321
0 -4.14 13.37 2.9662
0 -1.3 16.99 2.8642
0 2.63 20.33 1.5576
0 4.82 22.53 1.1029
0 6.14 23.09 2.0935
0.125 3.1 21.91 2.8669
2.475 1.04 15.4 3.4042
1.425 -6.15 4.28 3.5808
0 -5.5 7.66 1.9268
0 -2.65 10.46 2.3456
0 -3.74 10.76 3.2481
0 -5.33 7.61 1.594
2.225 -3.02 10.45 1.9425
50.95 2.9 13.75 1.9985
35.475 0.49 10.29 2.6173
10.75 0.79 4.97 3.7697
5.35 -0.94 5.63 1.9111
0.525 2.98 11.89 3.7653
0 0.28 13.73 2.3135
0 1.31 16.99 2.8234
0 3.41 17.26 1.6263
0 1.96 17.81 1.1487
0 3.58 19.48 0.8504
0 2.63 19.45 2.9904
0 1.61 19.15 3.278
0 1.41 16.16 2.404
0 1.98 16.12 3.1836
0 3.09 17.78 1.6517
0 3.63 20.4 1.6375
0 8.96 24.88 0.3358
0.55 10.16 26.63 2.4316
0.325 7.49 26.42 2.7887
0 4.71 20.88 1.7269
0 4.11 19.34 0.9103
0 4.34 20.08 2.4472
0 4.3 19.98 2.9576
0 3.69 19.39 2.7355
0 2.55 19.19 1.8392
0 3.3 18.51 1.2582
0 6.02 20.21 0.8091
1 7.39 21.31 1.8601
0.6 7.39 21.1 2.464
22.9 6.9 20.51 3.2933
13.75 6.46 20.48 2.1793
0 6.3 19.41 1.9639
0 5.72 17.18 2.2509
0.15 5.78 16.81 0.5921
8.325 2.87 15.62 2.1894
7.275 0.03 12.83 3.6717
2.9 -0.96 4.44 2.4709
0.9 -0.62 7.48 2.7511
0 -0.25 13.63 2.5632
0 4.05 15.87 3.4134
0 3.5 14.88 3.0894
0 1.8 13.74 3.3303
1.05 2.45 14.31 2.2301
2.675 4.02 13.67 3.634
1.225 1.81 12.94 2.5119
0 2 13.95 2.4335
0 3.07 14.78 2.382
0 5.26 15.96 2.9539
0 4.89 18.28 1.6749
0 8.22 24.02 2.6405
0 4.65 22.12 3.2301
0 2.44 18.01 3.1621
0 2.54 15.48 1.1707
0 3.45 18.72 0.6871
0 7.36 22.14 1.4199
0 8.01 24.44 2.7048
0 7.32 22.76 1.6993
0 7.69 22.86 0.8553
0 7.9 27.18 0.5275
0.2 12.2 28.38 2.983
0.125 10.77 28.27 2.977
0 10.55 27.29 2.2584
0 10.74 25.69 1.6587
0 9.09 24.04 2.8889
0 7.65 25.33 2.5323
0 7.87 23.88 2.8085
0 6.91 23.35 2.6261
0 5.35 21.31 2.8669
0 4.83 21.04 2.5837
0 4.85 20.66 2.5475
0 5.32 21.13 1.8905
0 6.98 22.33 1.8771
0 7.31 23.8 2.3179
0 7.67 23.32 1.3625
0 8.08 24.2 0.6409
0 8.37 24.45 1.5977
0 9.48 27.45 2.0404
0 11.33 27.2 1.8591
0 11.57 28.03 2.0696
0 11.77 28.68 1.7788
0 11.92 29.39 2.4598
0 11.33 29.77 2.5328
0 9.87 27.23 2.2378
0 12.92 27.29 2.0545
0 10.86 26.73 2.1347
0 10.23 26.64 2.2115
0 9.93 26.81 1.9438
0 10.03 27.91 1.7888
0 11.61 28.31 2.052
0 11.45 28.16 2.8215
0 12.81 27.14 2.5092
0 11.79 26.31 2.4785
0 11.15 26.2 2.4369
0 9.71 25.28 3.0602
0 7.98 22.94 2.6957
0 6.84 23.68 2.2699
0 8.76 23.82 2.5198
0 6.23 21.62 3.2427
0 2.53 13.39 1.9596
0 4.14 15.92 1.2968
0 6.32 20.54 0.2463
0 8.32 23.92 1.1472
0 9.42 24.54 2.9518
0 9.42 26.34 2.7382
0 9.11 25.54 2.9882
0 7.57 23.99 3.1635
0 5.23 22.17 1.3471
0 4.83 21.7 0.3127
0 6.07 23.01 0.6686
0 7.57 25.12 0.907
0 9.51 27.4 1.2779
0 10.3 28.5 2.0085
0 11.24 27.85 2.2456
3.15 10.84 28.51 2.3147
3.575 8.64 23.42 3.192
1 7.36 23.08 1.6305
0 6.74 22.33 1.6027
0 6.41 23.76 0.5751
0 6.59 24.41 1.4248
0 9.95 23.95 1.1056
0 9.17 25.42 1.3156
0 9.95 26.36 2.9425
0 10.16 25.45 2.0167
0 8.6 25.27 1.0006
0 9.85 25.21 0.2164
0 10.29 26.41 1.3962
0 10.12 25.96 2.0981
0 7.06 24.41 2.1216
0 5.61 22.24 2.0061
0 5.58 19.96 1.4146
0 5.73 20.05 0.421
0 5.91 21.16 0.9313
0 7.22 23.38 0.3549
0 9.15 24.98 0.9488
0.05 10.62 27.7 1.5743
0.675 8.54 23.84 2.3397
0.375 5.07 18.72 2.7826
0 3.42 13.94 1.4872
0 4.26 19.6 1.2171
0 6.52 22.21 0.3299
0 6.7 23.77 1.1094
0 9.47 26.44 2.2759
0 6.79 25.92 0.9465
0 8.52 23.17 2.5502
0 8.33 26.1 2.4871
0 7.49 26.11 1.5524
0 7.01 25.48 0.8008
0 7.12 25.33 0.7752
0 8.21 26.61 1.1798
0 8.58 27.69 0.4087
0 8.16 27.69 2.1608
0 7.89 23.27 2.5602
0 -2.52 11.64 2.3106
0 -1.99 12.25 2.5065
0 0.04 16.51 0.7666
3.575 1.17 17.12 3.1375
2.25 -4.24 14.05 3.5238
0.05 -5.88 2.82 0.3071
0 -6.02 10.49 3.0867
0 -3.73 12.85 1.6411
0 -0.93 13.17 1.3589
0 -0.84 15.01 0.7842
0 0.82 16.47 0.5471
0 -0.07 16.41 1.985
10.3 0.38 14.93 1.9617
61.175 0.65 9.61 6.4774
33.575 0.93 5.88 4.4839
0.35 2.93 10.15 0.8078
0 3.02 16 2.1995
0 2.81 17.96 1.0957
0 3.46 20.33 1.9072
2.875 3.31 16.23 2.4107
1.725 -3.63 7.93 2.2479
0 -3.08 10.2 1.0502
0 -1.64 12.72 0.5568
0 -1.52 14.24 0.9099
0 1.11 16.37 1.1118
0 1.37 12.41 1.8046
0 0.9 14.83 1.1568
0 1.03 15.81 4.1782
0 -3.52 5.81 4.9977
0 -6.4 4.55 0.7786
0 -5.76 6.84 0.0342
0 -2.72 12.1 0.8435
0 -1.85 14.41 0.7987
0 1.6 16.01 1.1912
0 1.08 17.65 1.133
0 1.53 17.67 1.7351
0 -0.41 17.19 2.2897
0 -2.53 11.89 0.6723
0 -3.04 10.4 1.4506
0 -4.64 8.02 1.8355
0 -4.07 8.3 1.2572
0 -2.38 10.13 0.7623
5.2 -0.16 9.91 0.4688
5.85 -2.12 9.78 2.0026
1.625 -6.01 1.6 1.1429
0 -6.43 3.05 1.0812
0 -6.8 4.15 2.8739
0 -5.54 7.44 2.1968
0 -3.42 8.08 1.7018
0 -3.49 10.33 1.4132
0.525 -5.72 5.78 2.3765
4.625 -4.82 6.29 3.8569
2.575 -4.36 7.24 0.9894
0 -4.31 3.11 0.5175
0 -6.16 6.29 2.3936
0 -5.39 4.39 3.815
0 -4.27 6.04 4.1521
0.725 -3.91 7.52 2.7106
3.4 -2.84 8.95 1.1772
1.775 -5.99 5.79 4.9461
0 -3.78 3.31 5.1387
0 -4.58 4.48 3.9362
0 -4.57 6.78 1.6577
0 -5.72 7.51 2.3175
0 -7.38 8.13 2.1989
0 -6.67 4.11 2.1433
0.05 -6.25 5.6 1.1261
14.725 -8.24 2.44 2.2953
16.2 -8.11 1.3 0.9772
4.425 -16.44 -5.93 0.7103
0 -16.39 -6.4 1.8978
4.825 -13.14 -5.54 3.027
31.35 -6.73 -1.81 2.7648
63.075 -4.05 -0.89 3.6909
31.7 -5.82 -0.1 4.5186
2.075 -7.04 -2.58 0.7703
0 -6.61 -2.38 3.025
0 -4.75 2.7 2.4241
0 -3.66 4.77 2.2693
0 -3.15 3.99 2.8095
0 -3.64 3.96 4.1146
0.9 -4.05 5.06 2.8973
16.3 -3.57 6.71 1.8594
12.55 -6.17 4.24 3.6473
0.25 -10.5 -2.43 2.7489
0 -7.68 0.55 3.8864
0 -7.31 0.06 3.7937
7.45 -7.31 0.4 4.0294
4.475 -6.28 1.74 1.9592
3.05 -7.48 -2.46 3.1832
9.85 -7.42 0.24 0.7605
5.1 -5.89 -0.32 1.5214
0.175 -6.42 -0.88 2.4778
0 -6.24 2.56 1.9632
0 -5.68 2.53 1.1947
0 -5.26 4.18 3.9831
0 -5.17 4.8 2.9096
0 -4.15 4.29 2.4971
0 -4.65 5.83 2.973
0 -4.12 5.63 2.8255
0.05 -3.25 6.78 3.0972
2.15 -3.22 7.96 2.3026
1.225 -0.7 5.83 2.4476
1.025 -0.7 4.58 3.1043
23.9 -3.02 7.99 4.3629
14.525 -3.77 3.08 2.0617
0.325 -7.04 1.32 1.4533
0 -6.52 1.64 3.3351
1.125 -4.91 5.96 1.9405
15.775 -5.2 6.51 2.5355
38.15 -4.45 2.36 4.6538
33 -6.63 -1.47 5.467
38.175 -6.42 -3.13 6.3871
38.05 -7.73 -4.19 4.0391
20.925 -7.22 -3.92 4.1013
5.175 -8.5 -4.83 0.9253
1.625 -9.96 -3.69 2.1597
5.075 -6.95 -2.02 3.7289
2.475 -6.12 -0.93 2.9148
0 -6.46 2.48 1.3761
0 -8.6 3.27 2.8674
1.45 -7.67 0.8 3.1692
0.85 -5 4.46 1.4688
0 -7.57 2.41 1.1067
0 -12.69 2.45 1.7124
0 -7.17 4.39 1.9568
0 -6.24 3.69 0.6128
7.625 -4.96 4.59 2.6276
13.725 -3.88 4.25 3.3861
13.325 -3.84 0.75 1.7483
4.7 -5.93 0.01 2.5112
1.075 -7.71 0.25 1.4219
1.45 -7.03 0.53 2.322
0.475 -7.75 -0.95 0.5325
0 -7.5 2.17 1.0273
0 -4.47 3.53 1.11
0 -4.87 6.82 1.4673
0 -4.14 8.93 1.5514
0 -6.19 11.05 0.9255
0 -2.78 10.07 1.7023
0 -3.03 11.11 2.4544
0 -2.67 11.76 1.2176
3.625 -4.31 11.32 1.3043
7.775 -3.2 5.92 2.3763
16.475 -4.43 2.77 3.061
7.775 -8.58 -2.44 2.4063
29.4 -8.36 2.51 3.6516
23.6 -5.3 2.81 2.8641
2.825 -6.6 1.71 0.6853
25.875 -5.67 6.72 4.4344
17.175 -3.86 5.28 1.6191
1.05 -6.35 -0.98 0.5942
0.725 -6.08 6.34 2.4135
11.65 -3.09 8.85 2.6722
22.525 -4.45 1.42 3.2527
9.475 -7.28 0.06 3.1449
0.075 -8.87 -1.5 1.3082
0.025 -6.55 3.49 2.6317
0.1 -7.51 4.74 0.8361
6.275 -4.77 5.19 2.4242
5.825 -11.58 -1.74 3.8653
1.25 -8.48 -1 2.046
0 -8.88 -0.6 0.4632
27.725 -7.35 5.77 2.1702
16.625 -7.26 5.16 2.4993
0 -8.12 2.58 2.6921
0 -7.79 8.05 3.8289
0 -5.52 12.91 1.4893
0 -2.6 14.07 0.6713
0 -1.94 14.03 2.9519
0 -7.37 11.99 2.1467
0 -1.46 15.2 2.0811
0 -3.19 14.01 0.7116
0 -2.52 11.78 1.2889
0 -4.73 11.8 2.298
1.45 -4.66 13.02 2.1851
4.425 -3.22 12.89 2.4785
2.125 -6.76 4.66 2.5146
0 -6.18 6.64 2.8845
0 -5.04 11.45 1.3733
4.625 -2.9 12.97 2.6318
20.1 -2.88 12.91 5.7267
10.5 -6.55 0.35 3.1637
0.925 -8.59 0.26 0.8401
8.15 -7.78 3 2.322
4.525 -5.07 1.64 2.0709
26.475 -6.96 1.75 2.7402
15.9 -8.48 -1.6 3.4112
0.05 -8.17 0.6 0.7595
0 -8.15 5.81 2.2332
0 -5.51 11.69 0.35
0 -3.14 13.01 1.3802
0.775 -2.95 13.31 1.9525
20.25 -2.13 8.19 3.8923
17.125 -5.95 1.72 4.6487
3.15 -6.6 -0.52 1.0757
0 -6.31 5.79 0.6563
0 -5.19 7.03 0.8303
0 -3.05 12.03 2.533
0 -3.65 12.33 1.3581
0 -2.26 14.55 1.0962
4.3 -1.45 16.33 1.7658
17.85 0.26 13.54 2.7763
10.65 -6.1 2.88 2.9472
0.875 -5.36 -2.07 1.5918
0 -3.91 2.44 1.4008
0 -2.71 11.82 0.6945
0 -0.53 13.7 1.3416
0 1.24 16.99 0.7301
10.35 2.31 17.09 4.3003
12.45 -3.28 7.2 5.1757
4.05 -7.87 -0.34 3.9638
0.175 -7.65 1.48 3.3889
0 -5.16 7.53 1.8796
0 -2.74 11.45 2.0283
0 -1.54 16.19 1.0247
0 0.64 17 1.9869
0 0.28 15.98 3.5511
0 -2.13 12.34 2.1737
0 -1.81 11.5 0.8199
0.075 -1.01 13.76 2.8429
3.675 -1.54 12.66 3.7569
15.475 -4.92 2.33 3.3856
8.225 -7.98 2.9 4.3899
0.15 -7.27 3.46 2.2444
0.25 -1.48 10.88 1.0795
0.15 -0.41 14.17 0.6643
0 1.96 15.88 0.5471
1.175 4.4 17.66 1.3464
4.675 4.69 17.47 2.086
2.375 -1.27 8.87 2.1885
0.35 0.23 10.44 1.6936
0.2 2.92 13.64 3.3802
0.1 -0.97 14.33 4.3805
0.15 -5.52 8.1 3.7117
0.425 -5.48 3.46 4.0877
1.525 -4.54 5.9 2.3462
4.125 -4.16 5.92 1.5827
13.05 -0.1 9.67 3.2307
23.225 -2.19 5.91 2.5996
9.95 -4.78 4.66 3.6748
0 -3.76 6.54 1.7866
0 0.43 13.93 0.5552
0 2.2 17.77 2.5871
0 5.71 17.14 2.9565
0 3.04 16 2.6293
0 4.3 17.19 2.7979
0 6.69 18.8 2.8499
0 6.01 19.52 2.077
0 7.56 22.33 3.0557
0 8.34 22.8 3.1047
0 5.45 20.58 2.3701
0 4.88 20.03 3.9517
0 2.59 19.22 4.611
0 1.63 12.93 5.1595
0 6.53 14.62 4.0105
0 3.83 18.21 1.0834
0 6.46 20.38 1.6559
0 6.7 21.76 3.0175
0 2.89 20.07 3.121
0 1.85 15.6 0.9198
0 2.02 19.3 2.2941
0 2.42 17.7 3.236
0 1.26 15.62 2.5167
0 2.37 17.07 1.4936
0 3.63 17.12 0.9412
0 6.3 20.57 1.6576
0 6.29 21.67 2.1436
0 7.57 19.12 2.6535
0 5.41 18.99 2.3321
0 8.9 21.65 0.8248
0 10.2 25.57 1.4636
0 10.3 27.3 3.2042
0 8.04 24.37 2.9731
0 5.82 22.31 2.6475
0 4.88 20.67 2.7347
0 9.59 20.64 1.9523
0 5.75 19.64 0.9628
0 6.18 22.39 1.8416
0 7.63 24.06 2.3893
0 8.11 22.57 2.2276
0 8.1 22.85 2.2218
0 10.14 24.49 2.0946
0 9.22 24.52 1.8204
0 9.75 26.97 2.4233
0 10.89 25.19 3.3182
0 11.36 24.64 3.4776
0 9.09 22.33 1.8248
0 10.14 23.95 1.2396
0 12.36 27.15 2.6076
0 11.8 27.73 2.7965
0 11.77 26.98 2.6045
0 10.02 28.14 2.0622
0 9.72 27.78 2.0347
0 9.21 25.64 2.6445
0 8.97 24.12 1.0346
0 9.51 24.12 2.2558
0 9.3 25.19 2.0225
0 11.33 26.73 2.473
0 11.32 25.78 2.7309
0 9.31 24.55 1.943
0 6.95 23.68 2.3854
0 8.61 24.04 1.99
0 7.15 24.52 2.3238
0 8 23.7 2.4311
0 7.35 23.56 2.0784
0 7.9 23.44 2.4483
0 7.73 24.05 1.5513
0 6.95 24.19 1.9612
0 7.48 24.07 2.016
0 7.14 23.51 2.1085
0 7.35 23.44 2.5218
0.825 7.2 22.76 2.9147
0.475 6.17 20.28 2.0984
0 5.9 21.29 1.9934
0 6.56 21.92 2.3663
0 5.31 19.03 1.0305
0 5.22 22.18 1.266
0 8.31 22.95 2.2195
0 7.96 23.06 2.7508
0 8.07 23.6 1.1043
0 8.05 25.33 1.7191
0 8.14 26.25 1.8489
0 6.54 25 1.8921
0 6.6 24.9 2.2277
0 7.82 25.16 2.0378
0 8.08 22.49 1.7202
0 5.8 20.77 2.5714
0 6.47 25.67 2.199
0 11.54 29.38 0.6889
0 13.01 31.08 2.4557
0 9.64 28.08 2.5487
0 5.22 23.98 2.9999
0 5.32 12.7 2.2137
0 2.28 13.22 2.3867
0 2.72 15.56 1.11
0 3.88 19.42 0.5949
0 6.43 23.44 0.4952
0 8.52 26.64 1.1883
0 8.63 26.71 1.344
0 6.31 26.08 1.9111
0 6 23.87 1.3312
0 6.32 23.57 2.5678
0 6.96 22.68 3.0294
0.025 0.21 8.58 2.0593
0 -0.33 15.89 0.6769
0 2.74 19.75 0.7521
0 4.66 21.65 1.046
0 4.74 22.2 1.7765
0 4.48 20.43 1.4501
0 4 20.04 0.7652
0 4.5 20.12 1.4197
0 4.31 21.58 1.6373
0 4.46 20.89 1.5584
0 4.34 20.46 1.5393
0 2.42 16.8 1.0694
0 2.16 18.37 1.0067
0 3.01 17.05 2.7271
0 2.32 14.14 0.9121
0 2.47 18.79 0.4697
0 5.16 22.28 0.9396
0 7.81 27.4 0.3852
0 5.92 26.27 1.1236
0 10.11 27.73 0.5014
0 9.52 28.35 0.5192
0 9.1 28.23 0.3038
0.05 8.97 25.11 0.4778
6.65 7.7 21.77 1.3966
43.725 6.59 21.23 1.7199
26.9 4.6 11.61 1.4582
3.025 2.42 6.42 1.0383
3.075 -0.41 7.63 0.8001
3.275 -0.01 8.46 2.1949
0.35 -1.26 7.67 0.8174
0 -0.16 12.61 1.8289
0 1.39 15.25 1.6303
0 4.78 19.59 1.3921
0 4.22 18.92 2.422
0 5.83 21.84 1.7085
0 5.05 20.87 0.8119
0 5.68 19.87 0.7245
0 5.26 20.76 1.285
3.1 5.89 15.92 0.8918
1.775 1.79 12.06 1.1246
0 2.02 10.98 1.83
0.025 1.78 17.63 1.0527
0.025 2.15 14.26 1.9976
4.75 0.3 12.51 1.7807
29.625 0.99 10.51 1.6808
70.45 2.89 4.39 4.7825
35.2 -2.05 6.29 3.7645
0.175 -2.57 6.55 1.548
0 -5.35 6.69 3.0407
0 -5.55 8.43 3.3191
3 -0.56 11.89 2.0847
2.3 -0.5 12.92 1.9556
0.275 -2.55 4.08 0.8329
0 -2.3 9.41 1.8617
0 -1.63 12.14 3.2636
0 0.68 14.29 3.0757
0 4.67 16.67 2.0852
0 5 17.07 1.1443
0.95 2.57 16.64 2.3142
25.325 0.31 13.31 3.1225
17.275 -4.36 3.09 2.7318
3.425 -6.08 2.87 0.6473
3.35 -5.27 4.1 1.6044
0 -6.42 1.47 2.5384
0 -4.78 5.86 1.4657
0 -5.29 7.63 3.1064
0 -3.16 7.9 1.5175
0 -1.53 11.54 2.4538
0 -1.75 11.13 0.9073
0 -2.9 10.37 2.2001
0 -3.57 10.56 2.2942
28.15 -3.47 11.15 2.9757
49.8 -5.99 4.62 3.35
37.025 -7.71 -4.35 5.343
15.175 -7.62 -3.9 3.2646
13.7 -7.5 -2.83 4.3929
6.725 -11.18 -3.42 1.0478
0 -12.76 -4.95 3.3878
0 -12.31 -5.3 3.3142
20.2 -8.08 -2.53 2.9122
13.475 -14.24 -2.56 2.7668
0 -13.85 -6.02 2.264
0 -12.51 -5.23 3.0094
0 -8.32 -0.76 2.2241
0.15 -3.61 6.25 2.5393
0 -3.48 3.39 1.6176
1.775 -3.28 2.69 1.8655
20.475 -2.64 2.86 2.0726
10.85 -3.59 4.33 3.2392
0 -4.39 0.5 2.3248
8.225 -3.49 3.94 1.8567
11.8 -2.76 6.05 1.0567
1.975 -0.56 2.99 1.4099
0.125 -2.79 5.65 0.4765
0 -2.49 5.75 2.2544
0 -2.59 4.76 1.4535
28.55 -2.93 6.79 1.9381
19.575 -4.92 2.04 1.6941
7.675 -7.08 0.13 2.5761
62.975 -7.13 -0.74 3.4535
94.325 -4.42 -0.74 5.2755
63.9 -2.97 2.2 6.1648
27.55 -5.85 3.58 2.2266
11.175 -6.04 -5.17 2.2155
6.05 -6.35 -2.45 2.2834
3.45 -5.92 -0.92 0.412
0 -6.87 -0.92 2.8209
21.575 -6.94 2.24 5.2103
13.925 -6.5 3.28 2.015
0 -7.61 -4.31 1.0267
62.4 -7.11 -2.14 2.3053
41.125 -5.8 -1.1 4.5435
2.55 -14.38 -3.68 2.6056
5.725 -14.03 -6.34 1.3917
22.55 -14.07 -5.23 3.8857
21.175 -6.38 -3.67 4.6916
8.6 -7.55 -3.57 2.5742
0 -9.82 -3.01 3.1756
0 -9.73 -3.57 3.8488
0 -7.45 -1.56 5.3942
0 -6.93 -0.46 3.8858
0 -8.13 -0.84 1.9187
0 -8.13 1.56 1.0772
0 -9.92 -0.72 3.2978
4.825 -10.27 -0.02 3.2307
4.8 -5.38 -0.1 1.7509
0.675 -5.25 3.77 1.648
0.4 -6.32 2.14 1.3738
0 -4.76 7.78 2.4969
0 -3.73 6.54 0.9382
0 -3.15 6.71 0.6516
0 -3.24 7.53 2.2359
0 -4.73 6.91 1.2943
0 -5.81 8.49 4.2746
0 -5.8 7.38 3.7193
0 -5.65 7.53 2.8153
0 -4.06 11.41 3.8161
0 -4.26 8.39 2.0955
0 -4.12 8.59 2.2116
0 -4.19 7.33 4.9651
0 -4.19 10.27 3.2614
0 -4.19 10.37 1.815
8.15 -4.76 9.53 0.6098
10.6 -5.8 7.48 1.804
4.425 -7.56 -1.62 1.5731
0 -8.1 1.84 2.0145
0 -8.58 4.63 3.0346
0 -8.31 4.52 2.117
0 -7.47 6.92 2.8424
0 -4.14 8.95 1.6857
0 -3.97 12.3 1.9216
0 -2.44 11.89 0.5615
0 -5.51 11.06 2.1731
0 -8.21 6.09 3.629
0 -11.21 4.5 3.7974
0 -8.67 6.12 3.8612
0 -6.7 9.4 2.6571
0 -5.23 11.61 1.3321
0.075 -4.86 11.54 3.3808
13.2 -5.83 5.32 4.135
27.475 -5.91 6.68 6.0693
32.05 -8.25 -4.72 4.4547
50.15 -6.87 -4.09 3.122
24.6 -7.64 -2.06 3.9664
3.05 -11.72 -3.49 0.8104
0 -11.72 -1.88 1.2034
0 -10.95 -2.32 0.3739
0 -10.56 1.12 0.3398
10.175 -10.01 1.37 2.3874
17.15 -6.83 -0.93 5.7899
9.175 -11.81 -4.35 0.7438
0 -13.77 -6.33 0.4772
0 -13.72 -1.01 2.1482
7.525 -10.77 3.9 1.6847
13.825 -6 5.61 3.4982
11.5 -4.31 3.45 1.6241
1.1 -6.67 3.45 1.4485
6.325 -5.38 7.47 0.5721
26.625 -4.64 8.89 1.7292
24.125 -3.55 1.65 4.4095
0.225 -6.75 1.13 0.5962
0 -4.86 7.48 1.511
0 -3.68 11.72 1.1157
0.15 -3.58 10.52 1.118
0.1 -3.78 8.17 0.6493
2.95 -3.8 9.93 0.9167
1.875 -2.26 6.29 1.0992
24.625 -1.85 9.87 1.2464
30.475 -0.88 11.52 2.7725
2.1 -6.2 3.23 0.9905
28.625 -6.82 5.82 3.3617
51 -6.82 0.12 4.897
66.55 -6.63 -2.29 6.0525
28.725 -7.23 -2.57 2.6285
9.5 -7.52 -0.21 0.9987
17.7 -6.43 2.09 4.6366
44.525 -6.97 -0.72 5.4266
31.375 -9.96 -2.57 4.0929
12.075 -7.59 -0.26 2.9854
11.025 -5.46 -2.68 1.5885
0.35 -5.02 2.97 0.5715
0 -5.17 7.51 1.153
0 -3.89 10.13 2.0641
0 -1.74 12.03 2.2614
0 -0.47 16.76 1.6861
0 -0.46 19.68 1.0713
0 -2.35 15.37 1.323
0.075 -3.3 11.56 1.9566
0 -2.76 12.68 1.3464
1.95 -1.66 14.7 1.4239
7.625 -6 12.78 3.5146
6.175 -11.11 -3.46 1.406
2.1 -10.19 -4.1 1.4122
0.1 -9.24 1.89 0.5227
0 -7.6 7.46 1.513
0 -4.98 8.61 1.3427
0.575 -4.77 9.28 2.8514
0.575 -7.23 0.79 0.5829
0 -5.93 9.4 0.7516
0 -2.6 13.78 1.3486
0 -0.66 15.36 2.2783
0 0.4 15.29 2.9474
0.025 0.21 12.02 1.7112
0.425 -0.85 13.12 2.1614
10.075 -0.03 6.76 2.3251
2.525 -3.69 7.83 0.8559
1.825 -3.33 8.48 1.3247
1.025 -1.56 5.53 2.483
0.825 -2.66 5.22 2.4644
0.175 -5.38 7.98 2.6471
0 -3.18 10.28 0.8112
0 -1.66 12.63 2.4381
0 -4.86 11.96 4.525
0 -4.38 10.87 3.5979
0 -3.6 10.95 1.9648
0 -1.4 13.75 0.5202
0 0.19 15.89 0.7937
0 1.6 17.58 3.0507
0 6.22 20.35 0.7968
0 5.24 21.26 1.5561
0 2.96 19.75 2.0855
0.25 0.88 15.97 3.0747
2.2 -2.74 6.96 3.2929
2.025 -4.81 3.27 2.7238
0 -1.25 10.94 1.7113
0 0.72 14.43 1.1408
0 1.36 17.13 0.5612
11.05 1.52 18.79 2.9934
17.6 -6.44 9.06 2.9646
6.65 -6.1 0.59 1.1267
23.5 -5.33 3.25 3.5085
15.675 -5.76 0.07 2.383
1.625 -4.48 3.78 3.3893
0.1 -4.26 10.28 1.7411
0 -1.13 14.81 1.9565
0 0.14 14.68 2.8774
0 -1.01 13.71 4.3735
0 -2.06 10.54 2.4128
0.025 -1.13 12.96 2.852
0.05 -1.17 11.52 2.6273
0.475 -1.45 11.94 3.3978
6.225 -3.44 10.4 4.2976
6.975 -4.79 5.38 4.8313
1.475 -3.89 8.77 2.9226
0.35 -2.73 10.38 2.7783
0.775 -0.33 10.58 3.0483
1.3 -4.38 5.05 1.7388
0 -2.82 8.33 0.6555
4.725 -2.35 9.29 2.8702
14.325 2.23 4.24 1.3578
7.325 -1.61 10.72 3.6018
0.275 -1.57 6.26 1.876
0.05 -1.06 12.32 3.0089
0 2.27 15.54 1.5703
0 3.05 18.28 2.2414
0 3.1 18.37 3.0047
0 1.95 16.01 2.6326
0 3.38 16.68 2.7243
0 4.64 20.08 1.6222
0 4.39 22.6 1.8305
0 6.78 22.31 2.4342
0 2.95 19.72 1.1708
0 4.42 18.9 2.9206
0 1.9 19.6 2.0597
0 5 19.76 0.2803
0 6.94 22.36 0.4549
0 7.81 25.23 2.4795
0 9.01 25.47 2.872
0 8.42 24.93 2.6293
0 3.49 21.72 2.6782
0 3.61 20.62 2.2456
0 5.97 21.22 2.1961
33.925 6.46 21.83 2.6563
17.725 3.1 18.32 2.4974
2.725 2.19 10.7 2.219
0 4.92 17.06 0.831
0 5.72 22.16 0.7774
0 8.94 24.84 0.6514
0 8.25 25.34 1.5952
0 8.41 24.57 1.8369
0 9.21 24.22 2.4975
0 10.89 24.51 2.8907
0 10.18 23.32 2.2294
0 9.56 23.93 2.5093
0 7.42 23.8 2.1743
0 6.32 22.41 2.3846
0 5.44 19.68 2.4865
0 5.24 19.65 3.1686
0 4.77 17.75 2.6614
0 5.36 16.73 3.2063
0 4.06 16.27 3.1783
0 4.21 17.3 2.0279
0 4.59 18.97 1.4177
0 4.86 21.2 1.946
0 4.91 21.21 1.2112
0 5.56 21.4 2.2766
0 7.04 22.45 2.8165
0 7.56 22.4 1.8534
0 8.28 23 2.0132
0 6.57 24.16 2.1915
0 6.57 23.44 1.7894
0 6.9 22.44 1.6878
0 8.12 22.26 1.4361
0 9.18 25.53 2.2535
0.25 9.62 25.68 3.0362
0.35 11.52 25.26 2.1527
1.175 10.79 23.34 1.5735
0 9.56 24.45 1.9196
0 9.93 25.58 2.0907
0 7.51 25.04 3.0884
0 6.35 21.21 2.2805
0 6.96 21.76 3.081
0 6.87 21.71 2.4509
0 8.28 23.18 1.7906
0 6.97 23.48 1.8779
0 6.89 23.06 2.1673
0 7.96 22.89 2.6585
0 7.44 23.07 1.5659
0 7.61 24.15 1.3344
0 8.92 25.1 2.0727
0 6.14 23.74 1.49
0 5.94 22.76 1.0101
0 5.94 22.95 1.5756
0 7.05 23.88 1.4098
0 8.01 24.54 2.5429
0 7.22 22.32 2.0478
0 6.22 21.85 1.5089
0 5.1 21.71 1.1108
0 5.62 22.85 0.9264
0 5.85 24.53 2.0523
0 9.2 25.08 1.2898
0 8.75 24.91 0.8755
0 8.23 26.69 1.0814
0 8.93 26.68 1.4593
0 9.17 27.25 1.6084
0 7.33 25.71 1.9037
0 6.55 23.99 1.8009
0 6.69 22.76 0.7291
0 6.88 22.82 0.8341
0 7.41 24.96 0.8589
0 9.24 24.05 0.8882
0 8.55 25.03 1.8359
0 8.41 24.67 0.5669
0 8.63 24.48 0.8904
0 9.47 25.64 0.807
0.35 9.11 24.05 1.6959
3.7 8.6 25.18 1.0853
5.525 7.77 22.26 1.5724
9.175 4.12 16.69 1.4291
10.3 6.44 19.66 0.6013
5.9 5.2 20.58 1.1494
0 5.35 19.31 2.4614
0 6.29 20.39 1.8404
0 3.85 17.74 1.603
0 4.42 18.05 0.3081
0.075 4.75 21.15 0.2277
0.05 7.03 23.45 0.8806
0 7.68 23.85 0.4414
4.05 8.17 24.41 0.3233
0 9.08 25.36 0.6193
0 9.11 25.93 1.6378
7.05 6.24 22 2.3251
0.075 4.08 14.8 1.7517
0 5.93 19.87 0.3856
0 9.14 22.94 0.6019
0 6.88 19.44 1.0831
0 6.89 23.23 1.4978
0 5.18 22.57 2.4447
0 5.71 18.83 1.9821
0 4.6 17.1 2.1283
26.7 1.35 14.1 2.3589
30.725 0.02 9.54 3.9009
10.15 -4.41 2.71 0.7829
2.325 -4.94 2.61 0.8977
0 -4.89 7.87 1.3293
0 -2.05 11.47 1.2235
3.475 0.97 13.64 1.6277
4.775 2.62 8.77 1.7139
0 1.19 15.64 0.8998
0 1.26 18.03 0.5808
0 5.68 19.5 0.4568
0 3.55 19.72 1.1149
0 3.62 19.08 1.5812
0 4.87 17.58 1.8028
0 4.62 18.21 1.8148
0 3.39 19.27 0.7184
0 2.35 16.39 0.5498
0 2.03 16.66 0.4489
0 1.26 15.91 2.3099
0 1.65 17.72 1.8821
0 2.51 18.73 2.2162
0 1.32 15.87 1.337
0 0.55 12.26 3.502
0 -2.72 11.51 3.4458
0 -2.54 10.78 2.1161
0 -0.67 13.1 0.9007
0 0.38 14.7 2.1799
0 0.42 15.4 0.1117
0 -0.24 15.23 3.3581
0 -0.26 13.38 4.1799
5.75 -3.25 13.47 3.9068
9.8 -6.24 12.59 1.8546
7.85 -8.77 -1.98 0.4722
5.725 -8.46 -0.88 1.5235
0.1 -8.65 -2.2 0.9633
0 -8.74 0.76 2.3072
0 -7.72 2.44 3.2468
0 -5.8 5.54 2.946
1.95 -3.82 7.61 3.3343
3.525 -1.58 5.62 0.9682
0 -2.2 4.91 0.1965
0 -1.5 7.36 0.5561
0 -4.29 7.78 0.4964
0 -3.78 7.53 0.8932
0 -4.59 8.88 1.1043
0 -3.7 7.99 3.4075
1.625 -5.1 1.21 2.2443
4.15 -5.04 0.13 3.9704
3.1 -7.68 -0.37 1.6388
0 -7.44 2.84 2.3049
0 -5.87 3.02 3.5367
0.025 -6.33 8.59 2.3074
0 -5.5 5.26 0.7913
0 -4.71 5.52 2.9449
0 -1.89 10.65 2.3622
0 -1.99 7.77 1.0871
0 0.01 8.81 1.8232
0 -4.9 9.65 3.3978
0 -4.71 6.95 8.7941
0 -5.14 3.15 3.7579
0 -5.85 8.07 4.3985
0 -8.2 4.11 2.8039
0 -8.17 2.45 3.5083
0 -8.8 2.5 3.0678
0 -8.51 1.69 3.6481
0 -7.91 4.32 3.8132
0 -6.94 3.94 4.3742
0 -6.42 5.44 3.246
0 -7.51 4.78 1.1047
0 -9.18 3.59 1.6547
0 -9.71 1.12 1.4791
0 -9.2 1.74 1.0781
0 -8.56 2.19 0.8686
0 -8.37 1.27 5.6912
0 -6.6 3.39 4.7787
0 -8.12 5.36 2.7515
0 -8.19 3.83 4.74
0 -9.21 1.79 4.6031
0 -8.92 3.77 3.5496
0 -8.62 2.79 4.5416
0 -9.01 3.41 3.9866
0 -8.48 3.83 4.9919
0 -7.4 4.69 3.3796
0 -5.42 6.36 1.3571
0 -5.83 6.28 1.1083
0 -4.72 5.63 1.1514
0 -2.96 11.09 0.9425
0 -3.67 8.04 1.2791
0 -6.37 6.53 2.3903
