0.875 -24.72 1.19 1.631
2.475 -8.89 -3.08 1.3578
1.175 -11.11 0.18 1.6142
0.45 -14.12 -3.91 4.2274
1.75 -14.53 -2.62 1.6901
0.875 -9.96 -5.5 0.569
0 -9.84 -2.05 1.4164
0 -9.35 -1.48 0.7193
0 -10.81 4.26 4.5578
0 -8.9 4.65 3.3657
0 -7.47 3.61 2.301
0 -5.23 7.11 5.4918
0 -3.86 7.81 3.8592
0 -8.5 6.67 3.3163
0 -5.71 8.54 3.9375
0 -5.62 9.72 4.9483
0 -8.92 6.21 4.2574
0 -8.53 4.46 4.7626
0 -6.34 6.89 4.8562
0.125 -6.64 5.8 3.3986
16.35 -4.82 6.7 2.7515
31.275 -6.96 5.1 2.1511
18.625 -14.37 6.95 1.63
50.275 -3.35 1.1 2.5734
15.275 -7.17 0.12 3.583
0.65 -12.77 -6.41 0.7799
0.075 -13.66 -5.25 1.3003
0 -11.96 -2.19 1.5636
0 -8.69 0.98 4.2638
0 -7.9 5.92 4.5266
0 -5.73 7.33 3.0987
0 -5.92 6.47 3.1549
0 -7.48 5.63 3.8419
0 -8.3 7.55 3.7835
0 -4.24 9.35 2.9999
7.675 -4.89 8.07 2.574
11.05 -7.31 0.78 2.8768
3.85 -8.52 -2.44 2.8103
21.825 -7.94 0.03 1.3758
13.1 -12.47 -1.18 3.7475
4.525 -15.57 -7.31 0.4928
10.1 -11.45 -5.34 2.4424
4.475 -9.89 -4.51 1.4253
8.875 -10.41 -4.26 3.0045
5.25 -10.41 -4.53 3.2423
2.8 -9.29 -4 5.5826
33.425 -8.89 -4.62 5.5554
24.875 -8.63 -5.68 4.3234
3.425 -11.12 -6.03 1.1451
0 -10.9 -3.42 3.4199
0 -10.49 1.2 2.5943
6 -10.27 4.2 3.8229
20.925 -8.48 1.93 3.4986
12.025 -6.23 -2.63 2.5274
5.225 -8.11 -0.88 1.4662
2.675 -7.47 3.83 1.4377
0.15 -8.26 -0.69 2.4123
0 -7.45 4.18 0.3569
0 -8.08 6.19 3.703
14.125 -4.58 6.24 2.7452
29.8 -3.19 4.03 3.9089
17.525 -4.49 2.6 4.9071
23.325 -8.34 -3.38 3.0467
3.275 -12.44 -5.51 0.8265
1.325 -10.83 -1.97 1.8853
0 -12.3 -2.68 0.264
0 -12.46 1.68 1.4878
0 -10.45 4.13 2.6882
0 -12.29 -0.72 0.4151
0 -10.94 3.84 0.5699
0 -9.2 4.37 2.1644
0 -7.06 7.27 2.4905
0 -8.91 8.84 1.2972
0 -7.06 5.32 2.1894
0 -3.48 6.98 2.4926
0 -5.83 10.22 1.1347
0 -5.24 11.12 1.1052
0 -2.96 12.56 0.8409
0.025 -3.85 12.86 0.7209
9.15 -3.83 12.21 1.94
25.975 -9.22 3.31 4.2182
1.95 -14.26 -5.65 2.2784
0 -12.26 -2.64 1.8725
0 -9.08 6 0.4943
0 -6.54 7.91 2.1189
0 -7.15 10.34 2.0862
0 -5.27 9.87 1.342
0 -4.81 11.48 3.2334
0 -7.56 8.24 1.9031
0 -6.9 6.8 0.3147
0 -5.6 8.62 2.59
0 -4.22 10.91 2.5371
0 -6.39 9.04 5.3448
0 -10.03 1.67 1.8944
0 -9.33 6.13 2.8514
0 -7.13 9.95 2.4731
13.625 -4.69 12.64 1.3868
20.325 -7.32 8.69 3.2486
13.15 -7.2 -1.16 1.7091
4.3 -7.28 0.29 2.261
0.45 -7.87 -0.21 3.8053
0 -6.46 4.61 1.6656
0 -5.84 8.93 2.0007
0.025 -4.36 8.82 4.5551
0 -11.56 2.4 6.1853
0 -10.28 -1.38 3.3122
0 -8.23 6.33 1.4813
0 -5.79 11.52 2.9512
0 -2.98 14.79 2.8369
0 0.03 18.2 1.5767
0 1.95 20.25 1.1368
0 2.91 20.93 2.0763
0.125 1.16 19.81 2.7995
1.9 -1.27 13.25 3.4806
1.075 -8.86 2.49 3.6684
0 -7.38 5.68 2.0248
0 -5.19 8.66 2.3443
0 -5.78 8.51 3.2181
0 -7.81 5.69 1.6376
3.175 -5.59 8.95 2.005
56.15 0.78 12.05 1.9823
36.975 -2.78 7.71 2.5845
2.375 -0.75 5.37 3.6454
1.225 -3.25 5.29 1.8608
0.15 0.38 9.82 3.6177
0 -1.73 12.03 2.3084
0 -1.24 15.39 2.8829
0 0.48 15.93 1.6582
0 -0.43 16.34 1.211
0 0.22 16.9 0.9046
0 0.45 17.85 3.0278
0 -2.57 17.27 3.2828
0 -0.93 14.95 2.4652
0 -0.33 14.57 3.2813
0 1.13 16.22 1.6591
0 2.05 18.78 1.5687
0 5.44 23.08 0.2985
0.15 7.36 24.88 2.428
0.075 5.46 24.36 2.7756
0 2.61 18.68 1.8324
0 1.67 17.47 0.9836
0 2.5 18.47 2.4946
0 2.19 18.23 2.9821
0 2.57 17.43 2.7836
0 1.37 16.93 1.8937
0 1.47 17.06 1.261
0 2.22 18.97 0.8201
0.15 4.63 19.41 1.9068
0.1 3.78 19.47 2.4543
3.9 2.55 18.85 3.2949
2.325 2.76 18.96 2.2066
0 3.78 17.66 2.0109
0 3.04 15.91 2.2759
0.25 3.42 14.32 0.666
10.8 0.13 12.73 2.2271
9.175 -2.25 11.44 3.6222
3.625 -3.42 3.12 2.4421
1.15 -2.3 5.68 2.7669
0 -1.52 11.1 2.5883
0 1.04 13.52 3.4426
0 1.16 12.85 3.1001
0 -0.72 11.56 3.3752
1.85 0.01 12.14 2.2757
2.25 1.44 11.4 3.6406
0.675 -0.64 11.38 2.5356
0 -0.18 12.15 2.4512
0 1.01 12.51 2.421
0 3.01 13.89 2.9676
0 2.9 16.34 1.6819
0 6.15 22.02 2.6712
0 2.55 20.25 3.3022
0 0.38 15.61 3.1975
0 0.42 14.67 1.0944
0 1.66 16.91 0.6409
0 4.23 20.45 1.4011
0 4.94 22.81 2.6587
0 4.63 21.09 1.775
0 5.41 21.4 0.8402
0 6.1 25.38 0.5486
0.35 9.19 26.68 2.9928
0.35 8.4 26.32 3.0005
0 7.57 23.95 2.2644
0 7.99 24.08 1.6601
0 6.5 22.52 2.8667
0 5.65 23.25 2.5049
0 5.11 22.1 2.7673
0 4.58 21.77 2.5914
0 3.27 19.99 2.8558
0 2.91 19.28 2.5959
0 2.67 19.12 2.5628
0 3.04 19.54 1.8771
0 4.82 20.86 1.829
0 5.66 22.04 2.2666
0 5.75 21.62 1.3152
0 5.37 23.71 0.4988
0 7.14 25.09 1.6523
0 8.25 26.98 2.0168
0 8.64 20.66 1.8784
0 9.17 26.71 2.0901
0 10.96 28.55 1.7458
0 12.25 29.18 2.4617
0 8.92 27.64 2.511
0 7.88 25.63 2.2194
0 9.94 25.56 2.0382
0 8.5 25.03 2.0956
0 7.79 24.82 2.1466
0 7.81 25.09 1.9234
0 8.06 26.31 1.8818
0 9.6 26.59 2.1372
0 9.36 25.93 2.8575
0 9.73 25.01 2.5488
0 9.1 25.05 2.5139
0 7.72 25.35 2.461
0 7.37 25.19 2.9654
0 5.39 21.98 2.6085
0 5.21 21.53 2.1303
0 7.19 22.33 2.4463
0 3.95 19.65 3.1673
0 1.76 12.66 1.9815
0 1.33 14.03 1.3175
0 3.43 18.94 0.2744
0 4.06 22.7 1.1911
0 8.56 24.73 2.9289
0 9.01 25.87 2.6693
0 6.7 23.79 2.9567
0 6.43 23.19 3.221
0 4.05 20.97 1.3436
0 2.37 20.48 0.2941
0 3.98 22.54 0.6423
0 4.75 23.87 0.8536
0 5.2 26.55 1.2593
0 7.56 27.63 2.0129
0 8.54 26.99 2.2032
1.125 8.54 27.66 2.3405
1.125 7.67 22.57 3.1058
0.275 5.87 21.89 1.605
0 3.67 22.28 1.6031
0 3.95 21.74 0.5359
0 4.35 22.55 1.3986
0 6.59 22.85 1.0884
0 6.87 24.39 1.2717
0 6.92 25.93 2.9132
0 8.26 23.11 1.9658
0 5.52 22.95 0.899
0 4.92 25.15 0.2393
0 7.9 24.16 1.3722
0 7.5 23.96 2.1194
0 4.98 22.73 2.0803
0 2.19 21.46 1.9752
0 2.13 18.78 1.4461
0 3.42 20.06 0.4524
0 3.12 19.95 0.9475
0 5.49 22.17 0.3662
0 6.56 23.34 0.9361
0.025 6.77 25.7 1.6592
0.8 6.1 21.82 2.2691
0.425 2.67 16.8 2.7067
0 0.37 20.06 1.4986
0 2.24 19.17 1.2359
0 4.1 20.6 0.337
0 4.47 21.79 1.1117
0 6.42 24.31 2.2498
0 6.76 22.59 0.9983
0 9.19 17.01 2.4717
0 4.09 24.55 2.4849
0 7.38 24.52 1.52
0 3.89 23.93 0.7397
0 4.98 23.25 0.7629
0 8.8 24.65 1.1852
0 6.06 25.59 0.3848
0 6.01 25.67 2.1261
0 4.87 21.92 2.5481
0 -3.69 12.15 2.325
0 -4.92 10.47 2.5295
0 -2.24 14.47 0.7596
0.675 -0.69 15.32 3.195
0.45 -6.17 12.45 3.5475
0.025 -8.21 0.12 0.3125
0 -6.86 7.49 3.0007
0 -5.75 10.11 1.6164
0 -3.64 10.98 1.3922
0 -4.4 12.99 0.7781
0 -1.71 14.43 0.4612
0 -3.1 14.13 1.9547
5.025 -1.99 13.33 1.9116
18.9 -1.69 7.2 6.4126
9.7 -1.69 4.42 4.4178
0.1 0.69 8.22 0.832
0 0.87 14.16 2.2561
0 0.47 15.89 1.1154
0 1.73 18.2 1.8903
0.575 1.94 14.03 2.4041
0.35 -5.84 5.85 2.3604
0 -5.33 8.16 1.0665
0 -3.56 11.08 0.5456
0 -3.13 12.16 0.8907
0 -0.89 14.12 1.1316
0 -1.21 11.49 1.7832
0 -1.55 12.68 1.1823
0 -1.69 13.57 4.094
0 -7.16 2.38 5.0061
0 -8.96 2.18 0.7741
0 -7.88 4.54 0.0268
0 -4.35 10.15 0.8519
0 -3.38 12.58 0.8199
0 -0.75 14.21 1.166
0 -1.03 15.73 1.1077
0 -0.84 15.83 1.6943
0 -1.52 14.48 2.2318
0 -4.86 9.79 0.5783
0 -5.4 8.6 1.4726
0 -7.06 6.08 1.8377
0 -6.38 6.55 1.2585
0 -4.61 7.97 0.7908
2.025 -1.71 9.54 0.4861
1.775 -3.95 8.03 2.0659
0.325 -8.17 -0.64 1.1596
0 -8.69 0.92 1.1241
0 -9.4 2.05 2.8522
0 -7.48 5.03 2.2111
0 -5.49 7.14 1.6718
0 -5.65 8.59 1.4058
0.275 -7.84 3.79 2.3576
1.425 -7.08 5.81 3.721
0.75 -6.76 4.83 0.9852
0 -6.85 1.47 0.4581
0 -8.04 4.48 2.3773
0 -7.26 3.9 3.8536
0 -6.02 5.36 4.1478
0.375 -6.01 6.61 2.719
0.775 -4.94 7.51 1.2092
0.325 -8.15 3.84 4.7682
0 -6.74 0.67 5.1261
0 -7 3.08 3.9488
0 -6.95 5.2 1.5884
0 -7.84 5.38 2.2539
0 -9.38 6.03 2.1619
0 -8.69 2.78 2.1533
0.075 -8.01 3.9 1.2989
19.025 -10.79 0.45 2.2174
18.05 -9.99 -3.04 1.0282
3.975 -18.74 -8.12 0.6413
0 -19.1 -8.54 1.9141
3.85 -15.91 -6.24 3.024
35.1 -8.74 -2.65 2.8222
56.525 -6.12 -2.52 3.7131
32.125 -7.66 -1.86 4.5335
2.075 -9.47 -4.06 0.6798
0 -9.06 -4.46 3.0326
0 -7.34 -0.72 2.4184
0 -6.38 1.22 2.3283
0 -6.02 1.85 2.8498
0 -6.54 1.73 4.1535
1.35 -6.54 2.12 2.9311
13.5 -5.81 4.19 1.8219
11.2 -8.86 1.38 3.6699
0.125 -13.36 -5.04 2.8072
0 -9.93 -0.98 3.8848
0 -9.35 -0.57 3.7926
6.45 -9.35 -0.94 4.0421
4.025 -8.22 -0.53 1.9253
2.775 -9.66 -2.65 3.1702
9.375 -9.29 -2.24 0.7098
4.8 -8.18 -2.58 1.4929
0.075 -8.56 -2.79 2.4357
0 -8.2 0.47 1.8655
0 -8.06 0.66 1.2538
0 -7.96 2.07 4.0455
0 -8.03 3.63 2.9591
0 -6.77 3.25 2.5591
0 -7 3.69 3.01
0 -8.03 3.27 2.8225
0.1 -5.17 5.2 3.1093
1.65 -4.92 5.57 2.3313
0.65 -3.67 4.42 2.4426
1.25 -3.93 2.88 3.1173
18.625 -6.5 5 4.3022
11.1 -5.14 1.88 2.0474
0.05 -8.44 -0.93 1.4152
0 -8.55 0.85 3.3255
0.575 -8.72 3.24 1.9291
40.65 -8.6 4.1 2.4818
59.65 -7.35 0.14 4.6261
34.625 -8.16 -4.53 5.3761
38.4 -8.19 -5.25 6.317
48.075 -9.97 -5.63 4.0697
24.675 -9.33 -6.85 4.1775
4.1 -11.82 -8.23 0.8666
1.375 -11.74 -5.74 2.1479
6.25 -10.31 -4.44 3.6412
3.25 -8.03 -4 2.9387
0 -9.04 0.6 1.3395
0 -11.2 0.83 2.8278
1.7 -9.44 -0.71 3.18
1.025 -7.9 1.44 1.4308
0 -11.58 -0.18 1.1702
0 -15.93 0 1.7004
0 -8.87 1.37 1.9659
0 -8.18 1.35 0.5976
9.45 -7.96 1.94 2.5525
15.525 -7.22 2.11 3.4558
13.4 -6.36 -1.06 1.783
4.475 -8.09 -3.55 2.6173
0.5 -10.19 -2.2 1.3661
1.8 -10.39 -1.64 2.3393
0.875 -10.31 -2.85 0.5939
0 -9.36 -0.04 0.9652
0 -7.41 1.25 1.0248
0 -7.88 4.64 1.5894
0 -6.88 5.92 1.582
0 -6.74 8.36 0.9683
0 -6.59 7.74 1.6925
0 -5.76 9.27 2.4375
0 -4.52 9.46 1.2996
1.925 -6.85 7.64 1.3482
5.7 -5.74 2.79 2.5093
17.525 -6.55 4.05 3.1988
7.2 -10.94 -3.75 2.3548
8.475 -10.84 -1.43 3.5955
22.6 -7.58 0.07 2.8777
2.875 -8.35 -1.26 0.6833
29.25 -7.59 3.8 4.3255
19.25 -7.61 2.42 1.7639
1.8 -8.61 -3.24 0.6274
0.4 -7.93 3.74 2.3791
5.1 -5.77 6.19 2.6666
19.975 -7.35 4.84 3.2038
10.225 -9.82 -0.92 3.2108
0.025 -11 -2.95 1.3058
0.025 -10.02 1.59 2.6165
0.05 -9.39 1.32 0.9
5.475 -8.86 3.65 2.4378
3.95 -13.29 -1.64 3.956
0.4 -11.3 -2.98 2.1318
0 -11.71 -3.43 0.4128
31.925 -9.75 3.96 2.0749
19.15 -9.76 3.84 2.5723
0 -10.35 -0.36 2.6275
0 -10.15 5.73 3.7671
0 -8.41 10.21 1.5014
0 -6.89 12.2 0.6628
0 -4.26 11.35 2.9224
0 -8.81 9.46 2.1043
0 -3.46 12.92 2.0672
0 -6.62 11.75 0.7243
0 -6.65 9.98 1.3215
0 -7.83 9.86 2.3085
0.475 -7.8 11.1 2.1349
1.325 -5.04 10.63 2.447
0.625 -9.3 2.62 2.6624
0 -8.18 -2.86 2.8445
0 -7.06 8.91 1.3548
2.15 -4.63 10.78 2.5007
6.025 -4.79 10.12 5.7234
2.9 -8.68 -1.3 3.2244
2.5 -11.88 -2.42 0.9195
8.95 -10.86 8.39 2.2604
1.4 -8.18 -0.75 2.1347
8.975 -9.07 -0.29 2.7419
5.375 -10.03 -2.95 3.4509
0 -11.78 -1.94 0.8694
0 -10.2 3.67 2.1668
0 -8.13 8.99 0.4086
0 -5.81 10.54 1.1711
0.475 -5.29 9.9 1.9814
7.2 -4.92 5.5 3.9241
5.55 -8.04 -0.59 4.6614
0.825 -9.03 -2.96 1.0725
0 -8.39 3.31 0.6668
0 -7.2 4.96 0.8262
0 -5.29 9.99 2.6166
0 -6.02 10.02 1.4177
0 -4.97 12.16 1.0681
2.375 -4.05 13.74 1.83
6.425 -2.68 11.28 2.7537
3.45 -8.43 0.42 2.9802
0.25 -7.54 -4.22 1.6149
0 -6.62 -0.7 1.5118
0 -5.22 9.47 0.7365
0 -3.43 11.7 1.3664
0 -1.74 14.37 0.7309
3.625 -0.33 14.94 4.1402
4.275 -5.49 5.05 5.2142
1.325 -10.38 -2 4.0708
0.025 -9.77 -0.59 3.4808
0 -7.57 5.14 1.9661
0 -5.52 9.07 2.1378
0 -4.97 13.34 0.9791
0 -2.41 14.76 2.0308
0 -1.91 13.99 3.6006
0 -4.83 10.25 2.1495
0 -4.72 9.34 0.7892
0.025 -3.43 11.74 2.8772
1.375 -4.08 10.7 3.8334
4.35 -7.32 1.36 3.3358
2.15 -10.85 0.59 4.4695
0.025 -9.09 2.05 2.295
0.05 -4.27 8.65 1.0181
0.025 -3.46 11.81 0.6111
0 -1.27 13.75 0.5064
0.625 1.16 15.7 1.3363
1.55 2.25 15.26 2.009
0.7 -9.94 13.83 2.1564
0.075 -2.13 8.38 1.735
0.05 0.28 11.7 3.4134
0.05 -3.31 12.34 4.4275
0.075 -7.78 6.39 3.7741
0.1 -7.92 1.38 4.0993
0.725 -6.49 3.18 2.3669
1.875 -6.22 3.85 1.5753
3.9 -3.17 8.19 3.1848
4.95 -4.27 5.98 2.6424
1.875 -6.78 2.6 3.7176
0 -6.06 5.02 1.9041
0 -2.31 12.61 0.5568
0 -3.59 16.29 2.6072
0 2.9 15.6 2.9368
0 0.94 14.01 2.7099
0 2.46 15.67 2.8635
0 4.07 17.04 2.8894
0 3.88 17.12 2.1324
0 5.37 20.94 3.1405
0 5.56 21.36 3.1569
0 3.61 19.04 2.455
0 3.24 18.48 3.9612
0 0.16 16.74 4.666
0 -0.56 12.5 5.1073
0 2.52 11.56 3.9502
0 1.7 15.83 1.0931
0 2.93 17.62 1.6262
0 4.04 20.34 3.0529
0 0.02 18.42 3.1128
0 -0.74 13.9 0.9645
0 -0.31 18.55 2.3407
0 0.14 15.7 3.1732
0 -1.39 15.19 2.5109
0 -0.73 17.32 1.4858
0 1.28 15.32 1.0356
0 3.59 19.02 1.6824
0 3.24 20.11 2.1056
0 5.21 16.14 2.6456
0 3.9 18.19 2.3178
0 6.62 20.05 0.8451
0 7.92 24.03 1.5055
0 8.78 24.93 3.1684
0 5.94 22.69 2.983
0 3.93 21.46 2.6406
0 2.85 19.22 2.7323
0 4.45 19.79 1.9342
0 3.12 18.35 0.8835
0 4.86 21.52 1.8902
0 5.45 22.61 2.4806
0 6.19 22.44 2.2136
0 5.9 21.27 2.3045
0 7.99 23.17 2.1504
0 7.06 22.94 1.809
0 7.44 24.69 2.3742
0 8.97 23.91 3.3101
0 9.07 23.27 3.4732
0 6.81 21.37 1.9161
0 7.58 22.6 1.3093
0 9.3 25.55 2.5965
0 8.78 25.6 2.7778
0 9.15 25.56 2.5962
0 9.97 27.57 2.1499
0 7.4 26.95 2.0881
0 7.27 24.79 2.5875
0 5.89 24.41 1.0647
0 6.42 23.19 2.27
0 7.09 23.82 2.0342
0 8.82 25.01 2.4697
0 9.06 24.86 2.6796
0 4.7 23.74 1.901
0 4.2 24.74 2.3069
0 5.92 22.36 1.9316
0 5.15 23.65 2.235
0 5.3 23.58 2.4042
0 4.65 23.09 2.0864
0 5.18 21.95 2.4206
0 4.98 23.09 1.4922
0 4.2 23.68 1.9456
0 5.15 23.22 1.9806
0 3.37 22.66 2.0392
0 4.65 22.18 2.4914
0.175 6.34 21.16 2.8434
0.1 5.74 16.03 2.0158
0 3.54 20.44 1.8992
0 5.1 21.15 2.3058
0 2.69 13.61 1.0503
0 3.63 20.31 1.3046
0 5.02 21.84 2.2705
0 4.97 22.31 2.7325
0 5.88 22.84 1.1416
0 5.03 24.52 1.7027
0 5.24 25.04 1.8276
0 5.07 23.72 1.8828
0 4.62 23.32 2.2198
0 4.38 24.27 1.9719
0 6.18 21.54 1.7339
0 3.42 20.29 2.4742
0 7.86 24.43 2.1418
0 8.76 27.43 0.6835
0 10.64 28.88 2.3819
0 6.6 28.33 2.5722
0 2.53 22.7 2.9359
0 2.82 11.79 2.2487
0 -0.37 12.08 2.3871
0 -0.7 14.28 1.0731
0 1.57 17.52 0.5225
0 2.82 22.18 0.4222
0 6.5 25.47 1.1708
0 7.11 25.51 1.3093
0 6.24 24.92 1.9488
0 3.64 22.27 1.2716
0 2.84 22.67 2.5107
0 3.98 20.8 2.9984
0 -2.3 7.08 2.0865
0 0.36 19.19 0.6355
0 0.99 16.9 0.7293
0 1.94 20.5 0.9965
0 2 20.57 1.7197
0 1.05 19.27 1.4276
0 0.53 18.84 0.757
0 0.62 18.87 1.3771
0 -1.05 20.01 1.6208
0 0.23 18.97 1.5296
0 -0.19 18.87 1.5036
0 0.14 13.82 1.0746
0 -2.02 17.14 1.0233
0 1.07 15.51 2.7078
0 0.02 14.75 0.9559
0 0.7 17.78 0.4545
0 3.54 20.76 0.9512
0 4.69 24.28 0.4199
0 7.68 25.09 1.0831
0 9.72 26.23 0.527
0 7.93 26.81 0.4954
0 5.63 26.33 0.315
0.025 5.75 21.64 0.4713
1.7 5.98 18 1.3613
16.85 5.5 19.98 1.6471
32.1 2.42 9.34 1.4997
0.625 0.6 4.15 0.9445
8.625 -3.08 5.98 0.8051
0.825 -2.62 4.55 2.1138
0.025 -5.75 6.07 0.8715
0 -3.35 11.06 1.8581
0 -3.02 13.8 1.6235
0 1.38 16.67 1.3315
0 0.63 17.7 2.3578
0 3.51 19.53 1.6944
0 3.38 19.36 0.7988
0 2.77 18.03 0.6742
0 2.67 18.27 1.2402
0.95 3.28 14.06 0.8615
0.325 -0.17 9.8 1.0888
0 -0.05 8.91 1.7985
0.1 -1.23 15.21 1.0143
0.05 0.15 12.24 2.022
1.05 -1.97 9.94 1.8202
10.05 -1.06 8.46 1.6636
19.875 0.65 3.16 4.5969
5.95 -3.76 4.41 3.7662
0 -5.13 4.56 1.6196
0 -7.8 4.73 2.9976
0 -7.88 6.1 3.2731
0.9 -2.83 9.45 2.1106
0.65 -3.13 10.35 1.9625
0.05 -4.96 1.79 0.8938
0 -4.51 7.4 1.9005
0 -3.52 10.42 3.2776
0 -1.55 13.49 3.0723
0 1.97 15.15 2.0995
0 2.15 14.92 1.1116
0.5 0.52 14.03 2.3146
23.85 -1.89 10.64 2.9947
14.9 -6.61 1.53 2.7794
2.575 -8.68 0.7 0.5995
2.45 -7.95 1.87 1.613
0 -8.72 -0.48 2.6062
0 -6.9 3.66 1.4621
0 -7.28 6.05 3.1203
0 -4.99 6.36 1.5327
0 -3.26 9.62 2.4086
0 -3.9 9.65 0.8375
0 -5.42 8.43 2.167
0 -4.54 8.89 2.2425
24.275 -4.07 8.82 2.9723
41.775 -8.05 2.66 3.3152
30.975 -10.12 -5.47 5.3478
13.375 -9.93 -6.17 3.1183
13.925 -9.45 -4.62 4.2992
7.225 -13.98 -6.07 1.0082
0 -15.43 -6.88 3.3237
0 -15.08 -6.62 3.3098
15.025 -10.26 -3.45 2.8471
9.6 -14.73 -4.32 2.848
0 -16.4 -7.53 2.2275
0 -14.43 -6.39 3.0146
0 -10.27 -2.24 2.2482
0.025 -7.63 3.08 2.5509
0 -3.23 4.15 1.5913
0.225 -4.64 2.53 1.8573
5.525 -5.32 0.5 2.0935
2.4 -5.54 2.86 3.2151
0 -7.34 0.01 2.3526
1.65 -5.67 3.65 1.7855
2.95 -4.39 3.56 1.0142
0.375 -3.16 1.38 1.3251
0 -2.74 3.53 0.4845
0 -7.3 3.73 2.2941
0 -6.86 3.68 1.4783
25.375 -5.11 5.54 1.8287
17.75 -7.84 1.39 1.7702
6.225 -8.98 -1.94 2.4771
66.85 -8.97 -2.7 3.5021
99.825 -7.74 -3.36 5.3478
74.675 -6.63 -0.71 6.2515
27.825 -7.96 0.98 2.0862
10.525 -8.98 -7.01 2.1684
5.55 -8.33 -4.47 2.2685
2.5 -7.96 -3.07 0.3633
0 -8.89 -2.14 2.7912
21.625 -9.27 0.52 5.2017
12.55 -8.68 0.02 1.9038
0 -9.79 -5.84 1.0638
13.6 -9.69 -4.96 2.2719
9.175 -7.82 -2.99 4.4921
0.65 -16.78 -5 2.6918
1.125 -16.77 -7.83 1.366
8.45 -16.41 -8.02 3.8561
22.125 -8.78 -6.97 4.8003
32.8 -9.33 -6.11 2.6165
0 -12.29 -5.7 3.2117
0 -12.37 -6.46 3.8987
0 -10.58 -1.83 5.4786
0 -10.45 -1.99 3.8973
0 -11.61 -4.25 1.8864
0 -11.62 -0.83 1.1153
0 -12.88 -3.75 3.2888
0.95 -12.91 -2.02 3.2342
9.975 -8.44 -2.43 1.6963
0.075 -9.42 -0.44 1.6561
0.05 -9.44 0.69 1.4412
0 -9.88 1.51 2.517
0 -8.41 2.94 1.0365
0 -7.83 4.74 0.6988
0 -7.5 2.37 2.2687
0 -7.43 5.76 1.3151
0 -9.76 7.12 4.3076
0 -9.75 4.32 3.7337
0 -12.91 3.31 2.727
0 -6.59 7.97 3.8113
0 -8.53 3.78 2.1034
0 -8.03 5.49 2.2165
0 -8.07 4.57 4.9826
0 -8.07 5.44 3.2421
0 -8.07 5.53 1.8084
1.65 -7.43 6.17 0.5742
18.125 -8.06 5.75 1.8221
6.3 -9.82 -5.05 1.5907
0 -11.13 -1.13 1.9767
0 -12.96 0.56 3.0611
0 -12.54 1.45 2.1367
0 -9.79 3.52 2.8703
0 -8.83 6.85 1.728
0 -7.65 7.3 1.9397
0 -4.99 9.14 0.5861
0 -8.49 8.08 2.1252
0 -10.77 7.5 3.6221
0 -12.07 1.84 3.8605
0 -11.69 3.08 3.9514
0 -9.55 6.44 2.6808
0 -7.93 8.63 1.3275
0 -8.29 7.41 3.2642
2.775 -9.19 6.52 3.9126
54.275 -8.03 4.86 6.0186
30.225 -10.41 -6.89 4.3285
37.5 -9.33 -6.55 3.2297
41.525 -9.43 -4.72 4.032
6.275 -13.81 -5.77 0.8735
0 -13.81 -3.8 1.1677
0 -13.72 -3.92 0.3602
0 -12.73 -0.13 0.2955
1.925 -12.06 -0.96 2.2899
18.025 -10.3 -3.09 5.8505
22.3 -13.87 -6.49 0.7369
0 -15.6 -8.1 0.4639
0 -15.17 -5.56 2.0995
1.3 -13.3 0.83 1.67
7.5 -8.44 2.45 3.4304
12.725 -7.01 0.33 1.5878
1.85 -8.83 2.16 1.4581
1.1 -8.53 5.55 0.6022
16.925 -8.22 7.66 1.7375
33.225 -5.87 -0.32 4.5201
0.025 -9.62 -0.95 0.5388
0 -9.31 5.14 1.5021
0 -8.18 9.97 1.0255
0.125 -7.26 9.29 1.203
0.075 -6.87 7.08 0.7407
0.475 -6.86 9.53 0.8451
0.55 -4.83 4.14 1.0196
4 -4.7 8.31 1.1535
35.725 -3.07 9.48 2.7023
1.175 -7.89 0.31 1.033
28.4 -9.24 3.85 3.2493
33.6 -8.81 -4.18 4.8978
80.675 -8.72 -4.73 6.1374
13.075 -10.12 -3.53 2.6639
2.05 -10.25 -0.89 0.954
7.125 -10.08 -0.55 4.5826
46.475 -10.08 -1.05 5.3553
40.7 -13.37 -3.08 4.0225
21.45 -8.36 -3.38 2.9303
10.975 -8.87 -6.05 1.5322
0.05 -7.92 1.74 0.5854
0 -8 5.15 1.2496
0 -8.28 6.86 2.2155
0 -7.77 8.66 2.2482
0 -4.3 12.51 1.6212
0 -4.27 16.75 1.1877
0 -5.31 14.18 1.1888
0.25 -6.29 12.67 1.9492
0 -5.34 12.11 1.4285
0.525 -3.88 12.36 1.5265
5.4 -8.13 10.2 3.5252
7.975 -12.8 -5.4 1.3822
4.25 -12.33 -6.48 1.4806
0.275 -12.53 -0.8 0.5779
0 -9.48 5.82 1.5558
0 -7.71 7.05 1.4596
0.175 -7.01 8.04 2.8848
0.325 -9.39 -0.21 0.6313
0 -7.29 6.83 0.7575
0 -5.67 12.07 1.4734
0 -5.22 13.78 2.3728
0 -5 13.75 2.9896
0 -2.95 9.23 1.7927
0.575 -5.76 12.81 2.2428
19.625 -2.23 3.7 2.4194
1.475 -5.53 7.38 0.8709
0.4 -5.93 7.01 1.4629
0.275 -3.86 6.04 2.5282
2.05 -4.49 3.44 2.4634
0.025 -6.81 6.15 2.8182
0 -5.1 7.98 0.8383
0 -4.72 10.67 2.5218
0 -6.65 10.87 4.6546
0 -5.18 8.93 3.6775
0 -5.16 8.97 1.9682
0 -3.46 11.35 0.4934
0 -1.34 13.97 0.8187
0 -0.09 15.24 3.0292
0 2.01 17.99 0.7594
0 1.85 17.84 1.6312
0 0.64 17.03 2.1434
0.575 -0.6 14.18 3.1607
1.05 -4.52 5.87 3.4023
6.775 -6.67 -0.31 2.8091
0 -5.14 9.4 1.7408
0 -1.6 12.83 1.1935
0 -0.53 15.57 0.584
2.075 -0.43 17.21 2.9891
12.675 -8.22 9.41 2.918
5.825 -8.22 -1.64 1.1192
11.25 -6.38 2.44 3.5137
17.65 -7.97 -1.34 2.4449
2.825 -6.98 2.18 3.4798
0.275 -5.66 9.02 1.8364
0 -1.56 13.22 1.9956
0 -1.76 12 2.9211
0 -3.61 12.14 4.4429
0 -3.96 9.85 2.4882
0 -2.75 12.42 2.8103
0 -3.71 10.77 2.71
0.375 -3.71 10.53 3.4178
1.325 -2.83 11.38 4.361
12.35 -6.61 6.88 4.9228
2.9 -6.34 2.78 2.902
0.175 -2.88 8.96 2.7375
0.275 -2.29 11.01 3.0717
2 -6.58 4.6 1.7635
0 -5.8 7.51 0.5664
1.5 -3.53 7.33 2.8672
17.6 -0.34 2.51 1.3338
11.5 -3.38 8.84 3.5232
0.025 -4.17 4.97 1.9052
0 -2.72 10.91 3.0752
0 -0.85 13.94 1.6299
0 0.73 16.62 2.2784
0 1.16 17.14 3.0361
0 -0.34 14.43 2.6261
0 1.16 15.42 2.7321
0 3.1 17.46 1.6459
0 4.18 20.3 1.8558
0 3.76 20.17 2.5852
0 1.55 17.4 1.2505
0 2.8 16.88 2.9274
0 2.44 17.95 2.0487
0 4.17 18.81 0.2765
0 4.62 21.16 0.4402
0 6.13 23.57 2.4618
0 5.63 22.78 2.8693
0 3.22 20.8 2.6802
0 2.14 20.45 2.7267
0 2.41 19.54 2.2773
0 3.91 19.89 2.2355
7.575 3.86 20.72 2.5942
19.65 1.73 17.28 2.4716
5.625 -0.74 8.32 2.2144
0 0.69 15.99 0.8577
0 3.08 20.63 0.8008
0 6.29 22.58 0.6294
0 5.49 23.13 1.5999
0 6.81 23.04 1.892
0 8.29 20.8 2.5169
0 8.97 22.89 2.8537
0 8.32 22.17 2.275
0 7.3 22.73 2.5451
0 5.14 22.24 2.1803
0 4.06 21.58 2.3375
0 3.45 18.47 2.4101
0 3.32 19.14 3.1358
0 2.83 17.04 2.6505
0 3.78 15.84 3.1995
0 2.17 15.38 3.1084
0 2.27 16.43 1.9728
0 1.94 18.13 1.3805
0 2.46 20.35 1.9393
0 2.89 20.38 1.2632
0 3.54 21.33 2.3024
0 5.48 21.98 2.8295
0 5.63 21.55 1.862
0 7.08 22.51 1.936
0 4.98 24.05 2.1609
0 4.98 22.63 1.8368
0 4.22 21.95 1.7246
0 5.76 21.21 1.5004
0 7.36 23.91 2.2857
0.05 8.78 25.19 2.9796
0.1 10.77 25.13 2.1011
3.525 8.99 19.52 1.5086
0 7.3 23.16 1.9155
0 7.67 24.34 2.0828
0 4.96 23.11 3.0373
0 3.92 19.6 2.2721
0 4.96 20.93 3.0352
0 4.28 20.2 2.3821
0 5.61 21.22 1.7527
0 4.99 22.57 1.8317
0 4.96 22.51 2.1861
0 5.13 21.39 2.6458
0 4.85 21.76 1.5857
0 6.37 24.02 1.2652
0 5.46 23.81 2.0415
0 5.38 22.23 1.5266
0 4.4 21.61 1.0854
0 3.94 22.08 1.5258
0 4.64 22.07 1.4072
0 5.54 22.93 2.5479
0 4.16 21.04 1.9847
0 3.48 20.54 1.3888
0 1.61 20.51 1.0421
0 3.09 21.99 0.9647
0 4.61 22.88 2.0449
0 6.86 23.39 1.2604
0 6.64 23.15 0.8269
0 5.89 25.9 1.0751
0 7.27 25.87 1.4267
0 6.87 26 1.6054
0 4.32 24.83 1.8811
0 3.74 22.38 1.8019
0 3.24 21.61 0.7792
0 3.71 21.62 0.7534
0 3.89 23.78 0.8866
0 5.43 23.16 0.9271
0 6.59 23.81 1.8024
0 5.34 21.97 0.6316
0 5.89 23.25 0.8881
0 6.02 24.79 0.8096
0.15 6.41 24.38 1.6255
5.45 4.09 24.46 1.0724
3.825 4.41 19.39 1.5016
15.9 1.44 14.89 1.3749
1.975 3.05 17.39 0.5704
21.8 2.92 19.79 1.1218
0 2.99 17.36 2.4173
0 3.31 18.98 1.8779
0 2.79 16.69 1.6107
0 1.44 16.69 0.2589
0.025 2.03 19.92 0.2536
0.025 5.45 22.21 0.9008
0 6.1 22.67 0.4169
11.4 6.19 23.22 0.2872
0 6.78 23.02 0.5988
0 6.41 24.37 1.6457
19.85 2.81 20.08 2.2858
0.225 1.78 12.92 1.7825
0 2.07 16.96 0.4262
0 5.77 20.3 0.6311
0 5.94 21.08 1.1025
0 3.46 22.56 1.4831
0 1.82 21.57 2.3754
0 2.31 17.93 1.9359
0 1.66 15.94 2.0835
4.825 0.34 13.06 2.34
41.65 -2.08 7.7 3.8265
22.9 -6.95 6.1 0.7691
3.95 -7.9 5.98 0.9202
0 -7.47 6.03 1.2789
0 -4.38 10.35 1.218
0.55 -2.15 12.14 1.5687
6.7 -0.97 7.02 1.6358
0 -2.08 13.5 0.8943
0 -1.59 15.39 0.5789
0 2.99 18.31 0.4764
0 0.1 17.85 1.065
0 0.13 15.59 1.5813
0 0.72 15.69 1.7623
0 1.54 16.28 1.7677
0 -0.45 17.73 0.7096
0 -0.34 14.55 0.5823
0 0.45 15.81 0.4566
0 0.81 14.48 2.2149
0 -1.16 16.22 1.8231
0 -0.24 17.06 2.2276
0 -2.15 14.36 1.3266
0 -3.51 10.02 3.4654
0 -6.13 8.51 3.4284
0 -6.43 8.08 2.1212
0 -3.04 10.82 0.8862
0 -2.41 12.48 2.1723
0 -1.98 13.25 0.1238
0 -2.52 12.79 3.1964
0 -2.25 11.16 4.2029
1.15 -7.08 10.8 3.8454
10.075 -8.74 8.24 1.8385
1.75 -10.6 -3.47 0.3914
10.675 -9.64 -2.39 1.479
0.25 -10.14 -3.01 0.9351
0 -10.96 -0.3 2.3257
0 -10.12 1.95 3.2855
0 -9.45 5.41 3.0277
0.65 -8.43 5.33 3.434
4.4 -3.74 3.44 1.0261
0 -5.52 3.8 0.1993
0 -4.9 5.14 0.6096
0 -7.71 5.2 0.5247
0 -7.58 5.27 0.8937
0 -7.31 5.52 0.9908
0 -7.97 6.18 3.2458
0.425 -8 0.83 2.2013
1.025 -7.54 -2.1 3.9883
4.15 -9.82 -2.69 1.6071
0 -10.12 0.21 2.2332
0 -9.76 3.48 3.4609
0 -9.77 10.59 2.2219
0 -9.67 3.42 0.8174
0 -8.96 3.6 2.9618
0 -7.84 5.41 2.3853
0 -6.64 5.71 1.0745
0 -4.21 6.5 1.8065
0 -8.23 6.88 3.3212
0 -8.33 4.65 8.8598
0 -8.32 0.37 3.7375
0 -10.41 4.32 4.436
0 -11.65 2.32 2.7582
0 -11.56 -0.07 3.4995
0 -12.61 0.35 3.0847
0 -12.02 -0.13 3.6573
0 -11.8 1.66 3.7785
0 -11.21 1.26 4.3488
0 -10.29 1.58 3.2544
0 -11.34 2.12 1.0987
0 -12.58 1.71 1.6697
0 -12.31 -1.45 1.4753
0 -11.42 -0.86 1.1496
0 -11.26 -0.74 0.8972
0 -11.53 -1.36 5.6946
0 -11.41 1.27 4.7613
0 -12.35 1.52 2.7175
0 -12.08 2.02 4.6693
0 -13.41 -0.01 4.6053
0 -12.05 -2.31 3.4935
0 -13.36 0.49 4.5638
0 -12.6 3 4.0176
0 -12.41 1.67 4.9728
0 -11.67 1.55 3.3854
0 -10.06 2.2 1.3346
0 -10.1 3.92 1.1575
0 -9.44 2.53 1.2005
0 -7.23 6.98 0.9552
0 -8.33 5.42 1.1152
0 -10.62 4.31 2.3968
