0.1 6.04 8.26 1.4841
2.15 7.15 8.82 0.8855
0 0.54 10.48 2.0878
0 -2.26 11.04 2.8234
0.775 3.82 8.36 1.6864
0 1.64 9.92 0.3198
0 0.5 9.38 1.3913
0 2.14 11.58 1.2586
0 1.65 13.81 3.6344
0 0.51 14.93 3.5161
0 -0.02 16.03 2.4914
0 1.05 17.72 4.9476
0 1.12 19.96 4.1944
0 1.11 19.4 3.7922
0 1.09 19.95 3.7119
0 3.25 19.93 4.795
0 2.18 19.94 3.8603
0 2.71 20.48 4.3325
0 0.56 21.05 4.6324
0 1.67 20.47 3.2042
1.45 5.53 14.44 2.5692
7.95 10.48 14.4 2.0467
12.6 11.57 13.82 1.6837
1.125 10.51 17.11 1.6415
7.7 6.07 14.36 3.0577
0 4.4 12.76 1.4343
0 1.61 13.26 0.9368
0 1.08 14.38 1.5303
0 1.65 16.04 3.607
0 2.17 18.26 4.0744
0 2.19 19.38 2.3558
0 2.74 18.25 2.437
0 2.76 19.94 4.0101
0 2.75 20.47 3.764
0 2.78 19.95 2.9421
5.7 9.91 16.06 3.1995
2.75 8.87 15.48 3.2809
0 7.21 16.61 2.3401
1.5 4.44 16.59 1.177
0 4.41 12.73 2.8392
1.225 0.53 13.27 0.3142
3.5 6.56 13.81 2.25
0.975 5.52 13.27 1.2782
10.875 6.05 11.06 2.8459
0 6.6 13.81 3.7006
3.525 8.85 12.19 6.8055
10.175 8.83 13.28 5.3687
4.75 8.28 12.19 4.4418
0 3.3 15.49 1.8399
0 4.35 18.24 3.4817
0 4.99 18.27 2.6756
0.475 4.43 16.05 3.4667
1.775 12.16 16.03 4.4287
11.05 9.83 18.83 3.2563
0 8.29 18.83 1.4357
0 9.95 18.82 1.6715
0.725 9.42 19.38 1.9795
0 6.07 17.18 0.6689
0 6.63 17.72 3.374
2.575 12.16 16.59 3.2802
3.275 11.1 19.39 4.394
2.675 9.94 16.06 4.9816
4.05 5.56 14.48 2.3985
0 3.32 15.51 1.2322
0 4.45 15.47 1.8794
0 3.83 16.62 0.3704
0 3.29 18.83 1.5707
0 4.96 13.33 2.9263
0 1.6 14.94 0.9445
0 1.63 17.7 0.4982
0 6 19.92 1.5346
0 4.95 21.59 1.4558
0 6.62 16.61 1.543
0 8.26 20.5 2.1421
0 8.33 21.61 2.4956
0 9.91 21.59 1.1703
0 9.91 22.7 1.743
0 10.51 26.04 1.901
0 10.52 24.4 1.5486
3.975 8.85 18.92 1.4764
1.3 7.17 15.51 3.617
0 4.94 16.03 2.6319
0 2.78 21 1.9496
0 5.54 23.24 1.5082
0 10.47 25.46 2.3939
0 11.61 25.46 1.6503
0 9.97 27.14 1.5359
0 11.05 20.55 3.9686
0 7.75 21 2.3095
0 5.54 23.78 1.0506
0 12.09 25.98 3.4545
0 8.84 22.72 2.871
0 8.29 20.5 5.1002
0 6.56 20.49 1.8108
0 4.97 25.99 2.1569
0 7.69 28.78 1.6049
6.875 10.45 20.02 1.2569
0.525 9.93 18.83 2.523
4.175 10.48 15.55 1.787
1.8 9.95 18.76 2.4054
0 6.07 21.01 3.7381
0 8.81 24.87 1.9411
0 11 23.8 2.8947
0 8.83 17.19 5.5168
0 7.19 18.78 5.3224
0 6.01 22.66 2.8915
0 7.72 26.56 1.6892
0 11.04 29.32 1.9878
0 11.66 33.8 2.0087
0 14.47 35.97 1.5013
0 15.02 36.54 1.4496
0 15.55 37.1 1.511
0 13.3 27.21 1.8456
0 8.9 22.18 2.9385
0 5.57 23.81 3.2836
0 5.54 23.24 2.3452
0 7.77 22.7 2.2559
0 5.03 18.86 2.8547
0 6.09 22.1 2.0677
0 7.73 24.31 2.0723
9.475 14.33 22.19 1.6976
0.5 13.82 21 2.5462
0 14.9 23.21 3.2689
0 14.36 26.55 1.7921
0 17.14 28.23 3.2456
0 14.33 29.88 1.5381
0 13.26 29.32 3.3641
0 14.36 30.43 2.5903
0 12.76 32.09 2.5668
0 14.35 33.22 2.1769
0 14.96 32.14 3.3117
0 12.72 28.78 3.509
0 12.78 30.4 3.422
0 14.99 30.45 3.2382
0 15.49 33.74 2.8526
0 15.54 38.19 1.3349
0 19.4 41.52 0.1991
0 21.02 38.29 1.8464
0 17.71 32.74 2.07
0 14.32 30.46 1.4906
0 13.82 33.77 1.3467
0 13.82 33.24 2.3332
0 12.72 29.38 2.9028
0 11.08 26.59 2.7865
0 11.06 30.96 2.6288
0 14.93 34.87 2.2083
0 18.29 37.1 1.3801
0 18.82 36.56 2.3171
0 16.62 33.26 2.3201
0 13.83 30.51 2.5399
0 13.83 31.01 2.4195
0 13.82 28.81 2.6311
0 16.02 28.78 2.4043
0.125 16.61 29.37 0.8333
0.05 14.35 27.16 2.2356
1.225 14.38 22.73 2.563
0 13.28 26.55 1.6199
0 13.26 29.3 2.5258
0 13.83 29.88 2.6017
0 13.26 27.15 3.265
0 14.43 26.57 2.8974
0 13.82 27.67 3.4177
0 14.35 27.14 2.7076
0.6 16.04 27.7 3.1819
0 14.4 27.7 2.2037
0 14.37 26.59 2.4354
0 14.4 30.97 2.9913
0 14.96 30.49 3.311
0 16.58 36.5 2.6618
0 17.77 34.92 3.3017
0 12.8 29.98 3.4804
0 11.16 28.26 3.5892
0 13.93 33.19 2.1224
0 15.54 36.53 1.121
0 17.73 38.23 1.7828
0 16.04 35.48 2.5918
0 15.49 34.36 1.9621
0 18.29 40.4 1.268
0 22.15 43.73 1.1146
0 22.72 42.65 2.4319
0 18.82 38.28 2.4175
0 18.28 36.6 2.1618
0 16.63 37.13 1.9284
0 16.6 37.14 2.5318
0 16.61 34.35 2.3412
0 16.07 32.7 2.5086
0 13.25 32.13 2.4206
0 13.82 33.23 2.4927
0 14.94 32.68 2.8261
0 16.03 32.12 2.8698
0 13.89 32.68 2.3022
0 18.83 32.17 1.9235
0 19.39 33.8 2.3704
0 17.2 35.99 2.0656
0 17.77 38.78 1.0054
0 18.38 39.4 1.545
0 20.48 39.37 1.5688
0 20.45 39.93 1.5745
0 22.1 40.48 1.8999
0 22.63 41.54 1.475
0 21.02 38.84 2.4098
0 18.32 36.08 2.5516
0 17.69 34.4 2.6372
0 16.59 34.93 2.2097
0 14.43 32.18 2.126
0 13.84 33.8 2.1728
0 17.68 37.68 1.9814
0 19.92 38.8 2.166
0 18.83 35.49 2.5639
0 16.62 33.32 3.0085
0 15.52 32.2 2.8493
0 16.06 33.27 3.1938
0 17.7 34.39 2.8356
0 14.96 32.18 2.6266
0 14.96 30.54 2.1022
0 14.96 32.16 1.779
0 16.06 31.63 2.0026
0 14.42 26.65 2.5476
0 14.41 28.82 1.9312
0 15.51 33.24 2.0282
0 17.18 36.03 1.4731
0 18.84 38.24 1.4033
0 19.93 36.08 2.8069
0 18.23 37.15 2.9446
0 19.39 34.95 3.3307
0 17.23 31.12 3.1998
0 13.81 33.23 1.975
0 14.98 35.48 1.1443
0 16.09 35.49 1.3368
0 16.61 35.5 0.9482
0 17.73 34.96 1.4187
0 14.96 32.2 2.4638
0 16.04 36.57 2.0057
0 19.38 36.57 2.1171
0 18.32 33.85 2.2262
0 13.33 31.68 1.546
0 14.37 33.84 1.4782
0 16.56 34.4 0.4088
0 17.15 36.59 1.792
0 16.65 38.24 2.1639
0 19.4 39.91 1.9539
0 18.37 38.32 2.2232
0 17.17 32.21 1.175
0 16.63 35.48 0.6341
0 21.05 36.6 0.9784
0 21.06 38.8 2.1774
0 16.69 34.99 2.7169
0 13.79 30.55 2.1399
0 15.52 28.83 2.3855
0 14.93 30.49 2.5086
0 13.88 32.16 1.0775
0 15.51 33.83 1.2315
0 17.18 36.05 0.7086
0 17.22 37.71 1.365
0.725 17.22 31.12 2.3196
0.025 14.95 26.15 1.8229
4.95 15.5 26.06 2.3098
0 14.4 29.37 2.032
0 16.05 31.6 2.2939
0 15.51 33.27 1.5144
0 16.09 36.62 0.6986
0 18.3 34.46 1.6412
0 17.17 33.29 1.133
0 17.18 35.53 1.4416
0 17.21 37.15 1.7136
0 15.6 37.16 1.2293
0 15.59 36.04 0.8628
0 15.01 35.53 0.8318
0 15.02 37.17 1.0551
0 16.13 37.19 0.3353
0 18.25 32.23 1.6287
0 13.82 22.82 2.6801
0 9.45 24.4 2.6523
0 11.08 26.62 2.1917
0 8.35 28.29 1.0976
0 10.05 24.45 3.4119
0 6.74 19.97 3.323
0 7.72 21.61 0.4845
0 6.67 23.82 1.9026
0 8.36 27.16 0.9396
0 9.95 24.45 1.4238
0 9.38 24.97 0.6464
0 9.93 25.51 0.4626
0 9.95 22.76 1.6074
0 9.4 20.52 2.0265
30.2 13.79 17.8 7.045
0.1 16.02 24.89 4.0493
0 17.7 27.09 1.3306
0 16.09 26.57 2.481
0 13.88 26.64 1.5421
0 16.01 26.07 1.6661
0 11.03 18.91 1.7669
0 11.07 21.11 1.2764
0 9.46 23.27 1.2549
0 11.09 23.83 1.2523
0 11.1 25.51 1.612
0 11.11 26.08 1.7047
0 11.7 25.51 1.4923
0 10.04 27.2 1.2999
0 11.65 18.93 5.0453
0 7.83 17.74 4.8168
0 5.51 18.81 0.9055
0 5.02 21.63 0.4312
0 6.11 22.75 0.9792
0 7.78 23.84 1.192
0 7.79 25.49 1.2149
0 8.32 24.97 1.1764
0 8.35 24.98 1.8649
0 8.88 21.66 2.6324
0 8.33 23.28 0.4994
0 9.98 19.97 2.0805
0 5.57 18.85 2.0828
0 3.4 17.77 1.0041
0 7.75 17.74 1.0357
0 7.78 17.18 1.0372
0 8.29 17.72 2.3552
0 4.42 16.63 1.6432
0 3.34 16.62 1.3048
0 0.56 17.72 2.2206
0 1.12 18.88 1.6643
0 1.68 19.4 0.7826
0 6.57 16.64 2.6428
0 0.04 15.51 1.9142
0.35 3.82 17.75 3.0491
0 2.77 12.73 1.4285
0 1.12 17.73 0.4602
0 3.86 14.97 1.6256
0 1.65 17.73 3.0249
0 1.12 19.94 3.1544
0 2.24 19.98 1.9831
2.725 5.56 14.95 1.3778
0 7.19 19.4 5.3401
0 0.6 16.05 4.3892
0 0.57 17.19 3.5222
0 0.58 17.16 1.1392
0 0.02 15.55 1.3615
0 1.05 14.43 1.3344
0 0.54 15.52 1.5802
0 1.11 12.15 1.0859
0 -4.44 9.41 1.3909
9.25 -1.69 7.79 0.713
0 -3.88 8.28 0.2669
0 -2.24 7.76 1.8309
0.9 1.6 9.39 3.368
7.425 5.51 11.58 3.2681
5.725 9.94 13.28 3.9902
1.425 7.19 13.83 3.2876
0 5.01 14.97 0.5359
0 4.98 14.95 3.4252
0.9 8.25 14.95 2.8885
0 7.19 12.19 2.062
0 6.65 11.09 2.4593
0 4.98 11.62 3.805
0 4.44 13.3 2.7205
2.475 7.17 12.74 1.6138
0 5.51 12.17 3.7727
0 1.65 10.53 1.8224
0 -1.13 12.18 3.6059
0 -0.58 14.4 3.8688
0.25 1.66 9.95 3.9776
5.075 5.53 14.39 2.1882
1.325 6.07 8.29 2.7073
0.875 3.31 12.17 0.765
0.225 7.74 14.91 1.2651
0 6.64 11.64 2.6814
0 6.1 14.4 2.2181
0 4.96 12.18 1.1044
0 7.75 9.96 3.6882
0 3.8 12.77 2.9134
0 4.95 9.92 2.9999
0 4.93 8.86 3.005
0 2.76 7.75 2.2505
0.25 4.96 8.86 2.7112
0 6.62 9.4 2.4949
0 5.53 8.27 2.3241
0 6.06 9.39 3.1911
1.4 6.12 17.1 4.894
14.475 8.32 17.13 2.0521
0 5.49 15.49 1.0027
0 4.94 11.05 3.0071
0 7.71 12.72 2.9902
10.725 7.19 12.73 2.9135
14.325 9.4 14.94 5.1649
24.275 7.22 12.74 5.6104
16.2 8.29 13.28 6.4193
15.025 5.53 9.43 3.529
2.35 2.8 10.51 3.0317
1.325 2.76 12.73 1.0856
0 2.2 9.96 2.5506
2.6 6.64 11.09 4.714
2.1 7.23 11.61 2.968
0 5.54 13.83 0.9943
0 2.79 13.86 2.2015
0.525 5.5 16.04 3.0138
0.775 6.09 15.52 0.8921
0 3.83 12.2 1.3059
0 2.8 16.01 1.7319
0 6.64 12.25 2.1587
0.05 3.88 17.15 0.6194
2.525 7.75 14.44 3.2621
0.975 10.52 16.07 3.3027
7.45 9.38 12.19 1.575
0.25 6.68 13.28 2.4838
1.45 7.25 14.41 1.0675
9.425 7.23 11.64 0.8102
0 3.34 14.95 0.8512
0 7.19 14.96 1.1642
0 5.57 18.29 1.5954
0 5 17.74 1.1756
0 3.88 18.83 1.4295
0 4.43 19.94 1.5518
0 6.65 19.97 1.9104
0 6.66 20.5 2.2056
0 7.19 18.88 0.7251
0 9.96 14.95 0.9158
0 6.66 14.97 1.961
6.95 7.19 11.61 2.5737
0 5.56 14.43 1.6839
30.75 6.08 10.56 3.7102
3.45 9.39 15.51 2.4151
0 8.28 17.18 0.9041
4.65 8.84 18.28 4.5582
2.4 9.39 14.96 0.9583
0.075 4.43 18.26 0.5087
0.025 6.61 18.29 1.757
3.8 7.73 14.96 2.7806
14.275 6.64 11.11 3.1678
0.75 5.49 14.35 2.3506
0 2.22 13.87 1.0147
0 8.28 17.16 2.1638
0 4.99 18.79 1.372
0 5.5 14.35 2.7988
0 3.85 13.26 3.6088
2.975 4.41 12.73 2.3703
0 1.1 17.16 0.1781
8.75 4.99 13.84 1.9776
0 3.3 13.86 2.554
0 3.3 16.64 2.1423
0 3.87 19.93 3.0324
0 6.63 24.37 1.2861
0 11.55 23.85 1.4458
0 9.38 23.31 2.7774
0 5.6 24.93 2.1615
0 7.21 23.89 1.3471
0 8.26 21.64 0.499
0 9.38 20 2.2366
0 8.82 22.72 1.4052
0 6.13 24.36 1.1179
0 6.66 18.85 2.0368
0 4.99 18.82 2.2078
0 4.44 21.6 1.8715
0 6.67 26.01 0.7801
0 8.24 24.4 2.3802
0.775 8.3 17.16 4.4371
0.55 6.07 15.51 2.3488
0 5.52 16.59 0.9402
2.05 4.42 14.42 1.8264
0 4.46 14.42 1.6198
8.7 3.89 13.32 2.834
4.775 6.62 15.49 2.348
0 3.9 18.25 0.9893
0 4.44 21.58 1.8158
0 7.21 22.17 1.7276
0 9.36 22.16 1.538
0 8.31 17.77 2.0593
14.525 8.31 14.43 5.0077
3.25 7.73 16.06 3.9775
0 5.51 18.27 1.1305
0 7.16 19.4 0.8119
0 7.19 22.14 1.0402
0 9.94 22.72 1.1909
0 9.4 23.83 1.5475
0 8.3 26.57 1.2189
0.05 12.11 25.51 1.2959
20.95 7.77 15.59 2.2005
6.05 7.18 11.12 3.6655
0.275 7.72 16.56 2.4808
0 6.14 22.68 1.3966
0 9.4 24.94 1.6149
0 11.62 28.26 1.433
0 8.39 28.82 1.0928
0 9.96 20.58 3.6193
1.05 6.67 16.1 4.1009
0 6.08 18.79 3.4695
0 8.31 21.55 3.5914
0 9.44 25.46 2.4545
0 12.19 27.7 2.2408
0 9.46 31.56 1.3348
0 12.18 26.65 2.5696
0 10.55 23.85 4.1627
0 9.43 23.81 2.7317
0 7.82 27.13 1.3504
0 9.96 24.41 2.7444
0 9.43 19.4 3.4779
3.05 7.78 16.63 2.6089
0 5.55 21.56 3.3265
0 8.32 26.54 2.2687
0 9.99 28.24 1.366
0 11.61 29.37 1.2301
0 11.61 29.92 1.0077
0 12.74 27.2 1.2852
0 11.63 19.46 1.8379
0 13.84 24.31 1.0747
0 12.17 24.37 1.4171
0 9.99 24.91 3.6099
0 9.99 20.5 4.2355
0 6.68 19.33 3.5236
0 8.31 22.65 4.2459
0 7.82 22.15 2.1864
6.225 9.96 21.1 1.6429
4.325 10.55 22.72 2.2837
6.325 9.97 19.42 2.0351
0 7.78 21.57 2.8444
0 12.75 28.17 2.2957
0 12.72 31.57 1.5901
0 16.56 29.92 2.5881
0 14.39 26.07 3.0269
0 13.32 31.53 2.2734
0 17.14 30.46 2.1775
0 18.25 31.57 2.1806
0 17.74 33.78 1.8832
0 18.27 33.84 2.7724
0 16.07 30.52 3.3476
0 14.36 31.04 3.1313
0 13.88 27.19 3.4024
0 12.22 25.48 4.7552
0 15.53 30.39 5.0938
0 16.11 33.22 3.3734
0 16.11 36.51 1.1514
0 15.6 37.13 1.9974
0 14.4 30.55 2.7901
0 12.74 29.37 3.3336
0 12.76 32.12 2.3152
0 13.3 28.33 2.6676
0 10.52 26.08 2.9742
0 9.96 28.25 2.9535
0 12.75 31.57 2.4003
0 13.9 34.36 1.5844
0 18.28 35.45 2.4545
0 15.56 31.62 2.3524
0.625 13.84 29.4 2.9674
0 15.51 33.79 2.8593
0 19.41 38.17 1.7532
0 20.55 39.9 2.0079
0 20.5 36.59 2.8343
0 16.67 33.84 3.0197
0 12.19 31.62 3.0537
0 14.91 31.04 3.2334
0 16.6 33.77 2.9138
0 16.59 36.56 1.3021
0 17.19 36.04 2.0546
0 14.96 31.64 2.7289
0 13.3 32.71 2.5836
0 14.41 33.82 2.8714
0 14.95 34.91 2.5445
0 16.59 38.22 1.9
0 17.17 36.04 1.9797
0 17.18 33.84 2.8956
0 14.97 32.17 2.7674
0 17.14 36 1.9395
0 21.57 38.78 1.9922
0 22.69 39.38 2.7198
0 21.04 38.82 2.5771
0 18.88 39.34 2.5422
0 17.72 37.17 2.3292
0 16.08 34.37 2.0641
0 15.48 32.18 1.9468
0 12.76 34.33 1.1678
0 16.02 35.49 2.3527
0 17.16 36.58 2.305
0 17.73 34.4 2.7737
0 14.95 31.07 2.6528
0 13.84 30.49 1.9139
0 12.74 30.49 2.1629
0 13.3 33.24 2.2733
0 14.97 33.82 2.3542
0 14.93 33.8 2.1816
0 14.37 33.81 1.883
0 14.94 34.92 2.1789
0 15.46 34.93 1.5156
0 16.58 34.37 2.037
0 13.87 32.17 2.0991
0 14.39 33.27 2.0422
0 14.38 32.74 2.3887
0 16.05 31.07 2.5063
0 14.4 31.6 1.7022
0 15.49 32.15 1.732
0 13.83 28.29 1.9578
0 13.28 31.55 1.433
0 17.66 32.71 1.8853
0 14.41 31.07 2.5823
0 13.85 32.12 2.8871
0 15.47 35.98 1.648
0 16.06 32.76 1.5303
0 14.38 31.1 1.4817
0 14.35 33.79 2.0593
0 16.04 34.37 2.2471
0 14.4 28.88 1.6211
0 12.71 29.93 2.1086
0 14.42 34.34 2.1797
0 16.14 38.81 1.4203
0 18.32 41.57 0.4243
0 19.32 36.02 1.7167
0 15.5 32.16 2.3048
0 11.12 26.05 2.5503
0 12.7 27.13 2.4447
0 12.19 27.69 2.6328
0 13.27 31 1.9489
0 14.82 32.75 1.3363
0 16.7 36.64 0.1964
0 17.48 36.69 1.3213
0 16.66 35.05 1.1119
0 16.39 33.32 2.44
0 18.53 33.81 1.2145
0 15.82 32.85 1.6895
0 14.55 26.03 2.5156
0 11.22 24.93 1.9701
0 12.99 27.7 1.1021
0 13.39 31.29 0.5074
0 13.75 32.88 1.0824
0 13.55 29.36 1.4638
0 10.35 28.85 1.419
0 11.34 30.54 1.6969
0 13.22 31.21 2.1495
0 14.98 30.16 1.5843
0 14.72 29.2 1.1757
0 13.37 27.03 1.1011
0 13.6 27.9 1.765
0 12.81 27.41 1.7111
0 11.53 25.15 2.5643
0 10.45 27.64 1.6776
0 12.19 29.91 1.1066
0 13.73 33.44 1.3129
0 15.34 35.21 1.5592
0 15.05 36.22 1.4652
0 17.84 37.19 0.9806
0 18.28 37.33 0.6787
0 16.93 36.13 0.611
0 16.49 32.32 0.8653
0 17.57 33.51 0.5787
1 16 32.16 1.0646
0.325 12.88 23.86 1.9658
0.325 13.56 21.36 1.6148
0.075 10.88 24.63 0.7005
0 12.58 24.31 1.4382
0 11 25.83 0.7903
0 11.69 27.4 2.1167
0 13.53 30.42 1.9628
0 15 30.19 2.2218
0 15.46 31.85 1.7908
0 14.76 32.51 1.1172
0 15.07 35.13 0.4085
0 14.99 33.61 0.2145
0.4 16.3 30.06 0.7828
2.175 13.46 27.98 0.9857
0.075 10.28 23.25 1.437
0 11.66 24.3 1.5375
0 12.13 27.4 0.7194
0 10.34 23.32 1.6282
0.3 10.66 21.44 1.347
8 12.85 20.27 1.8783
4.175 13.34 19.29 4.5317
1.75 11.5 19.27 2.9953
0 9.25 19.47 1.9405
0 5.72 19.84 2.3955
0 8.91 25.08 3.544
0.75 10.16 19.94 2.4698
1.775 11.51 19.24 1.765
0 8.88 22.32 1.2158
0 8.62 22.8 1.8842
0 9.23 24.75 2.5579
0 9.83 26.33 2.0915
0 11.28 26.66 1.369
0.1 12.5 27.5 1.2632
0.275 11.12 23.78 1.7651
3.525 9.26 18.54 2.9499
0.725 7.07 16.68 2.4557
0 5.11 18.28 0.374
0.125 8.07 18.12 1.6974
0 7.36 17.98 2.3186
0 4.1 18.99 1.3249
0 5.99 17.96 2.8979
0 6.39 21.72 2.0284
0 7.25 23.04 2.9144
0 6.35 21.26 1.6249
0 5.49 22.33 1.3011
0 5.34 21.65 1.1873
3.975 6.79 15.63 1.5794
13.675 5.73 13.01 2.623
3.425 5.58 13.3 4.0302
0.7 6.21 13.79 2.2918
1.525 4.95 11.91 3.1235
1 1.65 11.09 1.5764
0 -0.54 10.74 2.4173
0.225 -0.79 12.3 3.1042
4.45 4.07 9.19 2.0743
0.675 2.74 11.38 2.2128
0 0.32 11.56 2.2708
0 0.27 11.51 2.9104
0 1.02 12.79 2.1283
0.075 2.07 11.97 2.6896
0.05 5.6 12.03 1.1487
3.925 7.94 16.48 3.0031
6.225 8.74 17.15 3.2087
0.9 6.22 16.57 3.711
0.325 5.24 17.15 1.917
2.125 7.18 14.78 2.3959
1.3 10.41 18.38 1.407
0.05 10.18 18.57 1.4573
0 12.2 15.9 0.4167
0 12.04 14.95 2.4423
0 11.04 14.25 1.3605
5.95 10.75 12.37 1.5729
1 3.69 12.98 1.2045
2.85 1.44 10.15 1.9853
7.3 5.01 11.81 3.6201
6.55 9.33 14 5.0897
8.425 11.25 15.95 5.3968
4.825 8.2 13.16 2.655
1.3 5 13.41 3.2718
7.825 8.24 14.62 1.8654
0.1 7.03 15.45 0.4273
0.15 4.92 11.74 3.1766
10.325 6.99 13.48 5.5196
0.125 4.67 15.93 1.9273
0.125 5.26 12.88 0.5001
9.65 5.59 10.83 1.8726
8.375 3.45 13.11 4.1239
0.375 0.93 10.73 2.2802
0.175 -1.15 9.93 1.3055
10.525 5.18 10.46 4.6594
18.025 5.86 8.98 4.8023
1.2 0.41 11.05 2.1559
4.425 0.67 8.89 2.8521
0.025 -0.07 8.2 3.4663
0.05 2.08 5.66 4.2569
0.025 3.11 5.16 2.3771
0 2.85 5.1 1.1287
0 0.09 5.21 1.9301
0.9 -1.22 7.83 2.54
1.875 1.63 8.86 3.5505
0.225 3.95 12.48 2.7032
1.175 3.04 12.74 1.3187
0.125 5.85 12.42 1.1712
0.05 4.2 12.88 2.6117
0.025 8.17 11.21 1.2468
0 8.78 11.04 1.1319
0.05 6.58 16.06 2.681
0 4.06 12.35 2.0352
0 2.28 15.72 3.7071
0 2.09 16.18 3.2013
0 3.77 15.53 2.447
0 3.79 15.54 3.9295
0 2.59 17.2 1.3405
0.05 4.11 12.86 1.7784
0.125 3.78 11.77 4.648
0 4.4 9.66 3.495
0.075 3.6 8.89 1.5071
2.15 4.17 8.95 0.5097
4.4 6.1 12.88 1.7234
1.125 3.73 14.26 1.1233
0 2.2 13.87 1.2846
0 2.1 16.12 3.0232
0 1.12 15.86 1.8514
0 2.08 16.55 2.0982
0 3.41 18.76 1.8132
0 6.22 21 2.0814
0 4.9 21.16 1.0925
0 6.4 20.82 2.7576
0 2.43 15.68 2.9968
0 1.2 16.98 3.451
0 1.75 18.09 3.7106
0 3.29 21.01 3.0499
0.025 3.37 20.89 0.9063
1.05 6.53 17.66 4.1024
1.875 7.13 17.71 4.7416
5.9 3.57 15.81 5.1104
14.5 4.68 11.16 4.6365
13.925 2.75 8.84 2.2725
3.475 2.59 10.98 2.1274
0.35 2.86 13.21 0.6229
0 3.41 12.56 0.8916
1.4 2.14 14.93 0.6973
0 1.8 14.89 1.0214
3.575 3.2 11.75 1.9681
12.1 2.52 12.28 4.6001
2.4 0.3 9.91 1.1863
0 -0.39 12.75 0.3545
0 0.05 14.68 2.1664
0.525 1.9 16 1.9563
1.15 8.93 18.2 4.1245
0.55 8.14 19.23 1.1854
0 5.55 21.14 1.2806
1.3 9.16 21.21 0.8118
4.25 11.28 16.91 1.7743
1.125 9.31 17.63 4.1638
0.25 9.29 17.97 0.5832
0 7.51 18.54 1.3551
0 7.24 19.89 0.6974
0 6.27 18.23 1.5813
0.175 6.71 18.95 0.4876
2 8.9 19.85 1.552
1.125 12.79 21.53 1.397
1.6 10.97 22.32 1.6218
2.925 10.45 21.91 1.9211
0.35 4.66 17.34 0.7502
10.925 6.38 16.17 3.6832
10.7 5.78 11.29 4.6201
13.375 8.75 13.69 4.6101
10.7 5.61 13.11 2.0734
1.875 3.71 15.68 1.813
4.825 7.62 14.76 5.3542
17.575 7.72 14.07 5.2763
3.375 5.66 14.4 3.3499
10.85 7.96 12.92 3.0662
1 5.63 17.43 1.2846
0 9.07 16.33 1.0502
0 6.65 19.49 1.9809
0 10.09 23.59 2.3491
0 11.49 25.12 2.449
0 11.53 28.03 1.7396
0 13.77 27.79 1.562
0 9.23 19.86 2.0605
0 7.69 23.77 1.5334
0 9.58 24.74 1.9313
0.175 9.89 22.72 2.5359
2.75 6.58 17.71 3.4994
0.175 2.57 14.37 1.731
0 3.17 18.17 1.4749
0 4.61 20.4 0.6177
0 7.27 19.96 1.9229
0.025 5.82 20.19 2.1295
0.125 5.57 17.24 2.4902
0 5.94 18.82 0.7858
0 7.34 23.07 0.7877
0 10.52 25.12 1.9351
0 12.81 26.24 2.3634
0 13.11 23.19 2.3366
0 13.64 22.11 1.4814
0.075 13.51 23.32 1.9694
0.125 11.57 21.2 1.9265
0.025 8.97 20.03 1.1754
0 8.85 21.38 0.8801
0.025 11.08 21.65 1.6738
0.1 10.48 22.44 2.0004
0 8.17 21.68 3.0129
0 7.43 23.79 1.5706
0 8.47 23.39 2.4745
0 7.92 21.88 4.9083
0 8.93 23.45 3.5851
0 9.93 26.42 1.6228
0 11.01 28.86 0.661
0 11.57 27.71 1.5261
0 14.19 30.98 2.8526
0 14.44 34.2 1.1295
0 13.11 31.31 1.8134
0 10.28 26.21 2.0346
0 10.61 21.08 2.7456
0 7.16 21.38 3.206
0.1 9.67 24.82 2.7487
0 9.08 25.92 1.9789
0 9.64 25.91 1.6204
0 10.46 27.42 1.3992
2.75 9.55 20.27 2.509
6.675 8.08 15.21 2.3099
1.55 7.88 16.96 1.8468
1 9.72 16.2 3.2299
1.675 9.89 18.74 2.1967
0.025 9.19 24.87 2.8871
0 10.98 27.33 1.9931
0 12.14 26.83 2.5579
0 10.97 25.24 3.5855
0 9.89 23.22 4.7189
0 8.87 24.01 2.7182
0.425 11.06 22.17 2.4207
0 9.46 21.27 2.0913
0 11.11 22.35 2.8611
2.9 10.35 21.31 3.9377
0.475 8.38 22.59 4.7134
0 9.81 23.55 2.5565
0.075 10.68 23.21 2.1851
1.15 11.17 19.64 2.3994
0.1 8.44 21.18 1.5983
1.125 8.74 21.46 0.5978
14.3 12.16 18.9 3.9344
15.675 13.47 21.2 0.9258
12.8 12.92 22.5 2.8701
0 11.6 24.09 2.4765
0 12.2 28.18 3.0633
0 12.04 29.48 2.0422
0 12.53 28.9 3.1819
0 11.6 26.44 3.3743
0 12.55 28.26 2.8391
0 13.9 31.41 2.8092
0 16.2 33.64 2.797
0 17.73 34.84 2.5708
0 15.83 33.1 2.9789
0 14.75 31.6 2.2403
0 13.26 31.85 2.678
0 15.75 32.42 2.4806
0 18.17 35.2 0.9288
0 19.75 37.7 1.0039
0 20.63 38.55 2.4392
0 16.56 35.41 2.4215
0 13.2 32.16 2.5276
0 13.18 31.94 2.7514
0 14.08 31.97 2.7467
0.2 15.41 33.62 2.8522
8.55 16.25 31.77 2.0371
3.65 13.81 24.05 2.2931
0 13.03 27.77 2.5785
0 15.32 32.48 2.2325
0 16.55 35.78 1.7047
0 19.01 36.66 1.4839
0 20.37 38.3 1.6965
0 18.84 38.68 1.6289
0 21.12 38.83 2.3875
0 18.87 38.58 2.3922
0 17.36 37.54 1.9
0 15.51 37.09 2.5059
0 12.67 33.68 2.4344
0 12.68 31.32 2.4267
0 11.74 30.01 2.5425
0 13.81 29.67 3.0409
0 11.74 27.61 2.7978
0 12.24 26.41 3.3866
0 12.94 28.89 2.9317
0 14.35 28.68 1.9892
0 13.5 29.61 1.1232
0 14.28 31.25 2.1066
0 15.79 33.72 2.0906
0 16.02 35.04 2.3529
0 16.05 35.32 2.6853
0 16.26 34.94 1.9659
0 15.38 33.72 1.6441
0 13.15 33.36 2.117
0 14.19 33.22 2.2609
0 15.15 34.29 1.7753
0 14.49 35.75 1.9129
0 17.3 35.6 2.5216
0 15.64 34.21 2.8789
0 14.66 32.85 1.8987
0 14.43 33.13 1.2252
0 14.99 33.22 1.7154
0 15.76 33.76 2.082
0 14.12 31.84 2.9011
0 13.7 31.7 2.4896
0 15.84 33.2 2.8782
0 15.4 32.53 2.435
0 14.05 33.15 1.9728
0 13.82 33.73 2.063
0 16.08 34.83 2.2337
0 15 33.24 2.5896
0 14.58 32.03 2.1928
0 16.94 34.68 1.401
0 16.79 34.25 2.2428
0 15.69 33.85 1.8211
0 15.05 33.76 1.8617
0 15.02 34.05 2.0417
0 15.6 34.13 2.2453
0 14.95 33.05 2.7904
0 14.09 31.28 1.8399
0 13.9 31.66 1.2738
0 14.03 32.11 1.3031
0 15.25 34.23 1.211
0 17.88 35.9 1.83
0 16.11 34.88 1.2122
0 16.97 35.6 0.7272
0 17.56 35.05 1.1269
0 16.15 34.92 1.3232
0 15.64 34.49 2.0673
0 14.1 33.03 1.7233
0 13.93 32.04 1.6806
0 15.14 32.39 0.8134
0 16.87 35.59 0.3315
0 15.95 34.74 0.9177
0 15.28 34.22 1.0622
0 13.79 33.32 1.7863
0 14.28 34.73 1.2734
0 15.78 35.1 1.415
0 16.36 34.42 1.4465
0 15.8 35.65 1.5502
0 19.26 35.92 0.6091
0.25 17.15 30.54 1.4711
0 15.66 30.89 1.7152
0 15.9 32.73 1.03
0 17.47 33.67 1.7135
0 14.66 32.42 2.2964
0 12.89 29.49 1.7417
0 11.21 29.32 1.9423
0 13.6 31.4 0.925
0 15.55 34.09 0.6561
0 16.86 35.66 1.2525
0 16.37 36.48 1.0492
0 16.2 36.19 0.8766
0 17.6 36.6 0.8328
0 17.39 36.18 1.4801
0 13.44 25.67 1.9573
0 13.02 26.76 2.3345
0 13.2 29.61 1.5976
0 15 33.55 0.7272
0 16.39 34.68 0.8314
0 15.14 30.42 0.9908
0 12.46 27.94 1.9483
0 12.82 27.2 1.569
0.05 11.8 23.95 1.7035
2.775 13.08 22.75 1.8951
14.775 12.49 22.78 3.1037
3.525 9.16 18.3 0.79
0.35 8.23 21.11 1.069
0 9.08 23.66 0.9225
0 10.59 25.46 1.3339
0.025 13.46 24.27 1.3621
0 16.36 26.3 1.5065
0 14.37 26.14 1.2778
0 13.51 29.2 1.1977
0 13.96 30.02 0.8818
0 15.38 29.61 0.9632
0 14.96 28 0.8307
0 14.12 28.8 1.3694
0 13.33 29.27 0.9887
0 12.48 26.04 1.4672
0 12.38 27.1 1.2005
0 12.32 26.88 1.4196
0 12.38 28.5 1.8507
0 12.15 29.81 1.0798
0 13.13 29.15 1.1726
0 11.26 23.16 1.4196
0 10.06 25.93 2.1713
0 8.08 23.25 2.4857
2.45 7.73 24.27 1.4413
0 8.94 24.75 1.0897
0 9.34 25.48 1.9405
0 9.58 26.46 1.1012
0 12.32 25.97 3.2375
0 8.96 23.11 3.7646
0.325 6.37 23.67 2.4263
1.125 6.81 17.48 1.5719
1.05 4.91 14.96 0.2893
1.475 7.18 15.01 1.1085
0.15 5.71 15.17 0.7301
0 2.84 16.81 1.704
0 2.82 17.63 2.7925
0.225 3.24 19.87 3.3413
3.2 8.18 16.3 4.2203
0.425 8.74 16.87 0.8153
0 7.41 18.76 0.6424
0 7.92 18.35 1.4231
0 6.3 18.43 1.1156
0 5.98 20.25 1.0048
0 5.69 21.5 0.8462
0.025 7.97 19.42 2.4883
0.35 5 15.04 1.7944
2.65 5.35 14.61 3.9532
0.025 4.92 14.19 1.8937
0 3.7 15.6 2.8198
0.1 4.56 15.28 4.1758
1.225 7.68 15.65 1.5674
0.75 5.42 16.27 0.4781
0 5.7 14.67 2.4451
0 4.8 13.08 2.1326
0.075 5.86 13.7 0.9965
0 5.04 12.55 1.4296
0 6.88 15.49 4.1682
0 6.54 19.73 6.8962
0 5.27 17.39 3.1566
0 3.87 17.16 3.9204
0 0.66 15.32 2.2028
0 -0.45 15.39 3.3564
0 -1 14.32 2.7006
0 -0.84 14.9 2.4585
0 -0.64 15.32 2.2053
0 -1.29 15.7 3.5432
0 -0.06 15.57 2.5448
0.1 1.72 14.08 0.2826
0.05 4.58 12.17 1.1768
0 1.75 13.65 1.1633
0.15 -0.14 14.15 0.8513
1.8 2.6 11.47 0.859
0.25 0.81 12.37 4.3233
0 0.54 12.77 3.7657
0 -0.12 9.69 1.8033
0 2.12 14.7 3.2321
0 0 12.21 3.4523
0 -1.98 11.97 2.7307
0 0.04 14.33 4.3852
0 -2.15 12.52 3.6127
0 -2.63 13.35 4.2412
0 -1.6 13.55 3.0942
0 -1.92 13.91 1.0614
0 0.08 14.16 1.1588
0 1.98 15.53 1.2401
0 3.97 15.13 0.7458
0 5.12 15.55 0.9637
0 4.27 13.27 2.1813
