0.725 1.82 12.21 1.5607
5.7 1.29 11.83 1.3482
3.125 -2.16 8.99 1.6695
1.025 -4.74 6.21 4.0875
2.525 -3.65 5.83 1.8296
1.125 0.66 3.14 0.4437
0 1.27 9.68 1.4845
0 4.15 13.12 0.741
0 1.25 14.62 4.3709
0 1.98 15.29 3.3917
0 3.72 16.32 2.4432
0 7.52 18.6 5.4704
0 6.94 18.52 3.9375
0 1.86 19.18 3.5876
0 3.09 20.29 3.9175
0 3.14 19.68 4.9204
0 3.73 18.07 4.2681
0 4.04 17.22 4.7894
0 4.45 17.35 4.9056
0.1 4.75 16.5 3.4552
11.7 5.41 17.59 2.7208
22.15 7.61 16.01 2.1284
48.75 7.07 10.83 1.6455
36.75 5.13 10.36 2.4751
9.8 1.43 7.7 3.4732
2.375 -4.56 2.12 0.8247
0.5 -4.84 4.67 1.3104
0 -3.02 7.69 1.4809
0 1.24 11.7 4.226
0 2.06 17.19 4.4973
0 4.25 17.62 3.0979
0 3.4 16.87 3.1603
0 1.9 13.77 3.9353
0 1.22 18.08 3.7853
0 5.42 19.35 2.9891
4.8 5.96 17.72 2.542
6.525 2.41 8.49 2.9264
2.15 1.07 7.7 2.8199
17.625 1.39 10.42 1.3008
10.575 -2.83 7.77 3.5718
2.65 -7.84 3.53 0.4413
9.9 -5.54 4.61 2.621
6.275 -1.6 5.34 1.4035
15.4 -1.74 6.05 3.1051
8.5 -1.65 2.76 3.5332
2.875 0.64 6.39 5.8784
25.9 0.88 4.81 5.5007
20.7 0.56 4.2 4.4054
3.725 -1.66 2.77 1.3277
0 -2.18 8.7 3.4621
0 -0.28 12.85 2.6386
6.975 0.47 13.48 3.7884
29.15 -1.68 12.33 3.6895
22.05 4.17 6.89 2.6649
4.05 1.84 7.73 1.5504
1.625 3.08 14.9 1.4938
0.575 2.12 7.98 2.5509
0 0.36 12.63 0.382
0.025 2.24 14.61 3.6741
15.4 5.46 14.96 2.7899
34.2 5.15 10.44 4.0404
48.825 3.85 10.47 4.9118
20.625 0.46 5.84 2.8882
1.65 -3.54 5.89 0.8817
0.825 -1.15 7.38 1.8666
0 -3.67 6.29 0.3324
0 -5.18 11.64 1.3759
0 0.52 13.44 2.6078
0 -3.93 8.37 0.434
0 -3.07 12.77 0.6472
0 0.74 13.2 2.1082
0 0.91 16.28 2.3469
0 1.6 17.8 1.3375
0 1.99 14.19 2.3464
0 3.25 15.31 2.7534
0 4 18.03 1.0844
0 5.19 19.36 1.1224
0 6.69 21.6 0.9509
0.3 4.42 21.94 0.7074
24.5 5.66 21.28 1.8495
16.925 -0.38 12.66 4.1129
1.375 -5.64 4.4 2.2136
0 -3.48 8.69 1.9241
0 0.62 16.02 0.5551
0 1.56 17.35 1.9333
0 4.23 20.75 2.0662
0 4.48 19.34 1.3692
0 4.49 21.11 3.335
0 1.88 15.98 1.9751
0 2.26 16.18 0.3187
0 4.12 17.9 2.6463
0 4.95 20.95 2.535
0 1.64 17.42 5.2296
0 -1.08 11.42 1.9619
0 0.16 16.12 2.7671
0 3.5 19.97 2.2339
11.775 5.55 22.35 1.2379
16.225 1.86 18.48 3.0866
11.9 1.9 7.89 1.7496
4.075 1.91 8.89 2.2665
0.15 1.03 9.25 3.7166
0 2.59 14.3 1.576
0 4.5 17.69 2.1681
0 4.75 18 4.7192
0 -2.81 11.45 5.9845
0 -1 8.32 3.1008
0 1.91 16.87 1.5474
0 5.09 21.75 2.8168
0 8.2 24.42 2.7684
0 10.64 27.87 1.5276
0 12.74 29.99 1.144
0 12.72 30.54 1.9954
0.15 9.99 29.07 2.7026
1.875 6.8 23.27 3.3177
1.05 0 10.35 3.4652
0 2.78 15.57 1.9551
0 4.05 18.28 2.3353
0 2.43 17.42 3.1707
0 1.66 14.99 1.6611
2.1 4.23 17.72 1.9278
41.275 9.26 21.04 1.8859
27.575 7.21 17.78 2.4996
6.5 7.2 11.92 3.6871
3.6 6.06 15.73 1.8656
0.6 9.32 18.63 3.6842
0 7.48 21.27 2.1595
0 8.42 24.14 2.882
0 10.02 25.1 1.7103
0 9.31 25.75 1.3309
0 10.5 25.76 1.0051
0 10.28 27.46 3.0064
0 8.71 26.28 3.2952
0 8.73 24.1 2.5651
0 9.3 24.3 3.1704
0 10.46 25.86 1.8221
0 12.99 27.81 1.5593
0 16.05 32.72 0.3403
0.65 17.06 34.81 2.3445
0.375 14.57 33.92 2.6369
0 11.67 28.32 1.6164
0 11.1 27.13 0.9658
0 11.98 28.49 2.4571
0 12 28.12 2.9878
0 10.65 27.53 2.7495
0 9.57 26.64 1.944
0 11.39 27.22 1.3859
0 12.85 29.04 0.894
0.125 14.49 30.66 1.9869
0.075 14.52 29.47 2.5191
3.45 15.47 28.95 3.218
2.075 13.49 28.22 2.2268
0 13.4 27.59 2.0602
0 12.78 24.92 2.2852
0.45 12.79 23.63 0.4752
5.975 9.71 22.64 2.1612
4.85 6.25 20.89 3.4964
2.875 5.82 12.65 2.3025
1.2 7.15 14.69 2.7028
0 8.86 21.33 2.5785
0 10.94 23.45 3.4171
0 10.13 22.73 3.0707
0 8.51 21.57 3.3492
1.1 9.49 22.41 2.3478
0.9 10.82 21.06 3.574
0.15 8.57 21.76 2.4537
0 9.35 22.45 2.4586
0 10.06 22.37 2.4844
0 12.24 23.89 3.0341
0 12.57 26.54 1.8128
0 14.67 30.56 2.6747
0 11.18 29.92 3.1959
0 8.99 25.12 3.2178
0 9.87 22.96 1.2723
0 12.14 26.34 0.6599
0 14.3 30.09 1.4972
0 15.3 32.68 2.7123
0 14.04 30.96 1.7365
0 15.73 31.36 0.8823
0 16.56 35.49 0.6351
0.2 18.48 36.96 2.948
0.125 17.77 36.57 2.9093
0 16.91 31.94 2.27
0 17.72 34.52 1.7499
0 16.08 32.96 2.8576
0 15.32 32.9 2.5333
0 14.59 31.97 2.7765
0 13.86 31.32 2.5584
0 12.54 30 2.7826
0 11.99 28.83 2.5811
0 12.44 29.01 2.573
0 12.59 29.18 1.9169
0 13.86 30.66 1.8258
0 15.63 31.48 2.2646
0 15.32 31.43 1.4346
0 15.76 33.02 0.6704
0 16.32 33.55 1.5606
0 17.44 35.93 1.9492
0 18.68 36.02 1.7917
0 19.62 37.21 2.0362
0 19.65 37.52 1.6591
0 19.8 38.82 2.443
0 18.26 37.18 2.5406
0 17.45 35.29 2.3172
0 19.7 35.7 2.0733
0 18.1 35.1 2.1274
0 17.1 34.62 2.2218
0 17.74 35.51 1.9511
0 18.39 36.66 1.804
0 19.58 36.47 2.1104
0 18.83 35.92 2.8587
0 19.51 35.2 2.5735
0 18.79 35.03 2.625
0 18.24 34.22 2.504
0 17.1 33.65 3.0302
0 14.91 31.37 2.6134
0 15.4 31.05 2.1705
0 15.92 31.56 2.4067
0 12.51 29.76 3.115
0 9.24 21.21 1.9201
0 11.54 23.48 1.3801
0 14.1 28.8 0.3759
0 15.82 32.09 1.1938
0 17.07 34.3 2.9815
0 16.65 34.82 2.7755
0 16.02 33.7 3.0332
0 14.51 32.09 3.1427
0 11.87 29.95 1.4159
0 12.82 29.84 0.3966
0 14.47 31.49 0.7427
0 15.66 33.59 0.8925
0 17.26 35.81 1.2995
0 17.96 36.8 2.1446
0 18.29 35.86 2.2326
1.375 18.15 36.92 2.29
1.4 14.83 31.69 3.0512
0.35 13.8 28.45 1.613
0 13.85 30.06 1.5408
0 13.76 31.51 0.5002
0 14.52 32.64 1.4944
0 16.17 32.2 1.2414
0 16.45 32.66 1.3447
0 16.64 34.88 2.7997
0 16.88 33.74 1.8481
0 16.35 32.81 0.8706
0 16.95 33.32 0.2818
0 17.56 34.05 1.482
0 16.75 33.93 2.1935
0 14.64 32.6 2.0949
0 12.71 29.98 2.0144
0 12.65 27.7 1.5214
0 12.73 27.51 0.419
0 13.9 29.29 0.9404
0 15.54 31.57 0.3753
0 16.37 33.25 0.9644
0.125 17.98 35.87 1.6779
0.4 15.43 31.99 2.2561
0.225 11.54 26.07 2.7546
0 10.61 21.93 1.5233
0 11.96 27.64 1.3632
0 14.54 30.34 0.3903
0 15.37 31.53 1.057
0 16.2 33.98 2.1597
0 14.32 32.19 0.9257
0 15.92 31.29 2.3574
0 15.79 34.2 2.3608
0 15.65 34.26 1.4355
0 15.01 33.35 0.7544
0 15.08 32.87 0.7893
0 16.62 34.79 1.1791
0 15.88 35.89 0.441
0 15.83 35.9 2.0806
0 14.99 30.77 2.5105
0 4.22 18.31 2.3267
0 5.41 21.04 2.4483
0 8.58 24.36 0.7374
1.275 9.38 24.89 3.1155
1.05 2.65 20.38 3.449
0.15 1.2 9.65 0.3011
0 1.94 17.15 2.9188
0 5.21 19.8 1.5104
0 6.08 21.02 1.3408
0 7.21 23.51 0.7279
0 8.16 23.85 0.5369
0 5.66 23.88 1.9042
10.475 8.08 22.61 1.9553
53.525 6.99 16.38 6.6412
29.025 8.87 15.31 4.3987
0.45 9.94 16.78 0.8853
0 10.2 23.79 2.1742
0 9.05 24.75 1.0338
0 12.48 28.01 1.7743
1.325 10.84 22.68 2.2705
0.775 3.55 14.68 1.9765
0 4.08 16.96 1.0412
0 6.72 20.51 0.5669
0 7.24 21.72 1.0219
0 9.51 23.47 1.1641
0 8.79 20.95 1.7414
0 8.61 22.62 1.1213
0 7.22 22.97 4.3366
0 2.75 12.34 4.9268
0 1.03 11.6 0.755
0 1.53 13.69 0.0617
0 5.4 19.93 0.8257
0 7.76 22.45 0.8234
0 9.89 23.68 1.2355
0 9.44 25.36 1.1377
0 9.5 25.48 1.742
0 7.77 23.41 2.3067
0 4.55 18.53 0.6492
0 4.49 17.81 1.5512
0 3.11 14.86 1.8524
0 3.65 16.44 1.1719
0 5.29 16.6 0.7136
5.8 7.13 17.04 0.3552
4.975 3.97 16.71 1.9663
0.875 0.35 7.52 1.2266
0 0.64 10.32 1.0809
0 1.31 11.45 2.8578
0 2.75 14.61 2.1295
0.05 4.47 17.28 1.5795
0.025 4.13 17.48 1.6491
0.625 1.97 12.72 2.351
4.8 1.85 16.93 3.7608
2.6 1.91 13.41 1.0659
0 2.34 10.21 0.5118
0 1.85 12.69 2.2728
0 3.61 14.18 3.7412
0 4.71 15.88 4.0611
0.875 4.44 16.85 2.6369
1.525 5.1 17.6 1.0704
0.575 0.62 12.39 5.0351
0 3.19 10.16 5.0143
0 3.38 12.29 3.9555
0 3.41 15.73 1.7018
0 1.97 15.07 2.2603
0 0.36 18.12 2.1624
0 1.67 13.36 2.1204
0.05 1 14.16 1.054
17.275 -1.49 9.24 2.2801
15.925 -1.54 4.47 0.8648
3.325 -9.2 0.97 0.7327
0 -7.97 0.89 1.9364
5.925 -5.26 4.64 3.1402
34.875 1.51 7.67 2.8241
59.65 3.87 8.36 3.7267
28.65 1.53 7.84 4.3344
2.45 0.43 4.08 0.7589
0 -0.07 5.83 3.1343
0 2.72 9.49 2.5458
0 3.74 10.78 2.2612
0 4.13 13.28 2.7976
0 4.07 12.95 4.1327
1.125 4.02 12.45 2.887
10.6 3.87 13.42 1.8292
9.125 0 10.09 3.6335
0.025 -3.65 5.53 2.563
0 1.2 11.28 3.9612
0 0.7 10.75 3.9185
6.175 0.76 11 4.088
3.775 1.41 8.86 2.0162
2.45 0.09 6.54 3.1283
9.025 0.09 7.89 0.7919
4.575 1.5 7.02 1.5173
0.025 0.8 6.11 2.573
0 1.56 10.08 2.0935
0 2.47 9.83 1.1969
0 2.49 11.9 3.9669
0 0.6 14.78 2.9007
0 3.47 14.38 2.6329
0 3.05 13.36 3.0535
0 4.17 14.39 2.7496
0.175 5.38 15.5 3.0587
1.15 5.49 15.08 2.3426
0.625 5.37 12.34 2.4497
1.5 5.38 12.27 3.1601
18.65 5.08 15.68 4.4549
10.7 2.58 9.82 2.0441
0.05 -0.63 8.78 1.4097
0 2.47 11.88 3.3455
1.3 2.55 14.24 2.1119
12.975 2.83 13.08 2.6245
29.1 2.27 9.44 4.7603
27.35 1.85 6.3 5.577
30.075 0.52 3.84 6.5168
27.075 -1.06 2.92 4.0195
14.65 -1.01 2.89 3.9197
3.775 -2.18 2.76 0.9747
1.25 -3.7 5.67 2.3032
1.425 -1.47 5.35 3.9647
0.4 2.13 6.83 2.9568
0 0.67 9.8 1.3614
0 -1.03 11.81 2.855
1.45 1.19 10.55 3.2111
0.9 1.56 11.58 1.4183
0 -1.63 9.74 1.1442
0 -5.01 10.18 1.7389
0 1.23 11.09 2.0174
0 1.59 11.69 0.6312
6.575 1.92 11.96 2.7969
12.1 3.09 10.02 3.3868
10.6 2.91 7.83 1.7069
3.375 1.08 5.15 2.4786
0.975 -0.87 5.62 1.4048
1.125 0.72 6.91 2.197
0.325 -1.24 6.1 0.5568
0 -0.41 8.54 1.1265
0 2.09 10.76 1.2157
0 2.24 13.79 1.4565
0 3.6 15.82 1.5514
0 3.05 17.58 0.9918
0 4.35 16.91 1.6954
0 4.75 17.34 2.4569
0 3.71 18.7 1.0774
0.925 2.49 16.89 1.2178
3.5 3.7 11.82 2.2682
12.6 1.88 9.12 2.9628
6.5 -3.35 4.43 2.3057
24.325 -2.18 11.18 3.7572
18.35 1.85 9.15 2.7907
2.25 -0.46 8.65 0.7699
21.975 1.95 13.56 4.5144
14.225 3.45 11.14 1.4088
0.65 1.11 6.2 0.4806
1 2.34 13.88 2.3579
11.525 4.39 15.51 2.6643
19.325 2.24 8.07 3.2836
7.6 -1.01 5.98 2.9824
0.1 -2.68 5.22 1.3307
0.05 0.91 10.43 2.5554
0.375 -0.29 12.57 0.8981
3.975 3.08 12.14 2.488
4.875 -5.37 5.1 3.7691
1.55 -2.06 7.91 2.0759
0 -2.4 5.74 0.4349
23.85 0.66 12.59 2.1783
14.25 -1.1 12.09 2.4412
0 -1.04 10.85 2.6503
0 0.55 15.47 3.8036
0 3.55 20.14 1.3938
0 5.52 21.01 0.734
0 5.47 21.31 2.9024
0 -1.27 19.03 2.1682
0 5.51 22.48 1.9996
0 4.36 20.95 0.5229
0 3.75 18.4 1.4016
0 3.02 18.67 2.1399
1.2 3.38 20.07 2.0889
3.85 3.22 19.75 2.3778
1.85 -0.94 11.52 2.3603
0 1.86 14.96 2.8052
0 2.88 19.18 1.2431
6.6 4.36 19.72 2.5742
18.95 4.76 19.64 5.5022
9.45 -0.05 7.55 2.9761
1.625 -3.05 7.89 0.7989
8.725 -0.91 8.38 2.2503
4.8 1.13 7.45 1.9489
27.1 0.14 7.94 2.7591
16.175 -0.92 6.66 3.2018
0 -2.81 7.16 0.7256
0 0.86 12.96 2.2301
0 3.17 18.12 0.4061
0 3.97 19.98 1.3591
1.2 4.84 19.99 1.958
20.375 2.14 13.4 4.026
16.4 1.1 7.86 4.5828
2.725 -0.05 5.72 1.0766
0 1.19 12.86 0.6551
0 2.26 14.37 0.8095
0 3.94 19.31 2.3722
0 3.47 18.63 1.3823
0 3.86 20.87 1.1449
5.95 5.73 23.28 1.6596
19.475 7.58 20.21 2.6533
11.125 0.09 9.31 3.0449
0.975 1.51 4.46 1.7402
0 2.34 7.69 1.3036
0 3.84 18.71 0.7803
0 6.13 21.17 1.2926
0 8.3 24.81 0.757
11.975 8.63 24.78 4.2044
13.85 2.62 12.92 4.9988
4.125 -1.85 6.32 3.8186
0.075 -1.18 9.05 3.3324
0 2.55 15.13 1.8769
0 3.69 18.94 1.9
0 5.32 23.03 0.9701
0 7.43 24.43 2.0419
0 7.16 23.61 3.5833
0 4.48 18.68 2.2061
0 3.41 19.26 0.7449
0.1 5.26 21.49 2.7914
2.95 5.19 20.34 3.6987
12.35 1.87 10.5 3.2618
6.35 -2.38 9.28 4.0762
0 0.39 12.07 2.1277
0.1 5.45 18.49 1.035
0.05 6.63 21.78 0.6515
0 7.34 23.4 0.5386
1.4 10.72 25.45 1.2906
4.95 11.69 24.64 2.0016
2.45 6.12 15.41 1.9313
0.275 7.5 18.27 1.6359
0.15 9.65 20.75 3.3808
0.4 5.23 21.91 4.3243
0.325 0.57 14.96 3.6466
0.175 1.01 10.02 4.1076
1.6 3.26 14.01 2.3216
5.925 2.94 13.57 1.5476
10.4 6.32 16.57 3.0396
9.925 4.13 12.58 2.446
3.25 1.95 11.59 3.4979
0 3.02 14.06 1.7625
0 6.5 22.05 0.571
0 10.11 25.6 2.5352
0 13.12 24.98 2.9612
0 10.14 23.7 2.5437
0 11.6 24.92 2.6687
0 12.73 26.43 2.7215
0 13.64 26.05 2.0165
0 14.88 30.71 2.9626
0 14.15 30.87 3.0926
0 13.09 28.59 2.4877
0 12.11 28.1 3.8313
0 7.9 24.72 4.609
0 7.71 20.98 5.0866
0 12.76 22.51 3.8524
0 12.18 26.55 1.0206
0 12.95 28.62 1.724
0 13.05 30.26 2.9032
0 9.5 28.49 3.0866
0 8.81 24.05 1.1065
0 9.68 26.48 2.3478
0 9.4 25.87 3.193
0 8.29 23.37 2.5571
0 9.76 25.73 1.6337
0 10.93 25.05 1.0011
0 13.2 28.76 1.7829
0.075 13.71 29.88 2.159
0.025 15.24 26.77 2.7106
0 12.87 27.12 2.4156
0 15.35 29.88 0.9469
0 17.3 33.8 1.5547
0 17.29 36.21 3.1344
0 14.97 32.2 2.9505
0 12.73 30.42 2.6625
0 12.45 29.16 2.791
0 13.77 28.73 2.0835
0 12.75 28.45 0.9823
0 14.43 30.94 1.8932
0 15.24 32.92 2.4362
0 15.46 31.26 2.3445
0 15.45 31.31 2.3277
0 16.81 32.54 2.1535
0 16.56 33.01 1.8285
0 17.14 34.46 2.3462
0 18.24 34.01 3.2457
0 18.24 33.23 3.3398
0 16.19 30.84 1.7949
0 16.84 32.11 1.3489
0 19.4 35 2.6418
0 18.95 36.38 2.7713
0 18.45 36.48 2.5897
0 17.21 37.23 2.0453
0 17.04 35.59 2.023
0 16.54 33.79 2.5399
0 15.98 32.17 1.0154
0 16.54 32.9 2.2664
0 16.98 33.88 2.095
0 18.32 35.2 2.5752
0 18.32 34.6 2.7601
0 16.52 32.49 1.9563
0 14.65 31.52 2.3954
0 15.84 32.62 2.0731
0 15.13 32.62 2.3536
0 15.32 32.4 2.3788
0 14.37 31.95 2.0515
0 14.53 31.79 2.4206
0 14.33 32.38 1.5125
0 14.62 32.96 1.9536
0 14.85 32.54 2.0195
0 13.93 31.92 2.0984
0 14.4 31.87 2.5278
0.075 14.82 30.93 2.9049
0.025 13.83 28.93 2.0616
0 13.63 29.7 1.9492
0 13.82 30.26 2.302
0 12.6 27.32 1.0504
0 13.74 29.86 1.37
0 14.71 30.95 2.3248
0 14.96 31.37 2.8071
0 15.02 31.92 1.1258
0 15.38 34.01 1.6131
0 15.74 34.64 1.7479
0 13.76 33.08 1.9132
0 14.54 32.73 2.2449
0 14.87 33.65 1.9334
0 13.32 29.14 1.7037
0 13.09 29.17 2.4756
0 14.2 34.09 2.0975
0 19.69 37.55 0.6226
0 19.96 39.52 2.34
0 16.89 36.39 2.4384
0 12.51 32.39 2.8805
0 10.61 19.79 2.2318
0 9.05 20.79 2.4319
0 9.55 23.76 1.2468
0 12.19 27.44 0.6657
0 14.82 31.93 0.4509
0 15.54 34.48 1.2287
0 15.57 34.84 1.2556
0 14.53 33.91 1.9461
0 13.96 32.04 1.3036
0 14.04 32.31 2.42
0.05 11.8 30.37 2.91
0.025 7.24 15.01 2.0175
0 7.22 22.81 0.6556
0 8.69 26.25 0.6856
0 12.04 29.52 1.0339
0 12.46 30.37 1.7147
0 11.57 27.92 1.4385
0 11.43 28.18 0.8923
0 11.93 28.59 1.5791
0 11.82 29.36 1.5999
0 11.96 28.42 1.5366
0 11.55 28.22 1.4509
0 9.55 24.13 1.162
0 9.38 26.48 1.0131
0 9.98 24.5 2.7186
0 9.04 22.14 1.0116
0 9.07 25.87 0.5128
0 13.59 30.31 0.918
0 15.9 34.23 0.4156
0 15.54 34.67 1.1252
0 17.83 35.54 0.5541
0 17.67 36.57 0.5359
0 16.79 36.03 0.3122
0 16.43 32.76 0.4435
5.725 15.83 29.52 1.3281
22.175 14.04 29.83 1.6684
12.25 11.42 20.04 1.4503
0.875 9.36 14.1 1.0246
1.05 6.81 15.6 0.7819
1.55 6.56 16.64 2.1488
0.35 5.7 15.72 0.8052
0 8.3 20.24 1.8683
0 10.21 22.21 1.6267
0 11.73 25.8 1.4488
0 12.69 27.06 2.3376
0 13.18 29.12 1.6063
0 13.35 28.22 0.7274
0 12.77 27.92 0.6333
0 12.65 28.06 1.1852
2.575 13.52 23.57 0.9091
1.6 8.13 19.84 1.0894
0 9.3 18.75 1.7215
0 8.88 25.62 0.9708
0 10.22 22.24 1.9411
3.95 7.79 19.99 1.6843
24.2 8.8 18.7 1.6422
55.225 9.38 11.96 4.7931
33.625 4.44 12.74 3.6224
0.175 4.38 14.36 1.5745
0 1.74 15.23 2.9822
0 0.7 14.82 3.3489
2.55 7.88 19.21 2.1055
2.125 6.09 19.81 1.8919
0.35 4.57 10.86 0.8637
0 5.74 17.58 1.8553
0 6.7 19.89 3.1568
0 9.7 23.58 2.9462
0 11.89 24.92 1.9665
0 11.31 25.05 1.1307
0.825 9.89 23.04 2.2183
19.075 7.77 19.63 3.1486
13.875 2.06 9.87 2.6439
2.975 0.32 9.43 0.6687
1.975 2.51 10.99 1.6174
0 0.67 9.11 2.4814
0 4.45 13.44 1.4734
0 1.9 15.05 3.078
0 5.9 16.78 1.5767
0 7.13 19.28 2.5239
0 6.3 19.29 1.0351
0 5.63 17.89 2.1565
0 4.91 18.73 2.0983
20.525 5.36 17.33 2.7629
30.4 0.41 10.76 3.2425
25.45 -1.16 3.91 5.2082
16.25 -0.72 4.63 3.1902
15.625 -0.16 5.06 4.2246
7.15 -4.98 2.46 1.1311
0 -5.73 4.17 3.3735
0 -5.62 2.27 3.3385
13.375 -1.05 8.77 2.8168
11.1 -5.57 3.9 2.6083
0 -7.23 2.81 2.3635
0 -3.1 4.53 3.05
0 0.85 8.78 2.2699
0.025 4.01 13.15 2.586
0 5.11 10.45 1.5452
2.3 4.8 11.77 2.03
20.125 4.34 8.59 2.2197
11.5 3.65 12.14 3.3089
0 2.41 10.18 2.3004
7.925 4.2 14.06 1.9482
8.275 5.28 11.76 1.0456
2.25 5.59 9.68 1.3998
0.15 4.25 12.39 0.444
0 4.11 14.99 2.2827
0 5.46 13.64 1.3955
24.1 5.14 14.48 1.8682
16.4 1.95 8.97 1.6008
4.675 -0.68 6.81 2.5491
61.375 -1.07 6.92 3.5014
91.875 2.57 7.27 5.2237
64.175 3.52 8.91 6.0202
25.4 1.38 11.21 2.3097
9.125 0.9 2.44 2.4128
5.35 1.63 5.35 2.296
2.825 1.12 6.07 0.4373
0 0.69 8.16 2.9062
17.8 1.07 11.01 5.3043
11.45 0.34 10.05 2.0279
0 -0.73 4.52 0.9801
54.275 -0.24 7.34 2.3273
35.8 1.83 7.08 4.4626
2.125 -7.69 5.14 2.4618
4.175 -8.1 1 1.4944
20.6 -7.67 1.85 4.107
18.325 -1.46 3.99 4.7836
5.225 -0.71 4.05 2.5626
0 -3.01 4.99 3.2257
0 -2.24 6.87 3.871
0 0.6 9.09 5.3163
0 1.07 10.71 3.7824
0 -0.36 9.92 1.943
0 -0.36 9.84 1.1895
0 -3.13 6.76 3.2409
5.125 -2.76 8.32 3.3121
3.425 2.2 8.43 1.9234
0.775 3.14 11.88 1.6732
0.475 2.06 9.59 1.3306
0 3.94 16.57 2.5868
0 4.38 15.3 0.8757
0 4.96 15.02 0.6838
0 4.99 16.44 2.3403
0 2.99 15.99 1.3464
0 2.6 14.85 4.2513
0 2.63 15.07 3.7762
0 2.91 16.09 2.8466
0 3.91 17.32 3.926
0 3.73 16.46 2.0412
0 4.2 16.45 2.2378
0 3.88 16.54 4.9782
0 3.85 17.1 3.3609
0 3.85 17.43 1.8303
8.45 2.57 16.75 0.5689
8.7 1.55 14.19 1.8184
2.3 -0.44 5.86 1.4781
0 -0.63 9.03 1.9064
0 0.18 10.7 3.0138
0 -0.83 11.81 2.0935
0 0 12.44 2.7455
0 4.54 17.57 1.6879
0 1.84 17.57 1.9315
0 5.24 19.39 0.5737
0 1.21 17.7 2.1876
0 -1.47 12.03 3.5959
0 -1.9 11.48 3.7821
0 -1.18 13.09 3.8795
0 1.99 16.07 2.7305
0 2.4 18.32 1.2542
0.125 2.48 18.56 3.5333
14.25 2.22 11.18 4.3173
19 1.08 12.89 5.9512
25.925 -1.62 2.67 4.5894
43.85 -1.29 1.69 2.995
21.425 -1.15 5.3 3.7098
1 -5.72 4.52 0.7825
0 -5.72 5.83 1.1944
0 -5.92 5.69 0.4025
0 -4.32 9.47 0.4505
11.15 -1.57 9.01 2.35
17.15 -0.18 5.99 5.6286
8.4 -6.27 2.36 0.8456
0 -7.2 1.06 0.4608
0 -7.15 7.04 2.1911
9.6 -4.15 10.81 1.7144
15.45 1.4 12.88 3.6251
9.425 2.56 9.42 1.4686
0.475 -0.24 9.34 1.4657
8.225 1.25 13.83 0.571
26.825 2.01 14.68 1.7097
17.825 2.76 7.36 4.3234
0.325 -0.16 7.37 0.5584
0 2.66 13.83 1.4969
0 3.92 17.58 0.9842
0.05 3.4 16.08 1.1639
0.025 2.95 13.36 0.6046
4.3 3.02 15.02 1.0072
2.85 4.34 12.28 1.1154
33.15 4.88 15.56 1.2602
24.475 5.98 17.46 2.5844
1.775 -0.21 8.85 1.0118
24.175 -0.76 12.07 3.4354
41.4 -0.63 7.54 4.8445
52.975 -0.38 4.02 5.8078
29.8 -0.68 3.06 2.5117
11.6 -0.8 5.33 1.1437
18.575 1.13 9.25 4.8441
36.625 0.04 4.77 5.4787
23.1 -2.85 2.57 3.9986
12.775 -2.36 6.17 3.0324
10.175 1.53 3.98 1.5201
0.475 1.62 8.13 0.6235
0 1.53 13.72 1.2546
0 3.84 16.53 2.0202
0 6.78 18.97 2.3341
0 7.02 24.67 1.7487
0 7.11 25.3 0.9462
0 3.77 18.3 1.4267
0 3.52 17.91 1.9064
0 3.78 22.04 1.3181
2 4.67 20.97 1.5317
10.325 0.63 19.34 3.4703
6.85 -5.05 4.55 1.4558
0.8 -4.54 4.06 1.3594
0 -3.57 9.66 0.4986
0 -0.74 14.7 1.5691
0 1.91 15.81 1.3989
1.125 2.33 16.75 2.7491
0.75 -1.05 7.47 0.5793
0 -0.63 15.84 0.7558
0 4.76 19.34 1.4055
0 6.39 22.8 2.2344
0.025 8.05 22.45 2.7533
0.075 8.2 20.16 1.6205
0.475 5.28 18.98 2.0214
7.75 6.35 14.28 2.182
1.95 3.11 15.65 0.8813
1.5 3.22 15.04 1.1774
1.525 5.31 12.5 2.2914
1.025 3.9 12.31 2.3345
0.15 1.12 14.96 2.5915
0 3.54 17.81 0.8416
0 5.07 20.45 2.3496
0 1.77 18.78 4.5021
0 1.55 17.48 3.5235
0 3.37 18.87 1.8953
0 5.86 22.01 0.4832
0 6.91 23.49 0.8344
0 9.54 25.36 3.005
0 11.94 28.17 0.769
0 10.98 28.87 1.4828
0 9.95 27.58 2.0241
0.025 7.94 23.27 2.943
1.15 3.35 13.69 3.1592
0.95 1.94 10.05 2.6132
0 5.51 18.61 1.7422
0 7.82 22.62 1.1398
0 8.38 24.92 0.5883
12.45 9.21 26.53 2.9131
13.95 0.52 16.63 2.8016
8.9 0.12 7.39 1.1771
26.35 1.2 10.85 3.5114
15.25 1.91 6.5 2.2717
0.65 1.73 11.77 3.2
0 2.23 17.69 1.7059
0 6.28 22.4 2.0324
0 6.94 22.29 2.9934
0 5.77 21.2 4.4264
0 4.78 17.98 2.428
0.25 6.88 21.4 2.7839
0.15 4.91 18.61 2.4659
0 5.6 18.73 3.3001
3.2 5.14 18.79 4.2017
2.8 2.15 15.68 4.7508
0.475 2.28 12.4 2.8616
1.375 6.74 17.57 2.6439
1.55 6.96 17.74 2.9068
0.725 2.17 12.93 1.6817
0.025 3.69 16.18 0.6391
3.95 4.99 17.18 3.0002
9.9 8.92 11.46 1.2206
5.075 4.74 17.71 3.4829
0.25 5.28 12.67 1.9605
0 7.33 19.43 3.007
0 9.53 23.76 1.5993
0 10.5 26.48 2.4012
0 10.49 26.48 3.0612
0 9.35 23.78 2.6804
0 9.8 24.87 2.7173
0 11.47 27.04 1.7977
0 13.67 30.48 1.8654
0 13.82 28.93 2.4567
0 9.45 27.26 1.3147
0 12.47 27.46 2.8773
0 11.81 28.43 2.0876
0 12.72 28.87 0.3785
0 14.39 30.91 0.5604
0 16.28 34.43 2.4944
0 15.98 33.68 2.7265
0 14.14 31.8 2.5731
0 12.14 29.68 2.6598
0 12.16 28.34 2.3167
0 13.63 29.25 2.2805
19.35 13.74 29.87 2.5026
12.075 9.84 25.58 2.4194
0.8 8.13 17.38 2.2634
0 12.07 24.29 1.0091
0 12.95 30.04 0.7982
0 15.74 32.8 0.6196
0 16.63 32.99 1.5386
0 16.78 33.13 1.8176
0 18.16 32.61 2.5301
0 18.27 33.13 2.8584
0 16.88 31.27 2.1751
0 16.26 32.16 2.4887
0 14.43 31.68 2.1685
0 13.32 30.87 2.3614
0 13.08 28.35 2.4843
0 12.33 28.03 3.1534
0 12.16 25.14 2.6993
0 12.68 24.87 3.2675
0 10.83 24.73 3.1819
0 11.6 25.42 2.0134
0 11.75 27.09 1.3015
0 12.97 29.25 1.9081
0 13.03 29.34 1.3047
0 13.94 29.88 2.2794
0 14.41 30.93 2.7917
0 14.94 30.91 1.8779
0 15.97 31.46 1.9613
0 14.3 32.6 2.1556
0 14.18 31.54 1.8171
0 14.23 30.9 1.6874
0 15.73 30.13 1.5148
0 16.12 33.73 2.3423
0 17.76 33.82 3.0706
0 18.52 33.68 2.1377
0.075 17.35 30.82 1.5166
0 16.29 32.62 1.8801
0 15.98 33.73 2.0789
0 14.86 33.46 3.0775
0 13.38 29.57 2.3348
0 14.35 29.9 3.0803
0 14.16 29.84 2.4529
0 14.68 31.03 1.7992
0 14.32 31.92 1.9064
0 13.9 31.81 2.1887
0 14.94 31.36 2.6665
0 14.37 32.09 1.6618
0 14.96 32.5 1.3244
0 16.04 33.56 2.0446
0 13.68 31.29 1.481
0 13.24 30.6 1.1094
0 13.63 31.43 1.6638
0 14.63 32.02 1.5455
0 14.91 32.89 2.5935
0 13.93 30.79 2.0269
0 13.29 30.59 1.4889
0 12.61 29.81 1.1183
0 14.66 30.98 0.9173
0 14.88 32.93 2.0253
0 16.51 33.44 1.2376
0 16.44 32.7 0.8093
0 16.27 34.48 1.0375
0 17.27 34.51 1.4132
0 16.45 35.37 1.6477
0 14.41 34.15 1.8503
0 12.31 32.3 1.7497
0 13.79 30.53 0.7387
0 14.63 30.95 0.8108
0 15.18 32.79 0.8349
0 15.77 32.54 0.9173
0 15.92 33.23 1.8453
0 15.42 32.29 0.621
0 16.23 32.74 0.9184
0 16.45 33.82 0.8849
0.15 16.49 31.88 1.6116
0.85 13.94 31.63 1.004
2.55 14.61 31.64 1.6678
2.075 11.67 23.08 1.5083
2.4 12.69 26.96 0.6291
1.7 12.39 28.46 1.2798
0 13.17 27.33 2.4662
0 13.33 27.57 1.7719
0 11.07 25.18 1.6448
0 9.92 24.39 0.393
0 12.49 29.32 0.2285
0 14.38 31.99 0.9205
0 15.32 31.8 0.5015
0.35 15.85 32.35 0.3137
0 16.07 33.35 0.5613
0 16.52 33.54 1.6118
0.625 13.72 29.6 2.2918
0 11.13 22.25 1.8516
0 13.01 26.37 0.451
0 14.86 30.14 0.598
0 15.43 30.17 1.0792
0 14.63 30.43 1.4081
0 12.54 29.25 2.3426
0 13.04 25.78 1.8951
0 11.6 24.59 2.0234
25.2 7.72 20.56 2.2923
20.25 6.23 16.21 3.7949
4.7 2.36 10.23 0.8451
0.875 1.92 9.69 0.8758
0 1.95 14.54 1.3321
0 4.99 18.74 1.1675
3.375 7.55 20.93 1.5708
2.3 9.7 16.33 1.6871
0 10.58 22.23 0.9195
0 10.6 25.59 0.5888
0 12.74 27.65 0.3903
0 11.39 26.93 1.0274
0 11.74 27.1 1.4254
0 11.74 25.09 1.7099
0 12.05 26.1 1.6438
0 10.94 26.85 0.8188
0 9.74 23.63 0.5783
0 9.47 24.45 0.5492
0 9.28 23.13 2.3061
0 10.38 25.54 1.8219
0 10.24 26.68 2.0566
0 9.13 23.19 1.343
0 5.7 18.9 3.2772
0 4.38 17.84 3.3815
0 5.64 18.46 2.0276
0 7.36 20.59 0.9623
0 8.41 21.83 2.1169
0 8.44 23.27 0.1555
0 7.08 22.43 3.3938
0 7.01 20.04 4.1702
6.2 4.24 20.73 3.7474
5.575 -0.26 17.39 1.8035
6.775 -2.3 5.17 0.5104
4.25 -1.08 6.26 1.5173
0.025 -1.85 5.84 0.9198
0 -1.91 7.44 2.228
0 1 11.06 3.1773
0 2.63 14.96 2.9885
2.25 3.9 15.7 3.4711
2 5.04 12.48 0.9189
0 4.67 12.52 0.2146
0 6.09 14.38 0.6489
0 3.25 14.43 0.5468
0 3.72 15.19 0.9218
0 3.53 15.9 1.0165
0.15 4.44 14.96 3.2854
2 1.02 9.05 2.2101
3.775 1.05 7.22 4.0395
1.725 -1.18 7.08 1.7326
0 0.3 9.91 2.4436
0 2.18 10.83 3.6494
0.1 1.68 15.44 2.2631
0.05 2.06 11.62 0.766
0 3.68 13.8 2.8968
0 6.57 18.67 2.3383
0 6.34 18.49 1.0862
0 7.27 17.01 1.7452
0 2.12 19.09 3.5684
0 1.07 14.57 8.4349
0 3.12 11.58 3.6365
0 0.68 14.33 4.2908
0 -0.78 11.04 2.8306
0 -0.81 9.71 3.4995
0 -1.36 9.8 3.0796
0 -0.17 9.97 3.5723
0 0.73 12.57 3.6309
0 1.37 12.76 4.3404
0 1.53 14.41 3.217
0 0.48 12.83 0.9866
0 -1.35 10.81 1.6539
0 -2.27 7.88 1.4838
0 -2.13 8.83 1.0619
0.1 -0.89 8.91 0.8424
0.05 0.26 8.54 5.4934
0 3.28 13.97 4.647
0 -0.06 13.99 2.7752
0 -0.42 11.71 4.6889
0 -1.11 10.27 4.4852
0 -0.28 11.81 3.5691
0 0 11.35 4.5255
0 -0.43 11.24 4.0056
0 0.09 14.11 5.0059
0 1.11 14.58 3.4371
0 2.5 14.71 1.3377
0 2.39 15.37 1.1018
0 3.83 14.79 1.1784
0 5.65 18.18 0.9209
0 4.67 15.53 1.2311
0 1.95 14.34 2.3936
