0.575 -19.06 -0.7 1.592
4.425 -10.18 -0.9 1.6898
2.575 -15.41 1.05 1.6664
0 -20.27 -7.17 4.3928
0.925 -18.66 -6.38 1.6009
0.55 -11.62 -1.89 0.7354
0 -10.35 1.77 1.2737
0 -9.6 0.96 0.7075
0 -13.87 4.61 4.7189
0 -15.09 0.99 3.1418
0 -11.86 1.98 2.0894
0 -12.15 5.97 5.4182
0 -12.28 5.82 3.6522
0 -12.77 4.24 2.9301
0 -11.13 5.08 3.7427
0 -12.75 5.21 4.8717
0 -12.91 4.31 4.1959
0 -13.49 2.53 4.7717
0 -12.64 4.59 4.8363
0 -11.51 1.64 3.3255
6.35 -9.95 4.56 2.7393
12.95 -7.91 2.22 2.1505
18.925 -9.88 0.51 1.5624
18.65 -5.71 -0.7 2.8392
6.575 -9.38 -1.16 3.7564
0.525 -15.6 -5.87 0.7727
0 -17.63 -5.98 1.1967
0 -12.94 -2.58 1.4762
0 -14.49 0.78 4.276
0 -12.25 2.53 4.5191
0 -11.33 3.82 3.0512
0 -10.65 4.43 3.2564
0 -12.4 3.08 3.6523
0 -11.17 6.16 3.7763
0 -10.49 6.84 3.0143
4.8 -6.69 6.37 2.5772
21.5 -9.45 0.38 2.5468
12.6 -10.32 -4.65 2.8914
12.425 -12.38 -3.26 1.3401
5.625 -14.47 -1.77 3.9512
4.775 -20.25 -8.41 0.5851
7.35 -14.33 -5.78 2.4092
2.55 -14.7 -4.6 1.452
5.475 -14.53 -4.93 3.0041
3.275 -13.92 -7.3 3.0562
2.425 -13.72 -4.02 5.2688
15.725 -12.28 -4.91 5.4991
16.175 -13.28 -7.06 4.1061
1.075 -17.76 -4.61 0.9649
0 -15.26 -4.33 3.3461
0 -16.31 -1.19 2.4174
3.55 -14.61 0.71 3.7871
14.225 -9.46 0.37 3.1945
8.175 -6.66 -1.57 2.3625
1.55 -7.44 3.68 1.6133
0.925 -7.44 5.1 1.5338
0.125 -7.31 0.72 2.6906
0 -10.97 2.46 0.4804
0 -10.15 5.1 3.8391
14.25 -4.57 4.83 2.9246
18.3 -6.79 5.39 4.1302
13.175 -7.38 0.23 4.9977
9.475 -10.68 -4.49 3.3205
1.775 -19.43 -5.68 0.7
0.675 -14.04 -2.97 1.9442
0 -15.62 -2.88 0.2351
0 -14.31 0.88 1.6987
0 -11.23 3.25 2.8014
0 -16.65 -2.51 0.5523
0 -12.95 2.49 0.7892
0 -11.99 2.4 2.4086
0 -11.89 3.88 2.7853
0 -11.81 6.19 1.4329
0 -9.62 5.6 2.4292
0 -6.13 6.42 2.8129
0 -6.94 8.45 1.0842
0 -8.09 8.72 0.9237
0 -6.39 11.1 0.7981
0 -7.14 11.47 0.7862
22 -5.31 11.08 2.1899
22.025 -11.19 2.92 4.3419
1.025 -17.46 -7.5 2.2861
0 -15.7 -4.8 1.8624
0 -12.57 3.13 0.4365
0 -6.08 6.19 2.2448
0 -10.24 6.19 2.1324
0 -9.52 7.67 1.3421
0 -4.21 11.16 3.3559
0 -13.06 6.94 1.9927
0 -9.81 6.04 0.3833
0 -6.27 8.8 2.5564
0.4 -7.13 8.94 2.6523
0.325 -10.33 6.75 5.4948
0 -15.12 -0.1 1.7998
0 -12.87 3.39 3.0138
0 -10.77 7.84 2.8237
6.775 -7.13 10.96 1.5197
4.25 -9.48 8.84 3.776
2.375 -9.14 0.25 1.8039
5.65 -8.21 2.17 2.1665
2.95 -10.05 0.32 3.8183
0 -8.15 4.94 1.5903
0 -7.7 10.17 1.9021
1.2 -5.88 7.83 4.41
1.15 -15.86 1.77 6.5265
0.175 -12.99 0.17 3.579
0 -10.5 3.89 1.5408
0 -7.37 10.2 3.2295
0 -6.64 13.39 3.008
0 -3.27 16.21 1.6286
0 -3.21 18.05 1.0576
0 -1.24 18.54 2.2649
0.05 1.39 17.06 3.1538
0.975 -3.5 11.44 3.5782
0.5 -11.64 2.07 3.8332
0 -9.15 5.37 1.9551
0 -8.28 7.61 2.4012
0 -6.65 9.75 3.4099
0 -9.68 6.62 1.5035
0.525 -6.18 10.6 1.9801
13.05 0.53 12.54 2.296
9.575 -3.56 6.68 2.9373
3.025 -1 5.13 3.965
2.4 -5.07 7.12 2.0656
0.725 -1.12 10.55 3.9462
0 -3.96 11.81 2.5922
0 -4.02 14.13 2.7694
0 -3.99 15.25 1.5982
0 -4.25 16.6 0.9593
0 -1.16 16.29 0.7042
0 -3.04 17.24 3.0218
0 -0.51 15.15 3.3079
0 -4.74 14.63 2.1637
0 -3.07 14.63 3.2095
0 -0.93 16.04 1.4368
0 -0.94 18.48 1.8438
0 1.45 21.16 0.3348
0.1 3.77 22.69 2.571
0.05 2.68 20.39 3.0845
0 -0.32 16.96 1.9836
0 -0.67 17.38 0.8577
0.55 0.08 18.62 2.4416
0.375 0.09 17.4 2.925
0 -1.27 15.85 2.7555
0.2 -0.65 15.75 1.7416
0.15 -1.81 16.5 1.143
0 0.03 16.83 0.7126
0.775 0.51 18.93 1.6059
1.35 1.16 18.31 2.316
13.6 1.26 16.08 3.3892
11.975 1.69 14.89 2.1095
3.35 0.8 15.47 1.8416
0.125 -1.36 14.22 2.179
0.675 0.4 13.38 0.9068
2.575 -3.88 10.47 2.2477
3.2 -2.85 12.02 3.9451
2.65 -5.96 6.15 2.763
1.5 -2.33 7.02 2.8448
2.85 -0.51 11.4 2.5467
1.775 -0.26 13.04 3.3978
0 0.28 12.18 3.1264
0 -2.95 10.77 3.3158
0.65 -2.05 12.56 2.0258
2.025 -0.29 11.36 3.7294
1.125 -3.31 11.11 2.615
4.3 -1.52 12.6 2.3819
3.775 -0.05 12.83 2.2403
1.425 2.13 12.29 2.8449
0.725 1.98 15.31 1.5321
0 4.59 19.34 2.7236
0 1.86 19.38 3.4112
0 0.05 15.02 3.1519
0 -2.74 14.4 1.1278
0 0.11 16.06 0.8863
0 2.01 19.87 1.3294
0.125 2.5 21.62 2.713
0.075 0.43 19.5 1.6815
0 2.98 20.65 0.8828
0 4.25 23.31 0.375
0.325 4.23 24.3 3.0271
0.025 5.55 23.5 3.0666
0 3.51 22.24 2.2187
0 5.4 22.11 1.4768
0 3.82 21.25 2.9301
0 2.54 21.49 2.521
0 1.74 21.93 2.8694
0 2.24 22.14 2.7727
0 1.41 20.44 3.0466
0 2.19 19.79 2.6748
0 0.8 20.05 2.5723
0 0.49 20.08 1.9395
0 5.57 20.78 2.0512
0 4.52 21.48 2.5037
0 4.08 21.06 1.3428
0 2.57 21.84 0.6927
0 3.92 23.02 1.6835
0 5.3 25 2.2132
0 5.9 23.02 2.0019
0 6.34 25.61 2.15
0 8.62 25.76 2.0718
0 7.38 25.68 2.5193
0 6.44 25.58 2.5523
0.1 5.52 25.1 2.1406
0.175 6.47 25.23 2.0609
0.075 5.18 23.88 2.1817
0 6.19 24.63 2.2204
1.05 5.71 24.5 1.9678
0.75 6.71 24.69 1.8154
0 8.54 24.74 1.9917
0.05 6.27 23.81 2.7747
0.025 4.16 22.88 2.4138
1.425 5.92 23.12 2.2407
0.775 4.78 23.92 2.3572
0 4.88 22.81 3.0935
0 2.19 22.21 2.8333
0 4.93 21.79 2.4644
0 7.11 20.31 2.7403
0 3.94 18.88 3.4839
0 -1.93 10.67 2.057
0 -1.55 12.55 1.2316
0 0.65 17.02 0.1632
0 2.2 19.78 1.1183
0 4.58 21.89 2.8908
0 4.73 22.34 2.7184
0 4.72 22.59 2.9674
0 2.51 21.09 3.2529
0 0 19.08 1.314
0 -0.35 18.2 0.278
0 1.01 20.66 0.6162
0 1.76 22.26 0.9639
0 3.16 24.72 1.2474
0 4.25 25.24 1.7598
1.1 5.51 25.33 2.2876
3.15 5.97 25.24 2.3737
4 5.55 20.46 3.4399
1.2 1.39 15.8 1.6965
0 2.11 19.18 1.76
0 1.4 21.32 0.7492
0 1.55 21.96 1.325
0 2.37 22.24 0.9636
0 4.5 22.71 1.3958
0 3.83 23.6 3.2161
0 3.91 20.49 2.3345
0 3.45 19.84 1.2886
0 2.53 20.76 0.1842
0 5.15 21.24 1.3447
0 3.94 21.23 1.9796
0 1.1 20.38 2.199
0 1.63 19.63 2.0532
0 0.53 18.67 1.3443
0 0.75 19.01 0.5629
0 1.41 18.9 0.9827
0 2.86 20.8 0.3899
0 2.96 21.55 0.9842
0 3.81 23.19 1.4401
0.6 1.91 21.04 2.497
0.075 0.11 18.19 2.8039
0 -1.54 14.97 1.4808
0 0.79 17.27 1.0261
0 1.23 20.05 0.4217
0 -0.35 22.26 1.2167
0 4.23 22.95 2.5078
0 1.73 20 1.0416
0 2.8 17.91 2.87
0 -0.92 20.23 2.695
0 1.17 21.1 1.8223
0 0.26 21.51 0.9639
0 -0.45 21.88 0.7705
0 2.24 22.33 1.1821
0 -0.43 22.76 0.3277
0 1.8 22.68 2.3136
0 4.29 19.32 2.7449
0 -8.2 10.5 2.3549
0 -8.37 7.64 2.6688
0 -5.9 12.06 0.9619
2.3 -0.7 13.97 3.297
1.525 -9.56 10.06 3.7173
0 -11.16 -1.29 0.3758
0 -9.4 4.96 3.3719
0 -8.67 6.75 1.8759
0 -6.33 9.43 1.4137
0 -6.14 11.78 0.9061
0 -5.05 14.34 0.5935
0 -5.52 12.31 2.1403
0.25 -4.38 13.05 2.0336
40.775 -2.4 7.24 6.2272
28.1 -2.33 3.62 4.6775
0.075 -2.27 8.58 0.728
0 -2.44 13.15 2.2896
0 -2.58 14.41 1.3297
0.025 -0.65 16.29 2.2182
1.4 1.87 14.08 2.6744
0.875 -6.72 6.84 2.7319
0 -7.23 7.47 1.1123
0 -5.95 11.53 0.6862
0 -5.57 11.66 0.7872
0 -3.95 13.74 1.0977
0 -3.98 12.66 1.9634
0.025 -5.24 9.94 1.3092
2.575 -6.01 12.74 4.0023
1.825 -11.47 -2.88 5.1807
0.075 -13.14 -1.97 0.8779
0.05 -8.95 3.77 0.0461
0 -7.37 9.56 0.9341
0 -6.49 11.91 0.8425
0 -5.57 13.69 1.127
0 -5.19 14.49 1.1472
0 -5.85 14.36 1.7732
0 -2.29 13.59 2.3513
0 -6.74 11.03 0.7386
0 -8.88 9.17 1.3153
0 -11.01 7.6 1.844
0 -10.22 5.03 1.435
0 -9.35 8.89 0.9167
0.625 -6.86 8.17 0.837
7.5 -3.87 8.89 2.1641
5 -11.13 0.55 1.0235
0 -12.69 0.88 1.1384
0 -13.87 1.87 2.8549
0 -11.15 4.5 2.2917
0 -10.24 7.51 1.9115
0 -9.08 9.19 1.0394
0 -13.34 3.97 2.3914
0.9 -9.39 5.36 4.0407
0.525 -9.16 4.98 0.8686
0 -9.72 1.4 0.5509
0 -13.41 5.77 2.6116
0 -12.86 3.41 3.9055
0 -12.04 5.05 4.2646
0 -12.96 5.37 2.8081
3.625 -9.37 5.34 1.5243
2.25 -9.28 4.28 4.8964
0 -14.13 -5.61 5.3765
0 -14.78 -1.17 3.8527
0 -13.65 1.66 1.5206
0 -14.2 1.31 2.359
0 -15.12 1.96 2.2012
0 -14.89 -0.36 2.1428
0 -9.72 2.88 1.3132
1.525 -16.42 -0.05 2.2556
6.55 -11.89 -4.98 1.2318
3.65 -24.08 -10.31 0.6162
0 -25.24 -9.22 1.8107
1.1 -22.4 -6.59 2.8349
7.775 -12.42 -3.04 2.7144
35.025 -9.62 -3.32 3.6903
21.075 -11.2 -3.59 4.7945
0.475 -18.76 -4.11 0.8128
0 -15.71 -6.68 2.9028
0 -14.19 -3.17 2.2401
0 -13.23 -0.89 2.2653
0 -14.49 -2.17 2.7907
0 -16.68 -3.72 4.0478
0 -14.02 -5.8 2.9181
9.875 -10.88 2.28 1.9421
6.65 -14.72 0.35 3.7564
0.075 -20.06 -7.38 3.0692
0 -17.98 -5.15 3.6914
0 -17.54 -1.28 3.5333
1.625 -17.39 -7.33 3.921
0.975 -17.01 -4.09 1.8839
0.65 -17.18 -4.38 3.2795
4.8 -12.33 -6.29 0.7106
3.625 -10.51 -4.64 1.4937
0.05 -10.68 -2.66 2.345
0 -11.63 -0.05 1.7598
0 -14.76 0.74 1.163
0 -15.86 -2.9 3.9984
0 -14.94 -2.7 2.945
0 -13.98 -1.14 2.2385
0 -14.05 -1.47 2.7888
0 -11.65 -1.01 2.9437
0.05 -10.79 1.29 3.152
0.975 -10.15 1.25 2.257
0.575 -7.48 -1.32 2.4569
0.1 -10.66 -2.26 3.0422
16.8 -9.87 -1.91 4.2913
10.125 -7.44 1.52 2.1477
0.075 -14.28 -1.41 1.4972
0 -15.16 -2.02 3.3064
0 -11.98 -1.26 1.7136
17.525 -12.42 1.65 2.4513
45.775 -9.9 -0.86 4.5447
27.4 -11.46 -5.59 5.3018
32.625 -10.88 -6.74 6.1611
44.475 -15.17 -7.09 4.0052
20.275 -14.36 -10.16 4.3791
2.25 -17.09 -8.22 0.8596
0.6 -18.33 -9.12 1.955
6.3 -15.51 -6.89 3.3711
3.475 -10.7 -4.36 2.8005
0 -12.33 -1.08 1.3822
0 -16.72 -1.29 2.8161
0.25 -15.27 -5.83 3.0783
0.15 -12.25 -2.58 1.5316
0 -19.41 -1.86 1.0278
0 -17.62 -5.88 1.6907
0 -12.35 -3.53 1.8687
0 -13.48 -2.64 0.6029
6.85 -13.73 -3.8 2.4013
10.95 -9.83 -0.81 3.3914
9.5 -9.48 -2.2 1.8397
3.225 -10.28 -2.99 2.6041
0.275 -10.8 -3.34 1.4455
2.075 -12.35 -4.27 2.4581
1.225 -13.33 -4.78 0.5179
0 -12.31 -3.57 0.8814
0 -11.09 -0.22 0.9954
0 -11.89 1.62 1.4477
0 -13.91 1.9 1.529
0 -12.21 2.6 0.8508
0 -11.45 4.3 1.7709
0 -10.73 3.66 2.442
0 -10.49 3.84 1.4859
1.675 -10.93 3.47 1.4788
3.075 -9.39 -0.35 2.5881
11.575 -8.66 -0.06 3.2312
7.85 -16.45 -3.69 2.562
16.4 -15.62 -4.02 3.4836
16.65 -10.3 -0.27 2.9882
1.6 -12.86 -1.65 0.5437
33.5 -10.82 0.27 4.3652
24.775 -9.85 1.87 2.0297
1.525 -9.53 -3.34 0.8637
0 -12.14 1.39 2.4821
2.625 -9.03 1.39 2.7512
13.375 -10.43 0.96 3.2121
7.275 -13.5 -1.6 3.4373
0 -14.91 -3.45 1.2403
0.1 -11.67 -1.27 2.7668
0.075 -11.98 -1.49 0.7956
3.275 -12.07 1.3 2.3802
2.375 -15.91 -1.68 4.0886
0.225 -12.85 -3.59 2.026
0 -16.79 -4.93 0.525
20.375 -12.14 1.34 2.194
12.6 -11.58 2.89 2.6506
0 -17.41 -3.51 2.7522
0 -13.82 1.5 3.8108
0 -11.24 5.92 1.697
0 -8.65 7.91 0.6998
0 -7.84 8.37 3.1119
0 -11.85 5.05 2.1219
0 -8.83 8.37 2.1998
0 -8.72 8.34 1.1257
0 -9.17 7.89 1.1899
0 -10.95 7.49 2.589
0.25 -10.6 6.87 2.3164
0.925 -7.3 8.56 2.7032
0.45 -11.89 2.43 2.82
0 -11.45 0.45 2.9541
0 -9.88 5.45 1.6533
0.4 -5.09 9.68 2.8266
7.45 -6.49 10.75 6.1255
4.625 -10.73 -0.6 3.5131
0 -15.27 -2.25 0.9602
2.55 -12.94 1.03 2.4746
1.25 -8.31 1.89 2.308
14.85 -12.98 1.57 2.7645
9.775 -11.97 -1.49 3.7777
0 -16.19 -3.16 0.8582
0 -13.95 2.12 2.2451
0 -9.75 7.18 0.4936
0 -8.14 9.99 1.5988
0 -8.82 6.66 1.9547
11.75 -5.17 7.13 3.7774
9.375 -12.71 1.66 4.7221
0.975 -11.42 -2.16 1.1084
0 -9.7 3.24 0.6884
0 -8.99 5.51 0.8996
0 -5.33 9.98 2.7545
0 -8.17 9.92 1.3029
0 -8.31 13.06 1.0278
0.25 -6.92 13.49 1.9617
7.55 -3.04 11.29 3.0291
6.675 -10.5 0.77 2.9068
3.725 -9.29 -1.91 1.4565
1.65 -6.89 -2 1.6545
0 -7.49 7.86 0.6556
0 -5.81 11.64 1.4896
0 -6.87 10.84 0.7135
2.525 -0.71 13.28 4.518
3.2 -7.49 5.09 5.4789
1.45 -12.77 -0.73 4.2543
0.3 -10.73 -0.21 3.5873
0 -8.93 4.5 1.9986
0 -8.63 10.01 2.3985
0 -6.7 10.95 1.2544
0 -3.24 13.55 1.9858
0 -2.05 12.1 3.6167
0 -9.44 8.55 2.218
0 -9.14 6.36 1.1031
0 -3.66 10.68 2.9689
0.475 -7.25 8.93 3.8755
4.85 -9.93 3.35 3.6206
2.9 -12.53 2.07 5.0189
0.025 -7.2 3.15 2.5638
0.075 -6.74 7.81 1.286
0.025 -5.94 8.74 0.807
0 -4.29 11.71 0.6639
0 -2.57 14.47 1.4838
0.8 1.38 13.28 2.2863
0.475 -7.6 9.53 2.6662
0.075 -4.24 9.14 1.8066
0.025 -1.42 11.81 3.4336
0 -2.21 11.55 4.5164
2.25 -9.1 5.99 3.8519
1.725 -10.14 1.18 4.1024
0.05 -6.92 2.68 2.3911
0.3 -8.64 4.49 1.707
2.575 -4.91 8.66 3.5803
6.575 -6.43 6.06 2.8929
3.1 -8.6 3.58 3.9871
0 -9.49 4.07 1.9283
0 -6.43 11.5 0.7241
0 -2.83 14.89 2.7255
0 2.19 14.58 2.9767
0 -1.11 13.84 2.7675
0 3.17 16.98 2.9965
0 5.58 16.18 3.089
0 4.68 15.34 2.1623
0 4.44 20.29 3.2136
0 7.27 20.7 3.2097
0 2.49 19.49 2.2167
0 4.83 19.29 4.1815
0 1.68 15.47 4.6788
0 -1.75 11.49 5.3825
0 0.09 7.3 4.357
0 -1.92 12.87 1.2753
0 0.04 15.83 1.6008
0 1.98 19.14 3.3302
0 -0.2 17.5 3.3025
0 -3.63 11.64 0.718
0 -1.86 16.46 2.2656
0 -2.28 14.74 3.3558
0 -2.89 14.41 2.5335
0 -1.83 16.15 1.3404
0 -1.2 14.56 0.9008
0 1.9 18.74 1.5031
0 2.17 19.43 2.171
0 4.33 17.11 2.589
0 1.51 16.98 2.2466
0 3.8 18.92 0.6958
0 5.49 22.88 1.379
0 6.11 23.46 3.3807
0 3.88 22.7 3.0807
0 -0.58 18.94 2.7117
0 1.01 20.32 2.7123
0 2.11 19.19 1.8421
0 0.58 18.22 1.0246
0 -0.67 19.31 1.7634
1.6 2.98 22 2.3223
1.1 3.09 21.3 1.9847
0 3.46 20.43 2.0546
0 5.55 21.91 2.0301
0 4.12 21.91 1.8283
0 4.36 22.41 2.5615
0 6.59 21.83 3.4451
0 7.82 23.4 3.7129
0 5.42 21.58 1.8921
0.5 5.59 24.46 1.0668
1.775 6.61 25.41 2.5611
1 5.57 19.91 2.8392
0 5.24 24.34 2.6538
0 6.18 25.34 2.1669
0 5.69 25.37 2.1019
0 5.42 24.59 2.8416
0 4.33 23.12 1.1079
0 5.28 22.74 2.256
0 5.67 24.38 1.8916
2.5 7.33 24.74 2.2915
1.675 5.74 22.21 2.6779
0 4 21.35 1.925
0 3.41 21.89 2.352
0 4.62 22.24 1.8705
0 4.57 22.5 2.3077
0 3.9 22.34 2.5661
0 2.84 22.19 2.1453
0 3.64 22.59 2.5056
0 2.92 22.84 1.6762
0 3.01 22.74 2.0239
0 3.54 22.6 2.0495
0 2.22 22.11 2.1589
0 4 21.45 2.527
0.3 3.18 20.18 2.9249
0.175 1.97 17.27 2.1637
0 1.44 19.31 2.1011
0 2.12 19.4 2.4857
0 0.77 15.81 1.0444
0 1.49 19.51 1.109
0 3.26 21.4 2.018
0 2.92 21.95 2.6541
0 3.95 21.72 1.1537
0 3.79 22.95 1.9758
0 5.23 23.95 2.0559
0 3.7 21.86 1.8923
0 1.93 21.79 2.2114
0 4.03 22.8 2.258
0 5.03 19.71 1.8437
0 1.44 17.88 2.8108
0 2.25 21.52 2.3645
0 3.27 24.95 0.8126
0 8.13 25.88 2.6519
0 6.12 25.13 2.8316
0 3.19 20.91 3.257
0.125 0.28 10.7 2.236
0.075 -3.08 9.94 2.3405
0 -2.82 13.54 0.9448
0 -0.22 17.94 0.6157
0 0.78 21.1 0.5783
0 2.67 22.85 1.1159
0 3.43 23.42 1.5582
0 1.23 22.2 1.9565
0 -0.72 20.57 1.4719
0 0.39 19.84 2.8518
0 4.19 19.09 3.2662
0 -5.51 10.64 2.1564
0 -3.52 14.61 0.8275
0 -2.4 16.64 0.8917
0 -0.43 18.17 1.0966
0 -0.57 18.76 1.9
0 -1.85 16.99 1.4952
0 -1.9 17.41 0.6087
0 -1.45 17.98 1.1242
0 -1.55 19.39 1.707
0 -1.42 19.01 1.5644
0 -0.49 19.54 1.6983
0 -2.97 15.86 0.9588
0 -3.72 16.71 1.121
0 -0.64 17.43 2.7401
0 -3.08 12.69 0.783
0 -2.5 16.44 0.4962
0 -1.1 19.23 1.0738
0 0.2 22.05 0.5322
0 0.89 22.44 1.2306
0 2.47 23.48 0.4672
0 3.01 23.72 0.5101
0 1.76 23.49 0.3211
0.15 3.27 20.77 0.6487
5.775 2.43 18.73 1.4786
28.3 1.9 17.11 1.7855
42.475 -0.49 9.72 1.5908
12.575 -2.88 2.76 1.2665
7.35 -5.74 4.86 0.813
1.55 -5.51 2.55 2.2404
0.125 -6.76 5.68 0.8194
0 -5 10.18 1.7583
0 -3.96 12.81 1.7274
0 -1.74 16.03 1.4805
0 -1.39 14.63 2.5839
0 -1.22 15.54 1.8817
0 -1.96 15.99 0.9686
0 -1.99 15.93 0.8986
0 -2.04 15.51 1.4833
2.775 -0.61 11.94 0.8988
2.6 -1.97 8.71 1.3003
0 -1.91 8.15 2.06
0.425 -3.86 11.13 1.2136
0 -3.08 10.72 2.1077
3.6 -5.35 10.11 1.9482
13.4 -1.48 7.68 1.8767
32.9 0.08 5.59 4.7895
21.1 -5.11 6.84 4.0107
0.025 -7.91 4.21 1.5414
0 -11.65 3.55 3.1306
0 -9.87 3.45 3.3324
2.1 -6.63 8.93 2.1038
1.5 -5.62 9.92 2.0905
0.05 -7.93 4.83 0.8673
0 -7.49 8.41 1.8713
0 -6.73 11.66 3.4555
0 -5.48 13.85 3.2738
0 -2.82 14.76 2.2876
0 -1.34 13.9 1.221
0.2 -2.3 12.71 2.4749
14.65 -6 10.38 3.0819
10.275 -9.69 4.1 2.9234
1.025 -13.84 -0.32 0.5756
1.275 -12.44 0.53 1.6248
0 -12.38 -0.34 2.6571
0 -11.97 1.77 1.4751
0 -10.81 5.27 3.2211
0 -9.79 3.01 1.5056
0 -6.31 7.55 2.4178
0 -8.58 9.03 0.7668
0 -11.18 7.84 2.2105
0 -3.59 9.22 2.6287
19.175 -3.61 9.62 3.2795
31.125 -10.12 4.69 3.5419
21.375 -13.15 -2.95 5.5244
7.85 -12.96 -7.08 3.374
10.175 -12.8 -3.56 4.6868
7.05 -19.56 -5.89 0.9762
0.475 -23.19 -7.45 3.3331
0 -18.32 -5.21 3.2502
13.05 -14.16 -2 3.0746
8.35 -18.61 -2.17 3.0838
0 -22.3 -7.24 2.0309
0.725 -19.24 -8.8 2.9336
0 -15.82 -0.93 2.1421
0.05 -11.15 3.14 2.4574
0 -2.74 4.53 1.7445
0.35 -4.92 5.9 1.6701
12.625 -8.99 2.2 1.9285
8.55 -7.55 4.03 3.2033
0 -10.33 0.44 2.3795
1.575 -8.54 2.45 1.7853
2.6 -5.37 4.71 1.1733
0.45 -4.44 4.13 1.4802
0.025 -5.93 4.65 0.5595
0 -9.47 5.83 2.2165
0 -9.98 4.05 1.581
11.325 -8.59 4.37 2.1129
8.5 -9.11 2.55 1.8448
4.7 -11.09 -2.12 2.5928
34.2 -10.48 -2.93 3.3825
64.35 -8.96 -4.6 5.3905
71.375 -7.91 -1.35 6.4348
39.275 -10.49 -2.89 2.1775
17.275 -12.28 -9.11 1.961
3.55 -13.92 -5.29 2.1854
2.8 -11.07 -4.18 0.4036
0.275 -12.28 -3.35 2.7765
17.375 -16.25 -2.15 5.0805
8.725 -12.15 -2.44 2.0477
0 -14.6 -6.58 1.0773
31.675 -13.39 -5.77 2.2675
18.725 -11.5 -4.4 4.756
0.775 -20.35 -4.47 2.9247
2.7 -21.19 -10.65 1.1394
10.725 -19.74 -10.22 3.4933
14.9 -15.13 -10.02 4.4771
24.25 -13.64 -10.16 2.5592
0 -15.59 -7.37 3.0116
0 -18.71 -10 3.7525
0 -16.85 -9.66 5.4381
0 -15.9 -9.03 3.9782
0 -16.54 -9.06 1.7951
0 -17.01 -6.15 0.9735
0 -15.99 -3.03 3.3569
2.775 -16.37 -7.64 3.138
4.55 -13.35 -5.22 1.5258
0.125 -14.26 -2.65 1.5808
0.075 -13.56 -0.4 1.44
0 -13.3 -0.06 2.3205
0 -10.95 -0.46 1.1077
0 -9.38 1.83 0.6344
0 -12.2 1.02 2.0971
0 -9.74 2.26 1.3183
0 -13.82 2.89 4.2829
0 -13.63 -0.39 3.5482
0 -13.59 0.27 2.7649
0 -14.28 2.96 3.5921
0 -12.98 -0.48 2.1415
0 -12.36 1.11 2.1262
0 -12.54 1.73 4.9212
0 -12.94 1.4 3.0921
0 -12.68 0.68 1.7547
2.65 -11.96 2.15 0.7285
10.125 -10.65 3.98 1.7735
3.5 -13.55 -4.34 1.7526
0 -14.44 -2.37 2.2066
0 -19.12 -3.06 3.097
0 -16.88 -3.63 2.15
0 -14.14 0.49 3.0054
0.025 -11.65 3.54 1.7326
0 -8.89 4.48 1.9558
0 -9.45 4.62 0.6604
0.1 -12.99 6.95 2.3065
0.075 -15.54 -1.09 3.6715
0 -16.7 -2.8 3.7989
0 -15.13 -0.88 3.8039
0 -13.07 2.12 2.5519
0 -11.11 5.43 1.48
0.025 -9.02 5.51 3.1943
7.575 -5.8 3.64 3.895
37.475 -9.56 3.79 6.2619
23.35 -13.7 -7.01 4.2021
41.075 -11.86 -8.06 3.2791
34.85 -11.58 -3.92 4.3314
3.175 -20.08 -6.33 0.859
0 -19.93 -6.71 1.205
0 -18.29 -7.09 0.3833
0 -18.1 -3.35 0.2272
4.95 -14.32 -4.11 2.4774
15.025 -11.98 -3.63 6.0073
21.275 -17.1 -7.42 0.5928
0 -20.26 -10.66 0.5138
0 -18.76 -5.97 2.1101
2.275 -17.06 -1.12 1.7302
3.2 -13.32 0.34 3.3322
6.9 -9.2 1.41 1.9742
0.775 -15.05 0.44 1.397
1.55 -10.51 2.18 0.5924
9.675 -8.26 4.52 1.7919
17.7 -8.3 0.42 4.6028
0.05 -11.18 -1.6 0.7306
0 -9.56 4.7 1.5413
0 -7.84 7.39 1.4249
0.25 -7.71 6.58 1.0683
0.15 -8.67 5.93 0.7584
1.075 -9.74 6.24 0.8847
0.775 -6.3 3.28 1.1564
8.85 -5.97 6.75 1.3634
26.175 -5.22 7.48 3.1552
4.775 -11.98 0.71 0.929
21.55 -10.03 0.93 3.3123
38.575 -11.91 -3.34 5.0077
61.125 -10.1 -4.67 6.4389
11.5 -11.98 -5.77 2.8525
6.025 -14.43 -2.93 0.8211
13.125 -12.68 -3.99 4.3006
36.45 -13.2 -5.06 5.343
26.2 -14.61 -4.79 4.2749
12.2 -11.54 -2.44 2.9296
5.825 -10.09 -2.57 1.7588
0.075 -8.99 3.27 0.5204
0 -10.33 5.01 1.0142
0 -8.28 6.36 2.2105
0 -7.03 8.74 2.1786
0 -5.91 13.25 1.6263
0 -2.92 15.92 1.5166
0 -8.32 10.78 1.2643
0.1 -8.89 7.49 2.0759
0 -6.06 11.73 1.5501
2.9 -6.92 11.14 1.3696
5.4 -10.28 8.55 3.6765
5.575 -16.5 -5.18 1.4083
2.625 -13.99 -7.21 1.5852
0.1 -13.3 -1.68 0.5944
0 -9.93 4.86 1.4319
0 -9.58 6.9 1.3404
0.5 -8.1 7.03 3.0684
0.4 -12.23 -1.94 0.6069
0 -8.62 5.53 0.7643
0 -6.68 11.01 1.271
0.025 -5.56 12.99 2.3909
0 -3.84 12.41 3.3335
0 -5.23 7.66 1.9069
0.375 -4.37 10.14 2.4673
10.725 -3.82 3.95 2.6381
3.675 -8.75 5.52 0.8479
2.225 -7.44 5.28 1.6268
0.225 -5.01 4.71 2.8507
1.025 -6.26 2.99 2.7464
0.025 -9.22 4.94 2.8183
0 -7.69 7.55 0.8613
0 -5.46 11.29 2.6736
0 -9.27 8.18 4.6545
0 -11.07 3.56 3.8106
0 -9.72 4.83 2.1073
0 -6.85 8.58 0.6654
0 -4.13 12.03 0.8417
0 -4.39 13.94 3.1851
0 -2.14 15.41 0.9786
0 -1.24 16.41 1.7985
0 -0.53 15.62 2.2389
0.45 -2.56 12.28 3.3699
1.325 -8.79 4.81 3.6283
3.625 -9.86 -1.33 3.0131
0 -7.04 7.07 1.6855
0 -3.8 11.91 1.2377
0 -2.67 14.26 0.6398
3.475 -2.52 15.42 3.1359
8.15 -10.29 8.84 3.2836
2.9 -11.3 -1.96 1.1494
7.175 -8.17 1.86 3.4591
21.95 -9.2 0.66 2.6418
2.725 -7.8 1.48 3.7768
0.1 -7.78 6.45 1.8737
0 -2.93 12.29 1.8933
0 -3.2 11.84 2.7504
0 -5.33 10.67 4.337
0 -7.15 8.36 2.422
0 -3.89 12 2.9911
0 -3.67 10.3 2.9221
0 -4.01 9.84 3.5714
2 -3.17 10.5 4.4944
6.075 -9.82 5.42 5.0449
1.275 -9.37 1.83 3.0373
0.45 -6.5 6.25 3.0478
0.9 -3.9 7.67 3.2961
1.15 -7.83 4.11 1.8606
0 -8.08 5.09 0.7252
11.725 -2.45 7.95 2.7353
18.025 -2.74 1.04 1.626
7.075 -4.14 9.34 3.8244
0.45 -5.31 7.31 1.7788
0.35 -3.96 11.08 3.0438
0 -2.36 12.81 1.5918
0 -1.18 15.84 2.0445
0 -0.9 15.85 2.963
0 -0.67 14.12 2.5785
0 -0.05 15.69 2.785
0 1.28 17.47 1.4204
0 2.38 20.56 1.9293
0 1.99 20.65 2.5059
0 -1.35 16.13 1.0214
0 -0.35 15.42 3.0467
0 1.14 17.28 2.1167
0 -0.04 15.56 0.1936
0 2.23 20.2 0.3155
0 4.13 22.43 2.483
0 4.07 22.22 3.2051
0 1.56 19.53 2.7936
0 -0.67 19.69 2.7701
0 0.33 18.32 2.1893
0 1.1 20.36 2.1077
13.175 3.65 20.4 2.9631
23.55 0.19 16.1 2.6697
7.425 -2.43 7.52 2.1911
0 0.86 17.62 0.6428
0 2.59 21.68 0.9285
0 4.8 23.43 0.927
0 4.91 23.41 1.8014
0 5.33 22.6 1.8796
0 6.47 20.8 2.4244
0 5.83 21.88 2.9365
0 4.01 20.02 2.3459
0 3.88 21.4 2.5918
0 1.91 21.18 2.2714
0 2.68 20.28 2.4833
0 1.59 20.32 2.5283
0 1.97 18.95 3.2192
0 0.66 17.35 2.6109
0 2.63 16.49 3.1025
0 0.57 16.12 3.1509
0 1 16.65 2.0656
0 0.79 18.24 1.651
0 2.13 19.64 2.0833
0 1.7 20.07 1.1559
0 2.18 21.02 2.3301
0 3.75 21.73 2.9066
0 3.7 21.3 1.8275
0 4.94 22.43 2.109
0 3.45 22.57 2.2904
0 1.68 21.57 1.8261
0 2.58 21.58 1.7307
0 3.66 20.77 1.3188
0 6.49 23 2.0783
4.525 4.54 23.51 2.9567
3.775 4.99 21.59 2.1646
1.95 4.88 17.24 1.6883
0 4.18 20.73 2.012
0 3.67 21.51 2.1583
0 2.09 22.3 3.1281
0 2.16 20.55 2.2151
0 2.23 20.45 3.0953
0 1.28 21.59 2.4895
0 3.05 20.87 1.8439
0 2.66 21.97 1.8908
0 3.06 21.56 2.1632
0 2.39 22.11 2.6653
0 3.57 22.8 1.4632
0 4.67 22.17 1.4195
0 3.46 22.08 2.2085
0 4.15 20.78 1.5763
0 3.28 19.79 0.9064
0 2.98 21.31 1.4584
0 3.11 22.96 1.228
0 3.39 24.14 2.4894
0 4.42 21.9 2.1038
0 3.06 20.69 1.5643
0 2.41 20.37 1.1467
0 -0.64 20.25 1.0113
0 3.75 23.69 2.0998
0 4.99 23.49 1.4204
0 4.03 22.51 1.0401
0 4.98 23.82 1.2172
0 6.53 23.75 1.5914
0 5.52 23.76 1.6311
0 4.17 23.29 2.051
0 0.75 23.28 1.9635
0 1.26 21.01 0.7619
0 1.92 20.47 0.8573
0 1.56 21.33 0.9149
0 3.68 21.12 0.8441
0 6.09 21.61 1.8166
0 3.26 19.57 0.5351
0 2.66 20.88 0.896
0 4.73 21.56 0.7204
0.425 4.19 20.27 1.9155
3.425 2.64 18.57 1.212
5.275 3.07 16.86 1.3488
16.25 0.6 12.71 1.2795
5.7 2.32 14.91 0.6287
12.45 0.23 16.67 0.964
0 1.48 15.79 2.4808
0 2.19 16.96 2.0304
0 0.49 14.65 1.5902
0 0.17 15.91 0.2438
1.85 0.71 18.59 0.34
1.275 2.41 20.41 0.877
0 1.49 20.18 0.4255
5.775 2.25 20.8 0.4821
0 4.45 20.66 0.8355
0.275 3.64 21.67 1.6832
10.175 1.36 17.03 2.3693
0.1 -0.51 13.11 1.5803
0 0.65 17.11 0.4332
0 1.49 19.31 0.6743
0 3.07 18.82 1.0515
0.025 1.02 19.81 1.6578
0 1.44 19.39 2.66
0 3.8 16.08 2.1531
0 0.74 15.38 2.3438
21.125 -1.68 11.67 2.4712
34 -5.5 8.26 4.0878
13.35 -7.58 1.67 0.6469
2.5 -9.62 1.6 1.0015
0 -7.53 5.44 1.2969
0 -6.22 8.75 1.4239
0.85 -3.55 10.82 1.7604
3.85 -1.85 8.44 1.7703
0 -3.29 13.48 0.922
0 -2.59 15.42 0.6855
0 -1.73 17.35 0.7078
0 -1.87 17.86 1.2996
0 -1.29 14.94 1.8538
0 -1.77 14.31 1.983
0 -2.45 13.64 2.1281
0 -2.53 15.44 0.6095
0 -2.9 13.19 0.6099
0 -3.95 13.86 0.3759
0 -2.97 13.06 2.3223
0 -5.13 14.53 1.9528
0 -3.66 15.03 2.4884
0 -4.56 11.75 1.3941
0 -8.75 8.5 3.8927
0 -9.46 4.66 3.4883
0 -8.57 7.05 2.2676
0 -8.32 10.52 0.8284
0 -7.88 11.88 2.363
0 -7.58 12.32 0.2222
0 -6.01 12.24 3.3586
0 -8.34 5.79 4.1569
1.65 -10.64 6.34 4.1122
10.8 -11.6 7.03 1.9648
5.2 -14.22 -5.16 0.3855
10.4 -11.93 -3.61 1.535
0.2 -11.43 -3.86 1.0582
0 -13.51 -2.77 2.4155
0 -13.13 -0.17 3.3827
0 -11.53 2.64 2.959
1.875 -9.37 1.94 3.142
2.8 -6.2 -0.24 1.0603
0 -8 2.8 0.2488
0 -6.9 5.06 0.4856
0 -9.94 5.42 0.4882
0 -10.04 6.46 0.8604
0 -10.28 5.55 1.3261
0 -10.23 6.16 3.6389
0.3 -9.58 0.94 2.3
1.55 -9.55 -0.57 3.7911
2.675 -12.9 -4.11 1.4819
0 -12.83 -0.64 2.1259
0.2 -11.14 3.31 3.4347
0 -8.97 7.04 2.3299
0 -10.64 3.51 0.8167
0 -11.47 4.67 3.0027
0 -9.42 6.4 2.3964
0 -9.14 5.35 1.0841
0 -8.86 6.53 2.0063
0 -10.17 7.56 3.1754
0 -11.6 1.92 9.4012
0 -14.14 -4.79 4.0186
0 -15.42 0.71 4.621
0 -16.35 -3.56 2.6841
0 -15.38 -0.3 3.5207
0 -16.23 -2.82 3.0065
0 -14.96 -1.72 3.6907
0 -14.38 0.97 4.058
0 -15.61 0.87 4.368
0 -15.2 0.22 3.2346
0 -14.97 -0.92 1.3017
0 -16.16 -0.97 1.6518
0 -15.99 -4.79 1.4469
0 -15.93 -3.3 1.0766
0 -13.73 -1.71 0.9414
0 -12.76 -3.44 6.0023
0 -14.6 -1.39 4.9826
0 -15.68 -0.95 2.5968
0 -12.62 1.79 4.7239
0 -16.54 -1.91 4.757
0 -15.01 -2.96 3.4264
0 -18.8 0 4.5743
0 -18.26 -2.52 3.8998
0 -17.17 -1.67 4.8719
0 -16.31 -0.22 3.2048
0 -14.71 1.51 1.3907
0 -13.49 3.65 1.1386
0 -12.39 1.88 1.0931
0 -9.35 7.12 0.9808
0 -9.8 5.36 1.3904
0 -12.43 5.5 2.3823
