0.675 -19.63 -1.37 1.6166
3.8 -9.63 -2.54 1.6191
2.15 -15.21 0.47 1.6564
0.575 -18.58 -7.69 4.3858
1.425 -18.8 -7.26 1.5645
0.65 -11.51 -3.99 0.737
0 -11.49 -0.3 1.2849
0 -10.05 -0.89 0.6997
0 -13.43 3.34 4.7345
0 -14.27 0.39 3.1952
0 -12.48 0.84 2.0997
0 -13.19 4.78 5.4403
0 -10.98 4.3 3.689
0 -11.6 3.42 2.9519
0 -9.88 4.6 3.797
0 -11.8 4.94 4.903
0 -11.99 3.74 4.2087
0 -12.31 1.91 4.7645
0 -13.11 4.23 4.8341
0.075 -11.49 1.4 3.3283
11.8 -9.47 4.31 2.7514
23.375 -7.21 1.41 2.1435
24.7 -11.18 0.43 1.5677
33.25 -5.88 -1.15 2.7947
10.275 -9.47 -2.02 3.7495
0.7 -15.75 -6.35 0.7773
0 -17.69 -6.67 1.2223
0 -13.58 -3.39 1.5226
0 -13.36 -0.31 4.2816
0 -11.59 2.53 4.53
0 -10.37 3.54 3.0572
0 -9.91 3.88 3.2306
0 -12.04 2.85 3.6695
0 -10.72 5.16 3.7823
0 -9.75 6.73 3.0224
6.025 -6.18 5.75 2.5927
18.775 -9.58 -0.75 2.6011
10.25 -10.61 -5.02 2.8682
15.425 -11.8 -4.13 1.3704
9.55 -14.8 -2.98 3.9465
4.6 -19.37 -9.06 0.5875
9.15 -13.7 -7.07 2.3656
3.6 -13.7 -5.71 1.4551
7.3 -13.81 -5.86 2.9771
4.375 -13.59 -7.62 3.0189
2.25 -13.03 -5.05 5.2698
24.7 -11.23 -5.47 5.5236
16.825 -13.45 -7.62 4.1216
1.275 -16.21 -6.1 0.9625
0 -14.51 -5.28 3.3618
0 -15.19 -1.74 2.4513
3.95 -13.67 0.41 3.8036
17.75 -8.8 -0.43 3.2118
11.375 -7.47 -2.99 2.3701
3.225 -8.3 1.73 1.5536
1.825 -7.91 3.59 1.5049
0.125 -8.35 -1.56 2.5853
0 -10.73 1.47 0.4511
0.025 -10.35 4.07 3.8165
13.725 -5.08 4.56 2.8873
18.625 -6.31 3.81 4.057
18.8 -7.69 -0.41 4.9811
15.4 -10.82 -5.02 3.2988
2.225 -17.12 -6.63 0.7153
0.825 -14.53 -3.83 1.9394
0 -15.42 -3.61 0.236
0 -13.77 -0.23 1.6973
0 -11.3 2.38 2.8138
0 -15.79 -3.24 0.5401
0 -13.43 1.61 0.7278
0 -11.84 1.69 2.3632
0 -11.29 3.76 2.7573
0 -11.53 5.73 1.3925
0 -10.13 4.75 2.3478
0 -5.99 5.41 2.6771
0 -7.37 7.78 1.1019
0 -8.15 8.15 0.9625
0 -6.71 10.53 0.7998
0 -6.94 10.66 0.7967
21.725 -5.46 10.18 2.1544
27.4 -11.66 2.15 4.3364
1.175 -17.22 -8.24 2.3066
0 -15.35 -5.26 1.8644
0 -12.54 2.41 0.4414
0 -7.06 6.12 2.2775
0 -10.02 6.29 2.135
0 -9.21 6.72 1.3502
0 -5.06 10.33 3.3194
0 -13.25 6.55 1.9752
0 -10.26 5.32 0.3837
0 -7.15 7.98 2.5623
0 -6.9 8.62 2.6419
0 -9.65 6.19 5.4985
0 -14.77 -0.3 1.8042
0 -12.77 2.81 2.9958
0 -10.43 7.27 2.8124
8.225 -7.39 10.42 1.533
11.85 -9.44 7.79 3.7019
6.8 -9.27 -1.1 1.7777
4.65 -8.39 0.82 2.1936
2.075 -10.06 -0.53 3.8348
0 -8.73 4.05 1.6275
0 -8.16 9.3 1.8895
0.625 -6.39 7.45 4.4258
0.45 -15.87 1.18 6.4976
0 -12.96 -0.69 3.5759
0 -11.21 3.23 1.5228
0 -8.37 9.4 3.2057
0 -6.61 12.67 2.988
0 -4.12 15.7 1.6337
0 -2.93 17.51 1.0776
0 -1.41 18.15 2.2401
0.025 0.65 16.97 3.093
0.875 -3.57 10.77 3.6085
0.5 -11.69 1.88 3.8523
0 -9.66 4.51 1.9998
0 -8.73 6.99 2.3936
0 -7.11 8.82 3.3771
0 -10.39 5.73 1.5289
2.025 -6.89 9.35 2.0054
35.175 0.39 11.8 2.2695
22.9 -4.14 5.87 2.8991
2.9 -1.4 4.86 3.8913
2.25 -5.56 6.21 2.0298
0.675 -1.42 9.82 3.8569
0 -3.82 10.81 2.5642
0 -4.64 13.92 2.7985
0 -3.52 14.67 1.6082
0 -4.05 15.62 1.0029
0 -1.51 15.77 0.7367
0 -2.29 16.44 3.0347
0 -1.9 14.64 3.303
0 -4.09 14.04 2.209
0 -3.26 13.46 3.2466
0 -1.14 15.11 1.4461
0 -1.24 17.43 1.7951
0 1.1 20.63 0.3196
0.1 3.16 22.2 2.5528
0.05 2.55 20.89 3.0502
0 0.05 16.33 2.0201
0 -0.76 16.26 0.9038
0.5 0.09 17.42 2.4703
0.35 -0.51 16.78 2.9448
0 -0.95 15.2 2.7837
0.2 -0.69 15 1.7708
0.125 -1.68 15.61 1.144
0 0.03 16.27 0.7092
0.675 0.83 17.83 1.6474
0.75 0.23 17.67 2.3307
11.975 1.11 15.39 3.3853
10.85 1.2 14.94 2.1309
3.45 0.29 14.98 1.8813
0.1 -0.94 14 2.199
0.7 0.62 12.93 0.9277
8.75 -3.49 9.45 2.2667
7.9 -3.45 11.65 3.8984
3.3 -6.09 4.54 2.724
1.225 -3.05 6.4 2.843
1.775 -1.63 10.28 2.5582
1.125 -1.2 12.1 3.418
0 -0.33 11.53 3.1319
0 -3.11 9.74 3.3377
1.275 -2.35 11.36 2.0731
1.85 -0.94 10.52 3.7282
0.625 -3.31 10.12 2.6178
2.425 -2.18 11.42 2.3954
1.875 -0.57 11.71 2.2636
0.375 1.38 11.52 2.8614
0.2 1.42 14.3 1.5411
0 4.48 19.19 2.7375
0 1.63 18.89 3.4449
0 -0.59 14.2 3.1768
0 -2.86 14.12 1.0827
0 -0.73 15.67 0.8497
0 0.94 19.31 1.329
0.125 2.13 21.23 2.6868
0.1 0.84 18.82 1.7226
0 2.48 19.73 0.8673
0 3.42 22.82 0.3942
0.375 5 24.04 3.0304
0.35 5.11 23 3.0728
0 3.77 21.64 2.2265
0 5.15 21.63 1.5024
0 3.86 20.6 2.9198
0 2.9 20.94 2.5134
0 1.15 21.08 2.8461
0 1.79 21.32 2.7376
0 0.77 19.55 3.0254
0 1.42 18.94 2.6767
0 0.08 18.92 2.5797
0 -0.16 19.24 1.9327
0 4.2 19.93 2.0119
0 3.66 20.82 2.4612
0 3.43 20.33 1.3238
0 2.91 21.22 0.6161
0 4.43 22.37 1.7044
0 5.54 24.27 2.187
0 6.19 21.59 2.0001
0 6.36 25.01 2.1546
0 8.74 25.36 2.0335
0 8.23 25.48 2.5174
0 5.86 25.07 2.5387
0.1 4.94 24.45 2.1363
0.2 5.83 24.55 2.051
0.075 5.34 23.21 2.1605
0 5.49 23.64 2.189
1.225 5.46 23.64 1.9583
0.875 5.83 24.02 1.8584
0 7.71 24.22 2.0327
0 6.2 23.37 2.7924
0 4.63 22.31 2.4376
0.475 6.41 22.54 2.2866
0.325 5.07 23.06 2.3832
0 4.88 22.25 3.0441
0 2.52 21.59 2.7795
0 4.19 20.69 2.3747
0 6.92 20.11 2.6842
0 3.28 18.04 3.4242
0 -1.82 10.3 2.0563
0 -1.67 12.38 1.2444
0 0.5 16.45 0.1793
0 2.22 19.54 1.1449
0 4.9 21.51 2.8885
0 5.22 22.06 2.6859
0 4.41 21.92 2.9531
0 2.87 20.3 3.2786
0 0.41 18.48 1.3068
0 -0.23 17.76 0.2686
0 1.35 20.05 0.5969
0 1.96 21.59 0.9262
0 3.11 24.07 1.2332
0 4.86 24.68 1.7896
0.45 5.85 24.45 2.2633
4.225 6.11 24.74 2.3831
4.625 5.2 19.85 3.3765
1.375 1.9 14.8 1.6816
0 1.87 18.69 1.7523
0 1.49 20.34 0.7199
0 1.66 21.06 1.3198
0 2.59 21.75 0.9637
0 4 22.11 1.3735
0 3.5 23.28 3.1845
0 4.26 20.23 2.2899
0 3.55 19.61 1.2139
0 3 20.93 0.192
0 4.54 20.82 1.3383
0 4.18 20.94 1.9989
0 0.76 19.99 2.169
0 1.56 19.01 2.0334
0 0.34 17.41 1.3713
0 0.93 18.07 0.5732
0 1.23 17.92 0.9909
0 2.82 19.93 0.3963
0 2.35 21.11 0.9716
0 4.54 22.76 1.4945
0.3 2.53 20.13 2.4485
0.175 0.26 16.77 2.7619
0 -1.62 15 1.4803
0 -0.08 16.71 1.0447
0 1.55 19 0.4187
0 -0.49 20.77 1.2109
0 3.64 21.92 2.4773
0 2.75 20.01 1.056
0 3.98 16.78 2.8052
0 -0.68 20.33 2.6848
0 2.65 20.96 1.7892
0 1 21.07 0.9241
0 0.24 21.17 0.7642
0 3.54 21.98 1.1891
0 0.46 22.31 0.3219
0 1.48 22.19 2.2837
0 3.82 19.32 2.7232
0 -7.73 9.83 2.3551
0 -9.23 7.48 2.6751
0 -6.8 11.61 0.9452
2.025 -1.25 13.38 3.3206
1.325 -9.59 9.95 3.7108
0 -11.62 -1.69 0.3706
0 -9.37 4.44 3.308
0 -9.53 6.38 1.8468
0 -7.03 8.73 1.4227
0 -6.48 10.92 0.8905
0 -5.69 13.56 0.5462
0 -5.76 11.71 2.114
6.85 -5.18 12.44 2.0032
43.325 -2.84 6.43 6.2068
26.15 -3.64 2.63 4.6267
0.05 -2.41 8.12 0.7526
0 -2.69 12.54 2.3116
0 -2.69 14.06 1.3223
0 -1.35 15.77 2.184
1.175 1.3 13.49 2.6492
0.75 -7.35 6.15 2.7459
0 -7.78 7.05 1.1214
0 -6.65 10.77 0.6723
0 -6.19 10.91 0.7906
0 -4.58 12.98 1.1041
0 -4.65 11.99 1.9458
0 -5.82 9.43 1.307
2.025 -6.1 12 3.9701
1.45 -12.09 -2.66 5.1663
0 -13.61 -1.95 0.8724
0 -9.64 3.33 0.0413
0 -7.78 8.84 0.9344
0 -7.24 11.22 0.853
0 -6.1 13.04 1.1203
0 -5.71 13.92 1.1312
0 -6.3 13.79 1.7496
0 -2.63 12.92 2.317
0 -7.38 10.16 0.6831
0 -9.34 8.39 1.3337
0 -11.58 6.79 1.8458
0 -10.73 4.5 1.4223
0 -8.95 7.72 0.9158
2.4 -5.47 7.09 0.8208
7.775 -4.18 8.22 2.1897
4.45 -11.29 -0.01 1.0339
0 -12.57 0.01 1.1529
0 -13.68 0.26 2.8485
0 -11.65 3.79 2.2926
0 -10.5 6.41 1.8806
0 -9.71 8.69 1.0611
0.35 -12.49 3.37 2.3885
1.6 -9.78 4.53 3.9541
0.825 -9.48 3.98 0.8678
0 -10.18 1 0.5129
0 -12.24 4.93 2.5947
0 -12.28 2.4 3.925
0 -11.16 3.94 4.2581
0.5 -11.77 4.53 2.8045
1.8 -8.86 4.91 1.5186
0.95 -9.68 3.73 4.7976
0 -13.83 -5.38 5.3532
0 -13.48 -0.81 3.8705
0 -12.81 0.81 1.5007
0 -13.03 0.74 2.3299
0 -14.61 1.26 2.1874
0 -14.06 -0.92 2.1471
0.025 -9.85 1.88 1.3834
9.6 -16.39 -0.57 2.2185
12.45 -12.11 -5.44 1.2448
4.325 -23.85 -10.94 0.5956
0 -25.35 -10.41 1.8285
1.1 -22.35 -8.22 2.8449
16.575 -12.45 -3.32 2.7377
40.75 -9.99 -4.61 3.6979
27.95 -10.49 -4 4.7718
1.025 -16.79 -5.05 0.759
0 -14.98 -7.14 2.9164
0 -14.29 -4.03 2.2507
0 -13.02 -1.64 2.3008
0 -13.67 -3.52 2.8181
0 -15.18 -4.84 4.0778
0.7 -13.26 -5.62 2.9329
12.175 -10.24 1.91 1.9155
8.45 -14.39 -0.25 3.7547
0.075 -19.97 -8.72 3.0805
0 -17.2 -5.87 3.7142
0 -16.1 -1.68 3.5631
3.15 -16.02 -8 3.9379
2.05 -15.3 -3.85 1.8708
1.45 -15.84 -4.76 3.2717
6 -12.51 -6.57 0.6846
3.35 -10.91 -5.07 1.4753
0.05 -11.02 -3.87 2.3348
0 -11.61 -1.52 1.7229
0 -13.92 -0.15 1.1991
0 -14.89 -3.14 4.0336
0 -13.97 -2.62 2.9678
0 -14.05 -1.34 2.2958
0 -13.16 -1.83 2.831
0 -10.5 -0.46 2.9382
0.025 -10.14 0.96 3.1568
1.2 -9.5 0.57 2.2769
0.75 -7.17 -1.4 2.458
0.4 -9.89 -2.17 3.0518
19.325 -9.13 -1.28 4.2566
12.175 -7.87 1.2 2.1297
0.075 -12.74 -2.22 1.4848
0 -14.46 -2.7 3.3034
0.7 -11.11 -0.72 1.7221
28.425 -11.33 0.96 2.4285
54.5 -9.6 -1.99 4.5375
35.05 -11.19 -6.5 5.2639
38.9 -10.67 -7.17 6.1398
51.425 -14.15 -7.76 4.0208
24.825 -14.07 -10.25 4.3913
3.2 -16.12 -9.03 0.8404
1.375 -16.06 -9.11 1.9691
6.55 -15.84 -8.17 3.3564
3.625 -10.39 -5.34 2.8092
0 -12 -1.79 1.3646
0 -15.05 -1.72 2.8044
0.925 -14.83 -6.34 3.0908
0.55 -11.48 -2.71 1.5014
0 -17.65 -2.79 1.0612
0 -17.46 -5.9 1.6862
0 -12.73 -3.75 1.884
0 -12.17 -2.64 0.5945
8.275 -12.31 -3.33 2.3832
14.275 -8.86 -1.33 3.4186
11.375 -9.29 -3.18 1.8512
3.425 -10.59 -4.25 2.6454
0.525 -11.52 -4.04 1.4249
2 -12.24 -4.22 2.4573
1.075 -13.07 -5.3 0.5491
0 -12.18 -3.77 0.8629
0 -10.38 -1.16 0.961
0 -11.82 1.48 1.518
0 -13.07 1.32 1.5476
0 -10.81 3.19 0.8815
0 -10.11 4.1 1.7642
0 -9.35 3.99 2.4378
0 -9.11 4.34 1.505
1.3 -10.75 3.06 1.4902
3.875 -9.57 -0.71 2.6443
16.475 -8.82 -0.25 3.2931
9.35 -15.05 -4.8 2.5307
15.975 -14.39 -4.83 3.4709
19.775 -10.53 -1.6 2.9807
2.2 -11.95 -2.95 0.5602
38.925 -11.31 -0.33 4.317
27.15 -9.94 0.82 2.0715
1.4 -10.32 -4.56 0.8607
0.475 -11.45 0.36 2.4575
4.925 -8.63 1.53 2.7375
16.625 -10.26 0.29 3.188
8.475 -13.02 -2.58 3.4446
0.05 -14.15 -4.66 1.2501
0.125 -11.16 -1.74 2.7476
0.05 -11.57 -2.32 0.8274
4.625 -11.48 0.72 2.3869
3.4 -15.95 -2.87 4.1091
0.35 -13.43 -4.66 2.0702
0 -16.06 -5.53 0.4967
25.8 -11.83 0.99 2.1458
15.8 -11.8 1.32 2.6702
0 -15.78 -4.8 2.727
0 -12.81 1.73 3.7849
0 -10.58 5.98 1.686
0 -8.49 8.04 0.6985
0 -7.38 8.25 3.0843
0 -11.83 4.99 2.1119
0 -8.02 8.51 2.1821
0 -8.36 8.22 1.0947
0 -9.05 7.42 1.2082
0 -10.71 6.9 2.5795
0.55 -10.27 6.87 2.2792
1.45 -6.97 8.21 2.6642
0.675 -11.91 1.66 2.8624
0 -11.34 -0.93 2.9315
0 -9.75 5.27 1.617
2.225 -5.39 9.47 2.7417
8.625 -7.08 9.59 6.0862
4.65 -10.71 -0.96 3.5178
1.75 -14.86 -4.24 0.9832
4.55 -13.35 1.17 2.4295
1.4 -8.79 0.92 2.3177
15.95 -12.22 0.67 2.7647
10.275 -12.18 -2.35 3.7636
0 -16.3 -4.39 0.8991
0 -13.67 1.49 2.2203
0 -10.2 6.42 0.5092
0 -8.46 9.36 1.4794
0.575 -8.59 5.92 1.9697
13 -5.39 6.27 3.7949
9.7 -12.06 0.45 4.7137
0.925 -11.76 -2.92 1.1031
0 -10.35 2.3 0.6834
0 -9.51 4.58 0.888
0 -6.19 9.18 2.7711
0 -8.73 9.27 1.3308
0 -7.87 11.99 1.0214
2.85 -7 12.76 1.9734
9.6 -4.45 11.68 2.992
6.475 -10.68 -0.09 2.9291
2.25 -8.7 -3.5 1.4789
0.9 -8.01 -3.55 1.6816
0 -7.75 7.23 0.6758
0 -6.31 10.9 1.4892
0 -6.44 10.34 0.7099
3.65 -1.08 13.51 4.4199
4.35 -7.56 5.03 5.4774
1.65 -13.11 -1.35 4.2827
0.25 -11.14 -1.12 3.609
0 -9.86 3.25 2.0252
0 -8.36 8.89 2.424
0 -7.01 10.31 1.2115
0 -4.37 12.99 2.0082
0 -2.73 11.93 3.633
0 -9.12 8.61 2.1974
0 -9.1 5.89 1.0654
0.05 -4.39 10.18 2.975
1.75 -7.59 8.88 3.9081
5.6 -9.96 2.23 3.5786
2.9 -13.71 0.97 5.0012
0.025 -8.59 2.09 2.5553
0.05 -7.49 7.03 1.2432
0.025 -6.84 8.38 0.7639
0 -4.41 11.21 0.6327
0.775 -2.56 13.88 1.4662
1.475 0.54 13.43 2.2311
0.6 -8.43 8.87 2.6108
0.1 -4.85 7.56 1.8178
0.05 -1.64 11.14 3.4394
0 -3.13 11.1 4.525
2.05 -9.4 5.53 3.8691
1.575 -10.34 0.55 4.0934
0.925 -7.73 1.04 2.398
1.875 -8.55 3.55 1.6936
4.45 -5.47 7.32 3.528
7 -6.48 4.44 2.8894
2.9 -8.48 2.53 3.9775
0 -9.56 3.84 1.9795
0 -6.43 11.27 0.7134
0 -3.67 14.47 2.7226
0 1.38 13.84 2.9645
0 -1.53 13 2.7865
0 2.57 16.13 3.0021
0 4.54 15.56 3.0859
0 3.53 14.93 2.1739
0 3.68 19.66 3.2332
0 6.63 20.14 3.2292
0 1.9 18.67 2.2757
0 3.95 18.42 4.1591
0 0.61 14.9 4.6975
0 -2.51 10.71 5.3259
0 -1.12 6.66 4.2941
0 -1.86 12.67 1.2597
0 -0.77 15.14 1.5877
0 1.67 18.81 3.325
0 -1.27 16.75 3.2866
0 -4.19 11.41 0.7509
0 -2.11 15.9 2.295
0 -2.27 13.86 3.3132
0 -3.14 13.37 2.5289
0 -2.13 15.21 1.3422
0 -1.79 13.92 0.9445
0 1.07 18.06 1.5276
0 1.71 18.56 2.1479
0 3.82 16.04 2.5907
0 1.51 16.4 2.2344
0 3.71 18 0.7084
0 5.5 22.07 1.4098
0 6.11 22.96 3.3512
0 3.46 21.99 3.0785
0 -0.18 17.98 2.7038
0 0.83 19.26 2.7124
0 1.67 18.17 1.8386
0 0.16 17.32 0.9735
0 0.19 18.06 1.7919
1.6 3.09 21.24 2.3741
1.125 3.31 20.35 1.9869
0 3.01 19.57 2.1184
0 5.46 21.66 2.0681
0 4.1 21.31 1.8226
0 4.51 21.87 2.5229
0 6.53 21.15 3.4296
0 7.28 22.59 3.6905
0 5.04 20.04 1.9275
0 5.53 23.12 1.109
1.225 6.08 24.96 2.5574
0.875 4.82 19.68 2.8205
0 5.32 23.53 2.6412
0 6.57 24.77 2.2026
0 5.6 24.67 2.1283
0 5.24 23.39 2.7977
0 4.09 22.1 1.121
0 4.81 21.5 2.2668
0 5.31 23.23 1.9073
1.7 7.03 24 2.3105
1.225 5.78 21.63 2.6589
0 3.35 20.85 1.9117
0 3.01 21.34 2.3161
0 4.08 21.22 1.8552
0 3.96 21.56 2.265
0 3.96 21.52 2.5419
0 2.84 21.26 2.1451
0 2.86 21.68 2.488
0 2.65 22.39 1.6371
0 2.79 21.82 2.0137
0 3.32 21.62 2.0307
0 2.08 21.06 2.12
0 3.06 20.53 2.5125
0.425 3.34 19.11 2.8881
0.25 2.38 16.06 2.1161
0 1.27 18.4 2.0446
0 2.01 19.05 2.4425
0 0.47 14.71 1.0428
0 1.24 18.98 1.1376
0 2.95 20.85 2.0663
0 2.66 21.35 2.6567
0 3.67 21.25 1.1753
0 3.37 22.55 1.9515
0 5.51 23.26 2.0291
0 3.62 21.14 1.889
0 2.14 21.06 2.2093
0 3.94 22.39 2.2059
0 4.38 19.33 1.838
0 0.65 17.33 2.7458
0 3.04 21.27 2.3258
0 2.64 24.43 0.8003
0 7.61 25.2 2.5983
0 5.32 24.67 2.8238
0 2.06 20.14 3.2025
0 0.07 10.56 2.2504
0 -3.03 9.43 2.3429
0 -2.93 12.35 0.9368
0 -1.3 16.97 0.5873
0 0.89 20.31 0.5321
0 2.79 22.38 1.1119
0 4.01 22.82 1.5229
0 2.2 22.04 1.9743
0 0.07 19.78 1.4371
0 0.85 19.46 2.7988
0 3.45 18.43 3.2295
0 -5.29 9.04 2.1564
0 -3.24 14.06 0.798
0 -2.24 15.28 0.8688
0 -0.31 17.66 1.0692
0 -0.25 18.06 1.8626
0 -1.37 16.37 1.4807
0 -1.48 16.59 0.6179
0 -1.4 17.03 1.1165
0 -1.7 18.22 1.69
0 -1.32 17.63 1.5419
0 -0.58 18.15 1.661
0 -2.49 14.36 0.9646
0 -3.54 15.53 1.1207
0 -0.76 15.7 2.7253
0 -2.89 11.68 0.8135
0 -2.53 16.02 0.4874
0 -0.91 18.82 1.0683
0 0.44 21.77 0.5401
0 1.49 22.22 1.2022
0 3.15 23.3 0.482
0 3.26 23.58 0.4944
0 1.79 23.32 0.3224
0.175 3.52 19.84 0.6347
5.85 2.44 17.43 1.4496
29.1 2.5 16.6 1.7406
42.175 -0.31 7.9 1.5995
8.95 -3.06 2.22 1.2171
8.075 -5.97 3.6 0.8095
2.25 -5.69 1.82 2.1984
0.1 -6.96 4.44 0.8443
0 -5.01 9.05 1.7815
0 -4.33 11.89 1.7222
0 -2.45 15.25 1.4525
0 -1.48 14.54 2.542
0 -0.48 15.5 1.8636
0 -1.14 15.63 0.946
0 -2.42 15.51 0.8575
0.025 -1.6 15.32 1.4445
2.425 -0.7 11.82 0.882
2.175 -2.16 7.89 1.2661
0 -2.56 7.36 2.0222
0.45 -3.61 10.9 1.1823
0.275 -2.79 9.69 2.1127
2.95 -5.17 8.9 1.9515
13 -1.98 7.22 1.856
36.6 -0.44 4.84 4.6872
13.975 -5.28 5.59 3.9892
0 -8.43 3.47 1.5735
0 -11.96 2.68 3.1046
0 -10.06 3.25 3.3059
2.875 -6.28 7.93 2.1128
2 -6.08 9.08 2.0797
0.1 -7.91 2.64 0.9046
0 -7.62 6.6 1.8939
0 -6.69 9.95 3.4521
0 -5.65 12.62 3.2585
0 -3.24 14.16 2.2793
0 -1.77 13.13 1.1998
0.225 -2.01 12.25 2.4619
20.7 -5.44 9.64 3.0191
11.625 -9.8 3.32 2.9266
1.25 -12.95 -1.39 0.5643
1.225 -12.32 -0.07 1.6244
0 -11.78 -1.79 2.6882
0 -11.56 0.64 1.4774
0 -10.92 4.86 3.2262
0 -9.78 2.59 1.518
0 -7.22 6.9 2.4027
0 -8.56 8.12 0.7476
0 -11.7 6.99 2.1925
0 -3.77 8.21 2.5714
19.025 -3.78 8.9 3.2425
39.675 -10.27 3.89 3.5094
25.075 -13.35 -3.8 5.5095
5.325 -12.91 -8.53 3.2872
8.975 -12.25 -4.32 4.6133
7.7 -18.7 -7.21 0.9646
0.6 -22.6 -8.45 3.3101
0 -17.97 -7.49 3.2555
13.65 -14.36 -3.54 3.0272
8.725 -18.21 -2.9 3.0953
0 -21.52 -9.51 2.0404
0.925 -19 -10.66 2.9421
0 -16.62 -2.57 2.1638
0.05 -12.53 1.98 2.4674
0.025 -4.01 2.56 1.7189
0 -5.47 4.98 1.6799
13.925 -9.21 1.33 1.9448
7.95 -7.98 2.76 3.1861
0 -10.1 -0.88 2.3907
1.55 -9.08 2.06 1.7501
3.525 -5.14 3.58 1.1373
0.375 -4.9 2.64 1.4265
0 -6.02 3.49 0.5515
0 -9.09 4.13 2.2412
0 -9.53 2.79 1.579
11.975 -9.25 3.94 2.0373
9.325 -9.44 1.05 1.8722
5.025 -11.17 -3 2.5416
52.725 -10.32 -3.78 3.4048
89.9 -9.36 -5.45 5.4071
79.475 -8.23 -2.11 6.4534
43.575 -10.72 -3.03 2.1171
19.4 -11.71 -9.56 1.9589
4.875 -13.91 -6.21 2.1806
1.825 -11.17 -4.65 0.3813
0.275 -12.61 -3.82 2.7659
20.15 -15.97 -2.71 5.0848
10.275 -11.2 -2.62 1.9841
0 -14.06 -8.2 1.1012
23 -12.68 -6.35 2.2567
19.85 -11.41 -4.94 4.7097
1.2 -20.47 -5.37 2.9432
2.5 -21.16 -10.55 1.1508
12.8 -19.53 -11.27 3.5031
16.7 -13.17 -10.05 4.5489
29.375 -13.16 -9.65 2.5903
0 -15.1 -7.69 3.0432
0 -16.28 -9.44 3.7911
0 -16.32 -8.95 5.4847
0 -15.53 -8.5 3.987
0 -16.29 -8.95 1.7947
0 -16.67 -5.94 1.0018
0 -16.07 -3.83 3.3513
2.825 -16.37 -7.32 3.1428
6.275 -13.13 -5.46 1.511
0.15 -14.1 -2.98 1.5868
0.075 -13.49 -0.89 1.4803
0 -13.37 -0.57 2.3546
0 -11.17 -0.57 1.1293
0 -9.8 1.65 0.6547
0 -11.96 0.36 2.1365
0 -10.02 2.26 1.3261
0 -13.82 2.99 4.3031
0 -13.62 -0.23 3.5725
0 -13.22 0.54 2.7277
0 -13.39 2.57 3.613
0 -11.85 -0.16 2.1453
0 -11.38 1.51 2.134
0 -11.6 1.5 4.936
0 -11.82 1.64 3.0993
0 -11.6 1.32 1.7562
2.575 -10.96 2.54 0.6967
13.625 -10.21 3.55 1.7823
4.45 -12.87 -5.72 1.7505
0 -14.47 -2.82 2.1714
0 -17.52 -2.87 3.1079
0 -15.42 -2.99 2.1595
0 -14.08 -0.46 3.0118
0.025 -10.83 3.59 1.7502
0 -8.4 4.39 1.9643
0 -10.37 4.39 0.6569
0.075 -12.37 6.15 2.2745
0.05 -14.83 0.51 3.6668
0 -15.83 -2.57 3.8349
0 -14.48 -0.88 3.8579
0 -12.58 2.34 2.565
0 -10.79 4.94 1.4614
0.025 -9.15 5.07 3.1417
6.15 -7.27 2.93 3.7922
43.625 -10.03 2.9 6.2138
27 -13.15 -7.6 4.1496
44.2 -11.58 -8.8 3.3095
37.275 -12.18 -5.15 4.3299
3.75 -17.8 -7.05 0.886
0.025 -17.8 -6.9 1.1894
0 -16.55 -7.1 0.3719
0 -16.37 -3.34 0.2147
3.4 -13.31 -3.88 2.4218
16.975 -12.61 -4.27 6.0121
21.125 -16.98 -8.32 0.5913
0 -19.51 -10.55 0.5173
0 -17.55 -6.34 2.0827
1.075 -16.79 -1.98 1.7189
6.325 -13.65 -0.52 3.3001
8.325 -9.17 0.12 1.9305
1.325 -13.66 -0.57 1.407
0.675 -10.7 1.6 0.5903
12.75 -8.66 3.93 1.7876
21.475 -8.41 -0.43 4.6398
0.05 -11.63 -2.23 0.7039
0 -10.58 3.85 1.5361
0 -8.98 6.98 1.3559
0.3 -8.59 6.25 1.1086
0.175 -9.26 5.28 0.7915
0.975 -10.07 5.87 0.8591
0.75 -7.01 2.78 1.1107
8.125 -6.64 6.21 1.3112
28.725 -5.8 7.05 3.0825
4.2 -12.23 0.62 0.959
21.875 -10.84 0.47 3.2582
39.6 -12.15 -4.28 4.993
70 -10.61 -5.51 6.45
15.025 -12.31 -6.49 2.8506
5.425 -14.21 -4.15 0.8107
13.65 -12.82 -4.33 4.2964
41.65 -13.31 -5.28 5.3077
30.15 -15.18 -5.28 4.2231
14.8 -11.63 -3.27 2.9004
6.05 -10.58 -4.68 1.7158
0 -9.57 1.59 0.5304
0 -10.41 3.8 1.0702
0 -9.46 5.11 2.2768
0 -8.52 7.41 2.184
0 -6.06 11.83 1.6021
0 -3.58 14.8 1.5402
0 -8.55 10.37 1.1975
0.125 -8.89 7 2.0696
0 -6.59 10.65 1.5744
2.05 -7.37 10.44 1.4217
6.225 -10.59 8.07 3.6685
7.425 -16.33 -6.09 1.3977
3.425 -14.67 -8.12 1.6018
0.2 -13.99 -2.59 0.612
0 -10.59 3.42 1.448
0 -10.05 5.65 1.3958
0.125 -8.28 5.9 3.0617
0.375 -12.16 -2.51 0.625
0 -9.21 4.79 0.7541
0 -7.01 10.24 1.3273
0.025 -6.08 11.93 2.4176
0 -5.26 11.49 3.3201
0 -5.51 6.9 1.9274
0.425 -5.68 9.31 2.4843
12.475 -4.39 2.59 2.6576
2.7 -8.57 4.87 0.8506
1.525 -7.87 4.61 1.6751
0.2 -5.9 3.94 2.8437
1.225 -6.63 2.03 2.7223
0.025 -9.37 4.03 2.8845
0 -7.81 6.66 0.8596
0 -6.3 9.96 2.6891
0 -9.62 7.82 4.7032
0 -10.63 3.87 3.8334
0 -9.2 4.93 2.0991
0 -6.98 8.17 0.6378
0 -4.27 11.53 0.8543
0 -4.04 13.22 3.1596
0 -1.83 14.83 0.9439
0 -1.05 15.91 1.811
0 -1.17 15.02 2.249
0.55 -2.98 12.16 3.3848
2.425 -8.39 3.92 3.645
5.275 -9.74 -1.54 3.0215
0 -7.47 6.51 1.6949
0 -4.12 11.22 1.2482
0 -2.74 13.56 0.6386
2.55 -2.69 14.73 3.1213
10.55 -10.73 7.6 3.2286
4 -11.15 -2.96 1.149
10.65 -8.51 0.61 3.4633
22.65 -9.59 -1.29 2.6459
2.95 -8.36 0.55 3.7836
0.15 -7.98 5.74 1.905
0 -3.63 11.38 1.9164
0 -3.59 10.9 2.7851
0 -5.31 9.89 4.3733
0 -7.08 7.74 2.4571
0 -4.6 10.47 2.9564
0 -4.48 9.22 2.9302
0.95 -4.78 9.12 3.5659
2.4 -4.31 9.21 4.51
8 -9.84 4.27 5.0702
1.8 -8.95 1.49 3.0156
0.425 -6.44 6.02 3.0036
0.15 -5.05 7.4 3.2822
1.4 -8.28 2.97 1.8588
0 -8.17 4.57 0.6701
11.825 -3.15 6.62 2.7437
22.825 -3.27 0.76 1.5908
10.625 -5.02 7.73 3.7663
0.35 -5.86 5.44 1.7942
0.3 -4.6 8.91 3.0711
0 -2.96 11.89 1.6125
0 -1.5 14.71 2.0815
0 -1.52 15.09 2.9842
0 -1.45 13.05 2.5784
0 -0.56 14.18 2.7814
0 0.82 16.4 1.4474
0 2.02 19.44 1.9371
0 2.04 19 2.5817
0 -1.2 15.16 1.0657
0 -1.13 13.99 3.0408
0 0.31 16.34 2.1037
0 0.35 15.36 0.1992
0 2.16 19.37 0.3135
0 3.78 21.73 2.4735
0 3.69 21.63 3.174
0 1.19 19.07 2.809
0 -0.83 19.45 2.7889
0 0.06 17.89 2.2121
0 0.98 20.05 2.1377
13.5 3.04 19.8 2.9074
27.95 -0.17 15.66 2.6419
9.2 -2.76 6.97 2.1851
0 0 15.86 0.6665
0 2.01 20.22 0.9346
0 4.51 22.22 0.9034
0 4.57 22.39 1.7911
0 5.01 21.79 1.9093
0 6.18 20.02 2.4471
0 5.87 21.06 2.916
0 4.59 19.55 2.3615
0 4.22 20.7 2.6045
0 2.28 20.44 2.2674
0 2.55 19.57 2.4523
0 1.67 18.95 2.4838
0 1.74 17.7 3.1961
0 0.58 16.01 2.6079
0 1.93 14.82 3.1114
0 0.18 14.6 3.1141
0 0.68 15.22 2.0296
0 0.62 16.94 1.6098
0 1.48 18.5 2.0679
0 1.24 19 1.193
0 1.91 19.96 2.3423
0 3.44 20.59 2.9088
0 3.64 20.17 1.8381
0 4.81 21.09 2.0637
0 3.16 21.74 2.2625
0 2.06 20.84 1.8509
0 2.46 20.53 1.7496
0 3.71 20.05 1.3622
0 5.92 22.05 2.1118
4.9 4.97 22.65 2.9357
4.45 6.11 21.13 2.1349
3.6 4.65 16.81 1.6458
0 4.22 20.14 2.0041
0 4.1 21.15 2.1509
0 2.19 21.45 3.0995
0 2.21 19.29 2.2156
0 2.18 19.34 3.0722
0 1.4 20.45 2.4513
0 3.12 19.85 1.8222
0 2.68 20.89 1.8665
0 2.9 20.59 2.1734
0 2.34 21.2 2.6573
0 2.63 21.69 1.484
0 4.46 21.46 1.3778
0 3.45 21.25 2.1802
0 4.28 20.28 1.5844
0 3.27 19.21 0.9506
0 2.95 20.23 1.4392
0 2.2 21.93 1.2347
0 3.59 22.85 2.501
0 3.9 20.24 2.0703
0 2.71 19.3 1.501
0 1.98 19.14 1.1069
0 -0.83 18.97 1.0259
0 3.65 22.49 2.092
0 4.19 22.55 1.3918
0 3.39 21.86 1.003
0 5.21 23.24 1.2037
0 6.27 23.18 1.5657
0 5.76 23.26 1.6299
0 3.92 22.51 2.03
0 1.17 22.14 1.9522
0 1.23 20.09 0.7923
0 2.03 19.37 0.8144
0 1.62 20.87 0.9174
0 3.85 20.4 0.8719
0 5.39 21.09 1.7993
0 3.53 19.3 0.5651
0 3.19 20.32 0.8866
0 4.89 21.19 0.7179
0.575 4.41 20.12 1.8593
4.775 2.91 18.91 1.1939
6.025 2.96 16.58 1.3274
19.5 0.13 12.08 1.262
4.925 1.49 14.34 0.6136
17.3 0.28 16.47 0.9674
0 0.72 15.14 2.455
0 1.72 16.65 2.0378
0 0.24 14.35 1.598
0 0.09 14.89 0.2316
1.65 0.68 17.65 0.3474
1.15 2.72 19.71 0.8892
0 2.29 19.76 0.4139
8.35 3.03 20.32 0.456
0 3.89 20.11 0.8115
0.25 4.19 21.23 1.6826
14.875 1.51 16.54 2.3424
0.15 -0.44 12.08 1.6032
0 -0.27 16.09 0.4472
0 2.01 18.35 0.6893
0 2.46 18.25 1.064
0.025 1.52 19.36 1.6378
0 1.3 19.11 2.6084
0 3.05 16.07 2.1142
0 0.94 14.36 2.3015
15.65 -1.95 10.7 2.4495
41.475 -5.64 6.84 4.0342
18.2 -8.14 1.36 0.6499
3 -9.55 1.18 1.0021
0 -8.03 4.29 1.2759
0 -6.45 7.92 1.4108
0.3 -3.87 9.95 1.7181
4.8 -2.8 7.26 1.7224
0 -4.22 12.77 0.9199
0 -3.46 14.57 0.6726
0 -0.8 16.54 0.7037
0 -1.86 16.8 1.2565
0 -1.42 14.23 1.8315
0 -1.43 13.53 1.9511
0 -1.77 13.21 2.084
0 -2.23 14.62 0.6101
0 -3.47 12.64 0.6232
0 -3.15 12.84 0.3814
0 -3.21 12.62 2.2768
0 -4.34 13.85 1.9154
0 -2.97 13.77 2.4675
0 -4.36 11.29 1.3841
0 -7.87 8.04 3.8473
0 -8.75 4.55 3.4788
0 -8.23 6.29 2.2599
0 -7.78 9.13 0.8325
0 -7.57 10.73 2.3481
0 -7.03 11.23 0.2239
0 -6.42 11.42 3.2813
0 -8.33 5.91 4.1731
1.575 -9.72 6.15 4.0598
11.25 -11.02 6.18 1.9468
3.475 -13.85 -6.1 0.3632
10.875 -12.35 -4.61 1.5134
0.25 -12.11 -5.04 1.0385
0 -13.1 -3.34 2.4186
0 -12.59 -1 3.3902
0 -11.66 2.04 3.0004
2.025 -9.52 2.07 3.2024
3.85 -6.26 -0.2 1.0713
0 -7.8 1.87 0.2433
0 -7.02 3.88 0.5178
0 -9.64 4.4 0.4985
0 -9.72 5.1 0.8663
0 -9.96 4.51 1.2501
0 -9.76 4.97 3.5348
0.525 -9.83 -0.23 2.2763
1.925 -9.36 -2.07 3.8099
3.125 -12.32 -5.17 1.4756
0 -12.51 -1.97 2.1045
0.225 -11.34 1.84 3.4044
0 -9.7 6.91 2.2784
0 -11.15 3.16 0.8332
0 -11.13 2.97 3.0072
0 -9.55 4.97 2.4007
0 -8.61 3.95 1.0727
0 -7.75 5.22 1.9851
0 -9.85 6.04 3.1529
0 -11.44 2.22 9.3845
0 -12.81 -4.34 3.9892
0 -14.62 0.6 4.6232
0 -15.4 -2.81 2.674
0 -14.57 -0.96 3.5135
0 -15.44 -2.52 3.0262
0 -14.46 -2.16 3.7002
0 -13.77 -0.01 4.0253
0 -14.51 0.26 4.3625
0 -14.26 -0.54 3.2411
0 -14.15 -1.33 1.2819
0 -15.34 -1.56 1.663
0 -15.06 -5.12 1.4539
0 -14.86 -3.69 1.118
0 -13.24 -2.61 0.9503
0 -13.32 -4.18 5.9811
0 -13.93 -1.65 4.9631
0 -14.96 -1.26 2.5968
0 -12.58 0.88 4.6926
0 -15.74 -1.76 4.7527
0 -14.26 -3.74 3.4134
0 -17.44 -0.76 4.5884
0 -16.9 -2.09 3.9341
0 -15.76 -1.77 4.8817
0 -14.95 -0.57 3.223
0 -13.38 0.59 1.3797
0 -12.52 2.4 1.1664
0 -13.01 1.04 1.114
0 -8.75 6.01 0.9765
0 -9.46 4.19 1.288
0 -11.92 4.22 2.3965
