1.375 -14.87 -0.46 1.4996
11.65 -11.46 -0.78 1.7429
6.5 -14.08 -0.76 1.6641
1.075 -17.8 -5.76 4.3236
3.525 -16.49 -6.59 1.7864
1.725 -9.63 -4 0.598
0 -10.58 -1.02 1.3501
0 -8.78 0.91 0.6893
0 -12.04 3.86 4.5219
0 -11.93 3.42 3.1138
0 -9.64 2.78 2.2255
0 -9.25 6.22 5.3944
0 -7.49 6.54 3.6777
0 -10.49 6.65 3.198
0 -9.1 7.25 3.6943
0 -9.9 7.73 4.804
0 -10.13 5.9 4.2124
0 -10.35 5.4 4.8186
0 -8.93 5.12 4.8831
0.1 -8.38 4.15 3.3887
17.975 -7.96 5.3 2.6948
34.6 -6.29 5.37 2.143
74.65 -6.51 1.18 1.5765
59.775 -5.72 -0.4 2.8101
17.775 -9.82 -2.69 3.6361
3.025 -15.01 -7.66 0.74
0.5 -15.58 -5.83 1.2145
0 -13.05 -2.95 1.3258
0 -11.63 -0.57 4.2557
0 -10.25 4.21 4.4887
0 -8.43 5.41 3.0708
0 -8.93 5.31 3.2927
0 -10.2 4.96 3.7229
0 -10.22 6.92 3.738
0 -7.36 8.11 2.9583
6.725 -6.93 6.85 2.4519
12.225 -8.82 -1.42 2.5492
4.9 -10.07 -3.86 2.914
24.725 -10.33 -1.45 1.2331
14.825 -14.1 -2.57 3.7892
4.35 -19.38 -8.16 0.5374
13.2 -17.41 -6.01 2.6416
7 -13.56 -6.22 1.4253
16.55 -13.68 -5.47 3.1264
9.525 -13.18 -7.04 3.3655
3.825 -11.45 -4.7 5.4717
31.2 -9.92 -5.54 5.404
24.8 -11.64 -6.77 4.1791
4.375 -14.34 -6.8 1.1057
0 -14 -3.85 3.3272
0 -13.39 -0.25 2.4098
8.175 -11.87 0.89 3.7266
31.825 -11.77 0.79 3.3018
22.1 -7.12 -3.61 2.4292
6.2 -8.14 -0.63 1.7334
3.025 -9.27 3.98 1.5773
0.775 -8.53 -0.98 2.9545
0 -11.02 2.17 0.5103
0.025 -10.03 4.99 3.8055
21.175 -5.95 4.32 2.8947
33.775 -5.69 1.83 4.2318
47.125 -6.87 0.41 4.9614
22.925 -10.38 -4.51 3.1718
3.9 -15.79 -5.68 0.7233
1.625 -14.26 -2.89 1.9067
0 -14.47 -3.4 0.2897
0 -14.5 0.68 1.5027
0 -11.78 3.1 2.6397
0 -14.6 -2.79 0.5015
0 -13.99 2.12 0.9034
0 -11.57 2.48 2.4107
0 -11.35 4.99 2.6999
0 -10.69 6.72 1.4801
0 -8.97 4.51 2.6416
0 -8.19 4.85 3.183
0 -7.5 7.51 1.0324
0 -6.61 8.87 0.8741
0 -5.1 11.22 0.8202
0.2 -6.7 11.38 0.6667
33.15 -6.35 10.59 2.1295
23.75 -10.7 2.3 4.2472
2.35 -16.83 -7.59 2.1527
0 -15.48 -2.97 1.9018
0 -12.08 4.19 0.4006
0 -8.04 6.75 1.9525
0 -8.56 8.71 2.0973
0 -7.76 8.44 1.2997
0 -5.87 10.75 3.3935
0 -9.93 6.51 2.0132
0 -8.69 5.82 0.2943
0 -6.71 7.82 2.5229
0.025 -6.32 9.74 2.5906
0 -8.56 7.71 5.3344
0 -12.72 0.34 1.875
0 -11.5 4.59 2.9715
0 -9.64 8.69 2.5842
11.9 -6.23 11.33 1.3378
12.5 -9.67 8.61 3.6684
8.625 -9.22 -1.36 1.8509
4.375 -8.62 -0.01 2.1153
0.65 -9.41 -0.62 3.6954
0 -7.9 3.87 1.4444
0 -7.81 8.57 2.0124
0 -5.84 7.24 4.4761
0 -13.9 1.24 6.3479
0 -12.66 0.12 3.3446
0 -10.12 4.89 1.6061
0 -7.27 10.19 3.1267
0 -5.22 13.59 2.982
0 -1.68 16.67 1.5621
0 -0.65 18.81 1.0191
0 0.67 19.36 2.2217
0.125 -0.39 17.92 3.1354
1.925 -3.19 11.76 3.365
1.1 -10.96 1.59 3.584
0 -9.38 4.75 1.7872
0 -7.28 7.17 2.3768
0 -7.73 7.95 3.3881
0 -9.4 4.98 1.4838
1.65 -6.76 8.21 1.8716
65 -0.33 11.12 2.1733
45 -3.64 7.06 2.8251
13.525 -2.17 3.12 4.0587
6.975 -4.95 4.55 2.0713
0.85 -1.6 8.98 4.0935
0 -3.99 10.62 2.4958
0 -3.16 13.68 2.7052
0 -2.06 14.4 1.5588
0 -2.92 15.09 0.9339
0 -0.4 15.46 0.6739
0 -1.85 16.56 2.9438
0 -1.69 15.41 3.2883
0 -3.11 13.78 2.1747
0 -2.49 13.39 3.0634
0 -1.28 14.71 1.5166
0 -0.3 17.42 1.8448
0 3.59 21.41 0.3984
0.925 5.38 23.11 2.5249
0.55 2.92 22.59 2.9725
0 0.3 17.18 1.6925
0 -0.24 16.42 0.7635
0 0.39 17.62 2.3628
0 0.13 17.24 2.8879
0 -0.11 15.98 2.6568
0 -2.1 15.74 1.6935
0 -1.13 15.79 1.1841
0 0.85 17.18 0.7469
0.975 2.45 18.74 1.6529
1.35 1.83 17.96 2.3953
22.825 2.09 17.18 3.3456
13.425 2.44 16.45 2.093
0.75 2.01 15.88 1.8097
0 0.81 14.06 2.169
0.525 1.25 13.57 0.6334
11.925 -1.8 11.59 2.1539
10.225 -3.83 10.82 3.9038
5.15 -5.32 3.04 2.6832
1.9 -3.54 5.06 2.7793
0.375 -2.55 10.74 2.5152
0.225 -0.24 12.81 3.3519
0 -0.08 12 3.09
0 -2.47 10.43 3.2497
2.35 -1.81 11.58 2.0396
3.6 -0.02 10.82 3.671
1.3 -2.54 10.44 2.5353
0.925 -1.99 11.57 2.3785
0.6 -1.08 12.03 2.241
0.025 1.49 12.74 2.8648
0 1.58 15.24 1.5739
0 3.58 20.16 2.6089
0 1.12 19 3.1873
0 -1.23 14.62 3.083
0 -1.61 12.82 1.2579
0 0.23 15.37 0.8534
0 2.88 19.28 1.3872
0 3.19 21.59 2.7747
0 2.21 19.26 1.5655
0 3.41 20.16 0.8895
0 4.45 23.86 0.4114
0.3 6.51 25.12 2.9934
0.225 6.53 24.46 2.9904
0.075 5.11 22.91 2.227
0 6.28 22.65 1.552
0 4.68 21.21 2.9389
0 3.46 21.72 2.5609
0 2.88 21.03 2.898
0 2.13 20.94 2.7657
0 1.19 18.95 2.978
0 0.98 18.3 2.5984
0 0.56 18.8 2.522
0 0.82 18.62 1.9199
0 2.51 19.81 2.0372
0 3.61 20.75 2.4897
0 3.84 20.4 1.4123
0 3.07 21.34 0.8855
0 3.54 22.03 1.5576
0 6.16 24.4 2.1719
0 6.27 23.64 1.9091
0 7.39 25.51 2.0783
0 8.68 25.67 1.9764
0 8.59 26.36 2.4808
0 7.01 26.06 2.5711
0 5.8 24.4 2.2078
0 7.51 24.84 2.0785
0 6.32 23.75 2.2118
0 6.06 23.98 2.3084
0 6.19 24.26 1.9793
0 6.74 24.93 1.6541
0 8.42 24.9 1.8868
0.25 6.75 24.9 2.7388
0.15 6.91 23.7 2.3923
3.9 6.29 23.19 2.2791
1.025 5.87 23.21 2.3368
0 6.02 22.26 3.2233
0 3.28 21.02 2.9046
0 3.61 20.92 2.5972
0 5.34 20.53 2.7575
0 2.75 18.61 3.4916
0 -2.05 10 1.9856
0 -0.33 12.71 1.2216
0 1.4 17.08 0.1403
0 3.05 20.2 1.0533
0 4.81 21.91 2.9449
0 4.76 23.13 2.8223
0 5.16 22.27 3.0117
0 2.79 21.19 3.1106
0 0.03 18.7 1.3312
0 -0.04 18.18 0.3141
0 1.08 19.99 0.6835
0 2.65 21.94 1.0273
0 5.5 24.31 1.2926
0 4.89 25.36 1.8559
1.45 5.94 24.87 2.3299
7.55 6.1 25.36 2.2997
7.675 5.11 20.21 3.4534
2.125 2.14 19.4 1.698
0 2.01 19.16 1.6753
0 1.98 20.79 0.7273
0 2.36 21.59 1.4105
0 4.39 21.36 1.0398
0 5.32 21.91 1.3993
0 4.19 23.13 3.1241
0 5.16 21.61 2.267
0 3.84 21.15 1.3187
0 4.02 21.47 0.157
0 6.04 22.44 1.3888
0 5.12 22.18 1.9951
0 2.6 20.98 2.2311
0 0.51 18.99 2.0761
0 1.72 17 1.3081
0 0.67 17.2 0.4336
0 2.47 18.04 0.9186
0 3.99 20.19 0.3454
0 4.45 21.83 0.9859
1.85 4.66 24.02 1.3637
2.425 3.5 20.96 2.5354
0.775 0.84 16.31 2.9183
0 -1.41 12.14 1.4653
0 0.84 16.55 1.0779
0 1.52 19.25 0.3435
0 2.01 21.06 1.16
0 4.22 22.96 2.4378
0 1.7 20.77 0.9185
0 3.33 19.06 2.8545
0 1.85 21.84 2.6005
0 2.02 22.34 1.7446
0 1.61 21.95 0.9784
0 1.82 22.02 0.7905
0 3.18 22.91 1.1664
0 2.64 24.02 0.4113
0 2.67 24.05 2.2977
0 4.32 19.53 2.6632
0 -7.64 8.59 2.3097
0 -6.82 9.15 2.545
0 -4.44 13.01 0.8585
5.05 -1.67 13.62 3.1054
3.425 -8.82 9.69 3.5915
0.225 -10.33 -1.13 0.3384
0 -9.16 6.16 3.371
0 -7.4 8.67 1.8095
0 -5.29 9.88 1.3399
0 -4.58 11.75 0.8656
0 -3.8 13.48 0.7073
0 -4.47 12.93 2.1119
17.325 -3.82 12.04 2.0705
110.68 -3.06 6.43 6.4292
61.45 -2.95 3.15 4.6897
0.775 -1.21 7.14 0.7169
0 -1.4 12.88 2.1525
0 -1.81 14.37 1.1772
0 -0.17 16.72 2.0925
4.35 0.26 12.96 2.5641
2.6 -6.94 4.96 2.3486
0 -7.02 7.06 1.0505
0 -5.34 10.02 0.6289
0 -5.11 11.07 0.8545
0 -2.82 13.08 1.0659
0 -2.71 10.29 1.9138
0 -3.52 11.01 1.195
0 -4.01 12.2 4.2042
0 -8.74 0.6 5.0786
0 -11.19 0.36 0.83
0 -9.21 3.13 0.0438
0 -6.52 9.21 0.8721
0 -5.29 11.79 0.7759
0 -2.93 13.12 1.1887
0 -3.26 14.62 1.1738
0 -3.4 14.21 1.8037
0 -3.42 13.25 2.3951
0 -6.66 9.02 0.8644
0 -7.49 7.59 1.339
0 -9.39 5.32 1.8296
0 -8.67 5.27 1.3488
0 -7.91 7.23 0.7979
7.85 -6.23 7.08 0.6215
8.1 -5.35 7.48 1.9739
2.025 -10.68 -0.77 1.0624
0 -11.56 0.25 1.0458
0 -11.66 0.73 2.8997
0 -9.73 4.56 2.2315
0 -8.79 6.66 1.8692
0 -8.4 7.94 1.2154
0.725 -10.86 2.92 2.4133
6.8 -9.66 4.88 4.16
3.8 -8.99 3.78 0.9419
0 -8.78 0.32 0.6449
0 -10.94 3.64 2.5328
0 -10.32 2.56 3.803
0 -9.31 4 4.2225
1.025 -9.53 4.89 2.7571
6.775 -8.09 6.33 1.2914
3.675 -9.77 3.09 5.1884
0 -10.96 -2.61 5.2734
0 -11.18 -0.17 3.8625
0 -10.62 2.54 1.6941
0 -11.55 2.68 2.4432
0 -13.21 4.34 2.2557
0 -12.28 0.53 2.1326
0.025 -11.17 3.13 0.9606
15.225 -14.36 -1.19 2.4085
17.15 -12.34 -3.91 1.031
4.825 -22.91 -10.65 0.7775
0 -22.62 -9.68 1.8205
5.7 -19.59 -8.34 2.9203
34.025 -11.74 -4.21 2.6464
69.9 -8.22 -3.5 3.6458
34.825 -9.98 -3.42 4.6537
2.325 -14.85 -5.45 0.9395
0 -14.34 -5.61 2.9289
0 -12.68 -1.48 2.3244
0 -10.49 0.5 2.1757
0 -10.3 -0.46 2.7382
0 -11.34 -0.8 4.0134
0.875 -10.47 -0.94 2.8518
15.65 -9.69 3.03 1.9589
10.975 -13.17 0.4 3.6707
0.175 -17.51 -6.99 2.8333
0 -14.59 -2.29 3.7755
0 -14.39 -1.76 3.6411
7.125 -14.29 -4.29 3.9419
4.275 -13.45 -3.11 1.9684
2.85 -14.05 -5.6 3.2488
10.7 -11.36 -3.77 0.8182
5.575 -9.53 -3.9 1.5623
0.1 -9.96 -4.29 2.4584
0 -10.75 -0.65 2.0033
0 -11.74 -0.33 1.0936
0 -11.98 -0.87 3.8885
0 -12.21 0.2 2.8449
0 -11.04 0.35 2.2483
0 -11.03 0.62 2.805
0 -10.23 1.18 2.8882
0.175 -8.34 2.73 3.1047
2.125 -7.75 2.87 2.2224
1.2 -6.1 0.61 2.4501
1.575 -7.17 0.54 3.0395
29.8 -8.47 3.45 4.3985
16.825 -7.7 -0.49 2.1272
0.25 -13.3 -2.37 1.5401
0 -12.39 -1.94 3.3318
1.35 -10.89 1.18 1.8168
15.075 -10.79 1.78 2.5592
44.825 -9.56 -0.79 4.6217
38.525 -10.83 -4.98 5.5058
45.75 -10.99 -6.2 6.3624
42.95 -13.72 -7.78 3.9826
22.45 -13.3 -8.4 4.1402
5.675 -13.46 -8.6 0.9762
1.65 -17.5 -7.44 2.0481
5.225 -14.6 -6.01 3.6401
2.2 -10.56 -4.52 2.8296
0 -11.23 -1.07 1.4427
0 -14.92 -0.57 2.9024
1.775 -13.51 -3.55 3.0938
1.075 -10.52 0.05 1.5694
0 -16.55 -1.19 0.9707
0 -18.87 -2.84 1.7102
0 -12 -0.97 1.8817
0 -12.1 -0.48 0.636
9.25 -11.38 -0.22 2.5968
16.6 -7.86 0 3.2898
16.125 -8.62 -2.47 1.7417
5.725 -9.92 -4.09 2.4025
1.325 -11.49 -4.11 1.5206
1.875 -11.72 -4.42 2.3796
0.65 -12.81 -5.04 0.4339
0 -12.07 -2.35 1.0384
0 -10.16 0.15 1.1717
0 -10.45 3.05 1.2717
0 -10.44 3.93 1.4972
0 -11.35 5.47 0.8113
0 -9.4 5.48 1.7448
0 -9.33 6.21 2.4655
0 -8.94 6.64 1.236
3.425 -9.77 6.04 1.3272
7.975 -8.56 1.39 2.2742
19.125 -8.92 -0.56 2.9364
9.35 -15 -5.12 2.5729
38.875 -14.5 -0.86 3.6325
29.55 -10.5 -0.59 2.9126
3.725 -12.26 -2.14 0.6081
34.5 -10.81 1.85 4.5425
23.1 -8.51 1.43 1.6173
1.425 -9.87 -4.32 0.6894
0.8 -10.27 2.31 2.5047
12.4 -8.16 3.95 2.7129
23.175 -9.26 -1.18 3.2991
9.6 -12.69 -3.45 3.2095
0.075 -14.47 -4.64 1.2717
0.05 -12.37 -0.49 2.7221
0.25 -11.11 0.32 0.71
5.575 -9.95 1.25 2.3766
5.8 -15.96 -4.42 3.8541
1.525 -13.04 -3.68 1.9109
0 -14.46 -4.52 0.582
28 -12.36 1.92 2.3224
16.8 -11.78 1.94 2.4737
0 -13.96 -1.83 2.8172
0 -13.28 3.42 3.9142
0 -10.88 8.3 1.5816
0 -7.78 9.55 0.678
0 -7.07 9.52 3.0752
0 -12.66 6.56 2.184
0 -7.16 10.71 2.17
0 -8.53 9.57 0.918
0 -8.13 7.8 1.1707
0 -9.58 7.73 2.4375
1.425 -9.65 8.67 2.3393
4.6 -8.49 8.56 2.6548
2.225 -11.46 1.35 2.4638
0 -10.56 2.19 2.9905
0 -9.19 7.21 1.5567
5.675 -6.68 9.42 2.9393
22.175 -6.95 9.65 5.9576
11.575 -10.46 -2.21 3.2627
0.85 -13.47 -2.65 0.7878
6.925 -12.36 -0.42 2.5081
4.025 -9.18 -0.55 2.1089
23.175 -11.36 -0.77 2.7378
13.9 -12.22 -3.35 3.5582
0.025 -14.31 -3.47 0.6507
0 -12.92 2.14 2.3327
0 -9.14 7.66 0.3059
0 -7.07 9.76 1.8107
0.675 -7.19 8.18 1.911
17.8 -6.76 5.27 3.7549
14.675 -10.66 -0.54 4.6739
2.55 -10.99 -3.36 1.0991
0 -10.23 2.73 0.6667
0 -9.28 4.38 0.8772
0 -6.63 9.35 2.5451
0 -8.09 8.99 1.2457
0 -7.17 11.67 1.0946
3.7 -6.26 13.29 1.7791
15.625 -3.56 11.13 2.9533
9.5 -10.31 -0.66 2.8628
1.575 -8.71 -4.49 1.4754
0.425 -7.65 -2.18 1.3666
0 -7.13 8.04 0.5999
0 -5.27 10.79 1.3793
0 -4.15 12.73 0.7296
9.425 -1.88 14.03 4.6603
11.275 -6.96 4.17 5.2818
3.575 -12.22 -2.95 3.9643
0.125 -11.46 -1.36 3.3538
0 -9.14 4.11 1.8064
0 -7.39 8.7 2.0442
0 -5.59 12.17 1.2057
0 -3.32 13.52 1.906
0 -3.43 12.68 3.4968
0 -7.13 8.69 2.2291
0 -7.91 7.38 1.0135
0.1 -4.64 10.6 2.8567
4.55 -6.5 9.42 3.6984
21.6 -9.45 0.79 3.5923
11.575 -13.08 0.24 4.6164
0.125 -9.77 1.19 2.3372
0.3 -6.2 7.61 1.2728
0.175 -5.15 10.05 0.8213
0 -3.34 12.21 0.6697
1.575 -0.77 14.42 1.4376
7.075 0.51 13.97 2.3058
3.65 -6.61 6.33 2.5038
0.475 -4.2 7.69 1.7029
0.275 -1.55 10.84 3.361
0.375 -4.39 11.32 4.3866
0.425 -9.42 4.99 3.6997
0.525 -9.48 0.1 4.0886
2 -7.79 2.52 2.3427
6.75 -8.51 3.37 1.6548
17.225 -4.71 6.6 3.4896
25.975 -6.7 3.51 2.6883
10.6 -8.51 1.98 3.7887
0 -8.46 3.4 1.6707
0 -5.12 11 0.6185
0 -2.35 14.37 2.6272
0 1.52 13.82 2.9943
0 -1.25 13.28 2.5964
0 1.32 14.99 2.8269
0 3.33 15.56 2.9371
0 2.83 15.58 2.0598
0 3.95 19.64 3.0248
0 5.03 19.96 3.0662
0 2.39 18.04 2.142
0 2.5 17.87 4.0751
0 -1.35 14.81 4.5595
0 -2.41 9.96 5.3588
0 1.71 9.9 4.2878
0 -0.73 14.19 1.1705
0 1.97 16.69 1.6639
0 2.58 18.46 3.1151
0 -0.87 17.06 3.2171
0 -2.83 11.97 0.7262
0 -2.25 15.74 2.1924
0 -2.26 14.42 3.3935
0 -3.25 12.8 2.5264
0 -2.29 14.58 1.4166
0 -0.79 14.22 0.7706
0 2 18.03 1.5231
0.05 2.09 18.59 2.2103
0.025 3.5 15.77 2.6254
0 1.11 15.69 2.3084
0 4.03 18.59 0.7162
0 5.51 22.58 1.3374
0 5.78 23.95 3.345
0 3.74 21.65 3.0021
0 1.05 19.12 2.6784
0 1.12 18.64 2.7164
0 3.89 17.75 1.9071
0 1.18 17.27 1.1169
0 1.75 19.25 1.7235
0.875 3.63 21.45 2.2055
0.525 3.41 20.06 2.1239
0 3.71 20.06 1.9901
0 5.62 21.69 1.9613
0 4.5 21.83 1.837
0 5.28 23.15 2.5784
0 6.49 22.18 3.4004
0 7.63 22.43 3.6173
0 4.8 19.85 1.7247
2 5.79 22.09 1.0409
2.85 7.81 24.85 2.6005
0.975 6.83 22.15 2.8575
0 6.88 24.47 2.644
0 5.4 25.16 1.9724
0 5.09 24.44 1.9744
0 4.82 22.95 2.8318
0 4.23 21.54 1.018
0 4.99 21.65 2.2246
0 5.53 23.09 1.93
4.025 7.53 24.28 2.3708
2.425 6.82 22.72 2.7775
0 4.75 21.34 1.9891
0 2.56 20.85 2.4883
0 4.89 21.65 2.003
0 3.36 21.54 2.4441
0 4.55 21.03 2.5396
0 2.35 20.85 2.0945
0 3.4 21.25 2.5148
0 2.6 21.74 1.7046
0 2.36 21.54 2.0088
0 2.97 21.32 2.0803
0 2.06 20.86 2.2371
0 3.78 20.55 2.5609
1.3 2.68 19.91 3.0206
0.775 1.66 17.02 2.2583
0 1.53 18.54 2.1936
0 2.23 18.8 2.5287
0 0.46 15.32 1.0144
0 0.79 18.83 1.1203
0 2.82 19.39 2.0255
0 2.72 20.51 2.7181
0 3.19 20.66 1.0589
0 3.35 22.56 1.8704
0 3.39 23.16 1.9925
0 2.33 21.61 1.9005
0 2.01 21.49 2.228
0 2.63 21.53 2.2607
0 3.72 18.82 1.7578
0 2.05 17.66 2.8401
0 1.91 22.1 2.3761
0 6.01 25.86 0.7715
0 8.18 27.33 2.6841
0 6.06 24.99 2.6489
0 2.06 20.81 3.2343
0.275 0.52 9.42 2.1678
0.15 -2.67 9.68 2.3563
0 -2.29 12.67 1.0681
0 0.02 16.92 0.6896
0 1.4 20.28 0.6634
0 3.53 23.25 1.1815
0 3.41 23.48 1.5138
0 2.87 22.61 1.8622
0 0.77 20.72 1.4833
0 0.93 20.3 2.8034
0.075 2.9 18.69 3.2036
0.05 -4.36 6.69 2.0757
0 -4.44 12.99 0.8093
0 -2.09 16.55 0.8662
0 -0.29 18.35 1.1452
0 -0.35 18.85 1.9288
0 -1.09 17 1.5072
0 -1.51 17.01 0.6812
0 -0.64 17.25 1.3314
0 -0.98 18.76 1.7036
0 -0.83 18.09 1.6225
0 -0.94 17.65 1.6944
0 -2.86 13.71 1.0024
0 -3.28 15.65 1.0273
0 -1.72 14.48 2.7697
0 -2.79 11.53 0.7728
0 -2.81 15.7 0.4955
0 0 19.15 0.987
0 1.05 23.38 0.3813
0 1.49 23.16 1.2304
0 4.48 24.17 0.4374
0 4.2 24.76 0.5557
0 3.51 24.44 0.2996
0.1 3.26 21.39 0.5662
9.675 3.2 18.57 1.5011
66.525 1.81 18.06 1.8726
41.6 -0.07 9.93 1.4498
8.15 -1.6 2.66 1.2849
3.925 -4.82 4.67 0.8104
3.7 -4.63 4.57 2.3448
0.475 -6.23 4.77 0.7441
0 -4.87 9.64 1.7422
0 -3.23 11.95 1.6766
0 -1.01 16.56 1.4972
0 -0.41 15 2.6022
0 0.5 17.38 1.8276
0 0.06 17.14 0.9234
0 -0.07 16.54 0.8995
0 -0.02 16.74 1.4648
5.425 0.94 12.47 0.941
3.475 -2.2 8.89 1.2649
0 -2.14 7.88 2.0058
0.2 -3.28 13.73 1.2024
0 -2.53 11.05 2.019
8.025 -3.99 9.87 1.8191
50.2 -2.33 7.18 1.8004
122.2 -0.61 2.87 5.0685
47.15 -5.68 4.3 3.9078
0.225 -7.31 3.74 1.4434
0 -10.39 3.59 3.1576
0 -10.07 4.7 3.3856
4.1 -5.04 8.71 2.0399
3 -5.5 9.55 2.0173
0.3 -7.04 2.51 0.7414
0 -6.55 6.92 1.8038
0 -5.89 9.95 3.3404
0 -3.68 12.46 3.1935
0 -1.07 14.6 2.1719
0 -0.54 14.32 1.2271
0.85 -1.57 13.18 2.4043
32.775 -4.16 9.82 3.293
17.025 -9.03 1.18 2.7666
3.1 -11.49 -0.88 0.6928
3.45 -10.29 0.98 1.6059
0 -11.03 -1.56 2.4909
0 -9.36 2.07 1.4667
0 -10.28 4.61 3.1264
0 -8.03 4.21 1.4723
0 -6.53 7.68 2.4755
0 -6.96 8.12 0.917
0 -8.45 7.66 2.2644
0 -7.08 8.33 2.563
33.625 -7.01 8.39 3.1606
62.225 -9.87 2.4 3.506
47.5 -12.23 -4.65 5.4332
19.425 -11.83 -6.99 3.5594
18.3 -11.65 -5.07 4.6995
9.325 -17.19 -7.04 1.0636
0 -19.64 -7.93 3.4601
0 -18.68 -6.84 3.2812
22.475 -13.98 -3.62 3.0991
14.65 -18.7 -4.97 2.8215
0 -20.58 -8.89 2.1901
0 -18.18 -9.26 2.9576
0 -13.56 -2.1 2.1383
0.1 -10.65 3.02 2.4693
0 -5.59 0.78 1.7255
1.375 -6.11 2.05 1.7555
19.825 -8.55 2.17 1.9464
10.35 -8.05 1.97 3.2342
0 -9.33 -1.27 2.3042
7.3 -8.07 2.02 1.9127
11.15 -5.32 2.96 1.1796
1.425 -4.71 0.93 1.5839
0.1 -6.6 2.3 0.5238
0 -8.16 3.7 2.1668
0 -7.88 3.03 1.4841
22.2 -7.33 4.55 2.2054
16.4 -9.18 -0.5 1.6666
6.675 -11.11 -3.52 2.7389
68.375 -11.05 -3.49 3.3422
103.7 -8.71 -3.81 5.2241
72.5 -7.69 -1.69 6.1737
32.15 -9.75 -0.6 2.3945
11.975 -11.39 -8.71 2.1282
6.15 -11.72 -5.45 2.2658
3.725 -10.58 -4.3 0.4842
0 -11.49 -3.48 2.8148
18.7 -13.14 -1.33 5.1372
10.65 -12.28 -1.06 2.2043
0 -12.99 -6.97 1.0089
54.3 -12.62 -5.64 2.3344
35.625 -10.24 -3.84 4.7334
2.025 -19.49 -5.72 2.6502
4.975 -19.81 -10.24 1.2946
25.15 -19.92 -10.54 3.7137
23.5 -13.68 -7.69 4.4066
13.2 -12.3 -8.12 2.4946
0 -14.6 -7.13 3.0389
0 -17.23 -8.01 3.7189
0 -15.13 -6.12 5.2896
0 -14.26 -4.69 3.9149
0 -14.5 -5.08 1.9014
0 -14.8 -2.13 0.948
0 -15.38 -4.29 3.3385
4.55 -15.89 -4.72 3.167
6 -11.07 -3.13 1.6988
0.6 -11.66 -0.91 1.611
0.35 -11.72 -0.61 1.3094
0 -11.1 3.44 2.3614
0 -9.38 2.23 0.8855
0 -8.12 3.04 0.5784
0 -8.84 3.44 2.0887
0 -8.5 3.48 1.2643
0 -10.04 4.08 4.226
0 -11.3 2.3 3.6015
0 -11.41 2.94 2.9104
0 -10.34 5.63 3.6927
0 -10.35 3.4 2.1069
0 -9.83 3.74 2.1608
0 -9.86 3.89 4.9029
0 -10.06 5.11 3.1911
0 -10.06 4.94 1.7968
6.8 -10.53 4.6 0.7352
13.775 -10.86 3.89 1.7626
4.275 -12.96 -5 1.6446
0 -13.95 -2.28 2.1782
0 -15.13 -0.84 3.0204
0 -15.21 -0.9 2.095
0 -12.92 1.48 2.8748
0.05 -9.87 4.7 1.6316
0.025 -9.52 6.56 1.8973
0 -8.15 6.96 0.5655
0.025 -10.84 7.09 2.2988
0.025 -13.43 1.13 3.6577
0 -15.53 -0.35 3.6952
0 -14 1.42 3.6811
0 -11.72 4.52 2.5589
0 -10.05 7.54 1.4204
0.075 -9.7 7.12 3.4462
13.4 -8.87 1.84 4.3353
30.525 -9.62 2.87 6.2508
39.275 -13.58 -8.48 4.5078
65.075 -12.3 -8.12 3.0678
33.975 -11.34 -5.48 4.0783
2.7 -19.28 -7 0.7471
0 -19.08 -5.98 1.2575
0 -18.44 -6.62 0.3956
0 -17.54 -3.07 0.3406
10.1 -16.02 -3.53 2.5953
23.15 -11.47 -4.72 5.818
13.725 -16.71 -7.79 0.6823
0 -19.25 -10.56 0.52
0 -20.07 -5.43 2.1983
6 -16.98 -1.31 1.7111
14.475 -12.43 1.55 3.5074
8.9 -8.74 1.49 1.8596
0.675 -13.2 -0.7 1.4097
4.925 -10.48 2.64 0.5504
26.675 -9.22 3.43 1.7533
24.05 -7.67 -0.14 4.3447
0.225 -10.63 -1.4 0.76
0 -8.79 4.88 1.543
0 -7.39 7.64 1.4257
0.2 -7.29 6.68 0.9654
0.125 -8.01 4.85 0.5774
2.975 -8.86 6.09 0.9963
3.025 -5.94 3 1.2536
29.1 -5.61 6.47 1.4459
32.55 -4.43 6.96 3.1011
3.15 -11.6 -0.4 0.909
29.25 -10.81 1.5 3.4928
50.325 -11.35 -3.16 4.9479
70.95 -10.05 -5.25 6.1476
27.1 -11.98 -5.77 2.6987
9.65 -13.31 -3.75 0.954
16.875 -10.9 -2.34 4.5198
42.125 -12.57 -4.69 5.4836
29.925 -14.08 -5.47 4.301
16.05 -12.3 -2.91 3.0411
8.475 -9.37 -3.86 1.7728
0.275 -8.85 1.19 0.5307
0 -9.4 4.89 0.9291
0 -6.86 7.61 1.902
0 -6.1 9.27 2.2149
0 -5.24 13.52 1.7359
0 -4.94 15.68 1.1044
0 -6.97 10.26 1.4886
0.05 -8.11 8.22 2.0199
0 -7.11 10.34 1.3092
1.9 -6.46 11.2 1.2256
6.8 -10.05 8.54 3.5777
5.25 -15.74 -6.91 1.4387
1.25 -14.44 -7.65 1.3963
0.05 -13.89 -1.66 0.4839
0 -11.7 4.41 1.4105
0 -9.6 5.42 1.155
0.55 -9.28 6.09 2.9287
0.4 -12.1 -2.83 0.5354
0 -9.64 6.03 0.7706
0 -7.09 9.82 1.1316
0 -5.34 12.12 2.2124
0 -3.37 11.88 3.1034
0.025 -4.28 8.39 1.6991
0.3 -4.36 10.13 2.2002
8.45 -4.28 3.51 2.3502
2.3 -8.42 4.53 0.8401
1.55 -7.76 4.65 1.2782
0.85 -5.38 2.58 2.6178
0.825 -6.94 1.97 2.6294
0.1 -9.73 4.64 2.4778
0 -7.86 6.75 0.7998
0 -5.75 9.69 2.44
0 -8.86 8.1 4.3885
0 -10.35 5.3 3.5796
0 -8.7 6.62 2.0305
0 -6.03 9.95 0.6382
0 -4.34 12.09 0.7668
0 -3.2 14 3.1429
0 1.29 16.5 0.936
0 -0.51 17.2 1.5632
0 -1.1 15.94 2.0871
0.25 -2.95 12.09 3.1024
2.025 -7.77 3.6 3.3108
2.95 -9.53 -1.15 2.7524
0 -6.16 7.37 1.6603
0 -3.72 10.97 1.1108
0 -3.18 13.72 0.5651
10.8 -2.72 15.38 3.0836
21.125 -10.19 6.71 3.2175
10.1 -10.89 -3.19 1.1327
30.75 -9.44 0.46 3.479
24.25 -9.55 -2.5 2.4345
2.125 -8.3 0.66 3.4665
0.1 -8.52 6.47 1.6662
0 -4.59 11.36 1.8535
0 -4.33 11.11 2.7257
0 -5.91 10.25 4.2393
0 -6.85 7.39 2.3037
0.05 -4.57 10.79 2.9992
0.05 -5.27 8.46 2.6799
0 -5.24 8.42 3.4761
6.125 -5.78 8.26 4.306
6.675 -9.13 3.57 4.8065
1.375 -8.95 2.98 3.0193
0.95 -5.89 6.88 2.9854
1.7 -3.25 7.51 3.1544
1.5 -8.69 2.25 1.7767
0 -7.69 4.9 0.8439
11.825 -6.37 6.35 2.7818
23.65 -1.71 1.59 1.5472
11.575 -5.26 7.92 3.8404
0.675 -5.66 4 1.7811
0.325 -4.54 9.46 2.9269
0 -2.13 12.48 1.4886
0 -1.17 15.26 2.061
0 -0.55 15.26 2.9227
0 -1.78 12.91 2.6079
0 -0.91 14.18 2.7391
0 0.39 16.5 1.4584
0 1.19 19.5 1.8225
0 2.99 18.73 2.2242
0 -1.7 16.39 0.9556
0 0.37 15.86 2.974
0 -0.14 16.74 2.1001
0 0.46 16.34 0.2266
0 2.41 19.47 0.4011
0 3.94 22.23 2.5063
0 4.35 22.03 3.0507
0 2.69 20.35 2.6265
0 0.04 18.85 2.6406
0 -0.28 17.23 2.1524
0 1.99 18.92 2.0748
41.8 2.27 18.78 2.9173
23.525 -0.46 14.88 2.6308
3.825 -2.25 7.47 2.2081
0 0.59 14.84 0.6741
0 1.58 19.62 0.7926
0 4.28 21.93 0.7988
0 4.14 22.25 1.6778
0 4.69 21.71 1.7653
0 6.4 20.77 2.4193
0 6.49 21.4 2.9736
0 4.96 19.91 2.2196
0 4.42 20.7 2.4889
0 2.33 20.38 2.2044
0 1.72 19.45 2.5013
0 1.74 18 2.6254
0 0.7 17.16 3.2449
0 0.27 15.31 2.6505
0 1.62 14.46 3.1526
0 -0.24 13.94 3.2776
0 -0.07 14.82 2.1404
0 -0.12 16.39 1.6111
0 0.96 18.51 2.0269
0 0.94 18.41 1.0806
0 1.53 18.91 2.2552
0 2.88 19.94 2.8333
0 4.1 19.67 1.8151
0 4.11 20.69 2.1839
0 2.46 21.39 2.2951
0 1.76 20.33 1.7224
0 2.33 19.74 1.6435
0 4.64 19.23 1.2674
0 5.77 22.4 2.1045
11.1 5.37 22.74 3.0805
8.475 6.76 22 2.2452
2.125 6.52 18.72 1.74
0 4.82 20.96 1.975
0 5.64 22.12 2.1306
0 3.16 22.19 3.1842
0 2.17 18.93 2.2542
0 2.3 19.06 3.1517
0 2.16 19.71 2.5703
0 2.99 19.94 1.8666
0 2.2 20.66 1.946
0 2.26 20.33 2.1301
0 3.28 20.79 2.6756
0 3.25 20.92 1.465
0 3.12 21.19 1.481
0 3.85 22.05 2.1837
0 1.67 20.05 1.4767
0 1.27 19.46 0.8291
0 1.12 20.31 1.5871
0 2.88 21.79 1.3094
0 3.77 22.56 2.4928
0 2.43 20.07 2.1656
0 1.34 19.45 1.7215
0 0.19 19.08 1.2387
0 1.61 20.28 0.9071
0 3.03 22.39 2.0921
0 5 22.42 1.4138
0 4.42 21.8 1.0416
0 3.29 23.43 1.1618
0 4.75 23.33 1.5776
0 4.03 23.73 1.6121
0 2.56 22.69 2.0096
0 1.31 21.8 1.8767
0 2.76 19.71 0.6628
0 1.67 20.19 0.9791
0 3.53 21.5 0.858
0 3.45 21.02 0.804
0 4.43 21.61 1.8794
0 2.97 20.4 0.4461
0 3.33 21.16 0.8976
0 4 22.25 0.7616
0.65 4.05 20.61 1.9282
4.825 2.87 20.17 1.179
11.275 2.9 18.39 1.5586
17.85 -0.04 12.77 1.4292
15.4 2.03 15.96 0.6526
15.45 0.51 16.92 1.0801
0 1.79 15.84 2.5362
0 2.44 16.75 1.8736
0 0.32 14.28 1.5738
0 -0.35 15.45 0.3318
2.175 0.04 18.22 0.2308
1.45 2.08 20.38 0.8352
0.025 2.47 20.27 0.4607
7.4 2.74 20.92 0.4451
0 5.17 21.57 0.7514
0.275 3.65 22.17 1.654
11.2 1.1 18.4 2.421
0.125 -0.79 11.58 1.6184
0 0.67 17.42 0.33
0 3.17 19.51 0.5815
0 3.61 17.47 1.0441
0.075 1.59 19.93 1.61
0.05 0.59 18.86 2.6633
0 1.55 15.2 2.1501
0 -0.4 13.97 2.3138
39.1 -2.68 10.89 2.4543
50.175 -4.18 6.38 4.1153
16.85 -8.57 0 0.7415
2.8 -9.88 -0.24 0.9196
0 -9.2 4.51 1.3901
0 -6.7 8.18 1.3215
4.125 -4.3 10.32 1.7939
6.7 -1.99 6.07 1.8786
0 -2.19 12.21 0.9193
0 -1.95 14.7 0.6282
0 -0.21 16.46 0.5452
0 -1.13 16.44 1.2951
0 -0.9 15.11 1.7336
0 -0.74 14.25 1.9631
0 -0.87 14.64 2.0581
0 -2.05 16.11 0.6694
0 -1.72 12.85 0.5208
0 -3.41 13.83 0.3857
0 -2.28 12.45 2.4552
0 -3.59 14.57 2.0158
0 -3.08 15.88 2.3459
0 -3.66 12.14 1.3841
0 -6.09 7.87 3.7671
0 -8.51 6.71 3.4971
0 -7.8 7.02 2.1859
0 -6.04 9.96 0.8719
0 -5.16 11.29 2.2743
0 -5.1 12.35 0.1239
0 -5.44 12.24 3.5926
0 -4.97 8.54 4.1369
5.625 -9.32 9.36 4.1255
11.7 -12.01 7.77 1.9432
9.825 -13.85 -5.26 0.5612
8.575 -12.28 -4.25 1.6038
0.125 -12.43 -4.85 1.0604
0 -14 -2.93 2.3375
0 -12.55 -0.25 3.2544
0 -10.61 3.2 2.8086
3.25 -7.7 3.65 3.0618
3.575 -6.11 1.1 0.9434
0 -7.19 1.95 0.2205
0 -5.97 4.1 0.4264
0 -9.44 4.04 0.4411
0 -8.97 4.57 0.8705
0 -8.37 5.13 1.4048
0 -9.19 4.94 3.7917
2.15 -9.75 -1.33 2.3449
4.975 -10.16 -3.01 3.847
3.15 -13.02 -3.73 1.5969
0 -12.28 -0.22 2.3001
0 -10.43 1.4 3.571
0 -9.49 5.54 2.464
0 -9.49 1.65 0.7729
0 -8.72 2.6 2.9502
0 -7.06 7.8 2.3499
0 -7.38 6.4 1.1138
0 -6.27 6.25 1.9419
0 -10.03 7.75 3.377
0 -9.51 3.24 9.029
0 -11.07 -1.59 3.9144
0 -12.11 3.11 4.4442
0 -14.04 -0.74 2.8035
0 -13.73 -1.14 3.5186
0 -14.58 -1.96 3.0054
0 -13.59 -1.48 3.6547
0 -13.09 1.42 3.9992
0 -12.79 0.73 4.4029
0 -10.95 1.57 3.2275
0 -13 1.24 1.2258
0 -14.61 0.03 1.6252
0 -15.23 -3.02 1.4662
0 -14.92 -2.43 0.9676
0 -13.79 -1.49 0.8639
0 -11.84 -2.76 5.8522
0 -10.47 0.23 4.9136
0 -13.64 1.61 2.7215
0 -13.49 1 4.8365
0 -14.75 -1.95 4.6726
0 -14.13 -0.27 3.5621
0 -14.91 -0.32 4.5067
0 -15.01 -0.71 3.8778
0 -14.64 0.61 4.9494
0 -13.42 1.6 3.2762
0 -11.85 3.2 1.4084
0 -11.68 4.07 1.0398
0 -9.82 3.24 1.0603
0 -8.27 7.6 0.9625
0 -9.05 5.04 1.6196
0 -11.74 3.79 2.3665
