0.525 1.55 10.78 1.4946
5.975 2.06 6.16 1.0991
2.225 0.25 10.79 1.8642
0 -2.65 9.37 3.449
1.325 -0.2 8.95 1.8569
0.425 3.34 7.57 0.3379
0 0.95 7.32 1.462
0 1.24 9.46 0.9547
0 1.77 12.3 3.9313
0 -0.49 11.96 3.5014
0 -1.27 16.34 2.5438
0 -0.62 15.66 5.2423
0 0.6 18.26 4.1309
0 0.3 20.06 3.8586
0 0.14 19.78 3.8593
0 1.29 20.54 4.8855
0 0.95 20.01 4.1224
0 1.04 20.48 4.6306
0 0.43 21.12 4.8489
0 0.77 20.48 3.407
3.075 2.84 17.5 2.6654
15.35 8.43 16.97 2.0757
13.4 10.46 12.45 1.6708
2.25 9.31 15.05 2.0189
5.55 4.76 13.46 3.2232
1.25 1.26 8.83 1.1099
0 -1.2 10.91 1.1317
0 -1.45 11.49 1.4663
0 -0.13 14.07 3.9339
0 -0.04 15.91 4.3363
0 0.95 18.84 2.7511
0 1.58 17.96 2.8265
0 1.66 17.57 4.0595
0 1.81 20.56 3.8344
0 1.89 21.23 3.0105
4.3 6.13 19.16 2.8521
8.425 7.84 13.35 3.1805
3.2 5.42 15.23 2.5997
8.475 3.63 14.77 1.2026
4.975 2.86 12.18 3.1343
4.325 -2.31 10.3 0.3368
8.375 0.28 11.38 2.5446
4.275 2.07 11.21 1.3023
17.8 2.24 10.29 3.0436
6.975 3.33 9.64 3.7653
2.95 5.4 10.95 6.4834
15.175 6.24 11.82 5.4615
10.475 5.68 10.79 4.4921
1.65 2.06 10.77 1.6554
0 1.02 15.3 3.5261
0 1.59 17.51 2.7275
3.2 1.73 17.03 3.6665
9.175 5.92 15.81 4.162
10.5 10.02 15.32 3.0431
1.775 7.28 15.85 1.5448
0.775 7.73 17.68 1.6002
0.975 6.87 17.1 2.3168
0.175 2.93 16.4 0.4676
0 3.26 16.34 3.5421
6.675 7.36 17.59 3.0694
18.65 10.52 17.02 4.2866
32.975 8.26 15.67 4.9785
14.3 4.13 12.78 2.5908
0.075 0.84 13.29 1.0991
0 1.42 13.66 1.8677
0 0.63 13.41 0.3514
0 0.84 15.63 1.4186
0 2.12 13.73 2.7123
0 -0.98 12.35 0.6565
0 -0.9 14.52 0.5443
0 2.08 17.35 1.7741
0 2.12 18.63 1.8215
0 2.8 17.14 1.3957
0 4.3 17.29 2.3382
0 5.84 19.01 2.7422
0 6.66 19.54 1.0827
0 6.66 20.96 1.402
0 7.15 22.93 1.4375
0 7.68 23.09 1.0981
6.175 7 20.35 1.6105
4.7 5.26 15.71 3.819
0.9 1.05 12.47 2.3637
0 0.44 16.17 1.9205
0 2.23 19 1.0013
0 5.77 21.83 2.0602
0 7.8 22.82 1.8361
0 7.51 23.88 1.4689
0 7.77 21.7 3.6671
0 3.38 18.3 2.1372
0 2.15 19.25 0.6505
0 6.37 22.08 3.0272
0 6.09 22.4 2.671
0 5.68 18.66 5.1173
0 2.19 17.44 1.913
0 1.67 20.56 2.4558
0 4.07 24.86 1.8341
11.175 6.3 22.52 1.1605
5.625 7.12 18.29 2.7386
5.75 6.61 14.12 1.7907
4.1 7.35 15.61 2.348
0.725 4.15 17.08 3.672
0 5.24 19.67 1.6827
0 6.78 21.3 2.5641
0 7.15 18.29 5.1803
0 1.83 13.87 5.558
0 1.47 17.45 2.8862
0 3.6 21.73 1.5988
0 6.33 25.03 2.3168
0 6.9 28.87 2.3712
0 11.5 32.23 1.4902
0 12.14 32.78 1.2918
0 11.92 33.95 1.7065
0 10.38 29.2 2.2035
0 8.45 22.15 3.0724
0 2.76 19.25 3.2793
0 3.14 20.44 2.1076
0 5.28 20.8 2.2601
0 2.59 18.29 2.9634
0 2.93 18.11 1.8474
0 3.91 21.02 1.9523
20.8 7.76 21.7 1.7678
8.6 12.15 19.52 2.5013
0.45 12.57 19.61 3.5252
0.575 11.41 22.03 1.8511
0.3 13.66 24 3.5034
0 11.79 26.12 1.7993
0 10.76 26.7 3.098
0 10.57 26.45 2.1187
0 10.36 28.11 1.9739
0 10.64 29.53 1.6086
0 11.13 29.64 3.1206
0 8.83 27.14 3.3813
0 9.45 26.51 3.0076
0 10.52 28.58 3.1317
0 11.69 29.17 2.3623
0 12.84 33.31 1.4092
0 16.12 37.48 0.2546
0 16.33 37.43 2.0533
0 15.81 34.23 2.2889
0 11.79 29.8 1.4503
0 11.01 30.61 1.1389
0 11.46 31.13 2.3965
0 11.34 29.68 2.9658
0 9.76 27.2 2.7619
0 9.29 28.22 2.3045
0 12.65 30.89 1.8368
0 14.62 33.42 1.1373
0 15.71 35.07 2.1933
0 15.31 33.79 2.4843
0 14.28 32.39 2.8846
0 13.67 29.21 2.3492
0 13.06 29.12 2.3819
0.025 13.08 27.52 2.3692
0.475 13.63 27.32 0.569
0.8 11.86 26.46 2.1761
1.775 11.41 22.79 2.9938
1.575 9.38 22.33 1.9172
0.525 10.3 24.81 2.5978
0 11.16 27.11 2.5863
0 10.3 26.62 3.3557
0 11.34 25.3 2.995
0 10.71 24.97 3.3785
0 11.41 25.71 2.5695
0.225 13.46 25.35 3.3821
0 11.18 25.35 2.3167
0 10.88 25.76 2.4732
0 11.57 27.39 2.7707
0 12.65 28.13 3.2081
0 13.78 32.25 2.2751
0 15.36 33.71 2.9972
0 10.67 30.92 3.3049
0 9 27.27 3.418
0 10.95 28.62 1.7122
0 12.15 32.56 0.8466
0 14.68 35.52 1.6858
0 14.68 35.18 2.6638
0 13.43 33.16 1.8346
0 15.54 36.53 1.0668
0 18.13 40.61 0.9042
0 18.83 41.03 2.6932
0 16.85 39.18 2.6376
0 16.37 36.67 2.2384
0 15.92 36.62 1.8932
0 14.85 36.62 2.716
0 14.7 35.37 2.4695
0 14.15 32.71 2.6561
0 12.51 31.54 2.4438
0 11.32 31.74 2.5895
0 11.43 31.18 2.6911
0 12.39 30.71 2.7105
0 11.78 31.34 2.1131
0 14.49 31.7 1.8322
0 16.57 32.68 2.2803
0 14.73 33.75 1.7744
0 15.36 36.77 0.8627
0 16.46 37.78 1.5079
0 17.68 38.54 1.7214
0 17.98 38.87 1.6429
0 19.42 40.03 1.9433
0 19.44 40.6 1.4992
0 19.37 39.59 2.4093
0 16.91 37.11 2.5412
0 15.89 35.44 2.494
0 15.39 35.39 2.126
0 14.39 33.83 2.1258
0 13.53 33.98 2.2194
0 15.05 35.96 1.9728
0 18.04 37.98 1.9528
0 17.92 37.16 2.3268
0 17.14 35.33 2.9491
0 16.41 33.69 2.7305
0 15.75 34.03 2.9791
0 16.65 34 2.7201
0 15.25 33.22 2.8789
0 13.72 31.41 2.3813
0 14.03 31.48 1.9815
0 14.84 31.83 2.1788
0 13.02 28.88 2.8086
0 11.26 25.93 1.8833
0 12.07 29.69 1.7126
0 14.12 33.46 0.9598
0 16.17 35.6 1.3231
0 17.51 36.2 2.9446
0 15.83 37.01 2.8882
0 16.12 35.31 3.1924
0 14.66 32.19 3.1376
0 11.16 31.51 1.6971
0 12.06 32.9 0.7714
0 14.31 34.35 1.015
0 15.01 35.03 0.8687
0 15.59 35.78 1.3539
0 14.94 33.83 2.3912
0 15.89 35.54 2.1303
0 17.26 36.9 2.1865
0.15 17.3 34.59 2.601
0.075 13.66 31.3 1.5727
0 13.09 32.31 1.478
0 13.63 33.47 0.4136
0 13.74 35.15 1.6719
0 13.72 37.12 1.7431
0 16.04 37.88 1.6525
0 15.93 38.28 2.4499
0 16.25 34.52 1.4662
0 15.7 34.5 0.6805
0 17.1 35.84 0.6112
0 17.7 37.76 1.8493
0 16.01 36.08 2.4628
0 12.07 32.16 2.0875
0 13.06 29.51 2.1827
0 12.04 28.82 2.0259
0 11.78 30.87 0.7103
0 12.76 31.85 1.0897
0 14.73 34.68 0.5428
0 14.89 36.57 1.1272
0.275 15.8 34.18 2.0125
0.25 13.34 29.93 2.0245
2.725 13.9 25.89 2.5528
0.425 12.18 25.96 1.7609
0 12.63 29.62 1.8666
0 13.67 31.9 0.9451
0 14.39 34.25 0.837
0 16.22 35.46 1.8562
0 14.35 33.12 0.9808
0 14.2 33.9 1.8354
0 15.19 35.48 2.0092
0 14.37 36.01 1.2366
0 13.99 35.59 0.7335
0 13.74 35.11 0.778
0 14.12 36.48 1.1045
0 14.54 37.08 0.3691
0 15.76 34.82 1.8272
0 13.65 28.65 2.5532
0 6.34 21.41 2.4683
0 7.02 24.4 2.3058
0 6.38 26.75 0.8905
0.025 7.98 25.83 3.2374
0 6.32 21 3.3257
0 3.99 18.71 0.3649
0 3.42 21.24 2.3829
0 5.39 24.95 1.1459
0 6.59 23.7 1.348
0 6.57 24.56 0.6365
0 7.43 25.11 0.504
0 7.81 24.08 1.7499
1.175 7.56 22.16 1.9893
37.3 9.49 17.64 6.9433
14.675 13.54 19.99 4.2267
0.875 15.59 24.35 1.1688
0 13.62 26.22 2.2911
0 12.69 25.92 1.2248
0 13.46 24.56 1.629
0.3 9.37 21.72 1.9644
0.15 7.4 18.46 1.4392
0 6.73 20.38 1.0925
0 8.09 22.76 0.8594
0 9 24.2 1.3455
0 9.99 25.36 1.4024
0 9.57 24.73 1.5694
0 8.74 24.73 1.1516
0 9.78 22.02 4.7636
0 5.67 18.47 4.8128
0 2.29 17.68 0.7828
0 2.44 18.56 0.2332
0 4.08 21.42 0.8743
0 5.14 23.06 0.9842
0 6.74 24.12 1.2481
0 7.22 24.94 1.1761
0 6.69 26.16 1.8272
0 6.78 24.27 2.4909
0 6.22 21.21 0.6122
0 7.28 19.7 1.8172
0 3.75 18.67 1.9398
0 2.9 17.94 1.0554
0 4.68 18.55 0.8106
0.3 6.28 17.92 0.574
1.35 7.19 16.57 2.0932
0.6 1.87 15.23 1.4119
0 1.61 15.54 1.1447
0 0.43 16.65 2.5783
0 0.68 17.47 1.8943
1.4 1.54 19.69 1.1767
0.7 3.51 18.5 2.2035
0 0.26 15.03 2.1539
9.175 1.62 16.5 3.4345
4.45 1.66 14.69 1.2197
0 0.91 15.43 0.4653
0 2.16 15.7 1.8862
0 1.08 15.51 3.373
0 0.91 18.57 3.6144
0 1.79 20.55 2.3115
3.475 3.53 18.36 1.1397
0.825 5.34 15.57 5.25
0 0.51 16.42 4.696
0 0.13 15.4 3.8027
0 0.43 17.31 1.5061
0 0.18 16.03 1.8613
0 -0.01 14.69 1.7793
0 0.05 15.11 1.8802
0 0.38 14.06 0.9856
3.05 -3.42 10.83 1.8472
12.225 -2.24 7.48 0.6823
2.575 -5.68 6.29 0.5339
0 -5.01 6.73 1.9075
6.3 -3.09 8.09 3.3031
18.125 2.45 11.12 3.0579
20.525 7.67 11.9 3.9083
14.775 6.4 12.45 3.7525
4.15 5.41 11.59 0.6759
0 2.81 13.57 3.3812
0.625 5.07 14.78 2.8241
0 4.35 13.75 2.175
0 2.96 12.64 2.6546
0 2.59 9.01 4.0295
0.325 2.64 14.11 2.8442
11.8 4.87 15.6 1.761
5.15 2.98 12.01 3.6694
0.1 -0.96 9.5 2.0904
0 -2.38 9.87 3.8735
0 -1.52 13.92 4.0111
3.075 0.17 13.44 4.1049
5.125 1.84 13.03 2.159
1.525 3.54 10.94 2.9424
2.125 2.14 11.48 0.8295
0.875 6.42 12.8 1.406
0 4.48 11.53 2.7311
0 3.92 13.62 2.299
0.025 3.34 13.45 1.1398
0 3.68 13.44 3.8564
0 1.48 15.08 2.9267
0 1.59 14.8 2.9002
0 2.12 11.41 3.1041
0 1.12 11.21 2.5091
0.9 3.04 11.57 2.913
0.6 4.62 12.27 2.4727
0.1 4.2 6.65 2.4371
0.025 4.37 7.9 3.2458
9.025 4.99 16.22 4.7773
11.25 8.13 17.39 2.0693
0.25 1.99 14.57 1.2139
0.025 1.74 12.64 3.2328
0.025 3.83 14.77 2.6507
13.075 3.74 15.6 2.8587
19.65 7.78 14.48 5.0434
24.225 8.38 11.57 5.7145
25.425 5.99 10.99 6.5949
26.125 3.52 9.23 3.8085
14.275 1.66 9.28 3.3844
4.925 1.28 7.99 1.0946
0.6 0.34 10.09 2.5365
3.575 2.65 10.06 4.4968
2.275 6.33 11.15 2.9735
0.025 3.06 13.45 1.1853
0 2.04 13.14 2.5848
1.125 3.59 14.68 3.181
1.7 4.61 15.72 1.1783
0.425 1.32 13.38 1.2244
0 1.13 14.68 1.775
0 3.34 13.77 2.1541
0.325 3.14 15.87 0.6669
7.2 4.98 14.92 3.1519
4.45 7.68 15.44 3.3468
12.3 8.62 12.69 1.6402
4 6.16 10.99 2.4248
2.225 6.79 11.49 1.2266
8 6.33 11.07 1.4985
1 1.22 12.35 0.6512
0 2.9 13.26 1.2468
0 4.44 14.93 1.5134
0 3.19 17.34 1.3068
0 2.61 18.06 1.4676
0 2.94 18.26 1.2644
0 4.64 18.04 1.775
0 5.25 19.43 2.3487
0 4.73 19.74 0.8143
0 5.98 16.69 1.0228
1.8 6.16 14.64 2.0723
7.7 6.25 11.15 2.706
1.575 1.92 10.88 1.988
28.05 2.02 11.56 3.847
11.375 5.65 12.37 2.587
1.8 3.85 13.43 0.8974
17.7 4.19 16.29 4.6587
9.55 7.11 16.08 1.089
0.425 2.94 14.99 0.376
0 3.95 16.29 2.0738
5.775 6.03 16.38 2.7466
20.125 6.3 10.51 3.2802
7.2 3.06 11.49 2.5823
0.075 0.42 12 1.2286
0 3.33 14.57 2.3493
0.05 3.27 17.84 1.1008
0.25 4.15 12.48 2.6458
1.975 0.18 10.68 3.6058
1.975 0.73 11.65 2.1884
0 -0.38 13.27 0.3194
14.15 1.37 13.75 2.1435
5.75 1.14 13.45 2.4165
0 0.54 14.7 2.4139
0 1.25 16.74 3.4877
0 3.95 22.48 1.301
0 6.88 23.83 1.1024
0 6.49 23.2 2.8419
0 3.83 24.86 2.2221
0 4.58 24.52 1.6963
0 6.29 22.52 0.372
0 6.34 20.78 1.8264
0 4.87 20.73 1.6878
0.175 3.55 21.02 1.633
1.025 4.86 19.43 2.1933
0.45 2.59 16.24 2.1362
0 2.33 18.94 2.3747
0 3.72 21.78 0.9983
0.825 5.3 23.01 2.5397
8.4 5.4 19.06 4.9045
4.85 3.54 12.82 2.5861
0.4 1.77 13.55 0.7904
5.65 1.34 13.62 2.0358
2.475 2.41 12.71 1.6923
16.425 2.08 12.28 2.8324
8.65 3.79 12.82 2.6813
0 3.03 16.23 0.7598
0 1.81 18.1 2.0596
0 4.58 20.48 1.0482
0 6.26 20.71 1.4962
0 6.22 18.78 2.0199
14.725 7.2 14 4.5711
17.5 6.37 13.87 4.2829
5.525 3.67 13.55 1.1031
0 4.27 16.87 0.7208
0 5.03 18.58 0.8861
0 6.13 20.73 1.7088
0 6.26 21.54 1.4258
0 6.14 23.55 1.2122
1.55 8.88 23.82 1.4191
23.85 7.42 18.61 2.3811
14 4.65 11.81 3.3873
2.65 5.73 11.73 2.1692
0.15 6.29 15.78 1.2428
0 8.45 23.04 1.1864
0 9.71 26.37 1.2782
0 7.76 26.77 0.8848
2.9 8.19 23 3.9586
1.95 4.17 15.43 4.4912
0 4.29 16.51 3.5301
0 4.01 16.8 3.3868
0 4.74 21.3 2.1057
0 7.37 24.13 1.9515
0 8.02 27.33 1.0964
0 9.12 26.07 2.3043
0 7.37 23.21 3.8448
0 5.35 21.38 2.4428
0 4.76 22.97 0.9306
0 6.43 23.23 2.7242
0.025 6.87 19.9 3.5521
7.05 7.49 15.92 2.9212
3.05 2.84 15.81 3.5252
0 4.01 21.12 2.1045
0 6.45 24.61 1.1304
0 8.49 26.41 0.8611
0 9.09 27.57 0.7283
0 9.98 27.01 1.2484
0.225 10.54 23.41 1.8918
0.125 12.07 22.34 1.4143
0 10.87 22.32 1.4899
0 9.72 23.02 3.4509
0 6.21 20.4 4.2132
0 4.25 16.55 3.5149
0 5.15 18.06 4.1591
0 6.05 20.32 2.237
5.75 6.21 19.37 1.5841
3.9 6.92 20.43 2.6117
6.625 9.03 18.62 2.1676
2.175 4.98 18.78 3.0724
0 7.55 22.4 1.9478
0 7.99 27.41 1.0472
0 12.64 28.63 2.5011
0 12.18 26.12 2.9953
0 11.75 27.33 2.3103
0 13.35 28.35 2.3197
0 15.22 28.86 2.4159
0 15.21 30.47 1.8638
0 15.76 31.85 2.756
0 14.15 30.56 3.1817
0 12.71 29.29 2.8206
0 12.39 27.76 3.5303
0 8.43 24.88 4.6507
0 10.55 25.23 5.0286
0 11.41 29.91 3.5433
0 12.48 32.64 1.0233
0 13.08 33.05 1.8772
0 12.86 31.78 2.7775
0 10.21 28.76 3.1932
0 9.07 28.19 1.7555
0 9.85 28.5 2.5078
0 8.29 26.12 3.0666
0 7.73 25.83 2.7534
0 9.76 28.33 2.0639
0 11.25 30.8 1.2758
0 13.85 32.67 2.1578
1.05 13.83 31.6 2.2512
0.825 13.14 29.53 2.8531
0 14.5 30.85 2.6572
0 16.73 34.61 1.3794
0 18.53 37.8 1.8255
0 17.68 37.43 2.9732
0 14.64 33.82 2.9614
0 10.72 31.37 2.8402
0 11.82 30.43 3.0168
0 13.1 31.08 2.5515
0 13.1 33.25 1.1506
0 13.9 34.6 1.9842
0 14.03 33.2 2.5894
0 13.58 31.87 2.5083
0 14.39 33.37 2.6447
0 15.17 34.4 2.3695
0 15.46 36.44 1.8734
0 16.48 36.04 2.1534
0 16.78 34.51 3.0692
0 15.25 32.84 3.012
0 16.01 33.6 1.8121
0 18.41 36.38 1.6651
0 19.21 38.54 2.691
0 19.45 38.82 2.6606
0 17.69 38.46 2.5382
0 15.81 37.46 2.1318
0 15.22 35.67 2.0089
0 14.81 33.83 2.2136
0 12.8 33.46 1.0737
0 14.29 34.35 2.3348
0 15.87 35.46 2.2378
0 16.81 36.05 2.7401
0 15.47 33.55 2.7584
0 14.36 30.56 1.9801
0 12.42 29.95 2.3289
0 12.97 32.12 2.2392
0 13.8 33.29 2.3887
0 13.26 33.21 2.2593
0 12.71 32.98 1.9525
0 13.42 33.49 2.3022
0 12.82 34.09 1.4876
0 13.71 34.15 1.9839
0 13.22 33.14 2.0601
0 13.01 32.73 2.0792
0 13.09 32.34 2.4765
0 14.15 31.42 2.7341
0 13.7 30.84 1.896
0 13.59 31.09 1.8404
0 12.84 29.64 2.1173
0 11.67 29.85 1.2028
0 13.83 31.04 1.6588
0 14.08 31.5 2.5012
0 13.53 31.85 2.8911
0 14.12 33.91 1.3704
0 14.76 33.86 1.518
0 13.7 33.1 1.5635
0 12.32 32.98 1.9875
0 13.54 33.84 2.2539
0 13.09 32.32 1.7368
0 10.81 32.22 1.8621
0 11.65 31.71 2.2904
0 13.25 36.16 1.7273
0 15.47 40.38 0.4688
0 18.01 37.95 1.9975
0 14.05 34.14 2.2993
0 9.99 29.16 2.6507
0 9.52 24.03 2.3215
0 9.73 25.27 2.5401
0 10.38 27.77 1.6499
0 12.4 30.43 1.0503
0 15.21 34.84 0.3006
0 15.82 36.71 1.2915
0 15.5 36.11 1.1327
0 17.23 33.82 2.1875
0 14.56 33.37 1.2752
0 13.96 32.49 1.9976
0 12.22 28.3 2.6542
0 8.49 21.23 1.949
0 9.45 25.07 0.8418
0 10.84 28.81 0.5342
0 12.72 32.41 1.0506
0 12.79 30.32 1.5822
0 10.92 29.45 1.4248
0 11.54 29.87 1.3348
0 11.63 30.33 1.8946
0 12.56 29.75 1.541
0 13.03 29.35 1.332
0 12.56 27.6 1.2282
0 11.56 27.31 1.4611
0 11.12 27.13 1.3211
0 9.44 24.82 2.6427
0 9.19 24.09 1.3517
0 10.64 29.25 0.8092
0 12.22 32.15 1.0699
0 17.41 35.21 0.9746
0 14.46 36.11 1.286
0 16.29 37.65 0.7554
0 16.94 38.68 0.5782
0 16.69 36.6 0.4182
0 16.2 33.61 0.6204
2.2 17.34 33.44 0.9115
5.425 16.53 33.06 1.3573
4.65 12.89 24.43 1.665
0.4 13.03 18.97 1.3399
0.2 9.74 20.26 0.7091
2.975 10.34 21.97 1.8297
0 8.71 21.86 0.7531
0 9.76 25.27 1.9907
0 11.29 27.29 1.7816
0 13.33 28.85 1.8801
0 13.86 29.6 2.0572
0 13.83 31.96 1.3436
0 14.32 33.42 0.515
0 13.74 32.98 0.3799
0.15 13.4 30.77 0.933
2.475 13.41 27.06 0.9317
0.9 9.98 21.4 1.2173
0 10.13 21.7 1.5384
0 10.18 24.8 0.7977
0.125 10.89 23.98 1.7636
2.6 10.08 21.68 1.4599
12.125 11.69 20.93 1.7707
33.7 12.78 17.41 4.7478
11.35 8.9 16.79 3.2411
0 5.35 17.71 1.7071
0 3.94 18.73 2.7171
0 5.54 21.11 3.4877
2.9 8.95 22.11 2.2809
4.1 10.42 22.64 1.7896
1.05 7.25 16.15 1.09
0 6.87 20.96 1.8597
0 7.73 22.59 2.824
0 9.33 24.55 2.4892
0 10.68 28.27 1.6076
0 11.3 28.41 1.2121
2 10.59 26.78 1.9754
16.15 9.75 20.89 3.1178
7.35 4.85 14.02 2.4707
2.05 2.29 14.89 0.5376
1.25 3.96 15.42 1.6345
0.075 3.12 14.82 2.3556
0 2.91 16.67 1.3908
0 4.96 17.11 2.9731
0 5.58 18.92 1.8038
0 6.77 20.53 2.7625
0 6.85 20.99 1.3871
0 6.42 20.98 1.7484
1.55 5.53 20.96 1.5908
20.3 5.46 18.52 2.0653
26.475 3.34 11.24 2.9168
17.025 2.78 9.79 4.5748
10.825 3.52 8.45 2.776
15.9 4.17 9.93 3.6578
6.4 -1.2 6.89 1.3601
0 -2 9.16 2.9549
1.15 -1.13 10.67 3.2896
13.375 0.71 11.5 2.4494
5.8 1.12 8.51 2.2903
0 -2.39 9.99 2.4003
0 -1.75 10.21 3.0347
0.025 0.57 12.51 2.2649
0 1.93 14.62 2.6921
0.3 5.79 12.03 1.3397
3.225 7.34 16.03 2.5884
12.15 7.97 16.46 2.7617
5 7.89 19.41 3.5837
1.175 4.16 16.46 2.131
3.425 5.43 15.95 2.2694
2.65 8 14.8 1.2489
0.7 9.23 17.08 1.4772
0 8.14 16.72 0.4247
0 7.22 16.85 2.3829
2.825 5.76 16.5 1.3595
17.025 6.01 12.69 1.7543
7.05 3.61 12.89 1.3428
4.775 1.21 11.51 2.3166
30.15 2.64 12.37 3.5843
28.625 8.03 12.73 5.1346
28.4 9.02 13.79 5.657
8.925 5.67 11.35 2.593
6.3 4.66 8.8 2.9491
8.8 6.09 12.63 2.118
2.45 6.74 12.14 0.4543
2.475 4.25 13.56 3.1177
18.775 4.43 15.28 5.491
7.675 3.67 15.04 2.0503
1.8 3.25 12.45 0.7392
40.1 3.47 12.12 2.182
25.525 5.16 10.54 4.2658
2.925 -1.81 8.46 2.2507
1.575 -3.32 7.58 1.4931
20.6 -0.68 8.82 4.5136
18.9 0.55 8.38 4.8509
3.475 2.9 8.96 2.3838
0 0.17 8.75 3.0713
0 0.07 10.74 3.7067
0.025 0.34 10.28 4.794
0 0.08 8.85 3.1028
0.05 0.33 10.4 1.5249
0.025 -0.63 5.6 1.5622
0.225 -2.13 5.34 2.9025
2.05 0.87 7.99 3.492
1.525 4.55 14.92 2.4311
1.275 3.11 14.84 1.5646
0.375 6.13 11.63 1.2086
0 2.66 13.83 2.6606
0.025 5.29 12.68 0.9407
0 5.96 13.39 0.8193
0 5.85 13.45 2.5335
0 2.6 10.98 1.6546
0 2.29 15.27 3.9987
0 2.44 17.58 3.5574
0 3.12 16.44 2.7243
0 3.02 19.29 4.0164
0 2.18 18.08 1.689
0.025 3.18 15.57 2.0328
0 3.41 16.54 4.879
0.025 3.05 17.78 3.5224
0 2.63 16.61 1.7116
10.35 2.22 15.53 0.5184
9.35 2.83 13.9 1.752
2.925 1.73 11.02 1.245
0 1.38 11.8 1.5465
0 0.18 14.12 3.0037
0 0.41 14.43 1.9768
0 1.74 14.68 2.4025
0 2.91 17.28 1.718
0 4.36 18.71 1.9745
0 5.01 20.05 0.8095
0 2.13 20.05 2.4543
0 0.18 14.42 3.3042
0 0.48 14.85 3.6276
0 1.47 16.2 3.8298
0 2.39 19.93 2.952
0.05 2.37 21.53 1.0752
0.45 3.17 19.41 3.9291
12.2 8.1 16.31 4.7131
14.35 5.94 14.46 5.5246
33.975 2.99 8.75 4.734
32.3 2.6 7.71 2.543
10.075 1.17 9.76 2.8096
0.625 -0.17 9.72 0.6484
0 0.68 10.89 1.081
0 -0.11 11.33 0.5452
0.725 -0.11 13.41 0.7609
8.675 0.55 11.39 2.1737
16.8 2.17 10.06 5.012
5.275 -2.55 7.98 1.02
0 -3.08 8.77 0.3717
0 -1.55 11.66 2.242
3.1 -1.38 14.22 1.87
10.225 2.04 15.37 3.9628
3.475 8.26 16.78 1.2966
0.025 2.4 16.88 1.4108
4.825 3.94 17.84 0.6604
20.925 6.88 18.03 1.7363
9.4 7.17 12.57 4.1766
0.175 3.96 14.37 0.581
0.925 4.22 17.6 1.4515
0.2 6.46 18.95 0.8204
0.075 4.92 17.93 1.3414
0.3 4.59 16.44 0.5186
6.125 6.08 17.41 1.3777
4.75 8.92 18 1.3103
12.975 9.05 19.79 1.526
8.95 8.87 19.13 2.2199
3.4 1.7 14.34 0.9023
15.8 1.97 14.46 3.6574
28.35 2.97 11.78 4.7285
49.85 4.73 9.78 5.1324
24.875 3.15 9.12 2.2256
3.95 2.17 11.82 1.5447
13.5 3.23 13.3 5.2472
26.65 5.07 9.74 5.4488
16.2 2.82 9.53 3.7006
18.95 4.51 11.7 3.101
4.25 5.14 11.63 1.4038
0.825 6.37 14.68 0.7906
0 5 17.28 1.5626
0 6 19.41 2.096
0 8.01 22.44 2.4439
0 9.37 26.35 1.8152
0 9.91 26.4 1.1715
0 5.31 20.34 1.7844
0 5.64 20.65 1.7211
0 7.63 23.58 1.5832
1.45 6.9 22.81 2.0134
5.625 4.88 18.88 3.4418
2.225 1.34 10.6 1.6173
0 0.42 12.74 1.3579
0 0.99 16.24 0.5052
0 3.53 17.63 1.7264
0.075 4.22 18.52 1.7163
0.35 4.25 17.21 2.5629
0.125 2.31 14.94 0.6281
0 2.82 19.22 0.7672
0 5.98 22.93 1.6023
0.325 7.13 24.25 2.222
0.55 10.26 23 2.4592
0.25 11.71 20.66 1.4712
0.775 11.19 21.18 1.9274
0.925 11.02 19.96 1.9564
0.6 5.84 18.73 0.9649
0.2 6.6 19.02 0.9454
0.375 8.45 19.5 1.9074
0.2 7.83 19.48 2.1253
0 5.01 19.66 2.6882
0 4.87 21.01 1.1482
0 5.82 21.93 2.3127
0 6.07 20.67 4.6365
0 3.87 19.94 3.4831
0 4.64 22.82 1.6963
0 5.93 25.36 0.5126
0 8.21 25.92 1.155
0 9.61 27.15 2.9114
0 10.87 30.18 0.9031
0 10.22 30.13 1.557
0 8.93 26.74 1.9466
0.025 8.64 21.11 2.7594
1.275 4.97 15.97 3.0766
0.625 4.66 19.04 2.5837
0 5.72 23.7 1.8286
0 8.51 25.2 1.3357
0.325 9.01 26.34 0.9197
9.8 9.05 23.42 2.6908
8 5.64 15.38 2.5045
2.6 4.27 13.88 1.5476
11.5 6.24 14.42 3.3884
6.25 7.69 14.33 2.1327
0.275 5.59 18.85 2.9061
0 7.07 24.02 1.7782
0 10.09 25.24 2.294
0 8.6 24.19 3.3197
0 7.17 22.39 4.5764
0.275 7.02 21.79 2.5348
1.775 8.12 21.71 2.5921
0.8 5.91 20.03 2.1457
0.35 6.73 20.61 3.0336
1.775 6.69 20.23 3.9977
0.475 6.63 17.77 4.6516
0 6.47 19.76 2.6746
0.45 6.69 21.25 2.3714
0.525 9.67 20.1 2.5732
0 5.88 17.52 1.5892
0.775 6.04 19.17 0.6314
11.65 7.75 18.71 3.4959
15.35 12.71 19.44 0.9516
7.7 10.58 20.94 3.173
0.075 8.34 20.98 2.2166
0 9.27 24.85 3.002
0 11.19 27.28 1.787
0 11.91 28.22 2.8346
0 11.1 26.62 3.2179
0 10.4 25.68 2.7786
0 11.61 28.41 2.7332
0 14.31 31.5 2.3443
0 15.46 33.21 2.2079
0 14.12 31.85 2.6898
0 13.32 29.44 1.8057
0 13.28 30.05 2.772
0 13.68 30.74 2.3013
0 15.21 31.88 0.6983
0 17 35.46 0.8141
0 18.94 37.17 2.4803
0 15.53 35.3 2.4787
0 12.77 32.03 2.4943
0 12.36 31 2.6643
0 12.83 30.89 2.5392
0.925 13.99 32.23 2.576
12.375 14.53 31.4 2.222
5.825 12.35 24.85 2.328
0.025 10.89 24.75 2.4195
0 12.89 29.71 1.6508
0 16.43 34.44 1.2298
0 17.73 37.21 1.0229
0 17.93 38.03 1.5703
0 18.87 37.79 1.6974
0 19.69 37.46 2.4873
0 19.45 37.23 2.6391
0 18.09 36.2 1.9919
0 17.04 35.69 2.4638
0 14.68 34.51 2.2719
0.025 13.69 33.08 2.3756
0 13.32 30.29 2.514
0 13.61 29.23 3.0898
0 12.92 27.27 2.7556
0 12.89 27.3 3.3585
0 12.48 27.34 3.0776
0 12.22 28.02 1.9908
0 13.28 29.75 1.1455
0 14.41 30.93 1.9656
0 15.38 32.72 1.7168
0 15.61 34.02 2.319
0 15.55 34.58 2.739
0 15.97 34.19 1.9338
0 16.11 34.3 1.808
0 15.2 34.96 2.106
0 13.68 33.87 2.0144
0 14.14 34.21 1.7148
0 14.9 35.17 1.7254
0 16.02 36.24 2.4714
0 15.65 35.84 3.0341
0 18.15 35.82 2.0248
0 17.7 33.51 1.3694
0 16.26 34.36 1.7778
0 15.74 34.8 2.0705
0 14.21 33.22 2.9975
0 13.75 31.45 2.4299
0 15.03 32.3 3.0052
0 16.33 31.69 2.4567
0 14.23 33.17 1.8813
0 14.09 33.3 1.9938
0 14.69 33.66 2.2124
0 14.51 33.61 2.6363
0 14.66 33.1 1.9552
0 15.98 33.71 1.3548
0 16.54 34.66 2.113
0 14.31 33.98 1.5994
0 13.8 33.71 1.4841
0 14.03 34.04 1.8791
0 14.75 34.67 1.9166
0 14.33 33.26 2.7006
0 12.98 31.52 1.9527
0 12.67 31.11 1.4197
0 13.45 31.16 1.2147
0 14.66 33.5 1.0347
0 16.71 35.01 1.9184
0 16.15 34.53 1.1753
0 16.97 35.54 0.7205
0 17.45 35.99 1.0335
0 17.22 36.48 1.3393
0 15.6 35.72 1.8521
0 14.6 34.27 1.7457
0 13.59 32.74 1.6894
0 14.08 32.55 0.769
0 15.18 33.58 0.5905
0 15.82 34.76 0.828
0 16.06 34.1 0.9921
0 16.45 33.58 1.8289
0 14.57 35.37 0.9178
0 15.44 35.95 1.1149
0.6 15.36 35.64 1.1582
0.35 16.07 35.66 1.5069
0 16.65 35.78 0.7568
0.05 16.19 32.09 1.6539
0 14.49 28.94 1.6575
0 14.73 31.32 0.8275
0 15.51 32.28 1.554
0 14.9 31.44 2.3815
0 13.06 29.6 1.6964
0 11.31 27.97 1.7988
0 12.56 29.66 0.7036
0 14.38 32.86 0.4439
0 15.94 35.48 1.0992
0 15.77 35.68 0.7904
0 16.36 35.95 0.5813
0 16.83 37.3 0.654
0 16.6 36.47 1.5309
0 13.89 29.63 2.1273
0 11.71 24.93 2.0995
0 12.27 28.94 1.0175
0 14.65 33.04 0.6404
0 14.63 34.09 0.9446
0 14.73 31.83 1.1638
0 12.48 28.74 2.1489
0 11.92 26.15 1.7005
0.45 11.31 25.1 1.8314
17.3 9.92 22.2 2.077
16.45 9.59 20.28 3.445
4.625 8.42 15.95 0.7898
1.1 5.22 16.12 0.9366
0 6.17 20.06 1.1166
0.8 6.94 23.14 1.2034
1.4 10.48 23.33 1.453
0.45 13.7 21.69 1.5993
0 10.66 25.47 1.0629
0 11.19 28.42 0.8455
0 13.12 29.7 0.5772
0 13.49 29.65 0.9222
0 13.2 28.34 1.0643
0 12.89 27.51 1.484
0 12.83 28.88 1.2269
0 12.35 27.61 1.1629
0 12.76 25.86 0.8566
0 11.2 26.33 0.9893
0 11.43 26.78 2.1213
0 11.33 27.88 1.4473
0 10.95 28.46 1.5473
0 9.97 25.45 1.3744
0 6.13 22.27 2.6279
0 5.99 21.13 2.9372
0 7.45 22.46 1.7059
0 7.51 23.34 1.0562
0 8.06 24.26 2.0031
0 8.52 25.73 0.6249
0 7.88 25.38 3.392
0.125 6.42 23.13 3.9985
2.9 5.58 22.68 3.0707
2.525 4.39 18.53 1.6509
5.15 1.03 12.5 0.4387
2.7 1.68 12.76 1.3093
0.125 1.57 12.61 0.7762
0 1.43 13.51 1.9459
0 2.43 16.45 2.9761
0.225 2.38 18.77 3.1942
3.275 4.85 20.15 3.8855
1.15 9.03 18.55 0.8027
0 7.29 17.86 0.3792
0 8.66 17.99 1.0187
0 5.75 17.82 0.8004
0 5.26 19.38 0.9373
0.125 5.46 19.4 0.8977
0.375 5.48 18.83 2.8805
3.45 2.75 12.59 2.0153
2.675 3.45 12.73 4.0537
0.025 2.22 13.21 1.8975
0 2.15 14.42 2.7514
0 2.34 14.96 4.0113
0.375 3.48 15.56 1.9379
0.075 4.23 14.36 0.6289
0 4.3 17.74 2.6707
0 3.82 17.82 2.2529
0.025 5.15 23.18 0.9978
0.05 4.16 16.4 1.5202
0 3.25 19.1 3.9479
0 2.35 18.06 7.5031
0 2.01 16.37 3.3421
0 1.07 15.65 4.0391
0 -0.14 14.67 2.5611
0 -0.92 13.71 3.4279
0 -0.63 14.45 2.9217
0 -0.63 14.62 3.0375
0 -0.24 15.2 2.8988
0 -0.18 14.97 4.0023
0 -0.1 16.68 2.9171
0 0.22 15.88 0.5638
0 1.47 13.04 1.4312
0 0.35 13.83 1.3455
0.15 -0.53 13.47 0.9481
1.5 0.46 12.46 0.7869
0.45 -0.05 11.51 4.8539
0 -0.22 13.34 4.2166
0 -0.11 14.8 2.3759
0 0.19 14.76 4.0357
0 -0.36 12.93 3.9629
0 -0.95 13.28 3.2019
0 -2.73 14.26 4.4657
0 -2.13 13.76 3.8585
0 -1.99 12.88 4.7045
0 -1.7 15.99 3.3391
0 -0.9 16.9 1.1764
0 -0.4 15.25 1.1162
0 0.83 16.18 1.1803
0 3.77 16.29 0.8202
0 3.69 16.74 1.0965
0 1.3 14.47 2.2984
