0.175 -18.07 -0.01 1.5949
3.85 -10.03 0.17 1.7342
1.825 -16.08 0.87 1.6797
0 -20.55 -8.42 4.4155
0.275 -20.52 -7.68 1.5726
0.15 -12.35 0.64 0.7753
0 -10.69 4.04 1.2455
0 -10.22 2.19 0.7129
0 -14.36 4.6 4.7567
0 -15.87 -0.64 3.1125
0 -13.39 0.42 2.0473
0 -13.74 5.36 5.4061
0 -13.23 4.77 3.6211
0 -14.42 3.81 2.8498
0 -13.08 4.44 3.7171
0 -13.86 3.87 4.865
0 -14.61 4.14 4.1816
0 -15.43 1.77 4.7656
0 -14.46 3.58 4.8268
0 -12.69 -0.03 3.307
5.325 -10.46 3.85 2.7407
10.75 -8.34 0.79 2.1508
10.1 -9.32 -1.51 1.5519
13.375 -6.43 -1.53 2.8762
4.275 -10.2 -1.48 3.7926
0.625 -16.29 -6.08 0.7836
0 -18.87 -7.11 1.179
0 -13.77 -3.5 1.479
0 -15.17 0.35 4.2767
0 -14.29 2.25 4.5177
0 -13.62 3.42 3.038
0 -12.16 4.37 3.2643
0 -13.29 2.13 3.618
0 -12.35 5.96 3.7791
0 -11.38 5.89 3.0224
2.925 -6.84 5.74 2.596
23.325 -10.59 0.46 2.4987
14.525 -10.69 -4.93 2.9006
9.425 -13.14 -4.41 1.3453
4.7 -15.41 -1.8 3.9943
4.225 -22.1 -8.77 0.6058
4.2 -13.97 -5.61 2.3823
1.575 -16.71 -4.11 1.4598
2.05 -16.13 -5.24 2.993
1.275 -15.86 -7.79 3.0025
2.35 -14.42 -4.49 5.2122
14.65 -12.94 -5.46 5.4994
13.35 -14.14 -8.09 4.0677
0.575 -18.44 -5.12 0.9309
0 -17.57 -4.66 3.3393
0 -16.96 -2.42 2.3925
1.525 -15.45 -0.2 3.7856
8.225 -8.98 0.35 3.147
4.725 -7.55 -0.02 2.3383
0.85 -8.01 3.6 1.626
0.5 -7.56 5.23 1.5478
0 -8 1.29 2.706
0 -11.61 2.52 0.4998
0 -10.64 4.78 3.8615
14.425 -4.64 4.36 2.9606
15.975 -7.56 5.67 4.1596
9 -8.33 -0.87 5.0175
7.925 -11.42 -5.23 3.3731
1.025 -21.47 -5.83 0.6823
0.375 -14.54 -3.7 1.959
0 -16.36 -3.56 0.2291
0 -14.66 0.23 1.7527
0 -11.06 2.87 2.8385
0 -17.58 -3.21 0.5834
0 -13.76 2.43 0.8135
0 -13.06 2.01 2.4426
0 -13.65 2.9 2.8324
0 -13.4 5.39 1.4527
0 -10.47 5.02 2.4487
0 -7.53 6.62 2.8289
0 -7.77 8.19 1.0835
0 -8.83 7.89 0.9066
0 -7.06 10.37 0.7978
0 -8.21 11.1 0.8147
23.475 -5.32 10.71 2.2319
21.8 -12.09 2.27 4.3682
0.6 -18.32 -7.98 2.3062
0 -16.89 -4.98 1.8591
0 -12.87 2.25 0.4418
0 -5.95 5.64 2.2978
0 -11.24 4.7 2.142
0 -10.25 6.64 1.349
0 -4.53 10.37 3.3798
0 -14.62 6.46 2.0099
0 -10.88 5.18 0.4104
0 -7.08 8.14 2.5636
0.325 -7.58 8.28 2.6802
0.275 -11.09 5.73 5.5342
0 -16.07 -0.6 1.7792
0 -13.46 2.17 3.0381
0 -11.11 6.71 2.8942
4.25 -7.72 9.97 1.5582
2.7 -9.82 7.86 3.8627
1.325 -9.57 -0.29 1.8154
5.275 -8.67 1.74 2.1599
3.15 -10.72 -0.3 3.8331
0 -9 4.26 1.5961
0 -7.92 9.79 1.8849
1.275 -6.67 7.48 4.3921
1.175 -16.99 1.1 6.5921
0.15 -13.34 -0.69 3.6412
0 -11.01 2.68 1.5459
0 -8.37 9.27 3.2756
0 -7.04 12.65 3.0313
0 -4.62 15.26 1.6426
0 -3.79 17.22 1.0519
0 -2 17.71 2.2942
0.025 1.21 16.29 3.2047
0.55 -4.15 10.49 3.6111
0.3 -12.23 1.46 3.8817
0 -9.4 4.88 1.9662
0 -9.22 6.92 2.414
0 -6.88 9.33 3.4406
0 -10.54 6.14 1.4899
0.3 -6.35 10.31 1.9877
7.95 0.18 12.24 2.3552
5.8 -4.79 6.69 3.0031
0.275 -1.23 4.65 4.0031
1.4 -5.82 6.81 2.098
0.85 -1.35 10.13 3.9813
0 -4.2 11.28 2.6419
0 -4.98 13.59 2.7639
0 -4.51 14.81 1.6029
0 -4.76 16.29 0.9358
0 -1.91 15.87 0.6883
0 -3.19 16.72 3.0314
0 -0.08 14.39 3.3179
0 -5.16 14.09 2.1257
0 -3.53 14.12 3.213
0 -1.33 16.64 1.4059
0 -1.32 17.82 1.8855
0 0.71 20.42 0.3357
0.1 2.56 21.78 2.5937
0.075 2.19 19.41 3.139
0 -0.67 16.28 2.0339
0 -1.05 16.84 0.8522
0.775 -0.3 18.08 2.4406
0.55 -0.39 16.8 2.9201
0 -2.17 15.4 2.7624
0.475 -0.63 15.51 1.7309
0.35 -2.17 16.04 1.1313
0 -1.1 16.63 0.7004
0.625 -0.12 18.4 1.5595
1.375 0.13 17.77 2.2859
8.975 1.09 15.28 3.4022
10.775 1.27 13.61 2.0983
4.35 -0.32 14.56 1.8238
0.15 -2.09 13.58 2.1661
0.875 0 12.74 0.9715
1.825 -4.67 9.3 2.2606
2.425 -3.27 11.84 3.9908
2.45 -6.54 5.94 2.8142
1.525 -2.82 6.68 2.8617
3.25 -0.88 10.47 2.5444
2.05 -0.7 12.41 3.394
0 -0.24 11.62 3.1327
0 -3.45 10.17 3.3139
0.525 -2.47 12.1 1.9903
1.45 -0.99 10.88 3.745
0.825 -3.88 10.62 2.6326
4.675 -1.87 12.17 2.3718
4.025 -0.2 12.29 2.2179
1.425 1.71 11.42 2.8277
0.725 1.61 14.56 1.515
0 4.42 18.42 2.749
0 1.62 18.96 3.453
0 -0.22 14.22 3.1568
0 -3.32 13.95 1.1307
0 -0.85 15.75 0.9324
0 0.85 19.16 1.3171
0.15 2.26 21.07 2.7162
0.1 -0.19 18.93 1.6821
0 2.56 19.99 0.8938
0 3.32 22.27 0.352
0.3 3.69 23.59 3.0322
0.025 4.54 22.43 3.0793
0 2.94 21.25 2.2099
0 4.87 21.42 1.4442
0 3.39 20.68 2.9361
0 2.16 20.79 2.5184
0 0.79 21.26 2.8806
0 1.87 21.81 2.8011
0 0.85 19.92 3.0809
0 1.92 19.32 2.6977
0 0.1 19.59 2.5821
0 -0.22 19.56 1.9555
0 5.91 20.38 2.0883
0 4.11 20.84 2.5434
0 3.45 20.35 1.3482
0 1.69 21.97 0.7095
0 3 23.29 1.7002
0 4.78 24.48 2.2444
0 4.81 23.78 2.028
0 5.99 25.07 2.1653
0 8.32 25.11 2.1297
0 6.45 24.85 2.5318
0 5.57 24.64 2.5577
0.15 4.76 24.41 2.1263
0.725 5.8 24.78 2.0651
0.5 4.68 23.33 2.1928
0 5.44 24.08 2.2238
1.55 5.31 23.96 1.9745
1.1 5.77 23.67 1.8239
0.175 7.63 23.9 1.9839
0.2 5.83 22.92 2.7673
0.025 3.36 22.1 2.3981
1.525 4.83 22.97 2.2005
0.95 3.47 23.88 2.3461
0 4.35 22.24 3.098
0 1.85 21.75 2.8574
0 4.98 21.24 2.5007
0 7.28 19.77 2.7811
0 3.56 18.04 3.5284
0 -3.12 10.74 2.0767
0 -2.03 11.99 1.2268
0 0.07 16.75 0.1599
0 0.96 19.2 1.117
0 3.14 21.71 2.8791
0 3.57 21.63 2.7184
0 4.06 21.86 2.9682
0 2.02 20.59 3.2728
0 -0.98 19.02 1.3152
0 -1.41 18.22 0.2805
0 0.12 20.74 0.6129
0 0.52 22.26 0.9759
0 2.65 24.27 1.2422
0 3.05 24.95 1.7156
1.375 3.96 25.31 2.2957
4.15 4.77 24.73 2.3849
5.175 5.09 19.72 3.4838
1.6 -0.26 13.37 1.7108
0 1.3 18.86 1.7916
0 1.17 20.74 0.7833
0 1.29 21.36 1.3088
0 1.77 21.74 0.946
0 3.55 22.22 1.4196
0 3.28 23.34 3.2665
0 2.81 19.78 2.3928
0 2.89 18.97 1.344
0 1.87 19.81 0.1848
0 4.14 20.08 1.3428
0 3.44 20.42 1.9623
0 0.02 19.4 2.2156
0 1.6 19.85 2.0671
0 0.18 18.65 1.3416
0 -0.35 19.27 0.5982
0 1.12 18.59 0.9973
0 2.4 20.41 0.4013
0 1.81 20.61 0.9958
0.575 2.62 22.67 1.4201
0.4 1.47 20.37 2.5263
0 -0.48 17.78 2.8057
0 -2.53 14.82 1.4847
0 0.04 16.74 0.9984
0 0.57 20.69 0.4523
0 -1.26 21.65 1.2367
0 3.48 22.08 2.5503
0 0.58 19.31 1.0632
0 0.86 18.04 2.9251
0 -3.22 19.15 2.7302
0 -0.62 20.3 1.8741
0 -1.16 21.12 0.9982
0 -1 21.11 0.771
0 0.3 21.95 1.1826
0 -1.2 21.84 0.312
0 0.94 21.66 2.3414
0 4.24 18.62 2.7855
0 -9.82 10.58 2.3692
0 -9.61 6.73 2.7013
0 -7.11 10.9 1.0062
2.275 -0.77 13.33 3.3344
1.55 -10.23 9.3 3.7565
0 -12.06 -1.78 0.3931
0 -9.8 4.04 3.4213
0 -10 5.31 1.9178
0 -7.43 8.33 1.4258
0 -6.6 11.42 0.9291
0 -6.12 13.67 0.6036
0 -6.22 11.21 2.1686
0.15 -5.32 12.51 2.0512
44.525 -2.67 6.53 6.1863
31.275 -3.05 2.76 4.7152
0.025 -3.22 8.23 0.7186
0 -3.34 12.35 2.3091
0 -3.34 13.67 1.38
0 -1.59 15.33 2.2792
1.2 1.66 13.6 2.7228
0.775 -7.55 6.57 2.8186
0 -8.04 6.74 1.1277
0 -6.96 11.09 0.7198
0 -6.49 10.93 0.7715
0 -5.09 13.04 1.1015
0 -5.23 12.52 1.9953
0 -6.53 8.8 1.342
3.35 -7.16 12.09 3.9795
2.4 -13.12 -4.22 5.2186
0.05 -14.4 -3.43 0.9018
0.05 -9.71 3.47 0.0542
0 -8.33 8.69 0.9543
0 -7.75 10.89 0.8562
0 -7.16 12.94 1.1167
0 -6.51 13.51 1.1515
0 -7.24 13.62 1.7844
0 -2.58 12.9 2.3696
0 -7.47 10.74 0.7526
0 -9.99 8.76 1.2944
0 -12.16 7.41 1.8484
0 -11.36 4.04 1.4687
0 -9.73 8.4 0.9494
0 -8.36 8.1 0.9149
8.675 -4 8.5 2.2009
6.2 -11.72 0.25 1.0047
0 -13.3 0.26 1.1531
0 -14.51 1.07 2.8479
0 -12.3 3.39 2.3063
0 -11.31 6.75 1.9477
0 -9.81 8.86 0.9774
0 -14.02 3.51 2.3915
0 -9.9 4.51 4.0739
0 -9.83 4.44 0.8486
0 -10.69 0.89 0.5587
0 -13.93 5.51 2.6512
0 -13.47 2.71 3.9183
0 -12.61 4.49 4.2804
0 -13.65 4.67 2.822
2.95 -9.59 4.28 1.5978
2 -9.8 3.92 4.8953
0.025 -15.09 -7.03 5.4203
0 -15.35 -1.97 3.8337
0 -14.3 0.68 1.4918
0 -14.71 0.19 2.3619
0 -15.73 0.96 2.1969
0 -15.46 -1.26 2.139
0 -9.43 1.92 1.3513
0.975 -17.55 -0.38 2.243
6 -12.3 -6.04 1.282
3.6 -24.52 -10.84 0.5976
0 -27.2 -10.07 1.7937
0.65 -24.33 -6.97 2.8011
6.175 -12.77 -3.53 2.7094
32.75 -10.76 -4.08 3.6953
20.225 -11.76 -4.25 4.8397
0.275 -19.26 -4.93 0.8217
0 -15.97 -7.97 2.8863
0 -15.03 -4.7 2.2097
0 -14.1 -2.31 2.2628
0 -15.56 -3.47 2.7838
0 -17.72 -5.38 4.0323
0 -14.87 -7.96 2.9215
8.9 -11.04 1.19 1.9591
6.125 -15.33 -0.04 3.7817
0.05 -21.02 -8.21 3.1272
0 -18.54 -7.22 3.6526
0 -17.96 -1.57 3.4838
0.95 -17.84 -8.9 3.9005
0.55 -17.59 -4.89 1.8722
0.375 -17.82 -4.84 3.2959
3.875 -13.29 -7.96 0.7024
2.675 -11.67 -5.73 1.4865
0.025 -11.74 -3.17 2.3238
0 -12.18 -0.95 1.7259
0 -15.41 0.19 1.1556
0 -16.72 -4.12 3.9989
0 -15.73 -4.23 2.9522
0 -15.43 -2.29 2.1916
0 -14.74 -2.77 2.7528
0 -12.4 -1.19 2.9628
0.025 -11.38 0.34 3.1599
0.775 -10.87 0 2.2505
0.425 -9.22 -3.16 2.459
0.05 -11.69 -3.9 3.033
12.3 -10.5 -4.25 4.2849
9.275 -8.59 1.92 2.1671
0 -16.06 -1.25 1.5047
0 -15.66 -2.58 3.2998
0 -13.21 -1.97 1.68
10.9 -13.94 1.4 2.4418
38.05 -10.95 -0.98 4.5315
23.2 -12.79 -5.86 5.2752
26.175 -11.89 -7.15 6.1208
39.15 -16.86 -7.52 3.9942
16.575 -16.23 -11.24 4.4255
0.825 -18.54 -7.56 0.8508
0.375 -20.39 -9.41 1.9222
4.975 -16.04 -8.24 3.3119
2.9 -11.39 -3.8 2.7771
0 -13.25 -1.07 1.3819
0 -17.77 -1.7 2.8028
0.125 -15.68 -7.09 3.0603
0.075 -14.23 -3.61 1.5408
0 -20.33 -2.84 1.0131
0 -17.38 -7.47 1.6888
0 -13.09 -5.02 1.8547
0 -15.52 -3.85 0.6028
4.575 -15.02 -5.59 2.3664
7.5 -10.13 -1.68 3.3926
6.1 -10.41 -2.43 1.8574
2.2 -12.01 -2.66 2.6227
0.1 -11.04 -3.4 1.4496
1.725 -13.63 -4.47 2.4757
1.15 -15.12 -4.49 0.5177
0 -12.86 -3.78 0.8582
0 -12.45 -0.17 0.9806
0 -13.62 1.15 1.4415
0 -14.67 0.7 1.523
0 -12.82 1.12 0.8408
0 -13.28 3.5 1.7866
0 -12.57 2.08 2.4384
0 -11.74 2.41 1.5342
0.975 -11.45 2.08 1.5108
1.725 -9.98 -1.66 2.6263
11.05 -9.05 -1.23 3.2608
7.45 -18.2 -3.09 2.5887
12.85 -16.61 -5.18 3.4544
14.7 -10.48 -1.17 3.0098
1.2 -14.05 -2.04 0.5204
34.875 -11.24 -0.77 4.3578
25.775 -10.37 1.42 2.1059
1.35 -9.84 -2.79 0.9176
0 -12.63 -0.17 2.4916
0.375 -10.37 -0.37 2.77
7.55 -12.17 0.58 3.2059
4.725 -14.56 -1.27 3.4893
0 -16.73 -3.73 1.2261
0.175 -11.58 -2.17 2.7908
0.175 -12.36 -2.57 0.7936
1.525 -12.48 0.66 2.3774
0.925 -17.43 -1.34 4.1315
0 -13.56 -4.62 2.0257
0 -17.47 -5.87 0.537
13.15 -12.85 0.83 2.2009
8.525 -12.41 2.49 2.6817
0 -18.14 -4.67 2.7634
0 -15.22 0.86 3.8025
0 -12.03 4.7 1.7364
0 -9.47 6.7 0.7152
0 -8.73 6.93 3.1451
0 -12.36 4.04 2.1201
0 -10.91 6.92 2.2182
0 -9.49 7.29 1.2052
0 -10.13 7.26 1.1804
0 -11.86 6.77 2.6424
0 -11.62 5.61 2.3356
0 -8.02 8.03 2.7467
0 -12.53 1.97 2.8771
0 -12.75 0.94 2.9616
0 -10.18 4.62 1.7064
0.15 -4.94 9.27 2.8682
4.425 -7.06 10.1 6.196
3.05 -11.34 -0.7 3.5765
0 -16.02 -3.28 0.9859
1.425 -14.14 -0.41 2.5032
0 -8.41 1.75 2.3512
11.85 -13.55 1.38 2.7733
8.55 -12.49 -1.82 3.8427
0 -17.13 -4.04 0.8795
0 -13.97 1.41 2.2477
0 -9.92 6.28 0.5365
0 -8.87 9.52 1.6498
0 -9.43 5.45 1.9566
8.925 -5.13 6.87 3.7675
6.275 -13.63 1.33 4.7325
0 -12.22 -2.63 1.1171
0 -10.29 2.44 0.6966
0 -9.6 4.93 0.9151
0 -5.74 9.27 2.7882
0 -8.93 9.43 1.2922
0 -8.82 12.61 1.0172
0 -7.3 12.99 1.9967
4.725 -3.87 11.14 3.0771
6.375 -11.17 0.4 2.9097
5.4 -9.63 -2.27 1.4417
2.175 -7.54 -3.19 1.7064
0 -8.09 7.09 0.6577
0 -6.44 11.25 1.5209
0 -7.66 9.8 0.7131
0.025 -0.61 12.89 4.5605
0.25 -8.09 4.74 5.5321
1.1 -13.71 -0.89 4.3089
0.7 -11.15 -0.76 3.6304
0 -9.76 3.81 2.0292
0 -9.18 9.77 2.4766
0 -7.34 9.66 1.305
0 -4.18 13.03 1.9929
0 -2.1 11.5 3.6373
0 -10.37 7.98 2.2344
0 -9.98 5.27 1.1644
0 -4.15 10.2 2.9938
0 -7.93 8.42 3.897
2.3 -10.5 3.11 3.6639
1.65 -13.33 1.75 5.1362
0 -7.22 3.03 2.6295
0 -7.74 7.22 1.3319
0 -7.09 7.83 0.8417
0 -4.95 10.77 0.6923
0 -3.28 13.89 1.5111
0 0.86 12.75 2.3261
0 -7.61 8.55 2.7528
0 -4.78 8.63 1.8273
0 -1.61 11.29 3.4464
0 -2.33 11.13 4.5426
3.025 -9.63 5.6 3.8794
2.275 -10.91 0.74 4.1079
0 -7.5 1.89 2.3994
0.175 -8.95 3.89 1.7336
0 -4.77 9.17 3.6431
0.475 -7.48 6.32 2.9472
0.325 -9.05 3.16 4.0422
0 -10.06 3.66 1.9621
0 -7 11.02 0.7686
0 -2.85 14.94 2.7534
0 2.11 14.35 2.9822
0 -1.73 13.09 2.7902
0 3.32 16.74 3.0289
0 5.43 15.59 3.1318
0 4.33 14.55 2.1754
0 3.76 19.67 3.2404
0 7.55 20.16 3.2345
0 1.7 19.08 2.1937
0 4.72 18.81 4.2227
0 2.21 15.07 4.6951
0 -2.13 11.35 5.4292
0 -1.51 5.56 4.4233
0 -2.74 12.04 1.3158
0 -1.56 14.94 1.5951
0 1.3 18.72 3.3937
0 -0.94 16.77 3.3444
0 -4.64 10.9 0.6923
0 -2.09 15.93 2.2656
0 -2.77 14.46 3.3803
0 -3.15 14.25 2.5433
0 -1.91 15.96 1.3206
0 -2.09 13.82 0.8986
0 1.01 18.11 1.4814
0 1.93 19.26 2.1802
0 4.28 17.37 2.5806
0 1.07 16.83 2.2355
0 3.13 18.57 0.6806
0 5 22.52 1.3697
0 5.59 23.05 3.4156
0 3.26 22.2 3.1052
0 -1.86 18.24 2.7305
0 0.68 20.08 2.7147
0 0.6 19.68 1.8322
0 0.04 17.78 1.0435
0.45 -2.19 18.72 1.7502
2.6 2.66 21.55 2.3114
1.55 2.73 21.39 1.9399
0 2.93 19.81 2.0277
0 5.16 21.31 2.0221
0 3.8 21.31 1.8316
0 3.94 21.59 2.5856
0 5.61 21.63 3.4669
0 7.34 23.04 3.7534
0 4.87 22.43 1.9049
0.475 5.31 24.21 1.0383
2.7 5.91 24.91 2.5533
1.75 4.32 18.93 2.8458
0 4.43 23.71 2.664
0 5.25 25.12 2.1912
0 5.07 25.36 2.1174
0 4.68 24.93 2.8779
0 4.05 23.37 1.1244
0 4.71 23.25 2.2575
1.375 5.43 23.96 1.8683
4.75 6.92 24.28 2.2592
2.5 4.63 21.56 2.6682
0 3.13 20.95 1.9228
0 2.94 21.59 2.3452
0 4.2 21.74 1.8516
0 4.4 22.55 2.3076
0 3.81 22.15 2.5932
0 2.64 22.03 2.1586
0 2.92 22.08 2.5163
0 2.72 22.44 1.7028
0 2.97 22.59 2.0391
0 3.33 22.49 2.0591
0 2.07 22 2.171
0 3.56 21.13 2.5299
0.225 2.67 19.8 2.9265
0.125 1.3 17.5 2.1757
0 1.03 19.02 2.1229
0 1.48 19.04 2.5078
0 0.54 16.34 1.0507
0 1.37 19.32 1.0833
0 3.09 21.61 1.9817
0 2.69 21.92 2.6378
0 3.76 21.53 1.1698
0 3.7 22.56 2.0266
0 5.73 23.74 2.0953
0 3.64 21.39 1.8951
0 1.49 21.36 2.2097
0 4.34 22.69 2.3003
0 4.9 19.23 1.8737
0 0.46 17.07 2.8582
0 1.23 20.78 2.3926
0 1.55 23.83 0.8354
0 7.44 24.5 2.6859
0 5.83 24.07 2.8888
0 3.28 20.15 3.3068
0.125 -0.45 10.91 2.2444
0.075 -3.69 9.38 2.3346
0 -3.32 13.31 0.9215
0 -1.18 17.17 0.6299
0 0 21.44 0.5939
0 1.31 22.28 1.1033
0 2.09 23.02 1.6008
0 0.27 21.56 1.9731
0 -2.46 20.26 1.5032
0 -0.94 19.38 2.9035
0 3.86 18.57 3.3108
0 -5.98 10.56 2.1759
0 -4.73 14.37 0.8625
0 -2.91 16.17 0.9183
0 -1.23 17.84 1.1083
0 -1.84 18.36 1.9236
0 -3.08 16.67 1.5056
0 -2.96 17.49 0.5871
0 -2.7 18.4 1.0721
0 -2.25 19.58 1.7201
0 -2.36 19.39 1.5636
0 -1.19 20.07 1.7274
0 -4.42 17.07 0.9434
0 -4.86 17.19 1.1512
0 -0.61 18.02 2.7422
0 -4.64 13.16 0.7641
0 -3.65 16.77 0.5085
0 -2.76 19.49 1.1048
0 -0.7 21.19 0.5727
0 -0.8 22.01 1.2573
0 0.17 22.89 0.4656
0 1.87 22.99 0.5104
0 0.21 22.83 0.3271
0.15 2.29 20.3 0.6873
5.725 1.11 18 1.4904
21.125 1.26 16.23 1.7952
37 -1.35 9.29 1.6237
14.875 -4.35 2.6 1.3224
5.9 -6.89 4.72 0.8148
2.175 -6.79 2.63 2.2455
0.125 -7.49 6.63 0.8188
0 -5.2 10.89 1.7461
0 -4.05 12.73 1.7517
0 -2.67 14.92 1.5099
0 -2.2 14.3 2.6137
0 -3.2 14.43 1.9118
0 -3.95 15.08 0.9969
0 -3.29 14.95 0.9302
0 -2.61 14.69 1.5195
2.925 -1.19 11.25 0.903
3.025 -2.47 7.63 1.3395
0 -2.47 7.27 2.1037
0.475 -4.84 9.78 1.2434
0.225 -4.09 10.21 2.1274
3.55 -5.98 9.4 1.9775
8.825 -1.68 7.37 1.9207
32.4 -0.42 5.62 4.7928
18.35 -5.67 6.51 4.054
0 -8.55 3.72 1.5436
0 -12.7 2.59 3.145
0 -10.07 2.33 3.3397
2.7 -6.97 8.21 2.1124
1.9 -6.31 9.14 2.1167
0.05 -8.46 4.09 0.8803
0 -7.97 7.82 1.8728
0 -7.11 10.98 3.4891
0 -6.06 13.33 3.3059
0 -4.05 13.92 2.3225
0 -2.23 12.8 1.2391
0.125 -2.7 11.81 2.5031
12.5 -6.65 9.82 3.0754
8.925 -10.45 4.22 2.9603
0.625 -14.56 -1.19 0.5617
0.625 -13.75 -0.05 1.6312
0 -12.82 -1 2.6801
0 -12.53 0.77 1.478
0 -11.49 4.77 3.2456
0 -10.41 2.07 1.5115
0 -6.69 6.89 2.4194
0 -9.24 8.5 0.7495
0 -13.38 7.01 2.207
0 -2.48 8.66 2.6875
15.175 -2.62 9.17 3.3285
27.15 -10.81 4.58 3.577
17.425 -14.07 -3.44 5.5525
3.2 -13.75 -7.91 3.3918
7.35 -13.37 -3.72 4.7386
6.475 -20.26 -6.61 0.9696
0.525 -25 -8.44 3.3167
0 -18.51 -5.75 3.2366
11.275 -14.68 -2.75 3.1026
7.45 -18.86 -2.04 3.1433
0 -22.71 -8.14 1.9872
0.775 -19.2 -9.79 2.919
0 -18.05 -1.89 2.1273
0.05 -12.22 2.04 2.443
0 -2.34 4.55 1.767
0 -5.17 6.22 1.6436
14.575 -9.67 1.12 1.9122
10.125 -7.93 3.58 3.2035
0 -11.08 0.59 2.3898
1.125 -9.42 1.8 1.7794
1.85 -5.62 4.27 1.2017
0.275 -4.94 3.84 1.4968
0 -5.82 5.64 0.576
0 -10.65 7.53 2.21
0 -11.13 5.09 1.6055
7.65 -10.14 3.72 2.1481
6 -9.5 3.15 1.8702
4.15 -11.73 -2.54 2.5933
32.975 -10.85 -3.56 3.3708
65.725 -8.94 -4.69 5.413
68.65 -8.12 -1.63 6.4836
44.15 -11.29 -4 2.1766
19.9 -13 -9.77 1.9244
3.225 -15.48 -6.22 2.1633
1.675 -11.76 -4.9 0.4053
0.275 -13.03 -4.24 2.7763
16.525 -18.09 -3.37 5.06
8.175 -13.28 -3.26 2.0575
0 -15.91 -6.81 1.0846
25.025 -14.14 -5.9 2.2603
20.525 -12.6 -5.03 4.7991
0.75 -21.16 -5.02 2.9881
2.9 -22.09 -11.27 1.091
10.375 -20.15 -10.99 3.4237
12.8 -16.41 -11.1 4.4345
21.975 -14.79 -10.72 2.5531
0 -17.67 -7.08 2.9764
0 -20.81 -9.66 3.7302
0 -18.54 -10.4 5.4371
0 -17.44 -9.8 3.9864
0 -17.74 -9.37 1.7677
0 -18 -7.98 0.9623
0 -17.69 -2.68 3.3637
2.8 -17.55 -8.19 3.1247
2.825 -15.27 -5.48 1.492
0.075 -15.01 -3.73 1.5671
0.05 -14.9 -0.14 1.452
0 -13.76 -1.06 2.2882
0 -10.91 -0.86 1.1422
0 -9.08 1.71 0.6358
0 -13.58 0.48 2.076
0 -10.56 1.14 1.3317
0 -14.84 1.43 4.2813
0 -14.73 -0.99 3.5117
0 -13.48 -0.5 2.7564
0 -15.22 1.56 3.55
0 -14.64 -1.56 2.1461
0 -13.91 0.19 2.1077
0 -14.46 1.45 4.9109
0 -15.04 0.33 3.062
0 -14.42 -0.63 1.7412
2.325 -12.67 1.1 0.7535
7.35 -11.01 3.41 1.769
2.475 -13.97 -3.97 1.7869
0 -14.68 -3.04 2.2423
0 -21.6 -4.38 3.1112
0 -18.16 -4.29 2.1559
0 -14.67 -0.6 3.0349
0.025 -12.08 2.79 1.7465
0 -8.16 3.09 1.9672
0 -10.4 3.55 0.6878
0.15 -14.19 6.49 2.3431
0.1 -17.96 -3.42 3.6771
0 -18.29 -3.71 3.7966
0 -16.54 -1.67 3.791
0 -14.21 1.25 2.5346
0 -12.41 4.42 1.507
0.025 -8.89 4.43 3.168
7.275 -4.36 3.39 3.8584
25.9 -10.07 3.43 6.2947
14.1 -14.71 -6.62 4.1563
33.025 -12.2 -8.02 3.3018
29.625 -12.52 -3.53 4.3891
1.8 -22.37 -5.81 0.8679
0 -22.24 -6.86 1.2046
0 -18.92 -7.81 0.3897
0 -19.83 -3.44 0.214
4.025 -14 -4.27 2.4951
12.525 -12.51 -3.73 6.0407
18.025 -18.25 -7.75 0.5691
0 -21.5 -9.63 0.5223
0 -19.6 -5.25 2.1065
1.15 -17.28 -1.58 1.7455
2.725 -15.47 -0.96 3.3076
4.575 -9.8 1.46 2.0417
0.65 -15.94 -0.24 1.3868
0.5 -10.65 1.1 0.5977
6.675 -7.85 3.8 1.805
11.4 -8.98 0.25 4.6395
0.025 -11.77 -2.19 0.7609
0 -10.02 4.08 1.5469
0 -8.13 6.56 1.4857
0.175 -8.14 5.73 1.0619
0.1 -9.37 5.63 0.78
0.9 -10.54 5.2 0.8881
0.65 -7.01 2.98 1.1731
7.275 -6.57 6.23 1.3943
21.45 -5.56 7 3.2267
5.775 -12.98 1.41 0.9165
15 -10.2 -0.06 3.3095
37.65 -12.79 -3.37 5.0293
52.15 -10.64 -4.83 6.5038
10.85 -12.37 -6.77 2.8943
6.1 -15.34 -3.91 0.7963
15.025 -12.98 -4.71 4.2434
32.175 -13.77 -6.37 5.3292
19.75 -15.08 -5.41 4.3083
7.85 -12.03 -2.42 2.9216
2.9 -10.61 -2.4 1.7928
0 -9.39 3.06 0.5156
0 -10.92 4.52 0.993
0 -8.91 5.45 2.2424
0 -7.12 8.31 2.1679
0 -5.7 13.32 1.619
0 -2.24 15.44 1.6131
0 -9.3 9.68 1.2645
0.05 -9.56 5.89 2.0989
0 -6.16 11.74 1.5976
3.325 -7.92 10.58 1.37
4.1 -10.95 8.06 3.712
4.35 -17.57 -4.96 1.416
2.4 -14.55 -7.42 1.6218
0.1 -13.56 -2.03 0.6095
0 -9.86 4.39 1.4194
0 -10.02 6.83 1.3469
0.15 -8.12 6.72 3.1095
0.375 -13.02 -2.19 0.6137
0 -8.91 4.8 0.7681
0 -6.78 10.65 1.2591
0.025 -5.63 12.74 2.4135
0 -3.79 11.98 3.4051
0 -5.81 7.14 1.9437
0.25 -4.18 9.34 2.5257
6.675 -4.27 3.81 2.6987
3.875 -9.49 5.12 0.85
2.525 -7.82 4.78 1.6827
0.125 -5.4 4.44 2.918
0.65 -6.67 2.77 2.8009
0.025 -9.76 4.44 2.8555
0 -8.23 7.43 0.8779
0 -5.71 11.45 2.7213
0 -10.1 7.44 4.6848
0 -12.41 2.06 3.8549
0 -10.99 3.76 2.1349
0 -8.16 8.26 0.6963
0 -5.41 12.07 0.8602
0 -5.59 13.99 3.2128
0 -3.38 14.55 1.0199
0 -2.6 16.21 1.85
0 -0.4 15.27 2.2696
0.4 -3.03 11.86 3.4274
1.425 -9.9 4.5 3.6951
2.65 -10.6 -1.65 3.0713
0 -7.58 6.37 1.6831
0 -4.31 11.79 1.2617
0 -3.03 13.93 0.6637
2.3 -2.9 14.9 3.1614
5.65 -10.94 8.72 3.3437
1.85 -12.09 -2.07 1.1624
5.05 -8.5 1.65 3.4482
21.825 -9.49 1.1 2.6929
2.625 -7.96 1.15 3.8498
0.05 -8.24 5.71 1.9029
0 -3.13 12.06 1.8876
0 -3.38 11.78 2.7337
0 -5.56 10.25 4.3342
0 -7.88 7.99 2.427
0 -4.1 11.79 3.0173
0 -3.6 10.21 2.9754
0.5 -4 9.69 3.6019
1.675 -3.03 10.37 4.5308
3.95 -10.7 5.28 5.0882
0.775 -10.08 1.19 3.0581
0.45 -7.5 5.45 3.0986
0.15 -5.1 6.64 3.3407
0.6 -8.08 4.05 1.8846
0 -8.65 4.47 0.7411
14.625 -1.6 8.12 2.7197
15.4 -3.79 0.9 1.6762
4.65 -4.42 9.28 3.8652
0.525 -5.62 7.81 1.7653
0.425 -4.17 10.94 3.0517
0 -2.77 12.46 1.601
0 -1.62 15.58 2.0158
0 -1.74 15.38 2.9598
0 -0.67 14.06 2.5712
0 -0.3 15.72 2.799
0 0.92 17.4 1.3926
0 2.24 20.6 1.9587
0 1.67 20.5 2.5274
0 -1.92 15.94 1.0031
0 -1.21 14.94 3.072
0 0.74 17.8 2.1358
0 -1.14 15.62 0.1859
0 1.49 20.73 0.2952
0 3.76 22.19 2.4852
0 3.73 22.05 3.2698
0 0.42 19.43 2.8276
0 -0.9 19.26 2.7908
0 -0.47 18.61 2.1845
0 0.69 19.95 2.0968
10.975 3.43 21.03 3.021
22.75 0.1 16.38 2.7044
7.6 -3.24 8.78 2.1899
0 0.11 18.84 0.6195
0 2.24 22.65 0.969
0 4.13 24.31 0.9921
0 4.63 23.95 1.8457
0 4.87 23.09 1.8876
0 6.24 20.78 2.4098
0 5.07 21.63 2.9429
0 2.35 19.79 2.3676
0 2.34 21.49 2.6098
0 0.46 21.16 2.2955
0 1.97 20.38 2.5057
0 1.37 20.13 2.5393
0 1.41 19.64 3.2301
0 -0.1 18.12 2.6035
0 2.1 17.35 3.085
0 -0.19 17.13 3.1449
0 0.48 17.27 2.0739
0 0.31 18.88 1.6951
0 1.64 19.91 2.1137
0 1.21 20.64 1.1549
0 2.08 21.07 2.3439
0 2.96 22.37 2.9259
0 3.39 21.31 1.8244
0 4.44 23.1 2.1265
0 2.75 22.7 2.3107
0 0.61 21.78 1.8395
0 1.86 22.19 1.7417
0 3.32 20.75 1.3
0 6.33 22.77 2.0458
5.675 3.37 23.58 2.9406
4.85 3.42 20.66 2.1656
1.825 3.89 16.39 1.7097
0 2.74 20.38 2.03
0 2.69 20.77 2.1738
0 1.67 21.73 3.1368
0 2.04 20.25 2.2058
0 1.3 20.8 3.0987
0 0.92 21.31 2.4997
0 1.69 21.08 1.8588
0 1.76 22.46 1.8981
0 2.17 21.89 2.1649
0 2.03 21.81 2.6678
0 2.91 22.32 1.4501
0 4.49 22.18 1.4396
0 2.45 21.81 2.2391
0 3.96 20.76 1.5971
0 2.8 19.8 0.8939
0 3.25 21.1 1.4409
0 2.31 22.31 1.2007
0 3.22 23.78 2.4831
0 4.2 22.64 2.116
0 2.55 21.22 1.5761
0 2.55 20.71 1.1572
0 -1.72 19.7 1.0315
0 3.78 23.28 2.108
0 4.27 22.82 1.4465
0 3.28 21.89 1.0729
0 5.96 23.46 1.2457
0 6.38 23.4 1.6182
0 4.96 23.34 1.6418
0 3.91 23.31 2.0814
0 0.48 22.97 1.9984
0 0.82 20.9 0.7721
0 1 20.24 0.8599
0 1.03 20.68 0.9255
0 2.66 20.85 0.8371
0 6.11 21.07 1.8132
0 2.27 19.11 0.5344
0 1.39 20.45 0.9016
0 4.77 20.65 0.7095
0.4 3.16 19.54 1.9595
2.625 1.63 16.74 1.2339
4.725 2.37 16.34 1.3069
15.025 0.5 11.97 1.2536
4.9 2.05 14.02 0.6395
7.9 -0.34 15.87 0.9346
0 0.75 15.18 2.4856
0 1.85 16.49 2.0696
0 -0.04 14.22 1.5925
0 0.11 15.64 0.239
2.275 0.68 18.17 0.3682
1.6 1.95 19.91 0.8811
0 0.57 19.52 0.4299
3.65 1.61 20.14 0.5205
0 3.48 19.66 0.8819
0.375 2.63 21.04 1.6913
6.475 0.53 16.15 2.3759
0.05 -1.34 13.66 1.5505
0 0.07 16.67 0.4537
0 0.4 18.85 0.6915
0 1.9 18.27 1.0426
0.025 -0.06 19.27 1.6865
0 2.66 19.01 2.7012
0 4.53 15.81 2.1849
0 1.58 15.57 2.3848
20.775 -2.12 11.15 2.4906
27.725 -6.65 8.33 4.1214
8.65 -8.03 1.88 0.6231
1.775 -10.14 2.04 1.0257
0 -7.46 6.12 1.2903
0 -6.55 8.48 1.4661
0.15 -3.99 10.44 1.7864
2.325 -2.61 8.85 1.7813
0 -4.18 13.66 0.9305
0 -3.27 15.41 0.7123
0 -3.39 17.67 0.7619
0 -2.97 18.26 1.3347
0 -1.53 14.74 1.9017
0 -2.29 13.82 2.0164
0 -3.33 12.8 2.1837
0 -2.82 14.6 0.5957
0 -4.05 12.81 0.6287
0 -4.75 13.18 0.3713
0 -4.24 12.79 2.3246
0 -5.87 13.98 1.9623
0 -4.19 14.17 2.5359
0 -5.05 10.95 1.4094
0 -10.17 8.17 3.9621
0 -10.07 3.4 3.4904
0 -9.49 7.6 2.2934
0 -8.85 9.74 0.8183
0 -8.54 11.15 2.3997
0 -8.17 11.48 0.2555
0 -6.83 11.3 3.3637
0 -10.8 3.81 4.1498
1.2 -11.95 4.88 4.1423
9.35 -12.05 6.34 1.9865
3.95 -15.56 -5.4 0.3704
8.85 -12.93 -3.78 1.5371
0.2 -12.44 -3.81 1.0776
0 -13.85 -3.53 2.4319
0 -13.58 -0.81 3.4069
0 -12.87 2.29 2.9677
1.725 -9.54 1.01 3.1117
2.325 -6.83 -0.88 1.0777
0 -9.21 3.06 0.265
0 -7.69 5.21 0.4805
0 -10.28 5.88 0.4934
0 -10.89 7.32 0.8559
0 -10.94 5.43 1.3705
0 -10.55 6.03 3.6812
0.175 -10.19 1.82 2.3092
1.5 -10.27 -0.22 3.7551
1.925 -14.25 -3.79 1.4549
0 -13.34 -1.24 2.0996
0.15 -11.41 3.11 3.4246
0 -8.6 6.28 2.3299
0 -11 3.57 0.8211
0 -12.08 4.83 3.0101
0 -9.6 6.02 2.4012
0 -10.22 6.03 1.0831
0 -10.87 7.34 2.0412
0 -10.32 6.86 3.1417
0 -12.65 1.4 9.5073
0 -15.49 -6.05 4.0688
0 -17.39 -1.03 4.6634
0 -17.99 -5.02 2.6587
0 -16.83 -0.33 3.5233
0 -17.66 -2.86 2.9921
0 -15.91 -1.17 3.6904
0 -14.95 0.99 4.0949
0 -17.46 1.48 4.3609
0 -16.5 -0.42 3.2272
0 -16.43 -1.71 1.3355
0 -17.65 -2.04 1.6512
0 -17.44 -5.63 1.4393
0 -17.48 -3.5 1.0746
0 -14.35 -2.41 0.956
0 -13.12 -4.25 6.0538
0 -15.32 -2.14 5.0158
0 -16.81 -1.19 2.5608
0 -12.23 1.51 4.7131
0 -17.85 -1.68 4.7802
0 -15.41 -3.56 3.3988
0 -21.12 0.21 4.5814
0 -20.41 -3.24 3.881
0 -18.88 -1.79 4.8437
0 -17.92 0.16 3.1681
0 -16.32 1.72 1.3963
0 -14.49 4.07 1.145
0 -14.22 1.41 1.082
0 -9.58 6.87 0.9881
0 -10.02 5.56 1.4128
0 -12.48 6.49 2.3807
