0.775 0.42 11.86 1.5781
6.325 -0.3 8.77 1.2262
3.3 -1.83 9.36 1.7162
0.775 -4.41 6.48 3.9254
2.125 -4.03 6.63 1.8466
0.95 1.47 3.95 0.3963
0 0.82 8.06 1.5094
0 2.55 10.86 0.8125
0 0.9 12.86 4.2747
0 0.24 12.37 3.4685
0 0.73 15.67 2.4992
0 2.58 15.95 5.4486
0 3.75 17.42 4.0222
0 0.35 18.77 3.6901
0 1.11 19.22 3.9488
0 1.26 19.97 4.9393
0 1.99 18.44 4.2484
0 2.07 18.19 4.7513
0 2.22 18.13 4.8946
0.075 2.02 17.44 3.455
9.55 3.01 17.83 2.7195
20.975 7.2 16.6 2.1232
36.475 8.14 11.13 1.667
37.9 6.53 11.38 2.3289
10.65 1.8 9.17 3.4081
2.15 -3.42 3.11 0.9117
0.3 -4.56 5.79 1.2946
0 -3.63 7.66 1.5291
0 -0.34 11.25 4.1721
0 0.13 15.25 4.4688
0 2.02 17.44 3.0548
0 1.88 16.85 3.0822
0 1.2 14 4.0025
0 0.8 18.45 3.8083
0 3.46 19.93 3.0015
3.8 4.37 18.98 2.6325
6.5 3.86 10.15 3.0447
2.35 1.88 9.65 2.7767
13.475 1.41 11.22 1.311
8.175 -1.44 8.83 3.4706
2.925 -6.76 4.57 0.4003
8.05 -5.75 5.91 2.5975
4.775 -1.48 6.45 1.3954
13.75 -2.15 6.65 3.09
7.375 -0.94 4.12 3.6018
2.2 0.87 6.83 6.0809
17.5 1.73 6.61 5.5249
13.75 1.4 5.84 4.4689
2.475 -0.94 4.1 1.4377
0 -1.99 9.04 3.5139
0 -1.08 13.46 2.7049
4.775 -0.65 14.64 3.7882
16.625 -0.47 13.13 3.8666
12.375 5.78 8.68 2.7865
2.75 3.13 9.62 1.5148
1.1 3.54 15.12 1.4991
0.55 2.94 10.63 2.4136
0.075 0.02 12.96 0.3776
0.025 0.98 14.38 3.6337
10.825 4.05 16.09 2.8308
29.15 6.58 12.3 4.0496
47.075 4.79 12.21 4.9225
19.325 1.12 7.91 2.7829
0.55 -2.87 7.47 0.9518
0.3 -1.72 8.8 1.8698
0 -3.12 7.64 0.345
0 -3.52 11.48 1.3817
0 -0.26 13.51 2.6367
0 -3.8 8.71 0.4715
0 -3.57 11.72 0.584
0 -0.19 13.4 1.9937
0 -0.02 15.59 2.1858
0 0.66 16.94 1.3348
0 1.46 13.85 2.2751
0 3.29 15.67 2.6462
0 3.67 17.81 1.107
0 4.13 18.79 1.2387
0 5.27 20.49 1.0663
0.15 4.41 21.25 0.7942
16.55 5.15 20.59 1.7547
11.65 0.81 13.61 4.0498
1.1 -4.35 5.89 2.2733
0 -3.16 9.66 1.9285
0 -0.74 15.38 0.6931
0 1.16 17.41 1.9774
0 4.11 20.03 2.031
0 4.3 19.7 1.4175
0 4.37 21.15 3.3947
0 0.66 15.4 1.9976
0 0.65 15.56 0.4019
0 2.74 17.81 2.7553
0 3.88 20.77 2.5628
0 2.22 17.03 5.2088
0 -1.49 12.38 1.9664
0 -0.68 15.82 2.6703
0 1.72 20.18 2.0989
10.5 3.37 22.77 1.2147
12.85 2.58 18.09 2.9023
9.55 2.19 9.47 1.7308
3.85 2.85 10.09 2.3269
0.375 1.34 10.56 3.7365
0 2.29 14.16 1.64
0 3.43 18.08 2.2835
0 4.77 18.24 4.8552
0 -2.93 11.14 5.8599
0 -1.61 9.87 3.0347
0 0.62 16.66 1.5389
0 3.25 21.03 2.6764
0 5.39 24.15 2.655
0 9.13 28.1 1.5177
0 10.58 29.58 1.2025
0 10.78 30.43 1.9081
0.075 8.88 29.35 2.5337
0.825 7.04 22.84 3.2767
0.475 -0.05 12.46 3.4316
0 1.33 16.16 2.0439
0 3.25 18.32 2.3305
0 1.31 17.13 3.1012
0 0.61 14.58 1.7441
1.275 2.57 17.38 1.9543
48.025 5.36 20.55 1.814
30.375 8.32 17.54 2.4293
6.075 8.35 13.84 3.57
3.575 7.06 15.78 1.8237
0.65 9.53 18.9 3.558
0 7.91 21.74 2.034
0 7.98 24.27 2.975
0 8.6 23.81 1.8386
0 8.34 24.91 1.549
0 8.77 25.39 1.2014
0 9.02 26.96 3.0585
0 7.34 25.65 3.3293
0 7.45 23.4 2.7373
0 8.07 24.77 3.2146
0 9.34 25.07 1.9989
0 11.41 27.92 1.4805
0 14.61 32.88 0.3162
0.525 15.02 34.94 2.2681
0.3 14.15 34.03 2.518
0 10.61 28.21 1.5917
0 9.89 27.1 1.0495
0 10.8 28.18 2.4771
0 10.96 28.22 3.0139
0 9.55 26.96 2.7824
0 8.6 25.83 2.0812
0 10.74 26.7 1.5275
0 12.2 28.97 0.9907
0.2 13.66 31.24 2.095
0.125 13.6 30.81 2.5266
5.05 14.75 30.31 3.1351
3.025 12.97 27.45 2.2772
0 12.71 27.72 2.1679
0 11.72 25.04 2.3178
0.65 11.88 23.9 0.4592
7 9.58 23.55 2.1569
6.05 7.15 20.94 3.3182
3.65 5.69 15 2.1548
1.4 7.05 17.19 2.675
0 8.43 22.35 2.6031
0 9.16 24 3.4206
0 9.13 22.92 3.055
0 7.88 21.54 3.3884
1.225 8.87 23.26 2.4496
1.2 10.69 21.09 3.5184
0.275 8.25 21.69 2.4175
0 8.45 22.67 2.48
0 9.38 22.86 2.6005
0 11.33 24.32 3.1074
0 11.76 26.94 1.9591
0 13.17 30.76 2.7581
0 9.88 30.04 3.2272
0 7.87 25.14 3.2926
0 8.78 23.53 1.3702
0 10.61 27.24 0.6674
0 12.73 30.96 1.5559
0 13.9 33.13 2.6969
0 13.04 31.06 1.8066
0 14.37 31.51 0.9251
0 15.12 36.14 0.7374
0.225 17.09 37.45 2.9043
0.125 16.55 37.26 2.8501
0 15.86 33.63 2.2709
0 16.39 34.41 1.8016
0 14.83 33.46 2.8093
0 14.13 33.58 2.5083
0 13.6 31.73 2.7264
0 12.72 30.63 2.5026
0 10.85 29.48 2.717
0 10.18 28.84 2.6066
0 10.91 28.52 2.6181
0 11.13 28.9 1.9574
0 12.5 30.13 1.7922
0 14.54 31 2.2308
0 14.02 31.23 1.501
0 14.23 33.36 0.6613
0 15.06 34.15 1.5615
0 16.18 36.29 1.8676
0 17.18 36.24 1.7527
0 18.26 37.31 2.0208
0 18.26 37.74 1.5745
0 18.69 38.38 2.4356
0 16.78 36.88 2.544
0 15.81 35.01 2.3826
0 16.97 35.08 2.0906
0 16.3 34.41 2.1099
0 15.29 33.74 2.2019
0 15.27 34.48 1.9529
0 17.15 36.14 1.8793
0 18.15 36.61 2.2155
0 18 35.55 2.9111
0 18.21 34.35 2.649
0 17.07 34.34 2.7525
0 16.87 33.58 2.5722
0 15.99 33.43 2.9493
0 13.44 31.1 2.4997
0 13.74 30.42 2.0368
0 14.57 31.28 2.2905
0 11.72 29.54 2.9811
0 8.53 22.09 1.9109
0 10.34 24.19 1.483
0 12.64 29 0.5442
0 14.73 31.84 1.258
0 15.96 34.11 2.9786
0 15.46 35.18 2.7853
0 14.5 33.83 3.0712
0 13.17 31.62 3.161
0 10.66 29.69 1.5017
0 10.93 29.45 0.4941
0 13.26 31.45 0.8236
0 14.53 33.24 0.8733
0 15.7 35.19 1.3178
0 16.47 35.37 2.2378
0 17.11 34.86 2.2004
1.125 16.65 36.66 2.2794
1.2 14.98 32.71 2.891
0.3 13.46 28.9 1.5913
0 12.88 29.55 1.504
0 12.56 31.22 0.4356
0 12.71 32.78 1.5441
0 14 33.2 1.3788
0 14.91 33.56 1.3908
0 14.76 35.28 2.6721
0 15.98 33.94 1.6881
0 15.19 32.69 0.7449
0 15.1 33.71 0.3818
0 15.93 34.67 1.5732
0 15.52 34.57 2.2932
0 12.66 32.47 2.0682
0 11.54 29.74 2.0309
0 11.09 27.24 1.6588
0 11.24 28.13 0.4778
0 11.95 29.21 0.973
0 13.85 31.89 0.4171
0 14.31 33.72 0.9977
0.125 15.99 35.55 1.813
0.45 13.61 31.76 2.1545
0.6 11.58 25.46 2.6818
0.175 10.06 22.48 1.5861
0 10.67 27.42 1.517
0 13.02 30.04 0.5148
0 13.51 31.11 1.0094
0 14.34 34.21 2.0574
0 13.14 32.25 0.9543
0 14 30.92 2.1587
0 14.17 33.7 2.2447
0 14.06 34.16 1.3472
0 13.24 33.66 0.715
0 13.27 33.1 0.7982
0 14.66 34.67 1.172
0 14.07 35.69 0.4391
0 14.43 35.72 1.9974
0 14.05 31.48 2.4977
0 3.8 18.57 2.3681
0 4.28 21.62 2.415
0 6.06 24.2 0.7573
0.525 7.39 24.93 3.1539
0.5 3.34 20.45 3.4165
0.1 0.71 11.8 0.3159
0 0.75 17.22 2.7294
0 3.35 20.45 1.3905
0 4.83 21.1 1.3513
0 5.65 22.91 0.692
0 6.74 23.54 0.495
0 5.29 23.76 1.8299
8.575 6.85 22.28 1.9419
47.45 6.36 16.35 6.7457
25.65 9.26 14.67 4.3098
0.7 11.05 18.36 0.9676
0 10.3 23.88 2.2034
0 9.56 24.62 1.0484
0 12.75 28.22 1.693
0.8 9.31 22.92 2.1595
0.45 3.59 15.83 1.8237
0 3.92 17.02 1.0524
0 5.49 20.54 0.6215
0 6.45 21.71 1.1197
0 8.53 23.42 1.2449
0 7.78 21.67 1.684
0 7.36 22.03 1.1368
0 7.27 23.16 4.449
0 2.78 15.51 4.8901
0 0.17 13.04 0.7462
0 0.32 14.09 0.0995
0 3.33 19.72 0.8329
0 5.33 21.79 0.8774
0 7.67 22.9 1.2532
0 7.72 24.62 1.1378
0 7.38 25.49 1.7428
0 6.16 24.15 2.3226
0 4.09 18.35 0.5931
0 4.27 17.92 1.6564
0 2.18 15.78 1.8793
0 2.57 16.39 1.1155
0 3.8 17.16 0.7235
4.225 5.87 17.44 0.3474
4.2 4.6 15.99 1.9965
0.925 -0.08 9.82 1.3119
0 0 11.39 1.1172
0 0.25 12.56 2.799
0 0.95 14.59 2.0672
0.725 2.54 17.53 1.4529
0.35 2.53 18.07 1.8448
0.475 0.74 13.45 2.2961
7.625 0.93 15.39 3.6188
3.95 0.97 14.15 1.1341
0 1.26 10.79 0.4859
0 0.75 13.43 2.1532
0 1.79 13.52 3.6663
0 2.63 15.78 3.9505
0.65 2.72 17.74 2.5622
1.975 3.32 18.39 1.0527
0.875 1.6 11.92 5.0569
0 1.45 12.19 4.905
0 1.38 12.63 3.9431
0 1.6 15.86 1.6617
0 0.74 15.15 2.1425
0 -0.57 15.78 2.073
0 0.07 13.24 2.0817
0.025 -0.04 14.23 1.0913
15.075 -2.34 9.78 2.1866
15.925 -2.51 5.44 0.8094
3.925 -8.91 1.89 0.6757
0 -8.2 2.11 1.9589
7.6 -6.53 4.62 3.2251
33.75 -0.22 7.82 2.921
53.925 4.11 8.53 3.7828
29.35 2.84 8.64 4.1771
4.225 1.89 5.7 0.71
0 0.12 7.84 3.2312
0 2.16 10.92 2.6419
0 2.62 11.96 2.2641
0 2.03 12.93 2.7815
0 2.2 10.31 4.1391
1.1 2.43 12.85 2.89
14.175 3.27 14.81 1.7906
9.875 0.11 10.37 3.6563
0.1 -4.06 6.04 2.4258
0 -1.4 9.18 3.9735
0 -0.84 11.12 3.9812
6.375 -0.41 12.26 4.1251
4.425 0.08 10.07 2.0512
2.45 0.2 8.32 3.0667
7.675 0.1 8.42 0.7914
3.825 2.62 8.17 1.489
0.025 1.13 7.71 2.6265
0 1.28 10.53 2.146
0 1.74 11.17 1.2089
0 1.19 13.07 3.9674
0 0.06 14.83 2.921
0 1.26 15.37 2.7532
0 1.53 13.1 3.1044
0 2.23 13.82 2.674
0.45 3.4 14.27 3.0212
1.15 4.11 14.54 2.3904
0.525 4.35 11.77 2.4437
0.95 4.35 11.16 3.2115
16.725 4.36 16.44 4.5324
9.6 4.19 12.29 2.039
0.15 -0.92 10.16 1.3284
0 0.57 11.9 3.3323
0.95 1.67 14.61 2.2685
12.85 1.75 14.63 2.6845
25.775 3.59 10.82 4.8469
24.45 4.12 7.52 5.6174
29.025 1.63 5.96 6.5686
27.4 -0.11 5.47 3.9871
16.575 -0.69 4.54 3.7931
4.6 -1.73 2.77 0.9827
1.25 -2.96 6.7 2.4047
2.475 -1.52 6.39 4.1208
0.975 2.8 7.85 2.9962
0 0.53 10.35 1.3142
0 -0.78 11.46 2.7828
1.4 0.81 11.02 3.2323
1.225 1.73 12.66 1.3471
0.2 -1.87 10.78 1.2019
0 -2.7 10.97 1.7545
0 0.37 11.99 2.066
0 1.61 12.15 0.6387
6.575 1.78 12.82 2.9043
9.675 3.51 11.39 3.4183
10.35 4.59 9.37 1.6914
3.75 2.44 6.76 2.5114
1.275 1.57 6.83 1.345
1.85 2.01 7.92 2.0477
0.6 -1.26 7.16 0.6137
0 -0.9 9.37 1.1657
0 1.95 10.64 1.2753
0 1.38 14.34 1.4739
0 2.3 15.9 1.5533
0 1.85 16.85 1.0813
0 3.33 16.25 1.7049
0 3.85 17.27 2.4383
0 3.06 19 1.0143
0.775 2.25 17.08 1.1704
3.2 4.01 12.36 2.2438
10.275 2.87 9.11 2.9362
5.075 -2.76 5.77 2.1813
21.125 -2.08 10.93 3.8011
16 1.81 8.74 2.7368
2.15 -0.31 8.9 0.8202
20.725 0.79 13.46 4.5343
12.825 3.52 13.05 1.322
0.6 0.99 8.14 0.4303
0.7 1.48 13.65 2.279
9.3 3.94 15.72 2.677
20.225 3.38 8.06 3.2823
8.6 -0.5 6.69 2.882
0.125 -2.28 6.64 1.3205
0.025 -0.15 10.57 2.4853
0.275 0.08 13.46 0.9975
2.275 3.35 13.17 2.5599
3.75 -4.73 6.49 3.7534
1.375 -2.89 8.18 2.145
0 -2.61 7.12 0.3816
19.775 -0.86 12.71 2.1403
11.325 -1.21 11.91 2.4497
0 -1.72 10.83 2.5589
0 -0.78 14.28 3.7151
0 1.96 20.01 1.3433
0 4.15 21.28 0.8205
0 4.56 21.3 2.866
0 -0.22 20.77 2.1552
0 3.79 22.69 1.9121
0 4.21 21.18 0.426
0 3.36 19.33 1.5428
0 2.13 18.24 2.0045
0.775 2.14 18.88 1.9614
2.6 2.79 19.3 2.2966
1.225 -0.68 12.18 2.3276
0 0.69 15.27 2.6814
0 1.48 18.29 1.1448
4.6 3.5 19.96 2.4916
14.725 3.68 19.46 5.3171
7.475 0.22 8.42 2.8566
1.325 -2.63 8.52 0.8229
8.425 -1.45 10.77 2.1652
4.525 -0.07 8.52 1.8908
25.35 -0.19 8.99 2.783
14.55 -0.39 7.71 3.0506
0 -1.53 7.85 0.7703
0 -0.54 13.24 2.1749
0 1.83 18.01 0.5689
0 3.43 19.21 1.2944
0.9 4.17 18.86 1.9783
19.15 3.9 12.98 4.1911
19.55 2.38 8.74 4.5191
4.725 0.38 6.92 1.0828
0 1.15 12.8 0.6747
0 2.15 14.1 0.811
0 3.21 18.55 2.2482
0 3.2 18.4 1.4313
0 3.78 20.57 1.1679
5.25 5.64 22.32 1.6086
20.775 6.56 20.07 2.5546
13.325 0.76 9.83 3.1642
1.95 2.14 5.48 1.8944
0.075 3.32 8.51 1.3109
0 4.61 19.37 0.9086
0 7.21 21.47 1.288
0 7.16 24.33 0.7959
9.725 7.8 24.22 4.0587
10.3 2.01 13.42 4.8587
2.875 -0.32 8.01 3.7607
0.05 -0.88 9.91 3.3674
0 1.52 15.69 1.9583
0 3.24 19.2 1.9008
0 5.21 22.96 0.9577
0 6.81 24.32 2.1334
0 5.83 22.68 3.6723
0 3.1 18.56 2.2568
0 2.22 18.78 0.7357
0.075 4.36 21.16 2.777
2.425 4.64 19.78 3.6845
12.825 3.64 11.53 3.1335
6.4 -1.47 9.5 3.896
0 -0.15 13.16 2.1055
0.025 3.96 19.27 1.0137
0.025 5.69 22.18 0.6684
0 6.93 23.7 0.5538
1.25 9.26 25.38 1.2583
3.825 10.66 24.96 1.9175
1.825 6.5 17.12 1.7228
0.175 8.02 18.54 1.6072
0.1 9.14 20.78 3.4196
0.275 4.14 20.79 4.313
0.25 0.83 14.15 3.629
0.1 1.28 11.26 4.1495
1.4 3.16 15.3 2.3076
7.775 2.7 14.74 1.5369
9.25 5.15 16.73 2.8709
8.65 5.25 14.14 2.3535
2.975 1.85 12.99 3.3801
0 2.69 14.96 1.8307
0 5.52 22.22 0.6586
0 9.73 25.87 2.5225
0 11.68 24.77 2.9639
0 9.87 23.22 2.5173
0 10.78 25.04 2.5962
0 12.61 25.84 2.6367
0 12.75 26.49 1.9982
0 13.85 29.96 2.9384
0 12.38 30.34 3.1305
0 11.92 27.8 2.6309
0 11.17 27.79 3.7501
0 6.5 24.09 4.6502
0 7.18 20.29 5.044
0 10.39 23.9 3.722
0 10.6 27.27 1.0066
0 11.7 28.34 1.7795
0 12.19 30.56 2.8584
0 8.37 27.9 3.0886
0 7.34 23.74 1.3198
0 8.17 27.06 2.4221
0 8 25.29 3.1375
0 7.06 22.83 2.6107
0 8.35 24.81 1.7704
0 9.49 25.68 1.1198
0 11.5 29.01 1.9115
0.65 12.56 30.17 2.1706
0.325 13.72 27.39 2.7582
0 12.79 27.27 2.5016
0 14.67 30.17 1.0849
0 16.65 34.11 1.6601
0 16.16 36.3 3.0699
0 13.6 32.44 2.9524
0 11.01 30.23 2.6992
0 10.81 29.13 2.8558
0 12.41 28.07 2.2162
0 11.5 28.57 0.9933
0 12.72 31.17 1.9558
0 13.8 32.94 2.52
0 14.38 30.83 2.4219
0 14.44 31.24 2.4474
0 15.93 32.45 2.2332
0 15.51 33.12 1.8343
0 16.28 34.53 2.2643
0 17.12 33.69 3.1839
0 16.73 32.37 3.2267
0 15.49 30.63 1.8271
0 16.14 32.55 1.481
0 18 35.54 2.6663
0 18.27 36.67 2.744
0 17.37 36.21 2.5818
0 15.57 36.54 2.0957
0 15.62 35.16 2.0427
0 15.29 33.34 2.4245
0 14.34 32.01 1.0252
0 14.95 32.25 2.2837
0 15.8 33.37 2.1551
0 17.11 35.23 2.6417
0 17 34.19 2.7502
0 15.77 31.08 1.9401
0 13.36 29.92 2.354
0 14.07 31.27 2.1105
0 13.59 31.96 2.3403
0 13.68 31.7 2.3324
0 12.95 31.24 2.0326
0 13.27 31.3 2.3817
0 12.23 32.07 1.4712
0 13.08 32.42 1.9514
0 13.62 32.29 2.0141
0 12.99 31.24 2.0639
0 13.17 31.03 2.5128
0.1 13.52 30.51 2.8498
0.05 13.12 28.74 1.9878
0 12.57 29.08 1.8766
0 12.56 29.36 2.2225
0 11.51 26.99 1.1028
0 12.22 29.01 1.4799
0 14.08 30.51 2.4146
0 13.94 30.69 2.8339
0 13.83 31.24 1.1856
0 14.45 33.37 1.5447
0 14.41 33.69 1.6672
0 12.35 32.08 1.9333
0 12.98 32.28 2.2535
0 13.56 33.24 1.8316
0 11.12 30.25 1.7319
0 11.41 28.41 2.3714
0 12.26 33.25 1.9755
0 16.41 37.61 0.5685
0 18.56 38.8 2.2074
0 14.91 35.2 2.3847
0 10.63 31.31 2.7709
0 8.62 19.96 2.2753
0 8.04 21.14 2.476
0 8.7 23.45 1.3618
0 10.28 27.01 0.7282
0 13.22 31.46 0.3817
0 14.17 34.38 1.2497
0 14.11 34.51 1.1879
0 15.58 34.4 2.0197
0 12.48 31.51 1.2686
0 12.64 31.37 2.277
0.025 10.93 30 2.8092
0 6.33 16.09 2.0069
0 6.18 21.81 0.6613
0 7.86 25.68 0.6288
0 10.95 29.6 1.0102
0 11.35 29.9 1.6414
0 10.39 27.65 1.4227
0 10.34 27.67 1.013
0 10.51 28.07 1.6878
0 10.68 28.67 1.5705
0 11.06 27.93 1.4911
0 10.88 27.28 1.3669
0 9.09 24.52 1.2603
0 8.88 25.79 1.0744
0 8.39 23.77 2.6999
0 7.76 21.07 1.1296
0 8.15 25.97 0.5761
0 11.19 29.52 0.9427
0 15.67 34.01 0.5349
0 13.22 33.97 1.143
0 15.11 35.33 0.6263
0 15.61 36.72 0.5477
0 15.31 35.61 0.341
0.025 15.18 32.65 0.4543
4.625 15.24 30.36 1.2325
19.8 14.09 30.28 1.5761
15.15 11.19 21.58 1.5054
1.1 10.33 15.1 1.0229
1.75 6.64 15.76 0.7666
2.875 6.65 17.6 2.0469
0.175 5.74 16.64 0.8151
0 7.11 21.16 1.9131
0 8.89 23 1.6465
0 10.49 25.78 1.5195
0 11.65 26.67 2.2328
0 11.95 29.08 1.5109
0 11.99 29.23 0.6579
0 11.55 29.24 0.54
0 11.45 28.95 1.0907
2.725 12.02 24.74 0.9165
1.4 7.79 19.55 1.0891
0 8.1 18.33 1.6403
0 8.1 23.76 0.8936
0 9.31 22.72 1.9031
3 7.49 19.87 1.6267
21.55 8.76 18.85 1.6401
51.05 9.82 13.27 4.7212
23.525 5.16 13.38 3.5056
0.075 3.16 14.6 1.6443
0 1.21 15.45 2.8963
0 0.67 15.92 3.3699
3.35 6.98 20.28 2.1557
3.55 6.77 20.5 1.8539
0.875 4.26 11.18 0.9317
0 4.75 17.83 1.865
0 5.54 19.83 3.0673
0 7.96 22.56 2.8203
0 9.86 25.65 1.8711
0 9.93 25.81 1.1217
0.325 8.95 24.79 2.1363
17.225 7.54 20.86 3.1042
10.725 1.96 10.56 2.6087
2.4 -0.19 10.48 0.6325
1.675 1.24 11.94 1.6409
0.05 0.1 10.24 2.463
0 1.93 13.7 1.4703
0 1.97 15.09 3.0641
0 4.24 16.42 1.6497
0 5.45 18.62 2.5758
0 5.09 19.28 1.1209
0 4.54 18.31 2.0662
0 3.5 18.94 1.9145
20 3.85 18.26 2.5703
26.9 0.45 9.97 3.1305
21.85 -0.82 5.25 5.0649
12.925 -0.37 4.41 3.0405
15.6 0.95 5.97 4.0322
7.075 -4.61 3.3 1.1941
0 -5.26 5.01 3.2784
0 -4.93 5.17 3.3379
12.65 -2 9.19 2.6979
8.225 -4.06 4.88 2.5317
0 -6.66 4.81 2.3851
0 -4.53 5.58 3.0719
0 -0.81 9.04 2.2996
0.025 0.17 12.78 2.6278
0.15 4.04 10.14 1.4729
1.85 4.67 12.35 2.1881
18.675 4.71 10.97 2.3864
9.15 4.24 14.44 3.3829
0 1.92 11.68 2.2797
5.575 3.13 14.12 2.015
5.975 4.74 11.93 1.0563
1.45 5.99 11.8 1.3724
0.05 4.19 13.7 0.4316
0 3.85 14.97 2.3275
0 3.65 14.5 1.3756
23.425 3.7 12.81 1.7777
14.15 1.74 9.88 1.5526
4.225 -0.94 8.48 2.4611
53.45 -1.13 8.15 3.5643
71.85 3.56 8.47 5.2267
55.2 5.3 9.99 5.9431
23 2.07 11.69 2.3292
9.675 1.45 3.35 2.5657
8.05 1.69 7.18 2.2676
3.6 2.6 7.33 0.4336
0 1.03 9.6 2.9773
20.575 1.05 12.21 5.3777
12 0.41 11.53 1.9974
0.025 -0.26 6.91 0.9272
56.1 0.07 8.73 2.3047
37.5 2.36 7.33 4.3872
3.2 -6.42 5.16 2.4032
2.725 -7.4 2.71 1.521
20.525 -6.83 3.73 4.2622
18.175 -2.6 4.91 4.8798
6.575 -0.48 4.91 2.5442
0 -2.81 5.65 3.2425
0 -2.39 7.88 3.8756
0 -0.79 9.51 5.2378
0 -0.73 9.61 3.6397
0 -1.42 10.18 1.8872
0 -1.47 7.34 1.3227
0 -3.68 4.76 3.1619
3.325 -2.51 6.82 3.3883
2.875 2.03 10.46 2.0612
0.65 1.6 12.37 1.6733
0.4 2.68 10.18 1.3109
0 0.92 13.19 2.6424
0 3.26 13.67 0.9148
0 4.03 14.04 0.7486
0 3.92 13.6 2.4332
0 1.63 12.84 1.4358
0 1.21 14.08 4.2176
0 1.43 15.58 3.7791
0 1.83 15.75 2.81
0 1.72 17.27 3.9837
0 1.72 16.71 1.9676
0 2.39 16 2.2299
0 2.59 16.59 4.9764
0 2.48 18.21 3.4205
0 2.37 17.95 1.8182
7.45 1.24 16.64 0.5338
8.725 0.56 13.69 1.8281
2.35 -0.67 7 1.4049
0 -0.94 9.08 1.7916
0 -1.87 11.32 3.0113
0 -1.7 11.92 2.0723
0 -0.55 12.48 2.6597
0 2.68 15.9 1.7172
0 1.3 16.66 1.9557
0 3.75 18.72 0.6389
0 0.26 18.06 2.2227
0 -2.07 12.05 3.5421
0 -2.48 11.73 3.7778
0 -1.44 13.13 3.9161
0 0.22 16.73 2.8123
0 0.66 19.18 1.1928
0.225 0.71 18.75 3.6241
12.475 3.47 12.63 4.3794
14.2 2.22 12.66 5.822
25.2 -0.72 4.11 4.6279
35.725 -0.8 3.5 2.9243
14.1 -1.09 6.01 3.4949
1.1 -4.53 5.31 0.7825
0 -4.31 6.79 1.1547
0 -4.61 6.53 0.4401
0 -3.72 10.09 0.5368
6.85 -2.29 9.2 2.2699
14.6 -0.34 6.68 5.502
5.925 -5.72 3.85 0.9284
0 -6.77 2.71 0.4266
0 -6.22 7.43 2.2064
5.675 -4.73 11.01 1.755
15.375 -1.2 12.35 3.7153
7.625 4.2 11.7 1.3551
0.45 -0.85 11.84 1.4649
5.725 0.22 14.34 0.6058
27.875 2.2 16.14 1.7117
16.925 3.53 8.45 4.3179
0.25 -0.13 8.92 0.5074
0 1.23 14.51 1.4768
0 3.29 17.39 0.8613
0.125 2.44 16.49 1.2554
0.075 2.24 13.72 0.6148
5.575 2.71 15.14 1.0731
4 4.72 13.27 1.1186
23.4 5.39 16.35 1.2664
19.4 6.26 17.19 2.4198
1.8 -0.85 9.87 1.0196
22.5 -1.16 12.25 3.4608
40.675 -0.57 8.46 4.8092
58.575 0.8 5.59 5.6291
31.325 -0.45 4.42 2.4348
7.55 -0.93 6.99 1.2592
15.275 0.02 9.82 4.9832
34.25 1.18 6.26 5.4775
22.8 -1.91 4 3.8845
16.2 -0.53 7.81 3.0486
8.25 2.12 5.48 1.4501
0.2 2.42 10.01 0.6832
0 1.77 13.92 1.3984
0 2.81 15.72 2.0789
0 5.01 18.63 2.3818
0 6.02 23.82 1.7672
0 6.7 25.61 0.9805
0 3.05 19.58 1.4835
0 2.99 18.04 1.8558
0 3.87 21.37 1.3895
1.725 3.86 21.08 1.7116
8.375 1.73 19.43 3.4594
4.975 -3.11 5.63 1.499
0.55 -3.6 5.71 1.3751
0 -3.1 10.91 0.5183
0 -0.61 14.84 1.6473
0 1.6 15.95 1.5338
0.675 1.83 16.5 2.6961
0.4 -0.92 9.23 0.607
0 -1.03 15.47 0.7705
0 3.21 20.1 1.5273
0 4.37 22.34 2.2646
0.175 7.15 22.39 2.6403
0.1 8.22 19.21 1.6005
0.5 6.49 18.73 1.9758
4.075 7.66 15.9 2.1298
1.55 3.04 16.03 0.9222
1.025 3.31 15.59 1.1351
0.85 5.21 14.75 2.1675
0.5 4.43 14.21 2.2439
0.075 1.47 16.08 2.659
0 2.68 17.69 0.928
0 3.74 20.14 2.3519
0 2.89 19.15 4.5775
0 0.96 16.72 3.5244
0 1.94 18.93 1.8412
0 3.8 21.78 0.473
0 5.93 23.64 0.9152
0 7.76 24.34 2.9737
0 9.81 27.34 0.7775
0 9.46 28.71 1.5059
0 8.5 26.78 2.0205
0.05 7.21 22.06 2.8997
1.8 2.84 12.86 3.1476
0.975 1.47 11.66 2.6091
0 4 19.46 1.7932
0 6.99 22.45 1.2041
0 7.38 24.39 0.6741
13.95 8.24 25.45 2.8421
13.8 1.55 15.24 2.6646
6.425 0.54 8.75 1.2486
25.35 1.88 11.19 3.4941
14.275 3.23 8.02 2.2368
0.8 2.05 12.37 3.1182
0.025 2.58 19.04 1.7509
0 6.43 22.59 2.131
0 6.42 22.37 3.1206
0 5.2 20.82 4.5123
0 4.69 18.25 2.4873
1.4 5.91 20.69 2.7105
0.75 3.9 17.98 2.3889
0 4.55 18.35 3.2273
3.2 4.26 18.35 4.1608
2.75 3 14.59 4.7492
0.425 2.82 14.7 2.8032
0.725 4.7 17.85 2.5276
1.025 6.91 18.18 2.8072
0.55 2.39 13.2 1.656
0.325 3.35 16.05 0.5967
6.9 4.28 16.99 3.1364
16.25 10.02 12.43 1.114
7.5 6.14 18.28 3.3507
0.2 5.19 14.73 2.0617
0 6.53 20 3.0437
0 9.09 23.78 1.6792
0 9.89 26.12 2.5633
0 9.67 25.9 3.1311
0 8.5 23.01 2.7198
0 9.19 24.73 2.7308
0 11.41 27.62 1.981
0 12.62 30.44 1.9535
0 12.44 29.66 2.5699
0 9.95 26.88 1.5017
0 11.63 27.29 2.8525
0 10.97 28.14 2.1349
0 12.23 28.21 0.4733
0 13.83 31.23 0.6482
0 15.91 34.31 2.4996
0 14.56 33.83 2.6351
0 12.58 31.25 2.5651
0 10.72 29.18 2.68
0 10.99 28.16 2.4027
0 12.41 29.39 2.3821
22.85 12.67 29.67 2.3635
12.475 9.99 24.94 2.3569
0.85 7.72 18.84 2.3154
0 10.89 25.01 1.2085
0 12.92 30.37 0.8888
0 15.14 33.31 0.6602
0 15.59 33.96 1.5284
0 16.09 33.61 1.8172
0 17.06 33.43 2.5457
0 17.45 33.61 2.7994
0 15.93 32.14 2.1492
0 15.26 32.38 2.4976
0 13.22 31.71 2.1918
0 12.06 30.68 2.3376
0 11.85 27.86 2.4597
0 11.6 27.14 3.1299
0 11.22 24.65 2.7249
0 11.34 24.4 3.3043
0 10.25 24.41 3.1413
0 10.72 25.37 1.9834
0 11.22 27.04 1.2104
0 12.13 28.29 1.9002
0 12.41 29.11 1.4312
0 12.98 30.06 2.3012
0 13.55 31.29 2.7827
0 14.05 31.24 1.9002
0 15.11 31.62 1.8815
0 13.63 32.78 2.1268
0 12.71 31.49 1.8837
0 12.71 31.06 1.7092
0 13.82 31.06 1.6095
0 14.85 33.83 2.4133
0 15.72 33.99 3.0566
0 17.91 33.66 2.0944
0 16.53 30.87 1.4426
0 15.43 32.23 1.848
0 14.85 33.29 2.074
0 13.62 32.97 3.0433
0 12.55 29.08 2.3759
0 13.34 29.73 3.053
0 14.92 30.16 2.431
0 13.38 30.93 1.8054
0 13.01 31.13 1.9212
0 12.67 31.25 2.2161
0 13.5 31.51 2.6669
0 13.08 31.27 1.7622
0 13.78 31.53 1.3032
0 15.11 33.02 2.0384
0 12.41 31.7 1.5187
0 12.18 30.88 1.2485
0 12.3 31.46 1.7218
0 12.93 31.99 1.6725
0 13.39 32.36 2.6365
0 12.55 30.13 1.9787
0 12.06 29.54 1.4173
0 11.84 29.18 1.1104
0 13.18 30.51 0.9493
0 13.89 32.63 1.9962
0 15.23 32.91 1.1982
0 15.4 32.82 0.7497
0 15.47 34.22 1.0195
0 16.1 34.43 1.3738
0 14.85 34.68 1.7027
0 13.55 33.47 1.8071
0 12 31.58 1.7239
0 12.67 30.22 0.768
0 13.36 30.51 0.7371
0 14.08 32.49 0.8424
0 14.92 32.29 0.9545
0 16.97 33.72 1.8342
0 13.69 32.54 0.7249
0 14.2 33.05 0.9705
0 14.52 33.67 0.9736
0.1 15.16 32.7 1.5393
0.4 13.28 32.42 0.9261
1.5 14.2 31.53 1.6787
1.275 11.76 24.36 1.5417
1.8 12.35 27.64 0.6613
0.775 12.2 28.87 1.3739
0 12.84 28.19 2.4501
0 12.1 27.96 1.7508
0 9.95 25.15 1.6946
0 9.18 25.39 0.4575
0 11.35 29.44 0.2762
0 13.32 32.3 0.979
0 13.96 32.31 0.5672
0.6 14.69 32.87 0.3391
0 14.57 34.01 0.5465
0 15.39 34.26 1.593
1.1 12.95 30.25 2.2387
0.025 10.03 21.96 1.9527
0 10.45 25.97 0.59
0 13.35 30.01 0.6209
0 13.06 30.41 1.0672
0 13.63 31.18 1.3265
0 11.4 28.58 2.2373
0 11.35 24.98 1.8096
0 10.26 24.74 1.9306
20.875 7.07 20.56 2.2257
17 6.49 16.99 3.6664
4.55 4.03 11.39 0.864
1.275 1.85 10.34 0.8896
0 2.02 15.38 1.2848
0 3.89 19.29 1.1527
1.95 7.24 21.51 1.5071
1.575 10.02 16.97 1.6316
0 8.8 22.55 0.9506
0 8.81 25.65 0.6447
0 11.5 27.5 0.3984
0 10.59 27.24 0.9559
0 10.91 27.38 1.302
0 11.2 24.93 1.6187
0 11.12 26.21 1.4875
0 10.39 27.14 0.919
0 10.62 24.39 0.6539
0 9 24.41 0.6736
0 8.68 23.57 2.2424
0 9.22 25.38 1.7215
0 9.08 26.77 1.9229
0 8.35 24.06 1.3546
0 4.82 19.33 3.0657
0 3.38 18.21 3.2797
0 4.91 18.97 1.9476
0 5.92 20.7 1.0021
0 6.6 21.86 2.0784
0 6.92 23.43 0.2595
0 5.87 22.8 3.3481
0 5.24 20.55 4.1452
4.25 3.61 20.64 3.5554
3.725 0.64 18.43 1.7557
5.975 -2.36 7.5 0.4723
3.375 -1.88 8.03 1.4726
0.05 -1.9 7.58 0.869
0 -2.02 8.65 2.1562
0 0 12.1 3.1374
0 0.94 14.82 3.0793
2.55 2.31 17.19 3.6447
1.725 5.95 14.77 0.9134
0 4.58 13.85 0.2596
0 6.26 15.28 0.7778
0 3.1 14.88 0.6312
0 3.16 15.97 0.944
0 2.91 16.45 0.9169
0.225 3.36 15.89 3.1094
3.15 0.51 9.26 2.1487
3.075 0.56 8.43 4.0804
0.925 -1.07 8.56 1.7884
0 -0.48 10.72 2.527
0 0.59 11.58 3.7284
0.15 0.42 14.7 2.1638
0.075 1.77 11.62 0.7361
0 2.33 14.38 2.8503
0 3.35 17.45 2.3275
0 4.39 19.94 1.0784
0 4.82 17 1.6824
0 1.17 18.56 3.6843
0 0.32 15.04 8.1632
0 0.74 12.6 3.5364
0 -0.52 13.97 4.2269
0 -2.16 11.96 2.7828
0 -2.38 10.37 3.4841
0 -2.76 10.88 3.0658
0 -2.18 11.04 3.4595
0 -0.98 12.89 3.4239
0 -0.54 12.64 4.2592
0 -0.44 14.8 3.1624
0 -1.52 13.86 0.8766
0 -1.95 11.13 1.6332
0 -2.61 9.81 1.4618
0 -2.73 9.99 1.0609
0.675 -2.43 9.96 0.8419
0.325 -1.72 8.8 5.3122
0 0.3 12.57 4.5099
0 -1.45 14.34 2.71
0 -1.58 12.31 4.5421
0 -1.96 10.9 4.3526
0 -2.27 11.25 3.4999
0 -3.06 11.59 4.5138
0 -2.69 11.82 3.9937
0 -2.08 12.28 4.9487
0 -1.35 14.78 3.4478
0 -0.04 15.44 1.3017
0 -0.14 14.83 1.1218
0 0.87 14.6 1.221
0 3.63 17 0.907
0 2.73 15.21 1.1279
0 0.17 14.05 2.3805
