1.325 -15.97 -0.06 1.5299
8.975 -11.11 -0.76 1.7083
4.9 -13.63 0.04 1.6587
0.925 -17.37 -5.38 4.3375
3.15 -16.24 -6.03 1.7394
1.55 -9.28 -3.3 0.6274
0 -10.17 -0.76 1.3339
0 -8.69 0.96 0.6977
0 -11.82 4.23 4.575
0 -11.69 3.62 3.1299
0 -9.47 3.15 2.1945
0 -9.44 6.68 5.4063
0 -7.4 6.91 3.6774
0 -10.21 6.9 3.1327
0 -8.7 7.59 3.7159
0 -9.67 8 4.8283
0 -9.99 6.17 4.2109
0 -10.19 5.56 4.8039
0 -8.93 5.59 4.8694
0.075 -8.64 4.4 3.3732
15.4 -7.6 5.76 2.7091
29.5 -6.35 5.68 2.1497
58.55 -7.14 1.97 1.5772
50.7 -5.15 0.12 2.8097
15.075 -9.3 -2.04 3.6641
2.4 -14.47 -6.81 0.7453
0.375 -15.2 -5.22 1.2104
0 -12.41 -2.31 1.3751
0 -11.3 0.01 4.2617
0 -9.89 4.55 4.4988
0 -8.07 5.84 3.0697
0 -8.51 5.7 3.2788
0 -9.85 4.84 3.7121
0 -9.76 7.32 3.751
0 -7.09 8.56 2.9744
7.275 -6.64 7.28 2.4896
11.575 -8.42 -0.82 2.5675
4.325 -9.65 -3.45 2.9048
21.5 -9.91 -1.11 1.266
12.9 -13.67 -2.06 3.8296
4.725 -18.83 -7.81 0.5409
11.425 -16.66 -5.57 2.5734
5.85 -13.05 -5.74 1.4296
13.65 -13.2 -5.06 3.0897
7.9 -12.69 -6.44 3.2825
3.25 -11.04 -4.07 5.4265
26 -9.41 -4.88 5.4384
20.55 -11.32 -6.2 4.1721
3.525 -14 -6.03 1.0709
0 -13.53 -3.55 3.3358
0 -13.07 0.11 2.4209
7 -11.53 1.46 3.7492
26.675 -11.21 1.21 3.2869
18.05 -6.73 -3.13 2.4168
5.325 -7.5 0.39 1.691
2.65 -8.88 4.31 1.5574
0.625 -8.18 -0.43 2.8604
0 -10.45 2.73 0.4921
0.025 -9.64 5.49 3.8111
19.175 -5.26 4.99 2.8945
30.35 -5.09 2.54 4.1903
41.225 -6.33 0.98 4.9689
21.525 -9.83 -3.9 3.2052
3.675 -15.35 -5.38 0.7217
1.525 -13.73 -2.29 1.9137
0 -13.96 -2.71 0.2692
0 -13.75 1.24 1.5492
0 -11.49 3.53 2.6793
0 -14.08 -2.16 0.5042
0 -13.4 2.61 0.8543
0 -11.16 2.98 2.3989
0 -10.76 5.46 2.7099
0 -10.36 7.21 1.4581
0 -8.48 5.27 2.5581
0 -7.51 5.4 3.0515
0 -7.09 8.1 1.05
0 -6.22 9.44 0.897
0 -4.66 11.78 0.8109
0.15 -6.1 11.85 0.6952
27 -5.91 11.07 2.1365
22.675 -10.16 2.97 4.2712
2.2 -16.35 -7.13 2.1909
0 -14.99 -2.69 1.8854
0 -11.58 4.61 0.413
0 -7.19 7.34 2.0317
0 -8.27 9.06 2.1046
0 -7.35 8.9 1.3107
0 -5.09 11.38 3.3718
0 -9.77 7.28 1.9972
0 -8.25 6.46 0.3139
0 -6.09 8.56 2.532
0.025 -5.77 10.26 2.6005
0 -8.04 8.22 5.3744
0 -12.36 0.92 1.8559
0 -11.03 5.01 2.9769
0 -9.19 9.15 2.6398
12.225 -5.88 11.87 1.3849
13.35 -9.05 9.25 3.6745
9.1 -8.61 -0.59 1.8301
4.525 -7.96 0.8 2.134
0.725 -8.84 0.09 3.7339
0 -7.33 4.6 1.4935
0 -7.23 9.39 1.9819
0 -5.25 7.89 4.4548
0 -13.56 1.92 6.3865
0 -12.09 0.83 3.4024
0 -9.62 5.3 1.5789
0 -6.79 10.73 3.1442
0 -4.82 14.13 2.9814
0 -1.37 17.18 1.5791
0 -0.33 19.29 1.0343
0 1.05 19.84 2.2263
0.125 0.39 18.41 3.125
1.975 -2.61 12.28 3.4242
1.125 -10.41 2.42 3.6515
0 -8.8 5.39 1.8387
0 -6.85 7.79 2.3809
0 -7.02 8.8 3.3854
0 -8.88 5.79 1.4949
1.8 -6.08 9.03 1.9058
53.625 0.44 11.87 2.1903
37 -3.26 7.45 2.8371
10.675 -1.4 4.49 4.0119
5.475 -4.38 5.42 2.0553
0.65 -1.05 9.81 4.0307
0 -3.36 11.28 2.5087
0 -2.73 14.34 2.729
0 -1.63 15.05 1.5708
0 -2.46 15.8 0.9499
0 0.06 16.35 0.6903
0 -1.3 17.17 2.9674
0 -1.1 15.97 3.2915
0 -2.62 14.44 2.1855
0 -1.97 14.04 3.1134
0 -0.83 15.16 1.5042
0 0.14 18.05 1.8286
0 3.95 21.92 0.374
0.7 5.72 23.6 2.5338
0.425 3.46 22.99 2.9919
0 0.88 17.71 1.7706
0 0.32 17.05 0.7937
0 0.96 18.24 2.3885
0 0.66 17.83 2.9013
0 0.46 16.5 2.6857
0 -1.55 16.16 1.7144
0 -0.62 16.4 1.1762
0 1.16 17.62 0.7444
0.775 2.87 19.3 1.6544
0.45 2.23 18.54 2.3773
17.825 2.25 17.63 3.3553
10.675 2.83 16.92 2.1019
0.9 2.42 16.38 1.8242
0.025 1.21 14.64 2.1768
0.4 1.79 14.18 0.6974
10.075 -1.37 12 2.1795
8.575 -3.12 11.59 3.9019
4.075 -4.78 3.93 2.6918
1.475 -2.81 5.96 2.7961
0.45 -1.77 11.42 2.5275
0.275 0.32 13.41 3.3681
0 0.55 12.61 3.099
0 -1.9 11 3.2734
2.1 -1.23 12.25 2.0445
3.125 0.51 11.48 3.6849
1.1 -2 11.04 2.5559
0.825 -1.38 12.23 2.3832
0.525 -0.39 12.69 2.2514
0.025 2.13 13.24 2.8638
0 2.21 15.77 1.5671
0 4.32 20.69 2.636
0 1.85 19.63 3.2427
0 -0.49 15.27 3.1011
0 -1.11 13.54 1.2148
0 0.73 15.96 0.8447
0 3.31 19.95 1.3714
0 3.73 22.18 2.7542
0 2.65 19.81 1.6027
0 3.91 20.73 0.8843
0 4.93 24.36 0.4074
0.275 6.94 25.6 3.0027
0.2 6.97 24.87 3.0119
0 5.57 23.5 2.2273
0 6.8 23.13 1.5344
0 5.23 21.76 2.9333
0 4 22.26 2.5473
0 3.27 21.71 2.8846
0 2.7 21.65 2.7593
0 1.74 19.69 2.9895
0 1.66 19.07 2.6143
0 1.11 19.49 2.5348
0 1.29 19.38 1.9188
0 3.36 20.46 2.0285
0 4.21 21.41 2.4802
0 4.4 21.05 1.384
0 3.42 21.85 0.8129
0 4.02 22.63 1.5937
0 6.74 25.06 2.1749
0 6.65 23.59 1.9304
0 7.9 26.06 2.0967
0 9.37 26.31 1.9873
0 9.25 26.89 2.4889
0 7.49 26.57 2.5634
0 6.29 25.06 2.1911
0 7.93 25.47 2.0711
0 6.82 24.32 2.1972
0 6.63 24.6 2.2772
0 6.73 24.83 1.9722
0 7.27 25.44 1.7051
0 8.99 25.43 1.9265
0 7.27 25.36 2.7551
0 7.22 24.17 2.4067
0 6.69 23.63 2.2772
0 6.19 23.73 2.3455
0 6.52 22.96 3.1785
0 3.81 21.72 2.8722
0 4.31 21.58 2.5405
0 6.15 21.11 2.7372
0 3.49 19.2 3.4742
0 -1.44 10.54 2.0026
0 0.15 13.31 1.2263
0 1.76 17.53 0.1492
0 3.28 20.68 1.0743
0 5.34 22.42 2.9302
0 5.35 23.66 2.7875
0 5.68 22.86 2.9969
0 3.33 21.71 3.1497
0 0.6 19.21 1.3265
0 0.32 18.66 0.3002
0 1.46 20.53 0.664
0 2.98 22.41 1.0031
0 5.74 24.94 1.2822
0 5.24 25.86 1.8369
0 6.34 25.4 2.3129
3.9 6.52 25.86 2.3209
4.35 5.83 20.84 3.4351
1.175 2.69 20.1 1.6911
0 2.37 19.77 1.691
0 2.56 21.4 0.7199
0 2.9 22.18 1.3868
0 4.82 22.01 1.0207
0 5.77 22.61 1.3872
0 4.74 23.66 3.1366
0 5.66 21.99 2.266
0 4.16 21.56 1.2874
0 4.19 22.06 0.1671
0 6.47 22.86 1.3734
0 5.63 22.64 1.9955
0 2.93 21.46 2.2145
0 0.84 19.53 2.0621
0 2.15 17.76 1.3175
0 1.1 17.85 0.46
0 2.92 18.69 0.9331
0 4.51 20.82 0.3542
0 4.78 22.36 0.9813
0.175 4.92 24.43 1.395
1.7 3.98 21.53 2.512
0.525 1.4 17.07 2.8802
0 -1.05 13.3 1.4706
0 1.38 17.26 1.0715
0 1.89 19.7 0.3564
0 2.27 21.7 1.1715
0 4.77 23.47 2.4461
0 2.3 21.17 0.9521
0 4.01 19.1 2.8399
0 2.07 22.28 2.6175
0 2.57 22.78 1.7497
0 1.9 22.42 0.9585
0 2.18 22.56 0.7834
0 3.78 23.32 1.1703
0 2.92 24.43 0.3879
0 3.06 24.44 2.2932
0 4.88 20.09 2.6763
0 -7.07 9.31 2.3194
0 -6.51 9.04 2.5722
0 -4.17 13.46 0.8763
3.475 -1.19 14.21 3.1538
2.325 -8.35 10.75 3.6196
0.125 -9.89 -0.65 0.3438
0 -8.5 6.57 3.3542
0 -7.07 9.03 1.8161
0 -4.87 10.4 1.3609
0 -4.26 12.26 0.8712
0 -3.44 14.18 0.6647
0 -4.21 13.44 2.1113
12.7 -3.37 12.75 2.051
75.275 -2.45 7.15 6.3794
41.425 -2.36 3.71 4.6722
0.5 -0.77 7.97 0.7203
0 -0.98 13.49 2.1914
0 -1.31 14.99 1.209
0 0.26 17.25 2.1135
2.95 1.03 13.73 2.5844
1.775 -6.31 5.83 2.4475
0 -6.47 7.74 1.0629
0 -4.9 10.8 0.6335
0 -4.67 11.73 0.8362
0 -2.45 13.76 1.0762
0 -2.31 11.16 1.9169
0 -3.21 11.43 1.2216
0 -3.68 12.84 4.1439
0 -8.5 0.57 5.1006
0 -10.91 0.68 0.8351
0 -8.61 3.79 0.041
0 -6.12 9.85 0.8839
0 -4.98 12.4 0.7914
0 -2.77 13.78 1.1716
0 -3.01 15.19 1.1645
0 -3.22 14.79 1.7901
0 -2.68 13.91 2.3738
0 -6.12 9.89 0.816
0 -7.13 8.38 1.3392
0 -9.09 6.23 1.8322
0 -8.35 5.82 1.3652
0 -7.49 7.98 0.8265
6.075 -5.76 7.72 0.663
6.25 -4.55 8.26 2.0216
1.55 -10.17 0.18 1.057
0 -11.11 0.91 1.0712
0 -11.3 1.33 2.8866
0 -9.41 5.2 2.2459
0 -8.47 7.26 1.8694
0 -7.99 8.72 1.179
0.6 -10.51 3.66 2.4031
5.175 -9.08 5.43 4.1107
2.875 -8.43 4.49 0.9258
0 -8.33 1.09 0.6099
0 -10.55 4.48 2.5422
0 -10.03 3.11 3.831
0 -9.02 4.57 4.2302
0.825 -9.3 5.41 2.7696
3.025 -7.63 6.76 1.3401
1.5 -9.11 3.86 5.0946
0 -10.8 -2.41 5.2934
0 -10.97 0.29 3.8661
0 -10.37 2.86 1.6449
0 -11.21 3.01 2.4119
0 -12.88 4.55 2.2386
0 -11.98 0.9 2.1381
0.025 -10.43 3.62 1.0642
14.25 -14.07 -0.47 2.3622
15.8 -11.71 -3.33 1.0766
4.35 -22.51 -10.08 0.7262
0 -22.42 -9.12 1.8231
4.95 -19.39 -7.77 2.9057
30.9 -11.3 -3.61 2.6739
63.475 -7.86 -3.01 3.6599
31.425 -9.46 -2.87 4.6895
2.025 -14.64 -4.77 0.8945
0 -13.95 -5.15 2.9257
0 -12.41 -1.09 2.3071
0 -10.29 0.97 2.2045
0 -10.22 -0.27 2.7565
0 -11.35 -0.75 4.0297
0.875 -10.31 -0.98 2.8735
14.2 -9.22 3.58 1.947
9.775 -12.8 1.11 3.6901
0.15 -17.29 -6.58 2.8889
0 -14.45 -2.17 3.7596
0 -14.15 -1.32 3.6204
6.475 -14.05 -4.29 3.9425
3.875 -13.25 -2.65 1.9444
2.625 -13.78 -5.01 3.2515
9.375 -10.91 -3.5 0.7855
4.9 -9.05 -3.39 1.5437
0.1 -9.44 -3.6 2.4278
0 -10.28 -0.11 1.9338
0 -11.48 0.35 1.117
0 -11.83 -0.61 3.9242
0 -11.9 0.32 2.8761
0 -10.92 0.64 2.2607
0 -10.79 0.85 2.8104
0 -10.04 1.5 2.8991
0.15 -8.03 3.06 3.1172
1.8 -7.43 3.15 2.236
1.125 -5.67 1.11 2.4506
1.3 -6.92 0.52 3.0449
25.975 -8.21 3.8 4.3691
15.525 -7.11 0.06 2.1278
0.225 -12.75 -1.92 1.5183
0 -12.14 -1.53 3.3263
1.175 -10.62 1.51 1.7953
24.375 -10.54 2.29 2.5268
49.5 -9.15 -0.31 4.6007
38.7 -10.39 -4.63 5.4494
43.9 -10.49 -5.71 6.3117
45.425 -13.25 -7.24 3.9955
24.3 -12.8 -7.99 4.2067
5.525 -13.21 -8.28 0.9373
1.675 -16.97 -7.1 2.0273
5.1 -14.2 -5.65 3.5722
2.475 -10.15 -4.17 2.8327
0 -10.83 -0.59 1.4214
0 -14.55 -0.22 2.8775
1.475 -13.18 -3.39 3.0967
0.875 -10.11 0.45 1.5559
0 -16.34 -0.72 0.9966
0 -18.1 -2.67 1.7048
0 -11.55 -0.71 1.8815
0 -11.68 -0.08 0.6239
10.1 -11.01 0.17 2.5434
17.7 -7.39 0.55 3.3252
16.475 -8.17 -1.96 1.7675
5.675 -9.45 -3.63 2.464
1.175 -10.87 -3.56 1.4898
1.85 -11.41 -3.91 2.4001
0.7 -12.36 -4.53 0.4609
0 -11.6 -1.84 0.9925
0 -9.75 0.59 1.1163
0 -10.09 3.52 1.3295
0 -10.23 4.24 1.5091
0 -10.89 5.91 0.8263
0 -9.12 5.94 1.7464
0 -8.99 6.75 2.4587
0 -8.43 7.1 1.3032
3.025 -9.31 6.35 1.3656
6.9 -8.1 1.8 2.3645
17 -8.41 0.25 3.0231
9.3 -14.46 -4.57 2.557
30.75 -14.03 -0.65 3.593
25.625 -9.92 -0.01 2.9323
3.175 -11.72 -1.62 0.5913
30.325 -10.33 2.21 4.4859
20.3 -8.21 1.92 1.7274
1.5 -9.3 -3.85 0.7263
0.775 -9.84 2.76 2.4954
11.675 -7.79 4.4 2.7208
24.5 -8.85 -0.16 3.2739
10.65 -12.22 -2.8 3.2679
0.075 -13.96 -4.07 1.2645
0.05 -12.07 0 2.73
0.2 -10.5 0.53 0.7396
6.325 -9.63 1.79 2.3787
5.975 -15.41 -3.73 3.9188
1.35 -12.41 -3.13 1.9473
0 -14.06 -3.96 0.556
32.075 -11.99 2.43 2.2758
19.25 -11.31 2.52 2.5224
0 -13.66 -1.55 2.787
0 -12.94 3.84 3.8823
0 -10.62 8.71 1.6062
0 -7.6 10.05 0.6764
0 -6.66 9.92 3.0749
0 -11.79 6.89 2.1608
0 -6.69 11.15 2.1744
0 -8.23 10.03 0.9599
0 -7.8 8.33 1.182
0 -9.26 8.23 2.4658
1.325 -9.36 9.15 2.3259
4.175 -7.98 9.02 2.6559
2.025 -10.89 2.05 2.5644
0 -10.15 1.9 2.9751
0 -8.66 7.6 1.5708
5.125 -5.9 10.09 2.8855
19.5 -6.36 10.38 5.9908
10.1 -9.86 -1.38 3.3229
0.9 -12.96 -2.13 0.8379
7.1 -11.97 0.86 2.4858
4 -8.51 0.39 2.1608
22.825 -10.87 0.12 2.7429
13.7 -11.63 -2.55 3.6104
0.025 -13.91 -2.93 0.7134
0 -12.44 2.7 2.299
0 -8.58 8.18 0.3523
0 -6.58 10.41 1.7166
0.725 -6.74 8.49 1.9236
17.225 -5.91 6.15 3.769
14.325 -10.26 0.32 4.6911
2.55 -10.45 -2.58 1.0984
0 -9.61 3.39 0.6723
0 -8.7 5.11 0.8798
0 -5.91 10.01 2.6061
0 -7.54 9.71 1.2706
0 -6.63 12.43 1.0754
3.925 -5.72 13.94 1.8294
15.55 -2.96 11.93 2.963
9.2 -9.72 0.11 2.8724
0.75 -8.04 -3.64 1.4707
0 -7 -1.67 1.4468
0 -6.56 8.59 0.6174
0 -4.74 11.47 1.4048
0 -3.82 13.07 0.7243
9.375 -1.09 14.63 4.5971
11.15 -6.41 4.97 5.3281
3.525 -11.69 -2.08 4.0414
0.125 -10.78 -0.64 3.4182
0 -8.58 4.68 1.8605
0 -6.86 9.45 2.1339
0 -5.5 12.62 1.2036
0 -2.73 14.12 1.929
0 -2.68 13.23 3.5296
0 -6.77 9.32 2.2197
0 -7.46 7.8 1.0189
0.075 -3.91 11.2 2.8854
3.775 -6.03 9.99 3.749
16.375 -8.89 1.63 3.585
8.675 -12.52 1.05 4.7111
0.1 -8.93 1.96 2.3913
0.225 -5.71 8.21 1.2576
0.125 -4.7 10.46 0.8038
0 -2.81 12.72 0.6561
1.35 -0.33 14.99 1.443
5.55 1.17 14.56 2.2854
2.825 -6.77 7.68 2.5274
0.375 -3.65 8.36 1.7285
0.225 -0.91 11.56 3.382
0.275 -3.53 11.95 4.4213
0.25 -8.77 5.7 3.7405
0.375 -8.94 0.82 4.0947
1.7 -7.13 3.03 2.3554
5.35 -7.9 4.09 1.6621
13.75 -4.3 7.14 3.4991
20.85 -6.19 4.23 2.739
8.5 -7.88 2.74 3.8378
0 -7.95 4.06 1.7423
0 -4.64 11.62 0.6355
0 -2.29 14.85 2.6508
0 1.9 14.29 2.9866
0 -0.68 13.92 2.649
0 2 15.81 2.8756
0 4.21 16.2 2.9715
0 3.6 16.15 2.0915
0 4.57 20.27 3.082
0 6.03 20.6 3.1046
0 2.97 18.77 2.1732
0 3.36 18.61 4.0983
0 -0.82 15.33 4.594
0 -1.9 10.52 5.3543
0 2.09 10.14 4.2892
0 -0.35 14.56 1.192
0 2.27 17.08 1.6452
0 3.04 19.22 3.1635
0 -0.2 17.65 3.2282
0 -2.37 12.61 0.733
0 -1.85 16.33 2.2152
0 -1.82 14.83 3.3725
0 -2.85 13.39 2.5239
0 -1.95 15.17 1.3985
0 -0.3 14.84 0.8165
0 2.55 18.68 1.5236
0.025 2.43 19.05 2.1942
0.025 3.9 16.12 2.6153
0 1.61 16.21 2.2952
0 4.52 19.05 0.7163
0 5.95 23.04 1.353
0 6.29 24.28 3.3437
0 4.31 22.35 3.0193
0 1.53 19.64 2.682
0 1.71 19.39 2.7133
0 4.24 18.28 1.8881
0 1.7 17.9 1.0795
0 2.21 19.75 1.7419
0 4.19 22.05 2.2485
0 3.86 20.61 2.0973
0 4.24 20.63 2.0175
0 6.21 22.28 1.9851
0 5.04 22.4 1.8328
0 5.8 23.63 2.5652
0 6.94 22.62 3.4085
0 8.24 23.1 3.6357
0 5.24 20.36 1.7778
0 6.41 22.9 1.0612
0 8.27 25.53 2.5904
0 7.22 22.37 2.8507
0 7.3 24.98 2.6454
0 6.03 25.65 2.0286
0 5.5 24.99 2.0102
0 5.27 23.48 2.8231
0 4.6 22.18 1.0407
0 5.35 22.13 2.2336
0 6.15 23.76 1.9261
0 8.14 24.91 2.3537
0 7.26 23.2 2.7468
0 4.97 21.86 1.9664
0 2.92 21.56 2.4449
0 5.48 22.25 1.9639
0 3.77 22.07 2.3982
0 5.11 21.79 2.5387
0 2.75 21.39 2.1072
0 3.99 21.97 2.5085
0 2.98 22.43 1.6848
0 2.72 22.05 2.0074
0 3.38 21.82 2.0658
0 2.38 21.37 2.2063
0 4.35 21.22 2.5489
0.775 3.22 20.36 2.9896
0.475 2.23 17.2 2.2232
0 1.93 19.04 2.1549
0 2.72 19.3 2.5073
0 0.84 15.41 1.0248
0 1.19 19.27 1.126
0 3.2 19.87 2.0334
0 3.08 21.01 2.7012
0 3.63 21.17 1.081
0 3.7 23.04 1.8861
0 3.71 23.62 1.9995
0 2.82 22.1 1.8959
0 2.41 21.97 2.2227
0 2.96 22.03 2.2444
0 4.62 19.43 1.7756
0 2.53 18.3 2.8121
0 2.65 22.56 2.3617
0 6.16 26.29 0.776
0 8.71 27.69 2.6611
0 6.56 25.66 2.689
0 2.72 21.39 3.2249
0 1.04 10.21 2.1872
0 -2.25 10.21 2.3534
0 -1.94 13.16 1.0349
0 0.48 17.63 0.6552
0 1.63 20.74 0.6291
0 4 23.75 1.1634
0 3.92 23.97 1.5127
0 3.48 23.2 1.8856
0 1.13 21.17 1.4652
0 1.21 20.77 2.8032
0.025 3.71 19.26 3.2099
0.025 -3.85 7.69 2.0972
0 -3.76 13.98 0.8003
0 -1.32 17.06 0.8647
0 0.08 18.86 1.1239
0 0 19.3 1.9104
0 -0.77 17.53 1.4988
0 -1.21 17.5 0.6634
0 -0.37 17.71 1.2838
0 -0.86 19.24 1.7013
0 -0.6 18.55 1.6053
0 -0.73 18.13 1.6866
0 -2.42 14.09 0.9939
0 -3.03 16.14 1.0466
0 -1.24 14.99 2.7602
0 -2.33 12.2 0.7822
0 -2.31 16.26 0.4896
0 0.38 19.6 1.0039
0 1.48 23.73 0.4153
0 2.11 23.62 1.2198
0 5.02 24.64 0.4472
0 4.61 25.21 0.5411
0 3.79 24.88 0.3045
0.075 3.6 21.71 0.578
6.45 3.64 18.86 1.4921
47.375 2.33 18.52 1.8416
35.375 0.39 10.32 1.4851
2.775 -1.1 3.08 1.2485
5.45 -4.41 5.15 0.8119
2.525 -4.18 4.83 2.308
0.275 -5.99 5.25 0.7697
0 -4.6 10.14 1.7509
0 -3.09 12.49 1.6822
0 -0.63 17.17 1.4765
0 -0.18 15.48 2.5848
0 0.91 17.82 1.8337
0 0.47 17.66 0.9293
0 0.22 17.03 0.8887
0 0.37 17.21 1.4578
3.725 1.34 13.02 0.9249
2.325 -1.57 9.45 1.2625
0 -1.58 8.49 2.0093
0.175 -2.92 14.11 1.1946
0 -2.12 11.49 2.0411
5.325 -3.52 10.48 1.8527
34.975 -1.69 7.77 1.8071
83.725 0.07 3.8 4.9773
28.95 -5.02 5.18 3.927
0.125 -6.82 4.38 1.4748
0 -9.99 4.12 3.1423
0 -9.85 5.24 3.3658
2.625 -4.59 9.3 2.06
1.9 -4.94 10.19 2.0338
0.15 -6.53 3.29 0.7737
0 -6.07 7.57 1.8246
0 -5.4 10.63 3.3661
0 -3.33 13.09 3.2087
0 -0.76 15.2 2.1989
0 -0.08 14.85 1.2177
0.55 -1.01 13.76 2.418
25.8 -3.72 10.51 3.2255
12.65 -8.52 2.15 2.8074
2.125 -11.08 -0.31 0.6541
2.6 -10.08 1.55 1.6096
0 -10.52 -0.93 2.5362
0 -9.06 2.53 1.4671
0 -9.8 5.27 3.1476
0 -7.72 4.57 1.4788
0 -6.08 8.19 2.4546
0 -6.6 8.74 0.8708
0 -8.26 8.25 2.2486
0 -6.08 8.98 2.566
25.95 -6.05 9.18 3.189
49.95 -9.3 3.31 3.5057
37.725 -11.75 -3.82 5.4574
14.325 -11.34 -6.52 3.4923
13.75 -11.13 -4.28 4.6784
7.275 -16.8 -6.36 1.0341
0 -19.49 -7.37 3.4229
0 -18.04 -5.98 3.2756
17.375 -13.49 -2.95 3.0823
10.75 -18.18 -4.01 2.8886
0 -20.17 -8.35 2.1492
0 -17.76 -8.92 2.955
0 -13.33 -1.47 2.1435
0.1 -10.35 3.71 2.4723
0 -4.63 1.85 1.7253
0.975 -5.41 3.06 1.7358
16.65 -8.1 3.04 1.947
8.45 -7.45 2.72 3.2279
0 -8.94 -0.8 2.3256
6.05 -7.6 2.57 1.8734
9.85 -4.65 3.76 1.1679
1 -4.07 1.84 1.5434
0.075 -5.94 2.8 0.5294
0 -7.94 4.05 2.1853
0 -7.7 3.48 1.5093
18.65 -6.95 5.08 2.1628
14.15 -8.79 0.11 1.7164
6 -10.51 -2.8 2.6906
62.025 -10.34 -2.85 3.3624
94.125 -8.35 -3.44 5.2763
74.225 -7.33 -1.27 6.246
29.225 -9.25 -0.27 2.3189
10.95 -11.01 -8.25 2.0839
5.55 -11.44 -4.87 2.249
3.3 -10.08 -3.68 0.4542
0 -11.07 -2.9 2.8022
16.975 -12.97 -0.9 5.1268
9.525 -11.82 -0.68 2.1488
0 -12.53 -6.54 1.0235
45.55 -12.2 -5.37 2.3127
29.875 -9.82 -3.39 4.7261
1.7 -19.02 -5.03 2.7172
4.2 -19.39 -9.71 1.2588
19.8 -19.18 -10.02 3.6672
19.2 -13.15 -7.38 4.4464
14 -11.81 -7.74 2.5162
0 -14.17 -6.77 3.0427
0 -16.87 -7.82 3.7369
0 -14.86 -5.7 5.3389
0 -14.02 -4.43 3.9317
0 -14.23 -4.95 1.8748
0 -14.53 -1.78 0.9591
0 -15 -3.96 3.3427
3.25 -15.51 -4.34 3.1633
5.7 -10.74 -2.75 1.6542
0.375 -11.47 -0.85 1.6056
0.225 -11.43 -0.1 1.3431
0 -10.97 3.12 2.3559
0 -9.23 2.45 0.9519
0 -7.97 3.43 0.5963
0 -8.66 3.49 2.095
0 -8.13 3.84 1.276
0 -9.94 4.54 4.245
0 -11.1 2.64 3.5971
0 -11.54 3.11 2.8647
0 -10.2 5.87 3.673
0 -10.17 3.57 2.1169
0 -9.64 4.06 2.1571
0 -9.65 4.16 4.9137
0 -9.85 5.34 3.1676
0 -9.85 5.14 1.7876
4.625 -10.16 4.93 0.7239
12.55 -10.44 4.39 1.7687
3.875 -12.52 -4.66 1.6667
0 -13.61 -1.91 2.1754
0 -15 -0.49 3.0401
0 -14.99 -0.54 2.112
0 -12.5 1.89 2.9079
0.025 -9.77 5.06 1.6608
0.025 -8.86 6.82 1.9125
0 -7.87 7.25 0.5893
0.025 -10.45 7.51 2.2854
0.025 -13.01 1.97 3.6607
0 -15.11 0.06 3.7303
0 -13.67 1.81 3.7269
0 -11.44 4.93 2.5656
0 -9.7 7.96 1.4325
0.05 -9.39 7.41 3.3738
9.75 -8.58 2.71 4.2039
40.575 -9.15 3.42 6.2472
39.2 -13.1 -8.03 4.4261
59.85 -11.78 -7.59 3.1342
31.675 -10.81 -5.07 4.1465
2.875 -18.77 -6.6 0.7807
0 -18.57 -5.53 1.2393
0 -17.93 -6.15 0.3897
0 -17.04 -2.59 0.305
7.2 -15.65 -3.12 2.5472
22.85 -11.09 -4.25 5.8759
13.5 -16.15 -7.29 0.6628
0 -18.73 -10.08 0.508
0 -19.52 -5.25 2.1717
4.425 -16.2 -0.75 1.7122
12.35 -11.94 1.91 3.4608
8.25 -8.19 1.9 1.8728
0.725 -12.59 0.1 1.408
3.6 -9.84 3.19 0.5671
23.55 -8.5 4.3 1.7621
21.475 -7.11 0.57 4.4188
0.15 -10.14 -0.76 0.7308
0 -8.53 5.49 1.539
0 -7.09 8.31 1.4009
0.225 -6.88 7.44 1.0032
0.125 -7.57 5.82 0.6299
2.15 -8.45 6.98 0.9517
1.425 -5.39 3.72 1.2128
18 -5.09 7.23 1.4023
28.4 -4.37 8.24 3.0942
3.075 -10.96 0.36 0.9157
26.425 -10.06 2.09 3.4335
45.525 -10.76 -2.78 4.9638
67.225 -9.39 -4.53 6.2221
23.15 -11.4 -5.07 2.7355
7.95 -12.84 -2.95 0.919
13.925 -10.68 -2.03 4.4691
38.775 -12.12 -3.87 5.4446
28.7 -13.65 -4.49 4.2808
14.725 -11.35 -2.27 3.008
7.6 -8.97 -3.31 1.7544
0.2 -8.3 2.08 0.5267
0 -8.9 5.46 0.9652
0 -6.66 7.95 1.9925
0 -6.06 9.65 2.2056
0 -4.97 13.74 1.7009
0 -4.67 16.17 1.2062
0 -6.53 11.08 1.4128
0.075 -7.73 9.04 2.0285
0 -6.65 10.81 1.3723
1.9 -5.87 11.82 1.2727
6.725 -9.56 8.99 3.5973
5.525 -15.17 -6.48 1.4228
1.55 -13.88 -7.26 1.4469
0.075 -13.44 -1.27 0.5158
0 -11.2 4.93 1.4257
0 -9.17 5.94 1.2146
0.5 -8.84 6.62 2.9614
0.375 -11.59 -2.23 0.5559
0 -8.74 6.55 0.7688
0 -6.75 10.42 1.1847
0 -5.12 12.61 2.2659
0 -3.23 12.4 3.1547
0 -3.96 8.73 1.7564
0.325 -3.94 10.81 2.2677
9.725 -3.76 3.89 2.4252
2.375 -7.92 5.11 0.8417
1.55 -7.31 5.21 1.3728
0.8 -4.91 3.3 2.6714
0.95 -6.41 2.47 2.6468
0.1 -9.17 5.15 2.5792
0 -7.36 7.17 0.8163
0 -5.35 10.13 2.5026
0 -8.33 8.68 4.4681
0 -9.66 5.71 3.6408
0 -8.19 7.05 2.0464
0 -5.58 10.32 0.6359
0 -3.81 12.54 0.7817
0 -2.76 14.4 3.1497
0 1.52 16.9 0.9356
0 -0.09 17.51 1.6249
0 -0.66 16.3 2.1279
0.275 -2.43 12.54 3.1725
1.6 -7.23 4.18 3.3958
3.05 -9.03 -0.81 2.8217
0 -5.85 7.87 1.6709
0 -3.28 11.42 1.1461
0 -2.71 14.19 0.5815
7.125 -2.28 15.86 3.0918
17.15 -9.69 7.37 3.2196
8 -10.38 -2.7 1.1304
23.575 -8.85 1.04 3.4775
20.925 -9.13 -1.91 2.4865
2.1 -7.64 1.33 3.5465
0.1 -7.96 7.02 1.7262
0 -3.98 11.86 1.8685
0 -3.83 11.49 2.7383
0 -5.48 10.75 4.2729
0 -6.35 7.96 2.3412
0.025 -4.13 11.34 2.987
0.025 -4.79 9.06 2.7441
0 -4.8 8.96 3.496
4.725 -5.15 8.94 4.3564
6.4 -8.62 4.19 4.8708
1.35 -8.48 3.3 3.0186
0.675 -5.41 7.4 2.9892
1.2 -2.76 8.21 3.1883
1.3 -8.2 2.83 1.7964
0 -7.28 5.44 0.7975
9.4 -5.84 6.79 2.7716
20.025 -1.25 2.08 1.5555
10.1 -4.7 8.43 3.8215
0.5 -5.23 4.6 1.7862
0.225 -4.12 10.04 2.9638
0 -1.76 12.93 1.5215
0 -0.75 15.71 2.0639
0 -0.02 15.91 2.9362
0 -1.36 13.38 2.6009
0 -0.42 14.67 2.7504
0 0.93 16.93 1.4549
0 1.69 19.91 1.8451
0 3.48 19.44 2.3071
0 -1.14 16.82 0.9858
0 0.82 16.26 2.9885
0 0.38 17.14 2.098
0 1 16.79 0.2167
0 2.83 19.93 0.3806
0 4.36 22.61 2.4974
0 4.68 22.37 3.0805
0 2.93 20.64 2.6695
0 0.6 19.49 2.6761
0 0.15 17.74 2.1652
0 2.53 19.63 2.088
32.05 2.66 19.27 2.9118
19.9 0.07 15.41 2.631
3.825 -1.69 8.02 2.2044
0 0.85 15.4 0.6716
0 1.99 20.1 0.82
0 4.71 22.33 0.8136
0 4.45 22.67 1.7025
0 5.12 22.13 1.7995
0 7.02 21.21 2.4246
0 6.94 21.83 2.9584
0 5.46 20.42 2.2535
0 4.88 21.19 2.5168
0 2.77 20.86 2.2176
0 2.16 19.95 2.4869
0 2.36 18.79 2.5894
0 1.17 17.7 3.2333
0 0.73 15.89 2.64
0 2.11 14.99 3.1407
0 0.25 14.45 3.2386
0 0.37 15.35 2.1134
0 0.27 16.91 1.6089
0 1.33 19.04 2.0341
0 1.35 18.93 1.1025
0 1.91 19.49 2.2736
0 3.37 20.48 2.8503
0 4.7 20.42 1.8194
0 4.61 21.24 2.152
0 2.93 21.96 2.2871
0 2.22 20.85 1.7501
0 2.71 20.28 1.6673
0 5.15 19.98 1.2903
0 6.45 23.02 2.1065
5.375 5.86 23.3 3.0445
4.175 7.35 22.57 2.2186
1.65 7.08 18.94 1.7145
0 5.29 21.44 1.98
0 6.14 22.66 2.1336
0 3.68 22.75 3.1624
0 2.83 19.64 2.244
0 2.75 19.59 3.1319
0 2.7 20.48 2.5398
0 3.44 20.38 1.8527
0 2.65 21.17 1.9246
0 2.74 20.84 2.1402
0 3.81 21.51 2.6721
0 3.83 21.69 1.4676
0 3.65 21.76 1.4525
0 4.17 22.51 2.1814
0 2.21 20.54 1.5029
0 1.76 19.97 0.8591
0 1.54 20.81 1.5506
0 3.44 22.51 1.2936
0 4.4 23.28 2.4925
0 2.82 20.54 2.1403
0 1.74 19.89 1.6637
0 0.5 19.57 1.2034
0 1.91 20.8 0.9328
0 3.72 23.08 2.0916
0 5.53 23.12 1.4063
0 4.87 22.46 1.028
0 3.65 23.98 1.169
0 5.17 23.88 1.5716
0 4.45 24.22 1.6129
0 2.93 23.19 2.0118
0 1.93 22.52 1.8924
0 3.17 20.44 0.6878
0 1.99 20.68 0.9369
0 3.85 22.08 0.8746
0 3.78 21.52 0.8173
0 4.91 22.1 1.8601
0 3.34 20.79 0.477
0 3.68 21.64 0.897
0 4.33 22.77 0.7541
0.45 4.42 21.26 1.9077
3.75 3.39 20.72 1.1829
7.525 3.25 18.66 1.5059
13.65 0.33 13.32 1.3894
9.925 2.43 16.4 0.639
12.5 0.95 17.46 1.0503
0 2.28 16.38 2.5168
0 2.93 17.39 1.9106
0 0.96 14.94 1.5766
0 0.3 16.1 0.3003
1.525 0.39 18.71 0.2553
1.025 2.57 20.84 0.8467
0.025 2.93 20.78 0.4462
6.4 3.16 21.43 0.4409
0 5.66 21.99 0.7612
0.2 4.02 22.67 1.6608
10.05 1.4 18.86 2.4018
0.1 -0.35 12.04 1.6176
0 1.16 17.92 0.3564
0 3.58 19.92 0.6041
0 4.11 18.25 1.0494
0.05 1.87 20.52 1.6156
0.025 0.9 19.44 2.6473
0 1.86 15.76 2.1399
0 -0.04 14.5 2.3101
24.825 -2.08 11.5 2.4541
38.85 -3.66 6.91 4.0953
14.425 -8.12 0.96 0.7173
2.4 -9.49 0.75 0.9375
0 -8.77 5.04 1.3608
0 -6.26 8.74 1.3387
2.325 -3.89 10.84 1.7732
5.075 -1.63 6.53 1.8379
0 -1.93 12.96 0.9146
0 -1.62 15.3 0.6383
0 0.17 16.94 0.577
0 -0.85 16.93 1.285
0 -0.64 15.4 1.7572
0 -0.46 14.71 1.9565
0 -0.53 15.08 2.0601
0 -1.79 16.6 0.6541
0 -1.31 13.48 0.5416
0 -2.93 14.38 0.3844
0 -1.73 13.14 2.4095
0 -3.31 15.05 1.993
0 -2.73 16.36 2.38
0 -3.37 12.66 1.38
0 -5.71 8.36 3.7842
0 -8.19 7.15 3.4942
0 -7.58 7.4 2.2045
0 -5.69 10.53 0.8588
0 -4.87 11.88 2.2903
0 -4.78 12.88 0.1418
0 -4.98 12.84 3.5106
0 -4.79 8.82 4.1451
3.525 -9.06 9.77 4.1137
9.7 -11.52 8.18 1.9422
7.2 -13.33 -4.72 0.5006
7.55 -11.75 -3.71 1.5784
0.125 -11.89 -4.3 1.0511
0 -13.54 -2.33 2.3579
0 -12.23 0.28 3.2902
0 -10.38 3.71 2.8551
2.325 -7.42 4.02 3.1017
3 -5.62 1.59 0.9792
0 -6.84 2.48 0.2229
0 -5.66 4.58 0.4463
0 -9.14 4.5 0.4558
0 -8.71 5 0.8673
0 -8.01 5.66 1.3608
0 -9.01 5.45 3.726
1.525 -9.31 -0.74 2.3251
3.6 -9.69 -2.54 3.844
2.7 -12.54 -3.28 1.5691
0 -11.92 0.21 2.2505
0 -10.21 2.06 3.5295
0.025 -8.95 6.54 2.4219
0 -9.17 2.41 0.7822
0 -8.57 3.28 2.9659
0 -7.04 7.82 2.3655
0 -7.26 6.66 1.1056
0 -6.05 6.63 1.9505
0 -9.71 8.01 3.3219
0 -9.17 3.74 9.1178
0 -10.81 -1.25 3.9324
0 -11.85 3.47 4.4899
0 -13.74 -0.24 2.7736
0 -13.43 -0.73 3.5209
0 -14.31 -1.51 3.0094
0 -13.36 -1.07 3.6663
0 -12.91 1.76 4.0067
0 -12.64 1.02 4.3935
0 -10.9 1.75 3.2335
0 -12.78 1.6 1.2398
0 -14.33 0.51 1.6332
0 -14.86 -2.56 1.4602
0 -14.49 -2 1.0028
0 -13.43 -1.07 0.8842
0 -11.5 -2.33 5.8858
0 -10.54 0.44 4.924
0 -13.46 1.81 2.6927
0 -13.24 1.44 4.8046
0 -14.57 -1.56 4.6931
0 -13.88 -0.24 3.5272
0 -14.82 0.02 4.5269
0 -14.81 -0.13 3.8895
0 -14.48 0.86 4.9322
0 -13.29 1.79 3.2663
0 -11.71 3.4 1.3994
0 -11.53 4.38 1.0689
0 -9.72 3.49 1.0766
0 -8.14 7.87 0.9664
0 -8.92 5.43 1.5349
0 -11.58 4.2 2.369
