0.85 -22.09 -1.71 1.6142
3.775 -10.45 -3.88 1.5765
2.025 -14.16 -0.72 1.645
0.625 -17.05 -7.16 4.3601
1.725 -17.4 -6.82 1.5958
0.8 -12.7 -5.72 0.6991
0 -11.59 -2.09 1.3118
0 -10.88 -2.25 0.699
0 -13.57 2.52 4.6962
0 -12.68 0.32 3.222
0 -11.18 0.69 2.1407
0 -10.93 4.85 5.4501
0 -8.49 4.69 3.7182
0 -11.36 3.41 3.0279
0 -9.35 4.76 3.8194
0 -11.23 5.6 4.9081
0 -11.94 3.52 4.2203
0 -12.04 1.81 4.7686
0 -10.9 4.07 4.8417
0.1 -11.09 1.56 3.345
13.95 -7.92 4.13 2.7497
27.325 -8.02 1.7 2.1452
25.475 -13.02 1.4 1.579
40.75 -5.91 -1.49 2.7585
12.85 -9.77 -2.45 3.7147
0.725 -15.83 -7.55 0.7699
0.025 -17.37 -7.82 1.2369
0 -14.16 -4.28 1.5206
0 -12.15 -0.7 4.2794
0 -11.34 2.56 4.5298
0 -9.79 3.71 3.0683
0 -9.59 3.68 3.2219
0 -11.01 2.91 3.703
0 -10.85 4.87 3.7805
0 -8.15 6.4 3.0151
7.225 -6.8 5.5 2.5788
16.525 -9.81 -1.38 2.6489
8 -10.93 -5.19 2.86
17.9 -11.12 -3.5 1.3652
10.95 -15.05 -3.5 3.9052
4.85 -19.06 -9.54 0.5665
10.4 -14.16 -7.6 2.3917
4.25 -13.39 -6.52 1.4474
8.55 -13.67 -6.46 2.9883
5.125 -13.53 -7.57 3.0726
3.1 -12.39 -5.66 5.3293
34.25 -11.56 -6.39 5.5246
24.6 -11.75 -8.28 4.1607
2.775 -14.76 -7.32 0.998
0 -14.27 -5.81 3.3693
0 -13.92 -1.75 2.4753
4.975 -13.62 0.54 3.8052
20.15 -9.6 -0.74 3.2629
12.4 -8.13 -4.02 2.397
4 -9.75 -0.65 1.544
2.275 -8.93 2.53 1.4931
0.15 -9.38 -2.43 2.5704
0 -10.71 1.25 0.4335
0.025 -10.71 3.73 3.7959
13.4 -5.81 4.19 2.857
20.375 -6.19 2.74 4.0331
19.425 -7.66 -0.44 4.9647
17.825 -10.92 -5.62 3.2487
2.825 -15.46 -7.34 0.7339
1.05 -13.02 -4.21 1.9264
0 -15.13 -4.44 0.2411
0 -14.23 -0.45 1.6475
0 -12.08 1.91 2.7797
0 -15.66 -3.55 0.5111
0 -13.75 1.24 0.7045
0 -12.04 1.49 2.3303
0 -10.98 3.89 2.7092
0 -11.67 5.68 1.3758
0 -9.61 3.86 2.3289
0 -6.34 4.78 2.6629
0 -7.95 7.46 1.1038
0 -8.25 8.11 0.9812
0 -5.83 10.19 0.8023
0 -6.96 10.31 0.7718
18.375 -6.05 9.74 2.1147
28.325 -11.94 1.6 4.3117
1.5 -17.22 -8.55 2.2905
0 -15.39 -5.38 1.866
0 -11.45 2.96 0.442
0 -7.96 5.77 2.2298
0 -10.09 6.64 2.1248
0 -8.4 6.83 1.3443
0 -5.79 9.64 3.3003
0 -11.87 6.16 1.9596
0 -9.88 4.66 0.3612
0 -7.49 7.01 2.5594
0 -6.57 8.49 2.6169
0 -9.36 6.07 5.4619
0 -13.68 -0.43 1.8236
0 -12.07 3.06 2.971
0 -9.58 7.13 2.7433
10.225 -7.54 10.05 1.4968
15.025 -9.3 6.81 3.6188
8.8 -9.25 -2.47 1.7671
4.65 -9.07 -0.71 2.2007
1.725 -10.29 -1.65 3.8224
0 -8.83 3.05 1.6244
0 -7.65 7.97 1.9095
0.475 -6.65 6.98 4.4447
0.325 -15.19 0.46 6.4353
0 -12.45 -3.04 3.5173
0 -10.59 3.4 1.517
0 -7.98 9.31 3.1589
0 -5.57 12.39 2.9632
0 -3.08 15.6 1.6201
0 -1.28 17.5 1.0843
0 -0.27 18.15 2.2112
0.05 0.23 17.06 3.0435
1.175 -3.82 10.81 3.5757
0.675 -11.36 0.88 3.8067
0 -9.22 3.94 1.9914
0 -7.99 6.69 2.3824
0 -7.17 7.5 3.3483
0 -10.1 4.53 1.5438
2.55 -6.96 8.06 1.9988
44.925 0.01 10.84 2.2118
29.3 -4.69 5.45 2.8364
3.275 -1.99 4.35 3.8538
2.125 -5.54 4.58 1.9989
0.475 -1.84 8.58 3.8233
0 -3.57 10.27 2.5157
0 -3.89 13.26 2.8062
0 -2.4 14.19 1.6083
0 -3.15 15 1.0299
0 -1.66 15.34 0.7569
0 -1.6 15.99 3.0271
0 -3.24 14.44 3.2956
0 -3.48 13.18 2.2491
0 -2.7 12.88 3.2446
0 -1.5 14.33 1.4813
0 -0.33 16.81 1.755
0 2.28 20.55 0.3181
0.125 4.21 22.31 2.5307
0.075 3.07 21.01 2.998
0 0.41 16.28 1.9712
0 -0.43 15.7 0.9094
0.3 0.35 16.75 2.4703
0.2 -0.06 16.22 2.949
0 -0.85 14.84 2.7769
0.125 -1.16 14.57 1.7848
0.075 -0.89 15.27 1.1604
0 -0.25 16.04 0.7264
0.575 1.66 17.51 1.6935
0.575 0.83 17.43 2.3576
11.125 0.5 15.43 3.3705
8.975 0.79 15.46 2.1421
2.55 0.75 15.08 1.8989
0.075 -0.12 13.63 2.2115
0.525 1.1 12.25 0.8648
11.075 -2.98 9.46 2.2541
9.85 -3.92 10.45 3.8524
3.65 -5.87 2.71 2.6735
1.175 -3.73 4.57 2.8269
1.3 -2.27 9.34 2.5612
0.825 -0.93 11.54 3.4206
0 -0.74 10.93 3.125
0 -2.96 9.5 3.3402
1.7 -2.1 10.63 2.1068
2.5 -0.97 9.77 3.7118
0.875 -3.09 9.61 2.6004
1.8 -2.02 10.67 2.405
1.375 -0.44 10.88 2.2882
0.275 1.22 11.24 2.8789
0.15 1.16 14 1.5619
0 4.05 19.2 2.715
0 1.14 18.48 3.4045
0 -0.85 13.68 3.1729
0 -2.27 13.05 1.0851
0 -0.6 15.17 0.8067
0 1.72 18.46 1.342
0.1 2.93 20.76 2.6848
0.075 1.68 18.87 1.723
0 3.14 19.28 0.8597
0 3.84 22.63 0.4191
0.425 6.17 24.06 3.024
0.425 5.52 23.42 3.0589
0 4.73 21.08 2.2343
0 5.58 21.59 1.5325
0 4.23 20.37 2.9126
0 3.36 20.83 2.5148
0 2.36 20.46 2.8348
0 2.44 20.46 2.7115
0 1.41 18.73 2.9926
0 1.76 18.05 2.6557
0 0.61 17.76 2.5714
0 0.85 18.23 1.9184
0 4.5 19.3 1.9773
0 4.33 20.25 2.4244
0 3.81 19.78 1.3205
0 2.66 20.88 0.6018
0 4.2 22.08 1.6883
0 5.31 24.02 2.1564
0 5.93 20.24 1.9744
0 6.93 24.67 2.1397
0 8.33 25.26 1.9778
0 8.44 25.54 2.5052
0 6.43 25.05 2.5341
0.075 5.58 23.77 2.1519
0.125 7.02 23.88 2.048
0.05 5.96 22.97 2.1499
0 5.67 23.01 2.1858
0.8 5.69 23.18 1.9518
0.575 5.88 23.81 1.8516
0 7.46 24.2 2.0427
0 6.94 23.14 2.8009
0 6.13 22.34 2.4543
0.3 6.23 22.23 2.3251
0.2 4.93 22.66 2.3937
0 4.61 22.06 3.0391
0 3.12 20.48 2.7555
0 4.21 19.87 2.3402
0 6.44 20.16 2.6447
0 2.62 17.68 3.3815
0 -1.73 9.98 2.0384
0 -1.1 11.94 1.2519
0 0.33 16.16 0.1872
0 1.77 19.48 1.1471
0 4.99 21.39 2.899
0 5.37 22.21 2.6868
0 4.21 21.77 2.9538
0 2.97 20.14 3.2595
0 0.52 18.17 1.3096
0 -0.49 17.53 0.2693
0 1.07 19.71 0.604
0 1.79 21.2 0.916
0 2.75 23.75 1.2398
0 4.68 24.53 1.8317
0.3 5.68 24.13 2.2553
3.825 5.84 24.59 2.3721
4.1 4.89 19.61 3.3333
1.175 2.17 16.13 1.6676
0 1.38 18.75 1.7214
0 1.99 19.82 0.6862
0 2.26 20.56 1.3361
0 3.65 21.06 0.9841
0 3.9 21.8 1.3516
0 4.19 23.02 3.1344
0 4.55 20.13 2.2316
0 3.14 19.67 1.1603
0 2.67 21.23 0.1947
0 5.18 21.03 1.342
0 4.91 21.11 2.0173
0 1.77 19.96 2.1541
0 0.67 18.69 2.0214
0 -0.12 16.7 1.376
0 0.67 17.56 0.5401
0 0.73 17.45 0.9775
0 2.53 19.54 0.386
0 3.51 20.74 0.9625
0 4.24 22.64 1.5153
0.5 3.43 19.68 2.4202
0.3 0.25 15.64 2.7599
0 -2.02 15.41 1.4795
0 -0.45 16.38 1.0754
0 1.28 18.38 0.3927
0 0.82 20.05 1.1911
0 3.72 21.71 2.4355
0 2.98 19.87 1.037
0 4.59 15.83 2.7501
0 0.99 21.07 2.6479
0 3.12 21.08 1.7379
0 0.92 20.94 0.8906
0 1.76 20.83 0.764
0 4.15 21.78 1.1877
0 2.25 22.54 0.3368
0 3.01 22.41 2.2565
0 3.08 19.19 2.6859
0 -7.47 9.47 2.3438
0 -7.89 7.49 2.6426
0 -5.14 11.44 0.9039
1.775 -1.97 13.36 3.2853
1.125 -8.93 9.84 3.6743
0 -10.91 -2.03 0.3556
0 -9.69 4.44 3.2585
0 -8.74 6.43 1.8049
0 -6.43 8.36 1.4123
0 -6.87 10.47 0.8686
0 -4.58 12.74 0.5366
0 -5.85 11.39 2.086
7.725 -4.38 11.69 1.9873
37.775 -3.38 5.48 6.2502
21.575 -3.09 2.56 4.591
0.075 -2.36 6.81 0.7623
0 -2.05 12.02 2.2934
0 -2.7 13.54 1.275
0 -0.72 15.6 2.1258
1.15 0.8 12.49 2.6022
0.7 -8.01 4.84 2.6614
0 -7.68 5.99 1.1062
0 -6.13 9.82 0.6417
0 -5.63 10.3 0.8073
0 -3.81 12.33 1.1033
0 -4.26 10.73 1.9142
0 -4.85 9.68 1.2769
1.25 -5.29 11.78 3.996
0.875 -11.12 -2.58 5.1316
0 -12.39 -1.95 0.8499
0 -9.92 2.81 0.0353
0 -7.17 8.03 0.915
0 -6.38 10.21 0.8405
0 -4.71 12.24 1.1307
0 -4.49 13.23 1.1281
0 -4.57 13.69 1.7402
0 -3.17 12.54 2.3015
0 -7 8.94 0.6705
0 -8.5 7.41 1.3559
0 -10.18 5.37 1.842
0 -9.53 3.97 1.3896
0 -7.41 6.61 0.8858
2.675 -5.28 6.76 0.7468
5.85 -5.16 6.87 2.1546
2.925 -10.65 -0.66 1.0546
0 -11.59 -0.89 1.1402
0 -12.52 -0.13 2.8537
0 -10.6 2.54 2.2773
0 -8.92 5.2 1.8444
0 -8.65 7.43 1.1246
0.4 -11.22 2.35 2.3859
1.8 -9.2 3.94 3.9223
0.925 -9.18 3.2 0.8895
0 -9.65 -0.26 0.5066
0 -11.14 3.6 2.5541
0 -10.66 1.77 3.9099
0 -9.45 3.47 4.2402
0.55 -9.84 4.29 2.7897
1.725 -7.43 4.46 1.4486
0.875 -10.07 2.57 4.8037
0 -11.15 -3.92 5.3104
0 -10.9 -0.66 3.8872
0 -10.68 1.77 1.5269
0 -11.22 1.67 2.3244
0 -12.79 2.39 2.1893
0 -12.17 -0.37 2.1499
0.05 -9.02 1.28 1.3479
12.35 -14.7 -0.98 2.2292
14.3 -12.01 -5.93 1.1952
4.375 -21.82 -10.44 0.612
0 -24.26 -10.91 1.8444
1.475 -21.03 -7.98 2.8793
27.975 -12.15 -4.25 2.7461
44.2 -9.33 -4.86 3.6957
29.6 -10.28 -4.21 4.728
1.275 -13.63 -6.14 0.7515
0 -12.21 -7.66 2.9347
0 -10.95 -4.02 2.2819
0 -10.51 -1.96 2.3017
0 -10.86 -2.22 2.8227
0 -11.79 -3.25 4.0911
0.9 -10.8 -3.77 2.9299
13.15 -8.38 1.24 1.8998
10.625 -12.29 -0.58 3.7324
0.1 -17.57 -7.93 3.0222
0 -13.99 -5.39 3.7497
0 -13.16 -2.13 3.6092
4.1 -13.16 -6.07 3.9576
2.65 -12.38 -4.58 1.8834
1.875 -13.55 -4.73 3.254
6.925 -12.32 -6.42 0.6939
3.75 -11.26 -5.48 1.483
0.075 -11.49 -4.44 2.3566
0 -10.87 -1.94 1.758
0 -11.79 -1.02 1.2051
0 -12.32 -2.01 4.0314
0 -11.94 -0.93 2.9611
0 -11.34 -0.23 2.341
0 -10.89 -0.57 2.8639
0 -10.71 -0.24 2.9177
0.025 -8.52 1.77 3.1479
1.425 -8.32 1.59 2.2837
0.825 -7 -0.44 2.4553
0.525 -8.16 -1.61 3.0621
20.85 -9.27 -0.05 4.2674
12.875 -8 0.41 2.1128
0.1 -12.3 -2.9 1.4752
0 -12.1 -1.79 3.3097
0.8 -11.32 -0.4 1.7586
36.175 -11.4 0.85 2.4403
60.8 -9.84 -2.34 4.5531
37.825 -11.24 -6.9 5.2925
41.975 -10.87 -7.5 6.1806
54.025 -13.76 -8.14 4.0308
26.875 -12.83 -9.99 4.3457
3.95 -15.62 -9.83 0.849
1.6 -15.6 -9.06 2.002
7.15 -13.51 -8.05 3.4163
3.825 -10.67 -5.99 2.834
0 -12.01 -2.08 1.3641
0 -14.73 -1.98 2.8157
1.15 -12.64 -4.97 3.1083
0.7 -11.23 -2.29 1.4931
0 -17.07 -3 1.0767
0 -17.84 -4.55 1.6889
0 -11.49 -2.76 1.8978
0 -11.87 -2.34 0.5955
9.475 -11.82 -2.52 2.4192
16.1 -9.33 -1.19 3.4192
13.325 -9.3 -3.55 1.834
4.225 -10.78 -5.04 2.6287
0.6 -12.1 -4.45 1.4186
2.075 -12.63 -4.4 2.4378
1.05 -13.16 -5.59 0.5501
0 -12.29 -3.55 0.8866
0 -10.37 -1.43 0.9775
0 -10.86 1.43 1.5219
0 -10.86 2.11 1.5525
0 -10.57 3.92 0.8916
0 -9.91 4.24 1.7488
0 -9.19 4.77 2.4402
0 -8.58 5.06 1.4578
1.725 -9.65 3.58 1.4583
4.9 -8.54 -0.68 2.6057
17.675 -9.09 0.09 3.2626
9.3 -14.57 -5.51 2.5027
14.5 -14.16 -4.71 3.4997
21.325 -9.55 -2.26 2.9604
2.5 -11.74 -3.43 0.5827
37.5 -10.09 0.35 4.3259
25.825 -10.15 0.33 1.9973
1.675 -10.84 -5.24 0.8088
0.525 -10.71 0.26 2.4478
5.6 -8.72 2.09 2.7216
19.15 -10.26 0.56 3.1951
9.7 -12.94 -3.13 3.394
0.05 -14.09 -5.2 1.2624
0.075 -11.87 -1.69 2.7243
0.025 -11.94 -1.97 0.8318
5.425 -11.13 0.59 2.3919
3.95 -16.07 -3.63 4.0692
0.4 -13.55 -5.02 2.0715
0 -14.96 -5.9 0.4847
29.825 -12.26 0.95 2.1396
18.075 -12.13 0.94 2.6419
0 -14.19 -3.95 2.7137
0 -13 2.04 3.7908
0 -11 6.38 1.648
0 -9.01 8.41 0.6854
0 -7.4 8.24 3.053
0 -11.96 5.18 2.1128
0 -7.56 8.98 2.1635
0 -8.84 8.37 1.0189
0 -9.25 7.22 1.2215
0 -10.79 6.79 2.5257
0.625 -10.51 7.25 2.2593
1.625 -7.41 7.95 2.6236
0.75 -11.8 1.01 2.8086
0 -11.38 -2.49 2.9222
0 -9.2 5.82 1.5668
2.425 -5.46 9.02 2.7036
8.375 -6.73 8.87 6.0179
4.3 -10.98 -2.11 3.4554
2.1 -14.73 -4.89 0.9609
5.85 -13.59 2.36 2.402
1.575 -9.43 -1.05 2.2761
14.775 -11.82 -0.89 2.7574
9.3 -12.2 -3.76 3.7006
0 -15.26 -4.51 0.8807
0 -12.25 1.3 2.2159
0 -9.83 6.27 0.4728
0 -8.43 8.8 1.4317
0.65 -8.06 6.85 1.9683
12.125 -6.06 4.75 3.8101
9.15 -11.5 -1.32 4.7048
1.05 -11.63 -4.22 1.0956
0 -10.25 1.58 0.6777
0 -9.27 3.65 0.8746
0 -6.52 8.3 2.7377
0 -8.33 8.5 1.3424
0 -7.47 10.85 1.032
3.175 -6.31 12.04 1.9401
9.475 -4.15 10.28 2.9469
5.85 -10.83 -0.68 2.9289
1.525 -9.31 -5.02 1.4964
0.55 -8.56 -3.72 1.6346
0 -7.62 7 0.6774
0 -5.92 10.19 1.46
0 -5.22 10.92 0.712
4.1 -1.21 13.06 4.3793
4.9 -7.9 3.76 5.4242
1.725 -13.26 -2.73 4.2303
0.175 -11.51 -1.89 3.571
0 -9.58 2.98 1.9997
0 -8.04 8.02 2.3512
0 -7.18 10.24 1.1649
0 -4.35 12.75 2.0035
0 -2.96 11.69 3.6162
0 -8.33 8.13 2.1849
0 -8.95 6.34 1.0078
0.05 -4.92 9.82 2.9514
2.025 -6.87 8.59 3.8862
6.05 -9.74 0.65 3.5361
3.05 -13.42 -0.35 4.8889
0.05 -9.57 1.22 2.4952
0.075 -6.86 6.64 1.1995
0.05 -6.18 8.71 0.7333
0 -3.94 11.16 0.6071
0.9 -1.8 13.59 1.4404
1.7 0.69 13.09 2.1932
0.7 -9.86 9.24 2.5261
0.1 -4.45 6.84 1.7976
0.05 -1.37 10.21 3.429
0 -3.89 10.61 4.5005
1.3 -9.83 4.85 3.8434
1.05 -10.52 -0.17 4.0916
1.075 -8.05 0.87 2.3899
2.15 -8.24 2.54 1.6687
5.15 -5.79 6.45 3.4667
8.05 -6.75 3.77 2.8372
3.325 -8.78 1.36 3.9244
0 -9.1 3.39 1.9483
0 -5.85 10.87 0.6734
0 -4.32 13.95 2.6964
0 0.72 13.3 2.9597
0 -1.24 12.27 2.7656
0 1.65 14.94 2.9715
0 3.6 15.25 3.0445
0 3.1 14.7 2.1621
0 3.53 19.17 3.2084
0 5.65 19.65 3.2064
0 1.46 17.9 2.299
0 2.76 17.35 4.1202
0 -0.61 14.49 4.6834
0 -2.94 10.13 5.2847
0 -0.63 7.51 4.2312
0 -1.81 12.65 1.2229
0 -0.59 14.88 1.595
0 1.49 18.39 3.2646
0 -1.57 16.53 3.2478
0 -3.56 11.28 0.7808
0 -2.62 15.66 2.296
0 -2.54 13.33 3.2903
0 -3.64 12.79 2.5214
0 -2.78 14.69 1.3654
0 -1.25 13.36 0.9498
0 1.36 17.32 1.5511
0 1.14 17.94 2.1405
0 3.14 14.98 2.5998
0 1.21 15.83 2.249
0 3.61 17.54 0.7277
0 5.23 21.61 1.4203
0 5.9 22.52 3.3174
0 3.75 21.26 3.0558
0 0.68 18 2.6875
0 0.93 18.21 2.7122
0 1.68 17.52 1.8522
0 0.67 16.71 0.9586
0 1.42 18.13 1.8056
1.05 3.39 20.83 2.3853
0.75 3.19 19.84 2.0329
0 3.51 19.18 2.1443
0 5.46 21.35 2.0762
0 4.84 20.84 1.8199
0 5.07 21.94 2.4995
0 6.25 20.93 3.4081
0 7.11 21.83 3.6504
0 4.53 19.23 1.9162
0 5.71 21.79 1.1393
0.8 6.59 23.91 2.5655
0.575 5.68 21.59 2.8147
0 6 23.32 2.6325
0 6.55 24.51 2.1805
0 5.09 24.27 2.1132
0 4.8 22.66 2.7623
0 3.6 21.65 1.1051
0 4.24 20.85 2.2652
0 5.41 22.39 1.9305
1.125 6.91 23.32 2.3411
0.8 5.84 21.55 2.6678
0 2.76 20.7 1.9129
0 2.26 21.28 2.3224
0 4.02 20.63 1.8737
0 3.19 21.07 2.2658
0 3.29 21.01 2.5161
0 2.34 20.68 2.1323
0 3.17 20.77 2.4775
0 2.21 21.59 1.612
0 2.12 21.24 1.9995
0 2.81 20.97 2.022
0 1.46 20.42 2.1091
0 2.48 19.89 2.5102
0.525 3.18 18.66 2.8867
0.3 2.37 14.96 2.1046
0 0.92 17.92 2.024
0 2.23 18.63 2.4216
0 0.58 13.36 1.0399
0 1.47 18.27 1.1644
0 3.07 20.12 2.1007
0 2.89 20.31 2.6723
0 3.72 20.58 1.1604
0 3.22 22.02 1.9021
0 4.36 22.71 1.991
0 3 20.83 1.8867
0 1.86 20.68 2.2113
0 2.98 21.83 2.1654
0 4.13 19.02 1.8115
0 0.47 17.15 2.6998
0 3.45 21.2 2.2969
0 4.53 24.53 0.7779
0 8.32 25.63 2.5645
0 4.67 24.71 2.7691
0 1.07 19.84 3.155
0 -0.01 9.92 2.2438
0 -3.2 9.2 2.3497
0 -3.24 11.8 0.9622
0 -0.53 15.91 0.5745
0 0.42 19.75 0.5174
0 2.92 22.32 1.1246
0 3.96 22.59 1.4823
0 2.42 21.9 1.9602
0 0.21 19.49 1.4068
0 0.46 19.39 2.7486
0 2.77 19.04 3.1869
0 -4.77 7.05 2.1392
0 -3.21 14.49 0.7651
0 -1.95 14.68 0.843
0 -0.64 17.51 1.0581
0 -0.58 17.76 1.8397
0 -1.59 16.23 1.4711
0 -1.87 16.2 0.641
0 -1.78 16.48 1.1701
0 -2.51 17.68 1.6779
0 -1.85 16.94 1.5437
0 -1.5 17.2 1.6339
0 -2.68 13.06 0.9822
0 -4.07 14.89 1.094
0 -1.28 14.42 2.724
0 -2.99 11.47 0.8338
0 -2.03 15.24 0.4773
0 0.34 18.31 1.04
0 0.77 21.67 0.5042
0 3.29 22.1 1.178
0 5.21 23.25 0.4851
0 4.59 23.71 0.4955
0 2.84 23.39 0.3179
0.15 3.11 19.37 0.5985
5.125 2.47 16.56 1.4381
28.775 2.43 16.62 1.731
43.525 -0.42 7.3 1.5704
6.075 -2.85 1.79 1.1631
9.45 -6.06 3.22 0.8087
2.35 -5.7 1.68 2.192
0.1 -7.55 3.81 0.845
0 -5.57 8.6 1.7931
0 -5.02 11.43 1.6992
0 -1.6 14.74 1.4258
0 -1.87 14.48 2.5123
0 -0.18 15.81 1.8332
0 -0.69 15.82 0.9189
0 -0.9 15.33 0.8268
0.025 -0.37 15.42 1.4089
2.075 0.39 11.58 0.8788
1.65 -2.32 7.38 1.2303
0 -1.92 6.82 1.9806
0.375 -3.85 11.28 1.1529
0.225 -2.91 9.4 2.093
2.7 -4.71 8 1.9231
14.6 -2.59 6.7 1.8147
34.475 -1.06 2.96 4.6865
18.925 -5.78 3.72 3.9468
0.025 -7.78 2.83 1.5732
0 -11.03 2.54 3.0893
0 -10.47 3.36 3.3008
2.775 -5.32 7.34 2.1068
2.025 -5.49 8.49 2.0554
0.175 -7.45 0.61 0.8923
0 -6.97 5.82 1.8916
0 -5.91 8.81 3.4178
0 -4.5 11.84 3.2254
0 -1.6 13.08 2.2444
0 -0.72 12.48 1.1832
0.325 -1.71 11.51 2.4342
23.25 -4.84 8.88 3.0262
13.15 -9.44 1.48 2.8923
1.675 -11.98 -1.76 0.5761
2.125 -11.95 -0.31 1.6194
0 -11.24 -2.37 2.6649
0 -10.1 0.7 1.4738
0 -10.05 4.25 3.2018
0 -8.21 3.1 1.514
0 -5.72 7.12 2.403
0 -7.12 7.75 0.7662
0 -9.7 5.95 2.1944
0 -3.65 7.23 2.5143
25.4 -3.49 7.54 3.1951
44.075 -10.55 2.18 3.4752
28.775 -13.1 -6.33 5.4814
11.925 -12.79 -8.66 3.27
14.675 -12.05 -5.48 4.5628
8.075 -17.39 -7.99 0.9723
0.5 -19.98 -10.6 3.3232
0 -18.25 -8.05 3.268
15.225 -12.81 -4.32 2.9997
9.55 -17.26 -4.48 3.0384
0 -19.53 -9.83 2.0811
0 -16.74 -9.63 2.9563
0 -15.38 -4.57 2.178
0.05 -11.44 1.01 2.4824
0.025 -5.03 1.86 1.6973
0.425 -6 3.01 1.7092
11.7 -8.62 0.01 1.9652
7.55 -7.58 1.6 3.1902
0 -10.18 -1.79 2.3806
1.725 -8.29 1.63 1.7594
3.875 -5.87 2.35 1.113
0.75 -5.12 0.82 1.4126
0.025 -6.04 2.4 0.5368
0 -9.43 2.78 2.2474
0 -9.65 1.99 1.5565
20.7 -9.11 4.12 2.0053
14.95 -9.92 0 1.8464
5.9 -11.34 -3.51 2.5404
57.225 -10.74 -4.59 3.4184
93.35 -9.83 -5.79 5.3882
80.7 -8.69 -2.68 6.4066
39.5 -10.71 -2.61 2.1192
17.175 -11.78 -9.76 1.9977
6.975 -12.72 -7.52 2.2022
2.65 -10.69 -5.21 0.3802
0.25 -11.51 -4.54 2.7687
21 -13.73 -2.67 5.1065
10.975 -11.39 -2.69 1.9769
0 -12.88 -8.81 1.0915
29.7 -12.69 -7.02 2.2632
17.325 -11.23 -5.14 4.6696
1.15 -19.76 -6.26 2.8828
2.175 -20.15 -10.54 1.1969
12.4 -18.96 -10.81 3.5734
22.175 -12.6 -9.95 4.5898
33.2 -12.87 -9.42 2.5935
0 -15.11 -8.11 3.076
0 -15.96 -9.54 3.8103
0 -13.77 -6.65 5.4814
0 -13.35 -6.4 3.9742
0 -14.65 -7.58 1.8188
0 -14.79 -4.99 1.0149
0 -15.49 -4.9 3.3428
1.775 -15.53 -5.96 3.1579
8.675 -11.79 -5.58 1.5477
0.15 -12.98 -3.38 1.6007
0.1 -12.38 -1.78 1.4661
0 -12.73 -0.6 2.3842
0 -10.41 0.08 1.0996
0 -9.57 1.83 0.6556
0 -10.8 0.19 2.156
0 -10.09 2.43 1.3158
0 -12.6 3.17 4.3029
0 -12.46 0.84 3.606
0 -14.05 0.5 2.7358
0 -11.03 3.64 3.6528
0 -11.73 0.22 2.1391
0 -11.26 1.84 2.1516
0 -11.4 1.49 4.9451
0 -11.54 2.04 3.1283
0 -11.4 1.88 1.7687
3.95 -10.8 2.8 0.6741
16.6 -10.56 3.27 1.7877
5.575 -12.9 -6.6 1.7168
0 -13.58 -3.21 2.1371
0 -16.98 -2.66 3.0946
0 -15.46 -2.49 2.1535
0 -12.72 0.14 2.9822
0 -11.19 3.55 1.7385
0 -9.19 4.46 1.9545
0 -8.64 5.39 0.6349
0.05 -12.04 5.75 2.2419
0.025 -14.43 1.91 3.6603
0 -15.66 -2.09 3.8355
0 -14.56 -0.55 3.8692
0 -12.67 2.75 2.5843
0 -10.88 5.19 1.4362
0.025 -9.95 4.87 3.1719
7.425 -9.05 2.95 3.8325
51.675 -10.38 2.46 6.1827
30.9 -13.25 -8.44 4.1966
45.05 -11.83 -9.06 3.2878
41.275 -12.29 -6.14 4.2721
5.05 -17.42 -7.72 0.8775
0.025 -17.42 -6.94 1.1891
0 -16.54 -7.14 0.3679
0 -16.15 -3.41 0.2296
4.85 -14.08 -3.99 2.4045
18.625 -12.92 -4.95 5.9796
24.175 -16.92 -8.75 0.6178
0 -19.21 -10.75 0.5066
0 -17.84 -7.1 2.0888
2.65 -15.92 -1.61 1.7064
6.9 -13.09 -0.79 3.3285
11.45 -9.42 -0.85 1.8651
1.65 -12.42 -0.7 1.4167
2.1 -10.54 2.05 0.5889
14.925 -9.11 4.49 1.7759
27.175 -8.55 -1.97 4.605
0.05 -11.96 -3.43 0.6731
0 -10.88 2.75 1.5304
0 -9.47 6.97 1.2974
0.3 -9.04 6.09 1.117
0.175 -9.26 4.65 0.7718
0.95 -9.49 5.86 0.8568
0.8 -7.34 1.98 1.0964
8.025 -7 5.7 1.283
32.925 -6.08 6.77 3.0145
3.225 -11.22 -0.47 0.97
25.525 -11.09 0.7 3.2633
39.25 -11.88 -5.23 4.974
77.9 -11.21 -6.52 6.3851
14.95 -12.31 -6.88 2.8105
4.775 -13.42 -4.35 0.8379
14.15 -12.83 -4.09 4.3548
47.9 -12.49 -5.14 5.3233
36.025 -15.38 -6.12 4.1911
18.575 -11.71 -4.28 2.9101
9.425 -10.96 -6.71 1.6836
0.075 -10 0.01 0.5365
0 -10.51 2.9 1.0928
0 -10.75 4.4 2.247
0 -8.81 6.6 2.195
0 -6.52 10.98 1.6097
0 -4.94 14.4 1.4507
0 -8.47 10.65 1.2014
0.175 -9.04 7.76 2.0461
0 -7.25 9.91 1.5315
1.575 -7.01 9.97 1.4253
6.375 -10.78 7.74 3.6357
8.275 -16.12 -7.02 1.3921
4.05 -14.94 -8.71 1.5684
0.25 -14.55 -3.09 0.5987
0 -11.36 3.05 1.4635
0 -10.38 4.95 1.3923
0.375 -8.95 5.43 3.0232
0.4 -12.26 -2.81 0.6199
0 -9.67 4.32 0.7534
0 -7.66 9.8 1.3422
0.025 -6.84 11.4 2.3985
0 -6.24 11.12 3.2511
0 -5.75 6.57 1.8927
0.525 -6.75 9.3 2.4279
16.15 -4.74 1.86 2.6002
2.375 -8.6 4.54 0.8506
1.175 -8.28 4.31 1.6201
0.225 -6.33 3.5 2.7781
1.625 -7 1.42 2.6702
0.025 -9.59 3.67 2.8514
0 -8 5.98 0.8478
0 -6.86 9.02 2.6455
0 -9.65 7.75 4.6771
0 -9.91 4.56 3.792
0 -8.93 5.22 2.0724
0 -6.93 8.15 0.6091
0 -4.4 11.25 0.8384
0 -3.85 12.79 3.1345
0 -1.54 14.81 0.9061
0 -1.11 15.52 1.7641
0 -1.69 14.6 2.2211
0.6 -3.28 11.8 3.3309
2.325 -8.1 3.45 3.5839
6.55 -9.77 -2.09 2.9687
0 -7.77 6.38 1.6994
0 -4.38 10.6 1.2284
0 -3.11 13.1 0.6193
4.875 -3.05 14.43 3.0964
12.875 -10.93 6.99 3.1718
5.075 -11.17 -3.63 1.138
12.25 -8.9 0.04 3.4741
23.05 -10.11 -2.49 2.5984
3.175 -8.94 -0.06 3.7146
0.225 -8.28 5.68 1.8793
0 -4.13 10.84 1.9241
0 -4.12 10.16 2.803
0 -5.8 9.51 4.3776
0 -7.11 7.34 2.4537
0 -5.14 9.89 2.9316
0 -5.31 8.57 2.8799
0.95 -5.54 8.49 3.5359
2.475 -5.1 8.66 4.4746
10.925 -9.79 3.77 5.03
2.45 -9.04 1.13 2.9956
0.4 -6.29 5.98 2.955
0.825 -5.7 7.17 3.2398
2.15 -8.79 2.31 1.8368
0 -8.41 4.41 0.6562
8.3 -4.52 5.69 2.7621
25.15 -3.47 -0.41 1.5422
13.475 -5.55 6.96 3.7268
0.275 -6.36 4.16 1.8101
0.225 -5.14 8.28 3.0645
0 -3.37 11.43 1.6067
0 -1.85 14.17 2.1112
0 -1.72 14.62 2.9883
0 -2.21 12.34 2.5866
0 -1.07 13.39 2.7691
0 0.45 15.65 1.4776
0 1.5 18.6 1.9112
0 1.56 18.32 2.5624
0 -1.33 14.81 1.0881
0 -0.48 13.77 3.0166
0 -0.22 15.72 2.0884
0 0.52 15.36 0.2093
0 1.89 18.82 0.3362
0 3.4 21.19 2.4718
0 3.59 20.96 3.1126
0 1.31 18.82 2.7764
0 -0.04 18.88 2.7696
0 0.08 17.29 2.218
0 1.61 19.18 2.1493
19 2.4 18.87 2.8514
28.775 -0.78 15.01 2.6093
7.525 -3.12 6.36 2.1887
0 -0.86 14.73 0.6937
0 1.27 19.19 0.8975
0 4.01 21.21 0.8422
0 3.75 21.55 1.7491
0 4.47 21.09 1.9004
0 5.69 19.22 2.4596
0 5.83 20.52 2.9087
0 4.8 19.32 2.34
0 4.2 20.23 2.5876
0 2.17 19.9 2.2457
0 1.95 19.09 2.4316
0 1.72 17.74 2.4746
0 1.13 16.95 3.1865
0 0.22 15.2 2.616
0 1.4 13.93 3.1282
0 -0.25 13.63 3.1205
0 0.08 14.41 2.023
0 -0.03 16.13 1.5678
0 0.64 17.94 2.04
0 0.63 18.27 1.1955
0 1.3 19.2 2.3294
0 2.98 19.85 2.8904
0 3.19 19.44 1.8408
0 4.42 20.35 2.0463
0 2.62 21.31 2.2442
0 1.93 20.28 1.8391
0 1.96 19.79 1.739
0 3.28 19.33 1.3812
0 5.31 21.51 2.1427
2.4 5.14 22.31 2.9507
2.5 7.19 21.47 2.134
4.625 5.11 16.94 1.625
0 4.2 20 1.9865
0 4.24 21.09 2.1363
0 2.65 21.1 3.0914
0 2.36 18.44 2.2256
0 1.99 18.69 3.0689
0 2.01 19.24 2.4424
0 2.86 19.16 1.8089
0 2.32 20.24 1.8609
0 2.46 20.01 2.1724
0 2.92 20.21 2.6554
0 3.15 20.83 1.498
0 3.91 21.11 1.3594
0 3.06 20.95 2.1524
0 3.47 19.82 1.5663
0 2.48 18.9 0.9653
0 2.1 19.66 1.4582
0 2.63 20.81 1.2646
0 3.8 21.78 2.5073
0 2.85 19.28 2.0586
0 1.81 18.5 1.4896
0 0.69 18.42 1.0982
0 0.03 18.48 1.0071
0 3.48 21.55 2.0839
0 4.87 21.88 1.3674
0 4.37 21.36 0.9714
0 4.29 23 1.1767
0 5.4 22.94 1.5399
0 5.01 23.03 1.6208
0 2.94 22.11 2.0009
0 1.68 21.22 1.9196
0 0.84 19.45 0.782
0 1.46 18.98 0.8113
0 1.31 20.73 0.9084
0 3.31 20.16 0.8781
0 4.62 20.87 1.803
0 3.05 19.13 0.5684
0 3.02 20.17 0.884
0 4.17 21.27 0.7323
0.575 3.99 20.41 1.8178
6.3 2.32 19.74 1.1725
6.5 2.4 16.41 1.3692
22.825 -0.53 11.96 1.2884
5.8 0.94 14.32 0.6041
24.075 0.09 16.47 0.997
0 0.37 14.78 2.451
0 1.23 16.35 2.0002
0 0 14.03 1.5965
0 -0.55 14.35 0.2368
0.8 0.02 17.26 0.3215
0.55 2.51 19.4 0.8863
0 2.49 19.62 0.4119
11.925 3 20.17 0.4202
0 3.78 20.01 0.7674
0.125 3.85 21.18 1.6748
20.875 0.87 16.67 2.3362
0.225 -0.79 11.22 1.6341
0 0.05 15.04 0.4312
0 2.27 17.94 0.6724
0 2.47 17.91 1.0716
0 1.13 19.37 1.6096
0 0.41 18.88 2.5688
0 1.68 15.68 2.0836
0 0.12 13.72 2.2625
17.225 -2.26 10.39 2.4309
47.425 -5.42 5.99 4.0016
23.05 -8.8 1.71 0.6737
3.9 -10.04 1.53 0.9806
0 -8.94 3.77 1.2819
0 -6.88 7.61 1.3699
1.2 -4.44 9.57 1.6935
6.35 -3.35 6.08 1.7125
0 -4.62 11.93 0.9122
0 -3.96 13.75 0.6493
0 -0.56 15.98 0.6519
0 -2.25 16.03 1.2231
0 -1.97 13.59 1.7841
0 -1.71 13.17 1.9179
0 -1.68 13.17 2.0279
0 -2.69 14.57 0.6261
0 -3.48 12.2 0.6067
0 -3.04 12.68 0.3895
0 -2.97 12.16 2.2739
0 -4.35 13.55 1.9055
0 -3.14 13.72 2.4216
0 -4.67 11.24 1.3706
0 -7.33 7.61 3.778
0 -8.89 4.88 3.4746
0 -8.69 5.79 2.2337
0 -6.21 8.63 0.8421
0 -5.85 10.32 2.3124
0 -5.33 10.81 0.1944
0 -5.27 10.67 3.2771
0 -7.3 6.7 4.1787
2.775 -9.86 6.71 4.0292
13.05 -11.28 5.92 1.9263
4.325 -13.8 -6.31 0.3756
12.475 -12.57 -4.98 1.5108
0.275 -12.56 -5.52 1.0196
0 -13.45 -3.41 2.4011
0 -12.86 -1.17 3.3667
0 -12.05 2.02 2.9939
1.85 -10.19 2.13 3.235
4.75 -6.45 0.01 1.0568
0 -8.02 1.4 0.2299
0 -7.33 3.2 0.5252
0 -10.03 3.57 0.4965
0 -10.02 4.01 0.8704
0 -10.13 3.79 1.2078
0 -10.2 4.28 3.4942
0.55 -10.24 -1.06 2.2664
1.825 -9.77 -3.24 3.8453
4.125 -12.5 -5.44 1.5034
0 -12.77 -2.31 2.1324
0.2 -11.88 1.23 3.4174
0 -10.83 6.99 2.2786
0 -11.67 2.31 0.8279
0 -11.42 2.03 2.999
0 -9.33 4.04 2.3966
0 -8.96 3.42 1.0745
0 -7.54 4.55 1.9508
0 -10.33 5.21 3.1884
0 -11.32 1.95 9.2798
0 -12.32 -3.77 3.9408
0 -14.15 0.87 4.5823
0 -15.14 -2.03 2.6974
0 -14.55 -1.7 3.5116
0 -15.49 -2.54 3.038
0 -14.69 -2.52 3.6964
0 -14.15 -0.51 3.9861
0 -14.39 -0.48 4.3664
0 -13.9 -0.83 3.2466
0 -14.2 -1.18 1.2483
0 -15.41 -1.52 1.6631
0 -15.15 -4.89 1.4595
0 -14.72 -3.78 1.1185
0 -13.66 -3.01 0.9362
0 -13.81 -4.27 5.9288
0 -14.12 -1.77 4.9283
0 -15.08 -1.31 2.6289
0 -13.53 0.19 4.7006
0 -15.94 -2.21 4.7274
0 -14.59 -4.2 3.438
0 -17.05 -1.44 4.5811
0 -16.47 -1.44 3.9495
0 -15.65 -1.72 4.9056
0 -14.83 -0.9 3.2573
0 -13.24 0.14 1.3733
0 -12.72 1.81 1.1593
0 -11.79 0.1 1.1264
0 -9.27 5.32 0.9711
0 -10.14 3.53 1.2687
0 -12.53 3.13 2.3959
