1.25 -0.32 9.53 1.5305
9.65 -1.67 9.57 1.4148
5.3 -5.54 5.8 1.6778
0.575 -7.98 3.03 4.1099
3.775 -6.64 2.79 1.8448
2.05 -2.5 -0.22 0.4448
0 -1.87 6.92 1.4774
0 1.4 10.78 0.72
0 -1.68 11.65 4.3605
0 -0.82 12.32 3.3569
0 1.1 13.76 2.4405
0 4.81 16.01 5.46
0 4.14 15.53 3.9157
0 -1.36 16.4 3.593
0 -0.22 17.72 3.8854
0 -0.15 16.45 4.8998
0 0.92 15.06 4.2696
0 1.32 14.11 4.8086
0 1.53 14.38 4.9208
0.05 1.78 13.42 3.4627
14.425 2.56 14.74 2.7113
29.625 4.59 12.71 2.1188
68.1 4.33 7.3 1.6337
50.5 1.71 7.08 2.5116
13.6 -1.83 4.35 3.4775
3.875 -8.09 -1.2 0.8133
0.975 -8.26 1.43 1.3066
0 -6.26 4.58 1.4331
0 -1.71 8.99 4.2297
0 -0.99 14.53 4.4967
0 1.21 14.78 3.0976
0 0.24 13.88 3.1885
0 -1.31 10.48 3.92
0 -2.06 15.05 3.7779
0 2.35 16.24 2.9836
5.975 2.9 14.39 2.5083
9.575 -1.01 5.05 2.8704
3.55 -2.26 4.38 2.8367
23.3 -1.85 7.11 1.2728
13.975 -6.16 4.41 3.5696
4.5 -11.4 0.32 0.4534
13.025 -8.93 1.41 2.668
8.55 -4.98 2.29 1.4023
20.85 -5.06 2.94 3.1332
11.475 -5.01 -0.81 3.5673
3.85 -2.53 3.35 5.8639
34.75 -2.38 1.52 5.47
28.025 -2.79 0.95 4.3803
5.025 -5.02 -0.58 1.3249
0 -5.55 5.88 3.4489
0 -3.3 10.12 2.6119
9.55 -2.39 10.5 3.7711
40.575 -5.48 9.38 3.6526
31.025 0.93 3.66 2.6485
6.05 -1.36 4.39 1.5955
2.05 0.05 11.82 1.518
0.95 -1.17 4.53 2.6547
0 -2.92 9.32 0.4051
0.025 -0.66 11.18 3.6884
23.35 2.6 11.62 2.8087
42.275 1.72 6.88 4.0945
56.825 0.5 6.91 4.917
24.2 -2.84 2.37 2.9013
2.125 -7.03 2.64 0.8644
1.15 -4.27 3.95 1.8671
0 -7.11 2.85 0.3458
0 -8.9 8.5 1.3674
0 -2.57 10.05 2.5923
0 -7.27 5.22 0.4484
0 -6.32 9.64 0.7085
0 -2.23 9.89 2.1477
0 -2.14 13.08 2.3835
0 -1.48 14.66 1.3621
0 -1.27 10.92 2.4406
0 -0.08 12.04 2.889
0 0.83 14.78 1.0593
0 2.21 16.03 1.0754
0 3.53 18.48 0.9483
0.5 1.01 18.7 0.6916
25.15 2.49 18.08 1.8755
18.15 -3.81 9.34 4.1107
1.95 -9.19 1.28 2.1799
0 -6.78 5.43 1.938
0 -2.32 12.91 0.5248
0 -1.74 14.15 1.8862
0 1.2 17.55 2.0712
0 1.34 16.04 1.3617
0 1.33 17.96 3.3598
0 -1.32 12.69 1.9994
0 -0.87 13.03 0.3057
0 1.11 14.7 2.6271
0 1.82 17.86 2.5395
0 -1.92 13.97 5.2193
0 -4.43 8.17 1.9661
0 -3.03 12.98 2.7882
0 0.76 16.85 2.2442
17.725 2.47 19.17 1.2191
15.275 -1.34 15.29 3.1514
12.775 -1.32 4.48 1.7776
6.2 -1.31 5.52 2.2406
0.125 -2.29 5.96 3.685
0 -0.68 11.21 1.5235
0 1.58 14.37 2.1695
0 1.5 14.78 4.7156
0 -6.15 8.2 5.9979
0 -4.18 4.96 3.0899
0 -1.07 13.89 1.5766
0 2.35 18.79 2.8454
0 5.56 21.28 2.7975
0 7.72 24.71 1.5227
0 9.87 26.87 1.1205
0 9.61 27.4 2.0161
0.25 6.85 25.85 2.7563
2.875 3.38 20.17 3.294
1.625 -3.35 6.84 3.436
0 -0.11 12.44 1.9045
0 0.86 15.18 2.3372
0 -0.78 14.2 3.1947
0 -1.45 11.87 1.6301
1.725 1.18 14.59 1.8974
70.45 6.26 17.92 1.9183
49.05 3.87 14.65 2.5395
13.75 3.79 8.34 3.7677
7.7 2.73 12.95 1.9049
1.325 6.03 15.36 3.7732
0 4.24 18.07 2.1876
0 5.26 20.9 2.8435
0 6.87 22.13 1.6825
0 6.22 22.75 1.2778
0 7.43 22.55 0.9569
0 7.26 24.44 2.9841
0 5.67 23.08 3.2904
0 5.66 21.09 2.5107
0 6.22 21.2 3.1177
0 7.37 22.83 1.7895
0 10.22 24.65 1.6072
0 12.94 29.59 0.3623
1.5 13.99 31.74 2.3552
0.9 11.39 30.76 2.6629
0 8.53 25.18 1.5821
0 7.97 24.02 0.9274
0 8.95 25.5 2.4355
0 8.95 25.06 2.9748
0 7.47 24.5 2.7282
0 6.38 23.52 1.9021
0 8.36 24.29 1.3659
0 9.7 26.07 0.8689
0.175 11.34 27.69 1.9439
0.1 11.4 26.31 2.5207
4.375 12.62 25.79 3.2294
2.625 10.33 25.13 2.2091
0 10.23 24.52 2.0296
0 9.64 21.81 2.2693
1 9.65 20.36 0.4637
7.45 6.47 19.33 2.149
6.475 2.84 17.82 3.5449
5.825 2.58 9.35 2.3408
2.625 4.04 11.24 2.7006
0 5.96 18.1 2.5629
0 7.9 20.28 3.4045
0 6.96 19.63 3.0712
0 5.32 18.49 3.3234
0.725 6.33 19.21 2.3149
0.725 7.58 17.92 3.5813
0.175 5.34 18.79 2.4509
0 6.25 19.43 2.4474
0 6.9 19.17 2.447
0 9.09 20.75 3.0182
0 9.53 23.46 1.7902
0 11.47 27.21 2.6625
0 8.02 26.81 3.176
0 5.81 21.92 3.2006
0 6.79 19.75 1.2952
0 9.26 23.11 0.6937
0 11.25 26.92 1.499
0 12.3 29.59 2.7331
0 10.85 27.88 1.697
0 12.75 28.34 0.8854
0 13.7 32.38 0.6106
0.125 15.28 33.91 2.9498
0.075 14.64 33.46 2.9065
0 13.68 28.24 2.2665
0 14.6 31.56 1.7442
0 12.96 29.96 2.8753
0 12.28 29.7 2.5503
0 11.4 28.92 2.8029
0 10.73 28.31 2.5825
0 9.5 27.07 2.7996
0 8.96 25.72 2.5803
0 9.44 26.04 2.5644
0 9.53 26.13 1.9258
0 10.74 27.69 1.858
0 12.68 28.41 2.2991
0 12.29 28.38 1.4555
0 12.78 30 0.7427
0 13.33 30.54 1.5391
0 14.44 32.86 1.9737
0 15.64 33.19 1.7931
0 16.64 34.29 2.0321
0 16.65 34.48 1.6945
0 16.73 35.93 2.4457
0 15.15 34.05 2.5502
0 14.44 32.25 2.315
0 16.71 32.74 2.079
0 15.06 32.13 2.1501
0 14.02 31.63 2.2549
0 14.86 32.63 1.963
0 15.45 33.74 1.7558
0 16.62 33.4 2.0569
0 15.72 32.85 2.834
0 16.35 32.19 2.5428
0 15.7 32.11 2.5946
0 15.16 31.17 2.4889
0 14.02 30.6 3.0835
0 11.83 28.35 2.6706
0 12.57 27.95 2.2547
0 12.86 28.47 2.4603
0 9.27 26.74 3.1702
0 5.95 18.03 1.914
0 8.46 20.27 1.3602
0 11.11 25.7 0.3472
0 12.83 29.01 1.1699
0 13.99 31.44 2.9917
0 13.51 31.75 2.8057
0 12.92 30.63 3.0431
0 11.34 29 3.1207
0 8.65 26.83 1.4066
0 9.9 26.77 0.3971
0 11.55 28.42 0.7411
0 12.72 30.58 0.9168
0 14.36 32.79 1.3003
0 14.99 33.83 2.1294
0 15.18 32.82 2.2569
2.225 15.1 33.91 2.2811
2.525 11.38 28.54 3.1111
0.7 10.47 24.8 1.6314
0 10.74 26.89 1.5531
0 10.68 28.42 0.5347
0 11.58 29.56 1.4998
0 13.02 29.07 1.2323
0 13.41 29.34 1.3689
0 13.55 31.79 2.8356
0 13.66 30.67 1.9033
0 13.36 29.67 0.9414
0 13.96 30.18 0.2587
0 14.53 30.85 1.4857
0 13.6 30.79 2.1711
0 11.66 29.54 2.1188
0 9.62 26.84 2.0312
0 9.58 24.59 1.4992
0 9.62 24.24 0.4133
0 11 26.21 0.9363
0 12.64 28.47 0.3719
0 13.37 30.15 0.968
0.325 15.01 32.84 1.6246
0.7 12.36 28.96 2.3038
0.325 8.24 22.96 2.7952
0 7.46 18.62 1.5102
0 8.94 24.55 1.3327
0 11.6 27.29 0.3862
0 12.55 28.46 1.0637
0 13.01 30.82 2.1896
0 11.22 28.86 0.9025
0 12.84 28.35 2.4234
0 12.81 31.16 2.384
0 12.69 31.2 1.4712
0 12.11 30.2 0.7952
0 12.15 29.71 0.7925
0 13.71 31.74 1.1783
0 12.85 32.85 0.448
0 12.82 32.86 2.1093
0 11.87 27.54 2.5246
0 0.94 14.94 2.3189
0 2.33 17.96 2.4526
0 5.82 21.27 0.7495
2.225 6.49 21.78 3.0972
1.925 -0.65 17.08 3.4485
0.35 -1.96 6.2 0.3015
0 -1.08 13.82 2.9855
0 2.42 16.51 1.5417
0 2.96 17.9 1.3257
0 4.32 20.53 0.7379
0 5.1 20.71 0.5835
0 2.33 20.73 1.9316
7.125 5.05 19.52 1.984
82.325 3.73 13.13 6.6473
48.175 5.74 12.48 4.4456
0.85 6.61 13.37 0.8714
0 6.98 20.68 2.1502
0 5.64 21.49 1.0357
0 9.48 24.79 1.8005
2.375 7.82 19.37 2.2935
1.425 0.34 11.26 1.9543
0 0.87 13.71 1.0385
0 3.8 17.4 0.577
0 4.33 18.57 1.0192
0 6.56 20.27 1.1449
0 5.7 17.88 1.7653
0 5.6 19.56 1.1133
0 3.87 19.77 4.3605
0 -0.59 8.73 4.9312
0 -2.06 8.25 0.7648
0 -1.53 10.42 0.0629
0 2.54 16.82 0.8276
0 5.08 19.43 0.8134
0 7.02 20.62 1.2424
0 6.54 22.3 1.1486
0 6.57 22.37 1.7618
0 4.86 20.01 2.3355
0 1.37 15.3 0.7029
0 1.34 14.65 1.5246
0 0.06 11.55 1.8495
0 0.61 13.39 1.1846
0 2.27 13.26 0.705
6.2 4.03 13.74 0.3676
6.05 0.57 13.56 1.9458
1.375 -2.91 4.03 1.2041
0 -2.52 7.04 1.0605
0 -1.67 8.16 2.8733
0 -0.13 11.42 2.134
0.05 1.54 14.34 1.6151
0.025 1.12 14.23 1.6186
0.325 -1.06 9.39 2.37
6.225 -1.34 14.35 3.8394
3.575 -1.32 10.01 1.0525
0 -0.83 6.97 0.5429
0 -1.13 9.34 2.3032
0 0.81 11.38 3.7366
0 1.92 13.05 4.0788
0.475 1.54 13.86 2.6428
1.525 2.15 14.52 1.0772
0.725 -2.75 9.18 5.108
0 0.11 6.72 5.0393
0 0.45 8.46 3.948
0 0.47 12.74 1.7339
0 -1.06 11.9 2.3053
0 -2.68 15.54 2.1872
0 -1.22 10.44 2.1178
0.025 -2.08 11.13 0.98
17.45 -4.69 5.96 2.3197
20.15 -4.73 0.64 0.861
5.775 -12.43 -2.33 0.7706
0 -11.02 -2.39 1.923
10.65 -8.29 1.86 3.1226
47.15 -1.36 4.79 2.7837
88.85 0.75 5.42 3.7126
45.875 -1.77 4.67 4.3444
4.325 -2.87 0.63 0.8062
0 -3.39 2.58 3.12
0 -0.39 6.1 2.5342
0 0.66 7.32 2.2383
0 1.12 10.38 2.7837
0 1.08 10.2 4.1143
0.65 1.05 9.22 2.8725
17.125 0.75 10.02 1.8544
11.825 -3.35 6.69 3.626
0.025 -6.87 2.42 2.5649
0 -1.53 8.74 3.9563
0 -2.26 7.98 3.908
8.45 -2.22 8.12 4.0754
5.125 -1.6 5.51 2.027
3.25 -3.07 3.45 3.1476
12.95 -3.07 4.7 0.814
6.65 -1.78 3.73 1.5282
0.025 -2.42 2.75 2.584
0 -1.52 6.9 2.1274
0 -0.54 6.53 1.1711
0 -0.52 8.66 3.9418
0 -2.76 11.95 2.879
0 0.5 11.48 2.5866
0 0.03 10.21 3.029
0 1.4 11.52 2.7649
0.3 2.54 12.61 3.0611
1.45 2.6 11.91 2.326
0.75 2.09 8.91 2.4564
2.325 2.09 8.98 3.147
26.775 2.16 12.5 4.4692
15.275 -0.93 6.3 2.0552
0.05 -3.96 5.47 1.4439
0 -0.32 9.09 3.35
0.725 -0.46 11.2 2.0945
13.225 -0.07 9.59 2.642
43.2 -1.09 6.08 4.7626
37.95 -1.35 3.1 5.6061
43.35 -2.82 0.55 6.5327
39.5 -4.44 -0.49 4.0056
20.8 -4.41 -0.5 3.9014
5.525 -5.54 -0.34 1.0043
0.75 -7.14 2.72 2.2947
1.1 -4.89 2.08 3.9766
0.375 -0.95 3.64 2.93
0 -2.5 6.52 1.3838
0 -4.19 8.85 2.8788
2.15 -1.74 7.64 3.1993
1.325 -1.74 8.26 1.4411
0 -5 6.47 1.1044
0 -8.32 6.96 1.7423
0 -1.72 7.73 2.0084
0 -1.5 8.55 0.6405
8.675 -1.3 8.71 2.8148
14.525 -0.15 6.42 3.3503
14.35 -0.49 4.45 1.6983
5.2 -2.26 1.51 2.4296
1.025 -4.32 2.01 1.4422
1.5 -2.46 3.45 2.2061
0.525 -4.54 2.74 0.5234
0 -3.6 5.1 1.1495
0 -1.2 7.54 1.2494
0 -0.88 10.47 1.4034
0 0.58 12.56 1.5367
0 0.25 14.3 0.964
0 1.27 13.68 1.7041
0 1.72 13.93 2.4656
0 0.42 15.42 1.0549
1.325 -0.74 13.44 1.2108
5.625 0.41 8.39 2.2213
13.8 -1.56 5.63 2.912
6.525 -6.93 1.07 2.352
33.5 -5.55 8.26 3.7738
26.575 -1.35 5.89 2.791
3.9 -3.86 5.39 0.767
28.85 -1.07 10.32 4.5618
19.15 0.29 7.54 1.3701
1.125 -2.01 2.8 0.4833
0.475 -0.61 10.74 2.3809
12.35 1.28 12.17 2.668
23.025 -1.11 4.54 3.3027
9.45 -4.41 2.44 2.9716
0.05 -6.08 1.76 1.3337
0.025 -2.12 7.12 2.5715
0.625 -3.53 9.31 0.8571
3.7 -0.16 8.82 2.4741
5.45 -8.81 1.68 3.7359
2.05 -5.23 4.93 2.0331
0 -5.67 2.31 0.4702
28.075 -2.28 9.3 2.2291
16.8 -4.46 8.77 2.4116
0 -4.2 7.8 2.6974
0 -2.34 12.37 3.8398
0 0.79 16.96 1.4016
0 2.65 17.69 0.7382
0 2.37 18.1 2.928
0 -4.84 15.61 2.1945
0 2.39 19.25 2.0178
0 1.28 17.66 0.5405
0 0.46 15.01 1.3681
0 0.03 15.4 2.1629
1.075 0.47 16.91 2.1268
4.4 -0.09 16.49 2.4089
2.225 -4.36 8.23 2.3037
0 -1.12 12.14 2.8386
0 -0.07 16.14 1.2723
6.075 1.26 16.46 2.6542
23.275 1.72 16.41 5.5331
12.525 -3.39 4.29 2.9754
1.55 -6.52 4.69 0.762
11.9 -4.11 4.48 2.2942
6.775 -1.97 3.99 1.9326
32.95 -3.04 4.52 2.7596
19.7 -4.13 3.53 3.2085
0 -6.37 3.82 0.672
0 -1.95 9.74 2.2711
0 0.31 14.84 0.3757
0 0.8 16.83 1.4799
0.6 1.77 16.89 1.9457
22.45 -1.62 10 3.9898
19.65 -2.25 4.47 4.578
3.8 -3.38 2.3 1.0801
0 -1.97 9.67 0.6483
0 -0.88 11.24 0.8133
0 0.78 16.21 2.3475
0 0.28 15.36 1.3444
0 0.51 17.6 1.154
3.5 2.52 20.15 1.6401
22.3 4.5 16.98 2.6808
14.25 -3.29 5.98 3.0257
1.3 -1.77 1.1 1.7176
0 -1.05 4.15 1.2584
0 0.5 15.41 0.7492
0 2.78 18 1.2865
0 5.18 21.74 0.7512
15.55 5.38 21.72 4.3016
18.075 -0.67 9.49 5.0071
5.4 -5.36 2.85 3.7865
0.1 -4.51 5.83 3.2933
0 -0.48 11.93 1.8342
0 0.41 15.77 1.8674
0 2.09 19.78 1.0016
0 4.21 21.29 2.0164
0 4.05 20.57 3.5562
0 1.32 15.39 2.2145
0 0.03 16.18 0.7747
0.05 2.02 18.41 2.7823
2.975 1.97 17.27 3.6722
22.125 -1.56 7.37 3.3084
12.2 -5.89 5.97 4.0781
0.025 -2.68 8.98 2.1172
0.2 2.38 15.3 1.078
0.1 3.53 18.61 0.6795
0 3.93 20.22 0.563
0.975 7.52 22.34 1.3039
9.15 8.54 21.41 2.052
5.125 3.05 11.8 1.9839
0.55 4.25 15.14 1.627
0.325 6.43 17.54 3.3618
0.95 2 18.89 4.3081
0.625 -2.79 11.82 3.6252
0.25 -2.3 6.64 4.0937
1.2 0.15 10.81 2.3162
8.825 -0.25 10.33 1.5592
17.2 3.11 13.24 3.088
17.375 0.67 9.05 2.4443
5.95 -1.29 8.24 3.497
0 -0.21 10.84 1.7129
0 3.22 18.97 0.5755
0 7.19 22.45 2.5313
0 10.08 21.85 2.9712
0 6.95 20.63 2.5076
0 8.49 21.81 2.646
0 9.39 23.37 2.7234
0 10.63 22.72 1.9912
0 11.81 27.74 2.9248
0 10.87 27.84 3.0713
0 10.07 25.58 2.4332
0 9.01 25.05 3.8384
0 4.49 21.25 4.5826
0 4.38 17.89 5.1166
0 9.63 19.25 3.9024
0 9.3 23.47 1.0239
0 9.76 25.61 1.7301
0 9.81 27.23 2.9058
0 6.37 25.53 3.1028
0 5.71 21.05 1.0602
0 6.68 23.19 2.3221
0 6.29 22.84 3.2309
0 5.18 20.21 2.5584
0 6.74 22.74 1.6193
0 7.88 21.9 0.9437
0 10.14 25.68 1.7556
0.15 10.66 26.79 2.1762
0.075 12.24 23.6 2.709
0 9.69 24.02 2.406
0 12.08 26.79 0.9188
0 14.14 30.7 1.5269
0 14.13 33.27 3.1656
0 11.86 29.08 2.9511
0 9.62 27.34 2.6669
0 9.44 26.14 2.7874
0 10.26 25.65 2.0783
0 9.63 25.48 1.0205
0 11.53 27.87 1.862
0 12.25 29.96 2.3846
0 12.37 28.28 2.3268
0 12.37 28.31 2.2791
0 13.62 29.49 2.1226
0 13.46 29.99 1.8347
0 14.04 31.31 2.3803
0 15.15 31.05 3.2595
0 15.14 30.34 3.3605
0 13.03 27.81 1.7504
0 13.64 29.01 1.2954
0 16.29 31.85 2.6427
0 15.79 33.34 2.7811
0 15.27 33.63 2.5932
0 14.06 34.31 2.0054
0 13.99 32.43 2.0016
0 13.46 30.69 2.5823
0 12.91 29.04 1.0065
0 13.47 29.94 2.2613
0 13.95 30.96 2.0786
0 15.19 32.19 2.5677
0 15.19 31.62 2.7848
0 13.47 29.47 1.981
0 11.67 28.42 2.4349
0 12.81 29.75 2.0952
0 12.17 29.54 2.3957
0 12.29 29.41 2.4009
0 11.27 28.92 2.0517
0 11.36 28.81 2.4386
0 11.29 29.39 1.5495
0 11.65 29.97 1.9655
0 11.78 29.5 2.039
0 10.8 28.91 2.1358
0 11.29 28.87 2.5429
0.075 11.75 27.87 2.9402
0.05 10.71 26.03 2.1073
0 10.61 26.68 2.003
0 10.71 27.24 2.3401
0 9.55 24.4 1.0329
0 10.9 26.79 1.3365
0 11.48 27.88 2.2895
0 11.85 28.35 2.8119
0 11.88 28.91 1.1122
0 12.33 31.05 1.6399
0 12.77 31.65 1.7733
0 10.68 30.05 1.9173
0 11.6 29.61 2.2477
0 11.8 30.61 1.9817
0 10.19 25.66 1.7006
0 10.06 26.14 2.5406
0 11.14 31.1 2.1406
0 16.9 34.49 0.6356
0 16.84 36.56 2.3931
0 13.91 33.35 2.4454
0 9.49 29.41 2.9284
0 7.23 16.51 2.2136
0 5.85 17.56 2.4256
0 6.38 20.68 1.2482
0 9.3 24.42 0.7039
0 12 28.91 0.4929
0 12.41 31.33 1.2329
0 12.42 31.77 1.2875
0 11.35 30.74 1.9289
0 11.03 28.98 1.3457
0 11.09 29.36 2.4661
0.075 8.38 27.29 2.9404
0.05 4.09 11.63 2.0071
0 4.06 19.39 0.6847
0 5.42 23.06 0.7061
0 8.99 26.35 1.0621
0 9.47 27.31 1.7531
0 8.49 24.72 1.4532
0 8.41 25.1 0.882
0 8.93 25.58 1.5706
0 8.88 26.26 1.61
0 8.96 25.25 1.5497
0 8.49 25.13 1.4784
0 6.38 20.9 1.1454
0 6.29 23.42 1.008
0 6.86 21.34 2.7281
0 5.85 19.02 0.9772
0 5.86 22.6 0.5188
0 10.81 27.27 0.9179
0 12.56 30.97 0.4014
0 12.84 31.67 1.1491
0 14.89 32.41 0.5355
0 14.81 33.48 0.5426
0 13.85 32.93 0.3043
0 13.4 29.65 0.4569
8.275 12.81 26.37 1.3489
32 10.84 26.76 1.7082
17.575 8.16 16.89 1.433
0.925 6.02 10.89 1.096
1.4 3.62 12.45 0.7784
1.975 3.25 13.53 2.1968
0.55 2.53 12.52 0.7785
0 5.42 17.01 1.8498
0 7.47 18.85 1.6374
0 8.61 22.58 1.4839
0 9.84 23.99 2.3835
0 10.11 25.89 1.6305
0 10.44 24.9 0.7434
0 9.64 24.71 0.6697
0 9.57 24.8 1.2211
3.8 10.52 20.33 0.922
2.35 4.85 16.76 1.1137
0 6.24 15.68 1.7496
0 5.76 22.7 1.0023
0 7.23 19.1 1.9387
5.9 4.65 16.84 1.6766
29.95 5.71 15.66 1.6659
88.45 6.05 8.71 4.8803
49.9 1.08 9.39 3.6408
0.275 1.26 11.24 1.5354
0 -1.42 12.21 3.0163
0 -2.56 11.39 3.3688
3.5 4.92 15.93 2.088
2.85 2.74 16.52 1.8953
0.45 1.38 7.59 0.8419
0 2.74 14.51 1.8398
0 3.77 16.79 3.1673
0 6.9 20.78 2.9667
0 8.88 21.8 1.974
0 8.1 21.88 1.1518
1.075 6.79 19.57 2.2321
26.9 4.63 16.19 3.2083
17.4 -1.22 6.56 2.6299
3.75 -2.94 6.07 0.6967
2.375 -0.51 7.67 1.6122
0 -2.5 5.87 2.4605
0 1.75 10.25 1.477
0 -1.31 11.89 3.0806
0 3.08 13.83 1.5667
0 4.26 16.21 2.5408
0 3.31 16.22 1.0572
0 2.68 14.7 2.1774
0 2.04 15.65 2.1479
25.1 2.53 13.92 2.7819
38.1 -2.88 7.53 3.2761
34.4 -4.5 0.76 5.2187
21.35 -4.01 1.63 3.2725
20.25 -3.45 1.89 4.2937
9.1 -8.35 -0.99 1.145
0 -9.01 1.13 3.4096
0 -8.94 -1.15 3.3398
16.675 -4.2 6.1 2.8612
14.05 -8.7 0.53 2.5889
0 -10.58 -0.34 2.3742
0 -5.88 1.57 3.0433
0 -1.95 5.89 2.2564
0.025 1.04 9.86 2.5719
0 2.14 7.11 1.5665
3.175 1.74 8.8 2.0147
27.85 1.04 5.13 2.1901
15.925 0.39 8.81 3.3081
0 -0.78 7.19 2.2928
11 1.16 11.28 1.9725
11.475 2.25 8.36 1.0704
3.175 2.23 6.22 1.4456
0.225 0.95 8.96 0.4471
0 0.91 12.09 2.2604
0 2.61 10.61 1.3898
34.05 2.17 11.54 1.9335
22.05 -1.28 5.56 1.5774
5.975 -3.98 3.39 2.602
89.8 -4.45 3.69 3.4677
134.93 -0.68 4.13 5.1886
95.1 0.1 5.55 5.9954
40.25 -1.86 8.03 2.3776
13.7 -2.36 -0.78 2.4147
8.175 -1.48 2.08 2.2969
3.625 -2.24 2.72 0.4637
0 -2.49 5.09 2.9133
24.25 -2.04 7.9 5.2957
14.975 -2.92 6.68 2.084
0 -4.02 1.35 0.9793
73.2 -3.49 4.4 2.3471
48.275 -1.36 4 4.5005
2.75 -11.08 2.18 2.4434
5.625 -11.55 -2.32 1.4954
28.55 -11.06 -1.57 4.0883
24.65 -4.9 0.83 4.7165
6.075 -4 0.86 2.548
0 -6.27 1.87 3.1995
0 -5.35 4.12 3.8459
0 -2.3 6.32 5.2875
0 -1.8 8.2 3.7951
0 -3.33 7.29 1.9548
0 -3.33 7.01 1.1586
0 -6.34 3.83 3.2537
7.15 -5.89 5.42 3.2993
4.45 -0.9 5.26 1.9275
1.075 0.14 8.7 1.6686
0.65 -0.99 6.38 1.3125
0 1.03 13.86 2.5709
0 1.53 12.52 0.8253
0 2.1 12.11 0.6531
0 2.11 13.89 2.3173
0 0 13.36 1.3325
0 -0.2 11.55 4.2411
0 -0.19 11.92 3.7616
0 0.23 13.22 2.8886
0 0.99 13.93 3.9169
0 0.91 13.43 2.0451
0 1.42 13.41 2.23
0 1 13.7 4.9689
0 0.98 13.81 3.3614
0 0.98 14.24 1.8319
11.55 -0.46 13.6 0.5937
11.525 -1.52 10.93 1.8054
2.925 -3.61 2.61 1.4862
0 -3.72 5.85 1.9395
0 -2.54 7.3 3.0068
0 -3.83 8.63 2.087
0 -3.12 8.99 2.7473
0 1.85 14.75 1.6663
0 -1.41 14.23 1.9221
0 2.23 16.28 0.5582
0 -1.95 14.38 2.2175
0 -4.67 8.49 3.6045
0 -4.71 8.2 3.7551
0 -4.27 9.84 3.8337
0 -0.8 12.73 2.7053
0 -0.56 14.97 1.2659
0.175 -0.51 15.35 3.5687
19.55 -0.89 7.53 4.4018
24.1 -2.26 9.48 5.9865
35.625 -4.99 -0.64 4.6273
59.85 -4.8 -1.9 2.9502
28.05 -4.5 2.05 3.7053
1.05 -9.24 1.36 0.7549
0 -9.24 2.58 1.2163
0 -9.58 2.5 0.4045
0 -7.73 6.32 0.4623
15.25 -4.51 5.83 2.4091
24.675 -3.45 2.68 5.609
10.75 -9.79 -1.05 0.8319
0 -10.57 -2.27 0.4803
0 -10.54 4.01 2.2085
11.5 -7.38 7.57 1.7206
20.825 -1.59 9.73 3.6377
10.6 -0.82 5.97 1.5132
0.45 -3.49 5.76 1.4621
9.775 -1.9 10.48 0.548
33.6 -1.22 11.2 1.7081
19.45 -0.58 3.93 4.2805
0.375 -3.43 3.93 0.6098
0 -0.36 10.49 1.5078
0 0.82 14.28 1.0552
0.025 0.27 12.7 1.1129
0 -0.22 9.96 0.5682
4.875 -0.18 11.61 1.0455
3.1 1.03 8.89 1.1599
38.975 1.58 12.17 1.3193
27.45 2.67 14.2 2.6473
1.975 -3.49 5.5 0.9965
27.7 -4.03 8.75 3.4847
41.9 -3.96 4.31 4.8468
59.025 -3.81 0.6 5.8005
37.025 -3.97 -0.44 2.5104
13.775 -4.05 1.79 1.1465
21.65 -1.95 6.01 4.8413
40.775 -3.3 1.23 5.5037
25.35 -6.15 -0.95 4.0488
18.75 -5.92 2.78 3.0526
11.575 -1.74 0.6 1.5625
0.575 -1.7 4.59 0.6114
0 -1.75 10.42 1.1897
0 0.78 13.43 1.9535
0 3.91 15.81 2.3348
0 3.99 21.69 1.7767
0 4.04 21.82 0.9138
0 0.46 14.25 1.4823
0 0.32 14.47 1.9224
0 0.47 19.2 1.2852
2.4 1.48 17.69 1.4686
12.775 -2.75 16.02 3.4747
8.275 -8.62 1.38 1.4686
0.85 -8.09 0.86 1.333
0 -7.05 6.45 0.4734
0 -4.02 11.46 1.5332
0 -1.3 12.57 1.3341
1.45 -0.83 13.58 2.7469
0.925 -4.43 4 0.5561
0 -3.96 12.62 0.7511
0 1.74 15.79 1.3292
0 3.4 19.66 2.1894
0 5.06 19.22 2.7609
0.1 5.13 17.2 1.5916
0.55 2 15.52 2.0035
8.6 2.89 10.99 2.1558
2.275 -0.15 12.47 0.8688
1.775 -0.08 11.65 1.1346
1.925 2.05 9.01 2.298
1.225 0.53 8.91 2.3589
0.175 -2.24 11.62 2.5128
0 0.32 14.67 0.8209
0 1.92 17.36 2.3183
0 -1.63 15.46 4.4395
0 -1.8 14.25 3.4964
0 0.22 15.75 1.9027
0 2.83 18.97 0.5015
0 3.67 20.29 0.8237
0 6.59 22.31 3.0189
0 8.71 25.11 0.7925
0 7.68 25.76 1.454
0 6.84 24.54 2.0014
0 4.74 20.16 2.9184
1.725 -0.01 10.4 3.1204
1.225 -1.3 6.68 2.5822
0 2.41 15.36 1.7201
0 4.68 19.55 1.1122
0 5.23 21.82 0.5728
20.725 6.18 23.45 2.928
22.95 -2.82 13.49 2.8464
15.625 -3.28 3.96 1.1829
45.275 -2.19 7.59 3.5066
25.55 -1.31 2.97 2.255
0.975 -1.65 8.59 3.1776
0 -1.13 14.36 1.662
0 3.07 19.19 2.0043
0 3.69 19.13 2.9608
0 2.56 18.03 4.3865
0 1.51 14.76 2.389
0.325 3.89 18.36 2.8161
0.2 1.59 15.35 2.4418
0 2.45 15.43 3.3062
5.05 2.16 15.67 4.184
4.2 -1.17 12.92 4.7177
0.7 -1.09 8.54 2.879
2.55 4.02 14.29 2.6827
2.725 3.7 14.37 2.9106
1.125 -1.16 9.72 1.6769
0.025 0.42 13.01 0.6888
6.125 1.86 14.06 2.9852
15.275 5.55 8.18 1.2496
7.7 1.26 14.37 3.5386
0.4 2.04 9.12 1.9326
0 4.38 16.07 2.9737
0 6.37 20.68 1.5632
0 7.39 23.42 2.3659
0 7.39 23.42 3.0413
0 6.26 20.69 2.6777
0 6.52 21.79 2.7129
0 8.19 23.76 1.7645
0 10.84 27.38 1.8557
0 10.72 25.55 2.3873
0 6.08 24.11 1.2541
0 9.46 24.46 2.8836
0 9.06 25.48 2.0937
0 9.6 25.97 0.3723
0 11.28 27.85 0.5528
0 13.31 31.53 2.5029
0 12.92 30.64 2.747
0 10.93 28.63 2.5584
0 9.26 26.66 2.6403
0 9.28 25.2 2.2949
0 10.6 26.18 2.2533
29.8 10.68 26.79 2.5567
19.075 6.54 22.43 2.445
1.15 4.54 13.97 2.2573
0 9.02 20.99 0.9731
0 9.75 26.89 0.7938
0 12.54 29.66 0.6475
0 13.75 29.78 1.5477
0 13.83 30.08 1.7953
0 15.32 29.56 2.5198
0 15.16 30.08 2.8833
0 13.66 28.07 2.162
0 13.07 29.04 2.4754
0 11.31 28.54 2.1693
0 10.19 27.83 2.3899
0 10.05 25.41 2.5227
0 9.15 25.01 3.1712
0 9.05 21.94 2.6996
0 9.58 21.78 3.2654
0 7.58 21.7 3.2141
0 8.5 22.34 2.041
0 8.59 24 1.3358
0 9.99 26.19 1.919
0 10.02 26.24 1.2751
0 11.02 26.78 2.2717
0 11.29 27.86 2.7921
0 11.83 27.85 1.873
0 12.89 28.4 2.0086
0 11.23 29.52 2.1743
0 11.15 28.45 1.7951
0 11.19 27.84 1.6729
0 12.76 26.94 1.474
0 12.99 30.66 2.3158
0 14.85 30.7 3.0959
0 15.3 30.62 2.1643
0.05 14.22 27.62 1.5587
0 13.09 29.55 1.8903
0 12.67 30.66 2.0874
0 11.78 30.48 3.1059
0 10.23 26.59 2.3333
0 11.26 26.8 3.1045
0 10.93 26.76 2.4879
0 11.45 27.93 1.8202
0 11.24 28.91 1.9277
0 10.76 28.84 2.1785
0 11.83 28.34 2.6714
0 11.29 29.25 1.6428
0 11.84 29.47 1.3626
0 12.95 30.56 2.0647
0 10.62 28.08 1.4638
0 10.14 27.44 1.0593
0 10.6 28.39 1.6763
0 11.66 28.98 1.5257
0 11.81 29.91 2.588
0 10.79 27.78 2.0639
0 10.18 27.67 1.5549
0 9.56 26.75 1.1534
0 11.9 27.89 0.9042
0 12.01 29.94 2.0336
0 13.44 30.47 1.26
0 13.4 29.58 0.8457
0 13.31 31.32 1.0491
0 14.34 31.34 1.4388
0 13.41 32.31 1.6487
0 11.3 31.13 1.8716
0 8.93 29.34 1.7599
0 10.71 27.4 0.7215
0 11.66 27.88 0.8555
0 12.22 29.64 0.8205
0 12.56 29.5 0.8986
0 12.63 30.12 1.8604
0 12.35 29.13 0.5797
0 13.28 29.62 0.9107
0 13.42 30.71 0.8685
0.225 13.43 28.64 1.6591
1.275 10.6 28.2 1.0194
4.375 11.42 28.75 1.6858
2.725 8.54 19.59 1.5227
3.5 9.37 23.71 0.645
2.25 9.19 25.27 1.2791
0 10.11 24.15 2.4867
0 10.2 24.29 1.7666
0 7.95 21.96 1.6395
0 6.54 20.89 0.4142
0 9.48 26.23 0.2222
0 11.27 28.95 0.9086
0 12.28 28.61 0.5089
0.25 12.83 29.16 0.3407
0 12.95 30.22 0.5842
0 13.45 30.32 1.6112
0.45 10.67 26.4 2.3156
0 7.99 19.11 1.8195
0 10.09 23.16 0.4259
0 11.57 26.96 0.5891
0 12.57 27.4 1.0691
0 11.66 27.11 1.4283
0 9.52 25.96 2.3937
0 10.04 22.55 1.9305
0 8.5 21.39 2.0597
36.7 4.37 17.19 2.3095
28.325 2.82 12.81 3.8461
5.8 -1.04 6.73 0.8428
1.1 -1.3 6.18 0.8698
0 -1.29 11.14 1.3563
0 1.86 15.43 1.1829
5.1 4.29 17.64 1.6094
3.225 6.47 13.1 1.7306
0 7.91 18.87 0.924
0 7.92 22.45 0.5879
0 9.63 24.56 0.397
0 8.38 23.69 1.0618
0 8.82 24.03 1.4461
0 8.6 21.92 1.7448
0 9 22.97 1.6926
0 7.89 23.64 0.8105
0 6.48 20.36 0.5632
0 6.32 21.31 0.5319
0 6.2 19.85 2.3568
0 7.56 22.41 1.8569
0 7.24 23.54 2.0683
0 6.14 19.88 1.352
0 2.29 15.54 3.3274
0 1.28 14.46 3.3979
0 2.72 15.28 2.0369
0 4.39 17.43 0.9658
0 5.47 18.63 2.1326
0 5.48 20.15 0.1525
0 4.02 19.23 3.4757
0 3.96 16.66 4.1636
8.1 1.21 17.53 3.7941
6.575 -3.73 13.75 1.8196
8.65 -5.63 1.74 0.558
5.075 -4.23 2.83 1.5435
0 -5.14 2.58 0.9425
0 -5.16 3.98 2.2304
0 -1.84 7.93 3.1672
0 -0.19 12.06 2.9467
2.8 1.01 12.51 3.3996
2.425 1.66 9.01 0.8907
0 1.46 9.26 0.2121
0 2.98 11.05 0.6124
0 0.17 11.08 0.5241
0 0.67 11.98 0.9184
0 0.55 12.64 1.0888
0.2 1.56 11.62 3.3831
2.575 -2.29 5.84 2.2404
4.9 -2.27 3.86 4.0164
2.15 -4.51 3.78 1.7355
0 -2.71 6.59 2.4644
0 -0.68 7.56 3.674
0.125 -1.2 12.09 2.3064
0.05 -0.98 8.28 0.7638
0 0.88 10.7 2.8945
0 3.8 15.69 2.3282
0 3.6 15.75 1.0881
0 4.37 13.97 1.7651
0 -0.95 16.34 3.584
0 -2.25 11.39 8.4495
0 0.31 8.49 3.6632
0 -2.47 11.03 4.2848
0 -3.8 7.71 2.8479
0 -3.82 6.47 3.5014
0 -4.37 6.52 3.0733
0 -2.99 6.85 3.5804
0 -1.99 9.53 3.673
0 -1.38 9.87 4.3603
0 -1.29 11.54 3.2161
0 -2.36 9.68 1.0041
0 -4.37 7.57 1.6496
0 -5.37 4.48 1.4893
0 -5.3 5.5 1.0323
0.075 -3.88 5.55 0.8319
0.025 -2.5 5.33 5.5181
0 0.88 11.5 4.6786
0 -2.91 11.06 2.7894
0 -3.36 8.56 4.7298
0 -3.99 7.25 4.5016
0 -3.05 8.88 3.5931
0 -2.64 8.35 4.5187
0 -3.14 8.04 3.9935
0 -2.6 11.58 5.0175
0 -1.53 11.86 3.4253
0 -0.26 11.72 1.3526
0 -0.32 12.55 1.0811
0 1.2 11.98 1.1456
0 2.95 15.13 0.9167
0 1.93 12.41 1.319
0 -0.81 11.25 2.3968
