0.3 -4.37 11.78 1.6809
2.05 2.52 9.92 1.1494
1.1 -1.25 10.13 1.6154
0.65 -3.89 6.12 4.0774
1.3 -3.62 7.09 1.7331
0.525 1.34 5.09 0.5008
0 1.52 9.52 1.4826
0 2.84 11.55 0.7879
0 0.84 14.82 4.4638
0 1.3 14.02 3.4984
0 2.47 14.2 2.4001
0 3.24 17.29 5.5097
0 5.76 17.32 3.9773
0 3.26 17.71 3.4779
0 4.57 19.3 4.0364
0 3.5 20.72 4.9876
0 3.09 17.34 4.2559
0 3.26 16.6 4.7191
0 3.37 17.95 4.8332
0.05 2.9 16.93 3.4092
8.7 4.77 17.6 2.7582
17.775 6.65 15.97 2.1663
23.75 3.4 13.98 1.6767
26.2 7.19 11.4 2.3911
8.075 3.07 9.44 3.4948
0.925 -2.58 3.58 0.8485
0 -3.67 5.03 1.3309
0 -2.56 7.84 1.6536
0 1.32 11.96 4.2342
0 2.78 16.98 4.5081
0 4.65 17.97 3.0943
0 4.01 17.52 3.0606
0 2.37 15.03 3.9442
0 2.52 18.46 3.7939
0 5.64 20.4 2.9957
5.075 6.14 18.58 2.6471
6.725 3.41 9.79 3.0795
2.2 2.02 8.13 2.7552
16.725 2.06 9.72 1.4197
10.025 -1.96 8.25 3.6476
2.35 -5.86 3.43 0.4445
8.5 -3.48 5.14 2.4084
4.375 0.23 5.41 1.4259
9.4 -0.22 6 2.9784
5.425 -0.22 5.21 3.308
1.7 0.8 5.88 5.7943
26.7 1.09 5.8 5.6091
18.975 1.2 4.96 4.4485
2.125 -0.96 3.77 1.2637
0 -0.67 7.74 3.4748
0 -0.12 13.02 2.6961
3.825 0.26 14.23 3.8412
19.6 2.64 13.03 3.7167
14.75 4.68 7.88 2.6517
4.075 2.5 8.94 1.3743
2 3.29 14.64 1.3931
0.425 2.78 8.77 2.1854
0 1.9 13.32 0.3102
0.025 2.39 15.93 3.6255
9 4.92 16.59 2.6878
20.475 6.38 13.48 3.7965
24.25 5.4 11.84 4.8784
17.175 2.04 6.79 2.8986
2.025 -2.12 5.24 0.9148
0.8 -1.22 7.93 1.8758
0 -2.49 6.89 0.2746
0 -2.72 11.15 1.4304
0 0.58 13.95 2.681
0 -2.78 8.69 0.3779
0 -2.04 13.59 0.4321
0 1.35 13.81 2.0106
0 2.24 17.2 2.2948
0 1.87 18.59 1.2509
0 2.37 14.45 2.013
0 4.7 16.27 2.24
0 4.45 19.4 1.1995
0 5.27 21.06 1.2682
0 6.4 22.52 0.9084
0 5.5 22.69 0.7511
23.425 5.78 21.86 1.8007
20.425 0.89 12.94 4.1624
1.25 -4.34 3.89 2.3479
0 -2.68 8.29 1.8697
0 0.76 16.04 0.6196
0 1.72 17.85 2.1488
0 3.91 20.35 2.0501
0 4.83 19.6 1.3642
0 4.59 21.12 3.2098
0 2.37 17.71 1.8631
0 2.73 16.73 0.3492
0 3.96 18.46 2.6775
0 5.32 20.69 2.5122
0 3.21 18.27 5.3023
0 -0.39 11.46 1.9252
0 0 15.97 2.7359
0 2.59 20.49 2.2799
7.775 4.19 23.24 1.3548
12.225 3.03 18.3 2.939
7.85 2.74 8.73 1.6479
2.4 3.03 10.23 2.3439
0.25 1.93 9.57 3.8484
0 2.97 14.26 1.7734
0 3.46 18.25 2.0961
0.025 5.55 18.79 4.6721
0 -1.32 12.27 6.0206
0 -0.63 8.16 3.2147
0 1.03 16.66 1.4357
0 3.83 21.37 2.7694
0 6.49 24.59 2.7013
0 9.23 28.48 1.5561
0 11.12 30.53 1.2072
0 11.97 31.36 1.9629
0.05 10.52 30.39 2.5734
0.875 9.02 23.55 3.4419
0.5 0.62 12.62 3.6309
0 2.05 15.52 2.1405
0 4.07 18.94 2.3336
0 4.07 18.21 3.1165
0 1.75 15.53 1.7592
2.1 3.34 18.97 2.0573
34.2 7.61 22.19 1.8173
22.125 8.3 18.91 2.3973
1.975 8.56 16.59 3.4181
0.875 6.71 16.47 1.7475
0.075 9.61 19.87 3.3856
0 8.13 22.63 2.1524
0 8.47 26.05 3.0082
0 9.65 25.89 1.7791
0 9.15 26.07 1.4468
0 9.88 26.49 1.1107
0 10.07 28.24 3.078
0 8.56 27.2 3.3079
0 8.66 25.57 2.701
0 9.33 24.8 3.3841
0 10.84 26.53 1.8567
0 11.85 28.97 1.4049
0 14.15 33.36 0.2667
0.05 16.65 35.68 2.3451
0.025 15.68 35.03 2.6042
0 12.36 29.03 1.7962
0 11.14 27.77 1.0975
0 12.45 28.77 2.5358
0 11.74 28.3 3.0187
0 12 27.84 2.8215
0 10.37 27.47 2.0501
0 11.21 27.56 1.3967
0 12.91 29.3 0.9437
1 14.09 29.7 2.0953
0.625 12.87 30.28 2.4949
3.575 13.96 28.44 3.2128
2.15 13.6 29.04 2.2745
0 13.58 28.46 2.1348
0 12.86 26.93 2.3331
0.1 13.19 24.37 0.5783
4.025 9.84 22.82 2.2234
3.525 7.66 21.68 3.3945
1.475 6.22 13.25 2.2393
0.45 7.47 15.86 2.7316
0 7.95 20.82 2.6311
0 10.25 23.42 3.4636
0 10.83 23.05 3.0818
0 8.89 21.67 3.4356
0.65 9.69 21.95 2.4286
0.625 10.98 20.93 3.5747
0.125 8.95 21.38 2.4966
0 9.43 22.32 2.4929
0 10.79 22.31 2.5712
0 12.52 24.44 3.0553
0 12.68 26.8 1.8277
0 14.8 31.7 2.6965
0 11.71 30.1 3.286
0 9.54 25.15 3.2601
0 9.81 25.49 1.1296
0 11.59 27.25 0.5413
0 13.37 30.99 1.4504
0 13.89 33.46 2.6219
0 14.34 31.63 1.8733
0 14.68 31.73 0.8536
0 15.8 35.86 0.6847
0.125 18.49 37.48 2.9612
0.175 18.3 37.02 2.9506
0.025 16.93 33.81 2.2806
0 17.36 34.68 1.7444
0 15.62 32.88 2.8035
0 15.26 33.41 2.4688
0 14.38 31.85 2.6869
0 13.93 31.43 2.499
0 12.53 29.85 2.7539
0 11.97 28.94 2.5825
0 11.96 28.88 2.5884
0 12.34 29.31 1.8681
0 13.35 30.79 1.72
0 15.11 31.86 2.1516
0 15.51 32.18 1.3259
0 15.93 33.54 0.3865
0 16.92 34.52 1.6607
0 18.03 36.61 1.8975
0 18.99 34.13 1.8227
0 18.33 37.09 2.0686
0 20.77 37.99 1.5709
0 21.31 38.75 2.4367
0 18.53 38.19 2.4953
0 17.74 36.13 2.2857
0 19.26 35.82 2.0411
0 17.79 34.94 2.0422
0 16.82 34.48 2.0877
0 16.94 34.79 1.8991
0 17.79 37.01 1.9787
0 19.43 37.34 2.2845
0 19.27 36.49 2.9329
0 19.34 35.46 2.6562
0 19.1 35.24 2.6796
0 18.36 34.87 2.5275
0 17.33 34.56 2.8432
0 14.81 32.91 2.4368
0 14.7 31.42 1.9008
0 15.85 32.49 2.2597
0 13.04 29.91 2.9632
0 10.45 22.68 1.9679
0 10.33 24.2 1.4183
0 12.72 28.96 0.4199
0 14.98 32.47 1.2648
0 17.59 34.54 2.9262
0 18.01 35.49 2.6334
0 16.36 34.18 2.9633
0 15.72 32.99 3.2344
0 12.71 30.53 1.4147
0 12.19 30.25 0.3551
0 13.75 32.16 0.7076
0 14.96 33.85 0.8015
0 16.2 36.43 1.2776
0 17.98 37.37 2.1454
0 18.55 36.37 2.1434
1.15 18.79 37.54 2.331
1.225 16.76 32.09 2.8733
0.3 15 28.65 1.5504
0 13.93 31.24 1.5203
0 13.22 31.99 0.4082
0 13.82 33.07 1.4465
0 15.66 34.05 1.2037
0 17.12 34.53 1.2239
0 16.42 35.84 2.7208
0 17.7 33.77 1.7268
0 16.48 33.06 0.6659
0 16.71 34.46 0.3283
0 17.5 34.91 1.4198
0 17.11 34.71 2.2367
0 14.8 33.12 2.0201
0 12.98 31.06 1.9508
0 12.64 28.48 1.5605
0 13.17 29.09 0.4475
0 13.46 29.87 0.9506
0 14.87 32.09 0.379
0 16.33 34.28 0.9422
0 17.73 35.83 1.8394
0.325 15.44 31.61 2.1141
0.175 12.53 27.66 2.615
0 10.77 26.57 1.5539
0 11.88 28.73 1.4108
0 14.2 30.63 0.3724
0 14.59 31.99 1.0525
0 15.96 34.37 2.0932
0 15.86 32.89 1.024
0 17.37 29.54 2.2007
0 15.43 35.43 2.3344
0 16.61 34.69 1.351
0 14.91 34.03 0.6197
0 15.15 33.85 0.7676
0 17.45 35.06 1.1806
0 15.86 35.74 0.4085
0 16.02 36.46 2.0067
0 15.55 33.09 2.4677
0 5.1 21.08 2.3534
0 4.29 21.32 2.4607
0 7.38 25.21 0.6873
0.675 8.28 25.34 3.1846
0.45 4.27 23.04 3.4874
0 1.47 11.79 0.3107
0 2.65 17.62 2.7358
0 4.23 20.7 1.4558
0 5.81 21.55 1.4098
0 6.44 23.32 0.7184
0 7.66 24.03 0.3691
0 6.52 24.08 1.8325
8.375 7.33 23.26 1.8465
40.05 7.7 18.01 6.5258
21.075 7.52 14.35 4.2586
0.025 10.99 18.5 0.9117
0 11.12 24.55 2.2732
0 10.87 25.82 1.0452
0.025 11.99 28.08 1.7243
0.725 11.84 24.5 2.249
0.425 3.91 15.73 2.193
0 4.41 18.37 1.0601
0 6.4 21.27 0.5221
0 7.08 22.15 0.9724
0 9.05 23.67 1.2047
0 8.31 21.75 1.68
0 8.17 22.68 1.1595
0 8.39 23.72 4.1739
0 2.24 12.74 4.9388
0 0.78 13.36 0.7329
0 1.56 14.43 0.0416
0 5.63 19.96 0.8257
0 6.46 22.54 0.845
0 8.97 24.55 1.1832
0 9.07 26.27 1.0844
0 9.21 26.59 1.6484
0 8.5 24.59 2.1748
0 4.69 19.59 0.4689
0 4.54 18.26 1.6022
0 2.66 15.64 1.8519
0 3.36 17.45 1.1622
0 5.02 18.12 0.7627
2.8 8.03 18.47 0.3493
3.6 5.67 18.01 2.06
1.125 1.8 9.08 1.2837
0 1.17 10.87 1.1649
0 0.1 12.22 2.8132
0 2.51 15.28 2.1515
0 4.65 18.35 1.51
0 4.3 19.15 1.6546
0.5 2.4 13.87 2.3023
1.525 2.55 16.81 3.4862
0.725 2.75 14.44 1.0851
0 2.64 11.72 0.4123
0 2.09 14.67 2.221
0 2.79 15.18 3.8018
0 4.28 16.51 4.0433
0.675 4.04 17.63 2.6519
1.025 4.5 18.46 1.0879
0.375 1.76 13.31 4.7014
0 2.98 11.79 4.9666
0 2.78 14.25 3.9689
0 2.83 15.98 1.5703
0 2.17 15.91 2.1303
0 0.84 15.84 2.0852
0 1.36 13.57 2.1424
0.025 1.25 14.22 1.3779
11.95 -0.72 10.23 2.1443
11.85 -0.24 5.8 0.9395
2.8 -8.57 1.99 0.6061
0 -8.19 1.71 1.9654
2.1 -5.28 4.39 3.142
25.425 2.14 7.93 2.9437
32.65 4.23 7.72 3.7598
22.5 2.93 8.51 4.3722
1.475 1.39 6.67 0.5878
0 0.27 6.65 3.1295
0 2.55 9.14 2.5295
0 3.55 10.77 2.3646
0 3.95 12.97 2.868
0 3.53 11.93 4.1971
0.8 3.44 13.13 2.9426
8.875 3.56 14.94 1.7451
7.8 1.39 11.41 3.6721
0.025 -3.21 4.63 2.6583
0 -0.03 9.95 3.9514
0 0.82 10.65 3.9031
3.625 0.92 11.04 4.1025
2.35 2.28 10.57 1.9499
1.65 0.91 9.13 3.0821
5.725 1.1 8.36 0.7017
2.925 2.17 7.77 1.48
0.025 1.65 7.38 2.4794
0 1.86 10.58 1.9075
0 2.02 10.84 1.3125
0 2.01 13.11 4.0711
0 1.88 15.25 2.9834
0 3.11 14.7 2.7462
0 2.94 14.38 3.1138
0 3.54 14.49 2.7257
0.075 4.73 15.64 3.0684
0.725 5.35 15.9 2.3844
0.375 6.23 14.03 2.4214
0.625 5.69 12.54 3.1736
11.275 4.91 16.17 4.3297
6.725 4.48 13.13 2.0091
0.025 1.24 9.24 1.327
0 1.38 11.85 3.3207
0.8 2.52 14.15 2.0856
13.975 3.37 12.09 2.5083
25.15 3.48 10.26 4.6949
18.75 2.43 6.21 5.4003
18 2.23 5.27 6.3838
17.35 -0.35 4.12 4.0889
11.85 0.65 4.01 4.0698
2.45 -1.37 3.04 0.8508
0.95 -2.15 5.15 2.2624
2.55 -0.94 6.06 3.783
1.2 2.8 6.59 3.0352
0 1.8 10.53 1.2929
0 -0.14 11.14 2.7775
0.975 0.97 10.57 3.2255
0.575 2.92 11.78 1.354
0 -0.63 9.84 1.2801
0 -2.55 11.4 1.7069
0 1.39 11.9 2.02
0 2.02 11.66 0.6004
5.925 2.5 12.23 2.635
14.3 3.78 11.39 3.5329
11.45 4.21 8.94 1.7633
3.175 2.44 6.59 2.6865
0.75 0.67 7.4 1.287
1.175 1.16 8.05 2.2311
0.475 -0.01 6.58 0.6808
0 0.71 9.37 0.9992
0 3.13 11.29 1.0398
0 2.66 15.04 1.6845
0 2.88 15.84 1.6154
0 3.36 17.66 1.069
0 4.3 17 1.6611
0 4.65 18.44 2.4141
0 4.99 19.01 1.2246
0.9 3 17.73 1.2865
3.975 4.09 12.63 2.4959
12.75 3.56 12.28 3.2113
6.3 -0.62 6.99 2.1933
13.8 -0.32 9.87 3.6353
16.725 1.86 9.96 2.8181
2.45 1.52 9.34 0.758
23.4 2.51 13.99 4.2789
15.525 3.7 12.49 1.6651
1.05 1.91 6.58 0.5331
0.75 2.06 13.77 2.2889
6.175 4.72 15.78 2.6423
14.45 3.48 10.92 3.1874
6.6 0.26 8.1 3.1045
0.075 -0.87 6.45 1.3173
0.05 0.69 11.03 2.5159
0.1 0.53 11.44 1.0229
5.5 1.79 12.7 2.5152
4.425 -3.13 7.4 3.9469
0.7 -1.94 6.88 2.248
0 -1.96 6.39 0.3326
19.45 0.48 14.11 1.9778
11.675 0.61 11.5 2.5865
0 -0.01 9.41 2.505
0 0.71 15.84 3.6781
0 2.27 20.22 1.4051
0 4.59 21.93 0.6863
0 5.84 21.5 2.8255
0 2.23 20.89 2.0634
0 5.61 22.96 1.9665
0 4.36 21.58 0.5358
0 3.86 19.78 1.464
0 2.97 19.02 2.1375
0.675 3.07 20.75 1.9867
1.75 4.61 20.47 2.3106
0.8 0.43 12.92 2.653
0 1.94 12.33 2.7245
0 2.43 18.59 1.194
3.3 4.39 21.03 2.3016
10 4.8 19.55 5.4889
5.4 1.46 8.56 3.0762
2.1 -2.52 7.48 0.9617
5.4 -0.95 12.4 2.1273
1.475 0.45 8.33 2.0715
14.175 0.95 9.17 2.744
8.6 0.37 7.07 3.2756
0.05 -2.49 8.29 0.9491
0 -0.81 14 2.0799
0 1.04 19.18 0.4812
0 3.8 20.34 0.9167
0.775 4.38 19.03 2.0119
10.5 4.45 14.24 4.0801
9.4 2.7 10.01 4.6223
2.025 0.81 6.82 1.0677
0 1.32 12.69 0.6886
0 2.6 14.49 0.8077
0 3.79 19.49 2.5487
0 3.57 19.42 1.5191
0 4.51 21.36 1.0846
3.675 5.36 22.76 1.7842
12.6 6.33 20.93 2.6075
7.275 1.45 9.75 3.087
0.625 2.11 5.3 1.7713
0 2.52 8.88 1.517
0 4.96 19.58 0.8582
0 6.43 21.53 1.3357
0 7.28 24.35 0.7734
4.5 8.65 24.84 3.8735
6.625 5.09 14.91 5.0554
3.125 -0.24 8.28 4.0214
0.45 -0.08 9.09 3.5087
0 1.58 14.87 2.0418
0 3.8 18.23 2.0829
0 4.35 23.22 0.8588
0 6.57 24.76 2.1127
0 7.36 24.22 3.6662
0 5.11 20.67 2.159
0 4.58 19.72 0.666
0.05 5.6 21.43 2.8528
2.625 5.56 20.51 3.8333
5.95 2.42 12.75 3.151
2.675 -1.09 10.35 4.2152
0 0.18 11.99 2.2175
0.025 5.09 18.48 0.8905
0 5.87 22.31 0.5464
0 7.84 23.87 0.4513
0.925 10.06 25.61 1.2669
2.825 11.15 25.77 1.8386
1.35 4.27 19.2 1.8516
0.05 7.52 18.23 1.7168
0.025 9.4 21.83 3.4525
0 5.32 21.79 4.4188
0.175 1.99 16.14 3.7721
0.475 1.93 11.36 4.1513
1.25 2.91 13.33 2.3629
2.475 3.57 13.91 1.5185
4.65 6.37 17.66 2.9356
6 6.13 14.39 2.5167
2.325 3.21 12.8 3.5838
0 4.63 16.05 1.9713
0 7.41 23.24 0.539
0 8.52 26.51 2.5694
0 12.4 25.7 2.9203
0 10.85 24.16 2.7217
0 11.93 25.66 2.8208
0 12.9 27.38 2.7976
0 12.79 26.98 2.1515
0 14.71 30.93 3.1478
0 13.57 31.79 3.1744
0 13.62 29.24 2.6427
0 12.65 28.68 3.8607
0 10.41 26.56 4.7116
0 8.99 22.06 4.9915
0 10.66 21.81 3.7233
0 11.18 26.21 1.0344
0 12.17 28.25 1.6638
0 13.59 31.09 2.9389
0 9.01 28.87 3.0415
0 8.97 24.7 1.1924
0 10 27.74 2.4217
0 10.18 25.83 3.0647
0 8.89 24.4 2.5353
0 9.58 26.51 1.6227
0 10.99 25.82 1.1898
0 12.92 29.67 1.8268
0 13.99 30.41 2.082
0 15.38 27.45 2.6929
0 13.93 27.99 2.4042
0 15.96 30.07 0.9943
0 17.96 34.48 1.6184
0 18.32 36.16 3.043
0 15.46 32.56 2.9523
0 13.87 30.98 2.6345
0 12.46 29.54 2.7787
0 14.47 29.32 2.0401
0 12.29 28.57 0.828
0 14.28 31.25 1.9896
0 14.79 32.73 2.6073
0 16.19 31.88 2.3492
0 15.5 31.44 2.472
0 17.8 33.23 2.2474
0 16.56 33.16 1.8016
0 16.93 34.69 2.2504
0 18.97 33.95 3.2244
0 18.58 33.57 3.326
0 16.85 30.39 1.9798
0 16.95 32.95 1.5037
0 18.19 35.68 2.6252
0 18.07 36.3 2.7477
0 18.75 35.82 2.5789
0 18.58 37.19 2.2015
0 17.5 36.27 2.1076
0 17.13 34.32 2.4177
0 16.15 33.19 1.0571
0 16.53 32.85 2.2798
0 16.22 33.74 2.1224
0 17.85 34.91 2.5617
0 19.24 34.52 2.6556
0 15.82 33.55 1.8608
0 14.48 33.16 2.2432
0 14.9 32.3 1.9495
0 15.28 33.03 2.1747
0 15.66 33.17 2.3145
0 14.66 32.72 2.0571
0 14.72 32.26 2.3592
0 13.53 33.97 1.3881
0 14.48 33.37 1.9102
0 15.11 33.09 1.9426
0 14.2 32.54 1.9586
0 14.66 32.02 2.4608
0.075 15.37 31.18 2.7623
0.05 14.95 28.15 1.8994
0 13.71 30.32 1.7607
0 14.94 31.52 2.1874
0 13.14 26.62 1.1063
0 13.71 30.46 1.4536
0 15.4 31.78 2.4192
0 15.34 32.15 2.766
0 15.79 33.02 1.1742
0 15.46 34.71 1.5548
0 17.47 35.31 1.697
0 15.39 33.07 1.8878
0 14.89 33.13 2.2276
0 15.03 33.86 1.7989
0 14.65 31.55 1.7214
0 13.1 29.77 2.2644
0 15.6 34.41 1.9758
0 18.1 37.97 0.6118
0 19.5 39.27 2.1953
0 17.49 37.17 2.4555
0 12.88 32.4 2.7489
0 12.5 22.78 2.2956
0 9.56 21.72 2.433
0 9.59 23.62 1.1767
0 11.02 27.31 0.4837
0 13.59 32.02 0.3169
0 15.44 35.32 1.2025
0 16.65 35.42 1.1785
0 15.4 34.77 1.9973
0 14.16 32.29 1.1548
0 13.91 32.46 2.2957
0 12.51 31.32 2.8437
0 7.25 18.67 2.0782
0 8.82 24.78 0.5529
0 9.28 26.42 0.6396
0 12.15 30.49 0.9319
0 12.43 30.45 1.597
0 11.7 28.77 1.3904
0 11.24 28.75 0.8731
0 11.45 28.85 1.5338
0 10.9 29.97 1.5769
0 11.44 28.97 1.5053
0 11.33 28.69 1.3943
0 10.18 24.79 1.1858
0 9.12 26.92 1.0269
0 10.57 25.26 2.6902
0 9.57 22.85 1.1024
0 10.39 27.83 0.4682
0 13.47 30.88 0.9266
0 15.51 34.44 0.4428
0 16.51 35.4 1.0264
0 18.83 36.74 0.6002
0 17.77 37.37 0.5011
0 16.75 36.73 0.3413
0.175 15.22 32.35 0.4065
5.275 15.15 29.53 1.271
19.225 15.57 29.96 1.5338
16.625 12.82 20.57 1.5132
1.725 10.61 14.69 0.7802
4.425 7.05 15.22 0.8083
1.825 7.24 15.43 1.9849
0.075 5.85 15.74 0.9216
0 7.45 20.81 1.9253
0 8.16 23.56 1.5866
0 11.36 26.12 1.2773
0 11.54 27.47 2.1955
0 13.62 29.28 1.5672
0 13.33 29.05 0.7042
0 12.42 28.71 0.5335
0.025 12.15 28.36 1.0912
1.35 12.65 24.54 0.85
0.725 9.96 20.8 1.0044
0 9.39 18.52 1.6603
0.425 9.44 25.31 0.8922
0.25 10.28 21.88 1.9784
1.725 7.88 19.76 1.7632
14.35 8.47 18.14 1.5744
25.6 10.32 13.11 4.4359
14.1 6.51 14.93 3.6274
0.025 4.53 14.61 1.7254
0 2.24 14.88 2.8871
0 1.34 16.56 3.2478
3.05 6.36 19.4 2.1488
2.4 6.56 19.88 1.904
0.325 4.68 11.13 0.9434
0 4.94 17.63 1.923
0 6.02 20.66 3.1641
0 7.94 23.79 2.9309
0 10.97 25.84 1.9851
0 10.84 25.33 1.0513
0.225 10.18 24.14 2.213
17.175 8.16 20.18 2.8998
10.45 3.42 11.02 2.738
1.85 1.31 11.55 0.5796
1.425 2.01 11.75 1.6366
0 0.93 9.62 2.5959
0 2.82 13.98 1.4527
0 2.9 16.15 3.073
0 4.95 16.95 1.5872
0 6.44 19.54 2.41
0 6 19.79 0.8831
0 4.88 18.55 2.0987
0 4.42 19.18 1.9941
16.225 5.6 18.76 2.7771
27.1 2.04 11.73 3.1656
19.775 -0.04 4.86 5.219
8.4 0.13 3.54 2.9119
9.85 0.98 5.07 4.0335
5 -3.77 4.07 1.049
0 -4.58 4.04 3.248
0 -4.21 4.63 3.3208
9.425 -0.59 6.67 2.6839
6.15 -3.05 5.15 2.7637
0 -6.34 3.29 2.2916
0 -4.42 4.88 3.056
0 -0.05 8.44 2.3064
0.025 0.52 12.24 2.6064
0.025 5.95 12.34 1.4901
0.575 5.34 12.82 2.008
11.25 5.04 9.55 2.2562
6.2 4.48 13.36 3.2517
0 3.4 10.54 2.3393
2.375 3.96 14.84 1.7986
3.575 5.32 12.77 0.9523
0.85 6.33 11.43 1.2338
0.025 6.21 14.01 0.4665
0 4.63 14.77 2.3526
0 4.76 15.29 1.4406
16.45 5.15 16.67 1.652
11.225 3.19 10.93 1.7463
3.375 1.72 7.91 2.3566
45.15 1.32 7.47 3.607
67.05 3.4 7.9 5.369
45.3 4.34 9.97 6.1758
19.025 2.29 11.1 2.0051
6.9 1.91 3.54 2.3091
3.5 2.12 6.02 2.2894
1.75 2.32 7.2 0.3383
0 1.28 8.79 2.82
13.95 1.59 11.42 5.2791
8.775 1.71 11.25 1.8072
0 0.6 5.09 1.0415
22.55 0.81 6.29 2.2497
15.65 2.71 7.57 4.3513
1.325 -6.53 5.07 2.6162
1.725 -6.65 3.24 1.4528
10.2 -6.26 2.64 4.0692
13.65 1.25 5.01 5.001
9.55 0.95 5.37 2.6276
0 -0.93 4.99 3.31
0 -1.59 5.26 3.9629
0 0.44 9.21 5.4683
0 0.71 10 3.7845
0 -0.7 7.98 1.8873
0 -0.7 9.57 1.2544
0 -2.29 8.05 3.2133
1.575 -2.19 8.66 3.3151
3.8 2.4 8.58 1.8154
0.2 1.63 11.86 1.6967
0.15 1.44 11.45 1.4475
0 1.75 13.23 2.6141
0 3.12 14.21 1.0846
0 3.73 15.06 0.7923
0 3.91 15.13 2.3793
0 2.98 16.57 1.3768
0 1.55 17.17 4.3061
0 1.55 15.63 3.8052
0 1.34 15.72 2.6609
0 3.29 17.75 3.9119
0 3.09 15.59 2.0519
0 3.54 16.31 2.2554
0 3.44 16.25 4.9992
0 3.44 17.24 3.3145
0 3.44 17.68 1.8216
4 3.05 17.39 0.5026
7.725 2.47 16.47 1.8656
2.575 0.36 5.59 1.5039
0 -0.03 9.72 1.8309
0 -1.49 11.16 3.0556
0 -1.33 11.7 2.1227
0 -0.05 13.18 2.7784
0 3.46 16.97 1.7597
0 2.91 17.59 1.9556
0 4.37 19.21 0.6127
0 2.12 18.34 2.066
0 -0.12 16.37 3.5737
0 -1.29 11.78 3.8942
0 -0.66 13.27 4.0415
0 1.06 16.85 2.7803
0 2.77 18.9 1.242
0.025 2.7 18.64 3.31
8.75 2.72 13.48 3.889
27.625 2.78 14.16 5.8532
21.875 -0.22 3.99 4.3633
31.675 0.62 3.4 3.2334
22.55 0.51 5.56 3.8445
2.2 -3.75 4.96 0.9094
0.025 -3.75 6.19 1.1201
0.025 -3.64 5.74 0.374
0 -2.88 9.35 0.3611
5.275 -2.01 9 2.1573
12.8 -0.63 7.44 5.7615
10.65 -4.02 3.83 0.8586
0.025 -5.94 2.68 0.42
0 -5.76 6.67 2.0955
3.6 -4.19 11.04 1.662
9.25 0.55 12.48 3.5062
8.55 3.12 10.52 1.3651
1.3 0.84 11.63 1.4849
3.15 1.23 15.02 0.6572
17.425 2.63 16.75 1.7283
17.05 4.33 9.42 4.5316
0.075 0.77 8.96 0.4191
0 1.44 14.66 1.4725
0 2.51 19.33 0.7895
0.575 3.33 18.34 1.3425
0.35 3.18 15.43 0.783
1.7 3.47 17.07 0.8333
1.075 4.73 14.22 0.9492
10.2 5.32 17.37 1.046
19.625 4.65 18.89 2.441
2.175 0.78 13.29 1.099
19.15 0.05 13.59 3.2018
29.7 0.63 7.6 4.8444
50.55 1.05 5.23 5.9665
19.225 0.46 5.24 2.575
4.9 0.22 7.37 1.0518
15 0.86 8.64 4.7421
37.1 0.98 6.78 5.3444
25.85 -2.38 5.12 3.8507
12.2 1.05 7.56 2.931
6.625 2.36 4.76 1.4013
0.1 2.29 11.24 0.6618
0 2.33 14.54 1.4564
0 3.1 16.89 2.2992
0 4.39 18.66 2.2879
0 6.79 23.93 1.603
0 6.96 26.25 1.1183
0 4.74 21.59 1.1634
0.05 4.17 19.62 1.8646
0 4.81 22.07 1.446
0.875 5.28 21.89 1.7227
5.875 2.34 20.36 3.4763
6 -2.84 4.79 1.3944
1.95 -3.04 3.54 1.482
0.15 -2.64 9.55 0.613
0 0.09 14.51 1.6781
0 1.65 16.31 1.6228
0.275 3.3 16.97 2.8167
0.2 0.44 9.37 0.6878
0 1.5 16.37 0.7917
0 4.93 21.53 1.68
0.025 6.16 23.25 2.4394
0 6.67 23.15 2.8276
0 7.29 19.57 1.7792
0.375 5.11 20.94 2.1587
7.15 7.32 14.1 2.3522
0.975 4.32 16.45 0.9281
0.55 4.08 16.28 1.4245
0.4 5.68 14.97 2.3626
0.75 5.16 13.73 2.3217
0.05 2.74 16.16 2.9259
0 4.19 18.23 0.907
0 5.32 20.73 2.5115
0 3.28 20.24 4.749
0 4.08 18.75 3.6593
0 4.08 18.89 1.8933
0 5.54 21.59 0.4238
0 7.7 23.97 0.8617
0 9.21 25.55 2.9521
0 11.62 28.16 0.6734
0 11.38 28.98 1.6165
0 10.39 27.6 2.1433
0.2 9.22 25.17 3.1002
1.9 5.06 15.24 3.3696
2.6 3.04 11.59 2.7784
0 4.83 19.14 1.8162
0 8 22.85 1.2423
0 9.25 25.53 0.6331
5.2 9.62 27.02 2.9036
7.85 2.06 18.26 2.7091
3.925 1.9 7.97 1.1345
12.175 2.91 11.55 3.5339
9.65 2.98 7.85 2.3926
0.75 3.38 11.85 3.374
0.05 4.02 17.46 1.8916
0 7.29 22.69 2.1052
0 7.52 22.5 3.0656
0 6.74 21.75 4.555
0 5.47 19.81 2.5793
0 7.12 21.47 2.7026
0 6.37 19.96 2.6419
1.125 6.47 20.57 3.3414
1.95 5.96 19.58 4.3168
3.875 3.38 14.98 4.92
0.95 4.46 14.63 2.8233
0.325 6.83 18.98 2.5545
0.275 7.07 19.73 2.9581
0.375 3.32 13.67 1.7373
0.025 4.46 16.82 0.4743
2.55 5.82 17.4 2.9868
6.925 9.81 13.58 1.175
3.65 6.35 18.42 3.318
0.025 6.19 15.16 2.0306
0 7.22 17.87 3.1374
0 8.97 23.96 1.7202
0 10.84 26.22 2.4628
0 11.02 26.92 3.1123
0 9.9 24.24 2.6664
0 10.92 24.91 2.7289
0 12.15 27.68 1.8364
0 13.75 30.9 1.8811
0 14.44 30.5 2.7181
0 11.24 27.5 1.4724
0 12.68 27.21 2.8747
0 12.21 28.39 2.0552
0 13.49 28.68 0.3605
0 14.73 31.42 0.5427
0 15.94 34.22 2.4554
0 16.38 33.79 2.7061
0 14.31 32.12 2.6506
0 12.47 30.16 2.7382
0 12.39 29.43 2.3657
0 13.05 29.91 2.3465
7.25 14.3 30.88 2.3684
6.325 11.68 27.62 2.3641
1.125 9.13 19.98 2.2604
0 11.55 25.85 1.0605
0 13.51 30.87 0.7989
0 16.23 33.46 0.5168
0 16.47 34.09 1.5163
0 17.18 33.98 1.9085
0 18.29 32.64 2.5557
0 18.97 33.12 2.7811
0 18.04 32.16 2.2535
0 17.13 32.64 2.5462
0 15.18 32.19 2.1648
0 14.24 31.6 2.2599
0 12.8 28.19 2.338
0 12.97 28.48 3.0904
0 12.68 26.86 2.6826
0 13.25 25.08 3.2495
0 11.76 24.97 3.0593
0 12.13 25.81 1.9183
0 12.23 27.65 1.2328
0 12.7 29.87 1.8871
0 12.88 30.04 1.3793
0 13.88 30.84 2.3101
0 15.08 31.61 2.7971
0 15.63 31.43 1.8832
0 16.64 31.99 1.806
0 14.8 33.28 2.0998
0 14.8 32.44 1.8899
0 14.72 31.43 1.7428
0 15.94 31.91 1.6361
0 17.72 33.79 2.4057
0 18.65 34.32 2.9612
0.125 19.96 34.22 2.0459
0.575 16.39 31.45 1.3875
0 17.13 32.51 1.8643
0 16.8 33.97 2.0509
0 14.28 33.11 2.9741
0 13.09 29.82 2.3181
0 14.39 30.6 2.9839
0 14.23 30.2 2.3131
0 15.06 31.29 1.7125
0 14.56 32.02 1.8079
0 14.46 31.92 2.2185
0 14.21 31.44 2.6382
0 14.03 31.6 1.6881
0 15.3 33.11 1.1799
0 15.97 33.51 1.9714
0 15.12 32.27 1.5494
0 14.14 31.61 1.254
0 13.72 31.81 1.576
0 14.02 31.81 1.5541
0 14.86 32.72 2.5915
0 14.21 30.73 1.894
0 13.21 30.45 1.2489
0 12.18 30.42 0.986
0 13.38 31.37 0.9774
0 14.65 32.88 2.0115
0 16.04 33.09 1.185
0 16.4 33.39 0.7091
0 16.55 35.5 1.0163
0 17.22 35.33 1.3383
0 17.12 35.63 1.626
0 15 34.42 1.7922
0 13.15 32.43 1.7318
0 13.75 31.61 0.8128
0 13.95 31.53 0.6575
0 14.67 33.48 0.9027
0 15.63 32.75 0.9874
0 15.96 33.58 1.7871
0 15.59 32.33 0.7516
0 16.31 33.03 0.927
0 16.53 34.32 0.9118
0.4 16.77 33.09 1.4733
1.45 14.76 32.85 0.9815
2.05 15.28 30.22 1.548
4.15 11.94 24.34 1.4146
1.7 12.93 27.58 0.5555
4.725 12.96 29.39 1.2212
0 13.16 27.57 2.3798
0 14 29.26 1.8225
0 12.3 26.53 1.6465
0 10.88 26.23 0.274
0 12.6 29.69 0.2494
0 14.91 32.19 0.945
0 15.91 32.37 0.445
2.075 16.12 32.93 0.2099
0 16.68 33.33 0.4916
0 16.77 33.97 1.6285
3.625 13.81 30.08 2.225
0.025 11.68 23.2 1.9345
0 11.93 26.72 0.5107
0 15.44 30.73 0.6296
0 15.45 30.51 1.124
0 14.81 32.31 1.3746
0 13.38 31.65 2.1909
0 13.6 29.07 1.8035
0 12.91 25.43 1.9298
11.45 9.93 22.36 2.2579
23.3 8.18 17.21 3.643
10.05 3.48 12.75 0.8411
1.35 2.85 12.13 0.9151
0 3.03 15.55 1.2405
0 5.22 19.78 1.1238
1.15 6.97 21.82 1.4537
2.375 8.04 18.29 1.5464
0 9.2 23.83 0.9046
0 9.72 26.18 0.5738
0 12.99 28.37 0.3908
0 11.3 27.93 0.9323
0 11.4 26.51 1.4186
0 11.8 25.98 1.6218
0 12.15 26.63 1.5352
0 10.51 27.48 0.8067
0 9.66 24.77 0.6244
0 9.91 24.98 0.5626
0 10.22 24.73 2.1104
0 9.73 26.6 1.71
0 10.03 26.16 2.075
0 8.91 24.05 1.3133
0 6.38 19.64 3.1872
0 4.65 18.28 3.3466
0 4.94 18.44 2.0252
0 6.58 20.56 0.9199
0 6.88 22.24 2.0742
0 7.83 23.55 0.1381
0 7.38 22.68 3.0594
0 7.17 20.92 4.2132
3.35 4.01 20.94 3.6364
5.7 1.27 18.4 1.7721
3.125 -0.94 6 0.3512
4.7 -0.28 6.94 1.4315
0.1 -0.66 6.44 0.8644
0 -0.85 8.85 2.2568
0 0.81 11.43 3.2386
0 1.02 15.55 3.1221
2.725 3.37 16.07 3.6659
2.775 6.44 13.49 1.052
0 5.62 13.73 0.2197
0 6.37 15.26 0.7472
0 3.42 15.36 0.6024
0 3.8 15.8 0.9192
0 3.6 16.39 0.7887
0.025 3.65 16.33 2.9716
0.925 2.48 10.47 2.1222
2.075 2.83 7.86 4.0912
1.75 0.5 7.06 1.6724
0 0.72 10.29 2.289
0 1.61 13.18 3.4806
0 1.92 18.73 2.1162
0 1.96 16.03 0.8121
0 3.15 14.3 2.9253
0 3.92 17.42 2.3865
0 5.58 17.86 1.0782
0 7 17.45 1.6982
0 3.11 18.91 3.4161
0 2.58 14.9 8.5482
0 2.62 10.86 3.5733
0 0.28 14.59 4.3441
0 -0.8 12.62 2.7446
0 -0.28 11.21 3.4816
0 -1.36 11.39 3.1044
0 -0.54 11.27 3.5774
0 0.27 13 3.5498
0 0.76 13.16 4.2758
0 1.22 13.95 3.2308
0 0.46 13.11 0.9738
0 -0.95 11.64 1.6727
0 -1.25 8.7 1.4679
0 -0.96 9.35 1.1936
0 -0.55 9.8 0.8964
0 -0.09 9.07 5.4845
0 1.42 13.35 4.5915
0 -0.44 13.68 2.7126
0 -1.05 13.22 4.5471
0 -1.21 11.88 4.47
0 -0.47 10.78 3.4596
0 -1.49 11.78 4.5494
0 -1.34 12.35 4.0452
0 -0.62 13.11 4.9586
0 0.65 14.18 3.4542
0 1.8 14.68 1.2899
0 1.87 15.49 1.1819
0 2.56 14.75 1.2969
0 5.09 18.7 0.9627
0 3.74 16.35 0.9374
0 1.49 15.47 2.387
