0.925 -7.98 8.02 1.6533
5.6 -1.42 6.24 1.2073
3 -4.83 6.28 1.6214
1.85 -7.62 2.69 4.0992
3.025 -7.27 3.14 1.7488
1.15 -2.49 1.05 0.4944
0 -2.31 5.79 1.4775
0 -0.66 7.74 0.7706
0 -2.81 11.27 4.4588
0 -2.25 10.7 3.4625
0 -1 10.82 2.3984
0 0.61 13.35 5.5024
0 2.47 14.15 3.9558
0 -0.87 14.24 3.4817
0 0.61 15.64 4.0036
0 0.08 16.52 4.9717
0 -0.5 13.81 4.2607
0 -0.33 12.94 4.7382
0 0.12 14.03 4.8503
0.2 -0.02 13.19 3.418
19.3 1.3 13.76 2.7512
36.25 2.98 12.49 2.159
57.1 -0.34 10.43 1.6667
55.95 3.29 7.79 2.4302
16.25 -0.79 5.6 3.5005
2.1 -6.44 -0.26 0.83
0.325 -7.27 1.42 1.324
0 -6.07 4.13 1.6117
0 -2.3 7.79 4.2368
0 -0.83 13.22 4.5097
0 1.17 14.11 3.0987
0 0.56 13.64 3.0922
0 -1.21 11.37 3.9324
0 -1.4 14.64 3.7921
0 1.89 16.21 2.9957
5.85 2.58 14.87 2.6166
7.325 -0.29 6.26 3.0315
2.275 -1.64 4.45 2.7747
18.975 -1.52 6.65 1.3921
11.375 -5.67 4.81 3.6445
2.625 -9.55 -0.14 0.4451
9.575 -7.04 1.39 2.4535
5.025 -3.53 1.76 1.4189
11.075 -3.95 2.42 3.0056
6.375 -3.95 1.38 3.345
2.3 -2.7 2.49 5.7853
28.375 -2.37 2.02 5.5843
20.975 -2.1 1.12 4.4301
2.85 -4.52 0.18 1.261
0 -4.37 4.05 3.4661
0 -3.92 8.71 2.6753
5.05 -3.32 10.32 3.8322
22.625 -1.66 9.02 3.6883
16.425 0.9 4.01 2.6399
4.225 -1.08 5.14 1.4169
2.1 -0.46 11.09 1.4146
0.325 -0.89 5.2 2.2779
0 -1.72 9.85 0.3241
0.05 -1.23 12.39 3.6443
12.475 1.41 12.66 2.7107
32 3.12 9.46 3.8527
43.05 1.63 8.31 4.8876
23.8 -1.93 3.14 2.9139
2.525 -5.76 1.82 0.8986
1.05 -4.71 4.34 1.8728
0 -6.11 3.48 0.2812
0 -6.59 7.9 1.4226
0 -2.96 10.6 2.6638
0 -6.32 5.21 0.386
0 -5.52 10.01 0.4835
0 -2.36 10.36 2.0454
0 -1.46 13.59 2.3259
0 -1.67 15.01 1.268
0 -1.07 11.09 2.0884
0 1.26 12.73 2.3601
0 0.9 15.8 1.1686
0 1.68 17.33 1.2201
0 2.93 18.6 0.9041
0.125 1.86 19.18 0.7342
25.75 2.43 18.38 1.825
25.625 -2.77 9.53 4.1593
1.575 -7.91 0.47 2.3109
0 -6.19 4.84 1.877
0 -2.86 12.35 0.589
0 -1.58 14.14 2.1001
0 0.35 17.1 2.0576
0 1.23 16.23 1.3614
0 1.08 17.69 3.2304
0 -1.22 13.8 1.885
0 -0.95 12.84 0.3343
0 0.3 14.65 2.6576
0 1.78 17.31 2.5155
0 -0.35 14.91 5.2907
0 -3.83 8.08 1.93
0 -3.33 12.55 2.7555
0 -0.72 16.55 2.2935
10.575 0.95 19.16 1.3343
19.9 -0.89 14.61 2.9999
12.9 -0.95 5.01 1.672
3.375 -0.84 6.37 2.3186
0.3 -1.69 6.1 3.8177
0 -0.47 10.79 1.7237
0 0.28 14.72 2.0952
0.025 1.81 15 4.6618
0 -5.18 8.28 6.0305
0 -4.27 4.93 3.2015
0 -2.17 13 1.4587
0 0.48 17.9 2.7996
0 3.18 21.08 2.7305
0 6.33 24.66 1.5531
0 8.1 26.59 1.1875
0 8.74 27.39 1.9813
0.1 6.73 26.31 2.6227
1.425 4.84 19.49 3.4236
0.825 -2.86 8.76 3.6021
0 -1.33 12.05 2.0889
0 0.9 14.98 2.333
0 -0.21 14.23 3.1364
0 -1.85 11.59 1.7242
3.125 -0.06 14.87 2.0256
71.225 5.1 18 1.8438
45.95 4.49 15 2.4336
6.875 5.5 11.9 3.4916
3.6 3.11 11.91 1.7775
0.475 6.02 15.79 3.4653
0 4.49 18.35 2.1671
0 4.96 21.67 2.9673
0 6.41 22.03 1.7467
0 5.73 22.38 1.3928
0 6.53 23.12 1.0629
0 6.41 24.14 3.0569
0 5.08 23.59 3.2995
0 5.08 21.22 2.6465
0 5.64 21.06 3.3313
0 7.39 22.81 1.8252
0 8.41 25.12 1.4498
0 11.38 29.63 0.2819
0.525 13.25 31.51 2.3546
0.325 11.62 31.08 2.629
0 8.55 25.02 1.7649
0 7.49 23.72 1.057
0 8.53 24.82 2.516
0 8.28 24.7 3.0087
0 8.39 24.19 2.8026
0 6.96 23.75 2.0097
0 7.78 23.47 1.3753
0 9.46 25.58 0.9191
0.375 10.77 26.1 2.0551
0.225 9.79 26.25 2.4964
8.875 10.59 25.06 3.2244
5.325 10 25.27 2.2572
0 10.01 24.29 2.1048
0 9.21 22.46 2.3183
0.125 9.41 20.49 0.564
4.9 6.45 19.37 2.2122
4.025 3.79 17.62 3.4407
1.5 2.72 9.51 2.2736
0.475 3.82 12.09 2.7302
0 4.6 17.44 2.6159
0 6.68 19.86 3.4532
0 6.97 19.17 3.0811
0 5.25 17.86 3.4121
0.975 6.02 18.37 2.395
0.9 7.57 17.59 3.5825
0.175 5.45 17.86 2.4922
0 5.73 18.55 2.4816
0 6.83 18.7 2.5374
0 8.85 20.49 3.0404
0 8.93 22.93 1.8048
0 11.66 28.23 2.6846
0 8.13 26.55 3.2668
0 5.96 21.77 3.2414
0 6.39 21.04 1.1465
0 7.82 23.3 0.5675
0 10.07 27 1.4523
0 10.74 29.34 2.6428
0 10.65 27.58 1.8348
0 11.43 27.99 0.8545
0 12.37 32.17 0.6579
0.175 15.08 33.5 2.9624
0.175 14.46 33.18 2.9499
0 13.47 29.96 2.2774
0 13.85 30.79 1.7352
0 12.34 29.27 2.8216
0 11.71 29.81 2.4854
0 11.06 28.33 2.7129
0 10.47 27.83 2.5187
0 9.02 26.25 2.7696
0 8.47 25.39 2.5804
0 8.58 25.32 2.5802
0 8.92 25.71 1.8742
0 10.07 27.14 1.7486
0 11.64 28.22 2.1817
0 11.66 27.93 1.3394
0 12.38 29.83 0.4455
0 13.33 30.71 1.6403
0 14.44 32.92 1.92
0 15.48 30.49 1.8211
0 15.17 33.43 2.0637
0 17.06 34.34 1.6041
0 17.6 35.16 2.4397
0 14.81 34.01 2.5043
0 13.84 31.97 2.2822
0 15.63 31.79 2.0449
0 14.38 31.38 2.0626
0 13.45 30.97 2.1181
0 13.61 31.35 1.9102
0 14.22 32.91 1.9334
0 15.62 33.18 2.2339
0 15.48 32.41 2.91
0 15.86 31.37 2.6286
0 15.69 31.58 2.6493
0 14.88 31.29 2.5148
0 13.88 30.88 2.8924
0 11.23 28.3 2.4888
0 11.05 27.5 1.9747
0 12.44 28.62 2.306
0 9.57 25.96 3.0138
0 7.01 18.81 1.9584
0 7.25 20.52 1.396
0 9.75 25.38 0.3896
0 11.66 28.89 1.2409
0 14.17 30.79 2.9379
0 14.44 31.81 2.6629
0 12.59 30.25 2.9742
0 12.18 29.28 3.2141
0 9.4 26.99 1.4034
0 8.93 26.67 0.3505
0 10.45 28.48 0.7035
0 11.63 30.24 0.8227
0 12.9 32.74 1.2799
0 14.49 33.75 2.1302
0 15.13 32.85 2.1659
0.825 15.21 33.86 2.3244
0.775 13.05 28.51 2.9343
0.15 11.52 25.91 1.5666
0 10.51 27.63 1.5316
0 9.78 27.97 0.4371
0 10.22 28.94 1.4479
0 12.16 29.54 1.1943
0 13.54 30.59 1.2476
0 12.93 32.03 2.7571
0 14.25 30.12 1.774
0 12.86 29.54 0.7261
0 13.16 30.75 0.3073
0 13.92 30.87 1.4223
0 13.43 30.69 2.2127
0 11.16 29.34 2.0386
0 9.43 27.38 1.9619
0 9.22 24.87 1.5348
0 9.76 25.39 0.4357
0 10.07 26.22 0.9458
0 11.64 28.44 0.3736
0 12.56 30.05 0.9425
0.025 14.27 32.31 1.7862
0.3 11.99 28.18 2.1574
0.15 8.81 22.65 2.6522
0 7.28 22.39 1.5396
0 8.53 25.02 1.3793
0 10.81 27.04 0.3632
0 11.01 27.92 1.0598
0 12.65 30.77 2.1227
0 12.18 29.39 1.0005
0 13.89 26.1 2.2604
0 11.72 31.01 2.3569
0 13 31.04 1.3826
0 11.32 30.35 0.6537
0 11.28 29.66 0.7703
0 13.94 31.41 1.1812
0 12.36 32.22 0.4115
0 12.27 32.38 2.0336
0 11.94 28.85 2.4821
0 1.73 17.19 2.3415
0 1.19 17.24 2.4634
0 3.89 21.05 0.7004
1.4 4.98 21.7 3.1695
1 0.34 18.81 3.4842
0.075 -2 6.67 0.3054
0 -0.92 14.14 2.8011
0 0.67 16.85 1.4828
0 2.34 17.51 1.3936
0 3.04 19.77 0.7251
0 4.33 20.53 0.4082
0 3.02 20.57 1.8598
16.8 4.04 19.53 1.8716
53.3 4.02 13.17 6.5352
26.375 4.43 10.93 4.3011
0.25 7.35 14.5 0.8948
0 7.33 20.59 2.2514
0 6.94 22.06 1.0464
0 8.6 24.89 1.75
1.275 7.67 19.97 2.2696
0.75 0.31 11.69 2.1704
0 0.81 14.33 1.0546
0 2.75 17.21 0.526
0 3.37 18.35 0.9699
0 5.58 20.21 1.1861
0 4.98 17.84 1.7007
0 4.79 19.13 1.1516
0 4.7 19.7 4.1901
0 -0.79 9.19 4.9422
0 -2.59 9.32 0.7385
0 -1.93 10.64 0.0415
0 1.9 16.4 0.826
0 2.98 18.94 0.8346
0 5.64 20.34 1.1912
0 5.33 22.01 1.0974
0 5.42 22.21 1.6712
0 4.47 20.56 2.2038
0 1.17 15.54 0.5118
0 1.03 14.66 1.5763
0 -0.7 12.05 1.8489
0 -0.05 13.13 1.174
0 1.46 13.96 0.7544
5.9 4.45 14.87 0.3593
4.7 1.97 13.8 2.0392
0.675 -2.14 5.32 1.2557
0 -2.46 7.32 1.1409
0 -3.06 8.58 2.8276
0 -1.12 11.32 2.1547
0 0.82 13.88 1.5406
0 0.5 14.69 1.6236
0.875 -1.46 9.83 2.3177
3.75 -1.26 12.46 3.5659
1.925 -0.87 10.86 1.0685
0 -0.85 7.82 0.4322
0 -1.6 10.47 2.2469
0 -0.73 10.59 3.7974
0 0.42 12.15 4.0598
1.2 0.49 13.63 2.6578
1.8 1.08 14.55 1.0921
0.65 -1.94 9.64 4.7672
0 -0.38 7.98 4.9946
0 -0.63 10.66 3.9681
0 -0.58 12.2 1.5983
0 -1.46 12.14 2.1695
0 -2.88 12.74 2.1113
0 -2.18 9.74 2.1414
0.1 -2.34 10.57 1.3059
27.525 -4.39 6.55 2.1793
23.925 -4.09 2.63 0.9321
4.475 -12.21 -1.68 0.6325
0 -11.7 -1.92 1.9559
4.525 -8.83 0.6 3.1299
49.725 -1.81 4.23 2.9065
70.75 0.59 4.24 3.747
38.9 -0.96 4.78 4.387
2.475 -2.32 2.43 0.6282
0 -2.7 2.7 3.1186
0 -0.82 5.92 2.5199
0 0.13 7.66 2.3409
0 0.44 8.94 2.8535
0 0.15 8.46 4.182
2.1 0.01 9.49 2.9321
14.975 0.38 10.82 1.7691
14.55 -2.51 7.46 3.6603
0.1 -6.77 1.6 2.6561
0 -3.41 6.15 3.9486
0 -2.85 6.72 3.8957
8.05 -2.76 7.15 4.0946
5 -1.61 6.56 1.9583
3.475 -2.85 4.56 3.1007
11.85 -2.75 4.76 0.7182
6 -1.46 4.13 1.4898
0.05 -2.06 3.61 2.492
0 -1.77 6.98 1.9362
0 -1.4 7.11 1.2837
0 -1.36 9.25 4.0499
0 -1.81 11.24 2.9655
0 -0.34 10.78 2.7059
0 -0.6 10.53 3.0929
0 -0.01 10.7 2.7423
0.125 1.21 11.86 3.0722
1.775 1.66 12.18 2.3705
1.025 2.79 10.67 2.4292
1.625 2.29 8.54 3.1651
25.45 1.25 12.39 4.3501
14.925 0.71 8.68 2.018
0.1 -2.48 5.63 1.3506
0 -2 7.97 3.3272
2.3 -1.06 10.5 2.0721
32.225 -0.54 9.31 2.5253
50.55 -0.32 6.61 4.6974
40.9 -1.41 2.62 5.432
43.85 -1.66 1.47 6.4031
44.6 -3.82 0.41 4.0768
23.85 -3.12 0.25 4.0569
5.1 -4.94 -0.67 0.8734
2.525 -5.78 1.46 2.2566
4.725 -4.26 2.42 3.8023
1.95 -1.03 3.07 3.0123
0 -2 6.92 1.3105
0 -3.98 7.71 2.8009
2.05 -2.63 6.78 3.2206
1.225 -0.87 8.26 1.3761
0 -4.58 6.46 1.2432
0 -6.96 7.18 1.7122
0 -2.44 8.2 2.0137
0 -1.59 8.11 0.6033
7.35 -1.06 8.68 2.655
14.025 0.07 7.89 3.4962
11.275 0.41 5.23 1.7542
3.3 -1.39 3.03 2.6377
0.95 -3.26 3.8 1.3155
1.25 -2.67 4.48 2.2401
0.4 -3.68 3.14 0.6457
0 -2.96 5.93 1.0176
0 -0.53 7.75 1.0679
0 -0.98 11.25 1.6315
0 -0.4 12.51 1.5996
0 -0.35 14.45 1.0411
0 0.81 13.75 1.6686
0 1.16 15 2.4264
0 1.45 15.63 1.2053
1.15 -0.66 13.96 1.2795
3.925 0.59 9.18 2.4551
15.4 -0.19 8.42 3.163
7.95 -4.54 2.83 2.2311
19.425 -4.16 6.43 3.6544
18.425 -1.5 6.09 2.8212
2.2 -2.24 5.7 0.7499
25.075 -1.41 10.24 4.3277
16.325 0.02 8.86 1.6262
0.875 -1.79 3.07 0.5293
1.4 -1.48 10.22 2.3147
11.7 1.14 12.44 2.6482
21.8 -0.32 7.43 3.208
9.175 -3.37 4.44 3.0931
0.15 -4.64 2.85 1.3192
0.075 -2.76 7.59 2.5369
0.175 -3.07 8.21 0.9831
5.95 -1.62 9.33 2.4976
5.5 -7.02 3.57 3.9114
1.175 -5.16 3.61 2.1986
0 -5.42 2.93 0.3577
29.95 -2.97 10.34 2.0252
17.95 -3.15 8.65 2.555
0 -3.82 6.41 2.545
0 -2.97 12.32 3.7149
0 -1.09 16.8 1.4126
0 1.13 18.35 0.6866
0 2.32 18.02 2.848
0 -2.06 17.01 2.0871
0 2.39 19.41 1.9859
0 0.78 18.07 0.5516
0 0.48 16.11 1.4337
0 -0.57 15.71 2.1555
1.375 -0.44 17.27 2.025
3.675 1 16.96 2.3361
1.7 -3.23 8.77 2.5976
0 -1.57 8.69 2.7557
0 -0.99 15.29 1.2193
7 1.04 16.9 2.3703
16.4 1.21 15.9 5.5181
7.525 -2.5 4.74 3.0724
2.6 -5.83 4.05 0.9242
7.95 -4.27 9.06 2.1624
3.35 -2.33 4.88 2.0543
22.5 -2.76 5.5 2.7453
13.475 -3.56 3.38 3.2818
0 -5.67 4.67 0.8967
0 -3.97 10.05 2.1169
0 -2.12 15.17 0.4501
0 0.31 16.42 1.0173
1.525 1 16.13 1.9973
18.55 0.71 10.84 4.0507
13.6 -1.21 6.16 4.6232
1.8 -2.75 3.03 1.0679
0 -2.24 9.4 0.6776
0 -0.98 10.98 0.8081
0 0.41 15.98 2.5256
0 0.11 15.88 1.4821
0 1.02 17.9 1.0936
7.25 2.08 19.56 1.766
16.65 3.06 17.06 2.6307
8.425 -2.21 6.33 3.0599
0.625 -1.37 1.68 1.7409
0 -0.5 5.46 1.4738
0 1.27 16.05 0.825
0 3 18.25 1.3283
0 4.46 20.95 0.763
9.2 5.03 21.1 3.964
10.75 0.57 10.89 5.0629
3.25 -4 4.28 3.9862
0.075 -3.76 5.67 3.4684
0 -1.61 11.53 1.9977
0 0.43 15.07 2.0492
0 1.09 19.69 0.889
0 3.33 20.98 2.0862
0 3.6 20.19 3.6386
0 1.31 16.33 2.1617
0 0.98 15.85 0.6867
0.175 2.15 17.97 2.8421
5.35 2.06 16.96 3.8068
14.65 -0.79 7.77 3.1907
7 -4.72 6.38 4.2148
0.05 -3.38 8.49 2.2051
0.125 1.63 15.06 0.9252
0.075 2.59 18.45 0.5674
0 4.52 20.27 0.4683
2.725 6.96 22.05 1.277
5.6 7.94 21.57 1.887
2.375 0.67 15.59 1.8996
0.325 4.19 14.63 1.7007
0.175 6.05 17.73 3.4318
0.25 1.95 18.33 4.3992
0.35 -1.75 12.33 3.746
0.3 -1.69 7.64 4.1344
3.125 -0.36 9.82 2.3543
7.725 -0.14 10.16 1.5276
13.65 3.16 14.09 2.9836
13.975 2.23 10.79 2.518
4.75 -0.71 8.86 3.5828
0 0.36 11.62 1.9196
0 3.91 19.14 0.5387
0 5.1 22.7 2.5655
0 9.28 22.02 2.9283
0 7.08 20.14 2.6875
0 8.11 21.7 2.7977
0 9.45 23.22 2.7906
0 9.59 23.35 2.1233
0 11.29 27.19 3.1129
0 10.13 27.58 3.1543
0 9.69 25.01 2.5903
0 8.81 24.55 3.8653
0 6.58 22.93 4.6843
0 5.48 18.35 5.0191
0 8.07 18.65 3.771
0 8.02 22.69 1.0349
0 9.22 24.73 1.668
0 9.93 26.93 2.9414
0 5.65 24.72 3.0529
0 5.22 20.52 1.1455
0 6.45 24.13 2.3959
0 6.64 22.31 3.099
0 5.35 20.79 2.5324
0 6.19 22.86 1.6052
0 7.3 21.8 1.1349
0 9.36 25.4 1.7998
0 10.4 26.7 2.0967
0 11.9 23.61 2.6889
0 10.22 24.28 2.3945
0 12.62 26.49 0.9653
0 14.41 30.7 1.5907
0 14.77 32.37 3.0724
0 11.83 28.92 2.9534
0 10.26 27.4 2.6369
0 8.69 25.37 2.7724
0 11.3 25.74 2.0312
0 9.01 24.88 0.8583
0 10.92 27.64 1.9601
0 11.41 29.12 2.5615
0 12.61 28.23 2.336
0 12 27.79 2.4255
0 14.18 29.59 2.2174
0 13.06 29.51 1.8063
0 13.51 31.18 2.282
0 15.39 30.36 3.2384
0 14.81 29.53 3.3452
0 13.3 27.1 1.9373
0 13.38 28.78 1.4519
0 15.17 31.95 2.6238
0 14.96 32.74 2.7547
0 15.25 32.29 2.582
0 15.07 33.63 2.164
0 13.99 32.72 2.088
0 13.61 30.74 2.4602
0 12.73 29.61 1.0491
0 13.18 29.33 2.2759
0 12.93 30.14 2.1076
0 14.56 31.43 2.5532
0 15.63 30.99 2.6774
0 12.46 29.84 1.8825
0 11.05 29.52 2.2791
0 11.6 28.53 1.9694
0 11.76 29.52 2.2135
0 12.14 29.45 2.3353
0 11.24 29.04 2.0594
0 10.86 28.1 2.378
0 10.17 29.46 1.4202
0 11.05 29.72 1.9202
0 11.66 29.41 1.9595
0 10.68 28.86 1.9925
0 11.24 28.46 2.4774
0.075 11.95 27.6 2.8002
0.05 11.34 24.46 1.9434
0 10.23 26.63 1.8104
0 11.08 27.22 2.2216
0 9.28 22.29 1.0872
0 10.02 26.73 1.4196
0 11.76 27.98 2.3851
0 11.7 28.33 2.7696
0 12.13 28.89 1.1571
0 11.89 30.74 1.5797
0 13.26 31.56 1.72
0 11.55 29.68 1.8901
0 11.31 29.58 2.2291
0 11.55 30.31 1.8415
0 11.05 27.56 1.7156
0 9.78 26.15 2.3247
0 12.16 30.79 2.0184
0 14.94 34.14 0.6205
0 16.48 35.53 2.2428
0 13.84 33.63 2.4626
0 9.36 28.91 2.7925
0 8.93 18.46 2.2758
0 6.11 18.07 2.4261
0 6.2 20.24 1.1745
0 7.46 23.74 0.5155
0 10.29 28.46 0.3524
0 12.29 31.64 1.2027
0 13.11 31.77 1.2042
0 11.76 31.09 1.9777
0 10.57 28.71 1.1917
0 10.35 28.88 2.3441
0 9.21 27.01 2.873
0 3.7 12.89 2.0665
0 5.21 21.58 0.5758
0 5.89 22.96 0.6567
0 8.7 26.75 0.9566
0 8.94 26.94 1.6321
0 8.21 25.19 1.4022
0 7.79 25.11 0.8605
0 8.06 25.24 1.5253
0 7.44 26.36 1.5858
0 7.98 25.39 1.5139
0 7.78 25.14 1.4158
0 6.64 21.04 1.1654
0 5.63 23.33 1.0183
0 7.16 21.68 2.6968
0 6.19 19.47 1.0661
0 6.6 23.62 0.4702
0 9.81 27.12 0.9235
0 12.2 31.12 0.4276
0 12.52 31.45 1.0468
0 15.09 32.62 0.5808
0 14.16 33.44 0.5058
0 12.84 32.92 0.3308
0.15 12.22 28.9 0.4157
6.7 11.96 25.81 1.2947
28.425 11.73 26.35 1.5735
22.8 9.05 16.66 1.4956
1.45 6.9 10.97 0.8322
3.85 3.57 11.94 0.8032
2.375 3.76 12.07 2.0321
0.175 2.2 12.26 0.8942
0 4.02 17.23 1.9065
0 4.95 19.86 1.5943
0 7.74 22.72 1.3085
0 8.17 23.89 2.2407
0 10.1 25.87 1.5887
0 9.84 25.44 0.7189
0 9.01 24.92 0.5674
0.025 8.82 24.89 1.1246
2.675 9.44 20.77 0.8606
1.175 5.83 16.15 1.0252
0 5.84 15.14 1.6855
0.375 5.83 21.92 0.919
0.225 6.76 18.53 1.9758
3.075 4.37 16.08 1.7544
29.8 5.09 14.8 1.5909
53.65 6.69 9.25 4.5222
23.175 2.49 10.22 3.641
0.075 0.87 10.89 1.6815
0 -1.45 11.33 2.9172
0 -2.31 12.73 3.2683
3.75 3.46 15.9 2.1361
3.025 3.1 16.55 1.9081
0.45 1.22 7.71 0.9189
0 1.73 13.73 1.9074
0 2.75 16.65 3.1759
0 4.81 19.92 2.9508
0 8.12 21.81 1.996
0 7.97 21.54 1.0716
0.45 6.59 20.55 2.226
21.225 4.57 16.77 2.9578
14.25 -0.37 7.25 2.7234
2.725 -2.44 7.18 0.5964
2.15 -1.36 8.16 1.6275
0 -2.61 6.02 2.5742
0 -0.56 10.22 1.4569
0 -0.89 12.29 3.0775
0 1.48 13.17 1.5753
0 2.93 15.9 2.4299
0 2.49 16.01 0.9035
0 1.49 14.86 2.1202
0 0.8 15.25 2.0433
22.55 1.42 14.8 2.8014
36.625 -1.84 8.11 3.1969
27.2 -3.76 1 5.236
13 -3.54 0.32 2.9879
13.825 -2.82 1.59 4.1002
6.825 -7.56 -0.06 1.0543
0 -8.34 0.43 3.283
0 -8.12 0.42 3.3246
13.75 -4.22 3.42 2.7286
9.325 -7.56 1.43 2.7416
0 -9.97 -0.45 2.2991
0 -8.1 0.96 3.0508
0 -3.77 4.66 2.2931
0.05 -2.17 9.07 2.5986
0.05 2.3 8.74 1.513
1.4 1.57 8.73 1.9918
21.25 1.53 6.34 2.2273
11.425 0.76 9.5 3.2587
0 -0.3 6.62 2.334
6 0.5 10.7 1.8233
9.575 1.72 9.23 0.973
1.725 2.83 7.53 1.2722
0.075 2.48 10.14 0.4607
0 0.89 11.01 2.333
0 1.23 10.98 1.4362
32.7 1.33 11.68 1.7102
22.55 -0.64 7.1 1.7209
7.025 -2.89 4.35 2.4079
84.925 -3.06 3.8 3.5753
126.97 -0.37 4.02 5.341
87.45 0.64 6.23 6.1563
34.1 -1.4 7.71 2.0681
12.7 -1.86 -0.29 2.3098
6.725 -1.52 2.28 2.2918
3.8 -1.28 3.36 0.3561
0 -2.4 4.92 2.8313
26.5 -2.13 7.68 5.2761
17.075 -2.05 7.38 1.857
0.025 -3.16 1.14 1.03
49.1 -2.89 2.66 2.2664
33.275 -0.93 3.58 4.3854
2.425 -10.18 1.34 2.5913
3.975 -10.36 -0.91 1.4535
21.75 -10.06 -1.04 4.0534
27.95 -2.54 0.97 4.9405
19.725 -2.88 1.33 2.616
0 -5.03 1.37 3.2859
0 -5.31 1.59 3.9406
0 -3.37 5.08 5.4453
0 -3.11 5.58 3.8013
0 -4.29 4.39 1.9011
0 -4.29 5.95 1.2223
0 -6.13 2.97 3.2299
3.85 -6.01 4.66 3.3045
7.9 -1.23 5.02 1.8205
0.525 -1.78 8.04 1.6872
0.375 -2.07 7.41 1.4222
0 -1.66 10.11 2.5982
0 -0.34 10.66 1.0392
0 0.25 11.37 0.7587
0 0.46 10.73 2.3577
0 -0.57 11.9 1.3586
0 -1.99 12.83 4.2973
0 -1.95 11.66 3.7954
0 -2.42 11.89 2.7046
0 -0.12 14.39 3.9048
0 -0.42 12.03 2.0584
0 -0.01 12.75 2.2496
0 -0.14 12.42 4.9961
0 -0.14 13.56 3.3149
0 -0.14 13.9 1.8229
8.2 -0.52 13.64 0.5195
16.025 -1.24 12.43 1.8515
5.4 -3.25 2.1 1.5069
0 -4.09 5.84 1.8615
0 -4.82 7.68 3.047
0 -4.79 8.29 2.1206
0 -3.5 9.62 2.7846
0 -0.13 13.57 1.7425
0 -0.89 14.18 1.9482
0 1.36 15.63 0.5995
0 -1.51 14.8 2.0882
0 -3.9 12.16 3.5848
0 -5.21 8.34 3.871
0 -4.37 9.82 4.0037
0 -2.33 13.24 2.7609
0 -0.84 15.36 1.2545
0.025 -0.88 15.05 3.3454
9.575 -1.22 10.09 3.9707
30.225 -1.18 10.66 5.8937
26.375 -3.95 0.05 4.405
41.375 -3.07 -0.29 3.1907
26.025 -3.22 2.01 3.8449
2.7 -7.55 1.21 0.8809
0.025 -7.55 2.61 1.1396
0 -7.4 2.26 0.3762
0 -6.52 5.9 0.3652
6.225 -5.43 5.55 2.2048
16.1 -3.79 3.6 5.7519
12.05 -7.78 0.03 0.8399
0 -9.54 -1.32 0.4287
0 -9.36 2.91 2.114
5.325 -7.85 7.37 1.6709
12.825 -2.68 9.06 3.5192
11.9 -0.58 6.92 1.4072
1.55 -2.95 7.9 1.4782
4.8 -2.3 11.43 0.6346
24.825 -1.17 13.1 1.724
24.8 0.53 5.6 4.4891
0.15 -2.99 5.26 0.4503
0 -2.05 11.12 1.4791
0 -0.76 15.4 0.8469
0.525 -0.48 14.45 1.2914
0.3 -0.41 11.84 0.7417
2.7 -0.19 13.64 0.8595
1.725 1.23 10.38 0.9827
16.7 1.74 13.76 1.0894
28.6 1.68 15.09 2.4938
2.35 -2.77 8.09 1.0718
27.725 -3.59 9.45 3.2487
46.2 -3.01 3.82 4.8523
69.25 -2.65 1.57 5.9567
26.825 -3.37 1.6 2.5722
7.225 -3.55 3.88 1.0563
18.6 -2.79 5.45 4.7444
48.8 -2.85 3.37 5.3728
34.075 -6.11 1.49 3.8974
14.725 -2.83 3.96 2.9492
10 -1.5 0.99 1.4345
0.2 -1.14 7.27 0.6416
0 -1.41 11.03 1.3933
0 -0.59 13.39 2.2347
0 0.92 15.13 2.2917
0 3.27 20.44 1.6313
0 3.38 22.88 1.0862
0 1.23 18.25 1.2094
0.1 0.59 16.35 1.8815
0 1.2 18.42 1.4151
1.4 1.65 18.21 1.6589
8.45 -1.52 16.75 3.4766
8.125 -6.7 1.18 1.3994
2.65 -6.54 0.12 1.456
0.175 -6.08 6.03 0.5854
0 -3.41 11.36 1.6435
0 -1.52 12.89 1.5577
0.525 -0.36 13.65 2.8086
0.375 -3.19 5.57 0.6582
0 -2.44 12.76 0.7776
0 1.41 17.84 1.6033
0.025 2.67 19.8 2.3904
0 3.34 19.67 2.8283
0.025 3.99 16.18 1.7486
0.525 1.74 17.25 2.14
11.4 3.81 10.61 2.3254
1.7 0.68 12.9 0.9092
1.025 0.54 12.74 1.3792
0.775 2.3 11.08 2.366
1.2 1.56 9.89 2.3354
0.1 -0.92 12.46 2.8475
0 0.81 14.65 0.8818
0 1.94 17.18 2.4788
0 -0.44 16.6 4.6891
0 0 14.88 3.6331
0 0.67 15.41 1.9022
0 2.42 18.14 0.4394
0 4.33 20.39 0.846
0 5.95 22 2.9713
0 8.6 24.67 0.6967
0 8.17 25.33 1.5895
0 6.98 24.04 2.1185
0.4 5.54 21.13 3.0751
3.225 1.43 11.6 3.3298
5.125 -0.52 7.52 2.7475
0 1.71 15.57 1.7918
0 4.65 19.26 1.2138
0 5.71 21.91 0.6133
11.7 6.07 23.47 2.9137
18.7 -1.76 14.59 2.7484
9.45 -1.86 4.5 1.1356
27.975 -0.74 8.04 3.5292
21.925 -0.92 4.28 2.3724
1.875 -0.37 8.37 3.3511
0.15 0.28 14.31 1.8474
0 3.78 19.24 2.0759
0 4.15 18.92 3.0323
0 3.1 18.24 4.5159
0 2.03 15.9 2.5378
0.05 3.6 18.05 2.7277
0.025 2.74 16.35 2.6151
1.675 2.85 16.74 3.3397
4.525 2.38 16.1 4.2985
9 -0.31 11.68 4.8852
2.075 0.49 10.78 2.8387
0.85 3.06 15.15 2.5909
0.425 3.72 15.99 2.9615
0.5 -0.28 10.12 1.7275
0.025 0.91 13.28 0.5109
2.525 2.31 13.85 2.9732
7.575 6.2 9.44 1.1994
4.1 2.65 14.91 3.3725
0.05 2.55 11.14 2.0004
0 3.73 15.34 3.1042
0 5.74 20.38 1.6845
0 7.32 22.83 2.4264
0 7.5 23.33 3.0913
0 6.32 20.7 2.6634
0 7.38 21.45 2.7258
0 8.77 24.11 1.8036
0 10.16 27.22 1.8689
0 10.83 26.7 2.6496
0 7.51 23.99 1.4143
0 9.16 23.66 2.8788
0 8.43 24.74 2.0555
0 9.94 25.12 0.3503
0 11.21 27.67 0.532
0 12.51 30.53 2.4618
0 12.52 29.98 2.7259
0 10.67 28.26 2.6373
0 8.56 26.77 2.7203
0 8.65 25.61 2.3436
0 9.76 26.13 2.3189
9.35 10.43 26.91 2.4172
7.6 7.62 23.04 2.3844
1.35 5.52 15.7 2.2539
0 8.2 22.05 1.0228
0 9.9 27.13 0.7913
0 12.78 29.65 0.54
0 12.85 30.18 1.5268
0 13.5 30.03 1.8901
0 14.67 28.79 2.5472
0 15.39 29.5 2.8037
0 14.47 28.42 2.2398
0 13.62 29 2.5336
0 11.64 28.58 2.1637
0 10.63 27.85 2.2852
0 9.34 24.58 2.3715
0 9.49 24.93 3.1063
0 9.17 23.02 2.681
0 9.8 21.63 3.2469
0 8.25 21.42 3.0882
0 8.61 22.3 1.9408
0 8.68 24.07 1.2595
0 9.25 26.29 1.8933
0 9.43 26.4 1.3471
0 10.32 27.1 2.3009
0 11.57 27.92 2.7985
0 12.05 27.74 1.8795
0 13.1 28.37 1.8492
0 11.25 29.66 2.1154
0 11.25 28.73 1.8666
0 11.14 27.82 1.7289
0 12.45 27.84 1.5974
0 13.91 30.27 2.3808
0 14.97 30.81 2.984
0.125 16.35 30.67 2.0693
0.475 13.38 27.27 1.4237
0 13.62 29.12 1.8712
0 13.49 30.45 2.0576
0 10.89 29.46 2.9994
0 9.66 25.73 2.3142
0 11.07 26.95 3.0076
0 10.8 26.82 2.3454
0 11.78 27.74 1.7302
0 11.18 28.54 1.8264
0 11.05 28.4 2.2078
0 10.88 27.69 2.6441
0 10.57 27.88 1.669
0 11.99 29.56 1.2134
0 12.55 30.02 1.99
0 11.37 28.56 1.5309
0 10.57 27.86 1.2052
0 10.3 28.19 1.5844
0 10.5 28.23 1.5336
0 11.18 29.06 2.5852
0 10.83 27.24 1.9283
0 9.92 26.92 1.3079
0 8.79 26.77 1.0138
0 10.08 27.85 0.9609
0 10.71 29.11 2.0169
0 12.71 29.62 1.1999
0 12.72 29.48 0.7372
0 12.9 31.82 1.0235
0 13.73 31.72 1.3593
0 13.54 32.12 1.6233
0 11.38 30.86 1.8106
0 9.44 28.46 1.7406
0 10.33 27.86 0.7923
0 10.66 27.88 0.6967
0 11.25 29.87 0.887
0 12.35 29.2 0.9657
0 12.61 30 1.7991
0 12.17 28.81 0.7112
0 12.83 29.44 0.9192
0 13.11 30.74 0.8925
0.25 13.25 29.48 1.5116
1.275 11.11 29.49 0.997
1.825 11.63 26.78 1.5692
3.625 8.36 20.77 1.4284
1.775 9.62 23.97 0.567
4.025 9.41 25.71 1.2188
0 9.67 23.96 2.3992
0 10.08 25.15 1.8165
0 8.51 22.69 1.6394
0 7.35 22.52 0.2904
0 9.04 26.11 0.2414
0 11.46 28.57 0.9328
0 12.36 28.76 0.4481
1.875 12.63 29.32 0.2317
0 13.2 29.78 0.5124
0 13.25 30.46 1.6271
3.275 10.22 26.5 2.2437
0.025 8.2 19.49 1.9004
0 8.36 23.09 0.4834
0 12.16 27.12 0.6215
0 12 26.66 1.1145
0 11.12 28.45 1.3928
0 9.54 27.69 2.2393
0 9.88 24.67 1.8341
0 9.03 21.86 1.9637
18.15 6.13 18.69 2.2738
34.225 4.35 13.67 3.693
14.225 -0.24 9.12 0.8325
2.15 -0.85 8.67 0.9049
0 -0.67 12.01 1.2629
0 1.87 16.17 1.1391
2.025 3.95 18.21 1.4863
3.975 5.24 14.12 1.5802
0 5.73 20.03 0.9016
0 6.12 22.46 0.5731
0 9.58 24.66 0.3947
0 7.68 24.25 0.9635
0 7.81 23.02 1.4383
0 8.28 22.27 1.6528
0 8.63 22.95 1.5809
0 7.05 23.9 0.7943
0 6.24 21.03 0.6056
0 6.46 21.5 0.544
0 6.58 20.86 2.1588
0 6.21 22.79 1.7461
0 6.61 22.94 2.0909
0 5.35 20.44 1.3165
0 3.1 16.17 3.236
0 1.1 14.91 3.3662
0 1.41 14.92 2.0378
0 3.25 17.14 0.9224
0 3.81 18.69 2.0914
0 4.36 19.73 0.1324
0 3.61 19.04 3.1349
0 3.85 17.38 4.2046
4.35 0.49 17.46 3.685
7.875 -2.38 14.99 1.7837
4.7 -4.54 2.42 0.3808
6.475 -3.8 3.43 1.4511
0.125 -4.23 2.83 0.8801
0 -4.49 5.25 2.2608
0 -2.84 7.82 3.2337
0 -2.14 11.7 3.0843
2.85 -0.18 12.32 3.6039
3.475 2.7 9.82 1.0238
0 1.84 9.95 0.2118
0 2.66 11.61 0.7088
0 -0.22 11.75 0.5804
0 0.15 12.09 0.9162
0 -0.05 12.74 0.8494
0.05 0.12 12.56 3.0596
1.3 -1.22 6.66 2.1461
2.875 -0.93 4.29 4.0736
2.5 -3.29 3.65 1.6773
0 -2.95 6.78 2.311
0 -1.91 9.11 3.5092
0.025 -1.86 14.81 2.1582
0 -1.69 11.18 0.8024
0 -0.53 10.52 2.9259
0 0.42 13.74 2.3781
0 1.95 13.83 1.0791
0 3.54 13.67 1.7176
0 -0.69 14.99 3.4317
0 -1.15 11.32 8.5636
0 -0.87 7.4 3.6041
0 -3 11.21 4.3461
0 -4.32 8.78 2.767
0 -4 7.2 3.4893
0 -4.95 7.38 3.0989
0 -4.17 7.16 3.59
0 -3.45 9.15 3.5953
0 -2.86 9.17 4.3002
0 -2.36 10.09 3.2348
0 -3.26 9.36 0.9908
0 -4.77 8.03 1.6695
0 -5.09 5.09 1.472
0 -4.7 5.77 1.1648
0 -4.17 6.13 0.8846
0 -3.75 5.45 5.5127
0 -2.18 9.41 4.6223
0 -4.1 9.85 2.7304
0 -4.48 9.15 4.5945
0 -5 7.61 4.4921
0 -4.2 7.08 3.4897
0 -4.9 7.9 4.5483
0 -4.81 8.67 4.038
0 -4.22 9.41 4.9738
0 -3.07 10.15 3.4474
0 -1.72 10.76 1.3037
0 -1.75 11.6 1.1639
0 -0.9 10.79 1.264
0 1.36 14.95 0.9524
0 0.18 12.57 1.0078
0 -2.2 11.53 2.3886
