0.125 4.81 8.92 1.5179
3.575 5.76 8.08 0.9626
0.6 0.58 10.41 1.9258
0 -2.13 10.71 3.2021
1.075 2.98 8.43 1.7777
0.1 2.37 9.28 0.3199
0 0.73 8.8 1.4419
0 1.75 10.87 1.086
0 2.3 13.25 3.8286
0 0.47 14.11 3.5249
0 0 15.97 2.5168
0 0.71 17.14 5.1379
0 1.58 19.6 4.1592
0 1.5 19.54 3.8126
0 1.18 20.01 3.823
0 2.85 19.94 4.8603
0 2.21 19.93 4.0188
0 2.37 20.33 4.4983
0 1.26 21.04 4.7454
0 1.9 20.33 3.3187
1.925 5.29 15.2 2.6332
10.725 9.91 15.19 2.0794
17.275 11.27 13.57 1.6861
2.15 10.04 16.32 1.8561
6.55 5.95 13.97 3.1521
0.325 3.79 11.64 1.2229
0 1.09 12.61 1.0584
0 0.62 13.71 1.5236
0 1.65 15.62 3.8073
0 1.81 17.61 4.232
0 2.21 19.21 2.6077
0 2.92 18.03 2.656
0 3.08 19.28 4.0472
0 2.85 20.49 3.8001
0 3.01 20.26 2.9715
5.95 9.02 16.86 2.9932
4.9 8.81 14.76 3.2585
0.875 7.2 16.34 2.4852
3.1 4.83 15.95 1.2147
1 4.35 12.55 3.0293
1.85 -0.01 12.44 0.3109
5.725 4.87 13.01 2.3893
1.625 4.81 12.69 1.2963
14.425 5.13 10.95 2.9381
1.775 5.7 12.67 3.7013
3.85 8.15 12.21 6.5906
12.75 8.24 12.85 5.4448
7.125 7.68 11.9 4.4901
0.4 3.32 14.33 1.7135
0 3.32 17.44 3.5032
0 4.42 18.18 2.7174
1.075 4.18 16.29 3.5988
3.9 10.59 15.96 4.2725
11.875 10.48 17.99 3.1145
0.525 8.25 18 1.4601
0.2 9.59 18.49 1.5949
0.825 8.95 18.88 2.1071
0.05 5.45 17.06 0.5253
0 6.08 17.46 3.4605
3.575 10.84 16.85 3.1048
6.975 11.42 18.72 4.2543
10.875 9.6 16.19 4.9567
6.275 5.78 14.2 2.5038
0.025 3 15.14 1.1545
0.05 4.1 14.84 1.865
0 3.07 15.85 0.3379
0 3 18.07 1.4647
0 4.42 13.5 2.7877
0 1.02 14.35 0.735
0 1.17 16.96 0.4753
0 4.82 19.35 1.6586
0 4.42 20.78 1.6613
0 5.69 16.99 1.4325
0 7.04 19.74 2.169
0 8 21.02 2.5236
0 9.03 21.02 1.1447
0 9.03 22.22 1.5668
0 9.97 25.45 1.5907
0 9.98 24.28 1.2561
3.55 8.72 19.62 1.5391
2.4 6.89 15.26 3.7475
0.2 3.86 15.06 2.4815
0 2.75 19.57 1.9136
0 5.13 21.96 1.2015
0 9.33 24.35 2.2072
0 10.69 24.75 1.7562
0 9.66 26.25 1.4848
0 10.14 20.66 3.7338
0 6.79 20.15 2.1586
0 4.97 22.43 0.7916
0 10.44 24.82 3.1842
0 8.47 22.47 2.7271
0 7.68 19.84 5.1092
0 5.52 19.51 1.8661
0 4.57 24.41 2.3301
0 7.11 27.6 1.7369
11.325 9.34 20.75 1.2087
2.1 9.42 18.66 2.5983
5.575 9.42 15.23 1.7565
2.775 9.35 17.53 2.3814
0.25 5.78 19.82 3.7258
0 7.84 23.22 1.8248
0 9.74 22.85 2.6731
0 8.48 17.17 5.2769
0 5.83 17.19 5.4641
0 4.66 21 2.8971
0 6.72 25.13 1.6015
0 9.89 27.91 2.1758
0 10.98 32.19 2.2139
0 14.26 34.59 1.4955
0 14.97 35.14 1.3649
0 15.05 35.86 1.6256
0 12.6 27.42 2.0347
0 8.97 22 3.0327
0 5.14 22.43 3.3028
0 5.37 22.21 2.2272
0 7.44 21.9 2.255
0 4.82 18.66 2.9052
0 5.45 20.77 1.9538
0 6.8 23.32 2.0244
21.525 12.57 22.15 1.6991
4.3 13.48 20.48 2.4619
0.35 14.28 22.12 3.3485
0.25 13.56 25.21 1.7838
0.3 16.33 26.96 3.3257
0 13.79 28.48 1.6836
0 12.84 28.09 3.2246
0 13.47 29.11 2.305
0 12.6 30.77 2.2164
0 13.08 31.97 1.8394
0 14.02 31.18 3.2058
0 11.64 27.94 3.4273
0 12.35 28.72 3.1975
0 13.86 29.68 3.2282
0 14.58 32.28 2.5611
0 15.29 36.64 1.3346
0 19.02 40.06 0.2171
0 19.89 38.02 1.978
0 17.45 32.96 2.1869
0 13.79 30.01 1.4854
0 13.31 32.53 1.2384
0 13.16 32.53 2.3862
0 12.46 29.3 2.9442
0 10.95 26.61 2.7751
0 10.55 29.99 2.445
0 14.43 33.55 1.974
0 17.67 35.86 1.2455
0 18.23 36.03 2.2746
0 16.5 33.12 2.4195
0 14.06 30.98 2.751
0 13.9 30.39 2.3821
0 13.73 28.75 2.4828
0.125 15.22 28.18 2.3896
0.225 15.78 28.8 0.6575
0.375 13.41 26.68 2.1979
2.075 13.56 22.71 2.7997
0.75 12.2 25.29 1.7791
0.25 12.44 27.99 2.5728
0 13.08 28.88 2.6033
0 12.44 26.99 3.3272
0 13.94 25.96 2.9542
0 13.23 26.81 3.4122
0 13.56 26.74 2.6376
0.775 15.46 27.05 3.2984
0 13.63 27.05 2.2775
0 13.55 26.35 2.4668
0 13.87 29.9 2.8774
0 14.43 29.83 3.2502
0 15.55 35.14 2.4195
0 17.6 34.45 3.0915
0 12.68 30.18 3.3565
0 11.01 27.71 3.4739
0 13.7 31.72 1.8319
0 14.97 35.22 0.9048
0 17.28 37.37 1.7068
0 15.79 35.25 2.6164
0 14.91 33.89 1.9041
0 17.91 39.26 1.1307
0 21.32 42.53 0.9933
0 21.64 41.83 2.598
0 18.4 38.36 2.5645
0 18 36.6 2.2118
0 16.67 36.99 1.9019
0 16.11 36.99 2.6288
0 16.34 34.62 2.4016
0 15.78 32.55 2.5744
0 13.18 31.83 2.4175
0 13.39 32.7 2.537
0 14.1 32.14 2.7246
0 14.9 31.74 2.7634
0 13.79 32.46 2.1576
0 17.9 32.15 1.8317
0 18.87 33.49 2.2761
0 16.88 35 1.8447
0 17.6 38.25 0.8464
0 18.7 39.2 1.5374
0 19.98 39.13 1.6465
0 20.06 39.76 1.618
0 21.8 40.48 1.9288
0 21.81 41.04 1.4531
0 20.71 39.14 2.4023
0 18.55 36.45 2.5343
0 17.6 34.78 2.5439
0 16.66 35.17 2.1483
0 14.76 32.72 2.1
0 14.13 33.98 2.1686
0 16.97 37.22 1.9586
0 19.67 38.57 2.0642
0 18.96 36.05 2.4542
0 16.99 34.07 2.9879
0 16.12 32.95 2.7952
0 16.35 33.59 3.0675
0 17.54 34.52 2.7572
0 15.4 32.56 2.7386
0 14.99 31.12 2.2272
0 15.07 32.22 1.8367
0 16.1 31.91 2.0689
0 14.67 27.33 2.6639
0 13.79 28.16 1.9059
0 14.81 32.28 1.8322
0 16.72 35.46 1.148
0 18.63 37.53 1.359
0 19.66 36.2 2.8781
0 17.45 37.23 2.8751
0 19.02 35.01 3.2253
0 17.27 31.6 3.1672
0 13.08 32.77 1.7982
0 14.81 34.9 0.8961
0 16.09 35.16 1.1353
0 16.42 35.48 0.8881
0 17.52 35.41 1.3825
0 15.32 32.72 2.4185
0 16.12 36.43 2.062
0 19.19 36.52 2.1644
0.05 18.79 34.14 2.4147
0.025 13.89 31.9 1.5408
0 14.28 33.8 1.4584
0 15.78 34.52 0.3796
0 16.48 36.19 1.7091
0 16.48 37.94 1.8904
0 18.86 39.36 1.7223
0 18.7 38.65 2.3317
0 17.29 33.04 1.3069
0 16.74 35.47 0.6072
0 20.36 36.51 0.759
0 20.53 38.65 1.9526
0 17.36 35.49 2.5683
0 13.33 31.05 2.0867
0 15.22 28.99 2.2352
0 14.27 30.15 2.1987
0 13.79 32.06 0.8303
0 15.14 33.4 1.1291
0 16.88 35.79 0.5944
0 17.2 37.38 1.2091
0.425 17.44 32.41 2.1584
0.05 14.75 27.34 1.9085
3.6 15.31 26.12 2.4337
0.1 14.03 28.7 1.8662
0 15.37 31.18 2.0364
0 15.38 33.01 1.1313
0 16.25 36.49 0.7801
0 18.23 35.32 1.7508
0 16.65 33.34 1.0514
0 16.88 35.31 1.6439
0 17.28 36.82 1.8784
0 16.25 36.83 1.2058
0 16.01 36.04 0.7481
0 15.53 35.64 0.7988
0 15.77 37.22 1.0855
0 16.56 37.38 0.3596
0 17.84 33.12 1.7301
0 13.92 24.43 2.5739
0 8.94 23.56 2.5313
0 10.21 26.25 2.2456
0 8.55 28.24 0.9375
0 10.6 25.02 3.2908
0 7.45 20.33 3.3186
0 6.96 20.93 0.4018
0 6.4 23.24 2.1506
0 8.14 26.81 1.0497
0 9.42 24.44 1.3865
0 8.87 25.08 0.6369
0 9.51 25.64 0.4502
0 9.74 23.19 1.6701
0.275 9.27 21.05 1.9699
45.075 12.9 17.94 6.9628
4.225 15.62 23.85 4.1138
0.275 17.52 26.65 1.2202
0 15.77 26.75 2.3734
0 14.04 26.67 1.3271
0 15.04 25.82 1.6167
0.15 10.71 19.72 1.8695
0.025 10.44 20.46 1.4074
0 9.18 22.6 1.1479
0 10.77 23.65 0.981
0 11.01 25.39 1.4309
0 11.41 26.11 1.5233
0 12.11 25.4 1.5141
0 10.53 26.88 1.2091
0 11.49 19.8 4.8293
0 7.68 18.03 4.802
0 4.74 18.49 0.8075
0 5.05 21.16 0.2937
0 6.17 22.61 0.9038
0 7.67 23.73 1.0585
0 8.24 25.23 1.226
0 8.64 25.32 1.1623
0 8.63 25.65 1.811
0 8.79 22.57 2.502
0 8.23 22.69 0.5216
0 9.74 19.85 1.9337
0 5.54 18.9 1.9917
0 3.96 18.02 1.0208
0 7.28 18.19 0.8971
0.075 7.84 17.47 0.7195
0.35 8.06 17.38 2.1896
0.15 3.95 16.34 1.5207
0 3.47 16.43 1.2163
0 1.26 17.54 2.4309
0 1.73 19.11 1.8064
0.35 2.37 19.85 0.9999
0.175 5.6 17.09 2.383
0 0.94 15.48 2.0464
2.8 3.48 17.77 3.2229
1.15 3.08 13.36 1.3159
0 1.66 17.21 0.4433
0 4.03 15.25 1.7618
0 1.98 17.37 3.2458
0 1.66 19.68 3.4297
0 2.85 20.48 2.1879
4 5.61 15.84 1.1992
0.35 7.05 18.47 5.2131
0 1.42 16.13 4.5495
0 1.18 16.66 3.6995
0 1.26 17.31 1.3427
0 0.79 15.88 1.637
0 0.87 14.85 1.5942
0 1.02 15.64 1.7734
0 1.65 12.65 1.0736
0.925 -3.56 10.02 1.6586
14.325 -1.35 7.63 0.6906
1.025 -3.9 7.85 0.4024
0 -2.63 7.69 1.8891
2.825 0.98 9.28 3.3387
14.4 5.05 11.56 3.162
13.725 9.38 13.01 3.9314
6 7.06 13.57 3.5803
1.25 5.71 14.42 0.5841
0 4.74 14.68 3.385
1.35 7.52 15.01 2.8418
0 6.65 12.56 2.1478
0 6 11.45 2.5915
0 4.4 11.02 3.956
0.1 4.43 13.74 2.8032
6.925 6.65 13.61 1.6741
1.575 5.06 12.23 3.7049
0.025 1.56 10.47 1.9848
0 -1.11 11.65 3.7701
0 -0.47 14.37 3.956
1.6 1.73 10.99 4.0603
6.2 4.89 14.04 2.1541
1.525 5.62 9.24 2.8318
1.625 3.48 12.22 0.7839
0.6 7.61 14.2 1.3502
0 6.41 11.83 2.6876
0 5.86 14.29 2.2259
0.075 4.75 12.48 1.149
0 6.87 10.99 3.8088
0 3.71 13.6 2.9314
0 4.42 11.09 2.9638
0 4.42 9.63 3.0786
0 2.53 8.77 2.3958
0.45 4.67 9.95 2.8319
0.15 6.18 10.27 2.4813
0.025 5.39 7.71 2.3787
0.075 5.71 9.1 3.2235
4.1 6.41 16.82 4.7878
14 8.88 17.47 2.0417
0.125 4.66 15.08 1.0993
0.075 4.19 11.45 3.1403
0.075 6.64 13.52 2.7682
12.225 6.48 13.61 2.845
17 9.2 14.92 5.0641
26.7 7.87 12.38 5.635
19.725 7.76 12.76 6.5046
20.125 5.17 9.45 3.7187
5.45 3.08 10.55 3.2758
2.55 2.84 11.55 1.052
0.15 2.05 10.09 2.5276
2.625 5.92 11.03 4.5439
2.425 7.45 11.59 3.0039
0.075 5.22 13.97 1.0977
0 3.32 13.89 2.4194
0.725 5.23 15.79 3.122
1.1 6.18 15.8 1.0552
0.1 3.39 12.87 1.2889
0 3.07 15.79 1.7467
0 6.24 13.11 2.1487
0.625 3.89 17.06 0.6345
4.525 7.36 14.77 3.156
1.8 9.98 16.27 3.3595
9.725 9.29 12.55 1.6148
1.4 7.13 12.76 2.4858
1.775 7.85 13.71 1.1358
10.6 7.45 11.43 1.2405
0.325 3.23 14.35 0.7532
0 6.39 14.6 1.1811
0 5.86 17.75 1.4964
0 4.98 17.86 1.2991
0 3.88 18.73 1.4709
0 4.51 19.6 1.3865
0 6.72 19.67 1.8125
0 6.89 20.32 2.2864
0 6.88 19.45 0.8016
0 9.25 15.66 0.985
0.475 7.13 15.24 2.0598
7.875 7.29 11.59 2.6943
0.475 5.05 13.55 1.8345
32.125 5.21 10.89 3.7688
5.425 8.62 14.9 2.5235
0.475 7.19 16.4 0.889
8.35 7.82 17.85 4.5585
4.125 8.82 15.49 1.0612
0.1 4.51 17.36 0.4197
0 6.4 17.85 1.9392
3.675 7.19 15.57 2.742
14.725 6.9 10.88 3.2142
1.95 5.22 13.71 2.5074
0.025 2.2 13.72 1.1407
0 7.18 16.57 2.2643
0 5.14 18.81 1.229
0.05 5.32 13.99 2.7052
0.5 3.22 12.68 3.6335
2.275 3.78 12.54 2.2862
0 1.18 16.09 0.2337
10.4 4.49 14.05 2.028
1.3 3.08 13.97 2.4896
0 2.91 16.34 2.2628
0 3.78 19.19 3.2869
0 6.4 24.11 1.2846
0 10.44 24.21 1.202
0 8.71 23.5 2.7836
0 5.69 25.16 2.159
0 7.11 24.53 1.5506
0 7.85 22.23 0.4065
0 8.94 20.41 1.9905
0 8.14 22.29 1.5602
0.05 6.16 23.32 1.4122
0.275 6.65 18.83 2.1027
0.125 4.82 18.24 2.2137
0 4.35 20.86 2.16
0 6.48 24.74 0.8848
0.225 7.44 24.12 2.395
2.65 7.63 17.65 4.7074
1.775 5.62 14.75 2.4938
0.125 4.73 15.62 0.8749
3.45 3.94 14.29 1.9198
0.9 4.5 14.04 1.6836
14.225 3.87 13.25 2.8147
8.15 6.09 14.75 2.5559
0 4.22 17.71 0.8904
0 4.34 20.77 1.9256
0 7.11 21.82 1.29
0 8.79 21.74 1.3885
0 8.23 18.11 2.0367
17 8.09 14.52 4.7337
10.35 7.49 15.6 4.1746
1.925 5.38 17.11 1.1039
0 6.49 18.95 0.7589
0 6.97 21.17 0.9398
0 9.02 22.29 1.5523
0 8.79 23.32 1.511
0 8.08 25.62 1.2005
0.5 11.25 25.15 1.3919
28.425 8.01 16.31 2.2879
10.9 6.73 11.36 3.4789
1.15 7.29 15.13 2.2789
0.05 6.9 20.82 1.3308
0 9.21 24.54 1.3552
0 11.21 27.99 1.339
0 9.19 28.25 0.9709
0.975 9.45 21.14 3.739
1.675 6.33 15.72 4.3366
0 5.65 18.15 3.533
0 7.5 20.28 3.4839
0 8.38 24.34 2.2552
0 11.38 26.72 2.0626
0 9.67 30.29 1.1464
0 11.72 26.43 2.4073
0 9.9 23.5 3.9685
0 8.54 23.01 2.5315
0 7.43 26 1.0548
0 9.1 24.05 2.7352
0.3 8.95 19.23 3.5412
5.875 8.17 16.67 2.7609
1.3 5.29 19.88 3.4487
0 7.5 24.96 2.1631
0 9.65 27.12 1.1728
0 11.01 28.56 0.9713
0 11.17 29.28 0.805
0 12.36 27.23 1.2494
0 11.43 20.44 1.8237
0 13.43 23.65 1.2453
0 12.06 23.8 1.4711
0 10.39 24.13 3.526
0 9.18 20.17 4.2367
0 6.49 18.32 3.535
0 7.67 21.17 4.2056
0 7.92 21.51 2.222
9.7 9.18 20.71 1.5865
6.975 10.05 22.21 2.4497
8.525 10.07 19.29 2.1156
0.925 7.36 20.55 2.9966
0 11.7 26.39 2.101
0 11.55 30.45 1.2169
0 15.37 29.29 2.5345
0 14.03 26.04 2.9944
0 13.24 30.29 2.3426
0 16.24 29.76 2.3045
0 17.29 30.7 2.3275
0 17.28 32.76 1.9099
0 17.84 33.4 2.809
0 15.78 30.49 3.2468
0 14.04 30.55 2.9672
0 13.95 27.16 3.4873
0 11.4 25.17 4.7041
0 14.4 28.78 5.0254
0 15.04 32.21 3.4366
0 15.6 35.37 1.0624
0 15.76 36.16 1.9107
0 14.35 30.82 2.7638
0 12.28 29.06 3.2089
0 12.11 30.93 1.9792
0 12.59 28.58 2.5733
0 10.14 26.04 2.9967
0 9.59 27.45 2.8125
0 12.43 30.7 2.1848
0 13.78 33.39 1.4298
0 17.19 34.44 2.2744
0.5 15.69 31.44 2.2674
1.275 13.89 29.53 2.8886
0 15.47 33 2.7374
0 19.18 37.12 1.5254
0 20.61 39.2 1.8968
0 19.98 36.53 2.8868
0 16.72 33.66 2.9695
0 12.29 31.52 2.9002
0 14.34 30.72 3.0861
0 15.77 32.93 2.6679
0 15.77 35.54 1.164
0 16.79 35.63 2.0334
0 15.07 32.01 2.6772
0 13.73 32.46 2.5553
0 14.76 33.81 2.7504
0 15.24 34.77 2.4451
0 16.27 37.62 1.8718
0 17.22 35.89 2.0637
0 17.3 33.99 2.993
0 15.4 32.32 2.9082
0 16.83 35.23 1.8989
0 20.85 38.01 1.8292
0 21.88 39.13 2.7009
0 20.86 38.66 2.6285
0 19.04 38.97 2.5385
0 17.45 37.08 2.2266
0 16.34 34.7 2.0364
0 15.55 32.72 2.0762
0 13.25 33.97 1.1047
0 15.55 35.16 2.3354
0 17.06 36.27 2.2728
0 17.85 34.94 2.7494
0 15.33 31.7 2.693
0 14.22 30.49 1.9243
0 13.01 30.32 2.2317
0 13.57 32.94 2.2214
0 15.15 33.66 2.3338
0 14.6 33.5 2.2059
0 14.04 33.57 1.922
0 14.91 34.52 2.2379
0 14.75 34.69 1.4618
0 15.93 34.29 1.9842
0 14.04 32.4 2.0495
0 14.12 33.1 2.0273
0 14.28 32.86 2.423
0 15.78 31.13 2.6166
0 14.44 31.51 1.7843
0 15.23 31.98 1.7516
0 13.81 28.75 2.0266
0 13.09 31.11 1.3045
0 16.64 32.37 1.7637
0 14.68 31.28 2.5517
0 14.13 31.92 2.8759
0 15.23 35.31 1.4654
0 15.95 33.27 1.4898
0 14.44 31.85 1.5094
0 13.8 33.57 2.0037
0 15.62 34.21 2.2446
0 14.28 29.88 1.6514
0 12.45 30.66 1.9428
0 14.02 33.64 2.1894
0 16.08 38.08 1.5817
0 18.3 41.11 0.4461
0 19.12 36.54 1.8556
0 15.62 32.8 2.2818
0 11.41 26.86 2.5713
0 11.96 26.02 2.3733
0 11.88 26.9 2.5749
0 12.6 30.14 1.7466
0 13.44 31.59 1.0972
0 15.91 35.8 0.2327
0 16.3 37.21 1.2993
0 15.97 35.98 1.0947
0 16.13 33.7 2.2742
0 16.63 33.98 1.2004
0 15.08 33.16 1.8464
0 13.51 27.85 2.5765
0 10.2 23.77 1.9655
0 11.47 26.33 0.902
0 12.14 30.07 0.5118
0 13.34 32.97 1.0349
0 13.49 30.46 1.5025
0 11.16 30 1.4047
0 11.32 30.46 1.4614
0 12.51 31.6 2.0013
0 13.85 30.87 1.5548
0 14.39 29.98 1.2742
0 13.38 27.75 1.1642
0 13.2 28.25 1.5843
0 12.47 27.57 1.4523
0 10.71 25.67 2.6073
0 9.81 25.67 1.4935
0 11.27 29.65 0.9
0 13 33.23 1.1495
0 15.69 35.28 1.1716
0 14.53 36.31 1.3188
0 16.87 37.64 0.8473
0 17.76 38.02 0.6141
0 16.77 36.67 0.4976
0 16.55 33.61 0.6844
0.95 18.29 34.86 0.782
3.225 17.49 34.77 1.2228
0.825 13.27 25.29 1.7733
0.8 13.66 20.96 1.3449
0.175 10.63 22.34 0.7156
1.4 11.91 22.98 1.6459
0 10.34 24.82 0.7957
0 11.07 26.99 2.0497
0 12.03 29.28 1.8223
0 14.61 29.73 1.9413
0 15.47 30.74 1.9157
0 14.27 32.69 1.2389
0 14.4 35.03 0.4679
0 14.26 33.92 0.2938
0.125 15.75 31.12 0.8522
2.575 14.06 27.96 0.9392
0.575 10.51 22.09 1.2695
0 10.93 23.36 1.5206
0 11.29 26.76 0.7453
0.125 11.03 24.03 1.7138
1.85 10.62 21.98 1.4294
9.075 12.49 21.39 1.7674
15.625 13.8 19.24 4.5888
5.4 10.41 18.65 3.1405
0 8.03 19.18 1.826
0 4.86 20.12 2.5666
0 6.7 23.95 3.4781
1.8 9.97 21.92 2.3526
3.4 11.63 21.97 1.7754
0.45 8.07 19.64 1.1262
0 7.92 22.36 1.879
0 8.39 24.33 2.7135
0 9.51 25.74 2.3291
0 10.71 27.85 1.5169
0 12.01 28.92 1.2008
0 11.29 26.81 1.8849
8.95 9.24 20.21 3.0001
4.925 6.61 15.97 2.4772
0.925 3.66 17.49 0.4532
0.6 6.84 17.38 1.6607
0.025 5.78 16.75 2.3507
0 3.28 18.36 1.3585
0 5.35 18.07 2.9282
0 5.49 20.47 1.8746
0 6.97 21.71 2.7794
0 6.61 21.17 1.436
0 6.14 21.69 1.572
0 5.59 21.98 1.4041
10.375 6.58 18.3 1.8895
23.975 5.37 12.81 2.7743
11 4.59 12.87 4.3701
4.9 5.43 11.98 2.5312
8.65 5.51 12.1 3.4025
3.925 0.87 9.28 1.4181
0 -1.08 10.51 2.729
0.9 -0.51 12.69 3.2144
9.55 3.11 11.28 2.2725
4.025 3.25 11.92 2.2782
0 -0.41 11.68 2.3352
0 -0.48 11.17 2.9899
0 0.69 12.05 2.2148
0 1.82 12.96 2.6954
0.1 5.18 12.53 1.2503
3.2 7.77 16.28 2.7322
11.125 8.32 16.82 2.9298
4.65 6.88 18.22 3.6103
0.075 4.68 17.62 2.0483
2.775 6.38 16.03 2.2745
1.65 9.27 16.27 1.2701
0.35 9.76 17.79 1.4216
0.025 10.92 17.05 0.4183
0 10.42 16.05 2.4178
0 9.34 15.6 1.3605
14.225 9.21 12.68 1.6233
5.525 4.5 13.5 1.3146
2.075 2.25 11.04 2.151
22.4 4.59 11.91 3.6221
20.45 9.55 13.79 5.1408
14.575 10.51 15.15 5.5745
8.15 7.8 13.05 2.5311
4.325 4.87 11.47 3.0379
11.875 7.65 13.77 2.0292
2.175 7.66 14.57 0.4146
0 4.56 12.9 3.107
17.45 6.42 14.72 5.4932
4.975 4.19 15.98 1.9466
0.025 4.33 13.92 0.6468
30.85 4.17 12.42 2.0402
22 5.58 12.22 4.1718
1.65 0.23 10.17 2.2671
0.3 -2 9.56 1.4175
14.425 2.38 10.46 4.5754
23.475 4.13 9.27 4.8878
2.775 2.57 10.5 2.3075
0.075 0.56 9.03 3.0189
0 0.26 9.88 3.6391
0.05 1.56 7.84 4.6253
0.05 2.07 6.94 2.8248
0 2.23 7.4 1.3785
0 0.42 5.25 1.7093
0.575 -1.82 7.05 2.7575
1.975 1.17 8.26 3.5129
0.425 4.03 13.35 2.5087
1.175 2.9 13.67 1.4725
0.3 5.75 12.62 1.2045
0 3.48 12.91 2.6446
0 6.85 12.49 1.1015
0 7.98 12.23 0.9646
0 6.72 13.74 2.5917
0 3.76 11.43 1.7929
0 2.07 14.85 3.8962
0 2.15 16.92 3.4385
0 3.78 15.75 2.575
0 3.7 16.94 3.9833
0 2.53 17.45 1.5575
0.1 3.83 13.34 1.948
0 4.49 13.14 4.793
0 4.18 12.87 3.5003
0.125 3.48 11.42 1.6339
6.625 3.49 11.5 0.4903
6.525 5.25 13.3 1.7502
1.575 3.26 13.57 1.1871
0 2.19 12.9 1.4194
0 1.31 15.05 3.0054
0 0.98 14.55 1.9287
0 1.73 15.74 2.277
0 2.88 17.83 1.7567
0 4.27 19.38 2.0096
0 4.84 20.46 0.9095
0 4.35 21.1 2.5155
0 1.68 15.2 3.1818
0 1.01 16.3 3.5807
0 1.67 17.78 3.8161
0 2.42 20.72 3.0014
0 2.3 21.98 0.9999
0.2 5.12 19.19 3.9449
5.3 8.05 17.31 4.6336
9.475 5.98 17.09 5.3422
25.775 4.72 11.05 4.6622
24.775 3.19 8.77 2.4989
8.525 2.54 10.82 2.5775
0.775 1.97 12.37 0.6651
0 2.77 12.28 0.9867
0 1.54 13.41 0.5933
0.575 1.18 15.08 0.835
4 1.98 12.29 2.0457
13.65 3.31 11.37 4.8919
3.325 -0.74 9.95 1.0921
0 -1.51 11.47 0.3449
0 -0.68 13.53 2.1881
1.15 0.71 15.9 1.8758
3.425 5.52 17.2 3.9995
1.55 8.33 18.81 1.2045
0 4.17 19.83 1.3606
2.1 6.56 19.2 0.741
8.95 8.95 18.72 1.7473
3.275 8.31 15.71 4.2027
0.45 7.26 17.21 0.5201
0.075 6.1 18.42 1.4016
0.05 7.45 19.95 0.7057
0 6.09 17.94 1.4717
0.25 5.45 18.43 0.5316
2.775 7.82 19.39 1.3816
1.75 11.63 20.51 1.2892
3.475 10.44 21.93 1.4832
3.275 11.29 22.33 2.0527
2.15 4.78 17.51 0.8571
10.3 4.53 16.4 3.6053
16.225 4.92 12.83 4.6788
33.075 6.56 11.63 4.9487
18.375 4.98 11.16 2.1677
2.175 3.11 14.2 1.6239
6.5 5.6 14.52 5.2713
20.925 7.1 12.85 5.3551
9.075 4.87 12.29 3.5212
13.425 7.25 13.37 3.0651
2.1 5.38 15.17 1.3164
0 8.23 16.22 0.8965
0 6 19.1 1.7721
0 8.51 22.4 2.2328
0 10.26 24.8 2.4259
0 10.8 27.29 1.7485
0 12.34 26.83 1.3036
0 8.54 20.76 1.8228
0 6.67 23.1 1.627
0 9.17 24.25 1.7148
0.75 9.26 23.4 2.2409
7.475 6.32 18.87 3.4461
2.15 2.66 12.81 1.6299
0 2.35 15.52 1.4137
0 3.26 18.58 0.5686
0 5.92 18.69 1.8314
0 5.49 19.52 1.9129
0.15 4.87 18.05 2.537
0.075 4.35 17.36 0.7075
0 5.95 21.2 0.782
0 9.03 24.15 1.7969
0 10.75 25.18 2.3164
0.15 12.17 23.42 2.4048
0.075 13.08 21.6 1.5012
0.275 13.08 22.64 1.9481
0.45 12.36 21.34 1.9594
0.6 8 20.02 1.0585
0.25 7.78 20.96 0.9507
0.125 9.58 21.23 1.8114
0.075 9.29 22.03 2.0505
0 7.32 21.23 2.8652
0 6.5 22.23 1.3184
0 7.89 22.86 2.3953
0 8.14 21.7 4.7759
0 7.05 21.58 3.5292
0 7.49 25.1 1.6611
0 8.86 28 0.5525
0 10.24 27.49 1.2813
0 12.32 29.64 2.87
0 12.71 32.39 0.9566
0 11.72 30.27 1.6651
0 9.23 26.19 1.999
0 10.07 22.79 2.7665
0.925 6.41 19.31 3.1499
0.45 6.8 22.16 2.6653
0 7.82 25.56 1.9053
0 9.57 26.11 1.4562
0 9.85 26.98 1.102
9.825 9.35 22.77 2.6096
10.675 7.57 16.98 2.3913
2.1 6.61 16.09 1.6276
9.9 8.59 16.64 3.3329
7.375 9.45 17.07 2.1682
0.225 7.96 22.38 2.9187
0 9.71 25.98 1.8878
0 11.24 26.67 2.4034
0 10.08 25.49 3.4273
0 8.86 22.55 4.6513
0 8.26 23.01 2.6303
1.25 10.06 22.22 2.4999
0.55 8.56 21.31 2.1569
0 9.41 21.96 2.9688
4 8.88 22.21 3.9895
0.55 8.03 21.17 4.694
0 8.36 22.17 2.6189
0 8.92 23.2 2.2659
1.05 11.59 21.23 2.5099
0.225 7.54 20.07 1.5966
0.4 7.87 21.36 0.5752
21.325 9.89 19.86 3.6514
23.5 13.09 21.85 0.9263
16.45 12.46 22.66 3.0098
0.05 10.63 23.05 2.3335
0 11.22 27.34 3.0513
0 12.15 29.17 1.9059
0 12.49 29.07 2.975
0 11.7 25.86 3.2811
0 11.98 27.78 2.7963
0 13.14 30.15 2.7614
0 15.64 32.63 2.5208
0 16.95 34.13 2.3239
0 15.77 33 2.8291
0 14.3 30.82 1.9987
0 13.17 31.25 2.7236
0 14.98 32.27 2.3423
0 16.44 34.04 0.7675
0 18.66 36.59 0.8825
0 20.19 38.21 2.4543
0 16.45 35.91 2.4366
0 13.34 32.8 2.5082
0 13.04 31.84 2.7025
0 13.9 31.66 2.6203
0 14.94 33.74 2.6872
16.5 15.75 31.73 2.1034
8.5 13.59 24.65 2.2857
0.025 12.52 26.55 2.4787
0 13.5 30.84 1.876
0 16.58 35.11 1.379
0 16.96 37.09 1.1351
0 18.7 38.79 1.5942
0 18.92 39.1 1.6859
0 20.11 39.26 2.4552
0 19.36 39.04 2.5285
0 17.62 37.7 1.9672
0 16.71 37.57 2.483
0 13.53 35.4 2.3181
0 13.22 32.81 2.3617
0 12.28 31.84 2.488
0 13.56 31.05 3.0543
0 12.23 29.13 2.7675
0 12.06 27.82 3.3626
0 12.39 28.96 3
0 12.81 28.87 1.969
0 13.62 30.32 1.1119
0 14.62 31.46 1.9999
0 15.25 32.22 1.8543
0 15.81 35.35 2.3237
0 15.79 35.47 2.7067
0 16.35 35.09 1.9411
0 16.19 34.84 1.7061
0 15.08 34.6 2.0942
0 13.74 34.25 2.1079
0 14.37 34.65 1.7387
0 14.35 35.79 1.8208
0 16.22 36.48 2.5089
0 15.49 36.18 2.9544
0 17.4 36.03 1.9601
0 16.67 33.82 1.2799
0 15.71 34.13 1.7432
0 15.87 34.97 2.059
0 14.2 32.7 2.9332
0 13.65 32.23 2.4466
0 15.4 33.3 2.932
0 15.55 32.4 2.412
0 14.25 32.82 1.8862
0 13.83 33.87 1.9913
0 15.46 34.2 2.2214
0 14.74 33.75 2.6104
0 14.81 32.61 2.0433
0 16.48 34.16 1.3331
0 16.76 34.67 2.1348
0 15.13 34.01 1.6898
0 14.38 33.84 1.6525
0 14.65 34.44 1.9242
0 14.99 34.38 2.047
0 14.85 33.57 2.7272
0 13.7 32.9 1.8711
0 13.52 32.13 1.3044
0 14.03 31.77 1.2139
0 15.01 34.57 1.1004
0 16.6 35.76 1.8795
0 15.75 35.06 1.1726
0 16.8 35.45 0.692
0 17.39 35.36 1.0541
0 16.15 35.77 1.3083
0 15.78 35.27 1.9169
0 14.62 34.11 1.7127
0 14 32.52 1.6634
0 15.01 32.5 0.7846
0 15.77 34.93 0.4618
0 15.73 34.9 0.881
0 15.56 34.46 1.0287
0 13.58 33.31 1.8003
0 13.99 34.66 1.0781
0 15.59 35.97 1.2342
0 15.55 35.52 1.2771
0 15.64 35.6 1.4865
0 18.14 35.79 0.695
0.175 17.04 31.9 1.5675
0 15.51 30.69 1.6635
0 15.36 33.06 0.8779
0 16.78 33.17 1.6019
0 15.1 32.47 2.3323
0 13.16 30.21 1.7063
0 11.44 29.5 1.8439
0 13.23 30.54 0.7492
0 14.9 33.13 0.5064
0 16.15 35.38 1.1531
0 16.03 36.23 0.8655
0 16.87 36.41 0.6481
0 17.11 36.7 0.6875
0.05 17.67 37.51 1.5132
0 13.79 28.28 2.0493
0 12.45 26.08 2.216
0 12.98 29.71 1.2293
0 15.48 33.89 0.6694
0 15.58 34.27 0.9193
0 15.3 31.17 1.084
0 12.55 28.32 2.0229
0 12.75 26.91 1.6228
0 11.89 24.67 1.7506
9.15 11.95 23.38 1.9978
22.975 11.52 23.18 3.2727
4.4 8.94 17.92 0.7966
1.15 7.28 18.5 0.9807
0 7.96 21.93 1.0271
0 9.02 24.39 1.2265
0.45 11.81 24.55 1.3853
0.225 14.45 24.89 1.5314
0 13.71 25.58 1.1344
0 12.58 28.34 0.9682
0 13.49 29.78 0.6675
0 14.72 29.57 0.9162
0 14.48 28.43 0.9641
0 13.31 29.2 1.4145
0 13.52 28.97 1.1047
0 12.77 27.1 1.273
0 12.37 26.55 0.9822
0 11.6 26.8 1.1485
0 12.6 28.45 1.9741
0 11.39 29.39 1.2896
0 12 29.16 1.403
0 11 24.66 1.3745
0 7.77 24.6 2.419
0 6.64 22.06 2.7617
0 7.62 23.66 1.6003
0 8.1 24.17 1.0542
0 8.6 24.76 1.9563
0 8.92 26.46 0.7737
0 10.06 26.38 3.2504
0 8.14 22.99 3.9151
1.5 6.11 23.54 2.8068
1.625 6.34 18.61 1.6069
2.25 3.14 13.84 0.3385
2.825 5.13 14.81 1.214
0.15 4.85 15 0.7386
0 2.42 15.3 1.8566
0 2.28 17.13 2.9114
0 2.77 19.12 3.2599
4.125 7.88 18.43 4.0549
1.15 8.2 18.72 0.8373
0 7.67 18.78 0.4729
0 8.48 18.26 1.1853
0 5.98 18.57 0.9272
0 5.3 19.91 0.9651
0 5.77 20.54 0.8159
0.1 6.59 19.48 2.6563
1.975 4.3 15.04 1.9073
3.35 4.6 14.47 4.0377
0 3.11 13.67 1.8845
0 2.55 15.39 2.7364
0 3.37 15.57 4.0242
0.6 6.36 15.87 1.7741
1.275 4.33 16.18 0.5678
0 4.86 17.06 2.591
0 3.97 15.77 2.2172
0.125 4.68 19.14 1.0066
0 4.86 14.03 1.471
0 5.75 16.13 4.0013
0 4.68 19.09 7.2722
0 3.31 16.95 3.2423
0 1.55 16.74 3.9925
0 -0.6 15.82 2.4136
0 -0.93 14.62 3.3962
0 -1.22 14.19 2.843
0 -0.96 14.75 2.8196
0 -0.67 15.07 2.6127
0 -1.05 14.97 3.8141
0 -0.86 16.55 2.7819
0 0.54 15.44 0.453
0 2.73 12.61 1.3337
0 1.46 13.33 1.271
0 -0.56 14.21 0.934
2.075 1.26 12.31 0.8256
0.55 0.22 11.72 4.6407
0 -0.54 12.34 4.0195
0 -0.45 11.77 2.1539
0 1.63 15.1 3.7044
0 -0.72 12.19 3.7584
0 -2.13 12.44 3.0088
0 -2.4 15.25 4.4289
0 -2.44 12.84 3.7672
0 -3.09 13.31 4.5192
0 -1.41 14.92 3.2587
0 -2.18 15.42 1.1238
0.025 -1.12 14.84 1.1423
0 0.15 15.76 1.2379
0 3.5 15.92 0.7985
0 4.16 16.22 0.9811
0 2.96 13.45 2.2449
