0 5.66 7.84 1.4862
2.825 6.73 8.44 0.943
0 0.45 10.05 1.9953
0 -2.5 10.63 3.035
0.925 3.6 7.88 1.7561
0 1.56 9.55 0.3197
0 0.21 9 1.4137
0 1.62 11.07 1.1466
0 1.61 13.33 3.7263
0 0.22 14.55 3.5172
0 -0.17 15.51 2.5128
0 0.68 17.38 5.0518
0 1.24 19.7 4.1785
0 1.14 18.95 3.8285
0 0.89 19.66 3.7711
0 2.8 19.49 4.8308
0 1.95 19.6 3.957
0 2.3 20.05 4.4407
0 0.69 20.71 4.7136
0 1.5 20 3.282
1.65 5.39 13.9 2.6071
9.725 10.06 14.01 2.0595
16.525 11.22 13.55 1.6821
1.725 10.13 16.58 1.7638
6.9 5.83 13.84 3.1051
0 4.11 12.38 1.3087
0 1.24 12.79 0.9977
0 0.78 14.19 1.5045
0 1.45 15.81 3.7179
0 1.89 17.93 4.1717
0 2.04 19 2.4883
0 2.56 17.73 2.5646
0 2.81 19.6 4.0389
0 2.55 20.2 3.7978
0 2.7 19.46 2.9708
5.6 9.61 15.71 3.0801
3.225 8.74 14.96 3.2694
0.025 7.2 16.32 2.4236
1.55 4.48 16.11 1.1805
0 4.27 12.33 2.9298
1.125 0.32 12.88 0.3087
3.85 6.08 13.29 2.3516
0.8 5.32 12.79 1.2733
11.5 5.72 10.91 2.9121
0.15 6.22 13.49 3.7287
3.275 8.65 12.04 6.7006
10.525 8.5 12.88 5.4095
5.7 7.94 11.97 4.4706
0 3.34 15.26 1.7758
0 3.84 17.93 3.4983
0 4.68 17.99 2.7037
0.475 4.42 15.76 3.5435
2.125 11.83 15.57 4.3477
10.125 10.02 18.64 3.1895
0.025 8.1 18.39 1.4725
0 9.62 18.44 1.6408
0.675 9.02 19.05 2.0834
0 5.64 16.83 0.5814
0 6.49 17.43 3.4316
2.575 11.77 16.13 3.2046
2.75 11.08 19.09 4.3515
3.4 9.61 15.78 4.9807
3.6 5.54 14.21 2.4599
0 3.15 15.32 1.1943
0.025 4.51 15 1.8705
0 3.45 16.37 0.3497
0 3.06 18.45 1.5063
0 4.62 13.04 2.8396
0 1.23 14.7 0.8269
0 1.38 17.34 0.4886
0 5.28 19.61 1.6022
0 4.58 21.13 1.5621
0 6.37 16.29 1.4742
0 7.83 20.21 2.199
0 8.34 21.28 2.5676
0 9.32 21.13 1.1371
0 9.37 22.33 1.6219
0 10.33 25.78 1.7327
0 10.09 24.16 1.3853
3.625 8.85 18.57 1.5123
1.5 6.85 14.85 3.6782
0 4.37 15.71 2.5301
0 2.86 20.56 1.9221
0 5.48 22.73 1.3236
0 10.07 24.96 2.269
0 11 25.15 1.6998
0 9.64 26.73 1.5068
0 10.57 19.96 3.8509
0 7.49 20.56 2.232
0 5.33 23.33 0.9017
0 11.44 25.56 3.2961
0 8.8 22.18 2.7876
0 7.8 20 5.0962
0 6.14 20 1.8418
0 4.79 25.56 2.2596
0 7.37 28.33 1.676
8.875 9.83 19.66 1.2147
0.65 9.76 18.44 2.585
5.125 10.06 15.21 1.7847
1.975 9.61 18.12 2.3836
0 6.01 20.56 3.7097
0 8.35 24.29 1.8485
0 10.37 23.23 2.7718
0 8.45 16.66 5.3914
0 6.79 18.23 5.3882
0 5.42 22.12 2.8772
0 7.25 26.16 1.6406
0 10.58 28.83 2.0799
0 11.7 33.23 2.125
0 14.34 35.35 1.4943
0 15 35.9 1.3957
0 15.34 36.36 1.5688
0 12.9 26.47 1.95
0 8.56 21.48 2.9778
0 5.42 23.29 3.2733
0 5.58 22.63 2.257
0 7.69 21.84 2.2432
0 5.11 18.39 2.8772
0 5.78 21.52 1.9876
0 7.25 23.84 2.0284
15.55 13.86 21.79 1.7111
0.875 13.45 20.46 2.5224
0.175 14.32 22.64 3.3495
0 13.76 26.02 1.8065
0.125 16.69 27.69 3.3244
0 13.87 29.14 1.6201
0 12.86 28.48 3.2684
0 13.92 29.9 2.4164
0 12.61 31.47 2.3602
0 13.69 32.63 1.9801
0 14.47 31.47 3.2371
0 12 28.03 3.4551
0 12.8 29.53 3.2797
0 14.42 29.8 3.1979
0 15.03 33.23 2.6812
0 15.48 37.67 1.3406
0 19.28 40.86 0.2059
0 20.44 37.7 1.9115
0 17.21 32.22 2.1341
0 13.96 29.8 1.4653
0 13.37 33.03 1.2717
0 13.21 32.69 2.3537
0 12.25 28.8 2.9224
0 10.92 25.97 2.7724
0 10.48 30.41 2.5177
0 14.52 34.25 2.0791
0 18.06 36.52 1.2948
0 18.37 36.02 2.2843
0 16.24 32.49 2.3838
0 13.55 29.87 2.6595
0 13.45 30.37 2.399
0 13.36 28.24 2.5495
0.05 15.48 28.18 2.3989
0 16.13 29.04 0.735
0.175 13.69 26.42 2.2153
1.05 13.95 22.33 2.7046
0 12.84 26.11 1.7167
0 12.79 28.84 2.5503
0 13.44 29.25 2.5948
0 12.79 26.68 3.298
0 14.36 25.91 2.9312
0 13.6 27.22 3.4043
0 13.9 26.82 2.663
0.6 15.63 27.28 3.2516
0 14.01 27.33 2.244
0 13.92 26.13 2.4534
0 14.07 30.46 2.9218
0 14.66 30.01 3.2758
0 15.82 35.96 2.5268
0 17.61 34.4 3.1904
0 12.8 29.46 3.4093
0 11.18 27.63 3.5232
0 14.06 32.67 1.9662
0 15.33 36.01 1.0045
0 17.51 37.64 1.7481
0 15.54 34.91 2.6092
0 14.83 33.89 1.9149
0 18.06 40 1.1917
0 21.85 43.12 1.0435
0 22 41.87 2.5193
0 18.27 37.69 2.4914
0 17.86 36.08 2.1915
0 16.24 36.63 1.9199
0 16.08 36.68 2.5952
0 16.24 33.76 2.3852
0 15.64 31.95 2.5549
0 12.76 31.58 2.4165
0 13.56 32.64 2.5134
0 14.61 32.18 2.7703
0 15.32 31.77 2.8063
0 13.77 32.39 2.2266
0 18.37 31.83 1.8743
0 19.11 33.39 2.3221
0 16.67 35.35 1.9542
0 17.56 38.49 0.9376
0 18.53 39.21 1.5283
0 19.95 38.95 1.6122
0 20.09 39.66 1.5911
0 21.81 40.21 1.909
0 22.24 41.05 1.4643
0 20.49 38.5 2.4021
0 18.13 35.63 2.5389
0 17.51 34.1 2.5804
0 16.3 34.61 2.17
0 14.31 31.79 2.1164
0 13.62 33.55 2.1802
0 17.1 37.33 1.9716
0 19.48 38.49 2.093
0 18.57 35.12 2.4858
0 16.38 33 2.9917
0 15.38 32.04 2.8123
0 15.79 32.94 3.1265
0 17.2 34.16 2.8009
0 14.82 31.83 2.7125
0 14.77 30.38 2.1947
0 14.77 31.94 1.838
0 15.98 31.34 2.0522
0 14.52 26.32 2.6264
0 14.25 28.55 1.9084
0 15.32 32.93 1.9157
0 17.04 35.77 1.2958
0 18.77 37.93 1.3772
0 19.68 35.68 2.8566
0 17.55 36.93 2.9172
0 19.42 34.64 3.2748
0 17.27 30.83 3.1712
0 13.3 32.93 1.8725
0 14.94 35.26 1.005
0 15.99 35.11 1.2132
0 16.29 35.21 0.9044
0 17.46 34.67 1.3945
0 14.82 31.83 2.4475
0 15.58 36.37 2.0413
0 19.17 36.11 2.1366
0 18.28 33.36 2.3389
0 13.12 31.53 1.5457
0 14.02 33.71 1.4688
0 15.99 34.31 0.3971
0 16.75 36.26 1.7481
0 16.7 37.93 2.0163
0 19.27 39.6 1.8371
0 18.77 38.11 2.2848
0 16.86 31.89 1.2604
0 16.44 35.27 0.6259
0 20.79 36.32 0.8472
0 20.75 38.55 2.0566
0 16.82 34.72 2.6244
0 13.49 30.26 2.1097
0 15.38 28.44 2.3053
0 14.47 30.26 2.3361
0 13.82 32.08 0.9384
0 15.24 33.59 1.1795
0 16.9 35.86 0.6469
0 17.3 37.33 1.2716
0.7 17.3 31.04 2.2178
0.125 14.72 25.92 1.8816
4.85 15.36 25.77 2.3888
0 14.11 29.3 1.9348
0 15.83 31.37 2.1495
0 15.33 33.04 1.3062
0 16.19 36.69 0.734
0 18.26 34.57 1.7028
0 16.85 33.13 1.0749
0 17.1 35.41 1.5609
0 17.21 36.97 1.8099
0 15.9 36.87 1.2069
0 15.8 35.77 0.7908
0 15.2 35.41 0.8011
0 15.39 37.08 1.0658
0 16.49 37.08 0.3369
0 17.96 31.85 1.6865
0 13.37 22.53 2.622
0 9.27 24.04 2.5797
0 10.69 26.48 2.2217
0 8.52 28.29 1.0119
0 10.73 24.25 3.342
0 7.1 19.7 3.3103
0 7.31 21.42 0.4336
0 6.75 23.64 2.0533
0 8.41 27.08 0.9925
0 9.73 24.25 1.3939
0 9.16 24.81 0.6334
0 9.62 25.32 0.465
0 9.73 22.3 1.6537
0 9.22 20.26 2.002
38.25 13.65 17.59 7.0111
0.175 15.87 24.76 4.1023
0 17.6 26.94 1.2821
0 15.84 26.48 2.4145
0 13.91 26.52 1.4209
0 15.32 25.87 1.6344
0.1 10.72 18.59 1.8252
0 10.93 20.86 1.3182
0 9.42 22.99 1.1837
0 11.08 23.64 1.0962
0 11.13 25.36 1.5122
0 11.19 25.92 1.59
0 12.01 25.31 1.4996
0 10.29 27.18 1.2357
0 11.53 18.55 4.9372
0 7.75 17.53 4.8005
0 5.07 18.58 0.8471
0 5.32 21.63 0.3548
0 6.19 22.63 0.9333
0 7.86 23.59 1.1093
0 7.92 25.26 1.2217
0 8.37 24.96 1.1769
0 8.47 24.73 1.8488
0 8.86 21.48 2.576
0 8.31 22.79 0.5342
0 9.83 19.6 1.9853
0 5.53 18.64 2.0233
0 3.47 17.63 1.0161
0 7.51 17.63 0.95
0 7.84 16.97 0.8559
0 8.01 17.38 2.2524
0 4.3 16.37 1.5543
0 3.46 16.42 1.2393
0 0.65 17.43 2.3433
0 1.29 19.01 1.7453
0 1.8 19.36 0.9126
0 5.98 16.22 2.4891
0 0.34 15.4 1.9933
0.475 3.65 17.65 3.1724
0 2.76 12.53 1.3464
0 1.24 17.48 0.4473
0 4.01 14.75 1.696
0 1.59 17.63 3.143
0 1.19 19.7 3.3107
0 2.45 19.91 2.0964
3.55 5.68 14.69 1.2759
0.075 7.04 19.15 5.2894
0 1.03 15.71 4.4913
0 0.79 16.82 3.6289
0 0.74 16.93 1.2664
0 0.18 15.32 1.531
0 0.68 14.41 1.4836
0 0.49 15.32 1.689
0 1.2 11.73 1.0504
0 -4.36 9.3 1.5345
12.2 -1.54 7.28 0.6834
0.15 -3.91 8.04 0.3502
0 -2.39 7.54 1.8596
1.225 1.79 9.25 3.3478
10.15 5.42 11.09 3.2019
8.4 9.6 13.04 3.9691
2.85 7.11 13.5 3.444
0 5.17 14.82 0.5766
0 4.96 14.66 3.4191
1.175 7.99 14.66 2.8801
0 6.94 11.73 2.1064
0 6.53 10.71 2.5326
0 4.68 11.42 3.894
0.025 4.51 13.14 2.775
3.375 6.93 12.62 1.6658
0 5.22 11.93 3.7245
0 1.61 10.46 1.9007
0 -1.23 11.97 3.7075
0 -0.72 14.15 3.9313
0.575 1.73 9.66 4.0311
5.675 5.42 14.11 2.1816
1.7 5.87 8.1 2.7888
1.075 3.21 11.89 0.7886
0.35 7.59 14.4 1.3145
0 6.58 11.57 2.7054
0 6.16 14.19 2.2538
0.05 4.81 11.96 1.1185
0 7.63 9.75 3.7557
0 3.82 12.49 2.9266
0 4.64 9.49 2.9828
0 4.72 8.55 3.0505
0 2.63 7.43 2.3391
0.325 4.81 8.76 2.7866
0 6.37 9.15 2.4972
0 5.41 7.88 2.3684
0.05 5.77 9.19 3.2188
2.1 6.19 16.93 4.8612
14.825 8.46 17.03 2.0572
0.05 5.21 15 1.0682
0.05 4.61 10.76 3.091
0.075 7.33 12.4 2.8834
11.3 7.03 12.53 2.8968
14.75 9.16 14.61 5.1237
25.05 7.18 12.33 5.6497
16.975 7.99 12.94 6.4842
16.825 5.4 9.1 3.6369
2.25 2.86 10.52 3.1493
1.55 2.75 12.48 1.0883
0 2.14 9.75 2.5513
2.7 6.67 10.87 4.6457
2.325 7.24 11.42 2.9776
0.05 5.33 13.74 1.0533
0 2.96 13.7 2.3373
0.6 5.32 15.77 3.0828
0.775 6.04 15.36 0.9924
0 3.51 12.14 1.2849
0 3.05 15.81 1.7491
0.05 6.73 12.15 2.1658
0.375 3.88 16.98 0.6381
2.925 7.69 14.25 3.2246
1.075 10.32 16.03 3.324
7.5 9.01 12.03 1.5994
0.3 6.84 13.04 2.4606
1.35 7.27 14.15 1.1055
10.075 7.2 11.4 1.0429
0.025 3.31 14.7 0.774
0 7.14 14.7 1.1941
0 5.82 18.29 1.5695
0 5.11 17.54 1.2278
0 3.9 18.5 1.4384
0 4.42 19.61 1.4503
0 6.84 19.76 1.8519
0 6.65 20.31 2.2515
0 7.04 18.62 0.7511
0.025 9.73 14.72 0.9468
0 6.65 14.87 2.0056
7 7.09 11.32 2.6202
0.025 5.53 14.19 1.7805
29.925 5.92 10.21 3.7621
2.925 9.25 15.36 2.475
0 8.04 16.98 0.9043
4.925 8.74 17.94 4.5925
1.975 9.05 14.81 1.0052
0 4.42 17.84 0.4423
0 6.69 17.94 1.8657
3.425 7.36 14.81 2.7702
13.15 6.39 10.8 3.2062
0.575 5.47 14.1 2.4229
0 2.2 13.85 1.0932
0 8.1 16.93 2.2259
0 5.03 18.65 1.2706
0 5.33 14.1 2.7372
0 3.66 13.04 3.5991
2.55 4.22 12.53 2.3036
0 1.13 16.77 0.2186
8.725 4.97 13.56 2.03
0 3.11 13.74 2.4975
0 3.15 16.57 2.2235
0 4.01 19.75 3.1925
0 6.64 24.07 1.2873
0 11.28 23.76 1.3168
0 8.92 23.28 2.7902
0 5.63 24.72 2.1833
0 7.21 23.77 1.4711
0 7.85 21.53 0.4374
0 9.17 19.86 2.0918
0 8.62 22.48 1.4828
0 6.25 23.84 1.2933
0 6.64 18.24 2.0841
0 5.02 18.59 2.1754
0 4.46 21.26 2.0459
0 6.7 25.51 0.8512
0 7.79 23.92 2.428
0.8 7.97 16.77 4.5886
0.975 5.87 15.15 2.4244
0 5.27 16.11 0.8803
2.625 4.45 14.05 1.8875
0.05 4.52 14.15 1.635
12.075 3.91 13.1 2.8331
6.1 6.48 15.15 2.454
0 4.03 17.88 0.9033
0 4.48 21.37 1.889
0 7.3 21.83 1.4846
0 8.97 21.87 1.495
0 8.31 17.43 2.0489
16.25 8.04 14.3 4.8624
4.95 7.54 15.72 4.0863
0.05 5.38 18.04 1.1167
0 6.79 19.21 0.7784
0 7 21.82 0.9807
0 9.56 22.43 1.3669
0 9.02 23.55 1.5049
0 8.06 26.11 1.2133
0 11.59 25.12 1.3369
26.525 7.69 15.11 2.251
8.05 6.98 10.86 3.561
0.3 7.39 16.21 2.3681
0 6.43 22.38 1.3349
0 9.22 24.66 1.4611
0 11.29 28.08 1.3632
0 8.77 28.35 1.0113
0.175 9.7 20.11 3.7245
1.55 6.53 15.56 4.228
0 5.73 18.38 3.4796
0 8.2 21.31 3.5126
0 9.07 25.15 2.3268
0 12.1 27.42 2.1273
0 9.43 31.11 1.2335
0 12.09 26.22 2.4735
0 10.27 23.38 4.0437
0 9.3 23.47 2.6172
0 7.52 26.77 1.1765
0 9.75 23.95 2.7301
0.2 9.25 18.83 3.5005
4.15 7.66 16.43 2.7062
0 5.3 21.16 3.3761
0 8.11 26.16 2.1993
0 9.99 27.83 1.2562
0 11.29 28.95 1.078
0 11.24 29.64 0.8941
0 12.55 26.88 1.2638
0 11.37 19.09 1.8426
0 13.55 23.89 1.1792
0 11.89 23.9 1.4375
0 9.97 24.39 3.546
0 9.67 19.85 4.2163
0 6.59 18.83 3.5113
0 8.05 22.21 4.2095
0 8.09 21.58 2.2004
8.975 9.53 20.77 1.6172
6.225 10.67 22.39 2.3876
8.025 9.73 19.19 2.0758
0 7.51 21.05 2.9133
0 12.41 27.72 2.1668
0 12.16 31.31 1.3876
0 15.97 29.29 2.5466
0 14.16 25.66 3.0101
0 13.11 31.07 2.2799
0 16.83 30 2.2205
0 17.73 31.11 2.2597
0 17.4 33.33 1.8705
0 17.91 33.55 2.759
0 15.69 30.11 3.2811
0 14.05 30.62 3.0246
0 13.86 26.58 3.4321
0 11.94 25.05 4.7117
0 15.41 29.94 5.0512
0 15.78 32.87 3.4121
0 15.9 36.16 1.0952
0 15.75 36.88 1.9465
0 14.27 30.01 2.7698
0 12.4 28.94 3.2722
0 12.6 31.71 2.1232
0 13.1 28 2.6064
0 10.46 25.62 2.9901
0 9.72 27.83 2.8739
0 12.61 31.31 2.2817
0 13.87 34.04 1.4814
0 17.71 34.9 2.353
0 15.54 30.93 2.3072
0.675 13.7 29.1 2.9222
0 15.22 33.53 2.7867
0 19.23 37.83 1.6253
0 20.54 39.49 1.9474
0 19.99 36.1 2.8712
0 16.7 33.24 2.9896
0 12.24 31.17 2.968
0 14.67 30.6 3.1503
0 16.32 33.38 2.785
0 16.18 36.11 1.2373
0 17.06 35.62 2.0338
0 14.73 31.13 2.69
0 13.15 32.28 2.5643
0 14.17 33.45 2.8042
0 14.72 34.46 2.4879
0 16.08 37.73 1.8883
0 16.85 35.46 2.0345
0 16.8 33.25 2.9564
0 14.87 31.77 2.8479
0 16.63 35.56 1.8974
0 21 38.33 1.8828
0 22.16 39 2.7059
0 20.55 38.24 2.6006
0 18.77 38.89 2.5316
0 17.35 36.67 2.2544
0 15.9 33.9 2.0363
0 15.18 31.79 2.0246
0 12.7 33.98 1.1327
0 15.48 35.06 2.3504
0 16.8 36.17 2.2873
0 17.41 34.01 2.7659
0 14.62 30.48 2.6886
0 13.6 30.01 1.937
0 12.65 30.11 2.2187
0 13.06 32.88 2.2595
0 14.79 33.39 2.3561
0 14.42 33.29 2.1972
0 13.92 33.44 1.9014
0 14.68 34.55 2.2159
0 14.97 34.55 1.4904
0 16.09 33.95 2.0089
0 13.66 31.68 2.0766
0 13.92 32.93 2.045
0 14.11 32.54 2.4141
0 15.69 30.62 2.5782
0 14.11 31.32 1.7606
0 15.13 31.88 1.7565
0 13.51 27.99 2.0036
0 13 31.31 1.3477
0 17.1 32.43 1.8123
0 14.27 30.77 2.5617
0 13.66 31.62 2.8884
0 15.03 35.6 1.5453
0 15.69 32.49 1.5123
0 14.07 30.87 1.4979
0 13.81 33.53 2.0282
0 15.59 34 2.2453
0 14.16 28.5 1.646
0 12.4 29.7 2.0125
0 14.36 34.23 2.195
0 16.25 38.53 1.5123
0 18.56 41.21 0.4291
0 18.92 35.62 1.8012
0 15.53 31.83 2.2867
0 11.38 25.52 2.5645
0 12.25 26.61 2.3964
0 12.14 27.22 2.5962
0 12.85 30.8 1.8418
0 13.94 32.38 1.2259
0 16.14 36.48 0.22
0 16.71 37.02 1.3096
0 16.32 35.47 1.1037
0 16.07 33.58 2.3458
0 17.24 34.09 1.2211
0 15.32 33.13 1.7782
0 14.33 26.2 2.5497
0 10.51 24.36 1.9568
0 12.34 27 0.9954
0 12.64 30.65 0.5016
0 13.38 32.75 1.0625
0 13.36 29.9 1.4968
0 10.42 29.38 1.4145
0 11.37 30.31 1.571
0 12.61 31.41 2.0589
0 13.97 30.58 1.5593
0 14.4 29.15 1.2215
0 13.32 26.87 1.1343
0 13.04 28.08 1.6543
0 12.4 27.7 1.5644
0 10.91 25.65 2.5873
0 10.01 26.46 1.5656
0 11.5 29.61 0.9953
0 13.09 33.34 1.2177
0 15.75 35.27 1.3512
0 14.73 36.18 1.3899
0 17.24 37.52 0.8975
0 17.76 37.81 0.6345
0 16.75 36.13 0.5369
0 16.5 32.34 0.7696
0.625 18.01 34.05 0.6798
2.4 17.1 34.29 1.1543
0.525 13.04 24.5 1.852
0.525 13.46 21.21 1.4969
0.125 10.91 23.63 0.7001
0.825 12.19 24.04 1.5684
0 10.54 24.82 0.7759
0 11.03 27.07 2.0732
0 12.46 29.54 1.8894
0 14.72 29.99 2.0907
0 15.39 31.37 1.8717
0 14.38 32.64 1.192
0 14.53 35.19 0.4354
0 14.51 33.78 0.2584
0.125 15.46 30.64 0.8203
2.35 13.77 27.5 0.9553
0.35 10.31 22.92 1.3441
0 11.08 23.7 1.5182
0 11.62 27.11 0.7332
0.1 10.56 23.12 1.6712
1.55 10.61 21.99 1.3825
8 12.94 20.93 1.8342
11.2 13.18 18.84 4.5998
3.375 11.07 18.93 3.0689
0 8.39 19.42 1.8535
0 5.1 20.1 2.504
0 7.34 24.44 3.5227
1.3 9.94 21.06 2.4039
2.675 11.72 21.31 1.7682
0.275 8.46 21.18 1.1798
0 8.26 22.76 1.8764
0 8.63 24.43 2.6416
0 9.64 26.25 2.2224
0 10.89 27.48 1.4417
0 12.02 28.1 1.2434
0 11.13 25 1.8376
6.9 9.53 19.31 3.0031
3.35 6.83 16.17 2.4498
0.575 4.61 17.91 0.4199
0.375 7.08 17.35 1.6653
0.025 6.18 17.3 2.3254
0 3.74 18.76 1.3367
0 5.54 17.94 2.9111
0 5.64 21.19 1.9412
0 7.14 22.24 2.8547
0 6.51 21.01 1.5335
0 5.85 21.77 1.4525
0 5.39 21.96 1.3171
7.525 6.17 16.59 1.7359
20.175 5.3 12.89 2.716
7.3 4.98 12.93 4.2078
3.45 5.62 12.73 2.446
5.95 4.58 11.52 3.2931
2.625 1.11 10.15 1.4857
0 -1 10.58 2.5993
0.875 -0.9 12.21 3.1782
7.775 2.99 10 2.195
2.8 2.26 11.04 2.2255
0 -0.14 11.22 2.32
0 -0.3 11.54 2.9597
0 0.95 12.45 2.1837
0 1.95 12.69 2.7023
0.05 5.9 11.98 1.2121
5.15 7.84 16.58 2.8631
9.7 8.74 17.27 3.056
2.175 6.86 17.98 3.6736
0.05 4.95 17.42 1.9928
2.675 6.68 15.44 2.3566
1.55 8.65 17.06 1.3513
0.225 10.15 18.11 1.4634
0.025 11.42 16.54 0.4188
0 10.95 15.61 2.4274
0 10 15 1.3617
11.575 9.65 12.54 1.6291
3.575 3.49 13.37 1.2493
3.925 1.57 10.54 2.097
15.25 4.31 12.31 3.6149
14.325 8.85 13.85 5.11
11.475 10.45 15.29 5.4864
7.3 7.95 13.14 2.6279
2.475 5.2 12.54 3.1604
10.775 7.61 14.16 1.9596
1.35 7.04 15.14 0.4273
0 4.99 12.35 3.1534
15.325 6.68 14.38 5.5155
3.1 4.73 15.8 1.9659
0 4.7 13.07 0.5803
23.975 5.11 11.46 1.9816
15.925 3.61 12.63 4.1549
1.05 0.32 10.42 2.2536
0.175 -1.66 9.81 1.379
13.4 3.34 10.52 4.6223
22.05 4.93 9.11 4.8391
2.15 1.46 10.83 2.2392
0.05 0.48 8.84 2.9331
0 0 9.01 3.5568
0.05 1.63 7.05 4.4497
0.025 2.41 6.2 2.625
0 2.44 6.72 1.2474
0 -0.38 5.48 1.7954
0.65 -1.02 7.17 2.6629
1.925 1.29 8.68 3.5352
0.325 4 12.93 2.6182
1.2 3.03 13.28 1.4122
0.15 5.67 12.25 1.1777
0 3.92 12.51 2.6318
0 7.51 11.97 1.1333
0 8.29 11.93 1.008
0 6.65 14.37 2.6228
0 3.8 11.77 1.8888
0 2.27 15.6 3.8095
0 2.19 16.48 3.3309
0 3.52 15.91 2.5382
0 4 16.65 3.9676
0 2.29 17.78 1.4578
0.075 3.88 12.97 1.8647
0 4.35 13.18 4.7386
0 3.95 11.85 3.5128
0.1 3.51 10.96 1.5809
6.075 3.67 10.56 0.5012
5.65 5.23 13.5 1.7259
1.525 3.41 13.71 1.1535
0 2.01 13.15 1.3582
0 2.03 15.66 3.0125
0 0.92 15.41 1.896
0 2.01 15.95 2.199
0 3.14 17.72 1.7719
0 4.98 20.46 2.0328
0 5.1 20.84 0.9882
0 4.85 21.33 2.6309
0 2.11 15.32 3.097
0 1.06 16.36 3.5171
0 1.7 17.52 3.765
0 3.02 21.16 3.0303
0.025 3.14 21.53 0.9649
1.225 5.72 18.03 4.0413
3.35 7.65 17.37 4.731
6.75 4.41 15.73 5.2476
19.1 4.48 11.15 4.6734
17.675 2.57 8.86 2.3671
4.3 2.32 11.1 2.3547
0.35 2.4 12.86 0.6247
0 2.72 12.62 0.9568
1.175 1.77 14.19 0.6386
0.55 1.32 14.98 0.9188
3.175 2.46 11.92 2.0241
11.975 2.05 11.83 4.7331
2.2 -0.54 9.87 1.1204
0 -1.1 11.99 0.3441
0 -0.29 13.84 2.1939
0.975 1.17 15.85 1.9225
2.35 6.47 17.48 4.0719
1.175 8.41 19.19 1.2157
0 4.86 20.37 1.3302
1.55 8.16 20.85 0.7613
6.5 10.18 17.45 1.7598
2.2 9.14 16.02 4.1647
0.325 8.01 17.46 0.5687
0.075 6.81 18.8 1.3893
0 7.01 19.51 0.7243
0 6.06 18.24 1.4988
0.2 6.25 18.75 0.4999
3.2 8.17 19.53 1.4893
1.475 12.05 21.13 1.3641
2.6 10.68 22.29 1.585
2.45 9.94 22.1 2.0128
2 4.45 16.51 0.8029
9.2 4.98 16.29 3.6715
13.55 5.36 11.73 4.657
21.975 6.72 11.63 4.7899
14.525 5.15 12.08 2.1162
2.1 3.67 14.85 1.7181
5.625 6.07 14.69 5.3281
19.4 7.35 13.22 5.3344
5.65 5.17 13.44 3.4661
12.375 7.19 12.53 3.0768
1.45 5.27 16.46 1.3166
0 8.46 16.29 0.9467
0 6.71 19.05 1.8299
0 8.92 22.69 2.2572
0 10.66 24.8 2.4441
0 11.05 27.87 1.761
0 12.63 26.44 1.419
0 8.4 20.29 1.9461
0 7.6 22.92 1.5902
0 8.99 24.82 1.8068
0.5 9.24 23.17 2.351
5.475 6.48 18.34 3.464
1.475 2.58 13.3 1.6808
0 2.99 16.75 1.4268
0 4.15 19.23 0.5737
0 6.39 19.66 1.8546
0 5.49 20.09 1.9825
0.1 5.18 17.58 2.5077
0.05 5.3 18.2 0.725
0 6.93 22.01 0.7783
0 9.71 24.55 1.8191
0 11.64 25.59 2.3104
0.1 12.78 22.8 2.3715
0.05 13.28 21.57 1.472
0.2 13.13 22.89 1.9544
0.3 11.69 20.85 1.9282
0.4 8.01 19.46 1.088
0.175 8.4 21.14 0.9021
0.1 10.51 21.51 1.7475
0.15 9.56 22.2 2.0341
0 7.46 21.44 2.8971
0 7.05 22.78 1.4134
0 7.87 22.7 2.4081
0 7.8 21.75 4.8112
0 7.61 22.49 3.5397
0 8.99 25.62 1.6333
0 9.74 27.86 0.5924
0 10.98 27.61 1.3862
0 13.03 30.37 2.8635
0 13.73 33.58 1.0325
0 12.02 30.29 1.7139
0 9.63 27.03 1.9928
0 10.1 20.32 2.7431
0.65 6.63 20.34 3.1542
0.325 8.4 23.49 2.6842
0 8.18 25.69 1.9205
0 9.32 26.02 1.5163
0 10.11 27.62 1.2165
6.85 9.46 21.11 2.5663
10.2 7.79 15.47 2.3662
2.125 7.28 16.69 1.7422
5.725 9.02 16.2 3.2872
4.8 9.55 17.95 2.1615
0.175 8.39 23.69 2.8815
0 10.14 26.92 1.9135
0 11.8 26.19 2.462
0 10.83 24.78 3.4908
0 9.37 23.42 4.6685
0 8.45 23.67 2.6515
0.95 10.53 22.25 2.4708
0.4 8.73 21.28 2.0994
0 10.27 22.37 2.913
4.5 9.62 21.55 3.9498
0.375 8.13 21.7 4.6815
0 8.98 23 2.5867
0 9.69 23.3 2.2383
0.9 11.35 20.25 2.4506
0.125 8.3 20.3 1.5879
0.825 8.14 21.36 0.5993
14.075 11.01 19.13 3.7796
16.4 13.17 21.52 0.9109
11.7 12.62 22.66 2.9667
0.025 10.85 23.62 2.3836
0 11.55 27.69 3.0385
0 11.98 29.21 1.9501
0 12.4 29.02 3.0596
0 11.57 26.66 3.3133
0 12.19 27.88 2.8148
0 13.43 31.07 2.7735
0 15.77 33.19 2.6391
0 17.28 34.64 2.4346
0 15.37 32.97 2.8794
0 14.52 31.46 2.0949
0 13.35 31.85 2.7042
0 15.27 32.28 2.4128
0 16.74 34.43 0.8468
0 19.14 37.38 0.9359
0 20.4 38.54 2.4482
0 16.5 35.79 2.4214
0 13.22 32.57 2.5043
0 13.02 32.14 2.7117
0 13.89 31.96 2.6696
0 15.13 33.71 2.7542
10.275 16.05 31.38 2.087
4.675 13.72 24.1 2.2972
0 12.81 27.3 2.518
0 13.89 30.96 2.0287
0 16.89 35.63 1.5282
0 17.42 36.77 1.3072
0 19.12 38.63 1.6384
0 18.99 39.02 1.6485
0 20.53 39.25 2.4239
0 19.22 38.87 2.4723
0 17.98 37.94 1.9232
0 16.47 37.52 2.483
0 13.16 35.06 2.3657
0 12.81 32.89 2.3951
0 12.05 31.63 2.5208
0 13.64 31.02 3.0489
0 11.93 28.98 2.7779
0 12.25 27.38 3.3753
0 12.98 29.14 2.9766
0 13.78 29.14 1.9813
0 13.48 30.12 1.118
0 14.04 31.47 2.0461
0 15.26 32.29 1.9589
0 15.79 35.3 2.3364
0 15.75 35.42 2.6993
0 16.28 35.36 1.953
0 15.77 34.55 1.692
0 13.77 34.74 2.1023
0 13.76 33.98 2.1671
0 14.81 34.48 1.7491
0 14.45 35.87 1.8524
0 17 36.21 2.5106
0 15.71 35.24 2.9339
0 16.66 35.38 1.9373
0 15.25 33.08 1.2666
0 15.39 33.76 1.7291
0 15.92 34.7 2.0691
0 14.31 32.05 2.9246
0 13.76 31.47 2.4635
0 15.61 32.98 2.9167
0 15.27 32.38 2.4316
0 14.07 33.07 1.9283
0 13.85 33.6 2.0273
0 15.68 34.29 2.2216
0 14.74 33.04 2.6012
0 14.56 32.37 2.1081
0 16.71 34.75 1.3701
0 16.88 34.16 2.1842
0 15.47 33.7 1.7352
0 14.71 33.55 1.7321
0 14.68 34.23 1.9782
0 15.38 34.02 2.1272
0 15.01 33.11 2.7524
0 13.83 32.65 1.8714
0 13.58 31.98 1.3152
0 14.08 31.89 1.263
0 14.98 33.8 1.144
0 17.48 35.76 1.8559
0 16.07 34.87 1.1855
0 16.85 35.55 0.7077
0 17.39 35.26 1.0811
0 15.9 35.2 1.3151
0 15.6 34.87 1.9818
0 14.33 33.26 1.7147
0 13.89 32.05 1.6726
0 14.97 32.26 0.7928
0 16.02 35.24 0.4127
0 15.87 34.65 0.8832
0 15.48 34.16 1.0387
0 13.72 33.37 1.7978
0 14.37 35.03 1.1492
0 15.6 35.5 1.3004
0 15.74 35.09 1.3427
0 15.88 35.65 1.5107
0 18.95 35.72 0.6517
0.25 17.35 30.73 1.5383
0 15.49 30.44 1.696
0 15.52 33.04 0.9502
0 17.16 33.69 1.655
0 14.81 32.14 2.3138
0 13.11 29.49 1.7125
0 11.35 28.98 1.8859
0 13.11 30.82 0.8411
0 15.06 33.96 0.5793
0 16.44 35.77 1.1978
0 16.39 36.3 0.9532
0 16.23 36.44 0.7612
0 17.71 36.5 0.7566
0 17.23 37.08 1.4952
0 13.45 26.99 2.0114
0 12.55 26.3 2.2545
0 12.77 29.15 1.3941
0 15.5 33.78 0.6886
0 16.41 34.24 0.8702
0 15.19 30.59 1.0423
0 12.53 27.83 2.0112
0 12.76 26.71 1.6035
0 11.68 24.48 1.7385
5.975 12.45 23.03 1.9533
18.725 11.81 23.13 3.2115
4.65 9.11 18.01 0.7749
0.675 7.83 20.17 1.0144
0 8.69 22.52 0.9747
0 9.56 25.28 1.273
0.25 12.38 24.67 1.3823
0.125 15.62 25.48 1.529
0 14.12 25.96 1.1896
0 13.04 28.85 1.0625
0 13.54 29.72 0.7654
0 15.05 29.92 0.9332
0 14.67 28.23 0.9031
0 14.1 28.1 1.3928
0 13.44 28.95 1.0493
0 12.65 26.56 1.3576
0 12.07 26.66 1.0709
0 12.01 27.07 1.2652
0 12.16 28.44 1.9338
0 11.93 29.88 1.198
0 12.72 29.44 1.2921
0 11.14 23.97 1.3937
0 8.24 25.27 2.3064
0 6.99 22.44 2.638
0 7.61 23.54 1.5255
0 8.58 24.62 1.0716
0 8.87 25.36 1.9493
0 9.15 26.69 0.9262
0 10.71 26.78 3.275
0 8.48 22.97 3.8511
0.95 6.46 23.63 2.6428
1.275 6.7 18.07 1.5866
1.45 3.79 14.38 0.3283
2.175 6.15 14.94 1.1628
0.15 4.75 14.43 0.7281
0 2.78 15.9 1.7855
0 2.69 17.41 2.8577
0 3.08 19.64 3.2961
3.95 8.48 17.84 4.1177
0.825 8.81 17.53 0.8075
0 7.76 18.84 0.5357
0 8.4 18.37 1.276
0 6.21 18.48 0.998
0 5.6 20.17 0.9696
0 5.82 20.94 0.8418
0.075 7.07 20.82 2.6022
1.25 4.56 15.09 1.8633
3.7 3.93 13.91 4.0001
0 4.15 14.22 1.9033
0 3.51 15.61 2.8001
0 4.1 15.58 4.1194
1.575 6.66 16.05 1.6916
0.15 4.9 16.09 0.5294
0 4.91 16.56 2.5239
0 4.21 14.25 2.1819
0.1 4.92 18.02 0.9855
0 5 13.71 1.4398
0 6.11 16.17 4.0839
0 5.12 19.5 7.088
0 4.53 17.06 3.2048
0 3.14 16.98 3.951
0 -0.11 15.59 2.3244
0 -0.44 14.86 3.3795
0 -0.95 14.14 2.779
0 -0.73 14.7 2.6591
0 -0.55 15.18 2.4371
0 -0.99 15.2 3.7075
0 -0.77 16.32 2.6797
0 1.1 15.05 0.3638
0 3.87 12.7 1.2598
0 1.45 13.28 1.2241
0 -0.13 13.78 0.8889
2.075 1.96 11.85 0.8214
0.4 0.85 11.87 4.4979
0 0.2 12.71 3.9214
0 -0.33 10.92 2.006
0 1.88 14.91 3.5083
0 -0.13 12.23 3.6258
0 -1.82 12 2.8901
0 -1.34 14.7 4.4144
0 -2.1 12.3 3.7044
0 -2.72 13.47 4.4089
0 -1.88 14.47 3.1906
0 -1.91 14.96 1.0879
0.025 -0.27 14.59 1.1419
0 1.6 15.9 1.2179
0 3.62 15.7 0.7683
0 4.4 15.63 0.9903
0 3.49 13.82 2.2159
