0.2 3.92 10.01 1.5504
3.3 4.7 7.71 0.9887
0.9 1.26 10.91 1.8661
0 -1.92 10.58 3.3671
0.85 2.17 9 1.7969
0.175 3.6 8.99 0.3271
0 1.2 8.6 1.4693
0 1.9 10.67 1.0308
0 2.57 13.23 3.9354
0 0.51 13.65 3.5319
0 -0.05 16.46 2.5205
0 0.58 16.93 5.2226
0 1.68 19.47 4.1397
0 1.51 20.11 3.7916
0 1.22 20.31 3.8726
0 2.64 20.52 4.8891
0 2.16 20.33 4.0771
0 2.25 20.74 4.5533
0 1.44 21.44 4.7756
0 1.92 20.74 3.3523
1.725 4.8 16.46 2.6588
9.1 9.71 16.27 2.0976
11.875 11.33 13.53 1.6896
3.05 10.35 16.03 1.9496
4.45 5.9 14.12 3.2055
0.5 3.22 10.93 1.1489
0 0.61 12.32 1.1206
0 0.23 13.24 1.5473
0 1.42 15.41 3.8968
0 1.51 17.32 4.2902
0 2.16 19.44 2.7259
0 2.86 18.35 2.7489
0 3.01 18.99 4.0518
0 2.88 20.89 3.8035
0 3.03 21 2.9759
3.825 8.3 18.12 2.9142
5.075 8.84 14.56 3.2408
1.575 6.97 16.31 2.5505
5.55 4.85 15.84 1.2521
2.975 4.21 12.77 3.1341
2.175 -0.49 11.98 0.3201
5.525 3.47 12.73 2.426
2.3 4.17 12.49 1.3236
11.95 4.41 11.09 2.9655
3.7 5.15 11.87 3.6722
2.5 7.5 12.16 6.4843
10.675 7.86 12.82 5.4799
6.95 7.3 11.86 4.506
0.775 3.27 13.35 1.6544
0 2.78 16.98 3.5128
0 3.76 18.31 2.7307
2.1 3.69 16.95 3.6541
4.875 9.17 16.27 4.1999
7.275 10.76 17.35 3.0438
0.875 8.29 17.54 1.4508
0.325 9.28 18.55 1.5554
0.55 8.56 18.58 2.1323
0.075 4.89 17.2 0.4756
0 5.43 17.42 3.4925
3.75 9.87 17.5 3.0167
8.125 11.53 18.43 4.1681
16.275 9.47 16.4 4.9392
7.75 5.62 14.06 2.5532
0.025 2.6 14.84 1.1146
0.05 3.52 14.73 1.8641
0 2.52 15.3 0.3327
0 2.6 17.52 1.4358
0 3.95 13.98 2.7473
0 0.63 13.97 0.6549
0 0.78 16.41 0.4707
0 4.11 18.97 1.7188
0 3.95 20.32 1.7652
0 4.96 17.46 1.3975
0 6.33 19.19 2.1462
0 7.6 20.63 2.4859
0 8.48 20.82 1.1522
0 8.48 22.1 1.5143
0 9.32 24.89 1.4577
0 9.5 24.23 1.1382
3.4 8.49 20.34 1.5711
2.9 6.67 15.76 3.8209
0.425 3.15 14.43 2.4421
0 2.34 18.61 1.9107
0 4.46 21.16 1.0905
0 8.35 23.72 2.1589
0 9.96 24.38 1.8194
0 9.26 25.71 1.4701
0 9.59 21.41 3.6305
0 5.89 19.78 2.0977
0 4.32 21.55 0.6939
0 9.21 24.11 3.0837
0 7.99 22.79 2.6772
0 7.3 19.73 5.1311
0 4.63 19.06 1.8917
0 3.91 23.27 2.4001
0 6.37 26.89 1.804
9.25 8.54 21.82 1.2096
3.5 8.95 18.88 2.6202
4.35 8.7 15.2 1.732
2.625 8.97 17.1 2.3827
0.325 5.56 19.11 3.7451
0 7.2 22.18 1.8045
0 8.94 22.58 2.5812
0 8.36 17.93 5.1734
0 4.68 16.24 5.5469
0 3.77 19.96 2.9252
0 5.91 24.16 1.5685
0 8.9 27.13 2.2778
0 9.88 31.24 2.3044
0 13.67 33.98 1.4992
0 14.37 34.54 1.3363
0 14.3 35.43 1.6839
0 12.13 28.43 2.1249
0 9.18 22.41 3.0942
0 4.65 21.55 3.3397
0 4.97 21.86 2.2056
0 7.04 21.8 2.2731
0 4.41 18.88 2.9388
0 4.89 20.07 1.9226
0 6.07 22.78 2.0216
16.45 11.08 22.37 1.6972
4.95 13.36 20.45 2.4131
0.325 13.99 21.5 3.3532
0.325 13.1 24.33 1.7676
0.25 15.69 26.16 3.3321
0 13.41 27.87 1.7503
0 12.45 27.84 3.1851
0 12.74 28.41 2.204
0 12.19 30.07 2.0816
0 12.46 31.35 1.7075
0 13.3 30.91 3.1801
0 10.93 27.94 3.406
0 11.69 28.13 3.1186
0 12.96 29.58 3.258
0 13.85 31.4 2.4464
0 14.8 35.68 1.3382
0 18.35 39.37 0.2321
0 18.9 38.16 2.0448
0 17.23 33.8 2.2458
0 13.41 30.25 1.5151
0 12.84 32.1 1.2102
0 12.88 32.34 2.4203
0 12.42 29.8 2.9687
0 10.9 27.19 2.7839
0 10.43 29.63 2.3786
0 14.14 32.85 1.8769
0 16.93 35.24 1.201
0 17.67 36.01 2.2615
0 16.45 33.7 2.4506
0 14.54 31.89 2.8401
0 14.2 30.29 2.3658
0 13.86 29.24 2.4189
0.05 14.76 28.25 2.3792
0.275 15.32 28.6 0.5912
0.475 13.14 26.92 2.1842
1.475 13.1 23.11 2.8952
0.925 11.48 24.5 1.8432
0.3 11.98 27.11 2.5965
0 12.71 28.52 2.6131
0 11.98 27.22 3.3561
0 13.37 26.03 2.9776
0 12.67 26.45 3.4213
0 13.1 26.71 2.6124
0.375 15.08 26.77 3.3451
0 13.08 26.77 2.311
0 12.91 26.49 2.4786
0 13.39 29.28 2.834
0 14.14 29.54 3.2266
0 15.19 34.35 2.3198
0 17.19 34.51 3.0047
0 12.36 30.84 3.3174
0 10.69 27.86 3.4335
0 13.11 30.85 1.7083
0 14.32 34.52 0.8192
0 16.71 37 1.6695
0 15.75 35.57 2.627
0 14.71 33.96 1.8988
0 17.43 38.55 1.0764
0 20.5 42.1 0.9465
0 20.93 41.82 2.6761
0 18.19 39.02 2.636
0 17.79 37 2.23
0 16.79 37.22 1.8827
0 15.99 37.22 2.6622
0 16.12 35.28 2.4182
0 15.56 32.96 2.5959
0 13.31 32.07 2.4231
0 13.01 32.68 2.5665
0 13.46 32.12 2.6882
0 14.28 31.71 2.7278
0 13.47 32.42 2.0976
0 17 32.37 1.7984
0 18.39 33.55 2.2399
0 16.49 34.82 1.7452
0 17.19 38.04 0.7641
0 18.36 39.06 1.5497
0 19.5 39.27 1.6839
0 19.67 39.81 1.6477
0 21.32 40.7 1.9516
0 21.26 41.2 1.4524
0 20.58 39.7 2.4064
0 18.4 37.09 2.5332
0 17.38 35.43 2.511
0 16.6 35.65 2.1316
0 15.05 33.54 2.0881
0 14.33 34.37 2.1602
0 16.6 37.1 1.9496
0 19.45 38.72 2.0398
0 18.99 36.88 2.425
0 17.46 34.97 2.9846
0 16.67 33.67 2.7786
0 16.55 34.15 3.0086
0 17.59 34.74 2.7159
0 15.78 33.21 2.7634
0 14.94 31.67 2.2608
0 15.1 32.35 1.8384
0 16.05 32.29 2.0895
0 14.51 28.32 2.7063
0 13.22 27.69 1.9076
0 14.17 31.65 1.7555
0 16.15 35.08 1.0106
0 18.13 37.15 1.3454
0 19.26 36.59 2.8994
0 17.17 37.53 2.8375
0 18.35 35.5 3.1813
0 16.76 32.24 3.17
0 12.71 32.66 1.7312
0 14.23 34.52 0.7963
0 15.86 35.21 1.064
0 16.29 35.7 0.8755
0 17.21 35.96 1.3703
0 15.61 33.54 2.3874
0 16.42 36.47 2.0852
0 18.88 37.02 2.1951
0.1 18.71 34.7 2.4954
0.05 14.26 32.11 1.5407
0 14.23 33.66 1.4543
0 15.32 34.55 0.3678
0 15.83 36.16 1.6707
0 15.89 37.99 1.7706
0 18.21 39.16 1.6186
0 18.17 38.94 2.3856
0 17.33 34.03 1.36
0 16.77 35.51 0.5967
0 19.54 36.64 0.677
0 19.87 38.7 1.8559
0 17.36 36.13 2.5159
0 13.21 31.88 2.0681
0 14.82 29.56 2.1717
0 13.8 30.03 2.0709
0 13.47 32.01 0.7343
0 14.65 33.19 1.0851
0 16.49 35.75 0.5479
0 16.78 37.44 1.1529
0.325 17.29 33.55 2.1017
0.125 14.62 28.75 1.9397
3.025 15.18 26.42 2.4777
0.225 13.73 28.06 1.8023
0 14.72 30.97 1.927
0 15.16 32.97 0.971
0 16.01 36.08 0.831
0 17.91 35.85 1.8043
0 16.17 33.64 1.0343
0 16.3 35.18 1.7297
0 16.95 36.69 1.9484
0 16.07 36.88 1.2135
0 15.75 36.25 0.7149
0 15.36 35.85 0.7999
0 15.68 37.35 1.1071
0 16.3 37.68 0.3828
0 17.45 34.19 1.7779
0 14.46 26.45 2.5369
0 8.37 23.1 2.4912
0 9.39 25.95 2.2773
0 8.21 28.1 0.8757
0.025 10.15 25.74 3.2522
0 7.53 20.98 3.3358
0 6.22 20.47 0.3771
0 5.72 22.86 2.2519
0 7.56 26.51 1.1119
0 8.76 24.57 1.3827
0 8.39 25.29 0.6434
0 9.12 25.85 0.4386
0 9.43 23.93 1.6886
0.725 9.04 21.88 1.9448
30.85 12 18.24 6.9167
8.525 15.23 22.77 4.1312
0.35 17.21 26.17 1.1618
0 15.38 26.96 2.3359
0 13.97 26.79 1.2436
0 15.19 25.99 1.6088
0.225 10.58 20.88 1.919
0.1 9.7 20.08 1.5032
0 8.69 22.13 1.1196
0 10.19 23.7 0.8789
0 10.69 25.34 1.3565
0 11.34 26.24 1.4641
0 11.67 25.53 1.5372
0 10.36 26.49 1.1911
0 11.27 21.05 4.7299
0 7.36 18.59 4.8131
0 4.19 18.55 0.778
0 4.54 20.6 0.2402
0 5.84 22.57 0.8803
0 7.17 23.86 1.0157
0 8.16 25.2 1.2326
0 8.57 25.61 1.1493
0 8.38 26.28 1.7785
0 8.47 23.64 2.4363
0 7.91 22.49 0.5116
0 9.24 20.16 1.8849
0 5.3 19.2 1.9644
0 4.05 18.41 1.0293
0 6.71 18.74 0.8504
0.125 7.69 18.04 0.5985
0.6 8.25 17.44 2.1382
0.275 3.56 16.31 1.4898
0 3.23 16.47 1.2001
0 1.44 17.59 2.5173
0 1.83 18.95 1.8662
0.625 2.55 20.22 1.0895
0.3 5.33 18.01 2.2792
0 1.2 15.7 2.0986
4.35 3.17 17.71 3.2771
2 3.01 14.27 1.2873
0 1.85 16.91 0.4429
0 3.79 15.82 1.8344
0 2.09 17.06 3.3489
0 1.85 19.64 3.5481
0 2.94 20.94 2.2783
3.2 5.28 17.18 1.1391
0.45 6.82 17.74 5.146
0 1.59 16.61 4.6127
0 1.27 16.55 3.7661
0 1.44 17.7 1.4153
0 1.05 16.35 1.7412
0 0.92 15.22 1.7032
0 1.12 15.85 1.8552
0 1.66 13.56 1.1051
1.4 -3.03 10.74 1.7813
10.475 -1.24 7.94 0.7082
1.325 -4.13 7.64 0.4555
0 -3.12 7.73 1.9175
3.3 -0.11 9.23 3.3292
12.425 4.48 11.68 3.1247
12.975 8.8 12.97 3.8981
7.475 7.2 13.53 3.7168
1.9 6.07 13.76 0.5941
0 4.43 14.64 3.3558
0.825 6.97 15.31 2.8034
0 6.17 13.39 2.1875
0 5.26 12.28 2.6468
0 4.13 10.63 4.0138
0.15 4.19 14.3 2.8303
7 6.36 14.77 1.6859
2.35 4.67 12.53 3.6942
0.05 1.06 10.51 2.0766
0 -1.16 11.36 3.8287
0 -0.44 14.59 3.9757
1.75 1.58 12.33 4.0873
4.325 4.15 13.43 2.1268
1.125 5.23 10.31 2.8756
1.425 3.42 12.35 0.7788
0.55 7.57 14.01 1.3837
0 6.1 12.13 2.6713
0 5.54 14.42 2.1985
0.05 4.62 13.23 1.178
0 6.05 12.33 3.8597
0 3.3 14.58 2.9362
0 3.76 12.87 2.9404
0 3.95 10.71 3.1021
0 2.4 10.11 2.452
0.45 4.45 11.01 2.8752
0.225 5.97 11.44 2.4656
0.025 5.34 7.41 2.3891
0.05 5.58 8.88 3.2295
4.425 6.34 15.76 4.7188
9.275 9.07 17.85 2.0314
0.125 4.02 15.23 1.1328
0.05 3.63 12.28 3.1884
0.05 5.93 14.41 2.6563
9.1 5.83 14.77 2.7981
13.075 9.06 15.14 5.0106
18.725 8.5 12.44 5.6226
15.875 7.47 12.47 6.5246
16.4 4.9 9.76 3.7951
6.4 3.01 10.49 3.4039
2.55 2.69 10.57 1.0186
0.225 1.82 10.48 2.5073
2.125 5.09 11.07 4.4435
1.725 7.47 11.81 3.0251
0.05 4.82 14.18 1.1428
0 3.33 14.01 2.4985
0.65 5.01 15.75 3.1587
0.975 6.03 16.18 1.1172
0.175 3.01 13.5 1.2909
0 2.82 15.75 1.7465
0 5.58 13.82 2.1321
0.475 4.01 17.01 0.6322
4.4 6.87 15.24 3.0917
2.15 9.5 16.38 3.3953
8.375 9.42 13.02 1.6327
1.875 7.24 12.47 2.5154
1.5 7.94 13.24 1.1696
7.575 7.47 11.66 1.4371
0.45 2.91 13.97 0.7364
0 5.48 14.47 1.1711
0 5.79 17.09 1.4277
0 4.75 18.07 1.3688
0 3.83 18.86 1.5024
0 4.36 19.47 1.3253
0 6.4 19.45 1.7781
0 6.73 20.36 2.3213
0 6.49 20 0.8556
0 8.42 16.47 1.0272
0.75 7.24 15.44 2.1166
6.1 7.33 11.81 2.7708
0.7 4.3 12.91 1.8903
23.675 4.39 11.54 3.7758
5.95 7.89 14.34 2.5728
0.75 6.29 15.67 0.8756
9.275 6.83 17.64 4.5299
4.775 8.68 16.13 1.124
0.175 4.36 16.82 0.4079
0 5.91 17.64 2.0117
3.275 7.2 16.3 2.7188
13.3 7.11 11.11 3.2238
4.175 4.82 13.24 2.5962
0.025 1.97 13.49 1.1865
0 6.11 16.19 2.3046
0.05 4.9 18.84 1.1942
0.125 5.61 14.6 2.6798
0.825 2.48 12.3 3.6746
1.175 3.04 12.59 2.2732
0 1.03 15.37 0.2516
9.225 3.74 14.35 2.03
3 2.77 14.18 2.4885
0 2.43 16.12 2.3068
0 3.28 18.63 3.3777
0 5.91 23.9 1.2859
0 9.46 24.5 1.0989
0 8.24 23.79 2.7847
0 5.45 25.46 2.1379
0 6.62 24.98 1.6288
0 7.64 22.78 0.3848
0 8.37 20.96 1.8971
0 7.31 22.08 1.6461
0.05 5.65 22.78 1.5299
0.375 6.42 19.41 2.1274
0.175 4.41 17.86 2.2587
0 4.03 20.49 2.2715
0 5.89 23.94 0.9245
0.325 6.98 24.08 2.3708
3.875 6.84 18.56 4.8312
2.4 5.23 14.38 2.569
0.2 4 15.17 0.8763
3.45 3.37 14.42 1.9564
1.275 4.17 13.92 1.7367
12.1 3.64 13.29 2.8022
6.725 5.61 14.38 2.6626
0 4.66 17.23 0.8834
0 3.84 20.13 1.9661
0 6.62 21.69 1.1132
0 8.22 21.71 1.2979
0 7.91 18.76 2.0261
12.45 8.14 14.74 4.614
10.9 7.57 15.45 4.262
2.8 5.16 16.13 1.0954
0 6.02 18.56 0.742
0 6.65 20.54 0.9022
0 8.3 22.08 1.7373
0 8.22 23.02 1.5158
0 7.77 25.17 1.1899
0.775 10.71 25.03 1.4494
21 8.22 17.57 2.3318
9.775 6.34 11.93 3.409
1.425 7.08 14.16 2.1996
0.075 7.16 19.25 1.3372
0 9.23 23.98 1.2587
0 11.01 27.32 1.3232
0 9.18 28.04 0.9336
1.45 9.96 22.23 3.7607
1.425 5.93 15.96 4.4498
0 5.81 17.88 3.5943
0 6.59 19.31 3.4659
0 7.38 23.54 2.1952
0 10.29 26.09 2.0151
0 9.51 29.5 1.0722
0 11.15 26.66 2.3495
0 9.34 23.74 3.9041
0 7.72 22.73 2.4562
0 6.85 25.2 0.9476
0 8.46 24.1 2.7451
0.225 8.56 19.81 3.5849
4.375 8.37 16.79 2.821
1.7 4.8 18.66 3.5343
0 6.59 23.83 2.1397
0 8.89 26.5 1.1028
0 10.45 28.1 0.8766
0 10.78 28.99 0.7252
0 11.87 27.53 1.2396
0.35 11.47 21.96 1.8119
0.2 13.14 22.98 1.3181
0 12.01 23.6 1.5073
0 10.59 24.03 3.5108
0 8.44 20.59 4.2621
0 6.08 17.97 3.5644
0 7.11 20.29 4.2056
0 7.67 21.4 2.2451
5.275 8.44 20.58 1.5614
3.8 9.3 21.91 2.5162
4.45 10.1 19.42 2.1609
1.175 6.87 20.19 3.0835
0 10.53 25.18 2.0464
0 10.57 29.65 1.0621
0 14.67 29.36 2.5281
0 13.73 26.44 2.9814
0 13.1 29.5 2.4055
0 15.52 29.56 2.3879
0 16.84 30.34 2.398
0 16.89 32.22 1.9482
0 17.45 33.19 2.8599
0 15.56 30.89 3.2214
0 13.92 30.43 2.9139
0 13.81 27.74 3.5465
0 10.67 25.4 4.7029
0 13.33 27.73 5.0102
0 14.05 31.67 3.4708
0 14.85 34.67 1.0387
0 15.25 35.35 1.8801
0 14.21 31.56 2.7708
0 11.89 29.29 3.1586
0 11.37 30.22 1.8433
0 11.95 28.96 2.547
0 9.84 26.44 3.01
0 9.28 27.17 2.7597
0 11.85 30.15 2.0947
0 13.28 32.76 1.3826
0 16.29 34.08 2.2007
0.6 15.45 31.85 2.2333
0.825 14.01 29.92 2.8587
0 15.51 32.54 2.6916
0 18.69 36.5 1.4323
0 20.28 39.01 1.8522
0 19.5 37.21 2.9093
0 16.4 34.07 2.9578
0 12.14 31.83 2.8419
0 13.78 30.96 3.0292
0 15.13 32.56 2.56
0 15.13 35 1.1002
0 16.13 35.6 2.0334
0 15.1 32.84 2.6642
0 14.11 32.61 2.5427
0 15.05 34.03 2.698
0 15.63 35 2.4055
0 16.33 37.51 1.8577
0 17.35 36.29 2.0935
0 17.51 34.56 3.0295
0 15.78 32.89 2.9694
0 16.88 34.95 1.9013
0 20.3 37.73 1.7762
0 21.24 39.27 2.6966
0 20.73 39.07 2.6563
0 18.97 39.12 2.5485
0 17.23 37.57 2.2069
0 16.36 35.45 2.0431
0 15.68 33.54 2.1336
0 13.53 34.12 1.0814
0 15.43 35.21 2.3216
0 17.01 36.33 2.2567
0 17.88 35.76 2.732
0 15.8 32.79 2.6972
0 14.68 30.89 1.9128
0 13.22 30.55 2.244
0 13.77 32.99 2.1855
0 15.08 33.88 2.3157
0 14.47 33.74 2.2208
0 13.92 33.72 1.9462
0 14.77 34.49 2.2623
0 14.38 34.83 1.4403
0 15.47 34.61 1.9657
0 14.16 33.06 2.0278
0 14.08 33.33 2.0146
0 14.23 33.07 2.4359
0 15.56 31.61 2.6571
0 14.57 31.64 1.8103
0 15.01 32.03 1.7518
0 13.84 29.48 2.0528
0 12.95 30.99 1.2653
0 15.93 32.25 1.7157
0 14.88 31.76 2.5402
0 14.33 32.24 2.8644
0 15.2 35.12 1.3942
0 15.9 33.91 1.476
0 14.57 32.75 1.5266
0 13.6 33.72 1.9831
0 15.23 34.44 2.2462
0 14.23 31.22 1.6633
0 12.23 31.66 1.8834
0 13.54 33.26 2.1932
0 15.48 37.71 1.6537
0 17.71 41.18 0.4662
0 19.08 37.45 1.9122
0 15.47 33.71 2.2889
0 11.34 28.12 2.5866
0 11.41 25.58 2.3564
0 11.49 26.62 2.5564
0 12.13 29.59 1.6563
0 13.68 31.96 0.9799
0 16.26 36.18 0.2484
0 16.56 37.69 1.289
0 16.24 36.68 1.0936
0 16.58 34.16 2.2129
0 15.78 34.06 1.1895
0 14.93 33.28 1.9214
0 13.08 28.01 2.6096
0 9.87 23.72 1.9784
0 11.13 26.83 0.8189
0 12.14 30.33 0.5268
0 13.56 33.34 1.0113
0 13.66 30.74 1.5117
0 11.83 30.73 1.3988
0 11.83 30.86 1.3567
0 12.42 31.48 1.9419
0 13.65 30.57 1.5521
0 14.38 30.41 1.3269
0 13.56 28.19 1.1975
0 13.07 28.54 1.5181
0 12.55 27.82 1.3514
0 10.42 26.03 2.628
0 9.97 25.81 1.4241
0 11.53 30.07 0.8128
0 13.26 33.79 1.0904
0 15.56 35.32 1.0063
0 14.93 37.07 1.2576
0 17.27 38.28 0.8023
0 17.74 38.75 0.5968
0 17.22 36.98 0.462
0 16.86 34.3 0.6092
0.95 18.14 34.94 0.8861
2.925 17.55 34.4 1.2927
2.5 13.54 25.51 1.706
0.75 13.81 20.93 1.2118
0.275 10.88 21.89 0.7312
1.525 11.96 22.49 1.7225
0 10.21 24.69 0.8149
0 10.71 26.81 2.0259
0 12.02 28.63 1.7643
0 14.64 30.17 1.8073
0 15.32 30.75 1.9646
0 14.67 32.98 1.2872
0 15.12 34.68 0.5034
0 14.57 34.13 0.333
0.1 15.29 31.53 0.8886
1.8 14.69 28.45 0.9284
0.575 10.85 22.01 1.2052
0 11.01 22.68 1.5294
0 10.95 25.88 0.7614
0.075 11.48 24.47 1.7588
1.45 11.05 22.37 1.4777
8.875 12.46 21.36 1.712
14.35 13.73 18.99 4.5803
5.675 10.2 18.34 3.2155
0 7.22 19.19 1.8027
0 4.93 19.97 2.6294
0 6.52 23.03 3.4389
1.525 9.97 22.54 2.3068
2.875 11.45 22.63 1.7868
0.5 8.13 18.65 1.0797
0 7.88 22.26 1.8811
0 8.43 23.8 2.7888
0 9.93 25.66 2.4365
0 11.14 28.35 1.595
0 12.05 28.84 1.1633
0 11.41 27.41 1.9335
9.1 9.68 20.04 2.9984
5.325 6.47 15.23 2.511
1.075 3.43 16.77 0.4879
0.7 6.16 16.71 1.661
0.025 4.83 16.54 2.3809
0 3.72 17.78 1.3847
0 5.46 17.82 2.9541
0 5.75 19.64 1.8189
0 7.22 21.41 2.7141
0 7.35 21.29 1.3471
0 6.93 21.71 1.6891
0 6.37 21.78 1.4948
11.025 6.76 18.63 2.0432
20.525 5.03 12.39 2.8374
11.875 4.38 11.97 4.5344
5.575 5.19 11.1 2.6184
9.15 5.27 11.9 3.517
4.35 0.56 8.53 1.3583
0 -1.33 10.14 2.8549
0.65 -0.65 12.58 3.2471
8.725 2.83 12.12 2.3528
4.25 3.04 11.47 2.3393
0 -0.85 11.84 2.3476
0 -0.33 11.35 3.0184
0 0.95 12.59 2.2455
0 2.28 13.72 2.6868
0.075 5.63 12.95 1.2902
1.85 7.98 16.22 2.6072
9 8.6 17.26 2.8113
4.5 8.63 19.65 3.5525
0.05 4.84 17.79 2.1067
1.825 6.5 16.23 2.1979
1.425 8.79 15.96 1.1964
0.325 9.81 17.98 1.3835
0.025 10.25 17.47 0.4194
0 9.6 16.69 2.4074
0 8.55 15.98 1.3612
11.375 8.39 12.99 1.6231
5.45 4.85 13.42 1.3811
1.65 2.74 11.78 2.2036
19 4.79 12.46 3.6293
18.775 9.24 13.76 5.1748
10.6 10.54 14.99 5.6671
5.7 7.4 12.35 2.4427
4.775 5.2 10.64 2.9228
8.575 7.77 13.89 2.0943
2.275 7.88 13.95 0.407
0 4.81 13.97 3.0698
13.25 6.11 15.12 5.4726
5.125 4.61 16.09 1.9319
0.025 4.34 13.87 0.7139
26.3 4.18 12.99 2.0998
19.55 6.14 11.6 4.1991
1.625 0.03 9.61 2.2933
0.275 -1.92 9.19 1.4515
10.925 1.32 10.36 4.5245
15.6 3.43 9.52 4.9291
2.35 3.13 10.21 2.3736
0.075 0.95 9.48 3.0989
0 0.82 10.84 3.7164
0.05 1.38 8.8 4.7945
0.025 1.5 7.49 3.0216
0 1.76 8.61 1.5098
0 0.27 5.22 1.631
0.3 -1.68 7.18 2.8508
1.4 1.47 8.56 3.4931
0.425 4.45 14.43 2.402
0.6 3.21 14.4 1.5308
0.2 6.28 12.93 1.2343
0 3.27 13.15 2.6569
0 6.69 12.41 1.0757
0 7.48 12.47 0.928
0 6.95 12.82 2.5659
0 3.6 11.21 1.7081
0 2.48 15.14 3.982
0 2.61 17.78 3.5411
0 3.56 16.39 2.6144
0 3.28 17.25 3.9955
0 2.91 17.61 1.6568
0.075 4.08 14.21 2.0301
0 4.42 14.02 4.8444
0 3.84 15.03 3.486
0.1 3.21 13.09 1.6844
5.125 3.14 12.79 0.4856
5.8 4.62 13.85 1.778
0.875 2.8 13.01 1.2273
0 2.26 12.88 1.4876
0 1.01 14.68 3.0034
0 1.27 14.42 1.9631
0 2.16 15.76 2.3601
0 3.04 17.64 1.7506
0 4.21 18.96 1.9952
0 5.59 20.4 0.8425
0 4.11 20.26 2.4169
0 1.14 15.14 3.268
0 1.27 16.31 3.6428
0 2.24 18.05 3.8641
0 2.64 20.43 2.971
0 2.71 21.88 1.0367
0.2 5.41 19.31 3.8539
5.85 9.28 17.33 4.5398
8 7.73 16.14 5.4391
21.725 4.58 10.76 4.6481
22.3 4.17 8.67 2.6282
7.975 2.23 10.99 2.8
0.775 1.7 11.77 0.7084
0 2.51 12.2 1.0169
0 1.5 13.1 0.5536
0.375 1.13 14.98 0.7591
3.525 1.86 12.63 2.0721
10.675 4.02 11.25 5.0505
3.4 -0.94 9.78 1.0678
0 -1.63 10.72 0.3515
0 -0.32 13.72 2.1859
1.1 0.22 15.73 1.8378
3.625 4.65 16.6 3.9299
1.6 8.7 18.7 1.2013
0 3.78 18.57 1.3899
2.025 5.93 18.02 0.7212
9.05 7.9 18.75 1.7374
3.825 7.88 14.74 4.246
0.425 5.94 16.86 0.4808
0.05 5.78 18.61 1.4138
0.05 7.58 20.05 0.6961
0 6.11 17.8 1.4468
0.2 5.49 17.91 0.5673
2.875 7.45 18.76 1.2829
2 11.07 20.32 1.2206
3.95 10.27 21.67 1.3917
3.35 10.41 21.27 2.0999
1.775 4.76 17.58 0.9108
9.325 3.79 15.96 3.5449
15.325 4.64 13.38 4.7041
29.95 6.31 11.58 5.1086
14.65 4.57 10.68 2.2254
2.25 3.3 13.86 1.5358
7.6 4.97 14.56 5.2139
16.7 6.45 11.86 5.3778
9.75 4.38 11.85 3.5802
11.175 6.66 13.28 3.0555
2.325 5.76 13.88 1.3223
0 7.81 16.47 0.8523
0 5.98 19.44 1.718
0 7.93 21.89 2.217
0 9.72 25.12 2.4136
0 10.84 27.13 1.7409
0 11.94 27.22 1.2099
0 7.77 20.83 1.7119
0 6.47 23.33 1.6694
0 9.11 24.35 1.636
0.725 8.82 23.61 2.1412
6 5.89 18.92 3.4392
2.225 2.75 12.55 1.5887
0 2.19 15.15 1.4094
0 3.06 18.04 0.5673
0 5.58 18.34 1.8096
0 5.46 19.45 1.8506
0.15 4.94 17.79 2.5716
0.075 3.89 16.96 0.6936
0 5.51 20.81 0.7869
0 8.45 23.99 1.776
0 9.72 24.94 2.3262
0.15 11.63 23.09 2.4445
0.075 12.78 21.61 1.535
0.275 12.65 22.52 1.9478
0.45 12.17 21.35 2.0003
0.65 7.81 20.23 1.0345
0.3 7.58 20.95 1.0047
0.125 9.28 21.15 1.8815
0.075 8.89 21.31 2.0747
0 6.73 21.08 2.8426
0 6.17 22.25 1.2315
0 7.67 22.75 2.3914
0 7.85 21.55 4.7499
0 5.84 21.4 3.5293
0 6.39 25.06 1.6955
0 8.13 28.02 0.5203
0 9.7 27.33 1.1881
0 11.33 29.21 2.8833
0 12.47 31.96 0.8927
0 11.27 29.27 1.6279
0 8.9 25.84 2.0118
0 9.65 23.09 2.7987
0.75 6.11 18.46 3.1562
0.375 6.07 21.81 2.6558
0 7.51 25.36 1.8933
0 9.54 26.67 1.4037
0 9.77 26.97 0.9993
7.675 9.13 22.98 2.6555
6.525 7.16 17.69 2.4233
1.4 5.82 15.98 1.5217
8.225 8.07 16.54 3.3773
5.55 9.19 16.98 2.184
0.2 7.28 22.04 2.9648
0 9.3 25.72 1.8697
0 11.27 26.64 2.351
0 9.74 25.41 3.3699
0 8.27 22.47 4.6386
0 7.78 23.1 2.6135
1 9.52 22.49 2.5331
0.45 7.84 21.87 2.219
0 8.82 22.07 3.027
2.05 7.97 22.17 4.0341
0.5 7.75 20.31 4.7159
0 7.81 21.66 2.6541
0 8.2 23.21 2.3
0.4 11.41 21.42 2.5733
0.125 7.42 19.96 1.6098
0.35 7.64 21.34 0.5559
13.175 9.23 20.11 3.5303
13.225 13 23.11 0.9493
9 12.11 22.33 3.0573
0.05 10.03 23.17 2.2867
0 10.84 26.92 3.0673
0 12.29 29.35 1.8677
0 12.78 29.39 2.8964
0 11.87 25.91 3.2546
0 11.57 27.94 2.7808
0 12.97 29.9 2.7546
0 15.52 32.78 2.4092
0 16.92 34.06 2.2273
0 16.07 32.73 2.7897
0 14.12 30.82 1.9097
0 13.6 31.22 2.7485
0 14.51 31.97 2.2823
0 16.27 33.46 0.6964
0 18.55 36.83 0.8335
0 20.13 38.34 2.4633
0 16.47 36.1 2.4627
0 13.69 32.89 2.5209
0 13.36 31.97 2.7008
0 13.95 32 2.5773
0 14.8 33.44 2.6251
11.025 15.43 32.11 2.1269
6.3 13.31 24.95 2.2807
0.025 12.29 26.88 2.4437
0 13.37 31.56 1.732
0 16.28 34.63 1.2453
0 16.95 37.9 0.9817
0 18.44 39.09 1.5613
0 19.26 39.51 1.7265
0 20.02 39.22 2.4854
0 19.65 39 2.585
0 18.55 37.81 2.0156
0 17.3 37.37 2.489
0 14.16 35.47 2.28
0 13.18 33.21 2.3358
0 12.57 31.66 2.4602
0 13.46 31.01 3.0637
0 12.6 29.21 2.7595
0 12.27 28.73 3.3513
0 12.61 28.86 3.0232
0 12.65 29.21 1.959
0 13.93 30.92 1.1107
0 14.91 31.83 1.9619
0 15.81 32.8 1.7589
0 16.35 35.67 2.3174
0 16.44 35.63 2.7198
0 16.95 35.15 1.9316
0 16.33 35.09 1.7226
0 15.52 35.27 2.0909
0 13.98 34.61 2.0575
0 14.78 35.28 1.7338
0 15.42 36.36 1.7905
0 16.61 36.84 2.5046
0 15.68 36.25 2.9725
0 17.97 36.66 1.9826
0 17.76 34.45 1.296
0 16.28 35.11 1.761
0 16.02 35.11 2.0548
0 14.35 33.23 2.9457
0 13.93 32.95 2.4329
0 15.46 33.63 2.9497
0 15.69 32.48 2.3976
0 14.74 33.41 1.8519
0 14.41 34.32 1.9623
0 15.74 34.52 2.2253
0 15.07 34.13 2.6225
0 15.23 33.31 1.9839
0 16.96 34.48 1.3036
0 17 35.11 2.0942
0 15.22 34.39 1.6516
0 14.44 34.39 1.5782
0 15.08 34.9 1.8735
0 15.13 34.98 1.9712
0 15.03 33.84 2.7069
0 13.47 32.73 1.875
0 13.24 32.39 1.297
0 14.15 32.1 1.1696
0 15.43 35.28 1.0634
0 17.02 36.02 1.9041
0 16.12 35.4 1.165
0 17.29 36.06 0.6829
0 17.75 36 1.034
0 17.13 36.75 1.3075
0 16.14 35.99 1.8604
0 15.07 34.66 1.7187
0 14.15 33.18 1.6639
0 15.03 33.14 0.7836
0 15.97 34.67 0.5114
0 16.21 35.57 0.8799
0 16.08 34.69 1.0197
0 14.34 34.07 1.8032
0 14.71 35.3 1.0113
0 16.38 36.94 1.1732
0 15.75 36.16 1.2153
0 15.96 36.02 1.4709
0 18.16 36.61 0.7402
0.1 16.93 32.4 1.5945
0 15.45 30.84 1.6305
0 15.36 32.94 0.8125
0 16.92 33.34 1.5523
0 15.53 32.63 2.3547
0 13.57 30.48 1.7095
0 11.93 29.94 1.808
0 13.55 30.82 0.6644
0 15.29 33.4 0.4429
0 16.76 35.79 1.1137
0 16.37 36.58 0.7856
0 16.72 36.75 0.5468
0 17.54 37.46 0.6291
0.05 18.05 37.22 1.5324
0.025 14.19 28.7 2.0869
0 12.52 25.62 2.1762
0 13.13 30.21 1.0754
0 15.19 33.74 0.657
0 15.68 34.75 0.9657
0 15.4 31.41 1.1287
0 13.04 28.49 2.0401
0 12.84 26.94 1.6461
0 12.06 24.83 1.768
9.05 11.7 23.44 2.0437
14.95 11.02 22.53 3.3381
3.325 9.13 17.79 0.8221
1 6.79 18.26 0.9551
0 7.93 21.66 1.0825
0 8.81 24.32 1.1898
0.425 11.56 23.91 1.393
0.2 14.38 23.95 1.5359
0 12.9 25.93 1.0852
0 11.96 28.67 0.8835
0 13.89 30.21 0.5811
0 14.67 30.11 0.9033
0 14.45 28.43 1.028
0 13.21 29.02 1.4411
0 13.86 29.65 1.1653
0 13.3 27.61 1.1932
0 12.18 26.29 0.903
0 11.54 26.61 1.0395
0 12.39 28.42 2.0172
0 11.73 28.73 1.3814
0 11.63 28.87 1.5182
0 10.76 25.65 1.3632
0 7.18 23.15 2.5394
0 7.02 22 2.8832
0 8 23.7 1.6776
0 8.01 24.35 1.0412
0 8.75 24.91 1.9713
0 9.31 26.26 0.6361
0 9.25 26.11 3.2337
0 7.41 23.41 3.9768
1.775 6.21 23.51 2.9687
1.525 5.85 18.82 1.6326
2.6 2.48 13.67 0.3515
2.7 4.27 14.1 1.2691
0.1 3.87 14.59 0.7558
0 2.67 15.03 1.9265
0 2.78 17.36 2.9671
0 3.04 19.45 3.2307
2.7 6.83 19.31 3.9933
1.175 8.25 19.2 0.8698
0 7.91 18.41 0.4195
0 8.96 18.38 1.1027
0 6.24 18.83 0.8642
0 5.59 19.33 0.964
0 6.31 20.34 0.7985
0.125 6.28 19.74 2.7163
2.375 4.05 14.45 1.9526
2.525 4.04 14.31 4.0688
0 2.97 13.86 1.8648
0 2.71 15.3 2.6775
0 3.33 15.57 3.9365
0.375 5.44 16.17 1.8543
1.125 4.64 15.56 0.6079
0 4.43 17.42 2.6564
0 4.05 17.05 2.2505
0.1 4.43 20.36 1.029
0 4.74 14.06 1.5095
0 5.02 17.12 3.9243
0 4.07 18.92 7.4635
0 2.41 17.07 3.2891
0 1.11 16.61 4.0416
0 -0.06 15.73 2.5012
0 -0.94 14.42 3.4146
0 -0.48 14.91 2.9045
0 -0.48 15.05 2.9757
0 -0.19 15.31 2.7868
0 -0.38 15.24 3.9157
0 -0.32 16.46 2.8797
0 0.62 15.49 0.5461
0 2.25 12.99 1.4114
0 1.63 13.9 1.3176
0 -0.15 14.39 0.9782
1.2 1.33 12.96 0.8338
0.475 0.1 11.94 4.7849
0 -0.35 12.53 4.1171
0 0.13 13.04 2.295
0 1.18 15.42 3.8972
0 -0.41 12.5 3.8911
0 -1.36 13.05 3.1251
0 -1.95 14.95 4.446
0 -2.02 13.19 3.8277
0 -2.47 13.11 4.6236
0 -1.65 15.71 3.32
0 -1.69 15.81 1.1623
0.025 -0.84 14.66 1.1447
0 0.39 15.7 1.2575
0 3.76 15.67 0.8303
0 3.75 16.42 0.9767
0 2.48 14.27 2.276
