0.8 -19.05 0.71 1.5889
4.55 -9.08 -0.37 1.6466
2.525 -13.12 2.05 1.655
0.725 -16.67 -5.12 4.3687
1.7 -16.27 -5.12 1.6288
0.75 -9.28 -1.81 0.6973
0 -9.61 1.79 1.3012
0 -8.45 1.45 0.7034
0 -12.04 5.62 4.6815
0 -11.68 3.33 3.1706
0 -9.6 3.85 2.1312
0 -9.82 7.64 5.4293
0 -8.03 7.21 3.6831
0 -10.46 6.08 3.0091
0 -8.6 7.02 3.7674
0 -10.29 7.62 4.8781
0 -10.83 5.99 4.2091
0 -11.22 4.39 4.777
0 -9.94 6.37 4.8451
0.075 -9.2 4.08 3.3431
11.85 -7.08 6.58 2.7377
21.65 -6.58 4.43 2.15
30.125 -9.44 2.83 1.5728
33.25 -4.27 0.88 2.8021
9.525 -7.83 0.14 3.7212
0.875 -13.84 -4.81 0.7642
0.025 -15.38 -4.26 1.214
0 -11.36 -1.06 1.474
0 -11.05 1.55 4.2747
0 -10.06 4.4 4.5198
0 -8.79 5.78 3.0629
0 -8.39 6.06 3.2479
0 -9.72 5.04 3.6857
0 -9.33 7.68 3.7738
0 -7.22 9.04 3.0069
7.025 -5.33 7.98 2.5607
19 -7.75 1.54 2.5939
9.875 -8.74 -2.94 2.8822
15.65 -9.54 -1.16 1.3351
9.65 -12.84 -0.48 3.9087
5.025 -18.02 -7.01 0.5657
9.175 -12.98 -4.51 2.4355
3.525 -12.46 -3.64 1.4445
7.4 -12.47 -3.71 3.0152
4.45 -11.96 -5.41 3.1092
3.4 -10.63 -2.68 5.3262
25.7 -8.79 -3.53 5.4989
19.5 -11.25 -5.33 4.1437
2.825 -13.91 -4.35 0.9995
0 -13.09 -3.05 3.3535
0 -12.81 0.68 2.4419
4.85 -11.22 2.49 3.7882
17.65 -8.3 1.83 3.2427
9.925 -5.47 -0.83 2.3878
2.925 -6.22 3.14 1.6015
1.775 -6.61 5.9 1.5213
0.2 -6.44 1.6 2.6753
0 -9.1 4.03 0.4622
0.025 -8.66 6.62 3.8172
20.175 -3.54 6.27 2.8916
30.7 -4.33 6.05 4.1036
23.65 -5.52 2.04 4.9795
16.1 -9 -2.94 3.2691
2.5 -14.99 -4.47 0.718
0.95 -12.51 -1.39 1.9304
0 -13.36 -1.45 0.242
0 -12.36 2.26 1.6474
0 -10.06 4.69 2.7669
0 -13.5 -1.03 0.5237
0 -11.46 3.92 0.7662
0 -10.32 4.05 2.375
0 -9.77 5.87 2.7385
0 -10 7.97 1.4143
0 -7.85 6.87 2.4111
0 -4.66 7.58 2.7982
0 -5.63 9.92 1.085
0 -5.81 10.19 0.9414
0 -4.12 12.68 0.8007
0 -5.26 12.97 0.7607
24.425 -4.01 12.47 2.1491
25.15 -9.54 4.31 4.316
1.3 -15.52 -6 2.2682
0 -13.85 -2.97 1.8662
0 -10.5 5.01 0.4339
0 -5.04 8.38 2.195
0 -8.37 8.49 2.1233
0 -6.92 9.24 1.3363
0 -3.16 12.62 3.3351
0 -10.5 8.41 1.9781
0 -7.87 7.6 0.3592
0 -4.81 10.12 2.5519
0.025 -4.79 11.09 2.6266
0 -7.59 8.59 5.457
0 -12.37 1.99 1.8203
0 -10.37 5.37 2.9892
0 -8.19 9.7 2.7544
8.625 -5.41 12.7 1.4827
13.475 -7.73 10.36 3.6916
8.025 -7.39 0.97 1.7934
5.175 -6.59 2.63 2.1735
2.225 -7.98 1.6 3.804
0 -6.48 6.23 1.5854
0 -5.85 11.25 1.9207
0.475 -4.27 9.17 4.43
0.325 -13.65 3.23 6.4619
0 -10.95 1.96 3.5185
0 -8.7 5.8 1.5368
0 -5.77 11.79 3.1837
0 -3.98 14.99 2.9844
0 -1.21 17.96 1.6151
0 -0.03 19.9 1.0639
0 1.34 20.46 2.2356
0.05 2.4 19.08 3.1036
1.3 -1.8 13.13 3.5462
0.75 -9.57 3.65 3.7862
0 -7.43 6.73 1.9457
0 -6.41 9.07 2.3893
0 -5.43 10.81 3.38
0 -8.02 7.73 1.5176
1.925 -4.49 11.03 1.9728
30.1 1.96 13.63 2.2388
20 -2.22 8.11 2.8745
4.05 0.19 6.4 3.9281
2.65 -3.45 7.95 2.0347
0.6 0.25 11.69 3.9123
0 -1.97 12.67 2.5431
0 -2.19 15.61 2.7759
0 -1.06 16.49 1.596
0 -1.73 17.5 0.9849
0 0.58 17.7 0.7222
0 -0.08 18.48 3.0131
0 -0.02 16.78 3.2992
0 -1.79 15.83 2.2026
0 -1 15.47 3.2055
0 0.57 17.06 1.4691
0 1.15 19.29 1.8038
0 4.2 22.76 0.3343
0.15 5.83 24.41 2.5479
0.075 4.46 23.19 3.0311
0 2 18.61 1.935
0 1.45 18.4 0.8641
0.4 2.12 19.62 2.4424
0.275 1.71 18.99 2.9299
0 1.27 17.33 2.7495
0.15 0.72 17.17 1.7537
0.1 0.41 17.77 1.1566
0 1.69 18.4 0.7259
0.725 3.36 20.49 1.6516
0.725 2.96 19.74 2.3448
13.85 2.62 17.94 3.3753
11.25 3.2 17.02 2.1209
2.45 2.77 17.19 1.8601
0.05 1.55 15.72 2.1918
0.475 2.79 15.23 0.845
7.6 -1.03 12.15 2.2359
6.275 -1.68 13.51 3.8992
2.125 -3.9 6.24 2.7123
0.775 -1.11 8.06 2.8281
1.275 0.41 12.82 2.5491
0.8 1.45 14.52 3.4012
0 1.77 13.81 3.12
0 -0.9 12.11 3.3177
2.1 -0.12 13.72 2.0611
2.65 1.36 12.85 3.7136
0.825 -1.13 12.39 2.5973
2.45 -0.04 13.74 2.3917
1.775 1.26 14.05 2.263
0.275 3.47 13.91 2.8623
0.125 3.59 16.68 1.551
0 5.94 21.22 2.701
0 3.48 20.99 3.3723
0 1.22 16.5 3.1486
0 -0.31 15.16 1.1274
0 1.73 17.35 0.8431
0 3.84 21.32 1.3424
0.075 4.87 23.34 2.7103
0.05 3.18 20.9 1.6819
0 4.94 21.85 0.8735
0 5.88 25.1 0.3989
0.35 7.41 26.35 3.0213
0.2 7.45 25.39 3.0532
0 6.16 24.03 2.227
0 7.65 23.98 1.5092
0 6.22 22.86 2.9237
0 5.04 23.14 2.5235
0 3.63 23.25 2.8585
0 3.86 23.33 2.7452
0 2.88 21.58 3.0133
0 3.34 20.93 2.6538
0 2.31 21.09 2.5639
0 2.12 21.24 1.9254
0 5.89 21.98 2.0159
0 5.76 22.85 2.4661
0 5.56 22.46 1.3396
0 4.24 23.28 0.6779
0 5.56 24.44 1.6674
0 7.73 26.33 2.1825
0 7.57 23.66 1.9761
0 8.92 27.25 2.135
0 10.7 27.53 2.0159
0 10.4 27.84 2.5073
0 8.18 27.33 2.5473
0.05 7.16 26.5 2.1554
0.1 8.46 26.85 2.0574
0.025 7.65 25.47 2.1714
0 7.74 25.89 2.2174
0.675 7.85 26.05 1.9617
0.475 8.31 26.37 1.8078
0 10.1 26.39 2
0 8.25 25.91 2.7821
0 7.27 24.84 2.4296
0.275 7.68 24.61 2.281
0.15 6.59 25.29 2.3689
0 7.19 24.31 3.0887
0 4.83 23.32 2.8095
0 6.29 22.94 2.429
0 8.41 22.2 2.7004
0 5.15 20.38 3.4405
0 -0.01 12.14 2.0381
0 0.98 14.43 1.238
0 2.4 18.55 0.1692
0 3.74 21.54 1.1205
0 6.51 23.52 2.902
0 6.71 24.28 2.7192
0 6.37 24.08 2.9677
0 4.47 22.7 3.2342
0 1.97 20.59 1.3146
0 1.28 19.79 0.2776
0 2.63 22.1 0.6209
0 3.51 23.67 0.9524
0 5.7 26.13 1.2524
0 6.02 26.87 1.8036
0.225 7.27 26.79 2.2796
2.8 7.6 26.87 2.3627
3.05 7.07 22 3.3965
0.875 3.55 18.94 1.683
0 3.54 21 1.7297
0 3.8 22.61 0.7162
0 4.06 23.34 1.3413
0 5.28 23.43 0.9829
0 6.28 23.84 1.3744
0 5.7 25.12 3.1668
0 6.09 22.25 2.2775
0 4.97 21.78 1.2348
0 4.21 22.86 0.185
0 6.99 23.22 1.3482
0 6.42 23.23 1.9975
0 3.13 22.17 2.1834
0 2.69 21.1 2.0409
0 2.64 19.31 1.3494
0 2.39 20.24 0.5303
0 3.59 19.94 0.9696
0 5.37 21.98 0.3799
0 4.97 23.26 0.9741
0 5.51 24.92 1.4607
0.45 4.75 22.56 2.4685
0.275 2.3 18.81 2.8017
0 -0.02 16.9 1.4782
0 2.26 18.68 1.0551
0 2.88 21.24 0.3946
0 2.3 23.02 1.1971
0 5.88 24.2 2.466
0 3.8 21.79 1.0214
0 5.22 18.95 2.8152
0 1.39 22.37 2.6597
0 3.5 23.05 1.7719
0 2.14 23.21 0.9311
0 2.6 23.41 0.7702
0 4.67 23.98 1.1817
0 2.91 24.84 0.3429
0 3.67 24.7 2.2862
0 5.79 20.93 2.7067
0 -6.07 11.87 2.3424
0 -6.35 9.52 2.6375
0 -3.93 13.98 0.9201
2.35 0.35 15.44 3.2622
1.5 -7.76 11.77 3.6797
0 -9.34 0.2 0.3601
0 -7.25 6.81 3.3227
0 -6.7 8.99 1.8345
0 -4.43 11.19 1.4024
0 -4.02 13.12 0.8837
0 -3.11 15.69 0.5839
0 -3.75 14.13 2.1124
9.15 -2.66 14.35 2.0175
48.425 -1.13 8.61 6.2685
28.025 -0.99 5.05 4.641
0.1 -0.34 9.77 0.7385
0 -0.54 14.68 2.2713
0 -0.74 16.02 1.282
0 1.05 18.03 2.1594
1.5 2.95 15.35 2.6271
0.925 -5.17 7.87 2.6465
0 -5.58 8.99 1.0982
0 -4.19 12.67 0.6554
0 -3.86 13.09 0.8041
0 -2.03 15.15 1.0955
0 -1.99 13.53 1.9328
0 -3.13 11.88 1.278
1.675 -3.8 14.15 4.0269
1.2 -9.02 -0.81 5.1447
0 -10.97 0.4 0.8561
0 -7.43 5.05 0.0397
0 -5.54 11.08 0.9151
0 -4.55 13.52 0.8302
0 -3.18 15.13 1.1374
0 -3.03 16.17 1.1434
0 -3.54 15.91 1.7632
0 -1.06 15.08 2.3351
0 -5.15 12.01 0.7253
0 -6.87 10.29 1.3366
0 -8.96 8.5 1.8403
0 -8.19 6.74 1.4023
0 -6.73 9.59 0.8857
3.225 -4.74 9.59 0.763
7.6 -2.75 10.02 2.1298
3.925 -9.43 1.75 1.0427
0 -10.47 2.16 1.1249
0 -10.92 2.36 2.861
0 -9.15 6.19 2.2767
0 -8.18 8.48 1.8754
0 -7.44 10.49 1.1018
0.475 -10.21 5.22 2.3907
2.225 -7.88 6.77 4.0079
1.15 -7.5 5.9 0.8887
0 -7.85 2.71 0.5437
0 -10.04 6.48 2.5729
0 -9.74 4.3 3.892
0 -8.72 5.93 4.2479
0.65 -9.29 6.46 2.7934
2.2 -6.65 7.18 1.4544
1.125 -7.84 5.55 4.8992
0 -11.22 -3.03 5.3337
0 -10.98 0.82 3.8704
0 -10.29 3.12 1.548
0 -10.85 3.03 2.3552
0 -12.51 4.52 2.2044
0 -11.7 1.34 2.1455
0.025 -8.31 4.3 1.2767
10.725 -14.15 1.16 2.2667
12.175 -10.44 -3.01 1.1835
3.675 -21.89 -9.04 0.6345
0 -22.61 -8.24 1.8272
1.525 -19.7 -6.24 2.8683
19.375 -10.37 -2.2 2.7202
46.65 -7.6 -2.09 3.6867
23.5 -8.64 -1.91 4.7489
0.675 -14.73 -3.6 0.8043
0 -13.28 -4.69 2.9202
0 -12.1 -1.02 2.2706
0 -10.5 1.18 2.2673
0 -10.95 -0.57 2.7966
0 -12.34 -1.72 4.0621
0.875 -10.61 -2.62 2.9146
10.725 -8.24 4.17 1.9258
9.075 -12.45 1.8 3.7327
0.125 -17.56 -6.05 3.0125
0 -14.52 -2.62 3.7288
0 -13.98 0 3.5814
3.8 -13.89 -5.22 3.9409
2.275 -13.32 -2.11 1.8958
1.6 -13.74 -3.61 3.263
8.275 -10.42 -3.86 0.7189
4.45 -8.57 -2.78 1.5003
0.075 -8.82 -2.12 2.3665
0 -9.48 0.73 1.7938
0 -11.4 1.75 1.1699
0 -12.22 -0.85 3.9971
0 -11.93 -0.17 2.9381
0 -11.43 0.92 2.2847
0 -10.79 0.49 2.8235
0 -9.85 1.09 2.9243
0.05 -7.69 3.3 3.1436
1.375 -7.14 2.95 2.2637
0.85 -5.37 1.38 2.4549
0.525 -7.32 0.2 3.0516
20.5 -8.05 1.23 4.299
12.8 -5.74 2.55 2.1295
0.125 -11.91 -0.23 1.49
0 -11.9 -0.62 3.3125
0.9 -10.2 0.97 1.7486
29.325 -10.51 3.44 2.4619
54.275 -8.21 0.61 4.5591
35.925 -9.66 -4.13 5.3289
39.925 -9.2 -5.18 6.2008
50.75 -12.84 -5.65 4.0149
25.075 -12.11 -8.09 4.3326
3.65 -13.59 -7.13 0.8691
1.575 -15.89 -7.21 1.9882
6.65 -13.72 -5.67 3.4305
3.575 -9.1 -3.13 2.8229
0 -10.43 0.46 1.3822
0 -14.43 0.3 2.8285
0.75 -12.63 -3.73 3.0955
0.45 -10.06 -0.26 1.522
0 -16.97 -0.22 1.0422
0 -16.28 -3.3 1.6931
0 -10.65 -1.1 1.8829
0 -11.25 -0.46 0.6034
9.6 -11.25 -1.08 2.437
16.725 -6.86 1.19 3.3902
13.675 -7.58 -0.75 1.8226
4.225 -8.61 -1.87 2.5861
0.725 -9.86 -1.88 1.4415
2.2 -10.81 -2.56 2.4392
1.1 -11.51 -3.2 0.5187
0 -10.55 -1.47 0.905
0 -9.13 1.34 1.0113
0 -9.86 3.62 1.4532
0 -10.37 4.06 1.5343
0 -10.11 5.26 0.8615
0 -9.24 6.33 1.7561
0 -8.61 6.32 2.445
0 -8.01 6.47 1.4382
2.125 -8.61 5.91 1.4474
4.05 -7.41 1.81 2.5504
17.45 -7.05 2 3.2018
10.525 -14.01 -2.62 2.5356
19.775 -13.43 -2 3.5124
20.675 -8.58 0.8 2.9668
1.8 -10.74 -0.92 0.5673
37.2 -9.33 2.3 4.3735
25.725 -8.12 3.25 1.9553
1.575 -8.36 -2.18 0.812
0.625 -9.13 3.29 2.4721
6.7 -7.2 3.86 2.7337
19.7 -8.51 2.85 3.2184
9.675 -11.5 -0.35 3.386
0.05 -12.93 -2.19 1.2538
0.1 -10.41 0.62 2.7431
0.05 -9.51 0.45 0.7988
5.6 -9.22 3 2.3841
4.275 -14.17 -0.7 4.0469
0.525 -11.24 -2.04 2.0271
0 -13.73 -3.2 0.5134
29.55 -10.66 3.15 2.1878
18 -10.03 4.3 2.621
0 -13.65 -1.62 2.7415
0 -12.07 3.7 3.8177
0 -9.71 8.23 1.6586
0 -7.19 10.16 0.6869
0 -5.95 10.26 3.08
0 -10.21 7.11 2.1246
0 -6.46 10.72 2.1809
0 -7.24 10.36 1.0486
0 -7.38 9.53 1.2012
0 -9.1 9.23 2.5369
0.8 -8.9 9.11 2.2962
2.1 -5.85 10.16 2.6611
0.975 -10.03 3.52 2.7644
0 -9.61 1 2.9457
0 -7.51 7.96 1.6016
3.025 -3.75 11.44 2.7872
11.05 -5.05 11.99 6.0557
5.75 -8.86 0.67 3.4509
0.875 -12.47 -1.44 0.9361
4.825 -11.27 3.8 2.4466
2.05 -7.11 2.69 2.2656
19.2 -10.16 2.27 2.7569
12.1 -10.46 -0.51 3.7136
0.025 -13.83 -2.19 0.8382
0 -11.18 3.61 2.2426
0 -7.25 8.78 0.4551
0 -5.91 11.71 1.5509
0.775 -6.1 8.67 1.9533
15.65 -4.07 8.13 3.7898
11.875 -10.05 2.31 4.7114
1.375 -9.68 -0.95 1.1005
0 -8.28 4.67 0.6809
0 -7.49 6.73 0.8852
0 -4.16 11.36 2.7197
0 -6.55 11.21 1.3132
0 -5.78 14.03 1.0387
3.85 -4.69 15.22 1.9271
12.15 -1.65 13.74 2.9826
7.65 -8.8 1.9 2.9063
2.05 -6.7 -1.66 1.4732
0.75 -5.84 -1.31 1.6051
0 -5.65 9.41 0.6557
0 -3.94 12.99 1.4599
0 -3.71 13.15 0.7145
5.225 0.9 15.85 4.4769
6.25 -5.77 6.64 5.4263
2.225 -11.15 0.04 4.2011
0.25 -9.37 1 3.5467
0 -7.41 5.68 1.9707
0 -6.07 11.23 2.3246
0 -4.99 12.95 1.2067
0 -1.69 15.27 1.9805
0 -0.78 14.19 3.5983
0 -6.67 10.43 2.2039
0 -7.12 8.28 1.045
0.05 -2.37 12.43 2.9449
2.325 -5.37 11.09 3.8542
7.275 -7.97 3.78 3.5783
3.725 -11.73 2.91 4.9044
0.05 -6.65 4.02 2.5011
0.1 -4.97 9.34 1.2428
0.05 -4.09 10.84 0.775
0 -2.14 13.47 0.6377
1 0.09 16.09 1.4575
2 2.69 15.6 2.248
0.825 -6.91 10.69 2.5811
0.125 -2.66 9.83 1.7863
0.075 0.53 13.09 3.4215
0 -1.32 13.31 4.4908
1.675 -7.6 7.26 3.8255
1.35 -8.21 2.32 4.0975
1.2 -5.62 3.87 2.3831
2.45 -6.65 5.71 1.6818
6.075 -3.32 9.59 3.5185
9.8 -4.83 7.1 2.8399
4.1 -6.65 4.43 3.9326
0 -7.18 5.44 1.8972
0 -4.01 12.93 0.6834
0 -1.88 16.25 2.6986
0 3.42 15.86 2.9717
0 0.43 15.25 2.7445
0 4 17.92 2.9637
0 6.45 17.57 3.0467
0 5.67 17.01 2.1488
0 5.87 21.66 3.1867
0 8.09 22.04 3.1866
0 4.05 20.6 2.2404
0 5.66 20.41 4.1407
0 2.31 16.93 4.6635
0 -0.32 12.67 5.3381
0 2.22 9.74 4.2926
0 0 14.72 1.2369
0 2.18 17.49 1.6073
0 3.66 20.52 3.2693
0 1.17 18.94 3.2635
0 -1.78 13.35 0.7459
0 -0.5 18.01 2.2669
0 -0.66 16.04 3.3324
0 -1.5 15.59 2.5254
0 -0.56 17.35 1.3617
0 0.52 16.04 0.9041
0 3.53 20.1 1.526
0 3.5 20.61 2.163
0 5.52 17.91 2.598
0 3.06 18.2 2.2584
0 5.59 20.27 0.7127
0 7.11 24.23 1.3896
0 7.76 24.87 3.3471
0 5.43 23.95 3.0578
0 2.12 20.42 2.6949
0 2.99 21.28 2.7116
0 4.13 20.32 1.8542
0 2.56 19.38 1.0079
0 2.93 20.5 1.7765
0.875 5.36 23.41 2.3333
0.625 4.85 22.53 2.0287
0 5.19 21.76 2.082
0 7.38 23.43 2.0388
0 6.17 23.52 1.8256
0 6.77 24.26 2.5375
0 8.18 23.4 3.4233
0 9.45 24.7 3.6724
0 6.78 22.53 1.8795
0 7.7 24.94 1.0955
0.675 8.86 26.95 2.5688
0.475 7.57 22.23 2.8323
0 7.67 25.99 2.6441
0 7.98 26.86 2.1442
0 7.06 26.75 2.0875
0 6.85 25.62 2.806
0 5.76 24.4 1.0924
0 6.62 23.86 2.2549
0 7.58 25.35 1.9147
0.95 9.35 26.29 2.3234
0.675 7.68 23.92 2.6874
0 5.37 22.98 1.9275
0 4.56 23.54 2.3585
0 6.66 23.6 1.8898
0 5.65 23.8 2.3085
0 6.05 23.43 2.54
0 4.26 23.37 2.1326
0 5.16 23.74 2.4951
0 4.3 24.06 1.651
0 4.25 23.92 2.01
0 4.91 23.72 2.041
0 3.55 23.23 2.1477
0 5.25 22.58 2.5248
0.375 4.86 21.52 2.9233
0.225 3.79 18.07 2.152
0 2.97 20.6 2.0803
0 3.84 20.78 2.4642
0 2.18 16.38 1.0392
0 2.81 20.72 1.1349
0 4.66 22.33 2.0539
0 4.37 22.98 2.6705
0 5.33 22.92 1.1396
0 5.06 24.32 1.9268
0 6 25.19 2.0178
0 4.92 23.37 1.8901
0 3.53 23.23 2.2134
0 5.02 24.04 2.2171
0 6.22 21.21 1.8161
0 3.13 19.49 2.765
0 4.43 23.27 2.3365
0 5.75 26.83 0.7904
0 9.74 27.94 2.6181
0 7.33 26.93 2.7768
0 4 22.42 3.2089
0 2.09 11.78 2.2288
0 -1.34 11.53 2.3468
0 -1.19 14.77 0.9693
0 1.39 19.25 0.6041
0 2.26 22.34 0.5632
0 4.69 24.59 1.1285
0 5.27 25 1.5173
0 4.46 24.15 1.9422
0 1.34 22.09 1.4424
0 1.96 21.56 2.801
0 5.38 20.5 3.2229
0 -2.98 10.3 2.1378
0 -1.71 16.68 0.7947
0 -0.04 17.59 0.8659
0 1.14 19.83 1.0858
0 1.01 20.28 1.8772
0 -0.11 18.65 1.4856
0 -0.32 18.81 0.6317
0 0.12 19.22 1.176
0 -0.34 20.65 1.6943
0 0.02 20.13 1.5649
0 0.56 20.38 1.6698
0 -1.24 16.4 0.975
0 -2.26 17.86 1.0936
0 0.7 17.94 2.738
0 -1.27 14.2 0.8027
0 -0.8 17.84 0.4858
0 0.9 20.66 1.0448
0 2.34 23.88 0.4954
0 3.22 24.17 1.2059
0 5.16 25.26 0.4698
0 5.11 25.58 0.5103
0 3.75 25.31 0.3158
0.15 4.83 22.19 0.6124
5.8 4.33 19.74 1.4663
34 3.7 18.94 1.7754
43.75 1.29 10.9 1.5606
8.125 -0.82 4.18 1.2149
8.325 -3.94 6.28 0.8114
1.75 -3.62 4.33 2.2347
0.15 -5.39 6.86 0.8199
0 -3.64 11.52 1.7705
0 -2.69 14.16 1.7051
0 0.05 17.85 1.4546
0 0.15 16.4 2.5548
0 1 17.73 1.8519
0 0.36 18.02 0.9407
0 0.23 17.71 0.8675
0 0.86 17.74 1.4476
2.675 1.91 13.88 0.8954
2.2 -0.45 10.39 1.2634
0 -0.44 9.68 2.0175
0.35 -2.17 13.39 1.1845
0 -1.32 12.27 2.0882
3.725 -2.86 11.55 1.9191
17.875 -0.3 8.97 1.8353
44.1 1.45 6.29 4.7867
21 -3.77 7.25 3.9678
0.05 -6.08 5.71 1.5401
0 -9.64 5.15 3.1159
0 -8.48 5.46 3.3263
2.025 -3.71 10.32 2.0967
1.45 -3.98 11.39 2.0652
0.075 -5.67 4.88 0.8562
0 -5.19 8.98 1.8698
0 -4.41 12.04 3.4221
0 -2.8 14.59 3.2413
0 -0.65 16.29 2.2528
0 0.51 15.62 1.2042
0.35 0.05 14.47 2.447
18.075 -3.18 11.78 3.0884
12.45 -7.87 4.74 2.8877
1.575 -10.77 0.53 0.5893
1.95 -10.09 2.09 1.619
0 -9.65 0.31 2.635
0 -8.68 3.01 1.4724
0 -9.04 6.65 3.1977
0 -7.28 4.92 1.5018
0 -5.05 9.06 2.4183
0 -6.19 10.06 0.7859
0 -8.57 9.29 2.2126
0 -2.54 10.37 2.5705
23.75 -2.69 10.79 3.2301
42.025 -8.44 5.54 3.5076
27.15 -11.25 -1.92 5.4957
11.425 -10.76 -5.77 3.3561
12.675 -10.3 -2.3 4.6356
7.975 -16.54 -5.19 0.9842
0.425 -20.24 -6.05 3.3477
0 -16.81 -3.97 3.263
15.725 -12.5 -0.96 3.0467
9.8 -17.05 -1.48 3.0259
0 -19.6 -7.35 2.0739
0 -16.59 -8.46 2.9476
0 -13.36 0.12 2.1567
0.05 -9.43 4.82 2.4717
0.025 -2.31 4.26 1.7222
0.5 -3.69 6.14 1.6984
11.6 -7.24 3.91 1.9469
7.525 -6.18 4.46 3.2047
0 -8.48 1.26 2.3693
2.15 -6.79 3.88 1.7926
4.7 -3.09 5.44 1.1472
0.55 -2.87 4.06 1.4649
0.025 -4.17 5.39 0.5436
0 -7.79 6.27 2.2228
0 -8.11 5 1.5573
15.325 -6.54 5.89 2.0792
11.525 -7.7 3.24 1.8193
5.55 -9.5 -1.27 2.5917
46.825 -8.9 -1.63 3.3942
79.7 -7.52 -3.09 5.3688
77.625 -6.44 -0.04 6.3868
37.175 -8.6 -0.31 2.1802
16.375 -10.42 -7.47 1.9994
5.9 -11.51 -3.81 2.2063
2.975 -9.32 -2.62 0.4027
0.225 -10.49 -1.76 2.7785
19.275 -13.48 -0.31 5.1013
9.9 -10.4 -0.59 2.039
0 -11.99 -6.11 1.0698
33.55 -11.47 -4.56 2.2744
18.525 -9.41 -2.81 4.7146
0.875 -18.47 -3.3 2.864
2.725 -19.13 -8.92 1.1866
11.475 -17.8 -9.24 3.5621
17.825 -12.57 -8.02 4.518
26.75 -11.47 -8.02 2.5642
0 -13.69 -5.9 3.0449
0 -16.37 -8.17 3.7732
0 -14.56 -6.78 5.4368
0 -13.76 -6.24 3.9679
0 -14.35 -6.72 1.821
0 -14.73 -3.49 0.9863
0 -14.21 -2.22 3.3492
2.175 -14.6 -5.13 3.1517
6.425 -11.06 -3.25 1.5607
0.2 -11.18 -1.22 1.5939
0.1 -11.52 1 1.4284
0 -10.7 1.91 2.3523
0 -9.29 1.56 1.0746
0 -7.91 3.64 0.6344
0 -8.88 2.77 2.1189
0 -7.91 4.32 1.3072
0 -10.42 4.86 4.2837
0 -11.61 1.95 3.5826
0 -12.32 2.19 2.7734
0 -10.66 5.31 3.6331
0 -10.83 1.88 2.1362
0 -10.25 3.37 2.1437
0 -10.35 3.58 4.9307
0 -10.66 3.8 3.1217
0 -10.49 3.25 1.7674
2.925 -9.86 4.35 0.7048
13.175 -9.1 5.53 1.7784
4.625 -11.65 -3.35 1.7196
0 -12.72 -0.97 2.172
0 -16.54 -0.87 3.0839
0 -14.87 -1.19 2.1443
0 -11.86 2.02 2.9766
0.025 -9.98 5.38 1.7204
0 -7.7 6.56 1.946
0 -7.79 7.15 0.6358
0.075 -10.71 8.43 2.2735
0.05 -13.22 2.1 3.6654
0 -14.69 -0.4 3.8004
0 -13.27 1.36 3.8158
0 -11.23 4.45 2.5693
0 -9.29 7.57 1.4536
0.025 -7.88 7.25 3.2219
7.4 -5.72 5.38 3.9325
48.975 -8.06 5.18 6.2291
32.275 -11.9 -6 4.2471
51.125 -10.2 -6.45 3.2555
39.675 -9.86 -3.05 4.2727
4.475 -17.69 -5.16 0.8504
0 -17.56 -4.89 1.2052
0 -16.28 -5.28 0.3781
0 -15.9 -1.57 0.2419
5.075 -13.15 -2.31 2.4603
19.5 -10.36 -2.45 5.9732
22.675 -15.15 -6.02 0.6171
0 -18.06 -9 0.5062
0 -17.12 -4.77 2.1145
2.775 -14.59 0.19 1.7168
5.725 -10.91 2.14 3.3577
9.575 -7.53 2.39 1.9087
1.125 -11.55 1.3 1.407
2.075 -8.69 3.84 0.5875
13.125 -7.09 5.8 1.7794
24.95 -6.44 1.37 4.5669
0.075 -9.62 -0.17 0.7024
0 -8.29 6.08 1.5358
0 -6.73 9.15 1.3662
0.3 -6.41 8.37 1.0752
0.175 -7.07 7.22 0.7376
1.275 -7.93 8.15 0.8833
0.975 -4.75 4.6 1.1415
10.725 -4.48 8.23 1.3352
32.45 -3.75 9.01 3.0854
4.1 -9.96 1.52 0.941
27.675 -8.86 2.8 3.3164
47.325 -10.03 -2.37 4.9869
79.375 -8.61 -3.57 6.3739
12.95 -10.49 -4.34 2.8118
6.2 -12.18 -1.94 0.8474
12.875 -10.76 -1.94 4.3577
44 -11.43 -2.91 5.357
34.2 -13.16 -3.25 4.2422
17.025 -9.88 -1.51 2.9379
8.4 -8.63 -2.81 1.7261
0.1 -7.63 3.23 0.5263
0 -8.34 6.01 1.036
0 -6.95 7.82 2.1805
0 -6.19 9.89 2.1903
0 -4.42 14.3 1.6342
0 -2.35 17.39 1.4255
0 -6.32 12.92 1.2668
0.15 -7.13 9.97 2.0535
0 -4.84 12.73 1.5058
2.425 -5.05 12.59 1.3715
5.775 -8.61 10.1 3.6431
6.55 -14.43 -4.28 1.4026
3.125 -12.4 -5.96 1.5504
0.15 -11.94 -0.32 0.5801
0 -8.85 6.28 1.4448
0 -8.01 8 1.3356
0.525 -6.89 8.36 3.0284
0.45 -10.44 -0.44 0.6009
0 -7.31 7.07 0.761
0 -5.42 12.4 1.2833
0.025 -4.35 14.26 2.3692
0 -2.86 13.85 3.2635
0 -3.56 9.19 1.8709
0.475 -3.5 11.91 2.4105
14.35 -2.3 5.08 2.5795
3.35 -6.9 6.96 0.8468
1.925 -5.97 6.81 1.572
0.3 -3.59 6 2.7848
1.4 -4.77 4.2 2.6937
0.05 -7.58 6.4 2.7833
0 -6.01 8.72 0.8466
0 -4.13 12.16 2.6278
0 -7.46 9.94 4.6264
0 -8.61 6.08 3.7684
0 -7.55 6.99 2.0808
0 -4.92 10.42 0.6359
0 -2.4 13.59 0.8259
0 -2.31 15.36 3.1586
0 1.11 17.27 0.9398
0 0.66 17.92 1.7495
0 0.81 17.07 2.2094
0.5 -1.03 13.76 3.3145
1.35 -6.61 6.13 3.5639
4.775 -8.01 0.04 2.9571
0 -5.38 8.76 1.6884
0 -2.19 13.11 1.2155
0 -1.16 15.62 0.6186
4.1 -1.02 16.95 3.1108
11.075 -8.65 9.95 3.2253
4.1 -9.43 -0.79 1.1387
9.7 -6.73 3.06 3.4696
22.95 -7.86 1.24 2.5926
2.95 -6.59 2.63 3.7057
0.175 -6.23 8.21 1.8462
0 -1.65 13.57 1.9003
0 -1.86 12.96 2.7683
0 -3.92 12.12 4.3405
0 -5.31 9.74 2.418
0 -2.6 13.16 2.9657
0 -2.63 11.43 2.8697
0 -2.91 11.03 3.5411
2.45 -2.25 11.63 4.4586
8.525 -7.91 6.59 5.0034
1.875 -7.55 3.51 3.0168
0.5 -4.52 8.03 2.9985
0.925 -2.3 9.48 3.2524
1.575 -6.47 5.2 1.8376
0 -6.4 6.73 0.7104
9.4 -1.99 8.83 2.7528
19.575 -0.92 2.5 1.5771
9.3 -2.84 10.37 3.7845
0.375 -3.93 7.79 1.793
0.275 -2.67 12.23 3.0363
0 -0.86 14.16 1.5839
0 0.33 17.11 2.0743
0 0.73 17.16 2.9671
0 0.41 15.23 2.5863
0 1.3 16.67 2.7718
0 2.75 18.58 1.4497
0 3.64 21.55 1.903
0 4.13 20.69 2.4869
0 0.37 17.62 1.0414
0 1.4 16.59 3.0223
0 2.3 18.46 2.1001
0 1.96 17.37 0.2032
0 3.85 21.44 0.3368
0 5.59 23.71 2.4811
0 5.52 23.41 3.1425
0 3.17 21.03 2.7612
0 1.9 20.93 2.7506
0 1.69 19.57 2.1952
0 3.56 21.29 2.1196
15.5 4.62 21.39 2.9069
23.8 1.63 17.34 2.6367
5.825 -0.93 8.8 2.1931
0 1.94 18.25 0.6682
0 3.72 22.43 0.8915
0 6.2 24.25 0.8664
0 5.98 24.4 1.7594
0 6.63 23.7 1.8717
0 8.28 21.88 2.4384
0 7.67 23.15 2.9296
0 6.12 21.6 2.3246
0 5.77 22.73 2.5748
0 3.72 22.46 2.2493
0 3.97 21.58 2.4624
0 3.78 20.9 2.5184
0 3.23 19.96 3.2089
0 2.17 18.29 2.6186
0 3.92 17.35 3.1201
0 1.99 16.89 3.1566
0 2.26 17.6 2.0579
0 2.03 19.2 1.6082
0 3.15 20.84 2.0548
0 2.95 21.11 1.1591
0 3.44 22 2.3175
0 5.14 22.73 2.8884
0 5.72 22.04 1.8309
0 6.39 23.43 2.0918
0 4.75 23.89 2.2709
0 3.42 22.79 1.8146
0 3.98 22.6 1.7206
0 5.95 21.53 1.338
0 7.69 24.18 2.11
3.4 6.55 24.94 2.972
2.775 8.35 23.6 2.1633
2.225 7.72 18.93 1.6673
0 6.05 22.4 1.9946
0 6.6 23.48 2.1438
0 4.63 23.89 3.1199
0 4.36 21.42 2.2248
0 3.91 21.57 3.0921
0 3.72 22.4 2.4802
0 4.73 22 1.8305
0 4.18 23.09 1.8849
0 4.49 22.74 2.162
0 4.83 23.27 2.663
0 5.01 23.8 1.4773
0 5.96 23.58 1.4008
0 5.01 23.57 2.1798
0 5.18 22.15 1.557
0 4.36 21.28 0.9203
0 4.02 22.51 1.4765
0 4.62 24.16 1.2563
0 5.8 25.03 2.4965
0 5.28 22.7 2.0924
0 4.07 21.67 1.5531
0 3.05 21.43 1.1374
0 2.13 21.54 0.9924
0 5.63 24.71 2.0916
0 6.53 24.76 1.3952
0 5.68 23.89 1.0085
0 5.97 25.37 1.1901
0 7.51 25.3 1.5657
0 6.67 25.35 1.622
0 5.11 24.67 2.022
0 3.11 24.29 1.9306
0 3.57 21.91 0.753
0 3.29 21.86 0.8544
0 4.07 23.04 0.9045
0 5.12 22.66 0.8512
0 7.18 23.2 1.82
0 4.72 21.29 0.537
0 4.42 22.54 0.8916
0 5.97 23.45 0.7323
0.45 5.69 22.32 1.8732
4.425 4.05 21.23 1.1904
5.625 4.45 18.58 1.39
17.45 1.82 14.43 1.3055
6.175 3.68 16.74 0.6195
16.65 1.94 18.48 0.9939
0 2.99 17.26 2.4762
0 3.58 18.46 1.993
0 2.05 16.12 1.5889
0 1.45 17.18 0.2501
1.475 1.96 19.99 0.3141
1 4.08 21.91 0.8739
0 3.58 21.85 0.4229
8.1 4.13 22.47 0.4465
0 6.22 22.45 0.7915
0.225 5.24 23.46 1.6752
14.2 2.67 18.99 2.3625
0.15 1.03 14.08 1.61
0 2.06 18.34 0.4157
0 3.73 20.75 0.6582
0 4.91 20.17 1.0594
0.025 2.58 21.6 1.6296
0 2.48 20.97 2.6201
0 4.33 17.49 2.122
0 1.86 16.54 2.304
19.85 -0.17 13.15 2.4518
41.225 -3.41 9.22 4.0547
18.4 -6.37 3.65 0.6708
3.325 -8.19 3.58 0.9791
0 -6.55 6.74 1.3035
0 -4.76 10.24 1.3835
1.175 -2.18 12.26 1.7353
5.525 -0.48 9.06 1.7597
0 -1.72 14.39 0.9147
0 -1.16 16.41 0.6607
0 0.45 18.59 0.6565
0 -0.33 18.91 1.2656
0 0.07 16.21 1.8063
0 -0.06 15.77 1.9504
0 -0.41 15.44 2.073
0 -1.01 17.2 0.6245
0 -1 14.55 0.5932
0 -1.93 15.48 0.3825
0 -0.91 14.37 2.3201
0 -3.2 16.04 1.9427
0 -1.89 16.79 2.4412
0 -2.93 13.53 1.3802
0 -6.19 9.95 3.8243
0 -7.64 6.91 3.4849
0 -7.06 8.42 2.2417
0 -5.26 11.51 0.839
0 -4.7 12.91 2.3275
0 -4.47 13.68 0.1924
0 -4.23 13.83 3.3548
0 -5.31 8.55 4.1632
2.05 -8.77 8.79 4.0808
12.025 -9.92 8.72 1.944
5.475 -12.28 -3.56 0.4008
11.425 -10.33 -2.18 1.533
0.225 -10.06 -2.58 1.0398
0 -11.94 -1.02 2.3986
0 -11.49 1.41 3.3586
0 -9.98 4.36 2.9519
1.95 -7.28 4.31 3.1729
3.65 -4.51 1.86 1.0435
0 -6.29 4.12 0.2345
0 -5.29 6.21 0.4924
0 -8.38 6.46 0.4848
0 -8.37 7.2 0.8652
0 -7.68 6.45 1.2834
0 -8.68 7.28 3.5974
0.45 -8.08 1.86 2.2907
1.7 -8.05 0.08 3.8257
3.5 -11.17 -2.54 1.5088
0 -11.17 0.86 2.1532
0.2 -9.74 4.39 3.4467
0 -7.94 8.59 2.329
0 -8.99 3.83 0.8126
0 -8.79 4.7 2.9946
0 -7.13 7.31 2.3913
0 -7.49 6.59 1.0849
0 -6.63 7.67 1.9722
0 -8.7 8.53 3.21
0 -9.25 4.42 9.2961
0 -11.67 -2.31 3.97
0 -12.93 2.93 4.5798
0 -14.11 -0.89 2.7084
0 -13.39 0.8 3.5182
0 -14.29 -0.96 3.0198
0 -13.23 -0.26 3.689
0 -12.78 2.31 4.0199
0 -13.47 1.98 4.3734
0 -11.58 1.64 3.2405
0 -13.04 1.09 1.2679
0 -14.27 0.9 1.6524
0 -14.14 -2.68 1.454
0 -13.86 -1.51 1.0782
0 -12.22 -0.24 0.9274
0 -11.11 -1.93 5.9504
0 -11.27 0.6 4.9489
0 -13.8 0.9 2.6303
0 -11.6 2.91 4.7327
0 -14.74 -0.5 4.7332
0 -13.38 -1.43 3.4525
0 -16.37 1.14 4.5678
0 -15.83 -0.06 3.9176
0 -15.04 0.2 4.8982
0 -14.17 1.32 3.2397
0 -12.53 2.96 1.385
0 -11.69 4.86 1.1325
0 -10.19 3.3 1.1038
0 -7.89 8.34 0.9739
0 -8.48 6.53 1.369
0 -11.05 6.23 2.3839
