0.2 3.92 9.8 1.5955
3.175 4.72 7.65 0.9533
0.825 1.47 10.73 1.8427
0 -1.99 10.52 3.4104
0.85 2.21 8.84 1.7787
0.15 3.74 8.92 0.3337
0 1.08 8.53 1.4862
0 1.77 10.58 1.0419
0 2.57 13.12 3.9912
0 0.46 13.61 3.5517
0 -0.07 16.29 2.5112
0 0.52 16.86 5.2543
0 1.69 19.41 4.1351
0 1.53 19.96 3.7477
0 1.19 20.21 3.9047
0 2.59 20.34 4.9048
0 2.14 20.19 4.0823
0 2.19 20.58 4.5425
0 1.47 21.3 4.7538
0 1.92 20.58 3.3414
1.65 4.85 16.23 2.6684
8.775 9.64 16.08 2.1176
12.125 11.22 13.46 1.7
3.65 10.36 15.83 1.9613
3.925 5.86 13.99 3.2266
0.45 3.24 10.91 1.1396
0 0.62 12.26 1.1476
0 0.22 13.22 1.5999
0 1.44 15.37 3.9247
0 1.49 17.26 4.2969
0 2.14 19.32 2.7701
0 2.87 18.19 2.7567
0 3.04 18.92 4.0493
0 2.86 20.75 3.7902
0 3.03 20.83 2.9626
3.6 8.3 17.89 2.9097
4.7 8.79 14.46 3.2591
1.475 7 16.24 2.5596
6.175 4.87 15.73 1.297
3.4 4.2 12.65 3.1902
2 -0.48 11.94 0.3243
5.2 3.52 12.64 2.3876
2.275 4.19 12.42 1.3515
10.95 4.41 11 2.9434
3.75 5.11 11.86 3.611
2.275 7.52 12.14 6.4344
10.125 7.83 12.73 5.5078
6.65 7.27 11.79 4.5207
0.75 3.25 13.38 1.6264
0 2.72 16.94 3.5124
0 3.81 18.22 2.7378
2.375 3.74 16.78 3.6737
4.475 9.25 16.15 4.1837
6.075 10.73 17.35 3.0114
0.8 8.24 17.49 1.4024
0.275 9.27 18.45 1.5172
0.425 8.55 18.54 2.0579
0.05 4.9 17.11 0.4595
0 5.47 17.35 3.4846
3.525 9.87 17.34 2.9516
6.7 11.52 18.37 4.0721
15.3 9.41 16.33 4.9153
7.625 5.66 14.03 2.562
0.025 2.62 14.82 1.103
0.025 3.58 14.62 1.8663
0 2.51 15.29 0.3252
0 2.62 17.51 1.4361
0 3.95 13.86 2.751
0 0.6 13.94 0.6211
0 0.78 16.4 0.437
0 4.07 18.94 1.7248
0 3.95 20.27 1.7931
0 4.97 17.37 1.3864
0 6.29 19.18 2.0505
0 7.62 20.6 2.3485
0 8.45 20.75 1.1937
0 8.45 22.02 1.5464
0 9.36 24.9 1.4062
0 9.51 24.19 1.1055
3.4 8.49 20.24 1.5712
2.925 6.65 15.56 3.8618
0.4 3.13 14.4 2.4686
0 2.41 18.59 1.909
0 4.54 21.13 1.0845
0 8.38 23.67 2.192
0 9.97 24.32 1.8432
0 9.28 25.67 1.4644
0 9.56 21.21 3.5688
0 5.94 19.7 2.0535
0 4.36 21.53 0.6727
0 9.23 24.07 3.0674
0 8.01 22.64 2.6606
0 7.27 19.62 5.1549
0 4.65 18.99 1.8954
0 3.98 23.27 2.4079
0 6.43 26.84 1.8243
8.05 8.53 21.64 1.2387
3.25 8.95 18.76 2.5781
3.775 8.68 15.13 1.6945
2.225 8.94 16.97 2.4029
0.2 5.54 19.07 3.7937
0 7.18 22.15 1.8563
0 8.91 22.47 2.5481
0 8.3 17.7 5.127
0 4.73 16.2 5.5883
0 3.75 19.93 2.9643
0 5.92 24.15 1.5412
0 8.94 27.07 2.3093
0 10.03 31.2 2.3165
0 13.76 33.88 1.5058
0 14.49 34.44 1.3436
0 14.38 35.31 1.7024
0 12.11 28.18 2.1334
0 9.11 22.24 3.1369
0 4.68 21.53 3.3924
0 5.01 21.75 2.2486
0 7.06 21.67 2.2922
0 4.46 18.76 2.9478
0 4.9 20 1.9479
0 6.08 22.72 2.0571
14.9 11.14 22.27 1.6671
4.3 13.3 20.34 2.3515
0.3 13.92 21.45 3.2757
0.275 13.05 24.3 1.7244
0.25 15.68 26.13 3.256
0 13.38 27.77 1.7671
0 12.44 27.67 3.2128
0 12.75 28.34 2.2027
0 12.23 30 2.0731
0 12.39 31.27 1.6958
0 13.3 30.8 3.1994
0 10.91 27.77 3.4125
0 11.76 27.98 3.1377
0 12.98 29.45 3.337
0 13.86 31.35 2.4344
0 14.85 35.64 1.3084
0 18.42 39.28 0.2301
0 18.94 38.05 2.0738
0 17.21 33.59 2.2566
0 13.38 30.09 1.5646
0 12.84 31.97 1.2341
0 12.81 32.24 2.4493
0 12.35 29.62 2.9825
0 10.86 27 2.8015
0 10.35 29.53 2.386
0 14.1 32.78 1.8536
0 16.98 35.16 1.2126
0 17.68 35.89 2.2871
0 16.41 33.5 2.4485
0 14.41 31.7 2.8621
0 14.1 30.18 2.3674
0 13.78 29.07 2.4076
0.075 14.72 28.1 2.3794
0.25 15.27 28.53 0.5747
0.425 13.02 26.75 2.1837
1.425 13.05 22.97 2.8956
0.85 11.46 24.46 1.8412
0.275 11.94 27.08 2.6085
0 12.65 28.42 2.6329
0 11.94 27.1 3.3712
0 13.41 25.88 2.9825
0 12.68 26.37 3.4476
0 13.05 26.62 2.6226
0.375 15.05 26.7 3.3513
0 13.06 26.7 2.3266
0 12.91 26.38 2.4873
0 13.4 29.23 2.8444
0 14.1 29.48 3.2257
0 15.08 34.29 2.2965
0 17.23 34.39 2.9715
0 12.39 30.67 3.311
0 10.73 27.7 3.4267
0 13.2 30.8 1.6516
0 14.36 34.45 0.7697
0 16.74 36.92 1.6448
0 15.68 35.42 2.6155
0 14.64 33.83 1.9308
0 17.46 38.51 1.0579
0 20.54 41.97 0.9469
0 20.91 41.66 2.7065
0 18.14 38.83 2.6694
0 17.76 36.86 2.2351
0 16.73 37.1 1.8694
0 15.91 37.1 2.653
0 16.09 35.11 2.4018
0 15.54 32.8 2.5784
0 13.22 31.93 2.4199
0 13 32.56 2.5733
0 13.46 32 2.6737
0 14.23 31.62 2.7223
0 13.5 32.35 2.0654
0 17.05 32.27 1.7701
0 18.4 33.45 2.2073
0 16.51 34.67 1.6879
0 17.23 37.97 0.6814
0 18.47 39.03 1.5775
0 19.51 39.16 1.6856
0 19.67 39.73 1.6673
0 21.35 40.6 1.9688
0 21.22 41.04 1.433
0 20.52 39.57 2.4089
0 18.44 36.95 2.531
0 17.38 35.29 2.5057
0 16.59 35.53 2.1292
0 15 33.38 2.0669
0 14.28 34.26 2.1295
0 16.54 37.02 1.9357
0 19.43 38.61 2.0725
0 18.97 36.72 2.4608
0 17.37 34.83 3.0018
0 16.59 33.57 2.795
0 16.51 34.02 2.9955
0 17.51 34.67 2.6949
0 15.71 33.07 2.7211
0 14.92 31.59 2.2213
0 15.08 32.29 1.7741
0 16.03 32.21 2.0605
0 14.55 28.15 2.6816
0 13.24 27.67 1.9241
0 14.19 31.62 1.7434
0 16.19 35.05 0.9736
0 18.19 37.1 1.3522
0 19.28 36.48 2.8874
0 17.08 37.43 2.7954
0 18.42 35.35 3.1561
0 16.87 32.13 3.1905
0 12.65 32.57 1.7192
0 14.31 34.49 0.7641
0 15.89 35.11 1.0551
0 16.25 35.6 0.8732
0 17.22 35.86 1.3714
0 15.55 33.38 2.3705
0 16.32 36.4 2.0759
0 18.89 36.85 2.2152
0.075 18.77 34.57 2.4842
0.025 14.22 32.06 1.5276
0 14.19 33.65 1.4438
0 15.27 34.52 0.3428
0 15.86 36.07 1.6532
0 15.98 37.89 1.7276
0 18.25 39.08 1.5537
0 18.32 38.89 2.3835
0 17.3 33.87 1.3405
0 16.74 35.46 0.5559
0 19.6 36.56 0.67
0 19.92 38.62 1.8138
0 17.44 36.02 2.5192
0 13.13 31.72 2.0537
0 14.84 29.4 2.1401
0 13.78 29.97 2.0361
0 13.5 31.97 0.7056
0 14.68 33.14 1.0648
0 16.51 35.68 0.5305
0 16.85 37.34 1.1408
0.325 17.33 33.43 2.1205
0.125 14.59 28.56 1.9163
3.075 15.14 26.32 2.4634
0.225 13.71 28.08 1.7945
0 14.75 30.92 1.9066
0 15.16 32.91 0.9128
0 16.06 36.12 0.8545
0 17.95 35.82 1.8068
0 16.17 33.54 1.055
0 16.36 35.14 1.7235
0 17.01 36.64 1.9545
0 16.18 36.78 1.2083
0 15.85 36.16 0.6922
0 15.45 35.78 0.8115
0 15.78 37.29 1.1189
0 16.4 37.6 0.401
0 17.44 34.03 1.7791
0 14.35 26.16 2.5155
0 8.41 23.05 2.4891
0 9.43 25.94 2.2831
0 8.3 28.09 0.8419
0.025 10.32 25.62 3.2458
0.025 7.6 20.84 3.355
0 6.25 20.45 0.3763
0 5.82 22.83 2.2397
0 7.65 26.49 1.1285
0 8.81 24.51 1.4007
0 8.4 25.22 0.6518
0 9.11 25.78 0.4036
0 9.44 23.78 1.6691
0.825 9.05 21.72 1.9142
28.25 12.05 18.16 6.8829
8.725 15.22 22.84 4.0977
0.25 17.22 26.17 1.1327
0 15.39 26.89 2.3418
0 13.98 26.73 1.216
0 15.11 26.04 1.5987
0.25 10.52 20.68 1.9256
0.1 9.76 20.05 1.5864
0 8.74 22.11 1.1224
0 10.25 23.62 0.8448
0 10.73 25.3 1.3274
0 11.38 26.17 1.4682
0 11.82 25.45 1.5368
0 10.45 26.51 1.2038
0 11.27 20.84 4.6717
0 7.39 18.46 4.8249
0 4.18 18.45 0.7664
0 4.64 20.63 0.2204
0 5.9 22.52 0.8743
0 7.25 23.78 1.0129
0 8.22 25.13 1.2282
0 8.6 25.55 1.1295
0 8.45 26.19 1.7399
0 8.5 23.48 2.38
0 7.95 22.42 0.4624
0 9.3 20.03 1.8955
0 5.33 19.1 1.965
0 4.09 18.32 1.0241
0 6.74 18.64 0.8496
0.1 7.71 17.91 0.5558
0.55 8.14 17.34 2.1399
0.225 3.55 16.24 1.5168
0 3.28 16.4 1.2245
0 1.47 17.51 2.5312
0 1.87 19 1.8833
0.575 2.58 20.16 1.0952
0.275 5.4 17.81 2.2672
0 1.25 15.6 2.0999
3.925 3.16 17.7 3.2276
1.8 3.04 14.1 1.3083
0 1.85 16.87 0.4371
0 3.84 15.68 1.8489
0 2.08 17.05 3.3891
0 1.85 19.57 3.5754
0 2.98 20.87 2.3078
3.075 5.34 16.94 1.1173
0.425 6.82 17.75 5.0686
0 1.64 16.46 4.6064
0 1.31 16.46 3.7784
0 1.47 17.59 1.4085
0 1.07 16.25 1.7376
0 0.84 15.16 1.7201
0 1.14 15.78 1.8831
0 1.71 13.37 1.185
1.25 -3.06 10.62 1.81
9.9 -1.25 7.81 0.734
1.225 -4.1 7.59 0.4479
0 -3.09 7.68 1.9349
2.975 0.03 9.19 3.3359
11.575 4.52 11.51 3.1412
12.05 8.59 12.91 3.8811
6.725 7.11 13.46 3.7684
1.7 6.06 13.81 0.5625
0 4.44 14.57 3.3311
0.8 6.95 15.21 2.7746
0 6.17 13.21 2.215
0 5.31 12.1 2.6719
0 4.21 10.6 4.0343
0.125 4.22 14.19 2.8365
6.45 6.32 14.57 1.6579
2.1 4.67 12.43 3.7079
0.025 1.14 10.46 2.1215
0 -1.18 11.32 3.8348
0 -0.47 14.49 3.9661
1.65 1.6 12.11 4.0908
3.95 4.2 13.08 2.0995
1 5.22 10.14 2.8659
1.3 3.43 12.29 0.7553
0.525 7.52 13.91 1.3902
0 6.11 12.05 2.6349
0 5.55 14.33 2.139
0.05 4.59 13.05 1.2135
0 6.09 12.11 3.8864
0 3.35 14.43 2.9437
0 3.81 12.56 2.947
0 3.95 10.53 3.1125
0 2.36 9.89 2.4535
0.425 4.43 10.87 2.8786
0.2 5.92 11.24 2.4555
0.025 5.3 7.25 2.372
0.05 5.52 8.8 3.2243
4.275 6.38 15.29 4.6575
9 9.07 17.76 2.0122
0.125 4.02 15.1 1.1159
0.05 3.62 12.1 3.1902
0.05 5.91 14.27 2.6055
8.85 5.86 14.57 2.7484
12.675 9.03 15.05 4.9725
18.375 8.41 12.34 5.5735
15.275 7.43 12.43 6.5012
15.95 4.85 9.65 3.8264
5.975 3.04 10.47 3.4779
2.425 2.71 10.6 0.9691
0.2 1.82 10.37 2.4842
2 5.16 11.02 4.3665
1.7 7.47 11.72 3.0597
0.05 4.84 14.11 1.1465
0 3.37 13.95 2.4963
0.625 4.98 15.68 3.1637
0.925 6.04 16.1 1.1195
0.15 3 13.41 1.3248
0 2.9 15.68 1.733
0 5.65 13.74 2.1137
0.525 3.95 16.97 0.6185
4.25 6.9 15.14 3.0319
1.975 9.51 16.35 3.4402
8.05 9.33 12.92 1.6411
1.75 7.25 12.43 2.5783
1.425 7.98 13.22 1.1628
7.475 7.47 11.54 1.5075
0.425 2.95 13.94 0.7723
0 5.55 14.41 1.133
0 5.82 17.14 1.3558
0 4.77 18 1.436
0 3.81 18.78 1.5363
0 4.38 19.41 1.3272
0 6.46 19.43 1.7649
0 6.77 20.29 2.3242
0 6.51 19.92 0.9039
0 8.49 16.33 1.0525
0.7 7.25 15.4 2.1677
5.9 7.3 11.72 2.8428
0.65 4.38 12.91 1.8746
22.85 4.43 11.4 3.7442
5.5 7.92 14.35 2.5914
0.7 6.32 15.7 0.862
8.625 6.89 17.59 4.4549
4.375 8.7 16.02 1.1792
0.15 4.38 16.78 0.4237
0 5.96 17.59 2.0159
3.15 7.2 16.18 2.6968
13.35 7.06 10.99 3.2026
4.7 4.84 13.22 2.651
0.025 2 13.49 1.19
0 6.17 16.16 2.3018
0.1 4.95 18.79 1.2256
0.15 5.67 14.84 2.6892
0.725 2.54 12.27 3.7352
0.95 3.09 12.51 2.3149
0 1.04 15.35 0.2329
8.85 3.82 14.27 1.9783
3.2 2.78 14.11 2.5286
0 2.46 16.09 2.2816
0 3.36 18.62 3.3685
0 5.96 23.87 1.2817
0 9.49 24.44 1.0519
0 8.22 23.71 2.7628
0 5.5 25.38 2.0891
0 6.69 24.93 1.6353
0 7.59 22.7 0.3839
0 8.41 20.86 1.8886
0 7.38 22.03 1.6734
0.05 5.76 22.72 1.5392
0.275 6.44 19.23 2.1133
0.125 4.46 17.83 2.3456
0 4.06 20.43 2.2783
0 5.98 23.91 0.9136
0.225 6.94 24.02 2.2845
3.5 6.71 18.37 4.8614
2.175 5.22 14.32 2.6034
0.15 4.03 15.1 0.9241
2.925 3.41 14.33 1.9413
1.075 4.23 13.86 1.7879
10.625 3.66 13.24 2.7845
5.975 5.62 14.32 2.7102
0 4.81 16.99 0.9439
0 3.92 20.13 1.943
0 6.69 21.64 1.0665
0 8.24 21.62 1.1676
0 7.95 18.62 2.0273
10.825 8.06 14.67 4.5804
9.55 7.58 15.34 4.2967
2.375 5.16 16.16 1.0909
0 6 18.55 0.7484
0 6.66 20.51 0.8947
0 8.3 22.03 1.8436
0 8.24 22.99 1.5629
0 7.78 25.1 1.1746
0.65 10.67 24.97 1.4946
18.65 8.17 17.34 2.3352
8.575 6.33 11.8 3.3948
1.225 7.03 14.15 2.184
0.05 7.18 19.32 1.392
0 9.17 23.71 1.2518
0 10.82 27.05 1.3406
0 9.28 27.97 0.9418
1.2 10.13 22.02 3.6793
1.25 5.95 15.81 4.4894
0 5.78 17.75 3.6625
0 6.66 19.32 3.5036
0 7.44 23.53 2.2169
0 10.41 26.07 2.0321
0 9.55 29.46 1.027
0 11.19 26.54 2.3476
0 9.35 23.59 3.9072
0 7.76 22.64 2.4322
0 6.92 25.19 0.9098
0 8.46 24 2.7644
0.225 8.55 19.61 3.6261
3.4 8.35 16.73 2.8073
1.35 4.85 18.67 3.5893
0 6.66 23.83 2.1528
0 8.99 26.45 1.0606
0 10.46 28.05 0.8422
0 10.78 28.92 0.6892
0 11.9 27.43 1.2335
0.5 11.4 21.7 1.7695
0.3 12.99 22.66 1.3111
0 11.97 23.53 1.5389
0 10.57 23.89 3.5364
0 8.48 20.4 4.3037
0 6.12 17.86 3.6093
0 7.13 20.24 4.233
0 7.73 21.29 2.2636
4.35 8.48 20.52 1.5414
3.15 9.38 21.87 2.5044
3.325 10.08 19.33 2.1826
0.9 6.9 20.08 3.1348
0 10.63 25.16 2.075
0 10.6 29.64 1.0012
0 14.62 29.21 2.5412
0 13.71 26.3 2.9709
0 13.09 29.46 2.484
0 15.52 29.46 2.4643
0 16.77 30.26 2.4315
0 16.89 32.16 2.0103
0 17.44 33.14 2.9368
0 15.54 30.75 3.2325
0 13.86 30.35 2.9359
0 13.82 27.56 3.5872
0 10.7 25.26 4.7331
0 13.4 27.7 4.9998
0 14.11 31.61 3.4567
0 14.93 34.62 1.0389
0 15.37 35.37 1.8688
0 14.2 31.38 2.7774
0 11.89 29.15 3.1246
0 11.43 30.18 1.8244
0 11.97 28.87 2.557
0 9.82 26.3 2.9929
0 9.27 27.08 2.7424
0 11.92 30.11 2.0701
0 13.36 32.73 1.4145
0 16.32 33.97 2.1883
0.575 15.5 31.69 2.2112
0.85 13.95 29.81 2.85
0 15.46 32.49 2.6883
0 18.74 36.45 1.4166
0 20.34 38.91 1.8465
0 19.51 36.99 2.8921
0 16.46 33.91 2.9542
0 12.16 31.7 2.8194
0 13.79 30.81 3.0123
0 15.13 32.48 2.5168
0 15.13 34.94 1.05
0 16.2 35.51 2.0576
0 15.08 32.65 2.6936
0 14.05 32.49 2.5507
0 15 33.94 2.6999
0 15.54 34.88 2.4061
0 16.22 37.4 1.8452
0 17.29 36.13 2.0803
0 17.44 34.4 3.029
0 15.71 32.73 2.9804
0 16.78 34.86 1.9475
0 20.29 37.64 1.8058
0 21.24 39.16 2.6992
0 20.7 38.91 2.67
0 18.98 38.99 2.5604
0 17.21 37.4 2.2376
0 16.36 35.27 2.0661
0 15.62 33.38 2.1252
0 13.5 33.99 1.0759
0 15.35 35.11 2.3093
0 16.97 36.22 2.2581
0 17.86 35.61 2.7203
0 15.7 32.58 2.6711
0 14.59 30.75 1.8764
0 13.17 30.43 2.21
0 13.73 32.89 2.1433
0 15.09 33.76 2.2733
0 14.41 33.59 2.2121
0 13.86 33.61 1.956
0 14.76 34.4 2.2558
0 14.32 34.72 1.4103
0 15.45 34.48 1.951
0 14.13 32.89 2.0048
0 14.02 33.21 1.9801
0 14.19 33 2.4237
0 15.54 31.46 2.6396
0 14.51 31.56 1.783
0 14.98 31.95 1.7114
0 13.79 29.34 2.0372
0 12.92 30.91 1.2793
0 15.91 32.19 1.722
0 14.84 31.64 2.5541
0 14.28 32.08 2.8482
0 15.13 35.02 1.3765
0 15.86 33.79 1.4527
0 14.51 32.6 1.5204
0 13.53 33.61 1.9732
0 15.22 34.32 2.2453
0 14.19 31 1.6376
0 12.21 31.48 1.8704
0 13.57 33.21 2.1517
0 15.6 37.65 1.6536
0 17.82 41.05 0.4767
0 19.02 37.26 1.9005
0 15.49 33.54 2.2924
0 11.38 27.89 2.5679
0 11.4 25.48 2.3693
0 11.51 26.53 2.5576
0 12.11 29.56 1.6188
0 13.15 31.93 0.8929
0 15.56 36.13 0.2324
0 16.16 37.8 1.2843
0 15.97 36.69 1.0787
0 17.2 35.27 2.2012
0 15.62 34.09 1.1475
0 14.69 33.66 1.9219
0 12.94 29.3 2.6074
0 9.69 24.06 2.0026
0 10.81 27 0.7717
0 11.73 30.33 0.5321
0 13.26 33.41 0.9826
0 13.39 31.3 1.4845
0 11.79 31.08 1.386
0 11.4 31.07 1.3191
0 12.15 31.69 1.9356
0 13.27 31.18 1.5575
0 14.2 30.82 1.3524
0 13.33 28.77 1.2029
0 12.91 28.67 1.5169
0 12.47 28.22 1.3229
0 10.18 26.86 2.6338
0 9.79 26.31 1.4286
0 11.5 29.92 0.776
0 12.67 33.87 1.0756
0 15.9 35.92 0.947
0 14.31 37 1.2178
0 16.43 38.05 0.8053
0 17.16 38.59 0.5979
0 16.66 37.35 0.4676
0 16.72 34.83 0.5721
1.275 18.01 35.4 0.924
4.225 18.62 35.72 1.2951
3.475 14.07 26.13 1.6989
1.025 14.14 21.04 1.0965
0.375 10.31 21.94 0.7507
1.325 11.79 22.78 1.7076
0.025 10.47 24.48 0.8553
0 11.13 26.82 2.033
0 11.29 28.84 1.7319
0 14.33 30.34 1.7121
0 14.9 30.77 1.9443
0 14.77 32.97 1.2849
0 14.08 34.89 0.5163
0 13.77 34.46 0.3302
0 15.39 31.94 0.8855
1.8 15.65 28.99 0.923
0.725 10.48 22.35 1.1722
0 10.68 22.86 1.532
0 10.67 26.25 0.7543
0 11.23 25.43 1.7801
0.975 10.79 22.61 1.5122
5.775 12.33 21.81 1.6631
12.225 13.69 19.31 4.4952
8.825 10.47 18.62 3.2443
0 6.99 19.47 1.8433
0 4.37 20.08 2.6198
0 5.74 23.3 3.3977
1.375 9.75 23.03 2.2987
2.8 11.47 23.89 1.793
0.425 7.58 18.93 1.0572
0 7.58 22.55 1.8941
0 7.88 24.15 2.8105
0 9.37 25.95 2.4649
0 10.29 28.16 1.6273
0 11.54 29.03 1.1229
0 11.1 28.04 1.9386
7.475 9.68 20.94 2.94
4.8 6.31 15.64 2.5516
0.975 3.14 17.13 0.4858
0.625 6.13 17.12 1.6781
0.025 4.99 16.82 2.4122
0 2.9 18.23 1.3956
0 4.87 18.22 2.9601
0 5.05 20.08 1.8034
0 6.6 21.87 2.6606
0 6.72 21.68 1.2864
0 6.05 22.17 1.7173
0 5.62 22.31 1.4946
9.95 6.5 19.04 2.1073
18.5 5.12 12.62 2.8338
10.875 4.26 12.76 4.5961
4.8 4.94 11.54 2.5875
7.65 5.72 12.14 3.5084
3.9 0.61 9.16 1.3341
0 -1.28 10.32 2.868
0.4 -0.77 12.59 3.2417
7.25 2.8 12.19 2.3475
3.775 3.32 12.47 2.3997
0 -1.22 12.32 2.329
0 -0.97 11.44 3.0246
0 0.35 12.51 2.253
0 1.66 13.58 2.6784
0.05 4.96 13.23 1.2861
1.575 7.63 15.93 2.5588
8.35 8.19 16.81 2.7817
4.55 8.68 19.17 3.5101
0.05 4.42 17.93 2.125
1.325 6.04 16.19 2.1275
0.975 8.78 16.17 1.1391
0.2 9.36 17.98 1.3235
0.025 10.32 17.67 0.4233
0 9.82 16.3 2.4152
0 8.79 15.8 1.365
10.125 8.66 12.99 1.5649
5.3 4.86 13.59 1.4354
1.35 2.55 11.75 2.1741
16.325 4.76 11.88 3.6567
16.95 8.94 13.62 5.2139
11.1 11.01 15.04 5.7214
5.9 7.52 13.79 2.3292
4.625 4.97 10.42 2.8574
8.45 7.71 14.16 2.1137
2.525 7.76 14.24 0.3852
0 4.3 13.54 3.0309
11.65 6.27 15.12 5.4546
4.85 4.49 16.22 1.8712
0.05 4.07 14.1 0.741
22.95 3.75 13.11 2.0923
17.825 7.1 12.11 4.1863
1.275 0.01 10.03 2.3361
0.175 -2.34 9.53 1.4485
9.675 0.99 10.36 4.5043
17.45 3.5 9.48 4.986
2.725 4.86 9.94 2.4004
0.1 0.48 9.34 3.1509
0 0.42 10.45 3.7585
0.05 1.65 8.68 4.8761
0.05 1.78 7.46 3.0787
0 2.44 9.29 1.566
0 0.59 5.38 1.6303
0.3 -1.99 7.59 2.8712
1.825 1.21 8.25 3.4852
0.575 4.03 14.37 2.3364
0.525 2.75 14.14 1.5476
0.25 6.28 13.57 1.2671
0 3.81 13.98 2.6625
0 6.32 12.78 1.1313
0 7.65 12.54 0.9662
0 7.98 14.47 2.5708
0 3.63 11.87 1.6992
0 1.84 15.01 4.0166
0 3.17 18.14 3.5813
0 4.07 17.06 2.5809
0 4.2 17.42 3.9906
0 2.35 17.7 1.6902
0.1 3.89 14.29 2.0688
0 3.92 13.19 4.8515
0 4.93 15.47 3.4617
0.15 4.14 13.35 1.6975
3.475 3.26 12.07 0.4739
5.45 5.19 14.85 1.8083
0.825 3.38 13.28 1.2446
0 2.03 13.11 1.4972
0 0.44 14.95 3.0063
0 0.62 14.44 1.9733
0 1.65 16.14 2.3823
0 2.64 17.37 1.7666
0 3.62 19.03 2.0011
0 4.99 20.57 0.8299
0 5.16 21.42 2.3593
0 0.8 15.39 3.2929
0 0.62 16.69 3.681
0 2.22 18.21 3.9029
0 1.84 20.45 2.9643
0 1.9 22.17 1.0385
0.15 5.81 19.65 3.7751
5.75 8.76 17.82 4.411
7.525 8.17 17.52 5.4459
19.525 4.63 10.86 4.5981
21.775 4.23 8.46 2.7344
8.25 2.39 10.67 2.906
0.875 1.73 12.19 0.7615
0 2.41 12.25 1.0032
0 1.35 13.3 0.5398
0 1.15 15.32 0.7262
3.05 1.72 13.05 2.0414
9.05 4.74 11.57 5.1464
3.05 -0.98 10.23 1.0834
0.025 -1.85 10.89 0.3497
0 -0.86 14.04 2.1594
1.7 0.12 15.95 1.8066
3.7 4.33 16.69 3.8827
2.175 8.36 19.22 1.1577
0.025 3.39 18.86 1.3969
1.775 5.63 18.07 0.7434
8.95 7.68 19.29 1.7369
4.725 7.68 15.7 4.3065
0.575 6.13 16.66 0.4235
0 5.67 18.97 1.4051
0 7.22 20.63 0.6397
0 5.8 17.95 1.4891
0 5.18 18.24 0.615
2.625 7.22 19.1 1.195
1.375 11.18 20.72 1.1492
5.775 10.11 22.13 1.2908
4.925 11.34 22.69 2.0726
0.525 4.99 18.4 0.9486
7.9 3.95 16.63 3.4638
13.9 4.51 13.52 4.7066
30.6 6.37 11.64 5.1818
15.55 4.44 10.77 2.2582
2.05 2.89 14.17 1.4895
5.9 5.25 15.28 5.1697
15.825 6.75 12.16 5.3558
8.85 4.25 12.15 3.5545
10.75 6.85 13.85 3.0312
3.175 5.48 14.35 1.2917
0.025 7.83 16.58 0.8656
0 5.67 19.8 1.769
0 8.03 21.93 2.2737
0 10.22 25.3 2.3942
0 10.38 27.26 1.7022
0 12.83 28.86 1.1931
0 8.35 21.13 1.6281
0 5.98 24.02 1.6668
0 8.36 25.02 1.6288
0.55 8.85 24.28 2.1607
5.775 6.21 20.05 3.4416
2.35 2.76 13.12 1.5613
0 1.98 15.65 1.4373
0 2.97 18.61 0.6005
0 5.5 18.66 1.842
0 5.31 19.89 1.891
0.075 4.44 18.48 2.5996
0.025 4.08 16.53 0.7237
0 5.41 21.27 0.8059
0 8.55 24.28 1.8544
0 9.85 25.33 2.3884
0.075 11.43 23.83 2.4647
0.025 12.76 22.31 1.5865
0.225 12.76 22.75 1.9624
0.325 12.15 22 2.0478
0.725 8.5 20.84 1.0605
0.375 7.39 21.41 1.0656
0.1 9.11 21.69 1.9086
0.05 8.75 21.88 2.0706
0 6.49 21.63 2.9141
0 6.05 22.73 1.2353
0 7.79 23.41 2.4339
0 8.27 22.07 4.799
0 6.35 21.7 3.558
0 6.06 25.48 1.7136
0 8.55 28.3 0.5101
0 9.81 28.1 1.1652
0 11.32 29.36 2.8776
0 12.58 32.43 0.8586
0 11.29 29.75 1.649
0 8.56 26.14 2.0548
0 10.09 24.84 2.8404
0.525 5.98 18.99 3.2061
0.275 6.5 22.03 2.6926
0 8.08 25.35 1.922
0 9.38 26.95 1.4159
0 9.56 27.23 0.9933
7.05 9.77 24.6 2.6654
5.525 7.27 18.7 2.4056
1.15 5.79 16.33 1.4626
6.8 8.02 16.91 3.3958
4.8 9.24 17.2 2.2233
0.175 7.28 22.22 3.0223
0 9.09 26.2 1.9111
0 10.99 27.24 2.3572
0 9.63 26.07 3.3707
0 8.38 22.83 4.6669
0 7.58 23.48 2.6487
0.575 10.19 23.17 2.5258
0.275 7.79 22.55 2.2901
0 9.55 22.61 3.0579
1.825 8.53 23.19 4.0776
0.725 7.89 20.87 4.7652
0 7.83 22.14 2.6643
0 8.02 23.62 2.2858
0.325 11.47 22.01 2.6081
0.15 7.1 20.41 1.6315
0.375 7.65 21.83 0.5158
12.3 9.01 20.47 3.4908
13.325 13.28 22.27 0.9625
9.35 12.02 22.76 3.0262
0.025 9.88 23.37 2.3014
0 11.22 26.77 3.11
0 12.09 29.68 1.8921
0 12.52 29.72 2.8915
0 11.78 26.2 3.2634
0 11.48 28.38 2.7762
0 12.84 30.03 2.7637
0 15.37 32.81 2.3894
0 16.79 34.1 2.1956
0 15.95 33.35 2.8253
0 13.76 31.25 1.921
0 13.36 31.62 2.753
0 14.42 32.25 2.2508
0 15.92 33.42 0.6658
0 18.33 36.93 0.8216
0 19.87 38.66 2.4612
0 16.29 36.98 2.472
0 14.46 33.63 2.5439
0 13.14 32.36 2.7213
0 13.83 32.18 2.5784
0 14.61 33.79 2.6217
10.55 16.13 32.96 2.097
6.5 13.38 25.33 2.2607
0 12.15 27.21 2.4412
0 13.86 30.92 1.7058
0 15.78 33.99 1.1941
0 16.74 37.74 0.8936
0 19.04 39.05 1.5438
0 19.65 39.52 1.7605
0 20.46 39.44 2.4984
0 20.41 39.6 2.587
0 19.08 37.99 2.0533
0 18.05 38.01 2.5071
0 15.02 36.26 2.2703
0 14.13 34.07 2.3081
0 13.48 32.83 2.4242
0 14.08 32.4 3.0584
0 13.43 30.05 2.7603
0 13.01 29.28 3.3439
0 13.15 29.54 3.0098
0 12.96 29.65 1.942
0 14.43 31.4 1.0981
0 15.66 32.31 1.9469
0 15.98 32.38 1.738
0 16.83 35.79 2.3176
0 16.7 35.9 2.7193
0 17.43 35.47 1.9269
0 17.3 35.78 1.6912
0 16.29 35.93 2.0851
0 14.64 35.14 2.0586
0 15.17 35.42 1.7431
0 15.88 36.23 1.8079
0 16.89 37.49 2.5179
0 16.74 37.22 2.9517
0 19.12 37.61 1.9741
0 17.51 34.61 1.2712
0 15.85 34.96 1.7646
0 15.66 35.19 2.0482
0 14.05 33.7 2.9299
0 13.62 33.13 2.4307
0 15.1 33.86 2.9329
0 16.49 33.27 2.3649
0 14.43 33.47 1.8249
0 13.99 34.28 1.9364
0 15.36 34.82 2.2362
0 14.8 34.45 2.623
0 14.87 33.36 1.9716
0 16.47 34.46 1.2674
0 16.59 35.2 2.0689
0 14.76 34.64 1.6622
0 14.25 34.41 1.5908
0 15.5 35.26 1.8487
0 14.67 35.02 1.9635
0 14.62 34.21 2.7029
0 13.38 33.3 1.8421
0 14.19 33.13 1.2366
0 13.88 32.18 1.1296
0 15.96 35.49 1.0636
0 16.57 36.08 1.9113
0 15.77 35.52 1.1606
0 16.95 35.94 0.6649
0 17.32 35.81 1.0286
0 17.11 36.62 1.2952
0 16.85 36.59 1.8417
0 14.75 34.89 1.7126
0 14 33.34 1.6566
0 14.75 32.98 0.7942
0 15.43 34.59 0.4984
0 15.6 35.69 0.9053
0 15.47 34.89 1.0309
0 15.1 35.17 1.7943
0 14.47 35.13 1.027
0 16.77 37.15 1.1732
0 16.06 36.49 1.2162
0 15.59 36.01 1.4513
0 17.58 36.68 0.7543
0.1 17.48 33.33 1.5776
0 15.82 30.66 1.6012
0 14.98 33.25 0.7768
0 16.72 33.65 1.529
0 15.24 33.16 2.3547
0 13.18 31.13 1.7223
0 11.47 30.36 1.7985
0 13.02 30.82 0.6071
0 14.45 33.47 0.4159
0 16.1 35.82 1.1038
0 15.61 36.68 0.7481
0 17.92 36.9 0.4854
0 16.55 37.47 0.592
0.05 19.49 38.36 1.5438
0.025 13.93 29.44 2.0883
0.025 12.16 25.58 2.1965
0 13.78 30.49 1.0347
0 16.24 34.59 0.6606
0 14.93 34.94 0.9975
0 15.24 32.26 1.1357
0 12.64 28.94 1.9986
0 12.65 27.47 1.6348
0 11.91 25.49 1.7487
7.925 11.72 24.12 2.0517
13.825 11.34 23.36 3.3207
3.05 8.91 18.23 0.8536
0.9 6.55 18.31 0.9575
0 7.36 21.99 1.0947
0 8.41 24.58 1.1681
0.275 11.05 24.75 1.3717
0.125 13.41 24.42 1.5118
0 12.75 25.93 1.077
0 11.42 28.77 0.8629
0 13.56 30.5 0.5442
0 14.62 30.5 0.8889
0 14.99 29.34 1.0438
0 12.88 29.42 1.4355
0 13.53 30.01 1.1666
0 13.02 28.27 1.1731
0 12.52 26.92 0.8923
0 11.09 26.75 1.0147
0 12.55 28.66 1.989
0 10.85 29.14 1.3928
0 11.28 29.39 1.5616
0 11.28 26.42 1.3564
0 8.1 23.56 2.5588
0 6.88 22.35 2.9151
0 7.21 24.09 1.7019
0 7.46 24.7 1.0298
0 8.02 25.19 1.9656
0 8.69 26.43 0.5804
0 9.96 26.78 3.1525
0 7.05 23.45 3.9978
1.625 5.68 23.61 2.9975
1.475 5.62 19.46 1.6404
2.275 2.22 14.15 0.3227
2.625 4.46 14.58 1.2804
0.075 4.34 14.63 0.7594
0 1.98 15.33 1.9522
0 1.95 17.31 2.9902
0 2.39 18.91 3.2379
2.55 7.22 19.17 4.0159
1.125 7.53 19.29 0.921
0 7.33 18.6 0.418
0 8.44 18.47 1.1077
0 6.2 18.97 0.8677
0 4.92 19.31 0.9771
0 5.61 20.75 0.7481
0.075 7.07 20.61 2.671
2.525 3.89 15.03 1.948
2.4 3.87 14.16 4.0903
0 2.63 13.54 1.839
0 1.96 15.2 2.6137
0 2.77 15.63 3.8589
0.3 5.6 17.09 1.8529
1.25 3.99 15.88 0.6237
0 5.04 17.77 2.6813
0 3.57 16.33 2.2659
0.125 5.6 21.17 1.0555
0 4.69 13.55 1.5255
0 5.26 16.76 3.8775
0 4.44 19.02 7.5448
0 2.02 17.42 3.2882
0 0.83 16.83 4.068
0 -1.05 16.26 2.5125
0 -1.79 14.59 3.4162
0 -1.43 15.13 2.9264
0 -1.29 15.32 3.0206
0 -0.93 15.43 2.8178
0 -1.3 15.43 3.9209
0 -1.24 16.66 2.9077
0 0.05 15.92 0.5851
0 2.07 12.74 1.4415
0 1.3 14.2 1.3278
0 -0.75 14.7 1.016
0.875 0.79 13.05 0.8626
0.425 -0.73 12.23 4.8231
0 -1.06 12.16 4.1183
0 -0.8 12.51 2.3238
0 1.65 15.97 3.9228
0 -0.88 12.53 3.9202
0 -2.24 13.03 3.1414
0 -1.14 15.66 4.4449
0 -3.01 13.44 3.8411
0 -3.46 13.16 4.6336
0 -0.78 16.4 3.3385
0 -2.55 15.67 1.1761
0.025 -1.8 15.05 1.1618
0 -0.75 15.73 1.3064
0 3.14 15.98 0.8564
0 3.84 16.54 0.9237
0 3.19 15.06 2.2827
