1.275 0.23 11.33 1.4065
5.675 0.84 7.53 1.2726
11.65 -0.74 10.14 1.8997
11.95 -3.38 7.92 3.508
4.65 -0.51 8.52 1.96
0.475 2.5 6.6 0.3792
1.1 1.97 8.24 1.4439
0.625 2.23 9.38 0.8662
0.35 1.83 10.84 3.8707
0.2 -0.39 11.11 3.4618
0 0.66 13.77 2.5833
0 2.22 12.69 5.2333
0 2.32 15.32 4.1331
0 1.42 16.72 3.9802
0 1.27 15.8 3.8278
0 1.61 16.7 4.867
0 0.82 16.28 4.1656
0 1.25 17.31 4.728
0 0.86 17.69 4.9477
0.05 1.78 15.69 3.4791
5.45 2.23 14.77 2.6679
18.45 7.6 16.02 2.0373
14.875 9.52 11.7 1.6407
13.1 7.56 13.54 2.075
7.05 4.43 12.01 3.2328
6.4 -0.56 6.57 1.1087
3.025 -1.1 9.01 1.1274
0.325 -1.81 8.89 1.3357
0.225 -0.39 10.48 3.9573
1.6 -0.66 12.03 4.3864
0.95 1.43 15.02 2.7325
0 1.71 16.67 2.9019
0 2.34 16.74 4.0751
0 3.05 20.52 3.8839
0.25 3.94 19.86 3.0655
2.825 5.36 16.74 2.8052
6.6 6.69 13.38 3.1025
3.45 4.5 12.85 2.6486
6.75 2.97 12.88 1.1192
5.675 0.97 10.16 3.0992
5.675 -3.18 7.78 0.3825
9.575 -1.77 9.17 2.7234
12.425 0.82 9.09 1.2705
18.35 -0.53 8 3.1642
7.875 2.17 8.53 3.926
7.075 3.61 9.18 6.549
18.45 3.65 10.25 5.4283
13.3 4.26 9.09 4.476
1.575 2.43 9.46 1.6949
0 0.87 12.96 3.5469
0 1.3 15.59 2.7167
5.15 1.59 16.11 3.6571
13.725 4.8 14.68 4.1517
9.6 8.96 13.55 3.0881
1.9 5.93 14.18 1.703
2.7 5.86 15.68 1.6944
2.225 5.03 14.98 2.5981
0.15 1.37 13.88 0.4879
2.5 2.87 15.69 3.6039
14.25 6.92 16.23 3.1987
27.9 9.01 15.88 4.5184
33.7 6.26 13.07 5.0602
15.225 3.1 11.2 2.6275
0.125 0.26 11.78 1.1016
0 0.79 11.34 1.8899
0 -0.28 11.31 0.3932
0 0.73 13.26 1.4182
0 0.18 11.59 2.6927
0 -2.25 11.05 0.7084
0 -1.17 12.69 0.6661
0 1.33 15.14 1.8387
0 1.46 16.34 1.8665
0 2.12 15.15 1.4239
0 3.43 15.41 2.6773
0 5.69 17.4 3.1731
0 5.22 17.42 0.9921
0 4.78 19.28 1.2684
0 6.34 20.92 1.4775
1.55 6.5 21.1 1.1033
9.475 6.09 19.3 1.662
9.625 2.49 13.34 3.794
0.7 -0.99 11.23 2.2854
0 -0.03 14.81 1.9477
0 1.8 16.9 0.9313
0 4.37 19.49 1.9534
0 6.1 20.91 1.8273
0 6.89 22.27 1.4723
0 5.54 19.37 3.7892
0 1.86 16.5 2.2327
0 2.5 17.63 0.6416
0 4.17 19.79 3.0005
0 4.84 20.41 2.6937
0 3.19 16.4 5.103
0 0.18 16.1 1.9422
0 2.6 18.66 2.5106
1.6 1.79 23.91 1.8452
8.675 4.79 21.54 1.0945
9.375 5.61 17.42 2.9141
6.75 5.27 11.63 1.9008
4.5 5.68 13.06 2.3047
0.525 3.57 14.53 3.5628
0 3.93 17.2 1.5132
0.025 5.26 19.72 2.5937
0.075 4.69 17.58 5.2681
0.025 -0.79 13.41 5.5516
0 0.43 14.51 2.8279
0 2.33 20.03 1.6665
0 5.17 23.05 2.3189
0 7.96 26.72 2.4271
0 10.91 30.18 1.4728
0 12.47 30.93 1.2351
0 11.26 31.43 1.714
0.2 8.43 28.76 2.2805
0.225 6.77 21.3 3.0072
0.225 1.61 17.25 3.1805
0 2.2 19.06 1.9878
0 3.82 18.55 2.2415
0 2 16.56 2.9967
0 1.3 16.59 1.7642
5.525 2.83 19.15 1.858
22.625 6.72 20.02 1.8844
15.875 10.26 17.33 2.6668
3.55 10.48 16.41 3.7945
3.65 9.56 19.35 2.0028
2.875 11.87 21.4 3.7738
0 9.75 24.15 1.8714
0 9.63 24.56 3.0012
0 8.5 24.5 2.0566
0 9.16 26.04 1.8915
0 9.56 26.99 1.5367
0 9.69 27.51 3.0485
0 7.01 25.2 3.37
0 8.26 24.57 2.8914
0 8.73 26.3 2.9392
0 9.97 27.03 2.3008
0 12.83 31.36 1.5147
0 15.98 35.47 0.2832
0 15.04 35.16 2.0352
0 13.88 32.32 2.3285
0 10.44 28.18 1.3381
0 9.94 29.02 1.0524
0 11.18 29.22 2.3462
0 9.95 28.1 2.9502
0 8.86 25.74 2.7305
0 8.44 26.61 2.2385
0 11.68 29.02 1.8397
0 14.37 31.89 1.0709
0 14.45 33.27 2.0983
0 14.32 30.98 2.5246
0 13.08 30.03 2.9113
0 12.34 27.64 2.3388
0.175 11.88 27.26 2.3632
0.55 11.73 25.21 2.3621
0.8 12.55 25.98 0.5699
0.975 10.55 24.05 2.1735
0.925 9.63 20.78 3.1005
1 7.95 21.13 2.0046
0.325 8.63 23.26 2.5911
0 10.17 25.26 2.5479
0 8.57 24.58 3.3448
0 10.01 23.35 3.0173
0 8.94 23.77 3.3129
0 9.84 25.61 2.5251
0 11.66 22.52 3.4212
0 9.71 23.66 2.3166
0 9.27 24.18 2.464
0 10.51 25.8 2.7014
0 12.05 26.68 3.1998
0 12.62 30.74 2.2676
0 13.59 31.94 3.0397
0 10.06 29.17 3.3186
0 8.18 25.53 3.4312
0 10.03 27.39 1.7922
0 13.07 31.45 0.9359
0 14.11 33.95 1.7331
0 13.37 33.16 2.717
0 12.72 32.56 1.7511
0 15.39 35.07 1.0859
0 17.23 39.64 0.8731
0 17.67 38.96 2.6853
0 15.68 37.61 2.6026
0 15.47 34.77 2.2457
0 15.48 34.51 1.9257
0 15.16 34.95 2.7844
0 14.14 33.17 2.542
0 12.59 30.96 2.7407
0 11.08 30.21 2.4836
0 10.77 29.78 2.617
0 10.6 30.07 2.7235
0 11.52 29.68 2.7082
0 11.82 29.99 2.1755
0 13.75 30.28 1.9052
0 15.75 31.5 2.3669
0 13.11 33.12 1.8808
0 15.13 35.81 1.0649
0 16.24 36.95 1.4397
0 16.24 37.62 1.7613
0 17.73 37.68 1.6268
0 18.92 38.86 1.9242
0 19.4 39.81 1.5702
0 18.87 37.72 2.4141
0 15.72 35.5 2.5597
0 15.49 34.38 2.4939
0 13.73 34.14 2.1325
0 13.82 32.75 2.194
0 12.78 33.26 2.3188
0 14.27 35.29 2.0159
0 17.55 37.31 1.8376
0 16.83 35.72 2.2013
0 16.07 33.72 2.9051
0 15.45 32.68 2.673
0 13.56 32.32 2.972
0 14.88 32.46 2.751
0 13.1 31.45 3.0517
0 11.84 29.54 2.5584
0 12.48 30.4 2.2118
0 14.09 30.71 2.3154
0 11.75 26.71 2.9549
0 10.07 25.58 1.858
0 11.71 28.23 1.6982
0 14.57 31.88 0.9651
0 16.57 34.43 1.3053
0 17.04 34.82 3.0043
0 14.87 35.99 2.9841
0 15.24 34.35 3.2323
0 13.36 30.9 3.0944
0 10.5 30.9 1.6906
0 12.68 31.83 0.7919
0 14.82 33.15 0.9779
0 14.98 34.5 0.86
0 15.57 34.69 1.3306
0 14.32 33.36 2.4188
0 15.26 35.67 2.1914
0 16.5 35.86 2.1588
0.1 15.46 32.7 2.7165
0.05 12.99 30.15 1.6255
0 13.19 30.79 1.5198
0 13.52 32.4 0.4925
0 12.98 34.81 1.701
0 14.82 35.8 1.7652
0 16.28 36.62 1.7507
0 16.46 35.9 2.5192
0 15.57 32.74 1.6176
0 14.14 33.29 0.8197
0 16.06 35.1 0.5504
0 16.29 36.48 1.888
0 14.48 34.02 2.4183
0 11.26 30.18 2.1377
0 11.49 27.73 2.2434
0 10.52 27.92 2.0354
0 11.06 29.69 0.734
0 12.07 31.01 1.1262
0 13.98 33.98 0.5632
0.025 15.2 35.57 1.118
0.175 14.06 32.91 1.9167
1.05 11.45 27.42 2.144
1.975 12.52 24.03 2.6506
0.325 10.76 24.43 1.7387
0 11.91 28.59 1.8432
0 12.91 30.94 0.9998
0 14.37 33.51 0.8213
0 15.5 33.54 1.9082
0 12.99 32.42 0.9141
0 13.81 32.98 1.9612
0 15.13 34.65 2.0708
0 14.8 34.73 1.2614
0 14.16 34.19 0.7739
0 13.59 34.14 0.7418
0 14.54 35.57 1.088
0 15.29 36.05 0.3381
0 14.55 33.53 1.8811
0 11.69 28.17 2.6015
0 5.09 20.45 2.4722
0 5.87 24.48 2.3431
0.175 7.35 25.76 0.9435
0.525 7.75 24.12 3.2421
0.875 5.19 19.54 3.3165
0 3.26 16.79 0.374
0 3.77 19.87 2.5357
0 5.48 22.77 1.1677
0 5.89 22.22 1.3045
0 6.45 23.54 0.6254
0 7.28 23.76 0.6152
0 6.76 22.02 1.8365
8.275 7.32 20.53 2.0768
29.25 8.75 16.53 7.0199
21.9 12.14 17.34 4.3773
0.725 14.05 22.43 1.2204
0 12.4 24.38 2.2459
0 12.29 25.41 1.2397
0.525 11.09 23.07 1.6624
0.925 8.16 20.85 2.0185
0.2 5.34 18.56 1.2999
0 6.6 19.03 1.0687
0 7.21 21.4 0.8884
0 8.99 22.96 1.3667
0 9.94 23.78 1.3425
0 8.42 23.19 1.6113
0 9.1 23.72 1.1
0 7.94 21.1 4.8885
0 4.29 18.03 4.8211
0 1.58 15.84 0.8123
0 3.11 17.69 0.2524
0 4.28 20.87 0.88
0 6.29 21.83 0.9606
0 7.71 23.14 1.2678
0 7.98 24.72 1.2214
0 7.54 24.75 1.9172
0 7.22 22.94 2.6092
0.05 6.12 19.32 0.7894
0.15 6.06 17.93 1.7433
0 2.82 17.07 1.9183
0 3.81 17.09 1.1012
0 4.98 17.71 0.7747
1.075 6.4 16.97 0.5895
1.775 5.6 15.67 2.0547
0.375 1.57 12.9 1.3241
0 1.77 13.74 1.0819
0 1.47 15.19 2.6407
0 1.14 16.26 1.917
1.675 2.36 18.41 1.2851
1 2.86 16.61 2.1501
2.575 1.4 15.06 2.2274
9.025 2.58 14.65 3.6489
2.975 1.01 13.49 1.1396
0.05 2.11 13.09 0.5192
0 1.31 13.57 1.9362
0 2.23 15.3 3.3644
0 2.85 17.41 3.6658
0.625 3.72 19.38 2.3275
2.175 3.93 18.54 1.1814
0.7 3.51 13.61 5.4618
0 1.36 14.51 4.8001
0 1.41 14.94 3.8255
0 1.57 16.46 1.6282
0 1.15 14.86 2.016
0 -0.21 13.12 1.8509
0 0.21 14.03 1.8857
0.05 0.01 12.55 0.808
9.4 -2.25 9.72 1.8954
11.35 -2.41 5.32 0.6368
1.6 -5.95 4.41 0.6484
0 -5.56 4.74 1.8772
7.05 -3.65 6.69 3.2689
19.025 0.7 9.69 2.9844
30.925 6.17 10.58 3.9583
21.775 5.69 10.27 3.7485
3.6 4.87 10.21 0.809
0.05 3.28 12.39 3.4481
0.15 4 13.45 2.8838
0.1 3.03 11.55 2.1496
0.025 1.77 11.62 2.6545
0.025 2.33 9.4 4.0333
2.4 2.55 14.04 2.8564
10.775 4.5 14.64 1.8824
4.975 1.07 10.15 3.6584
0.05 -2.75 8.52 2.0815
0.025 -1.92 9.85 3.9197
0 -0.49 13.53 4.0592
2.9 0.92 12.34 4.1219
3.25 1.95 11.71 2.2324
2.225 1.65 9.48 3.0286
2.35 1.19 9.63 0.9303
2.3 4.91 10.95 1.4336
0.05 3.88 11.02 2.8397
0 4.52 12.1 2.487
0 3.29 12.73 1.0819
0 2.61 13.2 3.8323
0 1.01 13.8 2.9139
0 0.75 13.12 2.8548
0 1.98 11.18 3.1064
0.15 1.83 10.63 2.5784
0.75 3.13 12.56 2.9565
0.625 4.44 11.65 2.4991
0.425 3.63 8.1 2.5138
1.625 3.76 9.78 3.2722
11.7 5.09 16.58 4.9084
8.35 6.22 15.49 2.149
0.125 1.26 12.46 1.3434
0 1.97 13.09 3.2824
3.3 2.24 15.22 2.7074
15.275 3.91 15.26 2.9882
22.7 6.06 12.59 5.1381
21.7 6.82 10.17 5.8763
28.35 4.56 9.5 6.7087
25.775 2.25 8.57 3.8053
17.725 0.33 7.03 3.2956
3.575 0.68 7.13 1.2422
3.725 0.34 9.07 2.6002
7.425 2.62 9.5 4.6275
2.9 5.47 10.85 2.8909
0.075 3 10.74 1.2398
1.725 1.57 11.98 2.6907
3.075 3.02 13.66 3.1954
2.35 3.37 13.9 1.2516
0.3 0.91 12.43 1.1295
0 1.46 13.54 1.8208
0.05 2.41 13.07 2.2012
1.575 4 13.86 0.7418
6.825 4.58 13.9 3.2827
8.9 6.18 13.71 3.2753
11.975 6.57 11.71 1.656
3.75 5.04 9.71 2.2881
5.425 5.3 10.03 1.3117
3.75 4.63 10.21 1.5193
0.725 1.12 10.45 0.5382
0 2.34 11.66 1.3874
0 4.64 13.82 1.6957
0 2.74 15.63 1.1983
0 3.06 16.08 1.4088
0 3.4 16.51 1.2094
0 4.85 16.72 1.7894
0 5.05 18.07 2.3723
0 4.15 17.96 0.7265
0 4.63 15.02 1.0003
3.425 5.81 12.27 1.9802
4.85 4.15 9.68 2.5778
5.25 -0.41 10.28 2.1247
13.375 1.55 10.24 3.9579
11.05 4.54 9.92 2.5919
4.375 2.53 12.24 0.9546
20.375 4.04 15.11 4.8791
14.475 5.18 14.27 1.0254
0.425 2.76 12.87 0.3409
1.425 4.26 15.47 2.1328
12.65 5.3 14.85 2.8107
19.65 4.12 8.94 3.3701
6.275 1.72 9.62 2.5317
0.075 0.32 10.3 1.2844
0 2.22 13.32 2.393
0.05 2.86 15.57 0.9827
0.4 2.35 10.78 2.6244
3.425 -1.82 9.93 3.5016
2.35 -0.53 9.75 2.091
3.525 -0.72 12.05 0.4369
13.025 0.82 12.09 2.3278
6.275 0 12.2 2.3224
0 -0.29 12.87 2.5747
0 1.58 16.16 3.6199
0 4.01 20.74 1.3283
0 5.89 21.86 1.1687
0 5.45 22.28 2.945
0 3.82 22.66 2.3687
0 5.18 22.54 1.7713
0 5.79 20.84 0.3598
0 4.98 18.96 1.7707
0.05 3.23 19.02 1.7209
0.4 4.22 19.59 1.7478
1.25 4.4 17.47 2.302
0.425 1.44 14.73 1.9396
0 2.02 17.39 2.4958
0 3.84 20.15 1.1115
2.45 4.73 20.1 2.8371
12.5 4.54 16.99 4.9723
10.05 1.5 11.6 2.5912
0.75 -0.18 11.57 0.6732
4.75 0.52 11.42 2.1591
6.85 1.23 10.55 1.6073
16.15 1.01 10.53 2.8957
11.025 2.07 11.8 2.6685
0.025 1.1 12.92 0.5857
0 1.29 15.75 2.1916
0 3.4 18.75 1.0522
0 4.16 19.43 1.8706
2.05 6.31 16.88 2.0321
14.45 6.14 12.49 4.5773
18.875 5.06 11.07 4.2858
3.975 2.96 12.69 1.1317
0.075 3.07 14.48 0.7142
0 3.51 16.57 0.8861
0 4.92 19.06 1.5847
0 4.68 19.41 1.2926
0 5.48 21.73 1.2535
8.525 7.55 21.56 1.3506
20.95 5.58 17.39 2.4508
12.35 3.33 9.68 3.4229
2.75 4.59 10.31 2.1963
0.1 5.6 13.99 1.1062
0 6.68 20.82 1.1363
0 8.1 23.76 1.2183
2.125 8.35 24.77 0.8384
11.225 7.2 22.77 4.2626
7.2 2.95 12.93 4.511
2.475 2.2 14.99 3.4208
0.1 1.64 14.64 3.2982
0 3.45 19.45 2.0195
0 5.52 21.8 1.8925
0 7.83 25.12 1.1643
0 8.14 23.85 2.2751
0 5.96 21.31 3.8002
0 3.64 20.04 2.4733
0 4.23 20.86 0.9598
0.05 5.64 21.32 2.6997
1.1 5.69 18.12 3.4928
6.975 5.85 13.2 3.0614
3.275 1.33 12.79 3.4865
0 2.82 18.69 2.0787
0.7 5.5 23.26 1.2098
1.7 7.8 24.93 0.8836
0 7.9 25.73 0.7774
0.375 9.25 25.18 1.2718
1.15 9.72 23.84 2.0178
0.475 10.38 19.84 1.5296
0.175 9.54 19.78 1.4668
0.3 9.19 21.37 3.3787
0.15 5 19.12 4.1421
0.4 2.25 15.07 3.4445
0 2.92 15.23 4.1073
2.725 5.35 17.79 2.2257
9.05 4.82 17.99 1.6373
11.5 6.49 18.41 2.7244
10.6 6.57 16.92 2.1573
5.925 3.48 16.49 3.0202
0 4.76 19.33 1.84
0 7.61 25.71 1.1106
0 11.43 26.51 2.4673
0 11.51 24.47 3.0306
0 10.61 25.25 2.1404
0 12.46 26.56 2.1845
0 13.97 26.96 2.4422
0 13.39 29 1.7264
0 13.89 30.16 2.5775
0 12.15 28.71 3.1421
0 11.3 27.57 2.714
0 10.91 26.43 3.4874
0 7.38 23.17 4.5895
0 9.07 22.85 5.0757
0 11.09 28.23 3.641
0 12.46 31.05 1.0161
0 13.24 31.14 1.8929
0 12.23 29.86 2.7956
0 8.79 27.18 3.2891
0 9.03 26.61 1.7047
0 8.2 27.17 2.4707
0 7.85 24.87 3.1559
0 7.07 24.64 2.7859
0 9.35 27.01 2.0788
0 11.11 29.77 1.1466
0 12.53 31.74 2.1376
1 11.91 29.79 2.3018
0.7 11.38 28 2.8699
0 12.83 30.15 2.6368
0 15.96 34.05 1.3575
0 18.5 36.81 1.817
0 16 36.27 3.0632
0 13.24 31.93 2.9795
0 11.04 30.29 2.8767
0 11.16 30.09 3.0393
0 12.55 29.79 2.6088
0 13.11 32.27 1.2721
0 13.84 33.15 1.9141
0 12.22 30.92 2.4815
0 11.83 30.75 2.4591
0 12.39 32.07 2.5997
0 14.56 33.18 2.3433
0 15.14 35.24 1.9095
0 15.91 35.01 2.2334
0 15.42 32.35 3.1151
0 14.33 31.5 3.0497
0 15.45 32.53 1.679
0 16.81 35.5 1.5291
0 18.48 37.16 2.6934
0 18.36 37.33 2.6629
0 17.48 36.88 2.5222
0 15.72 36.55 2.0343
0 15.25 34.03 1.958
0 13.87 32.03 2.3092
0 12.29 33.36 1.0764
0 14.54 33.17 2.3641
0 15.31 34.28 2.2199
0 15.93 34.53 2.7685
0 14.47 31.53 2.8581
0 13.55 29.61 2.0953
0 11.94 29.39 2.4597
0 13.08 31.19 2.3447
0 13.57 32.22 2.514
0 13.09 31.94 2.3153
0 13.15 31.88 1.95
0 13.62 32.27 2.3516
0 13.11 33.17 1.5751
0 13.61 32.82 2.0273
0 12.08 31.68 2.1285
0 12.63 31.69 2.1916
0 12.38 30.98 2.5357
0 13.12 30.1 2.8312
0 12.64 29.65 2.0179
0 13.13 29.8 1.98
0 11.54 27.95 2.211
0 10.95 29.09 1.1341
0 13.42 30.11 1.607
0 13.38 30.34 2.4552
0 12.85 30.77 2.9484
0 13.48 32.73 1.3827
0 14.67 32.57 1.591
0 13.77 31.8 1.6155
0 12.19 32.45 2.0094
0 13.49 32.74 2.272
0.075 12.25 30.25 1.8507
0.05 10.04 30.26 1.8704
0 12.38 30.04 2.4398
0 14.08 35.96 1.8021
0 17.63 39.47 0.4657
0 17.25 36.36 2.104
0 13.38 32.66 2.3171
0 10.05 29.03 2.7472
0 8.02 22.54 2.2894
0 9.12 23.67 2.5326
0 9.48 26.43 1.6974
0 12.49 29.71 1.2215
0 15.14 33.81 0.3752
0 15.42 35.38 1.3083
0 15.1 34.88 1.2011
0 14.84 31.78 2.1945
0 12.88 32.04 1.4238
0 12.76 30.59 2.0708
0 10.77 26.23 2.7091
0 7.34 20.03 1.9082
0 8.6 24.11 0.9214
0 10.68 27.88 0.5359
0 12.13 30.69 1.1239
0 11.69 28.68 1.6903
0 10.07 27.86 1.4741
0 10.72 28.19 1.3622
0 10.96 28.85 1.8552
0 12.13 28.04 1.5245
0 12.31 27.25 1.3235
0 11.67 25.79 1.2697
0 10.25 25.9 1.4181
0 10.25 25.65 1.3351
0 8.48 23.24 2.6668
0 8.39 23.08 1.2878
0 10.24 28.37 0.8545
0 12.17 31.24 1.0727
0 15.72 33.72 1.0153
0 14.33 35.02 1.3638
0 16.16 36.54 0.7103
0 16.51 37.11 0.556
0 16.1 34.94 0.3699
0 14.9 32.01 0.6811
2.475 15.92 32.24 0.8948
5.15 13.99 29.62 1.4196
2.975 11.05 22.37 1.6476
0.575 10.43 18.68 1.6307
0 8.87 19.35 0.6721
2.325 9.4 20.58 1.9595
0 7.61 20.69 0.6542
0 8.51 24.15 1.9548
0 10.98 26.17 1.8432
0 12.18 27.57 2.0658
0 12.6 28.8 2.1722
0 13.79 30.86 1.4109
0 14.41 32.17 0.5153
0 13.4 31.49 0.4285
0.375 11.95 29.21 0.9787
2.025 11.11 23.42 0.9431
0.8 8.9 20.36 1.2719
0 9.22 20.78 1.5474
0 8.92 23.52 0.8496
0.3 8.78 22.14 1.7534
4.4 9.04 20.03 1.4157
17 10.39 18.59 1.9049
40.625 10.76 15.64 5.0136
11.475 7.48 15.64 3.2565
0 3.78 16.24 1.5928
0 3.02 17.29 2.8323
0.05 5.64 20.02 3.5862
2.725 7.78 20.77 2.2645
3.625 9.09 18.67 1.7908
0.875 6.84 15.29 1.1483
0 5.96 19.33 1.8325
0 6.9 21.33 2.8441
0 8.41 23.21 2.5234
0 10.23 26.94 1.5854
0.1 10.63 26.36 1.3071
4.575 9.53 24.56 2.0215
17.475 8.49 19.04 3.3053
7.1 3.54 12.52 2.4022
2.1 1.27 13.3 0.62
1.325 3.14 13.95 1.6073
0.05 2.11 13.73 2.3133
0 2.87 15.63 1.3869
0 3.82 15.88 2.9907
0 5.05 17.89 1.8156
0 6.49 19.46 2.867
0 6.1 19.81 1.4923
0 5.92 19.44 1.7871
4.1 5.31 18.83 1.6982
20.925 4.49 15.81 2.0194
25.9 1.82 9.55 3.0188
21.775 1.89 7.57 4.5583
14.75 2.54 7.17 2.9883
15.925 1.82 8.36 3.8297
4.7 -2.74 6.06 1.4072
0 -2.91 8.04 3.0565
8.025 -1.72 9.26 3.3441
12.675 0.38 9.5 2.5668
4.925 -0.49 6.83 2.2006
0 -3.54 8.31 2.4861
0 -2.04 9.07 3.053
0.05 -0.24 11.29 2.2955
0.1 0.51 12.45 2.7029
0.425 5.02 10.37 1.3956
5.05 6.35 14.78 2.6352
9.55 7.04 15.65 2.7586
3.825 6.83 17.26 3.6647
2.65 3.64 15.27 2.1461
5.45 4.63 14.55 2.4254
4.2 7.13 13.47 1.3765
0.65 8.46 16.34 1.6554
0 6.8 15.48 0.4583
0.025 5.94 15.56 2.3578
6.1 5.03 14.63 1.3672
15.35 5.31 11.56 1.9766
5.4 2.54 11.1 1.2627
8.35 -0.22 10.28 2.4655
27.775 0.82 10.79 3.524
34.7 6.34 11.5 5.0691
48.2 6.78 12.31 5.6089
5.9 4.41 8.97 2.8743
7 4.15 8.19 3.061
5.6 4.77 11.79 2.1279
1.125 5.28 10.62 0.5477
5.1 3.29 12.97 3.2174
16.875 3.41 14.46 5.5405
7.55 3.29 13.38 2.2569
3.95 2.58 10.47 0.7746
36.3 3.25 10.62 2.3008
25.4 2.32 8.62 4.3711
2.4 -3.25 6.9 2.1945
3.025 -3.92 6.25 1.555
17.55 -1.71 7.49 4.5339
14.125 0.24 7.39 4.7209
2.725 1.87 7.67 2.3706
3.625 -0.4 8.45 3.0004
0 -0.64 9.57 3.6619
0.05 -1.39 7.79 4.7147
0.025 -1.25 6.54 3.1401
0.075 -0.97 7.81 1.483
0.05 -1.22 4.23 1.5067
0 -3.39 4.74 2.9383
1.125 0.07 7.51 3.5088
1.725 2.82 12.72 2.5359
1.45 2.45 13.21 1.6178
0.425 4.83 9.82 1.175
0 1.85 11.63 2.6718
0.05 4.47 10.84 0.7525
0.025 4.66 11.91 0.6776
0.025 4.47 11.51 2.5007
0 1.82 10.67 1.6299
0 2.13 14.3 3.989
0 1.77 16.37 3.5347
0 2.72 15.69 2.8777
0 2.07 16.99 4.0481
0 1.9 16.2 1.6938
0.05 2.46 15.49 2.002
0.15 2.02 15.54 4.9092
0.05 1.73 16.07 3.5941
0.025 1.37 14.95 1.7438
12.325 1.3 14.06 0.5918
10.275 1.83 12.14 1.7126
4.275 0.26 9.12 1.2679
0.025 0.28 11.19 1.6149
0 -1.61 13.02 3.0161
0 0.02 13.16 1.9784
0 1.16 13.5 2.4295
0 2.29 17.56 1.6751
0 4.46 17.79 1.9506
0 4.56 18.94 0.7992
0 0.95 17.12 2.5774
0 -0.96 13.35 3.3185
0 0.16 13.46 3.5797
0 1.12 15.24 3.7562
0 1.31 18.59 2.9414
0.1 1.55 19.46 1.1271
1.325 2.06 16.4 4.1009
17.175 6.78 15.19 5.0375
20.925 3.64 11.95 5.6114
35.725 1.34 6.9 4.8789
32.65 1.29 6.64 2.3599
9.975 -0.55 8.6 2.7202
0.925 -1.82 8.36 0.546
0 -0.22 9.63 1.1776
0 -1.31 10.03 0.5542
2 -1.18 11.41 0.8149
12.05 -0.17 9.68 2.3371
19.175 -0.37 8.72 4.871
9.525 -3.39 6.95 0.9753
19.55 -4.07 7.52 0.4113
0.875 -1.91 10.59 2.3408
2.175 -2.34 13.13 1.9459
10.675 2.17 14.17 4.0646
2.975 6.61 14.92 1.4508
0 1.69 15.28 1.4462
5.825 3.25 16.24 0.5897
21.15 5.53 15.47 1.7528
9.425 5.28 11.4 4.0664
0.125 2.61 12.81 0.7872
1.825 3.61 15.81 1.5216
0.425 5.47 17.08 1.0402
0.175 4.04 16.17 1.206
0.825 3.73 14.84 0.4531
6.25 4.98 15.72 1.5925
6.9 7.38 16.83 1.5007
13.175 7.67 17.77 1.8071
8.9 6.64 16.19 2.4047
6.225 0.84 12.68 0.9011
16.7 0.9 12.86 3.8715
28.35 2.08 10.09 4.7596
39.625 4.07 8.88 5.1166
17.825 2.06 8.54 2.2088
4.55 1.47 10.6 1.6046
16.1 2.83 10.88 5.338
24.375 3.56 7.84 5.5572
27.525 1.83 8.85 3.8711
18.9 2.6 9.83 3.1898
4.4 3.99 10.77 1.5466
1.45 4.48 13.35 0.7312
0 3.75 16.08 1.3579
0 4.99 18.06 1.9312
0 6.79 21.21 2.4986
0 8.57 24.6 1.9356
0 8.19 22.95 1.177
0 3.46 18.48 1.9608
0 4.66 19.85 1.7815
0 7.03 21.68 1.5494
1.45 5.51 20.63 1.8857
3.325 2.79 16.16 3.4665
1.325 -0.3 10.25 1.7025
0 -0.65 12.59 1.2929
0 0.38 15.36 0.4229
0 2.59 16.07 1.6221
0.25 2.88 17.16 1.5575
0.45 2.6 15.17 2.5553
0.1 1.14 14.5 0.554
0 2.21 17.96 0.7682
0 5 21.61 1.3679
0.8 5.72 22.45 2.0845
0.8 8.54 19.94 2.4841
0.35 9.98 18.83 1.3669
1.15 9.39 20.07 1.9089
0.975 8.72 18.21 1.8824
0.325 4.4 17.92 0.8799
0.625 5.74 17.85 0.8442
1.175 7.13 18.34 1.9265
1.1 6.37 18.55 2.2188
0.375 3.74 18.14 2.4833
0.075 3.24 19.9 1.0783
0 3.91 20.24 2.209
0 4.08 18.87 4.4948
0 2.3 19.04 3.4258
0 3.95 21.7 1.6791
0 6 24.37 0.5142
0 6.87 24.26 1.1652
0 7.87 26.61 2.9474
0 10.23 29.14 0.9435
0 9.33 28.82 1.4726
0 7.67 25.05 1.855
0.1 7.05 19.39 2.7008
1.375 3.7 14.88 2.9742
0.65 3.44 19.55 2.4934
0 4.84 22.47 1.7479
0 7.15 23.92 1.27
0.925 7.91 24.82 0.857
13.175 7.6 21.58 2.7389
13.425 4.67 14.12 2.6283
6.525 2.91 12.63 1.652
14.525 5.38 12.36 3.3965
6.35 6.33 13.45 2.0622
0.4 4.49 17.97 2.8072
0 6.44 22.99 1.6622
0 9.42 23.77 2.2457
0 7.18 22.74 3.287
0 5.82 20.73 4.5054
0.775 5.82 20.76 2.4397
3.725 7.05 19.56 2.6846
0.775 4.71 18.77 2.0181
1.15 5.41 19.25 3.036
1.425 5.64 18.15 3.9286
1.275 5.17 16.66 4.5637
0 5.59 18.43 2.6969
1.45 5.97 19.42 2.4704
0.925 7.69 18.05 2.5496
0.75 5.29 16.46 1.5665
1.525 5.03 17.69 0.7775
9.625 7.51 17.12 3.5092
14.05 11.06 18.53 0.9423
5.8 9.12 19.06 3.3282
0.1 7.45 19.78 2.1467
0 8.52 23.37 2.9058
0 10.05 25.99 1.6929
0 11.23 26.83 2.7914
0 9.98 24.91 3.1867
0 9.3 24.62 2.7893
0 10.92 27.41 2.706
0 13.3 30.64 2.3101
0 14.82 31.89 2.2367
0 13.23 30.11 2.5756
0 12.37 28.16 1.7065
0 12.61 28.6 2.8068
0 12.55 29.34 2.3802
0 14.49 31 0.7517
0 16.51 34.5 0.8173
0 17.99 35.78 2.5066
0 14.49 33.42 2.4919
0 11.85 30.35 2.4524
0 11.55 29.61 2.6146
0 11.91 29.73 2.5112
2.1 13.37 30.87 2.5411
10.4 13.25 28.09 2.3646
4.95 10.64 22.85 2.4178
0.025 9.77 23.89 2.4088
0 11.83 29.33 1.6116
0 15.36 33.38 1.2799
0 16.52 35.52 1.1656
0 16.67 36.21 1.5975
0 17.53 36.23 1.6302
0 18.36 35.62 2.4733
0 18.09 35.29 2.6976
0 16.3 34.32 1.9361
0 15.19 33.43 2.4268
0 13.34 32.34 2.2878
0.025 11.92 30.17 2.457
0 11.07 27.78 2.6195
0 11.75 26.46 3.1335
0 10.62 25.14 2.7639
0 10.85 25.34 3.3825
0 10.64 25.28 3.1582
0 11.08 26.14 2.0548
0 11.45 27.86 1.2098
0 12.68 28.95 2.0018
0 14.22 31.33 1.7132
0 14.45 32.38 2.3361
0 14.76 33.17 2.7665
0 14.21 32.57 1.9434
0 13.39 32.22 1.936
0 12.34 32.36 2.1383
0 12.62 32.14 1.9843
0 12.68 32.66 1.693
0 13.39 33.76 1.644
0 14.8 33.69 2.4244
0 14.25 33.17 3.1257
0 15.25 32.93 2.0838
0 15.03 31.71 1.482
0 14.85 33.27 1.8031
0 14.73 33.25 2.1029
0 12.92 31.32 3.0807
0 12.76 30.25 2.4434
0 13.96 30.83 3.0859
0 13.84 29.65 2.5606
0 12.25 31.59 1.9509
0 13.32 32.02 2.0643
0 14.03 32.22 2.1997
0 13.8 32.07 2.6543
0 12.67 31.28 1.9483
0 15.19 32.33 1.4518
0 15.1 33.22 2.1654
0 13.69 32.51 1.5453
0 13.05 32.72 1.387
0 13.39 32.66 1.9224
0 13.36 33 1.8796
0 13.55 31.55 2.7079
0 11.64 29.49 2.0762
0 11.23 29.53 1.6197
0 12.11 29.91 1.3152
0 14.16 32.55 1.0191
0 16.05 33.77 1.9351
0 15.27 33.04 1.2052
0 15.25 34.21 0.7911
0 16.08 34.34 1.0501
0 15.84 35.12 1.3939
0 14.48 34.28 1.8776
0 13.21 32.35 1.7896
0 12.58 31.39 1.7384
0 12.94 31.73 0.7601
0 14.81 32.73 0.6934
0 15.23 33.35 0.751
0 15 32.58 0.9627
0 14.89 31.75 1.8761
0 13.26 33.8 0.8169
0 15.29 34.4 1.0543
1.7 14.66 33.91 1.1125
0.975 14.07 34.13 1.5784
0.075 15.86 34.83 0.7556
0.125 14.72 30.07 1.7345
0 13.19 27.53 1.7183
0 13.29 30.01 0.888
0 13.9 30.71 1.5878
0 13.41 29.59 2.417
0 11.7 27.81 1.6834
0 10.49 26.64 1.8123
0 11.92 28.51 0.8122
0 13.56 31.63 0.485
0 14.86 34 1.1008
0 15.19 34.14 0.8452
0 15.53 34.25 0.688
0 15.91 35.7 0.7198
0 14.48 33.59 1.5236
0.05 12.71 27.56 2.1842
0 9.87 23.51 2.0149
0 10.58 27.71 1.0197
0 13.62 31.57 0.6207
0 13.46 32.92 0.8904
0 13.51 30.19 1.2003
0 11.96 26.91 2.3132
0 10.93 24.54 1.7817
1.175 9.75 22.76 1.9239
19.275 8.89 20.32 2.1116
18.025 8.17 18.14 3.5826
6.375 7.09 13.98 0.7382
0.975 3.96 15.25 0.938
0 5.64 18.81 1.1471
1.975 6.75 21.81 1.2396
4.625 9.8 21.14 1.5539
1.95 12.18 20.35 1.7112
0 8.9 23.82 1.0651
0 9.75 26.99 0.8261
0 12.66 28.39 0.6097
0.025 12.34 28.19 0.9525
0 12.19 26.64 1.0912
0 11.91 25.45 1.5368
0 11.55 27.47 1.2881
0 11.05 25.65 1.1705
0 10.52 23.58 0.8359
0 9.28 24.48 0.9763
0 10.55 25.4 2.2636
0 10.86 26.55 1.4974
0 9.89 26.56 1.535
0 8.34 23.12 1.409
0 4.81 20.05 2.7042
0 5.71 20.08 2.9579
2.525 6.8 21 1.7091
0 6.94 21.98 1.0926
0 7.38 23.08 2.045
0 8.21 24.21 0.6856
0 6.84 23.46 3.6535
0.375 5.35 21.87 4.0126
2.2 4.78 20.71 3.1463
3.25 2.97 16.33 1.6783
5.625 0.13 11.27 0.5952
2.15 0.41 10.73 1.3578
0.075 -0.37 10.89 0.8102
0 0.88 12.32 1.9471
0 2.09 15.36 2.9627
0.625 1.71 17.97 3.1668
2.475 3.66 18.69 3.7577
0.875 7.63 16.65 0.6935
0 5.92 16.55 0.3553
0 6.93 16.73 0.9434
0 5.02 16.26 0.7397
0 4.55 17.64 0.8977
0.325 4.67 17.7 1.0746
1.675 4.19 16.2 3.118
3.5 1.39 10.83 2.104
1.575 2.55 11.31 4.0234
0.025 1.45 12.64 1.9642
0 1.46 13.23 2.9025
0.05 1.84 13.58 4.1752
0.8 3.55 13.87 2.0313
0.15 3.83 12.74 0.67
0 3 15.16 2.6634
0 3.19 16.38 2.2463
0.125 3.22 18.27 0.9387
0.125 2.46 14.32 1.5177
0.025 1.96 17.02 4.0311
0 1 16.65 7.485
0 0.89 15.11 3.3955
0 -0.25 14.32 4.0051
0 -1.2 13.58 2.604
0 -2.11 12.44 3.4314
0 -1.46 13.02 2.9243
0 -2.05 13.08 3.0573
0 -0.62 13.78 2.9882
0 -0.53 13.88 4.0832
0 -0.34 15.19 2.9288
0 -0.85 13.36 0.5479
0 0.24 11.41 1.432
0 -0.54 12.47 1.3727
0.375 -1.14 11.95 0.8899
1.125 -0.56 10.81 0.7127
0.325 -1.37 9.96 4.8886
0 -0.7 13.02 4.3286
0 -0.15 13.76 2.4421
0 -0.36 12.65 4.1595
0 -0.97 11.94 4.0032
0 -2.21 11.17 3.2559
0 -3.04 11.89 4.4846
0 -2.08 12.65 3.8759
0 -1.88 11.95 4.7804
0 -1.57 14.82 3.3423
0 -1.2 15.4 1.1848
0 -0.96 13.69 1.0801
0 0.86 15.04 1.068
0 3.21 14.7 0.8175
0 4.27 15.64 1.3108
0 1.25 13.37 2.3267
