1.325 -15.95 -0.84 1.4458
11.55 -12.89 -0.78 1.8569
6.45 -15.69 -1.39 1.682
1.1 -19.53 -6.86 4.3222
3.575 -16.49 -7.39 1.8557
1.75 -9.91 -3.94 0.5801
0 -11.73 -1.07 1.3584
0 -9.75 1.11 0.6756
0 -13.35 3.33 4.4476
0 -13.2 1.45 3.0556
0 -9.98 1.86 2.2452
0 -9.83 5.62 5.3576
0 -9.18 5.6 3.648
0 -12.55 6.18 3.2525
0 -11.27 6.87 3.6303
0 -10.99 6.68 4.7463
0 -11.72 5.11 4.2028
0 -11.98 4.67 4.8441
0 -8.91 3.89 4.901
0.1 -9.39 2.62 3.4035
18.125 -9.44 4.84 2.6683
35.625 -8.06 4.63 2.1291
76.35 -7.13 -0.13 1.5651
59.025 -6.81 -1.21 2.8449
16.925 -10.85 -3.27 3.6124
3.175 -15.74 -9.28 0.7366
0.575 -16.79 -7.93 1.2094
0 -13.99 -4.73 1.229
0 -12.93 -0.98 4.2448
0 -11.75 3.45 4.4677
0 -10.1 4.85 3.0613
0 -10.6 4.74 3.3264
0 -11.61 4.04 3.7121
0 -11.82 6.58 3.712
0 -8.94 7.53 2.929
7.325 -8.57 6.03 2.3888
13.4 -10.01 -2.15 2.4678
5.4 -11.16 -4.8 2.9411
25.875 -11.62 -2.65 1.1741
15.525 -15.1 -3.25 3.7503
4.55 -21.15 -9.01 0.5533
13.475 -19.14 -6.36 2.7539
7.4 -15.29 -6.68 1.4266
17.575 -15.25 -6.1 3.1889
10.025 -14.53 -8.07 3.4787
3.875 -12.63 -5.32 5.5006
32.35 -10.72 -6.15 5.3333
25.7 -12.14 -7.29 4.1547
4.5 -16 -7.45 1.1406
0 -15.62 -4.2 3.2994
0 -14.73 -0.56 2.3614
8.6 -12.64 0.16 3.678
34.6 -13.51 0.5 3.281
24.5 -7.81 -3.92 2.427
6.3 -8.57 -0.89 1.8303
2.9 -10.15 3.55 1.6281
0.825 -9.32 -1.01 3.1595
0 -12.36 1.48 0.5653
0.05 -11 4.19 3.8127
23.3 -7.34 3.3 2.92
38.9 -6.89 1.49 4.333
50.45 -7.79 -0.55 4.9598
23.825 -11.37 -5.35 3.1509
3.45 -17.78 -6.52 0.7106
1.5 -16.06 -3.91 1.9075
0 -15.79 -4.28 0.3252
0 -15.84 -0.23 1.4557
0 -13.12 2.07 2.5913
0 -15.66 -3.67 0.5205
0 -15.01 1.42 1.0244
0 -12.7 1.58 2.4671
0 -12.65 3.93 2.7263
0 -12.08 5.84 1.5426
0 -9.73 2.59 2.8316
0 -9.67 4.11 3.4612
0 -8.56 6.67 1.0023
0 -7.45 7.82 0.8118
0 -6.56 10.37 0.8319
0.225 -8.24 10.54 0.6295
34.4 -7.7 9.8 2.153
24.225 -11.68 1.38 4.2244
2.2 -18.34 -8.33 2.0927
0 -16.96 -3.99 1.9299
0 -13.52 3.06 0.3767
0 -9.64 5.85 1.8405
0 -9.82 7.34 2.0884
0 -9.02 7.37 1.2792
0 -6.73 10.03 3.454
0 -11.43 5.12 2.0543
0 -10.56 4.43 0.2762
0 -8.06 5.95 2.5047
0.025 -7.53 8.89 2.5929
0.025 -10.01 6.53 5.2892
0 -14.3 -0.66 1.8931
0 -12.88 3.61 2.9869
0 -10.73 7.93 2.5372
12.225 -7.66 10.44 1.2787
13.1 -10.79 8 3.736
9.275 -10.32 -1.98 1.9014
4.825 -9.34 -0.6 2.071
0.8 -10.42 -1.24 3.6312
0 -9.02 1.94 1.3501
0 -9 7.86 2.053
0 -6.81 7.1 4.4997
0 -14.86 0.53 6.3348
0 -14 0.13 3.2872
0 -11.38 4.08 1.6628
0 -8.21 8.79 3.1342
0 -6.33 12.76 3.0059
0 -2.41 15.74 1.5408
0 -2.23 17.91 0.9818
0 -0.85 18.46 2.2424
0.125 -1.47 16.91 3.2038
1.975 -4.27 10.83 3.2733
1.125 -12.31 0.27 3.4931
0 -10.53 4 1.6938
0 -8.22 6.3 2.3788
0 -8.67 5.95 3.422
0 -10.51 3.99 1.4495
1.725 -7.89 7.63 1.8102
66.725 -1.82 10.42 2.1931
46 -4.54 6.51 2.8588
13.3 -3.07 2.58 4.1862
6.95 -5.58 2.58 2.1349
0.9 -1.28 6.98 4.2529
0 -5.26 9.82 2.5241
0 -3.99 12.79 2.652
0 -3.64 13.67 1.5358
0 -4.31 14.35 0.8746
0 -1.65 14.88 0.6203
0 -3.2 15.83 2.9027
0 -2.52 14.45 3.2907
0 -4.38 13.26 2.1132
0 -3.76 12.7 2.9709
0 -2.45 14.1 1.5057
0 -1.42 16.7 1.9128
0 2.08 20.56 0.4508
1 4.88 21.93 2.532
0.6 1.62 21.74 2.9846
0 -0.94 16.23 1.5814
0 -1.5 15.67 0.6989
0 -0.7 17.03 2.3098
0 -1.04 16.6 2.8536
0 -1.09 15.15 2.6025
0 -3.46 15.03 1.6383
0 -2.41 15.1 1.1845
0 -0.49 16.55 0.7382
0.85 1.09 18.12 1.6065
1.675 0.85 17.16 2.4047
20.1 0.9 16.44 3.3408
11.625 1.45 15.42 2.0633
0.8 1.15 14.71 1.7612
0 -0.49 13.32 2.1398
0.625 -0.03 12.78 0.5639
11.5 -3.01 10.67 2.112
9.775 -4.91 10.31 3.9525
5.325 -6.51 2.71 2.7168
2.05 -4.71 3.73 2.7618
0.425 -3.27 9.22 2.4872
0.25 -1.5 12.05 3.3145
0 -1.04 11.3 3.0777
0 -3.67 9.57 3.1987
2.7 -3.03 10.87 1.9957
3.425 -1.09 10.09 3.6571
1.075 -3.73 9.83 2.5119
1.35 -3.16 10.98 2.3599
0.875 -2.36 11.34 2.1957
0.025 0.42 12.02 2.8488
0 0.67 14.53 1.5652
0 2.5 19.09 2.571
0 0.11 18.17 3.111
0 -2.22 12.85 3.0483
0 -2.71 12.16 1.3409
0 -0.32 14.46 0.9109
0 2.62 18.91 1.4042
0 1.71 20.91 2.8151
0 0.79 18.34 1.4916
0 2.17 19.54 0.9071
0 3.9 23.19 0.3961
0.3 4.87 24.35 2.9807
0.25 5.76 23.43 2.9599
0.125 3.55 21.4 2.218
0 5.03 21.93 1.5569
0 3.43 20.53 2.9541
0 2.28 20.81 2.5842
0 2.81 19.58 2.9325
0 0.71 20.33 2.8046
0 0.73 17.33 2.9847
0 0.45 17.5 2.5836
0 -0.7 18.4 2.5002
0 0.64 16.89 1.9319
0 0.93 19.17 2.0852
0 3.49 19.16 2.5419
0 3.6 19.02 1.4706
0 1.69 20.72 1.0435
0 2.12 21.52 1.5003
0 5.31 23.58 2.195
0 4.87 23.22 1.8913
0 6.2 24.92 2.0547
0 7.84 24.87 2.0039
0 7.69 25.63 2.4737
0 6.32 24.6 2.5889
0 5.34 22.75 2.2249
0 5.95 24.25 2.0946
0 5.05 23.01 2.2478
0 4.88 23.33 2.3708
0 5.15 23.65 1.9976
0 5.93 23.4 1.5587
0 7.34 23.69 1.7986
0.45 5.39 24.18 2.6974
0.25 5.26 22.87 2.3464
7.025 4.69 22.52 2.2426
1.45 4.43 22.57 2.3051
0 5.11 21.44 3.3161
0 1.9 20.63 2.9904
0 2.58 20.23 2.7432
0 4.22 19.71 2.8357
0 1.76 17.85 3.5666
0 -3.4 9.2 1.9713
0 -1.6 11.91 1.2045
0 0.02 16.3 0.1128
0 1.67 19.26 1.0077
0 3.43 21.32 2.9621
0 3.34 22.36 2.8878
0 4.02 21.08 3.0367
0 1.39 20.64 3.0487
0 -1.56 17.88 1.3386
0 -1.41 17.33 0.3408
0 -0.37 19.31 0.7173
0 1.29 21.25 1.0866
0 4.67 23.5 1.3062
0 3.33 24.66 1.8511
2.025 4.42 24.23 2.3703
7.175 4.81 24.66 2.2656
7.575 4.2 19.35 3.5269
2.075 0.57 18.45 1.7231
0 0.78 18.37 1.6703
0 0.66 20.05 0.7741
0 1.12 20.91 1.4423
0 2.79 20.76 1.0555
0 4.4 20.96 1.4382
0 2.69 22.36 3.1411
0 3.73 20.73 2.3245
0 2.61 20.13 1.4332
0 2.47 20.44 0.1343
0 5.06 21.79 1.413
0 3.7 21.26 1.976
0 2.78 20.07 2.2796
0 -0.83 18.23 2.1155
0 0.81 16.15 1.2827
0 -0.77 16.57 0.4113
0 1.66 17.21 0.8995
0 3.19 19.35 0.336
0 4.14 21.29 1.0034
2.75 2.95 23.16 1.2812
2.95 2.05 20.29 2.6091
0.775 -0.28 15.7 2.9976
0 -2.69 11.49 1.4555
0 -0.02 15.7 1.06
0 0.1 18.69 0.3385
0 0.79 20.39 1.155
0 2.5 22.14 2.4599
0 0.07 19.4 0.8716
0 1.58 18.37 2.9379
0 -0.06 20.69 2.6016
0 0.21 21.42 1.7826
0 0.08 21.14 1.0491
0 0.32 21.23 0.8048
0 1.49 22.05 1.1586
0 1 23.16 0.4464
0 1.06 23.24 2.3329
0 3.42 18.6 2.6692
0 -9.19 7.85 2.3016
0 -7.08 8.84 2.5195
0 -5.45 11.53 0.8576
5.525 -2.53 12.33 3.0368
3.875 -9.32 8.36 3.5712
0.325 -10.89 -2.26 0.344
0 -10 5.13 3.4498
0 -8.33 6.91 1.8351
0 -5.98 8.18 1.3085
0 -5.38 10.97 0.8766
0 -4.06 11.68 0.8016
0 -5.12 11.18 2.1388
21.05 -4.1 10.28 2.1235
135.05 -4.15 4.66 6.4847
75.125 -3.28 2.1 4.76
1 -2.19 5.37 0.7016
0 -2.01 11.21 2.09
0 -3.32 12.89 1.1565
0 -1.12 16.08 2.1028
4.9 -0.19 12.2 2.5669
2.925 -8.1 4.74 2.2323
0 -7.63 5.21 1.038
0 -6.38 9.17 0.6463
0 -5.78 10.01 0.8705
0 -3.53 11.5 1.0442
0 -3.51 9.07 1.935
0 -4.59 9.78 1.1706
0 -5.15 11.21 4.3
0 -9.64 -0.25 5.0653
0 -11.53 -1.51 0.8382
0 -11.07 2.52 0.0534
0 -7.65 7.88 0.8663
0 -5.36 9.72 0.7548
0 -3.32 11.46 1.2118
0 -3.38 12.95 1.1942
0 -3.25 13.12 1.837
0 -4.28 11.84 2.4498
0 -7.23 6.99 0.9782
0 -7.87 5.91 1.3165
0 -9.6 3.5 1.8262
0 -8.97 3.6 1.3476
0 -9.56 6.48 0.7695
8.375 -8.18 6.5 0.6055
8.35 -6.25 6.93 1.9082
1.975 -11.16 -2.2 1.0553
0 -13 -0.4 1.007
0 -13 -0.11 2.9216
0 -11.09 3.29 2.2198
0 -10.29 6.52 1.9076
0 -9.76 7.35 1.2261
0.775 -12.25 2.2 2.4369
7.15 -11.1 4.67 4.2876
4 -10.28 2.86 0.9564
0 -9.57 -1.97 0.7268
0 -12.24 2.92 2.5507
0 -11.69 2.25 3.7606
0 -10.71 3.57 4.2242
1.075 -11.09 4.3 2.7483
8.175 -9.69 5.89 1.2565
4.5 -10.78 2.4 5.3689
0 -13.02 -4.1 5.2702
0 -13.12 -2.24 3.8378
0 -12.36 1.48 1.7689
0 -13.23 1.48 2.5123
0 -14.89 3.45 2.2872
0 -13.88 -0.31 2.1205
0.05 -12.84 2.68 0.7908
15.6 -16.04 -2.24 2.4934
17.75 -13.54 -5.24 0.9865
5.05 -24.87 -12 0.8667
0 -24.49 -10.45 1.7995
5.975 -21.51 -9.12 2.9156
35.15 -13.28 -4.78 2.5843
72.95 -9.6 -4.08 3.6193
36.45 -11.07 -4.23 4.624
2.425 -17.2 -6.06 1.0385
0 -16.78 -7.14 2.9177
0 -15.18 -2.46 2.33
0 -12.45 -1.54 2.1187
0 -12.29 -1.52 2.6984
0 -13.51 -1.84 3.9679
0.9 -12.27 -2.27 2.8118
15.55 -11.6 1.28 1.9995
10.85 -15.27 -3.17 3.6549
0.125 -19.5 -8.24 2.7768
0 -16.66 -3.52 3.7715
0 -16.53 -3.32 3.636
6.975 -16.39 -5.32 3.9215
4.175 -15.56 -5.18 2.0047
2.8 -15.94 -6.41 3.2594
11.65 -12.15 -5.44 0.8776
6.05 -10.82 -5.5 1.5953
0.075 -11.37 -5.22 2.4985
0 -12 -1.4 2.1114
0 -13.47 -1.03 1.0444
0 -13.88 -2.11 3.8189
0 -14.23 -0.85 2.7883
0 -12.97 -0.61 2.1784
0 -12.86 -0.65 2.7607
0 -12.01 0.02 2.8847
0.225 -9.76 1.76 3.0883
2 -8.93 1.61 2.1873
1.125 -7.62 -1.66 2.4506
1.75 -8.92 0.02 3.0183
31.3 -9.97 2.33 4.4447
17.1 -8.66 -1.25 2.1433
0.2 -15.31 -3.18 1.5934
0 -14.11 -2.91 3.3374
1.375 -12.6 -0.08 1.8233
15.45 -12.34 0.45 2.6119
47.475 -10.92 -1.36 4.6477
39.675 -11.93 -5.65 5.5904
47.625 -12.21 -6.73 6.4236
44.25 -15.57 -8.61 3.9504
22.5 -15.17 -9.5 4.0509
5.625 -14.55 -9.34 1.0456
1.6 -20.05 -8.32 2.0564
5.35 -16.98 -6.87 3.7129
2.1 -11.73 -5.24 2.8034
0 -12.48 -1.86 1.4882
0 -16.86 -1.48 2.9419
1.875 -15.26 -4.56 3.0698
1.125 -12.06 -1.01 1.6062
0 -17.62 -2.03 0.9065
0 -20.04 -4.11 1.7169
0 -13.42 -2.3 1.8667
0 -13.91 -1.52 0.6628
9.625 -13.35 -1.51 2.6654
17.2 -8.81 -1.06 3.2226
16.625 -9.86 -3.1 1.7071
5.925 -10.85 -4.95 2.2981
1.35 -12.49 -5.17 1.5877
2.025 -12.87 -5.8 2.36
0.725 -14.19 -6.07 0.382
0 -13.31 -3.55 1.1086
0 -11.79 -0.53 1.2684
0 -12.04 2.21 1.1567
0 -12.23 2.7 1.4705
0 -12.99 3.82 0.7706
0 -11.4 4.24 1.7541
0 -11.29 4.82 2.475
0 -10.93 5.18 1.1473
3.125 -11.36 4.78 1.2799
7.6 -10.11 0.34 2.129
19.475 -10.07 -1.48 2.791
9.625 -16.95 -5.5 2.6311
40.425 -16.34 -1.44 3.6821
30.9 -12.13 -1.39 2.8943
3.975 -13.96 -3.1 0.6213
37.3 -12.35 0.6 4.6444
25.05 -9.61 0.63 1.4689
1.6 -10.75 -4.98 0.6651
0.825 -11.4 0.69 2.5336
12.45 -9.57 2.61 2.7112
23.4 -10.49 -2 3.341
9.725 -14.22 -4.27 3.1442
0.075 -16.11 -5.27 1.2746
0.05 -14.05 -1.48 2.7273
0.3 -12.05 -0.63 0.647
5.25 -11.18 0.24 2.3683
5.7 -17.08 -4.96 3.7655
1.575 -14.59 -4.32 1.8409
0 -16.01 -5.5 0.649
28.35 -13.78 1.02 2.422
17 -12.92 1.18 2.4055
0 -15.54 -2.91 2.8879
0 -14.9 2.18 3.9725
0 -12.44 7.1 1.5694
0 -9.12 8.34 0.6911
0 -8.53 8.36 3.1056
0 -14.56 5.16 2.2258
0 -8.93 9.54 2.1806
0 -9.99 8.42 0.9077
0 -9.64 6.83 1.1335
0 -10.86 6.7 2.4322
1.4 -10.99 7.53 2.3883
4.525 -10.04 7.45 2.6953
2.2 -12.75 0.47 2.3181
0 -11.73 1.64 3.0325
0 -10.4 6.13 1.5801
6 -7.91 8.46 3.0877
22.45 -8.13 8.72 5.9596
11.675 -11.47 -2.93 3.2029
1 -14.76 -3.27 0.7106
7.425 -13.52 -1.77 2.5825
4.275 -10.75 -1.15 2.0479
24.625 -12.52 -1.47 2.7333
14.775 -13.22 -3.78 3.5158
0.025 -16.01 -4.51 0.5473
0 -14.44 1.21 2.4023
0 -10.23 6.67 0.2441
0 -8.08 8.9 2.0446
0.75 -8.31 7.09 1.8898
19.025 -8.17 4.46 3.707
15.5 -11.82 -1.12 4.6487
2.6 -12.15 -4.09 1.1094
0 -11.35 1.95 0.6643
0 -10.44 3.69 0.8853
0 -7.71 8.7 2.4603
0 -9.34 8.08 1.1871
0 -8.56 10.93 1.1212
3.95 -7.67 12.51 1.7125
16.6 -4.73 10.52 2.9782
10.175 -11.41 -2.39 2.8464
2.125 -9.59 -5.12 1.473
0.675 -8.65 -3.32 1.2518
0 -8.33 7.09 0.5633
0 -6.59 10.02 1.3546
0 -5.62 11.7 0.7424
10.125 -3.24 13.25 4.8257
12.1 -8.22 3.38 5.2404
3.8 -13.29 -3.67 3.8632
0.1 -12.53 -2.13 3.2632
0 -10.28 3.24 1.7242
0 -8.68 7.92 1.9319
0 -6.8 10.57 1.2529
0 -4.07 12.61 1.8634
0 -4.59 11.87 3.4458
0 -8.42 7.75 2.2582
0 -9.65 6.34 1.0571
0.1 -5.89 9.77 2.8214
4.525 -7.88 8.6 3.6164
22.325 -10.7 0.44 3.6485
12 -14.5 -0.47 4.5379
0.1 -10.54 0.54 2.2875
0.275 -7.52 6.77 1.3422
0.15 -6.47 9.03 0.8853
0 -4.84 11.3 0.7213
1.65 -2.2 13.6 1.4521
7.475 -0.75 13.08 2.3801
3.875 -7.61 5.19 2.5389
0.475 -5.45 6.98 1.6756
0.275 -2.92 10.14 3.3301
0.475 -5.48 10.53 4.3414
0.55 -10.45 4.16 3.6448
0.525 -10.48 -0.8 4.0808
2.05 -8.7 1.67 2.3258
7.4 -9.77 2.72 1.6628
17.375 -5.9 5.99 3.5275
24.225 -7.85 3.09 2.6344
9.625 -9.51 1.29 3.7434
0 -9.77 2.59 1.556
0 -6.74 10.28 0.6178
0 -3.24 13.65 2.6038
0 0.47 13.1 3.0132
0 -2.47 12.61 2.5156
0 0.36 14.38 2.7647
0 2.27 14.7 2.9165
0 1.82 14.57 2.0133
0 2.95 18.97 2.938
0 4.23 19.23 3.0087
0 1.65 17.33 2.0552
0 1.79 17.33 4.0699
0 -2.21 13.72 4.5044
0 -3.38 9.3 5.4052
0 0.44 8.79 4.3432
0 -2.01 13.21 1.1622
0 0.93 15.87 1.6921
0 1.45 17.45 3.0732
0 -1.95 16.27 3.2313
0 -4.11 10.92 0.682
0 -3.33 14.86 2.1431
0 -3.52 13.74 3.4558
0 -4.41 12.22 2.5385
0 -3.5 14.07 1.4315
0 -2.02 13.52 0.6748
0 0.79 17.42 1.4975
0.05 1.1 17.99 2.2474
0.025 2.5 15.18 2.6359
0 -0.02 14.91 2.3213
0 2.68 17.99 0.6963
0 4.25 22.02 1.2937
0 4.53 23.28 3.3778
0 2.52 20.94 2.9864
0 -0.26 18.39 2.6839
0 0.05 18.11 2.7217
0 2.43 17.16 1.9313
0 -0.1 16.7 1.2063
0 0.48 18.54 1.6751
1.575 2.49 20.8 2.1089
0.95 2.1 19.56 2.1338
0 2.48 19.4 1.9109
0 4.3 21.05 1.9047
0 3.1 21.21 1.8462
0 4.01 22.21 2.6273
0 5.32 21.55 3.4048
0 6.61 21.9 3.6191
0 3.72 19.41 1.6302
3.625 4.51 21.63 0.9725
5.125 6.57 24.35 2.6136
1.75 5.47 20.65 2.878
0 5.59 23.91 2.6487
0 3.97 24.48 1.8796
0 3.85 23.65 1.9133
0 3.65 22.45 2.8794
0 3 20.98 0.9864
0 3.85 21.23 2.2061
0 4.42 22.59 1.914
7.25 6.47 23.69 2.3735
4.35 5.65 22.03 2.8291
0 3.72 20.61 2.0304
0 1.45 20.13 2.5687
0 3.85 21.08 2.0603
0 2.46 20.9 2.5327
0 3.68 20.26 2.5647
0 0.97 20.3 2.0788
0 2.08 20.69 2.5346
0 1.1 21.18 1.7665
0 1.16 21.01 2.0224
0 1.77 20.79 2.1151
0 0.75 20.38 2.3077
0 2.87 19.77 2.5846
0.975 1.35 19.39 3.0803
0.575 0.31 16.55 2.3375
0 0.4 18.01 2.2893
0 1.09 18.13 2.5915
0 -0.8 14.79 0.9984
0 -0.39 18.17 1.0834
0 1.34 18.59 1.9765
0 1.31 20.11 2.7345
0 1.88 20.09 1.0277
0 2.19 22.06 1.8827
0 2.2 22.51 2.0142
0 1.23 20.81 1.9105
0 0.75 20.73 2.2357
0 1.24 20.6 2.3322
0 2.26 17.96 1.7466
0 1.15 16.83 2.9371
0 0.37 21.23 2.4324
0 4.55 25.03 0.7865
0 6.76 26.46 2.764
0 5.19 24.14 2.6168
0 1.21 20.01 3.2955
0.375 -0.74 8.49 2.1354
0.225 -4.03 8.83 2.3546
0 -3.61 12.09 1.1091
0 -0.01 14.74 0.7654
0 0.05 19.59 0.7485
0 2.07 22.47 1.2074
0 1.85 22.77 1.555
0 1.98 21.72 1.8282
0 -0.74 20.06 1.5466
0 -0.54 19.52 2.849
0.1 1.17 17.89 3.2299
0.075 -5.65 6.15 2.0506
0 -5.71 12.01 0.8559
0 -3.56 15.62 0.8943
0 -1.64 17.61 1.1968
0 -1.78 18.11 1.986
0 -2.66 16.2 1.5328
0 -3.06 16.39 0.6925
0 -1.99 16.69 1.3756
0 -2.27 18.27 1.7191
0 -2.21 17.63 1.6584
0 -2.29 17.16 1.7388
0 -4.39 13.24 1.0027
0 -4.73 15.16 1.0108
0 -3.04 14.1 2.7907
0 -4.25 10.91 0.7357
0 -4.33 15.1 0.5149
0 -1.54 18.54 0.9796
0 -0.65 22.48 0.3422
0 -0.02 22.51 1.2724
0 2.62 23.36 0.4148
0 2.59 23.93 0.5848
0 1.94 23.56 0.295
0 1.56 20.65 0.5741
8.75 1.93 18.11 1.5298
69.5 0.43 17.37 1.9442
45.9 -1.31 10.02 1.4039
10.55 -2.59 1.82 1.4098
4.375 -5.93 4.09 0.8107
3.675 -5.83 3.78 2.4247
0.5 -7.42 4.23 0.6948
0 -6.1 9.08 1.7121
0 -4.34 11.26 1.684
0 -1.65 14.49 1.5586
0 -1.58 13.97 2.6638
0 -1.04 16.2 1.8462
0 -1.41 16.24 0.9391
0 -1.65 15.77 0.9503
0 -1.52 15.74 1.5138
6.575 -0.46 11.65 0.9762
4.3 -3.37 7.16 1.3027
0 -3.31 7.11 2.0381
0 -4.65 12.8 1.2467
0 -3.83 10.4 1.9943
9.625 -5.14 9.27 1.7811
60.125 -3.2 6.43 1.8262
132.9 -1.55 2.47 5.2515
55.375 -6.62 3.82 3.9131
0.25 -8.63 3.03 1.3851
0 -11.74 2.81 3.2038
0 -11.23 3.83 3.4285
5.05 -6.34 7.94 2.0013
3.675 -6.95 8.67 2.0068
0.35 -8.29 2.26 0.6904
0 -7.75 6.31 1.7637
0 -7.11 9.48 3.3207
0 -4.89 12.08 3.196
0 -2.68 14.24 2.1505
0 -2.14 13.75 1.2611
0.85 -2.73 12.4 2.4053
33.7 -5.34 8.91 3.4198
17.225 -10.27 0.62 2.7188
3.425 -12.96 -1.81 0.7624
3.35 -11.65 0.24 1.6057
0.025 -12.32 -2.32 2.4206
0 -10.63 1.18 1.4667
0 -11.69 3.84 3.1021
0 -9.4 3.35 1.4608
0 -8.06 6.67 2.5102
0 -8.42 7.36 0.9859
0 -9.5 6.34 2.2959
0 -8.52 7.84 2.6144
34.925 -8.42 7.71 3.1496
63.275 -10.83 1.8 3.538
48.625 -13.39 -4.47 5.4088
20.775 -12.88 -7.72 3.7125
19.65 -12.74 -5.67 4.7908
10.4 -18.88 -7.97 1.1132
0 -20.58 -10.4 3.522
0 -19.85 -9.24 3.2806
24.175 -15.79 -3.87 3.1586
16.325 -19.96 -5.7 2.7435
0 -22.62 -9.54 2.2317
0 -20.03 -10.29 2.9498
0 -15.13 -3.95 2.1162
0.1 -12.34 1.83 2.4481
0.075 -6.32 -0.16 1.746
1.5 -6.89 1.85 1.7649
21.075 -9.43 0.53 1.9243
11.425 -9.35 1.39 3.2389
0 -10.62 -1.4 2.2703
7.35 -9.36 1.64 1.9813
10.6 -5.98 2.13 1.2268
1.55 -5.87 0.41 1.6814
0.1 -7.65 1.67 0.5326
0 -9.62 3.58 2.1236
0 -9.26 3.02 1.4564
22.375 -8.91 3.98 2.3244
16.05 -10.16 -0.92 1.594
6.6 -12.16 -4.55 2.836
71.175 -12.13 -4.13 3.2901
108.43 -9.68 -4.3 5.138
77.225 -8.82 -2.52 6.0734
34.45 -10.72 -1.57 2.5415
12.45 -12.87 -9.48 2.1768
6.2 -13.18 -6.15 2.2816
4.05 -11.85 -5.13 0.5472
0 -11.51 -4.84 2.8333
18.7 -14.01 -2.51 5.1356
10.475 -14.01 -2.05 2.325
0 -14.54 -7.38 0.9951
54.8 -14.2 -6.36 2.3744
35.9 -11.34 -4.43 4.7861
1.975 -20.89 -6.22 2.5765
5.025 -21.4 -11.21 1.322
26.775 -21.54 -11.88 3.7389
24.575 -16.03 -8.52 4.2889
12.4 -13.61 -9.25 2.4483
0 -15.82 -8.11 3.0023
0 -19.71 -9.15 3.6652
0 -17.68 -7.58 5.1954
0 -16.61 -5.93 3.893
0 -16.43 -6.14 1.9295
0 -16.87 -3 0.9108
0 -16.9 -4.94 3.3364
4.825 -17.51 -6.04 3.1599
5.725 -12.73 -3.66 1.7515
0.65 -13.12 -1.79 1.6144
0.4 -13.24 -1.03 1.2579
0 -12.55 2.91 2.3429
0 -10.88 1.22 0.7845
0 -9.31 2.21 0.5455
0 -10.4 2.65 2.053
0 -9.52 3.18 1.2496
0 -10.83 2.99 4.1875
0 -12.81 0.91 3.5773
0 -12.72 1.89 2.9907
0 -12.06 4.18 3.692
0 -12.09 2.19 2.0913
0 -11.43 2.47 2.1518
0 -11.44 3.22 4.8699
0 -11.73 3.87 3.2097
0 -11.73 3.59 1.8053
7.5 -12.25 3.34 0.7815
13.975 -12.28 3.12 1.7446
4.25 -14.53 -5.59 1.632
0 -15.65 -3.2 2.2157
0 -17.09 -2.28 2.9913
0 -17.3 -2.45 2.0632
0 -14.51 0.04 2.8326
0.075 -11.41 3.57 1.5813
0.05 -11.34 5.1 1.8714
0 -9.74 5.72 0.5389
0.025 -12.31 6.22 2.3533
0.025 -14.88 -0.47 3.6564
0 -16.75 -1.66 3.6227
0 -15.48 0.21 3.5777
0 -13.13 3.25 2.528
0 -11.35 6.63 1.4216
0.2 -10.94 6.14 3.5612
15.25 -9.29 0.84 4.5595
31.95 -10.42 1.97 6.2868
40.625 -15.11 -9.29 4.6256
68.275 -13.83 -9.03 2.9628
34.925 -12.17 -6.15 3.9983
2.275 -21.79 -7.73 0.6917
0 -21.5 -7.02 1.294
0 -20.85 -7.78 0.4119
0 -19.8 -4.23 0.3968
11.45 -17.93 -4.91 2.7115
24.825 -12.63 -5.56 5.7291
13.875 -18.04 -8.47 0.6984
0 -20.89 -11.62 0.556
0 -22.12 -6.37 2.2479
6.65 -18.8 -2.72 1.7183
15.575 -15.38 -0.66 3.5746
8.925 -9.39 -0.6 1.8947
0.6 -14.85 -1.98 1.4064
5.5 -11.93 1.4 0.5234
28.2 -10.64 1.81 1.7472
25.65 -8.77 -0.88 4.2308
0.3 -11.7 -4.26 0.8511
0 -9.45 2.18 1.5589
0 -8.12 5.73 1.5345
0 -8.35 4.28 0.8844
0 -8.91 2.7 0.4965
4.8 -9.13 3.71 1.0891
4.425 -7.26 1.05 1.3516
37.65 -6.65 5.37 1.5631
35.475 -5.81 5.08 3.1847
3.125 -11.82 -2.27 0.8931
31.8 -11.49 -0.14 3.6048
54.8 -12.15 -4.68 4.9318
75.625 -11.39 -7.16 6.0655
28.825 -13.26 -6.75 2.6645
11 -14.7 -4.89 0.9944
19.875 -11.85 -2.7 4.5623
45.025 -11.7 -6.73 5.5456
30.7 -15.12 -6.59 4.3737
17.65 -12.96 -5.37 3.1002
8.5 -10.32 -4.41 1.8437
0.325 -9.9 0.34 0.5356
0 -10.49 4.06 0.8366
0 -9.11 4.23 1.7492
0 -7 8.49 2.2176
0 -6.42 13.06 1.7949
0 -5.98 14.79 0.9837
0 -8.13 8.77 1.6341
0.025 -9.37 7.26 2.0229
0 -8.17 9.95 1.2219
2.325 -7.76 10.14 1.1294
7.75 -11 7.52 3.5678
5.65 -16.97 -7.66 1.4782
1.175 -15.5 -8.43 1.3275
0.025 -15.03 -2.4 0.4357
0 -12.74 3.78 1.3677
0 -10.82 4.74 1.0392
0.65 -10.45 5.38 2.9043
0.45 -13.43 -3.7 0.505
0 -10.94 5.07 0.7825
0 -8.21 8.88 1.0189
0 -6.42 11.42 2.1308
0.05 -3.98 11.12 3.0705
0.025 -5.42 7.61 1.6201
0.375 -5.07 9.37 2.1213
8.425 -5.34 2.95 2.2568
2.7 -9.72 3.71 0.8398
1.825 -8.87 3.71 1.144
0.975 -6.26 1.89 2.5759
0.875 -8.04 1.33 2.6501
0.125 -10.89 3.97 2.3084
0 -9.16 6 0.7798
0 -6.69 9.16 2.3591
0 -9.82 7.12 4.2541
0 -11.94 4.02 3.4952
0 -10.22 5.47 2.0217
0 -7.33 9.06 0.6708
0 -5.62 11.19 0.7519
0 -4.61 13.23 3.1501
0 0.18 15.61 0.9698
0 -2.17 16.32 1.4838
0 -2.1 15.09 2.0353
0.15 -3.89 11.19 3.0149
1.95 -9.21 2.85 3.2023
2.675 -10.83 -2.12 2.6669
0 -7.43 6.54 1.6378
0 -4.9 10.19 1.0612
0 -4.42 12.95 0.5517
12.175 -3.82 14.62 3.0924
21.425 -11.05 6.26 3.2698
11.1 -12.17 -4.05 1.145
33.125 -10.53 -0.07 3.472
25.775 -10.39 -2.88 2.378
2.05 -9.33 -0.18 3.3743
0.075 -9.64 5.47 1.5716
0 -5.46 10.58 1.815
0 -5.54 10.37 2.6812
0 -7.22 9.47 4.1681
0 -8.2 6.7 2.2327
0.075 -5.36 10.47 3.0498
0.05 -6.23 7.8 2.6055
0 -6.11 7.63 3.47
5.95 -6.26 7.82 4.2379
6.025 -10.25 3.19 4.7183
1.225 -10.31 1.64 3.0395
1.225 -6.68 6.12 3.023
1.925 -3.77 6.75 3.1274
1.375 -9.77 1.66 1.761
0 -8.97 4.06 0.9542
13.65 -7.44 5.83 2.7807
24.25 -2.59 1.25 1.5776
11.225 -6.07 7.47 3.9144
0.825 -6.62 3.8 1.7576
0.4 -5.35 8.84 2.8607
0 -3.22 11.88 1.4291
0 -2.23 14.65 2.024
0 -1.47 14.43 2.8896
0 -2.62 12.28 2.6126
0 -1.99 13.78 2.7266
0 -0.74 15.76 1.4339
0 0.38 18.95 1.7996
0 2.08 17.74 2.0783
0 -2.99 15.73 0.8726
0 -0.67 15.3 2.9686
0 -0.5 16.22 2.1189
0 -0.86 15.5 0.2353
0 1.21 18.91 0.4201
0 2.95 21.64 2.5258
0 3.22 21.38 3.0479
0 1.25 19.33 2.5682
0 -0.92 18.12 2.585
0 -1.26 16.5 2.1182
0 0.9 18.38 2.0354
39.925 1.31 18.2 2.9808
22.45 -1.24 14.12 2.6615
3.35 -3.48 6.79 2.2114
0 -0.36 14.59 0.6524
0 0.6 19.26 0.7675
0 3.06 21.46 0.8212
0 3.16 21.72 1.6628
0 3.8 21.21 1.7035
0 5.69 20 2.3942
0 5.32 20.77 3.011
0 3.44 19.13 2.1714
0 2.96 19.99 2.4459
0 0.89 19.62 2.1954
0 0.5 18.83 2.5467
0 0.67 17.57 2.7052
0 -0.53 16.7 3.2765
0 -0.93 14.94 2.6639
0 0.7 14.14 3.1583
0 -1.36 13.59 3.3505
0 -1.2 14.4 2.2019
0 -1.37 15.92 1.6574
0 0.03 18 2.0389
0 -0.04 17.86 1.0315
0 0.51 18.44 2.2298
0 1.79 19.48 2.8146
0 3.2 18.89 1.8009
0 2.97 20.33 2.2638
0 1.38 20.78 2.3293
0 0.37 19.65 1.6767
0 1.15 19.19 1.6043
0 3.78 18.37 1.2039
0 4.84 21.58 2.0695
16.55 4.17 22.08 3.1381
12.4 5.34 21.17 2.3001
1.675 5.29 17.76 1.8123
0 3.54 20.11 1.9819
0 4.55 21.26 2.1359
0 1.92 21.48 3.2333
0 0.9 18.33 2.2646
0 0.99 18.56 3.1916
0 0.79 19.2 2.6372
0 1.48 19.29 1.9039
0 0.85 20.09 1.9915
0 0.98 19.76 2.1097
0 1.9 20.27 2.6821
0 2.05 20.33 1.4436
0 1.83 20.49 1.5544
0 2.5 21.4 2.2124
0 0.39 19.18 1.4408
0 -0.04 18.72 0.7549
0 -0.24 19.82 1.6416
0 1.65 21.3 1.3106
0 2.51 22.08 2.4833
0 1.18 19.78 2.2233
0 0 19.09 1.8468
0 -1.08 18.63 1.319
0 0.61 19.81 0.8734
0 2.18 21.88 2.1008
0 4.61 20.79 1.454
0 4.3 20.35 1.0991
0 1.91 22.68 1.1728
0 3.63 22.53 1.6136
0 2.57 22.89 1.6166
0 1.33 22.02 2.0299
0 -0.26 21.25 1.8753
0 1.84 18.85 0.6254
0 0.22 19.75 1.0687
0 2.68 20.61 0.8365
0 1.81 20.36 0.7722
0 3.37 20.81 1.914
0 1.43 19.36 0.382
0 1.81 20.4 0.9011
0 2.47 21.43 0.7639
0.05 2.64 19.67 2.01
3.525 1.13 18.73 1.1926
11.6 1.67 17.5 1.6223
16.25 -1.04 11.82 1.4824
14 0.97 15.14 0.6857
15.175 -0.74 15.99 1.1088
0 0.93 14.97 2.5773
0 1.52 15.8 1.8332
0 -0.6 13.36 1.568
0 -1.86 14.9 0.3872
2.75 -1.2 17.64 0.2039
1.825 0.63 19.73 0.8128
0.05 0.9 19.4 0.4897
5.95 1.1 20.1 0.4837
0 4.22 20.69 0.7707
0.325 2.07 21.25 1.6491
8.825 -0.26 17.59 2.4687
0.075 -2.14 10.94 1.5921
0 -0.74 16.66 0.2902
0 1.42 18.84 0.5507
0 2.81 16.89 1.0294
0.1 0.15 19.18 1.6263
0.05 -0.5 17.97 2.7327
0 0.62 14.38 2.2004
0 -1.72 13.3 2.3578
46.275 -3.72 10.2 2.4736
53.2 -5.19 5.77 4.1853
16.625 -9.55 -0.87 0.7682
2.65 -11.18 -1.17 0.9066
0 -10.24 3.81 1.4421
0 -7.96 7.45 1.3223
4.875 -5.8 9.6 1.8605
6.3 -3.18 5.7 1.9735
0 -2.84 11.23 0.9362
0 -2.6 13.84 0.6278
0 -1.99 15.83 0.5286
0 -2.3 15.79 1.3467
0 -2 14.26 1.7321
0 -2.25 13.58 2.0076
0 -2.44 13.85 2.1074
0 -3.54 15.46 0.6846
0 -2.67 11.91 0.4935
0 -5.09 13.26 0.3782
0 -3.17 11.51 2.5467
0 -5.08 13.94 2.0709
0 -4.73 15.34 2.3198
0 -4.96 11.24 1.4084
0 -8.07 6.74 3.7957
0 -10.17 5.46 3.5061
0 -9.2 6.19 2.1722
0 -7.58 9.21 0.8865
0 -6.74 10.44 2.2725
0 -6.68 11.67 0.1126
0 -6.95 11.55 3.7576
0 -5.97 7.44 4.1169
6.475 -11.08 8.38 4.18
11.4 -13.7 6.66 1.9661
10.625 -15.31 -5.96 0.6738
8.7 -13.26 -4.99 1.6588
0.125 -13.35 -5.33 1.0962
0 -15.51 -3.84 2.3136
0 -13.88 -0.8 3.2047
0 -11.87 2.79 2.7204
4.175 -8.5 2.76 2.9495
3.65 -7.28 -0.06 0.8899
0 -8.47 1.37 0.2305
0 -7.02 3.49 0.3794
0 -10.82 3.24 0.4125
0 -10.33 4.09 0.8728
0 -9.19 4.19 1.5361
0 -10.67 4.4 3.9643
2.35 -10.91 -1.78 2.3954
5.25 -11.56 -3.58 3.8194
3.025 -14.55 -4.42 1.6264
0 -13.57 -0.73 2.372
0 -11.52 1.31 3.6374
0.125 -10.24 4.51 2.55
0.05 -10.35 0.67 0.7639
0 -9.48 1.81 2.9269
0 -8.12 7.3 2.3245
0 -8.77 6.58 1.1303
0 -8.1 5.94 1.956
0 -11.38 7.77 3.4494
0 -10.61 2.33 8.951
0 -12.84 -2.86 3.9195
0 -13.9 1.84 4.386
0 -15.72 -2.08 2.8376
0 -15.28 -1.85 3.5112
0 -16.2 -3.09 2.9854
0 -14.94 -2.07 3.6336
0 -14.44 0.99 4.0198
0 -14.42 0.17 4.4159
0 -11.8 0.84 3.2106
0 -14.49 0.53 1.2307
0 -16.09 -0.75 1.6093
0 -16.81 -3.99 1.4732
0 -16.63 -3.43 0.8987
0 -15.26 -2.23 0.8367
0 -12.57 -3.7 5.832
0 -11.03 -0.29 4.9255
0 -15.11 0.9 2.7485
0 -14.91 0.57 4.8913
0 -16.22 -2.78 4.6507
0 -15.56 -0.92 3.6046
0 -16.73 -0.87 4.4674
0 -16.79 -1.88 3.8362
0 -16.45 -0.04 4.9586
0 -15.11 1.12 3.2634
0 -13.7 2.8 1.4322
0 -13.31 3.92 0.9879
0 -11.1 3.08 1.0232
0 -9.66 7.05 0.968
0 -10.43 4.57 1.8164
0 -13.14 3.42 2.3596
