1.15 -2.11 9.49 1.4865
7.575 -2.77 6.86 1.4214
3.9 -4.35 6.64 1.7371
0.55 -6.91 3.88 4.0085
2.125 -6.51 4.11 1.8953
1.025 -1.03 1.6 0.4057
0 -1.46 5.93 1.4897
0 0.09 8.76 0.7323
0 -1.63 10.22 4.2496
0 -2.05 9.9 3.381
0 -1.65 13.28 2.5007
0 0.64 13.19 5.4317
0 1.33 14.86 3.9712
0 -1.54 15.78 3.7287
0 -0.95 16.69 3.8735
0 -0.97 17.41 4.891
0 -0.36 15.84 4.2689
0 -0.27 15.49 4.8235
0 -0.23 15.44 4.9561
0.05 -0.21 14.68 3.4916
8.85 0.59 15.23 2.6985
22.475 4.58 13.6 2.0892
36.8 5.55 8.28 1.6309
38.35 3.86 8.72 2.4352
11.2 -0.83 6.53 3.4242
2.375 -5.94 0.4 0.8742
0.375 -7.16 3 1.2953
0 -6.09 4.93 1.3886
0 -2.73 8.82 4.1956
0 -2.65 12.63 4.4836
0 -0.69 15.04 3.0621
0 -0.67 14.36 3.1737
0 -1.05 11.85 3.9674
0 -1.16 15.74 3.7978
0 1.09 17.24 2.9972
3.675 1.67 16.46 2.5285
7.725 1.19 8.29 2.8893
2.4 -0.57 6.9 2.83
14.375 -1.27 8.53 1.2306
8.925 -3.93 6.05 3.4654
3.625 -9.27 1.67 0.4413
7.75 -8.38 3.13 2.7471
6.075 -4.19 3.99 1.3891
15.95 -5.2 3.77 3.1816
9.425 -3.56 1.45 3.7096
2.7 -1.77 3.94 6.0418
16.575 -0.86 3.95 5.4432
16.375 -1.07 3.44 4.4001
2.75 -3.46 1.61 1.4308
0 -4.44 5.82 3.4854
0 -3.47 10.85 2.6393
5.25 -3.27 12.18 3.7472
20.7 -2.88 10.69 3.7596
12.575 3.08 6.23 2.7436
3.5 0.66 7.26 1.6487
1.475 1.05 12.61 1.57
0.75 0.42 8.28 2.7211
0.1 -2.44 9.89 0.4335
0 -1.52 11.5 3.6801
10.55 1.72 13.28 2.8866
27.075 3.83 10.07 4.2104
49.85 2.17 9.6 4.9441
32.825 -1.18 5.64 2.8235
7.975 -5.52 5.08 0.9048
0.725 -4.36 5.83 1.8729
0 -5.62 4.85 0.3891
0 -5.84 8.56 1.3548
0 -2.89 10.83 2.5908
0 -6.5 6.1 0.5104
0 -6.19 8.86 0.7575
0 -2.56 10.57 2.1061
0 -2.47 12.68 2.2961
0 -1.78 14.06 1.3931
0 -1.13 10.92 2.5667
0 0.5 13.01 3.0523
0 1.03 15.07 1.0269
0 1.39 15.81 1.0914
0 2.52 17.62 1.0549
0.175 1.95 18.31 0.7442
17.275 2.6 17.68 1.8278
11.975 -1.89 10.85 4.0433
1.025 -6.97 3.46 2.1672
0.425 -5.81 7.2 1.9713
0.25 -3.7 12.62 0.5885
0 -0.84 14.51 1.8328
0 1.65 16.97 2.05
0 1.94 17.27 1.3974
0 1.81 18.21 3.4644
0 -1.96 12.77 2.071
0 -1.78 13.03 0.356
0 0.07 14.97 2.6898
0 1.07 17.81 2.5723
0 -0.53 14.01 5.1798
0 -4.1 10.11 1.985
0 -3.17 13.28 2.7388
0 -0.9 17.87 2.1319
13.15 1.05 20.24 1.1548
12.6 0.07 15.71 3.093
12.525 -0.36 6.76 1.8168
6.6 0.39 7.1 2.2554
0.5 -1.2 7.73 3.6354
0 -0.26 11.26 1.4738
0 1.04 15.51 2.2809
0 1.98 15.66 4.8556
0 -5.53 9.16 5.8943
0 -4.04 7.12 2.9953
0 -1.74 14.31 1.6238
0 0.49 18.16 2.7594
0 2.99 21.36 2.7477
0 6.87 25.52 1.5035
0 8.45 26.97 1.1315
0 8.14 27.56 1.9649
0.175 6.32 26.49 2.6866
1.275 4.38 20.7 3.2144
0.7 -2.53 10.18 3.3417
0 -1.15 13.8 1.8928
0 0.57 15.62 2.332
0 -1.3 14.29 3.1667
0 -1.97 12.06 1.6478
1.1 0.08 14.47 1.8603
44.35 2.97 17.71 1.916
28.825 5.71 14.81 2.5532
6.25 5.69 10.47 3.8184
4.25 4.66 12.92 1.9463
1.075 7.13 16.01 3.8251
0 5.36 19.15 2.1205
0 5.55 21.36 2.8556
0 5.85 20.97 1.7445
0 5.66 22.15 1.3879
0 6.35 22.5 1.0524
0 6.52 24.11 2.9858
0 4.8 22.79 3.31
0 4.93 20.58 2.5713
0 5.6 21.9 3.0478
0 6.8 22.24 1.8898
0 9.06 25.1 1.6184
0 12.14 30.14 0.3796
0.425 12.53 32.17 2.2958
0.25 11.71 31.21 2.5923
0 8.1 25.34 1.4912
0 7.45 24.38 0.9389
0 8.41 25.35 2.4198
0 8.5 25.39 2.9832
0 7.1 24.11 2.7271
0 6.08 22.95 1.9551
0 8.27 23.84 1.463
0 9.83 26.26 0.9047
0 11.19 28.57 1.9692
0 11.26 28.05 2.5439
0.075 12.21 27.61 3.1776
0.05 10.54 24.65 2.2304
0 10.17 24.95 2.0858
0 9.21 22.24 2.2773
0.675 9.3 21.01 0.4283
4.625 6.97 20.73 2.1267
4.125 4.58 18.05 3.4658
3.325 3.08 12.87 2.2701
1.6 4.51 14.97 2.6688
0 6.02 19.7 2.5569
0 6.6 21.45 3.3922
0 6.48 20.3 3.0632
0 5.28 19.14 3.3122
0.8 6.14 21.25 2.3613
0.475 8.08 17.84 3.5492
0.025 5.65 18.92 2.4131
0 5.89 19.73 2.4516
0 6.84 20.31 2.4864
0 8.74 21.68 3.0643
0 9.21 24.47 1.8883
0 10.51 28.29 2.7275
0 7.3 27.24 3.1806
0 5.28 22.17 3.2504
0 6.24 21.09 1.4234
0 8.33 24.72 0.7594
0 10.45 28.52 1.5656
0 11.48 30.41 2.7573
0 10.62 28.53 1.694
0 12.02 28.76 0.9279
0 12.76 33.77 0.6652
0.125 14.38 34.6 2.9156
0.075 14.12 34.44 2.8452
0 13.37 30.75 2.2662
0 13.78 31.58 1.7959
0 12.34 30.64 2.8699
0 11.74 30.71 2.5669
0 11.18 28.98 2.8092
0 10.09 27.8 2.5662
0 8.3 26.62 2.7656
0 7.54 26.3 2.6071
0 8.31 25.7 2.593
0 8.61 26.09 1.9856
0 10.14 27.25 1.8803
0 12.01 28.19 2.3263
0 11.77 28.54 1.5625
0 11.52 30.81 0.867
0 12.33 31.59 1.4983
0 13.44 33.7 1.9387
0 14.61 33.44 1.756
0 15.91 34.49 2.01
0 15.91 34.99 1.6746
0 16.31 35.56 2.444
0 14.25 34.02 2.5697
0 13.34 32.2 2.3718
0 14.11 32.41 2.1032
0 13.88 31.61 2.1773
0 12.84 30.93 2.3012
0 12.63 32 1.99
0 14.7 33.29 1.7353
0 15.68 33.83 2.0534
0 15.56 32.61 2.8385
0 15.64 31.6 2.5583
0 14.29 31.73 2.6747
0 14.17 30.89 2.5391
0 13.28 30.77 3.1143
0 10.66 28.13 2.6755
0 11.07 27.81 2.2838
0 11.92 28.76 2.448
0 9 26.64 3.1452
0 5.89 20.03 1.8886
0 7.93 21.38 1.4219
0 10.09 26.15 0.4576
0 12.26 28.96 1.1943
0 13.5 31.35 3.018
0 12.63 32.59 2.8727
0 11.91 31.06 3.0981
0 10.67 28.76 3.1006
0 7.81 27.03 1.4659
0 8.38 26.65 0.4876
0 10.81 28.64 0.8016
0 12.11 30.46 0.9279
0 13.36 32.37 1.311
0 14.12 32.56 2.2053
0 14.68 32.29 2.2734
1.125 13.9 34.04 2.2558
1.25 12.48 30.35 3.0658
0.2 10.96 26.03 1.6472
0 10.43 26.73 1.5428
0 10.15 28.39 0.5357
0 10.28 30.31 1.5584
0 11.59 30.54 1.3467
0 12.53 30.88 1.46
0 12.39 32.5 2.7793
0 13.49 31.03 1.8582
0 12.54 30.08 0.9435
0 12.43 31.08 0.3027
0 13.33 32.17 1.58
0 12.78 31.82 2.2243
0 9.79 29.48 2.1327
0 8.86 27.06 2.0768
0 8.36 24.55 1.5953
0 8.46 25.45 0.4615
0 9.24 26.6 0.9664
0 11.13 29.32 0.4089
0 11.87 31.19 0.9982
0.15 13.27 32.95 1.659
0.475 10.68 28.7 2.2964
0.725 8.89 22.62 2.8022
0.25 7.41 19.55 1.5397
0 7.94 24.75 1.4235
0 10.32 27.43 0.498
0 11.12 28.73 1.0288
0 11.96 31.44 2.1454
0 10.32 29.6 0.8814
0 11.06 28.53 2.352
0 11.52 31.07 2.3227
0 11.26 31.57 1.4433
0 10.57 31.07 0.8226
0 10.75 30.52 0.7996
0 11.82 32.09 1.1712
0 11.62 33.1 0.4545
0 11.77 33.17 2.0816
0 11.36 28.91 2.5356
0 1.02 15.78 2.3427
0 1.68 19.81 2.4375
0 3.84 21.65 0.7899
0.7 5 22.02 3.1073
0.6 0.78 17.55 3.4128
0.1 -1.84 9.03 0.3143
0 -1.79 14.19 2.9308
0 0.57 17.53 1.4785
0 2.34 18.24 1.3034
0 3.15 20.03 0.7142
0 4.28 20.69 0.6292
0 2.98 20.89 1.9145
6.625 4.41 19.39 2.0256
56.475 3.88 13.61 6.7649
31.775 6.56 11.93 4.4519
0.775 8.52 15.65 0.9392
0 7.76 21.02 2.1322
0 6.98 21.93 1.0468
0 10.07 25.51 1.7613
0.775 6.41 20.3 2.2292
0.45 1.23 14.24 1.7505
0 1.58 14.39 1.0413
0 3.06 17.9 0.6427
0 4.12 19.17 1.1099
0 5.87 20.64 1.1777
0 5.36 19.17 1.7545
0 5.04 19.51 1.1031
0 4.51 20.62 4.5178
0 0.1 13.78 4.8999
0 -2.32 10.12 0.7739
0 -1.98 11.75 0.0996
0 0.52 17.31 0.8373
0 3.2 19.02 0.8446
0 5.24 20.23 1.2744
0 5.43 22.01 1.1699
0 5.1 22.82 1.8035
0 3.74 21.35 2.4078
0 1.6 15.38 0.7542
0 1.84 15.1 1.5705
0 -0.4 12.96 1.8656
0 0.05 13.63 1.155
0 1.57 14.41 0.6892
3.65 3.1 14.74 0.3707
4 1.93 13.39 1.9366
0.775 -2.57 7.16 1.2339
0 -2.48 8.52 1.0523
0 -2.24 9.75 2.8572
0 -1.56 12.11 2.0889
1 -0.05 14.94 1.5675
0.5 0.11 15.36 1.7478
0.3 -1.69 11.26 2.3648
7.275 -1.36 12.84 3.8527
3.775 -1.65 11.35 1.0803
0 -1.26 7.78 0.5694
0 -1.79 10.36 2.2476
0 -0.61 11.36 3.6664
0 0.42 13.27 4.016
0.425 0.43 15.22 2.5853
2.225 0.95 15.7 1.0718
1.075 -0.81 9.09 5.2603
0 -1.17 9.25 4.9905
0 -1.03 10.65 3.9373
0 -0.82 13.37 1.7701
0 -1.69 12.57 2.2919
0 -3.2 13.1 2.1581
0 -2.43 10.63 2.0812
0.025 -2.52 11.67 0.877
16.925 -4.83 7 2.3039
15.675 -5.17 2.34 0.7971
3.1 -11.47 -0.92 0.797
0 -10.64 -0.82 1.9229
6.65 -9.03 1.95 3.1719
33.625 -3.43 5.08 2.7993
54.25 1.6 5.83 3.7498
28.55 0.31 5.97 4.2078
4.325 -0.48 3.15 0.8491
0 -2.29 5.19 3.2025
0 -0.48 7.97 2.6182
0 0.02 8.92 2.2099
0 -0.54 10.33 2.7548
0 -0.3 8.15 4.1007
1.1 0.04 10.16 2.8574
11.5 0.88 12.11 1.8733
8.5 -2.44 7.47 3.6314
0.575 -6.63 3.77 2.4396
0 -4.12 6.67 3.9789
0 -3.17 8.75 3.9697
5.35 -2.77 9.73 4.1
3.8 -2.22 7.33 2.087
2.075 -2.31 5.64 3.1355
6.875 -2.28 5.62 0.8614
3.425 0.11 5.42 1.5204
0.7 -1.36 5.01 2.6703
0.45 -1.23 7.61 2.2568
0.05 -0.83 8.4 1.1395
0 -1.36 10.34 3.9072
0 -2.28 12.25 2.8653
0 -1.15 12.71 2.6308
0 -0.76 10.61 3.0498
0 -0.08 11.34 2.7306
0.925 1.03 11.84 3.0403
1.1 1.75 11.93 2.3525
0.325 1.89 9.48 2.4763
1.2 1.89 10.29 3.1823
17.95 2.1 13.85 4.5774
11.1 1.62 9.55 2.0761
0.675 -3.37 7.26 1.4435
0 -1.95 9.28 3.3565
0.625 -0.74 12.06 2.222
13.3 -0.66 11.95 2.7438
23.35 1.02 8.14 4.8618
24.525 1.76 5.08 5.7126
29.95 -0.93 3.35 6.626
28.575 -2.59 3.44 3.9583
17.425 -3.38 2.05 3.7411
4.925 -4.34 0.23 1.0801
1.225 -5.63 4.33 2.3931
3.55 -3.77 4.03 4.162
1.625 0.3 5.39 2.9113
0 -1.85 7.45 1.384
0 -3.34 8.91 2.8697
1.525 -1.57 8.63 3.2086
1.35 -0.99 9.83 1.418
0.25 -4.18 7.86 1.0844
0 -4.72 8.27 1.7702
0 -2.11 9.14 2.0516
0 -0.81 9.32 0.6741
6.825 -0.85 10.29 2.9649
9.3 0.79 8.54 3.3143
11.35 1.98 6.68 1.6736
5.05 -0.04 4.28 2.3655
2.325 -0.83 4.22 1.4594
2.2 -0.65 5.09 2.0904
0.575 -3.72 4.38 0.5095
0 -3.39 6.56 1.2459
0 -0.86 7.86 1.3823
0 -1.38 11.42 1.3336
0 -0.25 13.03 1.5102
0 -0.52 14.08 0.9971
0 0.76 13.56 1.7268
0 1.25 14.41 2.4682
0 0.28 16.37 0.9471
2.375 -0.22 14.35 1.1541
4.2 1.49 9.56 2.1189
8.1 0.23 6.31 2.7975
3.75 -5.38 3.53 2.3289
21.775 -4.78 8.48 3.8619
16.825 -0.65 5.7 2.7395
1.95 -3.05 6.3 0.8246
26.275 -1.83 10.61 4.6859
16.225 0.62 10.28 1.2191
0.675 -1.37 5.42 0.4311
0.5 -1 10.92 2.3526
7.925 1.41 12.87 2.692
18.95 0.82 5.22 3.3431
8.25 -3.03 3.86 2.8526
0.1 -4.68 3.87 1.3438
0.025 -2.75 7.68 2.5357
0.2 -2.36 10.57 0.8697
2.55 0.8 10.31 2.5168
4.2 -7.28 4.43 3.6513
1.65 -5.33 5.32 2.0198
0 -5.06 4.91 0.4932
20.65 -3.56 10.04 2.2979
11.75 -3.75 9.17 2.3561
0 -4.26 7.83 2.712
0 -3.41 11.43 3.8372
0 -0.61 17.39 1.3652
0 1.57 18.32 0.8341
0 2 18.4 2.9462
0 -2.49 18.36 2.2486
0 1.27 19.82 1.9756
0 1.72 18.35 0.4632
0 0.7 16.71 1.4373
0 -0.27 15.4 2.0788
0.85 -0.19 16.07 2.0834
2.475 0.17 16.4 2.3914
1.45 -3.29 9.64 2.1524
0 -1.91 12.37 2.7966
0 -1.22 15.45 1.2373
4.85 1 17.01 2.7361
15.5 1.17 16.49 5.4126
7.875 -2.53 5.96 2.8621
1.075 -5.33 5.59 0.7062
8.65 -4.12 7.79 2.2973
4.7 -2.59 5.61 1.8379
24.8 -2.83 6.34 2.7938
14.125 -3.03 5.42 3.0715
0.05 -3.86 5.24 0.6028
0 -3.23 10.38 2.3069
0 -1.07 15.13 0.4742
0 0.82 16.25 1.6507
0.575 1.68 15.77 1.9482
18.675 1.42 9.93 4.0855
18.55 -0.19 5.96 4.5088
5.15 -2.07 4.77 1.0945
0 -1.28 9.72 0.6505
0 -0.4 11 0.8156
0 0.61 15.62 2.1783
0 0.69 15.34 1.3116
0 1.24 17.7 1.197
6.95 3.11 19.38 1.5508
20.8 3.52 17.16 2.6345
12.475 -1.83 6.71 3.1162
1.825 -0.32 2.96 1.8347
0.075 0.92 5.89 1.1699
0 1.87 16.43 0.8104
0 4.83 18.53 1.2595
0 4.54 21.52 0.7681
9.525 5.35 21.3 4.3529
8.925 -0.72 10.56 4.8936
2.75 -3.04 5.43 3.6653
0.05 -3.43 7.02 3.2471
0 -0.93 12.95 1.8267
0 0.75 16.3 1.8032
0 3.07 20.16 1.0385
0 4.36 21.45 2.0581
0 3.23 19.78 3.5882
0 0.41 15.68 2.2723
0 -0.21 15.97 0.8055
0.05 1.79 18.28 2.7498
1.975 2 16.85 3.6136
14.9 1.21 8.62 3.2788
7.775 -4.03 6.53 3.8965
0 -2.77 10.33 2.0669
0.4 1.56 17.01 1.1296
0.225 3.45 19.77 0.731
0 4.18 20.86 0.6148
0.75 6.74 22.6 1.2932
5.625 8.21 22.16 2.0625
3.1 4.46 13.52 1.8789
0.15 5.5 15.67 1.5841
0.1 6.56 18.06 3.3543
1.325 1.59 17.91 4.2605
1.725 -1.8 11.14 3.5642
0.775 -1.32 8.32 4.0975
0.975 0.62 12.46 2.2939
8.375 0.25 12.01 1.5723
10.25 2.72 13.9 3.0153
12.225 2.54 11.4 2.3497
4.95 -0.69 10 3.3732
0 0.1 12.13 1.6845
0 3.11 19.5 0.6661
0 7.24 23.12 2.5048
0 9.17 21.93 2.9929
0 7.36 20.41 2.3996
0 8.34 22.24 2.5191
0 10.01 22.85 2.6499
0 10.26 23.94 1.9111
0 11.2 27.23 2.8134
0 9.78 27.4 3.0681
0 9.14 25.07 2.4726
0 8.55 25.23 3.7611
0 3.7 21.04 4.5707
0 4.86 17.44 5.117
0 7.7 21.21 3.8621
0 8.18 24.69 1.0085
0 9.16 25.54 1.7929
0 9.68 27.74 2.868
0 5.89 25.15 3.1406
0 4.8 20.9 1.1795
0 5.44 24.4 2.3511
0 5.58 22.44 3.2467
0 4.56 19.95 2.6137
0 5.84 21.98 1.7253
0 7.09 23.37 0.9458
0 9.04 26.57 1.8323
0.725 9.88 27.62 2.2176
0.35 11 24.89 2.7545
0 10.14 24.66 2.4629
0 11.91 27.62 0.9979
0 14.17 31.37 1.585
0 13.65 33.45 3.1654
0 10.82 29.68 2.9558
0 8.49 27.66 2.7105
0 8.34 26.7 2.8449
0 9.7 25.22 2.1998
0 9.01 25.79 1.0994
0 10.43 28.4 1.8663
0 11.03 30.08 2.3721
0 11.65 28.18 2.3636
0 11.56 28.44 2.3178
0 13.38 29.63 2.1497
0 13.02 30.31 1.855
0 13.78 31.65 2.3643
0 14.58 30.94 3.2282
0 14.13 29.3 3.2894
0 12.95 28.02 1.691
0 13.58 29.93 1.3166
0 15.58 32.76 2.6672
0 15.73 33.85 2.7675
0 14.84 33.45 2.5864
0 13.06 33.65 1.9772
0 13.17 32.14 1.9836
0 12.82 30.29 2.5509
0 11.82 29.55 1.0032
0 12.49 29.4 2.2762
0 13.41 30.51 2.1084
0 14.68 32.31 2.6288
0 14.45 31.38 2.83
0 13.44 28.3 2.0232
0 10.99 27.08 2.4763
0 11.41 28.36 2.1817
0 11.01 29.11 2.4645
0 11.19 28.84 2.3975
0 10.47 28.37 2.0351
0 10.75 28.48 2.4372
0 9.98 29.24 1.5762
0 10.67 29.49 1.9872
0 11.15 29.44 2.0723
0 10.51 28.37 2.1745
0 10.67 28.16 2.5617
0 11.08 27.65 2.9568
0 10.69 25.9 2.1237
0 10.05 26.26 2.0335
0 9.9 26.25 2.3337
0 9.16 24.58 1.0385
0 9.88 26.09 1.3813
0 11.55 27.65 2.3207
0 11.43 27.81 2.8562
0 11.21 28.37 1.1498
0 12.02 30.51 1.6237
0 11.98 30.71 1.7403
0 9.95 29.26 1.9462
0 10.59 29.39 2.2635
0.025 11.14 30.21 1.971
0 8.25 27.19 1.7177
0 9.1 25.47 2.5594
0 9.95 30.39 2.1033
0 13.89 34.72 0.6033
0 16.14 35.94 2.3626
0 12.45 32.29 2.4058
0 8.1 28.4 2.9063
0 5.62 17.16 2.2216
0 5.37 18.28 2.4557
0 6.16 20.51 1.3632
0 8 23.97 0.8449
0 10.87 28.57 0.4993
0 11.81 31.46 1.2615
0 11.7 31.76 1.278
0 12.94 31.18 1.9727
0 10.15 28.53 1.3994
0 10.09 28.42 2.4092
0.025 8.07 27.06 2.8952
0 3.74 13.24 1.9714
0 3.7 18.76 0.7406
0 5.47 22.63 0.6817
0 8.6 26.67 1.0915
0 8.97 26.98 1.7563
0 7.9 24.78 1.4672
0 7.93 24.76 0.9822
0 7.95 25.12 1.6506
0 8.29 25.74 1.5913
0 8.58 24.77 1.5244
0 8.41 24.31 1.4425
0 6.6 21.58 1.2019
0 6.39 22.89 1.0544
0 5.8 20.82 2.7273
0 5.06 18.13 1.0253
0 5.85 23.29 0.5904
0 8.98 26.69 0.9365
0 13.62 31.07 0.4901
0 11.1 31.03 1.2092
0 12.69 32.48 0.5675
0 13.36 33.81 0.5568
0 12.89 32.72 0.3081
0 12.84 29.78 0.4913
3.95 12.83 27.6 1.2884
18.675 11.57 27.5 1.6903
13.5 8.52 18.81 1.4511
1.225 7.43 12.62 1.2444
1.575 4 12.89 0.7509
2.925 3.98 15.21 2.1965
0.175 3.19 13.7 0.7337
0 4.52 18.6 1.8599
0 6.55 20.18 1.6803
0 8.28 22.99 1.6289
0 9.26 23.87 2.3723
0 9.49 26.17 1.5887
0 9.61 26.41 0.6993
0 9.12 26.46 0.6414
0 9.04 26.1 1.1906
2.675 9.17 22.01 0.9483
1.375 5.17 16.73 1.1514
0 5.5 15.92 1.7109
0 5.64 21.03 0.9822
0 6.65 20.18 1.8999
3 4.94 17.01 1.6025
16.4 6.24 16.22 1.7171
57.225 7.18 10.68 4.9781
23.2 2.64 10.74 3.559
0.075 0.42 11.67 1.5229
0 -1.4 12.51 3.0086
0 -0.74 13.43 3.4306
2.95 4.43 17.41 2.103
3.475 4.19 17.64 1.8614
0.85 1.69 8.35 0.8861
0 2.06 14.92 1.8249
0 2.89 17.04 3.1052
0 5.35 19.86 2.8868
0 7.09 22.89 1.8921
0 7.52 23.08 1.1868
1.125 6.33 22.04 2.1824
20.775 4.81 18.21 3.2834
11.3 -0.61 8 2.5617
2.65 -2.8 7.57 0.7224
1.8 -1.25 9.18 1.6212
0.05 -2.26 7.45 2.409
0 -0.64 11.11 1.4828
0 -0.31 12.46 3.0783
0 2.05 14.1 1.622
0 3.24 16.13 2.63
0 2.67 16.89 1.1863
0 2.01 15.64 2.1345
0 1.08 16.28 2.0609
21.125 1.59 15.44 2.6179
31.925 -2.19 6.96 3.2365
25.925 -3.31 2.5 5.1006
15.85 -2.83 1.69 3.2865
18.525 -1.55 3.17 4.241
7.725 -7.38 0.66 1.2318
0 -7.86 2.41 3.3991
3.7 -6.85 2.71 3.3546
14.225 -4.33 6.32 2.8331
9.075 -6.56 2.15 2.4703
0 -9.11 2.14 2.4323
0 -6.95 3.01 3.0606
0 -3.3 6.17 2.2747
0.025 -1.97 10.38 2.5923
0.175 1.47 7.17 1.5375
1.825 2.1 9.68 2.145
19.775 2.25 8.58 2.2979
8.825 1.84 11.92 3.3839
0 -0.65 8.95 2.2692
6.6 0.61 11.25 2.0916
7.3 2.14 9.16 1.1301
1.65 3.51 9.42 1.5102
0.075 1.65 10.75 0.4434
0 1.17 12.04 2.2657
0 1.05 11.71 1.3604
22.575 1.24 10 1.9738
13.5 -1.16 7.05 1.4866
4.225 -3.76 5.88 2.6223
54.3 -3.76 5.75 3.4668
75.95 1.23 5.96 5.1248
74.35 2.73 7.37 5.8788
25.1 -0.81 8.55 2.5403
9.325 -1.08 0.83 2.5797
6.075 -0.69 4.92 2.2743
2.775 0.04 4.72 0.5155
1.025 -1.43 7.02 3.0074
19.625 -1.36 9.55 5.3608
10.525 -2.15 8.89 2.1679
0 -2.61 4.22 0.9432
57.8 -2.26 5.93 2.3799
39.4 -0.12 4.73 4.4991
3.275 -8.9 2.62 2.3494
2.85 -9.98 -0.08 1.538
21.3 -9.11 1.21 4.2105
17.75 -4.71 2.27 4.6946
5.8 -3.06 2.27 2.5153
0 -5.26 2.99 3.1727
0 -4.82 5.07 3.8149
0 -3.31 6.7 5.1714
0 -3.27 6.8 3.699
0 -3.8 7.4 1.9234
0 -3.91 4.56 1.2283
0 -6.32 2.26 3.2097
3.475 -4.72 4.27 3.3543
2.625 -0.53 8.12 2.0758
0.9 -0.84 9.73 1.6737
0.5 0.22 7.02 1.267
0 -1.41 10.87 2.6085
0 0.91 10.85 0.7467
0 1.67 11.82 0.6423
0 1.44 11.29 2.3722
0 -0.78 10.68 1.3878
0 -1.14 11.55 4.2005
0 -0.94 12.98 3.7493
0 -0.47 13.17 2.9445
0 -0.67 14.76 3.9709
0 -0.67 13.91 1.9881
0 0 13.44 2.2118
0 0.13 14.09 4.9645
0 0.15 15.48 3.4344
0 -0.07 15.24 1.8301
8.65 -1.15 14 0.6047
8.65 -1.86 10.98 1.7886
2.25 -2.94 4.19 1.4329
0 -3.36 6.42 1.8901
0 -4.45 8.73 2.9969
0 -3.94 9.31 2.0599
0 -2.89 9.81 2.6782
0 0.39 13.57 1.654
0 -0.42 14.2 1.9266
0 1.2 16.2 0.5872
0 -2.14 15.32 2.3091
0 -4.52 9.28 3.5744
0 -4.67 8.9 3.7098
0 -3.8 10.25 3.7961
0 -2.41 14.14 2.741
0 -2.05 16.61 1.2316
0.4 -1.99 16.21 3.7286
14.625 0.96 10.53 4.6308
17.125 -0.49 9.62 5.9283
30.225 -3.26 1.26 4.7407
38.675 -3.32 0.86 2.7869
15.25 -3.63 3.23 3.485
0.95 -7.15 2.39 0.6991
0 -6.69 3.89 1.2293
0 -7.13 3.72 0.4405
0 -6.14 7.08 0.5682
8.175 -4.66 6.3 2.4471
19.2 -2.98 4.08 5.4389
7.15 -8.45 1.31 0.8804
19.2 -9.33 -0.08 0.4884
0.875 -8.45 4.56 2.2626
5.525 -7.2 7.93 1.7779
16.425 -4.04 9.49 3.7514
6.525 1.59 8.93 1.4926
0.25 -3.4 8.91 1.4662
5.95 -2.15 11.46 0.5284
28.025 -0.17 13.24 1.7058
15.7 0.78 5.76 4.1934
0.25 -2.55 6.02 0.6727
0.025 -1.11 11.65 1.5181
0.025 0.87 14.34 1.0742
0 -0.02 13.28 1.0996
0.125 -0.29 10.68 0.5141
5.475 0.14 11.94 1.1988
5.225 2.1 10.48 1.2544
26.075 2.72 13.13 1.4537
16.925 3.43 13.78 2.6077
2.275 -3.59 6.93 0.9882
19.95 -3.74 9.2 3.6126
36.925 -3.14 5.75 4.8182
53.925 -1.66 2.78 5.6199
29.1 -2.89 1.63 2.4326
6.95 -3.61 3.95 1.2661
14.15 -2.39 7.38 4.9832
29.525 -1.11 3.21 5.5562
21.75 -4.21 1.66 4.0418
19.475 -3.31 4.91 3.1094
7.625 -0.29 3.09 1.5795
0.95 -0.13 7.05 0.6384
0 -0.67 10.96 1.1951
0 0.43 11.72 1.8825
0 2.51 15.41 2.3931
0 3.4 21.28 1.8573
0 4.15 22.89 0.8893
0 0.3 16.63 1.6385
0 0.31 15.16 1.9123
0 1.21 18.77 1.2919
1.9 1.29 18.2 1.5201
8.15 -0.85 16.76 3.4725
4.8 -5.69 3.14 1.5428
0.5 -6.29 3.3 1.2947
0 -5.77 8.45 0.4384
0 -3.28 12.17 1.5323
0 -1.07 13.28 1.337
0.775 -0.85 13.81 2.6888
0.475 -3.63 6.65 0.5341
0 -3.62 13 0.7547
0 0.5 17.37 1.2894
0 1.66 19.64 2.1232
0.225 4.63 19.7 2.6634
0.2 5.7 16.59 1.5112
0.7 4.19 15.94 1.9272
4.475 5.07 13.47 2.0534
1.425 0.35 13.39 0.8719
1.15 0.65 12.91 1.0165
1.2 2.54 12.15 2.1924
0.575 1.77 11.71 2.3214
0.075 -1.22 13.5 2.4221
0 -0.08 15.08 0.8513
0 0.99 17.52 2.2513
0 0.29 16.46 4.3902
0 -1.84 14.18 3.446
0 -0.65 16.13 1.8599
0 1.34 18.85 0.514
0 3.38 20.74 0.8827
0 5.39 21.45 3.0122
0 7.17 24.43 0.835
0 6.89 25.78 1.412
0 6.03 23.87 1.9456
0.025 4.48 19.21 2.8277
1.85 0.14 9.86 3.026
1 -1.25 9.21 2.5087
0 1.57 16.69 1.7188
0 4.53 19.63 1.1148
0 4.99 21.64 0.612
13.325 5.84 22.56 2.8908
14.15 -1.03 12.36 2.7959
6.675 -2.04 5.86 1.2726
25.6 -0.57 8.15 3.486
12.275 0.68 5.14 2.1801
0.7 -0.46 9.52 3.0444
0 -0.11 16.47 1.6157
0 4.27 19.75 2.0466
0 3.9 19.54 3.0294
0 2.56 18.03 4.3979
0 2.19 15.78 2.3699
1.975 3.54 17.81 2.8077
0.875 1.06 14.99 2.3074
0 1.85 15.38 3.2471
2.825 1.92 15.44 4.1082
2.25 0.43 11.83 4.6507
0.35 0.54 12.17 2.8515
0.775 2.11 14.91 2.6425
1.15 3.81 15.34 2.8144
0.55 -0.21 10.31 1.6382
0.275 0.73 13.13 0.7407
6.275 2.01 14.15 3.0891
16.3 7.29 9.68 1.1858
7.975 3.52 15.42 3.5188
0.225 2.63 12 1.9715
0 4.1 17.2 2.9437
0 6.35 20.94 1.5649
0 7.43 23.32 2.4613
0 7.23 23.11 3.074
0 6 20.21 2.7129
0 6.77 21.96 2.7124
0 8.97 25.14 1.8806
0 10.23 27.71 1.9256
0 9.78 26.95 2.3753
0 7.68 24.02 1.3195
0 9.18 24.44 2.8758
0 8.61 25.38 2.1547
0 9.78 25.32 0.46
0 11.43 28.52 0.6229
0 13.51 31.51 2.5253
0 12.02 31.06 2.688
0 10.02 28.31 2.5233
0 8.31 26.33 2.6235
0 8.62 25.37 2.3398
0.35 9.96 26.61 2.3035
22.95 10.13 26.85 2.5238
12.5 7.29 22.2 2.4341
0.775 5.12 16.48 2.2915
0 8.34 22.35 1.0961
0 10.2 27.67 0.8757
0 12.7 30.54 0.7425
0 13.26 31.25 1.5528
0 13.78 30.83 1.7567
0 14.77 30.67 2.5236
0 15 30.83 2.8775
0 13.38 29.39 2.1125
0 12.85 29.59 2.4588
0 10.79 28.91 2.1922
0 9.56 27.89 2.4194
0 9.41 25.07 2.5688
0 9.06 24.27 3.1805
0 8.67 21.8 2.7253
0 8.82 21.54 3.3039
0 7.67 21.69 3.2352
0 8 22.74 2.0596
0 8.56 24.41 1.3044
0 9.62 25.35 1.9289
0 9.94 26.3 1.3512
0 10.57 27.29 2.2858
0 10.81 28.7 2.7903
0 11.34 28.67 1.8905
0 12.39 29.01 2.0229
0 10.94 30.15 2.1758
0 9.95 28.85 1.8203
0 9.98 28.46 1.6708
0 11.06 28.51 1.4929
0 12.07 31.26 2.3409
0 12.92 31.35 3.1377
0 15.13 31.02 2.1721
0 14.08 28.21 1.5679
0 12.94 29.43 1.8802
0 12.33 30.42 2.1005
0 11.15 30.15 3.129
0 10.08 26.26 2.373
0 10.91 26.96 3.1285
0 12.29 27.12 2.5336
0 10.58 28.32 1.8663
0 10.48 28.14 1.9828
0 10.23 28.51 2.1887
0 11.03 28.76 2.6823
0 10.5 28.71 1.7093
0 11.24 28.61 1.4114
0 12.66 30.26 2.0918
0 10.21 29.09 1.4608
0 9.94 28.37 1.0989
0 9.74 28.89 1.7543
0 10.46 29.51 1.6068
0 10.8 29.48 2.6243
0 10.11 27.25 2.0926
0 9.56 26.66 1.6151
0 9.34 26.33 1.2095
0 10.81 27.65 0.9115
0 11.53 29.79 2.0218
0 12.71 30.03 1.2567
0 12.94 30.02 0.8515
0 13.21 31.37 1.0493
0 13.7 31.58 1.4471
0 12.41 31.78 1.7046
0 11.22 30.59 1.8686
0 9.69 28.72 1.7574
0 10.23 27.51 0.7276
0 10.99 27.65 0.8704
0 11.63 29.59 0.79
0 12.34 29.44 0.904
0 14.3 30.65 1.8791
0 10.93 29.98 0.5957
0 11.71 30.12 0.9314
0 12.09 30.72 0.9136
0.175 12.45 30.06 1.6666
0.4 10.75 30.02 0.9683
1.8 11.67 28.23 1.7376
1.55 9.37 21.63 1.5842
2.175 9.66 25.08 0.7062
0.95 9.55 26.1 1.3737
0 10.45 25.39 2.5069
0 9.18 25.14 1.7364
0 7.47 22.32 1.6808
0 6.77 22.45 0.5236
0 8.68 26.85 0.262
0 10.57 29.75 0.9459
0 11.41 29.41 0.5866
0.5 12.3 29.96 0.4161
0 11.79 31.5 0.6098
0 12.69 31.69 1.591
0.9 10.45 27.87 2.3093
0 7.29 19.3 1.8512
0 8 23.48 0.511
0 10.51 27.39 0.5965
0 10.1 27.75 1.0375
0 11.3 28.57 1.3866
0 8.93 25.76 2.3933
0 8.74 22.01 1.9125
0 7.53 22.09 2.0362
19.975 4.28 18.03 2.2768
18.75 3.73 14.14 3.8214
5.075 1.43 8.25 0.8511
1.375 -0.69 7.53 0.8704
0 -0.35 12.59 1.3554
0 1.57 16.45 1.1953
2.375 4.87 18.67 1.6192
1.675 7.62 14.15 1.7572
0 6.05 19.62 0.9589
0 6.23 23.07 0.628
0 9.01 24.74 0.4145
0 8.01 24.61 1.0443
0 8.54 24.69 1.3625
0 8.69 22.12 1.7187
0 8.69 23.47 1.6269
0 7.87 24.42 0.8899
0 7.93 21.37 0.6055
0 6.31 21.75 0.6149
0 6.14 20.81 2.3977
0 6.73 22.6 1.8251
0 6.63 24.02 1.9579
0 5.81 21.33 1.3816
0 2.46 16.52 3.2156
0 0.88 15.51 3.3366
0 2.4 16.17 1.9783
0 3.46 17.88 1.0172
0 4.17 19.2 2.1261
0 4.35 20.69 0.2501
0 3.25 20.13 3.5955
0 2.88 17.6 4.1389
4.8 1.23 17.86 3.6955
4 -2 15.78 1.8015
6.525 -5.08 5.02 0.6231
3.65 -4.45 5.19 1.5516
0.075 -4.61 5.09 0.9334
0 -4.58 5.89 2.1702
0 -2.5 9.58 3.1146
0.125 -1.71 12.1 2.9668
2.4 -0.08 14.58 3.4356
1.85 3.34 12.3 0.8221
0 1.97 11.6 0.242
0 3.68 12.51 0.6654
0 0.61 12.07 0.555
0 0.65 13.27 0.9294
0.075 0.38 13.66 1.1239
0.35 0.89 13.18 3.3957
3.325 -2.05 6.31 2.2443
3.05 -1.94 5.58 4.0183
0.975 -3.75 6.07 1.8039
0 -2.95 7.84 2.5986
0 -1.96 8.84 3.8074
0.2 -1.97 12.02 2.2905
0.1 -0.69 8.78 0.7432
0 -0.03 11.69 2.8493
0 1.24 14.96 2.3017
0 2.02 17.43 1.0724
0 2.4 14.3 1.7352
0 -1.09 16.07 3.728
0 -2.41 12.49 8.2117
0 -1.95 10.18 3.6158
0 -3.21 11.29 4.2096
0 -4.83 9.36 2.8426
0 -5.08 7.82 3.4898
0 -5.42 8.35 3.0597
0 -4.82 8.58 3.5011
0 -3.29 10.28 3.5614
0 -2.86 10.19 4.336
0 -2.78 12.38 3.1713
0 -4.18 11.41 0.9248
0 -4.51 8.5 1.6302
0 -5.02 7.69 1.4872
0 -5.15 7.27 0.9845
0.8 -5.13 7.41 0.8044
0.4 -4.35 6.22 5.3931
0 -2.16 10.44 4.6195
0 -3.84 11.9 2.7706
0 -3.89 9.66 4.6829
0 -4.21 8.66 4.4153
0 -4.91 8.84 3.5815
0 -5.72 9.1 4.5043
0 -4.89 9.46 3.9788
0 -4.23 9.73 5.0054
0 -3.41 12.39 3.4251
0 -2.39 12.94 1.3437
0 -2.47 12.37 1.065
0 -1.51 12.25 1.1179
0 1.41 14.45 0.8949
0 0.35 12.61 1.3779
0 -2.21 11.28 2.4002
