0.675 -21.68 4.8 1.6579
1.525 -5.3 0.38 1.295
0.65 -7.83 3.86 1.6059
0.3 -10.61 -0.72 4.2106
1.425 -11.04 1.07 1.6695
0.725 -6.43 -1.94 0.5739
0 -6.28 1.44 1.4234
0 -5.98 2.03 0.7286
0 -7.36 7.71 4.566
0 -5.43 8.56 3.4079
0 -4.05 7.02 2.3059
0 -2.86 10.22 5.5043
0 -0.73 10.76 3.8862
0 -5.02 10.11 3.3215
0 -2.27 12.11 3.9779
0 -2.63 13.03 4.9695
0 -5.51 9.64 4.2589
0 -5.08 7.88 4.748
0 -3.29 10.76 4.8447
0.1 -2.71 9.42 3.3944
13.6 -1.5 10.52 2.7607
28.05 -3.62 8.48 2.1541
13.15 -11.18 10.38 1.639
41.975 0.48 4.7 2.5325
13.2 -3.58 3.75 3.5769
0.475 -9.27 -2.78 0.7936
0 -10.36 -1.96 1.3131
0 -8.8 1.06 1.6074
0 -5.16 5.04 4.2641
0 -4.43 9.49 4.5299
0 -2.31 10.95 3.098
0 -2.5 10.06 3.1254
0 -4.15 8.99 3.8566
0 -4.8 11.12 3.7882
0 -1.03 12.98 3.0035
6.7 -1.47 11.58 2.6004
9.675 -3.84 4.27 2.9286
3.375 -5.04 1.05 2.7902
18.975 -4.6 2.78 1.4043
11.375 -8.97 2.25 3.7481
3.925 -12.06 -3.85 0.4923
8.725 -7.89 -1.8 2.3981
3.825 -6.36 -0.96 1.4302
7.45 -6.89 -0.76 2.9776
4.4 -6.89 -0.97 3.206
1.975 -6 -0.78 5.5899
32.35 -5.68 -1.04 5.5813
22.975 -5.27 -2.29 4.3419
2.525 -7.86 -2.5 1.1465
0 -7.4 0.11 3.432
0 -7.05 5.14 2.6206
4.975 -6.77 7.88 3.8357
17.95 -4.82 5.59 3.5251
10.45 -2.7 0.95 2.5391
4.75 -4.47 2.71 1.4188
2.375 -3.92 7.27 1.4139
0.15 -4.81 2.8 2.315
0 -3.93 7.65 0.3365
0 -4.58 9.63 3.6837
10.925 -1.18 9.96 2.7185
22.75 0.32 7.7 3.8478
11.875 -0.93 6.07 4.8965
19.825 -4.62 -0.02 3.0297
2.675 -8.99 -2.13 0.8434
1.05 -7.64 0.91 1.8861
0 -9 0.39 0.259
0 -8.97 4.68 1.4927
0 -7.03 7.49 2.7036
0 -8.82 2.76 0.4044
0 -7.45 7.34 0.5137
0 -5.66 7.81 2.1252
0 -3.46 10.77 2.4591
0 -5.48 12.34 1.2714
0 -3.9 8.38 2.1116
0 0.01 10.48 2.3667
0 -2.38 13.75 1.1611
0 -1.76 14.66 1.15
0 -0.12 15.97 0.8437
0 -0.42 16.31 0.7353
8.925 -0.42 15.66 1.9117
24.15 -5.84 6.44 4.2186
1.6 -10.82 -2.18 2.3099
0 -8.8 0.73 1.8666
0 -5.64 9.1 0.5168
0 -3.73 11.12 2.1627
0 -3.71 13.68 2.0817
0 -1.89 12.94 1.3468
0 -1.52 14.67 3.2076
0 -4.4 11.66 1.8817
0 -3.67 10.01 0.3249
0 -2.43 11.83 2.6051
0 -0.91 14.07 2.531
0 -3.21 12 5.3539
0 -6.92 4.79 1.8922
0 -6.29 9.32 2.8326
0 -3.59 13.31 2.4603
11.275 -1.81 16.03 1.4047
16.175 -3.65 11.61 3.1832
10.325 -3.7 1.99 1.6842
3.475 -3.6 3.65 2.2873
0.4 -4.52 2.99 3.8314
0 -3.3 7.88 1.7111
0 -2.72 12.09 1.9969
0.05 -1.02 12.23 4.567
0.025 -8.08 5.73 6.1692
0 -6.97 1.55 3.3199
0 -5.25 9.65 1.4582
0 -2.54 14.84 2.922
0 0.24 18.08 2.8104
0 2.98 21.59 1.5804
0 4.71 23.53 1.1568
0 5.66 24.31 2.0553
0.075 4.47 23.32 2.7456
1.3 2.32 16.52 3.503
0.75 -5.68 5.89 3.6941
0 -4.16 8.94 2.0745
0 -1.95 12.12 2.3416
0 -2.33 11.64 3.1933
0 -4.69 8.98 1.6693
2.8 -2.79 12.53 2.0343
50.3 3.85 15.54 1.9557
32.775 0.72 11.28 2.5477
1.125 2.74 9.73 3.5716
0.5 0.08 9.18 1.829
0.05 3.58 13.15 3.5346
0 1.67 15.61 2.2892
0 1.86 19.19 2.9199
0 3.43 19.67 1.683
0 2.75 19.87 1.2619
0 3.75 20.16 0.9479
0 3.62 21.39 3.0459
0 0.8 20.77 3.2866
0 2.25 18.78 2.5167
0 2.85 18.11 3.3289
0 4.58 19.77 1.6835
0 5.4 22.46 1.5215
0 7.87 26.64 0.2826
0.025 10.38 28.42 2.4156
0 8.97 27.95 2.7477
0 6.02 21.97 1.8654
0 4.79 20.83 1.0261
0 5.96 21.88 2.5176
0 5.46 21.67 2.9956
0 6.09 20.94 2.8056
0 4.83 20.45 1.9313
0 4.91 20.55 1.2766
0 5.61 22.53 0.8366
0.5 7.65 22.49 1.9482
0.3 6.51 23.01 2.4583
2.175 5.9 22.29 3.2861
1.3 6.26 22.55 2.2255
0.025 6.99 21.19 2.0444
0 6.16 19.86 2.2929
0.2 6.63 17.46 0.6822
8.75 3.27 15.78 2.2408
7.775 1.12 14.97 3.5755
3.25 -0.19 6.68 2.4062
1 1.15 9.21 2.7676
0 1.85 14 2.6023
0 3.67 16.62 3.4563
0 4.4 16.11 3.1025
0 2.41 14.73 3.3984
1.3 3.12 15.21 2.3138
1.5 4.58 14.49 3.635
0.425 2.58 14.77 2.5398
0 3 15.37 2.4636
0 4.32 15.6 2.4523
0 6.22 17.25 2.9832
0 6.16 19.68 1.7007
0 9.96 25.1 2.6838
0 5.88 23.61 3.3261
0 3.71 18.73 3.2182
0 3.84 18.96 1.0678
0 4.95 20.39 0.6102
0 6.85 24.01 1.3999
0 7.44 26.34 2.6358
0 7.77 24.63 1.8148
0 8.46 25.01 0.8345
0 9.4 28.92 0.5736
0.25 12.16 30.19 2.9931
0.375 11.71 29.76 3.003
0.025 10.54 27.04 2.2692
0 10.91 27.58 1.6745
0 9.52 26.01 2.851
0 9.02 26.63 2.4911
0 8.15 25.44 2.7418
0 7.79 25.2 2.566
0 6.56 23.48 2.8376
0 6.2 22.65 2.5977
0 5.84 22.54 2.5704
0 6.24 22.98 1.8703
0 7.84 24.38 1.7958
0 8.98 25.5 2.2314
0 9.12 25.06 1.2995
0 8.83 27.3 0.4327
0 10.66 28.74 1.6729
0 11.77 30.56 1.9927
0 12.08 24.02 1.8786
0 12.12 30.28 2.0946
0 14.54 32.13 1.7099
0 15.85 32.74 2.4586
0 12.14 31.03 2.4998
0 11.24 29.17 2.2198
0 12.76 28.88 2.0317
0 11.69 28.45 2.0742
0 10.9 28.16 2.1152
0 10.95 28.39 1.9124
0 11.29 29.8 1.9269
0 12.84 30.13 2.1853
0 12.75 29.2 2.8791
0 12.67 28.25 2.5756
0 12.51 28.59 2.5494
0 11.13 28.88 2.4785
0 10.8 28.77 2.9158
0 8.41 25.88 2.5554
0 8.41 24.72 2.0502
0 10.75 26.14 2.3959
0 7.21 22.89 3.1132
0 5.24 16.28 1.9875
0 4.13 17.51 1.3368
0 6.7 22.44 0.3007
0 7.39 26.22 1.2165
0 12.03 28.36 2.9205
0 12.55 29.44 2.6383
0 9.91 27.23 2.9442
0 9.93 26.76 3.243
0 7.48 24.47 1.349
0 5.75 23.99 0.2937
0 7.38 26.11 0.6384
0 8.14 27.4 0.8259
0 8.53 30.12 1.253
0 11 31.18 2.0333
0 11.96 30.49 2.1797
0.9 12.02 31.23 2.3481
1 11.2 26.1 3.0431
0.25 9.34 25.13 1.5887
0 7.07 25.84 1.5924
0 6.95 25 0.5059
0 7.39 25.89 1.3954
0 9.26 26.78 1.0946
0 10.35 28.01 1.2478
0 10.35 29.55 2.8772
0 11.7 26.61 1.9183
0 8.99 26.41 0.8321
0 8.31 28.75 0.2561
0 11.09 27.55 1.368
0 10.64 27.43 2.1415
0 8.44 26.37 2.0571
0 5.62 25.01 1.9604
0 5.52 22.3 1.4719
0 6.84 23.65 0.463
0 6.53 23.49 0.9534
0 8.88 25.71 0.3718
0 9.65 26.97 0.931
0 10.16 29.17 1.7133
0.6 9.31 25.06 2.2236
0.325 6.03 20.09 2.6677
0 3.79 23.99 1.508
0 5.66 22.75 1.2636
0 7.52 24.11 0.3417
0 7.67 25.05 1.1045
0 10.09 27.7 2.2195
0 10.34 26 1.0192
0 12.73 20.32 2.409
0 7.47 28.13 2.4662
0 10.94 28.05 1.4864
0 7.35 27.47 0.7018
0 8.32 26.63 0.7583
0 12.35 28.17 1.1867
0 9.35 28.93 0.3803
0 9.37 29.1 2.0979
0 8.34 25.63 2.5309
0 -0.24 15.8 2.3331
0 -2.12 13.98 2.5297
0 0.75 17.93 0.7451
0.35 2.42 18.78 3.2129
0.2 -2.45 16.49 3.5473
0 -4.9 3.18 0.3142
0 -3.33 10.91 2.9351
0 -2.57 13.35 1.5874
0 -0.62 14.25 1.4061
0 -1.01 16.47 0.7679
0 1.37 17.72 0.4186
0 0.46 17.42 1.9277
3.1 1.07 16.89 1.8843
16.65 1.56 10.33 6.4001
8.9 0.98 7.77 4.3727
0 4.22 11.77 0.8524
0 4.38 17.62 2.2778
0 4.38 19.41 1.1115
0 5.13 21.59 1.8607
0.35 5.59 17.39 2.3816
0.2 -2.53 9.2 2.3795
0 -2.02 11.69 1.0721
0 -0.25 14.54 0.5372
0 0.35 15.45 0.8931
0 2.42 17.33 1.1457
0 1.88 15.3 1.7624
0 1.61 16.04 1.1867
0 1.68 16.78 4.0723
0 -4.47 5.39 4.9987
0 -5.77 5.81 0.7676
0 -4.59 7.78 0.0251
0 -0.73 13.51 0.8514
0 0.03 16.02 0.8299
0 2.46 17.67 1.1585
0 2.28 19.19 1.094
0 2.4 19.29 1.6716
0 2.27 17.57 2.2012
0 -1.64 13.03 0.5314
0 -2.11 11.98 1.4958
0 -3.89 9.41 1.8395
0 -3.11 10.08 1.2461
0 -1.35 11.33 0.7956
1.025 1.79 13.08 0.4726
1.4 -0.28 11.54 2.0877
0.475 -4.62 2.7 1.1813
0 -5.28 4.23 1.1446
0 -6.45 5.46 2.8407
0 -4.06 8.25 2.2099
0 -2.05 11 1.6413
0 -2.28 12.09 1.4336
0.175 -4.38 7.22 2.3459
0.6 -3.75 9.66 3.6389
0.3 -3.41 8.11 0.9955
0 -3.62 5.17 0.4314
0 -4.5 8.03 2.3532
0 -3.89 8.01 3.8631
0 -2.55 9.28 4.1347
0.225 -2.59 10.57 2.7142
0.425 -1.69 11.32 1.2036
0.175 -4.7 7.27 4.6908
0 -3.62 4.22 5.0999
0 -3.75 7.18 3.9562
0 -3.7 8.89 1.563
0 -4.38 8.96 2.2177
0 -5.82 9.05 2.1397
0 -5.27 6.54 2.1561
0.05 -4.63 7.42 1.3714
15.2 -7.36 3.88 2.181
15.75 -6.36 -0.43 1.0366
3.975 -15.33 -4.69 0.6162
0 -15.11 -5.13 1.9265
2.85 -12.06 -2.45 3.0359
31.1 -4.87 1.07 2.8561
43.975 -2.66 0.84 3.7255
30.975 -3.95 1.69 4.5163
2.025 -5.96 -0.02 0.6349
0 -5.6 -1 3.0462
0 -4.15 1.94 2.43
0 -3.19 3.94 2.3564
0 -2.83 5.13 2.8689
0 -3.37 5.1 4.1745
1 -3.3 5.53 2.9443
12.675 -2.52 7.55 1.7978
9.75 -5.48 4.56 3.6773
0.075 -10.12 -2.07 2.8117
0 -6.75 2.46 3.8949
0 -5.81 3.41 3.8081
4.925 -5.81 2.94 4.0541
3.2 -4.46 3.21 1.9159
2.225 -6.08 1.9 3.1553
7.725 -5.61 1.14 0.6905
3.975 -4.78 0.82 1.4805
0.05 -5.06 0.72 2.4251
0 -4.74 3.86 1.8354
0 -4.82 4.17 1.2851
0 -4.79 5.75 4.0722
0 -4.63 7.65 2.9798
0 -3.51 7.16 2.6063
0 -3.64 7.37 3.0384
0 -4.61 6.82 2.8094
0.1 -1.77 8.89 3.109
1.2 -1.33 9.08 2.3483
0.5 -0.27 7.99 2.4384
0.925 -0.84 6.73 3.1277
15.575 -3.03 8.51 4.2786
9.325 -1.59 5.65 2.0362
0.025 -4.9 2.55 1.3945
0 -5.27 4.74 3.3212
0.375 -5.29 6.73 1.9423
35.5 -5.05 7.32 2.4638
53 -3.83 3.63 4.623
29.8 -4.57 -1.07 5.3435
31.875 -4.6 -1.74 6.298
40.025 -6.53 -2.09 4.0841
21.85 -5.77 -3.36 4.1905
3.5 -8.38 -4.75 0.8452
1.075 -8.24 -2.2 2.1577
5.575 -7.38 -1.03 3.6242
2.95 -4.45 -0.57 2.9578
0 -5.51 4.1 1.3215
0 -7.65 4.26 2.8087
1.525 -5.95 3.02 3.1887
0.925 -4.38 4.88 1.4065
0 -7.81 2.93 1.2068
0 -7.72 3.49 1.696
0 -5.35 4.53 1.9761
0 -4.68 4.82 0.5935
8.025 -4.51 5.39 2.5337
14.25 -3.74 5.55 3.4905
12.125 -2.83 2.46 1.7934
3.95 -4.54 -0.14 2.664
0.375 -6.62 1.25 1.3385
1.575 -6.87 1.82 2.3333
0.825 -6.82 0.59 0.6275
0 -5.84 3.38 0.9476
0 -3.93 4.72 0.9954
0 -4.4 8.18 1.649
0 -3.81 8.96 1.5983
0 -3.15 11.7 0.9966
0 -3.19 11.11 1.6843
0 -2.33 12.71 2.4278
0 -1.04 12.88 1.3189
1.275 -3.62 10.47 1.3567
4.975 -2.51 5.9 2.5561
14.45 -3.02 7.72 3.252
5.975 -7.38 -0.07 2.3183
5.325 -7.3 1.95 3.5794
19.45 -4.37 3.13 2.8737
2.9 -4.8 2.2 0.6946
26.75 -4.13 6.84 4.2778
17.85 -4.15 5.89 1.8045
1.7 -5.09 0.2 0.6277
0.25 -4.52 6.83 2.3542
3.275 -2.3 9.58 2.6589
16.45 -3.83 8.46 3.1825
8.725 -6.34 2.6 3.221
0.025 -7.47 0.55 1.308
0 -6.62 5.03 2.5965
0.025 -5.89 4.69 0.9372
5.1 -5.4 7.09 2.4517
3.475 -9.7 1.98 3.9868
0.25 -8.23 0.11 2.1796
0 -8.55 -0.35 0.3863
26.575 -6.31 7.51 2.0273
15.95 -6.24 7.12 2.5999
0 -6.75 2.39 2.5913
0 -6.63 9.19 3.7343
0 -5 13.62 1.4927
0 -3.51 15.69 0.6619
0 -0.8 14.78 2.8981
0 -4.69 13.72 2.0854
0 -0.08 16.39 2.0491
0 -3.18 15.2 0.7025
0 -3.3 13.49 1.3483
0 -4.38 13.26 2.2923
0.25 -4.36 14.55 2.0974
0.675 -1.55 14.09 2.4174
0.3 -5.9 6.06 2.7138
0 -4.7 0.4 2.8164
0 -3.81 11.99 1.3266
1.15 -1.24 14.11 2.4271
3.9 -1.43 12.87 5.6912
2.15 -5.13 2.19 3.2285
2.775 -8.95 0.46 0.9523
7.4 -7.49 12.02 2.2217
0.7 -5.14 2.35 2.1493
6.425 -5.56 3.08 2.7419
3.9 -6.25 0.58 3.4423
0.025 -8.92 1.31 0.9182
0 -7.21 7.08 2.1333
0 -5.62 12.15 0.4348
0 -2.79 13.55 1.0628
0.3 -2.13 12.78 1.9966
4.675 -1.6 8.53 3.9509
4.275 -4.31 2.58 4.6588
0.95 -5.68 0.21 1.0708
0 -5.1 6.33 0.6728
0 -3.81 8.15 0.8217
0 -2.18 13.27 2.6384
0 -2.8 13.27 1.4517
0 -1.79 15.32 1.0598
1.475 -1.03 16.66 1.8466
5.6 -0.17 14.42 2.7258
3.3 -4.96 3.48 3.0062
0.275 -4.21 -0.96 1.6434
0 -3.53 2.44 1.5502
0 -1.96 12.81 0.7656
0 -0.46 14.99 1.3703
0 1.17 17.44 0.7361
2.05 2.53 18.11 4.0472
3 -1.8 8.55 5.2088
1.4 -6.88 1.64 4.1038
0.2 -6.32 2.59 3.5153
0 -4.6 8.23 2.005
0 -2.46 11.97 2.1688
0 -2.03 16.38 0.9441
0 0.23 17.95 2.0562
0 1.2 17.35 3.6246
0 -1.59 13.8 2.1403
0 -1.5 12.71 0.7608
0.025 -0.27 15 2.886
1.2 -0.84 14.07 3.8618
2.975 -3.96 5.19 3.2951
1.375 -7.62 3.75 4.4639
0 -5.93 5.46 2.3007
0 -1.35 11.84 0.9786
0 -0.74 15.1 0.5813
0 1.65 17.14 0.4835
0.4 3.93 19.07 1.3232
1.35 5.27 18.57 1.9577
0.675 -6.66 17.55 2.1057
0.025 1.08 11.54 1.7495
0 3.22 15.1 3.4288
0 -0.25 15.61 4.4429
0.075 -4.3 10 3.7971
0.225 -4.57 4.83 4.1079
0.55 -3.22 5.96 2.3747
1.1 -2.81 7.04 1.5647
2.275 0.15 11.68 3.1351
3.225 -0.7 9.53 2.6405
1.3 -3.25 5.93 3.715
0 -2.54 8.7 1.9554
0 1.12 16.16 0.5527
0 -0.34 19.87 2.6082
0 6.22 19.14 2.9269
0 4.35 17.27 2.7391
0 5.74 19.13 2.8808
0 6.96 20.5 2.8935
0 6.85 20.47 2.1546
0 8.56 24.55 3.17
0 8.41 25 3.1766
0 7.07 22.48 2.5097
0 6.62 21.92 3.9502
0 3.7 20.21 4.6905
0 2.88 16.09 5.0693
0 4.71 14.46 3.8967
0 5.06 19.29 1.0874
0 6.17 21.07 1.6188
0 7.2 23.95 3.0493
0 2.77 21.83 3.0999
0 2.37 17.42 1.0075
0 3.15 22.08 2.3677
0 3.61 19.17 3.1353
0 2.06 18.74 2.511
0 2.65 20.9 1.4987
0 4.47 18.78 1.0877
0 6.51 22.55 1.709
0 6.69 23.66 2.0875
0 8.66 19.67 2.6485
0 7.44 21.76 2.3206
0 10.02 23.55 0.8695
0 11.39 27.6 1.5349
0 12.27 28.48 3.1387
0 9.35 26.15 2.9813
0 7.43 24.99 2.6359
0 6.11 22.64 2.7364
0 7.69 23.32 1.9395
0 6.13 21.94 0.8462
0 8.31 25.07 1.9201
0 8.62 26.11 2.5293
0 9.68 26.02 2.224
0 9.19 24.79 2.3575
0 11.46 26.59 2.1834
0 10.35 26.45 1.8038
0 10.63 27.98 2.3401
0 12.46 27.43 3.2958
0 12.29 26.76 3.4529
0 10.28 24.81 1.9566
0 10.62 26.13 1.3582
0 12.03 29.11 2.5959
0 11.6 29.02 2.7664
0 12.38 29.01 2.5894
0 13.49 31.11 2.1869
0 10.86 30.47 2.1096
0 10.74 28.32 2.5438
0 9.29 27.98 1.0744
0 9.8 26.71 2.2765
0 10.16 27.32 2.0496
0 11.84 28.33 2.4816
0 12.55 28.37 2.6586
0 8.04 27.31 1.8819
0 7.61 28.35 2.2708
0 8.72 25.66 1.913
0 8.62 27.16 2.1943
0 8.75 27.18 2.382
0 8.07 26.67 2.0847
0 8.12 25.36 2.402
0 7.85 26.99 1.4568
0 7.61 27.25 1.9348
0 8.58 26.78 1.9623
0 6.77 26.23 2.0031
0 8.07 25.69 2.4755
0.075 9.81 24.67 2.8056
0.05 9.29 19.49 1.9701
0 6.99 24 1.8465
0 8.69 24.77 2.2681
0 6.18 16.88 1.0625
0 7.19 23.86 1.3374
0 8.48 25.44 2.3097
0 8.45 25.93 2.7307
0 9.42 26.46 1.1597
0 8.5 28.14 1.677
0 8.89 28.62 1.8027
0 8.66 27.17 1.8798
0 8.11 26.81 2.2179
0 7.79 27.79 1.9253
0 9.61 25.18 1.7356
0 6.81 23.84 2.4108
0 11.41 27.96 2.0997
0 11.69 30.87 0.6729
0 13.85 32.1 2.3316
0 10.08 31.89 2.5642
0 5.97 26.19 2.8874
0 6.27 15.54 2.2669
0 3.04 15.61 2.3923
0 2.67 17.73 1.0718
0 4.5 20.77 0.491
0 6.18 25.69 0.3825
0 9.85 29.02 1.1692
0 10.6 29.04 1.2796
0 9.81 28.46 1.9679
0 7.12 25.78 1.2349
0 6.28 26.2 2.4601
0 6.93 24.17 2.9659
0 0.8 10.73 2.0944
0 3.95 22.73 0.6091
0 4.38 20.31 0.7093
0 5.37 24.07 0.97
0 5.44 24.06 1.6833
0 4.46 22.78 1.4146
0 3.93 22.38 0.7684
0 3.99 22.4 1.3798
0 2.29 23.53 1.6083
0 3.61 22.46 1.5161
0 3.19 22.37 1.4764
0 3.61 17.33 1.0898
0 1.36 20.66 1.0282
0 4.5 19.01 2.6983
0 3.43 18.26 0.9903
0 4.27 21.4 0.4498
0 7.1 24.33 0.9511
0 8.2 27.78 0.4326
0 11.48 28.69 1.0595
0 13.39 29.81 0.5448
0 11.5 30.39 0.4867
0 9.06 29.89 0.322
0.05 9.01 25.04 0.4598
1.8 9.36 21.47 1.3354
13.35 9.1 23.51 1.6053
27.9 5.96 12.93 1.5141
0.75 4.12 7.67 0.892
8.25 0.34 9.39 0.8072
0.725 0.79 7.91 2.0683
0.225 -2.33 9.54 0.8982
0 0.05 14.56 1.8779
0 0.27 17.34 1.616
0 4.33 19.38 1.301
0 4.01 21.22 2.3133
0 6.97 22.95 1.674
0 6.86 22.87 0.7812
0 5.79 21.59 0.6373
0 5.76 21.48 1.2044
0.55 6.26 17.64 0.8484
0.25 3.47 12.96 1.0626
0 3.23 12.18 1.7677
0.15 2.22 18.63 0.9849
0.075 3.62 15.66 2.0256
0.675 1.31 12.84 1.8272
5.75 2.1 11.61 1.646
11 4 6.84 4.5055
4.625 0.08 7.86 3.7497
0 -2.02 7.83 1.6594
0 -4.49 7.95 2.9691
0 -4.59 9.67 3.2512
1 0.18 12.57 2.1224
0.725 0.02 13.39 1.9563
0.075 -1.74 4.93 0.9238
0 -1.36 10.54 1.9183
0 -0.2 13.88 3.2684
0 1.42 17.32 3.0537
0 5.06 18.79 2.0892
0 5.21 18.19 1.0912
0.3 3.91 17.31 2.302
21.025 1.49 13.73 2.935
12.65 -3.06 5.06 2.7901
2 -5.32 4.25 0.5835
1.775 -4.76 4.84 1.6187
0 -5.41 2.89 2.6307
0 -3.84 7.04 1.4596
0 -3.67 9.73 3.1186
0 -1.61 10.05 1.5449
0 0.13 13.08 2.3903
0 -0.55 13.28 0.8172
0 -1.99 11.62 2.1469
0 -1.14 12.33 2.1906
19.45 -0.41 12.1 2.9437
33.6 -4.4 6.02 3.2834
24.375 -6.66 -1.74 5.3315
9.775 -6.5 -3.14 3.0385
11.425 -5.85 -1.36 4.23
6.075 -10.7 -2.87 0.9998
0.2 -11.43 -3.07 3.2926
0 -11.05 -2.55 3.31
11.25 -6.85 -0.21 2.8013
7.2 -10.24 -0.87 2.8665
0 -13.05 -3.92 2.2257
0 -11.37 -2.56 3.0218
0 -7.11 1.28 2.2654
0 -5.37 5.8 2.5607
0 0.35 7.73 1.5677
0.15 -1 6.59 1.8719
4.625 -1.6 3.03 2.1191
2.3 -2.03 6.54 3.2062
0 -3.85 3.66 2.3609
1 -2.41 7.84 1.7585
1.675 -0.95 6.77 0.9892
0.325 0.01 5.02 1.2822
0 0.84 7.09 0.4861
0 -3.85 7.28 2.3158
0 -3.45 7.43 1.4811
21.95 -1.81 9.56 1.7651
15.35 -4.31 4.99 1.7962
5.175 -5.24 1.5 2.4258
60.925 -5.2 0.67 3.5318
90.375 -4.24 0.19 5.3733
66.7 -3.17 2.78 6.2717
26.025 -4.45 4.17 2.0244
9.525 -5.47 -3.44 2.168
4.8 -4.83 -0.99 2.266
1.725 -4.34 0.35 0.3437
0.075 -5.4 1.63 2.7812
19.425 -5.3 4.3 5.2062
11.6 -5.14 3.55 1.85
0 -6.25 -2.22 1.0795
9.525 -6.19 -1.47 2.2582
6.6 -4.22 0.51 4.4537
0.55 -13.33 -1.51 2.7145
0.75 -13.37 -3.84 1.3699
6.925 -12.88 -4.52 3.8711
20.025 -5.25 -3.38 4.8661
29.175 -5.76 -2.5 2.6349
0 -8.66 -2.22 3.2387
0 -8.87 -2.96 3.9268
0 -7.12 1.81 5.51
0 -7.02 1.55 3.8892
0 -8.18 -0.84 1.8759
0 -8.19 2.67 1.1459
0 -9.39 -0.29 3.2759
0.825 -9.41 1.51 3.2441
9 -4.96 1.07 1.6893
0.05 -5.98 3.04 1.6658
0.05 -5.98 4.28 1.4707
0.025 -6.42 4.77 2.5389
0 -5.07 6.35 1.0741
0.025 -4.49 8.27 0.7272
0 -4.15 5.68 2.2957
0 -3.97 9.34 1.3292
0 -6.37 10.73 4.3206
0 -6.36 7.79 3.7491
0 -9.52 6.82 2.6856
0 -3.35 10.98 3.8235
0 -5.12 7.18 2.1004
0 -4.61 8.94 2.2234
0 -4.63 8.12 4.9906
0 -4.63 8.86 3.245
0 -4.63 8.99 1.8083
1.55 -3.97 9.66 0.552
15.975 -4.54 9.38 1.8342
5.575 -6.33 -1.64 1.5874
0 -7.66 2.34 1.944
0 -9.62 3.93 3.0705
0 -9.16 4.85 2.1416
0 -6.51 6.45 2.8687
0 -5.41 10.29 1.7455
0 -4.16 10.64 1.9472
0 -1.82 12.23 0.5946
0 -5.01 11.52 2.0989
0 -7.25 11.28 3.6133
0 -8.43 5.26 3.8886
0 -8.19 6.49 3.9958
0 -6.14 9.9 2.6998
0 -4.45 12.07 1.3136
0 -4.85 10.83 3.224
2.55 -5.63 10.04 3.8248
48.2 -4.44 8.32 5.9761
25.525 -6.89 -3.3 4.2838
30.225 -5.84 -3.06 3.2689
36.275 -5.89 -1.27 4.0314
5.35 -10.27 -2.24 0.9014
0 -10.27 -0.31 1.1495
0 -10.22 -0.45 0.3552
0 -9.23 3.34 0.288
1.65 -8.62 2.47 2.2391
15.125 -7 0.45 5.8583
19.675 -10.35 -2.95 0.7492
0 -12.1 -4.47 0.4577
0 -11.66 -2.1 2.0792
1 -9.95 4.26 1.661
6.225 -5 5.87 3.412
10.925 -3.5 3.78 1.5452
1.65 -5.35 5.66 1.4665
0.875 -5.08 9.01 0.6175
14.05 -4.7 11.13 1.7389
28.125 -2.34 3.19 4.5611
0 -6.09 2.54 0.5079
0 -5.87 8.58 1.4962
0 -4.73 13.42 0.9634
0.175 -3.8 12.75 1.2509
0.1 -3.4 10.51 0.7803
0.325 -3.37 12.92 0.8194
0.425 -1.39 7.67 0.9824
2.875 -1.25 11.76 1.1076
30.15 0.12 12.92 2.6431
1.125 -4.48 4.07 1.0614
23.925 -5.81 7.27 3.2004
27.225 -5.33 -0.64 4.8883
69.325 -5.23 -1.26 6.1481
10.8 -6.58 -0.06 2.6652
1.675 -6.72 2.51 0.948
6.725 -6.57 2.79 4.5807
40.45 -6.52 2.33 5.3253
35.175 -9.85 0.35 3.9746
19.075 -4.76 0.12 2.909
9.2 -5.31 -2.54 1.4957
0.025 -4.4 5.27 0.6014
0 -4.49 8.59 1.3099
0 -4.78 10.29 2.2808
0 -4.29 12.05 2.2477
0 -0.89 15.9 1.5944
0 -0.84 20.13 1.218
0 -1.88 17.59 1.1353
0.2 -2.84 16.15 1.9359
0 -1.87 15.68 1.4579
0.35 -0.47 15.8 1.5869
4.6 -4.56 13.67 3.5219
7.075 -9.22 -1.9 1.3756
3.75 -8.88 -3.05 1.5038
0.25 -9.14 2.64 0.6022
0 -6.02 9.18 1.5847
0 -4.37 10.5 1.5216
0.1 -3.5 11.47 2.8881
0.25 -5.9 3.36 0.6571
0 -3.84 10.26 0.764
0 -2.24 15.59 1.5437
0 -1.85 17.24 2.4147
0 -1.69 17.21 2.9845
0 0.4 12.64 1.8202
0.5 -2.38 16.26 2.2614
16.875 1.21 7.12 2.4444
1.15 -2.03 10.91 0.8838
0.225 -2.48 10.5 1.5098
0.15 -0.45 9.69 2.5238
1.775 -0.99 7 2.4464
0 -3.28 9.68 2.8932
0 -1.68 11.46 0.8543
0 -1.33 14.15 2.5489
0 -3.11 14.4 4.7114
0 -1.57 12.46 3.7027
0 -1.71 12.43 1.9588
0 -0.11 14.79 0.473
0 2.09 17.46 0.8329
0 3.3 18.71 3.008
0 5.24 21.44 0.7316
0 5.17 21.3 1.6535
0 4.06 20.49 2.1631
0.5 2.92 17.81 3.1829
1.05 -1.02 9.4 3.4352
6.025 -3.19 3.27 2.8331
0 -1.86 12.9 1.7601
0 1.79 16.33 1.2164
0 2.94 19.08 0.5962
1.75 3.04 20.7 2.9774
10.375 -4.65 13 2.8735
4.8 -4.69 1.79 1.1187
9.05 -2.84 5.95 3.5185
15 -4.38 2.14 2.4596
2.375 -3.46 5.65 3.4974
0.225 -2.12 12.4 1.8765
0 1.94 16.68 2.0229
0 1.65 15.47 2.955
0 -0.13 15.62 4.4815
0 -0.51 13.48 2.5275
0 0.73 15.91 2.7818
0 -0.23 14.31 2.7305
0.525 -0.22 14.11 3.4169
0.925 0.74 14.94 4.3781
10.45 -3.09 10.42 4.9547
2.525 -2.75 6.2 2.8839
0.1 0.71 12.5 2.6982
0.175 1.12 14.62 3.0646
1.625 -3.1 8.13 1.7694
0 -2.36 11.02 0.5233
1.45 -0.04 10.82 2.879
14.9 3.12 6.17 1.3042
9.725 0.13 12.31 3.4675
0 -0.68 8.61 1.9306
0 0.75 14.09 3.1067
0 2.47 17.44 1.661
0 4.19 20.07 2.3151
0 4.63 20.66 3.0569
0 3.13 17.92 2.6281
0 4.62 18.89 2.7327
0 6.53 20.92 1.677
0 7.74 23.81 1.8666
0 7.22 23.71 2.6572
0 5.09 20.86 1.3052
0 6.28 20.36 2.9229
0 6.09 21.48 2.0447
0 7.69 22.34 0.2856
0 8.08 24.73 0.4471
0 9.59 27.12 2.4544
0 9.08 26.26 2.8451
0 6.54 24.19 2.6939
0 5.62 23.89 2.7446
0 6 23.15 2.2995
0 7.26 23.66 2.2637
4.45 7.35 24.32 2.5424
16.325 5.33 20.9 2.4484
4.75 2.73 11.91 2.2166
0 4.03 19.58 0.8909
0 6.55 24.19 0.8074
0 9.71 26.14 0.6052
0 8.98 26.72 1.589
0 10.35 26.66 1.9142
0 11.83 24.34 2.5301
0 12.46 26.41 2.8317
0 11.8 25.74 2.2891
0 10.75 26.27 2.5574
0 8.61 25.75 2.1792
0 7.55 25.17 2.3094
0 6.72 21.96 2.3721
0 6.78 22.68 3.1171
0 6.3 20.65 2.6504
0 7.24 19.33 3.204
0 5.64 18.9 3.0765
0 5.74 19.94 1.9452
0 5.39 21.66 1.348
0 5.91 23.88 1.9294
0 6.35 23.93 1.2972
0 7.03 24.94 2.3128
0 8.96 25.56 2.8294
0 9.12 25.12 1.8678
0 10.58 26.06 1.8915
0 8.48 27.61 2.1408
0 8.48 26.2 1.8604
0 7.69 25.5 1.7401
0 9.21 24.88 1.5412
0 10.92 27.39 2.3137
0.05 12.34 28.71 2.9575
0.15 14.31 28.67 2.0753
2.9 12.19 23.08 1.4698
0 10.75 26.62 1.9078
0 11.06 27.83 2.0754
0 7.96 26.34 3.0103
0 6.94 22.92 2.2748
0 8.37 24.48 3.0115
0 7.29 23.64 2.3472
0 8.98 24.7 1.7329
0 8.42 26.07 1.8108
0 8.39 26.03 2.1967
0 7.96 24.81 2.6392
0 7.77 25.13 1.6054
0 9.8 27.56 1.2282
0 8.85 27.3 2.019
0 8.95 25.78 1.5414
0 7.9 25.18 1.1332
0 7.38 25.62 1.5133
0 7.61 25.31 1.4231
0 8.55 26.25 2.5553
0 7.55 24.52 1.95
0 6.85 24.04 1.3276
0 4.99 24.04 1.0098
0 6.49 25.49 0.9804
0 8.08 26.2 2.0384
0 9.95 26.71 1.2401
0 9.9 26.61 0.7944
0 9.39 29.46 1.0648
0 10.75 29.41 1.4032
0 10.35 29.5 1.6063
0 7.78 28.35 1.8609
0 6.85 25.7 1.7923
0 6.63 25.18 0.8034
0 7.07 25.16 0.7127
0 7.29 27.3 0.898
0 8.77 26.68 0.9508
0 10.01 27.33 1.7883
0 8.74 25.42 0.6685
0 9.33 26.77 0.8896
0 9.41 28.32 0.8218
0.2 9.86 27.95 1.5796
4.45 7.51 27.91 1.0557
3.025 7.87 22.81 1.481
13.2 4.91 18.37 1.3597
1.075 6.4 20.88 0.5568
18.45 6.39 23.35 1.1243
0 6.44 20.87 2.3952
0 6.78 22.57 1.8839
0 6.41 20.31 1.6178
0 4.85 20.22 0.2433
0.025 5.49 23.44 0.2617
0 8.91 25.74 0.9132
0 9.59 26.19 0.4109
9.35 9.65 26.75 0.2631
0 10.22 26.49 0.5761
0 9.86 27.85 1.6464
16.3 6.25 23.57 2.2643
0.175 5.22 16.45 1.8127
0 5.44 20.39 0.449
0 9.11 23.77 0.6412
0 9.43 24.79 1.1131
0 6.94 26.18 1.464
0 5.35 25.21 2.326
0 5.8 21.7 1.9019
0 5.21 19.45 2.0466
3.95 3.92 16.59 2.3224
35.85 1.46 11.17 3.7752
20 -3.44 9.78 0.7751
3.325 -4.41 9.6 0.9272
0 -3.97 9.5 1.2561
0 -0.98 13.87 1.2026
0.4 1.11 15.65 1.5323
5.6 2.21 10.69 1.5968
0 1.34 17.04 0.8945
0 1.88 18.9 0.5746
0 6.4 21.87 0.4719
0 3.55 21.37 1.0285
0 3.58 19.01 1.5604
0 4.11 19.23 1.7298
0 4.98 19.81 1.721
0 2.93 21.23 0.7178
0 3.07 18.09 0.5987
0 3.91 19.31 0.4707
0 4.37 18.08 2.1669
0 2.28 19.79 1.7866
0 3.17 20.45 2.2102
0 1.28 17.87 1.3214
0 -0.2 13.46 3.4165
0 -2.7 11.89 3.4122
0 -3.01 11.53 2.1101
0 0.1 14.01 0.8855
0 0.44 15.79 2.1554
0 1.16 16.52 0.1279
0 0.76 15.9 3.1196
0 1.14 14.62 4.2147
1.075 -3.67 14.23 3.7956
8.525 -5.26 11.57 1.8243
1.15 -7.1 0.02 0.3629
9.225 -6.15 1.08 1.4581
0.2 -6.64 0.52 0.917
0 -7.47 3.21 2.3239
0 -6.61 5.5 3.2922
0 -6.14 9.05 3.0682
0.825 -5.03 8.86 3.4969
3.85 -0.22 6.94 1.0492
0 -2.02 7.38 0.202
0 -1.41 8.63 0.6459
0 -4.24 8.67 0.5426
0 -4.13 8.79 0.8969
0 -3.82 8.98 0.9237
0 -4.57 9.73 3.1515
0.325 -4.51 4.45 2.1771
0.75 -4.02 1.36 4.0071
3.525 -6.28 0.73 1.6029
0 -6.62 3.65 2.2126
0 -6.35 7.19 3.4326
0 -6.26 14.31 2.1766
0 -6.23 7.3 0.8294
0 -5.5 7.16 2.9632
0 -4.38 8.92 2.3933
0 -3.21 9.35 1.0695
0 -0.83 10.05 1.7854
0 -4.72 10.47 3.303
0 -4.86 8.13 8.8435
0 -4.89 3.8 3.7067
0 -7.1 7.68 4.4353
0 -8.23 5.89 2.7401
0 -8.08 3.52 3.4922
0 -9.18 3.96 3.0951
0 -8.56 3.52 3.6523
0 -8.32 5.22 3.7371
0 -7.77 4.86 4.3312
0 -6.85 5.11 3.2548
0 -7.86 5.64 1.0801
0 -9.06 5.21 1.676
0 -8.76 2.01 1.4747
0 -7.9 2.59 1.183
0 -7.78 2.73 0.9072
0 -8.04 2.11 5.6686
0 -7.98 4.88 4.7346
0 -8.91 5.03 2.7061
0 -8.7 5.67 4.628
0 -9.92 3.7 4.5892
0 -8.55 1.08 3.4691
0 -10.01 4.06 4.5695
0 -9.19 6.57 4.0343
0 -8.97 5.21 4.9664
0 -8.2 5.16 3.3969
0 -6.67 5.73 1.3208
0 -6.66 7.5 1.1785
0 -6.07 6.12 1.2299
0 -3.76 10.45 0.9611
0 -4.93 8.95 1.0333
0 -7.17 7.9 2.3997
