1.5 0.96 11.94 1.3851
5.75 1.75 8.76 1.3408
15.075 0.03 10.65 1.9052
16.375 -2.73 8.46 3.5551
5.975 0.69 8.91 1.9971
0.475 3.42 7.13 0.399
1.5 2.74 9.19 1.4434
0.875 3.12 9.97 0.8308
0.5 2.65 11.05 3.8668
0.3 0.37 11.63 3.4483
0 2 13.4 2.5948
0 3.78 12.53 5.2408
0 3.43 15.11 4.1286
0 2.43 16.27 4.0134
0 2.23 15.09 3.8238
0 2.49 15.82 4.8625
0 1.55 15.6 4.1865
0 2.1 16.85 4.7673
0 1.66 17.21 4.9822
0.05 2.84 14.78 3.5059
6.35 3.09 14.04 2.6715
20.325 8.04 16.11 2.0274
17.8 9.31 12.25 1.6306
13.525 8.19 13.96 2.1089
7.525 5.26 12.39 3.246
8.25 -0.25 6.84 1.1015
4.15 0.16 9.59 1.1374
0.475 -0.9 9.12 1.2961
0.325 0.48 10.18 3.9791
2.2 0.17 11.62 4.4101
1.3 2.4 14.37 2.744
0 2.66 16.84 2.9413
0 3.35 17.32 4.0781
0 4.15 21.11 3.897
0.275 5.29 19.92 3.0809
2.75 5.9 16.34 2.7769
5.325 7.16 14.12 3.0689
3 5.2 13.11 2.6756
5.75 3.71 13.18 1.0998
5.225 1.36 10.29 3.1076
5.4 -2.33 8.22 0.4053
8.9 -0.71 9.6 2.7895
13.225 1.49 9.32 1.2693
16.975 -0.02 8.06 3.2095
6.975 2.79 9.31 3.9726
7.775 4.28 9.7 6.5519
18.05 3.93 10.71 5.4205
12.725 4.74 9.27 4.4708
1.3 3.37 10.45 1.6991
0 1.87 13.58 3.5526
0 2.47 15.83 2.7105
5.65 2.6 16.49 3.6583
14.375 6.06 15.02 4.1339
8.925 9.46 14.18 3.0901
1.6 6.29 14.62 1.7553
2.825 6.19 15.86 1.7208
2.3 5.63 15.39 2.7001
0.125 2.11 14.04 0.4933
2.925 3.93 16.38 3.6281
13.65 8.04 16.49 3.2265
24.2 9.45 16.37 4.5814
26.25 6.63 13.33 5.084
12.525 3.75 11.6 2.6473
0.1 1.24 12.31 1.0951
0 1.73 11.64 1.8999
0 0.58 11.88 0.4098
0 1.83 13.81 1.4158
0 0.44 11.9 2.683
0 -1.65 11.55 0.7172
0 -0.17 13.34 0.7126
0 2.33 15.59 1.8742
0 2.4 16.8 1.9033
0 2.97 15.21 1.4346
0 4.25 16.02 2.7927
0 6.22 17.9 3.3151
0 5.74 17.6 0.9685
0 5.41 19.69 1.2187
0 7.33 21.52 1.4713
1.725 7.31 21.42 1.0879
8.9 6.66 19.81 1.6867
9.1 2.74 13.16 3.7999
0.475 -0.71 11.91 2.257
0 1.09 15.52 1.9604
0 3.03 17.52 0.8941
0 5.3 20.02 1.9138
0 6.96 21.39 1.8345
0 8.35 22.85 1.4695
0 5.97 19.09 3.8169
0 2.41 16.85 2.257
0 3.86 18.12 0.626
0 5.05 20.31 2.978
0 5.54 20.5 2.6964
0 3.58 16.58 5.1043
0 0.71 16.69 1.957
0 4.2 19.23 2.5403
2.425 2 24.72 1.8594
9.6 5.17 23.07 1.0756
11.725 6.26 17.67 2.9786
8.35 6.09 11.79 1.9345
5.3 6.23 13.43 2.2909
0.475 4.23 15.07 3.5318
0 4.68 17.91 1.456
0.05 5.65 20.09 2.5919
0.1 4.61 18.74 5.2844
0.025 -0.13 14.3 5.5677
0 1.36 14.58 2.8171
0 3.04 20.49 1.6878
0 6.31 23.68 2.3383
0 9.7 27.4 2.4605
0 11.52 30.33 1.4679
0 13.61 31.11 1.211
0 12.37 31.76 1.7284
0.275 8.85 29.75 2.3241
0.3 6.99 21.47 2.9937
0.35 2.3 17.96 3.1559
0 3.01 19.47 1.9474
0 4.33 18.76 2.2416
0 2.74 16.74 3.0177
0 1.82 17.06 1.735
8.25 3.7 19.76 1.8282
29.6 7.88 20.28 1.9243
22.325 10.66 17.49 2.7149
5.925 10.95 16.76 3.8855
5.975 10.17 20.01 2.0533
4.825 12.57 21.98 3.8679
0 9.51 24.25 1.9124
0 10.49 24.71 2.9657
0 9.13 25.05 2.0247
0 9.94 26.62 1.8442
0 10.28 27.4 1.4927
0 10.48 27.87 3.0226
0 7.71 25.42 3.3668
0 9 25.06 2.841
0 9.51 26.59 2.8843
0 10.69 27.66 2.2634
0 13.88 32.15 1.5533
0 17.16 36.06 0.2982
0 16.05 35.34 2.042
0 14.33 32.06 2.3529
0 11.01 28.42 1.307
0 10.74 29.61 1.0205
0 12.05 29.64 2.334
0 10.34 28.24 2.9473
0 9.25 25.87 2.7214
0 9.06 27.14 2.2066
0 12.37 29.75 1.8265
0 15.54 32.62 1.0431
0 15.29 33.65 2.0624
0 14.92 30.76 2.541
0 13.16 29.82 2.9335
0 12.54 28.13 2.3317
0.3 12.27 27.28 2.3452
0.95 12.37 25.29 2.3562
1.1 12.86 26.54 0.5608
1.25 11.08 24.1 2.1696
0.925 10.16 20.81 3.1527
0.925 8.71 21.98 2.0459
0.3 9.2 24.11 2.5925
0 10.8 25.79 2.5371
0 8.78 24.42 3.3443
0 10.61 23.3 3.0281
0 9.28 24.19 3.2919
0 10.46 26.2 2.5055
0 12.19 22.85 3.4408
0 10.39 24.17 2.3221
0 9.99 24.62 2.4616
0 11.3 26.51 2.6698
0 12.76 27.3 3.1934
0 13.01 31.05 2.2497
0 14.19 32.19 3.0403
0 10.78 29.16 3.3182
0 8.82 25.79 3.4309
0 10.82 28.24 1.8039
0 14.5 32.3 0.957
0 15.01 34.24 1.7422
0 13.71 32.94 2.7372
0 13.44 33.11 1.724
0 16.42 35.89 1.0857
0 17.23 39.92 0.8558
0 18.66 39.27 2.6948
0 16.28 37.7 2.6018
0 16.16 34.96 2.2499
0 16.14 34.69 1.9326
0 16.09 35.29 2.8114
0 14.89 33.17 2.5678
0 13.05 31.16 2.7722
0 11.42 30.53 2.5019
0 11.59 30.12 2.6334
0 11.28 30.44 2.7299
0 12.45 30.24 2.7028
0 12.84 30.5 2.1884
0 14.88 30.63 1.9281
0 16.59 31.97 2.3938
0 13.74 33.8 1.9032
0 16.37 36.43 1.1245
0 17.26 37.51 1.4195
0 16.65 37.98 1.7822
0 18.76 38.18 1.6282
0 19.91 39.31 1.9225
0 20.4 40.3 1.5963
0 19.65 37.74 2.4172
0 16.38 35.57 2.5676
0 16.3 34.54 2.4909
0 14 34.35 2.1348
0 14.12 32.84 2.2162
0 13.16 33.65 2.352
0 14.88 35.79 2.0297
0 18.43 37.87 1.7953
0 17.3 35.73 2.1547
0 16.18 33.68 2.8891
0 15.58 32.83 2.6503
0 12.87 32.24 2.9585
0 14.7 32.59 2.752
0 13.08 31.28 3.1137
0 11.7 29.56 2.6234
0 12.81 30.81 2.2926
0 14.66 30.98 2.3676
0 12.33 26.5 3.0132
0 10.79 26.42 1.8531
0 12.67 29.03 1.6831
0 15.84 32.54 0.9455
0 17.81 35.16 1.2964
0 18 35.14 3.0257
0 15.41 36.29 3.0106
0 16.11 34.58 3.2393
0 14.12 31.06 3.0815
0 11.42 31.62 1.6805
0 14.11 32.58 0.7862
0 15.97 33.64 0.9584
0 15.84 35.09 0.8596
0 16.53 34.99 1.3209
0 14.63 33.58 2.4205
0 15.65 36.41 2.2166
0 17.44 36.21 2.154
0.075 15.9 32.69 2.7687
0.025 13.49 30.61 1.6445
0 14.08 31.35 1.5342
0 14.56 32.97 0.5205
0 13.95 35.46 1.7064
0 16.21 36.21 1.7539
0 17.45 37.2 1.7675
0 17.69 36.01 2.5518
0 16.23 32.63 1.6806
0 14.62 33.84 0.8714
0 16.77 35.62 0.5183
0 16.93 36.79 1.8865
0 15.13 34.04 2.3973
0 11.68 30.62 2.1561
0 11.87 27.77 2.2576
0 11.17 28.44 2.0207
0 11.7 30.27 0.7303
0 12.88 31.58 1.1315
0 14.98 34.63 0.5633
0.025 16.56 36.11 1.1091
0.05 14.52 33.31 1.8757
0.975 11.62 27 2.1911
1.375 12.95 24.1 2.6917
0.2 11.22 25.04 1.7231
0 12.57 29.09 1.8187
0 13.79 31.53 0.9959
0 15.33 34.39 0.8261
0 16.33 33.83 1.9354
0 13.47 32.91 0.8914
0 14.77 33.54 2.0215
0 16.1 35.2 2.1032
0 16.18 35 1.2759
0 15.5 34.54 0.7882
0 14.63 34.67 0.7327
0 15.92 36.12 1.0867
0 16.5 36.48 0.335
0 14.95 34.22 1.9084
0 11.85 28.56 2.614
0 5.69 21.03 2.4706
0 6.87 25.26 2.3613
0.2 8.75 26.36 0.9524
0.575 8.57 24.06 3.2379
0.925 5.64 19.55 3.3202
0 4.4 17.39 0.3772
0 5.12 20.57 2.6046
0 6.76 23.17 1.1886
0 6.87 22.59 1.2908
0 7.43 23.99 0.6259
0 8.25 24.1 0.6539
0 7.42 21.91 1.8684
8.725 8.16 20.38 2.1046
23.525 9.78 16.83 7.0377
18.825 12.84 17.74 4.4328
0.45 14.66 23.1 1.2272
0 13.18 24.57 2.2251
0 13.19 26.11 1.2338
0.575 11.2 23.68 1.6753
0.9 8.63 21.28 2.0462
0.175 5.89 19.23 1.2724
0 7.63 19.69 1.0595
0 7.99 21.76 0.887
0 9.96 23.46 1.3622
0 10.85 24.05 1.3155
0 9.17 23.39 1.6322
0 10.4 24.46 1.0823
0 8.66 22.27 4.9188
0 4.91 18.14 4.8288
0 2.49 16.13 0.8203
0 4.56 18.8 0.2516
0 5.41 21.42 0.88
0 7.58 22.17 0.9481
0 8.84 23.61 1.2755
0 9 25.23 1.2334
0 8.67 24.9 1.9411
0 8.28 22.77 2.639
0.075 7.09 19.79 0.8506
0.175 6.85 18.02 1.7125
0 3.48 17.25 1.9092
0 4.93 17.44 1.1201
0 6.14 17.96 0.7578
1.1 7.28 17.41 0.5794
1.55 5.97 16.04 2.0354
0.225 2.39 13.1 1.2948
0 2.74 14.05 1.0618
0 2.61 15.66 2.6753
0 2.36 16.92 1.9347
1.425 3.37 18.66 1.3386
0.9 3.75 16.31 2.1177
2.9 2.4 15.51 2.2623
7.425 3.72 14.89 3.7294
1.95 1.72 13.41 1.1135
0.05 3.16 13.48 0.5444
0 1.96 13.51 1.9681
0 3.3 16.03 3.377
0 4.04 17.86 3.7013
0.725 4.99 19.62 2.3473
1.925 4.94 19.68 1.1895
0.55 3.92 13.98 5.5272
0 2.25 14.61 4.8437
0 2.48 15.5 3.8396
0 2.6 16.73 1.6817
0 2.11 15.03 2.0861
0 0.72 13.3 1.8926
0 1.34 14.52 1.8989
0.075 0.76 12.36 0.7557
12.95 -1.4 9.8 1.9344
14.4 -1.8 5.41 0.6284
1.425 -5.01 4.84 0.6989
0.025 -4.62 5.12 1.8702
8.3 -2.41 7.16 3.2549
23.375 1.47 10.21 2.9532
39.725 6.7 11.05 3.9685
26.85 6.09 10.52 3.7691
3.7 5.66 10.84 0.8581
0.075 4.34 13.02 3.4629
0.225 4.78 13.87 2.8943
0.15 3.68 11.37 2.1472
0.025 2.53 11.57 2.6632
0.05 3.19 10.19 4.0404
3.55 3.3 14.55 2.8613
12.075 5.23 14.43 1.925
5.325 1.53 10.24 3.6578
0.05 -2.25 9.2 2.0964
0.025 -0.97 10.67 3.9411
0 0.52 14.08 4.074
3.25 1.92 12.14 4.1286
3.85 3.1 12.29 2.2526
2.975 2.09 9.4 3.0632
2.875 1.78 9.97 0.9656
3.15 5.29 11.41 1.4497
0.075 4.68 11.56 2.8712
0 5.6 12.44 2.5448
0 4.13 12.88 1.0692
0 3.43 13.22 3.8294
0 1.83 13.72 2.9077
0 1.67 12.4 2.8316
0 2.88 11.22 3.1081
0.2 2.68 10.39 2.6106
0.725 3.9 13 2.9765
0.625 5.13 11.49 2.5024
0.525 4.09 8.82 2.5394
2.175 4.29 10.3 3.2785
12.625 5.89 17.44 4.9382
9.45 6.43 15.66 2.175
0.1 2.13 12.67 1.3955
0 3.12 13.56 3.3044
4.5 2.8 15.79 2.7064
17.55 5.03 15.33 3.0234
25.6 6.51 12.81 5.1613
24.55 6.78 10.51 5.9273
31.35 5.17 9.98 6.7485
27.55 2.74 8.93 3.8152
18.5 1.14 7.02 3.2863
3.175 1.66 8.09 1.2868
4.775 1.45 9.54 2.6155
8.925 3.85 10.23 4.6513
3.4 6.27 11.63 2.8669
0.1 4.05 10.66 1.2682
2.375 2.49 12.54 2.7382
3.775 3.7 14.28 3.2014
2.6 4.01 14.04 1.2859
0.25 1.9 12.77 1.0981
0 2.53 14.08 1.8342
0.05 3.24 13.48 2.2112
1.85 4.83 14.2 0.7684
6.025 5.11 14.4 3.3145
8.9 6.87 14.06 3.2579
11.025 6.8 12.05 1.6643
3.05 5.49 10.26 2.2494
5.775 5.86 10.66 1.3506
3.45 5.06 10.61 1.5592
0.525 2.09 10.99 0.5018
0 3.46 12.11 1.4334
0 5.59 14.72 1.7463
0 3.52 15.94 1.1743
0 3.91 16.29 1.3971
0 4.41 16.86 1.1829
0 5.86 17.24 1.7915
0 6 18.43 2.3855
0 5.13 18.2 0.7067
0 5.56 14.87 1.0002
3.4 6.58 12.31 1.9554
4.275 4.36 9.97 2.5459
5.6 0.14 11.16 2.1819
11.275 2.42 10.9 3.9932
9.4 5.36 10.37 2.6016
4.5 3.06 13.06 0.9722
18.325 5.31 15.78 4.9463
13.725 5.69 14.26 1.0141
0.35 3.57 13.51 0.3331
1.55 5.44 16.22 2.1633
12.475 6.11 14.81 2.8278
16.975 4.28 9.11 3.4009
4.875 2.32 10.22 2.5319
0.05 1.24 10.84 1.3098
0 3.26 14.05 2.4125
0.075 3.77 15.84 0.9401
0.375 3.12 11.26 2.6165
3.025 -1.11 10.58 3.477
2.225 0.37 10.02 2.061
3.875 0.31 12.79 0.4838
10.725 2.38 12.6 2.3909
5.075 0.66 12.48 2.2946
0 0.53 13.32 2.6386
0 2.82 17.09 3.6772
0 5.23 21.23 1.3387
0 6.9 22.06 1.1768
0 6.25 22.63 2.9824
0 4.87 22.81 2.413
0 6.49 22.68 1.8081
0 6.61 20.91 0.3572
0 5.64 19.21 1.7379
0.05 4 19.43 1.7502
0.375 5.53 20.25 1.8061
1 5.24 17.39 2.3458
0.275 2.8 15.17 1.885
0 2.9 18 2.5549
0 5.14 20.94 1.1581
2.35 5.58 20.24 2.9365
10.85 5.23 16.67 5.0173
9.3 1.81 12.25 2.6067
0.925 0.49 12.15 0.638
4.975 1.72 11.7 2.2106
9.2 1.92 10.87 1.5909
18.75 2.15 10.93 2.9144
13.525 2.54 12.52 2.6836
0.05 1.59 13.31 0.5308
0 2.34 16.2 2.2437
0 4.28 19.19 1.0277
0 4.76 19.84 1.9893
3.075 7.34 16.74 2.0359
17.775 6.55 12.74 4.5579
21.45 5.2 11.32 4.3001
3.625 3.83 13.64 1.142
0.1 3.78 14.94 0.7123
0 4.1 17.23 0.883
0 5.77 19.53 1.5738
0 5.4 19.84 1.2509
0 6.35 22.24 1.2655
11.975 8.33 21.83 1.3376
25.15 5.78 17.13 2.4843
13.6 3.99 9.62 3.4285
2.975 5.2 11.39 2.1975
0.075 6.46 14.74 1.0639
0 7.23 21.21 1.1067
0 8.27 24.06 1.1994
3.125 9.42 25.15 0.8224
15.275 7.69 23.28 4.3696
9.875 3.63 12.83 4.5367
3.55 2.56 15.22 3.3981
0.15 2.25 15.43 3.2696
0 4.43 20.19 1.9848
0 6.41 22.29 1.8679
0 8.78 25.7 1.1781
0 8.9 23.88 2.2572
0 6.6 21.34 3.7776
0 4.26 20.52 2.4758
0 5.31 21.5 0.9603
0.075 6.42 21.58 2.6955
1.975 6.31 17.99 3.4805
8.3 6.18 13.28 3.1208
3.775 2.17 12.37 3.4927
0 3.89 19.52 2.0705
1.2 6.22 23.77 1.2315
2.925 8.67 25.44 0.8824
0 8.69 26.14 0.7859
0.65 10.07 25.29 1.2806
1.975 10.07 24.29 2.0598
0.85 10.76 20.22 1.5822
0.3 10.04 20.07 1.4691
0.525 9.72 21.54 3.3558
0.275 5.82 19.28 4.1267
0.7 2.74 15.62 3.4299
0 3.39 15.3 4.0937
4.9 6 18.06 2.2274
13.65 5.73 18.57 1.6521
18.6 7.4 18.88 2.7731
15.5 6.8 17.19 2.1605
8.9 4.19 16.92 3.0194
0.025 5.52 19.47 1.7984
0 8.91 26.44 1.1103
0 12.24 26.64 2.4578
0 12.21 24.59 3.0419
0 11.18 25.9 2.0976
0 13.34 26.96 2.1572
0 14.59 27.45 2.4676
0 13.92 29.53 1.6918
0 14.38 30.41 2.5301
0 12.44 28.73 3.1264
0 11.88 27.82 2.6698
0 11.33 26.46 3.488
0 8.29 23.31 4.5717
0 9.82 22.92 5.0938
0 12.33 28.85 3.6824
0 13.76 31.75 1.0126
0 14.48 31.9 1.8951
0 12.88 29.78 2.8057
0 9.45 27.52 3.3164
0 10.23 27.36 1.6668
0 8.58 27.82 2.4549
0 8.45 25.13 3.1913
0 7.76 25.27 2.7919
0 10.41 27.72 2.0715
0 12.31 30.38 1.0961
0 13.31 32.24 2.1186
1.175 12.49 29.83 2.3155
0.9 11.54 28.16 2.8726
0 13.1 30.79 2.6242
0 16.72 34.8 1.3356
0 19.56 37.44 1.8054
0 16.67 36.32 3.0979
0 13.93 32.04 2.9849
0 11.93 30.57 2.8822
0 12.03 30.54 3.0404
0 13.43 30.41 2.6124
0 14.28 33.17 1.3064
0 14.98 33.64 1.8907
0 12.63 30.75 2.4406
0 12.09 31.25 2.4389
0 12.64 32.49 2.5743
0 14.9 33.6 2.3273
0 15.77 35.85 1.9196
0 16.49 35.39 2.266
0 15.71 32.3 3.1355
0 14.55 31.67 3.0725
0 15.72 33.14 1.6351
0 17.57 36.22 1.476
0 19.45 37.54 2.6953
0 19.06 37.57 2.6706
0 18.28 37.14 2.5206
0 16.65 36.85 2
0 16.11 34.07 1.9427
0 14.28 32.01 2.3515
0 12.71 33.91 1.0737
0 15.44 33.69 2.3696
0 15.97 34.8 2.2095
0 16.49 34.58 2.7739
0 14.67 31.23 2.8922
0 13.69 29.92 2.1313
0 12.34 29.89 2.5058
0 13.85 31.71 2.3739
0 14.44 32.64 2.5546
0 13.93 32.29 2.3381
0 14.17 32.33 1.9527
0 14.62 32.77 2.3717
0 14.15 33.69 1.6043
0 14.65 33.16 2.0406
0 12.41 31.78 2.1498
0 13.34 32.08 2.2294
0 12.94 31.33 2.5574
0 13.74 30.3 2.8696
0 13.02 30.1 2.0639
0 13.98 30.25 2.0293
0 11.96 27.96 2.2489
0 11.52 29.6 1.1078
0 14.49 30.78 1.582
0 13.82 30.59 2.4365
0 13.32 31.13 2.9658
0 14.16 33.31 1.3777
0 15.5 32.73 1.615
0 14.5 31.8 1.6382
0 13.01 32.96 2.0146
0 14.56 33.14 2.2792
0.15 12.69 29.79 1.8944
0.075 10.76 30.06 1.867
0 13.5 30.42 2.4946
0 15.46 36.95 1.8408
0 19.36 39.99 0.4715
0 17.79 36.2 2.1518
0 13.93 32.56 2.3262
0 10.73 29.6 2.786
0 8.78 23.14 2.278
0 9.92 24.22 2.5285
0 10.28 27.17 1.7008
0 13.95 30.54 1.261
0 16.56 34.55 0.4063
0 16.54 35.74 1.314
0 16.24 35.63 1.2278
0 15.33 32.84 2.1893
0 13.85 32.4 1.4742
0 13.57 30.67 2.1085
0 11.27 25.38 2.735
0 8.1 20.81 1.8991
0 9.72 24.88 0.9385
0 12.01 28.68 0.5422
0 13.12 31.06 1.1463
0 12.46 28.52 1.7293
0 10.71 28.12 1.4912
0 11.54 28.56 1.3555
0 11.72 29.27 1.8349
0 13.14 28.19 1.5213
0 13.12 27.31 1.3326
0 12.4 25.84 1.293
0 10.89 26.24 1.3961
0 11.04 26.23 1.3269
0 9.06 23.78 2.6801
0 9.22 23.88 1.2574
0 11.47 29.09 0.858
0 13.56 32.02 1.0671
0 16.86 34.76 1.0032
0 15.61 35.55 1.3824
0 17.65 37.03 0.6898
0 17.78 37.25 0.5484
0 17.16 34.96 0.3508
0 15.56 32.06 0.6917
2.175 16.57 32.59 0.9074
4.05 14.12 29.37 1.453
2.825 11.28 22.15 1.6336
0.5 11.03 19.01 1.714
0.05 9.73 20.18 0.6644
1.475 10.17 21.2 2.0155
0 8.37 21.38 0.6262
0 9.49 24.73 1.9397
0 12.33 26.78 1.8563
0 13.09 28.03 2.1079
0 13.48 29.41 2.219
0 15.11 31.59 1.442
0 15.81 32.67 0.5235
0 14.61 31.72 0.4531
0.45 12.78 28.91 1.0024
1.6 11.51 22.57 0.9476
0.6 9.63 20.52 1.284
0 9.91 21.54 1.5569
0 9.73 24.24 0.8734
0.35 9.31 21.86 1.7577
4.575 9.74 20.3 1.4103
16.675 10.68 18.56 1.9426
36.3 11.02 15.81 5.1022
11.75 8.04 16.18 3.2776
0 4.53 16.63 1.5561
0 3.97 17.75 2.8816
0.05 7.16 20.89 3.6123
2.125 8.44 20.65 2.2503
2.8 9.71 18.2 1.7938
0.625 7.85 16.02 1.1596
0 6.73 19.76 1.8245
0 7.86 21.8 2.8634
0 9.33 23.71 2.5532
0 11.32 27.13 1.5914
0.075 11.71 26.39 1.3327
5.5 10.26 24.19 2.0448
15.025 8.92 18.4 3.3679
5.8 4.23 12.96 2.3878
1.925 2.09 13.78 0.6586
1.2 4.28 14.3 1.6023
0.025 3.07 14.26 2.3052
0 4.07 16.1 1.3907
0 4.64 16.21 3.0005
0 6.1 18.4 1.8117
0 7.58 19.96 2.8896
0 7.03 20.04 1.513
0 6.89 19.77 1.8188
5.25 6.37 19 1.7507
21.05 5.44 15.68 2.0302
22.7 2.39 9.85 3.0644
19.575 2.68 7.62 4.5785
13.65 3.4 7.9 3.0768
13.275 1.97 8.76 3.9084
3.325 -2.14 6.55 1.4178
0 -2.15 8.57 3.1108
8.95 -0.78 9.7 3.3649
10.525 1.5 9.33 2.6202
3.8 0.15 7.09 2.1846
0 -2.6 8.58 2.516
0 -0.79 9.58 3.0621
0.1 0.68 11.73 2.3094
0.15 1.64 12.29 2.7011
0.575 5.65 10.55 1.4202
7.375 6.99 15.26 2.6311
11.05 7.74 16.26 2.7389
3.95 7.45 17.4 3.6789
4.25 4.53 15.56 2.1585
7.275 5.66 14.47 2.4637
5.2 8.04 14 1.4081
0.65 9.14 16.97 1.7106
0 7.58 15.55 0.4741
0.025 6.77 15.67 2.3471
9.875 6.06 14.42 1.3709
18.275 6.22 11.92 2.0543
5.725 2.88 11.23 1.2484
12.275 0.46 10.98 2.5233
32.35 1.97 11.24 3.5041
41.575 7.33 12.05 5.0516
58 6.88 12.72 5.6069
6.825 4.85 9.7 2.9544
8.75 4.72 9.23 3.0801
6.8 5.74 12.24 2.1405
1.1 5.72 11.29 0.5815
8.275 4 13.45 3.2432
19.875 4.16 14.61 5.552
8.525 4.2 13.57 2.3258
6.35 3.39 10.7 0.8015
41 4.17 10.58 2.3507
29.3 2.43 8.93 4.4149
2.475 -2.7 7.21 2.1854
4.525 -2.95 6.59 1.5797
18.875 -0.29 8.01 4.5303
14.25 2 7.86 4.68
2.85 2.53 8.19 2.375
3.475 0.49 9.11 2.9896
0 0.14 9.68 3.6575
0.075 -0.89 7.12 4.7124
0.025 -0.56 6.02 3.1827
0.1 -0.22 7.17 1.4924
0.05 -0.62 4.31 1.4779
0 -2.84 5.59 2.964
0.925 0.91 8.35 3.5097
2.05 3.43 12.73 2.5516
1.55 3.18 13.3 1.6458
0.475 5.87 10.82 1.1725
0 2.77 11.93 2.6765
0.075 5.37 10.73 0.69
0.025 5.48 11.95 0.6307
0.025 5.12 12.12 2.4856
0 2.49 11.3 1.613
0 3.12 14.85 3.9979
0 2.61 16.59 3.5402
0 3.73 15.91 2.9341
0 3.04 17.33 4.058
0 3.36 16.62 1.7107
0.075 3.35 15.68 2.0045
0.15 2.53 15.39 4.9231
0.075 2.27 15.6 3.6137
0.05 1.83 14.43 1.7631
16.55 1.98 13.77 0.6205
12.3 2.74 12.01 1.706
4.95 0.9 9.31 1.2851
0.025 1.04 11.84 1.6523
0 -0.72 13.24 3.0206
0 1.24 13.6 1.9816
0 2.08 14 2.4497
0 3.14 18.62 1.66
0 5.59 18.32 1.9407
0 5.46 19.34 0.7863
0 1.67 16.84 2.6078
0 -0.17 13.61 3.3363
0 1.29 13.91 3.5714
0 2.21 15.87 3.7349
0 2.87 19.26 2.9296
0.125 2.71 19.5 1.151
1.175 3.15 16.66 4.1444
17.1 7.47 15.52 5.1312
21.625 3.84 11.71 5.6553
32.9 1.86 7.14 4.9243
30.025 2.07 6.95 2.3214
9.275 -0.19 9.1 2.7263
0.775 -1.27 8.82 0.5221
0 0.62 10.06 1.2153
0 -0.51 10.62 0.5524
2.625 -0.41 11.49 0.8247
14.225 0.69 9.8 2.4016
17.575 0.07 9.21 4.8486
9.175 -2.69 7.39 0.9606
20.575 -3.35 8.29 0.4312
0.925 -0.72 11.3 2.3737
2.6 -1.26 13.53 1.9649
8.975 3.8 14.81 4.0884
2.325 7 15.14 1.5031
0 2.82 15.58 1.4636
5.825 4.48 16.7 0.5659
17.675 6.53 15.08 1.7579
7.6 5.72 11.97 4.0379
0.1 3.11 13.14 0.8565
2.025 4.67 16.04 1.549
0.5 6.3 17.21 1.1183
0.2 4.87 16.09 1.1591
0.925 4.42 15.25 0.4395
5.025 5.73 16.17 1.6502
6.575 8.18 17.56 1.5558
12.15 8.21 18.02 1.8894
7.525 6.69 15.95 2.4788
7.35 1.53 13.17 0.9147
14.125 1.61 13.01 3.9335
24.725 2.93 10.21 4.773
29.8 4.57 9.05 5.1387
12.675 2.82 9.38 2.2149
3.975 2.26 11.17 1.6098
14.95 3.8 10.87 5.356
20.35 3.95 8.05 5.5967
25.725 2.55 9.46 3.9385
16.725 3.27 9.92 3.2196
3.6 4.38 11.66 1.5994
1.55 5 13.83 0.7101
0 4.4 16.63 1.2847
0 5.81 18.91 1.8751
0 7.65 21.83 2.5125
0 9.86 25.41 1.9733
0 8.7 22.22 1.1646
0 4.12 18.9 2.0063
0 5.68 20.75 1.808
0 8.03 21.9 1.5254
1.95 6.11 20.56 1.8301
3.575 2.83 15.6 3.4773
1.225 0.05 10.94 1.7284
0.05 0.06 13.61 1.2726
0 1.27 16 0.3986
0 3.39 16.71 1.5863
0.4 3.44 17.63 1.4972
0.525 3.3 15.01 2.5628
0.15 1.76 15.07 0.5327
0 3.04 18.66 0.7756
0 6.13 22.18 1.2921
1.325 6.9 22.85 2.0459
1.175 9.28 19.72 2.5026
0.5 10.54 18.98 1.3399
1.65 9.82 20.53 1.904
1.775 8.92 18.38 1.8665
0.45 4.99 18.29 0.8536
0.9 6.66 18.47 0.8202
1.65 7.92 18.69 1.9463
1.55 6.92 18.94 2.2593
0.55 4.46 18.58 2.4144
0.1 3.97 20.62 1.0466
0 4.72 20.51 2.178
0 4.21 18.84 4.4452
0 3.03 20 3.4089
0 5.11 22.36 1.681
0 7.4 25 0.5137
0 7.64 24.44 1.1579
0 8.68 27.53 2.9617
0 11.53 29.88 0.949
0 10.05 28.92 1.4407
0 8.18 24.98 1.8313
0.2 7.31 19.23 2.6889
1.625 4.4 15.72 2.9447
0.775 4.51 20.45 2.4651
0 5.87 22.96 1.7228
0 7.79 24.39 1.2427
1.75 8.66 25.2 0.8253
19.75 8.01 20.84 2.7648
20.375 5.09 14.27 2.6782
10.575 3.58 13.21 1.6701
19 6.15 12.58 3.4064
7.775 6.8 14.36 2.0458
0.525 5.22 19.11 2.7855
0 7.43 23.5 1.6232
0 10.39 24.06 2.223
0 7.78 22.86 3.268
0 6.48 21.27 4.4809
1.45 6.51 21.51 2.4078
5.4 7.84 19.3 2.7245
0.875 5.44 19.24 1.991
2.275 6.09 19.65 3.0508
2.25 6.27 18.15 3.9143
1.9 5.63 17.56 4.5418
0 6.41 19.08 2.7127
2.9 6.96 19.82 2.5107
1.825 8 18.29 2.5538
1.25 6.02 17.08 1.5646
2.35 5.85 18.28 0.8284
13.425 8.75 17.72 3.495
18.7 11.42 19.27 0.9491
7.2 9.5 19.36 3.3878
0.125 8.31 20.25 2.1189
0 9.54 23.8 2.8781
0 10.87 26.69 1.6572
0 12.31 27.53 2.765
0 10.81 25.5 3.1736
0 10.13 25.5 2.7908
0 11.92 28.27 2.6974
0 14.08 31.47 2.2816
0 15.95 32.58 2.2329
0 14.23 30.49 2.5319
0 13.1 28.89 1.6586
0 13.74 29.25 2.8237
0 13.37 30.02 2.3991
0 15.5 32 0.7589
0 17.63 35.34 0.8115
0 18.85 36.47 2.5177
0 15.41 33.84 2.5037
0 12.85 30.94 2.4419
0 12.61 30.34 2.599
0 12.87 30.53 2.4959
3.725 14.52 31.54 2.5205
12.975 13.78 27.55 2.419
5.95 10.95 22.81 2.4499
0.025 10.52 25.42 2.4015
0 12.72 30.31 1.5777
0 16.2 34.14 1.277
0 17.44 36.06 1.1909
0 17.53 36.64 1.6021
0 18.41 36.81 1.6135
0 19.31 36.03 2.4713
0 18.58 35.48 2.7268
0 17.13 34.67 1.9264
0 15.91 33.67 2.4162
0 13.83 32.42 2.2895
0.025 12.62 30.07 2.4829
0 11.54 27.91 2.6538
0 12.24 26.62 3.1517
0 11 25.52 2.7673
0 11.43 25.76 3.3889
0 11.18 25.66 3.191
0 11.77 26.64 2.0782
0 12.02 28.37 1.236
0 13.29 29.49 2.0116
0 15.12 32.04 1.6974
0 15.36 32.98 2.3417
0 16.09 33.82 2.7772
0 15 32.93 1.9443
0 13.64 32.42 1.9835
0 12.77 32.46 2.152
0 13.58 32.65 1.9684
0 13.68 33.32 1.6856
0 14.46 34.41 1.6112
0 15.72 33.87 2.406
0 14.67 33.03 3.1589
0 15.12 33.03 2.109
0 15.21 32.17 1.5249
0 15.39 33.85 1.8166
0 15.51 33.54 2.1143
0 13.46 31.22 3.1126
0 13.39 30.8 2.4475
0 14.78 31.27 3.1156
0 14.34 30.16 2.5949
0 12.98 32.01 1.971
0 14.13 32.48 2.0854
0 15.14 32.73 2.197
0 14.69 32.29 2.6621
0 13.72 32.3 1.9367
0 16.22 32.87 1.4825
0 15.81 33.56 2.1789
0 14.77 32.81 1.5238
0 13.93 33.31 1.3434
0 14.35 33.14 1.9316
0 14.71 33.85 1.857
0 14.25 31.58 2.7077
0 12.17 29.67 2.1185
0 11.68 29.92 1.6873
0 12.74 30.41 1.3456
0 15.15 33.24 1.0101
0 17.07 34.18 1.9461
0 15.95 33.37 1.219
0 16.16 34.71 0.818
0 17.03 34.71 1.0562
0 16.6 35.45 1.4151
0 15.34 34.5 1.8798
0 13.91 32.41 1.8082
0 13.24 31.65 1.7568
0 13.77 32.35 0.759
0 15.99 33.49 0.7383
0 16.21 33.7 0.7274
0 15.77 32.78 0.952
0 15.43 32.23 1.8939
0 14.84 34.63 0.7746
0 16.58 34.69 1.0277
1.975 15.74 34.11 1.0901
1.15 14.66 34.49 1.6072
0.075 16.92 35.39 0.7641
0.125 15.27 29.54 1.7637
0.1 13.8 28.12 1.7334
0 14.3 30.78 0.8998
0 14.82 31.13 1.5916
0 14.08 29.7 2.4348
0 12.22 27.7 1.6822
0 11.3 27.12 1.8128
0 13.19 29.22 0.8363
0 15.14 32.62 0.4886
0 16.48 34.79 1.0946
0 16.22 34.48 0.8523
0 16.48 34.55 0.7095
0 17.14 36.16 0.7343
0 14.6 33.13 1.5251
0.025 13.15 26.93 2.2123
0 10.65 24.37 1.9827
0 11.58 28.4 0.998
0 15.2 32.43 0.6129
0 14.37 33.4 0.8809
0 14.1 29.66 1.2216
0 12.76 26.86 2.3715
0 11.61 24.72 1.816
1.35 10.16 22.47 1.9592
16.35 9.72 20.63 2.1319
16.475 8.63 18.22 3.64
5.725 7.58 14.07 0.7295
0.65 4.77 16.17 0.9383
0 6.88 19.55 1.1693
2.275 8.2 22.31 1.2475
4.8 10.96 20.74 1.5928
1.95 12.96 21.01 1.7545
0 9.6 24.16 1.0631
0 10.81 27.47 0.8085
0 13.72 28.69 0.608
0.025 13.04 28.55 0.9645
0 13.05 26.34 1.112
0 12.49 25.96 1.5624
0 12.31 27.83 1.3229
0 11.73 25.22 1.1632
0 11.14 24.01 0.8197
0 9.85 24.76 0.9567
0 11.45 25.81 2.3187
0 11.89 26.89 1.529
0 10.83 26.53 1.5495
0 8.92 22.77 1.4223
0 5.51 20.24 2.7517
0 7.04 20.62 2.9831
1.95 7.9 21.47 1.7221
0 8.15 22.65 1.1034
0 8.58 23.51 2.062
0 9.29 24.47 0.6861
0 7.54 23.4 3.7407
0.475 6.31 22.15 4.0262
2.125 5.57 21 3.1969
3.35 3.45 16.37 1.6954
5.125 1.1 11.47 0.6559
1.925 1.46 10.86 1.3873
0.05 0.17 11.1 0.8289
0 1.93 12.92 1.9592
0 3.24 15.89 2.9651
0.8 2.74 18.78 3.151
2 5.13 18.87 3.7022
0.75 8.08 16.66 0.6647
0 6.8 17.1 0.3443
0 7.45 16.9 0.908
0 5.87 16.62 0.7117
0 5.41 18.04 0.8875
0.375 5.64 18 1.1386
1.725 4.96 16.03 3.2132
3.125 2.11 11.08 2.1437
1.325 3.64 11.67 4.016
0 2.4 13.32 1.9817
0 2.64 13.74 2.9422
0.075 2.91 13.87 4.2143
0.65 4.94 13.91 2.0762
0.125 4.71 13.25 0.6936
0 3.94 15.31 2.6707
0 4.11 16.67 2.2479
0.15 3.81 17.56 0.9261
0.175 3.19 13.91 1.527
0.025 2.76 17.05 4.0479
0 1.9 17.07 7.5129
0 2.42 15.65 3.421
0 0.38 14.69 4.0004
0 -0.06 13.75 2.6297
0 -0.6 13.15 3.433
0 -0.17 13.38 2.9341
0 -0.98 13.3 3.0865
0 0.4 14.06 3.0457
0 0.5 14.42 4.1229
0 0.74 15.39 2.9458
0 0.73 13.47 0.5607
0 1.19 11.63 1.4448
0 0.42 12.92 1.3899
0.675 -0.23 12.25 0.8775
1.05 0.92 11.27 0.6928
0.3 0.11 10.67 4.9224
0 0.25 13.81 4.3806
0 1.4 14.71 2.485
0 0.69 12.7 4.2291
0 -0.09 12.28 4.0346
0 -1.12 11.51 3.2899
0 -2.09 11.9 4.4905
0 -0.81 12.85 3.8874
0 -0.69 12.49 4.8188
0 -0.36 14.91 3.35
0 -0.19 15.43 1.1972
0 0.09 13.73 1.0696
0 2.26 15.51 1.0383
0 4.13 14.83 0.8273
0 5.52 16.15 1.392
0 2.24 13.24 2.3421
