1.225 -3.58 10.7 1.4614
8.275 -3.63 3.57 1.3604
3.75 -3.14 8.64 1.7901
0.025 -5.46 5.51 3.8438
1.525 -5.63 6.87 1.9228
0.75 0.99 3.39 0.3813
0 -0.72 4.48 1.4855
0 -0.88 6.76 0.7735
0 -0.84 9.31 4.1199
0 -2.96 8.27 3.4215
0 -3.72 14.35 2.5426
0 -2.71 12 5.3774
0 -1.43 14.63 4.0378
0 -2.27 17.62 3.8379
0 -2.2 17.09 3.8704
0 -1.74 18.47 4.8898
0 -1.85 17.32 4.2446
0 -1.79 17.71 4.7996
0 -1.86 18.16 4.9618
0 -1.68 17.4 3.4971
4.725 -1.19 17.16 2.6898
19.35 4.85 16.11 2.0697
14.65 7.18 9.02 1.6363
31.3 6.15 11.08 2.3071
12.875 1.06 9.96 3.354
2.15 -3.93 2.94 0.9502
0.075 -5.84 6.14 1.2506
0 -5.82 6.47 1.3742
0 -3.62 9.93 4.1236
0 -3.92 11.69 4.4564
0 -2.04 15.95 2.9691
0 -1.52 15.54 3.0912
0 -1.42 13.48 4.0168
0 -0.89 18.05 3.8277
0 -0.51 19.52 3.0189
2.7 1.02 18.81 2.6109
9.675 4.02 9.92 2.9704
3.875 1.16 10.84 2.7748
10.025 0.02 10.76 1.1965
6.85 -1.37 8.83 3.3368
5.025 -7.21 4.9 0.4148
8.725 -7 6.58 2.7522
6 -3.22 6.81 1.3533
18.325 -3.65 6.55 3.1832
9.85 -1.73 3.78 3.8003
2.575 -0.03 6.7 6.2302
14.3 1.37 7.69 5.4403
12.4 0.96 6.74 4.4354
2.225 -1.59 4.38 1.531
0 -3.5 9.64 3.5149
0 -3.23 13.94 2.677
3.875 -2.99 15.07 3.7226
13.725 -1.31 13.1 3.9033
9.525 6.61 9.67 2.8641
2.65 3.52 10.68 1.6624
1.475 3.13 14.22 1.6069
1.3 2.19 12.26 2.6768
0.25 -1.87 12.57 0.4454
0.125 -1.59 12.69 3.6518
9.45 1.51 15.74 2.9778
27.95 6.72 12.7 4.3019
49.75 4.17 12.28 4.9765
26.175 0.21 8.65 2.7412
3.85 -3.84 8.5 0.9726
0.25 -3.59 9.19 1.876
0 -4.25 7.85 0.3969
0 -3.72 10.29 1.3625
0 -2.62 11.51 2.6151
0 -5.5 7.69 0.5701
0 -5.28 9.51 0.7263
0 -2.65 12.48 2.0103
0 -2.24 13.75 2.1456
0 -2.11 14.78 1.399
0 -0.74 12.1 2.6006
0 1.28 14.37 3.0879
0 1.79 15.54 1.0149
0 1.85 16.98 1.155
0 2.17 17.91 1.1927
0.025 3.05 19.25 0.851
9 3.06 18.82 1.7589
8.15 0.64 13.25 3.9568
1.25 -4.63 6.87 2.1983
0.2 -4.35 9.86 1.9699
0.125 -3.09 13.43 0.6991
0 -0.07 16.37 1.8532
0 2.54 18.1 1.9831
0 2.92 18.82 1.4272
0 2.86 19.93 3.5646
0 -2.4 13.83 2.1215
0 -2.72 13.5 0.4416
0 -0.06 16.51 2.7887
0 1.33 19.52 2.6067
0 0.91 14.75 5.146
0 -3.69 12.55 1.9788
0 -3.11 14.13 2.6584
0 -1.34 19.44 2.0166
13 0.86 21.93 1.1209
10 2.17 15.88 3.0024
8.625 1.21 9.91 1.8396
6.675 2.66 10.36 2.2794
1.125 0.1 11.07 3.6092
0 0.31 13.13 1.4825
0 1.32 17.1 2.392
0 3.2 17.03 5.001
0 -4.76 8.77 5.7655
0 -3.86 10.44 2.9209
0 -1.89 15.56 1.6382
0 0.5 19.4 2.6092
0 1.35 22.75 2.641
0 6.52 27.09 1.4899
0 7.31 27.8 1.1677
0 6.92 29.16 1.8775
0.05 5.97 28.55 2.5411
0.35 5.45 20.51 3.1413
0.25 -1.9 13.1 3.2755
0 -1.36 15.91 1.9248
0 0.74 17.06 2.3038
0 -1.7 15.34 3.1038
0 -1.98 12.86 1.6913
0.2 -0.88 15.94 1.8566
36.325 0.75 18.71 1.8915
21.775 8.03 15.95 2.5668
2.95 8.09 13.8 3.7996
2.55 6.66 15.71 1.9573
1.2 8.49 18.03 3.797
0 7.08 20.96 2.0239
0 6.25 22.65 2.906
0 5.4 21.27 1.8463
0 5.88 22.88 1.563
0 6.13 24.2 1.2161
0 6.15 25.38 3.0067
0 3.97 23.71 3.3293
0 4.48 21.62 2.6876
0 5.09 24.46 3.0146
0 6.61 23.34 2.0334
0 8.6 27.07 1.5758
0 11.39 32.05 0.352
0.05 10.97 34.07 2.2069
0.025 11.99 32.82 2.4907
0 7.72 26.89 1.4295
0 6.8 26.01 0.9813
0 7.93 26.98 2.4028
0 8.21 27.33 2.9813
0 6.62 25.28 2.7321
0 5.98 23.84 2.0536
0 8.71 25.44 1.591
0 9.64 28.22 0.9628
0 11.1 31.25 2.0254
0 11.93 31.35 2.5489
0 12.38 30.84 3.0915
0 11.23 25.53 2.2702
0 10.27 26.79 2.1827
0 8.85 24.05 2.3071
1.025 9.37 23.01 0.4503
1.975 7.88 23.27 2.1334
2.85 6.55 20.04 3.3318
3.475 4.08 16.55 2.1662
1.375 5.68 18.7 2.6387
0 6.96 22.42 2.5571
0 5.88 23.57 3.381
0 6.38 22 3.0488
0 5.7 20.51 3.3167
0.2 6.8 22.63 2.4288
0 8.99 20.36 3.5044
0 6.34 20.88 2.377
0 5.97 22.24 2.4605
0 7.08 22.21 2.5646
0 8.75 23.73 3.1178
0 9.6 26.55 2.0188
0 10.68 30.27 2.8252
0 6.69 29 3.2168
0 4.93 23.99 3.3135
0 6.09 22.92 1.5444
0 7.7 27.15 0.807
0 9.89 30.87 1.627
0 11.33 32.45 2.7466
0 10.07 30.02 1.7174
0 11.39 30.96 0.9764
0 12.58 35.94 0.741
0 13.87 37.24 2.8465
0 13.4 37.13 2.7662
0 12.8 33.7 2.2634
0 13.25 33.48 1.8483
0 11.78 33.35 2.8414
0 11.23 33.2 2.561
0 10.56 30.32 2.7848
0 9.75 28.76 2.5295
0 7.37 28.08 2.7086
0 6.59 27.7 2.6409
0 7.82 27.1 2.6308
0 7.95 27.61 2.0458
0 9.26 28.64 1.8787
0 12.15 29.34 2.3292
0 10.81 29.99 1.6657
0 11.03 32.64 0.9289
0 12.08 33.71 1.4757
0 13.09 35.39 1.8731
0 14.01 35.31 1.7094
0 15.26 36.82 1.9812
0 15.28 37.42 1.6252
0 16.15 37.35 2.4335
0 13.39 35.23 2.5689
0 12.41 33.6 2.4203
0 12.2 33.27 2.1144
0 12.39 32.56 2.1811
0 11.29 31.63 2.3088
0 11.11 32.37 1.9999
0 14.48 34.82 1.7678
0 15 35.67 2.1053
0 15.32 33.98 2.8644
0 14.82 32.16 2.602
0 13.03 32.13 2.7861
0 13.56 31.13 2.613
0 12.84 31.48 3.0918
0 10.22 29.28 2.6282
0 10.76 28.4 2.2454
0 11.53 29.52 2.3907
0 9.09 28.02 3.0683
0 6.39 21.55 1.872
0 7.42 24.1 1.5142
0 9.65 28.55 0.6248
0 11.88 30.89 1.2356
0 13.38 33.52 3.0205
0 11.99 34.24 2.911
0 11.21 32.97 3.1442
0 10.08 30.21 3.0965
0 7.07 27.84 1.5404
0 7.56 28.25 0.5886
0 10.68 30.78 0.8625
0 11.76 32.07 0.9046
0 12.07 33.66 1.3192
0 12.92 32.78 2.2902
0 13.88 32.59 2.2493
0.3 13.19 34.89 2.2249
0.6 13.47 32.51 2.9416
0.2 11.35 27.96 1.6388
0 10.07 28.18 1.5269
0 9.64 29.85 0.5111
0 9.2 31.78 1.6114
0 9.59 33.44 1.4893
0 11.52 33.55 1.5501
0 11.54 35 2.681
0 13.25 33.22 1.7617
0 12.39 31.09 0.8857
0 11.64 32.65 0.3836
0 12.63 34.22 1.6839
0 12.48 34.05 2.2961
0 8.74 30.84 2.1283
0 8.59 27.62 2.1245
0 7.59 25.09 1.74
0 7.65 27.07 0.5415
0 8.28 27.78 1.0146
0 10.42 31.01 0.458
0 10.62 33.14 1.0337
0.125 12.06 33.74 1.751
0.55 9.76 30.14 2.2377
1.825 9.98 23.28 2.7534
0.725 7.9 20.5 1.6009
0 7.61 25.59 1.5662
0 9.8 28.34 0.6544
0 10.45 29.57 0.9608
0 11.89 33.08 2.059
0 9.75 30.54 0.8864
0 9.5 30 2.2074
0 11.05 31.74 2.2316
0 10.52 32.68 1.3731
0 9.97 32.59 0.8019
0 9.93 32.09 0.785
0 10.58 33.28 1.1479
0 10.59 34.35 0.4248
0 11.42 34.26 2.0108
0 11.17 30.67 2.5455
0 1.31 16.71 2.3807
0 1.64 20.73 2.4041
0 2.37 22.78 0.8317
0.25 3.71 23.89 3.1445
0.325 2.65 19.02 3.3722
0 -1.22 13.16 0.3292
0 -1.58 16.29 2.7902
0 0.53 20.04 1.3673
0 1.81 20.19 1.2992
0 2.42 21.45 0.6792
0 3.54 22 0.6237
0 3.75 22.32 1.8793
1.775 3.98 20.68 2.0392
44 3.94 14.85 6.864
27.325 8.71 13.25 4.4162
1.4 10.93 18.95 1.0344
0 9.03 22.92 2.1611
0 8.78 22.83 1.0933
0.025 11.32 25.55 1.7103
0.525 5.85 21.47 2.1449
0.225 2 14.8 1.5739
0 2.2 15.63 1.0469
0 3.07 19.32 0.7162
0 4.67 20.49 1.2022
0 6.42 22.01 1.2323
0 5.05 21.42 1.7035
0 4.85 20.13 1.0972
0 5.54 21.98 4.6498
0 1.17 16.66 4.8633
0 -2.24 13.63 0.7786
0 -2.29 13.33 0.1458
0 0 18.07 0.8479
0 1.38 19.94 0.8836
0 3.79 20.72 1.28
0 4.31 22.44 1.1852
0 3.39 24.22 1.8365
0 3.05 23.32 2.4682
0 2.1 16.92 0.7599
0.025 2.58 16.83 1.6364
0 -0.2 15.54 1.8834
0 0.03 15.31 1.1255
0 0.5 16.31 0.7049
1.075 2.63 15.94 0.4151
2.5 3.67 13.57 1.9646
0.875 -2.31 10.9 1.2719
0 -2.25 11.57 1.0598
0 -2.18 12.77 2.7935
0 -2.3 13.32 2.0297
1.975 -0.95 16.97 1.4675
1.025 -0.83 17.25 1.9001
0.2 -2.08 12.49 2.3232
12.5 -1.89 13.03 3.7781
6.025 -1.81 13.35 1.1075
0 -1.59 10.49 0.5528
0 -1.78 13.03 2.1385
0 -1.38 11.75 3.5695
0 -1.04 14.98 3.9023
0.05 -0.61 17.95 2.5005
2.575 -0.16 18.41 1.0869
1.25 1.05 10.05 5.3317
0 -2.1 13.38 4.916
0 -2.36 11.9 3.9108
0 -1.9 14.94 1.7377
0 -2.1 13.79 2.2047
0 -3.08 12.41 2.0648
0 -2.92 12.1 2.0221
0 -2.79 13.06 0.8451
8.2 -5.02 8.98 2.1844
12.55 -5.22 4.31 0.7321
3.675 -9.87 1.74 0.7554
0 -9.63 2.56 1.9168
8.575 -9.24 4.2 3.2185
24.525 -2.84 7.45 2.8617
35.2 3.23 8.06 3.8158
25.625 3.02 8.47 4.0439
6.35 2.44 5.88 0.8356
0 -1.26 9.33 3.2929
0 0.24 11.43 2.7157
0 -0.12 11.82 2.1937
0 -1.96 11.5 2.7266
0 -1.41 5.77 4.0878
0.85 -0.86 12.01 2.857
15.55 1.06 14.85 1.8712
8.325 -1.54 9.02 3.6374
0.375 -5.98 5.89 2.3043
0 -5.37 6.22 3.9757
0 -4.09 11.05 4.0191
4.45 -3.12 13.14 4.1187
4.075 -2.94 9.71 2.139
1.825 -1.04 9.62 3.0983
3.55 -1.39 7.9 0.8861
2.05 2.53 8.38 1.4931
0.325 0.14 8.34 2.7364
0.225 -0.19 10.03 2.3447
0.025 -0.23 11.53 1.1236
0 -1.64 13.21 3.8865
0 -2.64 14.1 2.8797
0 -2.87 15.73 2.7189
0 -1.83 11.16 3.0818
0 -1.72 11.68 2.6768
1.2 -0.2 11.55 3.0124
0.975 1.25 12.19 2.403
0.25 1.13 9.24 2.4898
0.3 1.15 11.4 3.2197
13.95 1.83 15.88 4.6885
8.8 4.52 14.01 2.0943
0.55 -2.88 10.82 1.4059
0 -2.55 11.44 3.3389
0.15 -1.08 13.8 2.3891
12.525 -0.9 14.89 2.8297
20.125 3.58 11.1 4.9595
20.075 5.94 7.96 5.7775
28.275 1.43 6.37 6.6724
28.1 -0.63 6.53 3.9111
20.775 -2.24 5.08 3.5817
6.075 -2.76 1.78 1.1343
1.2 -3.85 7.35 2.4783
4.7 -3.05 6.45 4.3359
2.125 2.58 8.08 2.9106
0 -1.17 9.89 1.3401
0 -1.67 9.95 2.8155
1.425 -0.49 10.88 3.2135
2.025 0.48 12.67 1.361
0.55 -3.04 10.94 1.1026
0 -3.1 10.78 1.7896
0 -1.74 11.69 2.1058
0 0.3 11.75 0.6973
7.775 0.17 12.49 3.086
6.9 2.65 11.57 3.3033
12.9 5.02 9.94 1.6623
5.925 2.52 6.53 2.3383
2.775 2.86 6.48 1.4146
3.55 2.3 7.81 1.9066
1.175 -2.94 7.3 0.5212
0 -2.82 9.01 1.3035
0 0.55 9.44 1.4906
0 -0.89 13.88 1.2946
0 -0.54 14.64 1.4816
0 -0.45 14.49 1.0695
0 0.58 14.04 1.7452
0 1.53 15.86 2.4428
0 0.3 17.58 0.8619
1.175 0.41 15.28 1.0975
3.45 2.88 11.26 2.0646
5.625 2.42 8.02 2.7205
2.35 -3.9 5.73 2.2539
18.625 -3.68 9.81 3.9095
15.125 0.31 6.96 2.6844
2.5 -2.09 7.82 0.8757
25.175 -1.63 12.08 4.7568
15.325 2.47 13.62 1.1293
0.65 -0.69 9.35 0.3849
0.2 -0.55 12.23 2.2812
6.875 2 14.53 2.7252
20.625 3 7.31 3.3561
8.875 -1.6 6.29 2.734
0.125 -3.56 7.2 1.3321
0 -2.76 9.73 2.482
0.05 -0.89 13.72 0.9121
0.675 2.17 11.2 2.5587
3.425 -5.53 6.37 3.5928
1.75 -4.66 7.82 2.0444
0.2 -4.29 7.57 0.473
17.25 -3.98 11 2.3092
8.925 -3.08 10.4 2.3352
0 -4.01 10.08 2.6652
0 -3.31 11.9 3.7721
0 -0.67 18.33 1.3393
0 1.21 20.54 0.9424
0 2.1 20.19 2.9394
0 -0.62 21.67 2.2865
0 0.34 21.75 1.9049
0 2.53 20.12 0.401
0 1.3 18.54 1.5505
0 -0.48 16.53 1.9498
0.425 -0.74 16.31 1.973
1.8 0.82 17.42 2.3489
0.875 -2.16 11.52 2.0637
0 -1.77 14.19 2.6976
0 -1.12 16.23 1.1804
2 1.06 18.93 2.7564
13.425 1.05 17.77 5.249
8.325 -1.18 8.15 2.7539
0.725 -3.89 8.37 0.6876
8.325 -3.66 10.07 2.2465
4.05 -1.98 8.29 1.7518
21.275 -2.11 8.61 2.8273
12.2 -1.24 8.07 2.9201
0.025 -1.32 7.49 0.5898
0 -2.91 12.44 2.275
0 -0.41 16.45 0.652
0 1.34 17.09 1.7137
0 2.15 16.95 1.9731
16 3.67 10.82 4.2471
25.3 2.38 7.97 4.4318
8.475 -0.55 7.14 1.1049
0 -0.28 11.75 0.6673
0 0.68 12.95 0.8306
0 0.95 16.55 1.9813
0 1.4 16.86 1.3088
0 1.96 18.79 1.2216
4.325 4.11 19.89 1.4759
23.475 4.21 18.38 2.5601
17.1 -0.05 9.17 3.2225
3.75 1.54 5.41 1.9656
0.2 3.13 7.81 1.1335
0 3.94 18.23 0.9174
0 7.14 20.17 1.2382
0.4 4.42 22.65 0.7913
6.9 4.94 22.62 4.3112
3.9 -0.34 12.28 4.7552
0.85 -0.37 9.35 3.57
0.025 -2.11 10.1 3.2511
0 -1.02 15.33 1.8799
0 1.05 18.51 1.8059
0 4.18 21.58 1.0653
0 4.41 22.95 2.1301
0 2.73 20.38 3.6551
0 -0.08 17.04 2.3333
0 0.05 17.2 0.8373
0 1.62 19.71 2.727
0.25 2.46 17.95 3.5716
13.5 4.09 11.95 3.196
6.925 -2.21 8.52 3.7256
0 -1.89 13.92 2.0493
0.375 1 19.26 1.1463
0.575 3.62 21.55 0.7708
0 4.64 22.98 0.6598
0.075 5.73 24.13 1.2775
1.95 7.71 24.16 2.0347
1.125 7.58 15.26 1.7356
0.05 7.18 17.87 1.5414
0.075 6.91 19.34 3.3616
0.6 1.14 18.26 4.2177
0.9 -0.55 12.08 3.5176
0.35 0 11.5 4.1028
0.05 1.82 15.92 2.2702
8.15 0.95 15.08 1.586
7.275 1.92 15.81 2.9002
11.975 5.07 14.86 2.2679
6.05 0.21 13.63 3.242
0 0.82 14.97 1.7245
0 2.54 21.55 0.7979
0 7.65 25.15 2.4852
0 8.42 23.52 3.0051
0 8.01 21.65 2.3102
0 8.36 24.15 2.4002
0 10.75 24.21 2.5701
0 10.67 25.49 1.8466
0 11.29 27.82 2.7293
0 10.04 28.23 3.0884
0 9.07 25.59 2.5623
0 8.61 26.07 3.6621
0 3.24 21.9 4.5766
0 4.59 18.77 5.0908
0 5.97 24.53 3.7718
0 7.56 27.09 0.999
0 8.55 27.16 1.8341
0 9.38 29.96 2.8298
0 5.81 26.03 3.1781
0 4.13 22.66 1.3609
0 4.78 25.91 2.3959
0 4.62 23.66 3.2135
0 3.95 21.49 2.6701
0 5.19 23.3 1.8495
0 6.58 25.44 1.0127
0 8.24 28.25 1.9405
2.125 9.65 29.18 2.2438
1.125 10.19 26.92 2.7971
0 11.05 26.11 2.526
0 11.99 29.44 1.1192
0 14.42 33.64 1.6684
0 13.3 35.59 3.1261
0 10.32 31.4 2.9589
0 7.44 28.85 2.7603
0 7.44 27.9 2.9098
0 8.46 26.57 2.3388
0 8.53 28.14 1.1504
0 9.36 30.76 1.8894
0 10.75 31.85 2.4124
0 11.21 28.87 2.407
0 11.72 30.27 2.4167
0 13.11 31.38 2.2159
0 12.72 32.48 1.8723
0 13.74 33.51 2.3144
0 14.23 32.42 3.1848
0 13.21 30.67 3.1984
0 13.22 29.47 1.6822
0 13.73 32.1 1.3938
0 14.71 35.14 2.6813
0 15.91 36.17 2.7335
0 14.44 35.26 2.5654
0 12.36 35.24 1.9913
0 12.38 33.88 1.9755
0 12.18 32.14 2.4633
0 10.62 30.71 1.0212
0 11.37 30.91 2.3045
0 12.86 32.02 2.1524
0 13.94 34.41 2.6874
0 13.72 32.84 2.8442
0 12.73 28.42 2.0467
0 10.09 27.33 2.4731
0 10.56 28.9 2.2432
0 10.57 30.38 2.4839
0 10.18 30.31 2.3654
0 9.65 29.79 2.0067
0 10.13 29.86 2.4086
0 9.19 30.89 1.5691
0 9.75 31.28 1.9977
0 10.5 31.23 2.0884
0 10.02 29.77 2.1766
0 10.01 29.28 2.5545
0 10.58 29.12 2.9185
0 10.88 27.54 2.0864
0 9.96 27.62 2.01
0 9.73 27.76 2.2864
0 8.45 26.1 1.0674
0 9.21 27.16 1.4632
0 11.46 29.14 2.3776
0 11.01 29.2 2.892
0 10.97 29.84 1.2208
0 11.72 31.9 1.5974
0 11.23 31.82 1.687
0 9.1 30.02 1.9685
0 9.75 30.85 2.269
0.025 10.11 32 1.9179
0 7.25 30.57 1.757
0 7.75 26.98 2.5098
0 8.88 31.7 2.0004
0 11.43 36.86 0.5521
0 15.13 36.88 2.269
0 10.83 33.04 2.3623
0 6.86 29.39 2.839
0 4.79 19.2 2.2438
0 5.4 20.71 2.4856
0 6.05 22.52 1.4816
0 6.77 25.84 0.968
0 9.95 30.36 0.4546
0 10.92 33.47 1.2811
0 10.84 33.17 1.2409
0 14.59 32.02 2.0429
0 9.23 30.19 1.4044
0 9.51 29.65 2.2874
0 7.96 28.22 2.8204
0 3.77 16.2 1.9446
0 3.93 20.33 0.7898
0 5.31 24.27 0.628
0 8.03 28.95 1.0981
0 8.47 28.42 1.7264
0 7.27 26.35 1.4667
0 7.37 26.35 1.1115
0 7.29 26.87 1.7319
0 7.52 26.92 1.5642
0 8.37 26.58 1.4607
0 8.31 25.25 1.3758
0 7.02 23.92 1.278
0 6.58 24.18 1.136
0 5.05 21.94 2.7081
0 4.87 19.38 1.1166
0 5.35 24.96 0.6741
0 6.97 27.8 0.9722
0 15.45 32.38 0.6485
0 9.64 32.54 1.255
0 10.73 34.2 0.6174
0 11.78 36.1 0.5574
0 11.99 34.08 0.3254
0 11.9 31.28 0.5409
2.95 13.19 30.12 1.1622
8.6 12.73 29.9 1.6028
9.225 9.41 22.4 1.506
0.875 9.2 15.2 1.3569
0.85 5.15 15.27 0.7227
4.55 5.1 18.01 2.1217
0.025 4.11 17.14 0.7076
0 4.72 20.91 1.8936
0 5.96 22.9 1.7277
0 8.36 25.15 1.7673
0 9 25.44 2.3013
0 9.09 28.04 1.5216
0 9.23 29.45 0.6316
0 8.6 29.84 0.5648
0.025 8.48 28.7 1.1135
2.675 9.06 24.67 0.9489
1.325 5.79 18.1 1.1808
0 5.3 16.77 1.6447
0 5.54 20.47 0.9302
0.025 6.79 21.83 1.85
2.275 5.79 18.57 1.5327
11.05 7.66 18.03 1.767
43.95 8.76 13.5 4.9888
16.425 4.41 12.63 3.4478
0 0.35 13.96 1.5463
0 -0.77 15.04 2.9502
0 -0.65 15.9 3.4804
3.85 4.79 20.32 2.1513
4.975 6.04 19.8 1.829
1.5 2.54 10.43 0.9696
0 2.5 17.28 1.8272
0 3.18 18.69 3.0146
0 5.02 20.65 2.7625
0 6.21 25.57 1.7848
0 6.46 25.57 1.2188
0.5 6.48 25.21 2.1201
20.875 6.03 20.42 3.2932
10.425 0.21 9.87 2.5002
2.425 -2.42 10.51 0.6954
1.525 -1.51 11.76 1.6196
0.125 -2.14 10.58 2.3728
0 -1.84 12.72 1.458
0 0.44 13.81 3.0512
0 1.05 14.82 1.6868
0 2.18 16.45 2.7087
0 2.35 17.9 1.2944
0 2.18 17.53 2.0278
0.325 0.76 18.01 1.9226
22 0.85 17.56 2.4071
30.225 -1.06 7.61 3.1551
25.675 -2.02 5.92 4.9216
14.15 -1.45 3.3 3.1879
20.95 0.78 6.11 4.0949
8.75 -5.7 2.61 1.296
0 -6.12 5.22 3.3006
1.775 -5.67 6.52 3.3579
16.375 -4.71 9.66 2.741
8.375 -3.16 4.57 2.3651
0 -7.57 6.39 2.4631
0 -7.01 6.25 3.0671
0 -3.75 8.93 2.2901
0 -3.39 12.32 2.6319
0.35 1.96 8.98 1.4843
1.8 3.42 12.4 2.3124
15.15 3.91 12.56 2.4541
6.625 3.45 15.92 3.4762
0.275 -0.18 13.08 2.2313
4.275 0.58 13.8 2.203
5.075 3.05 10.46 1.1987
1.275 4.97 12.91 1.55
0 2.94 14.12 0.4427
0 1.9 14.41 2.2985
0.65 0.2 14.76 1.3527
19.7 0.73 9.67 1.9623
9.8 0.27 9.89 1.4076
3.925 -3.19 8.97 2.573
40.875 -3.1 8.54 3.491
46.125 2.99 8.64 5.0988
92.125 5.57 9.71 5.778
19.3 1.12 9.81 2.6513
7.825 0.56 3.32 2.7502
6.5 0.61 8.42 2.232
2.45 2.94 7.48 0.5289
0.575 0.1 10.57 3.0839
20.7 -0.27 12.74 5.429
10.325 -0.9 11.71 2.1961
0.425 -1.36 9 0.8884
52.875 -1.24 9.66 2.3633
37.825 1.5 6.5 4.4484
4.4 -6.36 4.27 2.2786
1.425 -8.24 3.68 1.5582
19.775 -7.35 4.54 4.3395
18.175 -6.29 4.7 4.7194
4.475 -1.61 4.72 2.4749
0 -4.15 5.34 3.1325
0 -4.08 8.64 3.7775
0 -3.9 9.62 5.032
0 -4.3 7.9 3.5257
0 -4.3 9.78 1.7998
0 -4.39 3.19 1.3274
0 -5.89 0.88 3.1242
2.325 -3.92 3.92 3.4135
1.45 0.55 12.07 2.2366
1 -0.66 12.25 1.6626
0.5 2.77 8.38 1.2339
0 -2.37 10.17 2.6432
0 0.26 10.59 0.7353
0 1.26 11.13 0.654
0 1.12 8.49 2.4285
0 -1.52 7.57 1.4655
0 -1.91 11.51 4.1383
0 -1.48 14.78 3.6993
0 -1.3 13.96 2.9314
0 -2.28 15.2 4.0133
0 -2.28 15.68 1.895
0 -1.28 13.99 2.1566
0 -0.51 15.4 4.9539
0 -0.88 17.65 3.4992
0 -1 16.71 1.8085
8.1 -2.02 14.79 0.5931
8.325 -2.11 11.55 1.7665
2.425 -2.77 7.14 1.3679
0 -2.9 7.8 1.7903
0 -5.11 10.38 2.9983
0 -4.58 10.56 2.0323
0 -2.72 10.63 2.5903
0 -1.16 12.64 1.658
0 -0.62 14.78 1.9332
0 0.66 16.42 0.6484
0 -2.66 16.81 2.3882
0 -4.47 10.87 3.4973
0 -4.25 10.81 3.6723
0 -3.3 12 3.7907
0 -2.88 15.96 2.8113
0 -2.81 18.56 1.1886
0.625 -2.83 17.44 3.8595
12.775 3.67 12.37 4.7778
13.525 2.24 11.1 5.8168
35.4 -1.24 4.78 4.8016
35.025 -2.06 3.93 2.6412
10.4 -2.69 5.72 3.2221
0.55 -4.71 5.48 0.6498
0 -4.41 7.1 1.2132
0 -5.04 6.73 0.477
0.15 -4.79 10.25 0.657
7.725 -4.41 8.38 2.4098
19.225 -2.22 5.93 5.2474
7.225 -7.21 4.1 0.9222
10.2 -7.73 3.8 0.4629
0.45 -6.81 6.9 2.2916
2.875 -6.69 10.51 1.8323
12.425 -4.68 10.99 3.8608
4.625 4.53 12.92 1.4563
0.025 -2.84 12.97 1.4638
4.375 -2.03 13.56 0.5431
25 1.35 15.87 1.716
11.925 3.02 8.1 4.1439
0.225 -1.4 9.38 0.7001
0.25 -1 13.97 1.5182
0.05 1.93 15.76 1.0431
0.025 0.43 15.41 1.1371
0.05 0.31 12.46 0.4898
7.425 1.28 13.53 1.3304
5.075 3.89 13.04 1.3286
14.925 4.8 15.91 1.5609
10.375 5.19 15.82 2.518
1.95 -3.05 9.95 0.9678
17.35 -3.02 11.17 3.7003
31.375 -1.98 8.78 4.7912
62 0.47 6 5.4354
30.975 -1.48 4.22 2.3477
4.925 -2.16 7.16 1.3864
13.825 -2 9.64 5.1199
26.5 1.03 6.01 5.5643
20.65 -1.85 3.84 3.9776
17.775 -0.39 8.54 3.14
5.6 1.58 5.98 1.559
0.375 2.03 10.43 0.6712
0 0.7 13.01 1.2573
0 0.98 14.96 1.8889
0 3.11 17.8 2.4362
0 3.69 21.78 1.8922
0 5.04 23.56 0.9521
0 0.22 17.6 1.7459
0 0.76 15.68 1.8687
0 2.37 19.4 1.3624
1.925 1.79 19.74 1.6437
5.775 1.31 17.44 3.4631
2.55 -2.64 5.89 1.5978
0.025 -4.5 6.96 1.2853
0 -4.35 11.39 0.429
0 -2.11 13.28 1.5649
0 -0.45 14.4 1.4105
0.55 -0.4 14.29 2.6333
0.275 -2.71 9.75 0.5367
0 -3.1 13.95 0.7584
0 -0.08 18.79 1.3192
0.075 0.62 20.05 2.1033
0.525 5.19 20.33 2.5798
0.25 7.16 16.71 1.4552
0.75 6.89 17.17 1.9
1.55 7.41 16.7 1.9798
0.55 1.16 14.85 0.8758
0.25 1.75 14.38 0.9453
0.575 3.43 15.61 2.0852
0.225 3.25 15.14 2.2702
0 0.02 15.82 2.4279
0 -0.28 16.17 0.9202
0 0.38 18.28 2.2236
0 2.44 17.56 4.4153
0 -1.48 14.63 3.4278
0 -1 18.13 1.7952
0 0 20.82 0.5083
0 3.27 22.84 0.9703
0 4.22 22.32 2.9859
0 5.44 25.52 0.8627
0 5.71 27.37 1.4166
0 5.09 24.71 1.9081
0 5.03 19.34 2.7689
2.5 0.7 11.02 2.988
1.25 -0.84 12.68 2.4849
0 0.38 19.53 1.731
0 4.38 21.42 1.1591
0.075 4.55 22.71 0.6851
14.1 5.5 22.94 2.8339
11.85 1.4 12.72 2.7182
3.625 -0.52 9.33 1.3908
21.775 1.21 10.9 3.4589
10.875 3.54 8.85 2.126
0.525 0.73 12.49 2.9431
0 1.25 19.19 1.6219
0 5.05 21.82 2.1165
0 4.22 21.29 3.1243
0 2.99 19.24 4.4393
0.075 2.99 17.32 2.3914
3.525 3.4 19.04 2.761
1.625 1.3 16.39 2.1951
0.1 1.98 16.9 3.1709
1.3 2.18 17.28 4.0416
0.675 2.57 13.31 4.6124
0.025 1.52 14.76 2.7964
0.25 1.74 17.27 2.5698
0.3 6.03 17.7 2.7126
0.075 1.19 12.91 1.6061
0.7 1.36 15.17 0.7472
10.875 1.96 15.78 3.2299
21.95 9.24 12.93 1.0905
10.425 6.29 17.77 3.4438
0.2 3.58 16 2.0353
0 4.41 19.66 2.9333
0 7.26 23.04 1.6056
0 7.69 24.8 2.5844
0 7.14 24.22 3.117
0 6.01 21.17 2.7432
0 6.72 23.78 2.7096
0 9.76 26.78 2.0339
0 10.57 29.3 2.0226
0 9.39 29.03 2.4384
0 8.71 25.4 1.4535
0 9.36 26.35 2.851
0 9.29 27.04 2.2231
0 10.42 27.09 0.5595
0 11.72 30.9 0.6946
0 14.27 33.57 2.5237
0 11.2 32.9 2.6071
0 8.55 29.2 2.4947
0 7.9 27.6 2.6187
0 8.41 27.04 2.4019
0.275 9.56 28.6 2.3865
19.85 9.91 28.37 2.4515
10.4 8.26 22.18 2.4143
0.15 6.6 18.81 2.3318
0 7.85 24.86 1.2729
0 11.68 29.84 0.998
0 12.78 32.97 0.8616
0 12.94 34 1.5576
0 13.95 33.49 1.7184
0 14.63 33.41 2.5169
0 14.92 33.39 2.8223
0 13.27 32.26 2.0542
0 12.31 31.8 2.447
0 10.08 30.73 2.2189
0 8.95 29.58 2.4256
0 8.88 26.42 2.5814
0 9.21 25.34 3.1639
0 8.65 23.13 2.7421
0 8.31 23.09 3.3367
0 8.04 23.18 3.2123
0 7.99 23.83 2.0538
0 8.99 25.5 1.2561
0 9.83 26.51 1.9424
0 10.44 28.15 1.4723
0 10.6 29.68 2.3024
0 10.83 30.39 2.781
0 11.35 30.35 1.9106
0 12.28 30.36 1.9892
0 11.17 31.43 2.1581
0 9.22 29.91 1.8727
0 9.32 29.92 1.6779
0 9.97 30.89 1.5498
0 11.49 32.58 2.3804
0 11.49 32.5 3.1415
0 14.95 32.03 2.1437
0 14.91 29.84 1.5338
0 12.68 30.96 1.8523
0 11.72 31.93 2.0999
0 10.56 31.33 3.1134
0 9.94 27.65 2.4026
0 10.62 28.68 3.1168
0 14.17 28.59 2.5414
0 9.8 29.39 1.8921
0 10.04 29.69 2.011
0 9.68 29.91 2.1962
0 10.19 30.75 2.6759
0 10.26 29.45 1.795
0 11.14 29.85 1.4214
0 12.26 31.53 2.1081
0 9.35 30.91 1.4829
0 9.22 30.01 1.1978
0 9.48 30.51 1.8163
0 9.84 30.99 1.7062
0 10.05 30.78 2.6572
0 9.03 28.59 2.0839
0 8.88 27.65 1.6126
0 9.33 27.63 1.2401
0 10.25 29.29 0.9418
0 11.75 31.43 1.993
0 12.23 31.42 1.2324
0 12.79 31.95 0.823
0 12.97 33.03 1.0423
0 13.39 33.51 1.4252
0 11.37 33.05 1.762
0 10.68 31.89 1.8371
0 9.49 29.81 1.7434
0 9.59 28.86 0.7397
0 10.33 29.31 0.8157
0 11.26 31.33 0.7739
0 12.14 31.28 0.9263
0 15.74 31.64 1.8792
0 9.94 31.56 0.6676
0 10.44 32.74 0.9688
0.15 10.48 32.81 0.9811
0.1 11.93 31.97 1.6267
0.05 11.77 32.05 0.892
0.3 11.98 31.05 1.7492
0.1 10.28 24.55 1.6336
0.15 10.17 27.08 0.7634
0.075 10.71 28.49 1.4573
0 10.94 28.25 2.4825
0 9.49 27.23 1.7104
0 7.24 24.17 1.7264
0 7.3 25.18 0.6219
0 8.76 28.31 0.3283
0 10.44 31.51 0.9982
0 11.17 32.18 0.6705
0 11.85 32.71 0.4945
0 11.08 33.65 0.6332
0 12.34 33.43 1.5669
0 10.39 29.16 2.2677
0 6.96 20.12 1.9136
0 7.08 24.47 0.6689
0 9.46 28.39 0.605
0 9.79 30.7 0.9949
0 10.69 30.58 1.318
0 8.43 26.46 2.3533
0 7.84 23.05 1.8598
0.1 6.93 23.03 1.9853
21.8 5.11 18.9 2.2179
16.2 5.36 16.63 3.7343
5.275 4.55 12.65 0.8243
1.775 0.24 10.7 0.8849
0 0.52 15.21 1.2938
0.175 1 19 1.2012
1.825 5.09 20.97 1.5907
0.875 8.64 16.83 1.7383
0 5.91 21.75 0.9926
0 5.95 24.38 0.6865
0 8.5 26.42 0.4615
0 8.51 25.98 1.0022
0 8.42 26.28 1.2587
0 8.75 23.68 1.6508
0 8.39 25.3 1.5024
0 8.15 26.15 0.9863
0 9.85 22.67 0.6774
0 6.75 22.68 0.7345
0 6.98 22.99 2.3598
0 6.72 24.22 1.721
0 6.24 25.74 1.8092
0 5.92 23.76 1.3907
0 1.36 18.48 3.0307
0 0.72 17.1 3.2178
0 2.74 18.51 1.8876
0 2.93 19.71 1.0502
0 3.16 20.51 2.0951
0 3.99 22.49 0.3849
0 3.06 21.94 3.6188
0.025 1.53 19.99 4.1023
3.9 1.15 19.24 3.5109
2.25 -0.13 17.32 1.7565
6.225 -4.27 8.86 0.6206
3.375 -3.99 9.08 1.4952
0.125 -3.81 8.41 0.8888
0 -3.57 8.96 2.0944
0 -2.2 12.47 3.0614
0.05 -2.16 14.3 3.0334
3.15 -1.15 17.75 3.5507
1.625 5.34 16 0.7741
0 2.97 13.89 0.276
0 5.01 15.04 0.7604
0 1.43 14.08 0.6149
0 0.98 15.73 0.9252
0.025 0.96 15.73 1.0947
0.525 0.6 15.55 3.2946
3.625 -1.84 8.85 2.1997
1.925 -1.69 8.78 4.0307
0.15 -2.64 9.14 1.8656
0 -2.73 10.59 2.7093
0 -2.59 11.69 3.9316
0.275 -2.41 12.71 2.2069
0.125 -0.13 10.34 0.7174
0 -0.81 14.02 2.7896
0 -0.48 15.63 2.2827
0 0.37 20.78 1.0323
0 0 15.68 1.6612
0 -1.9 16.73 3.8437
0 -2.45 14.27 7.9425
0 -3.3 12.95 3.532
0 -3.57 11.74 4.1321
0 -5.12 11.38 2.7767
0 -5.67 9.82 3.4701
0 -5.64 10.8 3.0251
0 -5.61 11.26 3.3644
0 -4.52 12.04 3.3684
0 -4.44 11.29 4.2612
0 -4.43 13.86 3.0985
0 -5.02 13.88 0.7965
0 -3.69 9.83 1.5737
0 -4.5 10.03 1.4565
0.025 -4.99 10.05 0.9551
1.5 -5.59 9.64 0.774
0.725 -5.09 7.66 5.2171
0 -4.39 9.82 4.517
0 -4.65 13.27 2.6814
0 -4.64 11.81 4.525
0 -4.72 10.15 4.279
0 -5.63 9.95 3.4903
0 -7.63 10.81 4.4961
0 -6.94 11.09 3.9542
0 -6.36 9.38 4.945
0 -6.15 13.85 3.4119
0 -4.83 14.76 1.2953
0 -4.81 12.91 1.0697
0 -4.11 13.06 1.1064
0 -0.46 13.72 0.8676
0 -1.08 13.44 1.3476
0 -3.45 12.49 2.3816
