0.4 -2.4 12.73 1.6801
2.75 3.43 11.15 1.1265
1.5 -0.4 10.95 1.628
1 -3.06 7.1 4.0361
2.075 -2.63 7.85 1.7544
0.875 2.28 5.78 0.4784
0 2.41 10.55 1.4967
0 4.02 12.73 0.8073
0 1.9 15.81 4.4297
0 2.13 14.36 3.5125
0 3.27 15.31 2.425
0 4.16 17.52 5.5045
0 6.55 18.33 3.9976
0 3.71 18.81 3.5201
0 4.86 20.32 4.0386
0 4.1 20.98 4.9865
0 4.21 18.4 4.2521
0 4.37 17.7 4.713
0 4.25 18.85 4.8329
0.1 3.59 17.89 3.4132
11.9 5.55 18.52 2.7545
23.75 7.88 17 2.1669
37.25 5.02 14.41 1.6841
35.6 7.91 12.22 2.3581
10.725 3.88 10.18 3.4732
1.7 -1.77 4.41 0.8681
0.2 -2.84 5.96 1.3295
0 -1.77 8.56 1.6563
0 2.12 12.62 4.2219
0 3.74 17.97 4.4985
0 5.65 18.87 3.0903
0 4.96 18.43 3.049
0 3.15 15.99 3.9654
0 3.14 19.38 3.796
0 6.1 20.88 2.9944
5.25 7.16 19.49 2.6595
6.1 4.33 10.61 3.1062
1.8 2.94 9.05 2.751
16.9 2.92 10.86 1.416
10.125 -1.06 9.16 3.6159
2.05 -5.05 4.42 0.4306
8.125 -2.77 6.04 2.423
4.525 1.06 6.32 1.4244
10.35 0.63 6.96 2.9863
5.925 0.63 5.96 3.3498
1.9 1.74 6.95 5.8601
25.65 2.08 6.76 5.6091
18.475 2.42 5.74 4.4717
2.25 -0.06 4.83 1.3019
0 0.19 8.77 3.4873
0 0.51 13.58 2.7112
4.325 1.25 15.05 3.8383
18.525 3.3 13.91 3.7698
13.975 5.61 8.73 2.6863
3.4 3.64 9.88 1.3764
1.525 4.22 15.66 1.3981
0.325 3.74 9.63 2.1743
0 2.72 14.2 0.3124
0.025 3.35 16.81 3.6154
7.825 5.8 17.39 2.696
21.775 7.72 14.13 3.8079
27.95 6.22 12.68 4.8798
18.275 2.75 7.74 2.8642
1 -1.23 6.29 0.9318
0.425 -0.38 8.68 1.8747
0 -1.66 7.91 0.2828
0 -1.98 12.18 1.4185
0 1.61 14.92 2.6764
0 -1.91 9.6 0.3827
0 -1.2 14.48 0.4288
0 2.27 14.72 1.9872
0 3.05 18.09 2.2532
0 2.87 19.48 1.2569
0 3.22 15.37 2.0103
0 5.49 17.13 2.2428
0 5.4 20.22 1.202
0 6.25 21.89 1.2932
0 7.01 23.01 0.936
0 6.1 23.61 0.761
22.625 6.75 22.78 1.7761
18.575 1.78 13.96 4.1442
0.9 -3.46 4.85 2.3541
0 -1.78 9.35 1.8749
0 1.55 16.63 0.6523
0 2.59 18.55 2.1381
0 4.95 21.4 2.0432
0 5.7 20.57 1.3743
0 5.5 22.1 3.2279
0 3.03 18.48 1.8711
0 3.31 17.18 0.3628
0 4.56 19.04 2.7026
0 6.14 21.69 2.5157
0 4.02 19.13 5.2876
0 0.44 12.5 1.9342
0 0.88 16.9 2.71
0 3.72 21.04 2.2307
7.2 5.06 23.68 1.3365
13.175 3.79 18.8 2.8872
8.8 3.6 9.5 1.6464
2.25 3.86 10.95 2.3555
0.1 2.78 10.61 3.8471
0 3.84 15.22 1.7798
0 4.56 19.11 2.1337
0.025 6.26 19.51 4.7082
0 -0.69 12.66 5.9817
0 0.09 9.31 3.1836
0 2 17.45 1.4391
0 4.78 22.32 2.7328
0 7.38 25.5 2.6746
0 10.48 29.17 1.5491
0 12.11 30.99 1.2186
0 12.73 31.88 1.9412
0.05 11.07 30.89 2.5365
0.575 9.42 23.85 3.418
0.325 1.48 13.55 3.6065
0 2.96 16.53 2.1506
0 5.24 19.51 2.3344
0 4.19 18.56 3.102
0 2.4 15.99 1.7785
2.075 3.97 19.44 2.056
50.375 7.56 22.51 1.7898
32.65 9.21 19.81 2.3696
3.25 9.23 16.88 3.3963
1.675 7.63 16.71 1.7364
0.3 10.44 20.28 3.3669
0 9.02 22.97 2.1153
0 9.27 26.36 3.0268
0 10.55 26.6 1.8085
0 10.04 26.89 1.4966
0 10.27 27.16 1.1555
0 10.67 28.68 3.0867
0 9.63 28.09 3.3169
0 9.35 25.89 2.7441
0 9.91 25.68 3.3868
0 11.79 27.43 1.9075
0 12.76 29.77 1.3888
0 15.24 34.23 0.2671
0.275 17.36 36.1 2.3261
0.175 16.12 35.68 2.5702
0 12.94 29.46 1.7697
0 11.72 28.2 1.1097
0 12.94 29.32 2.5355
0 12.61 29.24 3.0235
0 12.85 28.78 2.823
0 11.26 28.38 2.0804
0 12.24 28 1.435
0 13.94 30.21 0.9733
1.15 14.98 30.51 2.1251
0.725 13.9 30.94 2.5016
0.075 15.13 29.41 3.1906
0.075 13.83 29.78 2.2844
0 14.34 28.88 2.1555
0 13.45 27.25 2.3388
0.15 13.72 24.87 0.5493
6.025 10.79 23.76 2.2141
5.2 8.32 22.21 3.3505
2.175 7.1 14.26 2.1984
0.7 8.34 16.82 2.7207
0 9.05 21.75 2.6361
0 10.64 24.25 3.4611
0 11.28 23.62 3.075
0 9.54 22.24 3.4412
1.025 10.31 22.73 2.4526
0.975 11.9 21.96 3.557
0.2 9.81 22.37 2.4817
0 10.04 23 2.4973
0 11.2 23.07 2.6002
0 13.16 25 3.0749
0 13.29 27.43 1.8669
0 14.94 32.38 2.7066
0 12.46 31.04 3.2752
0 10.31 26.13 3.2726
0 10.6 26.2 1.1653
0 12.14 27.9 0.5406
0 14.04 31.64 1.4691
0 14.67 33.95 2.6258
0 14.9 32.15 1.8823
0 15.62 32.63 0.8656
0 16.71 36.79 0.7125
0.2 19.22 38.11 2.9502
0.25 18.79 37.77 2.9321
0.025 17.62 34.36 2.2811
0 17.98 35.35 1.76
0 16.52 33.88 2.7927
0 16.08 34.36 2.4655
0 15.26 32.79 2.6781
0 14.76 32.31 2.4876
0 13.31 30.77 2.7358
0 12.76 29.87 2.5832
0 12.83 29.81 2.5965
0 13.17 30.22 1.8762
0 14.23 31.67 1.7129
0 16.01 32.72 2.1442
0 16.01 32.44 1.3459
0 16.92 34.41 0.3993
0 17.82 35.31 1.6521
0 18.93 37.46 1.8765
0 19.97 35.39 1.8072
0 19.31 38.05 2.0607
0 21.63 38.85 1.5454
0 22.09 39.65 2.4334
0 19.07 38.48 2.4999
0 18.17 36.53 2.3087
0 19.61 36.21 2.0488
0 18.6 35.85 2.0414
0 17.63 35.37 2.0909
0 17.78 35.73 1.9012
0 18.52 37.44 1.9846
0 19.91 37.77 2.3027
0 19.89 36.82 2.9436
0 19.99 35.73 2.6737
0 20.09 36.17 2.7101
0 19.38 35.75 2.5399
0 18.3 35.39 2.8339
0 15.4 33.04 2.4153
0 15.33 31.84 1.8796
0 16.62 33.27 2.2341
0 13.91 30.37 2.9341
0 11.29 23.49 1.9615
0 11.32 25.12 1.4423
0 13.83 29.89 0.4573
0 16.1 33.38 1.2751
0 18.49 35.41 2.9299
0 18.83 36.35 2.6448
0 16.85 34.79 2.9773
0 16.58 33.85 3.2289
0 13.6 31.43 1.4386
0 13.23 31.16 0.3816
0 14.78 33.02 0.7353
0 16.02 34.77 0.8053
0 17.34 37.31 1.2874
0 18.99 38.26 2.1728
0 19.53 37.26 2.1408
1.35 19.73 38.42 2.3246
1.375 17.41 32.98 2.8408
0.325 15.86 29.56 1.5464
0 14.93 32.05 1.5052
0 13.95 32.38 0.3908
0 14.38 33.41 1.4647
0 16.07 34.39 1.2418
0 18.06 35.31 1.234
0 17.16 36.67 2.686
0 18.6 34.74 1.6839
0 17.48 34.02 0.6398
0 17.81 35.27 0.351
0 18.17 35.41 1.4444
0 17.68 35.27 2.2625
0 15.53 33.95 2.0177
0 13.98 31.9 1.9563
0 13.67 29.36 1.5879
0 14.13 29.86 0.4492
0 14.51 30.76 0.9524
0 15.89 32.98 0.3845
0 16.73 34.7 0.9514
0.1 18.8 36.8 1.8646
0.725 16.23 32.59 2.0946
0.375 13.27 27.04 2.6084
0 11.76 26.91 1.5683
0 12.87 29.56 1.451
0 15.22 31.56 0.3942
0 15.27 32.31 1.0403
0 16.33 35.28 2.066
0 16.65 33.85 1.0227
0 18.15 30.77 2.1547
0 16.17 35.55 2.2992
0 17.46 35.6 1.3258
0 15.94 34.92 0.6133
0 15.6 34.17 0.774
0 18.29 36.01 1.1791
0 16.64 36.68 0.417
0 16.63 36.88 1.9882
0 16.52 33.85 2.4603
0 5.98 21.75 2.3613
0 5.28 21.8 2.4439
0 8 25.56 0.6848
0.15 9.17 26.25 3.1793
0.125 5.04 23.63 3.4728
0 2.38 11.16 0.3124
0 3.53 18.57 2.6942
0 4.92 21.32 1.4251
0 6.52 21.95 1.4078
0 7.53 24.3 0.7081
0 8.53 24.95 0.3687
0 6.91 25.01 1.8124
10.875 8.25 24.09 1.8473
42.475 8.36 17.52 6.5697
21.55 8.59 15.37 4.2396
0 11.99 19.19 0.9269
0 11.87 25.14 2.2686
0 11.49 26.59 1.0357
0.025 12.85 28.75 1.6975
0.35 12.17 24.44 2.2158
0.2 4.73 16.17 2.1302
0 5.22 18.88 1.0587
0 7.12 21.74 0.5309
0 7.87 22.79 1.0017
0 9.96 24.6 1.224
0 9.22 22.61 1.665
0 9.07 23.56 1.1569
0 9.17 24.11 4.2178
0 3.31 13.78 4.926
0 1.7 14.05 0.7281
0 2.4 15.07 0.051
0 6.35 20.85 0.8227
0 7.29 23.42 0.8536
0 9.86 24.81 1.1942
0 9.64 26.47 1.087
0 9.65 26.74 1.6516
0 9.04 24.93 2.1822
0 5.51 19.94 0.4646
0 5.44 19.17 1.6309
0 3.58 16.58 1.8585
0 4.27 17.7 1.1422
0 5.74 18.46 0.7562
4.175 8.93 19.27 0.3287
4.425 6.63 18.27 2.0521
1.15 2.36 10.03 1.3099
0 1.96 11.86 1.1684
0 1.1 13.17 2.8044
0 3.24 15.71 2.1319
0 5.18 18.65 1.4781
0 4.83 19.29 1.7165
0.625 2.94 14.37 2.2906
2.45 3.08 17.1 3.4653
1.225 3.49 15.34 1.1104
0 3.44 12.53 0.4156
0 2.87 15.11 2.1888
0 3.59 15.4 3.7773
0 4.78 16.93 4.0156
0.875 4.84 18.5 2.6321
0.825 5.33 19.34 1.0658
0.175 2.62 14.1 4.7346
0 3.81 12.72 4.9344
0 3.6 14.74 3.9671
0 3.67 16.86 1.5757
0 2.94 16.73 2.11
0 1.61 16.89 2.0713
0 2.19 14.43 2.1343
0.05 2.04 15.14 1.3611
17.1 0.02 11.1 2.1396
16.375 0.42 6.75 0.9118
3.675 -7.7 2.9 0.6059
0 -7.26 2.68 1.9728
3.15 -4.47 5.33 3.1715
34.675 2.07 8.38 2.9628
47 5.14 8.76 3.7694
30.025 3.78 9.42 4.3292
1.975 2.33 7.36 0.5877
0 1.8 7.39 3.1546
0 3.5 10.16 2.5575
0 4.42 11.89 2.3569
0 4.65 13.36 2.859
0 4.37 12.71 4.1952
1.175 4.29 14.02 2.9375
11.725 4.75 15.39 1.7374
10.175 1.94 11.81 3.6736
0.05 -2.4 5.93 2.6091
0 0.77 10.54 3.9607
0 1.56 11.57 3.9246
5.225 1.69 12.04 4.1131
3.325 2.93 10.8 1.9642
2.325 1.73 9.82 3.0643
8.05 1.86 9.3 0.71
4.125 3.11 8.73 1.4804
0.025 2.49 8.29 2.5009
0 2.72 11.52 1.9388
0 2.95 11.77 1.3092
0 2.9 13.99 4.0618
0 2.58 16.08 2.9793
0 3.88 15.65 2.7731
0 3.72 15.13 3.1255
0 4.64 15.46 2.7033
0.1 5.54 16.41 3.0549
1.025 6.14 16.67 2.3914
0.45 7.18 14.39 2.4182
0.925 6.5 12.96 3.1862
16.725 5.94 17.12 4.3577
9.725 5.26 13.79 2.0069
0 2.05 10.16 1.3094
0 2.28 12.76 3.3204
1.25 3.56 15.14 2.1296
19.15 4.36 13.13 2.5313
35.375 4.37 11.15 4.7222
27.675 3.3 7.2 5.4283
26.8 3.05 6.49 6.4151
24.75 0.55 4.95 4.0799
15.6 1.36 4.97 4.0255
3.35 -0.42 4.03 0.8596
1.3 -1.32 6.14 2.2944
2.525 -0.03 7 3.8411
1.05 3.7 7.6 3.0494
0 2.71 11.43 1.2879
0 0.77 12.17 2.7677
1.35 1.89 11.51 3.2325
0.8 3.81 12.75 1.3423
0 -0.33 10.9 1.2899
0 -1.75 11.79 1.7128
0 2.03 12.64 2.0311
0 2.94 12.63 0.6039
6.65 3.46 13.18 2.6766
15.525 4.73 12.24 3.5343
12.275 5.08 9.79 1.7516
3.375 3.29 7.49 2.681
0.85 1.5 8.23 1.2799
1.225 2.12 8.92 2.1951
0.45 0.87 7.49 0.6891
0 1.59 10.27 1.0211
0 4.05 12.23 1.0662
0 3.49 15.87 1.6743
0 3.81 16.83 1.6146
0 4.26 18.65 1.0862
0 5.34 17.98 1.6615
0 5.65 19.31 2.4131
0 5.86 19.96 1.1917
0.975 3.7 18.16 1.2642
4.025 5.01 13.55 2.4647
13.525 4.39 12.89 3.1823
6.875 0.14 7.73 2.164
16.725 0.51 10.99 3.6583
17.525 2.87 10.37 2.8015
2.45 2.32 10.28 0.7736
24.075 3.01 14.54 4.2983
15.925 4.7 13.36 1.6115
1.05 2.83 7.5 0.5089
0.975 2.94 14.54 2.2741
6.65 5.69 16.74 2.643
16.325 4.37 11.48 3.1959
7.6 1.14 8.86 3.0656
0.1 -0.04 7.29 1.3171
0.05 1.73 11.94 2.4974
0.175 1.43 12.59 1.0426
5 2.81 13.6 2.5345
4.05 -2.35 8.11 3.9282
0.675 -1.08 8.01 2.2558
0 -1.08 7.35 0.324
19.225 1.49 14.95 1.9794
11.525 1.46 12.49 2.5769
0 0.7 10.6 2.4887
0 1.69 16.79 3.6662
0 3.37 21.2 1.3838
0 5.72 22.81 0.704
0 6.79 22.47 2.8153
0 2.03 21.5 2.0627
0 6.59 23.89 1.9444
0 5.38 22.5 0.4975
0 4.89 20.62 1.4978
0 3.99 19.95 2.0962
0.65 4.11 21.67 1.9613
1.4 5.46 21.39 2.2888
0.6 1.24 13.32 2.6205
0 2.91 13.75 2.6992
0 3.31 19.56 1.164
3.9 5.44 21.39 2.2901
8.95 5.59 20.05 5.4359
4.55 2.07 9.35 3.0289
2.325 -1.57 8.36 0.9571
6.45 0.05 12.79 2.1112
2.275 1.45 9.3 2.0448
18.425 1.74 10.05 2.7479
11.125 1.15 8.03 3.226
0.05 -1.5 9.24 0.9461
0 0.21 14.58 2.0746
0 1.83 19.53 0.5039
0 4.55 20.67 0.9172
1.05 5.31 20.09 2.0121
13.45 5.24 15.09 4.1185
11.525 3.51 11 4.6079
2.3 1.73 7.49 1.0691
0 2.17 13.71 0.6925
0 3.48 15.37 0.8065
0 4.69 20.37 2.5093
0 4.47 20.29 1.5284
0 5.36 22.24 1.0961
4.875 6.35 23.73 1.7599
15.925 7.03 21.41 2.5812
9.075 2.34 10.7 3.1119
0.75 3.12 6.17 1.8095
0 3.89 9.86 1.4999
0 5.52 20.16 0.8849
0 6.99 22.29 1.3287
0 8.6 25.24 0.7853
6.775 9.15 25.45 3.851
9.25 5.13 15.46 5.009
3.875 0.58 9.11 3.9877
0.45 0.76 10.14 3.5017
0 2.56 15.92 2.048
0 4.69 19.34 2.0562
0 5.31 23.98 0.8534
0 7.36 25.37 2.1286
0 7.83 24.61 3.6798
0 5.6 20.89 2.1739
0 5.22 20.29 0.6571
0.1 6.42 22.38 2.8421
3.675 6.41 21.4 3.8169
6.725 3.79 12.59 3.1195
2.725 -0.28 10.77 4.1451
0 0.94 13.11 2.1972
0 5.76 19.52 0.8857
0 6.66 22.92 0.5535
0 8.72 24.79 0.4556
1.55 10.98 26.54 1.2563
3.775 12.14 26.04 1.8214
1.7 5.59 19.63 1.7903
0.05 8.62 19.04 1.7024
0.025 10.25 22.22 3.4588
0 6.16 22.67 4.409
0.25 2.77 16.87 3.7583
0.55 2.78 12.26 4.1645
1.975 4.05 14.12 2.3565
4.45 4.31 14.65 1.5116
5.65 7.38 18.52 2.8902
4.225 6.93 15.12 2.4805
1.225 3.81 13.45 3.5439
0 4.82 16.17 1.9672
0 8.09 23.42 0.5499
0 9.74 27.33 2.5608
0 13.47 26.59 2.9232
0 11.54 24.54 2.7065
0 12.46 26.25 2.7945
0 13.65 27.72 2.7662
0 13.8 27.84 2.1421
0 15.59 31.74 3.1318
0 14.4 32.15 3.1736
0 14.12 29.46 2.6709
0 13.22 29.04 3.8376
0 11.21 27.4 4.7147
0 9.87 22.89 4.9852
0 11.73 23 3.6911
0 12.24 27.2 1.0249
0 13.26 29.27 1.6844
0 14.2 31.58 2.914
0 9.72 29.18 3.0354
0 9.43 25.07 1.2437
0 10.97 28.56 2.4345
0 11.11 26.8 3.0576
0 9.85 25.23 2.5485
0 10.61 27.34 1.6621
0 11.57 26.38 1.209
0 13.47 29.99 1.8589
0 14.98 31.32 2.0895
0 16.36 28.39 2.7079
0 14.8 28.85 2.4325
0 16.9 31 1.0296
0 18.89 35.37 1.6399
0 19.2 37.13 3.0265
0 16.21 33.47 2.9485
0 14.76 31.86 2.6417
0 12.97 29.87 2.7953
0 15.51 30.2 2.0768
0 13.18 29.51 0.8393
0 15.25 32.15 2.0021
0 15.67 33.68 2.6174
0 17.11 32.74 2.3809
0 16.35 32.36 2.4921
0 17.49 33.48 2.2595
0 17.4 34.09 1.8037
0 17.82 35.63 2.2332
0 19.88 34.9 3.2065
0 19.07 34.04 3.2925
0 17.78 31.35 1.9752
0 17.61 33.39 1.5341
0 19.18 36.58 2.6353
0 19.09 37.29 2.7451
0 19.55 36.82 2.5793
0 19.39 38.11 2.1998
0 18.46 37.14 2.104
0 18.06 35.2 2.3932
0 17.16 33.99 1.0516
0 17.55 33.78 2.28
0 17.14 34.66 2.1397
0 18.74 35.91 2.5826
0 20.16 35.45 2.6608
0 16.94 34.4 1.8602
0 15.49 33.91 2.2441
0 15.64 32.89 1.9682
0 16.24 33.93 2.1837
0 16.64 34.01 2.3035
0 15.64 33.57 2.0506
0 14.99 32.58 2.3523
0 14.37 34.21 1.3819
0 15.49 34.25 1.9095
0 16.08 33.97 1.9447
0 15.21 33.42 1.958
0 15.64 32.95 2.462
0 16.27 32.11 2.7601
0 15.78 29.25 1.8915
0 14.7 31.2 1.7524
0 15.48 31.78 2.1739
0 13.7 27.02 1.1187
0 14.47 31.25 1.4803
0 16.2 32.55 2.4397
0 16.14 32.89 2.7772
0 16.54 33.45 1.1792
0 16.35 35.33 1.5305
0 18.35 36.2 1.6743
0 16.23 34.01 1.8937
0 15.85 34.05 2.232
0 16.05 34.77 1.7765
0 15.17 32.28 1.7225
0 14.1 30.64 2.2445
0 16.36 35.33 1.9506
0 18.93 38.68 0.5968
0 20.74 39.89 2.1683
0 18.47 38.01 2.4309
0 13.86 33.34 2.7244
0 13.36 23.48 2.3021
0 10.52 22.57 2.4463
0 10.61 24.57 1.214
0 11.54 28.15 0.5018
0 14.72 32.95 0.3089
0 16.43 36.19 1.2127
0 17.53 36.31 1.1603
0 16.22 35.63 2.0074
0 15.14 33.22 1.1481
0 14.95 33.38 2.2629
0.025 13.37 31.47 2.8178
0 7.96 17.6 2.0718
0 9.58 25.41 0.5522
0 9.95 27.28 0.6262
0 13.15 31.35 0.9303
0 13.43 31.4 1.5824
0 12.72 29.64 1.3882
0 12.28 29.65 0.9061
0 12.53 29.77 1.5786
0 12.07 30.88 1.5716
0 12.53 29.88 1.5029
0 12.41 29.61 1.3766
0 11.11 25.73 1.2138
0 10.18 27.82 1.0336
0 11.51 26.15 2.6899
0 10.51 23.67 1.1291
0 10.97 28.15 0.4825
0 14.13 31.66 0.9259
0 16.34 35.24 0.4562
0 16.85 36.03 1.0314
0 19.31 37.2 0.6159
0 18.5 38.1 0.5096
0 17.27 37.49 0.3473
0.175 16.33 33.39 0.4016
6.05 16.16 30.54 1.2567
20.6 16.38 30.88 1.523
16.725 13.69 21.49 1.5165
1.475 11.46 15.6 0.7761
4.3 8.02 16.2 0.8061
2.1 8.17 16.54 1.9708
0.125 6.89 16.67 0.919
0 8.52 21.71 1.9339
0 9.38 24.39 1.5864
0 11.6 26.84 1.2929
0 12.66 28.38 2.174
0 14.57 30.24 1.5399
0 14.3 29.91 0.6865
0 13.18 29.62 0.5141
0.025 13.04 29.37 1.0696
1.925 13.6 25.45 0.8574
0.95 10.41 20.51 1.0029
0 10.17 19.54 1.64
0.425 10.41 26.33 0.8743
0.25 11.24 22.87 1.9637
2.275 8.77 20.32 1.7409
19.6 9.47 19.19 1.5659
37.75 11.17 13.99 4.4433
18.15 7.25 14.78 3.5942
0.05 5.12 15.35 1.7357
0 2.94 15.78 2.8691
0 2.06 17.4 3.2574
3.55 7.69 20.35 2.1567
2.875 7.5 20.91 1.891
0.425 5.58 12.09 0.9457
0 6.02 18.14 1.919
0 7.12 21.18 3.1357
0 8.96 24.58 2.897
0 12.29 26.5 1.9566
0 12.14 26.04 1.0487
0.275 11 25.11 2.1884
16.1 9.04 21.18 2.9071
11.05 4.16 11.85 2.7209
2.1 1.96 11.84 0.5806
1.575 2.9 12.69 1.6432
0 1.76 10.61 2.579
0 3.56 14.72 1.4537
0 3.67 16.93 3.0647
0 5.82 17.78 1.6026
0 7.27 20.36 2.4276
0 6.84 20.62 0.9156
0 5.81 19.43 2.0852
0 5.18 19.79 1.9484
18.1 5.93 19.29 2.7294
25.625 2.76 12.51 3.1385
18.875 0.76 5.79 5.1853
9.725 0.97 4.62 2.895
11.125 1.84 6.11 3.9937
5.6 -3.12 4.37 1.0719
0 -3.76 5.06 3.2383
0 -3.39 5.61 3.3221
10.4 0.16 7.93 2.6613
6.9 -2.38 6.02 2.7286
0 -5.48 4.33 2.3078
0 -3.88 5.79 3.0636
0 0.48 9.24 2.3129
0 1.6 13.38 2.617
0.05 6.78 13.06 1.4732
0.975 6.17 13.63 2.0509
15.325 5.72 10.59 2.2973
8.85 5.33 14.31 3.2733
0 4.33 11.4 2.3302
2.25 4.83 15.65 1.824
3.025 6.2 13.62 0.9539
1.15 7.23 12.3 1.2341
0.05 6.96 14.83 0.4602
0 5.66 15.74 2.3586
0 5.87 16.08 1.4284
22.1 5.67 16.32 1.6387
14.875 4.09 11.69 1.7219
4.35 1.72 8.99 2.3487
55.1 1.57 8.38 3.6205
80.675 4.34 8.83 5.36
52.7 5.28 10.87 6.1403
22.45 3.18 12.1 2.0244
9.05 2.82 4.41 2.3576
6.825 3.05 6.91 2.291
2.95 3.43 7.96 0.3443
0 2.15 9.75 2.8418
18.725 2.43 12.4 5.3021
11.725 2.58 12.15 1.8129
0.025 1.47 5.97 1.0218
29.575 1.71 7.34 2.2505
20.475 3.73 8.12 4.3357
1.65 -5.57 5.91 2.5827
1.425 -5.84 4.02 1.4713
14.675 -5.48 3.63 4.1241
18.3 2.04 5.93 5.018
11.675 1.78 6.24 2.6179
0 -0.11 5.97 3.3183
0 -0.65 6.36 3.9617
0 1.09 9.9 5.4401
0.025 1.31 10.31 3.7495
0 0.18 9.28 1.8898
0 0.18 10.32 1.285
0 -1.65 7.34 3.1955
2.45 -1.44 9.12 3.3366
4.875 3.35 9.9 1.8605
0.3 2.63 13.06 1.6997
0.275 2.46 12.32 1.431
0 2.45 13.96 2.6297
0 4.18 15.2 1.0804
0 4.8 15.85 0.8065
0 5 15.13 2.4011
0 3.85 16.16 1.3952
0 2.5 17.2 4.2951
0 2.57 16.32 3.8129
0 2.62 16.79 2.6662
0 4.09 18.64 3.9328
0 4.21 16.71 2.0346
0 4.64 17.32 2.2602
0 4.52 17.26 4.9975
0 4.52 18.28 3.3348
0 4.52 18.72 1.8232
5.85 4.02 18.35 0.4964
10.1 3.38 17.25 1.8706
3.175 1.27 6.6 1.4796
0 0.44 10.42 1.8058
0 -0.3 12.15 3.0492
0 -0.24 12.71 2.1146
0 0.86 13.85 2.7503
0 4.62 18 1.7619
0 3.63 18.45 1.9596
0 5.61 19.9 0.623
0 3.06 19.29 2.0746
0 0.76 16.89 3.5633
0 -0.41 12.74 3.8857
0 0.29 14.25 4.0401
0 2.14 17.78 2.7999
0 3.75 19.84 1.2241
0.025 3.71 19.66 3.353
9.75 3.68 14.15 3.9396
25.15 3.61 15.02 5.8269
21.2 0.63 4.84 4.3994
31.625 1.45 4.23 3.205
21.9 1.34 6.52 3.781
2.025 -2.94 5.89 0.9033
0.025 -2.94 7.11 1.1151
0 -2.83 6.67 0.3854
0 -2.03 10.28 0.3912
5.775 -1 9.97 2.1488
12.075 0.4 8.29 5.7249
9.825 -3.23 4.67 0.8888
0.025 -5.08 3.49 0.4115
0 -4.93 7.74 2.108
4.4 -3.75 11.8 1.6716
11.1 1.31 13.42 3.5431
9.6 3.95 11.6 1.3279
1.325 1.38 12.45 1.4852
4.075 2.03 15.82 0.6644
20.725 3.51 17.51 1.726
18.7 5.13 10.17 4.5122
0.125 1.57 9.83 0.4049
0 2.4 15.53 1.4667
0 3.76 19.7 0.7595
0.6 3.97 18.75 1.3575
0.35 4 16.08 0.772
2.425 4.31 17.68 0.8533
1.5 5.6 15 0.9548
13.525 6.22 18.14 1.0493
21.575 5.48 19.4 2.399
2.275 1.37 13.34 1.0988
22.1 0.71 13.73 3.2219
35.55 1.37 8.67 4.8342
56.625 1.86 6.14 5.9034
23.025 1.26 5.96 2.5475
6.175 1.02 8.13 1.0905
17.475 1.75 9.66 4.7933
41.3 1.89 7.5 5.359
28.1 -1.41 5.76 3.8273
13.2 1.66 8.69 2.9451
7.625 3.26 5.73 1.3859
0.15 3.49 11.86 0.6781
0 3.12 15.4 1.4862
0 3.99 17.79 2.2896
0 5.61 19.48 2.3035
0 7.84 25.04 1.6174
0 8 27.17 1.0931
0 5.67 22.27 1.1961
0.05 5.13 20.35 1.8494
0 5.71 22.99 1.4438
0.85 5.84 22.56 1.7549
7.55 3.17 21.27 3.4685
6.75 -2.08 5.72 1.4073
1.925 -2.19 4.54 1.4732
0.15 -1.7 10.53 0.6105
0 0.99 15.47 1.6982
0 2.66 17.22 1.6414
0.3 4.21 17.89 2.7951
0.225 1.3 10.14 0.6895
0 1.77 17.08 0.7973
0 5.93 22.31 1.7011
0.025 7.25 24.17 2.4355
0 7.86 24.04 2.783
0 8.36 20.62 1.7602
0.4 6.37 21.25 2.1253
6.225 8.2 15.09 2.3196
1.1 5.19 17.29 0.94
0.575 5 17.13 1.3865
0.425 6.63 15.64 2.3158
0.75 6.02 14.56 2.2908
0.025 3.56 17.02 2.9169
0 5.11 19.17 0.9247
0 6.32 21.68 2.4965
0 4.12 21.06 4.7484
0 4.25 19.21 3.6436
0 4.99 19.85 1.878
0 6.55 22.6 0.4214
0 8.6 24.88 0.8745
0 10.21 26.52 2.9453
0 12.71 29.14 0.6742
0 12.38 29.98 1.6059
0 11.35 28.59 2.1338
0.225 10.07 25.99 3.0714
2.25 5.9 16.06 3.345
3.15 3.92 12.47 2.7598
0 5.93 20.04 1.8291
0 8.97 23.78 1.2491
0 10.16 26.43 0.6494
8.725 10.56 27.94 2.8838
10.45 2.89 19.03 2.6731
5.475 2.73 8.88 1.1466
17.25 3.71 12.41 3.533
13.05 3.86 8.67 2.3711
0.975 4.24 12.78 3.3339
0.075 4.82 18.4 1.8882
0 8.12 23.61 2.1266
0 8.45 23.46 3.0942
0 7.66 22.66 4.5693
0 6.38 20.58 2.5852
0.025 8.06 22.38 2.6874
0 7.25 20.78 2.6084
1.425 7.38 21.38 3.3179
2.3 6.78 20.38 4.2946
5.05 4.24 15.88 4.9039
1.1 5.27 15.55 2.8108
0.525 7.5 19.75 2.5241
0.425 8.01 20.45 2.9268
0.5 4.2 14.51 1.7262
0.075 5.4 17.69 0.4738
4.05 6.7 18.34 3.0225
10.35 10.71 14.36 1.1468
5.15 7.17 19.32 3.2895
0.05 7.11 15.89 2.0567
0 8.19 18.92 3.1393
0 10.01 24.89 1.7334
0 11.79 27.19 2.5028
0 11.95 27.82 3.127
0 10.84 25.16 2.6793
0 11.82 25.84 2.7312
0 13.05 28.61 1.8832
0 14.65 31.84 1.8933
0 15.41 31.34 2.7221
0 12.05 28.46 1.5131
0 13.62 28.19 2.8645
0 13.07 29.34 2.0656
0 14.36 29.62 0.3855
0 15.68 32.31 0.5717
0 16.92 35.18 2.4599
0 16.91 34.66 2.6763
0 15 32.81 2.6379
0 12.27 30.68 2.7349
0 13.13 30.18 2.3841
0 13.87 30.78 2.3675
11.525 14.88 31.5 2.3329
8.825 12.12 27.48 2.3467
1.375 9.85 20.96 2.2763
0 12.65 26.66 1.1103
0 14.45 31.75 0.8078
0 17.19 34.38 0.5131
0 17.49 34.97 1.5056
0 18.11 34.85 1.9011
0 19.22 33.64 2.5589
0 19.88 34.06 2.7716
0 18.92 33.01 2.2398
0 18.05 33.54 2.5423
0 16.11 33.1 2.1667
0 15.16 32.46 2.2573
0 13.65 29.11 2.3413
0 13.89 29.37 3.0893
0 13.61 27.65 2.6934
0 14.17 25.99 3.2624
0 12.65 25.88 3.0617
0 13.06 26.71 1.9186
0 13.18 28.53 1.2089
0 13.71 30.75 1.8816
0 13.86 30.91 1.4014
0 14.86 31.66 2.3098
0 15.99 32.46 2.7902
0 16.55 32.31 1.8875
0 17.54 32.86 1.7936
0 15.72 34.12 2.0956
0 15.72 33.29 1.8978
0 15.69 32.3 1.7418
0 16.92 32.7 1.654
0 18.57 34.73 2.4241
0 19.53 35.19 2.9675
0.125 20.78 35.08 2.0433
0.525 17.07 32.04 1.3745
0 18.05 33.46 1.8548
0 17.73 34.89 2.0489
0 15.06 33.85 2.9724
0 13.87 30.16 2.3323
0 15.36 31.47 2.9834
0 14.67 30.88 2.316
0 16.03 32.23 1.717
0 15.52 32.94 1.8177
0 15.4 32.82 2.2241
0 14.94 32.22 2.6412
0 14.71 32.32 1.712
0 16.23 33.96 1.1812
0 17 34.45 1.9698
0 15.95 33.13 1.5521
0 15.04 32.46 1.281
0 14.69 32.7 1.6012
0 14.65 32.66 1.5927
0 15.34 33.49 2.6029
0 15.21 31.68 1.8884
0 14.21 31.4 1.2443
0 13.24 31.31 0.9915
0 14.48 32.26 0.9763
0 15.17 33.56 2.005
0 16.93 34.05 1.1767
0 17.05 34.02 0.6962
0 17.52 36.34 1.0088
0 18.19 36.19 1.3292
0 18.06 36.55 1.6382
0 15.96 35.32 1.7811
0 13.71 32.87 1.7208
0 14.78 32.46 0.8115
0 15.02 32.42 0.6515
0 15.74 34.36 0.9015
0 16.68 33.66 0.9918
0 16.9 34.49 1.7903
0 16.6 33.31 0.77
0 17.32 33.93 0.942
0 17.56 35.2 0.9382
0.725 17.75 33.87 1.46
2.5 15.59 33.62 0.9626
2.975 16.24 31.31 1.5698
5.7 12.91 25.18 1.4347
0.95 13.93 28.49 0.5646
7.575 13.89 30.23 1.2533
0 14.14 28.5 2.384
0 14.54 29.75 1.8069
0 12.9 27.26 1.6575
0 11.6 27.01 0.2945
0 13.59 30.6 0.2508
0 15.83 33.1 0.9555
0 16.83 33.25 0.4631
3.45 17.07 33.81 0.2113
0 17.62 34.3 0.4813
0 17.75 34.88 1.6227
6.05 14.82 31 2.2178
0.075 12.62 24.09 1.9625
0 12.52 27.46 0.5335
0 16.43 31.67 0.6284
0 16.4 31.32 1.1218
0 15.82 33.08 1.3531
0 14.35 32.4 2.1665
0 14.58 29.75 1.7846
0 13.82 26.3 1.9069
14.2 10.69 23.15 2.2427
23.7 9 18.08 3.6176
9.775 4.36 13.31 0.8572
1.325 3.78 12.71 0.913
0 3.93 16.42 1.2411
0 6.19 20.62 1.1127
1.375 8.02 22.69 1.4426
2.35 9.18 19.09 1.5426
0 10.33 24.67 0.9119
0 10.8 27.12 0.5839
0 13.98 29.25 0.3775
0 12.33 28.81 0.9165
0 12.45 27.57 1.3815
0 12.84 26.87 1.6002
0 13.15 27.55 1.4948
0 11.57 28.37 0.8356
0 10.64 25.63 0.6352
0 10.83 25.87 0.5933
0 11.07 25.55 2.1083
0 10.79 27.46 1.6952
0 11.05 27.15 2.0377
0 9.95 24.91 1.3166
0 7.38 20.55 3.1319
0 5.65 19.24 3.3266
0 6.03 19.42 2.0028
0 7.49 21.54 0.9336
0 7.86 23.13 2.0603
0 8.6 24.18 0.1533
0 7.95 23.42 3.0687
0 8.14 21.82 4.2054
3.9 5.07 21.91 3.5973
4.85 2.13 19.36 1.7615
3.225 -0.08 6.85 0.3545
4.575 0.59 7.81 1.4296
0.075 0.19 7.3 0.8549
0 0.04 9.66 2.2347
0 1.81 12.3 3.2207
0 2.18 16.4 3.1317
2.9 4.48 17 3.7014
2.775 7.29 14.36 1.045
0 6.56 14.56 0.2301
0 7.36 16.15 0.7737
0 4.43 16.27 0.6209
0 4.83 16.71 0.9275
0 4.59 17.35 0.7724
0.05 4.76 17.18 2.9457
2.175 3.37 11.26 2.112
2.525 3.68 8.77 4.1066
1.725 1.34 8.02 1.6946
0 1.68 11.23 2.3223
0 2.69 13.87 3.5101
0.025 2.93 19.32 2.107
0 3.01 16.66 0.8008
0 4.25 15.21 2.9115
0 4.92 18.47 2.3806
0 6.72 18.86 1.0825
0 8.09 18.39 1.6823
0 4.06 19.92 3.4619
0 3.49 15.84 8.4603
0 3.68 11.89 3.5454
0 1.37 15.6 4.3192
0 0.22 13.45 2.7464
0 0.7 12.07 3.4802
0 -0.32 12.22 3.1014
0 0.51 12.12 3.5502
0 1.36 13.95 3.5
0 1.87 14.12 4.2598
0 2.3 15.01 3.2189
0 1.5 14.06 0.9466
0 0.03 12.54 1.6692
0 -0.34 9.6 1.4646
0 -0.07 10.28 1.1843
0 0.41 10.72 0.8925
0 0.95 10.01 5.4335
0 2.65 14.38 4.5534
0 0.64 14.72 2.7101
0 0.03 14.05 4.5272
0 -0.15 12.71 4.4348
0 0.55 11.96 3.4583
0 -0.29 12.72 4.5416
0 -0.23 13.16 4.0397
0 0.48 14.18 4.9514
0 1.76 15.21 3.4629
0 2.94 15.71 1.2857
0 2.98 16.46 1.1789
0 3.75 15.76 1.3073
0 6.2 19.71 0.96
0 4.89 17.27 0.9332
0 2.58 16.36 2.3828
