0.575 -2.38 12.13 1.6495
3.9 1.16 9.38 1.1451
2.125 -1.13 10.17 1.6683
1.05 -3.78 6.75 3.9737
1.925 -3.42 7.07 1.7994
0.775 1.53 4.77 0.4335
0 1.63 8.94 1.5131
0 3.17 11.16 0.8266
0 1.22 14.5 4.3606
0 1.34 13.35 3.506
0 2.38 15.38 2.4662
0 3.34 17.16 5.4846
0 5.63 18.03 4.0181
0 2.24 19.1 3.6006
0 3.26 19.76 4.0084
0 2.02 20.44 4.9711
0 2.88 18.45 4.2487
0 3.04 17.73 4.7215
0 3.56 18.35 4.8531
0.1 2.74 17.54 3.4293
10.1 4.62 18.06 2.7411
19.3 7.09 17.06 2.1538
37.225 5.39 12.83 1.6838
32.175 6.95 11.56 2.3297
9.2 2.7 9.68 3.4405
1.5 -2.62 3.68 0.8967
0.25 -3.65 5.76 1.3177
0 -2.49 8.16 1.6205
0 1.09 11.86 4.1985
0 2.01 16.52 4.482
0 4.12 17.9 3.0823
0 3.71 17.33 3.0575
0 2.23 14.65 3.9922
0 1.94 18.77 3.8024
0 5.08 20.34 2.997
4.525 5.89 19.16 2.6598
5.75 4 10.33 3.1016
1.85 2.3 9.35 2.7623
16.025 2.24 10.96 1.3814
9.6 -1.38 9.39 3.5508
2.2 -5.91 4.64 0.4088
7.825 -3.78 5.95 2.4919
4.525 -0.31 6.42 1.4164
11.45 -0.57 7.03 3.0275
6.525 -0.23 4.87 3.4629
2.375 1.3 6.89 5.9804
18.675 1.79 6.41 5.5829
14.55 1.84 5.54 4.4875
2.55 -0.59 4.25 1.3741
0 -0.98 9.08 3.5081
0 -0.22 13.3 2.7207
5.6 0.4 14.59 3.8233
17.25 0.58 13.04 3.8404
11.9 5.53 8.4 2.7436
3 3.15 9.44 1.4242
1.35 3.77 15.49 1.4353
0.35 3.18 10.18 2.2447
0 1.51 14.15 0.3354
0.025 2.21 15.93 3.618
9.175 5.16 16.56 2.7483
20.7 7.03 12.82 3.8973
34.425 5.4 12.61 4.8967
15.675 1.78 7.41 2.8155
1.25 -2.03 7.11 0.9484
0.55 -0.91 8.69 1.8729
0 -2.43 7.67 0.3095
0 -2.98 11.99 1.4021
0 0.77 14.59 2.6618
0 -2.67 9.41 0.4164
0 -1.95 13.44 0.4809
0 0.92 14.5 1.9761
0 1.61 17.13 2.2054
0 1.78 18.55 1.2891
0 2.5 14.85 2.0921
0 4.75 16.59 2.3754
0 4.68 19.15 1.1718
0 5.36 20.54 1.293
0 6.48 22.09 0.9971
0.125 5.21 22.83 0.7779
18.65 6.35 22.13 1.7538
12.85 1.2 13.72 4.1041
1.025 -3.8 5.67 2.3325
0 -2.26 9.7 1.8972
0 0.77 16.2 0.691
0 1.48 18.12 2.0787
0 4.49 21.37 2.0404
0 5.07 20.19 1.4008
0 4.96 21.75 3.2968
0 2.16 16.35 1.9201
0 2.34 16.55 0.3867
0 3.93 18.56 2.7388
0 5.32 21.39 2.5365
0 3.22 18.41 5.2546
0 -0.31 12.35 1.9522
0 0.25 16.41 2.6798
0 2.97 20.6 2.1564
8.95 4.45 23.19 1.2843
13.225 3.06 18.46 2.8563
9.175 2.87 9.31 1.6717
2.9 3.17 10.51 2.3561
0.125 2.05 10.46 3.8131
0 3.17 14.83 1.74
0 4.21 18.62 2.2108
0 5.58 18.88 4.7799
0 -1.7 11.79 5.9194
0 -0.67 9.4 3.1158
0 1.61 17.1 1.4744
0 4.33 21.87 2.696
0 6.73 24.96 2.6529
0 10.14 28.63 1.5351
0 11.81 30.41 1.2225
0 12.15 31.29 1.9185
0.075 10.2 30.21 2.5145
1.075 8.32 23.26 3.359
0.6 0.75 12.85 3.5353
0 2.42 16.28 2.1251
0 4.46 18.93 2.3374
0 3.03 18.03 3.0946
0 1.77 15.41 1.7805
1.65 3.53 18.61 2.0215
45.95 6.76 21.73 1.7795
29.525 8.52 18.42 2.3685
5.925 8.26 15.26 3.4371
3.15 7.14 16.25 1.7561
0.45 10.26 19.69 3.4159
0 8.44 22.28 2.0611
0 8.78 25.29 3.0234
0 9.92 25.53 1.84
0 9.41 26.1 1.5487
0 9.63 26.48 1.2019
0 10.04 28 3.0867
0 8.55 27.13 3.3294
0 8.62 24.86 2.7713
0 9.18 25.23 3.3354
0 10.88 26.37 1.9738
0 12.21 28.94 1.4118
0 15.15 33.59 0.2848
0.5 16.54 35.56 2.297
0.3 15.2 34.95 2.5329
0 11.97 28.97 1.6968
0 10.99 27.71 1.0985
0 12.02 28.87 2.5186
0 11.92 28.79 3.0266
0 11.37 28.03 2.8133
0 10.37 27.2 2.1032
0 11.55 27.5 1.493
0 13.14 29.63 1.0018
0.25 14.45 30.73 2.1352
0.15 13.99 30.69 2.513
6.25 15.07 30.26 3.1586
3.75 13.19 28.85 2.288
0 13.66 28.34 2.1717
0 12.77 26.23 2.3335
0.35 12.99 24.49 0.4969
6.475 10.26 23.61 2.1865
5.225 7.64 21.67 3.3105
2.375 6.47 14.05 2.1559
0.875 7.7 16.48 2.6993
0 8.7 21.9 2.63
0 10.36 24.1 3.4464
0 10.46 23.28 3.0636
0 8.92 21.95 3.4299
1.35 9.78 22.63 2.4668
1.25 11.37 21.76 3.5321
0.25 9.13 22.07 2.4501
0 9.41 22.89 2.4943
0 10.43 22.87 2.6216
0 12.43 24.6 3.1001
0 12.71 27.13 1.9251
0 14.17 31.54 2.7315
0 11.45 30.6 3.2532
0 9.34 25.79 3.2889
0 9.92 23.87 1.259
0 11.49 27.41 0.5841
0 13.8 31.15 1.5111
0 14.67 33.45 2.6548
0 14.13 31.56 1.8657
0 15.13 32.08 0.8946
0 16.17 36.34 0.739
0.25 18.5 37.76 2.9305
0.15 17.87 37.46 2.8947
0 16.95 33.94 2.2774
0 17.45 34.95 1.7809
0 15.89 33.62 2.7907
0 15.25 33.97 2.4767
0 14.58 32.35 2.6886
0 13.99 31.67 2.486
0 12.39 30.28 2.7197
0 11.83 29.38 2.5926
0 12.15 29.31 2.611
0 12.4 29.67 1.9091
0 13.55 31.08 1.7366
0 15.42 32.03 2.1699
0 15.13 31.9 1.4094
0 15.72 33.87 0.494
0 16.59 34.63 1.6174
0 17.7 36.9 1.8609
0 18.75 35.49 1.7802
0 18.91 37.69 2.0439
0 19.93 38.54 1.5407
0 20.5 39.36 2.4338
0 18.2 37.85 2.5204
0 17.24 35.89 2.3511
0 18.89 35.76 2.07
0 17.73 35.31 2.0643
0 16.76 34.78 2.1306
0 17 35.28 1.9211
0 17.98 36.94 1.9555
0 19.23 37.23 2.2882
0 19.06 36.38 2.9414
0 19.37 35.24 2.6786
0 18.9 35.3 2.7422
0 18.33 34.82 2.5576
0 17.43 34.46 2.8638
0 14.78 32.05 2.4266
0 14.84 31.3 1.9145
0 15.67 31.7 2.2345
0 13.05 30.02 2.9302
0 10.41 22.41 1.9411
0 10.98 24.63 1.4721
0 14.05 29.7 0.5108
0 15.62 32.93 1.2776
0 17.63 34.88 2.949
0 17.34 35.79 2.7003
0 15.98 34.35 3.0198
0 15.14 32.93 3.2051
0 12.62 30.74 1.4778
0 12.58 30.59 0.4376
0 14.44 32.46 0.7867
0 15.57 34.23 0.8343
0 16.7 36.45 1.306
0 17.83 37.12 2.2106
0 18.57 36.38 2.1611
1.45 18.31 37.56 2.308
1.4 16.2 32.93 2.8403
0.3 14.99 30.69 1.5598
0 14.12 31.2 1.4952
0 13.41 31.94 0.3934
0 13.79 33.02 1.5027
0 15.4 33.65 1.3131
0 16.54 34.26 1.2939
0 16.16 36.01 2.6609
0 17.61 34.47 1.6553
0 16.38 33.54 0.6572
0 16.54 34.5 0.3789
0 17.4 34.97 1.5046
0 16.91 34.82 2.2912
0 14.46 33.21 2.0328
0 12.89 30.86 1.9833
0 12.67 28.41 1.6279
0 13.02 29.01 0.4588
0 13.57 30.04 0.9597
0 15.44 32.48 0.3991
0 15.96 34.11 0.974
0.1 17.63 36.36 1.8638
0.5 15.31 32.24 2.1016
0.45 12.49 26.4 2.6289
0.075 11.12 24.32 1.5839
0 12.17 28.49 1.4982
0 14.47 30.92 0.4484
0 14.72 31.82 1.0263
0 15.5 34.74 2.0485
0 14.98 33.22 1.0011
0 16.43 31.01 2.1259
0 15.51 34.7 2.2578
0 15.91 34.92 1.3198
0 14.68 34.29 0.6462
0 14.77 33.63 0.7902
0 16.77 35.36 1.1782
0 15.72 36.24 0.4321
0 15.8 36.34 1.9814
0 15.34 31.99 2.4705
0 5.29 19.98 2.3695
0 4.99 21.31 2.4255
0 7.51 24.92 0.7111
0.95 8.53 25.71 3.1702
0.7 4.11 22.23 3.4473
0.075 1.65 11.21 0.3151
0 2.38 18.3 2.681
0 4.47 20.93 1.3957
0 5.89 21.61 1.3883
0 6.78 23.88 0.6971
0 7.85 24.41 0.4101
0 5.91 24.52 1.8045
9.7 7.71 23.36 1.8804
41.3 7.49 17.04 6.6605
21.625 8.88 15.11 4.2503
0.2 11.35 18.61 0.9473
0 11.09 24.59 2.2433
0 10.52 25.67 1.0342
0 12.61 28.22 1.681
0.95 11 23.72 2.1755
0.575 4.1 15.5 1.9889
0 4.54 18.01 1.0566
0 6.53 21.15 0.5682
0 7.27 22.3 1.0624
0 9.42 24.11 1.2473
0 8.63 21.96 1.6645
0 8.49 22.92 1.1536
0 8.3 23.67 4.3245
0 3.13 13.99 4.9084
0 1.07 13.47 0.7312
0 1.62 14.59 0.074
0 5.28 20.26 0.8254
0 6.5 22.78 0.8706
0 9.08 24.03 1.2241
0 8.85 25.69 1.1064
0 8.77 26.15 1.685
0 7.82 24.55 2.2346
0 4.88 19.36 0.5013
0 4.85 18.63 1.6613
0 3.04 16.15 1.872
0 3.59 17.11 1.1198
0 4.92 17.83 0.7421
5.225 7.55 18.49 0.3214
4.275 5.62 17.3 2.0291
0.675 1.25 10.03 1.3302
0 1.09 11.57 1.1556
0 0.81 12.78 2.7979
0 2.4 15.22 2.0968
0 4.21 18.01 1.4493
0 3.91 18.65 1.8017
0.7 2.02 13.69 2.2837
3.525 2.12 16.39 3.5057
1.85 2.48 14.76 1.138
0 2.57 11.75 0.4417
0 1.99 14.38 2.1577
0 2.9 14.36 3.7255
0 3.89 16.27 3.9771
0.975 3.96 17.9 2.598
1.55 4.55 18.74 1.0485
0.575 1.94 13.23 4.8679
0 2.99 12.29 4.9045
0 2.77 13.61 3.959
0 2.89 16.27 1.6081
0 2.02 15.95 2.1066
0 0.68 16.73 2.0655
0 1.41 13.79 2.1137
0.05 1.17 14.64 1.2632
17.2 -0.99 10.47 2.1573
15.325 -0.78 6.3 0.8614
2.925 -8.33 2.36 0.6266
0 -7.76 2.34 1.9757
5.1 -5.3 4.92 3.2131
31.875 1.29 7.96 2.9633
51.025 4.59 8.6 3.7797
24.625 3.09 8.93 4.2542
2.525 1.89 6.24 0.6284
0 0.93 7.28 3.1987
0 2.97 10.45 2.6036
0 3.74 11.95 2.3197
0 3.72 13.15 2.8259
0 3.59 11.78 4.1755
1.325 3.56 13.44 2.9186
10.525 4.07 14.96 1.7498
9.325 1.08 11.24 3.6719
0.075 -3.08 5.97 2.5154
0 0.13 10.08 3.9705
0 0.54 11.1 3.9569
5.9 0.76 11.82 4.1257
3.775 1.66 9.9 2.0015
2.35 0.95 8.78 3.0529
7.75 0.94 8.86 0.7406
3.9 2.67 8.34 1.4839
0.025 1.76 7.81 2.558
0 2.03 11.08 2.0271
0 2.46 11.33 1.2723
0 2.26 13.4 4.0248
0 1.43 15.38 2.957
0 2.91 15.29 2.7828
0 2.8 14.16 3.1251
0 3.3 14.4 2.6787
0.2 4.7 15.47 3.034
1.075 5.25 15.75 2.3946
0.6 6 12.55 2.4236
1 5.64 11.27 3.2054
15.325 4.9 16.67 4.4365
8.925 4.69 12.21 2.016
0.05 0.54 10.35 1.2989
0 1.69 12.25 3.3255
1.3 2.52 14.8 2.2041
15.8 2.56 15.01 2.5981
27.45 3.75 11.05 4.7828
23.675 3.48 7.42 5.5118
25.525 2.06 6.04 6.4906
24.75 0.42 4.95 4.042
13.275 0.35 4.52 3.9225
3.05 -0.99 3.3 0.9025
1.375 -2.08 6.37 2.3548
2.225 -0.6 6.56 3.9749
0.85 3.03 7.86 3.043
0 1.35 11.14 1.2941
0 -0.23 12.1 2.7648
1.175 1.39 11.1 3.2389
0.875 2.63 12.93 1.3371
0.075 -1.29 10.8 1.2676
0 -3.04 11.3 1.7317
0 1.3 12.3 2.0491
0 2.29 12.61 0.6157
6.9 2.71 13.12 2.7824
13.175 4.04 12.2 3.498
10.825 4.64 9.62 1.7233
3.225 2.61 7.13 2.6242
0.95 1.09 7.67 1.2971
1.15 1.75 8.68 2.1267
0.35 -0.24 7.73 0.6714
0 0.36 10.24 1.0833
0 3.08 11.68 1.1515
0 2.67 15.17 1.6004
0 3.27 16.49 1.595
0 3.02 18.42 1.096
0 4.44 17.72 1.6778
0 4.94 18.8 2.4239
0 4.65 19.83 1.1137
1.075 3.02 17.73 1.2197
3.45 4.48 13.02 2.3717
13.525 3.57 11.25 3.0824
7.45 -1.54 6.06 2.1471
21.275 -0.98 11.19 3.7235
17.625 2.33 9.85 2.7708
2 0.91 9.6 0.797
22.725 2.13 14.15 4.3917
14.325 4.11 13.3 1.4782
0.75 1.76 8.06 0.4672
0.85 2.3 14.2 2.2682
8.775 4.87 16.75 2.6557
17.175 3.63 10.69 3.2319
7.325 0.34 8.06 2.9812
0.075 -1.31 7.21 1.3175
0.05 0.97 11.73 2.4832
0.25 0.8 12.9 1.0451
3.125 3.07 13.26 2.5586
3.375 -3.75 7.09 3.8611
0.95 -1.81 8.09 2.2234
0 -1.71 7.12 0.3351
17.85 0.58 13.73 2.0346
10.7 0.01 13.4 2.53
0 -0.36 10.84 2.4994
0 0.43 15.87 3.675
0 3.02 20.9 1.3563
0 5 22.39 0.755
0 5.87 22.24 2.8269
0 0.62 20.83 2.0888
0 5.8 23.57 1.9199
0 4.74 22.16 0.4496
0 4.43 19.98 1.5381
0 3.05 19.72 2.0403
0.9 3.12 20.69 1.9476
2.525 4.32 20.72 2.2768
1.175 0.33 12.69 2.5045
0 2.03 13.96 2.6756
0 2.67 19.17 1.1378
4.6 4.61 20.8 2.3469
12.65 4.81 19.95 5.364
6.125 1.15 8.77 2.94
1.45 -2.04 8.45 0.9123
7.3 -0.28 12.41 2.1186
3.375 1.02 8.92 1.979
21.325 0.86 9.42 2.763
12.775 0.27 7.68 3.1372
0 -1.1 8.77 0.8886
0 0.05 13.99 2.1058
0 2.11 18.95 0.5421
0 4.12 20.23 1.0417
1.25 4.83 19.67 1.999
17.025 4.39 14.38 4.1691
12.8 2.8 9.37 4.5717
1.825 1.05 7.11 1.0748
0 1.63 13.46 0.6888
0 2.85 14.97 0.8059
0 4.11 19.74 2.4024
0 3.89 19.61 1.504
0 4.64 21.62 1.1289
6.05 6.01 23.35 1.6956
15.5 7.12 20.92 2.5564
8.175 1.52 10.41 3.1464
0.625 2.58 5.74 1.8642
0 3.55 9.19 1.4297
0 5.06 19.65 0.9118
0 6.78 21.94 1.314
0 8.12 24.95 0.7976
8.975 8.63 25.05 3.9046
10.475 3.83 14.55 4.9299
3.175 0.09 8.47 3.8921
0.05 -0.06 9.99 3.4551
0 2.17 15.77 2.0241
0 4.06 19.33 1.9877
0 5.31 23.6 0.8877
0 7.17 24.97 2.1426
0 7.1 23.92 3.6894
0 4.68 19.92 2.2125
0 3.64 19.71 0.6781
0.1 5.61 21.94 2.8145
3.2 5.69 20.82 3.7631
10.4 3.4 12 3.1028
5.175 -0.95 10.29 4.019
0.025 0.49 13 2.1555
0.075 5.23 19.32 0.9273
0.05 6.47 22.53 0.5986
0 8.05 24.3 0.4913
1.525 10.4 26.04 1.2503
4.275 11.56 25.55 1.8426
2.025 5.86 18.34 1.7266
0.2 8.23 18.84 1.6605
0.125 9.82 21.54 3.4532
0.2 5.39 22.04 4.3732
0.225 1.85 15.85 3.7072
0.175 2.05 11.73 4.1724
1.75 3.6 14.55 2.336
5.85 3.54 14.54 1.5151
9.425 6.74 17.95 2.8545
9.375 5.9 15.01 2.4153
3.275 2.89 13.15 3.4661
0 3.92 15.58 1.919
0 7 22.81 0.5926
0 9.68 26.62 2.5448
0 13.2 25.85 2.9391
0 10.76 24.05 2.638
0 11.73 25.71 2.7144
0 13.22 27.03 2.7011
0 13.51 27.17 2.0898
0 14.96 30.96 3.0614
0 13.41 31.32 3.1615
0 13.24 28.78 2.6781
0 12.39 28.45 3.7975
0 8.85 26.08 4.6987
0 8.68 21.83 5.0056
0 11.55 23.23 3.684
0 11.99 27.36 1.0144
0 13.29 29.02 1.7333
0 13.38 31.08 2.8829
0 9.38 28.64 3.0493
0 8.65 24.53 1.304
0 9.72 27.93 2.4408
0 9.68 26.36 3.0822
0 8.57 24.42 2.5791
0 9.75 26.43 1.7253
0 10.85 25.93 1.1942
0 12.89 29.45 1.8983
0.025 13.86 30.7 2.1227
0 15.28 27.64 2.735
0 13.77 28.04 2.4778
0 16.2 30.7 1.0716
0 17.91 34.7 1.662
0 17.92 36.62 3.0323
0 15.19 32.93 2.9497
0 13.02 31.27 2.6667
0 12.14 29.42 2.8273
0 14.52 29.49 2.1482
0 12.55 29.05 0.8983
0 14.33 31.9 1.9964
0 15.04 33.28 2.5927
0 15.88 31.87 2.4172
0 15.62 31.86 2.4877
0 16.61 32.88 2.2578
0 16.62 33.64 1.8147
0 17.18 35.19 2.2322
0 18.65 34.52 3.1872
0 18.2 33.5 3.2485
0 16.8 31.56 1.9239
0 17.03 32.9 1.5374
0 18.79 36.04 2.6535
0 18.8 36.99 2.7448
0 18.68 36.56 2.5833
0 17.9 37.72 2.1669
0 17.2 36.63 2.084
0 16.88 34.71 2.3904
0 16.01 33.28 1.0385
0 16.56 33.42 2.2801
0 16.6 34.16 2.1563
0 18.11 35.66 2.6151
0 18.68 35.2 2.6929
0 16.43 32.93 1.8834
0 14.61 32.4 2.2797
0 15.2 32.39 2.0273
0 15.14 33.38 2.2428
0 15.31 33.09 2.3082
0 14.57 32.68 2.0428
0 14.37 32.09 2.3591
0 13.63 33.28 1.4083
0 14.5 33.64 1.9239
0 15.09 33.34 1.9695
0 14.14 32.56 1.9929
0 14.68 32.34 2.4815
0.125 15.3 31.59 2.7915
0.075 14.64 28.85 1.9192
0 13.84 30.34 1.7889
0 14.33 30.9 2.1814
0 12.75 27.09 1.1235
0 13.52 30.4 1.4974
0 15.29 31.71 2.444
0 15.23 32.01 2.8025
0 15.46 32.56 1.1832
0 15.53 34.53 1.5195
0 15.6 35.11 1.6575
0 14.1 33.59 1.9114
0 14.47 33.51 2.2429
0 14.89 34.45 1.7801
0 13.63 31.22 1.727
0 13.09 29.9 2.2764
0 14.85 34.56 1.9454
0 18.2 38.23 0.5779
0 19.87 39.54 2.164
0 16.64 37.13 2.4023
0 12.42 32.78 2.7252
0 11.41 21.14 2.2991
0 9.6 22.11 2.4668
0 9.93 24.59 1.2882
0 11.1 27.8 0.5881
0 14.19 32.56 0.3285
0 15.91 35.52 1.2311
0 16.03 35.59 1.1581
0 15.65 35.11 2.019
0 13.8 32.7 1.1856
0 13.82 32.75 2.2515
0.025 12.52 30.93 2.7997
0 7.33 16.82 2.0477
0 8.21 24.98 0.5878
0 8.93 26.71 0.6204
0 12.2 30.63 0.9553
0 12.5 31.03 1.5915
0 11.67 29 1.3981
0 11.41 28.93 0.9617
0 11.74 29.23 1.6457
0 11.27 30.07 1.5687
0 11.85 29.32 1.4991
0 11.54 28.85 1.3619
0 10.24 25.12 1.2487
0 9.55 27.15 1.0512
0 10.36 25.33 2.6936
0 9.61 23.17 1.1466
0 9.72 27.14 0.523
0 12.96 30.81 0.9318
0 15.58 34.39 0.4905
0 15.31 35.23 1.0736
0 17.71 36.4 0.6315
0 17.33 37.48 0.5302
0 16.49 36.73 0.3499
0.075 16.42 33.3 0.415
4.875 16.26 30.3 1.246
20.775 15.11 30.78 1.5377
14.125 12.39 21.25 1.5166
1 10.86 15.13 0.8505
1.925 7.57 16.62 0.7919
1.9 7.64 17.37 1.9884
0.15 6.13 17.07 0.883
0 8.09 21.55 1.9315
0 9.37 23.84 1.606
0 11.07 26.5 1.3789
0 12.3 27.82 2.1815
0 13.43 30.13 1.5112
0 13.33 29.81 0.6675
0 12.55 29.27 0.5124
0 12.41 29.13 1.0653
2.075 13.16 24.96 0.8849
1.075 9.25 20.17 1.0326
0 9.4 19.05 1.6293
0 9.23 25.47 0.8695
0 10.47 23.18 1.9356
2.7 8.18 20.22 1.6891
21.925 9.17 19.03 1.5835
42.95 10.5 13.4 4.5421
20 6.13 14.05 3.544
0.075 4.44 15.06 1.7132
0 2.21 15.67 2.8656
0 0.84 16.59 3.3022
2.925 7.44 20.25 2.1627
2.625 7.07 20.72 1.8711
0.5 5 11.71 0.9398
0 5.57 18.04 1.8971
0 6.53 20.59 3.0971
0 8.71 23.74 2.8517
0 11.51 26.01 1.9137
0 11.27 25.84 1.0703
0.275 10.17 24.77 2.1542
14.1 8.4 20.89 2.9778
9.475 3.14 11.13 2.6756
2.075 1.04 11.16 0.5966
1.575 2.26 12.26 1.6497
0 0.98 10.31 2.5296
0 3.11 14.18 1.464
0 2.75 16.05 3.0637
0 5.12 17.04 1.6303
0 6.48 19.58 2.4905
0 6.11 19.88 1.0066
0 5.31 18.85 2.0735
0 4.49 19.35 1.9088
18.05 4.99 18.76 2.6507
26.7 1.7 11.6 3.1185
20.475 -0.06 5.34 5.1302
11.175 0.24 4.56 2.9344
12.5 1.21 5.95 3.9838
5.875 -3.79 3.79 1.1284
0 -4.53 4.85 3.2478
0 -4.24 4.62 3.328
9.775 -0.8 8.44 2.662
6.725 -3.51 5.39 2.6427
0 -6.16 4.22 2.3408
0 -4.09 5.43 3.0726
0 0.03 9.12 2.3129
0.025 1.25 12.55 2.6278
0.05 5.65 12.17 1.4631
1.45 5.44 12.89 2.1236
14.35 5.02 10.6 2.3548
7.575 4.65 13.97 3.3266
0 3.04 11.35 2.3097
3.85 4.15 14.9 1.9043
5.825 5.56 12.9 0.9867
0.95 6.65 11.72 1.2772
0.05 5.72 14.2 0.4438
0 4.5 15.37 2.3525
0 4.77 14.64 1.4025
20.125 4.88 14.95 1.6747
12.65 2.82 10.85 1.6503
3.6 0.46 8.51 2.3814
45.05 0.27 8.09 3.6124
66.05 3.59 8.28 5.3129
44.025 5.11 10.3 6.0545
18.125 2.74 11.77 2.1365
8.2 1.93 3.66 2.4581
7.275 2.36 6.76 2.2847
3.525 2.8 7.47 0.3775
0 1.51 9.39 2.9058
17.175 1.69 12.09 5.3448
10.5 1.39 11.52 1.8777
0.05 0.39 6.11 0.9733
38.275 0.71 8.03 2.2702
25.275 2.94 7.68 4.3461
1.475 -6.15 5.5 2.5011
2.2 -6.66 3.19 1.4985
14.575 -6.35 3.37 4.2072
15.975 -0.54 4.86 4.9838
8.35 0.5 5.09 2.5879
0 -2.05 5.83 3.301
0 -1.68 7.03 3.9337
0 0.35 9.59 5.3578
0 0.56 10.05 3.695
0 -0.5 9.54 1.8988
0 -0.5 9.32 1.3202
0 -2.5 6.38 3.1754
2.7 -2.12 8.21 3.3706
3.45 2.75 9.8 1.9566
0.4 1.87 11.79 1.6919
0.3 2.4 10.88 1.3778
0 2.05 13.84 2.6444
0 3.77 14.71 1.0273
0 4.44 14.99 0.8
0 4.55 14.66 2.4293
0 2.94 14.89 1.4227
0 1.97 15.88 4.2639
0 2.08 15.86 3.8106
0 1.48 15.85 2.7206
0 3.22 18.02 3.9631
0 2.88 16.69 2.0036
0 3.41 16.71 2.2576
0 3.45 16.58 4.9904
0 3.33 18.05 3.3756
0 3.33 18.02 1.8236
5.9 2.64 17.34 0.5045
8.325 1.87 15.17 1.8621
2.425 0.24 7 1.4381
0 -0.24 9.79 1.7871
0 -0.73 11.91 3.0312
0 -1.03 12.56 2.0962
0 0.18 13.28 2.7036
0 3.36 17.18 1.7521
0 2.36 17.69 1.964
0 4.93 19.42 0.6383
0 1.6 18.86 2.1302
0 -0.83 14.28 3.554
0 -1.87 12.6 3.8454
0 -0.8 14.04 3.9991
0 1.5 17.3 2.8176
0 2.27 19.63 1.2023
0.125 2.3 19.25 3.4728
10.3 3.04 13.87 4.1203
16.875 2.61 14.35 5.8124
23.375 -0.12 4.24 4.5016
39.25 0.3 3.86 3.0968
20.35 0.09 6.46 3.6501
1.775 -3.83 5.62 0.8622
0 -3.83 7.21 1.1238
0 -3.85 6.96 0.4135
0 -2.87 10.71 0.4604
6.2 -1.44 9.98 2.1832
13.25 0.63 7.28 5.6345
7.825 -4.57 4.09 0.9241
0.025 -5.78 2.8 0.4094
0 -5.56 7.36 2.1513
5.05 -4.28 11.53 1.7087
11 0.49 13.03 3.6256
8.1 3.79 11.77 1.3107
0.825 0.36 11.9 1.4766
4.725 1.2 15.11 0.6502
21.35 2.8 16.74 1.7193
16.025 4.32 9.23 4.4373
0.175 0.7 9.27 0.4223
0 1.92 15.01 1.4642
0 3.53 18.75 0.7702
0.3 3.3 17.8 1.3349
0.175 3.22 15.02 0.7122
3.375 3.57 16.6 0.936
2.025 5.09 14.11 1.009
16.475 5.75 17.37 1.1179
18.775 5.71 18.65 2.3767
1.825 0.39 11.82 1.0699
21.525 -0.17 13.11 3.3146
37.275 0.4 8.5 4.8214
53.575 1.12 5.71 5.7705
23.825 0.37 5.07 2.4937
6.775 0.14 7.45 1.1741
15.65 1.07 9.68 4.8921
34.575 1.3 6.78 5.4115
22.9 -1.8 4.75 3.8312
11.275 0.46 8.35 2.99
7.325 2.6 5.33 1.3955
0.2 2.86 10.86 0.691
0 2.38 14.76 1.4805
0 3.49 17.39 2.2149
0 5.53 19.28 2.3424
0 7.07 24.59 1.6795
0 7.41 26.74 1.0394
0 4.56 21.38 1.3143
0.025 4.15 19.8 1.8442
0 4.86 22.24 1.4261
1.125 5.04 21.86 1.7649
7.8 2.2 20.42 3.4625
5.575 -2.82 5.73 1.4464
0.775 -2.68 5.39 1.4379
0.025 -2.14 10.87 0.5794
0 0.39 15.81 1.6967
0 2.71 16.92 1.6205
0.45 3.02 17.66 2.7483
0.3 0.24 9.55 0.6623
0 0.52 16.38 0.7908
0 4.75 21.2 1.6604
0 5.99 23.55 2.3777
0.05 7.83 23.47 2.7043
0.025 8.72 20.24 1.6967
0.4 6.23 20.2 2.0516
6.275 8.13 15.68 2.2371
1.75 4.17 16.86 0.9443
1.125 4.31 16.54 1.2777
0.7 6.28 14.98 2.2357
0.725 5.32 14.17 2.2525
0.075 2.54 16.5 2.8262
0 4.28 18.54 0.9389
0 5.38 21.06 2.4413
0 3.43 20.18 4.694
0 2.67 18.03 3.596
0 3.92 19.73 1.8593
0 5.87 22.58 0.4407
0 7.73 24.54 0.8962
0 9.48 25.72 2.9553
0 12.02 28.61 0.714
0 11.48 29.41 1.5692
0 10.24 27.94 2.0929
0.075 8.81 23.76 2.997
0.9 4.57 14.85 3.2658
1.6 2.84 11.51 2.7002
0 5.48 19.99 1.8283
0 8.35 23.37 1.2407
0 8.91 25.62 0.6706
11.125 9.51 27.07 2.8562
12.3 2.06 17.54 2.6453
5.825 1.57 9.2 1.185
18.5 2.88 12.34 3.519
12.675 3.21 8.69 2.3145
0.875 3.01 12.96 3.2384
0.025 3.65 19.37 1.8424
0 7.45 23.55 2.1438
0 7.84 23.09 3.1235
0 6.49 22.1 4.5625
0 5.84 19.23 2.5571
0.025 7.14 22.12 2.6848
0.3 5.78 19.82 2.5157
0 6.13 19.95 3.272
3.175 5.77 20.03 4.2377
3.625 3.61 16.05 4.8449
0.625 3.56 14.61 2.8022
0.625 6.43 18.92 2.5056
0.675 8.13 19.61 2.8681
0.475 3.42 14.31 1.6955
0.225 4.52 17.3 0.512
5.1 5.66 17.95 3.0842
10.975 10.24 13.41 1.1198
5.375 6.69 19.17 3.2917
0.1 6.16 15.03 2.0776
0 7.55 21.07 3.1118
0 10.12 24.59 1.7271
0 10.98 27.14 2.5512
0 10.99 27.15 3.1403
0 9.76 24.4 2.7026
0 10.64 25.71 2.7362
0 12.62 28.16 1.949
0 13.8 31.17 1.9231
0 14.01 30.42 2.6756
0 10.88 27.98 1.539
0 12.81 27.99 2.8559
0 11.96 28.85 2.0953
0 13.52 29.27 0.4306
0 14.87 31.78 0.6171
0 16.66 34.82 2.4783
0 16 34.24 2.6472
0 14.12 32.25 2.6088
0 11.5 30 2.7176
0 12.19 29.3 2.4044
0 13.22 30.03 2.3866
14.625 13.98 30.71 2.3184
9.15 11.06 26.33 2.3365
0.925 8.83 19.29 2.3021
0 11.99 25.81 1.1767
0 13.79 31.07 0.8405
0 16.38 33.73 0.5587
0 16.43 34.21 1.5093
0 17 34 1.8717
0 18.16 33.23 2.5579
0 18.76 34 2.7762
0 17.61 32.63 2.2037
0 16.83 33.15 2.5274
0 14.79 32.62 2.1782
0 13.68 31.68 2.2832
0 12.92 28.61 2.3828
0 13.02 28.68 3.1039
0 12.65 26.23 2.712
0 13.1 25.71 3.2847
0 11.72 25.45 3.0902
0 12.1 26.27 1.9399
0 12.35 27.93 1.1918
0 13.13 29.93 1.8839
0 13.36 30.27 1.4246
0 13.99 31.02 2.3077
0 14.99 31.9 2.7852
0 15.43 31.79 1.8949
0 16.52 32.35 1.814
0 14.85 33.57 2.1048
0 14.4 32.38 1.8995
0 14.31 31.79 1.7317
0 15.61 31.41 1.6513
0 16.58 34.48 2.4325
0 17.67 34.83 3.0007
0.15 19.48 34.57 2.0587
0.3 17.01 31.44 1.3879
0 16.94 33.37 1.8469
0 16.79 34.48 2.0573
0 14.53 33.55 2.9959
0 13.34 29.76 2.3574
0 14.76 30.82 3.0077
0 14.48 30.5 2.3575
0 15.19 31.73 1.7507
0 14.65 32.56 1.8606
0 14.36 32.42 2.2271
0 14.45 31.87 2.6542
0 14.23 31.92 1.7453
0 15.55 33.24 1.2243
0 16.22 34.11 1.9938
0 14.08 32.44 1.5445
0 13.66 31.63 1.289
0 13.84 32.23 1.6586
0 14.16 32.36 1.6465
0 14.66 33.09 2.6226
0 14.15 31.34 1.9142
0 13.57 30.86 1.297
0 12.74 30.48 1.0335
0 14.14 31.82 0.9662
0 14.57 33.21 1.998
0 16.3 33.65 1.1785
0 16.37 33.48 0.7054
0 16.36 35.52 1.0083
0 17.33 35.63 1.3395
0 16.54 36.04 1.669
0 14.67 34.79 1.7846
0 12.9 32.43 1.7165
0 13.89 31.41 0.7966
0 14.49 31.71 0.6771
0 15.04 33.74 0.8826
0 16.18 33.34 0.9811
0 16.68 34.1 1.8065
0 15.45 33.09 0.7683
0 15.94 33.82 0.9638
0 16.22 34.82 0.9684
0.225 16.64 33.43 1.4794
0.925 14.67 32.99 0.9396
2.025 15.15 31.91 1.6214
3.325 12.31 25.02 1.4823
2.275 13.55 28.13 0.6024
3.4 13.24 29.75 1.3161
0 13.61 28.51 2.4133
0 13.67 28.92 1.7805
0 11.66 26.33 1.6782
0 10.5 26.21 0.3613
0 12.61 30.15 0.26
0 14.88 32.78 0.9713
0 15.62 33.07 0.5094
1.35 16.06 33.63 0.2543
0 16.35 34.28 0.4975
0 16.75 34.77 1.6097
2.4 13.86 30.66 2.2201
0.025 11.57 22.99 1.9779
0 11.91 26.82 0.5661
0 15.36 30.9 0.6282
0 15.3 30.91 1.104
0 14.49 32.04 1.3311
0 12.52 30.4 2.1731
0 12.85 26.81 1.7804
0 11.78 25.66 1.8999
15.15 8.99 21.99 2.2282
17.775 7.68 17.87 3.6188
6 4.09 13.17 0.8726
1.05 2.71 12.43 0.9042
0 2.83 16.21 1.2597
0 5.35 20.26 1.1216
1.35 8.3 22.36 1.457
1.65 10.48 17.54 1.5684
0 9.76 23.64 0.9292
0 9.88 26.31 0.6144
0 13.01 28.48 0.3752
0 11.49 28.02 0.9202
0 11.56 27.6 1.3315
0 12.03 25.99 1.5934
0 12.19 26.95 1.4683
0 11.07 27.99 0.8824
0 10.44 25.04 0.6494
0 10.21 25.41 0.6413
0 10.05 24.47 2.1541
0 10.06 26.4 1.6984
0 10.27 27.62 1.9802
0 9.15 24.7 1.3331
0 6.43 20.31 3.077
0 4.56 19.11 3.3012
0 5.45 19.42 1.9738
0 6.9 21.2 0.9675
0 7.47 22.55 2.0614
0 8.01 23.83 0.1993
0 7.17 23.12 3.1694
0 7.1 21.53 4.1788
3.5 4.29 21.57 3.5621
4.625 1.38 19.16 1.7541
4.35 -1.12 7.29 0.3912
3.95 -0.33 8.29 1.4457
0.05 -0.7 7.53 0.8541
0 -0.94 9.44 2.1949
0 0.84 12.35 3.1839
0 2.08 15.58 3.1224
2.2 3.25 16.95 3.7085
1.65 6.53 14.54 0.9993
0 5.37 14 0.2493
0 6.63 15.83 0.7943
0 3.63 15.75 0.6396
0 3.85 16.32 0.9423
0 3.68 16.93 0.8095
0.075 4 16.5 2.9845
2.725 1.89 10.42 2.1174
2.9 2.01 8.83 4.1086
1.125 -0.01 8.58 1.7405
0 0.5 11.27 2.4133
0 1.67 12.54 3.6036
0.05 1.34 17.19 2.1219
0.025 2.18 12.87 0.7686
0 2.96 14.7 2.884
0 4.44 18.13 2.3595
0 5.29 18.78 1.0881
0 6.51 17.58 1.6777
0 2.22 18.77 3.5699
0 1.8 15.54 8.307
0 2.42 12.46 3.5287
0 0.83 15.1 4.2772
0 -0.8 12.5 2.7631
0 -0.91 10.79 3.4828
0 -1.47 11.13 3.0882
0 -0.8 11.03 3.5053
0 -0.17 13.13 3.4453
0 0.4 12.84 4.25
0 0.78 14.38 3.1944
0 -0.1 13.83 0.9102
0 -1.17 11.91 1.6594
0 -1.79 9.53 1.4624
0 -1.53 10.27 1.1364
0.25 -0.94 10.3 0.8761
0.125 -0.38 9.46 5.363
0 1.22 12.86 4.5128
0 -0.66 14.08 2.7113
0 -0.73 12.73 4.5251
0 -1.55 10.88 4.3873
0 -0.94 11.45 3.4762
0 -1.4 11.88 4.5276
0 -1.5 12.53 4.0201
0 -1.06 13.11 4.9455
0 -0.29 14.28 3.4643
0 1.32 15 1.292
0 1.18 15.25 1.1594
0 2.25 14.57 1.2885
0 4.48 18.1 0.9409
0 3.62 16.09 0.9932
0 1.07 14.95 2.38
