1.725 0.36 13.39 1.4055
7.75 0.59 9.15 1.3731
7.975 -0.24 10.79 1.8576
6.275 -2.66 8.25 3.6907
3.025 -1.34 9 1.9763
0.5 3.4 6.46 0.3905
0.525 2.68 8.99 1.4621
0.3 3.04 10.76 0.7918
0.175 2.43 11.95 3.9666
0.1 1.01 12.09 3.4308
0 1.29 15.59 2.5778
0 3.04 13.99 5.2996
0 3.33 16.54 4.0886
0 1.92 18.04 3.956
0 1.94 17.83 3.8395
0 2.33 18.76 4.8699
0 2 17.87 4.2184
0 2.27 18.4 4.7952
0 2.02 18.69 4.9861
0.025 2.77 17.12 3.5119
5.075 2.98 17.23 2.6776
18.75 8.05 17.39 2.0395
17.525 9.85 12.09 1.6285
15.275 8.03 13.36 2.2031
8.6 4.19 11.91 3.2907
4.45 -0.99 5.46 1.031
1.625 -1.74 8.44 1.1891
0.175 -2.13 8.71 1.3091
0.125 0.36 11.47 4.046
0.825 -0.48 12.92 4.4352
0.475 1.93 16.84 2.8436
0 2.4 17.68 3.0185
0 2.82 16.7 4.053
0 3.26 20.53 3.8676
0.15 4.45 20.95 3.0542
2.4 4.89 18.59 2.6888
6.425 6.35 13.66 3.0116
2.45 4.31 12.43 2.725
8.25 3.04 12.89 1.13
6.9 0.98 10.39 3.2004
4.425 -3.85 6.94 0.4145
6.4 -3.07 8.59 2.8002
9.325 0.16 9.11 1.3042
16.3 -1.21 7.96 3.2144
8.825 1.5 7.33 3.9213
4.9 2.99 8.84 6.4167
12.225 3.57 9.77 5.4188
11.925 3.86 8.9 4.4507
1.45 1.89 7.99 1.6309
0 0.42 11.56 3.5347
0 1.1 15.73 2.6913
4.35 1.11 16.79 3.681
13.15 3.2 15.29 4.0258
6.7 8.69 12.49 2.9913
1.825 5.93 13.52 1.7339
2.45 5.84 16.11 1.681
2.1 5.05 14.52 2.7329
0.125 1.55 13.93 0.4777
1.475 2.58 15.55 3.6428
9 5.96 17.2 3.1244
19.675 8.87 15.58 4.4819
33.825 6.34 13.6 5.04
27.675 3.4 11.15 2.6864
7.1 -0.33 11.28 1.039
0.375 0.12 10.82 1.8899
0 -0.7 10.33 0.4118
0 0.17 12.8 1.3838
0 0.22 12.6 2.644
0 -2.46 10.67 0.6573
0 -1.57 12.48 0.7399
0 1.46 14.85 1.9441
0 1.59 16.23 2.0177
0 1.9 16.42 1.4248
0 2.93 14.89 2.755
0 4.99 17.18 3.2763
0 5.06 17.76 0.9779
0 4.89 19.27 1.1724
0 6.08 20.86 1.3508
0.725 6.55 21.42 0.9768
9.725 6.21 20.84 1.7222
9.575 2.56 14.27 3.8631
0.525 -1.63 10.25 2.2143
0.4 -0.64 13.55 1.9715
0.225 0.85 16.47 0.7941
0 4.02 18.88 1.8612
0 6.1 20.53 1.899
0 6.66 21.8 1.4481
0 5.63 20.7 3.7167
0 1.24 16.42 2.2073
0 1.87 16.91 0.5374
0 3.74 19.18 2.8858
0 4.57 21.02 2.6564
0 3.31 16.7 5.1144
0 -0.34 15.52 1.9715
0 1.95 17.65 2.599
1.025 1.74 23.07 1.9229
9.75 4.58 23.36 1.0813
10.525 5.16 18.54 3.0055
10.35 4.61 11.55 1.9056
7.2 5.44 12.21 2.2783
0.625 3.27 13.4 3.5484
0 3.76 16.06 1.4414
0.025 4.9 19.58 2.5082
0.05 5.11 18.87 5.169
0 -1.4 13.32 5.65
0 0.15 12.77 2.8485
0 1.91 19.08 1.6779
0 4.58 22.3 2.4595
0 7.21 25.82 2.5486
0 10.63 29.77 1.4735
0 12.07 30.61 1.1827
0 11.28 31.34 1.7968
0.075 8.99 30.23 2.431
0.5 7.6 23.19 3.044
0.475 1.52 16.17 3.1885
0 2.03 18.76 1.9161
0 3.67 19.15 2.2666
0 1.94 17.27 3.0599
0 1.16 16.09 1.7048
3.625 3.12 18.65 1.8262
28.9 5.72 20.76 1.9201
21.3 10.33 17.96 2.6628
5.1 10.62 16.01 3.8817
3.975 9.59 18.29 2.0287
2.775 11.74 20.63 3.8729
0 9.77 23.76 1.9696
0 9.59 24.78 2.9243
0 8.69 24.23 1.9344
0 9.28 25.83 1.7049
0 9.77 26.58 1.3554
0 9.89 27.65 3.0041
0 7.59 25.76 3.3473
0 8.22 24.3 2.7559
0 8.91 26.27 2.9163
0 10.15 26.33 2.1518
0 12.93 30.17 1.5769
0 15.92 34.82 0.3298
0 15.37 35.82 2.1136
0 14.88 33.74 2.4154
0 11.04 28.76 1.3392
0 10.59 28.76 0.9898
0 11.82 29.27 2.3567
0 11.11 28.9 2.9592
0 9.7 26.93 2.7186
0 9.2 26.52 2.1254
0 12.05 28.37 1.7185
0 14.15 31.21 0.9962
0 14.82 33.33 2.0336
0 14.98 32.02 2.5521
0 14.51 31.47 3.0074
0 13.54 28.08 2.3013
0.075 13 28.24 2.2678
0.25 12.27 25.7 2.3315
0.5 12.81 25.51 0.5027
0.725 10.75 24.62 2.1481
0.775 9.33 21.43 3.2453
1 7.47 19.98 2.1085
0.525 8.65 22.04 2.6096
0 10.22 24.87 2.5399
0 8.74 25.24 3.3577
0 9.64 23.89 3.039
0 8.7 23.49 3.2924
0 9.82 26.03 2.4659
0 11.86 21.99 3.4721
0.025 9.62 23.37 2.3442
0 9.43 24.19 2.4594
0 10.63 25.31 2.6111
0 12.21 26.47 3.1583
0 12.71 29.74 2.1428
0 13.72 32.28 2.9431
0 10.32 30.34 3.266
0 8.37 25.8 3.3767
0 9.84 26.5 1.6993
0 12.81 30.47 0.9009
0 13.82 33.71 1.6965
0 14.03 33.99 2.749
0 13.65 32.81 1.7067
0 15.69 34.06 1.0375
0 16.7 39.09 0.7992
0 17.76 39.05 2.7621
0 16.77 38.41 2.6702
0 16.29 35.15 2.2571
0 16.49 35.17 1.9011
0 15.7 35.16 2.8332
0 14.91 34.28 2.5746
0 13.72 32.15 2.7886
0 12.39 30.91 2.5188
0 11.2 30.18 2.6682
0 10.31 30.27 2.6903
0 11.7 29.68 2.6676
0 12.09 30.08 2.1307
0 13.84 30.73 1.9146
0 15.82 31.8 2.3749
0 14.43 32.94 1.8108
0 15.05 35.6 1.0684
0 16.08 36.78 1.4327
0 16.51 37.93 1.8274
0 18.06 37.69 1.6611
0 19.45 38.94 1.945
0 19.58 39.71 1.6154
0 19.75 38.73 2.4242
0 16.79 36.77 2.5714
0 16.21 35.35 2.4612
0 14.75 35.15 2.1272
0 15.43 34.2 2.2096
0 14.44 33.98 2.3477
0 14.63 35.43 2.0222
0 18.22 37.33 1.7627
0 18.1 37.01 2.1118
0 17.69 35.15 2.8698
0 17.2 34.06 2.6191
0 14.82 33.6 2.8807
0 15.81 33.23 2.691
0 14.32 32.77 3.1285
0 12.51 30.73 2.6487
0 13.23 30.89 2.3035
0 14.69 31.86 2.3954
0 11.9 28.5 3.055
0 9.77 25.39 1.8559
0 11.63 27.03 1.6033
0 14.22 31.18 0.7976
0 16.42 33.72 1.2633
0 17.32 35.41 3.0316
0 15.18 36.45 2.9802
0 15.16 34.83 3.202
0 13.79 31.88 3.078
0 10.52 30.85 1.6151
0 12.44 31.24 0.7006
0 14.94 33.08 0.9127
0 15.58 34.65 0.8828
0 16.34 35.62 1.3181
0 15.95 34.81 2.3672
0 16.84 35.96 2.2407
0 16.64 36.77 2.1798
0.125 16.14 34.12 2.8606
0.05 14.16 30.22 1.6488
0 13.88 30.76 1.5335
0 13.85 32.43 0.527
0 13.41 34.85 1.6705
0 14.86 35.6 1.6384
0 16.22 36.1 1.6817
0 16.34 36.48 2.6155
0 16.56 34.11 1.7344
0 14.8 33.61 0.8986
0 15.68 35.31 0.4482
0 16.22 36.62 1.8014
0 15.1 35.17 2.3469
0 11.61 31.65 2.1513
0 11.54 28.92 2.2059
0 10.7 27.96 1.8938
0 11.08 29.63 0.6452
0 12.1 30.84 1.0801
0 14.09 33.86 0.5169
0 14.89 35.7 1.0744
0.075 14.78 35.12 1.8046
0.75 12.08 29.8 2.2275
1.525 12.53 24.92 2.735
0.35 10.81 23.71 1.6632
0 11.48 28.51 1.7009
0 13.12 31.07 0.8458
0 14.32 33.07 0.8836
0 15.44 34.49 1.9956
0 13.03 32.76 0.8763
0 13.59 32.87 2.122
0 15.02 34.63 2.1668
0 14.74 34.98 1.3241
0 14.07 34.67 0.8042
0 13.73 34.42 0.754
0 14.64 35.8 1.1127
0 14.92 36.54 0.3764
0 14.66 35.62 1.9608
0 12.79 31.28 2.5849
0 4.7 19.94 2.4273
0 5.63 24.78 2.3814
0.075 7.06 25.65 0.9006
0.55 7.9 25.07 3.1886
0.925 5.23 20.46 3.3378
0 2.85 15.47 0.355
0 3.02 18.94 2.7069
0 4.82 22.16 1.2717
0 5.94 22.28 1.2858
0 6.56 23.75 0.6486
0 7.65 24.17 0.6589
0 7.11 23.47 1.8823
4.95 7.8 21.83 2.0868
38.475 8.17 17.06 6.9711
28.625 11.58 16.27 4.4427
0.675 13.72 21.53 1.1448
0 12.31 24.7 2.1858
0 11.81 25.55 1.1679
0.325 11.9 24.78 1.6913
0.575 8.6 22.82 2.0928
0.075 5.3 19.03 1.3792
0 6.31 18.73 1.0503
0 6.8 21.6 0.8134
0 8.57 23.05 1.2939
0 9.95 24.14 1.2687
0 8.76 23.5 1.669
0 8.9 23.37 1.0795
0 7.97 23.23 4.8176
0 4.16 19.05 4.8398
0 1.59 15.27 0.8028
0 2.26 16.85 0.2045
0 4.07 21.19 0.8652
0 6.62 22.28 0.9147
0 8.3 23.51 1.2815
0 8.68 25.31 1.2165
0 8.14 26.02 1.9034
0 7.37 24.32 2.5759
0.05 5.96 19.23 0.8349
0.15 6.12 18.48 1.6697
0 3.07 17.21 1.8953
0 4.09 17.47 1.1251
0 5.25 18.23 0.7258
0.875 6.27 17.71 0.5022
1.775 5.96 16.32 1.9925
0.425 1.41 12.55 1.2756
0 1.68 13.38 1.05
0 1.87 14.87 2.7371
0 1.4 16.16 1.9784
1.35 3.01 18.99 1.4084
0.825 3.26 18.13 2.0175
1.725 1.93 15.52 2.301
8.475 2.66 15.52 3.7793
2.975 1.53 14.56 1.1042
0 2.44 12.45 0.5596
0 1.57 13.97 2.0502
0 2.84 15.52 3.4597
0 3.7 17.59 3.7968
0.45 4.16 19.87 2.4163
2.55 4.22 20 1.1408
1 3.68 12.91 5.4722
0 1.74 14.41 4.8828
0 2.03 15.13 3.8733
0 2.3 17.2 1.7272
0 1.81 15.85 2.1613
0 0.1 14.29 1.9804
0 0.65 14.51 1.9532
0.025 0.72 14.31 0.7608
11.975 -1.4 10.51 2.0596
13.325 -2.05 5.69 0.6649
1.65 -6.37 3.92 0.7436
0.025 -5.87 4.31 1.8872
5.3 -4.57 6.58 3.2354
22.625 0.06 9.75 2.8976
36.925 6.04 10.44 3.9001
22.65 5.42 10.41 3.8852
3.975 4.93 9.28 0.8679
0.025 2.77 11.63 3.3909
0.025 3.65 13.17 2.8204
0.05 3.23 12.42 2.1625
0 1.96 13.08 2.6905
0 2.6 10.27 4.0602
2.225 3.01 14.44 2.8561
10.275 4.67 15.75 1.9137
5.475 1.29 10.67 3.644
0.55 -2.89 8.43 2.1811
0 -1.46 10.01 3.9636
0 0.18 13.75 4.0576
2.9 1.07 13.86 4.1252
3.1 1.74 11.98 2.2119
2.2 1.71 10.39 3.0883
3.225 1.71 9.87 0.9444
2.975 4.91 10.56 1.4737
0.725 3.51 10.61 2.8245
0.475 3.8 11.95 2.4818
0.05 3.26 13 1.0854
0 2.22 14.35 3.848
0 1.3 15.4 2.8885
0 1.4 15.45 2.7733
0 2.41 13.06 3.0963
0.075 2.53 13.08 2.6471
1 3.77 14.35 2.9959
0.8 4.95 13.71 2.4573
0.425 4.4 10.1 2.525
0.975 4.52 12.09 3.2521
12.7 5.69 17.5 4.8396
10.225 6.4 15.29 2.1453
0.725 0.94 12.25 1.4176
0 1.83 13.7 3.3251
2.05 2.4 16.29 2.5691
13.875 3.53 16.2 2.9521
18.525 5.97 12.83 5.0809
19.55 7.33 10.22 5.8815
25.7 4.19 9.14 6.7309
23.525 2.12 9.05 3.8554
17.775 0.38 6.94 3.3991
3.675 0.41 5.9 1.2384
2.775 -0.25 9.42 2.5614
6.775 1.28 9.35 4.5299
2.7 5.4 10.8 2.8756
0 2.85 11.07 1.3101
0.9 1.5 12.36 2.787
1.775 2.85 13.66 3.2064
1.85 3.3 14.14 1.3275
0.3 0.62 12.57 1.0852
0 0.8 13.24 1.8182
0.025 2.02 13.56 2.1674
0.7 3.85 13.75 0.7456
5.775 3.91 14.43 3.2311
7.325 5.6 13.45 3.2641
12.65 6.82 11.79 1.6607
5.15 4.99 9.36 2.2657
4.475 5.23 9.37 1.395
2.75 4.46 9.88 1.7145
0.6 0.89 9.69 0.4955
0 1.44 11.28 1.3946
0 3.93 12.82 1.6567
0 2.44 15.68 1.21
0 3.21 16.5 1.4286
0 3.58 16.99 1.1245
0 4.65 16.93 1.7734
0 5.22 18.11 2.4154
0 3.87 19.08 0.7584
2.375 4.26 16.62 1.037
4.175 6.05 12.87 1.9823
3.925 4.41 10.05 2.5994
3.475 -0.93 9.44 2.2324
12.35 0.42 11.36 3.9714
10.95 3.97 9.38 2.6352
2.725 1.52 11.41 0.9365
23.95 2.88 14.86 4.89
17.125 4.87 14.75 1.0425
0.45 2.92 11.75 0.3483
1 3.73 15.28 2.2236
8.575 5.46 15.86 2.785
15.6 4.86 9.08 3.392
5.3 1.45 8.87 2.6094
0.05 0.15 9.49 1.327
0 1.42 12.54 2.4461
0.05 2.66 15.35 0.9099
0.4 3.16 11.6 2.5871
2.8 -2.36 9.79 3.5081
1.875 -0.97 9.64 2.038
2.175 -0.96 10.99 0.4962
11.825 0.19 12.86 2.3796
6.025 0.15 12.61 2.295
0 -0.35 12.25 2.6725
0 1.01 15.48 3.7385
0 3.57 20.94 1.3382
0 5.39 22.14 1.0784
0 5.66 22.28 2.9737
0 3.05 23.12 2.3741
0 5.08 23.31 1.8584
0 5.98 21.66 0.3702
0 4.66 19.76 1.6433
0 3.32 18.99 1.8408
0.45 4.07 19.45 1.8952
1.1 4.3 18.75 2.3574
0.4 0.97 14.32 1.9294
0 1.92 16.81 2.6341
0 3.22 19.51 1.1769
2.175 4.81 20.52 2.893
10.025 4.6 18.52 5.123
8.325 1.33 11.09 2.665
0.725 -0.79 10.72 0.6391
5.675 -0.14 11.67 2.2435
5.45 1.22 10.18 1.6475
17.15 0.88 10.67 2.8797
13.125 1.62 11.19 2.7803
0.05 1 11.09 0.5291
0 0.93 14.82 2.2774
0 2.9 18.82 0.8506
0 4.41 19.48 1.9195
1.225 6.11 18.28 2.0069
16.575 6.18 12.8 4.4111
21.675 4.95 10.44 4.354
5 2.67 11.18 1.1277
0.075 3.05 13.91 0.6894
0 3.65 15.54 0.8587
0 4.63 19.04 1.7348
0 4.75 19.09 1.2592
0 5.52 21.45 1.2524
9.6 7.48 22.06 1.3848
21.775 6.11 19.21 2.5228
11.7 2.94 10.11 3.3376
2.425 4.4 8.78 2.0962
0.1 5.61 11.65 1.0667
0 6.45 20.46 1.0119
0 8.87 22.78 1.2066
2.1 8.4 25.01 0.805
10.9 8.12 24.41 4.3829
5.15 2.85 13.61 4.6304
2.7 1.78 13.62 3.4524
0.125 1.05 12.96 3.2403
0 3.12 18.32 1.9182
0 4.98 20.93 1.8185
0 7.82 24.44 1.1341
0 8.12 24.5 2.1923
0 6.18 22.13 3.7116
0 3.39 19.62 2.4144
0 4.13 20.18 0.9092
0.025 5.36 21.69 2.7029
0.925 5.64 19.21 3.5089
9.325 6.23 13.18 3.1703
4.725 1.06 11.03 3.5788
0 2.03 16.8 2.0481
1.125 5 22.45 1.2057
2.075 7.42 24.55 0.8372
0 7.94 25.27 0.7368
0.375 9.63 25.87 1.281
3.8 10.69 25.73 2.0639
2.075 10.13 18.54 1.6599
0.15 9.84 19.77 1.4965
0.325 9.86 21.52 3.3475
1.25 4.98 20.2 4.1558
2 2.22 14.7 3.4555
0.725 2.77 13.51 4.0896
1.625 5.01 17.54 2.2438
8.775 4.69 17.47 1.6266
11.025 6.21 18.18 2.8403
12.75 6.89 16.62 2.1989
7.675 3.47 15.5 3.1068
0 4.3 17.41 1.743
0 7.33 24.63 0.9736
0 11.31 26.9 2.4633
0 12.04 25.18 3.0303
0 11.06 24.62 2.1683
0 12.28 26.43 2.2457
0 13.91 26.64 2.5123
0 13.52 28.47 1.7434
0 14.12 30.37 2.5933
0 12.64 29.74 3.0992
0 11.69 27.96 2.6053
0 11.47 27.91 3.559
0 7.04 23.67 4.5618
0 8.64 21.61 5.0955
0 10.74 27.12 3.7316
0 12.3 30.13 1.0013
0 13.09 30.25 1.8716
0 12.79 31.03 2.811
0 8.87 27.88 3.2617
0 8.68 25.68 1.52
0 8 27.89 2.421
0 8.29 25.62 3.2135
0 7.56 24.2 2.7404
0 9.43 26.31 1.9735
0 10.75 28.91 1.0362
0 12.18 31.37 2.0344
0.875 12.28 30.82 2.2902
0.6 12.18 28.65 2.8416
0 13.31 29.53 2.5775
0 15.72 33.19 1.2322
0 18.47 36.32 1.7391
0 16.71 36.98 3.1204
0 13.37 32.89 2.9717
0 11.46 31.13 2.8298
0 11.46 30.65 2.9836
0 12.49 29.37 2.4955
0 12.97 31.27 1.2523
0 14.04 33.05 1.8798
0 13.03 32.56 2.4096
0 12.95 31.3 2.4201
0 13.5 32.45 2.4941
0 15.82 33.56 2.2705
0 16.04 34.99 1.9025
0 16.86 35.5 2.2983
0 16.84 33.75 3.1612
0 15.81 32.22 3.1309
0 16.43 32.39 1.6341
0 17.18 35.04 1.4203
0 18.9 37.22 2.6913
0 19.16 37.87 2.7003
0 18.07 37.24 2.5386
0 16.29 37.14 1.9771
0 16.18 35.09 1.9471
0 15.17 33.17 2.4121
0 13.7 33.67 1.0469
0 15.36 33.32 2.3418
0 16.34 34.43 2.1814
0 17.21 35.61 2.7407
0 16.21 33.57 2.8858
0 15.35 30.74 2.1086
0 13.24 29.98 2.5108
0 14.02 31.5 2.3315
0 14.23 32.65 2.5423
0 13.99 32.4 2.356
0 13.76 32.09 1.9744
0 14.15 32.34 2.3942
0 13.5 33.28 1.6007
0 14.05 33.21 2.026
0 13.38 32.7 2.131
0 13.51 31.96 2.2211
0 13.31 31.46 2.5627
0 13.98 30.89 2.9049
0 13.68 29.83 2.0911
0 13.61 30 2.0404
0 12.49 28.92 2.2779
0 11.91 28.99 1.0795
0 13.62 29.96 1.5211
0 14.36 31.01 2.404
0 14.01 31.29 2.9406
0 14.22 32.45 1.3055
0 15.42 33.58 1.6129
0 14.83 33.12 1.6645
0 12.98 32.68 1.9969
0 14.05 33.04 2.2771
0.05 13.37 32.2 1.9191
0.025 10.73 31.01 1.8142
0 12.51 29.32 2.5219
0 13.97 35.13 1.9236
0 17.29 39.18 0.508
0 18.49 38.02 2.2199
0 14.4 34.29 2.3378
0 10.57 31.25 2.8207
0 8.14 21.88 2.2554
0 8.98 23.12 2.5084
0 9.69 25.37 1.6107
0 12.16 28.73 1.1527
0 15.07 33.2 0.4408
0 15.51 35.48 1.3036
0 15.13 35.41 1.2413
0 15.91 32.99 2.1199
0 13.51 32.22 1.4615
0 13.26 31.26 2.196
0 10.86 28.15 2.7774
0 7.33 18.93 1.9108
0 8.19 23.19 0.8822
0 10.2 27.21 0.5819
0 12.32 30.87 1.1355
0 12.26 29.6 1.7417
0 10.77 28.32 1.4862
0 11.27 28.46 1.2499
0 11.03 29.01 1.7895
0 11.92 28.7 1.5394
0 12.2 27.85 1.3913
0 11.92 26.83 1.3351
0 10.35 25.84 1.3387
0 10.21 26.17 1.2393
0 8.69 23.82 2.6962
0 8.46 22.41 1.1854
0 10.13 27.99 0.7806
0 12.42 30.89 1.0221
0 16.84 34.19 0.8421
0 14.79 34.97 1.3346
0 16.15 36.58 0.6508
0 16.84 37.61 0.5517
0 16.4 35.65 0.3334
0 15.65 32.84 0.6285
2.825 16.51 32.18 1.0206
5.325 14.87 30.75 1.5308
6.3 11.68 23.08 1.5678
0.675 10.88 18.04 1.5916
0.225 8.57 18.21 0.6857
2.675 8.62 20.37 2.0825
0.025 7.48 19.51 0.6491
0 8.32 23.73 1.9144
0 10.89 25.4 1.8043
0 12.28 27.36 1.9769
0 12.92 28.23 2.2705
0 13.53 30.55 1.4849
0 14.18 31.65 0.5713
0 13.22 31.44 0.5102
0.225 12.38 29.56 1.059
2.05 11.69 24.56 0.9514
1 9.06 20.16 1.2439
0 8.8 20.16 1.5976
0 9.26 23.88 0.9067
0.175 9.29 22.85 1.7955
3.575 9.06 20.54 1.4559
11.925 10.22 19.3 1.8763
47.45 11.26 15.57 5.0896
14.6 7.27 15.34 3.3533
0 3.76 15.99 1.5353
0 2.91 17.09 2.9276
0.025 4.81 19.09 3.5641
2.9 8.07 21.3 2.1985
3.675 8.93 20.23 1.806
0.975 6.33 13.84 1.0752
0 5.82 19.21 1.821
0 6.9 21.16 2.9308
0 8.82 23.4 2.6497
0 10.33 27.24 1.6724
0 10.94 27.01 1.2916
3 9.85 25.73 2.081
17.2 8.56 20.76 3.3623
8.225 3.47 12.45 2.4242
2.125 1.14 12.63 0.6908
1.3 2.84 13.82 1.6069
0.075 1.95 12.89 2.3252
0 2.74 15.42 1.4211
0 4.13 16.2 3.0223
0 5.6 18.02 1.7541
0 6.83 19.59 2.8192
0 6.37 20.42 1.4301
0 6.06 19.75 1.9189
2.5 5.1 19.62 1.8378
19.875 4.81 17.75 2.1891
25.775 1.82 9.79 3.1147
24.925 1.42 7.31 4.7259
13.55 2.1 6.38 3.1579
15.975 2.64 8.11 4.0125
5.5 -2.96 5.3 1.3724
0 -3.01 7.68 3.2133
7.4 -1.88 8.73 3.368
12.475 -0.12 10.33 2.6884
6.05 -0.62 6.61 2.246
0 -3.91 7.99 2.5067
0 -2.43 8.62 3.0661
0.025 0.2 10.98 2.3025
0.025 0.58 13.38 2.6684
0.375 5.15 10.68 1.4539
3.425 6.42 14.68 2.493
12.975 6.99 14.76 2.6073
4.8 6.58 17.44 3.5927
1.75 3.48 14.71 2.1885
5.15 4.65 14.93 2.3651
4.725 6.67 13.18 1.3269
0.9 8.08 15.76 1.6615
0.025 6.32 15.34 0.463
0 5.4 15.84 2.3199
4.3 4.48 15.54 1.359
15.825 4.86 12.29 2.0406
7.225 2.45 11.36 1.3054
6.225 -0.03 10.75 2.5678
33.925 0.48 10.75 3.4868
39.3 6.61 11.25 5.0549
62.65 7.15 12.12 5.6666
8.025 3.83 10.48 2.8572
6.675 3.54 6.95 2.947
5.65 4.34 11.14 2.1831
1.525 5.25 10.21 0.572
3.525 3.27 12.74 3.181
17.15 3.17 14.4 5.501
8.35 2.68 13.52 2.2956
2.6 2.25 10.31 0.8445
41.2 2.66 10.69 2.3715
32.15 3.44 8.81 4.4406
2.95 -3.67 6.82 2.2108
2.775 -4.65 5.49 1.5799
17.575 -2.71 6.95 4.4503
13.85 -0.11 7.14 4.6777
3.2 1.47 7.26 2.4169
0 -0.5 8.09 3.0464
0 -0.54 9.88 3.7053
0.025 -0.67 9.5 4.843
0 -0.66 8.46 3.3403
0.05 -0.51 9.84 1.6306
0.025 -0.89 5.56 1.402
0 -2.92 4.99 3.0396
1.625 -0.05 7.69 3.4666
1.75 3.17 13.4 2.4239
1.3 2.8 13.8 1.6585
0.45 5.31 10.35 1.1939
0 1.45 12.6 2.6639
0.025 4.45 12.3 0.6795
0 5.16 13.73 0.6233
0 4.65 12.61 2.4562
0 2.17 11.94 1.5419
0 2.39 14.72 4.0579
0 2.41 16.87 3.6098
0 3.08 16.33 2.9541
0 2.2 17.89 4.0441
0 2.2 17.13 1.7925
0.025 2.9 16.34 2.0698
0 2.78 16.95 4.9381
0.025 2.66 18.13 3.5729
0 2.28 17.26 1.7878
10.3 1.75 16.03 0.6169
8.925 1.9 13.21 1.7263
3.325 0.77 8.83 1.3209
0 0.61 10.81 1.7204
0 -1.72 12.79 3.0082
0 0.17 13.24 2.0006
0 1.27 13.5 2.5093
0 3.08 17.24 1.6474
0 4.26 17.84 1.9306
0 4.61 19.35 0.7161
0 1.11 17.99 2.5227
0 -0.76 13.09 3.4099
0 0.14 13.18 3.6072
0 0.91 14.69 3.7456
0 1.21 18.57 2.8717
0.05 1.1 20.04 1.1704
0.625 1.16 18.28 4.0408
14.45 6.49 15.27 5.0214
16.9 3.97 12.17 5.7351
31.75 1.43 6.39 4.8932
29.975 1.27 6.04 2.4356
9.375 -0.05 8.1 2.9295
0.425 -2.11 7.53 0.5642
0 -0.97 9.04 1.2267
0 -1.78 9.15 0.5189
1.15 -1.36 11.42 0.7596
9.85 -0.48 9.97 2.4303
18 0.2 8.38 5.0033
8.25 -3.99 6.68 0.9397
24.275 -4.54 6.33 0.4537
1.1 -2.51 9.63 2.3481
2.625 -2.54 12.48 1.9109
10.725 0.58 13.78 3.9998
3.4 6.53 14.36 1.4963
0.025 1.32 14.58 1.4675
4.725 2.59 15.93 0.5437
20.05 5.12 16.49 1.7387
10.025 5.35 10.81 4.0629
0.15 2.03 11.7 0.814
1.275 3.24 15.83 1.5437
0.3 5.42 17.52 1.1119
0.125 4.08 16.52 1.1288
0.4 3.67 14.73 0.4471
5.3 4.57 15.62 1.5356
6.275 7.1 15.91 1.4787
16 7.43 17.47 1.7775
8.9 6.91 16.5 2.5161
4.05 0.33 12.08 0.9391
13.25 0.43 12.87 3.8576
27.275 1.58 10.25 4.7792
41.05 3.32 7.77 5.2598
18.05 1.86 7.36 2.2666
3.825 1.06 9.47 1.5177
12.175 1.92 11.18 5.2632
21.175 3.64 7.68 5.5961
20.825 1.24 7.51 3.9756
17.95 2.23 9.75 3.1963
4.3 4.13 9.38 1.5987
1.45 4.63 12.53 0.6871
0 3.84 15.51 1.2457
0 4.64 16.53 1.8502
0 6.65 20.12 2.4835
0 7.75 24.59 1.9535
0 7.88 24.03 1.0517
0 3.3 19.45 1.916
0 4.2 19.09 1.8407
0 6.17 21.66 1.4375
1.725 4.97 21.08 1.7247
4.95 3.03 17.9 3.4696
2.175 -0.5 9.23 1.6805
0.05 -1.44 10.93 1.2628
0 -0.77 14.53 0.3987
0 1.6 15.97 1.5615
0.175 2.55 17.06 1.4324
0.5 2.58 15.83 2.5887
0.2 0.4 13.06 0.5236
0 0.99 17.3 0.7678
0 4.03 21.43 1.2715
0.6 4.87 22.52 2.0488
0.75 8.26 21.18 2.5326
0.325 9.93 19.05 1.3726
1.025 9.32 19.81 1.8909
1.625 9.25 18.31 1.8976
0.525 4.04 17.72 0.8542
0.75 5.16 17.38 0.8532
1.225 6.63 18.03 2.0032
0.975 6.02 17.95 2.2714
0.35 3.17 18.12 2.3822
0.05 2.96 19.37 0.9791
0 3.79 20.48 2.1777
0 4.14 19.07 4.4028
0 1.74 18.34 3.4014
0 3.38 20.92 1.7279
0 5.22 23.47 0.5125
0 6.91 24.53 1.0721
0 8.3 25.73 2.9735
0 10.28 28.53 0.9141
0 9.51 29.06 1.4104
0 8.47 26.16 1.8499
0.075 7.43 20.84 2.7071
1.65 3.69 14.04 2.9388
0.825 2.75 17.49 2.4525
0 4.86 21.82 1.7158
0 7.79 23.81 1.1919
0.6 8.33 25.14 0.7526
13.45 8.59 23.34 2.7998
13.5 3.9 14.76 2.707
5.35 2.55 11.56 1.5546
15.6 4.68 12.26 3.4295
6.775 5.96 11.7 2.0658
0.45 4.08 15.95 2.8332
0 5.25 22.27 1.6001
0 9.2 23.8 2.1669
0 7.46 23.05 3.1976
0 5.96 21.28 4.4493
0.525 6.02 20.49 2.3841
3.75 7.21 20.2 2.7523
1 4.54 18.71 2.0597
0.8 5.27 19.11 3.1034
1.55 5.69 18.68 3.9574
1.025 5.06 16.23 4.5543
0.025 5.29 17.7 2.7527
1.2 5.76 19.29 2.5461
0.625 7.58 18.86 2.6165
0.55 4.49 15.45 1.577
0.8 4.74 17.39 0.8134
6.775 6.74 17.65 3.3764
12.25 11.2 16.77 1.0115
5.275 8.7 19.34 3.4307
0.1 7.05 18.5 2.0722
0 8.26 22.35 2.8874
0 10.09 25.55 1.6176
0 11.32 27.06 2.6783
0 10.45 25.95 3.1429
0 9.44 24.24 2.7709
0 10.72 26.77 2.6979
0 13.18 30.15 2.1656
0 14.53 31.85 2.1372
0 13.07 30.73 2.465
0 12.27 27.98 1.5477
0 12.9 28.55 2.8376
0 12.64 29.41 2.3258
0 14.17 30.14 0.674
0 15.95 33.79 0.7599
0 17.82 35.77 2.5244
0 14.81 34.35 2.5467
0 12.34 31.06 2.4549
0 11.72 29.88 2.5973
0 12.12 29.62 2.4482
1.075 13.48 30.87 2.4545
9.825 13.25 29.09 2.4489
5.075 10.65 23.81 2.442
0.075 9.52 22.96 2.3681
0 11.8 28.23 1.4347
0 14.93 32.81 1.1528
0 16.69 35.36 1.0558
0 16.94 36.16 1.581
0 17.85 35.9 1.6491
0 18.73 35.5 2.4904
0 18.23 35.17 2.779
0 16.91 34.24 1.9738
0 15.99 33.68 2.4219
0 13.56 32.49 2.2569
0 12.56 30.93 2.4672
0 12.07 28.28 2.6367
0 12.25 27.2 3.1627
0 11.48 25.4 2.7579
0 11.63 25.39 3.3694
0 11.09 25.53 3.2141
0 11.04 26.25 2.0772
0 11.63 28.02 1.2524
0 13.08 29.03 1.9827
0 14.2 30.96 1.5922
0 14.54 32.18 2.3231
0 14.45 32.98 2.7788
0 14.31 32.75 1.9295
0 14.16 32.5 2.0045
0 13.25 32.87 2.1588
0 12.49 32.28 1.9181
0 12.66 32.75 1.6763
0 13.46 33.57 1.5714
0 14.76 34.27 2.3893
0 14.39 33.87 3.1663
0 15.95 33.44 2.1347
0 16.26 32.02 1.5448
0 15.88 33.54 1.8352
0 15.42 33.91 2.1106
0 13.86 32.68 3.1247
0 13.35 30.24 2.4299
0 14.43 31.04 3.127
0 15.2 30.04 2.5854
0 12.59 31.66 1.9445
0 13.78 31.94 2.0617
0 14.09 32.47 2.1935
0 14.2 32.61 2.6699
0 12.92 31.87 1.8713
0 15.2 32.36 1.4693
0 15.86 33.78 2.1521
0 13.99 33.1 1.4952
0 13.46 32.9 1.262
0 13.45 33.11 1.889
0 13.52 33.48 1.7857
0 13.69 32.35 2.6856
0 12.5 30.37 2.1187
0 12.07 29.94 1.6828
0 12.66 30.12 1.3136
0 14.48 32.1 0.9744
0 15.89 33.72 1.9695
0 15.76 33.51 1.2298
0 16.52 34.33 0.8308
0 17.04 35.11 1.0513
0 17 35.5 1.4271
0 15.36 34.94 1.8294
0 14.34 33.46 1.8255
0 13.12 31.89 1.7525
0 13.49 31.71 0.7463
0 14.94 32.22 0.7904
0 15.38 33.43 0.7377
0 15.68 33.07 0.9359
0 16.57 32.47 1.8948
0 13.34 34.01 0.7107
0 15.28 34.47 0.9939
1.075 15.07 34.43 1.0352
0.6 14.49 34.22 1.6278
0.1 15.44 34.61 0.8207
0.45 15.11 30.89 1.7697
0.125 13.5 27.01 1.6991
0.175 13.13 29.83 0.8469
0.1 14.12 30.67 1.5383
0 14.26 29.73 2.4626
0 12.15 28.47 1.6882
0 10.97 26.55 1.7748
0 11.85 27.86 0.7561
0 12.88 31.41 0.4166
0 14.34 34.11 1.049
0 15.24 34 0.7771
0 15.95 34.44 0.6249
0 15.4 35.92 0.6947
0 14.59 34.19 1.542
0 13.41 29.91 2.2462
0 9.98 23.42 1.9423
0 10.74 27.59 0.8451
0 13.24 31.34 0.6048
0 13.3 32.91 0.9266
0 14.25 31.33 1.2681
0 12.24 28.07 2.3818
0 11.38 24.94 1.8457
0.675 9.77 24 1.98
16.325 8.35 21.12 2.1737
17.9 7.89 18.2 3.6984
5.675 6.87 13.48 0.7689
1.15 3.71 13.73 0.9107
0 4.96 18 1.2323
1.225 6.2 21.3 1.2291
4.025 9.5 21.71 1.6054
1.875 12.16 19.44 1.765
0 9.17 23.75 1.0336
0 9.66 26.9 0.7495
0 12.73 28.58 0.5418
0 11.81 28.33 0.987
0 12.33 27.47 1.1777
0 12.07 26.04 1.6099
0 12.09 27.55 1.4125
0 11.5 26.94 1.0856
0 11.32 24.15 0.7508
0 9.44 24.74 0.8538
0 10.57 25.25 2.3588
0 10.79 26.48 1.6237
0 10.26 27.26 1.6586
0 9.07 24.47 1.412
0 5.28 20.32 2.883
0 5.39 19.82 3.0914
0 6.82 20.79 1.7943
0 6.96 21.98 1.0851
0 7.78 23.11 2.0794
0 8.17 24.53 0.5539
0 6.42 23.58 3.7243
0.225 5.9 21.79 4.061
2.875 4.95 21.37 3.347
2.725 2.6 17.72 1.7256
5.45 -0.64 11.06 0.667
2.475 0 10.39 1.4454
0.075 -0.69 10.56 0.8609
0 0.31 11.44 2.0183
0 1.98 15 3.0011
0.375 1.84 17.31 3.0863
2.425 3.96 19.38 3.6118
1.1 7.79 17.24 0.6953
0 6.36 16.8 0.3104
0 7.69 16.79 0.8302
0 4.99 16.24 0.6579
0 4.64 17.87 0.9017
0.175 4.75 17.79 1.1448
1.4 4.33 16.75 3.2841
3.45 1.59 10.58 2.1822
1.55 2.45 10.69 4.0183
0.15 0.73 12.01 1.9385
0 1.52 12.8 2.8576
0.025 1.67 13.56 4.1067
0.5 2.63 14.69 2.1495
0.125 3.62 12.79 0.7075
0 3.38 15.76 2.7216
0 3.96 17.91 2.2596
0.075 4.13 20.67 0.969
0.075 4.03 16.46 1.5872
0 2.22 18.67 3.971
0 0.67 16.63 7.6912
0 0.73 15.03 3.4725
0 -0.6 14.21 4.0476
0 -1.39 13.5 2.7027
0 -1.84 12.4 3.4476
0 -1.72 13.01 2.976
0 -1.98 13.21 3.2134
0 -0.05 14.24 3.2001
0 0.11 14.25 4.1959
0 0.23 16.11 3.0146
0 -0.88 14.57 0.6635
0 -0.3 11.73 1.5008
0 -0.56 12.86 1.4247
0.25 -1.07 11.99 0.9018
1.025 -1.07 11.36 0.72
0.425 -1.25 10.16 5.0542
0 0.03 13.87 4.4532
0 -0.14 15.31 2.5841
0 -0.16 13.43 4.3783
0 -0.56 12.83 4.1457
0 -2.09 11.91 3.3895
0 -3.52 12.42 4.4907
0 -1.7 13.39 3.918
0 -1.25 12.57 4.8865
0 -0.79 15.9 3.3789
0 -0.18 16.52 1.2446
0 -0.06 15.03 1.0625
0 1.28 15.98 1.0544
0 4.06 16.21 0.844
0 3.92 16.22 1.4067
0 1.04 14.01 2.3639
