1.05 -1.39 9.19 1.5227
8.375 -2.44 7.61 1.3743
4.475 -4.84 6.24 1.7121
0.85 -7.42 3.46 4.0293
3 -6.7 3.34 1.8686
1.45 -1.71 0.75 0.4134
0 -1.79 6.12 1.4931
0 0.49 9.25 0.7447
0 -1.76 10.7 4.297
0 -1.8 10.79 3.395
0 -0.81 13.08 2.4837
0 1.86 14.11 5.4506
0 2.3 15 3.9659
0 -1.96 15.87 3.6783
0 -1.15 16.79 3.8975
0 -1.03 16.95 4.9076
0 0.03 15.42 4.2683
0 0.19 14.9 4.8054
0 0.33 14.83 4.9334
0.075 0.36 14.05 3.4765
12.825 1.21 14.79 2.7086
27.05 4.61 13.29 2.1068
53.325 5.12 7.99 1.6405
47.675 2.99 8.03 2.4394
13.35 -1.3 5.54 3.4403
3 -6.77 -0.25 0.8606
0.575 -7.57 2.32 1.3034
0 -6.23 4.71 1.4376
0 -2.48 8.57 4.2064
0 -1.9 13.23 4.4874
0 0.03 14.68 3.0805
0 -0.34 14 3.1641
0 -1.25 11.08 3.9619
0 -1.86 15.32 3.7945
0 1.5 16.73 2.9948
5 2.2 15.56 2.5417
8.7 0.32 6.86 2.9181
3.25 -1.28 5.84 2.8248
18.8 -1.52 7.94 1.2648
11.35 -4.88 5.36 3.5043
3.925 -10.1 1.09 0.4348
10.475 -8.68 2.35 2.6909
6.8 -4.43 3.09 1.3967
18.175 -5.12 3.34 3.1476
10.825 -4.13 0.62 3.6411
3.325 -2.15 3.61 5.9928
24.975 -1.54 2.89 5.4724
21.025 -1.83 2.27 4.4112
3.825 -4.12 0.66 1.3981
0 -4.9 5.68 3.4833
0 -3.57 10.24 2.6483
7.05 -3.03 11.25 3.7683
27.85 -3.8 9.94 3.7491
20.225 2.15 5.07 2.7211
4.65 -0.3 5.92 1.6
1.875 0.47 12.17 1.5354
0.825 -0.23 6.69 2.6299
0.05 -2.71 9.64 0.4089
0.025 -1.33 11.43 3.6742
17.05 1.81 12.71 2.8451
36.425 3 8.71 4.133
53.125 1.48 8.55 4.9298
22.475 -1.95 4.24 2.84
1.85 -6.04 3.94 0.9006
0.875 -4.4 5.15 1.8699
0 -6.21 4.09 0.3668
0 -7.01 8.52 1.3635
0 -2.77 10.6 2.5999
0 -6.75 5.67 0.4786
0 -6.33 9.11 0.7032
0 -2.59 10.27 2.096
0 -2.52 12.8 2.3031
0 -1.73 14.24 1.3681
0 -1.19 10.97 2.4571
0 0.35 12.62 2.9047
0 0.94 15 1.0545
0 1.62 15.91 1.1181
0 2.93 17.97 1.0181
0.275 1.39 18.46 0.7328
22.975 2.48 17.8 1.8266
16.525 -2.64 10.23 4.0697
1.725 -7.8 2.37 2.1931
0 -6.19 6.39 1.9525
0 -3.19 12.69 0.5877
0 -1.62 14.37 1.8789
0 1.36 17.23 2.0587
0 1.51 16.69 1.3926
0 1.53 18.09 3.4108
0 -1.67 12.7 2.0304
0 -1.51 12.97 0.346
0 0.41 14.85 2.6811
0 1.36 17.8 2.5581
0 -0.96 14.16 5.1999
0 -4.18 9.12 1.9775
0 -3.16 13.07 2.7412
0 -0.36 17.23 2.1617
15.15 1.57 19.73 1.1877
16.025 -0.6 15.44 3.0654
12.075 -0.82 5.84 1.7829
5.375 -0.4 6.52 2.2686
0.425 -1.66 7 3.6753
0 -0.45 11.2 1.5264
0 1.05 15.05 2.2436
0 1.89 15.26 4.8077
0 -5.77 8.62 5.9217
0 -4.18 6.24 3.0337
0 -1.65 13.9 1.5888
0 1.06 18.32 2.7743
0 3.76 21.29 2.7475
0 6.96 25.14 1.5132
0 8.7 26.9 1.1437
0 8.71 27.47 1.9706
0.15 6.48 26.22 2.6779
2 4.02 20.29 3.2582
1.15 -2.87 8.74 3.3932
0 -0.88 13.06 1.9308
0 0.73 15.44 2.3356
0 -1.09 14.27 3.162
0 -1.78 11.9 1.663
1.8 0.43 14.5 1.8928
71.675 4.16 17.76 1.8923
47.275 4.96 14.68 2.5159
11.225 4.93 9.92 3.7445
6.375 3.8 12.72 1.903
1.1 6.58 15.77 3.7462
0 4.86 18.66 2.1216
0 5.32 21.31 2.8775
0 6.26 21.36 1.742
0 5.83 22.3 1.3852
0 6.62 22.49 1.051
0 6.7 24.17 3.0017
0 5.1 22.86 3.3075
0 5.13 20.7 2.5878
0 5.75 21.55 3.1093
0 6.93 22.37 1.8792
0 9.27 24.88 1.5843
0 12.39 29.84 0.3615
1.075 13.05 31.9 2.3112
0.625 11.49 30.99 2.5997
0 8.2 25.25 1.5448
0 7.58 24.16 0.9602
0 8.49 25.31 2.4412
0 8.56 25.17 2.9911
0 7.15 24.17 2.7423
0 6.11 23.13 1.9651
0 8.16 23.9 1.4433
0 9.73 26.01 0.9119
0.3 11.17 28.03 1.9907
0.175 11.14 27.25 2.5348
7.45 12.25 26.75 3.1886
4.475 10.32 24.75 2.234
0 10.13 24.68 2.0845
0 9.31 22 2.2834
0.9 9.38 20.77 0.4409
8.95 6.73 20.17 2.1392
7.725 3.88 17.89 3.4599
5.3 2.84 11.25 2.2668
2.2 4.21 13.35 2.6809
0 5.76 18.98 2.5704
0 7.11 20.92 3.4048
0 6.69 19.99 3.065
0 5.3 18.71 3.3346
1.325 6.19 20.2 2.3672
1.375 7.84 17.92 3.5542
0.35 5.49 18.73 2.4267
0 5.95 19.53 2.4576
0 6.8 19.76 2.4991
0 8.83 21.2 3.0598
0 9.26 23.92 1.8702
0 10.78 27.86 2.7104
0 7.56 27 3.1884
0 5.47 22.08 3.2436
0 6.37 20.44 1.3656
0 8.48 23.97 0.7136
0 10.59 27.71 1.542
0 11.7 30.07 2.7377
0 10.65 28.12 1.7216
0 12.14 28.47 0.9114
0 12.9 32.99 0.6632
0.25 14.76 34.22 2.9288
0.15 14.24 33.96 2.8697
0 13.47 29.91 2.2684
0 14.06 31.45 1.7805
0 12.52 30.23 2.8594
0 11.82 30.27 2.5494
0 11.2 28.86 2.7896
0 10.3 27.93 2.5561
0 8.7 26.68 2.7667
0 8.1 25.97 2.5973
0 8.67 25.73 2.5892
0 8.89 26.02 1.9581
0 10.29 27.34 1.8516
0 12.12 28.22 2.294
0 11.81 28.37 1.5101
0 12.02 30.33 0.7767
0 12.72 30.99 1.5264
0 13.83 33.24 1.935
0 14.94 33.28 1.7682
0 16.03 34.25 2.0211
0 16.03 34.61 1.658
0 16.29 35.5 2.4436
0 14.55 34 2.5587
0 13.66 32.14 2.3563
0 15.31 32.5 2.0929
0 14.25 31.71 2.1532
0 13.24 31.13 2.2642
0 13.49 32.08 1.9734
0 14.83 33.35 1.7739
0 15.91 33.57 2.0906
0 15.51 32.67 2.854
0 15.89 31.75 2.5741
0 14.94 31.76 2.6657
0 14.6 30.96 2.5296
0 13.59 30.63 3.0672
0 11.23 28.33 2.6339
0 11.62 27.84 2.2158
0 12.23 28.52 2.4151
0 9.19 26.79 3.1162
0 5.86 19.03 1.9009
0 8.03 20.89 1.4132
0 10.4 25.86 0.4364
0 12.42 28.87 1.2016
0 13.56 31.14 3.0028
0 13.07 32.13 2.8308
0 12.27 30.79 3.0739
0 10.85 28.74 3.1218
0 8.28 26.91 1.4528
0 8.86 26.58 0.4565
0 10.94 28.41 0.7854
0 12.21 30.37 0.9122
0 13.65 32.4 1.3093
0 14.34 32.93 2.1886
0 14.8 32.35 2.2536
2.8 14.42 33.89 2.2718
3.05 11.89 29.44 3.0449
0.8 10.71 25.61 1.6301
0 10.49 26.68 1.5369
0 10.25 28.35 0.511
0 10.65 29.85 1.5351
0 12.13 29.83 1.3133
0 12.77 30.19 1.4115
0 12.7 32.06 2.7755
0 13.49 30.8 1.834
0 12.83 29.87 0.8953
0 13.06 30.64 0.3037
0 13.78 31.54 1.5452
0 13.19 31.43 2.2219
0 10.64 29.65 2.1119
0 9.19 26.95 2.0479
0 8.9 24.55 1.5735
0 9 24.95 0.4447
0 9.93 26.36 0.9563
0 11.71 28.87 0.3971
0 12.35 30.64 0.9861
0.225 13.99 32.81 1.6813
0.7 11.54 29.01 2.2672
0.675 8.69 22.86 2.7746
0.175 7.43 19.24 1.5375
0 8.35 24.62 1.4112
0 10.81 27.29 0.4586
0 11.47 28.44 1.0394
0 12.37 31.25 2.1421
0 10.74 29.35 0.9038
0 11.9 28.27 2.3326
0 12.03 31.04 2.3268
0 11.84 31.33 1.4311
0 11.15 30.64 0.7889
0 11.19 30.14 0.7987
0 12.6 31.85 1.1761
0 11.98 32.92 0.4515
0 12.17 32.94 2.0737
0 11.59 28.29 2.5219
0 1.07 15.53 2.3389
0 1.87 18.75 2.4395
0 4.32 21.4 0.7678
1.825 5.42 21.88 3.114
1.45 0.15 17.41 3.4256
0.2 -1.95 7.9 0.309
0 -1.66 14.08 2.9068
0 1.16 17.14 1.4815
0 2.52 18.05 1.3209
0 3.5 20.12 0.7165
0 4.51 20.67 0.5836
0 2.48 20.8 1.9004
10.575 4.54 19.4 1.9925
74.075 3.79 13.41 6.7236
41.425 6.14 11.97 4.417
0.975 7.7 14.73 0.9211
0 7.38 20.83 2.1515
0 6.38 21.79 1.0384
0 9.71 25.23 1.7572
1.925 7.09 19.94 2.2347
1.15 0.76 12.82 1.8338
0 1.19 14.08 1.0423
0 3.17 17.66 0.6127
0 3.93 18.86 1.0822
0 6.02 20.47 1.1812
0 5.38 18.47 1.7441
0 5.05 19.42 1.1141
0 4.37 20.22 4.449
0 -0.15 11.71 4.9082
0 -2.31 9.39 0.7637
0 -2.01 11.05 0.0859
0 1.24 16.98 0.8324
0 3.64 19.1 0.8416
0 5.78 20.3 1.2617
0 5.67 22.03 1.1554
0 5.51 22.55 1.7753
0 4.01 20.86 2.3627
0 1.43 15.39 0.6987
0 1.52 14.88 1.575
0 -0.31 12.39 1.8632
0 0.16 13.44 1.1542
0 1.68 13.96 0.6988
5.275 3.52 14.35 0.357
5.175 1.4 13.4 1.9509
1.175 -2.74 5.92 1.2418
0 -2.58 7.92 1.0694
0 -2.15 9.09 2.8539
0 -1.13 11.74 2.1002
0.5 0.47 14.5 1.5593
0.25 0.39 14.87 1.7269
0.475 -1.56 10.39 2.3531
7.475 -1.44 13.13 3.7978
3.975 -1.52 10.86 1.0835
0 -1.13 7.47 0.5413
0 -1.66 10.03 2.2477
0 -0.26 11.04 3.6943
0 0.76 12.92 4.0269
0.65 0.67 14.45 2.6022
2 1.27 15.09 1.0655
0.9 -1.65 9.14 5.1641
0 -0.69 8.27 4.9889
0 -0.58 9.73 3.9466
0 -0.45 12.92 1.7382
0 -1.56 12.22 2.2664
0 -3.04 13.98 2.1544
0 -2.09 10.42 2.0972
0.05 -2.44 11.3 0.9594
17.425 -4.83 6.58 2.2904
18.775 -5.01 1.97 0.8211
4.85 -11.93 -1.49 0.7637
0 -10.95 -1.45 1.934
9.025 -8.85 1.66 3.1706
41.125 -2.62 4.77 2.8207
70.75 1.14 5.49 3.7434
37.325 -0.6 5.35 4.2495
4.45 -1.6 2.08 0.804
0 -2.78 4.03 3.1831
0 -0.51 7.27 2.5958
0 0.2 8.39 2.2329
0 0.05 10.16 2.7722
0 0.14 8.71 4.117
1.05 0.29 9.74 2.8706
16.275 0.71 11.27 1.848
11.275 -2.8 7.24 3.6351
0.1 -6.75 3 2.4791
0 -3.23 7.19 3.9751
0 -2.98 8.1 3.9558
7.675 -2.72 8.79 4.1008
5.025 -2.13 6.63 2.0585
2.95 -2.71 4.59 3.1254
10.25 -2.72 5.2 0.8293
5.175 -0.73 4.7 1.5167
0.025 -1.87 4.08 2.6335
0 -1.47 7.3 2.1896
0 -0.84 7.61 1.1662
0 -1.13 9.6 3.9345
0 -2.49 11.88 2.8823
0 -0.61 11.98 2.6449
0 -0.59 10.35 3.0577
0 0.35 11.23 2.7305
0.45 1.43 11.95 3.0441
1.45 1.88 11.87 2.352
0.7 1.96 8.91 2.463
1.55 1.96 9.57 3.1795
22.625 1.97 13.24 4.5303
12.975 0.57 8.22 2.0596
0.15 -3.66 6.51 1.4174
0 -1.49 8.94 3.352
1.075 -0.72 11.59 2.1877
14.825 -0.55 11.01 2.6967
35.4 0.15 7.28 4.8256
32.6 0.27 4.14 5.6582
37.975 -1.73 2.19 6.5869
35.325 -3.37 1.73 3.9827
20.25 -3.73 0.95 3.8092
5.5 -4.8 -0.08 1.0316
1.3 -6.18 3.4 2.3665
2.425 -4.36 3.07 4.0926
0.95 -0.35 4.55 2.9376
0 -2.2 7.04 1.3703
0 -3.76 8.75 2.8565
1.825 -1.87 7.95 3.2143
1.4 -1.29 9.19 1.4114
0.15 -4.84 7.3 1.1176
0 -6.54 7.68 1.7587
0 -2.12 8.6 2.0411
0 -1.22 8.93 0.6543
8 -1.03 9.58 2.9035
12.55 0.4 7.75 3.3507
12.9 0.96 5.74 1.6853
4.65 -0.99 3.25 2.4206
1.325 -2.28 3.39 1.4301
1.9 -1.44 4.45 2.1272
0.625 -4.09 3.69 0.5374
0 -3.56 5.99 1.1977
0 -0.99 7.69 1.3124
0 -1.21 11.03 1.3908
0 -0.02 12.86 1.5303
0 -0.46 14.17 1.0032
0 0.92 13.57 1.7135
0 1.34 14.24 2.4637
0 0.44 15.99 0.9983
1.15 -0.49 14.06 1.1777
4.475 1 9.16 2.1819
12.925 -0.49 5.99 2.869
6.325 -5.94 2.44 2.3037
27.875 -5.02 8.2 3.823
21.45 -1.02 5.85 2.7568
2.95 -3.28 5.92 0.8052
25.85 -1.62 10.51 4.6123
16.45 0.48 9.25 1.2899
0.85 -1.74 4.34 0.4459
0.7 -1.01 10.79 2.3487
11.45 1.27 12.6 2.6795
22 0.02 4.85 3.3177
8.975 -3.59 3.31 2.8998
0.1 -5.27 3 1.3379
0.025 -2.57 7.44 2.5375
0.35 -2.92 10.04 0.8951
3.6 0.38 9.91 2.5133
5.075 -7.91 3.18 3.7026
1.75 -5.47 5.04 2.0514
0 -5.38 3.67 0.4601
25.05 -3.07 9.77 2.2404
14.625 -4.05 8.96 2.3942
0 -4.3 7.77 2.6744
0 -3.12 11.76 3.8148
0 -0.19 17.19 1.3701
0 1.9 18.06 0.7965
0 2.06 18.25 2.9218
0 -3.57 17.14 2.2089
0 1.64 19.56 1.9772
0 1.46 18.05 0.4756
0 0.66 16.03 1.4367
0 -0.26 15.38 2.0924
1.1 -0.07 16.36 2.0746
3.85 0.04 16.43 2.3745
1.875 -3.68 9.02 2.2406
0 -1.72 12.31 2.788
0 -0.86 15.67 1.2269
5.625 1.01 16.82 2.6506
20.125 1.27 16.5 5.4328
10.5 -2.78 5.17 2.8979
1.5 -5.74 5.21 0.7502
10.25 -4.09 6.71 2.2668
5.65 -2.5 5.05 1.8817
30.175 -2.92 5.66 2.7804
17.625 -3.51 4.4 3.1134
0 -4.93 4.57 0.6621
0 -2.89 10.11 2.2688
0 -0.62 15.05 0.456
0 0.75 16.5 1.5101
0.9 1.59 16.31 1.9524
22 0.31 10.11 4.0747
20.975 -1.06 5.41 4.5367
4.625 -2.68 3.54 1.0866
0 -1.67 9.74 0.6533
0 -0.68 11.11 0.811
0 0.62 15.85 2.2569
0 0.45 15.43 1.3498
0 0.94 17.7 1.1775
5.15 2.8 19.7 1.5942
22.875 3.93 17.11 2.6317
14.5 -2.41 6.5 3.0959
1.8 -0.99 2.18 1.8086
0.05 0.04 5.28 1.2299
0 1.32 16.11 0.8095
0 3.96 18.34 1.2744
0 4.75 21.55 0.7671
12.6 5.32 21.43 4.2693
14 -0.66 10.21 4.926
4.075 -3.96 4.3 3.7271
0.075 -3.89 6.51 3.2874
0 -0.88 12.49 1.8556
0 0.58 16.06 1.8419
0 2.44 20.01 1.005
0 4.24 21.36 2.0602
0 3.51 20.06 3.5951
0 0.77 15.61 2.2472
0 -0.49 16 0.7737
0.1 1.87 18.29 2.7663
3.9 1.97 16.99 3.6505
22.8 0.04 8.05 3.2565
11.95 -4.74 6.36 3.9546
0.025 -2.83 9.67 2.0888
0.175 1.77 16.09 1.084
0.1 3.28 19.15 0.6961
0 4.17 20.57 0.5803
1.625 7.03 22.43 1.2874
7.5 8.26 21.84 2.025
3.9 3.67 13.14 1.8768
0.45 4.92 15.41 1.6033
0.25 6.47 17.9 3.3712
0.625 1.74 18.26 4.2887
0.5 -2.18 11.44 3.599
0.275 -1.72 7.69 4.1086
1.95 0.32 11.73 2.3048
10.35 -0.03 11.27 1.5583
17.1 2.84 13.61 3.0069
19.6 1.8 10.42 2.3814
7.225 -0.97 9.33 3.4168
0 -0.05 11.57 1.7237
0 3.13 19.18 0.6278
0 7.15 22.75 2.5169
0 9.45 21.81 2.9789
0 7.12 20.44 2.4634
0 8.29 22 2.5795
0 9.77 23.04 2.6704
0 10.3 23.42 1.9571
0 11.44 27.42 2.8791
0 10.16 27.69 3.083
0 9.56 25.28 2.4956
0 8.67 25.03 3.7852
0 4.08 21.22 4.5932
0 4.63 17.5 5.0996
0 8.49 20.35 3.844
0 8.46 24.07 1.0115
0 9.39 25.47 1.7707
0 9.71 27.43 2.8782
0 6.03 25.3 3.1138
0 5.1 20.86 1.1688
0 5.95 23.91 2.3586
0 5.78 22.5 3.218
0 4.74 19.95 2.5935
0 6.11 22.11 1.6989
0 7.26 22.54 0.983
0 9.4 26.03 1.8241
0.525 10.19 27.17 2.1927
0.275 11.5 24.26 2.7404
0 9.94 24.32 2.4527
0 12.07 27.17 0.9891
0 14.08 30.98 1.5832
0 13.76 33.24 3.1452
0 11.31 29.47 2.9538
0 8.86 27.38 2.6918
0 8.66 26.29 2.8272
0 10.09 25.28 2.1609
0 9.18 25.53 1.047
0 10.67 28.04 1.8864
0 11.57 30.07 2.4099
0 11.96 28.12 2.3662
0 12.01 28.28 2.3328
0 13.43 29.49 2.1586
0 13.1 30.07 1.8432
0 13.79 31.49 2.347
0 14.71 30.82 3.2288
0 14.49 29.64 3.299
0 12.91 27.77 1.7404
0 13.56 29.44 1.3457
0 15.78 32.32 2.6596
0 15.69 33.54 2.7676
0 14.97 33.34 2.5887
0 13.34 33.74 2.0129
0 13.4 32.18 2.0046
0 12.97 30.36 2.5353
0 12.2 29.17 1.0078
0 12.81 29.46 2.2724
0 13.49 30.57 2.1097
0 14.8 32.17 2.6129
0 14.68 31.32 2.7979
0 13.38 28.65 1.99
0 11.13 27.47 2.4357
0 11.91 28.82 2.1375
0 11.35 29.17 2.4146
0 11.54 28.9 2.3849
0 10.72 28.45 2.042
0 10.95 28.51 2.4269
0 10.28 29.2 1.5428
0 10.94 29.53 1.9717
0 11.3 29.33 2.0477
0 10.59 28.45 2.1364
0 10.85 28.32 2.5464
0.225 11.2 27.63 2.9307
0.125 10.54 25.86 2.089
0 10.16 26.29 1.9879
0 10.14 26.54 2.3109
0 9.2 24.32 1.0495
0 10.08 26.3 1.3878
0 11.5 27.63 2.3328
0 11.54 27.89 2.8371
0 11.41 28.45 1.1422
0 12.05 30.57 1.6093
0 12.18 30.98 1.7341
0 10.12 29.46 1.9338
0 10.84 29.4 2.2569
0 11.34 30.26 1.9419
0 9 26.59 1.7122
0 9.37 25.61 2.511
0 10.22 30.54 2.0899
0 14.95 34.56 0.606
0 16.34 36.1 2.3386
0 12.95 32.57 2.4141
0 8.57 28.68 2.8826
0 6.36 16.84 2.2311
0 5.53 17.92 2.4509
0 6.21 20.48 1.3234
0 8.32 24.12 0.7689
0 11.17 28.58 0.471
0 11.95 31.33 1.2492
0 11.89 31.64 1.2596
0 12.21 31.13 1.967
0 10.35 28.62 1.3527
0 10.4 28.65 2.4015
0.05 8.33 27.12 2.8909
0.025 3.83 12.62 1.991
0 3.69 18.92 0.7005
0 5.37 22.81 0.6784
0 8.65 26.46 1.0625
0 9.04 27.01 1.7287
0 8.07 24.69 1.4523
0 8.03 24.79 0.953
0 8.28 25.19 1.6327
0 8.46 25.87 1.5922
0 8.66 24.94 1.5276
0 8.39 24.57 1.4369
0 6.43 21.29 1.1949
0 6.3 23 1.039
0 6.15 20.98 2.7221
0 5.34 18.36 1.0308
0 5.77 22.94 0.5604
0 9.49 26.81 0.9289
0 13.24 31.19 0.4636
0 11.44 31.17 1.1727
0 13.4 32.37 0.5696
0 13.74 33.58 0.5502
0 13.17 32.73 0.3127
0.025 12.96 29.69 0.4675
7.075 12.66 27.06 1.302
29.8 11.17 27.06 1.6745
19.65 8.34 17.93 1.4546
1.375 6.94 11.82 1.1386
1.95 3.79 12.63 0.7635
3.175 3.72 14.34 2.1667
0.35 2.9 13.15 0.7672
0 4.78 17.88 1.8677
0 6.75 19.61 1.6563
0 8.18 22.74 1.5525
0 9.33 23.8 2.3469
0 9.64 26.03 1.5851
0 9.76 25.75 0.7053
0 9.24 25.68 0.6293
0 9.14 25.56 1.1793
3.75 9.67 21.27 0.9335
2.125 5.04 16.68 1.1221
0 5.76 15.66 1.7071
0 5.62 21.59 0.9683
0 6.83 19.64 1.9153
4.875 4.73 16.91 1.6327
30.075 5.93 15.95 1.6794
76.825 6.76 9.82 4.8883
39.825 1.98 10.19 3.5749
0.175 0.74 11.46 1.5531
0 -1.46 12.3 2.988
0 -1.99 12.45 3.3958
4.125 4.47 16.8 2.1086
3.95 3.59 17.2 1.8705
0.9 1.5 8.05 0.8793
0 2.23 14.69 1.8386
0 3.11 16.87 3.1201
0 5.79 20.04 2.9017
0 7.77 22.35 1.9175
0 7.71 22.51 1.1584
0.65 6.44 21.07 2.1886
23.525 4.68 17.41 3.2192
14.55 -0.87 7.37 2.5955
3.175 -2.86 7.01 0.6953
2.175 -1.07 8.56 1.6236
0.05 -2.46 6.76 2.4391
0 0.11 10.68 1.4817
0 -0.83 12.16 3.0795
0 2.2 13.76 1.6097
0 3.41 16.04 2.5884
0 2.77 16.45 1.1288
0 2.12 15.19 2.1393
0 1.27 15.91 2.0573
23.85 1.71 14.88 2.666
36.05 -2.47 7.26 3.2272
30.2 -3.83 1.69 5.1397
18.525 -3.37 1.54 3.2301
19.85 -2.4 2.58 4.215
8.45 -7.73 0.03 1.1944
0 -8.36 1.72 3.3826
3.125 -7.93 1.27 3.348
15.975 -4.38 5.95 2.8151
11.5 -7.6 1.5 2.5236
0 -9.75 0.99 2.4046
0 -6.77 2.2 3.0601
0 -2.97 5.89 2.2766
0.025 -0.82 10.05 2.5939
0.125 1.53 7.08 1.5335
2.55 1.82 9.14 2.1084
25.775 1.66 7.04 2.2793
12.575 1.15 10.56 3.358
0 -0.74 8.02 2.283
8.6 0.72 11.05 2.0331
10.125 2.06 8.9 1.0891
2.375 2.95 7.99 1.4544
0.15 1.27 10.05 0.4396
0 1.09 11.91 2.2775
0 1.58 11.11 1.3717
29.875 1.47 10.55 1.914
18.75 -1.21 6.41 1.5327
5.6 -3.74 4.88 2.5819
74.65 -4.02 4.76 3.4902
106.75 0.39 5.11 5.1694
88.35 1.68 6.62 5.9341
33.5 -1.2 8.56 2.4369
12.075 -1.63 0.08 2.5208
7.45 -1.2 3.53 2.283
3.675 -0.92 3.88 0.4803
0 -1.97 6.06 2.9717
23.95 -1.77 8.74 5.3446
14.35 -2.51 8 2.1011
0 -3.25 2.92 0.9526
73.025 -2.82 5.16 2.3558
49.05 -0.73 4.31 4.4756
3.475 -9.85 2.3 2.391
4.4 -10.59 -1.01 1.5232
26.525 -9.97 0.06 4.1834
22.9 -4.78 1.63 4.747
7.15 -3.49 1.63 2.5362
0 -5.72 2.44 3.2024
0 -5.14 4.47 3.8434
0 -3.03 6.27 5.2326
0 -2.79 7.07 3.7272
0 -3.73 7.12 1.9363
0 -3.79 5.42 1.226
0 -6.36 2.78 3.2183
5.225 -5.32 4.58 3.3451
3.85 -0.75 6.72 2.0215
1.05 -0.63 9.21 1.674
0.6 -0.4 6.89 1.2917
0 -0.51 11.88 2.6063
0 1.03 11.4 0.8078
0 1.72 11.74 0.6692
0 1.6 12.15 2.3707
0 -0.58 11.49 1.378
0 -0.92 11.5 4.2225
0 -0.79 12.48 3.7678
0 -0.3 13.07 2.9001
0 -0.15 14.44 3.9592
0 -0.15 13.67 2.0073
0 0.42 13.33 2.228
0 0.36 13.74 4.9721
0 0.35 14.84 3.4084
0 0.23 14.84 1.8304
10.025 -0.98 13.79 0.5837
10.85 -1.83 10.93 1.8052
2.875 -3.32 3.53 1.4444
0 -3.6 6.15 1.8866
0 -3.8 8.18 3.0029
0 -4 8.98 2.0738
0 -3.11 9.55 2.7006
0 0.81 13.84 1.6736
0 -1.21 13.89 1.9331
0 1.51 16.14 0.587
0 -2.12 14.94 2.2561
0 -4.64 8.93 3.5827
0 -4.96 8.61 3.7434
0 -4.09 10.08 3.8386
0 -1.86 13.56 2.7447
0 -1.44 15.93 1.2342
0.275 -1.37 15.81 3.6512
17.475 0.11 9.23 4.498
20.7 -1.24 9.61 5.9273
32.8 -3.99 0.46 4.6802
49.625 -3.89 -0.2 2.8751
20.675 -4.02 2.72 3.5674
1.2 -7.97 1.91 0.7383
0 -7.73 3.31 1.2093
0 -8.04 3.14 0.4278
0 -6.81 6.68 0.5254
11.05 -4.78 6.06 2.3953
20.475 -3.14 3.5 5.5164
8.825 -8.86 0.32 0.8765
12.25 -9.87 -1.01 0.472
0.55 -9.37 4.29 2.2332
8.075 -7.36 7.8 1.7539
18.475 -3.15 9.53 3.7043
9 0.66 7.83 1.4651
0.45 -3.51 7.75 1.4655
7.475 -2.18 11.09 0.5501
31.475 -0.71 12.5 1.7062
18.6 0.23 5.04 4.2509
0.325 -3 5.23 0.6103
0 -1 11.2 1.5048
0 0.69 14.36 1.0158
0.075 -0.03 13.15 1.1382
0.025 -0.36 10.48 0.5546
5.55 -0.07 11.93 1.1164
4.1 1.63 9.86 1.1882
31.05 2.22 12.85 1.3614
23.425 3.12 14.05 2.576
1.9 -3.57 6.38 0.9995
25.15 -3.91 9.07 3.5351
43.3 -3.51 5.11 4.8263
59.9 -2.56 1.93 5.6834
33.975 -3.41 0.86 2.4598
9.9 -3.84 3.21 1.2248
17.85 -2.39 6.76 4.9381
37.7 -2.09 2.55 5.5244
24.125 -5.17 0.46 4.0098
18.75 -4.28 4.08 3.0773
9.725 -0.97 2.01 1.5431
0.875 -0.81 6.17 0.6384
0 -1.19 10.76 1.2389
0 0.39 12.57 1.9487
0 2.84 15.59 2.3741
0 3.6 21.35 1.8132
0 4.03 22.58 0.9111
0 0.48 16.07 1.5499
0 0.34 15.04 1.9058
0 0.95 18.78 1.3079
2.225 1.3 18.14 1.5438
10.625 -1.63 16.5 3.4702
6.575 -6.85 2.29 1.5079
0.75 -6.91 2.13 1.3249
0 -6.19 7.5 0.4671
0 -3.56 11.88 1.5581
0 -1.14 13 1.3787
1.075 -0.83 13.72 2.7086
0.675 -3.87 5.56 0.5559
0 -3.82 12.74 0.7556
0 1.02 16.86 1.3551
0 2.4 19.65 2.1751
0.15 4.72 19.52 2.687
0.15 5.36 16.76 1.558
0.6 3.16 15.63 1.9593
6.425 4.2 12.34 2.104
1.975 0.18 12.97 0.882
1.425 0.39 12.45 1.0815
1.4 2.37 10.85 2.2211
0.85 1.3 10.5 2.3136
0.125 -1.57 12.71 2.5025
0 0.16 14.87 0.8546
0 1.44 17.4 2.2943
0 -0.48 16.09 4.447
0 -1.73 14.24 3.4797
0 -0.37 15.89 1.872
0 1.83 18.81 0.4997
0 3.43 20.51 0.867
0 5.71 21.72 3.0074
0 7.83 24.63 0.8067
0 7.24 25.74 1.4446
0 6.28 24.08 1.9805
0.05 4.52 19.53 2.8729
2.525 0.08 10.07 3.0818
1.4 -1.21 8.1 2.5528
0 1.86 16.08 1.736
0 4.5 19.49 1.1314
0 4.99 21.61 0.609
21.375 5.84 22.84 2.8924
23.8 -1.8 12.71 2.7806
12.65 -2.54 5.11 1.2329
42.9 -1.28 7.87 3.4963
23.075 -0.21 4.29 2.2163
1.175 -0.95 9.06 3.1036
0.025 -0.46 15.56 1.6598
0 3.62 19.46 2.0511
0 3.75 19.33 3.0276
0 2.52 17.95 4.4209
0 1.85 15.25 2.4017
1.475 3.52 17.89 2.7886
0.85 1.3 15.1 2.3694
0 2.04 15.39 3.2624
5.25 1.78 15.38 4.1462
4.325 -0.26 11.97 4.695
0.725 -0.15 10.93 2.8508
1.775 2.62 14.63 2.6294
2.1 3.76 14.88 2.845
1 -0.61 9.98 1.654
0.225 0.59 12.99 0.6888
7.725 1.81 14.03 3.0624
19.65 6.62 9.08 1.1902
9.8 2.6 14.98 3.4882
0.375 2.35 10.84 1.9783
0 4.04 16.71 2.9774
0 6.32 20.73 1.5891
0 7.31 23.25 2.4531
0 7.18 23.12 3.0769
0 6.01 20.31 2.7037
0 6.63 21.77 2.7175
0 8.58 24.53 1.8637
0 10.21 27.49 1.906
0 10.11 26.37 2.4219
0 6.96 24 1.3376
0 9.14 24.33 2.8744
0 8.47 25.27 2.1276
0 9.56 25.41 0.4327
0 11.26 28.1 0.6056
0 13.25 31.35 2.5139
0 12.33 30.79 2.6959
0 10.44 28.46 2.5457
0 8.49 26.39 2.6429
0 8.68 25.21 2.3396
0.3 10.09 26.35 2.3035
32.975 10.26 26.71 2.4967
18.825 7.02 22.32 2.4178
1.275 4.78 15.49 2.2852
0 8.57 21.73 1.0773
0 9.97 27.25 0.8466
0 12.57 30.1 0.6856
0 13.28 30.58 1.545
0 13.61 30.39 1.7865
0 14.75 30.13 2.5306
0 14.96 30.39 2.865
0 13.43 28.76 2.1399
0 12.87 29.25 2.4743
0 10.91 28.67 2.1837
0 9.74 27.72 2.3904
0 9.54 25.08 2.5278
0 9.02 24.43 3.1669
0 8.73 21.78 2.7174
0 9.02 21.52 3.2923
0 7.58 21.54 3.2083
0 8.22 22.51 2.0351
0 8.57 24.17 1.2904
0 9.64 25.58 1.9165
0 9.83 26.15 1.3416
0 10.58 26.93 2.2852
0 11.03 28.24 2.7906
0 11.55 28.21 1.8876
0 12.59 28.66 1.9862
0 11.03 29.8 2.1638
0 10.46 28.62 1.8251
0 10.5 28.1 1.6809
0 11.77 27.77 1.5131
0 12.51 30.91 2.3507
0 13.71 31.02 3.1073
0 15.27 30.77 2.1529
0 14.05 27.97 1.5362
0 12.94 29.36 1.8769
0 12.46 30.41 2.0909
0 11.3 30.18 3.1033
0 10.06 26.29 2.3615
0 10.94 26.77 3.1054
0 11.77 27.06 2.4957
0 11.05 28.1 1.837
0 10.69 28.33 1.9512
0 10.36 28.47 2.193
0 11.28 28.47 2.6771
0 10.8 28.78 1.699
0 11.37 28.81 1.3704
0 12.71 30.24 2.0694
0 10.21 28.59 1.4733
0 9.88 27.86 1.1178
0 9.97 28.52 1.7207
0 10.83 29.16 1.5943
0 11.15 29.56 2.6162
0 10.33 27.34 2.0579
0 9.74 26.92 1.5499
0 9.34 26.39 1.1663
0 11.03 27.63 0.9157
0 11.49 29.75 2.0208
0 12.91 30.12 1.2432
0 13 29.78 0.8253
0 13.08 31.26 1.0412
0 13.78 31.39 1.4279
0 12.71 31.88 1.6847
0 11.16 30.67 1.8565
0 9.36 28.88 1.7509
0 10.36 27.36 0.7354
0 11.13 27.63 0.8381
0 11.76 29.53 0.8111
0 12.42 29.33 0.9134
0 13.6 30.5 1.8629
0 11.57 29.56 0.6169
0 12.23 29.82 0.9314
0 12.55 30.61 0.9104
0.15 12.86 29.43 1.6338
0.775 10.32 29.11 0.977
3.45 11.53 28.34 1.711
2.6 8.93 20.81 1.554
3.65 9.62 24.47 0.6738
1.65 9.35 25.66 1.3436
0 10.18 24.81 2.4903
0 9.57 24.75 1.7498
0 7.55 22.1 1.67
0 6.39 21.84 0.4707
0 8.98 26.5 0.2494
0 10.89 29.29 0.9406
0 11.64 29 0.5542
0.75 12.38 29.55 0.3695
0 12.34 30.86 0.5843
0 13 31.06 1.5985
1.325 10.45 27.16 2.2962
0 7.62 19.2 1.8628
0 8.66 23.25 0.4937
0 11.12 27.19 0.6006
0 10.95 27.27 1.0571
0 11.33 27.9 1.3877
0 9.08 25.8 2.3572
0 9.2 22.19 1.8947
0 7.97 21.78 2.0192
32 4.3 17.64 2.2773
27.05 3.38 13.6 3.7967
6.525 0.41 7.54 0.8549
1.625 -0.97 6.87 0.8726
0 -0.79 12 1.3443
0 1.59 15.99 1.1806
3.875 4.59 18.21 1.59
2.775 7.11 13.67 1.7189
0 6.62 19.33 0.9437
0 6.74 22.75 0.6158
0 9.18 24.55 0.4001
0 8.08 24.22 1.0283
0 8.52 24.35 1.3767
0 8.62 21.97 1.7052
0 8.72 23.17 1.6183
0 7.81 24.02 0.868
0 7.33 21.06 0.5996
0 6.32 21.53 0.5975
0 6.01 20.36 2.3531
0 6.89 22.43 1.8176
0 6.76 23.73 1.991
0 5.85 20.68 1.3661
0 2.45 16.12 3.2225
0 0.98 15.1 3.3504
0 2.41 15.76 1.9945
0 3.69 17.66 0.9987
0 4.54 18.92 2.1192
0 4.68 20.4 0.215
0 3.53 19.79 3.5019
0 3.2 17.24 4.1509
6.125 1.13 17.69 3.7026
5.3 -2.64 15.1 1.7979
7.675 -5.23 3.6 0.568
4.3 -4.47 4.21 1.5351
0.05 -4.78 3.93 0.9227
0 -4.86 5.1 2.1891
0 -2.41 8.74 3.1396
0 -1.22 11.86 2.9855
3.05 0.26 13.64 3.4705
2.2 2.67 10.89 0.8657
0 1.73 10.51 0.2344
0 3.33 11.9 0.6714
0 0.35 11.68 0.5606
0 0.58 12.68 0.931
0 0.32 13.24 1.063
0.3 1.04 12.51 3.3283
3.175 -2.14 6.03 2.2232
3.975 -2.08 4.87 4.034
1.525 -4.01 5.04 1.7786
0 -2.97 7.33 2.5387
0 -1.55 8.2 3.7444
0.2 -1.8 11.94 2.2705
0.1 -0.88 8.58 0.7484
0 0.19 11.17 2.8673
0 1.94 15.06 2.317
0 2.51 16.47 1.0811
0 3.11 14.05 1.7361
0 -1.12 15.97 3.672
0 -2.22 11.96 8.2826
0 -1.07 9.31 3.6161
0 -2.85 11.25 4.241
0 -4.42 8.67 2.8378
0 -4.56 7.21 3.4944
0 -5.01 7.53 3.0695
0 -4.15 7.71 3.5258
0 -2.94 9.86 3.5739
0 -2.42 9.88 4.3322
0 -2.32 11.87 3.1889
0 -3.49 10.55 0.9442
0 -4.54 8.1 1.6429
0 -5.27 6.32 1.4851
0 -5.29 6.53 1.019
0.6 -4.63 6.63 0.823
0.3 -3.7 5.81 5.4212
0 -1.16 10.52 4.6168
0 -3.59 11.42 2.7716
0 -3.8 9.11 4.6777
0 -4.26 7.9 4.436
0 -4.26 8.69 3.5757
0 -4.56 8.63 4.5128
0 -4.38 8.73 3.9913
0 -3.77 10.2 5.0028
0 -2.86 11.93 3.4344
0 -1.66 12.33 1.3401
0 -1.76 12.24 1.0833
0 -0.57 11.94 1.1512
0 1.85 14.68 0.9045
0 0.85 12.45 1.2994
0 -1.79 11.19 2.3972
