1.2 -19.56 -1.53 1.5099
10.625 -13.29 -1.24 1.8247
6.05 -16.86 -0.86 1.6757
0 -20.97 -7.77 4.3687
1.9 -19.1 -8.07 1.7523
1.15 -9.74 -3.05 0.6647
0 -12.46 0.55 1.297
0 -10.92 1.01 0.7097
0 -15.25 3.76 4.5899
0 -14.85 1.02 3.0481
0 -11.94 1.84 2.142
0 -13.67 5.06 5.3702
0 -11.52 4.75 3.6082
0 -14 4.6 3.0333
0 -12.7 5.12 3.6371
0 -13.89 5.58 4.7857
0 -14.44 3.97 4.1829
0 -15.12 3.18 4.8054
0 -12.25 4.04 4.86
0 -11.63 2.48 3.3525
15.975 -10.96 4.48 2.6974
35 -10.09 3.39 2.1574
45.525 -9.07 -0.57 1.562
55.525 -7.19 -1.44 2.8892
16.225 -10.88 -2.31 3.702
1.275 -16.77 -7.93 0.7489
0.05 -17.55 -6.38 1.1694
0 -14.06 -3.57 1.328
0 -14.26 -1.07 4.2565
0 -13.57 1.78 4.4848
0 -12.58 3.64 3.0508
0 -12.37 4.15 3.3099
0 -12.84 3.41 3.6612
0 -12.66 6.32 3.7428
0 -10.59 7.22 2.9674
6.775 -9.54 5.88 2.4857
24.3 -10.47 -0.92 2.4654
13.075 -11.43 -5.34 2.936
22.425 -12.59 -3.7 1.2402
13.65 -15.41 -2.58 3.8755
5.9 -22.16 -9.34 0.5605
10.575 -18.57 -5.91 2.5925
4.15 -16.6 -6.02 1.4364
9.5 -16.36 -5.98 3.1052
5.7 -15.31 -7.87 3.2668
4.2 -13.58 -5.33 5.3633
33.15 -11.01 -5.92 5.41
25.8 -14.43 -7.67 4.1176
4.175 -17.51 -6.97 1.0385
0 -16.88 -4.8 3.3079
0 -16.11 -1.1 2.359
5.2 -13.54 -0.37 3.7271
20.8 -12.42 0.26 3.2178
12.55 -7.58 -2.57 2.3804
5.725 -8 0.53 1.7641
2.6 -9.83 4.28 1.5981
0.375 -8.55 0.9 2.9863
0 -12.82 1.8 0.5423
0 -11.72 4.71 3.8515
29.125 -6.56 3.35 2.9563
45.5 -7.34 4.18 4.2827
24.875 -8.02 -0.34 4.9976
23.025 -11.72 -5.39 3.2731
4.125 -19.51 -6.63 0.6893
1.75 -17.42 -4.13 1.9331
0 -16.45 -4.13 0.2622
0 -15.83 -0.55 1.5949
0 -13.56 2.29 2.6966
0 -16.13 -3.82 0.5412
0 -14.71 1.64 0.9409
0 -13.63 1.56 2.4785
0 -13.77 3.11 2.7842
0 -13.37 5.42 1.5197
0 -10.83 3.85 2.663
0 -9.3 4.99 3.2063
0 -8.64 7.13 1.0373
0 -8.16 7.51 0.8416
0 -7.66 10.15 0.8024
0 -8.9 10.66 0.7041
33.9 -7.88 10.07 2.2111
30.125 -11.97 1.35 4.3021
2.525 -18.95 -8.63 2.1874
0 -17.76 -5.09 1.8791
0 -14.64 2.15 0.4097
0 -9.63 5.64 2.0444
0 -11.45 5.53 2.1068
0 -10.06 6.75 1.3029
0 -6.54 10.06 3.4259
0 -12.74 5.62 2.0236
0 -10.49 4.96 0.3345
0 -7.71 7.28 2.5271
0.075 -8.18 8.48 2.6325
0.025 -10.68 6.07 5.4047
0 -15.59 -1.02 1.83
0 -13.83 2.9 3.0203
0 -11.73 7.5 2.714
12.8 -8.35 10.23 1.4064
7.825 -11.23 8.18 3.83
5.85 -10.71 -1.44 1.8662
6.5 -9.25 0.09 2.0987
1.925 -10.71 -0.89 3.731
0 -9.28 3.43 1.4601
0 -9.72 8.42 1.9751
0.225 -7.04 6.3 4.4173
0.15 -16.07 0.44 6.4801
0 -14.73 1.19 3.4639
0 -12.25 3.42 1.5997
0 -8.67 9.03 3.2097
0 -7.5 12.47 3.0234
0 -3.89 15.36 1.5855
0 -3.9 17.4 1.006
0 -2.16 17.96 2.2819
0.125 -1.45 16.38 3.236
2.05 -4.53 10.33 3.4182
1.175 -12.96 0.9 3.676
0 -11.21 3.98 1.802
0 -9.31 6.17 2.3994
0 -8.92 7.72 3.4482
0 -11 4.72 1.4579
0.9 -8.21 8.21 1.8878
47.65 -1.75 10.74 2.2702
34.575 -4.43 6.5 2.9324
7.775 -2.73 4.13 4.1209
4.4 -6.35 5.02 2.1232
0.725 -3.37 8.68 4.156
0 -5.77 9.81 2.5913
0 -5.16 12.89 2.6944
0 -4.88 13.64 1.5629
0 -5.37 14.44 0.8785
0 -2.04 15.53 0.6371
0 -4.05 15.74 2.9605
0 -2.31 14.15 3.3058
0 -5.25 13.46 2.1009
0 -4.57 12.71 3.0829
0 -2.83 14.65 1.4613
0 -2.47 16.73 1.9137
0 0.7 20.15 0.3935
0.3 3.07 21.74 2.5771
0.175 0.88 21.11 3.0776
0 -1.58 15.8 1.7764
0 -2.13 15.65 0.7412
0.35 -1.26 17.07 2.3563
0.25 -1.76 16.54 2.8725
0 -1.49 14.79 2.6589
0.125 -3.4 15.04 1.6712
0.1 -3.34 14.94 1.1608
0 -1.49 16.06 0.7361
1.25 0.02 17.87 1.5693
2.875 -0.67 16.91 2.3344
26.125 -0.49 15.67 3.3731
17.725 0.9 14.2 2.0677
1.9 0.17 14.52 1.7631
0.05 -1.57 13.18 2.1425
0.725 -0.77 12.78 0.7323
5.525 -3.89 10.06 2.168
5.375 -4.94 10.8 3.9938
4.2 -7.1 3.67 2.7822
1.8 -4.17 5.23 2.814
0.975 -2.97 10.13 2.5129
0.625 -2.13 11.97 3.3414
0 -1.17 11.26 3.0988
0 -4.2 9.29 3.2479
1.55 -3.61 10.95 1.9615
2.625 -1.54 10.18 3.6989
1 -4.32 9.75 2.5707
2.95 -3.64 11.08 2.3605
2.05 -2.75 11.48 2.2045
0.2 0.15 11.7 2.8284
0.075 0.46 14.26 1.5367
0 1.79 18.72 2.6363
0 0.12 18.05 3.2387
0 -2.23 13.68 3.075
0 -3.39 12.47 1.2601
0 -1.06 14.43 0.9224
0 0.84 18.69 1.3565
0.05 0.72 20.8 2.7811
0.025 -0.25 17.9 1.5593
0 1.28 19.41 0.908
0 2.95 22.68 0.3656
0.275 3.59 23.86 3.0051
0.075 4.76 22.79 3.0179
0.1 2.42 21.8 2.2112
0 4.28 21.48 1.4775
0 2.74 20.24 2.9472
0 1.56 20.43 2.5506
0 0.5 20.34 2.916
0 -0.1 20.55 2.8223
0 -0.52 18.55 3.0407
0 -0.37 17.85 2.6285
0 -1.45 18.8 2.531
0 -1.24 18.28 1.9352
0 0.56 19.23 2.0998
0 2.08 19.97 2.5574
0 2.34 19.64 1.4055
0 0.5 20.68 0.9068
0 1.23 21.76 1.5866
0 5.01 23.43 2.2308
0 3.83 22.77 1.9575
0 5.36 24.72 2.1049
0 7.81 24.6 2.0757
0 7.36 25.06 2.4995
0 5.19 24.7 2.5799
0.1 4.05 23.74 2.1797
0.175 4.64 24.29 2.083
0.075 4.19 22.74 2.2261
0 4.34 23.33 2.3097
1.05 4.56 23.52 1.9856
0.75 5.49 23.86 1.6672
0 7.36 23.66 1.8762
0.35 4.49 23.8 2.7289
0.2 3.69 22.34 2.3657
5.95 3.52 22.11 2.1893
1.975 3.1 22.81 2.3033
0 4.71 21.32 3.232
0 1.07 21.02 2.9485
0 2.27 20.37 2.6665
0 4.25 19.47 2.8332
0 1.88 17.65 3.5756
0 -3.84 9.35 2.0234
0 -2.47 11.79 1.2057
0 -1.28 15.96 0.1235
0 0.37 18.59 1.0432
0 2.45 20.75 2.9191
0 2.54 21.63 2.817
0 3.83 21.18 3.0073
0 0.57 20.6 3.138
0 -2.39 17.84 1.3328
0 -2.61 16.98 0.3096
0 -1.66 19.39 0.6806
0 -0.17 21.11 1.0545
0 3.8 23.32 1.2914
0 1.85 24.3 1.7632
2.775 3.34 24.36 2.3442
4.925 4.05 24.3 2.3191
6.725 4.09 19.17 3.5374
2.15 -0.43 17.31 1.7174
0 0.27 18.26 1.7243
0 -0.07 19.97 0.7814
0 0.3 20.8 1.3773
0 1.56 20.86 0.9991
0 3.84 20.95 1.4245
0 1.68 22.23 3.2109
0 2.49 19.74 2.3657
0 1.64 19.13 1.4167
0 0.75 19.56 0.1569
0 4.15 20.81 1.3736
0 2.76 20.64 1.9576
0 0.43 19.69 2.261
0 -1 18.43 2.0938
0 0.38 16.4 1.2819
0 -1.5 17.62 0.4787
0 1.24 17.15 0.9333
0 2.79 19.21 0.3556
0 2.11 20.81 1.0036
3.4 1.26 22.36 1.3191
2.9 1 20.12 2.5886
0.425 -0.71 16.11 2.9267
0 -3.35 12.88 1.473
0 -0.31 15.7 1.0232
0 -1.13 19.04 0.3803
0 -0.68 20.46 1.1946
0 1.96 21.79 2.5155
0 -1.06 18.66 0.9571
0 0.05 17.56 2.9597
0 -2.93 19.19 2.6609
0 -1.8 20.36 1.8319
0 -1.8 20.73 1.0309
0 -1.18 20.99 0.7901
0 -0.5 21.37 1.162
0 -0.75 22.47 0.3826
0 -0.41 22.53 2.3496
0 3.34 18.26 2.73
0 -10.22 9.07 2.3307
0 -9.31 7.1 2.5929
0 -6.99 11.71 0.9274
6.95 -2.55 12.42 3.1552
4.8 -10.72 8.92 3.6617
0.275 -12.27 -2.43 0.3658
0 -10.11 4.49 3.4637
0 -9.29 6.98 1.8852
0 -7.21 8.78 1.3629
0 -6.11 10.61 0.9102
0 -6.06 12.85 0.7237
0 -6.49 11.75 2.1631
1.7 -5.74 11.44 2.0961
127.32 -4.03 5.8 6.3561
80.475 -4.55 2.15 4.7584
0.9 -2.81 6.86 0.685
0 -3.32 12 2.1839
0 -3.64 13.37 1.2592
0 -1.84 15.47 2.2009
5.425 -0.4 12.4 2.6539
3.325 -7.81 4.72 2.5152
0 -8.46 6.49 1.0657
0 -7 9.62 0.6748
0 -6.73 10.27 0.8127
0 -4.73 12.27 1.0698
0 -4.49 10.31 1.9618
0 -5.72 9.41 1.2532
2.55 -6.28 11.08 4.1529
1.825 -11.28 -3.47 5.1467
0 -13.63 -1.33 0.8597
0 -10.3 2.2 0.0504
0 -8.26 8.54 0.9011
0 -7.14 11.25 0.79
0 -5.49 12.47 1.167
0 -5.6 13.8 1.1824
0 -6.19 13.04 1.8193
0 -4.1 12.11 2.4202
0 -8.28 8.77 0.89
0 -9.57 7.18 1.2991
0 -11.86 5.24 1.8321
0 -10.99 4.36 1.4082
0 -11.03 6.88 0.8558
1.75 -9.95 7.35 0.7462
7.675 -5.86 7.5 2.024
4.475 -12.56 -0.94 1.031
0 -14.11 -0.21 1.0694
0 -14.32 -0.27 2.888
0 -11.86 4.05 2.2608
0 -11.86 6.89 1.9376
0 -10.96 7.87 1.0962
0 -13.61 2.53 2.4074
2.525 -11.86 4.63 4.227
1.525 -10.9 3.02 0.9109
0 -10.66 0.03 0.662
0 -13.46 3.55 2.5954
0 -13.31 2.26 3.8233
0 -12.38 3.49 4.253
0 -12.94 4.04 2.7887
10.65 -11.06 5.65 1.4064
6.45 -10.89 2.84 5.1909
0 -15.41 -5.71 5.352
0 -15.38 -3.23 3.8278
0 -14.33 0.3 1.6404
0 -14.92 0.3 2.4465
0 -16.58 2.03 2.2484
0 -15.66 -1.2 2.132
0 -13.59 2.57 1.0274
6.6 -17.72 -2.28 2.3934
15.675 -13.95 -5.46 1.1091
7.2 -26.65 -12.72 0.7346
0 -26.79 -10.58 1.788
5.975 -23.84 -9.63 2.8612
27.25 -14.67 -4.93 2.643
78.9 -10.15 -4.4 3.6524
43.7 -11.63 -4.53 4.7543
2.45 -19.8 -5.7 0.9597
0 -19 -6.68 2.8912
0 -17.86 -3.11 2.2659
0 -14.7 -0.99 2.1669
0 -14.83 -3.05 2.7235
0 -16.46 -3.67 3.9843
0 -14.52 -4.35 2.8601
19.8 -13.22 1.98 1.9891
12.425 -17.11 -0.11 3.7148
0.175 -21.68 -9.29 2.9307
0 -19.37 -4.03 3.6985
0 -18.97 -2.15 3.5413
5.7 -18.78 -7.34 3.904
3.425 -18.01 -5.51 1.9463
2.225 -17.97 -6.72 3.2738
13.325 -12.92 -5.54 0.8062
7.05 -10.77 -5.07 1.5588
0.1 -11.07 -5.18 2.4154
0 -12.93 -1.6 1.9404
0 -15.44 -0.83 1.0764
0 -16.21 -3.45 3.8877
0 -16.09 -2.62 2.8575
0 -15.41 -1.88 2.1552
0 -14.92 -2.1 2.7314
0 -14.4 -2.03 2.921
0.3 -11.36 0.67 3.1193
1.95 -10.25 0.33 2.2065
1.025 -8.82 -1.4 2.449
1.25 -10.68 -1.53 3.0233
29.475 -11.9 -0.74 4.3909
15.85 -8.34 0.02 2.1627
0.275 -16.98 -2.74 1.54
0 -16.21 -3.95 3.3227
0 -14.4 -2.18 1.7488
19.275 -14.42 0.1 2.5369
62.075 -11.56 -0.99 4.5905
37.1 -12.91 -5.93 5.4584
48.75 -12.51 -6.85 6.292
58.3 -17.28 -8.16 3.9715
26.575 -16.61 -10.48 4.2368
4.15 -15.7 -9.25 0.9486
0.875 -22.2 -9.91 1.9777
10.7 -18.97 -7.55 3.5227
5.175 -12.58 -5.21 2.8044
0.025 -13.55 -1.83 1.4417
0 -19.23 -2.42 2.8773
1.45 -17.17 -6.11 3.064
0.875 -13.57 -2.51 1.5967
0 -21.17 -2.43 0.9496
0 -21.42 -5.68 1.7046
0 -14.67 -3.61 1.8492
0 -16.03 -3.07 0.6345
8.8 -15.8 -3.82 2.5223
13.825 -9.16 -1.16 3.3002
14.325 -10.59 -2.63 1.7714
5.6 -11.05 -3.73 2.44
0.65 -12.47 -4.43 1.5159
2.775 -13.75 -6.06 2.42
1.5 -14.92 -6.09 0.4305
0 -13.93 -4.25 0.9887
0 -13.03 -0.56 1.1365
0 -13.71 1.61 1.2544
0 -14.3 1.54 1.4865
0 -15.17 1.65 0.7839
0 -13.89 3.26 1.7656
0 -13.62 3.26 2.4575
0 -12.87 3.16 1.3279
3.8 -12.54 3.76 1.3828
8.525 -11.24 -0.27 2.3394
17.925 -10.01 -1.01 2.9863
9.1 -18.36 -4.16 2.6148
29.5 -17.81 -3.19 3.575
34.225 -13.13 -1.44 2.9596
4.725 -14.97 -3.34 0.5527
48.55 -13.56 -0.43 4.5218
34.3 -10.68 1.4 1.7543
2.45 -10.92 -4.22 0.779
0 -12.38 0.52 2.5293
5.75 -10.84 0.97 2.7477
20.375 -11.36 -0.66 3.2897
10.275 -15.16 -2.89 3.3104
0 -16.98 -4.22 1.2409
0.05 -14.95 -1.94 2.7691
0.025 -12.19 -1.69 0.7029
4.925 -12.27 0.17 2.3682
3.95 -17.08 -3.12 3.9392
0.575 -14.88 -4.56 1.9047
0 -17.26 -5.74 0.5995
27.2 -14.78 0.76 2.3298
16.55 -12.88 1.86 2.5318
0 -17.13 -4.13 2.8215
0 -16.63 0.62 3.9015
0 -14.26 5.47 1.6538
0 -10.61 7.19 0.6865
0 -9.83 7.37 3.1312
0 -14.5 4.36 2.1651
0 -10.89 7.97 2.2105
0 -11.05 7.53 1.065
0 -10.72 6.93 1.1488
0 -12.35 6.43 2.5247
0.675 -12.49 6.27 2.3838
2.35 -10.13 7.2 2.7374
1.175 -13.24 0.55 2.5761
0 -12.94 0.61 3.0072
0 -11.17 5.21 1.6578
1.1 -8.09 8.39 3.0114
14.1 -8.74 8.82 6.0981
8.25 -11.69 -2.43 3.3777
0.325 -15.37 -3.38 0.8381
6.4 -14.15 -0.85 2.5614
2.075 -10.7 -0.08 2.1931
15.8 -13.24 -0.67 2.747
9.85 -13.58 -3.14 3.6866
0.025 -17.26 -4.9 0.6924
0 -15.78 0.89 2.3255
0 -10.93 6.26 0.3661
0 -8.61 8.85 1.8854
0 -9.16 6.06 1.9109
12.925 -7.97 5.18 3.7309
10.8 -12.71 -0.24 4.708
1.65 -12.68 -3.57 1.1122
0 -11.79 2 0.687
0 -10.99 3.95 0.9058
0 -7.81 8.89 2.6257
0 -10.03 8.24 1.234
0 -9.26 11.32 1.0698
0.45 -8.55 12.56 1.8508
8.925 -5.05 11.11 3.0456
7.075 -11.73 -1.47 2.8502
3.8 -9.56 -4.41 1.4338
1.7 -8.7 -3.73 1.4649
0 -8.86 6.79 0.5957
0 -7.32 10.12 1.432
0 -7.01 10.7 0.7306
4.25 -3.43 13.11 4.7353
5.4 -7.83 3.92 5.3791
2.05 -13.67 -2.99 4.0649
0.2 -12.62 -1.97 3.4338
0 -10.9 2.96 1.8588
0 -9.35 8.14 2.1737
0 -7.66 10.65 1.2904
0 -4.75 12.34 1.909
0 -4.72 11.57 3.5272
0 -9.51 7.68 2.2528
0 -10.81 5.52 1.1126
0 -5.55 9.59 2.901
1.35 -8.83 8.36 3.7342
12.05 -11.27 1.24 3.6688
7 -15.13 0.09 4.8388
0.125 -10.15 0.83 2.4584
0.2 -8.43 6.6 1.3405
0.125 -7.44 8.27 0.8789
0 -5.62 10.86 0.7135
0 -3.24 13.36 1.4866
2.175 -1.21 12.87 2.3758
1.3 -8.46 6.15 2.6661
0.2 -6.14 7.07 1.7406
0.125 -3.46 10.4 3.3882
0 -5.22 10.46 4.4375
1.725 -10.55 4.29 3.7503
1.525 -10.83 -0.64 4.1109
0.175 -8.85 1.26 2.3571
0.85 -10.34 3.02 1.6984
7.075 -6.25 7.36 3.6092
17.65 -7.79 5.09 2.7898
8.225 -9.69 1.73 3.9007
0 -10.56 2.59 1.7173
0 -7.85 10.18 0.68
0 -3.95 13.8 2.6775
0 0.36 13.36 3.0026
0 -3.06 12.68 2.6542
0 0.8 14.9 2.9051
0 2.64 14.53 3.0205
0 1.81 14.28 2.0975
0 2.65 18.92 3.0894
0 4.17 19.19 3.1028
0 1.51 17.53 2.0875
0 2.34 17.72 4.1626
0 -0.27 14.26 4.5884
0 -2.92 9.93 5.4517
0 -0.52 7.53 4.4124
0 -3.62 12.03 1.2437
0 0.02 15.21 1.6507
0 1.13 17.67 3.2217
0 -2.16 16.01 3.2791
0 -5.03 10.79 0.6699
0 -3.73 15.16 2.181
0 -4.09 13.7 3.4367
0 -4.69 13.08 2.5352
0 -3.92 14.68 1.3761
0 -2.84 13.49 0.7677
0 0.14 17.53 1.4743
0 0.77 18.3 2.2234
0 2.43 15.94 2.604
0 -0.33 15.27 2.2962
0 2.14 18.06 0.6854
0 3.68 22.13 1.3087
0 4.17 22.63 3.4031
0 1.93 21.08 3.0391
0 -1.31 18.06 2.7022
0 -0.4 18.49 2.712
0 1.73 17.8 1.8783
0 -0.9 16.73 1.148
0 -0.74 18.15 1.7003
2.625 1.87 20.68 2.1837
1.725 1.24 20.03 2.0536
0 1.72 19.23 1.9243
0 3.69 20.99 1.9354
0 2.21 21.08 1.8395
0 3.2 21.66 2.628
0 4.82 21.06 3.4447
0 6.32 22.04 3.6975
0 3.67 20.26 1.754
2.85 4 22.22 0.991
5.1 5.7 24.66 2.5872
2.15 4.34 18.78 2.878
0 4.62 23.58 2.6665
0 3.55 24.08 2.0106
0 3.48 23.92 1.9929
0 3.39 23.29 2.8978
0 2.5 21.79 1.0397
0 3.54 21.69 2.2214
0 3.97 22.78 1.8871
7.2 6.13 23.73 2.3025
4.5 4.68 21.4 2.7564
0 3 20.41 1.9755
0 1.22 20.5 2.475
0 3.45 21.05 1.9585
0 2.58 21.26 2.439
0 3.56 20.39 2.5863
0 0.48 20.86 2.1168
0 1.47 20.96 2.5334
0 0.12 21.39 1.7475
0 0.73 21.41 2.0282
0 1.44 21.32 2.0906
0 0.27 20.95 2.2547
0 2.74 19.79 2.562
0.825 0.77 19.54 3.0242
0.475 -0.36 16.53 2.281
0 -0.27 18.3 2.2311
0 0.53 18.18 2.5724
0 -1.35 14.89 1.033
0 -1.08 18.45 1.0722
0 0.92 19.24 1.9496
0 0.64 20.89 2.6804
0 1.63 20.46 1.07
0 1.81 22.07 1.9538
0 2.34 22.65 2.0624
0 1.44 20.62 1.9002
0 -0.18 20.71 2.2221
0 1.14 20.64 2.3368
0 2.23 18.59 1.8055
0 0.66 16.61 2.9188
0 -0.57 20.45 2.4274
0 2.61 24.44 0.8121
0 5.88 25.58 2.7498
0 4.96 23.89 2.7437
0 1.41 19.72 3.3239
0.475 -0.84 8.8 2.1787
0.275 -4.8 8.84 2.3436
0 -4.43 12.47 1.0182
0 -1.78 16.53 0.6906
0 -1.42 19.69 0.6942
0 0.88 22.12 1.1576
0 0.96 22.54 1.5881
0 1.54 21.41 1.8783
0 -2.66 19.86 1.5262
0 -1.91 18.81 2.902
0 2 17.06 3.2865
0 -6.45 7.31 2.1158
0 -5.94 12.79 0.8594
0 -3.99 15.44 0.9138
0 -2.52 17.42 1.1611
0 -2.89 17.82 1.9691
0 -4 16.13 1.5225
0 -4.32 16.49 0.6301
0 -3.23 16.91 1.2429
0 -3.36 18.74 1.7304
0 -3.39 18.39 1.6312
0 -2.82 18.22 1.7546
0 -5.33 14.64 0.9733
0 -5.8 15.74 1.0693
0 -3.15 15.93 2.7782
0 -5.08 11.46 0.7329
0 -4.93 15.75 0.5068
0 -3.53 18.5 1.0361
0 -2.32 21.89 0.4359
0 -2.08 21.93 1.2697
0 0.09 22.83 0.4288
0 0.6 23.08 0.5585
0 -0.1 22.8 0.3096
0.15 0.33 20.26 0.6237
9.775 0.66 18.43 1.5329
60.75 -0.29 16.63 1.8973
70.975 -1.92 10.67 1.5003
22.4 -3.29 1.7 1.3485
10.925 -6.76 4.24 0.8195
3.525 -6.51 2.53 2.3561
0.375 -8.11 4.78 0.7462
0 -7.19 9.54 1.7147
0 -5.74 11.95 1.7054
0 -3.52 15.45 1.5231
0 -3.01 13.22 2.6533
0 -2.9 14.88 1.8819
0 -3.64 15.62 0.9802
0 -3.25 15.4 0.9608
0 -2.84 15.15 1.5326
6.4 -1.7 11.35 0.9458
4.85 -3.43 7.92 1.3303
0 -3.85 7 2.088
0.45 -5.63 11.06 1.2552
0 -5.05 10.2 2.0546
9.975 -5.92 9.38 1.8786
35.425 -3.16 6.21 1.8664
71.9 -1.51 3.52 5.0821
44.925 -6.63 4.78 3.9927
0.15 -9.54 3.05 1.4467
0 -12.87 2.43 3.1835
0 -12.62 3.74 3.3958
5.125 -7.44 7.87 2.0521
3.55 -7.75 8.64 2.0675
0.2 -9.04 3.22 0.745
0 -8.64 6.42 1.8022
0 -8.06 9.85 3.3996
0 -6.2 12.22 3.2562
0 -4.33 14.51 2.2394
0 -3.31 13.67 1.2535
0.6 -3.33 12.41 2.4582
30.65 -6.23 9.01 3.2817
14.925 -10.96 1.66 2.8386
2.3 -14.11 -2 0.6574
2.925 -13.33 0.74 1.6173
0 -13.12 -2.34 2.5235
0 -12.16 0.61 1.4652
0 -12.69 3.89 3.1593
0 -10.96 2.47 1.4675
0 -9.45 6.07 2.4622
0 -9.88 7.22 0.8681
0 -11.94 7.21 2.2661
0 -8.59 8.09 2.6803
34.25 -8.62 8.27 3.2732
61.4 -11.08 2.68 3.5697
44.375 -14.04 -3.13 5.4959
17 -13.45 -8.17 3.6002
17.15 -13.3 -5.21 4.8014
9.125 -20.25 -7.86 1.0385
0 -23.78 -9.31 3.433
0 -21.67 -6.83 3.2568
23.15 -17.2 -3.72 3.1554
14.55 -20.9 -4.84 2.9336
0 -24.37 -9.77 2.0983
0 -21.93 -11.48 2.9324
0 -17.06 -1.98 2.1071
0.15 -14.14 1.54 2.4457
0.025 -5.62 0.69 1.7708
1.05 -6.85 3.06 1.6953
19.625 -10.99 2.4 1.9091
12.825 -9.97 1.85 3.2361
0 -11.61 -0.5 2.3214
4 -10.34 1.55 1.8987
6.525 -5.86 2.62 1.2288
1.125 -6.11 1.39 1.6155
0.075 -7.54 3.22 0.5576
0 -10.91 4.73 2.1527
0 -11.39 3.95 1.5329
20.45 -9.69 4.56 2.2731
15.8 -10.26 1.18 1.7146
7.95 -12.44 -4.53 2.7436
74.675 -12.16 -4 3.3282
121.2 -9.92 -4.54 5.2765
88.325 -9.03 -2.18 6.2693
53.375 -11.2 -2.46 2.3747
20.75 -14.02 -9.73 2.0452
7.025 -14.82 -6.27 2.2362
3.625 -12.59 -5.18 0.4799
0 -13.65 -4.13 2.8041
19.3 -16.98 -2.93 5.0978
10.325 -14.96 -2.74 2.223
0 -15.87 -7.46 1.0119
57.6 -15.41 -7.03 2.3179
29.975 -12.39 -4.3 4.811
1.45 -21.82 -5.98 2.758
4.775 -22.57 -11.63 1.2022
21 -22.25 -12.72 3.5901
27.675 -17.93 -9.83 4.333
20.15 -14.72 -10.76 2.4782
0 -16.7 -8.69 2.9804
0 -22.58 -11.58 3.6777
0 -21.01 -11.15 5.2921
0 -19.68 -9.88 3.9308
0 -19.05 -9.55 1.8497
0 -19.73 -5.45 0.9156
0 -17.98 -4.42 3.353
4.075 -18.88 -8.53 3.1436
5.85 -14.99 -4.67 1.6332
0.475 -14.95 -3.04 1.5908
0.275 -15.37 -0.56 1.3162
0 -14.44 1.3 2.2901
0 -12.92 -0.95 0.9616
0 -10.82 1.13 0.5792
0 -12.37 1.37 2.0304
0 -10.02 1.66 1.2768
0 -12.2 2.24 4.2224
0 -15.31 -1.22 3.5379
0 -15.05 -0.21 2.8904
0 -14.27 2.8 3.6103
0 -14.91 -0.47 2.1165
0 -14.14 0.37 2.1327
0 -14.07 1.63 4.8853
0 -14.56 1.72 3.1309
0 -14.44 0.92 1.7753
5.975 -14.17 1.58 0.7809
14.55 -13.05 3.35 1.7551
5.525 -15.75 -5.06 1.7007
0 -17.12 -3.41 2.2435
0 -21.07 -3.72 3.0389
0 -19.86 -4.68 2.1038
0 -15.87 -0.93 2.9236
0.125 -13.85 2.05 1.6499
0.075 -11.9 4.04 1.9086
0 -11.46 4.44 0.6132
0.075 -14.06 6.28 2.3456
0.05 -16.56 -2.03 3.6693
0 -18.59 -3.34 3.6898
0 -16.99 -1.28 3.657
0 -15.11 1.74 2.5341
0 -12.69 5.69 1.4757
0.075 -11.3 5.21 3.3975
14.125 -7.63 2.05 4.2704
45.325 -10.26 2.66 6.3241
35.1 -15.82 -8.62 4.4339
57.5 -13.94 -8.55 3.1307
39.825 -12.07 -5.25 4.2038
3.2 -23.78 -7.56 0.7638
0 -23.41 -7.75 1.2542
0 -21.94 -8.65 0.4057
0 -21.5 -5.11 0.3042
9.875 -18.92 -6 2.6244
20.15 -13.13 -4.97 5.8989
18.925 -18.27 -7.91 0.644
0 -22.13 -11.96 0.5157
0 -22.76 -7.12 2.1943
5.075 -19.72 -3.53 1.7309
13.125 -15.97 -0.29 3.4672
9.6 -10.26 0.44 1.9772
0.775 -16.04 -2.05 1.3897
4.025 -12.57 0.71 0.5759
22.8 -10.9 1.35 1.7792
28.6 -9.12 -0.2 4.4147
0.225 -11.96 -1.91 0.79
0 -10.43 4.25 1.5509
0 -8.86 6.26 1.5293
0.325 -8.66 5.51 0.957
0.2 -9.65 4.15 0.619
3.075 -10.95 4.96 0.9803
2 -7.22 2.21 1.2766
25.5 -6.97 5.47 1.4848
40.475 -6.13 6.47 3.2384
5.675 -13.78 -1.03 0.8808
37.475 -12.05 -0.12 3.4813
69.025 -13.01 -4.22 4.9937
98.65 -11.02 -5.91 6.2755
23.25 -13.78 -6.66 2.7762
12.1 -15.76 -4.82 0.9008
21.125 -12.78 -4.17 4.4134
55.15 -14.84 -5.97 5.4636
39.675 -15.61 -5.93 4.3647
20.4 -13.65 -3.35 3.0302
8.25 -10.79 -3.72 1.8321
0.225 -10.17 1.27 0.5151
0 -10.99 4.19 0.888
0 -8.2 6.86 1.9516
0 -8.15 8.29 2.1832
0 -7.36 13.03 1.7138
0 -5.49 15.35 1.2621
0 -8.88 9.75 1.478
0.05 -10.19 7.08 2.0534
0 -7.78 10.36 1.3848
3.025 -8.42 10.02 1.2167
5.575 -11.05 7.48 3.635
4.675 -17.37 -6.99 1.4406
1.65 -15.01 -8.42 1.462
0.05 -14.62 -2.45 0.5138
0 -12.04 4.24 1.3975
0 -11.22 5.64 1.1617
0.575 -10.34 5.86 3.0091
0.375 -13.78 -3.07 0.5479
0 -10.75 4.86 0.7882
0 -8.55 9.88 1.1202
0 -6.94 11.88 2.2641
0 -4.22 11.46 3.238
0.025 -6.55 6.93 1.7715
0.4 -5.18 9.28 2.3042
8.45 -5.08 3.43 2.4608
3.65 -10.35 4.01 0.8442
2.3 -8.88 4.11 1.3771
0.375 -6.07 3.27 2.7425
0.725 -7.83 2.16 2.7259
0.075 -10.82 4.39 2.5446
0 -9.55 6.32 0.8328
0 -6.63 10.05 2.5307
0 -9.97 7.11 4.4424
0 -12.91 2.86 3.6542
0 -11.54 3.98 2.0774
0 -8.43 7.95 0.6928
0 -5.94 10.93 0.782
0 -6.24 13 3.1954
0 -0.87 14.9 1.0044
0 -3.13 15.69 1.656
0 -2.06 14.64 2.1474
0.3 -3.84 11.05 3.2091
1.875 -10.09 3.64 3.4403
3.625 -11.46 -2.24 2.8662
0 -8.34 6.28 1.6609
0 -5.39 10.33 1.1563
0 -4.68 13.06 0.603
7.95 -4.31 14.48 3.1319
13.7 -11.02 7.58 3.3324
4.775 -12.6 -3.3 1.1384
14.6 -9.99 0.83 3.4631
32.1 -10.39 -0.48 2.5306
3.025 -9.25 -0.13 3.6072
0.1 -9.4 5.26 1.72
0 -4.81 10.95 1.8365
0 -5.37 10.67 2.6828
0 -7.47 9.6 4.2309
0 -8.87 7.26 2.3101
0 -5.33 11.23 3.0486
0.025 -5.31 8.91 2.7901
0 -5.59 8.48 3.535
4.4 -5.1 9 4.3733
6.75 -10.83 3.57 4.8846
1.425 -10.84 1.69 3.06
0.875 -7.44 5.91 3.0794
1.275 -3.7 6.82 3.244
1.125 -9.47 2.64 1.8228
0 -9.52 3.93 0.873
15.125 -5.97 6.71 2.7412
21.125 -2.96 1.57 1.6393
8.05 -5.17 8.7 3.9168
0.875 -6.53 6.49 1.7582
0.475 -5.52 10 2.9433
0 -3.72 11.95 1.5073
0 -2.67 14.85 1.995
0 -1.84 14.37 2.9082
0 -2.25 12.86 2.5923
0 -1.69 14.68 2.7646
0 -0.58 16.41 1.3961
0 0.2 19.53 1.8583
0 1.76 17.94 2.2459
0 -3.16 15.66 0.9188
0 -1.56 14.94 3.0171
0 -0.28 16.26 2.1262
0 -1.92 14.43 0.1996
0 0.53 19.13 0.3626
0 2.38 21.33 2.5089
0 2.66 21.3 3.1691
0 0.29 18.71 2.6809
0 -1.48 18.08 2.6716
0 -1.73 16.91 2.1332
0 0.27 18.7 2.0435
23.4 1.65 18.94 3.021
20.325 -0.76 14.69 2.6902
4.225 -3.91 6.73 2.2074
0 -0.49 16.65 0.6208
0 0.85 20.57 0.8428
0 2.9 22.36 0.8885
0 2.82 22.49 1.7471
0 3.54 21.57 1.774
0 5.52 19.67 2.3863
0 4.46 20.77 2.9862
0 2.24 19.02 2.257
0 2.02 20.12 2.5168
0 -0.08 19.84 2.2392
0 0.45 19.04 2.5355
0 0.27 18.09 2.6435
0 -0.44 17.58 3.2654
0 -1.35 16.38 2.6357
0 0.95 15.39 3.1129
0 -1.23 14.77 3.2715
0 -1.18 15.45 2.1587
0 -1.49 16.93 1.6938
0 0.07 18.61 2.0761
0 -0.25 18.66 1.0583
0 0.11 19.46 2.2711
0 1.75 20.36 2.8624
0 3.06 19.1 1.8023
0 2.77 21.29 2.2143
0 1.32 21.2 2.3345
0 -0.57 20.09 1.7332
0 0.67 19.99 1.655
0 3.46 18.62 1.227
0 4.94 21.48 2.0413
12.25 2.89 22.35 3.0515
9.325 4.32 20.71 2.2514
1.9 4.6 16.79 1.7792
0 2.76 19.64 2.0045
0 4.04 20.81 2.1525
0 1.16 21.26 3.1975
0 0.45 18.55 2.2336
0 0.25 19.28 3.1557
0 -0.03 19.69 2.5852
0 0.86 19.69 1.8848
0 0.3 20.58 1.9526
0 0.79 20.12 2.1292
0 1.07 20.59 2.6802
0 1.58 20.63 1.4299
0 1.9 20.71 1.5119
0 1.61 21.18 2.2346
0 0.8 19.35 1.512
0 0.19 18.77 0.7994
0 -0.27 20.28 1.5526
0 0.95 21.67 1.258
0 1.99 22.44 2.4704
0 1.67 20.85 2.1816
0 0.16 19.68 1.7384
0 -0.77 19.38 1.2546
0 -0.57 19.85 0.935
0 2 22.13 2.1077
0 3.21 21.82 1.462
0 2.41 20.98 1.0968
0 1.66 22.76 1.2081
0 3.64 22.57 1.6218
0 2.35 22.54 1.6202
0 1.55 22.07 2.0581
0 -0.96 21.51 1.9325
0 1.34 19.02 0.6661
0 -0.71 20.01 0.9862
0 1.95 20.3 0.8853
0 1.07 20.16 0.7835
0 3.87 20.5 1.8745
0 0.64 18.53 0.4433
0 0.37 20.01 0.9104
0 1.89 20.79 0.7466
0.55 1.85 19.22 2.007
4.025 0.39 17.86 1.2226
9.375 1.29 15.94 1.4863
17.75 -1.11 11.99 1.381
11.8 1.11 14.62 0.6612
18.125 -1.43 15.54 1.0164
0 0.53 14.68 2.546
0 1.2 15.69 1.9354
0 -0.75 13.28 1.5681
0 -2.26 15.03 0.3044
3.75 -1.67 17.78 0.269
2.5 -0.09 19.51 0.8346
0.075 -0.69 19.09 0.4592
8.475 -0.36 19.83 0.4981
0 3.73 20.06 0.8242
0.475 0.98 20.79 1.6702
11.05 -0.99 16.82 2.4388
0.1 -2.68 11.78 1.5678
0 -1.7 16.75 0.3547
0 -0.09 18.9 0.6013
0 2.25 16.9 1.0315
0.15 -1.17 19.25 1.6633
0.1 -0.62 18.28 2.7364
0 1.38 14.82 2.2097
0 -1.83 14.07 2.3903
42.425 -3.26 11 2.4954
52.75 -5.73 7.15 4.1797
19.3 -9.07 -0.04 0.6949
3.275 -11.57 -0.22 0.9592
0 -9.64 4.63 1.3756
0 -8.3 7.85 1.3864
3.075 -6.08 9.98 1.8413
7.975 -3.51 7.26 1.9015
0 -3.74 11.59 0.9249
0 -3.32 13.87 0.6725
0 -3.92 16.17 0.6274
0 -3.38 16.66 1.3617
0 -2.96 13.83 1.8256
0 -3.56 13.65 2.0202
0 -4.26 13.17 2.1579
0 -4.78 15.24 0.639
0 -3.35 11.84 0.5424
0 -6.49 13.38 0.37
0 -3.72 11.56 2.4558
0 -7.26 13.93 2.0411
0 -6.29 15.06 2.443
0 -6.28 10.98 1.4056
0 -10.14 6.88 3.8928
0 -11.71 4.27 3.5059
0 -10.7 6.05 2.235
0 -9.14 9.07 0.8425
0 -8.46 10.27 2.3348
0 -8.34 11.45 0.1628
0 -8.15 11.57 3.5901
0 -7.52 6.23 4.124
4.275 -13.04 6.72 4.1979
12.3 -14.13 6.78 1.9816
10.175 -16.03 -5.62 0.5156
10.425 -13.38 -4.46 1.6048
0.175 -12.86 -4.65 1.0897
0 -16.01 -3.62 2.3698
0 -15.39 -0.84 3.3027
0 -13.38 2.27 2.8155
3.8 -9.16 1.97 3.006
3.9 -7.54 -0.92 0.9871
0 -9.36 1.98 0.2436
0 -7.94 4.29 0.4062
0 -11.9 4.13 0.447
0 -11.68 5.26 0.8565
0 -9.93 4.08 1.4819
0 -12.4 5.43 3.8741
0.875 -10.94 -0.44 2.3599
2.925 -11.66 -2.02 3.7902
3.175 -15.14 -4.45 1.5484
0 -14.68 -0.46 2.2428
0 -12.61 2.96 3.542
0 -10.25 4.92 2.4771
0 -10.99 1.03 0.7728
0 -10.57 2 2.9682
0 -9.59 6.67 2.3669
0 -10.88 6.13 1.1185
0 -10.77 6.33 2.0029
0 -12.15 7.84 3.3075
0 -11.41 1.93 9.2327
0 -15.98 -5.32 4.0025
0 -16.53 0.44 4.5198
0 -18.05 -3.95 2.7577
0 -17.14 -1.35 3.5257
0 -18.16 -3.89 2.9759
0 -16.77 -2.26 3.6565
0 -16.38 0.88 4.0737
0 -17.31 -0.06 4.3909
0 -13.34 -0.2 3.2204
0 -16.67 -0.63 1.2924
0 -17.94 -1.2 1.62
0 -18.26 -4.83 1.4468
0 -18.22 -3.98 0.9594
0 -16.29 -2.04 0.8886
0 -13.24 -4.3 5.9534
0 -12.68 -1.46 4.9745
0 -17.32 -0.73 2.66
0 -15.54 1.17 4.8245
0 -18.31 -3.26 4.715
0 -17.37 -2.4 3.512
0 -20.48 -0.89 4.5121
0 -20.15 -3.35 3.8334
0 -19.51 -2.13 4.8944
0 -18.24 -0.31 3.214
0 -16.79 2.06 1.4159
0 -15.73 3.81 1.0445
0 -12.91 2.95 1.0497
0 -11.54 7.05 0.983
0 -12.07 5 1.6686
0 -14.75 4.52 2.3512
