0.3 -19.81 -2.11 1.6438
4.325 -11.18 -2.79 1.6375
2.05 -17.06 -1.23 1.6746
0 -21.23 -10.1 4.4287
0.925 -21.67 -8.65 1.4584
0.55 -15.71 -2.87 0.8204
0 -12.19 0.52 1.2416
0 -12.23 -0.94 0.6909
0 -15.43 1.88 4.8265
0 -16.78 -2.1 3.1965
0 -14.92 -1.31 2.028
0 -15.25 3.07 5.4404
0 -13.72 2.86 3.6688
0 -14.77 1.65 2.8231
0 -13.45 2.57 3.8074
0 -14.37 2.41 4.9226
0 -15.28 2.16 4.1959
0 -15.85 -0.12 4.7474
0 -15.9 2.01 4.816
0 -14.21 -1.3 3.2959
7.725 -11.34 1.87 2.7655
17.225 -9.21 -1.3 2.1278
17.55 -11.71 -2.75 1.5484
22.1 -7.78 -3.44 2.8198
7.05 -11.9 -3.86 3.813
1.275 -18.04 -8.15 0.8035
0 -20.35 -8.92 1.223
0 -15.74 -5.46 1.5733
0 -16.22 -1.48 4.2905
0 -15.25 0.82 4.5393
0 -14.29 1.77 3.0366
0 -13.07 2.44 3.2195
0 -14.39 0.75 3.6152
0 -13.48 3.61 3.7897
0 -12.23 3.8 3.0453
4.2 -8.04 3.67 2.6369
22.425 -12.27 -2.28 2.5533
13.125 -12.51 -6.76 2.8593
10.85 -14.53 -6.23 1.4117
6.9 -17.28 -4.55 4.0238
4.875 -22.91 -10.9 0.6411
6.725 -15.28 -8.3 2.2675
2.875 -17.4 -6.8 1.4764
4.6 -17.07 -7.73 2.9269
2.775 -17.18 -9.56 2.8707
2.325 -15.99 -7 5.1481
24.525 -15.38 -7.84 5.5408
16.325 -15.83 -9.87 4.0515
0.9 -19.36 -7.55 0.8894
0 -18.5 -7.03 3.3626
0 -18.04 -4.02 2.4353
2.075 -17.06 -1.37 3.8128
13.175 -9.97 -1.8 3.1216
9.125 -9.9 -2.86 2.3231
2.25 -10.27 0.38 1.5121
1.2 -9.73 2.18 1.5033
0.275 -10.65 -2.4 2.5128
0 -13.01 0.03 0.4625
0 -12.43 2.26 3.8327
15.525 -6.82 2.66 2.9128
13.625 -9.14 2.51 4.0337
12.975 -10.15 -3.08 4.9966
11.575 -13 -7.44 3.3777
1.75 -20.8 -8.26 0.6929
0.625 -16.29 -6.04 1.962
0 -17.9 -5.67 0.234
0 -16.44 -2.01 1.7999
0 -12.78 0.49 2.9002
0 -19.42 -5.25 0.5945
0 -15.96 0.04 0.7197
0 -14.53 -0.24 2.3845
0 -14.75 1.26 2.8288
0 -14.77 3.39 1.3879
0 -12.36 2.82 2.3135
0 -9.32 4.01 2.5764
0 -9.86 5.92 1.1152
0 -10.6 6.16 0.964
0 -8.58 8.33 0.8033
0 -9.68 8.75 0.864
29.2 -7.21 8.3 2.1994
28.25 -14.02 0.18 4.3792
1.05 -19.69 -10.25 2.3627
0 -18.24 -6.85 1.8703
0 -13.87 0.6 0.4474
0 -7.91 3.38 2.4112
0 -12.57 3.25 2.1611
0 -11.55 4.75 1.3723
0 -6.73 8.29 3.3281
0 -16.05 4.25 1.9983
0 -12.63 3.21 0.4351
0 -9.14 6.04 2.5792
0.375 -9.23 6.09 2.6866
0.325 -12.69 3.7 5.578
0 -17.19 -2.74 1.7709
0 -15.01 0.43 3.0265
0 -12.45 4.93 2.9412
7.3 -9.85 8.19 1.6226
5.4 -11.28 5.66 3.799
2.8 -11.24 -3.14 1.7763
5.575 -10.81 -1.04 2.2069
3 -12.7 -2.49 3.8736
0 -10.93 2.15 1.6695
0 -9.63 7.5 1.839
1.45 -8.55 4.9 4.413
1.35 -18.47 -0.86 6.5933
0.2 -14.79 -4.73 3.692
0 -12.69 0.92 1.5239
0 -10.36 7.34 3.2776
0 -8.53 10.53 3.0183
0 -6.46 13.47 1.6669
0 -5.02 15.27 1.0841
0 -3.44 15.84 2.2724
0.025 -0.93 14.61 3.1326
0.625 -5.84 8.63 3.7063
0.35 -13.83 -0.4 3.9636
0 -11.07 2.52 2.0639
0 -11.02 4.99 2.4101
0 -8.97 7.05 3.4033
0 -12.52 3.95 1.5254
1.1 -8.64 7.79 2.0436
22.775 -1.99 9.82 2.3658
15.3 -6.91 4.51 2.9953
0.875 -3.22 2.95 3.8984
1.55 -7.71 4.7 2.0614
0.825 -3.39 7.98 3.8396
0 -5.76 9.29 2.6364
0 -6.88 11.83 2.8127
0 -5.84 12.86 1.6218
0 -6.1 14.13 0.996
0 -3.85 13.59 0.7312
0 -4.79 14.64 3.0632
0 -2.82 12.5 3.3147
0 -6.79 11.9 2.1742
0 -5.08 11.98 3.2828
0 -3.2 14.18 1.3836
0 -2.7 15.83 1.8325
0 -0.98 18.63 0.3119
0.125 0.76 20.02 2.5765
0.1 0.92 17.64 3.1218
0 -2.2 14.35 2.1587
0 -2.81 14.61 0.9432
0.75 -1.93 15.72 2.4989
0.525 -1.96 14.5 2.9566
0 -3.89 13.52 2.828
0.475 -2.44 13.27 1.772
0.375 -3.45 13.94 1.1134
0 -2.72 14.6 0.6686
1.5 -1.67 15.9 1.5938
1.5 -1.78 15.83 2.2911
7.9 -0.65 13.08 3.4085
10.05 -0.62 12.17 2.1306
4.35 -2.07 12.8 1.8893
0.175 -3.59 11.87 2.1938
0.9 -1.6 10.23 1.0852
4.325 -6.37 7.26 2.3147
5.375 -5.24 9.14 3.9437
4.05 -8.27 2.98 2.7871
2.05 -4.89 4.59 2.8726
3.425 -3.18 8.29 2.5624
2.15 -2.82 9.93 3.4325
0 -2.4 9.2 3.152
0 -5.3 8 3.3529
0.025 -4.27 9.49 2.0556
1.375 -2.95 8.26 3.7594
1 -5.63 8.3 2.655
4.45 -3.65 9.58 2.3884
4.075 -1.84 9.64 2.234
1.675 -0.25 9.3 2.8428
0.875 -0.52 12.4 1.5104
0 2.54 16.45 2.8033
0 -0.52 16.78 3.569
0 -2.4 12.16 3.2152
0 -5 12.26 1.0368
0 -2.78 13.79 0.9091
0 -1.25 17.28 1.3044
0.175 0.37 18.89 2.6643
0.125 -1.58 17.22 1.7646
0 0.92 17.92 0.8695
0 1.38 20.58 0.3648
0 2.43 21.69 3.0444
0.225 2.79 20.72 3.1044
0.1 1.57 19.05 2.2172
0 3 19.46 1.4719
0 1.56 18.61 2.924
0 0.57 18.88 2.5043
0 -1.11 19.19 2.8461
0 0.52 19.33 2.7561
0 -1.18 17.81 3.0716
0 -0.31 17.16 2.7259
0 -1.8 16.82 2.6069
0 -2.22 17.45 1.9604
0 4.37 18.1 2.0468
0 1.92 18.86 2.4976
0 1.45 18.38 1.3201
0 0.36 19.81 0.5762
0 1.73 21.12 1.7582
0 2.9 22.72 2.2231
0 3.39 21.02 2.0508
0 4.12 22.92 2.1898
0 6.46 23.44 2.1126
0 4.97 23.29 2.5415
0 3.67 22.85 2.5345
0.125 2.86 22.48 2.101
0.775 4.52 22.25 2.0491
0.55 3.12 21.23 2.1634
0 3.5 21.69 2.1663
1.475 3.37 21.56 1.9638
1.05 3.79 21.88 1.9156
0.2 5.66 22.1 2.0513
0.175 4.59 20.69 2.7905
0 2.3 20.06 2.4251
0.575 3.57 20.88 2.2579
0.425 2.11 21.46 2.3908
0 2.26 20.52 3.0048
0 0.18 19.4 2.7754
0 2.98 18.68 2.3573
0 5.49 18.06 2.7105
0 1.45 16.03 3.452
0 -4.72 8.84 2.093
0 -3.94 9.86 1.2456
0 -1.73 14.64 0.1837
0 -0.7 17.4 1.1687
0 1.71 19.81 2.8651
0 2.33 19.84 2.6539
0 2.18 19.92 2.9393
0 0.73 18.32 3.3455
0 -2.34 16.84 1.2953
0 -3.04 16.23 0.263
0 -1.32 18.58 0.5646
0 -0.98 20.05 0.9099
0 0.4 22.47 1.203
0 1.93 22.87 1.7362
0.65 2.55 22.88 2.2551
5.2 3.22 22.7 2.4145
6.075 3.17 17.77 3.4002
1.85 -1.46 10.89 1.6982
0 -0.6 16.83 1.8109
0 -0.6 18.42 0.7643
0 -0.44 19.06 1.2831
0 0.22 19.76 0.926
0 1.76 20.57 1.4032
0 2 21.46 3.2572
0 1.56 18.03 2.3685
0 1.38 17.23 1.2535
0 0.77 18.4 0.1959
0 2.29 18.42 1.3291
0 2 18.7 1.9829
0 -1.6 17.75 2.1715
0 -0.18 17.7 2.0427
0 -2.09 16.45 1.3971
0 -1.92 16.75 0.6594
0 -1.1 16.63 1.0305
0 0.15 18.5 0.4278
0 0.01 18.91 0.981
0 1.6 20.71 1.5089
0.025 0.15 18.02 2.4596
0 -2.28 15.13 2.7227
0 -4.28 13.16 1.4827
0 -2.06 14.76 1.003
0 -0.83 18.13 0.4767
0 -2.47 19.24 1.246
0 1.65 20.12 2.5324
0 -0.17 17.75 1.1102
0 0.2 15.52 2.8526
0 -3.45 17.9 2.7509
0 -0.96 18.67 1.8656
0 -2.1 19.17 0.9591
0 -1.89 19.02 0.7591
0 -0.21 20.09 1.1999
0 -1.87 20.01 0.2871
0 -0.6 19.89 2.3099
0 2 17.44 2.7811
0 -11.1 8.33 2.3822
0 -11.55 5.11 2.7512
0 -9.02 9.25 1.0174
1.5 -3.01 11.38 3.4218
1.075 -11.86 7.76 3.7806
0 -13.86 -4.08 0.3996
0 -11.74 2.09 3.3444
0 -11.79 3.76 1.9047
0 -9.32 6.5 1.4539
0 -8.75 9.42 0.9199
0 -7.98 11.61 0.5213
0 -8.06 9.43 2.1449
0 -7.31 10.54 2.0089
53.575 -4.77 4.43 6.0957
36.15 -5.45 0.74 4.6501
0 -4.68 6.21 0.7625
0 -5.01 10.47 2.3716
0 -5.01 11.88 1.4159
0.05 -3.45 13.54 2.271
0.875 -0.42 11.54 2.7203
0.55 -9.47 4.37 2.9308
0 -9.93 4.91 1.1675
0 -8.8 8.98 0.7286
0 -8.3 8.91 0.765
0 -6.84 10.98 1.1139
0 -7.02 10.39 1.9973
0.025 -8.24 7.1 1.3679
2.925 -8.69 10.02 3.8905
2.075 -14.81 -5.28 5.2242
0.075 -16.07 -4.71 0.9204
0.05 -11.69 1.9 0.0535
0 -10.01 6.77 0.9778
0 -9.47 9.07 0.8933
0 -8.69 11.02 1.0929
0 -8.14 11.73 1.121
0 -8.82 11.73 1.747
0 -4.47 10.84 2.318
0 -9.46 8.45 0.6565
0 -11.7 6.61 1.3072
0 -13.92 5.12 1.8577
0 -13.08 2.3 1.4774
0 -10.53 5.91 0.9776
0 -8.8 5.48 0.965
9 -6 6.35 2.2935
6.275 -13.49 -1.93 1.0029
0 -14.34 -2.26 1.1957
0 -15.98 -0.87 2.8303
0 -13.97 1.54 2.3236
0 -12.75 4.19 1.9231
0 -10.82 6.22 0.9559
0 -14.99 1.44 2.3923
0 -11.7 2.6 3.93
0 -11.59 2.16 0.8229
0 -12.49 -0.97 0.4903
0 -15.05 3.01 2.6654
0 -14.38 0.75 3.9754
0 -13.39 2.53 4.2864
0 -14.28 2.97 2.8284
1.175 -10.54 2.22 1.6634
0.925 -11.69 1.35 4.6873
0.025 -15.09 -8.18 5.4159
0 -15.54 -3.1 3.8507
0 -14.8 -0.28 1.4264
0 -15.26 -0.77 2.3121
0 -16.1 -0.69 2.1681
0 -16.03 -2.57 2.142
0 -10.45 -0.4 1.5262
2.325 -18.85 -2.38 2.1574
8.025 -14.06 -8 1.3657
4.3 -24.68 -12.09 0.5477
0 -27.81 -12.17 1.8126
0.675 -24.89 -8.4 2.7817
6.65 -14.35 -5.17 2.741
31.275 -12.37 -6.27 3.7097
26.35 -13.26 -6.16 4.831
0.875 -18.68 -6.89 0.7209
0 -15.43 -9.56 2.8933
0 -16.29 -6.6 2.1971
0 -14.18 -4.17 2.3346
0 -15.53 -4.56 2.835
0 -17.38 -6.25 4.0779
0 -15.13 -8.9 2.9508
11.5 -11.5 -0.49 1.9211
7.65 -15.37 -2.35 3.8005
0.05 -21.06 -9.71 3.2151
0 -18.34 -8.53 3.6639
0 -17.59 -3.44 3.4989
1.3 -17.53 -9.23 3.9117
0.95 -17.06 -5.97 1.8321
0.675 -17.87 -5.77 3.3008
3.875 -14.86 -9.32 0.6391
2.9 -13.31 -7.42 1.4384
0.025 -13.38 -5.1 2.2798
0 -13.44 -3.01 1.6152
0 -15.91 -2.1 1.2243
0 -16.93 -4.9 4.0707
0 -15.89 -5.27 3.0028
0 -16.58 -3.65 2.2601
0 -14.99 -3.44 2.8056
0 -12.95 -2.07 2.9734
0.025 -12.22 -0.82 3.1777
0.9 -11.92 -0.91 2.2828
0.5 -10.55 -3.73 2.4644
0.05 -12.44 -4.98 3.0378
15.85 -11.33 -4.98 4.1968
12.075 -10.59 0.12 2.1466
0 -16.28 -3.63 1.4992
0 -16.05 -3.54 3.2848
0 -14.04 -2.91 1.6572
17 -14.46 -0.99 2.3825
50.075 -12.26 -3.53 4.5003
31.6 -14.12 -8.21 5.1654
31.875 -13.29 -9.45 6.0313
43.75 -17.56 -9.7 4.0109
21.9 -16.68 -12.7 4.4912
2 -20.09 -9.83 0.8096
0.475 -20.03 -10.85 1.9175
5.3 -16.07 -9.91 3.2205
3.275 -12.7 -6.25 2.7602
0 -14.46 -3.28 1.349
0 -17.74 -3.68 2.7689
0.55 -15.91 -7.88 3.0633
0.325 -15.05 -5.13 1.4843
0 -20.52 -5.03 1.0602
0 -18.16 -8.69 1.6759
0 -14.69 -6.46 1.8717
0 -15.97 -5.34 0.5852
6.05 -15.24 -6.59 2.2935
12.675 -12.13 -3.7 3.4404
10.525 -11.75 -4.87 1.898
3.45 -13.88 -5.41 2.7193
0.275 -12.91 -5.65 1.4226
1.875 -15.09 -6.04 2.4912
1.175 -16.53 -6.58 0.5806
0 -14.32 -5.46 0.7988
0 -13.4 -2.55 0.8966
0 -14.44 -0.61 1.5801
0 -15.23 -0.76 1.5558
0 -13.14 0.14 0.8944
0 -13.67 1.71 1.7921
0 -12.98 0.9 2.4276
0 -12.07 1.38 1.6184
0.925 -12.49 0.33 1.5676
3.175 -11.04 -3.34 2.7777
12.65 -10.77 -3 3.4169
7.9 -18.43 -5.59 2.5603
13.45 -17 -7.34 3.399
17.425 -11.56 -3.6 3.0109
2.15 -14.8 -4.12 0.5359
37.575 -12 -2.3 4.2521
27.575 -11.93 -1.12 2.2648
1.7 -11.8 -5.52 0.9694
0 -14.11 -2.01 2.4488
1.225 -11.62 -1.76 2.7549
11.65 -13.55 -1.8 3.1479
6.85 -15.7 -3.82 3.5532
0 -17.68 -6.43 1.2345
0.15 -12.76 -4.17 2.774
0.3 -14.38 -4.51 0.8516
3.825 -14.05 -1.52 2.3851
2.675 -19.07 -4.13 4.2092
0.25 -15.48 -6.7 2.115
0 -18.65 -7.8 0.4966
18.625 -14.29 -0.98 2.1121
11.775 -14.21 -0.66 2.7485
0 -18.76 -6.44 2.7355
0 -15.98 -0.4 3.7444
0 -13.17 3.26 1.7532
0 -10.96 5.31 0.7318
0 -9.92 5.22 3.1224
0 -13.91 2.51 2.1057
0 -11.87 5.58 2.1987
0 -10.83 5.64 1.2206
0 -11.63 5.28 1.201
0 -13.19 4.58 2.6844
0 -12.95 4.09 2.2781
0.125 -9.48 6.13 2.7086
0.075 -14.08 -0.17 3.0127
0 -14.28 -1.69 2.926
0 -11.81 2.84 1.6825
0.15 -6.71 7.13 2.7385
6.675 -8.94 7.76 6.1826
4.875 -13.16 -3.23 3.6509
1.325 -18 -5.92 1.0516
3.1 -16.19 -2.1 2.4422
0.425 -10.75 -0.73 2.411
16.475 -15.08 -1.39 2.7816
11.375 -14.2 -4.06 3.8753
0.05 -18.35 -5.86 0.9775
0 -15.24 -0.49 2.2091
0 -12.34 4.27 0.6056
0 -11 7.01 1.4692
0 -11.17 3.62 1.989
10.275 -7.18 4.49 3.7822
9.55 -14.83 -1.76 4.7162
1.5 -13.97 -4.85 1.1151
0 -12.24 0.28 0.6898
0 -11.45 2.73 0.9054
0 -7.91 7.18 2.8479
0 -10.77 7.34 1.3323
0 -10.41 9.91 0.9952
0 -8.85 10.26 2.0502
10.45 -6.31 8 3.0473
10.375 -12.9 -1.89 2.9595
4.925 -12.01 -5.1 1.4717
1.7 -9.79 -4.97 1.8043
0 -9.8 5.12 0.6969
0 -8.17 8.84 1.5515
0 -9.02 8.05 0.7034
1.275 -2.74 10.39 4.4077
3.125 -9.91 2.2 5.5841
3.175 -15.39 -3.36 4.4192
1.2 -13.08 -2.94 3.7089
0 -11.79 1.6 2.1066
0 -10.98 6.96 2.6045
0 -9.28 7.88 1.269
0 -6.42 10.86 2.0439
0 -4.18 9.37 3.6865
0 -11.76 5.99 2.2072
0 -11.47 3.6 1.1541
0 -6.31 7.95 3.0299
0.95 -9.24 6.24 3.9852
4.375 -12.07 0.46 3.6259
2.575 -14.69 -1.06 5.212
0 -9.83 0.56 2.6709
0 -9.62 4.95 1.298
0 -9.02 6.12 0.7895
0 -6.56 8.98 0.6597
0 -4.97 11.79 1.5031
1.75 -1.22 10.55 2.256
1.05 -9.87 6.91 2.729
0 -6.34 6.16 1.8715
0 -3.47 9.21 3.4657
0 -4.66 8.78 4.5831
2.95 -11.49 3.64 3.9399
2.6 -12.84 -1.41 4.0848
0.2 -9.56 -0.52 2.4219
0.6 -10.48 1.68 1.7334
1.1 -6.91 6.25 3.5995
2.45 -9.11 3.13 2.9918
1.2 -10.95 0.56 4.0728
0 -11.72 1.95 2.1005
0 -8.61 9.32 0.7932
0 -4.95 12.76 2.7739
0 -0.3 12.09 2.9629
0 -3.53 11.01 2.8421
0 1.01 14.49 3.0638
0 3 13.64 3.1661
0 1.99 12.73 2.2056
0 1.75 17.74 3.2975
0 5.1 18.23 3.2978
0 -0.19 16.94 2.2905
0 2.41 16.64 4.2129
0 -0.38 12.98 4.7448
0 -4.41 9.03 5.3524
0 -3.57 3.96 4.3597
0 -4.3 10.33 1.3217
0 -3.42 13.05 1.561
0 -0.56 16.83 3.4462
0 -3.17 14.81 3.3564
0 -6.4 9.16 0.7264
0 -3.91 13.82 2.326
0 -4.35 12.08 3.3189
0 -4.97 11.67 2.5439
0 -3.81 13.48 1.2994
0 -3.89 11.88 0.9765
0 -0.96 16.11 1.5074
0 -0.03 16.91 2.1422
0 2.19 14.86 2.5763
0 -0.5 14.7 2.1898
0 1.43 16.16 0.684
0 3.42 20.24 1.4223
0 3.99 21.1 3.3927
0 1.46 20.14 3.1252
0 -2.72 15.83 2.7337
0 -1.2 17.44 2.7167
0 -1.37 17.09 1.8125
0 -1.63 15.54 0.9573
0.525 -3.22 16.42 1.7908
2.375 0.81 19.36 2.4016
1.35 1.33 18.86 1.8913
0 1.44 17.7 2.1336
0 3.5 19.61 2.0925
0 2.49 19.1 1.8239
0 2.35 19.71 2.5308
0 3.88 19.46 3.4557
0 5.3 20.59 3.7482
0 2.84 19.3 1.9836
0 3.42 21.54 1.0889
2.025 3.95 22.35 2.5368
1.525 2.52 18.46 2.8109
0 3 21.52 2.6451
0 3.84 22.98 2.2849
0 3.28 23.06 2.188
0 2.79 22.15 2.8266
0 2.23 20.76 1.1696
0 2.57 20.48 2.2822
1.625 3.41 21.49 1.875
3.975 4.73 21.76 2.2693
1.925 3.12 19.43 2.6226
0 0.91 18.93 1.8992
0 0.83 19.42 2.2682
0 1.85 19.26 1.8056
0 2.11 20.02 2.2233
0 1.54 20.28 2.5721
0 1 19.58 2.1709
0 0.92 19.91 2.4917
0 0.74 20.54 1.6531
0 1.13 20.14 2.0358
0 1.51 20.01 2.0325
0 0.37 19.45 2.1062
0 1.31 18.88 2.5031
0.275 1.16 17.27 2.8532
0.15 0.06 14.9 2.0921
0 -0.7 16.61 2.0322
0 -0.14 17.2 2.4421
0 -1.27 13.87 1.0461
0 -0.43 17.34 1.1121
0 1.25 19.56 2.0461
0 0.89 19.87 2.6295
0 1.95 19.59 1.2346
0 1.77 20.7 2.0325
0 4.45 21.55 2.0822
0 1.98 19.12 1.8928
0 0.1 19.12 2.2042
0 2.61 20.68 2.2393
0 2.7 17.35 1.8904
0 -1.52 15.19 2.7789
0 0.27 19 2.3461
0 0.09 22.12 0.8354
0 5.64 22.8 2.6138
0 3.67 22.3 2.9313
0 0.77 18.14 3.2474
0 -2.2 8.98 2.2801
0 -5.23 7.34 2.332
0 -4.99 10.6 0.8802
0 -3.31 15.07 0.595
0 -1.59 19.08 0.5179
0 -0.29 20.3 1.0833
0 0.9 20.89 1.5736
0 -1.25 19.81 2.0262
0 -3.35 17.97 1.4697
0 -2.2 17.46 2.847
0 1.56 16.52 3.2803
0 -7.65 7.76 2.1911
0 -6.24 12.06 0.8427
0 -4.7 13.7 0.9004
0 -2.8 15.84 1.0675
0 -3.26 16.12 1.874
0 -4.31 14.52 1.4882
0 -4.27 15.17 0.5848
0 -4.33 15.93 0.9981
0 -4.03 16.93 1.6977
0 -3.92 16.52 1.5138
0 -2.98 17.11 1.6789
0 -5.7 14.08 0.9366
0 -6.38 14.49 1.1812
0 -2.45 14.66 2.7122
0 -6.2 10.56 0.8049
0 -4.75 14.42 0.5046
0 -3.53 17.25 1.1252
0 -2.05 19.48 0.629
0 -1.37 19.96 1.2279
0 0.06 21.01 0.4926
0 1.25 21.21 0.4777
0 -0.57 21.07 0.3355
0.25 0.67 17.88 0.7008
7.35 -0.6 15.23 1.4403
25.075 0.25 14.25 1.7137
38.45 -2.75 6.18 1.6711
12.325 -6.03 0.55 1.2959
8.125 -8.69 1.93 0.8068
2.65 -8.56 0.53 2.168
3.675 -9.24 3.9 0.8668
0 -6.87 8.32 1.7826
0 -6.04 10.29 1.7704
0.025 -4.51 12.92 1.4896
0 -3.92 12.63 2.5623
0 -4.14 12.87 1.9083
0 -4.8 13.24 0.9782
0 -4.83 13.23 0.879
0.025 -3.81 12.77 1.4793
2.575 -2.59 9.33 0.874
2.425 -4.27 5.72 1.3089
0 -4.52 5.3 2.0704
0.65 -6.23 8.08 1.213
0.375 -5.47 7.65 2.1577
1.725 -7.62 6.5 2.0111
5.075 -3.83 5.27 1.9262
36.175 -2.42 3.29 4.5845
17.8 -7.38 3.53 4.0538
0 -10.02 1.27 1.6076
0 -14.27 0.62 3.1096
0 -11.91 0.7 3.291
3.3 -8.55 5.77 2.1344
2.325 -8.11 7.03 2.1185
0.1 -10.07 0.71 0.9732
0.325 -9.59 5.25 1.9216
0.6 -8.53 8.42 3.5186
0 -7.58 11.12 3.3086
0 -5.57 11.98 2.3405
0 -3.93 10.85 1.2158
0 -4.36 9.43 2.5047
16.625 -8.15 7.36 2.9425
9.525 -12.05 1.83 2.9992
1.2 -15.7 -2.98 0.5348
0.8 -15.05 -2.42 1.6355
0.6 -14.35 -3.16 2.7696
0.325 -13.87 -0.97 1.4892
0 -13.04 2.88 3.2843
0 -11.28 0.68 1.5458
0.3 -7.37 5.28 2.393
0.025 -10.1 6.59 0.698
0 -14.41 4.87 2.1671
0 -4.12 6.08 2.628
16.9 -3.94 6.39 3.2938
31.425 -12.51 2.22 3.5473
18.6 -15.69 -5.74 5.5457
3.875 -15.45 -10.2 3.2339
8.375 -14.94 -6.52 4.6402
5.8 -21.13 -8.88 0.9443
0.975 -25.5 -10.14 3.2579
0 -19.07 -7.33 3.233
12.05 -16.26 -5.11 3.0332
6.2 -20.13 -4.4 3.2232
0.3 -22.94 -9.95 1.9705
1.4 -19.74 -10.51 2.9196
0 -19.09 -4.31 2.1561
0.075 -14.25 -0.09 2.4436
0.375 -4.63 2.27 1.7358
0 -7.22 3.37 1.6341
16.175 -11.3 -1.14 1.9221
10 -9.23 1.22 3.1577
0 -12.38 -2.17 2.4215
1.125 -11.16 0.09 1.6974
2.4 -8.12 1.65 1.154
0.45 -6.91 1.11 1.4033
0 -7.5 2.95 0.5736
0 -11.83 4.37 2.2525
0 -12.25 2.54 1.6209
10.3 -11.55 1.69 2.0275
7.725 -11.33 0.08 1.9516
4.5 -13.28 -4.47 2.4914
42.9 -12.53 -5.99 3.3953
78.225 -10.81 -6.89 5.4564
78.05 -9.94 -3.9 6.5629
45.55 -13.02 -5.8 2.0607
20.075 -13.98 -11.67 1.8834
4 -16.41 -8.26 2.1279
1.475 -13.35 -6.79 0.3659
0.4 -14.8 -5.93 2.7513
20.3 -18.7 -4.91 5.043
9.8 -14.09 -4.85 1.9364
0 -15.93 -9.39 1.1496
24.025 -15.03 -7.98 2.2326
21.775 -13.84 -7.26 4.747
1.225 -22.73 -7.16 3.091
2.675 -23.55 -12.79 1.0686
13.525 -21.17 -12.2 3.3664
16.075 -16.15 -12.49 4.5312
27.175 -15.84 -11.6 2.6142
0 -18.74 -8.91 3.0034
0 -20.27 -10.58 3.7876
0 -17.88 -10.63 5.5314
0.125 -17.1 -10.3 4.0175
0 -17.93 -10.33 1.7447
0 -19.28 -9.22 1.008
0 -18.76 -5.2 3.3599
3.8 -18.41 -8.92 3.115
4.45 -15.84 -7.55 1.4225
0 -16.5 -5.33 1.5624
0.125 -15.7 -2.68 1.5563
0.275 -15.41 -2.82 2.3314
0 -11.82 -2.2 1.2078
0.55 -10.49 0 0.6767
0.025 -14.78 -1.54 2.1416
0 -12.28 -0.32 1.3608
0 -16.43 0.12 4.3219
0 -15.49 -1.8 3.5241
0 -14.53 -1.62 2.6741
0 -15.6 0.36 3.5521
0 -15.15 -2.58 2.1598
0 -14.54 -0.87 2.1026
0 -15.13 -0.11 4.9277
0 -15.54 -0.73 3.0474
0 -14.95 -1.3 1.7301
3.175 -13.3 0.06 0.7134
10.9 -12.17 1.54 1.7807
3.725 -14.94 -6.83 1.8212
0.275 -15.39 -5.01 2.208
0 -21.68 -5.7 3.1491
0 -18.47 -5.15 2.1808
0.275 -15.53 -2.05 3.0791
0.025 -12.83 1.26 1.794
0 -9.34 1.49 1.9969
0 -11.04 2.16 0.7003
0.125 -15.11 4.21 2.3193
0.075 -18.84 -3.34 3.6736
0 -19.06 -4.95 3.8672
0 -17.53 -3.12 3.8853
0 -15.4 0.04 2.5345
0 -13.72 2.55 1.4914
0 -10.67 2.53 3.0283
7.775 -7.36 0.98 3.6074
33.475 -11.98 1.02 6.2234
19.875 -15.83 -8.75 3.9965
37.475 -13.56 -10.2 3.376
33.7 -14.61 -6.34 4.4379
2.5 -21.99 -8.02 0.9302
0.025 -21.99 -8.55 1.1748
0 -18.93 -9.4 0.3701
0 -19.96 -5.04 0.1786
4.3 -14.93 -5.66 2.4055
15.625 -14.7 -5.87 6.0736
20.05 -19.71 -10.11 0.5366
0.025 -22.4 -10.94 0.5525
0 -20.31 -7.04 2.0416
1.425 -18.61 -3.1 1.7348
5.05 -16.4 -2.81 3.2081
6.85 -11.6 -1.35 2.0232
1.1 -16.71 -1.97 1.397
0.825 -12.29 -0.35 0.5861
9.325 -9.64 2.62 1.8074
15.775 -10.73 -2.65 4.7462
0.55 -13.67 -4.23 0.7536
0.625 -12.25 1.91 1.5433
0.025 -10.49 4.67 1.412
0.35 -10.34 3.87 1.1308
0.2 -11.32 3.35 0.8644
0.45 -12.31 3.32 0.8486
0.4 -9.07 0.91 1.1
3.825 -8.61 4.16 1.3259
25 -7.95 4.97 3.1494
6.35 -14.76 -0.68 0.9694
18.85 -12.56 -1.91 3.1963
34.575 -14.54 -5.68 5.0137
61.2 -12.65 -7.17 6.5896
13.475 -13.86 -8.96 2.9311
5.7 -16.29 -6.04 0.7478
16.975 -15.22 -7.22 4.1708
40.125 -15.49 -8.06 5.2377
25.25 -17.07 -7.48 4.2365
10 -13.79 -4.6 2.8504
4.475 -12.44 -5.67 1.742
0 -11.35 0.25 0.5339
0 -12.72 1.86 1.0809
0 -11.12 2.98 2.4068
0 -9.1 5.55 2.1701
0 -7.38 10.47 1.5647
0.025 -4.48 12.84 1.7538
0 -11.04 7.65 1.1311
0.1 -11.09 3.82 2.1137
0 -8.24 9.16 1.6905
2.925 -9.7 8.47 1.4704
6.075 -12.73 6.07 3.7316
7.4 -18.9 -7.41 1.4052
3.275 -16.77 -9.84 1.6875
0.175 -15.8 -4.41 0.6572
0 -12.11 1.44 1.4291
0 -12.09 4.05 1.4603
0.125 -9.89 4.05 3.1331
1.6 -14.57 -4.3 0.6559
0 -11.07 2.72 0.7434
0 -8.68 8.37 1.3498
0.05 -7.65 10.16 2.4807
0.025 -6.62 9.54 3.4482
0 -7.64 4.89 2.0175
0.375 -6.92 6.96 2.6178
9.475 -6.39 1 2.7954
3.4 -10.88 2.9 0.8564
2.125 -9.79 2.57 1.8369
0.15 -7.81 2.13 2.9707
0.925 -8.6 0.36 2.8088
0.025 -11.49 2.08 3.0197
0 -9.97 5.04 0.8833
0 -8.07 8.63 2.7934
0 -11.93 5.54 4.8052
0 -13.57 0.84 3.9433
0 -12.17 2.33 2.1468
0 -9.99 6.38 0.6713
0 -7.28 10.05 0.9075
0 -6.94 11.76 3.1836
0.1 -5.68 12.7 0.9902
0 -4.14 14.26 1.9208
0 -2.64 13.14 2.316
0.5 -5.03 10.24 3.5096
2.75 -11.08 2.09 3.785
4.325 -12.06 -3.29 3.1362
0 -9.58 4.3 1.6946
0 -6.21 9.56 1.2997
0 -4.71 11.72 0.6819
3.125 -4.64 12.7 3.1575
8.325 -12.85 5.95 3.2907
3 -13.48 -4.6 1.1792
9.275 -10.43 -1.11 3.4437
22.05 -11.36 -2.35 2.7479
2.75 -10.08 -1.12 3.93
0.1 -10.01 3.42 1.9893
0 -5.42 9.61 1.9264
0 -5.4 9.35 2.7868
0 -7.12 7.94 4.4007
0 -9.41 5.88 2.5009
0 -6.36 8.77 2.9735
0 -5.95 7.59 3.0382
1.075 -6.31 7.47 3.622
2.3 -5.76 7.5 4.5976
5.825 -12.24 2.51 5.1784
2.05 -11.19 -0.53 3.0345
0.05 -8.9 3.72 3.0591
0.15 -7.52 4.83 3.3529
0.925 -10.08 1.36 1.9033
0 -10.29 2.4 0.6471
15.15 -4 5.29 2.7189
20.675 -5.7 -1.18 1.658
8.05 -6.8 6.21 3.789
0.9 -7.68 4.52 1.7774
0.475 -6.36 7.15 3.1108
0 -4.93 10.05 1.6451
0 -3.48 12.94 2.0619
0 -3.66 13.27 2.9999
0 -2.98 11.47 2.5622
0 -2.37 12.71 2.8031
0 -1.13 14.84 1.4163
0 0.27 18.01 2.0051
0 -0.4 18.42 2.7021
0 -3.4 13.5 1.0649
0 -2.75 12.17 3.0853
0 -1.69 15.37 2.1268
0 -2.42 13.91 0.1895
0 -0.2 18.41 0.2671
0 1.83 20 2.4682
0 1.87 20.03 3.2697
0 -0.85 17.69 2.893
0 -2.67 17.56 2.8492
0 -2.28 16.4 2.2262
0 -1.02 18.22 2.1477
12.125 1.32 18.54 2.9685
27.825 -2.03 14.18 2.6836
11.05 -4.87 6.6 2.1719
0 -2.38 15.58 0.6396
0 0.03 19.68 1.0257
0 2.15 21.62 1.0171
0 2.63 21.47 1.8709
0 2.92 20.82 1.9576
0 4.32 18.84 2.4446
0 3.55 19.31 2.9098
0 1.25 17.8 2.4217
0 0.97 19.23 2.653
0 -0.88 18.86 2.3115
0 0.13 18.13 2.4672
0 -0.57 17.43 2.4605
0 -0.56 16.81 3.193
0 -1.88 15.28 2.5893
0 -0.25 14.12 3.0882
0 -2.26 14.06 3.0635
0 -1.55 14.27 2.008
0 -1.55 16.01 1.6563
0 -0.71 17.23 2.1134
0 -0.93 18.01 1.2323
0 0.23 18.48 2.3838
0 0.94 19.67 2.9499
0 1.31 19.24 1.8449
0 2.61 20.22 2.0557
0 0.75 20.28 2.2728
0 -0.72 19.47 1.9048
0 0.08 19.54 1.7925
0 1.2 19.04 1.368
0 4.36 20.63 2.0821
4.125 2.17 21.15 2.8837
4.05 2.79 18.59 2.1062
2.625 1.47 14.95 1.6472
0 1.14 18.22 2.0338
0 0.6 18.94 2.176
0 -0.17 19.4 3.0887
0 0.08 17.71 2.1974
0 -0.45 18.15 3.0561
0 -0.72 18.62 2.4335
0 -0.01 18.51 1.8319
0 0.02 19.79 1.8569
0 0.26 19.32 2.1867
0 0.21 19.19 2.6526
0 0.69 20.07 1.4798
0 2.48 19.86 1.3776
0 0.77 19.44 2.2116
0 2.26 18.69 1.6317
0 0.97 17.72 0.9669
0 1.52 18.52 1.3835
0 0.3 20.07 1.1814
0 1.27 21.04 2.5032
0 1.88 19.44 2.0632
0 0.37 18.3 1.4645
0 0.3 17.96 1.0885
0 -3.39 16.39 1.0832
0 1.71 20.63 2.101
0 2.19 20.71 1.4155
0 1.32 19.91 1.0347
0 4.46 21.32 1.2488
0 4.33 21.25 1.5956
0 3.38 21.25 1.652
0 1.92 20.97 2.0718
0 -0.99 20.35 2.0108
0 -1.39 18.9 0.8492
0 -0.67 17.65 0.7781
0 -1.06 18.86 0.9369
0 1.05 18.59 0.8904
0 3.68 18.98 1.7743
0 0.76 17.31 0.5885
0 0.2 18.37 0.8834
0 3.28 18.76 0.6865
0.7 1.65 17.81 1.8913
4.15 0.2 15.49 1.2193
5.7 0.63 14.54 1.2188
18.4 -1.5 9.84 1.1911
4.725 -0.31 12 0.6229
12.25 -1.88 14.13 0.914
0 -1.26 13.19 2.4371
0 -0.06 14.7 2.1259
0 -1.78 12.42 1.6126
0 -1.58 13.14 0.2165
2.175 -0.95 15.73 0.4124
1.525 0.59 17.71 0.91
0 -0.26 17.58 0.4115
5.8 0.71 18.14 0.5109
0 1.62 17.87 0.8829
0.35 1.41 19.05 1.6978
10.3 -1.02 14.21 2.3271
0.1 -2.99 11.08 1.5621
0 -2.02 14.31 0.4989
0 -0.69 16.44 0.7424
0 0.11 16.37 1.0592
0.025 -1.22 17.36 1.6756
0 1 17.21 2.6395
0 2.14 14.33 2.1388
0 0.17 12.96 2.3397
19.8 -3.95 8.69 2.4645
35.225 -8.23 5.41 4.0469
13.2 -10.19 -0.08 0.6088
2.225 -11.7 -0.05 1.0501
0 -9.62 3.48 1.2444
0 -8.47 6.11 1.486
0.325 -6.11 8.02 1.7275
2.95 -5.31 6.17 1.6964
0.475 -6.14 11.34 0.9392
0 -5.26 13.12 0.7107
0 -4.18 15.33 0.8131
0 -4.56 15.66 1.2825
0 -3.18 12.54 1.9051
0 -3.52 11.59 1.9898
0 -4.24 10.9 2.1567
0 -4.13 12.32 0.5808
0 -5.85 10.79 0.6759
0 -5.64 10.67 0.374
0 -5.79 10.8 2.2382
0 -6.7 11.85 1.8951
0 -5.16 11.44 2.5356
0 -6.4 8.99 1.406
0 -10.9 6.13 3.9444
0 -10.97 1.78 3.4746
0 -10.82 5.36 2.3039
0 -9.83 7.44 0.8207
0 -9.65 9.06 2.4078
0 -9.06 9.2 0.2942
0 -8.48 9.24 3.2181
0 -11.84 2.66 4.177
1.775 -12.74 3.29 4.0631
10.3 -13.12 4.04 1.9728
3.625 -16.86 -7.83 0.3259
9.75 -15 -6.31 1.4993
0.225 -14.78 -6.51 1.0622
0 -15.08 -5.63 2.455
0 -14.64 -3.13 3.4422
0 -14.71 0.26 3.0564
2.25 -11.72 -0.5 3.1935
3.175 -8.46 -2.32 1.109
0 -10.58 0.65 0.2701
0 -9.32 2.53 0.54
0 -11.58 3.29 0.5153
0 -12.16 4.43 0.866
0 -12.68 3.2 1.2657
0 -11.66 3.38 3.5147
0.45 -12.01 -0.89 2.2738
1.975 -11.75 -3.33 3.7506
2.425 -15.38 -6.28 1.4113
0 -14.59 -3.99 2.0287
0.35 -13.13 0.23 3.3506
0 -10.82 4.83 2.2223
0 -13.02 2.48 0.8644
0 -13.79 2.71 3.0254
0 -11.28 3.52 2.4092
0 -11.28 3.44 1.0566
0 -11.43 4.67 2.0351
0 -11.59 3.97 3.0605
0 -14.32 -0.54 9.5775
0 -15.76 -7.07 4.0594
0 -18.17 -2.65 4.708
0 -18.67 -5.71 2.6148
0 -17.64 -2.47 3.5083
0 -18.52 -4 3.021
0 -17.01 -2.95 3.7134
0 -15.93 -1.35 4.0676
0 -17.97 -0.53 4.3456
0 -17.94 -1.93 3.2317
0 -17.2 -3.47 1.3294
0 -18.43 -4.11 1.6745
0 -18.19 -7.38 1.4506
0 -18.11 -5.35 1.1586
0 -15.58 -4.79 0.9891
0 -14.99 -6.07 6.0626
0 -16.9 -3.3 5.0132
0 -17.67 -2.77 2.5267
0 -13.92 -0.84 4.6384
0 -18.64 -2.97 4.7969
0 -16.25 -5.63 3.3476
0 -21.39 -1.99 4.6182
0 -20.71 -4.3 3.9378
0 -19.15 -3.26 4.8408
0 -18.15 -1.45 3.1665
0 -16.64 -0.43 1.3827
0 -15.15 1.51 1.2099
0 -15.48 -0.76 1.1065
0 -10.53 4.39 0.9821
0 -11.3 2.98 1.228
0 -13.58 3.77 2.4152
