0.2 -19.6 -2.18 1.6208
4.45 -11.66 -1.81 1.7076
2.3 -17.94 -1.02 1.6847
0 -22.19 -10.49 4.4334
0.325 -22.59 -9.92 1.5006
0.175 -14.72 -1.31 0.818
0 -12.64 2.14 1.2295
0 -12 0.13 0.7047
0 -16.32 2.71 4.8116
0 -17.81 -2.82 3.14
0 -15.45 -1.7 2.0168
0 -15.5 3.36 5.4177
0 -15.16 2.61 3.6298
0 -16.34 1.55 2.7963
0 -15.01 2.18 3.7498
0 -15.86 1.61 4.8913
0 -16.45 2.02 4.1819
0 -17.29 -0.43 4.7533
0 -16.55 1.51 4.817
0 -14.8 -2.29 3.2922
6.375 -12.24 1.78 2.754
12.7 -9.98 -1.51 2.1393
12.85 -11.19 -3.84 1.5449
15.05 -8.42 -3.62 2.8666
5.525 -12.1 -3.42 3.8217
0.75 -18.26 -8.03 0.7993
0 -21.05 -9.3 1.1922
0 -15.84 -5.59 1.5285
0 -17.06 -1.6 4.284
0 -16.19 0.11 4.5281
0 -15.59 1.17 3.0308
0 -14.08 2.2 3.2462
0 -15.27 -0.06 3.5994
0 -14.22 3.76 3.7865
0 -13.32 3.73 3.0391
3.225 -8.51 3.69 2.6268
28.575 -12.51 -1.48 2.5024
18.025 -12.67 -7.01 2.8847
10.3 -15.08 -6.56 1.3815
5.325 -17.37 -3.83 4.0307
5 -23.97 -10.72 0.6337
4.875 -15.6 -7.75 2.3112
1.625 -18.56 -6.05 1.4716
2.25 -17.99 -7.18 2.9544
1.4 -17.73 -9.93 2.9098
2.85 -16.35 -6.43 5.1528
17.525 -14.91 -7.45 5.521
16.025 -16.06 -10.21 4.0409
0.55 -20.28 -7.11 0.8933
0 -19.41 -6.66 3.3484
0 -18.83 -4.55 2.4022
1.65 -17.41 -2.27 3.7993
9.45 -10.67 -1.83 3.1116
5.5 -9.43 -2.07 2.3196
0.775 -10.2 1.73 1.575
0.45 -9.24 3.32 1.5327
0 -9.76 -0.86 2.6157
0 -13.56 0.39 0.4904
0 -12.55 2.69 3.8589
18.95 -6.55 2.39 2.9562
16.275 -9.52 3.77 4.1125
11.35 -10.42 -2.93 5.0181
9.45 -13.42 -7.26 3.4026
1.025 -23.5 -7.73 0.6789
0.4 -16.15 -5.7 1.9678
0 -18.3 -5.6 0.2288
0 -16.45 -1.74 1.8046
0 -12.81 0.93 2.8889
0 -19.55 -5.2 0.6052
0 -15.63 0.38 0.7782
0 -14.93 -0.03 2.4302
0 -15.55 0.82 2.8542
0 -15.22 3.32 1.4296
0 -12.45 3.02 2.3897
0 -9.14 4.68 2.7094
0 -9.56 6.2 1.0981
0 -10.84 5.81 0.9268
0 -8.95 8.34 0.8014
0 -10.1 9.07 0.8549
30.725 -7.08 8.77 2.2369
27.725 -14.18 0.3 4.3869
0.625 -20.27 -9.93 2.3449
0 -18.72 -7.13 1.8632
0 -14.59 0.21 0.4477
0 -7.5 3.71 2.3822
0 -13.19 2.63 2.1571
0 -12.19 4.5 1.3651
0 -6.38 8.33 3.3666
0 -16.76 4.43 2.0141
0 -12.94 3.11 0.4371
0 -9.07 6.12 2.5759
0.4 -9.41 6.3 2.6982
0.325 -13.03 3.62 5.5764
0 -18.06 -2.48 1.7653
0 -15.32 0.07 3.0442
0 -12.89 4.59 2.9541
4.8 -9.71 7.88 1.6102
3.075 -11.61 5.73 3.8746
1.375 -11.41 -2.29 1.8017
6.9 -10.6 -0.21 2.1804
4.3 -12.69 -2.34 3.8607
0 -11.03 2.24 1.6361
0 -9.64 7.82 1.8536
1.775 -8.7 5.5 4.3945
1.575 -19.1 -0.93 6.6253
0.175 -15.11 -2.93 3.698
0 -12.87 0.59 1.5378
0 -10.32 7.27 3.3003
0 -8.84 10.61 3.0367
0 -6.65 13.21 1.6623
0 -5.59 15.15 1.0657
0 -3.91 15.66 2.2974
0.025 -0.53 14.28 3.1938
0.575 -6.18 8.49 3.6767
0.3 -14.1 -0.62 3.9475
0 -11.15 2.94 2.0211
0 -11.21 4.94 2.4185
0 -8.74 7.35 3.4372
0 -12.52 4.17 1.5005
0.325 -8.08 8.42 2.0195
8 -1.62 10.37 2.3906
5.825 -6.66 4.55 3.0332
0.375 -3.13 2.66 3.9698
1.85 -7.81 4.88 2.0955
1.125 -3.21 8.14 3.9274
0 -5.92 9.33 2.6628
0 -6.96 11.56 2.7855
0 -6.3 12.9 1.6149
0 -6.58 14.43 0.9548
0 -4.03 13.77 0.7025
0 -4.84 14.77 3.0526
0 -1.88 12.36 3.3213
0 -6.96 12.09 2.1312
0 -5.35 12.16 3.2492
0 -3.19 14.69 1.3796
0 -3.12 15.79 1.8804
0 -1.18 18.4 0.3238
0.1 0.54 19.76 2.5959
0.1 0.35 17.29 3.1579
0 -2.44 14.3 2.1229
0 -2.84 14.88 0.8954
1.025 -2.12 16.1 2.4697
0.725 -2.25 14.81 2.9366
0 -4.17 13.42 2.7996
0.575 -2.4 13.47 1.7466
0.425 -3.94 14.12 1.1167
0 -2.93 14.54 0.6781
0.8 -2 16.43 1.5532
1.625 -1.73 15.83 2.2734
11.5 -0.72 13.14 3.4116
14.075 -0.68 11.51 2.1091
5.975 -2.38 12.54 1.8485
0.225 -4.02 11.58 2.1739
1.225 -1.79 10.75 1.0622
2.125 -6.65 7.08 2.2952
2.85 -5.13 10 3.99
3.1 -8.44 4.04 2.8259
1.975 -4.76 4.66 2.8756
4.25 -2.72 8.41 2.5523
2.675 -2.52 10.41 3.4118
0 -2.16 9.65 3.1455
0 -5.31 8.2 3.3327
0.525 -4.29 10.17 2.0056
1.55 -2.97 8.94 3.7603
0.9 -5.77 8.66 2.6524
6.125 -3.67 10.23 2.3747
5.225 -1.9 10.32 2.2149
1.775 -0.13 9.31 2.827
0.925 -0.24 12.5 1.5046
0 2.72 16.34 2.7905
0 -0.15 17.07 3.5341
0 -2.09 12.19 3.1896
0 -5.22 12 1.0852
0 -2.84 13.79 0.9443
0 -1.13 17.11 1.3051
0.225 0.58 19.1 2.6921
0.15 -2.05 16.99 1.7244
0 0.76 17.96 0.8873
0 1.37 20.19 0.3468
0 1.91 21.57 3.0406
0.025 2.5 20.39 3.0982
0 1.12 18.91 2.2091
0 3.01 19.4 1.4418
0 1.59 18.7 2.9335
0 0.37 18.79 2.5103
0 -1.14 19.28 2.8693
0 0.1 19.92 2.7926
0 -0.99 17.98 3.0939
0 0.13 17.37 2.7243
0 -1.71 17.6 2.6004
0 -2.08 17.59 1.9668
0 4.48 18.46 2.0866
0 2.34 18.86 2.5407
0 1.55 18.36 1.3371
0 -0.1 19.91 0.6504
0 1.26 21.21 1.7381
0 2.88 22.51 2.2493
0 3.02 21.84 2.0523
0 4.21 23.1 2.1855
0 6.47 23.12 2.151
0 4.49 22.82 2.5435
0 3.6 22.6 2.549
0.2 2.84 22.41 2.1066
0.85 3.94 22.84 2.0595
0.575 2.85 21.38 2.1841
0 3.54 22.09 2.1969
2.075 3.47 21.99 1.9729
1.475 3.78 21.62 1.8746
0.2 5.61 21.89 2.014
0.225 4.03 20.8 2.7752
0.025 1.47 20.05 2.404
1.675 3.07 20.93 2.2097
1.15 1.64 21.85 2.3639
0 2.42 20.27 3.0535
0 0.11 19.77 2.8283
0 3.35 19.26 2.4465
0 5.71 17.82 2.7659
0 1.67 16.05 3.5125
0 -5.02 8.71 2.0946
0 -3.86 10.04 1.2342
0 -1.79 14.72 0.1709
0 -0.77 17.17 1.1426
0 1.3 19.63 2.8667
0 1.68 19.49 2.6865
0 2 19.89 2.9548
0 0.05 18.46 3.3202
0 -2.84 17 1.3059
0 -3.17 16.17 0.2732
0 -1.6 18.71 0.5867
0 -1.28 20.24 0.9483
0 0.7 22.32 1.2198
0 1.31 22.87 1.704
1.65 2.22 23.24 2.2794
5.6 2.97 22.67 2.4059
6.85 3.16 17.73 3.4644
2.125 -2.16 10.78 1.712
0 -0.48 16.72 1.8179
0 -0.53 18.76 0.7911
0 -0.42 19.36 1.2875
0 -0.04 19.77 0.9277
0 1.49 20.24 1.4245
0 1.43 21.33 3.2881
0 0.79 17.73 2.4101
0 1.05 16.89 1.3261
0 0.05 17.72 0.1911
0 2.14 17.98 1.3355
0 1.63 18.38 1.9642
0 -1.98 17.35 2.2017
0 -0.05 17.79 2.0622
0 -1.72 16.77 1.3691
0 -2.11 17.27 0.6474
0 -0.74 16.65 1.0222
0 0.52 18.44 0.4207
0 -0.17 18.54 0.9943
0.025 0.94 20.6 1.4549
0.25 -0.29 18.35 2.5076
0 -2.39 15.84 2.7645
0 -4.33 12.67 1.4858
0 -1.95 14.78 0.9871
0 -1.21 18.64 0.4809
0 -3.28 19.64 1.2518
0 1.65 19.98 2.563
0 -1.23 17.36 1.0979
0 -0.97 16.09 2.9162
0 -4.99 17.07 2.7585
0 -2.4 18.19 1.8959
0 -2.94 19.03 0.9958
0 -2.81 19.05 0.7654
0 -1.53 19.91 1.192
0 -3.07 19.75 0.2911
0 -0.83 19.5 2.3396
0 2.39 16.59 2.8049
0 -11.7 8.56 2.3832
0 -11.58 4.63 2.7432
0 -9.02 8.78 1.0352
2.625 -2.71 11.38 3.3988
1.8 -12.19 7.29 3.7886
0 -14.03 -3.81 0.405
0 -11.67 1.94 3.4079
0 -12.02 3.1 1.9323
0 -9.46 6.23 1.446
0 -8.56 9.46 0.9357
0 -8.09 11.66 0.5669
0 -8.25 9.1 2.1713
0.125 -7.25 10.53 2.0391
53.15 -4.63 4.49 6.121
37.525 -4.89 0.82 4.7017
0.025 -5.31 6.22 0.7362
0 -5.35 10.32 2.3509
0 -5.35 11.61 1.424
0.025 -3.54 13.27 2.3065
1.325 -0.2 11.6 2.7462
0.875 -9.61 4.61 2.9187
0 -10.04 4.64 1.156
0 -8.94 9.14 0.7416
0 -8.44 8.91 0.7611
0 -7.09 11.03 1.1101
0 -7.31 10.63 2.0129
0.025 -8.58 6.72 1.3716
4.2 -9.26 10.14 3.9234
3 -15.3 -6.2 5.2412
0.075 -16.44 -5.69 0.9238
0.05 -11.71 1.5 0.0585
0 -10.32 6.61 0.9764
0 -9.76 8.76 0.8822
0 -9.26 10.9 1.0999
0 -8.54 11.4 1.1387
0 -9.25 11.64 1.7722
0 -4.5 10.9 2.3538
0 -9.4 8.8 0.7105
0 -12.01 6.82 1.2905
0 -14.12 5.48 1.8557
0 -13.35 1.94 1.4904
0 -11.43 6.44 0.9804
0 -10.08 6.02 0.9803
11.525 -5.9 6.5 2.2671
8.225 -13.65 -1.77 0.9936
0 -15.16 -1.75 1.182
0 -16.39 -1 2.8354
0 -14.29 1.2 2.322
0 -13.17 4.59 1.9531
0 -11.74 6.97 0.9357
0 -15.89 1.52 2.3919
0 -11.68 2.48 4.0189
0 -11.74 2.49 0.8251
0 -12.7 -1.14 0.527
0 -15.75 3.66 2.6785
0 -15.32 0.61 3.9535
0 -14.42 2.48 4.2912
0 -15.5 2.62 2.8317
3.175 -11.23 2.03 1.6692
2.175 -11.75 2.02 4.7902
0.025 -16.99 -9.14 5.4413
0 -17.07 -3.77 3.8333
0 -16.1 -1.42 1.4441
0 -16.46 -1.94 2.338
0 -17.54 -1.14 2.1804
0 -17.25 -3.35 2.1383
0 -10.85 -0.27 1.4589
0.975 -19.47 -2.23 2.1926
7.15 -14.15 -8.24 1.3497
4.425 -26.21 -12.7 0.5624
0 -28.86 -12.18 1.7949
0.625 -26.01 -8.85 2.7748
7.025 -14.48 -5.49 2.723
39.325 -12.81 -6.16 3.7057
24.525 -13.66 -6.25 4.8583
0.275 -20.88 -7.07 0.775
0 -17.49 -10.17 2.8824
0 -16.53 -6.93 2.1883
0 -15.97 -4.53 2.2975
0 -17.51 -5.7 2.8059
0 -19.61 -7.78 4.0474
0 -16.75 -10.3 2.9382
10.6 -12.6 -0.98 1.9489
7.35 -17.08 -2.23 3.8039
0.05 -22.93 -10.21 3.201
0 -20.23 -9.49 3.6392
0 -19.59 -3.53 3.4669
0.9 -19.49 -11.26 3.8961
0.55 -19.29 -6.63 1.846
0.375 -19.59 -6.76 3.3068
4.1 -15.36 -10.23 0.666
3.125 -13.83 -7.87 1.4583
0.025 -13.88 -5.1 2.2915
0 -14.04 -3.08 1.6529
0 -17.21 -1.79 1.1861
0 -18.58 -6.3 4.0354
0 -17.56 -6.3 2.9816
0 -17.29 -4.27 2.2031
0 -16.55 -4.98 2.7617
0 -14.12 -3.33 2.9781
0.025 -13.21 -1.74 3.173
0.9 -12.8 -2.19 2.2639
0.525 -11.14 -5.48 2.4632
0.05 -13.68 -6.2 3.0312
15.375 -12.36 -6.77 4.2384
11.525 -10.58 0 2.1667
0 -17.85 -3.18 1.5055
0 -17.4 -4.49 3.289
0 -14.93 -4.09 1.6526
12.75 -15.72 -0.58 2.4078
47.65 -12.79 -3.13 4.51
29.575 -14.71 -7.95 5.2074
33.15 -13.77 -9.29 6.0561
50.225 -18.72 -9.46 3.9969
21.25 -18.04 -13.37 4.4823
0.975 -20.69 -9.54 0.8256
0.475 -21.99 -11.54 1.9041
6.125 -17.72 -10.56 3.2376
3.675 -13.25 -5.84 2.7565
0 -15.23 -3.17 1.3648
0 -19.65 -3.69 2.7793
0.125 -17.38 -9.31 3.0533
0.075 -16.14 -5.85 1.5168
0 -22.2 -4.98 1.0293
0 -18.87 -9.63 1.6818
0 -14.85 -7.17 1.8568
0 -17.27 -6 0.5934
5.325 -16.99 -7.88 2.3132
8.775 -11.94 -3.83 3.4169
6.85 -12.41 -4.52 1.887
2.35 -13.94 -4.64 2.6805
0.125 -12.98 -5.4 1.438
2.05 -15.45 -6.41 2.4922
1.375 -16.94 -6.54 0.5491
0 -14.81 -5.97 0.8168
0 -14.28 -2.33 0.931
0 -15.45 -1.08 1.5081
0 -16.51 -1.46 1.5362
0 -14.67 -1 0.8631
0 -15.03 1.44 1.7976
0 -14.25 -0.13 2.4317
0 -13.65 0.24 1.6011
0.925 -13.25 -0.17 1.5555
1.625 -11.82 -3.88 2.7224
13.2 -11.01 -3.35 3.3544
9.075 -20.11 -5.2 2.5876
15.725 -18.52 -7.46 3.4123
16.975 -12.11 -3.3 3.0215
1.3 -15.93 -4.07 0.5165
42.55 -13 -2.87 4.3019
31.4 -12.39 -0.6 2.2246
1.45 -11.78 -4.83 0.9711
0 -14.47 -2.29 2.475
0.425 -12.2 -2.51 2.7727
9.275 -14.11 -1.53 3.174
5.85 -16.48 -3.27 3.5475
0 -18.52 -5.69 1.2234
0.225 -13.18 -4.25 2.7951
0.25 -14.21 -4.75 0.8222
1.875 -14.29 -1.34 2.3799
1.125 -19.35 -3.29 4.1918
0 -15.46 -6.66 2.07
0 -19.34 -7.97 0.5222
16.3 -14.56 -1.28 2.16
10.625 -14.32 0.53 2.7309
0 -20.01 -6.84 2.7555
0 -16.89 -1.27 3.7692
0 -13.68 2.55 1.7648
0 -11.22 4.58 0.7321
0 -10.6 4.97 3.1509
0 -14.17 1.96 2.1127
0 -12.77 4.76 2.2176
0 -11.22 5.22 1.2532
0 -11.99 5.26 1.1868
0 -13.8 4.76 2.6908
0 -13.44 3.47 2.3162
0 -9.7 6.1 2.7492
0 -14.45 0.07 2.974
0 -14.65 -0.93 2.9473
0 -11.93 2.61 1.721
0.175 -6.5 7.41 2.8238
5.925 -8.88 8.17 6.2247
4.1 -13.29 -2.46 3.6458
0 -17.97 -5.5 1.0319
1.5 -16.04 -2.62 2.4864
0 -10.27 -0.2 2.4027
16.65 -15.44 -0.43 2.7826
12 -14.4 -3.77 3.8917
0 -19.11 -6.12 0.9396
0 -15.52 -0.59 2.2298
0 -11.63 4.2 0.5943
0 -10.87 7.62 1.5843
0 -11.34 3.41 1.9738
12.5 -6.93 4.9 3.7716
8.825 -15.68 -0.58 4.73
0 -14.21 -4.66 1.1204
0 -12.15 0.41 0.6969
0 -11.46 2.96 0.9181
0 -7.56 7.23 2.8345
0 -10.81 7.47 1.3067
0 -10.64 10.67 1.0011
0 -9.05 11.05 2.0411
6.65 -5.77 9.34 3.0862
8.725 -13.13 -1.5 2.9365
7.125 -11.45 -4.19 1.4493
2.9 -9.52 -5.41 1.7821
0 -10 5.06 0.6788
0 -8.33 9.35 1.5525
0 -9.58 7.67 0.7076
0.025 -2.18 11.02 4.5053
0.275 -10.26 2.86 5.5852
1.4 -15.8 -2.7 4.3917
0.925 -13.05 -2.7 3.692
0 -11.64 1.79 2.084
0 -11.04 7.94 2.5815
0 -9.39 7.51 1.313
0 -6.17 11.11 2.0226
0 -3.77 9.53 3.6731
0 -12.4 6.04 2.2293
0 -11.91 3.24 1.1904
0 -6.1 8.28 3.0248
0 -9.84 6.5 3.9525
2.7 -12.38 1.21 3.6664
1.95 -15.31 -0.13 5.2335
0 -8.94 1.24 2.6839
0 -9.66 5.26 1.3384
0 -9.05 5.75 0.833
0 -6.84 8.73 0.6902
0 -5.18 11.93 1.5208
0 -0.92 10.83 2.3114
0 -9.33 6.55 2.7843
0 -6.65 6.66 1.8593
0 -3.29 9.3 3.4624
0 -4.09 9.24 4.5759
4 -11.6 3.67 3.9234
3 -12.93 -1.14 4.0984
0 -9.39 -0.16 2.4146
0.175 -10.71 1.9 1.7471
0 -6.77 7.23 3.6531
0.55 -9.37 4.3 2.9976
0.4 -10.92 1.23 4.0851
0 -11.93 1.75 2.0495
0 -8.81 9.09 0.8045
0 -4.66 12.92 2.7781
0 0.31 12.45 2.9754
0 -3.59 11.07 2.8273
0 1.45 14.85 3.0621
0 3.64 13.66 3.1698
0 2.57 12.52 2.1963
0 1.85 17.71 3.2824
0 5.78 18.22 3.2798
0 -0.32 17.2 2.2314
0 2.89 16.85 4.2381
0 0.53 13.15 4.7285
0 -4.05 9.5 5.4144
0 -3.64 3.36 4.4251
0 -4.68 10 1.3393
0 -3.75 12.91 1.5752
0 -0.75 16.75 3.4531
0 -2.86 14.83 3.3723
0 -6.59 8.84 0.697
0 -3.91 13.98 2.2965
0 -4.64 12.53 3.362
0 -4.98 12.37 2.5489
0 -3.67 14.09 1.3001
0 -4 11.8 0.937
0 -0.89 16.11 1.484
0 0.06 17.37 2.1661
0 2.49 15.56 2.5745
0 -0.78 15 2.2068
0 1.21 16.6 0.6751
0 3.13 20.54 1.3919
0 3.73 21.08 3.4221
0 1.4 20.26 3.1286
0 -3.86 16.2 2.7425
0 -1.11 18.21 2.7174
0 -1.39 17.7 1.8177
0 -1.82 15.84 1.0096
0.5 -4.21 16.71 1.7641
3.325 0.88 19.62 2.3516
2.025 0.79 19.39 1.8928
0 1.06 17.8 2.0684
0 3.37 19.31 2.0542
0 2.06 19.31 1.8296
0 2.15 19.55 2.5699
0 3.76 19.54 3.4722
0 5.45 21.13 3.7709
0 3.03 20.44 1.9509
0.425 3.56 22.32 1.0495
3.225 3.97 22.93 2.5409
2.15 2.33 16.93 2.8311
0 2.45 21.69 2.6597
0 3.44 23.1 2.2513
0 3.31 23.38 2.1615
0 2.88 22.96 2.8712
0 2.22 21.34 1.1562
0 2.9 21.22 2.2711
1.525 3.68 22.01 1.86
5.6 5.08 22.33 2.2482
3.025 2.62 19.48 2.6404
0 1.27 18.88 1.9103
0 1.22 19.53 2.3031
0 2.36 19.77 1.8194
0 2.62 20.55 2.2654
0 2.02 20.26 2.5966
0 0.88 20.15 2.1719
0 1.07 20.13 2.5098
0 0.92 20.5 1.6915
0 1.23 20.71 2.0456
0 1.54 20.62 2.0511
0 0.29 20.11 2.145
0 1.6 19.22 2.5187
0.25 0.86 17.81 2.8912
0.15 -0.54 15.65 2.14
0 -0.83 17.08 2.0886
0 -0.43 17.11 2.4859
0 -1.24 14.56 1.0512
0 -0.34 17.41 1.0848
0 1.34 19.89 1.9961
0 0.92 20.03 2.626
0 2 19.64 1.2113
0 1.92 20.59 2.056
0 4.16 21.85 2.1087
0 1.89 19.45 1.8956
0 -0.33 19.41 2.2062
0 2.74 20.92 2.291
0 3.12 17.28 1.8979
0 -1.59 15.07 2.8428
0 -0.63 18.77 2.3835
0 -0.46 21.75 0.8466
0 5.63 22.39 2.6664
0 3.89 22.03 2.9401
0 1.42 18.16 3.3025
0.15 -2.44 9.04 2.2668
0.075 -5.58 7.41 2.3305
0 -5.2 11.39 0.8893
0 -3.09 15.13 0.6203
0 -1.73 19.46 0.563
0 -0.58 20.18 1.0866
0 0.33 20.97 1.6086
0 -1.67 19.58 2.009
0 -4.3 18.19 1.5026
0 -2.63 17.31 2.9018
0 1.92 16.73 3.3183
0 -7.8 8.74 2.1932
0 -6.57 12.22 0.8707
0 -4.71 14.14 0.9226
0 -3.02 15.74 1.094
0 -3.56 16.34 1.9108
0 -4.84 14.59 1.5022
0 -4.65 15.43 0.5756
0 -4.47 16.36 1.0086
0 -3.95 17.51 1.7155
0 -4.09 17.33 1.5375
0 -2.8 18.15 1.7172
0 -6.15 15.17 0.932
0 -6.56 15.15 1.1823
0 -2.4 16.19 2.7279
0 -6.43 11.04 0.7751
0 -5.4 14.65 0.5131
0 -4.53 17.38 1.131
0 -2.56 19.07 0.6227
0 -2.64 19.86 1.2565
0 -1.71 20.78 0.4787
0 0.03 20.88 0.4938
0 -1.6 20.74 0.3342
0.225 0.66 18.28 0.7143
7.575 -0.77 16.08 1.4712
25.45 -0.59 14.14 1.759
43.95 -3.29 7.07 1.6651
18 -6.45 0.61 1.3376
6.8 -8.86 2.64 0.8113
2.775 -8.76 0.42 2.209
0.125 -9.31 4.53 0.8423
0 -6.98 8.74 1.7585
0 -5.86 10.69 1.7741
0 -4.52 12.76 1.5159
0 -4.04 12.27 2.6033
0 -5.08 12.31 1.925
0 -5.87 12.91 1.0016
0 -5.24 12.87 0.9202
0 -4.42 12.66 1.5173
3.3 -3.04 9.24 0.8906
3.65 -4.44 5.54 1.3443
0 -4.33 5.23 2.1091
0.7 -6.68 7.59 1.2431
0.375 -5.94 8.14 2.1525
3.8 -7.89 7.33 2.0088
4.425 -3.64 5.39 1.9459
37.725 -2.38 3.72 4.6901
22.8 -7.61 4.58 4.0752
0 -10.45 1.78 1.5764
0 -14.66 0.58 3.1342
0 -11.83 0.11 3.3195
3.3 -8.71 6.17 2.1289
2.325 -8.15 7.12 2.1311
0.075 -10.31 1.92 0.9342
0 -9.8 5.81 1.8983
0 -8.89 8.89 3.5212
0 -7.93 11.32 3.3232
0 -5.95 11.76 2.3494
0 -4.09 10.63 1.2371
0.125 -4.51 9.69 2.5181
16.7 -8.56 7.88 3.0056
11 -12.42 2.36 2.9984
0.675 -16.46 -3.29 0.5405
0.65 -15.78 -2.42 1.6362
0 -14.63 -3.03 2.7371
0 -14.37 -1.37 1.4855
0 -13.34 2.8 3.2783
0 -12.27 -0.02 1.5324
0 -8.44 4.92 2.4085
0 -11.11 6.55 0.7158
0 -15.34 4.83 2.1849
0 -3.57 6.64 2.6873
17.975 -3.76 7.22 3.3358
32.15 -12.84 2.64 3.5801
19.65 -16.1 -5.66 5.5639
3.45 -15.77 -10.01 3.3208
9.05 -15.27 -5.54 4.7154
8.25 -22.11 -8.65 0.9534
0.95 -26.86 -10.22 3.2785
0 -20.11 -7.72 3.228
13.2 -16.33 -4.66 3.0822
8.85 -20.58 -3.86 3.2133
0 -24.37 -10.3 1.957
1.35 -20.66 -11.92 2.9119
0 -19.88 -4.01 2.1345
0.05 -13.88 0 2.4366
0 -4.07 2.66 1.763
0 -6.99 4.54 1.6263
18.3 -11.5 -1.23 1.9098
13.1 -9.73 1.61 3.182
0 -13.05 -1.27 2.4114
1.15 -11.29 -0.17 1.7359
1.875 -7.44 2.34 1.1921
0.4 -6.81 1.92 1.4576
0 -7.89 3.73 0.5822
0 -12.47 5.55 2.2284
0 -13.01 2.91 1.6258
9.4 -12.07 1.43 2.1051
7.125 -11.43 1.24 1.9235
4.925 -13.68 -4.41 2.5422
40.225 -12.68 -5.58 3.3772
81.85 -10.94 -6.87 5.4469
85.975 -10.07 -3.6 6.5487
56.725 -13.33 -6.17 2.1187
25.85 -14.91 -11.8 1.8864
4.4 -17.34 -8.31 2.134
2.075 -13.68 -6.94 0.3861
0.45 -14.93 -6.31 2.765
21.975 -19.92 -5.36 5.0421
10.8 -14.98 -5.36 2.0013
0 -17.86 -8.9 1.1202
29.875 -16.03 -7.77 2.2427
25.55 -14.56 -7.35 4.7951
0.9 -23.09 -6.98 3.0719
3.525 -24.03 -13.27 1.0554
12.75 -21.91 -13.01 3.36
16 -18.3 -13.29 4.4618
29.1 -16.85 -12.88 2.5811
0 -19.55 -9.08 2.9719
0 -22.36 -11.7 3.7478
0 -20.07 -12.64 5.484
0 -19.01 -12.08 4.0063
0 -19.54 -11.61 1.7426
0 -19.84 -10.36 0.9801
0 -19.44 -4.53 3.3656
3.975 -19.28 -10.41 3.1134
3.275 -17.16 -7.83 1.4405
0.075 -16.87 -5.97 1.5571
0.05 -16.77 -2.33 1.5102
0 -15.56 -3.34 2.2938
0 -12.78 -3.01 1.1929
0 -11.02 -0.43 0.6568
0.025 -15.59 -1.65 2.0992
0 -12.67 -0.95 1.3536
0 -16.9 -0.8 4.301
0 -16.62 -3.15 3.4997
0 -15.28 -2.57 2.7115
0 -17.16 -0.66 3.5303
0 -16.45 -3.76 2.1556
0 -15.76 -1.92 2.0956
0 -16.32 -0.75 4.9147
0 -16.88 -1.91 3.0396
0 -16.27 -2.88 1.7285
3.175 -14.57 -1 0.7456
8.725 -12.78 1.39 1.7727
2.875 -15.86 -5.95 1.8216
0 -16.46 -4.96 2.2434
0 -23.41 -6.43 3.1379
0 -19.83 -6.44 2.1722
0 -16.47 -2.71 3.0731
0.025 -13.88 0.83 1.7787
0 -9.86 1.06 1.9889
0 -12.39 1.45 0.7088
0.175 -16.26 4.5 2.3505
0.125 -19.91 -5.67 3.6784
0 -20.18 -5.89 3.8312
0 -18.36 -3.86 3.8326
0 -16.03 -0.94 2.526
0 -14.28 2.19 1.513
0.025 -10.64 2.4 3.0853
9.025 -6.09 1.34 3.7141
29.375 -12.07 1.5 6.276
16.175 -16.54 -8.5 4.0533
39.75 -14.06 -10.15 3.3497
34.8 -14.59 -5.4 4.4425
1.925 -23.94 -7.79 0.9035
0 -23.85 -8.95 1.1896
0 -20.6 -9.75 0.3833
0 -21.47 -5.44 0.1895
5 -15.46 -6.22 2.4582
14.425 -14.46 -5.59 6.0746
22.275 -20.24 -9.81 0.5401
0.025 -23.43 -11.77 0.5415
0 -21.14 -7.21 2.0724
1.6 -18.87 -3.45 1.749
3.35 -17.21 -3.06 3.2457
5.575 -11.77 -0.4 2.067
0.825 -17.74 -2.24 1.3866
0.7 -12.37 -1 0.5943
7.55 -9.45 1.91 1.8126
12.975 -10.98 -1.71 4.7117
0.025 -13.8 -4.34 0.7719
0 -11.97 1.95 1.5477
0 -10.05 4.51 1.4791
0.25 -10.11 3.64 1.0932
0.15 -11.36 3.64 0.8328
1.025 -12.5 3.09 0.8698
0.75 -9.05 0.95 1.1442
8.375 -8.56 4.21 1.375
25.975 -7.65 4.96 3.2232
7.625 -14.93 -0.44 0.9357
17.925 -12.08 -2.11 3.2517
42.9 -14.83 -5.31 5.0333
63.8 -12.7 -6.82 6.5792
14.325 -14.25 -8.92 2.934
7.675 -17.31 -6.04 0.7601
19.9 -15.65 -7.55 4.179
40.35 -15.65 -8.53 5.2769
23.6 -17.05 -7.53 4.289
8.825 -13.91 -4.35 2.8817
3.45 -12.62 -4.4 1.7839
0 -11.33 1.04 0.5218
0 -12.88 2.46 1.0267
0 -11.03 3.08 2.3419
0 -9.07 6.26 2.1647
0 -7.64 11.31 1.5888
0 -3.82 13.43 1.7342
0 -11.4 7.61 1.1975
0.075 -11.51 3.65 2.1185
0 -7.97 9.9 1.6693
4.475 -9.91 8.57 1.421
5.475 -12.97 6.11 3.7402
5.7 -19.65 -6.71 1.4144
3.175 -16.53 -9.31 1.6737
0.125 -15.44 -4 0.6407
0 -11.6 2.38 1.4179
0 -11.9 4.97 1.4073
0.175 -9.86 4.8 3.1416
0.475 -14.96 -4.21 0.6378
0 -10.81 2.73 0.7564
0 -8.58 8.72 1.2982
0.05 -7.46 10.83 2.458
0.025 -5.72 10.02 3.4624
0 -7.75 5.14 1.9989
0.3 -6.03 7.3 2.6017
8.075 -6.19 1.86 2.7781
5.175 -11.43 3.21 0.8536
3.4 -9.71 2.83 1.7881
0.15 -7.34 2.55 2.9782
0.775 -8.55 0.84 2.8318
0.025 -11.67 2.42 2.9572
0 -10.11 5.56 0.8889
0 -7.61 9.63 2.7818
0 -12.15 5.44 4.7613
0 -14.44 -0.1 3.9226
0 -12.93 1.66 2.1554
0 -10.07 6.13 0.6993
0 -7.26 10.02 0.8941
0 -7.51 11.96 3.2132
0 -5.49 12.46 1.0264
0 -4.42 14.18 1.9123
0 -2.34 13.29 2.3083
0.525 -5 9.9 3.498
1.775 -11.93 2.58 3.774
3.175 -12.54 -3.59 3.1334
0 -9.51 4.34 1.6873
0 -6.21 9.95 1.293
0 -4.86 12.02 0.6852
3.025 -4.76 12.92 3.172
6.225 -12.96 6.83 3.3472
1.975 -14.07 -3.93 1.178
5.425 -10.35 -0.26 3.4405
26.375 -11.4 -0.69 2.7462
3.125 -9.91 -0.77 3.9271
0.075 -10.13 3.72 1.9613
0 -4.95 10.18 1.9046
0 -5.16 9.91 2.7525
0 -7.35 8.3 4.3665
0 -9.81 6.05 2.4665
0 -5.97 9.83 3.008
0 -5.39 8.35 3.0333
0.675 -5.82 7.83 3.6265
1.9 -4.8 8.5 4.5829
4.55 -12.73 3.45 5.1555
0.875 -12.03 -0.86 3.0567
0.525 -9.51 3.33 3.1047
0.175 -7.52 4.47 3.3693
0.7 -9.93 2.2 1.9057
0 -10.58 2.49 0.7009
19.275 -3.05 6.29 2.7126
19.625 -6.01 -1.32 1.6923
5.4 -6.35 7.34 3.8478
0.625 -7.52 5.98 1.7643
0.575 -6.02 9.04 3.0853
0 -4.67 10.49 1.6279
0 -3.51 13.65 2.0249
0 -3.77 13.43 2.9788
0 -2.48 12.19 2.5631
0 -2.15 13.83 2.8085
0 -0.91 15.52 1.3912
0 0.46 18.73 1.9978
0 -0.2 18.52 2.6269
0 -3.84 13.85 1.0255
0 -3.19 12.84 3.0915
0 -1.19 15.76 2.1411
0 -3.07 13.5 0.1844
0 -0.38 18.68 0.2708
0 1.9 20.27 2.4776
0 1.85 20.14 3.3029
0 -1.4 17.43 2.8784
0 -2.64 17.34 2.8314
0 -2.26 16.63 2.2036
0 -1.13 18.01 2.1175
12.85 1.69 19.09 3.0241
30.525 -1.93 14.41 2.7117
11.35 -5.1 6.64 2.1804
0 -1.64 16.83 0.6186
0 0.44 20.67 1.0192
0 2.34 22.34 1.0389
0 2.89 21.96 1.8817
0 3.03 21.08 1.9275
0 4.38 18.88 2.4201
0 3.1 19.72 2.9292
0 0.47 17.73 2.4058
0 0.51 19.49 2.6411
0 -1.33 19.21 2.3164
0 0.24 18.38 2.4983
0 -0.37 18.28 2.5054
0 -0.3 17.65 3.2171
0 -1.92 16.08 2.5926
0 0.25 15.34 3.0783
0 -2.01 15.16 3.1007
0 -1.27 15.29 2.0447
0 -1.4 16.91 1.6976
0 -0.07 17.88 2.1293
0 -0.57 18.67 1.1941
0 0.31 19.25 2.3714
0 1.17 20.38 2.9482
0 1.52 19.46 1.8338
0 2.62 21.08 2.0998
0 0.98 20.69 2.3018
0 -1.18 19.82 1.8797
0 0.07 20.24 1.7735
0 1.45 18.89 1.325
0 4.45 20.85 2.0478
7 1.41 21.53 2.9037
6.075 1.43 18.65 2.1359
2.3 1.9 14.28 1.6889
0 0.84 18.33 2.041
0 0.68 18.75 2.1831
0 -0.12 19.76 3.1172
0 0.37 18.37 2.197
0 -0.53 18.8 3.0793
0 -0.83 19.43 2.472
0 -0.04 19.12 1.8533
0 0.01 20.47 1.8815
0 0.42 19.91 2.177
0 0.27 19.92 2.6618
0 1.04 20.42 1.459
0 2.76 20.18 1.4187
0 0.67 19.76 2.2413
0 2.37 18.8 1.6252
0 1.21 17.74 0.9248
0 1.67 19.18 1.4032
0 0.47 20.3 1.1776
0 1.53 21.85 2.4907
0 2.61 20.66 2.0962
0 0.98 19.22 1.526
0 1.04 18.71 1.1277
0 -3.78 17.58 1.0679
0 2.12 21.34 2.1084
0 2.39 20.85 1.4437
0 1.4 19.91 1.0701
0 4.28 21.43 1.2618
0 4.74 21.38 1.6204
0 3.39 21.33 1.6529
0 2.28 21.3 2.0924
0 -1.19 21.09 2.0229
0 -1.09 19.02 0.8164
0 -0.63 18.14 0.8195
0 -0.91 18.67 0.9359
0 1.03 18.79 0.8602
0 4.34 19.06 1.7919
0 0.61 17.09 0.5617
0 -0.35 18.38 0.8955
0 3.12 18.57 0.6921
0.525 1.44 17.4 1.9471
3.15 -0.02 14.56 1.2376
5.875 0.58 14.31 1.2419
18.675 -1.3 9.93 1.2095
5.4 0.15 11.91 0.637
8.625 -2.24 13.86 0.9098
0 -1.24 13.19 2.4637
0 -0.1 14.53 2.1183
0 -2.01 12.27 1.6042
0 -1.59 13.7 0.2258
2.75 -1.03 16.18 0.4053
1.95 0.16 17.93 0.8982
0 -1.32 17.53 0.4232
4 -0.19 18.14 0.5356
0 1.42 17.6 0.9065
0.45 0.94 18.98 1.6985
7.25 -1.14 13.98 2.354
0.075 -3.12 11.72 1.5409
0 -1.71 14.59 0.4876
0 -1.58 16.82 0.7263
0 -0.15 16.37 1.0461
0.025 -1.78 17.13 1.6954
0 0.79 16.99 2.6914
0 2.87 13.83 2.1777
0 -0.19 13.61 2.383
25.55 -4.01 9.14 2.4871
32 -8.81 6.47 4.1012
9.5 -9.87 -0.3 0.6035
2 -11.95 -0.15 1.0503
0 -9.22 4.02 1.2642
0 -8.38 6.43 1.4982
0.2 -5.7 8.42 1.7697
2.4 -4.41 6.98 1.7434
0 -6.17 11.78 0.9391
0 -5.23 13.52 0.7255
0 -5.21 15.66 0.8155
0 -4.79 16.3 1.326
0 -3.36 12.85 1.9275
0 -4.16 11.82 2.02
0 -5.26 10.71 2.1981
0 -4.59 12.48 0.5814
0 -6.15 10.84 0.6623
0 -6.59 11.11 0.3708
0 -6.33 10.84 2.2826
0 -7.74 11.95 1.9331
0 -5.97 12.02 2.5603
0 -6.92 8.91 1.4152
0 -12.23 6.3 3.9888
0 -11.9 1.24 3.4837
0 -11.22 5.55 2.312
0 -10.63 7.66 0.8148
0 -10.38 9.12 2.423
0 -9.98 9.37 0.2929
0 -8.64 9.18 3.2936
0 -13.13 1.53 4.1596
1.575 -13.68 2.59 4.1172
11.7 -13.82 4.28 1.9904
4.6 -17.43 -7.53 0.3393
11.125 -14.84 -5.82 1.5186
0.25 -14.3 -5.87 1.0796
0 -15.61 -5.57 2.4519
0 -15.39 -2.85 3.4373
0 -14.62 0.09 3.0175
2.2 -11.43 -1.04 3.1386
2.775 -8.79 -3.03 1.1018
0 -11.08 0.99 0.2757
0 -9.63 3.2 0.5082
0 -12.12 3.95 0.5074
0 -12.73 5.39 0.8589
0 -12.91 3.5 1.3398
0 -12.33 4.09 3.6184
0.175 -12.09 -0.16 2.2957
1.775 -12.05 -2.04 3.7349
2.3 -16.01 -5.97 1.4197
0 -15.2 -3.36 2.0516
0.225 -13.27 1.1 3.3838
0 -10.37 4.31 2.2754
0 -12.97 1.69 0.8448
0 -14.06 2.94 3.0215
0 -11.44 3.88 2.4074
0 -12 3.7 1.0689
0 -12.67 5.18 2.056
0 -12.16 4.82 3.0847
0 -14.77 -0.5 9.5965
0 -17.44 -8.22 4.0906
0 -19.36 -3.11 4.7087
0 -19.87 -7.25 2.6245
0 -18.68 -2.26 3.518
0 -19.46 -4.96 2.9995
0 -17.74 -3.33 3.702
0 -16.75 -1.13 4.1001
0 -19.28 -0.52 4.35
0 -18.63 -2.52 3.2257
0 -18.26 -3.96 1.3495
0 -19.47 -4.17 1.663
0 -19.2 -7.85 1.4411
0 -19.29 -5.61 1.116
0 -16.08 -4.45 0.98
0 -15.09 -6.35 6.0846
0 -17.33 -4.21 5.0314
0 -18.66 -3.43 2.5256
0 -13.87 -0.47 4.6707
0 -19.65 -3.68 4.8011
0 -17.2 -5.7 3.3598
0 -22.95 -1.79 4.6047
0 -22.25 -5.48 3.901
0 -20.63 -3.99 4.8285
0 -19.74 -2.03 3.1488
0 -18.11 -0.51 1.3924
0 -16.25 1.88 1.1814
0 -16.2 -0.85 1.0882
0 -11.35 4.85 0.988
0 -11.75 3.49 1.3297
0 -14.24 4.51 2.3976
