0.875 -22.66 -0.15 1.6116
3.3 -9.69 -3.11 1.5355
1.7 -12.69 -0.08 1.6359
0.575 -15.64 -5.62 4.333
1.725 -15.99 -4.9 1.6264
0.825 -11.34 -5.59 0.6629
0 -10.67 -1.78 1.3377
0 -9.75 -1.59 0.6996
0 -12.05 3.64 4.6583
0 -10.96 2.12 3.2483
0 -9.49 2.07 2.1811
0 -8.94 6.01 5.4589
0 -6.43 6.19 3.7471
0 -9.84 5.32 3.1021
0 -7.56 6.78 3.8406
0 -9.13 7.47 4.9129
0 -10.26 5.09 4.2307
0 -10.13 3.27 4.7718
0 -8.86 5.41 4.8486
0.1 -9.19 3.45 3.3607
15.025 -6.45 5.37 2.7478
27.3 -7.25 3.55 2.1466
22.55 -13.25 3.86 1.5901
46.45 -4.65 -0.22 2.7223
13.525 -8.55 -1.22 3.6812
0.625 -14.44 -6.82 0.7652
0 -15.65 -6.54 1.251
0 -13.01 -3.18 1.519
0 -10.55 0.18 4.2765
0 -9.55 4.3 4.5289
0 -7.64 5.48 3.0779
0 -7.6 5.04 3.2128
0 -9.37 4.33 3.7355
0 -9.56 6.23 3.7789
0 -6.36 7.8 3.0085
8.3 -5.62 6.83 2.567
15.4 -8.53 -0.14 2.6951
6.625 -9.66 -3.75 2.8521
21.725 -9.6 -1.83 1.3602
13.2 -13.72 -2.1 3.8644
5.2 -17.39 -8.24 0.5469
11.85 -12.72 -6.4 2.4171
5.275 -11.73 -5.34 1.4401
11.025 -12.08 -5.16 2.9994
6.475 -12 -6.19 3.1255
3.325 -10.91 -4.72 5.3895
37.375 -10.24 -5.43 5.5255
27.325 -10.26 -6.99 4.1987
3.425 -13.07 -6.53 1.0339
0 -12.62 -4.44 3.3774
0 -12.32 -0.38 2.4987
7.275 -11.8 2.26 3.8063
25.175 -9.44 0.49 3.3145
14.725 -7.11 -3.3 2.4249
4.9 -8.62 -0.44 1.5352
2.45 -8.05 3.46 1.4828
0.15 -8.66 -1.38 2.5556
0 -9.05 2.89 0.4175
0.025 -9.24 5.09 3.7758
17.95 -5.04 5.26 2.8299
30.225 -4.78 3.24 4.0121
18.125 -6.13 1.15 4.95
20.525 -9.66 -4.46 3.2
3.075 -13.99 -6.1 0.7527
1.275 -11.88 -3.03 1.9144
0 -13.74 -3.45 0.2472
0 -13.24 0.67 1.6007
0 -11.02 3.31 2.7484
0 -13.89 -1.92 0.485
0 -12.17 2.68 0.6828
0 -10.55 3.13 2.2979
0 -9.05 5.64 2.6617
0 -10.12 7.37 1.3606
0 -8.33 4.74 2.3115
0 -4.73 6.06 2.6502
0 -6.69 8.93 1.1056
0 -6.6 9.59 1.0004
0 -4.42 11.39 0.8073
0 -5.51 11.76 0.7501
14.6 -4.61 11.19 2.0763
24.2 -10.6 2.56 4.2875
1.85 -15.67 -6.83 2.2766
0 -13.69 -3.77 1.8684
0 -10.25 4.43 0.4453
0 -7.22 6.9 2.1856
0 -8.44 8.79 2.1151
0 -6.92 8.3 1.3397
0 -5.1 10.65 3.2847
0 -9.92 7.2 1.9466
0 -8.44 5.78 0.3419
0 -6.46 7.93 2.5591
0 -5.37 9.72 2.5943
0 -7.91 7.53 5.4271
0 -11.97 0.68 1.8427
0 -10.71 4.53 2.946
0 -8.37 8.5 2.6757
13.075 -6.17 11.33 1.4622
16.75 -8.26 7.85 3.5383
11.125 -8.18 -1.65 1.7574
5.25 -8.1 -0.01 2.2082
1.2 -9.07 -0.79 3.8106
0 -7.61 3.95 1.6222
0 -6.66 8.66 1.9311
0.275 -5.47 7.98 4.4659
0.175 -13.51 1.5 6.3743
0 -11.32 -2.08 3.4607
0 -9.37 4.81 1.5124
0 -6.86 10.45 3.1127
0 -4.3 13.61 2.9383
0 -1.58 16.89 1.6072
0 0.26 18.84 1.0914
0 1.26 19.51 2.1823
0.125 0.9 18.4 2.9949
2.075 -2.55 12.04 3.544
1.2 -10.09 1.93 3.7627
0 -8.22 4.9 1.9846
0 -6.61 7.73 2.3721
0 -6.34 8.2 3.3205
0 -8.92 5.28 1.5591
2.275 -6.11 8.69 1.9925
47.875 1.07 11.6 2.1567
32.5 -3.72 6.53 2.777
3.05 -1.15 5.12 3.8178
1.75 -4.36 5.11 1.9697
0.3 -0.74 9.36 3.7909
0 -2.57 11.23 2.468
0 -2.57 14.35 2.8149
0 -0.98 15.13 1.6109
0 -1.81 15.8 1.059
0 -0.35 16.37 0.7795
0 -0.51 16.99 3.0206
0 -2.55 15.95 3.2895
0 -2.2 14.13 2.2898
0 -1.49 13.81 3.2423
0 0.05 15.4 1.518
0 0.86 17.84 1.7168
0 3.82 21.8 0.317
0.1 5.73 23.57 2.5083
0.05 4.27 22.57 2.947
0 1.55 17.5 1.9243
0 0.68 16.68 0.9159
0.15 1.46 17.7 2.4703
0.1 1.09 17.28 2.9533
0 0.91 16.26 2.7711
0.05 0.35 15.83 1.8003
0.025 0.29 16.24 1.1788
0 1.23 17.58 0.7446
0.45 3.11 18.54 1.7385
0.375 2.18 18.49 2.3831
9.075 1.93 17.39 3.3549
6.6 1.8 17.1 2.1532
1.45 2.21 16.35 1.9172
0.025 1.39 14.76 2.2238
0.65 2.29 13.36 0.8053
10.3 -1.48 11.02 2.2425
8.6 -2.97 11.12 3.8064
4.025 -4.63 3.16 2.6237
1.575 -2.89 5.29 2.8111
0.75 -1.69 10.33 2.5643
0.475 0.15 12.61 3.4229
0 0.29 11.97 3.118
0 -1.79 10.59 3.3427
1.725 -0.98 11.52 2.1401
2.525 0.26 10.7 3.6953
0.9 -1.85 10.58 2.5829
1.025 -1.01 11.54 2.4142
0.8 0.42 11.81 2.3132
0.15 2.21 12.54 2.8966
0.075 2.13 15.19 1.5846
0 5.13 20.6 2.6954
0 1.98 19.45 3.3672
0 -0.07 14.73 3.1707
0 -0.93 13.85 1.0902
0 0.55 16.12 0.7672
0 3.01 19.5 1.3558
0.05 4.04 21.83 2.6832
0.025 3.11 20 1.7243
0 4.32 20.37 0.8537
0 4.99 23.97 0.4447
0.35 7.64 25.34 3.0169
0.2 6.92 24.81 3.0444
0 6.13 22.51 2.2415
0 6.82 22.82 1.562
0 5.41 21.47 2.9052
0 4.53 22.05 2.5159
0 3.72 21.38 2.8237
0 3.56 21.25 2.6864
0 2.42 19.49 2.9609
0 2.5 18.82 2.6368
0 1.7 18.57 2.5647
0 2 19.03 1.9063
0 4.95 20.19 1.945
0 5.13 21.23 2.3899
0 4.85 20.77 1.3196
0 4.2 22.37 0.5896
0 5.81 23.57 1.6729
0 6.93 25.58 2.1265
0 7.48 20.81 1.9493
0 8.1 25.73 2.1251
0 9.72 26.99 1.9245
0 10.32 27.49 2.4938
0 7.69 26.33 2.5301
0.025 6.75 24.76 2.1679
0.05 8.45 24.82 2.0458
0 7.23 24.05 2.1402
0 6.79 24 2.183
0.3 6.8 24.2 1.9461
0.2 7.01 25.04 1.8458
0 8.57 25.4 2.0533
0 8.16 24.5 2.8095
0 7.82 23.65 2.4711
0.1 7.91 23.77 2.3636
0.05 6.53 24.16 2.4049
0 6.23 23.69 3.0338
0 4.3 21.32 2.7318
0 4.89 20.81 2.3067
0 7.07 21.27 2.6063
0 3.44 18.73 3.3398
0 0.16 11.25 2.0214
0 0.15 13.03 1.261
0 2.45 17.7 0.198
0 3.3 21.21 1.1501
0 6.97 23.11 2.909
0 7.26 24.07 2.6887
0 5.46 22.83 2.9556
0 4.8 21.7 3.2418
0 2.52 19.73 1.3141
0 1.33 19.15 0.2722
0 2.9 21.21 0.6126
0 3.61 22.69 0.9064
0 4.38 25.24 1.2464
0 6.34 26.2 1.8732
0.075 7.35 25.75 2.2476
1.875 7.34 26.2 2.3614
1.975 6.14 21.23 3.2907
0.525 4.13 19.43 1.6545
0 2.81 20.57 1.6919
0 3.06 20.86 0.6538
0 3.36 21.62 1.3526
0 5.1 22.01 1.006
0 5.51 22.97 1.3326
0 5.5 24.46 3.0855
0 6.54 21.72 2.1748
0 4.5 21.47 1.1088
0 4.01 23.16 0.1989
0 6.52 22.52 1.3476
0 6.21 22.49 2.0363
0 3.28 21.29 2.1402
0 1.68 20.14 2.0112
0 1.29 17.9 1.3831
0 2.29 18.85 0.5102
0 2.26 18.83 0.9657
0 4.42 20.97 0.3771
0 4.98 22.01 0.9549
0 5.77 24.36 1.5367
0.55 4.75 20.8 2.3927
0.325 1.48 16.39 2.7575
0 -0.59 17.26 1.48
0 1.21 17.83 1.1073
0 2.99 19.68 0.3707
0 2.5 21.01 1.1719
0 4.98 23 2.3946
0 4.86 21.38 1.0196
0 6.96 16.84 2.6955
0 2.59 22.71 2.6112
0 5.28 22.87 1.6885
0 2.57 22.5 0.8591
0 3.28 22.05 0.7643
0 6.55 23.33 1.1864
0 4 23.99 0.3513
0 4.45 23.94 2.2299
0 4.16 20.23 2.6513
0 -5.4 10.67 2.3344
0 -6.44 8.91 2.6115
0 -3.73 12.88 0.8657
1.45 -1.18 14.4 3.2528
0.9 -7.59 11.1 3.6396
0 -9.58 -0.89 0.3422
0 -8.13 6.13 3.2094
0 -7.31 8.13 1.7638
0 -5.06 9.66 1.4027
0 -5.3 11.94 0.8475
0 -3.18 13.69 0.5277
0 -4.46 12.73 2.0587
7.375 -3.16 12.6 1.9728
30.425 -2.42 6.45 6.2938
16.525 -2.22 3.56 4.5568
0.075 -0.9 7.65 0.773
0 -0.64 13.13 2.2764
0 -1.26 14.73 1.2307
0 0.49 16.89 2.0701
1 1.52 13.39 2.5564
0.625 -6.88 5.53 2.5785
0 -6.48 7.11 1.0926
0 -4.86 10.59 0.6144
0 -4.39 11.31 0.8254
0 -2.4 13.33 1.1042
0 -2.79 11.3 1.8841
0 -3.3 11.11 1.2486
0.65 -3.62 12.77 4.0237
0.45 -9.28 -0.79 5.0989
0 -10.78 -0.09 0.8295
0 -8.84 3.78 0.0311
0 -5.82 9.13 0.8969
0 -4.96 11.4 0.8297
0 -2.91 13.29 1.1412
0 -2.88 14.48 1.1255
0 -2.85 14.79 1.7321
0 -2.27 13.6 2.2881
0 -5.87 9.58 0.6586
0 -7.02 8.16 1.3786
0 -8.69 5.95 1.839
0 -8.03 5.24 1.358
0 -6.04 7.44 0.8576
2.575 -3.41 8.23 0.6772
4.15 -4.4 7.61 2.1223
1.75 -9.41 0.08 1.0756
0 -10.19 0.1 1.129
0 -11.02 0.99 2.8579
0 -9.13 3.8 2.2615
0 -7.32 6.2 1.8084
0 -7.21 8.17 1.1883
0.375 -9.65 3.2 2.3827
1.75 -8.09 4.91 3.8912
0.9 -7.96 4.13 0.9113
0 -8.28 0.68 0.501
0 -9.68 4.24 2.5144
0 -9.08 2.83 3.8941
0 -7.87 4.45 4.2215
0.525 -8.1 5.43 2.7741
1.5 -6.18 5.89 1.3828
0.725 -9.04 3.36 4.8117
0 -9.17 -1.88 5.2687
0 -9.12 0.72 3.9025
0 -8.96 3.34 1.5516
0 -9.65 3.36 2.3178
0 -11.21 4.07 2.1899
0 -10.56 1.09 2.1516
0.05 -8.33 2.56 1.3142
15.15 -12.92 -0.12 2.2383
15.575 -10.95 -4.47 1.1477
4.05 -20.35 -9.26 0.6278
0 -22.12 -9.71 1.8595
4.225 -18.9 -7.05 2.9131
30.25 -10.73 -3.32 2.7552
60.275 -7.82 -3.68 3.6948
29.75 -9 -3.03 4.6838
1.725 -11.76 -5.07 0.7445
0 -10.71 -6.15 2.9539
0 -9.27 -2.43 2.3131
0 -8.64 -0.41 2.302
0 -8.72 -0.38 2.8262
0 -9.5 -1.08 4.103
1.025 -8.89 -1.24 2.9267
13 -7.1 2.67 1.885
10.775 -10.68 0.57 3.712
0.125 -15.67 -6.52 2.9653
0 -12.15 -3.45 3.7837
0 -11.43 -1.17 3.6536
6 -11.43 -3.87 3.9764
3.6 -10.53 -2.82 1.8961
2.45 -11.79 -3.71 3.2363
8.9 -10.88 -4.54 0.7032
4.675 -9.79 -4.08 1.49
0.075 -10.08 -3.51 2.3786
0 -9.56 -0.72 1.793
0 -10.08 -0.08 1.2104
0 -10.37 -0.18 4.0287
0 -10.15 1.05 2.9546
0 -9.31 1.34 2.3852
0 -9.12 1.32 2.8953
0 -9.15 1.51 2.897
0.075 -6.96 3.34 3.1386
1.75 -6.75 3.39 2.2906
0.775 -5.18 1.77 2.4527
1.225 -6.24 0.25 3.0725
19.875 -7.75 2.32 4.2794
12.15 -6.63 0.71 2.0972
0.075 -10.46 -1.75 1.4659
0 -10.46 -0.52 3.3154
0.725 -9.85 1.48 1.7962
38.6 -10.05 3.09 2.4533
60.25 -8.62 -1.01 4.57
36.35 -9.74 -5.54 5.3214
40.35 -9.64 -6.38 6.2206
51.35 -11.76 -6.85 4.0394
26 -11.18 -8.46 4.3
4.075 -13.68 -8.89 0.8583
1.55 -13.7 -7.31 2.0353
6.95 -11.97 -6.38 3.4762
3.675 -9.36 -4.75 2.8576
0 -10.57 -0.62 1.3633
0 -13.06 -0.28 2.8258
1.375 -11.14 -3.09 3.1249
0.825 -9.65 -0.31 1.4844
0 -14.93 -1.62 1.0916
0 -16.72 -2.53 1.6921
0 -10.21 -0.87 1.9118
0 -9.96 -0.37 0.5968
10.575 -9.84 -0.25 2.4559
17.75 -8.19 0.54 3.4197
15.025 -7.89 -2.26 1.8175
4.875 -9.5 -4.14 2.6126
0.65 -11.23 -3.25 1.4125
2.175 -11.51 -2.93 2.4168
1.075 -11.7 -4.01 0.5517
0 -10.78 -1.66 0.9105
0 -8.86 0.07 0.9952
0 -9.39 2.96 1.525
0 -9.04 3.88 1.5567
0 -8.63 6.39 0.9025
0 -8.07 6.29 1.7346
0 -7.3 7.09 2.4422
0 -6.51 7.41 1.4113
2.475 -8.28 5.45 1.4271
5.875 -7.17 0.95 2.5678
19.45 -7.85 1.85 3.2323
9.375 -13.01 -4.87 2.4748
13.125 -12.62 -2.8 3.528
25.625 -8.49 -1.05 2.9402
2.7 -10.13 -2.23 0.6053
36.35 -8.85 1.97 4.3357
24.525 -8.79 1.45 1.9251
1.95 -9.64 -4.03 0.7595
0.5 -9.36 1.85 2.4375
5.5 -7.11 4.33 2.7072
19.8 -8.86 2.7 3.2024
10.05 -11.35 -1.99 3.344
0.05 -12.61 -3.97 1.2739
0.05 -10.64 0.11 2.7013
0 -10.55 -0.39 0.8374
5.65 -9.98 2.35 2.3981
4.05 -14.82 -2.67 4.0307
0.375 -12.38 -3.94 2.0738
0 -13.41 -4.64 0.473
31.075 -10.73 2.41 2.1341
18.75 -10.96 3 2.6152
0 -12.45 -2.27 2.7009
0 -11.47 4.01 3.7953
0 -9.32 8.47 1.6112
0 -7.63 10.35 0.6751
0 -5.67 9.97 3.0234
0 -10.61 6.81 2.1145
0 -5.22 11.03 2.1443
0 -7.54 10.18 0.9459
0 -7.68 8.63 1.2367
0 -9.14 8.6 2.4732
0.6 -8.93 9.29 2.2385
1.55 -6.12 9.46 2.5845
0.7 -10.54 1.93 2.7564
0 -9.6 -2.26 2.9117
0 -8.08 7.3 1.5181
2.3 -4.84 10 2.6678
7.4 -5.7 9.69 5.9504
3.675 -9.81 -1.5 3.3942
1.25 -13.31 -3.63 0.9401
7.925 -11.91 5.28 2.3753
1.45 -8.53 -0.6 2.2354
11.95 -10.48 -0.35 2.7513
7.375 -11.09 -3.16 3.6386
0 -13.6 -3.22 0.8636
0 -11.16 2.5 2.2117
0 -8.85 7.62 0.4415
0 -7.12 9.78 1.3878
0.575 -6.71 8.33 1.9673
9.85 -5.3 5.37 3.8278
7.5 -9.9 -0.72 4.6954
0.975 -10.34 -3.42 1.0891
0 -9.24 2.56 0.6726
0 -8.18 4.46 0.8622
0 -5.73 9.25 2.7033
0 -7.14 9.39 1.3536
0 -6.2 11.67 1.0427
2.875 -5.13 13.01 1.9072
8.025 -3.25 10.98 2.9033
4.65 -9.62 0.06 2.9312
0.875 -8.33 -4.4 1.5158
0.25 -7.5 -2.25 1.59
0 -6.39 8.25 0.6813
0 -4.65 11.07 1.4327
0 -3.58 12.54 0.7147
3.775 -0.54 14.08 4.3403
4.5 -6.62 4.56 5.3717
1.525 -11.87 -2.15 4.1795
0.1 -10.54 -1.08 3.5355
0 -8.5 4.11 1.977
0 -6.76 8.75 2.2827
0 -5.89 11.74 1.1215
0 -3.27 13.82 2.0007
0 -2.24 12.86 3.6019
0 -6.7 9.23 2.1748
0 -7.28 7.78 0.9541
0.05 -4.03 10.86 2.9289
1.875 -5.5 9.69 3.8647
5.475 -8.51 1.2 3.4946
2.725 -12.12 0.32 4.7798
0.025 -9.07 1.83 2.4383
0.075 -5.56 7.71 1.1589
0.025 -4.82 10.19 0.7057
0 -2.6 12.44 0.584
0.825 -0.34 14.69 1.4157
1.6 1.61 14.22 2.1571
0.65 -9.52 11.41 2.4433
0.1 -3.25 7.74 1.7778
0.05 -0.41 11.08 3.4195
0 -3.34 11.57 4.4768
0.675 -8.74 5.73 3.8188
0.6 -9.23 0.72 4.0904
1 -7.15 2.07 2.3821
2 -7.17 3.35 1.6454
4.8 -4.1 7.5 3.4065
7.525 -5.63 4.97 2.7863
3.1 -7.72 2.14 3.8719
0 -7.72 4.34 1.9199
0 -4.32 11.86 0.6379
0 -3.77 15.03 2.6716
0 2.32 14.56 2.9556
0 -0.11 13.24 2.7444
0 2.27 15.52 2.9406
0 4.12 16.23 3.0038
0 3.72 15.92 2.1499
0 4.54 20.13 3.1837
0 6.21 20.59 3.1855
0 2.57 18.63 2.3229
0 3.25 18.08 4.0819
0 -0.2 15.68 4.6707
0 -1.58 11.4 5.2459
0 0.93 9.37 4.1705
0 0.36 14.42 1.1882
0 1.67 16.47 1.6032
0 2.78 19.42 3.2071
0 -0.62 17.54 3.2122
0 -2.17 12.56 0.8128
0 -1.26 17.19 2.2981
0 -1.04 14.75 3.2686
0 -2.32 14.12 2.5158
0 -1.42 16.13 1.3902
0 0.01 14.4 0.9562
0 2.53 18.26 1.5756
0 2.39 19.13 2.1344
0 4.45 15.63 2.6096
0 2.6 17.1 2.2644
0 5.37 18.97 0.7486
0 6.73 22.86 1.4321
0 7.48 23.8 3.285
0 4.88 22.1 3.035
0 2.21 19.58 2.6734
0 1.97 18.89 2.7137
0 3.4 18.84 1.868
0 1.92 17.61 0.946
0 3.01 19.68 1.8193
0.375 4.48 21.79 2.3964
0.275 4.81 21.27 2.0778
0 4.72 20.26 2.1705
0 6.66 22.39 2.0851
0 5.99 21.93 1.8177
0 6.28 23.29 2.4763
0 7.75 22.58 3.3868
0 8.17 22.67 3.6105
0 5.86 20.71 1.9052
0 6.74 22.39 1.1696
0.3 7.95 24.82 2.5735
0.2 7.18 23.4 2.8087
0 7.5 24.45 2.6243
0 8.38 26.23 2.1603
0 6.46 25.78 2.0993
0 6.24 23.92 2.7278
0 5.03 23.17 1.0904
0 5.67 22.27 2.2639
0 6.36 23.22 1.9533
0.425 7.96 24.26 2.3711
0.3 7.53 23.39 2.6765
0 4.1 22.26 1.9144
0 3.56 23.05 2.3283
0 5.07 21.58 1.8925
0 4.43 22.57 2.2673
0 4.54 22.38 2.4916
0 3.78 22 2.1201
0 4.26 21.51 2.4673
0 3.33 22.43 1.5885
0 3.48 22.61 1.9866
0 4.24 22.22 2.0146
0 2.65 21.67 2.0992
0 3.86 21.26 2.5086
0.3 4.99 20.08 2.8852
0.175 4.13 15.74 2.0935
0 2.47 19.29 2.0045
0 3.56 19.77 2.4014
0 1.61 13.66 1.038
0 2.48 19.22 1.1912
0 4.05 20.89 2.1345
0 3.92 21.19 2.6879
0 4.75 21.59 1.1476
0 4.13 23.15 1.8548
0 4.65 23.96 1.9543
0 4.03 22.56 1.8852
0 3.4 22.18 2.2135
0 3.98 23.26 2.1265
0 5.07 20.09 1.7877
0 2.26 18.83 2.6558
0 5.76 22.93 2.2682
0 6.44 25.92 0.7562
0 9.51 27.16 2.5311
0 5.8 26.64 2.7171
0 2.08 21.5 3.1094
0 1.47 10.5 2.2386
0 -1.57 10.72 2.357
0 -1.68 13.35 0.9887
0 0.58 16.83 0.5645
0 2.04 21.18 0.5032
0 5.08 23.94 1.1371
0 5.65 24.15 1.4437
0 4.35 23.46 1.9485
0 2.04 21.04 1.3786
0 1.87 21.17 2.6994
0 3.57 20.01 3.1456
0 -3.52 7.36 2.1228
0 -1.37 17.04 0.7349
0 -0.6 15.74 0.8182
0 0.89 19.02 1.048
0 0.94 19.37 1.8177
0 -0.05 17.86 1.4623
0 -0.4 17.64 0.6655
0 -0.25 17.84 1.2231
0 -1.42 19 1.6663
0 -0.5 18.14 1.5449
0 -0.57 18.28 1.6075
0 -1.11 13.6 1.0006
0 -2.78 16.21 1.0702
0 0.16 15.21 2.7226
0 -1.24 13.35 0.8548
0 -0.75 16.38 0.4694
0 1.85 19.45 1.014
0 2.55 22.96 0.4725
0 5.2 23.48 1.1562
0 7.28 24.64 0.4893
0 6.17 25.17 0.4971
0 4.25 24.79 0.3142
0.1 5.01 20.78 0.565
3.95 4.61 17.43 1.4261
26.2 3.89 18.41 1.7211
42.25 0.97 8.31 1.5443
3.7 -1.14 3.05 1.114
10.075 -4.38 4.96 0.8078
1.875 -4 3.44 2.1849
0.1 -6.49 5.19 0.8456
0 -4.12 9.98 1.8046
0 -3.48 12.66 1.6784
0 -0.22 15.93 1.4031
0 -0.25 16.21 2.4834
0 1.79 17.85 1.803
0 1.49 17.64 0.8923
0 0.8 16.64 0.7968
0 1.09 16.81 1.3742
1.65 1.8 12.81 0.8766
1.1 -1.21 8.6 1.197
0 -0.9 7.92 1.9404
0.25 -2.41 13.48 1.1244
0.15 -1.19 11.13 2.0736
2.275 -3.37 9.06 1.895
13.975 -1.7 7.68 1.7764
29.575 -0.09 3.33 4.6863
14.75 -4.73 4.29 3.905
0.025 -6.46 3.79 1.5738
0 -9.5 3.68 3.0738
0 -9.33 4.82 3.2971
2.15 -4.07 8.46 2.1023
1.575 -4.28 9.52 2.0321
0.15 -6.19 1.38 0.8818
0 -5.73 6.73 1.8893
0 -4.7 9.72 3.3838
0 -3.07 12.74 3.1919
0 0.06 14.15 2.2098
0 0.68 13.71 1.168
0.425 -0.56 12.78 2.4068
25.725 -3.42 9.87 3.0333
14.2 -8.06 1.8 2.8592
2.025 -10.42 -0.52 0.5875
2.475 -10.16 0.88 1.6152
0 -9.98 -1.35 2.6425
0 -8.58 2.12 1.4706
0 -8.71 5.22 3.1788
0 -6.7 4.61 1.5122
0 -4.5 8.36 2.4054
0 -5.6 8.76 0.7866
0 -7.84 7.22 2.1949
0 -3.68 8.15 2.4579
27.025 -3.43 8.34 3.1472
49.2 -9.31 2.68 3.4419
36.275 -11.66 -5.72 5.4526
13.675 -11.4 -7.4 3.2527
15.475 -10.77 -4.84 4.513
8.075 -15.79 -6.94 0.9815
0.4 -18.05 -8.94 3.3343
0 -16.92 -7.17 3.2795
16.3 -11.54 -3.7 2.9725
10.1 -16.06 -4.11 2.9834
0 -18.04 -8.67 2.1207
0 -15.56 -8.14 2.9698
0 -13.42 -3.34 2.1917
0.025 -10.09 2.08 2.4972
0 -3.95 3.11 1.676
0.375 -5.2 3.09 1.7402
8.975 -7.19 0.89 1.9877
5.375 -6.51 2.37 3.1957
0 -8.73 -0.86 2.3708
2.775 -7 2.64 1.7701
3.625 -5.01 3.14 1.091
0.65 -4.06 1.33 1.3999
0.025 -4.44 2.97 0.5228
0 -8.3 3.46 2.2534
0 -8.02 2.57 1.5348
22.3 -7.39 5.09 1.975
15.975 -8.89 0.7 1.8207
6 -10.15 -2.61 2.5385
61.3 -9.77 -3.58 3.432
97.675 -8.75 -4.6 5.37
76.275 -7.59 -1.64 6.3607
35.75 -9.37 -0.94 2.1233
15.05 -10.4 -8.43 2.0382
6.4 -10.93 -6.11 2.2223
2.575 -9.37 -4.1 0.38
0.175 -10.22 -3.36 2.7734
20.35 -11.83 -1.19 5.1284
10.925 -10.05 -1.41 1.9706
0 -11.41 -7.41 1.0816
24.225 -11.18 -5.76 2.2693
16.05 -9.67 -3.94 4.6315
0.85 -18.33 -5.5 2.8252
2.125 -18.56 -9.24 1.2414
11.5 -17.74 -9.47 3.6425
22.075 -10.86 -8.64 4.6287
32.3 -11.22 -7.98 2.5957
0 -13.95 -6.75 3.1066
0 -14.17 -7.82 3.8278
0 -12.18 -4.41 5.4758
0 -11.88 -4.27 3.9595
0 -13.12 -5.88 1.8412
0 -13.2 -2.97 1.0297
0 -14.21 -4.31 3.3334
1.5 -14.25 -4.07 3.1735
9.3 -10.14 -4.06 1.5852
0.15 -11.34 -1.94 1.6137
0.075 -10.91 -0.64 1.4522
0 -11.35 0.59 2.4131
0 -9.31 1.54 1.0715
0 -8.59 3.22 0.6578
0 -9.17 1.39 2.1762
0 -8.74 3.97 1.3081
0 -11.13 5 4.3019
0 -11.05 2.55 3.6373
0 -13.25 1.94 2.7438
0 -9.05 5.61 3.6913
0 -9.92 2.15 2.132
0 -9.46 3.79 2.168
0 -9.59 3.05 4.9534
0 -9.67 3.76 3.1569
0 -9.59 3.65 1.7803
3.15 -9.01 4.47 0.6529
17.575 -9.24 4.32 1.7934
5.975 -11.27 -5.53 1.6845
0 -12.36 -2.18 2.1038
0 -14.66 -0.9 3.0823
0 -13.75 -0.34 2.1477
0 -11.31 1.75 2.9533
0 -9.76 5.49 1.7287
0 -8.38 5.92 1.9463
0 -6.95 7.12 0.6157
0.025 -10.23 7.08 2.2132
0 -12.68 4.11 3.6533
0 -13.96 0.01 3.8355
0 -13.08 1.42 3.8795
0 -10.8 4.63 2.6035
0 -9.28 7.01 1.4114
0.025 -8.89 6.29 3.2033
6.275 -9.01 4.84 3.8736
59.325 -9.34 3.82 6.1518
34.325 -11.85 -7.71 4.2426
46.2 -10.58 -7.81 3.2652
47.875 -10.88 -5.18 4.2132
6.275 -15.75 -6.65 0.8692
0 -15.75 -5.25 1.1888
0 -15.22 -5.35 0.3651
0 -14.43 -1.56 0.246
4.225 -12.73 -2.25 2.388
20.225 -11.18 -4.03 5.9462
25.525 -15.49 -7.64 0.6446
0 -17.38 -9.59 0.4968
0 -16.42 -6.19 2.0955
2.275 -14.7 -0.43 1.6959
8.275 -10.98 0.76 3.3576
12.3 -8.2 -0.2 1.8021
1.775 -10.73 0.61 1.426
1.875 -9.56 3.68 0.588
17.65 -8.62 5.93 1.7649
30.375 -7.27 -1.19 4.5713
0.05 -10.82 -2.26 0.6446
0 -10.05 3.87 1.5247
0 -8.76 8.36 1.2413
0.25 -8.14 7.55 1.1259
0.15 -8.09 5.73 0.753
0.825 -8.21 7.49 0.8568
0.725 -6.15 3.01 1.084
6.975 -5.9 6.89 1.2577
34.675 -4.73 8.03 2.9483
2.3 -9.69 0 0.9803
28.825 -10.22 2.16 3.2697
39.275 -10.44 -4.63 4.9558
81.6 -10.04 -5.66 6.3202
15.15 -11.23 -5.36 2.7716
3.8 -11.89 -2.81 0.8665
11.475 -11.53 -2.37 4.4128
48.25 -11.3 -3.32 5.3388
38.775 -14.37 -4.77 4.1597
20.425 -10.25 -3.73 2.9202
10.375 -9.9 -6.34 1.6528
0.075 -8.98 0.8 0.5437
0 -9.29 3.96 1.1161
0 -9.47 5.67 2.2192
0 -8.15 7.6 2.2068
0 -5.17 12.07 1.6179
0 -4.31 15.82 1.3671
0 -6.76 12.47 1.2081
0.2 -7.54 10.35 2.0234
0 -6.15 11.2 1.492
1.2 -5.55 11.09 1.4313
6.05 -9.55 9.08 3.6052
7.675 -14.63 -6.01 1.3885
4.05 -13.51 -7.29 1.537
0.25 -13.31 -1.72 0.5862
0 -10.2 4.86 1.4792
0 -8.64 6.28 1.3905
0.3 -7.86 7.06 2.9859
0.375 -10.79 -1.57 0.6157
0 -8.59 5.51 0.7529
0 -6.42 10.94 1.3573
0 -5.73 12.84 2.3803
0 -5.16 12.63 3.184
0 -3.98 8.22 1.8589
0.55 -6.16 10.84 2.3734
18.375 -3.33 3.05 2.545
2.175 -7.02 6.11 0.8515
1 -6.94 5.79 1.5663
0.45 -4.82 4.64 2.714
1.925 -5.64 2.41 2.6199
0.05 -8.17 4.95 2.8207
0 -6.31 7.18 0.8382
0 -5.48 10.09 2.604
0 -8.18 9.35 4.6533
0 -7.81 6.57 3.7529
0 -6.87 7.25 2.0468
0 -4.78 9.98 0.5822
0 -2.64 12.75 0.8254
0 -1.65 14.21 3.1107
0 0.67 16.6 0.8712
0 0.7 16.82 1.7202
0 -0.24 16.02 2.1946
0.6 -1.88 12.83 3.2791
1.125 -6.32 4.74 3.5255
6.5 -8.13 -1.35 2.9183
0 -5.98 8 1.7043
0 -2.7 11.91 1.2105
0 -1.66 14.48 0.6029
4 -1.56 15.99 3.072
14.65 -9.64 8.28 3.1169
6.675 -9.75 -2.41 1.1294
14.25 -7.6 1.44 3.4843
21.1 -9.08 -1.72 2.553
3.1 -7.95 1.3 3.6477
0.25 -6.98 7.73 1.8554
0 -2.66 12.28 1.9331
0 -2.66 11.29 2.822
0 -4.59 11.02 4.3827
0 -5.35 8.51 2.4512
0 -3.72 11.44 2.9074
0 -4.38 9.8 2.8307
0.75 -4.45 9.49 3.5062
2.175 -3.77 10.23 4.4401
11.975 -8.21 5.72 4.9918
2.75 -7.86 1.85 2.9761
0.325 -4.75 7.37 2.9079
0.6 -4.11 8.85 3.1982
2.125 -7.57 3.65 1.8158
0 -6.96 6.1 0.6436
4.825 -3.73 6.76 2.7824
21.25 -1.97 0.97 1.4952
12.825 -4.43 8.12 3.6882
0.15 -5.15 4.46 1.8266
0.1 -3.67 10.45 3.0583
0 -1.7 12.86 1.6023
0 -0.35 15.72 2.1421
0 -0.1 16.05 2.9933
0 -1.07 13.6 2.5952
0 0.2 14.7 2.7578
0 2.03 16.74 1.5093
0 3.04 19.6 1.8887
0 2.81 19.25 2.5455
0 0.08 16.31 1.1123
0 1.05 15.25 2.9934
0 1.18 17.01 2.0757
0 2.45 17.25 0.2212
0 3.45 20.07 0.3597
0 5.05 22.53 2.4705
0 4.62 21.86 3.0536
0 2.37 19.86 2.7457
0 1.03 19.8 2.7516
0 1.15 18.3 2.2252
0 2.83 19.93 2.162
15.1 3.11 19.7 2.7973
24.575 0.36 16.03 2.5784
6.65 -1.96 7.28 2.1931
0 0.31 15.42 0.7231
0 2.35 20.03 0.8645
0 5.4 21.98 0.7861
0 4.85 22.33 1.7097
0 5.77 22.04 1.8919
0 7.17 20.09 2.4714
0 7.51 21.88 2.9009
0 6.62 20.76 2.319
0 5.89 21.61 2.5718
0 3.8 21.22 2.2261
0 3.16 20.4 2.4125
0 2.68 18.31 2.4666
0 2.46 18.27 3.1775
0 1.72 16.12 2.6244
0 2.84 15.19 3.1451
0 1.14 14.76 3.1265
0 1.4 15.66 2.017
0 1.16 17.33 1.5272
0 1.88 19.32 2.0141
0 2.05 19.47 1.2003
0 2.66 20.35 2.3178
0 4.43 21.05 2.873
0 4.57 20.64 1.8439
0 5.92 21.6 2.0293
0 4 22.81 2.2269
0 3.61 21.54 1.8293
0 3.27 21.05 1.7296
0 4.77 20.12 1.4004
0 6.35 22.94 2.1728
0.925 6.99 23.94 2.9648
1.05 8.81 23.1 2.1329
3.2 6.85 18.25 1.6048
0 5.89 21.85 1.9696
0 6.19 22.88 2.1228
0 3.85 22.17 3.0838
0 3.28 19.18 2.236
0 3.78 19.95 3.066
0 3.19 19.9 2.4345
0 4.56 20.41 1.7972
0 3.94 21.67 1.8567
0 3.97 21.49 2.1721
0 4.09 20.96 2.654
0 4.12 21.48 1.5132
0 5.47 22.73 1.3426
0 4.55 22.61 2.1267
0 4.5 21.1 1.5499
0 3.63 20.29 0.9813
0 3.35 21.03 1.4777
0 3.71 21.6 1.2953
0 4.78 22.52 2.5144
0 3.87 20.46 2.0476
0 3.06 19.8 1.4789
0 1.57 19.62 1.0907
0 1.51 20.08 0.9898
0 4.2 22.36 2.0757
0 5.94 22.75 1.3442
0 5.54 22.34 0.9413
0 5.29 24.51 1.1513
0 6.64 24.51 1.5153
0 6.14 24.7 1.6137
0 3.84 23.65 1.9734
0 2.79 21.96 1.8891
0 2.32 20.6 0.7732
0 2.99 20.42 0.8079
0 2.9 22.35 0.8997
0 4.75 21.83 0.8843
0 5.95 22.48 1.8067
0 4.48 20.74 0.5729
0 4.68 21.85 0.8827
0 5.42 23.13 0.7476
0.375 5.42 22.42 1.7783
5.9 3.26 21.87 1.1513
5.525 3.54 18.21 1.4099
19.025 0.65 13.5 1.3146
4.2 2.33 15.94 0.5964
23.5 1.65 18.16 1.027
0 1.91 16.21 2.4473
0 2.26 17.56 1.9646
0 1.27 15.24 1.5962
0 0.4 15.41 0.2436
0.35 1.26 18.75 0.2982
0.25 4.19 20.94 0.8846
0 4.41 21.24 0.4118
11.7 4.79 21.8 0.3876
0 5.46 21.67 0.726
0.05 5.34 22.92 1.6672
20.425 2.05 18.47 2.3297
0.225 0.7 12.19 1.6646
0 1.05 15.96 0.4186
0 4.27 19.26 0.6569
0 4.42 19.5 1.0782
0 2.42 20.84 1.5819
0 1.18 20.06 2.5305
0 2.2 16.38 2.0539
0 0.9 15 2.2249
12.875 -1.01 11.76 2.4124
49.75 -3.88 7.04 3.9696
24.925 -7.82 3.83 0.6973
4.35 -8.89 3.78 0.9609
0 -8.09 5.06 1.2876
0 -5.32 9.08 1.3313
1.1 -2.75 10.97 1.67
7.275 -1.45 6.39 1.7031
0 -3.02 12.74 0.9058
0 -2.53 14.7 0.6284
0 1.41 17.24 0.6034
0 -0.9 17.06 1.1909
0 -0.69 14.88 1.7374
0 -0.28 14.49 1.8856
0 0.09 14.79 1.9726
0 -1.28 16.26 0.6434
0 -1.68 13.41 0.5926
0 -1.11 14.43 0.3996
0 -1.05 13.27 2.271
0 -2.55 14.88 1.895
0 -1.43 15.75 2.3762
0 -3.2 12.87 1.3586
0 -5.21 9.01 3.7099
0 -7.35 6.88 3.469
0 -7.3 7.16 2.2076
0 -4.7 9.77 0.8523
0 -4.23 11.44 2.2783
0 -3.75 12.04 0.1688
0 -3.92 11.79 3.2741
0 -4.61 8.95 4.1833
2.375 -8.26 8.87 3.9974
12.65 -9.98 7.28 1.9067
3.65 -12.15 -4.79 0.388
12.425 -10.94 -3.52 1.5084
0.275 -11.22 -4.13 1.0018
0 -12.12 -1.8 2.3831
0 -11.34 0.5 3.3435
0 -10.25 3.68 2.989
1.45 -9.04 3.74 3.2679
5.05 -5.1 1.72 1.0428
0 -6.76 2.62 0.2186
0 -6.03 4.3 0.5344
0 -8.73 4.55 0.4963
0 -8.66 4.79 0.8749
0 -8.6 4.81 1.1675
0 -8.82 5.26 3.4545
0.7 -9.07 -0.08 2.2564
1.85 -8.66 -2.44 3.8791
4.525 -11.21 -3.81 1.5308
0 -11.35 -0.86 2.1612
0.15 -10.55 2.17 3.4322
0 -10.14 8.56 2.2777
0 -10.5 2.18 0.8226
0 -10.04 2.92 2.99
0 -8.46 4.83 2.3922
0 -7.59 4.54 1.0761
0 -5.66 5.61 1.9177
0 -9.26 6.11 3.2247
0 -9.86 3.45 9.1764
0 -10.14 -1.53 3.8942
0 -12.01 2.8 4.5429
0 -13.25 -0.03 2.7195
0 -13.01 -0.97 3.51
0 -13.9 -1.27 3.0487
0 -13.18 -1.51 3.6906
0 -12.83 0.59 3.9458
0 -12.65 0.37 4.3685
0 -11.97 0.41 3.2506
0 -12.69 0.47 1.215
0 -13.99 0.16 1.663
0 -13.78 -3.13 1.4645
0 -13.09 -2.21 1.1186
0 -12.3 -1.8 0.9228
0 -12.48 -2.71 5.8763
0 -12.5 -0.24 4.8932
0 -13.58 0.13 2.6582
0 -12.43 0.97 4.7063
0 -14.61 -1.38 4.7014
0 -13.2 -3.07 3.4609
0 -14.92 -0.44 4.5743
0 -14.32 0.72 3.9638
0 -13.86 0.1 4.9274
0 -13.16 0.27 3.2897
0 -11.45 1.17 1.3669
0 -11.23 2.9 1.1526
0 -10.52 1.34 1.1384
0 -8.08 6.26 0.9659
0 -8.94 4.54 1.2504
0 -11.39 3.73 2.3953
