0.7 -17.72 -0.47 1.5152
9.5 -14.21 0.19 1.8682
6.575 -18.69 -1.05 1.6849
0 -24.79 -8.9 4.3891
1.15 -20.73 -6.9 1.7351
0.675 -10.96 -0.08 0.7011
0 -12.23 3.04 1.2686
0 -12.12 2.77 0.7227
0 -15.73 3.46 4.6246
0 -17.8 -0.19 3.0141
0 -13.26 1.25 2.0988
0 -15.57 4.4 5.3563
0 -15.55 4.65 3.5728
0 -15.8 4.86 2.9473
0 -15.08 4.83 3.6064
0 -15.77 4.42 4.7761
0 -16.73 4.29 4.1663
0 -17.72 3.25 4.7977
0 -14.13 3.39 4.8479
0 -13.16 1.48 3.333
10.475 -13.59 3.54 2.6987
23.475 -10.94 2.8 2.1646
41.875 -7.3 -0.92 1.5544
31.75 -7.71 -1.91 2.9289
11.225 -12.44 -2.6 3.7371
2.2 -17.78 -8.11 0.7578
0.05 -18.72 -6.74 1.1451
0 -14.65 -3.96 1.3301
0 -17.34 -0.7 4.2558
0 -16.36 1.74 4.482
0 -15.45 3.66 3.0385
0 -14.41 4.49 3.318
0 -14.88 2.51 3.6292
0 -14.35 6.53 3.7466
0 -13.43 6.2 2.9739
3.95 -10.51 5.22 2.5072
26.8 -12.04 -1.27 2.4216
14.75 -11.91 -5.4 2.9478
18.525 -14.89 -4.72 1.2442
8.05 -16.75 -2.71 3.9203
5.625 -24.91 -10.01 0.5736
6.55 -19.69 -5.43 2.5667
3.275 -19.63 -5.96 1.4425
5.9 -18.82 -6.75 3.0945
3.625 -18.26 -8.11 3.2164
2.6 -16.18 -5.72 5.3111
17.275 -13.96 -6.27 5.4138
21.7 -15.99 -8.22 4.0855
1.7 -21.27 -6 1.0058
0 -20.31 -5.1 3.2999
0 -19.31 -1.67 2.3332
2.425 -17.4 -0.78 3.7274
12.875 -12.61 0.53 3.1775
8.425 -9.22 -0.65 2.3583
2.45 -8.05 2.26 1.7817
1.45 -11.2 4.04 1.6112
0.275 -10.19 1.79 3.0025
0 -13.95 2.09 0.5605
0 -12.75 4.54 3.8764
21.825 -6.83 2.82 2.9936
30.05 -9.27 3.67 4.3142
25.45 -9.13 -1.72 5.0194
15.65 -12.47 -5.93 3.3266
2.875 -23.59 -7.25 0.6729
1.1 -19.1 -4.79 1.9483
0 -18.06 -4.63 0.2491
0 -17.4 -0.97 1.6469
0 -13.94 1.53 2.7298
0 -19.51 -4.39 0.5657
0 -16.49 1.56 0.9618
0 -15.51 1.13 2.5134
0 -16.66 2.15 2.8267
0 -15.84 4.42 1.5421
0 -11.89 3.46 2.6766
0 -12.72 4.8 3.2206
0 -10.4 6.46 1.0398
0 -9.96 7.41 0.8262
0 -9.4 9.58 0.7972
0 -10.6 10.19 0.7283
43.85 -8.68 9.51 2.2541
31.9 -12.54 0.75 4.3307
1.7 -20.08 -9.21 2.2085
0 -19.83 -4.56 1.868
0 -16.42 1.22 0.4192
0 -10.55 4.15 2.0966
0 -12.7 4.06 2.1121
0 -12.07 6.34 1.3069
0 -7.02 9.57 3.4481
0 -14.34 5.04 2.0326
0 -11.52 4.44 0.3602
0 -8.29 6.95 2.5337
0.65 -10.07 7.16 2.6576
0.525 -12.92 5.26 5.4435
0 -17.74 -2.49 1.8065
0 -15.87 1.93 3.0446
0 -13.96 6.77 2.7818
7.7 -9.45 9.57 1.4435
4.775 -12.48 7.82 3.9155
2.825 -11.85 -1.01 1.8755
6.425 -10.04 0.76 2.0915
3.15 -12 -1.17 3.7503
0 -10.08 3.14 1.4694
0 -11.21 8.21 1.959
1.175 -7.74 5.82 4.3913
1.275 -17.31 -0.02 6.5495
0.275 -16.4 0.86 3.5274
0 -13.47 2.56 1.5974
0 -9.49 8.35 3.2519
0 -9.78 11.9 3.0436
0 -5.16 14.6 1.5982
0 -6.88 16.57 1.0003
0 -4.27 17.03 2.3123
0.05 -2.11 15.22 3.2878
1.175 -5.33 9.49 3.4466
0.65 -14.48 0.29 3.7253
0 -12.49 3.53 1.8126
0 -10.46 5.58 2.4123
0 -9.6 7.57 3.4801
0 -11.91 4.54 1.4457
0.625 -9.51 8.79 1.8966
20.525 -2.6 10.48 2.3232
14.925 -6.4 6.88 2.9919
5.825 -3.21 4.05 4.1546
3.575 -7.16 5.23 2.1524
0.725 -4.27 8.49 4.1897
0 -7.46 9.97 2.6409
0 -6.29 12.41 2.6907
0 -7.61 13.29 1.5694
0 -7.52 14.4 0.8548
0 -2.87 14.94 0.623
0 -7.01 15.47 2.971
0 -2.45 13.45 3.3171
0 -7.94 13.33 2.0649
0 -6.15 12.94 3.0927
0 -3.85 15.05 1.4362
0 -4.09 17.1 1.9513
0 -1.58 19.55 0.3911
0.5 1.75 20.94 2.6032
0.35 -0.32 19.24 3.1328
0 -3.57 15.06 1.8219
0 -3.85 15.65 0.7313
0.55 -2.8 17.16 2.3532
0.4 -2.72 15.94 2.8651
0 -3.63 14.25 2.6615
0.6 -4.25 14.73 1.6631
0.475 -5.2 14.59 1.1532
0 -3.28 15.86 0.7332
1.1 -2.4 17.25 1.5258
3.3 -1.9 16.39 2.3014
23.575 -0.99 14.89 3.3856
16.875 0.04 12.74 2.0553
2.375 -0.88 13.72 1.741
0.15 -3.99 12.69 2.1289
0.375 -2.81 11.82 0.7871
2.65 -6.13 9.71 2.1763
3.5 -5.37 10.04 4.039
2.7 -8.52 4.73 2.833
1.5 -4.54 5.29 2.8321
3.375 -3.23 9.76 2.5121
2.1 -3.3 11.49 3.3357
0 -1.84 10.55 3.1034
0 -5.7 8.91 3.2475
1.75 -5.03 10.73 1.9215
3.15 -2.34 9.57 3.7128
1.475 -5.93 9.45 2.5889
5.125 -4.55 10.91 2.351
4.475 -3.67 11.26 2.1874
1.75 -0.49 11.25 2.8109
0.875 -0.45 14.03 1.5216
0 0.82 17.86 2.6554
0 -0.98 17.18 3.2696
0 -2.81 13.12 3.0741
0 -5.25 12.76 1.266
0 -1.82 13.99 0.9626
0 -0.31 18.31 1.3425
0.05 -1.5 19.99 2.7852
0.025 -2.61 17.37 1.558
0 -0.18 19.36 0.9204
0 2.09 21.97 0.344
0.225 0.55 22.73 3.0102
0.1 3.75 21.83 3.0307
0.1 0.08 21.14 2.2023
0 2.53 20.58 1.4387
0 0.73 19.59 2.951
0 -0.58 19.72 2.5449
0 -0.83 19.92 2.9255
0 -1.28 20.23 2.8524
0 -1.49 18.3 3.074
0 -1.14 17.57 2.6471
0 -2.58 18.87 2.5382
0 -2.4 18.06 1.9463
0 0.3 18.95 2.1347
0 1.21 19.51 2.5951
0 1.48 19.17 1.4059
0 -1.18 20.66 0.921
0 -0.94 21.84 1.6022
0 2.65 23.32 2.2614
0 1.78 24.01 1.9829
0 3.09 24.04 2.1192
0 5.91 23.83 2.1294
0 4.39 23.76 2.5099
0 4.16 23.91 2.5853
0.1 3.05 23.33 2.1666
1.525 3.19 23.56 2.0866
1.2 2.13 22.06 2.2346
0 3.36 23.11 2.3111
1.1 2.96 22.93 1.99
0.775 4.75 23.22 1.676
0.525 6.73 22.94 1.8725
0.8 2.96 22.79 2.7245
0.2 0.93 21.36 2.3528
5.975 1.44 21.81 2.1441
2.325 1.06 22.51 2.2876
0 2.53 20.94 3.2359
0 -1.37 21 2.971
0 1.24 20.24 2.703
0 3.15 18.39 2.8729
0 1.31 17.03 3.6197
0 -5.89 9.23 2.0441
0 -4.61 10.73 1.2006
0 -2.51 15.51 0.1204
0 -1.79 17.75 1.04
0 -0.1 20.33 2.9056
0 0.44 20.86 2.8157
0 3.08 20.54 3.0071
0 -0.26 20.02 3.154
0 -4.24 17.59 1.337
0 -4.73 16.96 0.3112
0 -3.72 19.24 0.6818
0 -2.33 20.93 1.069
0 1.09 22.96 1.291
0 -0.39 23.89 1.7155
3.35 0.58 24.22 2.3519
6.275 1.82 23.53 2.3295
6.75 3.44 18.57 3.5805
1.875 -2.96 16.24 1.7285
0 -1.34 17.92 1.7511
0 -2.27 19.68 0.8105
0 -1.97 20.45 1.3608
0 -1.09 20.68 0.9815
0 3 21.14 1.4416
0 0.37 21.56 3.2563
0 1.18 18.95 2.4171
0 0.51 18.25 1.4687
0 -0.2 18.28 0.1598
0 3.08 19.87 1.369
0 0.62 19.6 1.94
0 -0.81 18.93 2.2774
0 -1.98 18.61 2.1052
0 -1.65 17.02 1.2727
0 -3.71 17.52 0.5065
0 -0.95 17.32 0.9434
0 0.2 19.23 0.3632
0 0.79 20.21 1.0149
3.825 -1.01 21.8 1.2979
2.625 -1.61 19.66 2.6166
0.175 -2.26 16.54 2.9301
0 -5.21 11.88 1.4793
0 -0.93 15.22 0.998
0 -2.64 19.8 0.4058
0 -2.57 20.88 1.2128
0 0.8 21.75 2.5561
0 -3.38 17.79 0.9793
0 -3.29 18.05 3.0129
0 -6.23 17.94 2.6912
0 -5.04 19.55 1.8781
0 -4.19 20.32 1.0598
0 -4.01 20.53 0.7902
0 -3.85 20.92 1.1596
0 -3.81 21.43 0.367
0 -2.05 21.68 2.3766
0 2.17 17.75 2.7679
0 -12.82 8.74 2.3446
0 -10.71 6.2 2.6194
0 -8.44 10.94 0.9674
5.1 -2.87 11.72 3.1851
3.225 -11.8 8.22 3.7002
0 -13.38 -3.07 0.3823
0 -12.04 3.68 3.511
0 -10.38 5.99 1.9241
0 -8.31 8.13 1.3758
0 -7.98 10.25 0.9337
0 -7.34 12.46 0.7329
0 -7.48 11.05 2.19
0.775 -6.84 11.08 2.1113
82.85 -4.47 5.42 6.3204
56.3 -5.46 1.55 4.7955
0.225 -3.73 6.67 0.671
0 -4.42 11.48 2.2016
0 -4.68 12.78 1.3053
0.1 -2.8 14.73 2.2591
3.55 -0.8 12.06 2.7009
2.175 -8.33 4.57 2.6014
0 -9.29 6.13 1.0751
0 -7.95 9.37 0.7031
0 -7.67 9.78 0.7937
0 -5.82 11.78 1.0746
0 -5.52 10.29 1.9879
0.1 -6.98 8.48 1.2858
3.95 -7.58 10.43 4.1303
2.85 -12.73 -4.9 5.1843
0.3 -15.01 -2.32 0.8774
0.25 -10.93 1.74 0.0564
0 -9.25 8.12 0.9177
0 -8.21 10.9 0.7999
0 -6.95 12.07 1.1563
0 -6.93 13.29 1.1878
0 -7.77 12.35 1.8294
0 -4.48 11.44 2.4365
0 -9.21 8.6 0.9043
0 -10.76 6.92 1.28
0 -13.27 5.17 1.8344
0 -12.31 3.81 1.4398
0 -13.53 7.23 0.8878
1.375 -12.8 7.13 0.8156
8.225 -6.25 7.36 2.0532
5.1 -13.63 -1.18 1.0159
0 -15.84 -0.41 1.0836
0 -16.87 0.54 2.8804
0 -13.08 3.72 2.2752
0 -13.5 7.42 1.9727
0 -11.84 7.41 1.0367
0 -16.38 2.19 2.4032
1.975 -13.07 4.35 4.262
1.175 -11.97 3.05 0.8954
0 -11.73 -0.16 0.6715
0 -16.6 3.7 2.6276
0 -16.09 2.74 3.8323
0 -15.46 3.83 4.267
0 -16.42 4.17 2.8037
12.85 -13.78 5.25 1.4709
8.1 -11.58 2.41 5.1959
0.1 -17.97 -7.36 5.3936
0 -19.29 -4.22 3.8084
0 -17.54 0 1.6109
0 -18.23 -0.26 2.4462
0 -18.89 0.49 2.2424
0 -18.67 -1.79 2.1305
0 -15.17 2.56 1.0646
2.825 -19.5 -2.96 2.383
11.125 -14.88 -6.35 1.1512
5.8 -28.72 -13.32 0.7114
0 -29.06 -10.27 1.7705
1.9 -26.14 -8.95 2.8311
12.7 -16.45 -4.67 2.6436
58.5 -11.25 -4.39 3.6588
34.325 -13.65 -5.27 4.8049
0.825 -24.24 -4.77 0.9709
0 -21.74 -7.33 2.8749
0 -20.52 -4.05 2.2373
0 -17.09 -1.86 2.1618
0 -18.03 -3.26 2.7146
0 -20.75 -4.05 3.968
0 -17.65 -6.15 2.8648
15.975 -16.05 1.35 2.0061
10.475 -19.19 -0.35 3.7405
0.15 -23.71 -9.64 2.9811
0 -22.95 -5.07 3.6571
0 -22.8 -2.23 3.4887
2.775 -22.5 -7.92 3.8844
1.675 -21.85 -6.86 1.936
1.125 -21.37 -6.51 3.2865
8.65 -13.82 -6.59 0.8006
7.325 -11.51 -5.76 1.5561
0.1 -11.74 -4.7 2.3948
0 -14.53 -1.02 1.9096
0 -18.66 -0.77 1.0668
0 -19.69 -4.36 3.8868
0 -18.9 -4.15 2.8648
0 -17.68 -3.12 2.1072
0 -18.02 -2.86 2.6922
0 -15.96 -1.71 2.9372
0.2 -14.17 -0.29 3.1264
1.55 -12.72 -0.11 2.1995
1 -11.2 -2.54 2.4491
0.175 -13.56 -2.54 3.0164
23.825 -13.3 -2.16 4.3906
14.8 -10.05 0.03 2.1832
0.2 -19.89 -2.86 1.5395
0 -19.42 -4.49 3.3179
0 -16.61 -2.58 1.7172
2.6 -16.85 -0.21 2.5284
44.625 -13.3 -0.76 4.5778
28.55 -15.06 -6 5.4358
37.475 -14.3 -7.04 6.2563
44.225 -19.77 -8.73 3.964
18.175 -19.53 -11.35 4.2854
2.25 -19.16 -8.38 0.9356
0.45 -25.98 -9.92 1.9435
8.875 -20.65 -7.17 3.4645
4.1 -14.01 -4.33 2.7905
0.05 -14.74 -1.64 1.4404
0 -21.07 -3.01 2.8625
0.425 -19.71 -6.93 3.0483
0.25 -16.27 -2.89 1.6102
0 -23.29 -2.87 0.9387
0 -22.41 -7.2 1.7029
0 -16.11 -5.04 1.8335
0 -19.41 -4.13 0.6348
5.25 -17.69 -5.23 2.4866
8.35 -13.03 -1.83 3.3063
11.15 -11.75 -2.78 1.7877
5.65 -13.62 -3.21 2.4607
0.625 -12.29 -4.52 1.5129
2.275 -15.85 -6.49 2.4383
1.3 -17.77 -5.66 0.4296
0 -14.85 -3.85 0.9648
0 -15.17 -0.06 1.1213
0 -16.32 1.75 1.2446
0 -17.66 0.47 1.4801
0 -16.58 0.36 0.7711
0 -16.72 2.45 1.7777
0 -16.83 1.97 2.4529
0 -14.63 1.99 1.3756
2.975 -14.52 2.5 1.412
5.1 -12.74 -1.23 2.3737
14.35 -10.65 -2.66 3.012
8.275 -20.72 -3.32 2.6358
30.4 -19.47 -3.9 3.5461
24.125 -14.69 -1.24 2.9839
2.825 -16.84 -2.54 0.5251
41.55 -14.58 -1.46 4.5137
31.2 -11.08 0.89 1.8269
2.725 -11.08 -3.51 0.8276
0 -15.02 -0.5 2.541
4.375 -13.02 -0.74 2.7684
14.65 -13.72 -1.64 3.2856
7.5 -16.67 -2.74 3.3626
0 -19.99 -4.54 1.2243
0.15 -16.3 -2.8 2.7935
0.275 -14.86 -2.48 0.7017
3.075 -15.21 -0.76 2.3664
2.6 -19.45 -3.36 3.9849
0.475 -15.88 -5.14 1.9031
0 -20 -6.47 0.6091
18.25 -16.61 0.39 2.335
11.575 -14.25 1.37 2.5637
0 -20.69 -4.84 2.8236
0 -19.47 0.28 3.893
0 -16.33 4.48 1.6922
0 -12.22 5.99 0.6955
0 -11.3 5.41 3.1624
0 -15.51 3.22 2.1565
0 -13.99 6.64 2.2307
0 -12.75 6.39 1.1431
0 -12.07 6.18 1.1413
0 -13.58 5.46 2.57
0.55 -14.28 5.16 2.4053
1.95 -12.12 6.32 2.782
0.975 -14.43 0.32 2.6355
0 -14.98 1.76 3.0139
0 -13.24 3.48 1.7119
1.3 -9.28 7.27 3.0522
13.825 -9.75 8.27 6.1708
8.125 -12.79 -3.11 3.4378
0 -17.61 -2.66 0.866
3.075 -15.97 -3.1 2.5897
1.95 -11.52 0 2.237
19.45 -15.6 -0.57 2.7541
12.725 -14.39 -3.19 3.753
0.025 -19 -4.69 0.7157
0 -18.7 0.36 2.3219
0 -13.19 5.75 0.4054
0 -10.04 7.88 1.9294
0 -11.34 4.96 1.9117
14.9 -8.69 4.99 3.7239
11.975 -14.59 0.1 4.7247
1.55 -13.65 -3.82 1.1204
0 -12.7 1.5 0.6988
0 -11.96 3.59 0.9218
0 -8.53 8.51 2.6653
0 -11.12 7.72 1.2275
0 -11.44 11.31 1.0577
0.4 -10.48 11.64 1.8882
9.975 -5.9 9.1 3.0946
10.55 -12.62 -1.94 2.8486
7.75 -11.72 -3.56 1.4169
2.925 -8.75 -2.96 1.5189
0 -10.01 6.24 0.5977
0 -8.56 9.59 1.4612
0 -9.74 9.43 0.732
4.025 -4.98 11.07 4.7759
5.525 -8.37 3.08 5.4291
3.2 -14.22 -3 4.1183
1 -13.33 -2.42 3.4789
0 -11.9 2.84 1.8904
0 -11.48 7.65 2.2461
0 -8.59 9.76 1.3382
0 -5.56 11.39 1.914
0 -5.63 10.29 3.5472
0 -11.56 6.56 2.2687
0 -12.29 4.47 1.168
0 -6.08 8.62 2.9251
1 -10.05 6.91 3.7531
11.575 -12.62 1.88 3.7091
7.15 -14.95 0.13 4.9562
0.075 -10.03 0.71 2.5252
0.15 -9.66 5.97 1.379
0.075 -8.7 7.14 0.9123
0 -7.24 10.05 0.7393
0 -5.43 12.64 1.5131
1.6 -2.19 11.19 2.4135
0.95 -8.52 7.1 2.7506
0.15 -7.06 7.48 1.7605
0.075 -5.19 10.04 3.4039
0 -5.76 9.43 4.4649
2.05 -11.25 3.79 3.7777
1.7 -11.87 -0.96 4.1242
0.125 -9.52 1.21 2.3648
0.65 -11.95 2.7 1.7231
5.275 -5.95 7.57 3.6713
13.5 -9.53 4.99 2.8432
6.4 -11.03 1.84 3.9584
0 -12.35 2.05 1.7452
0 -9.94 9.63 0.7182
0 -4.16 13.71 2.7048
0 -0.4 12.88 3.0077
0 -4.08 12.24 2.6833
0 0.68 14.71 2.9443
0 2.17 13.88 3.0641
0 1.17 13.51 2.116
0 1.87 18.41 3.1222
0 3.58 18.67 3.1245
0 0.93 17.13 2.0615
0 2.12 17.49 4.2079
0 -0.6 13.5 4.6055
0 -3.6 9.55 5.5028
0 -1.76 6.22 4.4788
0 -4.82 11.11 1.2844
0 -1.09 14.41 1.6459
0 0.37 17.16 3.2805
0 -2.93 15.36 3.3155
0 -6.25 10.02 0.6459
0 -4.58 14.52 2.1775
0 -5.13 13.21 3.4603
0 -5.58 12.78 2.5428
0 -4.86 14.42 1.3589
0 -3.98 12.98 0.7689
0 -0.9 17.13 1.4519
0 0 17.92 2.232
0 1.7 15.67 2.5943
0 -1.23 14.77 2.2921
0 1.01 17.63 0.6733
0 2.64 21.74 1.2969
0 3.16 22.07 3.4347
0 0.91 20.65 3.0606
0 -3.19 17.78 2.7178
0 -1.89 18.42 2.7125
0 0.27 18.04 1.8681
0 -2.31 16.56 1.1677
1.325 -3.65 18.21 1.689
3.8 -0.14 20.17 2.1732
1.775 0.54 19.68 2.0168
0 0.62 18.96 1.8917
0 2.32 20.47 1.9237
0 0.48 20.47 1.8415
0 1.16 20.8 2.6535
0 2.96 20.86 3.4675
0 5.41 21.64 3.7383
0 2.36 20.99 1.7696
2.85 2.21 22.78 0.9664
6.525 4.1 24.1 2.5805
3.35 2.99 17.23 2.8883
0 2.87 22.97 2.6787
0 1.41 23.53 2.033
0 1.89 23.55 2.0041
0 1.66 23.24 2.9323
0 1.51 21.71 1.0525
0 2.26 22.1 2.2205
4 2.47 22.86 1.8651
12 4.65 23.1 2.2673
5.65 3.27 20.52 2.7455
0 1.69 19.82 1.9689
0 -0.27 19.73 2.4678
0 1.96 20.68 1.9366
0 1.51 20.99 2.4376
0 1.11 20.4 2.6118
0 -0.6 20.56 2.1289
0 0.39 20.66 2.5432
0 -1 21.06 1.7713
0 -0.19 21.11 2.0399
0 0.52 21.04 2.0973
0 -0.75 20.71 2.265
0 2.22 19.42 2.5635
0.575 -0.31 19.19 3.0259
0.35 -1.48 16.26 2.2929
0 -1.2 17.97 2.2515
0 -0.41 17.71 2.5952
0 -2.37 14.6 1.0444
0 -2.03 18.03 1.0486
0 -0.24 18.78 1.9103
0 -0.49 20.74 2.6614
0 0.62 20.11 1.079
0 0.92 21.72 1.9989
0 1.55 22.22 2.0993
0 0.67 20 1.9013
0 -1.24 20.15 2.2195
0 0.14 19.98 2.3773
0 1.33 18 1.8338
0 -0.1 15.99 2.9614
0 -1.91 19.67 2.453
0 0.81 23.6 0.8331
0 4.62 24.58 2.7832
0 4.43 23.21 2.7956
0 1.17 19.11 3.3718
0.6 -1.86 8.5 2.1865
0.35 -5.95 8.19 2.3381
0 -5.55 12.11 0.9953
0 -2.81 16.27 0.6956
0 -3.1 19.82 0.7103
0 -1.22 21.46 1.1454
0 -1.59 21.95 1.6283
0 -1.82 20.16 1.8906
0 -5.41 19.48 1.5512
0 -4.48 18.15 2.9534
0 1.48 16.14 3.3302
0 -8.59 8.68 2.1377
0 -8.51 12.12 0.8887
0 -6.08 15.52 0.9389
0 -4.16 17.09 1.1703
0 -5.4 17.21 1.9906
0 -6.18 15.76 1.5314
0 -6.46 16.54 0.6065
0 -5.38 17.3 1.1972
0 -4.83 18.98 1.7442
0 -5.18 18.86 1.6349
0 -4.68 18.38 1.786
0 -8.07 15.83 0.9602
0 -7.98 16.2 1.0952
0 -3.84 15.78 2.7826
0 -7.78 11.95 0.7141
0 -7.26 16.3 0.5159
0 -6.46 18.98 1.0646
0 -4.02 21.05 0.4707
0 -5.3 21.6 1.2934
0 -3.35 22.22 0.4264
0 -1.36 22.33 0.5606
0 -2.46 22.12 0.3159
0.125 -1.95 19.77 0.657
8.575 -1.51 17.26 1.548
57.925 -1.45 15.99 1.9091
60.775 -3.23 10.55 1.5307
27.975 -4.97 1.41 1.3879
10.875 -8.31 4.11 0.8239
2.85 -8.2 3.54 2.3607
0.275 -9.31 6.11 0.7468
0 -8.03 10.74 1.7005
0 -6.2 11.73 1.7232
0 -4.74 14.69 1.5426
0 -4.43 12.69 2.6801
0 -5.78 13.86 1.9096
0 -6.5 14.83 1.0097
0 -4.93 14.7 0.9925
0 -5.46 13.79 1.5679
6 -3.8 10.33 0.9494
5.325 -4.14 7.34 1.3675
0 -4.82 6.48 2.1313
0.55 -7.31 9.94 1.2827
0 -6.86 9.62 2.0731
9.95 -7.83 9.09 1.9092
40.15 -3.56 5.73 1.9049
63.35 -2.09 3.69 5.0903
40.075 -7.1 5.47 4.0364
0.1 -10.72 2.44 1.45
0 -14.23 1.72 3.1964
0 -13.74 3.04 3.4036
5.3 -10.17 7.55 2.0609
3.575 -8.99 8.05 2.0945
0.15 -10.79 4.8 0.7503
0 -10.47 7.06 1.8014
0 -9.99 10.87 3.4299
0 -8.4 12.72 3.2873
0 -6.06 14.31 2.2737
0 -4.8 13.21 1.2691
0.425 -5.28 11.79 2.486
20.25 -8.54 8.48 3.2764
12.775 -12.04 1.75 2.8771
1.725 -16.8 -1.6 0.6382
2.275 -15 0.57 1.6246
0 -15.53 -1.8 2.5411
0 -15.15 0.67 1.4649
0 -14 3.39 3.1782
0 -13 1.67 1.4686
0 -10.22 5.47 2.4588
0 -11.77 7.19 0.8461
0 -13.83 6.86 2.2647
0 -10.31 8.08 2.7406
31.275 -10.08 8.03 3.3291
46.8 -11.81 2.67 3.6031
32.875 -15.07 -2.54 5.5266
13.525 -14.84 -8.26 3.6206
14.575 -15.22 -5.75 4.8539
7.775 -22.99 -7.41 1.0281
0 -26 -10.15 3.4161
0 -23.15 -7.13 3.2436
21.85 -18.91 -3.94 3.1842
13.725 -22.12 -4.92 2.9929
0 -27.12 -8.05 2.0499
0 -24.92 -10.38 2.9195
0 -18.98 -2.05 2.0914
0.15 -15.71 0.65 2.434
0.025 -5.04 3.14 1.7943
0.85 -7.37 3.54 1.6682
21.9 -12.2 2.12 1.8944
14.35 -10.79 2.58 3.2408
0 -12.75 -0.39 2.3311
3.25 -11.59 1.16 1.8951
5.3 -7.6 2.86 1.2578
0.925 -6.99 2.61 1.6339
0.05 -7.53 4.06 0.5762
0 -12.61 6.58 2.1459
0 -12.94 5.52 1.5593
17.725 -11.02 4.47 2.3103
13.775 -10.92 1.22 1.7388
8.275 -13.19 -4.56 2.745
52.975 -13.14 -4.21 3.322
93.45 -9.78 -4.15 5.3051
83.725 -9.25 -2.62 6.3195
50.9 -12.15 -3.98 2.3681
20 -15.32 -10.35 2.0064
4.6 -16.52 -6.8 2.2189
3.8 -13.71 -5.75 0.4791
0 -14.87 -4.54 2.8026
17.65 -19.06 -3.86 5.0792
8.825 -17.34 -3.34 2.2348
0 -17.71 -6.55 1.0128
55.275 -16.8 -7.61 2.3098
30.025 -13.63 -4.57 4.8536
1.3 -23.1 -6.26 2.8166
4.975 -24.05 -12.45 1.1531
20.075 -23.84 -12.43 3.5269
25.625 -20.07 -10.68 4.2937
19.725 -16.04 -10.86 2.4684
0 -19.78 -8.28 2.9478
0 -26.46 -10.88 3.6543
0 -24.33 -11.48 5.2898
0 -22.7 -9.97 3.9356
0 -20.92 -8.96 1.8203
0 -21.71 -6.54 0.9022
0 -20.84 -4.51 3.359
3.3 -21.16 -8.46 3.1335
4.9 -17.63 -3.95 1.6027
0.325 -17.92 -3.05 1.5802
0.2 -17.35 0.13 1.3195
0 -16.99 0.41 2.2528
0 -12.86 -0.77 1.0029
0 -10.27 1.37 0.5812
0 -15.2 0.47 2.0017
0 -10.85 0.55 1.2873
0 -15.92 1.96 4.2195
0 -16.78 -1.25 3.5027
0 -14.77 -0.69 2.8805
0 -17.55 1.57 3.567
0 -17.27 -0.78 2.12
0 -16.31 -0.22 2.1169
0 -16.7 1.98 4.8755
0 -17.44 1.6 3.1002
0 -16.85 0.5 1.7632
4.875 -15.22 0.82 0.8063
13.575 -14.22 2.78 1.7517
5.275 -16.55 -4.61 1.7306
0 -17.9 -4.5 2.2777
0 -24.41 -4.94 3.0498
0 -22.17 -4.81 2.1084
0 -17.79 -1.4 2.9492
0.15 -15.32 0.99 1.6618
0.1 -11.61 2.77 1.9166
0 -12.29 2.82 0.6425
0.1 -15.48 5.62 2.3753
0.05 -19.77 -4.59 3.6745
0 -21.23 -3.76 3.6862
0 -19.23 -1.53 3.6438
0 -17.06 1.44 2.5226
0 -14.73 5.26 1.505
0.05 -11.8 4.14 3.3759
13.2 -6.7 1.37 4.2401
24.825 -10.84 2.06 6.3617
24.1 -17.64 -8.6 4.3957
49.3 -14.71 -8.06 3.1611
38.75 -13.2 -5.23 4.2657
2.725 -27.89 -7.01 0.7726
0 -27.47 -7.68 1.2523
0 -23.96 -9.67 0.4131
0 -24.71 -5.35 0.2883
8.75 -20.2 -6.31 2.64
19.1 -14.09 -5.49 5.9384
18.15 -19.8 -8.26 0.6257
0 -23.9 -10.2 0.5137
0 -25.32 -6 2.1942
4.2 -22.35 -4.09 1.7448
4.45 -17.82 -1.3 3.4491
8.8 -11.14 -0.2 2.0404
0.7 -19.49 -1.63 1.3792
3.2 -14.26 0.36 0.5903
16.175 -12.17 1.12 1.7936
27.85 -10.21 -0.4 4.4523
0.2 -12.71 -2.27 0.8081
0 -11.25 3.84 1.5553
0 -9.59 5.42 1.5854
0.35 -9.38 4.75 0.9539
0.2 -10.55 3.64 0.642
2.85 -12.09 4.18 0.9764
1.9 -7.95 1.7 1.2915
23.675 -7.77 4.79 1.5097
41.85 -6.77 5.83 3.3111
7.15 -15.03 -1.41 0.8658
37.675 -12.77 -1.07 3.4784
58.225 -13.99 -4.75 5.0186
86.775 -11.62 -6.33 6.3402
16.825 -14.64 -6.71 2.8172
12.45 -17.27 -4.26 0.8766
22.55 -12.86 -4.7 4.3602
57.5 -16.07 -6.83 5.4541
40.35 -16.42 -6.36 4.3984
20 -14.52 -3.62 3.0258
7 -11.44 -2.46 1.8645
0.175 -10.82 2.61 0.5086
0 -12.38 4.24 0.8682
0 -8.9 6.39 1.9799
0 -8.34 8.04 2.1687
0 -7.02 13.28 1.7041
0 -6.11 14.73 1.3517
0 -9.92 8.64 1.4771
0.05 -11.27 6.21 2.0716
0 -8.51 10.19 1.4292
4.15 -9.51 9.3 1.2169
6.15 -11.81 6.69 3.6677
4.65 -18.43 -7.39 1.4449
1.85 -15.78 -8.97 1.4988
0.05 -15.43 -3 0.5303
0 -12.69 3.82 1.3919
0 -12.21 5.29 1.1684
0.575 -11.18 5.41 3.052
0.375 -15.01 -3.57 0.5554
0 -11.48 4.14 0.7984
0 -9.41 9.29 1.1154
0 -7.79 11.44 2.2922
0 -4.66 10.93 3.309
0.025 -7.57 6.25 1.8099
0.475 -5.63 8.65 2.3599
8.5 -5.86 3.1 2.5203
4.85 -11.45 3.45 0.8476
3.025 -9.72 3.44 1.4296
0.325 -6.71 2.94 2.8079
0.75 -8.64 1.81 2.7777
0.05 -11.71 3.93 2.5824
0 -10.61 5.83 0.8534
0 -7.31 9.83 2.5803
0 -10.76 6.34 4.4739
0 -14.33 1.53 3.6958
0 -13.43 2.89 2.1023
0 -10.45 7.97 0.723
0 -8.21 11.05 0.7942
0 -8.08 13.1 3.2243
0 -4.18 14.09 1.0435
0 -5.26 15.66 1.7078
0 -2.13 14.12 2.1802
0.275 -4.71 10.28 3.2668
1.6 -11.36 3.18 3.5109
3.125 -12.56 -2.98 2.9284
0 -9.43 5.6 1.6623
0 -6.35 9.8 1.1832
0 -5.65 12.51 0.6268
6.075 -5.2 13.89 3.157
10.725 -11.69 7.46 3.3932
3.875 -13.67 -3.83 1.1455
11.375 -10.75 0.56 3.454
32.675 -11.01 -0.38 2.5826
3.45 -9.71 -0.51 3.6819
0.075 -10.23 4.45 1.7505
0 -5.37 10.43 1.8304
0 -6.25 10.2 2.6636
0 -8.48 9.03 4.2285
0 -10.01 6.82 2.3149
0 -5.89 11.13 3.0749
0.025 -5.88 8.59 2.8475
0 -6.13 8.02 3.5654
3.425 -5.25 8.87 4.4088
5.625 -11.81 3.39 4.9275
1.175 -11.98 0.62 3.0812
0.7 -8.4 5.34 3.1293
0.975 -3.93 6.34 3.2905
0.85 -10.24 2.37 1.8477
0 -10.57 3.27 0.8896
16.1 -6.47 6.5 2.724
17.4 -3.66 1.59 1.6874
6.475 -5.67 8.55 3.9568
0.95 -7.24 6.77 1.7483
0.5 -6.12 9.7 2.9528
0 -4.61 11.52 1.5197
0 -3.53 14.44 1.9639
0 -2.56 13.9 2.9027
0 -2.8 12.51 2.5854
0 -2.46 14.55 2.7793
0 -1.42 15.98 1.3678
0 -0.37 19.24 1.8822
0 -0.38 19.84 2.2614
0 -4.25 15.63 0.9041
0 -2.29 14.98 3.0409
0 -1.64 16.84 2.144
0 -3.74 14.7 0.1894
0 -0.82 19.7 0.3449
0 1.57 20.88 2.511
0 1.74 20.83 3.2326
0 -1.29 18.87 2.7111
0 -3.76 17.74 2.6896
0 -3.71 16.95 2.1258
0 -1.73 18.79 2.0295
17.35 0.47 19.29 3.0758
17.6 -0.96 14.73 2.7226
4 -5.32 8.82 2.2089
0 -2.04 17.86 0.5981
0 -0.26 21.46 0.8748
0 1.4 23.23 0.9419
0 1.57 23.02 1.7862
0 2.25 22 1.7788
0 4.09 19.34 2.3685
0 3.43 20.33 2.9921
0 -0.27 18.68 2.2768
0 -0.52 19.96 2.5327
0 -2.6 19.47 2.2601
0 -1.36 18.85 2.5551
0 -1.56 18.47 2.6543
0 -2.15 18.03 3.2769
0 -3.03 17.09 2.6287
0 -0.4 16.12 3.0928
0 -2.91 15.58 3.2678
0 -2.75 15.84 2.1688
0 -2.96 17.29 1.7374
0 -1.55 18.7 2.104
0 -1.68 18.95 1.0508
0 -0.65 19.3 2.2814
0 -0.08 20.72 2.879
0 1.22 19.52 1.7963
0 1.36 21.78 2.2301
0 -0.5 20.96 2.3561
0 -2.67 19.89 1.7418
0 -0.9 20.2 1.6625
0 1.11 18.98 1.2073
0 4.55 21.27 2.0081
12.075 1.02 22.23 3.0358
9.275 1.74 19.84 2.2541
1.775 2.32 16.14 1.7999
0 0.59 19.14 2.0204
0 1.14 19.68 2.1654
0 -1.02 20.61 3.205
0 -1.57 18.6 2.2241
0 -1.51 19.39 3.1583
0 -2.21 19.84 2.5944
0 -1.65 19.66 1.8965
0 -1.72 20.82 1.9581
0 -1.25 20.08 2.13
0 -1.1 20.32 2.6832
0 0.64 20.43 1.4142
0 0.63 20.31 1.5299
0 -0.22 20.73 2.2637
0 -1.02 19 1.5326
0 -1.87 18.75 0.7869
0 -1.24 20.01 1.5362
0 -0.13 21.45 1.2338
0 -0.23 22.57 2.4601
0 0.09 21.4 2.1908
0 -1.85 20.05 1.7478
0 -2.08 19.51 1.2645
0 -2.56 19.89 0.9518
0 0.43 22.12 2.1157
0 2.2 21.45 1.488
0 1.28 20.49 1.1266
0 1.9 22.09 1.2337
0 2.13 21.88 1.6459
0 0.24 21.78 1.6273
0 0.04 21.84 2.0849
0 -3.21 21.41 1.964
0 -0.98 19.22 0.6697
0 -2.93 19.7 0.9891
0 -0.61 19.57 0.8997
0 -1.16 19.71 0.7733
0 3.03 19.59 1.872
0 -1.61 18.04 0.4442
0 -1.94 19.47 0.9189
0 0.7 20.06 0.7409
0.45 -0.33 18.3 2.0495
3.175 -1.64 15.9 1.2446
8.425 -0.14 15.38 1.4481
14.975 -1.84 11.26 1.3563
8.775 0.34 13.9 0.6681
16.05 -2.5 14.75 0.9852
0 -0.14 14.06 2.5518
0 0.57 15.1 1.9697
0 -1.36 12.73 1.5673
0 -3.31 14.67 0.2931
4.175 -2.64 17.38 0.2926
2.8 -1.28 19.01 0.8366
0.075 -2.12 18.38 0.4617
7.3 -1.81 19.16 0.5298
0 2.91 19.21 0.8652
0.525 -1.23 20.04 1.6785
8.7 -2.97 16.16 2.4475
0.075 -4.45 12.09 1.542
0 -2.91 16.29 0.3731
0 -1.69 18.4 0.6134
0 1.44 16.54 1.0236
0.15 -3.26 18.73 1.6909
0.125 0.7 17.64 2.7755
0 1.3 14.15 2.241
0 -1.33 13.9 2.431
40.95 -4 10.57 2.5165
48.95 -6.64 6.91 4.2132
16.775 -10.19 0 0.6707
2.9 -12.77 0.15 0.9823
0 -10.39 5.69 1.3673
0 -9.27 7.39 1.4226
2.225 -7.45 9.34 1.8668
7.15 -5.02 7.08 1.9137
0 -4.56 11.34 0.9295
0 -4.02 13.51 0.6989
0 -6.47 16.35 0.6739
0 -5.23 16.86 1.3967
0 -3.89 13.15 1.8728
0 -4.9 13.15 2.0499
0 -5.73 12.46 2.209
0 -6.05 14.69 0.6259
0 -4.28 11.32 0.5572
0 -7.98 12.95 0.3656
0 -4.61 11.09 2.4561
0 -8.69 13.45 2.0528
0 -7.75 14.58 2.493
0 -7.44 10.23 1.419
0 -12.02 6.05 3.9573
0 -13.19 3.08 3.5081
0 -12.52 6.95 2.2599
0 -12 9.3 0.8285
0 -11.38 10.36 2.3679
0 -11.24 11.32 0.1891
0 -9.62 11.1 3.591
0 -9.13 4.81 4.1162
3.4 -15.3 5.82 4.2325
10.95 -15.48 5.9 2.0023
9.55 -18.18 -5.72 0.4917
10.1 -15.19 -4.73 1.6052
0.15 -14.85 -4.73 1.1055
0 -17.22 -4.31 2.3853
0 -16.58 -1.26 3.3281
0 -15.77 2.01 2.8226
3.2 -11.4 0.22 2.9796
3.65 -8.5 -1.25 1.0103
0 -11.19 2.28 0.2584
0 -9.01 4.39 0.3992
0 -12.67 4.42 0.4529
0 -13.03 5.97 0.8495
0 -12.5 4.16 1.5236
0 -13.72 5.18 3.917
0.65 -11.97 0.23 2.3674
2.45 -13.25 -2.32 3.7594
2.775 -17.67 -3.49 1.5242
0 -15.8 -0.83 2.2161
0 -13.55 3.15 3.531
0 -10.98 4.71 2.4821
0 -12.11 2.08 0.7727
0 -13.4 3.59 2.9764
0 -11.92 6.76 2.3756
0 -12.59 7.81 1.1205
0 -13.63 7.74 2.0352
0 -12.69 6.85 3.2744
0 -13.09 -0.62 9.3371
0 -17.56 -6.24 4.0496
0 -18.68 -1.31 4.5601
0 -20.25 -5.06 2.7321
0 -19.29 -1.69 3.5296
0 -20.36 -3.61 2.9593
0 -18.33 -1.15 3.6541
0 -17.48 1.24 4.1094
0 -19.9 0.72 4.3824
0 -17.16 -0.41 3.2147
0 -18.82 -0.85 1.3261
0 -20.23 -2.27 1.6175
0 -20.81 -5.17 1.4359
0 -20.77 -3.81 0.9546
0 -17.89 -2.85 0.9018
0 -14.26 -4.51 6.004
0 -16.61 -2.57 5.0048
0 -18.92 -0.08 2.6247
0 -15.96 0.54 4.8152
0 -20.35 -3.1 4.7351
0 -18.67 -3.09 3.4836
0 -23.54 -0.72 4.5155
0 -23.12 -3.71 3.809
0 -22.18 -1.7 4.8631
0 -20.51 0.89 3.1797
0 -19.06 3.24 1.4193
0 -17.41 4.79 1.0473
0 -14.62 2.87 1.0442
0 -12.8 6.65 0.994
0 -12.88 5.41 1.695
0 -15.29 5.55 2.3431
