0.35 1.56 10.3 1.596
4 2.01 6.04 1.0368
1.625 1.01 10.26 1.791
0 -2.52 8.94 3.602
0.825 -0.63 9.24 1.8167
0.3 4.2 7.62 0.35
0.025 0.46 7.44 1.5032
0.025 0.52 9.29 0.9564
0 2.02 11.44 4.095
0 -0.95 11.69 3.5371
0 -1.51 15.91 2.5199
0 -0.96 15.13 5.3387
0 0.26 17.55 4.1076
0 0.07 19.9 3.7479
0 -0.11 19.61 3.9377
0 0.78 20.26 4.9281
0 0.71 19.79 4.1541
0 0.69 20.16 4.6273
0 0.45 20.72 4.8147
0 0.8 20.44 3.3941
2.3 3.08 17.98 2.6941
10.375 8 16.97 2.1215
11.25 10.14 12.63 1.6927
10.575 9.57 14.85 2.0875
4.1 4.86 13.66 3.2907
0.9 1.4 9.34 1.0547
0 -1.17 10.77 1.2083
0 -1.63 11.23 1.5842
0 -0.13 13.65 4.0229
0 -0.41 15.59 4.3702
0 2.53 19.7 2.8877
0 1.36 17.66 2.8807
0 1.73 17.71 4.0491
0 1.54 20.35 3.8081
0 1.82 21.29 2.9859
2.85 5.02 19.47 2.8107
5.5 7.92 13.54 3.2033
2.1 5.05 14.96 2.645
8.1 3.95 14.75 1.3077
4.825 2.83 12.46 3.2913
2.6 -2.37 10.2 0.3439
5.775 -0.58 11.32 2.4721
3.275 1.87 11.42 1.3658
11.3 2.41 10.61 3.0029
5.45 2.98 9.44 3.6209
1.9 5.11 11.16 6.3258
10.3 6.14 11.8 5.528
7.4 5.58 10.69 4.5192
1.15 1.82 10.64 1.5672
0 0.66 15.02 3.5275
0 1.32 17.55 2.7445
3.35 1.61 17.21 3.7305
5.95 5.25 15.53 4.0905
4.575 10.17 14.83 2.9429
1.125 6.82 15.94 1.4408
0.425 7.72 17.64 1.5064
0.375 6.7 16.88 2.1714
0.075 2.98 16.72 0.4133
0 3.07 16.25 3.5417
5.05 7.02 17.68 2.905
10.25 10.71 16.51 4.0577
23.5 8.19 16.26 4.9218
10.85 4.49 13.37 2.6353
0.05 0.77 13.18 1.0557
0 1.78 13.73 1.8678
0 0.39 13.26 0.3307
0 0.59 15.39 1.4114
0 1.7 14.42 2.7046
0 -1.35 12.07 0.5549
0 -1.07 14.18 0.4738
0 1.3 17.16 1.8112
0 1.88 18.35 1.9229
0 2.51 17.76 1.3548
0 3.8 17.14 2.1221
0 5.96 18.73 2.4395
0 6.4 19.57 1.1623
0 6.4 20.69 1.4389
0 7.05 22.52 1.2773
0 7.52 23.29 0.985
4.4 6.8 21.2 1.6268
3.9 5.22 16.44 3.9307
0.65 0.83 12.32 2.3966
0 0.5 15.45 1.9112
0 2.24 18.51 0.9417
0 4.91 21.4 2.1094
0 7.6 22.71 1.9148
0 7.53 23.71 1.454
0 7.79 22.48 3.4982
0 3.24 17.98 2.0253
0 2.24 18.79 0.569
0 6.26 21.67 2.9515
0 5.86 22.56 2.6185
0 5.03 18.92 5.1736
0 2.03 17.42 1.9268
0 1.69 19.89 2.5018
0 3.9 24.44 1.9142
7.8 5.65 23.71 1.2226
4.3 6.97 18.75 2.6718
3.95 6.21 14.57 1.7026
2.65 7.7 15.38 2.3853
0.275 3.84 16.76 3.7753
0 4.92 19.14 1.7791
0 6.47 21.31 2.4529
0 7.17 18.87 5.0334
0 1.55 13.68 5.6773
0 0.92 16.83 2.9796
0 3.43 21.01 1.5289
0 6.19 25.08 2.4325
0 6.85 28.41 2.437
0 11.33 31.94 1.5086
0 11.98 32.59 1.2964
0 11.78 33.62 1.7701
0 10.3 30.17 2.2635
0 9.13 23.19 3.1912
0 2.53 18.97 3.404
0 3.09 20.47 2.1815
0 5.22 20.31 2.3042
0 2.81 18.39 2.9943
0 2.98 17.68 1.8777
0 3.98 20.66 2.0197
16.625 7.18 22.18 1.7105
7.25 12.17 19.75 2.3641
0.425 11.62 19.35 3.3703
0.5 11.13 21.56 1.7538
0.25 13.62 23.88 3.3508
0 11.78 25.92 1.8538
0 11.04 26.49 3.1309
0 10.47 26.02 2.0687
0 10.59 27.68 1.893
0 10.37 29.26 1.5244
0 11.02 29.55 3.1482
0 8.34 27.34 3.3812
0 9.83 26.01 3.0037
0 10.82 28.27 3.2977
0 11.49 28.6 2.2826
0 13.08 32.49 1.3566
0 16.04 36.85 0.2568
0 16.56 37.73 2.1411
0 15.87 35.17 2.3414
0 11.6 29.95 1.572
0 11.13 30.47 1.1734
0 11.32 31.14 2.4684
0 11.43 30.15 3.0035
0 9.77 27.75 2.8014
0 9.2 27.8 2.2862
0 13.41 31.13 1.7425
0 14.73 32.87 1.1386
0 15.76 35.31 2.2334
0 15.51 34.14 2.487
0 14.43 33.23 2.9651
0 13.59 29.29 2.3415
0 12.93 29.14 2.3289
0.025 13.07 27.54 2.3628
0.325 13.53 27.07 0.5182
0.825 11.32 26.8 2.172
1.3 11.22 23.39 3.0378
1.1 9.35 22.3 1.943
0.35 10.2 24.52 2.6328
0 10.95 26.96 2.6268
0 10.11 26.9 3.396
0 11.59 25.41 3.0116
0 10.57 24.83 3.4333
0 11.31 25.78 2.5722
0.125 13.27 25.39 3.4132
0 11.12 25.49 2.3603
0 10.84 25.97 2.4918
0 11.5 26.86 2.7683
0 12.62 28.17 3.1913
0 13.35 31.57 2.1811
0 15.5 33.56 2.8946
0 10.6 31.74 3.2798
0 9.11 27.36 3.3835
0 11.05 27.95 1.5411
0 12.24 31.76 0.7151
0 14.74 35.21 1.6179
0 14.58 35.42 2.6443
0 13.55 33.01 1.8949
0 15.4 35.66 1.006
0 17.97 39.83 0.8796
0 18.43 40.59 2.7846
0 16.89 39.52 2.7366
0 16.61 36.82 2.2527
0 16.26 36.45 1.8518
0 14.94 36.63 2.7102
0 14.67 35.73 2.4418
0 14.2 33.02 2.6293
0 12.37 31.72 2.4385
0 11.14 31.52 2.6175
0 11.21 31.24 2.647
0 12.13 30.69 2.6843
0 11.98 31.34 2.0221
0 14.35 31.91 1.7637
0 16.5 32.73 2.2015
0 14.75 33.36 1.6136
0 15.59 36.15 0.6565
0 16.81 37.73 1.5718
0 17.71 38.75 1.7434
0 17.9 38.85 1.6946
0 19.2 39.88 1.9873
0 19.54 40.42 1.4677
0 19.3 40.07 2.4167
0 16.91 37.4 2.534
0 15.69 35.82 2.4635
0 15.7 35.36 2.112
0 14.52 34.17 2.0768
0 13.59 34.23 2.1511
0 14.75 35.42 1.9405
0 17.55 37.74 2.0091
0 18.2 37.5 2.3827
0 17.21 35.66 2.9776
0 16.48 33.8 2.7519
0 15.9 33.97 2.9202
0 16.53 34.05 2.6583
0 15.45 33.51 2.7988
0 13.85 31.75 2.3131
0 14.22 31.45 1.8491
0 15.05 32.02 2.1283
0 13.11 29.82 2.7767
0 11.04 25.85 1.9156
0 11.96 29.18 1.6514
0 14 32.99 0.823
0 16.05 35.21 1.3283
0 17.35 36.37 2.9273
0 15.58 36.92 2.7875
0 15.77 35.35 3.1231
0 14.58 32.68 3.182
0 11.4 31.33 1.641
0 12.25 32.62 0.6619
0 14.31 34.22 0.9664
0 15.04 35.06 0.8612
0 15.5 35.92 1.351
0 15.07 34.26 2.3361
0 15.72 34.97 2.1196
0 17.17 36.74 2.2415
0.1 17.11 34.62 2.6192
0.05 13.69 31.73 1.5464
0 13.01 32.36 1.4582
0 13.35 33.58 0.3616
0 13.53 35.22 1.6141
0 13.82 36.9 1.6026
0 15.58 37.44 1.4843
0 16.15 38.22 2.4752
0 16.26 35.47 1.4499
0 15.8 34.41 0.5969
0 16.59 35.8 0.565
0 17.7 37.46 1.7238
0 16.36 36.38 2.4414
0 11.8 32.86 2.048
0 13.09 29.8 2.0898
0 11.69 28.56 1.8983
0 11.62 30.61 0.6134
0 12.53 31.79 1.0306
0 14.39 34.4 0.4881
0 14.95 36.35 1.0803
0.225 16.07 35.03 2.0206
0.325 13.38 31.14 1.9919
2.6 13.93 26.26 2.5392
0.55 11.98 25.48 1.7161
0 12.6 29.3 1.7713
0 14.11 31.62 0.7595
0 14.49 33.84 0.9089
0 16.15 35.92 1.8894
0 14.01 33.58 1.0179
0 14.83 33.84 1.8616
0 15.23 35.32 2.0542
0 14.6 35.97 1.2386
0 14.31 35.8 0.6798
0 13.77 35.34 0.8033
0 14.33 36.36 1.1391
0 14.78 37.11 0.4134
0 15.49 35.84 1.8522
0 14.99 30.15 2.4993
0 6.23 21.22 2.4431
0 6.58 23.66 2.3319
0 6.62 26.9 0.8033
0.05 8.56 26.48 3.2129
0.025 6.38 21.74 3.3721
0 3.53 18.54 0.3502
0 3.36 21.23 2.405
0 5.4 24.58 1.2098
0 6.32 24.13 1.3819
0 6.6 24.69 0.6576
0 7.34 25.07 0.426
0 7.72 24.53 1.7208
1.525 7.82 22.14 1.917
30.875 9.71 18.12 6.8455
15.375 12.64 18.98 4.1658
0.475 15.41 24.28 1.0813
0 13.82 26.36 2.2888
0 13.11 25.53 1.1406
0 15.17 27.34 1.6142
0.35 9.12 22.61 2.0005
0.175 7.6 18.27 1.6571
0 6.88 19.93 1.0888
0 7.99 22.55 0.7494
0 9.2 23.94 1.2543
0 10.15 25.34 1.3857
0 9.77 24.69 1.5814
0 9.04 24.57 1.1751
0 9.95 23.07 4.5918
0 5.87 18.51 4.8418
0 1.87 17.46 0.7495
0 2.45 18.27 0.1725
0 4.03 21.44 0.8543
0 5.31 22.93 0.9624
0 6.73 23.85 1.2415
0 7.19 24.98 1.1326
0 6.81 26.3 1.7387
0 7.07 24.83 2.3526
0 5.15 21.14 0.5019
0 7.25 19.97 1.8138
0 4.73 18.98 1.9299
0 3.13 18.22 1.0496
0 4.2 18.88 0.7941
0.3 5.98 17.95 0.4522
1.075 7.56 16.44 2.0808
0.45 1.42 15.41 1.4442
0 1.44 15.51 1.184
0 0.45 16.53 2.6368
0 0.72 17.46 1.9518
1.075 1.74 19.89 1.2223
0.55 4.53 18.98 2.1246
0 0.37 15.06 2.1721
7 1.42 16.35 3.3603
3.45 2.09 15.64 1.2443
0 0.91 14.76 0.4457
0 2.27 16.09 1.949
0 0.9 14.77 3.4968
0 1 18.29 3.7167
0 1.83 20.55 2.4058
2.325 3.65 19.1 1.0779
0.65 5.41 15.19 5.0552
0 0.37 16.64 4.7126
0 0.08 15.13 3.8537
0 0.45 17.48 1.5101
0 0.18 16.28 1.8875
0 -0.58 14.98 1.8549
0 -0.01 15.07 1.9666
0 0.35 14.54 1.1609
2.1 -3.32 11.11 1.9496
8.15 -1.78 7.93 0.7498
2.25 -5.5 5.78 0.5303
0 -5.06 6.9 1.9533
4.875 -3.51 8.01 3.3085
12.35 2.25 11.33 3.0717
15.2 7.57 12.44 3.8547
11.4 6.63 12.36 3.9156
3.2 5.73 11.5 0.6104
0 2.63 13.47 3.314
0.325 4.47 14.88 2.7433
0 4.1 13.98 2.2417
0 2.79 12.14 2.7209
0 3.77 8.82 4.0889
0.225 2.64 13.89 2.8673
7.825 4.39 15.4 1.7075
3.525 2.63 12.1 3.6879
0.05 -1.07 9.77 2.223
0 -2.44 9.66 3.9032
0 -1.6 13.59 3.9921
2.45 -0.03 13.83 4.1193
3.05 1.59 12.28 2.0858
0.975 3.09 11.68 2.9404
1.35 2.64 10.99 0.7696
0.95 6.56 12.66 1.4279
0 4.75 11.82 2.6449
0 3.65 13.57 2.154
0.075 3.19 13.7 1.2174
0.025 3.52 13.1 3.929
0 2.15 14.29 2.9435
0 1.68 14.78 2.8973
0 2.24 11.5 3.1263
0 0.88 10.88 2.5338
0.6 2.64 10.97 2.9357
0.4 4.12 12.07 2.4423
0.05 3.67 6.05 2.4038
0.1 3.94 7.63 3.2354
6.675 5.15 15.71 4.6212
6.55 8.22 17.21 2.0228
0.175 1.77 14.77 1.1866
0.075 1.95 13.87 3.253
0.1 3.43 15.01 2.4954
8.95 3.53 15.31 2.7329
13.45 7.73 14.23 4.9368
15.95 8.52 11.62 5.6015
16.5 5.41 11.23 6.544
16.975 3.62 9.69 3.8969
10.55 2.18 9.31 3.5926
3.825 1.35 8.04 0.9738
0.475 0.23 10.62 2.475
2.15 2.42 10.05 4.2927
1.4 6.36 11.08 3.0462
0.025 3.18 13.31 1.2068
0 2.2 13.3 2.6073
0.725 3.38 14.4 3.2046
1.075 4.59 15.91 1.2047
0.275 0.87 13.88 1.2896
0 1.16 14.67 1.747
0.025 2.72 14.26 2.1071
0.325 2.84 15.61 0.6294
5.775 4.57 15.08 2.9975
3.8 7.34 15.34 3.4446
8.675 8.67 13.4 1.6625
3.1 6.36 10.68 2.5613
2.075 6.93 11.23 1.2212
5.475 6.36 11.44 1.7154
0.825 1.52 12.34 0.7153
0 3.05 13.37 1.1552
0 4.5 14.65 1.331
0 3.19 17.47 1.465
0 2.83 17.93 1.5446
0 3.2 18.01 1.2395
0 4.67 17.82 1.7353
0 5.24 19.31 2.3693
0 4.84 19.99 0.9409
0.025 6.29 17.31 1.0939
1.35 6.46 14.7 2.204
5.425 6.26 11.99 2.8849
1.475 2.23 10.66 1.9759
18.875 2.04 12.21 3.7799
8.875 5.56 11.97 2.6455
1.275 3.79 13.34 0.8557
13.675 4.25 16.06 4.4908
7.5 7.51 16.2 1.2299
0.325 3.1 14.64 0.4085
0 3.74 15.97 2.1139
4.15 6.55 16.85 2.6917
15.7 5.91 10.79 3.2369
7.1 3.18 11.04 2.7319
0.025 0.33 12.17 1.2475
0 3.14 14.11 2.3665
0.15 3.65 17.56 1.1484
0.275 5.74 14.99 2.6469
1.3 0.19 10.94 3.7422
0.7 0.75 11.81 2.2583
0 -0.31 12.78 0.281
9.95 1.49 14.05 2.036
5 1.42 13.85 2.4965
0 0.31 14.4 2.3762
0 1.33 16.32 3.5016
0 4.01 21.81 1.2967
0 6.38 23.96 0.9641
0 6.13 23.22 2.796
0 3.66 24.34 2.1128
0 4.57 24.44 1.7399
0 6.06 22.95 0.3737
0 6.41 21.19 1.7688
0 4.73 20.5 1.7829
0.075 3.92 20.75 1.6964
0.525 5.04 20.06 2.1729
0.225 2.9 16.23 2.3355
0 3.35 19.26 2.4285
0 3.73 21.2 0.9919
0.4 5.02 23.19 2.3492
5.425 5.9 19.9 5.0194
3.2 3.73 13.34 2.6893
0.275 1.86 13.53 0.8868
3.7 1.04 13.94 2.015
1.725 2.91 12.82 1.8205
12.1 2.08 12.46 2.7899
6.55 3.54 12.89 2.8265
0 3.43 14.78 0.8808
0 1.79 17.61 2.0268
0 4.48 20.5 0.8817
0 6.22 20.78 1.188
0.2 6.34 19.34 2.013
10.475 7.18 14.05 4.4499
13.75 6.49 13.84 4.3856
4.325 3.65 13.78 1.0876
0 4 16.7 0.7208
0 5.04 18.25 0.8548
0 6.02 20.68 2.0009
0 6.13 21.42 1.5191
0 6.24 23.16 1.1749
1.825 8.53 23.84 1.5369
15.825 7.66 19.91 2.406
10.15 4.84 12.21 3.3189
2.125 5.5 11.01 2.091
0.1 6.65 14.87 1.3611
0 8.34 22.8 1.1292
0 10.03 25.99 1.3118
0 8.13 26.42 0.8829
1.925 9.71 24.07 3.8032
1.725 4.2 16.24 4.6211
0.3 4.25 15.14 3.6949
0 3.98 16.38 3.4539
0 4.71 20.74 2.1231
0 7.4 23.71 1.9739
0 7.93 26.67 0.9843
0 9.46 26.71 2.2743
0 8.33 23.57 3.823
0 5.83 21.32 2.36
0 4.66 22.41 0.8168
0 6.21 23.56 2.7661
0.45 6.88 20.61 3.6514
3.875 7.39 16.35 2.917
1.85 2.81 15.7 3.682
0 4.07 20.35 2.1253
0 6.59 24.26 1.0207
0 8.53 26.13 0.7571
0 9.1 27.62 0.6238
0 10.12 27.56 1.2335
0.625 10.79 24.56 1.8072
0.375 11.79 20.93 1.4398
0 10.61 22.44 1.563
0 9.98 23.17 3.4929
0 6.21 20.7 4.3041
0 4.02 16.86 3.6143
0 5.2 17.76 4.206
0 6.25 20.4 2.28
3.45 6.03 19.57 1.5343
2.475 7.32 20.58 2.623
2.8 9.22 19.21 2.2378
1.225 5.3 18.72 3.2163
0 7.39 21.55 1.9839
0 8.13 26.85 0.8623
0 12.31 28.74 2.5272
0 12.34 26.63 2.9657
0 11.62 26.85 2.4957
0 13.34 28.36 2.5085
0 15.1 29.09 2.5049
0 15.39 30.47 2.002
0 15.86 31.7 2.9346
0 14.02 30.9 3.1953
0 12.63 29.39 2.8379
0 12.64 28.4 3.6377
0 8.52 25.69 4.7068
0 10.27 24.15 5.0018
0 11.56 29.46 3.5355
0 12.6 32.22 1.0178
0 13.1 32.96 1.838
0 12.83 32.67 2.7993
0 10.12 29.12 3.1039
0 9.08 27.78 1.6524
0 9.74 29.05 2.5144
0 8.09 26.54 3.0366
0 7.63 25.76 2.6925
0 9.84 27.89 1.9682
0 11.97 30.38 1.3175
0 14.06 32.7 2.0969
0.725 14.03 32.09 2.1908
0.55 12.93 29.97 2.8181
0 14.41 30.85 2.6252
0 16.52 34.26 1.3033
0 18.93 37.53 1.7913
0 17.62 37.85 2.951
0 14.76 34.13 2.9512
0 10.79 31.72 2.7698
0 11.78 30.51 2.9549
0 13.06 30.76 2.4123
0 12.88 32.79 1.0197
0 13.91 34.67 2.0307
0 14.22 33.79 2.6435
0 13.69 31.72 2.5149
0 14.61 33.3 2.6224
0 15.26 34.23 2.3513
0 15.42 36.33 1.8403
0 16.36 36.35 2.1392
0 16.91 34.61 3.0838
0 15.36 33.04 3.0623
0 16.06 33.27 1.9067
0 18.35 36.04 1.6973
0 18.99 38.57 2.6889
0 19.31 38.86 2.695
0 17.83 38.2 2.5653
0 16.14 37.48 2.1883
0 15.34 36.1 2.0598
0 14.78 34.26 2.2248
0 13.04 33.47 1.0556
0 14.2 34.22 2.3036
0 16.34 35.42 2.2292
0 17.18 36.3 2.7019
0 15.63 34.08 2.7015
0 14.34 30.71 1.8984
0 12.48 29.87 2.2604
0 13.21 31.81 2.1338
0 13.94 33.3 2.2928
0 14.56 34.03 2.2502
0 13.92 33.79 1.9846
0 14.6 34.19 2.2999
0 13.95 34.81 1.4194
0 14.81 34.96 1.9465
0 13.49 33.69 2.003
0 12.92 32.74 2.0029
0 13.1 32.65 2.4575
0 14.02 31.83 2.7159
0 14.04 30.89 1.8509
0 14.1 31.34 1.7594
0 12.92 30.36 2.0958
0 11.71 29.58 1.2127
0 13.52 31.15 1.6439
0 14.32 31.92 2.5179
0 14.13 32.18 2.8473
0 14.57 33.73 1.3038
0 14.86 34.34 1.4714
0 13.76 33.89 1.5618
0 12.25 32.92 1.9574
0 13.45 33.85 2.2496
0 13.29 33.26 1.6921
0 10.87 32.33 1.8122
0 11.6 31.32 2.2125
0 13.55 35.49 1.7615
0 16.04 39.96 0.5008
0 18.19 38.61 1.9987
0 14.94 35.18 2.3164
0 10.7 30.56 2.6228
0 9.28 25.53 2.3378
0 9.66 25.12 2.5306
0 10.21 27.51 1.5283
0 12.16 30.65 0.825
0 15 35 0.2754
0 15.54 37.5 1.2727
0 15.44 36.9 1.1044
0 16.93 34.93 2.1367
0 14.51 34.05 1.1853
0 14.32 33.76 2.039
0 12.39 30.85 2.6681
0 8.82 21.6 2.0022
0 9.35 25.4 0.7147
0 10.34 29.08 0.5555
0 12.67 32.89 0.9834
0 13.12 31.92 1.5318
0 11.85 30.74 1.3955
0 11.41 30.57 1.21
0 11.9 31.21 1.8491
0 12.52 30.98 1.5522
0 13.44 30.71 1.4007
0 12.93 29.08 1.2517
0 12.07 28.08 1.4243
0 11.59 28.11 1.2221
0 9.88 26.36 2.6574
0 9.3 24.56 1.3253
0 10.03 28.96 0.6974
0 12.3 32.86 1.0184
0 16.4 35.3 0.7892
0 14.29 36.76 1.1818
0 16.02 37.96 0.7419
0 16.75 39.09 0.5745
0 16.44 37.61 0.4159
0 16.45 35.02 0.5169
2.4 17.56 34.48 1.0349
7.1 17.54 34.56 1.393
6.425 13.36 25.97 1.624
1.25 13.08 19.44 1.048
0.575 9.63 20.06 0.7539
2.6 10.26 21.55 1.8302
0.075 9.06 21.55 0.8417
0 10.08 25.08 1.9911
0 10.65 27.16 1.6935
0 13.37 29.49 1.6339
0 14.29 29.88 2.0419
0 13.67 32.18 1.3612
0 13.86 33.51 0.5596
0 13.25 33.64 0.3952
0 14.22 32.16 0.9481
2.275 14.57 29.05 0.917
1.15 10.06 21.94 1.1271
0 10.25 21.49 1.553
0 10 25.43 0.7919
0 11.31 25.38 1.8263
1.75 10.17 22.39 1.5509
13 11.91 21.73 1.6483
24.675 12.95 17.98 4.5696
15.25 8.84 17.24 3.3304
0.025 5.99 18.49 1.7726
0 3.71 19.3 2.72
0 4.38 20.72 3.3878
2.475 9.41 23.32 2.248
3.875 10.37 23.74 1.8102
0.825 6.85 16.17 1.0218
0 7.1 21.63 1.8846
0 7.55 23.12 2.9024
0 9.47 25.32 2.5925
0 10.57 28.46 1.7119
0 11.1 28.88 1.1178
0 10.87 28.25 2.0078
9.625 9.27 22.09 2.9959
5.7 5.23 14.18 2.5683
1.35 2.24 15.24 0.5371
0.85 4.53 15.9 1.6647
0.025 3.23 15.12 2.4315
0 3.09 17.02 1.4248
0 4.35 17.69 2.9999
0 5.21 19.05 1.7498
0 6.61 20.89 2.6306
0 6.62 21.46 1.2262
0 6.31 21.32 1.851
0 5.44 21.95 1.6343
12.975 6.12 20.31 2.267
19.5 3.93 12.17 2.9361
13.325 2.84 10.89 4.7709
6.5 3.5 9.37 2.7448
10.025 4.79 10.93 3.689
4.9 -0.77 7.26 1.2788
0 -2.34 9.14 3.0261
0 -1.35 10.07 3.2878
8.8 1.2 13.04 2.4713
4.425 1.53 10.43 2.4406
0 -2.77 10.75 2.3587
0 -1.72 10.26 3.0539
0 0.48 12.03 2.2854
0 1.87 14.59 2.6709
0.075 5.36 12.96 1.351
1.125 7.35 15.57 2.4312
8.45 7.65 15.72 2.6466
4.65 7.74 18.26 3.4732
0.025 3.94 16.99 2.1921
1.1 5.37 17.03 2.0919
1.075 7.44 14.68 1.1022
0.275 8.77 16.32 1.3349
0 8.45 17.38 0.4241
0 7.8 17.21 2.3906
0 7.05 16.9 1.367
10.3 7.03 13.63 1.6321
5.7 4.64 13.15 1.4794
1.4 1.94 11.71 2.2766
17.1 2.72 11.53 3.6363
18.175 7.39 12.59 5.2274
12.725 9.62 13.71 5.8077
6.15 5.87 12.94 2.3247
4.8 4.23 8.27 2.7611
7.525 5.93 12.36 2.1795
2.8 6.84 12.21 0.4004
0 3.86 13.57 3.0223
11.4 4.81 15.37 5.4402
5.7 3.65 15.21 1.9146
0.05 2.99 12.77 0.8118
24.525 2.79 13.11 2.182
17.925 6.07 10.67 4.2509
1.525 -1.58 8.97 2.3509
0.225 -3.73 7.89 1.4898
12.85 -1.99 8.76 4.4374
16.75 0.67 8.75 4.9738
3.275 3.32 8.74 2.464
0.05 -0.11 8.97 3.2007
0 0.05 11.36 3.8174
0.025 1 10.87 5.0268
0.025 1.1 9.84 3.2969
0 0.95 10.85 1.6905
0 0.2 6.71 1.5237
0.15 -2.01 6.74 2.982
2.075 0.12 8.25 3.4628
0.925 3.99 14.06 2.2471
0.525 3.03 14.65 1.6085
0.3 5.54 12.37 1.2824
0 2.89 14.06 2.6692
0 5.59 13.93 1.0475
0 6.6 13.85 0.8819
0 6.73 13.85 2.5301
0 3.29 12.24 1.5983
0 2.12 14.91 4.1014
0 3.27 18.09 3.6749
0 3.87 17.33 2.6702
0 3.47 18.33 4.0038
0 2.53 18.24 1.7972
0.05 3.66 15.78 2.1405
0 4.3 15.93 4.912
0 4.43 18.6 3.4593
0.1 3.43 15.91 1.7508
4.675 2.74 15.06 0.4872
5.8 3.53 15.23 1.8195
1.225 2.5 11.34 1.2959
0 1.46 12.09 1.5955
0 0.27 14.04 3.0077
0 0.09 13.83 2.0145
0 1.26 14.99 2.4866
0 3.04 16.98 1.7518
0 3.22 18.24 1.9841
0 5.03 20.29 0.76
0 3.25 20.95 2.2962
0 0.1 14.67 3.3905
0 0.17 15.37 3.7284
0 1.57 16.4 3.9267
0 1.81 19.59 2.9226
0 1.89 21.85 1.0934
0.175 3.9 20.44 3.7244
7.725 7.81 16.32 4.4024
8.25 6.58 15.97 5.5813
21.25 3.37 9.49 4.6177
26.525 2.68 7.52 2.8107
9.525 1.65 9.9 3.1212
0.925 0.08 10.41 0.7725
0 0.39 11.18 1.06
0 -0.45 11.45 0.502
0 -0.02 13.86 0.6556
3.675 0.6 12.6 2.1152
9.5 3.19 10.28 5.2775
3.7 -2.35 8.63 1.032
0.025 -3.09 8.44 0.3687
0 -2.42 12.1 2.1838
2.8 -1.49 14.96 1.7918
6.125 2.1 15.55 3.8287
3.575 7.62 17.04 1.2136
0.05 2.09 17.08 1.4291
3.15 3.75 16.84 0.6933
14.25 5.75 19.24 1.7268
7.9 6.76 13.22 4.3153
0.55 4.02 14.67 0.4395
0 4.31 17.94 1.4318
0 6.48 20.02 0.6991
0 5.18 18.17 1.4114
0 4.7 17.04 0.623
4.35 6.07 18.04 1.1507
2.425 9.27 18.35 1.1311
9.975 9.09 20.67 1.2745
7.775 9.83 20.77 2.1823
0.925 3.51 16.02 0.9844
12.825 2.3 15.69 3.4627
24.6 3.03 13.09 4.7453
45 4.95 10.05 5.3447
21.425 3.19 8.68 2.3181
4.525 2.21 11.94 1.4116
10.25 3.53 13.71 5.1219
22.325 5.56 10.26 5.4081
14.7 2.74 9.16 3.671
11.375 4.57 12.65 3.0409
4.675 5.22 11.19 1.3403
0.075 6.52 14.87 0.7943
0 4.91 18.27 1.6405
0 6.55 20.48 2.2064
0 8.72 22.68 2.399
0 9.23 26.46 1.7315
0 10.81 28.55 1.1085
0 6.57 20.73 1.5645
0 5.37 21.93 1.7364
0 7.38 24.12 1.5411
0.675 7.57 23.8 2.0065
5.6 5.26 20.59 3.4426
2.65 1.34 10.9 1.5389
0 0.37 12.31 1.4147
0 1.04 16.2 0.57
0 3.55 17.49 1.7769
0 4.46 18.77 1.7677
0.1 4.06 18.39 2.6299
0.05 2.39 14.58 0.6784
0 3.4 19.25 0.7938
0 6.79 22.97 1.7442
0 7.83 24.5 2.3449
0.1 10.5 23.83 2.5163
0.05 11.77 21.61 1.5904
0.275 11.32 21.69 1.9609
0.4 11.38 20.72 2.0744
0.85 6.71 19.69 1.0047
0.425 6.23 19.6 1.0928
0.125 7.91 19.76 1.9951
0.075 7.63 19.61 2.1235
0 5.17 20.19 2.8236
0 5.04 21.04 1.1162
0 6.46 22.7 2.3989
0 7.14 21.67 4.724
0 4.35 19.96 3.5439
0 4.62 23.58 1.7534
0 6.47 25.65 0.484
0 8.48 27.24 1.069
0 10.09 27.9 2.9102
0 11.15 30.77 0.8161
0 10.64 29.63 1.591
0 8.89 27.07 2.0386
0 9.48 24.63 2.8591
0.675 5.28 16.93 3.1813
0.35 4.42 18.38 2.657
0 6.18 24.1 1.877
0 9.04 26.07 1.3376
0 9.06 26.69 0.8663
7.6 9.25 25.68 2.726
5.4 5.87 18.4 2.4838
1.25 4.24 14.15 1.3818
8.175 6.2 15.92 3.438
5.1 7.9 14.24 2.2205
0.225 5.72 18.84 3.0469
0 6.99 23.88 1.8537
0 9.69 26.24 2.28
0 8.9 25.55 3.2902
0 7.58 22.57 4.6218
0 7.1 21.88 2.5937
0.725 8.95 23.23 2.5864
0.375 6.79 21.43 2.3175
0 7.74 21.53 3.115
1.45 7.14 22.34 4.1054
0.825 6.87 18.41 4.7593
0 6.18 19.4 2.7087
0 7.23 22.24 2.3609
0.1 10.82 21.83 2.6728
0.05 5.97 18.4 1.6357
0.35 6.43 20.47 0.5345
7.8 7.23 20.27 3.3631
10.825 12.42 19.21 0.9957
5.875 10.51 21.47 3.1341
0.025 8.66 20.77 2.2195
0 9.66 24.85 3.0918
0 11.72 28.26 1.8184
0 12.09 29.18 2.7842
0 11.52 26.73 3.2201
0 10.83 26.88 2.7593
0 11.7 28.54 2.7501
0 14.38 31.25 2.2512
0 15.76 33.39 2.1053
0 15.12 32.77 2.7452
0 12.81 30.07 1.7847
0 13.25 30.69 2.7903
0 13.78 31.52 2.2083
0 15.02 32.06 0.6014
0 16.92 35.39 0.7641
0 19 37.9 2.4775
0 15.99 36.7 2.5169
0 13.38 33.3 2.55
0 12.75 31.86 2.7068
0 13.32 31.34 2.52
0 14.13 32.91 2.5394
8.75 15.22 32.91 2.1753
5.25 12.67 25.92 2.285
0 11.16 24.28 2.3961
0 12.91 28.86 1.5312
0 15.02 32.69 1.0743
0 16.3 36.54 0.7897
0 18.03 37.72 1.5294
0 18.79 37.65 1.7871
0 19.45 37.68 2.5246
0 19.71 37.89 2.6648
0 18.35 36.36 2.0896
0 17.39 36.25 2.504
0 15.01 35.17 2.2367
0 13.71 33.78 2.3087
0 13.47 31.41 2.4268
0 13.58 30.76 3.081
0 12.98 28.12 2.7488
0 12.85 27.44 3.3341
0 12.56 27.69 3.0547
0 12.47 28.24 1.9484
0 13.83 30.02 1.1203
0 14.83 30.95 1.9197
0 15.05 31.13 1.6314
0 15.72 34.03 2.315
0 15.72 34.55 2.7448
0 16.4 34.19 1.9199
0 17.09 34.82 1.7508
0 15.95 35.45 2.0924
0 14.31 34.23 1.9952
0 14.49 34.02 1.7329
0 15.28 34.79 1.7461
0 16.27 36.74 2.4916
0 16.61 36.74 2.9932
0 19.49 36.63 2.0139
0 18.44 34.1 1.3244
0 16.28 34.89 1.7914
0 15.66 35.4 2.0552
0 14.43 34.49 2.9672
0 13.71 32.45 2.4141
0 14.78 33.19 2.9766
0 16.66 32.45 2.3827
0 14.38 33.15 1.8114
0 14.08 33.99 1.9273
0 14.55 34.1 2.2334
0 14.57 34.31 2.6413
0 14.85 33.48 1.9017
0 15.83 34.01 1.2701
0 16.44 35.24 2.0478
0 14.17 34.33 1.6058
0 13.68 33.82 1.4749
0 14.64 34.54 1.8013
0 14.49 34.72 1.8626
0 14.58 34.56 2.681
0 13.36 33.04 1.8862
0 13.94 32.06 1.2915
0 13.66 31.86 1.1126
0 15.42 33.8 1.0192
0 15.83 35.67 1.9407
0 15.92 35.53 1.162
0 16.78 35.57 0.6801
0 17 36.14 1.0151
0 17.02 36.8 1.3146
0 16.59 36.59 1.7883
0 14.84 35.47 1.738
0 13.58 33.56 1.6772
0 14.33 32.69 0.7897
0 14.98 33.67 0.5815
0 15.42 35.29 0.8797
0 15.74 34.95 1.0073
0 15.94 34.64 1.8071
0 14.35 34.82 0.9195
0 16.05 36.31 1.0916
0 14.97 36.34 1.1285
0 15.91 35.49 1.4616
0 16.42 35.63 0.8096
0.5 17 33.28 1.6253
0.175 15.03 28.72 1.5806
0 14.42 31.86 0.7272
0 15.5 32.56 1.4799
0 15.04 32.26 2.3884
0 13.5 30.98 1.7272
0 11.5 29.24 1.762
0 11.77 28.96 0.5497
0 13.81 32.38 0.3642
0 15.37 35.21 1.0622
0 15.51 35.96 0.6792
0 17.04 36.22 0.4183
0 16.13 36.95 0.5613
0.025 18.13 37.66 1.5615
0.075 14.25 31.06 2.1401
0.025 11.82 24.53 2.114
0 12.81 29.15 0.8689
0 15.31 33.36 0.6464
0 14.8 34.35 1.0272
0 15.14 32.9 1.1984
0 12.7 29.43 2.075
0 12.62 27.11 1.6869
0 11.8 25.99 1.8031
12.675 10.33 23.38 2.1119
14.525 9.9 21.79 3.4389
3.875 7.95 16.93 0.8582
1.025 5.25 15.78 0.9289
0 5.75 19.79 1.1623
0 6.77 23.15 1.1512
0.475 9.78 24.42 1.4108
0.225 12.75 22.13 1.5457
0 12.08 25.23 1.0221
0 11.17 28.09 0.7739
0 13.02 30.08 0.4765
0 13.63 29.74 0.8936
0 13.95 29.52 1.1276
0 12.64 28.4 1.488
0 13.14 29.2 1.263
0 12.66 29.03 1.0816
0 12.31 25.74 0.8009
0 10.89 26.48 0.8903
0 11.75 27.07 2.0797
0 10.88 28.28 1.5113
0 10.73 29.23 1.69
0 10.33 26.66 1.3548
0 6.71 22.28 2.7264
0 5.48 21.09 3.0533
0 6.91 22.76 1.7916
0 7.28 23.83 1.0243
0 7.84 24.39 2.0024
0 8.55 26.11 0.4573
0 8.57 26.08 3.2163
0 6.58 23.13 4.0612
2.225 5.44 23.27 3.1988
1.55 4.41 20.15 1.6763
3.15 0.81 12.42 0.3718
2.575 2.27 12.98 1.3494
0.05 2.12 12.34 0.7891
0 1.05 13.3 2.0266
0 1.8 16.28 3.0496
0 2.35 18.22 3.1949
2 5.41 20.21 3.9013
1.125 7.59 18.89 0.9196
0 6.91 17.39 0.3531
0 8.54 18.22 0.991
0 5.33 18.12 0.7811
0 4.85 18.64 0.964
0 5.34 19.69 0.7868
0.125 6.05 19.7 2.8113
3.4 2.99 13.7 2.0187
2.375 2.69 12.48 4.1018
0 1.58 12.57 1.8315
0 1.46 14.31 2.5932
0 2.31 15.1 3.8165
0.175 3.74 16.73 1.9651
0.775 3.75 14.71 0.6679
0 4.26 17.72 2.7476
0 3.98 18.17 2.2954
0.075 5.26 22.96 1.0604
0 4.84 16.29 1.5731
0 3.79 18.18 3.813
0 2.91 18 7.7551
0 1.81 16.6 3.3697
0 0.5 16.24 4.123
0 -0.89 15.4 2.6206
0 -1.46 13.66 3.4427
0 -1.36 14.21 2.987
0 -0.99 14.64 3.1917
0 -0.46 15.26 3.0366
0 -0.57 14.91 4.054
0 -0.57 16.79 3.0123
0 -0.13 16.29 0.6847
0 0.94 13.02 1.5229
0 0.31 12.94 1.3818
0 -1.05 13.75 1.0404
0.575 -0.31 12.94 0.8503
0.325 -0.43 11.42 4.9968
0 -0.13 12.88 4.2598
0 -0.52 14.49 2.4831
0 0.84 15.5 4.1639
0 -0.98 12.8 4.0819
0 -1.6 13.28 3.2832
0 -2.18 14.75 4.4743
0 -2.57 13.54 3.9099
0 -2.62 13.47 4.7632
0 -0.52 16.89 3.3952
0 -1.37 16.63 1.2187
0 -0.94 15.72 1.1504
0 -0.09 15.95 1.2818
0 3.7 16.74 0.8767
0 3.07 16.43 0.9771
0 2.22 15.54 2.3213
