0.8 -1.42 12.98 1.519
6.5 -1.51 5.22 1.2298
3.1 -0.86 11.11 1.7778
0.1 -3.16 7.88 3.7755
1.3 -3.55 9.29 1.88
0.625 3.36 5.66 0.3658
0 1.45 6.43 1.4956
0 1.26 8.74 0.8357
0 1.42 11.74 4.1334
0 -0.93 10.22 3.4683
0 -1.79 16.84 2.534
0 -0.95 14.52 5.379
0 0.57 17.14 4.0625
0 -0.42 20.46 3.7969
0 -0.38 19.72 3.9057
0 0.11 21.26 4.9136
0 0.28 20.05 4.2206
0 0.29 20.45 4.7407
0 0.29 20.88 4.9105
0 0.25 20.29 3.4626
4.15 0.9 19.93 2.6973
16.225 7.09 18.73 2.0932
11.6 9.55 11.29 1.6597
33.65 8.49 13.67 2.2378
9.925 3.39 12.47 3.3391
1.75 -1.6 5.44 0.9736
0.05 -3.65 8.63 1.2427
0 -3.48 8.97 1.4645
0 -1.51 12.4 4.0984
0 -1.58 14.16 4.4338
0 0.2 18.54 2.9584
0 0.68 17.97 3.0246
0 0.63 15.68 4.0309
0 1.06 20.48 3.8243
0 1.46 22.13 3.0111
2.475 3.36 21.34 2.6784
8.925 6.5 11.92 3.063
3.825 3.45 13.44 2.7346
9.1 2.4 13.28 1.2461
5.8 1.03 11.46 3.3355
4.725 -4.93 7.48 0.3818
8.375 -4.79 9.11 2.6428
4.75 -0.85 9.25 1.3577
16.525 -1.05 9.21 3.1135
8.6 0.65 6.16 3.7222
2 2.31 9.24 6.2482
13.525 3.84 10.18 5.4837
11.05 3.36 9.19 4.4719
2.175 0.65 6.58 1.5325
0 -1.33 12.29 3.5244
0 -1.18 16.4 2.7101
3.375 -0.66 17.53 3.7407
11.9 0.79 15.48 3.9661
8.75 9.11 11.97 2.8839
2.4 5.95 13.11 1.5699
1.075 5.54 16.66 1.5586
0.925 4.54 14.63 2.4723
0.25 0.37 15.32 0.4175
0 0.52 15.17 3.6162
8.375 3.83 18.2 2.9368
25.55 9.25 14.96 4.1908
45.25 6.61 14.76 4.9534
20.1 2.44 10.97 2.7111
1.65 -1.47 10.93 0.9987
0.125 -1.35 11.88 1.8694
0 -2 10.34 0.3655
0 -1.56 12.81 1.3781
0 -0.23 13.97 2.6432
0 -3.12 10.09 0.5469
0 -3.04 11.95 0.6181
0 -0.56 15 1.9376
0 -0.09 16.28 2.0718
0 0.03 17.44 1.3679
0 1.51 14.6 2.3945
0 3.63 16.77 2.8133
0 4.16 17.96 1.0683
0 4.23 19.58 1.2553
0 4.44 20.36 1.2022
0 5.25 21.85 0.8845
7.275 5.37 21.28 1.7112
6.25 3.21 15.97 3.9575
1.225 -2.22 9.28 2.2672
0.075 -2 12.24 1.9416
0.05 -0.79 15.82 0.7736
0 2.03 18.89 1.9467
0 4.75 20.69 1.9692
0 5.27 21.22 1.4385
0 5.23 22.74 3.5172
0 -0.05 16.25 2.0724
0 -0.43 15.87 0.4742
0 2.17 18.98 2.8347
0 3.72 22.21 2.6017
0 3.46 17.44 5.1599
0 -1.32 14.95 1.9611
0 -1.12 16.41 2.6081
0 1.04 21.81 1.9927
10.85 3.23 24.32 1.1613
7.55 4.47 18.22 2.8755
6.2 3.48 12.51 1.7791
4.9 4.99 13.01 2.3211
0.975 2.42 13.59 3.6771
0 2.59 15.57 1.5968
0 3.68 19.52 2.3959
0 5.64 19.42 4.9903
0 -2.45 10.69 5.7419
0 -1.73 13.03 2.9479
0 0.45 17.95 1.5852
0 2.68 21.82 2.5585
0 3.14 25.14 2.5767
0 8.85 29.51 1.4996
0 9.6 30.2 1.2157
0 9.09 31.72 1.843
0.025 8.32 31.08 2.4444
0.175 7.98 22.77 3.1776
0.1 0.36 15.48 3.3339
0 0.99 18.33 2.0211
0 3.12 19.5 2.3042
0 0.57 17.95 3.0622
0 0.39 15.24 1.7551
0.05 1.27 18.42 1.9193
29.475 3.08 21.29 1.8191
16.35 10.5 18.5 2.4798
1.475 10.49 16.39 3.6279
1.5 8.95 18.13 1.8694
0.525 10.75 20.54 3.6159
0 9.5 23.37 1.9596
0 8.62 25.08 2.9848
0 7.77 23.69 1.912
0 8.19 25.27 1.6682
0 8.28 26.69 1.3141
0 8.35 27.9 3.0576
0 6.22 26.3 3.342
0 6.7 24.08 2.7967
0 7.28 27.06 3.1281
0 8.86 25.74 2.1095
0 10.62 29.46 1.4886
0 13.47 34.47 0.3128
0.05 13.08 36.65 2.1908
0.025 14.31 35.57 2.4422
0 10.01 29.5 1.4953
0 8.98 28.42 1.0517
0 10.06 29.49 2.4362
0 10.53 29.96 2.9964
0 8.92 27.9 2.7628
0 8.28 26.33 2.1334
0 10.95 27.85 1.6313
0 11.7 30.57 1.0225
0 13.3 33.72 2.1059
0 14.18 34.1 2.5293
0 14.84 33.56 3.0572
0 13.51 28 2.2959
0 12.66 29.43 2.2308
0 11.12 26.66 2.3287
0.725 11.59 25.54 0.4693
1.9 10.26 25.95 2.1491
2.475 8.94 22.71 3.2313
2.575 6.37 18.65 2.0878
0.925 8 20.85 2.6412
0 9.17 24.85 2.5857
0 8.26 26.03 3.3936
0 8.75 24.44 3.0378
0 8.08 22.91 3.3653
0.15 9.19 24.71 2.4806
0.1 11.37 23.12 3.4773
0 8.66 23.33 2.3757
0 8.24 24.83 2.4748
0 9.33 24.51 2.6384
0 11.03 26.12 3.142
0 11.98 28.99 2.0643
0 13.07 32.71 2.8393
0 8.95 31.66 3.238
0 7.22 26.65 3.3331
0 8.3 25.11 1.5154
0 9.59 29.41 0.7522
0 12.22 33.28 1.6167
0 13.72 34.91 2.7069
0 12.29 32.36 1.7867
0 13.44 33.3 0.9767
0 14.91 38.34 0.7857
0.025 16.14 39.82 2.8348
0 15.65 39.79 2.7684
0 15.06 36.43 2.2623
0 15.58 36.08 1.8449
0 13.96 35.91 2.7959
0 13.4 35.93 2.5169
0 12.85 32.89 2.7268
0 12.18 31.3 2.4904
0 9.58 30.63 2.6767
0 8.92 30.1 2.637
0 10.03 29.55 2.6461
0 10.09 30.09 2.0248
0 11.29 31.2 1.825
0 14.34 31.83 2.2696
0 12.95 32.35 1.6236
0 13.35 35.04 0.798
0 14.4 36.11 1.5173
0 15.45 37.81 1.8274
0 16.18 37.78 1.7073
0 17.33 39.33 1.9872
0 17.33 39.89 1.5633
0 18.32 39.98 2.4277
0 15.66 37.89 2.5529
0 14.59 36.2 2.4283
0 14.57 35.7 2.1079
0 14.69 35.17 2.1362
0 13.59 34.14 2.2424
0 13.45 34.75 1.9741
0 16.65 37.29 1.8613
0 17.29 38.32 2.2106
0 17.73 36.72 2.9087
0 17.28 34.72 2.6588
0 15.45 34.58 2.829
0 15.96 33.55 2.6265
0 15.28 33.94 2.9769
0 12.63 31.73 2.5065
0 13.16 30.8 2.0822
0 13.87 31.95 2.2862
0 11.47 30.51 2.9573
0 8.7 23.57 1.8868
0 9.52 26.51 1.553
0 11.72 31.01 0.6784
0 13.94 33.33 1.2706
0 15.53 36.03 2.9881
0 14.36 36.67 2.8545
0 13.42 35.54 3.128
0 12.29 32.84 3.1324
0 9.41 30.23 1.5655
0 9.59 30.64 0.5964
0 12.76 33.28 0.8871
0 13.91 34.51 0.8814
0 14.14 36.22 1.3294
0 15.19 35.34 2.3028
0 16.2 34.85 2.2001
0.35 15.54 37.33 2.2387
0.65 15.7 34.98 2.829
0.175 13.72 30.55 1.601
0 12.25 30.66 1.4998
0 11.74 32.32 0.4474
0 11.3 34.05 1.6019
0 11.55 35.91 1.5121
0 13.54 35.98 1.5076
0 13.53 37.62 2.611
0 15.54 35.98 1.6438
0 14.79 33.5 0.7629
0 13.97 35.06 0.4416
0 14.98 36.65 1.682
0 14.86 36.53 2.3416
0 11.11 33.32 2.0883
0 10.97 30.08 2.0955
0 9.96 27.48 1.7785
0 10 29.48 0.5513
0 10.61 30.17 1.0141
0 12.77 33.41 0.4616
0 12.92 35.56 1.04
0.125 14.43 36.11 1.8476
0.5 12.15 32.67 2.1433
1.725 12.39 25.72 2.6727
0.75 10.29 22.92 1.6336
0 9.95 27.98 1.626
0 12.16 30.74 0.6658
0 12.78 31.93 0.9491
0 14.25 35.54 2.0018
0 12.12 32.95 0.9354
0 11.81 32.4 2.0813
0 13.37 34.13 2.1745
0 12.83 35.1 1.3198
0 12.28 35.02 0.7436
0 12.25 34.51 0.7906
0 12.89 35.69 1.1487
0 12.89 36.77 0.4199
0 13.78 36.64 1.9553
0 13.6 33.04 2.5216
0 3.68 19.09 2.395
0 3.83 22.63 2.3817
0 4.65 25.17 0.8119
0.125 5.79 26.62 3.1687
0.1 5.06 21.72 3.3731
0 0.93 15.66 0.3292
0 0.47 18.84 2.6546
0 2.7 22.63 1.3139
0 3.96 22.75 1.3307
0 4.55 23.98 0.6694
0 5.67 24.56 0.538
0 5.87 25.05 1.8205
1.725 6.15 23.41 1.9839
41.95 6.07 17.37 6.846
24.275 11.09 15.68 4.3172
1.475 13.29 21.4 1.0424
0 11.32 25.53 2.2072
0 11.16 25.22 1.0987
0 13.97 28.14 1.6718
0.5 8.23 23.84 2.096
0.25 4.23 16.64 1.626
0 4.29 17.98 1.0574
0 5.42 21.74 0.7082
0 7.01 22.9 1.2096
0 8.68 24.56 1.2818
0 7.24 23.85 1.6578
0 7.17 22.51 1.1252
0 7.95 24.35 4.6011
0 3.56 18.79 4.8557
0 -0.06 16.29 0.7609
0 0 15.7 0.147
0 2.23 20.33 0.8459
0 3.19 22.43 0.9071
0 5.83 23.11 1.2656
0 6.33 24.8 1.1635
0 5.36 26.77 1.7942
0 5.11 26.06 2.4113
0 4.29 19.5 0.6485
0 4.79 19.46 1.6963
0 2.09 18.17 1.896
0 2.18 17.82 1.0963
0 2.46 18.89 0.7326
0.975 4.96 18.37 0.4113
2.275 6.17 15.97 2.004
0.825 -0.1 13.5 1.3281
0 -0.09 14.18 1.1034
0 -0.05 15.31 2.7447
0 0.01 15.72 2.0085
1.825 1.23 19.43 1.3822
0.925 1.28 19.97 1.9664
0.05 0.04 14.71 2.269
11.675 0.12 15.38 3.6214
5.85 0.51 16.06 1.1508
0 0.58 13.12 0.5005
0 0.47 15.87 2.0745
0 0.68 13.78 3.5601
0 0.87 17.3 3.8491
0.075 1.33 20.4 2.478
2.175 1.88 20.94 1.0738
1.075 3.41 12.45 5.2007
0 0.13 16.14 4.8495
0 -0.29 14.03 3.9034
0 0.19 17.33 1.6543
0 0.04 16.28 2.0917
0 -0.72 14.83 1.9994
0 -0.59 14.51 2.0144
0 -0.55 15.66 0.9778
6 -2.79 11.63 2.1063
9.4 -2.86 7.16 0.7426
3.1 -7.62 4.28 0.6674
0 -7.48 5.2 1.9376
7.25 -7.2 6.6 3.2528
19.525 -0.31 9.9 2.9391
25.85 5.63 10.49 3.8259
19.325 5.43 10.99 4.0187
5.2 4.86 8.27 0.7421
0 0.86 11.77 3.2976
0 2.53 14.08 2.7204
0 2.17 14.71 2.2192
0 0.24 14.04 2.7328
0 0.74 7.73 4.1
0.525 1.26 14.48 2.8689
12.575 3.25 17.57 1.8073
6.875 0.83 11.71 3.6512
0.2 -3.6 8.31 2.2883
0 -3.15 8.35 3.958
0 -2.04 13.3 4.0133
3.775 -1.05 15.76 4.1257
3.375 -0.95 12.2 2.1104
1.3 1.3 12.3 3.0441
2.7 0.86 10.47 0.8331
1.25 4.94 10.89 1.4699
0.1 2.39 10.83 2.6969
0.075 1.95 12.64 2.2586
0 2.01 14.16 1.1633
0 0.55 15.88 3.9152
0 -0.49 16.66 2.909
0 -0.77 18.57 2.7888
0 0.21 13.65 3.1046
0 0.32 14.23 2.6304
1 1.89 13.86 2.9906
0.85 3.39 14.79 2.4181
0.175 3.43 9.6 2.4584
0.175 3.43 11.56 3.2296
11.775 3.92 18.46 4.6514
6.75 7.04 16.66 2.0623
0.35 -0.69 13.5 1.3192
0 -0.47 13.84 3.3138
0.125 1.13 16.19 2.4123
10.775 1.14 17.55 2.7814
17.35 6.02 13.67 4.9393
16.9 8.42 10.4 5.7035
24.1 3.84 8.79 6.6224
24.575 1.72 8.76 3.9184
17.55 0.16 7.54 3.6123
5.425 -0.38 4.13 1.0612
0.875 -1.49 9.79 2.4741
3.425 -0.73 8.86 4.3026
1.55 4.99 10.49 2.9667
0 0.94 12.62 1.2906
0 0.7 12.37 2.7452
1.2 1.87 13.29 3.2203
1.675 2.91 15.33 1.3081
0.525 -0.82 13.6 1.1773
0 -0.91 13.23 1.7741
0 0.42 14.3 2.1056
0 2.49 14.32 0.6651
7.475 2.52 14.93 3.0386
6.25 5.05 14.2 3.3635
11.3 7.56 12.5 1.6657
5.175 4.91 8.9 2.4311
2.125 5.24 8.88 1.3371
3.4 4.79 10.38 1.8625
1.175 -0.75 9.8 0.5927
0 -0.7 11.56 1.2383
0 2.92 11.78 1.4106
0 1.45 16.52 1.3736
0 1.66 17.26 1.5092
0 1.61 17 1.1252
0 2.76 16.45 1.7341
0 3.76 18.43 2.4207
0 2.65 20.03 0.9058
0.475 2.59 17.97 1.1048
2.8 5.18 13.92 2.1366
6.025 4.96 10.6 2.8031
2.45 -1.5 7.85 2.1493
17.8 -1.34 12.26 3.8593
14 2.52 9.56 2.6784
2.35 0.26 10.19 0.8621
22.225 0.46 14.55 4.6458
12.65 5 16.34 1.184
0.575 1.48 11.81 0.3899
0 1.53 14.61 2.2283
5.975 4.25 17.24 2.7089
19.1 5.53 9.94 3.3098
8.475 0.73 8.79 2.7484
0.125 -1.37 9.71 1.3049
0 -0.6 12.2 2.4467
0.025 1.3 16.38 0.9988
0.55 4.67 13.78 2.5848
3.025 -3.21 8.48 3.6572
1.4 -2.41 10.4 2.1217
0 -1.92 9.96 0.3926
15.5 -1.66 13.43 2.1978
7.95 -0.76 12.93 2.3973
0 -1.78 12.67 2.5539
0 -1.19 14.23 3.6796
0 1.63 20.73 1.3235
0 3.35 23.23 0.9314
0 4.35 22.78 2.8802
0 1.77 24.14 2.2144
0 2.39 24.41 1.8532
0 4.76 22.78 0.3872
0 3.67 21.01 1.6213
0 1.67 19.06 1.8969
0.325 1.22 18.72 1.8815
1.625 3.12 20.15 2.2796
0.8 0.21 13.93 2.1806
0 0.45 16.68 2.6075
0 1.02 18.6 1.1103
1.6 3.26 21.62 2.5834
12.025 3.29 20.61 5.1786
6.8 1.22 10.55 2.742
0.65 -1.5 10.91 0.7655
7.1 -1.3 12.54 2.1545
3.6 0.31 10.93 1.7876
18.275 0.26 11.05 2.811
9.4 1.16 10.47 2.9023
0 1.16 10.52 0.7033
0 -0.71 14.96 2.1809
0 1.94 19.01 0.713
0 3.68 19.65 1.4768
0.1 4.3 19.44 1.9851
13.4 6.11 13.52 4.3098
21.05 4.79 10.81 4.4297
7.3 1.82 9.5 1.0938
0 1.95 14.38 0.6814
0 3.01 15.51 0.8313
0 3.19 19.08 2.0214
0 3.67 19.49 1.3912
0 4.23 21.29 1.2006
3.125 6.38 22.49 1.5115
19.6 6.88 21.19 2.504
14.825 2.31 12.02 3.2422
3.25 3.94 7.85 1.9937
0.175 5.54 10.26 1.2271
0 6.85 21.16 0.9826
0 9.45 23.32 1.2642
0 6.63 25.16 0.8156
4.95 7.24 25.12 4.1097
3.125 2.04 15.01 4.723
0.4 2.1 11.77 3.6293
0 0.2 12.54 3.3271
0 1.09 17.71 1.9646
0 3.23 21.04 1.8674
0 6.4 24.02 1.0209
0 6.61 25.61 2.1768
0 5.02 23.02 3.7096
0 2.24 19.56 2.3264
0 2.14 19.61 0.8059
0 3.86 22.3 2.743
0.125 4.81 20.67 3.6115
10.675 6.52 14.64 3.0924
5.425 0.1 11.08 3.7241
0 0.3 16.32 2.0749
0.05 3.33 21.66 1.0798
0.025 5.97 23.95 0.7444
0 7.03 25.5 0.6273
0 7.94 26.73 1.2566
0.825 10.03 26.65 1.9423
0.5 10.08 18.15 1.6313
0 9.55 20.47 1.5513
0 9.28 21.76 3.4078
0.2 3.37 20.86 4.2528
0.275 1.86 14.63 3.5578
0.125 2.4 14.15 4.1384
0 4.11 18.53 2.2757
6.2 3.13 17.55 1.5607
4.675 4.04 18.34 2.8036
8.45 7.65 17.45 2.2681
3.9 2.51 16.27 3.247
0 3.1 17.56 1.8183
0 4.57 23.89 0.7955
0 9.85 27.74 2.5004
0 10.65 26.15 2.9851
0 10.33 24.05 2.3933
0 10.51 26.66 2.4551
0 13.09 26.76 2.5498
0 13.06 27.89 1.9103
0 13.68 30.23 2.8187
0 12.45 30.68 3.1274
0 11.47 28.01 2.6628
0 10.99 28.58 3.659
0 5.57 24.63 4.6259
0 6.71 21.24 5.0493
0 8.1 26.95 3.6831
0 9.56 29.39 1.0017
0 10.66 29.53 1.8275
0 11.66 32.66 2.8201
0 8.18 28.47 3.1379
0 6.22 25.05 1.4509
0 7.15 28.35 2.4383
0 6.82 26.24 3.1421
0 6.18 23.97 2.6661
0 7.32 25.69 1.8765
0 8.89 27.82 1.126
0 10.58 30.64 1.9893
1.5 12.04 31.63 2.2145
0.75 12.61 29.37 2.7974
0 13.47 28.49 2.5542
0 14.33 31.81 1.1745
0 16.57 36.05 1.7101
0 15.56 38.24 3.0605
0 12.69 33.86 2.9545
0 9.62 31.29 2.7525
0 9.59 30.21 2.915
0 10.76 29.01 2.3457
0 10.63 30.48 1.082
0 11.33 33.24 1.9455
0 13.15 34.34 2.5057
0 13.64 31.28 2.4477
0 14.15 32.78 2.491
0 15.51 33.91 2.2638
0 14.99 34.94 1.8563
0 16.04 36.1 2.2484
0 16.64 35.06 3.1518
0 15.64 33.37 3.1555
0 15.44 31.81 1.773
0 16.01 34.43 1.5038
0 16.82 37.67 2.6802
0 18.21 38.77 2.7192
0 16.69 37.78 2.5653
0 14.54 37.81 2.068
0 14.56 36.63 2.0119
0 14.5 34.93 2.3791
0 12.95 33 1.0327
0 13.53 33.4 2.3037
0 15.06 34.52 2.1804
0 16.2 37.12 2.689
0 16.16 35.59 2.7858
0 15.08 30.93 1.985
0 12.35 29.8 2.3878
0 12.86 31.39 2.1917
0 12.8 32.9 2.4018
0 12.38 32.85 2.3218
0 11.8 32.31 2.0038
0 12.31 32.33 2.3703
0 11.23 33.38 1.5031
0 11.83 33.87 1.9731
0 12.83 33.87 2.0487
0 12.27 32.31 2.1027
0 12.29 31.82 2.5187
0 12.82 31.73 2.8456
0 13.21 30.05 1.9956
0 12.18 30.11 1.9076
0 12.14 30.55 2.2124
0 10.66 28.49 1.1155
0 11.23 29.62 1.5248
0 13.82 31.73 2.4314
0 13.34 31.75 2.8706
0 13.29 32.31 1.2402
0 13.9 34.52 1.546
0 13.44 34.55 1.6397
0 11.25 32.47 1.9592
0 11.82 33.41 2.26
0 12.38 34.91 1.8273
0 9.43 33.48 1.7672
0 9.74 29.51 2.3897
0 10.79 34.04 1.9175
0 13.3 39.38 0.5326
0 17.38 39.59 2.1681
0 13.06 35.74 2.3475
0 9.09 31.86 2.7536
0 7.27 21.65 2.2765
0 7.69 23.22 2.4983
0 8.29 24.98 1.4799
0 8.62 28.32 0.8888
0 11.87 32.8 0.3817
0 12.96 36.06 1.2723
0 12.93 35.66 1.1835
0 16.98 35.07 2.0684
0 11.29 32.79 1.3129
0 11.72 32.31 2.2038
0 10.46 31.16 2.7656
0 6.03 18.68 1.9682
0 6.02 22.84 0.7429
0 7.31 26.77 0.6
0 10.1 31.55 1.0467
0 10.62 31.15 1.6492
0 9.51 28.94 1.4357
0 9.52 28.93 1.1303
0 9.52 29.44 1.7634
0 9.59 29.56 1.5574
0 10.55 29.38 1.4409
0 10.52 27.93 1.3279
0 9.29 26.54 1.3201
0 8.79 26.77 1.1513
0 7.31 24.58 2.6881
0 7.17 21.81 1.1845
0 7.34 27.32 0.6659
0 8.79 30.19 0.9794
0 17.36 34.81 0.6776
0 11.45 35.06 1.2136
0 12.64 36.7 0.6578
0 13.68 38.76 0.559
0 14.05 36.74 0.3533
0 14.05 33.94 0.5175
2.875 15.41 32.65 1.1296
9.375 15.19 32.62 1.5301
13.975 11.91 25.14 1.5412
1.45 11.95 17.63 1.2022
0.925 7.45 17.69 0.7357
4.65 7.47 20.44 2.0178
0.025 6.4 19.66 0.7629
0 7.07 23.31 1.9273
0 7.9 25.39 1.7037
0 10.49 27.7 1.6906
0 11.12 27.86 2.2075
0 11.17 30.56 1.4659
0 11.18 31.98 0.6083
0 10.65 32.44 0.5032
0 10.63 31.47 1.0531
2.75 11.54 27.55 0.9321
1.325 8.12 20.66 1.1459
0 7.66 19.14 1.6076
0 7.75 22.79 0.875
0 9.19 24.32 1.8487
2.2 8.07 21.16 1.5479
11.7 10.08 20.5 1.7083
39.85 11.18 15.94 4.8173
16.025 6.76 15.05 3.4112
0 2.69 16.55 1.6268
0 1.46 17.61 2.8673
0 1.19 18.33 3.437
3.9 7.06 23.07 2.1851
5.1 8.41 22.65 1.8246
1.525 4.75 12.78 0.9827
0 4.81 19.87 1.8502
0 5.41 21.17 2.9848
0 7.21 23.03 2.7134
0 8.44 28.15 1.7718
0 8.54 28.19 1.1731
0.3 8.77 28.02 2.0844
18.675 8.5 23.23 3.1723
9.4 2.52 12.28 2.5324
2.175 -0.14 13.1 0.6297
1.4 0.57 14.31 1.6331
0.125 -0.04 13.08 2.4022
0 0.2 15.11 1.4495
0 2.59 16.26 3.0379
0 2.99 17.01 1.7022
0 4.12 18.74 2.6696
0 4.47 20.25 1.2512
0 4.34 20.02 1.9767
0 2.81 20.58 1.824
19.8 2.91 20.45 2.3805
26.15 1.33 10.24 3.0783
21.1 0.22 8.54 4.8933
12.225 0.76 5.65 3.0208
18.825 3.27 8.66 3.9512
8.025 -3.24 5.04 1.2724
0 -3.78 7.61 3.2105
0.725 -3.58 9.1 3.3368
14.725 -2.69 12.38 2.6466
7.55 -0.82 7.12 2.4049
0 -5.36 8.94 2.4211
0 -5.01 8.63 3.0667
0 -1.62 11.46 2.2928
0 -1.07 14.76 2.6495
0.25 4.24 11.65 1.4397
1.35 5.73 14.83 2.3358
11.575 6.24 15.19 2.5087
5.325 5.71 18.46 3.4687
0.125 2.06 15.62 2.2282
3.05 2.73 16.47 2.1452
3.6 5.28 12.94 1.1462
1 7.36 15.33 1.4532
0 5.21 16.86 0.4287
0 4.21 17.07 2.334
0.325 2.34 17.48 1.3587
15.625 2.84 12.15 1.8255
8.1 2.86 12.55 1.447
2.8 -0.81 11.43 2.4627
32.1 -0.76 10.97 3.5495
33.475 5.15 11 5.1589
46.425 8.15 12.17 5.8099
15.05 4.03 12.6 2.5039
6.675 2.9 5.52 2.7322
5.475 2.98 10.85 2.2217
2.025 5.38 9.87 0.4705
0.3 2.38 13 3.0548
16.55 1.93 15.28 5.4307
8.275 1.33 14.26 2.0761
0.2 0.81 11.59 0.8631
41.725 0.87 12.34 2.2979
28.5 3.98 8.94 4.3714
3.55 -3.95 6.7 2.3101
1.025 -5.98 6.26 1.5346
16.825 -5.2 7.02 4.3668
15.8 -4.56 7.14 4.8298
3.9 0.72 7.14 2.4841
0 -1.94 7.72 3.1715
0 -1.87 11.26 3.8073
0 -1.62 12.46 5.0625
0 -2.07 10.64 3.4705
0 -2.15 12.58 1.7771
0 -2.17 5.69 1.3898
0 -3.51 3.02 3.0856
2.05 -1.84 6.11 3.4296
1.2 2.95 14.56 2.2213
0.95 1.54 14.81 1.6459
0.4 5.31 11.41 1.2547
0 -0.05 12.51 2.6548
0 2.33 13.2 0.8553
0 3.38 13.41 0.7341
0 3.33 10.56 2.4649
0 0.66 9.55 1.4997
0 0.14 13.82 4.1396
0 0.63 17.27 3.7088
0 0.71 16.38 2.8343
0 -0.23 17.6 4.0117
0 -0.23 18.33 1.8746
0 0.79 16.43 2.1636
0 1.73 17.91 4.9499
0 1.29 20.45 3.48
0 1.24 19.49 1.7918
6.85 0.14 17.45 0.5441
7.125 0.02 14.17 1.79
1.775 -0.61 9.76 1.3445
0 -0.7 10.16 1.7229
0 -2.77 12.81 3.0019
0 -2.62 12.96 2.0354
0 -0.61 13.06 2.5685
0 0.87 14.63 1.6973
0 1.2 16.97 1.953
0 2.83 18.75 0.6824
0 -0.48 19.51 2.3305
0 -2.27 13.41 3.4709
0 -2.3 13.34 3.7079
0 -1.23 14.49 3.8582
0 -0.55 18.38 2.8526
0 -0.49 21.02 1.157
0.525 -0.5 19.94 3.7864
11.075 6 14.59 4.606
11.275 4.82 13.91 5.7421
32.125 1.14 7.41 4.7232
31.525 0.23 6.45 2.7305
9.7 -0.28 8.22 3.2239
0.525 -2.28 8.06 0.704
0 -2.18 9.7 1.1553
0 -2.72 9.21 0.4793
0.075 -2.55 12.99 0.6371
6.9 -2.3 11.04 2.2887
16.825 0.18 8.35 5.2918
6.625 -4.82 6.53 0.9552
4 -5.41 6.26 0.4209
0.175 -4.78 9.36 2.2469
2.625 -4.54 13.16 1.811
10.5 -2.55 13.44 3.832
4.2 7.03 15.73 1.3606
0 -0.66 15.66 1.4521
3.925 0.03 16.06 0.5965
22.175 3.59 18.5 1.7165
10.575 5.49 10.52 4.22
0.225 0.82 11.98 0.5797
0 1.11 16.51 1.4824
0 4.19 18.28 0.8972
0 2.62 18.07 1.2396
0.025 2.55 14.96 0.5457
6.8 3.57 16.06 1.2359
4.325 6.24 15.51 1.2322
11.975 7.23 18.6 1.4234
8.675 7.68 18.58 2.3872
1.625 -0.79 12.56 0.974
16.025 -0.79 13.75 3.5926
28.625 0.26 11.39 4.7802
58.35 2.8 8.6 5.4266
28.875 0.77 6.64 2.3458
4.525 0.18 9.76 1.381
12.825 0.34 12.1 5.1099
24.225 3.34 8.61 5.505
18.6 0.58 6.25 3.8639
14.8 2.07 11.24 3.0951
5.05 3.93 8.34 1.4674
0.2 4.43 13.04 0.706
0 2.96 15.53 1.3981
0 3.18 17.98 2.0149
0 5.39 20.46 2.4217
0 6.02 24.17 1.8269
0 7.44 26.07 1.0033
0 2.6 20.05 1.6478
0 3.12 18.05 1.8254
0 4.72 21.82 1.4234
1.6 4.17 22.11 1.7685
5.05 3.77 19.96 3.4515
2.3 -0.19 8.28 1.5619
0.025 -2.11 9.33 1.3365
0 -1.99 13.8 0.4824
0 0.25 15.69 1.6426
0 1.93 16.8 1.5402
0.45 1.97 16.75 2.6337
0.225 -0.32 12.13 0.5849
0 -0.73 16.36 0.7636
0 2.24 21.2 1.4792
0.025 2.92 22.46 2.1954
0.425 7.56 22.81 2.5589
0.2 9.56 19.13 1.5142
0.575 9.39 19.49 1.9259
1.425 9.87 19.17 2.0261
0.55 3.55 17.27 0.917
0.15 4.12 16.78 1.0148
0.35 5.8 18.05 2.0619
0.175 5.65 17.57 2.2104
0 2.4 18.25 2.5819
0 2.08 18.55 0.9778
0 2.73 20.7 2.2915
0 4.89 20.02 4.5347
0 0.87 16.98 3.4755
0 1.13 20.55 1.7858
0 1.95 23.31 0.4909
0 5.51 25.48 0.9905
0 6.33 24.69 2.9606
0 7.56 27.96 0.8339
0 7.97 30.03 1.4816
0 7.36 27.4 1.9594
0 7.53 22.01 2.8111
2.05 3.11 13.49 3.0655
1.025 1.5 15.02 2.5517
0 2.46 22.03 1.7829
0 6.63 23.91 1.2193
0.05 6.72 25.19 0.7355
11.325 7.78 25.8 2.7958
8.625 3.82 15.31 2.6282
2.675 1.82 11.89 1.3682
17.575 3.45 13.64 3.4569
9.225 5.95 11.31 2.1644
0.425 3.01 14.81 2.9929
0 3.59 21.59 1.7104
0 7.06 24.39 2.1703
0 6.52 23.9 3.1785
0 5.36 21.81 4.5082
0.025 5.31 19.6 2.4665
2.625 5.54 21.75 2.6922
1.3 3.72 18.97 2.252
0.05 4.32 19.5 3.1533
1.15 4.34 19.96 4.0751
0.575 4.99 15.65 4.6731
0 3.66 17.17 2.7653
0.075 3.89 19.88 2.4925
0.125 8.76 20.42 2.7079
0.05 3.51 15.4 1.6168
0.475 3.67 17.73 0.6505
7.875 3.91 18.37 3.2616
15.45 11.83 15.65 1.0544
7.325 8.75 20.43 3.3296
0.15 5.84 18.47 2.0961
0 6.55 22.12 2.9977
0 9.68 25.51 1.6825
0 9.89 27.31 2.648
0 9.4 26.81 3.1517
0 8.26 23.56 2.7457
0 8.87 26.16 2.7244
0 12 29.03 2.0991
0 12.66 31.75 2.0385
0 11.67 31.63 2.5555
0 10.87 27.89 1.5695
0 11.57 28.87 2.8301
0 11.45 29.5 2.2037
0 12.59 29.48 0.5615
0 13.8 33.26 0.7107
0 16.45 36.06 2.5052
0 13.44 35.54 2.5767
0 10.81 31.85 2.5207
0 10.03 30.12 2.6547
0 10.55 29.5 2.4407
0.125 11.71 31.09 2.4356
14.675 12.19 31.13 2.3443
7.325 10.68 24.63 2.3595
0.1 8.98 21.26 2.3489
0 10.05 27.15 1.3474
0 14.03 32.2 1.0058
0 14.94 35.45 0.8078
0 15.03 36.5 1.5437
0 16.04 35.95 1.756
0 16.67 35.93 2.5269
0 17.17 35.95 2.7678
0 15.51 34.79 2.077
0 14.51 34.36 2.4716
0 12.32 33.33 2.2183
0 11.18 32.23 2.3724
0 11.15 28.98 2.5109
0 11.55 27.93 3.1302
0 11.02 25.67 2.7404
0 10.59 25.62 3.3325
0 10.39 25.65 3.1494
0 10.37 26.24 2.0054
0 11.39 27.91 1.1976
0 12.1 29.03 1.9241
0 12.61 30.58 1.5184
0 12.72 32.13 2.3059
0 13.19 32.81 2.7706
0 13.72 32.78 1.9138
0 14.71 32.8 1.8946
0 13.58 33.88 2.1284
0 11.59 32.33 1.912
0 11.66 32.32 1.6999
0 12.3 33.3 1.6235
0 13.84 35.02 2.4243
0 13.87 34.97 3.083
0 17.41 34.48 2.0927
0 17.18 32.22 1.4497
0 14.98 33.42 1.8291
0 13.96 34.51 2.0807
0 12.83 34 3.0545
0 12.19 30.11 2.4017
0 12.79 31.16 3.0635
0 16.66 31.54 2.4734
0 12.17 31.8 1.852
0 12.25 32.26 1.9701
0 11.76 32.34 2.2107
0 12.36 33.3 2.6643
0 12.64 31.86 1.8265
0 13.3 32.35 1.3531
0 14.47 34.02 2.0762
0 11.31 33.38 1.5242
0 11.26 32.34 1.2947
0 11.66 32.88 1.7965
0 12.19 33.41 1.7519
0 12.31 33.42 2.6624
0 11.28 31.2 2.0049
0 11.18 30.17 1.4795
0 11.6 30.12 1.1765
0 12.3 31.73 0.9649
0 13.81 33.94 1.9744
0 14.48 33.98 1.1979
0 14.98 34.44 0.7598
0 15.03 35.59 1.0253
0 15.57 36.09 1.3785
0 13.51 35.66 1.7602
0 12.85 34.53 1.7975
0 11.69 32.37 1.7171
0 11.76 31.26 0.7583
0 12.35 31.73 0.7267
0 13.37 33.9 0.814
0 14.42 33.87 0.9555
0 18.22 34.57 1.8479
0 12.27 33.97 0.7548
0 12.47 35.37 1.0052
0.1 12.54 35.47 1.0248
0.05 14.32 34.4 1.5516
0 14.18 34.38 0.8676
0.25 14.3 34.08 1.7043
0.3 12.52 27.03 1.6049
0.425 12.54 29.48 0.7354
0.175 13 31.01 1.4551
0 13.17 30.88 2.4463
0 12 29.92 1.7182
0 9.44 26.68 1.7327
0 9.37 27.68 0.576
0 11.07 30.7 0.3326
0 12.75 33.92 1.0174
0 13.33 34.78 0.6577
0 13.95 35.34 0.4457
0 13.4 36.08 0.5953
0 14.76 35.93 1.5673
0 12.71 31.8 2.2186
0 9.33 22.49 1.9818
0 9.38 26.82 0.7204
0 11.78 30.77 0.6207
0 12.15 33.11 1.0146
0 12.86 33.29 1.2773
0 10.61 29.12 2.2454
0 10.11 25.7 1.7919
0.05 9.32 25.52 1.9156
22.65 7.49 21.37 2.1825
15.15 7.86 19.3 3.6278
5.175 7 15.49 0.8364
1.775 2.51 13.09 0.895
0 2.58 17.65 1.2479
0.125 2.92 21.53 1.1766
1.75 7.16 23.75 1.5159
0.85 10.85 19.29 1.6548
0 8.24 24.38 0.9904
0 8.29 26.79 0.7067
0 10.63 28.93 0.4547
0 10.88 28.4 0.9549
0 10.54 28.93 1.2184
0 11.03 26.19 1.5888
0 10.57 27.8 1.4166
0 10.42 28.89 1.0057
0 12.46 25.54 0.7105
0 9.15 25.11 0.7753
0 9.19 25.5 2.2538
0 8.84 26.73 1.6537
0 8.37 28.35 1.785
0 8.22 26.51 1.3708
0 3.55 21.09 2.932
0 2.78 19.55 3.1751
0 4.88 21.02 1.8653
0 5.06 22.23 1.0363
0 5.19 22.94 2.0627
0 6.13 25.02 0.3897
0 5.43 24.4 3.4509
0 3.6 22.65 4.0958
3.525 3.31 21.78 3.4155
2.025 2.27 19.84 1.7256
5.625 -1.91 11.32 0.5123
3.1 -1.81 11.77 1.4409
0.125 -1.42 10.85 0.8479
0 -1.37 11.44 2.0802
0 -0.11 14.83 3.0705
0.025 0.02 16.63 3.0956
2.925 0.78 20.29 3.683
1.45 7.77 18.49 0.8362
0 5.26 16.13 0.2927
0 7.39 17.64 0.8352
0 3.65 16.65 0.6692
0 3.2 18.23 0.9387
0 3.15 18.3 0.9611
0.4 2.78 18.22 3.1052
3.275 0.44 11.49 2.1309
1.825 0.47 11.38 4.0645
0.125 -0.28 11.55 1.8482
0 -0.63 13.15 2.6522
0 -0.47 14.24 3.872
0.275 -0.46 15.26 2.1217
0.125 2.05 12.86 0.6993
0 1.25 16.57 2.7855
0 1.43 17.97 2.2942
0 2.52 23.52 1.0444
0 2.14 18.4 1.6318
0 0.16 19.17 3.8144
0 -0.1 16.69 7.9039
0 -0.97 15.39 3.4799
0 -1.2 14.14 4.1435
0 -2.79 13.82 2.7325
0 -3.33 12.23 3.4666
0 -3.32 13.23 3.0206
0 -3.28 13.71 3.3254
0 -2.52 14.5 3.2688
0 -2.44 13.57 4.1994
0 -2.43 16.24 3.0835
0 -2.7 16.39 0.7672
0 -1.33 12.26 1.5671
0 -2.36 12.25 1.4334
0 -2.84 12.6 0.9973
1.175 -3.28 12.1 0.8042
0.575 -2.75 10.08 5.1583
0 -2.34 11.78 4.433
0 -2.62 15.7 2.6262
0 -2.62 14.39 4.4165
0 -2.67 12.4 4.2291
0 -3.3 12.37 3.4307
0 -5.31 13.27 4.4958
0 -5.09 13.46 3.9515
0 -4.51 11.63 4.8929
0 -4.36 16.24 3.4171
0 -2.82 17.26 1.2689
0 -2.83 15.32 1.1028
0 -2.21 15.31 1.1749
0 1.51 16.16 0.8694
0 0.86 15.83 1.1849
0 -1.42 15.12 2.3619
