1.175 -13.82 0.1 1.452
10.775 -12.08 1.25 1.8957
6.025 -15.76 -0.41 1.6839
1 -19.83 -6.58 4.3435
3.175 -17.6 -5.46 1.8444
1.525 -9.27 -0.22 0.6098
0 -9.9 1.6 1.3333
0 -8.7 3.34 0.689
0 -13.14 4.87 4.479
0 -13.37 2.45 3.0204
0 -10.34 3.13 2.2042
0 -11.74 6.14 5.3447
0 -9.78 5.96 3.6108
0 -12.8 6.83 3.1693
0 -12.04 7.31 3.5994
0 -12.59 6.98 4.735
0 -11.92 5.84 4.1868
0 -12.47 5.39 4.836
0 -10.36 5.12 4.8872
0.1 -10.58 3.98 3.3847
16.7 -9.69 5.54 2.6689
33.45 -7.5 5.14 2.1399
70.2 -4.91 0.06 1.5597
53.525 -6.31 -0.52 2.8856
15.125 -10.09 -2.04 3.6431
2.775 -15.89 -7.59 0.7379
0.5 -16.99 -5.55 1.1848
0 -13.32 -2.82 1.2293
0 -12.96 -0.22 4.2441
0 -11.89 3.8 4.4641
0 -10.69 5.31 3.0522
0 -10.9 5.62 3.3345
0 -11.59 4.6 3.6823
0 -12.04 7.71 3.713
0 -9.18 8.3 2.931
6.875 -8.06 6.94 2.4045
13.3 -9.36 -0.76 2.4287
5.5 -10.38 -4.09 2.9525
23.25 -11.45 -2.42 1.1766
13.95 -14.33 -1.96 3.7929
4.125 -21.36 -8 0.5606
10.7 -18.73 -4.92 2.7301
5.8 -15.54 -5.18 1.431
14.225 -15.27 -4.87 3.178
8.1 -14.29 -7.42 3.4316
3.375 -12.42 -4.56 5.4471
27.875 -10.04 -5.22 5.3366
22.025 -13.14 -6.79 4.1278
3.8 -16.22 -6.45 1.1074
0 -15.73 -3.01 3.2876
0 -14.8 0.12 2.3351
6.5 -14.02 1.03 3.6782
28.125 -12.5 1.63 3.2418
20.5 -6.5 -2 2.4023
5.525 -7.35 0.6 1.8468
2.575 -8.79 5.38 1.6367
0.7 -7.67 1.12 3.1759
0 -12.09 2.46 0.5802
0.025 -10.3 5.31 3.8351
23.275 -6.77 3.92 2.9473
38.375 -7.43 3.65 4.3559
47.55 -7.2 0.18 4.9763
22.575 -10.82 -4.6 3.2001
3.175 -19.67 -5.28 0.694
1.375 -16.43 -3.3 1.9195
0 -15.48 -3.47 0.308
0 -15.28 0.32 1.4968
0 -12.2 3.11 2.615
0 -17.11 -3.07 0.5344
0 -14.21 2.48 1.0406
0 -12.23 2.39 2.5009
0 -12.75 4.27 2.7656
0 -11.79 6.46 1.5628
0 -9.85 4.36 2.8369
0 -9.15 5.43 3.4706
0 -7.6 7.62 1.0066
0 -7.35 8.81 0.7964
0 -6.55 11.03 0.819
0.2 -8.49 11.53 0.6432
34.25 -6.95 10.88 2.1932
23.825 -11.05 2.05 4.2522
2 -18.08 -7.47 2.109
0 -16.77 -3.4 1.9149
0 -13.61 3.31 0.3815
0 -9.21 6.48 1.8827
0 -9.57 7.25 2.0906
0 -8.89 7.83 1.2777
0 -6.01 10.82 3.4663
0 -11.15 5.81 2.0538
0 -9.39 5.71 0.2929
0 -6.94 7.84 2.5049
0.025 -7.26 9.45 2.6101
0.025 -9.72 7.04 5.3214
0 -14.34 -0.16 1.8701
0 -12.78 4.03 3.0106
0 -10.63 8.55 2.5984
9.175 -7.43 11.15 1.311
10 -10.43 8.93 3.8135
7.025 -9.9 -0.92 1.9071
3.95 -8.54 0.51 2.0613
0.8 -9.84 -0.28 3.6504
0 -8.43 4.01 1.3595
0 -8.84 8.86 2.0338
0 -6.22 7.8 4.4643
0 -14.81 1.1 6.4005
0 -13.84 1.78 3.3451
0 -11.24 4.56 1.6559
0 -7.62 9.95 3.173
0 -6.31 13.39 3.0248
0 -2.56 16.32 1.5511
0 -2.56 18.43 0.9749
0 -0.95 18.99 2.2726
0.1 -0.94 17.38 3.2539
1.5 -3.69 11.31 3.296
0.85 -12.05 1.45 3.5373
0 -10.32 4.73 1.699
0 -8.21 6.94 2.3893
0 -8.37 8.05 3.4518
0 -10.07 5.14 1.4371
1.325 -7.5 8.65 1.8185
57.225 -1.14 11.3 2.2349
39.375 -3.4 7.7 2.9057
11.275 -2.73 5.15 4.213
5.875 -5.5 5.36 2.1568
0.75 -2.08 9.07 4.2821
0 -4.99 10.53 2.5701
0 -4.07 13.58 2.6467
0 -3.76 14.38 1.5369
0 -4.29 15.09 0.8449
0 -1.15 15.73 0.6008
0 -3.12 16.53 2.9103
0 -1.8 15.02 3.2989
0 -4.23 14.18 2.0775
0 -3.6 13.45 2.9834
0 -1.79 15.52 1.4805
0 -1.37 17.48 1.9435
0 1.95 21.11 0.4472
0.85 4.35 22.75 2.5594
0.5 1.82 22.28 3.0358
0 -0.7 16.73 1.6185
0 -1.25 16.4 0.6848
0 -0.37 17.83 2.3046
0 -0.81 17.37 2.8438
0 -1.65 16.1 2.6
0 -2.8 16.12 1.6266
0 -2.33 15.76 1.173
0 0 17.38 0.7369
0.775 1.16 18.77 1.5677
1.975 0.45 17.76 2.3738
18.4 1.61 17.02 3.3539
10.5 2.31 15.57 2.0497
0.925 1.32 15.53 1.7349
0.025 -0.39 14.03 2.1262
0.45 0.15 13.56 0.6052
8.85 -2.76 11.2 2.1163
7.525 -4.3 11.32 3.9966
3.975 -6.17 3.98 2.765
1.525 -3.6 5.49 2.7791
0.475 -2.49 10.79 2.4865
0.3 -1.25 12.79 3.3079
0 -0.42 12.06 3.0806
0 -3.32 10.15 3.1979
2.55 -2.74 11.65 1.9549
2.95 -0.63 10.89 3.6692
0.85 -3.39 10.56 2.5289
1.575 -2.83 11.8 2.3511
1.025 -2.07 12.18 2.1796
0.025 0.9 12.69 2.8298
0 1.23 15.2 1.5461
0 2.46 19.68 2.5778
0 0.73 18.81 3.1275
0 -1.72 14.4 3.0391
0 -2.39 13.07 1.3416
0 -0.07 15.12 0.9395
0 1.94 19.38 1.3872
0 1.67 21.64 2.8182
0 0.85 18.81 1.4861
0 2.29 20.28 0.9156
0 3.98 23.7 0.3737
0.225 4.73 24.89 2.9861
0.225 5.86 23.94 2.9735
0.125 3.5 22.61 2.2103
0 5.26 22.5 1.5177
0 3.66 21.16 2.9567
0 2.52 21.36 2.5774
0 1.66 21.01 2.9401
0 0.79 21.18 2.833
0 0.33 19.11 3.0142
0 0.23 18.34 2.5943
0 -0.54 19.44 2.5019
0 -0.23 18.8 1.935
0 0.99 19.95 2.1136
0 2.85 20.66 2.5726
0 3.2 20.36 1.4631
0 2.02 21.67 1.0514
0 2.37 22.5 1.5134
0 4.74 24.6 2.2233
0 5.22 25.18 1.9139
0 6.36 25.62 2.0664
0 7.53 25.4 2.049
0 6.4 25.9 2.4811
0 6.21 25.67 2.5925
0 5.05 24.44 2.211
0 5.81 25.06 2.096
0 5.21 23.63 2.2529
0 5.21 24.11 2.3699
0 5.49 24.38 1.9987
0 6.43 24.86 1.5641
0 8.22 24.6 1.7944
0.45 5.47 24.84 2.6934
0.275 5.02 23.39 2.3342
7.175 4.84 23.39 2.1953
1.9 4.68 23.63 2.285
0 4.79 22.19 3.3198
0 2.01 21.67 3.0107
0 2.94 21.07 2.7769
0 4.71 20.33 2.8718
0 2.44 18.5 3.607
0 -3.2 10.11 1.9899
0 -1.45 12.6 1.195
0 0.28 17.13 0.1017
0 2.19 19.77 1.0002
0 3.49 22 2.9481
0 3.36 22.78 2.884
0 4.81 22.01 3.0331
0 1.49 21.55 3.0587
0 -1.58 18.74 1.3394
0 -1.1 18.06 0.3363
0 -0.15 20.25 0.7176
0 1.52 22.22 1.1018
0 4.39 24.41 1.3082
0 3.44 25.4 1.8037
2.65 4.65 25.23 2.3765
6.675 5.28 25.4 2.2741
8.075 4.75 19.95 3.5678
2.275 0.46 18.05 1.7303
0 1.52 18.95 1.6908
0 0.8 20.77 0.7976
0 1.25 21.64 1.4255
0 2.69 21.59 1.0341
0 4.89 22.1 1.4451
0 2.83 23.15 3.1807
0 3.66 21.29 2.3686
0 3.19 20.52 1.4793
0 2.77 20.55 0.1343
0 5.26 21.97 1.4027
0 3.77 21.71 1.9566
0 1.72 20.73 2.294
0 0.16 19.18 2.1221
0 0.74 17.71 1.2643
0 -0.38 17.84 0.4269
0 1.51 18.52 0.9026
0 2.59 20.55 0.3377
0 3.39 21.76 1.0115
3.3 3.07 23.77 1.2576
3.05 2.05 21.01 2.6344
0.65 0.16 16.66 3.0031
0 -2.06 11.89 1.4598
0 0.54 16.34 1.0334
0 0.38 20 0.3501
0 0.74 21.21 1.1707
0 2.89 22.76 2.4963
0 -0.18 19.83 0.8897
0 0.89 19.82 2.9888
0 -0.64 20.72 2.6285
0 -0.49 21.77 1.8222
0 0.09 21.85 1.0718
0 0.09 21.9 0.8045
0 0.73 22.73 1.1549
0 0.66 23.62 0.4334
0 0.78 23.73 2.3577
0 3.91 19.38 2.6988
0 -9.33 8.99 2.3103
0 -8 7.36 2.538
0 -5.6 12.8 0.8863
5.725 -2.86 13.22 3.0543
4 -9.69 9.87 3.6039
0.3 -11.19 -1.14 0.356
0 -10.33 5.83 3.494
0 -7.97 8.24 1.8708
0 -6.09 9.74 1.3198
0 -5.13 12.1 0.8987
0 -4.84 13.47 0.8089
0 -5.3 12.73 2.1626
20.025 -4.67 12.05 2.1339
137.82 -3.82 6.38 6.4504
78.55 -3.76 3.03 4.792
0.9 -2.22 7.25 0.682
0 -2.2 12.79 2.1035
0 -2.93 14.15 1.1925
0 -0.74 16.42 2.1535
4.75 0.08 12.88 2.6097
2.875 -7.06 5.01 2.3135
0 -7.56 7.14 1.0421
0 -5.89 10.11 0.6638
0 -5.64 10.96 0.8474
0 -3.49 12.92 1.0458
0 -3.31 10.63 1.9548
0 -4.38 10.55 1.1978
1.225 -5 11.79 4.2732
0.875 -9.82 -0.35 5.0975
0 -12.24 0.01 0.8492
0 -9.51 3.19 0.0551
0 -7.1 9.29 0.8778
0 -5.8 12.07 0.7582
0 -3.87 13.17 1.2007
0 -4.15 14.67 1.1985
0 -4.62 13.88 1.843
0 -4.25 12.79 2.4593
0 -7.39 9.06 0.9904
0 -8.34 7.63 1.2974
0 -10.52 5.46 1.8261
0 -9.67 5.29 1.3748
0 -9.87 7.42 0.7966
7.25 -8.65 7.67 0.6602
7.225 -5.39 8 1.9272
1.7 -11.62 -0.16 1.0418
0 -13.01 0.49 1.0173
0 -13.06 0.55 2.9157
0 -10.54 4.83 2.2337
0 -10.53 7.69 1.9397
0 -9.79 8.37 1.1688
0.7 -12.34 3.11 2.4317
6.15 -11 5.55 4.3208
3.425 -10 3.64 0.9441
0 -9.59 0.55 0.7361
0 -12.25 3.93 2.5776
0 -11.92 3.16 3.7685
0 -10.99 4.35 4.2383
0.95 -11.46 4.99 2.7644
9.225 -9.96 6.75 1.305
5.175 -10.17 3.36 5.3715
0 -13.8 -4.19 5.3061
0 -13.85 -2.15 3.8204
0 -12.87 1.61 1.7425
0 -13.61 1.61 2.5125
0 -15.27 3.54 2.2833
0 -14.27 0.02 2.1214
0.025 -12.97 3.56 0.8209
14.25 -16.34 -1.67 2.4886
16.825 -13.17 -4.62 1.02
4.975 -25.44 -11.82 0.8446
0 -25.1 -9.71 1.7835
5.275 -22.13 -8.73 2.8882
32.125 -13.54 -4.09 2.5839
69.55 -8.9 -3.41 3.6209
34.9 -10.67 -3.62 4.6762
2.15 -18.25 -5.03 1.049
0 -17.77 -5.59 2.8966
0 -16.4 -1.95 2.3008
0 -13.15 0.06 2.1123
0 -13.08 -1.5 2.6898
0 -14.55 -1.87 3.9526
0.825 -12.9 -2.42 2.8154
14.825 -12.13 2.9 2.013
10.15 -15.86 -0.95 3.6748
0.125 -20.16 -8.13 2.8204
0 -17.7 -2.27 3.7326
0 -17.46 -1.79 3.5852
6.3 -17.28 -5.47 3.9023
3.775 -16.45 -4.35 1.9936
2.525 -16.53 -5.89 3.269
11.4 -11.82 -4.1 0.8723
5.95 -9.73 -4.09 1.5965
0.075 -10.1 -4.53 2.4761
0 -11.87 -0.69 2.0808
0 -13.99 -0.16 1.0349
0 -14.58 -2.04 3.8168
0 -14.74 -0.94 2.7932
0 -13.73 -0.51 2.1317
0 -13.44 -0.63 2.7227
0 -12.15 0 2.8987
0.25 -10.01 1.97 3.0942
1.825 -8.92 1.71 2.1778
1.025 -7.59 -0.2 2.4477
1.525 -9.23 0.27 3.0097
29.8 -9.9 1.57 4.4414
15.75 -7.87 0.24 2.1596
0.2 -15.94 -1.92 1.5897
0 -14.73 -2.78 3.3331
1.25 -12.55 -0.22 1.789
13.9 -12.38 0.9 2.5993
45 -10.43 -0.15 4.6303
36.125 -11.57 -4.57 5.5677
44.525 -11.65 -5.61 6.3903
41.3 -16.02 -7.58 3.9467
20.4 -15.52 -9.16 4.0995
5 -15.78 -7.97 1.0294
1.45 -21.09 -8 2.0193
5.75 -17.77 -6.32 3.6544
2.175 -11.23 -3.98 2.7964
0.025 -12.18 -0.92 1.4874
0 -17.46 -0.82 2.9294
1.65 -15.83 -4.52 3.0556
0.975 -12.16 -0.92 1.6217
0 -19.89 -1.4 0.8979
0 -20.41 -4.11 1.7132
0 -13.55 -2.21 1.8488
0 -14.42 -1.41 0.661
8.65 -14.06 -1.99 2.6265
15.45 -10.3 -0.53 3.229
15.05 -9.48 -1.92 1.7199
5.425 -10.08 -3.37 2.3163
1.225 -11.18 -4.11 1.5821
1.975 -12.2 -5.31 2.3803
0.75 -13.84 -5.3 0.3798
0 -12.89 -3.29 1.0825
0 -11.74 0.46 1.2491
0 -12.11 2.75 1.1457
0 -12.78 2.87 1.4653
0 -13.47 3.21 0.7552
0 -11.92 4.45 1.7617
0 -11.81 4.42 2.4704
0 -11.64 4.7 1.1911
2.875 -11.46 5.08 1.3048
6.75 -10.17 0.85 2.1571
17.775 -9.33 -1.08 2.8125
8.85 -17.43 -3.8 2.6486
37.15 -16.64 -0.88 3.6529
28.425 -12.25 -0.6 2.9182
3.675 -14.1 -1.18 0.5913
35.65 -12.51 0.79 4.6317
24.125 -9.04 1.92 1.5319
1.625 -9.59 -3.55 0.7055
0.775 -11.25 1.63 2.5467
11.375 -9.36 2.41 2.7272
21.9 -10.11 -1.45 3.3368
9.2 -14.11 -2.94 3.1929
0.075 -16.06 -3.88 1.2577
0.05 -13.52 -0.97 2.7502
0.25 -12.88 0.27 0.6427
4.85 -12.15 0.91 2.3632
5.2 -16.44 -3.31 3.8071
1.425 -14.06 -3.64 1.8362
0 -16.08 -4.86 0.6556
26.45 -13.36 1.68 2.4235
15.875 -12.11 2.3 2.4336
0 -15.77 -2.75 2.8853
0 -14.91 2.17 3.9664
0 -12.27 7.07 1.6035
0 -8.58 8.38 0.6892
0 -8.43 8.73 3.1299
0 -14.2 5.59 2.2123
0 -9.47 9.47 2.2009
0 -9.5 8.71 0.9782
0 -9.29 7.63 1.122
0 -10.61 7.32 2.4703
1.275 -10.69 7.58 2.4109
4.125 -9.5 8.15 2.7348
2 -12.37 1.2 2.3736
0 -11.45 3.71 3.0404
0 -10.23 6.4 1.6281
5.55 -7.57 9.09 3.12
20.8 -7.88 9.42 6.0285
10.8 -10.88 -2.01 3.2564
0.75 -14.4 -2.44 0.7356
5.55 -12.91 -2.28 2.6077
3.2 -10.4 0.1 2.0889
18.95 -12.22 -0.38 2.7351
11.375 -12.74 -2.68 3.5789
0.025 -16.08 -3.98 0.5682
0 -14.72 1.78 2.3952
0 -10.01 7.23 0.2666
0 -7.61 9.59 2.0742
0.575 -8.07 7.31 1.8885
15 -7.59 5.51 3.6938
12.05 -11.54 0.08 4.6686
1.95 -11.75 -3.08 1.1148
0 -10.98 2.73 0.6755
0 -10.13 4.55 0.8993
0 -7.2 9.59 2.5029
0 -9.1 8.84 1.1839
0 -8.34 11.86 1.1079
3.05 -7.61 13.28 1.7481
12.725 -4.28 11.58 3.0231
7.875 -10.89 -1.03 2.8345
2.125 -8.87 -4.03 1.4484
0.8 -7.97 -2.76 1.2994
0 -7.97 7.69 0.5593
0 -6.36 10.79 1.3788
0 -5.71 11.99 0.7438
7.625 -2.92 13.92 4.8602
9.15 -6.97 4.38 5.2857
2.9 -12.73 -2.65 3.9108
0.075 -11.95 -1.35 3.301
0 -10 3.83 1.748
0 -8.4 8.71 1.9895
0 -6.87 11.74 1.2913
0 -3.93 13.17 1.8617
0 -4.15 12.48 3.4578
0 -8.27 8.44 2.2681
0 -10.2 6.65 1.101
0.1 -5.01 10.41 2.8417
3.925 -7.78 9.22 3.6314
19.7 -10.37 1.64 3.6836
10.6 -14.24 0.53 4.645
0.1 -9.74 1.36 2.3451
0.225 -7.39 7.42 1.37
0.125 -6.35 9.41 0.9121
0 -4.67 11.84 0.7403
1.45 -2.13 14.22 1.4752
6.3 -0.47 13.7 2.4128
3.25 -5.9 5.65 2.6168
0.4 -5.21 7.76 1.6929
0.25 -2.71 11.02 3.344
0.375 -4.84 11.22 4.366
0.525 -9.82 4.92 3.6689
0.5 -9.91 -0.04 4.0947
1.8 -8.13 2.23 2.3323
6.325 -9.51 3.62 1.6818
14.825 -5.19 7.65 3.5852
20.95 -7.11 4.79 2.683
8.375 -8.93 2.25 3.7993
0 -9.56 3.31 1.5737
0 -6.8 10.97 0.6412
0 -1.86 14.73 2.6274
0 1.48 14.25 3.0165
0 -2.18 13.43 2.5473
0 1.6 15.35 2.8068
0 2.98 15.3 2.9562
0 2.35 15.15 2.0351
0 3.44 19.69 2.9729
0 4.85 19.94 3.0231
0 2.36 18.12 2.0257
0 2.7 18.29 4.1145
0 -0.29 14.72 4.5172
0 -2.35 10.52 5.4515
0 0.66 8.97 4.4032
0 -1.94 13.63 1.1968
0 1.33 16.34 1.6849
0 0.66 18.43 3.1202
0 -1.44 16.85 3.2563
0 -3.95 12.88 0.6527
0 -2.52 15.7 2.1342
0 -2.99 14.86 3.4758
0 -3.59 13.53 2.54
0 -2.64 15.29 1.4111
0 -1.82 14.28 0.6735
0 1.07 18.26 1.4719
0.05 2.07 19.26 2.2527
0.025 3.54 16.93 2.624
0 0.6 16.02 2.3177
0 3.07 19.11 0.6811
0 4.78 23.18 1.2763
0 5.03 24.24 3.4032
0 2.81 21.73 3.0014
0 -0.51 19.34 2.6923
0 0.43 19.05 2.7172
0 2.86 18.48 1.9146
0 0.08 17.49 1.2204
0 -0.43 19.78 1.6639
1.6 2.77 21.49 2.0977
0.95 2.43 20.77 2.1046
0 2.69 20.1 1.8747
0 4.54 21.82 1.8888
0 3.15 21.95 1.8462
0 4.17 22.69 2.6522
0 5.9 22.38 3.4265
0 7.12 22.74 3.6583
0 4.61 20.97 1.6455
3.7 4.79 22.69 0.9499
5.225 6.78 25.34 2.6072
1.8 5.53 20.3 2.8899
0 5.76 24.57 2.6604
0 4.14 25.26 1.8956
0 4.57 24.62 1.919
0 4.38 23.92 2.9104
0 3.74 22.18 0.9942
0 4.73 22.62 2.2026
0 4.77 23.48 1.8936
7.4 6.94 24.5 2.3382
4.45 5.95 22.68 2.8178
0 4.69 21.38 2.021
0 2.44 20.86 2.562
0 4.29 21.86 2.0363
0 3.62 22.04 2.529
0 3.2 21.34 2.5858
0 1.6 21.57 2.0886
0 2.31 21.57 2.5428
0 1.14 22.05 1.7854
0 2 22.26 2.0292
0 2.53 22.13 2.118
0 1.58 21.75 2.3148
0 3.48 20.43 2.5838
0.85 1.67 20.59 3.082
0.5 0.49 18.28 2.3486
0 1.03 19.2 2.3067
0 1.56 19.14 2.6133
0 -0.12 16.75 1.0096
0 0.25 19.43 1.0602
0 2.01 19.95 1.9378
0 1.9 21.63 2.7142
0 2.59 21.32 1.0278
0 3.09 23.15 1.9193
0 3.48 23.66 2.0469
0 2.19 21.65 1.9088
0 1.17 21.7 2.232
0 2.27 21.53 2.3682
0 2.64 18.95 1.7674
0 1.66 17.42 2.9721
0 0 21.75 2.4566
0 4.22 25.54 0.8057
0 6.83 26.83 2.7961
0 5.78 24.71 2.6586
0 1.92 20.58 3.3379
0.5 -0.18 9.22 2.1393
0.3 -3.63 9.65 2.3479
0 -3.08 13.33 1.0834
0 -0.74 17.14 0.7584
0 0.51 20.7 0.7644
0 2.09 23.14 1.196
0 1.95 23.6 1.5893
0 0.46 21.93 1.8314
0 -0.9 21.01 1.5622
0 -0.18 20.1 2.8968
0.075 2.38 17.9 3.2697
0.05 -5.47 7.43 2.0711
0 -5.48 12.25 0.8759
0 -4.4 17.15 0.9171
0 -1.18 18.4 1.203
0 -1.41 18.98 2.0045
0 -2.44 16.97 1.5391
0 -2.72 17.45 0.6655
0 -1.51 17.91 1.3367
0 -1.36 19.6 1.7331
0 -1.62 19.17 1.6658
0 -1.27 18.86 1.7697
0 -4.15 15.34 0.989
0 -4.15 16.55 1.0271
0 -2.32 16.23 2.796
0 -4 11.85 0.7155
0 -4.03 16.3 0.5171
0 -1.78 19.6 1.0009
0 -1.15 23.02 0.3622
0 -0.75 23.21 1.2883
0 1.59 24 0.4092
0 2.26 24.43 0.5875
0 1.85 24.12 0.3002
0 1.8 21.72 0.5977
7.125 2.06 19.77 1.5481
62.825 0.66 17.96 1.9582
44.775 -0.87 11.83 1.4248
12.35 -2.23 2.8 1.4286
4.45 -5.45 5.2 0.8172
3.125 -5.41 4.45 2.4302
0.4 -6.53 5.6 0.6969
0 -5.46 10.32 1.6978
0 -3.55 12.48 1.6932
0 -2.37 16.29 1.5624
0 -1.05 14.41 2.687
0 -1.31 16.29 1.8713
0 -1.85 16.67 0.9677
0 -1.88 16.4 0.9805
0 -1.65 16.2 1.5465
6.875 -0.52 12.27 0.9781
4.15 -2.69 8.82 1.332
0 -2.99 7.79 2.0781
0 -4.24 12.89 1.2715
0 -3.59 11.36 2.0105
9.05 -4.87 10.18 1.8108
56.125 -2.51 7.07 1.8527
115.53 -0.85 3.74 5.2601
45.175 -5.92 5.09 3.9548
0.2 -8.5 3.8 1.3867
0 -11.68 3.37 3.2151
0 -11.23 4.63 3.4322
4.65 -6.34 8.69 2.0062
3.3 -6.83 9.38 2.0314
0.25 -8.07 3.69 0.6852
0 -7.6 7.15 1.7613
0 -7.02 10.52 3.3473
0 -4.93 12.99 3.2263
0 -2.97 15.31 2.1833
0 -2.22 14.6 1.2717
0.65 -2.42 13.25 2.4311
29.05 -5.12 9.67 3.4148
13.925 -9.96 1.83 2.7543
2.675 -12.94 -1.14 0.7432
2.8 -11.76 1.32 1.611
0.025 -12.14 -1.58 2.433
0 -10.79 1.69 1.4639
0 -11.64 4.6 3.1137
0 -9.62 3.7 1.4546
0 -8.34 7.06 2.4997
0 -8.61 8.02 0.9587
0 -10.3 7.99 2.2986
0 -8.43 8.8 2.6726
30.825 -8.37 8.76 3.2096
56.925 -10.21 2.96 3.5678
42.775 -13.01 -2.74 5.4412
17.175 -12.44 -7.14 3.734
16.45 -12.34 -4.72 4.8405
8.775 -19.05 -7.19 1.0981
0 -22.05 -8.36 3.5092
0 -20.99 -6.29 3.2681
21.55 -16.16 -3.01 3.1862
14.125 -19.9 -4.65 2.7975
0 -23.18 -8.85 2.1851
0 -20.74 -10.19 2.9374
0 -15.44 -1.28 2.0992
0.1 -12.87 2.29 2.4373
0.05 -4.95 2.24 1.7684
1.2 -6.2 3.17 1.7331
22.275 -9.93 2.89 1.9044
10.725 -9.14 2.39 3.2395
0 -10.27 0.38 2.2771
6.6 -9.28 2.44 1.9733
9.6 -5.17 3.09 1.2492
1.25 -5.37 1.65 1.6967
0.075 -7.13 3.53 0.5491
0 -9.16 5.77 2.1158
0 -9.13 4.88 1.4802
19.125 -8.42 5.38 2.357
14.05 -9.18 1.08 1.6166
6.35 -11.61 -3.91 2.8391
67.1 -11.52 -3.25 3.2849
102.8 -8.7 -3.16 5.1653
74.725 -7.92 -1.3 6.1193
34.05 -10.21 -1.18 2.5269
12.15 -12.66 -8.65 2.133
5.7 -13.35 -5.43 2.2709
3 -11.61 -4.39 0.543
0 -12.53 -3.26 2.8244
16.25 -15.29 -1.8 5.1155
8.925 -13.9 -1.43 2.3336
0 -14.78 -5.36 0.9929
49.55 -14.13 -5.28 2.3644
35.975 -11.13 -3.48 4.8222
1.875 -20.76 -5.33 2.6256
5.125 -21.42 -10.69 1.2772
25.55 -21.87 -10.31 3.681
22.575 -16.92 -8.04 4.2539
12.225 -13.57 -9.13 2.438
0 -15.46 -7.3 2.9757
0 -20.75 -9.06 3.6445
0 -18.81 -8.76 5.1961
0 -17.45 -6.91 3.8992
0 -16.96 -6.49 1.9051
0 -17.57 -3.27 0.8921
0 -16.66 -3.3 3.3431
3.925 -17.42 -6.53 3.1483
3.325 -13.12 -3.03 1.7193
0.525 -14.09 0.03 1.6052
0.3 -13.38 0.24 1.2569
0 -12.96 4.5 2.3055
0 -10.64 1.39 0.8246
0 -8.66 2.72 0.5468
0 -10.89 3.91 2.0198
0 -8.84 2.97 1.2524
0 -11.77 3.82 4.1847
0 -12.95 0.66 3.547
0 -11.99 2.19 2.9796
0 -12.61 4.23 3.6507
0 -12.47 2.05 2.0958
0 -11.72 2.34 2.1397
0 -11.74 3.75 4.8605
0 -12.18 3.85 3.1789
0 -12.1 3.29 1.7955
6.075 -12.52 3.37 0.8032
10.15 -11.84 4.11 1.7418
4.1 -14.48 -3.97 1.657
0 -15.56 -2.21 2.2471
0 -18.11 -2.21 2.9978
0 -17.74 -2.85 2.0666
0 -14.71 0.2 2.8539
0.1 -11.29 3.8 1.5883
0.05 -9.96 5.32 1.8747
0 -10.06 5.8 0.5609
0.025 -12.47 7.25 2.37
0.025 -15.07 -1.56 3.6615
0 -16.84 -1.82 3.6188
0 -15.35 0.27 3.5649
0 -13.09 3.22 2.5176
0 -11.09 7.04 1.4488
0.175 -9.97 6.85 3.5379
13.05 -6.8 1.54 4.5291
29.825 -9.39 3.08 6.3248
36.85 -14.87 -7.88 4.5932
62.275 -13.34 -8.02 2.9984
27.225 -11.34 -4.49 4.0626
2.075 -22.71 -6.48 0.6998
0 -22.35 -6.55 1.2912
0 -21.23 -7.44 0.4166
0 -20.41 -3.9 0.3766
9.55 -17.62 -4.66 2.7243
22.475 -11.93 -4.28 5.7727
12.95 -17.65 -7.24 0.6823
0 -21.08 -10.98 0.5491
0 -22.12 -5.26 2.2463
5.425 -20.08 -1.88 1.7248
13.6 -14.65 0.83 3.5566
7.975 -9.38 1.29 1.9481
0.55 -16.86 -0.63 1.3959
4.45 -12.1 2.24 0.5399
23.95 -10.36 2.46 1.76
25.25 -8.46 0.23 4.2638
0.275 -11.07 -1.24 0.8582
0 -9.34 4.94 1.5612
0 -7.89 7.01 1.5811
0 -7.75 6.15 0.8812
0 -8.68 4.39 0.5158
4.425 -9.88 5.48 1.0745
4.1 -6.4 2.76 1.3602
34.9 -6.11 6.09 1.5756
35.225 -5.13 5.91 3.2511
3.4 -12.93 -0.7 0.8773
31.25 -11.59 0.75 3.5971
49.95 -12.14 -3.37 4.9549
62.2 -10.35 -5.44 6.1275
26.45 -12.69 -5.78 2.7014
10.525 -14.75 -3.49 0.9674
18.275 -11.42 -2.21 4.5108
44.1 -13.82 -5.28 5.5372
30.75 -14.67 -5.62 4.4039
17.175 -13.27 -2.83 3.0958
7.25 -9.32 -1.6 1.8707
0.25 -9.06 2.63 0.5274
0 -10.33 5.49 0.8171
0 -7.07 7.83 1.7702
0 -4.97 9.91 2.1988
0 -5.71 14.65 1.7814
0 -4.35 15.93 1.0522
0 -7.73 9.17 1.627
0.025 -8.9 7.25 2.0359
0 -7.05 11.37 1.2539
2.325 -7.51 10.78 1.1222
6.025 -10.21 8.38 3.5927
3.875 -16.68 -6.18 1.4756
0.95 -14.6 -7.29 1.358
0.025 -13.96 -1.27 0.4506
0 -11.52 4.94 1.3645
0 -10.16 6.16 1.0405
0.475 -9.48 6.52 2.9433
0.3 -12.98 -2.71 0.5113
0 -10.32 5.74 0.7933
0 -7.28 10.04 1.0164
0 -5.33 12.63 2.1581
0.025 -2.39 12.17 3.1348
0.025 -4.92 8.47 1.6553
0.3 -4.32 10.11 2.169
4.425 -4.45 4.46 2.3087
2.525 -9.38 4.62 0.8428
1.75 -8.01 4.62 1.1888
0.725 -5.23 3.14 2.6348
0.45 -7.2 2.73 2.6945
0.075 -10.23 5.11 2.3397
0 -8.68 7.27 0.7964
0 -5.6 10.83 2.4028
0 -9.18 7.76 4.2788
0 -11.94 4.12 3.5283
0 -10.38 5.51 2.0432
0 -7.15 9.55 0.6965
0 -5.16 11.99 0.754
0 -4.73 14.22 3.1752
0 -0.85 16.4 1.0004
0 -2.01 17.21 1.5273
0 -1.13 16.01 2.0651
0.15 -3.06 12.06 3.0654
1.875 -9.19 4.04 3.2651
1.15 -10.49 -1.06 2.7226
0 -6.86 7.27 1.6398
0 -4.3 11.32 1.083
0 -3.77 13.99 0.5687
9.4 -3.15 15.51 3.1154
16.625 -10.2 7.74 3.3258
8.575 -11.76 -2.74 1.1425
27.275 -9.65 1.28 3.4656
24.9 -9.34 -0.66 2.4244
2.075 -8.66 0.47 3.4428
0.05 -8.87 6.04 1.5971
0 -4.42 11.71 1.805
0 -4.69 11.71 2.6569
0 -6.49 10.46 4.1624
0 -7.9 7.81 2.235
0.05 -4.3 11.92 3.0733
0.05 -4.83 9.2 2.6614
0 -4.81 8.93 3.4983
5.325 -4.78 9.19 4.2695
5.275 -9.84 4.31 4.7545
1.075 -9.9 2.6 3.0596
0.975 -6.29 6.86 3.0678
1.4 -2.8 7.59 3.1723
1.025 -8.79 3.05 1.7837
0 -8.4 4.78 0.9683
12.625 -5.77 7.49 2.7585
18.725 -1.95 2.4 1.6222
6.925 -4.81 9.16 3.9509
0.775 -5.6 6.24 1.7473
0.4 -4.35 10.28 2.8685
0 -2.45 13 1.4384
0 -1.51 15.86 1.9885
0 -0.92 15.06 2.88
0 -1.34 13.65 2.6046
0 -1.02 15.39 2.7386
0 0.04 17.19 1.4011
0 1.25 20.5 1.8111
0 1.85 20.24 2.0828
0 -2.52 16.78 0.8541
0 0 16.72 2.9873
0 0.7 17.49 2.1288
0 -0.84 15.9 0.2189
0 1.76 20.13 0.4019
0 3.65 22.74 2.5263
0 4.03 22.64 3.104
0 1.86 20.22 2.5914
0 -0.58 18.83 2.5974
0 -0.5 17.66 2.1061
0 1.21 19.32 2.0173
31.5 2.62 19.67 3.0293
17.425 -0.17 15.3 2.6887
2.95 -3.48 9.83 2.2116
0 0.9 16.75 0.6244
0 1.79 21.14 0.7841
0 3.86 23.23 0.8552
0 4.25 23.32 1.6922
0 4.72 22.61 1.7056
0 5.91 21.37 2.3763
0 5.68 21.92 3.0166
0 3.37 19.96 2.188
0 3.14 21.05 2.4574
0 1.12 20.74 2.2092
0 1.36 19.95 2.5611
0 1.06 18.58 2.7136
0 0.33 18.19 3.2863
0 -0.31 16.67 2.6566
0 1.73 15.9 3.1373
0 -0.51 15.37 3.3491
0 -0.28 16.02 2.2119
0 -0.47 17.51 1.6975
0 1.22 19.32 2.0606
0 0.89 19.29 1.0148
0 1.4 19.93 2.2341
0 2.59 20.97 2.8262
0 3.04 20.35 1.7926
0 3.66 21.89 2.2778
0 2.24 21.87 2.3488
0 0.61 20.82 1.6778
0 1.9 20.61 1.607
0 3.37 19.74 1.183
0 5.69 22.67 2.0382
14.9 4.22 23.08 3.124
11.225 4.41 21.6 2.3043
1.65 4.41 18.86 1.8308
0 3.87 20.76 1.9947
0 3.47 21.64 2.1443
0 2.13 22.14 3.2387
0 1.18 19.17 2.2536
0 1.39 19.95 3.1926
0 0.9 20.21 2.6433
0 1.87 20.62 1.9101
0 1.36 21.39 1.9928
0 1.66 20.97 2.1078
0 2.01 21.2 2.684
0 2.39 21.12 1.4237
0 2.57 21.44 1.5676
0 3.05 22.32 2.2352
0 1.33 20.17 1.457
0 0.87 19.66 0.7389
0 0.64 21.12 1.6249
0 1.85 22.28 1.2862
0 2.78 23.05 2.4696
0 2.46 21.59 2.2291
0 1.04 20.65 1.8535
0 0.28 20.14 1.326
0 0.66 21.03 0.8838
0 2.68 22.79 2.1081
0 4.13 22.47 1.4772
0 3.45 21.67 1.1241
0 2.82 23.55 1.1932
0 4.66 23.37 1.633
0 3.33 23.62 1.6169
0 2.52 23.03 2.0509
0 -0.16 22.13 1.8992
0 1.57 20.11 0.6222
0 0.77 20.95 1.0726
0 2.36 21.21 0.852
0 2.33 21.21 0.7603
0 4.53 21.58 1.912
0 1.91 19.93 0.3801
0 1.96 21.13 0.9088
0 3.17 21.91 0.7588
0.05 3.15 19.93 2.0472
3.3 0.55 18.35 1.2147
10.15 2.5 17.99 1.5897
14.35 0 12.6 1.4597
11.5 2.03 15.81 0.6868
14.575 -0.29 16.49 1.0759
0 1.47 15.54 2.5821
0 2.08 16.41 1.8595
0 0 13.98 1.5624
0 -1.63 15.81 0.369
3.125 -0.39 18.74 0.2176
2.075 0.92 20.66 0.8098
0.05 0.7 20.08 0.4865
5.8 1.04 20.81 0.5039
0 4.73 21.16 0.8018
0.375 2.35 21.84 1.6572
7.9 0.44 18.09 2.4786
0.075 -1.61 12.48 1.5695
0 -0.79 17.56 0.2979
0 1.22 19.98 0.5564
0 3.3 17.54 1.0244
0.125 0.54 19.91 1.6518
0.075 0.64 18.83 2.7664
0 2.36 15.4 2.229
0 -0.76 14.63 2.3946
39.7 -2.88 11.34 2.4944
40.6 -4.79 7.45 4.2165
8.825 -8.36 -0.51 0.7467
2.35 -10.45 -0.82 0.9242
0 -8.92 5.12 1.435
0 -7.29 8.46 1.3494
3.7 -5.12 10.69 1.8828
5.8 -2.31 7.75 1.9854
0 -2.43 11.98 0.9364
0 -2.14 14.5 0.6478
0 -2.35 17.04 0.5628
0 -1.69 17.27 1.3795
0 -1.23 15.34 1.7767
0 -1.91 14.63 2.0338
0 -2.53 14.48 2.1543
0 -3.09 16.26 0.6689
0 -2.21 12.54 0.5002
0 -5.27 14.2 0.369
0 -2.68 12.17 2.5455
0 -5.19 14.95 2.0851
0 -4.69 16.2 2.3681
0 -4.53 11.89 1.4166
0 -8.65 7.61 3.8548
0 -10.1 5.56 3.5113
0 -8.76 7.24 2.1956
0 -7.86 9.93 0.8694
0 -7.08 11.11 2.2986
0 -7 12.39 0.1243
0 -7.05 12.39 3.753
0 -5.76 7.75 4.1101
5.025 -11.14 8.38 4.2188
9.975 -13.38 7.59 1.9842
9.35 -15.13 -4.96 0.6477
7.975 -12.56 -3.88 1.6584
0.1 -12.31 -4.02 1.1089
0 -15.07 -3.11 2.3288
0 -13.61 0.09 3.2277
0 -11.42 3.55 2.7201
3.825 -8.37 2.85 2.9225
3.25 -6.67 0.17 0.9142
0 -7.97 2.62 0.2402
0 -6.35 4.95 0.367
0 -10.33 4.73 0.4148
0 -9.92 5.95 0.865
0 -9.6 5.63 1.5718
0 -10.31 5.95 4.0048
2 -10.07 -0.14 2.4015
4.725 -10.9 -1.63 3.7944
2.575 -14.24 -3.41 1.6032
0 -13.17 0.5 2.3417
0 -10.75 3.08 3.6204
0.1 -9.19 4.77 2.5601
0.05 -9.52 2.53 0.7612
0 -9.71 4.29 2.936
0 -8.07 9.53 2.3343
0 -8.47 8.13 1.1349
0 -8.54 7.5 1.9839
0 -10.76 9.56 3.4142
0 -10.53 1.72 9.0494
0 -13.59 -3.22 3.9601
0 -14.43 1.97 4.4212
0 -16.08 -2.53 2.8164
0 -15.31 -0.45 3.5153
0 -16.23 -2.67 2.9698
0 -14.7 -1.02 3.634
0 -14.12 2.29 4.056
0 -14.75 1.49 4.4092
0 -12.85 2.56 3.2082
0 -14.49 1.03 1.2635
0 -16.03 -0.11 1.6051
0 -16.75 -3.62 1.4621
0 -16.84 -2.81 0.8931
0 -14.85 -1.08 0.8479
0 -11.63 -2.52 5.8809
0 -11.69 0.74 4.953
0 -15.05 1.49 2.7197
0 -14 2.08 4.8868
0 -16.08 -1.9 4.6699
0 -15.34 0.11 3.581
0 -17.49 0.43 4.4674
0 -17.53 -2.15 3.8116
0 -16.94 0.28 4.9307
0 -15.54 2 3.2348
0 -14.2 4.03 1.435
0 -13.34 5.4 0.9877
0 -11.31 4.07 1.021
0 -9.23 8.5 0.9795
0 -9.84 6.06 1.8426
0 -12.62 5.33 2.3485
