0.05 -15.4 0.01 1.5747
3.225 -8.99 1.26 1.8536
1.975 -15.87 1.63 1.7046
0 -19.88 -8.34 4.4395
0.075 -21.52 -8.26 1.5895
0.05 -11.85 1.95 0.817
0 -10.21 5.49 1.2041
0 -9.23 3.2 0.7354
0 -14.17 5.52 4.7752
0 -15.74 -0.88 3.025
0 -13.34 0.64 1.9928
0 -13.13 5.53 5.3668
0 -13.2 4.52 3.5489
0 -14.41 3.58 2.74
0 -13.31 4.05 3.6307
0 -14 3.41 4.8221
0 -14.36 4.22 4.1485
0 -15.38 1.72 4.7628
0 -14.61 3.6 4.815
0 -12.94 -0.62 3.2823
4.425 -10.08 3.94 2.7289
8.825 -7.2 0.35 2.1627
11.2 -7.52 -2.71 1.538
8.95 -6.32 -1.54 2.9588
2.225 -9.82 -0.93 3.8369
0.6 -16.09 -5.45 0.7965
0 -19.22 -7.08 1.1299
0 -13.43 -3.14 1.4355
0 -14.93 0.65 4.2688
0 -14.26 2.08 4.5016
0 -13.91 3.02 3.0147
0 -12.26 4.35 3.2956
0 -13.27 1.93 3.5654
0 -12.02 6 3.7762
0 -11.33 5.79 3.022
1.475 -5.97 5.99 2.6066
24.9 -10.24 1.02 2.3957
16.275 -10.37 -4.85 2.9351
6.7 -12.98 -4.68 1.3197
3.925 -15.1 -1.4 4.0449
3.65 -22.11 -8.23 0.6238
2.875 -13.3 -5.34 2.3985
0.55 -16.69 -3.44 1.4652
0.825 -16.01 -4.66 3.0091
0.525 -15.65 -7.96 2.987
2.275 -14.2 -4.18 5.1592
13.825 -12.65 -5.21 5.4767
10.65 -13.85 -7.99 4.0156
0.2 -18.15 -4.9 0.902
0 -17.45 -4.1 3.3165
0 -16.68 -2.39 2.3311
0.45 -15.34 -0.3 3.7666
5.5 -8.03 0.39 3.0887
3.55 -6.81 0.65 2.3107
0.3 -6.81 4.2 1.7054
0.175 -6.38 6.21 1.5944
0 -6.82 1.81 2.8298
0 -11.56 2.55 0.5528
0 -10.23 4.99 3.9089
14.6 -3.86 4.73 3.0418
13.725 -7.41 6.62 4.2704
9.325 -8.4 -0.84 5.0587
6.6 -11.31 -5.13 3.4507
0.375 -23.84 -5.06 0.6515
0.15 -13.65 -3.58 1.9822
0 -16.2 -3.05 0.2202
0 -14.13 0.39 1.8132
0 -10.15 3.4 2.8665
0 -17.55 -2.53 0.6284
0 -13.33 2.68 0.9016
0 -12.7 2.13 2.5244
0 -13.73 2.77 2.905
0 -12.98 5.4 1.5199
0 -10.07 5.7 2.5523
0 -6.79 7.17 2.9857
0 -7.02 8.45 1.0691
0 -8.67 7.9 0.854
0 -6.86 10.46 0.798
0 -8.02 11.38 0.8368
27.65 -4.59 11.24 2.3134
21.525 -12.15 2.89 4.4032
0.25 -18.22 -7.58 2.3129
0 -16.63 -5 1.8497
0 -12.35 2.21 0.453
0 -5.05 5.96 2.3265
0 -11.07 4.45 2.1459
0 -10.09 6.45 1.3474
0 -3.58 10.9 3.4481
0 -14.94 6.84 2.0446
0 -10.74 5.54 0.4442
0 -6.47 8.71 2.5716
0.275 -7.17 8.47 2.7219
0.225 -10.92 5.59 5.5738
0 -16.09 -0.24 1.7514
0 -13.17 2.27 3.08
0 -10.6 6.81 2.9762
2.35 -7.39 10.13 1.5868
1.55 -9.32 8.35 4.0292
0.5 -9.16 -0.05 1.8546
5.2 -8.32 2.07 2.1266
3.475 -10.52 0.31 3.836
0 -8.65 4.86 1.5693
0 -7.32 10.6 1.8853
1.4 -6.35 7.98 4.3589
1.2 -17.23 1.5 6.6931
0.125 -12.85 -0.72 3.7125
0 -10.7 2.85 1.5664
0 -7.7 9.76 3.3422
0 -6.6 12.73 3.071
0 -4.26 15.48 1.6515
0 -3.46 17.22 1.0268
0 -1.86 17.73 2.3494
0 2.24 16.39 3.3193
0.2 -4.08 10.87 3.6109
0.125 -11.94 1.54 3.9155
0 -8.84 5.19 1.9367
0 -8.91 7.41 2.4369
0 -6.1 10.14 3.5079
0 -10.02 6.89 1.4541
0.125 -5.71 10.77 1.972
3.725 0.65 12.71 2.4421
2.675 -4.09 6.9 3.1105
0.35 -0.61 4.94 4.1157
1.7 -5.44 7.64 2.1693
1.025 -0.68 10.79 4.1094
0 -3.58 11.52 2.7237
0 -4.54 13.79 2.734
0 -4.12 15.16 1.6064
0 -4.4 16.73 0.8744
0 -1.74 16.4 0.6475
0 -2.44 16.99 3.031
0 1.75 14.8 3.3379
0 -4.69 14.33 2.0463
0 -3.15 14.37 3.1835
0 -0.88 17.29 1.374
0 -0.88 17.94 1.9771
0 0.86 20.5 0.3517
0.075 2.84 22.04 2.6368
0.05 2.53 19.33 3.2314
0 -0.16 16.43 2.0477
0 -0.58 17.08 0.8001
0.925 0.13 18.31 2.4083
0.675 -0.07 17.02 2.8925
0 -2.16 15.82 2.7391
0.5 -0.04 15.84 1.6968
0.375 -1.69 16.36 1.1277
0 -0.59 16.72 0.7026
0.725 0.13 18.66 1.472
1.45 0.78 18.03 2.2355
10.4 1.81 15.15 3.4159
12.825 1.73 13.34 2.0649
5 -0.17 14.82 1.7647
0.175 -1.92 13.75 2.1321
0.975 0.46 12.95 1.0155
1.125 -4.55 8.97 2.2532
1.625 -2.89 12.45 4.0825
2.1 -6.27 6.44 2.9058
1.4 -2.14 7.21 2.8819
3.35 0.25 11.09 2.5317
2.1 -0.3 12.59 3.3666
0 0.04 11.88 3.1319
0 -3.1 10.36 3.2908
0.375 -2.06 12.43 1.9035
0.825 -0.85 11.21 3.7592
0.475 -3.58 10.9 2.648
4.625 -1.41 12.5 2.3476
3.875 0.43 12.55 2.177
1.225 2.1 11.36 2.7941
0.625 2.04 14.6 1.4954
0 5.08 18.36 2.762
0 2.2 19.35 3.4592
0 0.63 14.74 3.1364
0 -3.02 14.26 1.189
0 -0.32 16.29 1.0196
0 1.51 19.49 1.3057
0.175 2.88 21.32 2.7471
0.125 0.08 19.16 1.6423
0 2.97 20.11 0.9261
0 3.91 22.38 0.3139
0.175 4.09 23.7 3.0317
0 4.73 22.62 3.0832
0 3.27 21.57 2.1915
0 5.2 21.55 1.3809
0 3.84 20.9 2.9494
0 2.66 20.92 2.5202
0 1.28 21.9 2.9138
0 2.32 22.25 2.8691
0 1.64 20.7 3.138
0 3 20.09 2.7201
0 0.83 19.89 2.5856
0 0.5 20.25 1.9793
0 6.99 20.74 2.1681
0 5.22 21.36 2.6298
0 4.13 20.88 1.376
0 2.15 22.15 0.8083
0 3.49 23.38 1.6962
0 5.2 24.83 2.3025
0 5.31 24.97 2.0565
0 6.5 25.33 2.1757
0 8.96 25.32 2.2277
0 6.45 24.87 2.5455
0 6.02 24.88 2.5774
0.175 5.32 24.87 2.1183
0.65 5.99 25.12 2.0808
0.4 5.06 23.59 2.2251
0 6.05 24.31 2.258
1.8 5.74 24.22 1.9903
1.275 6.32 23.95 1.7916
0.125 8.12 24.22 1.9395
0.15 6.24 22.87 2.7443
0.025 3.5 22.15 2.3605
1.375 5.29 23.17 2.1102
0.9 3.86 24.16 2.3062
0 4.76 22.54 3.1509
0 2.4 22.07 2.9351
0 5.8 21.48 2.6305
0 8.24 20.05 2.8805
0 4.31 18.6 3.6353
0 -3.05 10.94 2.101
0 -1.64 12.27 1.2138
0 0.38 16.97 0.1482
0 1.7 19.23 1.0897
0 3.29 21.69 2.8667
0 3.59 21.36 2.7519
0 4.28 22.38 2.9847
0 1.97 20.6 3.2663
0 -0.88 19.23 1.3311
0 -0.88 18.33 0.2982
0 0.67 20.95 0.6368
0 0.94 22.54 1.0296
0 3.09 24.7 1.2546
0 3.53 24.99 1.6375
1.275 4.47 25.48 2.328
4.45 5.27 24.81 2.386
5.275 5.54 20.29 3.5908
1.675 -0.3 11.71 1.7394
0 1.98 18.64 1.8298
0 1.8 20.95 0.8466
0 1.89 21.55 1.2985
0 2.09 22.02 0.9324
0 3.81 22.6 1.4665
0 3.61 23.53 3.3462
0 2.58 19.85 2.4943
0 3.43 18.89 1.4772
0 2.4 19.48 0.1832
0 4.51 20.09 1.3493
0 3.83 20.46 1.9272
0 0.16 19.5 2.2653
0 2.69 20.01 2.104
0 0.77 19.5 1.3133
0 0.17 19.64 0.6254
0 1.79 19.16 1.0038
0 2.9 20.88 0.407
0 2.16 20.73 1.024
0.5 3.28 22.72 1.3465
0.3 1.94 20.51 2.6056
0 -0.2 18.13 2.8503
0 -1.92 14.19 1.4948
0 0.8 17.4 0.9577
0 1.04 21.09 0.4918
0 -1.3 21.8 1.2618
0 4.06 22.01 2.6234
0 0.61 19.54 1.075
0 0.58 18.92 3.0447
0 -3.06 18.89 2.7714
0 -0.72 20.13 1.9587
0 -0.78 21.15 1.073
0 -0.65 21.16 0.7782
0 0.03 22.09 1.1733
0 -1.03 21.78 0.3021
0 1.37 21.48 2.3998
0 5.13 18.79 2.8515
0 -9.84 10.81 2.3887
0 -9.09 6.68 2.7255
0 -6.48 10.88 1.0701
2.3 0.02 13.88 3.3479
1.6 -10.06 9.36 3.8064
0 -11.71 -1.38 0.4202
0 -9.26 3.98 3.533
0 -9.65 5.02 1.9881
0 -7.07 8.53 1.4319
0 -6.14 11.93 0.9701
0 -5.7 14.23 0.663
0 -6 11.33 2.2232
0.05 -4.69 13.04 2.1014
49.175 -2.07 7.06 6.1703
35.025 -1.85 3.47 4.8074
0 -3.3 8.69 0.6846
0 -3.19 12.7 2.3073
0 -3.22 13.85 1.4409
0 -1.09 15.53 2.377
1.05 2.47 14.13 2.798
0.725 -7.23 7.3 2.8941
0 -7.64 6.89 1.1329
0 -6.52 11.8 0.7712
0 -6.04 11.44 0.753
0 -4.78 13.59 1.1036
0 -5.05 13.35 2.0436
0 -6.36 8.91 1.3811
4.175 -7.33 12.74 3.9954
3 -13.22 -5.14 5.2756
0.05 -14.27 -4.09 0.9323
0.05 -9.22 4.04 0.0703
0 -8.1 9.02 0.9745
0 -7.43 11.04 0.8601
0 -7.22 13.32 1.1129
0 -6.38 13.64 1.1735
0 -7.13 14.07 1.8211
0 -2.04 13.42 2.4258
0 -6.88 11.62 0.8267
0 -9.8 9.52 1.2575
0 -11.8 8.3 1.851
0 -11.1 4.16 1.5157
0 -9.22 8.68 0.9866
0 -8.16 8.27 1.0124
10.9 -3.41 9.12 2.2122
7.8 -11.37 0.8 0.9804
0 -13.04 0.44 1.1571
0 -14.26 1.03 2.8444
0 -12.06 3.45 2.3191
0 -11.1 6.75 2.0152
0 -9.71 9.34 0.897
0 -13.77 4.08 2.3897
0 -9.27 5 4.1959
0 -9.45 4.7 0.8343
0 -10.42 1.18 0.6097
0 -13.53 6.02 2.704
0 -13.2 2.76 3.9065
0 -12.27 4.67 4.2989
0 -13.41 4.74 2.8383
2.75 -8.94 4.03 1.6792
1.875 -9.36 4.36 5.0033
0.025 -15.12 -7.58 5.4869
0 -14.97 -2.01 3.7917
0 -14.02 0.49 1.4793
0 -14.29 -0.08 2.3893
0 -15.46 0.8 2.2013
0 -15.12 -1.35 2.13
0 -8.34 1.76 1.3231
0.45 -17.63 0.33 2.2659
5.45 -11.82 -6.04 1.3182
3.55 -24.1 -10.57 0.5974
0 -27.83 -10.14 1.7562
0.225 -25.17 -6.65 2.7582
4.775 -12.28 -3.28 2.6875
30.45 -10.69 -4.07 3.6971
19.25 -11.45 -4.09 4.9096
0.1 -18.77 -4.99 0.8887
0 -15.34 -8.16 2.8587
0 -14.42 -4.66 2.1707
0 -14.06 -2.33 2.2214
0 -15.67 -3.95 2.745
0 -17.76 -6.2 3.9823
0 -14.79 -9.04 2.9103
7.975 -10.32 1.06 2.0053
5.6 -15.05 1.15 3.8141
0 -21.07 -8.23 3.1714
0 -18.18 -7.67 3.5848
0 -17.45 -0.41 3.3975
0.35 -17.36 -9.65 3.8612
0.2 -17.22 -5.1 1.8758
0.125 -17.51 -4.56 3.3167
3 -13.32 -8.5 0.7237
2.35 -11.78 -5.76 1.5004
0 -11.82 -2.92 2.3139
0 -11.88 -1.06 1.7333
0 -15.13 0.42 1.1098
0 -16.62 -4.48 3.9604
0 -15.57 -4.7 2.9367
0 -15.51 -2.3 2.0837
0 -14.51 -3.21 2.6678
0 -11.88 -1.53 2.9835
0.025 -11.07 0.22 3.1608
0.6 -10.69 -0.41 2.2239
0.375 -9.16 -4.21 2.4582
0 -11.77 -4.71 3.0159
11.1 -10.22 -5.81 4.3202
8.225 -8.41 2.62 2.2091
0 -16.13 -0.63 1.521
0 -15.27 -2.37 3.2958
0 -12.65 -2.32 1.6424
3.525 -13.56 1.5 2.4591
31.525 -10.52 -0.83 4.5294
20.875 -12.59 -5.58 5.2902
23.5 -11.55 -7.05 6.1032
36.65 -16.95 -7.05 3.967
14.85 -16.18 -11.44 4.46
0.25 -19.08 -6.91 0.8613
0.25 -20.25 -9.58 1.8751
4.3 -15.71 -8.78 3.2674
2.65 -10.98 -3.33 2.7496
0 -13.16 -0.95 1.3985
0 -17.93 -1.45 2.7975
0.05 -15.23 -7.51 3.0284
0.025 -14.22 -4.13 1.5831
0 -20.24 -2.98 0.9671
0 -17.17 -7.97 1.6923
0 -12.54 -5.33 1.8243
0 -15.39 -4.21 0.6139
3.2 -15.43 -6.55 2.3504
5.475 -9.4 -1.9 3.371
3.8 -10.34 -2.22 1.8642
1.175 -11.66 -1.99 2.6035
0.05 -10.4 -3.05 1.4701
1.575 -13.02 -4.26 2.4909
1.1 -14.74 -4.34 0.4879
0 -12.69 -4.16 0.8551
0 -12.19 -0.12 1.0044
0 -13.4 0.81 1.3607
0 -14.48 0.38 1.4966
0 -12.87 0.47 0.7996
0 -13.05 3.36 1.8084
0 -12.26 1.29 2.4359
0 -12.04 1.72 1.5636
0.4 -11.1 1.61 1.5301
0.65 -9.71 -1.88 2.605
10.575 -8.77 -1.62 3.2248
7.375 -18.4 -2.67 2.6436
14.725 -16.72 -5.49 3.4367
13.05 -9.83 -1.27 3.041
0.875 -14.05 -1.59 0.4793
35.825 -10.85 -0.96 4.4002
26.4 -10.16 1.84 2.142
0.875 -9.25 -2.31 0.9771
0 -12.24 0.45 2.5251
0.1 -10.04 -0.86 2.8071
5.175 -11.99 0.16 3.2254
3.45 -14.48 -0.85 3.5357
0 -16.45 -3.12 1.1986
0.2 -10.54 -2.22 2.834
0.2 -11.77 -2.83 0.7634
0.8 -11.92 0.78 2.3723
0.5 -17.15 -0.71 4.1597
0 -13.03 -4.03 1.9842
0 -17.22 -5.63 0.5784
9.075 -12.15 0.76 2.2568
6.2 -11.98 2.97 2.6981
0 -17.92 -4.99 2.7947
0 -14.65 0.5 3.8161
0 -11.28 4.29 1.7888
0 -8.7 6.33 0.7342
0 -8.54 7.07 3.2083
0 -12.04 3.9 2.1253
0 -11.03 6.45 2.2541
0 -8.76 7.17 1.321
0 -9.74 7.51 1.1587
0 -11.67 6.89 2.7023
0 -11.17 5.2 2.3914
0 -7.29 8.39 2.8347
0 -12.31 2.31 2.8975
0 -12.55 2.45 2.9886
0 -9.62 4.67 1.8011
0.125 -4 9.7 3.0021
5.425 -6.37 11.04 6.3096
3.775 -11.1 0 3.6358
0 -15.85 -3.54 0.9944
0.55 -13.75 -1.64 2.5798
0 -7.63 2.73 2.3871
14.95 -13.23 1.98 2.7835
10.75 -12.14 -0.99 3.9249
0 -17.16 -4.13 0.865
0 -13.13 1.52 2.2709
0 -9.25 6.22 0.5726
0 -8.74 9.89 1.8267
0 -9.16 5.74 1.9444
11.35 -4.4 7.73 3.7477
8.025 -13.65 1.77 4.7543
0 -11.98 -2 1.1338
0 -9.61 3.06 0.7157
0 -9.02 5.68 0.9459
0 -4.79 9.8 2.8073
0 -8.4 10.06 1.256
0 -8.42 12.94 1.0122
0 -6.81 13.32 2.0227
6.025 -2.73 11.86 3.1673
7.65 -10.99 1.33 2.8948
6.15 -9.07 -1.89 1.4098
2.55 -7.38 -3.58 1.7387
0 -7.85 7.15 0.6461
0 -6.21 11.65 1.5551
0 -7.52 9.62 0.7205
0 0.3 13.37 4.7045
0.2 -8.02 5.22 5.5854
1.15 -13.79 -0.28 4.3387
0.75 -10.61 0.02 3.6601
0 -9 3.9 2.0415
0 -8.84 10.31 2.5353
0 -7.09 9.7 1.4041
0 -3.41 13.33 1.9809
0 -1.36 11.74 3.6472
0 -10.39 8.27 2.2782
0 -9.94 5.43 1.2686
0 -3.44 10.53 3.0143
0 -7.76 8.76 3.8841
2.3 -10.21 3.6 3.7502
1.65 -13.33 2.21 5.2789
0 -6.49 3.66 2.7129
0 -7.21 7.45 1.4223
0 -6.57 7.77 0.9267
0 -4.72 11 0.7566
0 -3.08 14.12 1.5585
0 1.79 13.09 2.4236
0 -6.04 8.39 2.8977
0 -4.5 8.86 1.8387
0 -0.95 11.87 3.4581
0 -1.15 11.53 4.5633
3.675 -9.28 6.16 3.8934
2.75 -10.82 1.11 4.1311
0 -6.74 1.89 2.4013
0.075 -8.42 4.63 1.7758
0 -4.51 9.9 3.7596
0.5 -7.08 6.81 3.0068
0.35 -8.64 3.52 4.1102
0 -9.77 4.04 1.947
0 -6.67 11.34 0.8295
0 -1.74 15.28 2.7862
0 2.94 15 3.0009
0 -1.22 13.66 2.798
0 4.32 17.67 3.0604
0 6.66 16.17 3.1817
0 5.57 14.79 2.1808
0 4.43 20.21 3.2515
0 8.68 20.7 3.2414
0 2.06 19.93 2.1107
0 5.79 19.58 4.2913
0 3.69 15.58 4.6963
0 -1.61 12.11 5.5419
0 -1.14 5.38 4.5574
0 -2.67 12.08 1.3778
0 -1.45 15.41 1.6053
0 1.51 19.14 3.4648
0 -0.09 17.37 3.406
0 -4.3 11.01 0.6408
0 -1.41 16.28 2.2361
0 -2.36 15.08 3.4496
0 -2.5 14.99 2.5612
0 -1.07 16.67 1.3061
0 -1.63 14.25 0.8583
0 1.64 18.63 1.4376
0 2.61 20 2.2152
0 5.14 18.56 2.5714
0 1.53 17.59 2.2444
0 3.34 19.1 0.6605
0 5.41 23.04 1.3307
0 5.97 23.54 3.4802
0 3.77 22.87 3.1333
0 -2.67 18.61 2.7599
0 1.18 20.59 2.72
0 0.74 20.17 1.8322
0 0.34 18.1 1.1215
0.325 -3.5 19.33 1.7098
2.775 3.19 21.88 2.2483
1.75 2.9 21.77 1.8968
0 3.23 19.98 1.9338
0 5.61 21.51 1.975
0 4.31 21.51 1.8408
0 4.39 21.61 2.6499
0 6.05 21.72 3.5047
0 7.68 23.46 3.8168
0 5.49 23.03 1.8852
0.325 5.88 24.68 0.9714
2.65 6.08 25.22 2.5502
1.75 4.66 18.81 2.8737
0 4.5 23.87 2.689
0 5.47 25.29 2.1819
0 5.77 25.69 2.1047
0 5.3 25.52 2.9582
0 4.69 23.65 1.1274
0 5.42 23.69 2.2467
1.025 6.01 24.29 1.8292
4.425 7.36 24.61 2.2045
2.5 4.64 21.56 2.6761
0 3.86 21.01 1.9315
0 3.88 21.54 2.3738
0 4.63 22.02 1.8466
0 5.26 22.93 2.3509
0 4.72 22.83 2.6458
0 3.35 22.77 2.1717
0 3.66 22.88 2.5437
0 3.37 22.97 1.7704
0 3.85 23.32 2.0645
0 4.04 23.29 2.0881
0 2.86 22.79 2.2236
0 4.52 22.21 2.5472
0.075 3.05 20.31 2.964
0.05 1.52 18.67 2.2358
0 1.52 19.61 2.2029
0 1.73 19.56 2.5758
0 1.23 17.82 1.0658
0 2.18 20.02 1.0316
0 3.85 22.75 1.8932
0 3.37 22.79 2.617
0 4.49 22.23 1.1642
0 4.53 23.05 2.1017
0 7.19 24.43 2.1627
0 4.5 21.81 1.9017
0 1.95 21.83 2.2102
0 5.6 23.5 2.3975
0 5.97 19.64 1.9147
0 0.96 17.56 2.9711
0 1.07 20.91 2.4571
0 1.57 23.95 0.8711
0 8.05 24.59 2.7741
0 6.73 24.36 2.9551
0 4.74 20.82 3.4141
0.1 -0.31 11.59 2.2413
0.05 -3.4 9.69 2.3276
0 -2.9 13.97 0.9102
0 -0.34 17.76 0.6725
0 0.72 21.87 0.6588
0 1.38 22.25 1.0958
0 2.44 23.16 1.6819
0 0.26 21.81 1.9749
0 -2.3 20.44 1.5695
0 -0.2 19.37 3.0092
0 4.67 19.39 3.3943
0 -5.57 11.19 2.1998
0 -4.57 13.78 0.9293
0 -2.47 16.54 0.9691
0 -0.69 17.86 1.148
0 -1.19 18.59 1.9851
0 -2.55 16.7 1.5317
0 -2.24 17.72 0.5587
0 -2.05 18.77 1.0318
0 -1.18 19.93 1.7515
0 -1.56 19.87 1.5888
0 0.04 20.89 1.7985
0 -3.9 18.18 0.927
0 -4.01 17.63 1.1856
0 0.01 19.21 2.7612
0 -4.24 13.13 0.7174
0 -3.17 16.93 0.5328
0 -2.53 19.66 1.1452
0 -0.73 21.19 0.6105
0 -1.07 21.92 1.3158
0 -0.27 22.85 0.4514
0 1.91 22.88 0.5297
0 0.49 22.8 0.335
0.125 3.07 20.72 0.7424
4.85 1.27 18.88 1.5319
22.6 1.51 16.21 1.8506
35.4 -1.16 9.6 1.6526
17.175 -4.54 2.97 1.4293
4.45 -6.7 4.95 0.8227
1.2 -6.67 2.53 2.2903
0.1 -6.73 6.96 0.7942
0 -4.49 11.05 1.7088
0 -3.26 13.07 1.7813
0 -2.08 15.1 1.5689
0 -1.64 14.32 2.6844
0 -3.21 14.12 1.959
0 -4.12 14.79 1.0502
0 -3.15 15.06 1.0048
0 -2.27 14.74 1.5957
3.1 -0.91 11.39 0.9261
3.5 -2.16 7.93 1.4174
0 -1.69 7.7 2.1881
0.45 -4.41 9.34 1.3049
0 -3.79 10.4 2.1416
3.925 -5.73 9.5 2.0054
4.25 -1.01 7.94 1.9892
32.6 0.09 6.59 4.9038
22.525 -5.41 6.93 4.1212
0 -8.34 4.03 1.518
0 -12.55 3.1 3.184
0 -9.42 2.08 3.3772
2.275 -6.43 8.31 2.1149
1.6 -5.77 9.69 2.1566
0 -8.12 4.08 0.8555
0 -7.59 7.98 1.8495
0 -6.64 11.04 3.5234
0 -5.79 13.54 3.3512
0 -3.84 14.12 2.3647
0 -1.82 13.01 1.2803
0.05 -2.24 11.76 2.545
10.525 -6.4 10.09 3.1332
7.45 -10.33 5.29 2.9984
0.225 -14.35 -1.27 0.5564
0.3 -14.64 0.84 1.6412
0 -12.38 -0.9 2.6695
0 -12.2 0.57 1.4763
0 -11.21 5.2 3.2625
0 -10.17 1.96 1.5073
0 -6.3 7.03 2.4369
0 -9.04 8.74 0.7526
0 -13.85 7.97 2.2195
0 -0.65 8.87 2.8065
13 -0.9 9.52 3.4175
23.85 -10.7 5.49 3.6454
13.75 -14.03 -2.99 5.5941
2.55 -13.67 -7.96 3.4992
6.975 -13.07 -3.1 4.8659
4.9 -20.03 -6.55 0.9765
0 -26.63 -7.11 3.3177
0 -17.84 -5.62 3.2156
9.6 -14.04 -1.59 3.1785
6.575 -18.62 -0.95 3.1959
0 -22.22 -8.34 1.9287
0 -18.31 -10.07 2.8956
0 -18.06 0.11 2.0896
0.075 -11.05 2.56 2.4197
0 -1.04 5.39 1.8161
0.1 -4.64 7.22 1.6116
16.5 -9.27 1.14 1.8862
11.65 -7.51 3.87 3.2267
0 -10.95 1.65 2.3886
0.625 -8.94 2.12 1.8147
1.025 -5.02 4.61 1.2732
0.25 -4.6 4.26 1.5734
0 -5.93 6.56 0.6056
0 -10.07 8.55 2.1777
0 -10.82 5.48 1.6351
5.75 -9.86 4.18 2.2657
4.225 -8.99 4.06 1.8674
3.6 -11.52 -2.17 2.6443
31.675 -10.38 -3.39 3.3412
66.45 -8.54 -4.58 5.4245
67.925 -7.66 -1.1 6.5156
48.175 -11.24 -4.23 2.2375
22.15 -12.82 -9.55 1.8933
2.525 -16.09 -5.19 2.1467
1.625 -11.57 -4.6 0.4312
0.275 -12.59 -4.11 2.7892
12.525 -19.27 -2.99 5.0364
6.325 -12.76 -3.24 2.1364
0 -16.84 -5.42 1.0645
30.325 -14 -5.13 2.2632
22.275 -13.13 -4.27 4.8934
0.725 -21.01 -4.27 3.0375
3.05 -22.09 -11.28 1.0278
9.925 -19.65 -10.95 3.3471
10.725 -16.81 -11.32 4.3174
16.125 -15.03 -11.05 2.5096
0 -17.39 -6.76 2.9063
0 -20.49 -9.66 3.6634
0 -18.17 -11.52 5.3807
0 -16.98 -10.84 3.9763
0 -17.61 -9.94 1.7342
0 -18.09 -8.99 0.9253
0 -17.19 -1.66 3.3719
1.55 -17.06 -8.92 3.1103
0.975 -15.3 -5.94 1.4786
0.025 -14.84 -4.03 1.5498
0 -14.75 -0.05 1.4189
0 -13.31 -1.26 2.2161
0 -10.47 -1.07 1.1637
0 -8.59 1.58 0.6217
0 -14.59 1.26 2.0104
0 -10.35 0.64 1.3417
0 -14.93 0.77 4.2556
0 -14.56 -1.46 3.4456
0 -12.53 -0.47 2.7833
0 -15.22 1.07 3.4827
0 -14.43 -1.99 2.1432
0 -13.73 -0.14 2.0803
0 -14.34 1.26 4.8824
0 -14.96 -0.14 3.0231
0 -14.3 -1.24 1.7252
2.25 -12.66 0.84 0.8154
4.275 -10.44 3.72 1.7577
1.375 -13.83 -3.22 1.8238
0 -14.25 -2.5 2.315
0 -21.68 -4.5 3.1145
0 -17.69 -4.82 2.1505
0 -14.34 -0.85 3.0553
0 -11.58 2.92 1.745
0 -7.25 3.12 1.9709
0 -10.51 3.36 0.7274
0.175 -14.52 6.91 2.4166
0.125 -18.08 -4.76 3.6848
0 -18.24 -4.25 3.7542
0 -16.19 -2.09 3.7198
0 -13.88 0.76 2.5082
0 -12.12 4.04 1.5556
0.025 -7.97 4.66 3.2018
7.55 -2.68 3.27 3.9327
15.675 -9.68 3.97 6.3783
9.75 -14.4 -5.83 4.1661
31.7 -11.83 -7.94 3.2978
23.95 -12.44 -2.6 4.4474
0.6 -22.12 -5.27 0.8507
0 -22.03 -6.93 1.2186
0 -18.62 -7.65 0.4118
0 -19.55 -3.41 0.2166
4.4 -12.86 -4.14 2.5705
9.85 -12.14 -2.93 6.0691
14.325 -18.22 -7.43 0.5537
0 -21.61 -9.7 0.5233
0 -18.86 -4.6 2.1352
1.525 -16.52 -1.17 1.7751
2.175 -15.7 -0.2 3.3229
2.225 -9.5 2.39 2.155
0.15 -15.85 -0.09 1.3661
0.625 -9.86 0.84 0.6141
3.325 -6.51 3.94 1.8256
4.45 -8.77 0.98 4.6421
0 -11.4 -1.91 0.8175
0 -9.07 4.57 1.5577
0 -6.99 6.86 1.6196
0.05 -7.3 5.91 1.0195
0.025 -8.85 6.43 0.7729
0.7 -10.17 5.36 0.9194
0.475 -6.46 3.5 1.2411
5.475 -5.98 6.76 1.4827
16.175 -4.88 7.47 3.3782
6.75 -12.63 2.2 0.8735
10.5 -9.08 0.2 3.3645
36.45 -12.61 -2.36 5.0689
42.05 -10.23 -3.94 6.5576
10.025 -11.89 -6.93 2.9404
6.1 -15.37 -4.07 0.7858
15.325 -12.66 -4.54 4.1922
25 -13.35 -6.51 5.3535
12.45 -14.49 -5.08 4.396
2.975 -11.57 -1.53 2.9472
1.35 -10.26 -1.39 1.8738
0.025 -8.9 3.69 0.5043
0 -10.61 4.88 0.9184
0 -7.34 6.81 2.2096
0 -6.39 8.74 2.1501
0 -5.27 14.04 1.6352
0 -0.59 15.85 1.6945
0 -9.43 9.42 1.3395
0.025 -9.33 5.09 2.1254
0 -5.33 12.66 1.6263
3.95 -7.6 11.2 1.3246
4.175 -10.74 8.46 3.7591
3.575 -17.77 -3.81 1.438
1.625 -14.23 -6.71 1.6468
0.025 -12.91 -1.49 0.6108
0 -8.86 4.81 1.3972
0 -9.56 7.68 1.3024
0.45 -7.22 7.31 3.1627
0.3 -12.82 -1.96 0.607
0 -8.09 5.31 0.7903
0 -5.96 11.19 1.1982
0.025 -4.77 13.39 2.4173
0 -2.81 12.43 3.495
0 -5.5 7.5 1.9639
0.1 -3.04 9.4 2.5694
2.475 -3.83 4.58 2.7444
4.325 -9.34 5.6 0.8546
2.95 -7.29 5.16 1.6909
0.05 -4.89 5.05 2.9945
0.225 -6.17 3.46 2.8843
0 -9.42 4.83 2.8331
0 -7.88 8.23 0.9054
0 -5.05 12.54 2.7605
0 -10.05 7.57 4.6726
0 -12.89 1.4 3.8794
0 -11.1 3.47 2.1704
0 -8.03 8.16 0.7587
0 -5.08 12.23 0.8691
0 -5.62 14.31 3.2686
0 -3.69 14.54 1.1003
0 -2.26 16.53 1.8958
0 0.06 15.66 2.2955
0.25 -2.74 12.22 3.4751
1.45 -10.14 5.09 3.7552
1.575 -10.45 -1.07 3.1304
0 -7.22 6.53 1.6763
0 -3.92 12.58 1.2825
0 -2.48 14.5 0.6967
2.4 -2.38 15.26 3.2029
2.95 -10.71 9.49 3.4649
0.7 -12 -1.26 1.1784
2.8 -7.93 2.34 3.4333
21.075 -8.88 2.46 2.7464
2.425 -7.18 2.22 3.9224
0 -7.81 5.86 1.9066
0 -2.42 12.73 1.8618
0 -2.64 12.64 2.6831
0 -4.87 10.72 4.2971
0 -7.73 8.5 2.3999
0 -3.42 12.47 3.0812
0 -2.61 11.02 3.0272
0 -3.08 10.46 3.6399
1.35 -1.99 11.12 4.5525
1.825 -10.7 6.03 5.1109
0.25 -9.91 1.45 3.1018
0.375 -7.8 5.76 3.1965
0.75 -3.67 6.99 3.4025
0.225 -7.42 4.89 1.9148
0 -8.33 4.72 0.8184
15.625 0.21 9.21 2.699
12.95 -3.32 1.77 1.7641
1.75 -3.8 10.12 3.9657
0.725 -5.02 9.23 1.7417
0.375 -3.47 11.7 3.0346
0 -2.27 12.99 1.5957
0 -1.15 16.22 1.951
0 -1.29 16.22 2.9357
0 0.24 14.9 2.5653
0 0.35 16.64 2.819
0 1.47 18.25 1.3414
0 3 21.55 1.9845
0 2.32 21.17 2.4747
0 -1.72 16.15 0.9481
0 -1.18 15.82 3.1045
0 1.23 18.23 2.1747
0 -1.17 15.45 0.1762
0 1.88 21.08 0.2822
0 4.3 22.83 2.498
0 4.31 22.79 3.3696
0 1.05 19.83 2.8465
0 -0.26 19.61 2.7931
0 0.16 19.05 2.1576
0 1.13 20.31 2.056
8.175 4.47 21.69 3.1368
17.35 0.36 16.82 2.77
4.325 -2.71 9.03 2.1991
0 1.14 19.67 0.5791
0 3.09 23.45 1.0063
0 4.8 25.11 1.0836
0 5.61 24.62 1.9012
0 5.5 23.62 1.8629
0 6.93 21.65 2.3676
0 5.19 22.28 2.9683
0 2.39 19.91 2.373
0 2.63 21.86 2.6154
0 0.84 21.64 2.326
0 2.78 20.75 2.561
0 1.99 20.68 2.5981
0 2.23 20.19 3.2662
0 0.42 18.68 2.6005
0 2.72 18 3.0565
0 0.39 17.88 3.1772
0 1.25 17.89 2.1219
0 1.17 19.51 1.7846
0 2.65 20.3 2.1633
0 1.95 21.21 1.1174
0 2.9 22.03 2.3458
0 3.59 22.92 2.9428
0 4.02 22.21 1.8086
0 4.95 23.62 2.1892
0 3.46 23 2.3627
0 0.97 22.25 1.829
0 2.53 22.78 1.7332
0 3.94 21.62 1.2375
0 7.08 23.42 1.9772
5.925 3.31 23.77 2.9441
5.15 1.98 20.55 2.1975
1.075 3.83 16.37 1.7754
0 2.95 20.45 2.056
0 2.66 20.9 2.1971
0 2.13 21.97 3.1746
0 2.78 20.7 2.1972
0 1.68 21.29 3.1246
0 1.43 21.79 2.5498
0 2.26 21.68 1.8968
0 2.36 22.95 1.9318
0 2.85 22.34 2.157
0 2.54 22.28 2.6792
0 3.84 23.32 1.4166
0 5.21 22.43 1.504
0 3.07 22.02 2.3017
0 5.03 21.16 1.6138
0 3.88 19.97 0.8405
0 4.46 21.78 1.4455
0 3.11 23.06 1.1716
0 3.91 24.17 2.4636
0 5.52 23.39 2.1611
0 3.77 21.83 1.6521
0 4.12 21.26 1.2115
0 -2.09 20.42 1.0387
0 4.61 23.64 2.124
0 5.06 23.54 1.5052
0.025 3.95 22.43 1.1447
0 6.97 23.62 1.2895
0 7.46 23.57 1.6717
0 6.05 23.53 1.6556
0 5.13 23.6 2.1335
0 1.1 23.43 2.0469
0 1.33 21.68 0.7509
0 1.9 20.46 0.9058
0 1.44 20.89 0.9379
0 3.57 20.98 0.8008
0 6.97 21.26 1.8282
0 3.09 19.26 0.5079
0 1.87 20.5 0.9222
0 5.76 20.59 0.7086
0.275 3.86 19.15 2.0641
1.625 2.56 15.96 1.2745
4.475 3.1 16.48 1.2868
11.3 1.33 12.11 1.2462
4.525 2.69 14 0.6669
2.75 -0.03 15.94 0.9019
0 1.39 15.8 2.5175
0 2.41 16.91 2.1017
0 0.29 14.67 1.5877
0 1 16.27 0.2459
2.5 1.58 18.62 0.3913
1.75 2.39 20.29 0.8743
0 0.53 19.74 0.45
1.175 1.86 20.35 0.5875
0 3.8 19.94 0.9541
0.425 3.28 21.04 1.7008
2.25 1.45 15.92 2.4114
0 -0.78 14.39 1.5009
0 1.14 17.46 0.4668
0 0.18 19.27 0.6922
0 2.19 19.03 1.0196
0 0.62 19.13 1.7357
0 3.45 19.17 2.796
0 5.98 16.15 2.2578
0 2.42 16.11 2.4714
24.675 -1.67 11.51 2.5337
21.55 -6.94 9.31 4.21
3.875 -7.29 1.28 0.5978
1.125 -9.5 1.42 1.0541
0 -6.46 6.4 1.3032
0 -6 8.68 1.5211
0.225 -3.19 10.74 1.8576
0.825 -1.89 9.93 1.8443
0 -3.52 14.8 0.9424
0 -2.51 16.55 0.7572
0 -3.3 18.07 0.8217
0 -2.38 18.91 1.4155
0 -0.84 15.46 1.9725
0 -1.9 14.22 2.0811
0 -3.32 12.82 2.2813
0 -2.18 14.62 0.5858
0 -3.86 13.48 0.637
0 -4.66 13.36 0.3667
0 -4.32 13.44 2.3707
0 -5.71 14.31 2.0089
0 -3.8 14.16 2.6061
0 -4.62 11.03 1.4385
0 -10.71 8.74 4.0749
0 -9.77 2.99 3.4977
0 -8.76 7.92 2.3251
0 -8.48 9.74 0.8024
0 -8.3 11.22 2.4508
0 -7.86 11.43 0.291
0 -6.35 11.67 3.4467
0 -11.89 2.88 4.1243
1 -11.46 4.22 4.2247
7.55 -11.58 6.55 2.0284
5.1 -15.39 -5.35 0.3744
7.55 -12.61 -3.52 1.5606
0.125 -11.86 -3.5 1.1176
0 -13.27 -3.43 2.4423
0 -13.12 -0.59 3.4239
0 -12.19 2.09 2.9373
1.45 -8.76 0.97 3.0241
1.3 -6.6 -1.19 1.0908
0 -8.8 3.34 0.2917
0 -7.31 5.75 0.4466
0 -9.76 6.61 0.4932
0 -10.42 8.23 0.8439
0 -10.66 6.2 1.4954
0 -9.93 6.79 3.8318
0.075 -9.7 2.43 2.3414
1.45 -9.65 0.9 3.6997
1.325 -13.77 -3.78 1.4361
0 -12.94 -0.97 2.0973
0 -10.77 3.79 3.4482
0 -7.28 6.38 2.3832
0 -10.45 4.51 0.8077
0 -11.75 5.84 3.0109
0 -8.87 6.45 2.4039
0 -9.61 6.08 1.0958
0 -10.69 7.68 2.097
0 -9.75 7.57 3.133
0 -12.82 1.83 9.6301
0 -15.77 -6.62 4.1487
0 -17.6 -1.21 4.7033
0 -17.98 -5.83 2.6393
0 -16.58 0.35 3.5334
0 -17.31 -2.95 2.9529
0 -15.48 -1.08 3.6723
0 -14.39 1.27 4.1589
0 -17.25 2.05 4.3524
0 -16.89 -0.23 3.2098
0 -16.1 -2.04 1.3892
0 -17.31 -2.15 1.6377
0 -17.03 -6 1.4208
0 -17.31 -3.53 1.0279
0 -13.69 -2.05 0.9619
0 -12.59 -4.22 6.1234
0 -15.1 -2.04 5.0649
0 -16.47 -1.36 2.518
0 -11.09 2.11 4.7278
0 -17.37 -1.34 4.8015
0 -14.89 -3.26 3.378
0 -21.09 0.75 4.5711
0 -20.46 -4.02 3.8196
0 -18.59 -2.04 4.7969
0 -17.72 0.2 3.1096
0 -16.1 1.86 1.4109
0 -14 4.34 1.1208
0 -14.36 2.82 1.0545
0 -8.88 7.52 1.0051
0 -9.14 6.03 1.547
0 -11.71 7.35 2.3593
