0.9 -16.8 0.63 1.4867
14.95 -13.57 1.27 1.9014
7.55 -17.63 -0.13 1.6855
0 -23.83 -7.54 4.3756
1.475 -19.05 -5.57 1.7869
0.875 -9.07 0.68 0.6694
0 -10.7 3.81 1.2873
0 -11.06 3.92 0.7154
0 -14.63 4.94 4.5677
0 -16.58 1.22 2.9976
0 -11.63 2.65 2.1304
0 -14.21 5.52 5.3436
0 -14.28 5.9 3.5718
0 -14.54 6.33 3.0138
0 -13.84 6.27 3.5849
0 -14.46 5.94 4.7495
0 -15.54 5.57 4.1676
0 -16.52 4.79 4.812
0 -12.23 4.68 4.86
0 -11.9 3.19 3.3488
12.1 -12.61 4.82 2.6841
27.275 -10.07 4.53 2.1599
49.425 -6.02 -0.45 1.5551
38.375 -6.56 -0.62 2.929
15.425 -11.34 -1.76 3.7061
2.425 -16.57 -7.36 0.749
0.55 -17.67 -5.54 1.1496
0 -13.55 -2.88 1.2798
0 -16.13 0.28 4.2492
0 -15.08 2.98 4.4709
0 -14.11 5.03 3.0407
0 -13.25 5.79 3.3308
0 -13.64 4.02 3.6412
0 -13.21 7.91 3.7314
0 -12.2 7.65 2.954
4.875 -9.77 6.64 2.4661
27.65 -10.81 -0.23 2.4061
14.6 -10.77 -4.17 2.9568
23.7 -13.64 -3.36 1.2109
9.5 -15.52 -1.55 3.8788
6.55 -23.76 -8.47 0.5681
7.95 -19.25 -4.15 2.6363
6.375 -18.46 -4.99 1.4381
7.625 -17.68 -5.63 3.1311
4.65 -17.01 -6.81 3.3012
2.85 -14.91 -4.61 5.3547
19.375 -12.5 -5.06 5.3784
25.975 -14.57 -7.01 4.0948
2.25 -20.05 -4.93 1.0406
0 -19.07 -3.15 3.2884
0 -18.11 -0.18 2.3209
3.2 -15.48 0.62 3.7039
15.675 -11.96 1.85 3.1928
10.25 -8.03 0.29 2.3692
3.225 -6.94 3.18 1.8244
1.925 -10.4 5.13 1.6288
0.375 -9.12 3.07 3.0976
0 -12.91 3.29 0.5778
0 -11.7 5.82 3.8687
37.15 -6.63 3.7 2.9872
43.075 -8.17 4.68 4.3497
28.725 -7.82 -0.39 5.0081
17.7 -11.26 -4.67 3.2896
3.575 -22.08 -5.68 0.6752
1.375 -18.33 -3.57 1.9403
0 -16.85 -3.52 0.2677
0 -16.32 0.15 1.5938
0 -13.13 2.73 2.6846
0 -18.35 -3.37 0.5566
0 -15.44 2.72 1.0088
0 -14.4 2.34 2.5247
0 -15.51 3.52 2.8146
0 -14.68 5.69 1.5638
0 -10.66 4.35 2.7576
0 -11.9 5.81 3.3503
0 -9.37 7.56 1.0252
0 -8.19 8.51 0.804
0 -8.32 10.82 0.8016
0 -9.51 11.39 0.6932
45.975 -7.89 10.71 2.2451
33.425 -11.22 1.8 4.3064
2.05 -18.95 -7.84 2.1681
0 -18.79 -3.26 1.8818
0 -15.58 2.43 0.4051
0 -9.95 5.37 2.0122
0 -11.52 5.44 2.102
0 -10.89 7.65 1.2919
0 -6.15 10.73 3.4646
0 -12.58 5.84 2.0422
0 -10.17 5.53 0.336
0 -7.25 7.88 2.5208
0.625 -9 8.4 2.643
0.5 -11.63 6.63 5.3997
0 -16.47 -1.35 1.8255
0 -14.77 3.29 3.0392
0 -12.98 8.14 2.7213
8.85 -8.24 10.79 1.3938
5.475 -11.51 9.06 3.9046
3.325 -10.82 0.15 1.8941
6.55 -8.89 1.86 2.0716
3 -10.76 -0.07 3.7118
0 -8.92 4.06 1.4205
0 -10.37 9.16 1.988
1.025 -6.61 7.43 4.4081
1.15 -15.8 0.98 6.5096
0.25 -15.46 2.53 3.4668
0 -12.49 3.93 1.6215
0 -8.3 9.5 3.2314
0 -8.79 13.13 3.0428
0 -3.7 15.83 1.5798
0 -5.85 17.84 0.9844
0 -3.14 18.31 2.3079
0.05 -1.35 16.47 3.2969
1.375 -4.13 10.7 3.3826
1.25 -13.38 1.38 3.6548
0 -11.62 4.63 1.7588
0 -9.15 6.63 2.4068
0 -8.73 8.31 3.4818
0 -10.74 5.34 1.4354
0.725 -8.62 9.78 1.8622
25.3 -1.68 11.51 2.2997
18.425 -5.17 8.17 2.9724
7.225 -2.56 5.36 4.197
4.075 -6.02 5.89 2.1652
0.65 -2.86 9.28 4.2506
0 -6.54 11.03 2.628
0 -5 13.45 2.6668
0 -6.56 14.35 1.5553
0 -6.48 15.36 0.8359
0 -1.5 15.76 0.6038
0 -6.08 16.56 2.9455
0 -1.76 14.59 3.3129
0 -6.84 14.5 2.0543
0 -5.15 14 3.0455
0 -2.87 16.02 1.4484
0 -3.17 18.24 1.9629
0 -0.45 20.76 0.4159
0.55 3.19 22.18 2.5958
0.4 0.66 20.72 3.1111
0 -2.55 16.22 1.7385
0 -2.85 16.73 0.6995
0.425 -1.78 18.27 2.3259
0.325 -1.75 17.14 2.8494
0 -2.52 15.76 2.629
0.55 -3.49 15.93 1.6406
0.45 -4.26 15.64 1.1596
0 -2.16 17.07 0.7376
1.2 -1.24 18.38 1.5274
3.65 -0.78 17.49 2.3204
26.6 -0.03 16.24 3.376
17.725 1.65 14.1 2.0456
1.65 0.49 14.95 1.7239
0.125 -2.77 13.88 2.1206
0.25 -1.78 13.09 0.7153
2.775 -4.84 11.13 2.1477
3.5 -4.35 11.11 4.0399
2.475 -7.4 5.72 2.8232
1.275 -3.66 6.02 2.8149
2.775 -2.5 10.76 2.4996
1.725 -2.33 12.68 3.3182
0 -0.73 11.73 3.0931
0 -4.61 10.02 3.2231
1.8 -4.02 11.81 1.9161
3.175 -1.18 10.72 3.697
1.45 -4.8 10.55 2.5678
4.525 -3.62 12 2.3467
3.9 -2.87 12.41 2.1774
1.5 0.49 12.56 2.8109
0.725 0.57 15.24 1.5261
0 1.7 19.16 2.6202
0 0 18.26 3.2053
0 -1.98 14.17 3.0511
0 -4.09 13.84 1.3066
0 -0.64 15 0.9651
0 0.97 19.34 1.3563
0.025 -0.63 21.18 2.8043
0.025 -1.47 18.43 1.5189
0 0.76 20.53 0.9237
0 3.28 23.24 0.3481
0 1.64 23.98 3.0008
0.1 5.07 23.17 3.009
0.125 1.15 22.42 2.2024
0 3.61 21.79 1.4561
0 1.78 20.73 2.9549
0 0.45 20.9 2.5571
0 0.49 20.88 2.9368
0 -0.41 21.28 2.8581
0 -0.43 19.14 3.0596
0 -0.3 18.4 2.6261
0 -1.61 20.02 2.5213
0 -1.23 18.9 1.9422
0 0.64 20.01 2.1392
0 2.13 20.49 2.6002
0 2.55 20.18 1.4303
0 -0.19 21.75 0.9905
0 -0.06 22.91 1.5644
0 3.93 24.45 2.2568
0 2.79 25.13 1.9599
0 4.1 25.19 2.0989
0 6.96 25.01 2.1125
0 5.35 25.26 2.4993
0 5.39 25.14 2.5914
0.075 4.23 24.33 2.1827
1.475 4.17 24.71 2.0924
1.2 3.2 23.19 2.2464
0 4.4 24.25 2.3402
0.825 4 24.08 1.9948
0.575 5.9 24.44 1.6232
0.525 7.85 24.11 1.8328
0.875 3.9 24.16 2.7082
0.25 2.09 22.62 2.3385
6.9 2.39 22.96 2.1444
2.3 2.17 23.62 2.2755
0 3.98 21.97 3.2798
0 -0.37 22.16 3.0013
0 1.96 21.39 2.7578
0 3.85 19.56 2.8909
0 2.23 18.18 3.6344
0 -4.8 10.3 2.0267
0 -3.54 11.93 1.1937
0 -1.09 16.66 0.1072
0 -0.74 18.91 1.0164
0 0.95 21.48 2.9193
0 1.47 22.15 2.8484
0 4.35 21.62 3.0191
0 0.75 21.32 3.111
0 -3.27 18.68 1.3405
0 -3.77 18.05 0.3223
0 -2.85 20.32 0.7017
0 -1.27 22.03 1.0939
0 3.28 24.19 1.3024
0 0.55 25.08 1.7344
3.275 1.61 25.37 2.3676
5.725 2.87 24.73 2.3065
7.85 4.45 19.62 3.5958
2.2 -1.81 17.6 1.7327
0 -0.33 19.13 1.7309
0 -1.35 20.82 0.8148
0 -1.02 21.61 1.3847
0 0 21.81 0.9981
0 4.29 22.05 1.4467
0 1.54 22.65 3.2384
0 2.37 20.21 2.4137
0 1.51 19.54 1.4969
0 0.8 19.51 0.1485
0 4.38 21.26 1.381
0 1.67 20.85 1.9387
0 0.62 20.21 2.2932
0 -1.23 19.69 2.1168
0 -0.02 17.95 1.2583
0 -2.74 18.54 0.4736
0 0.73 18.49 0.9243
0 1.69 20.45 0.351
0 2.21 21.42 1.0179
4.2 -0.1 23.03 1.2656
2.9 -0.57 20.87 2.6383
0.225 -1.08 17.59 2.9696
0 -4.17 12.89 1.4731
0 0.15 16.15 1.0038
0 -1.73 20.85 0.3846
0 -1.36 22 1.1995
0 1.77 22.99 2.5448
0 -2.47 18.92 0.9442
0 -2.27 19.24 3.0261
0 -5.06 19.21 2.6719
0 -4.08 20.84 1.8691
0 -3.14 21.55 1.0763
0 -2.97 21.78 0.7971
0 -2.82 22.1 1.1546
0 -2.66 22.74 0.3928
0 -1 23.05 2.3797
0 3.54 19 2.7492
0 -11.71 9.79 2.3325
0 -9.28 6.88 2.5872
0 -7.01 12.29 0.9422
8.5 -2.7 12.78 3.1283
5.9 -10.54 9.39 3.6691
0.375 -12.1 -1.54 0.3753
0 -10.94 5.21 3.5248
0 -8.95 7.52 1.9151
0 -6.97 9.37 1.3541
0 -5.96 11.83 0.9276
0 -5.97 13.42 0.7746
0 -6.03 12.32 2.1884
2.15 -5.6 12.01 2.1279
172.25 -3.84 6.38 6.3704
111.3 -4.48 2.62 4.8104
1.175 -2.75 7.49 0.6653
0 -3.09 12.57 2.1597
0 -3.59 13.9 1.2674
0.125 -1.56 15.96 2.2327
6.975 -0.01 12.94 2.6774
4.225 -7.24 5.29 2.4991
0 -8.13 7.18 1.0595
0 -6.68 10.19 0.6923
0 -6.43 10.8 0.809
0 -4.45 12.77 1.0623
0 -4.13 10.95 1.9805
0.125 -5.49 9.84 1.2563
3.9 -6.06 11.43 4.1891
2.825 -11.05 -2.17 5.1584
0.375 -13.49 -0.69 0.8681
0.3 -9.86 2.97 0.0567
0 -7.93 9.2 0.9031
0 -6.79 12.05 0.7805
0 -5.25 13.1 1.173
0 -5.39 14.48 1.1961
0 -6.14 13.45 1.84
0 -4.24 12.48 2.4535
0 -8.08 9.3 0.9533
0 -9.35 7.73 1.2799
0 -11.82 5.81 1.8301
0 -10.87 5.02 1.4209
0 -12.66 8.33 0.8566
1.775 -11.92 8.31 0.7652
7.65 -5.33 8.4 1.999
4.45 -12.45 0.09 1.023
0 -14.8 0.8 1.0562
0 -15.74 1.66 2.8945
0 -11.64 4.89 2.261
0 -12.3 8.75 1.9718
0 -10.84 8.54 1.0747
0 -15.23 3.23 2.413
2.575 -12.15 5.6 4.3095
1.525 -10.9 4.15 0.9144
0 -10.42 0.75 0.7085
0 -15.46 4.71 2.6145
0 -15.02 3.94 3.8031
0 -14.4 4.91 4.259
0 -15.28 5.32 2.7921
15.25 -12.96 6.74 1.4121
9.525 -10.53 3.52 5.2884
0.1 -16.94 -5.82 5.3687
0 -18.31 -3.14 3.8051
0 -16.52 1.16 1.6622
0 -17.22 0.98 2.4778
0 -17.93 1.78 2.26
0 -17.66 -0.58 2.1265
0 -14.72 3.95 0.9579
3.35 -18.23 -2.06 2.433
12.325 -13.9 -5.04 1.1007
6.275 -27.96 -12.38 0.7644
0 -27.65 -9.03 1.7686
2.35 -24.68 -8.16 2.8469
14.7 -15.66 -3.65 2.6158
64.025 -9.83 -3.19 3.642
37.05 -12.45 -4.07 4.7689
1.025 -23.37 -3.51 1.0161
0 -21.17 -5.94 2.8758
0 -19.68 -2.57 2.2549
0 -16.1 -0.45 2.1327
0 -16.87 -1.98 2.6967
0 -19.58 -2.56 3.952
0 -16.55 -4.22 2.8424
17.65 -15.35 2.64 2.0165
11.45 -18.35 -0.5 3.7186
0.175 -22.69 -8.59 2.9211
0 -22.13 -3.24 3.6738
0 -21.99 -1.71 3.5098
3.45 -21.67 -6.5 3.8839
2.05 -20.93 -5.68 1.9598
1.4 -20.36 -5.57 3.2817
12.45 -12.48 -4.9 0.8344
8.575 -10.16 -4.46 1.5776
0.125 -10.44 -3.7 2.4246
0 -13.49 0.19 1.9805
0 -17.63 0.37 1.0444
0 -18.58 -3.03 3.8501
0 -17.84 -2.55 2.832
0 -16.36 -1.75 2.0952
0 -17 -1.53 2.6869
0 -15.12 -0.52 2.9244
0.25 -13.11 0.94 3.113
1.775 -11.53 1.19 2.1841
1.125 -9.95 -1.12 2.4466
0.225 -12.27 -0.84 3.01
27.05 -11.64 0.11 4.4177
19 -8.78 0.99 2.1806
0.25 -18.89 -1.84 1.5599
0 -18.52 -3.56 3.3237
0 -15.66 -1.33 1.7373
3.25 -15.78 0.84 2.5586
47.875 -12.21 0.54 4.5963
30.275 -13.89 -4.73 5.4921
40.975 -13.21 -5.69 6.308
46.05 -18.66 -7.7 3.9537
19.175 -18.44 -9.96 4.218
2.85 -17.37 -7.36 0.9732
0.525 -25.19 -8.69 1.9627
9.975 -19.97 -5.73 3.5312
4.45 -13 -3.24 2.792
0.05 -13.55 -0.45 1.4627
0 -19.74 -1.87 2.8885
0.55 -18.91 -5.6 3.0457
0.325 -14.99 -1.4 1.625
0 -22.06 -1.52 0.9147
0 -21.79 -5.6 1.7068
0 -15.1 -3.52 1.8319
0 -18.37 -2.42 0.6469
6.15 -16.33 -3.42 2.5377
9.65 -11.53 -0.46 3.2721
13.35 -10.54 -1.51 1.7601
6.775 -12.29 -2.1 2.3984
0.8 -11.21 -3.41 1.5423
2.55 -14.7 -5.49 2.419
1.4 -16.59 -4.62 0.403
0 -13.78 -2.59 1.0102
0 -14.09 1.19 1.1755
0 -15.18 3.15 1.1873
0 -16.57 1.85 1.4693
0 -15.74 1.7 0.7548
0 -15.69 3.67 1.7732
0 -15.89 3.45 2.459
0 -13.6 3.39 1.3059
3.85 -13.55 4.04 1.3707
6.625 -11.77 0.24 2.2791
15.9 -9.56 -1.36 2.9223
8.75 -19.56 -2.16 2.6494
35.2 -18.43 -1.5 3.5851
27.95 -13.97 0.04 2.9641
3.475 -15.79 -1.15 0.5414
44.45 -13.79 -0.17 4.5672
33.275 -9.87 2.15 1.7112
3.15 -9.75 -2.43 0.7862
0 -13.89 0.77 2.551
5.425 -11.93 0.72 2.7575
17.025 -12.41 -0.54 3.3103
8.5 -15.56 -1.71 3.3026
0 -18.89 -3.57 1.2313
0.1 -15.16 -1.52 2.784
0.25 -13.72 -0.63 0.6707
3.7 -13.49 0.41 2.363
3.15 -18.21 -2.37 3.9185
0.6 -14.88 -3.93 1.8665
0 -18.83 -5.23 0.6346
20.65 -15.77 1.67 2.3798
12.925 -13.12 2.33 2.5135
0 -19.47 -3.54 2.8505
0 -18.58 1.54 3.926
0 -15.55 5.88 1.6653
0 -11.24 7.34 0.691
0 -10.27 6.68 3.1588
0 -14.88 4.55 2.1762
0 -12.84 8.08 2.2264
0 -11.84 7.69 1.097
0 -10.96 7.28 1.1277
0 -12.44 6.65 2.5373
0.7 -13.24 6.61 2.4197
2.425 -11.31 7.49 2.7791
1.2 -13.29 1.39 2.5335
0 -13.81 2.95 3.0302
0 -12.28 4.75 1.6952
1.525 -8.61 8.37 3.1028
15.65 -8.8 9.23 6.1356
9.05 -11.6 -2.13 3.3738
0 -16.3 -1.33 0.8147
3.575 -14.77 -1.88 2.6113
2.3 -10.76 0.84 2.1841
19.85 -14.39 0.43 2.7457
12.775 -13.31 -2.21 3.6987
0.025 -17.79 -3.51 0.6529
0 -17.98 1.54 2.3532
0 -12.26 7.04 0.3492
0 -8.78 9.01 2.0164
0 -10.16 6.4 1.8988
15.4 -7.94 5.88 3.7052
12.575 -13.24 1.21 4.7088
1.8 -12.48 -2.79 1.1202
0 -11.72 2.62 0.6939
0 -10.96 4.61 0.9183
0 -7.67 9.66 2.6066
0 -10.07 8.73 1.205
0 -10.33 12.43 1.076
0.475 -9.53 12.82 1.837
10.55 -4.9 10.31 3.0827
10.6 -11.44 -1.14 2.8348
7.525 -10.52 -2.53 1.4196
2.875 -7.62 -1.65 1.4351
0 -8.9 7.47 0.5775
0 -7.48 10.67 1.4325
0 -8.52 10.78 0.7388
4.7 -4.25 12.27 4.8358
6.35 -7.08 4.25 5.3797
3.35 -12.9 -2.02 4.0386
0.925 -12.34 -1.42 3.4109
0 -10.87 3.98 1.8326
0 -10.33 8.65 2.1475
0 -7.41 11.15 1.335
0 -4.47 12.51 1.8874
0 -4.83 11.51 3.5098
0 -10.25 7.77 2.2747
0 -11.39 5.76 1.1564
0 -5.18 9.74 2.894
1.25 -8.99 8.1 3.6996
13.575 -11.53 2.9 3.7136
8.275 -13.91 1.19 4.856
0.1 -9.23 1.6 2.4662
0.175 -8.55 7.13 1.3878
0.1 -7.54 8.43 0.9265
0 -6.12 11.31 0.7496
0 -4.26 13.79 1.506
2.025 -1.33 12.42 2.4303
1.2 -7.48 6.07 2.7232
0.175 -6.06 8.53 1.7347
0.1 -4.32 11.1 3.3823
0 -5.06 10.55 4.4286
1.65 -10.16 4.8 3.7356
1.5 -10.6 0.1 4.1192
0.15 -8.54 2.39 2.3516
3.175 -11 3.75 1.7124
6.6 -4.91 8.55 3.6582
16.75 -8.38 6.09 2.7885
7.9 -9.91 2.93 3.9082
0 -11.25 3.12 1.6678
0 -8.91 10.75 0.6922
0 -3.13 14.81 2.6787
0 0.84 14.1 3.0141
0 -3.06 13.38 2.6329
0 1.68 15.6 2.8983
0 2.87 14.93 3.0296
0 1.93 14.7 2.0874
0 2.9 19.52 3.0667
0 4.58 19.74 3.0814
0 2.13 18.07 2.0282
0 2.91 18.5 4.185
0 0 14.41 4.5688
0 -2.59 10.54 5.5038
0 -0.4 7.8 4.4729
0 -3.31 12.76 1.2594
0 0.45 15.7 1.6629
0 0.54 18.14 3.2244
0 -1.95 16.45 3.2983
0 -5.07 12.09 0.6364
0 -3.3 15.46 2.1511
0 -3.96 14.64 3.4787
0 -4.37 13.73 2.5423
0 -3.57 15.44 1.3761
0 -2.87 14.14 0.7221
0 0.16 18.26 1.4496
0.025 1.44 19.23 2.2458
0 2.94 17.04 2.6032
0 -0.16 15.81 2.3059
0 2.08 19.02 0.6716
0 3.81 23.16 1.278
0 4.16 23.8 3.4318
0 1.93 21.67 3.0389
0 -1.79 19.09 2.7096
0 -0.89 19.43 2.7129
0 1.67 19.03 1.884
0 -1.27 17.64 1.2025
1.35 -2 19.55 1.6712
3.7 0.87 21.25 2.1299
1.65 1.55 20.74 2.048
0 1.62 20.12 1.8629
0 3.28 21.67 1.8975
0 1.37 21.67 1.8441
0 2.19 22.05 2.6661
0 4.02 22.07 3.4585
0 6.48 22.71 3.7186
0 3.37 21.95 1.7164
3.375 3.18 23.77 0.9477
7.05 5.25 25.33 2.591
3.45 4.22 18.33 2.8962
0 4.09 24.16 2.6766
0 2.32 24.63 1.9729
0 2.81 24.58 1.9641
0 2.64 24.26 2.9376
0 2.8 22.75 1.0268
0 3.27 23.16 2.2095
4.05 3.4 23.94 1.8696
12.75 5.73 24.24 2.2841
6.05 4.51 21.77 2.7756
0 2.86 21.02 1.9894
0 0.61 20.85 2.5113
0 3.03 21.81 1.974
0 2.42 22.06 2.4817
0 2.48 21.37 2.6098
0 0.5 21.67 2.1141
0 1.36 21.67 2.5476
0 -0.01 22.13 1.788
0 1.05 22.31 2.0379
0 1.67 22.23 2.109
0 0.56 21.92 2.2936
0 3.21 20.28 2.5735
0.6 0.6 20.62 3.0556
0.35 -0.6 18.2 2.3268
0 0.12 19.25 2.2881
0 0.74 18.96 2.6159
0 -1.14 16.61 1.0346
0 -0.81 19.35 1.0434
0 0.85 19.76 1.903
0 0.7 21.96 2.677
0 1.65 21.32 1.052
0 2.22 23.11 1.9773
0 2.67 23.51 2.0896
0 1.6 21.27 1.9042
0 0.03 21.43 2.2239
0 1.22 21.02 2.3911
0 2.01 18.88 1.8118
0 1.12 17.06 2.9842
0 -1.36 21.11 2.4663
0 2.26 24.95 0.8283
0 5.6 26.01 2.8057
0 5.46 24.32 2.7485
0 1.92 20.19 3.377
0.6 -0.86 9.25 2.1652
0.35 -4.74 9.33 2.3402
0 -4.18 13.36 1.0272
0 -1.63 17.22 0.7226
0 -2.16 20.82 0.7453
0 -0.1 22.72 1.1647
0 -0.62 23.15 1.6262
0 -0.73 21.38 1.8624
0 -4.29 20.7 1.5639
0 -3.51 19.34 2.9503
0 2.29 17.17 3.3208
0.025 -7.52 9.56 2.1158
0 -7.53 13.19 0.8921
0 -5.32 16.86 0.9392
0 -3.19 18.31 1.1896
0 -4.44 18.39 2.0068
0 -5.18 16.97 1.5383
0 -5.54 17.67 0.6225
0 -4.31 18.37 1.2489
0 -3.85 20.15 1.7462
0 -4.19 20.01 1.6549
0 -3.82 19.35 1.7942
0 -7.08 16.73 0.9688
0 -6.99 17.27 1.0699
0 -3.03 16.69 2.7927
0 -6.71 13.01 0.7047
0 -6.31 17.47 0.5179
0 -5.44 20.14 1.0439
0 -3.08 22.46 0.4275
0 -4.34 22.89 1.2993
0 -2.21 23.5 0.4151
0 -0.37 23.63 0.5761
0 -1.35 23.4 0.3108
0.15 -1.14 21.03 0.6392
10.85 -0.39 18.55 1.5583
73.85 -0.48 17.54 1.9412
73.925 -2.09 12.09 1.4893
32.925 -3.55 2.53 1.4142
8.6 -7.07 5.33 0.8243
3.725 -6.93 4.87 2.3978
0.4 -8.22 7.16 0.7227
0 -7.15 11.88 1.6914
0 -5.26 12.88 1.7122
0 -3.58 15.97 1.5538
0 -3.37 13.79 2.6949
0 -4.57 15.21 1.9023
0 -5.28 16.21 1.0035
0 -3.66 16.02 1.0022
0 -4.4 15.08 1.5737
10.55 -2.75 11.58 0.9648
6.45 -3.09 8.53 1.3653
0 -3.76 7.57 2.1256
0.575 -6.25 11.43 1.2891
0 -5.83 10.89 2.0497
13.3 -6.65 10.38 1.8754
78.475 -2.69 6.69 1.8919
135.85 -1.05 4.52 5.1817
52.525 -5.96 6.57 4.0166
0.175 -9.68 3.59 1.4191
0 -12.99 2.92 3.2109
0 -12.54 4.45 3.4208
6.9 -9.17 8.78 2.0375
4.675 -7.99 9.17 2.0763
0.25 -9.71 6.09 0.7132
0 -9.44 8.15 1.7795
0 -9.02 12.04 3.4015
0 -7.33 13.82 3.2715
0 -4.83 15.64 2.2452
0 -3.73 14.57 1.2757
0.6 -4.22 13.2 2.4715
30.55 -7.33 9.64 3.3437
14.6 -10.85 2.51 2.8347
2.275 -15.58 -0.39 0.6783
2.85 -13.46 1.8 1.6207
0 -14.44 -0.7 2.4922
0 -14.06 1.94 1.4625
0 -12.93 4.47 3.1515
0 -12 2.94 1.4581
0 -9.52 6.57 2.4743
0 -10.75 8.25 0.8886
0 -12.27 8.02 2.2829
0 -10.22 9.27 2.7366
36.45 -9.98 9.22 3.3019
53.825 -10.6 3.54 3.6007
45.425 -13.8 -1.3 5.5016
17.1 -13.56 -7.05 3.6888
17.175 -14.03 -4.74 4.873
8.8 -21.86 -6.24 1.0551
0 -24.32 -9.21 3.4553
0 -22.44 -6.3 3.2495
25.1 -18.06 -2.92 3.1997
15.975 -21.14 -4.21 2.9231
0 -26.3 -6.95 2.0918
0 -24.38 -9.38 2.9225
0 -17.55 -1.06 2.0861
0.175 -14.79 1.65 2.4312
0.025 -4.48 3.17 1.7934
1.125 -6.41 4.31 1.6853
31.425 -11.13 3.49 1.8911
15.2 -9.9 3.64 3.2436
0 -11.37 0.97 2.3077
7.375 -10.5 2.38 1.932
9.825 -6.46 3.94 1.2662
1.2 -5.92 3.62 1.6739
0.075 -6.51 4.96 0.5712
0 -11.48 7.46 2.1268
0 -11.79 6.71 1.5327
20.95 -9.72 5.83 2.3512
16.15 -9.81 2.17 1.6885
9.1 -12.04 -3.58 2.7939
57.2 -12.09 -2.99 3.3026
97.9 -8.66 -2.8 5.2516
85.525 -8.14 -1.46 6.2439
50.2 -10.89 -2.52 2.4394
19.125 -14.02 -8.95 2.048
6.775 -15.06 -5.69 2.24
4.3 -12.58 -4.57 0.5082
0 -13.6 -3.39 2.8102
18.825 -17.45 -2.57 5.0883
10 -16.48 -1.98 2.2895
0 -16.34 -5.07 0.9984
62 -15.62 -5.84 2.3313
46.15 -12.27 -3.25 4.8571
2.225 -21.94 -5.21 2.7451
7 -22.84 -11.23 1.1915
32.425 -23.05 -11.24 3.5765
29.275 -19.33 -8.74 4.2563
18.65 -14.77 -9.56 2.4464
0 -18.47 -7.25 2.9478
0 -25.69 -9.88 3.6378
0 -23.65 -10.27 5.2418
0 -21.97 -8.64 3.9187
0 -19.96 -7.65 1.849
0 -20.19 -4.35 0.888
0 -19.76 -3.55 3.3542
3.925 -20.23 -7.18 3.1365
3.55 -16.41 -2.45 1.6465
0.475 -16.04 -0.9 1.5881
0.275 -16.24 1.41 1.2843
0 -14.95 3.42 2.2583
0 -11.94 0.52 0.9365
0 -9.28 2.6 0.5645
0 -13 2.99 1.9922
0 -9.49 2.01 1.2715
0 -13.39 3.22 4.2001
0 -15.67 0.01 3.5093
0 -13.8 0.61 2.9245
0 -16.36 3.03 3.5874
0 -16.16 0.69 2.1097
0 -15.18 1.08 2.1226
0 -15.48 3.34 4.8637
0 -16.22 3.13 3.1238
0 -15.69 2.05 1.7742
6.05 -14.24 2.17 0.8162
13.05 -13.09 4 1.7458
5.875 -15.61 -3.5 1.7056
0 -17.09 -3.34 2.2784
0 -23.2 -3.59 3.027
0 -21.32 -3.57 2.0895
0 -16.86 -0.16 2.9121
0.2 -13.32 2.6 1.6291
0.125 -10.99 4.15 1.8976
0 -11.27 4.14 0.615
0.075 -13.97 6.97 2.3811
0.05 -18.39 -3.1 3.6707
0 -20.1 -2.4 3.6501
0 -18.14 -0.17 3.5977
0 -16.03 2.82 2.5168
0 -13.59 6.78 1.4917
0.075 -10.98 5.5 3.4476
16.05 -5.98 2.44 4.372
28.975 -9.57 2.99 6.3646
29.125 -16.63 -7.67 4.4804
55.65 -13.76 -6.82 3.0989
37.625 -11.86 -4.26 4.1979
2.875 -27.06 -6 0.7397
0 -26.59 -6.52 1.2699
0 -23.49 -8.4 0.418
0 -23.88 -4.34 0.3221
10.95 -19.86 -5.33 2.6878
26.575 -12.73 -4.41 5.8803
18.8 -18.58 -7.01 0.6476
0 -22.79 -9.21 0.5241
0 -24.73 -5 2.2207
5.325 -21.63 -2.93 1.739
13.45 -16.74 -0.05 3.4963
9.875 -9.93 0.91 2.0212
0.725 -18.48 -0.98 1.3816
4.25 -13.18 1.48 0.5761
28.65 -11.19 1.6 1.784
35.55 -9.03 0.6 4.3757
0.275 -11.52 -1.1 0.833
0 -10.05 5 1.5588
0 -8.47 6.55 1.606
0.375 -8.25 5.86 0.9169
0.225 -9.35 4.45 0.5889
3.9 -10.85 5.24 1.0165
4.65 -6.8 2.71 1.3302
40.85 -6.61 5.86 1.5482
51.3 -5.22 6.24 3.3155
6.875 -13.91 -0.64 0.8612
44.525 -11.94 0.13 3.535
71.4 -12.79 -3.67 5.0005
88.825 -10.52 -5.41 6.2646
31.55 -13.49 -5.84 2.7781
14.3 -15.98 -3.61 0.9097
25.375 -11.83 -3.45 4.4113
64.425 -14.92 -5.63 5.4932
45.975 -15.26 -5.4 4.4169
24 -13.65 -2.66 3.0597
8.05 -9.87 -1.05 1.881
0.25 -9.55 3.24 0.513
0 -11.03 5.48 0.8331
0 -7.7 7.75 1.8854
0 -6 9.67 2.1743
0 -6.02 14.51 1.7362
0 -4.89 15.85 1.2376
0 -8.53 8.82 1.5497
0.05 -9.91 6.94 2.0594
0 -7.49 11.51 1.3588
4.725 -8.41 10.42 1.1667
6.4 -10.6 7.89 3.6433
4.725 -17.4 -6.28 1.4583
1.7 -14.88 -7.59 1.4448
0.05 -14.4 -1.52 0.4984
0 -11.85 5.03 1.3787
0 -11.02 6.3 1.1061
0.625 -10.18 6.49 3.0181
0.4 -13.91 -2.44 0.5361
0 -10.64 5.39 0.8027
0 -8.08 10.05 1.0659
0 -6.14 12.6 2.2401
0 -2.63 12.07 3.2547
0.025 -5.97 7.94 1.7513
0.525 -4.49 9.89 2.2884
6.075 -4.85 4.57 2.4413
5.125 -10.36 4.41 0.847
3.45 -8.6 4.39 1.3311
0.95 -5.51 3.48 2.751
0.575 -7.69 2.93 2.7578
0.125 -10.82 5.15 2.4779
0 -9.6 7.11 0.8354
0 -6.01 11.05 2.5149
0 -9.59 7.36 4.3904
0 -13.23 2.92 3.6293
0 -12.31 4.19 2.0836
0 -9.3 9.22 0.7231
0 -7.12 12.16 0.7742
0 -6.98 14.23 3.2141
0 -2.34 15.79 1.0385
0 -4.18 16.85 1.6412
0 -1.14 15.27 2.1385
0.25 -3.59 11.4 3.1927
1.95 -10.32 4.1 3.4221
1.225 -11.47 -1.54 2.856
0 -7.93 6.91 1.6531
0 -5.13 11.02 1.1458
0 -4.62 13.76 0.6074
7.65 -3.96 15.22 3.1478
15.5 -10.47 8.25 3.3888
7.775 -12.6 -2.82 1.1423
24.9 -10.02 1.57 3.4569
33.05 -9.69 0.3 2.528
3.075 -8.8 0.34 3.5985
0.075 -9.36 5.53 1.6879
0 -4.59 11.55 1.8132
0 -5.36 11.55 2.6481
0 -7.42 10.24 4.1932
0 -8.94 7.85 2.2764
0.05 -4.63 12.35 3.0862
0.025 -4.96 9.43 2.7837
0 -5.02 8.96 3.5456
5.225 -4.45 9.63 4.3556
5.8 -10.59 4.43 4.8599
1.2 -10.87 1.99 3.081
0.825 -7.08 6.65 3.1219
1.025 -2.61 7.56 3.2553
0.8 -9.26 3.28 1.8276
0 -9.33 4.42 0.9362
15 -6.01 7.72 2.7309
16.65 -2.32 2.91 1.6772
5.775 -4.74 9.67 3.9729
0.9 -6.01 7.5 1.7438
0.525 -4.79 10.6 2.9153
0 -3.22 12.91 1.4855
0 -2.24 15.79 1.9584
0 -1.39 14.84 2.8865
0 -1.6 13.69 2.5915
0 -1.48 15.76 2.766
0 -0.53 17.19 1.3688
0 0.76 20.6 1.8526
0 1.09 20.76 2.1733
0 -3.22 16.88 0.872
0 -0.84 16.61 3.0237
0 -0.56 17.9 2.1422
0 -2.65 15.83 0.196
0 0.23 20.76 0.3655
0 2.9 22.46 2.5191
0 3.19 22.42 3.1979
0 -0.14 20.02 2.6632
0 -2.75 18.8 2.65
0 -2.74 17.96 2.1099
0 -0.65 19.87 2.0139
25.225 1.37 20.24 3.0772
15.675 0.18 15.73 2.7194
3.35 -4.23 9.86 2.2118
0 -0.97 18.83 0.5983
0 0.7 22.43 0.8378
0 2.39 24.22 0.9151
0 2.46 24.08 1.7545
0 3.25 23.06 1.7425
0 5.45 21.17 2.3624
0 4.73 21.74 3.007
0 0.88 19.84 2.2407
0 0.58 21.02 2.5013
0 -1.53 20.52 2.2421
0 -0.44 19.92 2.5657
0 -0.59 19.42 2.6888
0 -1.28 19 3.2873
0 -2.05 18.13 2.6392
0 0.62 17.11 3.1038
0 -1.88 16.51 3.3083
0 -1.83 16.84 2.1961
0 -2.08 18.27 1.738
0 -0.64 19.79 2.0934
0 -0.72 19.92 1.0236
0 0.64 20.25 2.2596
0 0.9 21.69 2.8585
0 2.43 20.54 1.7899
0 2.29 22.8 2.2607
0 0.44 22.01 2.3631
0 -1.69 20.9 1.7099
0 0.08 21.13 1.6357
0 2.57 19.91 1.1842
0 5.57 22.55 2.0069
13.15 2.17 23.33 3.0727
9.9 2.95 21.08 2.2816
1.5 3.48 18 1.8246
0 1.78 20.3 2.0137
0 2.33 21.07 2.1592
0 0.03 21.76 3.2249
0 -0.68 19.59 2.2335
0 -0.49 20.44 3.1763
0 -1.22 20.86 2.6225
0 -0.65 20.71 1.9066
0 -0.79 21.81 1.9766
0 -0.31 21.08 2.1182
0 -0.11 21.38 2.6854
0 1.67 21.21 1.4089
0 1.4 21.35 1.5557
0 0.8 21.91 2.2619
0 -0.38 20.04 1.5039
0 -1.16 19.88 0.7554
0 -0.38 21.26 1.5728
0 0.85 22.53 1.2494
0 0.71 23.63 2.4576
0 0.82 22.41 2.2129
0 -1.11 21.1 1.8039
0 -1.49 20.59 1.2989
0 -0.56 21.21 0.9228
0 1.27 23.21 2.1157
0 3.31 22.38 1.4946
0 2.47 21.48 1.1377
0 2.43 23.25 1.2236
0 2.85 23.02 1.6492
0 0.94 22.92 1.6224
0 0.81 22.92 2.0786
0 -2.28 22.43 1.9438
0 0.68 20.19 0.6422
0 -2.08 20.96 1.0325
0 1.33 20.8 0.8845
0 -0.29 20.88 0.7595
0 3.87 20.76 1.8914
0 -0.75 19.21 0.4122
0 -0.96 20.68 0.9192
0 1.84 21.41 0.7493
0.075 0.59 19.55 2.0675
2.925 -0.71 17.34 1.2408
8.55 0.86 16.58 1.5035
13.9 -0.57 12.34 1.3971
9.3 1.56 15.4 0.6779
16.1 -1.28 15.94 1.0138
0 1 15.15 2.5702
0 1.68 16.13 1.9276
0 -0.31 13.73 1.5617
0 -2.51 15.84 0.3207
4.175 -1.41 18.71 0.2621
2.775 -0.31 20.42 0.8219
0.1 -0.92 19.62 0.473
7.15 -0.66 20.42 0.5269
0 4.17 20.52 0.8491
0.5 -0.35 21.27 1.6719
7.9 -2.08 17.56 2.4682
0.075 -3.49 13.07 1.5452
0 -2.05 17.55 0.3407
0 -0.45 19.88 0.587
0 2.71 17.39 1.0207
0.175 -2.29 20.03 1.684
0.175 1.46 18.79 2.7881
0 1.99 15.25 2.2497
0 -0.64 14.93 2.4321
51.875 -3.21 11.53 2.5166
54.525 -5.33 7.84 4.2312
11.15 -9.15 1.04 0.6972
3.325 -11.8 1.15 0.9623
0 -9.54 6.79 1.397
0 -8.34 8.57 1.3994
3.475 -6.62 10.54 1.8863
9.025 -3.99 8.07 1.9555
0 -3.2 12.05 0.9323
0 -2.78 14.37 0.6848
0 -5.4 17.4 0.6349
0 -4.12 17.88 1.4053
0 -2.25 14.79 1.8474
0 -3.4 14.51 2.0542
0 -4.24 14.01 2.2042
0 -4.59 16.12 0.6402
0 -2.91 12.3 0.5319
0 -6.95 14.22 0.3641
0 -3.3 12.01 2.5001
0 -7.03 14.84 2.0767
0 -6.46 16.14 2.4566
0 -5.85 11.47 1.4216
0 -10.69 7.05 3.9355
0 -11.83 4.55 3.5119
0 -11.56 8.02 2.2396
0 -10.98 10.5 0.8395
0 -10.3 11.52 2.3467
0 -10.2 12.6 0.1626
0 -8.58 12.35 3.6694
0 -7.14 6.61 4.1089
4.5 -14.33 7.42 4.2463
11.7 -14.7 7.19 2.0022
11.075 -17.07 -4.45 0.5527
10.4 -14.05 -3.55 1.6309
0.15 -13.73 -3.57 1.113
0 -16.28 -3.33 2.3644
0 -15.08 0.05 3.2904
0 -14.71 3.33 2.7718
4.7 -9.23 1.96 2.9391
4.075 -7.38 0.04 0.9761
0 -10.02 3.42 0.2542
0 -7.82 5.53 0.3769
0 -11.71 5.41 0.4362
0 -11.96 6.92 0.8524
0 -10.64 5.56 1.5653
0 -11.99 6.3 3.9818
1.95 -10.87 1.17 2.3869
4.95 -12.3 -1.38 3.7654
2.95 -16.67 -2.25 1.5529
0 -14.39 0.68 2.2641
0 -11.8 4.11 3.5684
0 -9.34 4.72 2.5273
0 -10.11 2.9 0.7634
0 -10.93 4.8 2.9609
0 -9.57 9.16 2.361
0 -11.53 9.23 1.1306
0 -12.48 8.94 2.0236
0 -11.76 8.26 3.3278
0 -11.47 0.81 9.2435
0 -16.43 -4.84 4.0261
0 -17.35 0.15 4.5093
0 -19.08 -3.59 2.7633
0 -18.17 -0.6 3.5259
0 -19.28 -2.47 2.9555
0 -17.29 0.01 3.643
0 -16.52 2.54 4.1007
0 -18.73 1.77 4.3917
0 -14.61 2.05 3.2102
0 -17.7 0.63 1.3114
0 -19.12 -0.86 1.6086
0 -19.8 -3.73 1.4419
0 -19.74 -2.58 0.9195
0 -17.04 -1.53 0.8803
0 -12.18 -2.93 5.9676
0 -13.38 -0.01 4.9922
0 -17.82 1.33 2.6567
0 -15.31 1.75 4.8486
0 -19.26 -2.07 4.7118
0 -17.03 -0.53 3.5198
0 -22.31 0.38 4.4915
0 -21.94 -2.4 3.7961
0 -21.15 -0.42 4.8812
0 -19.41 2.17 3.1927
0 -17.99 4.65 1.4278
0 -16.44 6.1 1.0164
0 -13.12 4.31 1.0319
0 -10.92 8.46 0.9928
0 -12.03 6.63 1.7824
0 -14.46 6.54 2.3383
