0.8 -2.28 12.66 1.4788
6.8 -2.29 3.89 1.2747
3.2 -1.22 10.96 1.803
0 -3.45 7.64 3.7451
1.25 -3.97 9.29 1.9068
0.625 3.19 5.43 0.3667
0 1.01 5.5 1.4843
0 0.48 7.72 0.8214
0 1 11.01 4.0785
0 -1.73 9.38 3.4532
0 -2.81 16.52 2.5475
0 -2.22 13.78 5.3523
0 -0.58 16.54 4.069
0 -1.16 20.37 3.8473
0 -1.16 19.29 3.8801
0 -0.61 20.94 4.8977
0 -0.62 19.83 4.2187
0 -0.61 20.37 4.7568
0 -0.62 20.92 4.9338
0 -0.6 20.35 3.477
3.475 -0.05 19.82 2.6886
16.125 6.56 18.72 2.0749
7.575 9.31 10.99 1.6491
22.775 8.41 13.52 2.2276
10.025 3.2 12.61 3.3207
1.8 -1.79 5.4 0.9885
0 -3.99 8.73 1.2243
0 -3.99 8.74 1.4113
0 -2.29 12.08 4.0795
0 -2.3 13.76 4.431
0 -0.62 18.18 2.9219
0 -0.07 17.64 3.0229
0 -0.07 15.43 4.0361
0 0.47 20.41 3.8347
0 0.51 22.05 3.0212
2.325 2.68 21.48 2.6772
9.925 6.51 11.56 3.0421
4.35 3.21 13.7 2.7303
8.725 2.09 13.18 1.2059
5.6 0.96 11.49 3.2882
5.225 -5.12 7.61 0.3884
9.2 -5.1 9.27 2.6924
5.05 -1.22 9.28 1.3397
18.05 -1.25 9.27 3.144
8.975 0.42 5.98 3.7872
2 2.09 9.28 6.3001
14.175 3.74 10.38 5.4577
11.175 3.19 9.28 4.4614
2.225 0.43 6.54 1.5634
0 -1.76 12.59 3.525
0 -1.74 16.5 2.7017
3.275 -1.2 17.61 3.7188
11.75 0.45 15.41 3.9811
9.025 9.27 12.07 2.9144
2.475 5.95 13.17 1.6212
1.175 5.41 16.52 1.5969
1.075 4.31 14.83 2.5585
0.3 -0.1 15.37 0.4386
0 -0.07 14.87 3.6231
8.7 3.24 18.17 2.9936
28.675 9.28 14.86 4.2821
49.25 6.52 14.83 4.9765
19.225 2.1 10.96 2.7002
0.375 -1.78 10.95 1.0089
0 -1.76 12.04 1.8728
0 -2.33 10.39 0.3805
0 -1.77 12.63 1.3755
0 -0.66 13.74 2.6394
0 -3.45 9.86 0.582
0 -3.43 11.54 0.6607
0 -1.18 14.85 1.94
0 -0.64 15.97 2.0543
0 -0.63 17.07 1.387
0 1.01 14.31 2.5073
0 3.22 16.53 2.9634
0 3.77 17.65 1.0363
0 3.77 19.3 1.2267
0 3.8 19.88 1.2493
0 4.89 21.52 0.9109
6.725 4.89 20.98 1.7134
6.1 3.17 15.93 3.9242
1.35 -2.36 9.29 2.245
0 -2.33 12.08 1.9522
0 -1.21 15.43 0.7776
0 1.57 18.74 1.9117
0 4.34 20.41 1.9476
0 4.88 20.98 1.441
0 4.87 22.6 3.5787
0 -0.65 15.98 2.1155
0 -1.18 15.44 0.4917
0 1.57 18.75 2.8489
0 3.22 22.06 2.6179
0 3.19 17.07 5.1406
0 -1.77 14.85 1.9634
0 -1.73 16 2.6038
0 0.45 21.54 1.9677
11.575 2.67 24.29 1.1323
7.225 4.31 17.66 2.9151
5.725 3.21 12.6 1.8186
4.825 4.86 13.15 2.3047
1.125 2.1 13.72 3.6331
0 2.11 15.42 1.5442
0 3.22 19.31 2.432
0 5.41 19.3 5.0434
0 -2.88 9.93 5.7089
0 -2.3 13.16 2.9117
0 -0.09 17.65 1.617
0 2.13 21.54 2.5293
0 2.19 24.87 2.5684
0 8.24 29.3 1.4907
0 8.81 29.87 1.2045
0 8.26 31.52 1.8291
0 7.67 30.96 2.442
0 7.64 22.12 3.1321
0 -0.1 15.41 3.2827
0 0.45 18.19 1.9822
0 2.66 19.3 2.2917
0 -0.08 17.63 3.0608
0 -0.1 14.88 1.7367
0 0.48 18.19 1.8871
29.425 2.16 20.97 1.8491
15.65 10.4 18.19 2.535
0.825 10.41 16.49 3.7089
1.175 8.76 18.18 1.9179
0.5 10.44 20.41 3.6983
0 9.3 23.19 1.9578
0 8.22 24.86 2.9621
0 7.12 23.22 1.9163
0 7.67 24.88 1.6763
0 7.69 26.52 1.3235
0 7.69 27.64 3.0394
0 5.47 25.97 3.3415
0 6.02 23.76 2.7809
0 6.58 27.06 3.0573
0 8.24 25.43 2.122
0 9.93 29.31 1.5189
0 12.71 34.31 0.3204
0 12.16 36.51 2.1664
0 13.78 35.38 2.4326
0 9.35 29.29 1.4418
0 8.25 28.2 1.0293
0 9.36 29.3 2.4094
0 9.89 29.84 2.9837
0 8.23 27.63 2.7461
0 7.67 25.98 2.1266
0 10.45 27.64 1.6558
0 11.04 30.42 1.0122
0 12.68 33.73 2.0815
0 13.78 34.25 2.5361
0 14.32 33.7 3.0405
0 13.21 27.65 2.2955
0 12.11 29.28 2.24
0 10.46 26.51 2.3278
0.825 11.01 25.41 0.4759
1.425 9.88 25.94 2.1459
2.325 8.75 22.61 3.2354
2.75 6 18.75 2.093
0.925 7.66 20.97 2.6296
0 8.78 24.85 2.5695
0 7.67 25.96 3.3805
0 8.22 24.3 3.0365
0 7.66 22.65 3.3404
0 8.77 24.34 2.474
0 10.99 23.16 3.4738
0 8.22 23.19 2.3634
0 7.68 24.84 2.4686
0 8.79 24.31 2.6274
0 10.45 25.97 3.1456
0 11.55 28.75 2.0871
0 12.66 32.62 2.8683
0 8.24 31.5 3.241
0 6.57 26.51 3.3429
0 7.69 24.88 1.5748
0 8.83 29.31 0.8006
0 11.57 33.19 1.6415
0 13.22 34.84 2.7213
0 11.58 32.09 1.757
0 12.71 33.2 0.9953
0 14.34 38.19 0.7878
0 15.47 39.83 2.8113
0 14.91 39.82 2.7372
0 14.35 36.48 2.26
0 14.9 35.95 1.862
0 13.25 35.94 2.8073
0 12.69 35.93 2.5353
0 12.13 32.63 2.7466
0 11.55 30.97 2.499
0 8.81 30.41 2.6732
0 8.24 29.86 2.6514
0 9.36 29.31 2.6516
0 9.37 29.86 2.0573
0 10.49 30.96 1.8544
0 13.79 31.53 2.3036
0 12.14 32.09 1.6826
0 12.69 34.86 0.8876
0 13.79 35.97 1.4887
0 14.89 37.64 1.828
0 15.47 37.63 1.6916
0 16.59 39.29 1.9729
0 16.59 39.85 1.5807
0 17.69 39.84 2.4264
0 14.91 37.62 2.5593
0 13.81 35.96 2.4389
0 13.8 35.42 2.1143
0 13.8 34.85 2.1602
0 12.69 33.76 2.2773
0 12.69 34.33 1.9896
0 16.02 37.08 1.826
0 16.57 38.17 2.1751
0 17.11 36.5 2.8938
0 16.55 34.31 2.6437
0 14.89 34.3 2.8433
0 15.44 33.2 2.6447
0 14.87 33.74 3.0257
0 12.11 31.52 2.5517
0 12.66 30.43 2.1541
0 13.23 31.54 2.3211
0 11 30.4 2.9877
0 8.22 23.23 1.8744
0 8.81 26.52 1.5663
0 11.04 30.96 0.7122
0 13.26 33.19 1.2648
0 14.91 35.96 3.0018
0 13.78 36.52 2.8965
0 12.69 35.4 3.1524
0 11.58 32.62 3.1119
0 8.79 29.88 1.5795
0 8.83 30.42 0.6294
0 12.14 33.18 0.8971
0 13.25 34.31 0.8861
0 13.27 35.96 1.3277
0 14.35 34.87 2.3221
0 15.46 34.34 2.214
0 14.9 37.08 2.2191
0.3 15.43 34.84 2.8419
0.15 13.22 30.4 1.6165
0 11.58 30.42 1.5095
0 11.03 32.08 0.4736
0 10.49 33.77 1.6241
0 10.51 35.95 1.5522
0 12.72 35.96 1.5647
0 12.72 37.61 2.6132
0 14.9 35.93 1.6708
0 14.33 33.2 0.8091
0 13.25 34.86 0.4433
0 14.35 36.52 1.7209
0 14.33 36.5 2.3422
0 10.46 33.18 2.1084
0 10.45 29.86 2.1298
0 9.34 27.1 1.812
0 9.35 29.3 0.5784
0 9.91 29.87 1.0325
0 12.13 33.2 0.4779
0 12.14 35.41 1.0519
0.15 13.79 35.96 1.8298
0.55 11.56 32.61 2.1707
2.075 12.09 25.42 2.6939
0.9 9.88 22.65 1.6412
0 9.35 27.65 1.647
0 11.56 30.43 0.7203
0 12.13 31.55 0.9286
0 13.78 35.4 2.0003
0 11.56 32.65 0.9136
0 11.03 32.09 2.0954
0 12.69 33.76 2.1707
0 12.13 34.86 1.3247
0 11.58 34.86 0.7679
0 11.57 34.3 0.7813
0 12.14 35.42 1.1379
0 12.14 36.53 0.4086
0 13.23 36.52 1.9575
0 13.21 33.16 2.5403
0 3.22 18.76 2.4017
0 3.24 22.14 2.3788
0 3.82 24.87 0.8396
0 4.93 26.49 3.1705
0 4.86 21.5 3.3585
0 0.46 15.93 0.3349
0 -0.07 18.74 2.6723
0 2.14 22.61 1.3021
0 3.25 22.62 1.3141
0 3.81 23.75 0.6634
0 4.92 24.3 0.5791
0 5.45 24.83 1.8395
1.75 5.47 23.17 2.0169
41.325 5.47 17.08 6.885
23.775 10.97 15.42 4.3553
1.725 13.19 21.51 1.0709
0 10.99 25.4 2.1976
0 10.97 24.87 1.1193
0 13.39 27.26 1.6786
0.475 7.67 23.74 2.0928
0.225 3.78 16.03 1.543
0 3.8 17.65 1.0553
0 4.89 21.53 0.742
0 6.56 22.64 1.2374
0 8.23 24.3 1.2771
0 6.58 23.74 1.6619
0 6.57 22.1 1.1104
0 7.65 24.29 4.6692
0 3.21 18.75 4.8476
0 -0.64 16.48 0.7733
0 -0.64 15.43 0.1645
0 1.58 19.89 0.8516
0 2.19 22.09 0.909
0 4.94 22.66 1.2717
0 5.49 24.33 1.1804
0 4.39 26.52 1.8285
0 4.37 25.93 2.4636
0 3.79 19.3 0.7067
0 4.34 19.28 1.6877
0 1.56 18.16 1.8962
0 1.58 17.63 1.1029
0 1.61 18.73 0.7292
0.45 4.35 18.19 0.4407
2.025 5.96 15.44 1.9975
0.9 -0.64 13.7 1.3108
0 -0.64 14.27 1.0839
0 -0.63 15.39 2.7404
0 -0.64 15.43 1.9963
2.075 0.48 19.29 1.387
1.025 0.48 19.83 1.983
0 -0.63 14.33 2.2775
13.175 -0.61 14.88 3.6735
6.55 -0.09 15.94 1.1369
0 -0.08 13.16 0.5195
0 -0.09 15.92 2.0667
0 -0.06 13.25 3.5256
0 -0.04 17.09 3.8304
0 0.5 20.4 2.4557
2.25 1.05 20.95 1.0915
1.125 3.2 12.1 5.2899
0 -0.63 16.46 4.8565
0 -1.16 13.77 3.892
0 -0.62 17.08 1.6764
0 -0.63 15.97 2.1112
0 -1.21 14.33 1.9924
0 -1.2 14.3 1.9925
0 -1.2 15.4 0.899
4.475 -3.42 11.5 2.0944
9.175 -3.43 7.04 0.7164
3.425 -7.89 4.28 0.6911
0 -7.87 5.37 1.9212
8.1 -7.84 6.52 3.2475
18.825 -0.67 9.85 2.9218
23.625 5.42 10.41 3.8435
19.775 5.4 10.95 3.9726
5.8 4.85 8.19 0.7827
0 0.45 12.05 3.3222
0 2.11 14.26 2.7489
0 1.57 14.8 2.1971
0 -0.62 13.74 2.7154
0 -0.06 6.62 4.0838
0.475 0.48 14.3 2.861
14.025 2.68 17.59 1.8379
7.225 0.43 11.5 3.6451
0.15 -4 8.19 2.2492
0 -3.96 7.7 3.9579
0 -2.84 13.2 4.0261
3.825 -1.73 15.92 4.1235
3.6 -1.72 12.06 2.1416
1.325 0.98 12.58 3.0564
2.275 0.44 10.4 0.8663
1.05 4.85 10.95 1.47
0 2.1 10.94 2.7355
0 1.57 12.61 2.3273
0 1.56 14.26 1.1349
0 -0.08 15.93 3.8898
0 -1.19 16.51 2.8989
0 -1.72 18.68 2.7805
0 -0.61 13.2 3.0987
0 -0.61 13.75 2.6331
1.075 1.04 13.23 2.9896
0.85 2.69 14.3 2.4269
0.15 2.68 10.13 2.477
0 2.68 12.04 3.2338
11.425 3.25 18.18 4.7088
6.4 7.06 17.02 2.0848
0.3 -1.2 13.7 1.3478
0 -1.17 13.74 3.3155
0 0.46 15.97 2.459
10.925 0.48 17.6 2.8333
17.625 5.96 13.72 4.9806
16.725 8.7 10.4 5.7581
24.8 3.74 8.74 6.6552
25.55 1.53 8.74 3.8938
18.775 -0.12 7.61 3.5403
5.85 -0.67 3.77 1.1159
0.85 -1.78 9.84 2.4993
3.625 -1.21 8.74 4.3763
1.65 4.86 10.41 2.936
0 0.46 12.6 1.2964
0 0.43 12.09 2.756
1.225 1.54 13.19 3.2142
1.85 2.64 15.38 1.3123
0.6 -1.21 13.71 1.1448
0 -1.22 13.18 1.7869
0 -0.09 14.28 2.1226
0 2.11 14.28 0.6872
7.975 2.11 14.85 3.1
5.9 4.86 14.27 3.3259
11.95 7.61 12.6 1.6596
5.5 4.85 8.75 2.373
2.2 5.39 8.75 1.3566
3.825 4.84 10.39 1.81
1.35 -1.2 9.84 0.5599
0 -1.19 11.51 1.2855
0 2.65 11.54 1.4869
0 1 16.5 1.3144
0 1.02 17.07 1.4824
0 1.03 16.54 1.1233
0 2.13 15.99 1.7475
0 3.23 18.19 2.4195
0 2.12 19.85 0.8555
0.05 2.12 17.62 1.0808
2.65 4.88 13.73 2.0811
5.775 4.84 10.4 2.7324
2.225 -1.79 7.66 2.1746
17.875 -1.77 12.08 3.8946
14.2 2.11 9.3 2.6616
2.6 -0.11 9.88 0.8826
22.375 -0.07 14.31 4.7227
12.525 4.85 16.48 1.1285
0.6 1.01 12.05 0.3754
0 1.02 14.32 2.2267
6.425 3.78 17.06 2.7296
20.45 5.4 9.84 3.3348
8.95 0.43 8.74 2.6991
0.15 -1.76 9.83 1.3091
0 -1.19 12.08 2.4461
0 1 16.49 0.9685
0.325 4.13 13.19 2.5831
3.2 -3.45 8.22 3.6038
1.525 -2.87 10.39 2.0894
0 -2.33 9.86 0.4236
16.125 -2.31 13.19 2.2552
8.075 -1.22 12.63 2.3604
0 -2.31 12.62 2.5901
0 -1.74 13.78 3.6973
0 1.02 20.43 1.3259
0 2.7 23.16 0.9766
0 3.79 22.62 2.9071
0 1.54 24.27 2.2635
0 1.6 24.28 1.8517
0 4.34 22.61 0.3816
0 3.22 20.95 1.6261
0 1.02 18.75 1.8768
0.325 0.49 18.22 1.8832
1.75 2.67 19.84 2.3003
0.8 -0.11 13.75 2.0939
0 -0.09 16.52 2.6126
0 0.47 18.22 1.1264
1.475 2.68 21.5 2.6784
12.8 2.68 20.38 5.1561
7.325 0.98 10.41 2.7115
0.6 -1.79 10.95 0.7207
7.225 -1.77 12.61 2.1812
3.65 -0.1 10.94 1.7399
18.05 -0.11 10.96 2.8292
9.1 0.97 10.41 2.859
0 1.07 10.36 0.6432
0 -1.2 14.85 2.212
0 1.55 18.74 0.7512
0 3.22 19.31 1.6198
0 3.79 19.29 1.9874
13.025 5.96 13.18 4.3367
22.8 4.75 10.5 4.4007
8.1 1.54 9.31 1.1024
0 1.55 14.29 0.6808
0 2.66 15.41 0.8397
0 2.68 18.75 1.9255
0 3.22 19.29 1.3478
0 3.78 20.98 1.2176
2.4 6 22.08 1.4674
20.45 6.52 20.94 2.507
16.2 2.09 12.03 3.2658
3.75 3.75 7.64 2.0202
0.225 5.41 9.88 1.1701
0 6.58 20.76 0.9888
0 9.26 22.88 1.246
0.025 6.02 24.86 0.8123
4.45 6.57 24.86 4.1968
2.25 1.55 14.83 4.6889
0.025 2.02 12.1 3.5666
0 -0.11 12.62 3.2922
0 0.47 17.64 1.9432
0 2.68 20.96 1.8443
0 6 23.75 1.0587
0 6.02 25.4 2.1784
0 4.35 22.63 3.7064
0 1.57 19.3 2.3535
0 1.58 19.32 0.8414
0 3.24 22.07 2.7273
0 4.33 20.39 3.5747
11.35 6.51 14.81 3.1147
5.675 -0.12 10.96 3.6707
0 -0.09 16.51 2.0609
0 2.68 21.52 1.1231
0 5.45 23.75 0.7774
0 6.55 25.4 0.6637
0 7.14 26.51 1.2639
0.1 9.34 26.52 1.9828
0.05 9.97 18 1.6387
0 9.31 20.39 1.5296
0 8.77 21.53 3.387
0.025 2.69 20.42 4.2192
0.025 1.54 14.31 3.5207
0 2.09 14.27 4.1204
0 3.77 18.71 2.2633
6.625 2.68 17.62 1.5802
4.475 3.26 18.18 2.8149
8.775 7.61 17.6 2.2427
4.1 2.11 16.48 3.1995
0 2.67 17.61 1.7883
0 3.82 23.75 0.8503
0 9.34 27.62 2.4877
0 9.91 25.95 2.9991
0 9.88 23.76 2.3195
0 9.91 26.52 2.3857
0 12.66 26.52 2.5302
0 12.66 27.64 1.8558
0 13.22 29.87 2.7449
0 12.09 30.42 3.1153
0 10.99 27.65 2.6412
0 10.44 28.19 3.6258
0 4.9 24.29 4.6014
0 6.03 20.98 5.0639
0 7.16 27.06 3.699
0 8.82 29.31 1.0003
0 9.93 29.31 1.8428
0 11.01 32.6 2.8132
0 7.67 28.2 3.1733
0 5.48 24.87 1.4691
0 6.56 28.19 2.4302
0 6.03 25.96 3.1655
0 5.47 23.75 2.6876
0 6.59 25.43 1.9049
0 8.24 27.64 1.0927
0 9.91 30.42 2.0014
1.825 11.55 31.52 2.239
0.9 12.1 29.29 2.8106
0 13.2 28.21 2.561
0 13.79 31.54 1.1897
0 16.02 35.97 1.7158
0 14.9 38.17 3.0792
0 12.12 33.74 2.958
0 8.81 30.97 2.7756
0 8.81 29.88 2.9349
0 9.92 28.76 2.3907
0 9.92 30.42 1.1362
0 10.5 33.18 1.9225
0 12.66 34.28 2.4719
0 13.21 30.98 2.4399
0 13.76 32.63 2.4867
0 14.89 33.74 2.2622
0 14.35 34.85 1.8704
0 15.45 35.95 2.2649
0 16 34.84 3.1535
0 14.89 33.17 3.1466
0 14.9 31.54 1.7257
0 15.45 34.31 1.4749
0 16.04 37.62 2.6836
0 17.67 38.72 2.713
0 16.02 37.63 2.5572
0 13.81 37.63 2.0351
0 13.81 36.5 1.9892
0 13.79 34.82 2.3903
0 12.13 32.66 1.035
0 12.7 33.19 2.3141
0 14.35 34.3 2.18
0 15.46 37.05 2.7047
0 15.45 35.38 2.8176
0 14.34 30.43 2.0237
0 11.58 29.32 2.4277
0 12.13 30.98 2.2369
0 12.13 32.64 2.4485
0 11.59 32.63 2.3323
0 11.03 32.08 1.994
0 11.58 32.08 2.3783
0 10.49 33.19 1.5356
0 11.04 33.73 1.9895
0 12.12 33.73 2.0745
0 11.57 32.08 2.1408
0 11.57 31.52 2.5322
0 12.13 31.51 2.8659
0 12.67 29.85 2.0273
0 11.57 29.86 1.9517
0 11.55 30.39 2.2334
0 9.91 28.2 1.1031
0 10.49 29.31 1.521
0 13.22 31.51 2.42
0 12.67 31.52 2.8914
0 12.67 32.08 1.2574
0 13.24 34.29 1.5668
0 12.69 34.28 1.6471
0 10.48 32.09 1.9711
0 11.04 33.19 2.2647
0 11.58 34.81 1.8568
0 8.8 33.68 1.7794
0 8.83 29.3 2.4344
0 9.95 33.77 1.9215
0 12.2 39.29 0.5252
0 16.58 39.29 2.1862
0 12.15 35.4 2.342
0 8.25 31.54 2.7759
0 6.56 21.52 2.2668
0 7.12 23.18 2.5007
0 7.68 24.86 1.5212
0 7.74 28.19 0.9738
0 11.06 32.64 0.4029
0 12.16 35.95 1.2821
0 12.15 35.41 1.2017
0 16.71 34.39 2.0804
0 10.49 32.62 1.3594
0 11.02 32.07 2.2034
0 9.88 30.92 2.7692
0 5.46 18.73 1.9473
0 5.47 22.64 0.7885
0 6.6 26.53 0.5964
0 9.37 31.5 1.0764
0 9.92 30.94 1.6789
0 8.8 28.74 1.4512
0 8.81 28.74 1.1672
0 8.8 29.29 1.7742
0 8.82 29.29 1.5534
0 9.91 29.27 1.4256
0 9.91 27.62 1.3296
0 8.78 26.5 1.3256
0 8.24 26.52 1.1773
0 6.58 24.29 2.6897
0 6.57 21.54 1.1822
0 6.6 27.09 0.7019
0 7.75 29.88 0.9919
0 17.12 34.33 0.7264
0 10.52 34.86 1.2526
0 11.63 36.52 0.6547
0 12.73 38.72 0.5589
0 13.26 36.51 0.3474
0 13.25 33.73 0.5517
2.875 14.9 32.62 1.0973
7.525 14.86 32.6 1.533
9.175 11.53 25.36 1.5459
0.875 11.6 17.58 1.3234
0.475 7.11 17.63 0.7194
5.2 7.1 20.4 2.0395
0 6 19.83 0.7253
0 6.56 23.19 1.9221
0 7.16 25.4 1.7346
0 9.91 27.62 1.7808
0 10.47 27.64 2.2288
0 10.48 30.41 1.4706
0 10.49 32.06 0.5971
0 9.93 32.6 0.5079
0 9.92 31.48 1.0573
2.85 10.99 27.58 0.9398
1.425 7.66 20.41 1.1779
0 7.12 18.77 1.6065
0 7.13 22.13 0.886
0 8.77 24.28 1.83
1.925 7.66 20.96 1.5162
10.875 9.86 20.4 1.7578
37.425 10.97 15.95 4.9066
16 6.53 14.86 3.3905
0 2.12 16.51 1.5938
0 1.01 17.62 2.8851
0 0.49 18.19 3.4766
4.275 6.56 23.15 2.1874
5.6 8.2 22.59 1.8173
1.725 4.34 12.65 1.0045
0 4.34 19.84 1.839
0 4.9 20.97 2.9659
0 6.58 22.65 2.6915
0 7.7 28.16 1.7399
0 7.71 28.16 1.2098
0.025 8.23 28.13 2.0808
20 8.2 23.14 3.2349
10 2.11 12.08 2.4952
2.25 -0.65 13.16 0.6481
1.425 -0.07 14.28 1.6234
0.125 -0.63 13.17 2.3737
0 -0.61 14.87 1.4414
0 2.12 15.97 3.0321
0 2.16 16.56 1.7166
0 3.28 18.22 2.7172
0 3.81 19.87 1.3101
0 3.8 19.85 1.958
0.025 2.15 20.4 1.8268
20.8 2.15 20.36 2.3196
26.775 0.98 9.86 3.0875
21.6 -0.11 8.71 4.8386
12.475 0.44 5.43 3.0656
20.15 3.18 8.72 3.9696
8.625 -3.46 4.86 1.305
0 -4.01 7.63 3.2116
0.1 -3.98 9.27 3.3447
16.05 -3.39 12.58 2.6591
8.025 -0.7 7.06 2.3494
0 -5.66 9.26 2.4475
0 -5.62 8.73 3.0645
0 -2.29 11.5 2.2912
0 -1.75 14.83 2.6536
0.3 3.78 11.5 1.4437
1.25 5.43 14.85 2.3831
11.4 5.98 15.38 2.5364
5.4 5.43 18.7 3.5052
0 1.56 15.93 2.212
3.1 2.13 16.49 2.2133
3.7 4.89 12.64 1.2011
1.075 7.09 15.4 1.5176
0 4.88 17.03 0.4351
0 3.78 17.05 2.3266
0.05 1.59 17.59 1.355
16.175 2.14 11.55 1.8914
8.075 2.63 12.6 1.3981
2.95 -1.22 11.5 2.498
32.625 -1.21 10.96 3.5256
31.55 4.88 10.96 5.1193
66.9 8.16 12.07 5.7572
14.7 3.72 11.93 2.6169
6.75 2.65 5.43 2.7984
5.55 2.65 10.95 2.2078
2 5.4 9.85 0.5018
0.025 2.1 13.17 3.0925
17.675 1.56 15.38 5.45
8.825 1 14.28 2.1446
0.025 0.45 12.02 0.8514
43.8 0.45 12.58 2.3172
29.925 3.74 8.75 4.3914
3.975 -4.03 6.52 2.2718
0.925 -6.22 6.49 1.5468
17.15 -5.64 7.06 4.3923
16.675 -5.57 7.07 4.7763
4.175 0.43 7.07 2.4602
0 -2.32 7.63 3.1297
0 -2.32 11.48 3.7721
0 -2.31 12.57 4.9889
0 -2.85 10.39 3.4262
0 -2.85 12.59 1.7339
0 -2.86 4.89 1.3919
0 -4 2.15 3.0702
2.025 -2.31 5.47 3.4389
1.025 2.65 14.82 2.2846
1 1.01 14.83 1.6435
0.425 5.2 10.9 1.2307
0 -0.65 12.1 2.6552
0 1.59 12.64 0.7958
0 2.7 12.68 0.6987
0 2.69 9.4 2.4617
0 -0.07 8.3 1.5112
0 -0.62 13.23 4.111
0 -0.07 17.07 3.6763
0 -0.06 15.98 2.8729
0 -1.16 17.1 4.021
0 -1.16 18.17 1.847
0 -0.06 15.98 2.1331
0 1.02 17.63 4.9435
0 0.47 20.37 3.508
0 0.47 19.27 1.7877
6.875 -0.63 17.07 0.565
7.325 -0.63 13.74 1.7674
1.95 -1.2 9.83 1.3335
0 -1.2 9.87 1.7206
0 -3.42 12.63 3.0006
0 -3.39 12.65 2.0228
0 -1.19 12.65 2.5462
0 -0.05 13.83 1.6784
0 0.49 16.56 1.9451
0 2.14 18.22 0.6896
0 -1.19 19.28 2.3901
0 -2.86 13.18 3.4512
0 -2.85 13.18 3.6725
0 -1.74 14.3 3.8179
0 -1.2 18.19 2.8557
0 -1.19 20.95 1.1579
0.6 -1.19 19.84 3.8674
11.05 5.97 14.32 4.7406
11.15 4.83 13.72 5.7386
34.775 0.97 7.59 4.779
32.3 -0.11 6.5 2.6317
9.275 -0.67 8.18 3.1264
0.525 -2.36 8.16 0.6567
0 -2.34 9.83 1.176
0 -2.9 9.28 0.4917
0 -2.88 13.14 0.6766
6.975 -2.86 10.94 2.3337
17.725 -0.12 8.19 5.1992
7.1 -5.12 6.51 0.9494
0.6 -5.67 6.5 0.4313
0.025 -5.09 9.3 2.2765
2.425 -5.08 13.17 1.84
10.05 -3.38 13.2 3.8833
4.35 7.06 15.92 1.4012
0 -1.19 15.92 1.4532
3.875 -0.62 15.96 0.5766
22.525 3.22 18.7 1.7208
10.75 5.4 10.41 4.1636
0.225 0.44 12.05 0.6505
0 0.47 16.5 1.4987
0 3.78 18.18 0.9631
0 2.12 18.15 1.2004
0 2.11 14.85 0.5065
7.55 3.22 15.96 1.3287
4.3 5.98 15.41 1.3085
10.225 7.08 18.71 1.5318
7.875 7.62 18.7 2.4242
1.475 -1.21 12.61 0.9563
16.45 -1.21 13.72 3.6764
28.675 -0.1 11.49 4.7767
63.175 2.64 8.71 5.3645
30.85 0.44 6.52 2.3169
4.45 -0.11 9.83 1.4249
13.25 -0.1 12.06 5.1571
25.4 3.19 8.71 5.5328
18.975 0.42 5.99 3.8968
14.9 2.07 11.47 3.1258
5.1 3.75 8.2 1.5065
0.025 4.3 13.16 0.6997
0 2.66 15.41 1.3481
0 2.68 18.14 1.9557
0 4.9 20.4 2.4404
0 5.46 23.77 1.8679
0 7.1 25.95 1.0083
0 2.11 19.86 1.7359
0 2.66 17.66 1.8292
0 4.33 21.53 1.4222
1.675 3.77 22.06 1.7491
4.725 3.73 19.84 3.4541
1.95 -0.15 8.19 1.5967
0 -2.35 9.3 1.3085
0 -2.33 13.74 0.4526
0 -0.11 15.42 1.6141
0 1.54 16.53 1.501
0.45 1.55 16.52 2.6143
0.225 -0.67 12.08 0.5618
0 -1.21 15.99 0.76
0 1.57 20.97 1.4078
0 2.14 22.1 2.1422
0.45 7.11 22.63 2.5443
0.225 9.31 18.76 1.4654
0.6 9.3 19.3 1.9083
1.1 9.84 19.27 1.9788
0.375 3.21 17.08 0.8974
0 3.77 16.53 0.9556
0.3 5.43 18.17 2.0379
0.15 5.42 17.62 2.2239
0 2.1 18.18 2.5097
0 1.56 18.21 0.9765
0 2.12 20.42 2.2503
0 4.84 19.85 4.485
0 0.44 16.55 3.4465
0 0.48 20.41 1.7677
0 1.06 23.19 0.5002
0 4.9 25.39 1.0134
0 5.49 24.33 2.9642
0 6.61 27.65 0.862
0 7.14 29.84 1.4551
0 6.58 27.07 1.9211
0 7.09 21.52 2.7712
2.325 2.66 13.2 3.017
1.15 1 14.87 2.5141
0 1.6 22.06 1.7599
0 6.01 23.74 1.2069
0 6.02 24.86 0.7403
11.975 7.12 25.39 2.7941
8.7 3.74 14.86 2.6501
2.475 1.54 12.05 1.4244
18.525 3.21 13.71 3.4453
9.9 5.96 11.5 2.1286
0.45 2.66 14.86 2.9365
0 3.22 21.52 1.6699
0 6.58 24.29 2.1666
0 6 23.73 3.1813
0 4.88 21.52 4.4847
0 4.88 19.32 2.436
3.125 4.91 21.5 2.7093
1.55 3.22 18.74 2.1863
0 3.78 19.29 3.1339
0.95 3.79 19.83 4.0348
0.475 4.85 15.43 4.6289
0 3.23 17.08 2.761
0 3.25 19.84 2.5083
0 8.72 20.38 2.6762
0 3.21 15.4 1.601
0.5 3.22 17.62 0.7018
8.8 3.26 18.18 3.2971
15.9 11.55 15.78 1.043
8.025 8.73 20.38 3.3619
0.15 5.44 18.72 2.0865
0 6.02 22.07 2.9595
0 9.32 25.41 1.6587
0 9.35 27.08 2.6556
0 8.79 26.52 3.1469
0 7.68 23.21 2.7531
0 8.25 25.98 2.7158
0 11.56 28.77 2.1186
0 12.13 31.53 2.0667
0 11.02 31.5 2.5178
0 10.45 27.64 1.5571
0 11.01 28.74 2.8299
0 11.01 29.3 2.2382
0 12.12 29.31 0.5941
0 13.25 33.19 0.7258
0 16.01 35.96 2.5113
0 12.69 35.39 2.5666
0 9.92 31.52 2.4974
0 9.36 29.86 2.6343
0 9.91 29.3 2.4411
0 11.03 30.96 2.4394
14.9 11.57 30.94 2.3767
7.625 10.42 24.31 2.3829
0.075 8.75 20.99 2.3542
0 9.36 27.09 1.3727
0 13.76 32.08 1.0501
0 14.35 35.4 0.8853
0 14.36 36.51 1.5554
0 15.47 35.96 1.7208
0 16.03 35.95 2.5153
0 16.57 35.95 2.7721
0 14.9 34.83 2.0427
0 13.8 34.28 2.4543
0 11.58 33.18 2.229
0 10.47 32.06 2.4028
0 10.46 28.74 2.5519
0 11 27.63 3.1403
0 10.44 25.41 2.7452
0 9.9 25.41 3.3434
0 9.89 25.41 3.1709
0 9.89 25.98 2.0286
0 10.99 27.64 1.2146
0 11.56 28.75 1.9409
0 12.12 30.42 1.538
0 12.13 32.07 2.3082
0 12.67 32.64 2.7711
0 13.22 32.63 1.9182
0 14.32 32.63 1.9306
0 13.21 33.74 2.138
0 11.01 32.08 1.9109
0 11.01 32.09 1.6903
0 11.58 33.19 1.6046
0 13.23 34.85 2.4126
0 13.23 34.85 3.1102
0 17.09 34.3 2.1071
0 17.07 32.08 1.4802
0 14.34 33.19 1.8301
0 13.24 34.29 2.0895
0 12.13 33.73 3.0769
0 11.57 29.86 2.4097
0 12.13 30.97 3.084
0 16.28 31.02 2.51
0 11.56 31.53 1.8815
0 11.58 32.07 1.9996
0 11.04 32.09 2.2034
0 11.59 33.18 2.666
0 12.11 31.54 1.8392
0 12.69 32.08 1.3918
0 13.8 33.75 2.1006
0 10.49 33.19 1.5133
0 10.48 32.09 1.2807
0 11.02 32.64 1.8269
0 11.57 33.19 1.7625
0 11.58 33.18 2.6693
0 10.47 30.96 2.0413
0 10.46 29.86 1.5457
0 11.01 29.86 1.2208
0 11.59 31.53 0.9653
0 13.25 33.74 1.9723
0 13.8 33.74 1.2083
0 14.35 34.3 0.7835
0 14.36 35.4 1.0333
0 14.91 35.95 1.3946
0 12.7 35.41 1.7812
0 12.14 34.29 1.8065
0 11.02 32.08 1.7255
0 11.03 30.98 0.7503
0 11.6 31.53 0.7487
0 12.7 33.74 0.7894
0 13.79 33.73 0.9473
0 17.81 33.96 1.8626
0 11.57 33.75 0.7379
0 11.61 35.39 1.0032
0 11.61 35.39 1.0272
0 13.78 34.3 1.5782
0 13.77 34.3 0.8536
0.025 13.78 34.23 1.7256
0 12.11 27.06 1.6359
0 12.11 29.3 0.7715
0 12.66 30.95 1.482
0 12.67 30.94 2.4527
0 11.54 29.83 1.7059
0 8.8 26.52 1.7444
0 8.8 27.62 0.6338
0 10.46 30.43 0.356
0 12.13 33.75 1.0259
0 12.69 34.83 0.6951
0 13.25 35.38 0.5029
0 12.69 35.96 0.6274
0 14.32 35.94 1.5582
0 12.12 31.5 2.2266
0 8.78 22.1 1.9679
0 8.79 26.54 0.7559
0 11.03 30.43 0.615
0 11.57 33.18 0.9866
0 12.14 33.16 1.2737
0 9.91 28.74 2.2877
0 9.36 25.41 1.8087
0 8.78 25.4 1.9355
24.675 7.1 20.98 2.1788
15.2 7.63 19.27 3.6499
5.475 7.06 15.9 0.816
2.05 2.11 13.18 0.8961
0 2.13 17.63 1.2445
0 2.17 21.51 1.1941
1.75 6.58 23.7 1.544
0.875 10.45 19.29 1.6898
0 7.67 24.28 1.0042
0 7.68 26.53 0.7215
0 9.92 28.74 0.4819
0 10.44 28.19 0.9685
0 9.91 28.72 1.2042
0 10.45 25.97 1.5972
0 9.91 27.63 1.4179
0 9.89 28.71 1.0298
0 12.15 25.02 0.7212
0 8.77 24.86 0.7988
0 8.78 25.4 2.2893
0 8.25 26.52 1.6468
0 7.7 28.17 1.7433
0 7.67 26.48 1.3822
0 2.7 20.95 2.9168
0 2.15 19.31 3.1489
0 4.35 20.96 1.8423
0 4.36 22.07 1.0515
0 4.38 22.64 2.0677
0 5.47 24.85 0.4391
0 4.89 24.29 3.5403
0 2.71 22.61 4.0815
3.6 2.69 21.52 3.3944
1.825 2.08 19.83 1.7244
5.875 -2.33 11.49 0.5607
3.225 -2.31 12.03 1.4426
0.125 -1.78 10.95 0.8522
0 -1.76 11.51 2.0587
0 -0.63 14.85 3.0456
0 -0.63 16.53 3.0858
3.15 -0.04 20.38 3.6553
1.575 7.63 18.71 0.7881
0 4.88 15.98 0.2975
0 7.09 17.61 0.831
0 3.23 16.51 0.6643
0 2.68 18.18 0.9282
0 2.68 18.18 1.0206
0.45 2.13 18.16 3.164
3.25 -0.1 11.5 2.1463
1.65 -0.08 11.49 4.0475
0.075 -0.66 11.52 1.8754
0 -1.19 13.17 2.7161
0 -1.18 14.28 3.9453
0.3 -1.16 14.86 2.1317
0.125 1.57 12.63 0.6959
0 0.48 16.5 2.7637
0 0.5 17.65 2.2804
0 1.6 23.69 1.0226
0 1.05 18.16 1.6194
0 -0.62 18.76 3.8659
0 -0.65 16.52 7.8299
0 -1.74 15.4 3.4775
0 -1.76 13.76 4.1115
0 -3.42 13.74 2.7247
0 -3.98 12.08 3.4612
0 -3.97 13.18 3.005
0 -3.97 13.73 3.2885
0 -3.38 14.3 3.246
0 -3.38 13.21 4.198
0 -3.38 15.97 3.0598
0 -3.41 16.49 0.7346
0 -1.77 12.08 1.5435
0 -2.86 12.09 1.4296
0 -3.41 12.61 0.9628
1.375 -3.97 12.06 0.7779
0.675 -3.42 9.86 5.1239
0 -3.37 11.04 4.4368
0 -3.39 15.42 2.611
0 -3.39 14.28 4.4033
0 -3.4 12.1 4.2017
0 -3.97 12.09 3.4198
0 -6.18 13.18 4.4924
0 -6.13 13.2 3.9387
0 -5.58 11.01 4.8896
0 -5.57 15.97 3.4033
0 -3.92 17.07 1.262
0 -3.92 14.87 1.087
0 -3.35 14.89 1.1334
0 0.51 15.45 0.8562
0 -0.04 15.43 1.2564
0 -2.27 14.85 2.3613
