1.325 6.02 8.2 1.4601
2.825 7.08 8.8 0.8853
0 0.76 10.47 2.1853
0 -2.26 10.93 2.663
0.775 3.37 9.46 1.6595
0.025 1.83 9.73 0.3331
0 0.51 9.35 1.3697
0 2.04 11.49 1.3348
0 1.66 13.75 3.554
0 0.46 14.91 3.5092
0 0 15.93 2.4917
0 0.97 17.73 4.8668
0 1.23 20.12 4.2142
0 1.01 19.55 3.7974
0 0.97 19.94 3.6574
0 2.76 20.05 4.7666
0 2.12 19.96 3.7939
0 2.59 20.47 4.2718
0 0.68 21.07 4.5976
0 1.69 20.43 3.1618
3.425 5.23 15.07 2.5425
9.8 10.31 14.37 2.023
12.525 11.26 13.62 1.6794
1.325 10.19 16.59 1.5581
6.875 6.06 14.26 3.032
0 4.23 13.39 1.5515
0 1.48 13.15 0.8902
0 1.04 14.33 1.5299
0 1.37 15.88 3.5265
0 1.87 18.18 4.011
0 2.22 19.35 2.2504
0 2.68 18.15 2.362
0 2.47 20.05 3.9939
0 2.63 20.37 3.7613
0.275 2.89 20 2.9489
5.75 9.34 16.3 3.299
2.975 9.12 15.52 3.2686
0 7.31 16.62 2.2984
1.6 4.53 16.53 1.1576
0 4.27 13 2.7624
1.475 0.64 13.27 0.3315
3.5 5.99 13.79 2.2173
1.3 5.57 13.19 1.2756
10.675 5.94 11.18 2.8294
0.2 6.61 13.73 3.7283
3.95 8.89 12.22 6.9259
10.525 8.65 13.41 5.3336
5.5 8.16 12.46 4.4152
0.15 3.33 15.4 1.9129
0 4.13 17.97 3.4938
0 4.91 18.13 2.6629
0.475 4.53 16.11 3.4151
2.175 12.13 15.93 4.5103
10.775 7.96 18.77 3.3392
0 8.27 18.93 1.4542
0.05 9.6 18.76 1.732
0.675 9.36 19.13 1.9628
0 5.77 17.26 0.7426
0 6.66 17.73 3.3546
2.275 12.13 16.48 3.4014
2.575 11.2 19.45 4.5119
2.75 9.91 16.02 5.0196
3.25 5.41 15.29 2.3667
0.1 3.44 15.36 1.2672
0 4.75 15.36 1.8979
0 3.75 16.67 0.4064
0 3.24 18.75 1.6433
0 4.81 14.01 3.007
0 1.38 14.91 1.0659
0 1.63 17.28 0.5429
0 5.38 19.55 1.495
0 4.56 21.38 1.3787
0 6.67 16.52 1.606
0 8.24 20.51 2.1883
0 8.75 21.56 2.5534
0 9.68 21.48 1.1645
0 9.49 22.58 1.8066
0 10.13 25.55 2.0606
0 10.29 24.27 1.6979
3.525 8.77 19.36 1.4638
1.125 6.9 16.08 3.5657
0 4.84 15.88 2.7039
0 2.79 20.56 1.9815
0 5.45 23.02 1.6573
0 9.88 25.17 2.4847
0 11.31 25.19 1.6251
0 9.73 26.91 1.5818
0 11.04 21.36 4.1177
0 7.82 20.63 2.4173
0 5.55 23.48 1.1886
0 11.25 25.35 3.5939
0 8.52 22.96 2.96
0 8.18 20.77 5.1125
0 5.74 20.64 1.7969
0 4.9 25.49 2.0867
0 6.7 28.48 1.5589
5.55 9.75 20.92 1.2788
0.575 9.52 18.9 2.5237
3.825 10.31 16.05 1.8216
1.575 9.9 18.48 2.422
0 6.18 20.7 3.7352
0 8.54 24.34 1.9741
0 10.39 23.9 3.0132
0 8.67 18.01 5.6593
0 7.29 18.62 5.2707
0 5.65 22.44 2.8926
0 7.41 26.23 1.7482
0 10.88 28.94 1.9211
0 11.75 33.71 1.9329
0 14.57 35.63 1.5069
0 14.91 36.26 1.4856
0 15.4 36.87 1.4639
0 13.4 28.13 1.7836
0 9.44 22.48 2.906
0 5.98 23.72 3.2751
0 5.47 23.16 2.399
0 7.97 22.61 2.2688
0 5.62 19.21 2.8468
0 6.25 21.7 2.1107
0 7.62 23.57 2.0801
8.025 13.63 22.29 1.7322
0.775 13.54 20.55 2.6249
0.15 14.31 22.52 3.2808
0.05 13.96 25.96 1.8277
0 16.57 27.84 3.2554
0 13.41 29.65 1.4823
0 12.57 29.16 3.4207
0 13.73 30.08 2.7276
0 12.52 31.59 2.7311
0 14.3 32.95 2.3359
0 14.91 32.15 3.3609
0 12.49 28.67 3.557
0 12.97 30.17 3.5138
0 15.29 30.27 3.2136
0 15.12 33.13 2.9862
0 15.38 37.57 1.3704
0 18.84 41.08 0.2051
0 20.27 38.38 1.7866
0 17.07 33.28 2.0359
0 13.28 30.41 1.4981
0 13.61 33.57 1.3948
0 13.55 33.05 2.3113
0 12.48 29.51 2.8947
0 11.23 26.55 2.8041
0 11.02 30.24 2.7169
0 14.6 34.37 2.3318
0 17.87 36.7 1.4439
0 18.16 36.1 2.3203
0 16.37 33.38 2.2755
0 13.76 30.5 2.448
0 13.67 30.53 2.4368
0 13.38 28.67 2.7011
0 15.6 28.58 2.4074
1.6 16.59 29.29 0.9262
1.025 14.23 27.39 2.2567
0.975 14.41 22.93 2.4713
0 13.37 26.05 1.5606
0 13.05 28.43 2.5066
0 13.97 29.51 2.6
0 13.15 27.04 3.2378
0 14.64 26.45 2.8768
0 13.37 27.37 3.4163
0 13.95 26.99 2.7361
0.5 15.65 27.47 3.1355
0 14.37 27.58 2.1695
0 14.21 26.48 2.4186
0 14.19 30.2 3.038
0 15.08 30.34 3.3444
0 16.51 35.52 2.7866
0 17.66 34.83 3.4266
0 13.25 30.48 3.5657
0 11.9 28.44 3.663
0 14.47 32.57 2.2837
0 15.48 36.05 1.2553
0 17.24 37.8 1.8352
0 15.56 35.41 2.5988
0 15.17 34.31 1.991
0 17.87 39.52 1.3451
0 21.62 43.13 1.174
0 22.49 42.31 2.3605
0 18.37 38.47 2.3461
0 17.92 36.41 2.1372
0 16.51 36.69 1.9434
0 16.41 36.8 2.4986
0 16.48 34.12 2.3262
0 15.84 32.47 2.4957
0 12.71 31.87 2.433
0 13.4 32.87 2.4882
0 14.76 32.4 2.8947
0 15.77 31.67 2.9331
0 13.88 32.05 2.3935
0 18.3 32.12 1.9912
0 19.09 33.44 2.4417
0 16.78 35.77 2.1972
0 17.62 38.31 1.1189
0 18.4 39.31 1.5455
0 20.18 39.31 1.5454
0 19.45 39.73 1.5577
0 20.65 40.22 1.8913
0 21.52 41.23 1.5141
0 20.24 38.86 2.4232
0 17.81 36.2 2.5708
0 16.82 34.52 2.688
0 15.77 34.69 2.2487
0 14.59 32.22 2.1563
0 13.35 33.41 2.1959
0 17.09 37.23 2.0073
0 19.2 38.52 2.2052
0 18.24 35.42 2.6018
0 16.49 33.54 3.0144
0 15.38 32.19 2.8687
0 15.53 33.09 3.2511
0 17.16 34.13 2.8814
0 14.69 32.19 2.5968
0 14.65 30.52 2.0701
0 14.72 31.84 1.7841
0 15.77 31.52 1.9951
0 14.1 27.03 2.5229
0 14.5 28.62 1.9446
0 15.43 32.97 2.1268
0 16.91 35.63 1.6394
0 18.33 37.97 1.434
0 19.21 36.18 2.7875
0 17.71 36.99 2.9999
0 18.83 35.23 3.3963
0 16.9 31.57 3.224
0 13.49 32.83 2.0684
0 14.6 35.26 1.2756
0 15.9 35.5 1.4358
0 16.27 35.43 0.9811
0 17.2 34.86 1.4321
0 14.69 32.47 2.4874
0 15.6 36.02 1.9967
0 18.7 36.4 2.1017
0 17.71 33.8 2.1713
0 13.25 32.17 1.5665
0 13.8 33.44 1.5039
0 15.84 34.17 0.4404
0 16.46 36.51 1.8337
0 16.28 37.9 2.3015
0 19.13 39.63 2.0931
0 18.25 38.33 2.1989
0 16.6 32.43 1.1453
0 16.31 34.96 0.6745
0 20.46 36.4 1.0808
0 20.56 38.34 2.2981
0 16.41 35.25 2.7853
0 13.45 31.17 2.1753
0 15.38 28.97 2.4685
0 14.49 30.33 2.664
0 13.79 31.97 1.2101
0 15.12 33.73 1.2944
0 16.78 36 0.7742
0 17.35 37.69 1.4441
0.575 17.16 31.29 2.3846
0.575 14.69 27.07 1.8089
3.875 15.33 26.12 2.2677
0 14.23 29.05 2.1093
0 15.66 31.44 2.4113
0 15.13 33.18 1.7176
0 15.77 36.16 0.6742
0 17.95 34.64 1.6125
0 17.08 33.42 1.1732
0 16.73 35.72 1.3698
0 16.94 36.97 1.6509
0 15.45 37.25 1.2594
0 15.59 35.84 0.9366
0 14.58 35.72 0.8507
0 14.73 37.04 1.0464
0 16.06 37.32 0.3232
0 17.59 32.67 1.6012
0 13.54 24.06 2.756
0 9.76 24.64 2.7221
0 10.95 26.58 2.192
0 8.34 28.08 1.2033
0 10.08 24.99 3.4944
0 7.36 20.33 3.3412
0 7.3 21.62 0.5352
0 6.68 23.7 1.823
0 8.55 26.9 0.9026
0 9.46 25.06 1.4406
0 9.06 25.05 0.6525
0 9.46 25.43 0.4882
0 9.46 23.01 1.594
0.025 9.02 20.82 2.0778
24.825 12.99 18.6 7.1036
0.95 15.35 24.03 4.052
0 17.05 25.93 1.3949
0 15.93 25.88 2.5257
0 14.02 26.76 1.6545
0 15.74 26.11 1.709
0.2 10.66 19.85 1.7364
0.075 10.8 21.76 1.2055
0 9.8 23.06 1.3127
0 10.98 23.77 1.4001
0 11.16 25.4 1.7136
0 11.24 26.15 1.7934
0 11.88 25.6 1.5078
0 10.08 27.25 1.353
0 11.75 20.09 5.1777
0 8.63 17.94 4.8434
0 5.51 18.81 0.9724
0 5.14 21.55 0.5105
0 6.24 22.87 1.0253
0 7.91 23.89 1.2664
0 7.61 25.4 1.2233
0 8.09 25.02 1.1939
0 8.3 24.88 1.9139
0 8.83 22.07 2.7239
0 8.41 23.33 0.5159
0 9.74 20.4 2.1437
0 5.84 19.05 2.1291
0 3.86 18.15 1.0068
0 7.52 17.87 1.1008
0 8.01 17.39 1.2024
0 8.33 17.9 2.4442
0 4.68 16.79 1.6907
0 3.51 16.71 1.3483
0 0.64 17.73 2.1384
0 0.98 18.73 1.601
0 1.49 19.22 0.7054
0 6.06 17.1 2.759
0 0.19 15.8 1.8634
0.25 3.48 17.72 3.0124
0 2.81 12.82 1.4713
0 1.29 17.78 0.4798
0 3.45 15.3 1.5865
0 1.56 17.73 2.9311
0 1.12 19.84 3.0427
0 2.44 20.09 1.8955
2.25 5.73 15.05 1.4919
0 7.22 19.44 5.4469
0 0.96 16.07 4.344
0 0.61 17.62 3.4453
0 0.64 17.06 1.063
0 0.08 15.91 1.2588
0 0.83 14.61 1.232
0 0.16 15.5 1.4952
0 1.19 12.08 1.0844
0 -4.31 9.53 1.2837
7.775 -1.8 8.65 0.7365
0 -3.8 8.32 0.2253
0 -2.38 7.93 1.804
1.125 0.81 9.29 3.3825
5.675 5.29 11.15 3.3121
5.1 9.74 13.33 4.0334
1.825 7.41 13.8 3.1589
0 5.22 14.99 0.5376
0 5.13 14.95 3.4706
0.725 7.92 14.94 2.9226
0.05 7.26 12.54 2.0167
0 6.68 11.65 2.3932
0 5.08 11.71 3.735
0.025 4.62 13.38 2.6863
2.025 7.22 12.92 1.6121
0 5.46 12.22 3.8195
0 1.66 10.69 1.7613
0 -1.06 12.27 3.5389
0 -0.55 14.44 3.8345
0.275 1.84 9.95 3.9457
3.925 5.6 14.35 2.2139
1.2 6.11 8.33 2.6671
0.675 3.33 12.13 0.7675
0.2 7.82 14.82 1.2265
0 6.75 11.8 2.7034
0 6.34 14.49 2.2472
0 5.04 12.32 1.072
0 7.87 10.05 3.6302
0 2.81 13.03 2.9048
0 4.81 9.91 3.0049
0 4.55 9.11 2.9662
0 3.08 8 2.1942
0.25 4.98 8.83 2.6602
0 6.67 9.44 2.5069
0 5.64 8.24 2.3119
0 6.05 9.47 3.1907
2.125 6.12 16.3 4.9731
13.1 8.11 16.51 2.0778
0 5.29 15.7 0.9781
0 4.91 11.11 2.958
0.025 7.69 12.64 3.106
10.525 7.27 12.82 2.9764
13.75 9.4 14.91 5.2398
23.2 7.53 13.14 5.6339
16.1 8.41 13.23 6.4063
15.425 5.68 9.87 3.4343
2.8 3 10.3 2.9152
1.375 2.86 12.78 1.1258
0 2.31 10.05 2.5874
2.7 6.73 11.33 4.8197
2.175 7.48 11.69 2.9314
0.1 5.48 13.63 0.9585
0 2.72 14.01 2.1159
0.65 5.29 15.77 2.97
0.7 6.15 15.6 0.8297
0 3.75 12.31 1.2963
0 2.87 15.46 1.7407
0.15 6.48 12.61 2.174
0.05 4.39 16.67 0.6243
2.525 7.69 14.92 3.3449
1.225 10.57 15.88 3.2695
7.7 9.3 12.27 1.5638
0.275 6.89 13.33 2.4735
1.425 7.18 14.71 1.0552
9.2 7.44 12.33 0.6275
0.125 3.55 14.98 0.8864
0 7.06 15.12 1.1873
0 5.8 18.08 1.6755
0 5.22 17.77 1.1029
0 4.07 18.8 1.4
0 4.53 19.91 1.621
0 6.48 20.01 1.9645
0 6.45 20.58 2.1777
0 7.05 18.98 0.6848
0.025 9.9 14.95 0.89
0 6.7 15.04 1.9108
7.25 7.26 11.62 2.5085
0 5.7 14.96 1.6352
29.45 6.23 11.19 3.7099
3.75 9.29 15.47 2.3698
0.025 8.25 17.09 0.9245
4.65 8.84 18.16 4.6072
2.075 9.19 15.04 0.9118
1.1 4.53 18.2 0.559
0.45 6.09 18.3 1.6862
3.225 7.6 15.04 2.8176
11.825 6.41 12.02 3.1674
0.7 5.05 13.83 2.2812
0 2.23 13.98 0.966
0 8.06 17.13 2.1313
0.075 4.76 17.99 1.4362
0.05 5.06 13.83 2.8536
0 3.61 13.04 3.5957
2.275 4.39 12.82 2.4007
0 1.16 17.23 0.1716
7.525 5.08 13.79 1.9913
0 3.28 13.98 2.5802
0 3.33 16.8 2.1197
0 3.59 19.81 2.9351
0 6.26 23.77 1.2954
0 10.66 23.69 1.587
0 9.08 23.58 2.8044
0 6.12 24.48 2.189
0 6.87 23.88 1.2662
0 8.15 21.71 0.5482
0 8.77 20.51 2.3571
0 8.07 22.62 1.3579
0 6.08 24.2 1.0049
0 6.68 19.3 2.0324
0 5.05 18.59 2.1873
0 4.58 21.62 1.7562
0 6.63 25.66 0.7587
0 7.84 24.36 2.4297
0.7 8.43 17.13 4.3359
0.8 6.05 15.75 2.293
0 5.45 16.61 0.9653
1.95 4.58 14.76 1.8092
0 4.59 14.78 1.5872
8.425 4.01 13.62 2.8667
3.975 6.58 15.54 2.2619
0 3.79 18.06 1.0187
0 4.53 21.23 1.7977
0 7.02 22.12 1.9557
0 8.62 22.32 1.684
0 8.13 18.35 2.0718
12.275 8.66 14.75 5.1511
2.95 7.65 16.01 3.8919
0.05 5.24 18.11 1.1545
0 7.01 19.31 0.8368
0 6.94 21.92 1.0863
0 9.79 22.65 1.0193
0 9.15 23.76 1.5417
0 8.01 26.33 1.2409
0.675 11.44 25.55 1.249
17.825 8.04 16.75 2.184
5.5 7.16 11.9 3.7799
0.35 7.61 16.27 2.5979
0 6.32 22.34 1.4277
0 9.09 24.8 1.7423
0 11.34 28.08 1.4828
0 8.59 28.74 1.1436
0.225 10.09 21.61 3.6228
1.15 6.96 16.89 4.0087
0.025 5.99 18.59 3.4396
0 8.37 21.06 3.6465
0 9.68 25.19 2.5521
0 11.87 27.66 2.3415
0 9.51 31.19 1.453
0 11.95 27.31 2.6566
0 10.87 24.43 4.2656
0 9.75 23.88 2.8438
0 8.28 26.74 1.506
0 10.16 24.69 2.753
0 9.78 20.06 3.4477
2.7 7.84 16.66 2.5704
0.025 5.36 21.23 3.2864
0 8.33 26.02 2.3335
0 9.72 28.18 1.4861
0 11.27 29.27 1.368
0 11.23 29.88 1.1188
0 12.49 27.58 1.3108
0 11.79 20.52 1.8739
0 13.83 23.62 1.0224
0 11.94 24.23 1.392
0 10.08 24.87 3.646
0 10.21 20.94 4.2333
0 6.91 19.15 3.5177
0 8.44 22.38 4.2654
0 8.42 22.15 2.1711
5.425 9.66 21.54 1.6853
3.575 10.76 22.54 2.232
5.2 9.74 19.82 2.0072
0 7.94 21.58 2.7748
0 12.44 27.41 2.3861
0 12.33 31.27 1.7915
0 16.13 30.11 2.6172
0 14.13 26.4 3.0512
0 13.4 30.87 2.2183
0 16.7 30.22 2.0978
0 18.16 31.4 2.1193
0 17.59 33.48 1.8453
0 18.15 33.84 2.7308
0 15.81 30.84 3.4058
0 13.92 30.87 3.2013
0 13.83 27.71 3.3654
0 12.61 25.47 4.7835
0 15.79 29.63 5.1508
0 16.46 32.94 3.3776
0 16.02 35.67 1.2068
0 15.69 36.6 2.0529
0 14.13 31.18 2.8312
0 12.66 29.43 3.4267
0 12.75 31.92 2.4762
0 13.34 28.68 2.7216
0 10.62 26.5 2.9905
0 9.9 28.25 3.0378
0 12.72 31.27 2.514
0 13.88 34.15 1.6454
0 17.95 35.36 2.5449
0 15.41 31.86 2.4089
0.475 13.8 29.52 3.0133
0 15.34 33.42 2.9202
0 18.94 37.27 1.8668
0 20.34 39.7 2.0734
0 19.92 36.9 2.8399
0 16.63 34.09 3.0632
0 11.99 31.84 3.1452
0 14.16 31.23 3.3173
0 16.47 33.38 3.0518
0 16.13 36.19 1.3983
0 16.76 35.87 2.0583
0 14.67 32.01 2.7394
0 13.16 32.68 2.5869
0 14.12 33.54 2.9224
0 14.76 34.58 2.5923
0 16.27 37.74 1.9219
0 16.83 36.11 1.9531
0 16.99 33.87 2.8583
0 14.94 32.37 2.7092
0 16.76 35.56 1.9391
0 20.68 38.48 2.0476
0 22.05 39.35 2.7307
0 20.34 38.81 2.5539
0 18.81 39.1 2.5489
0 17.34 37.44 2.3787
0 15.6 34.23 2.0857
0 14.95 32.22 1.9167
0 12.61 34.05 1.2046
0 15.53 35.38 2.3674
0 16.71 36.28 2.3162
0 17.23 34.44 2.79
0 14.6 31.16 2.6494
0 13.72 30.41 1.9266
0 12.58 30.43 2.1494
0 13.01 32.92 2.318
0 14.49 33.72 2.3911
0 14.45 33.65 2.1928
0 13.87 33.69 1.8759
0 14.35 34.73 2.1665
0 14.95 34.87 1.5642
0 15.91 34.27 2.079
0 13.81 32.29 2.1411
0 14.22 33.38 2.0744
0 14.02 32.79 2.3933
0 15.53 31.29 2.4806
0 14.23 31.4 1.6886
0 14.98 31.95 1.7521
0 13.49 28.41 1.9454
0 13.05 31.06 1.4869
0 16.88 32.51 1.9339
0 14.27 31.19 2.5896
0 13.61 31.84 2.9032
0 14.91 35.46 1.7451
0 15.74 32.96 1.5724
0 13.98 31.4 1.4856
0 13.87 33.49 2.0959
0 15.38 34.24 2.2567
0 14.4 29.42 1.6332
0 12.24 29.77 2.2011
0 14.53 34.03 2.2144
0 16.22 38.77 1.3666
0 17.97 41.41 0.4181
0 18.31 35.73 1.6723
0 14.94 32.13 2.3418
0 11.29 25.99 2.5685
0 12.55 27.09 2.4854
0 12.13 27.58 2.665
0 12.94 30.55 2.0566
0 14.18 32.19 1.4894
0 16.42 35.79 0.1959
0 17.07 36.87 1.3333
0 16.1 35.28 1.1418
0 15.47 33.77 2.5362
0 18.24 34.32 1.2633
0 15.7 33.05 1.6472
0 14.27 28.61 2.5072
0 11 24.47 1.9739
0 12.43 26.4 1.2182
0 13.06 30.89 0.5144
0 13.29 32.69 1.1198
0 12.99 30.65 1.4666
0 10.09 28.48 1.4399
0 10.65 30.1 1.8142
0 13.32 31.43 2.2077
0 14.88 30.61 1.5962
0 14.27 29.11 1.1315
0 13.09 27.62 1.0824
0 13.13 28.24 1.846
0 12.41 27.98 1.8456
0 11.59 25.5 2.5495
0 10.26 26.97 1.7549
0 11.33 29.33 1.2193
0 13.32 32.71 1.4019
0 15.33 35.56 1.7612
0 14.74 35.82 1.561
0 16.76 37.01 1.0453
0 17.88 37.48 0.7115
0 16.05 36.61 0.6604
0 15.13 32.78 0.9699
0 16.72 33.67 0.497
0.625 15.59 32.2 1.0105
0 12.08 25.38 2.07
0.025 12.96 22.14 1.8059
0 10.48 24.76 0.6872
0 11.59 25.16 1.3661
0 10.84 25.81 0.7713
0 11.9 27.74 2.139
0 13.56 30.86 2.0506
0 14 30.11 2.4038
0 14.72 31.99 1.7643
0 14.55 32.54 1.0732
0 15.06 35.32 0.3876
0 14.34 34.35 0.194
0.6 15.93 31.07 0.768
2.35 12.23 25.47 1.0212
0 9.82 23.71 1.5365
0 11.63 25.07 1.5556
0 11.9 27.27 0.7199
0 9.9 24.51 1.5956
0.575 9.83 21.41 1.3052
6.875 12.99 20.56 1.9667
3.975 13.11 19.62 4.5506
0.575 11.07 19.87 2.9373
0 9.12 19.65 1.9814
0 5.75 19.96 2.3367
0 8.79 24.89 3.6
0.875 10.06 20.93 2.5315
1.55 11.42 18.13 1.7681
0 9 22.62 1.2789
0 8.48 22.98 1.8793
0 9.28 25.09 2.5014
0 9.31 26.22 1.9942
0 11.25 26.91 1.3088
0.1 12.17 27.24 1.3141
0.425 10.85 24.19 1.7199
3.275 8.29 22.08 2.9586
0.05 6.82 16.93 2.449
0 5.3 18.43 0.3515
0.075 8.23 19.6 1.7211
0 7.74 18.52 2.3081
0 4.09 19.5 1.3244
0 5.9 18.61 2.9115
0 6.54 22.27 2.1243
0 7.08 23.15 3.0149
0 4.98 21.76 1.7462
0 4.93 22.68 1.1882
0 4.08 21.93 1.1113
2.575 5.73 17.11 1.4371
10.25 5.6 13.12 2.5798
3.75 5.71 13.53 3.8895
0.75 6.06 14.03 2.2219
1.4 5.2 12.69 3.0356
0.325 1.65 12.33 1.6697
0 0.08 10.98 2.2927
0.35 -0.81 12.19 3.0591
3.325 4 9.74 2.0108
0.075 2.7 11.73 2.1859
0 0.22 11.92 2.2508
0 -0.14 11.55 2.8792
0 0.71 12.19 2.098
0.075 1.64 12.26 2.6886
0.05 5.11 11.98 1.116
3.5 8.13 16.65 3.1424
5.375 9.05 17.78 3.3495
0.6 4.98 15.33 3.7831
0.4 5.45 17.65 1.8734
2.525 6.79 16.03 2.4862
1.45 10.4 18.4 1.497
0.05 10.43 18.39 1.502
0 11.96 16.62 0.4181
0 12.03 15.21 2.4485
0 11.03 15.4 1.3616
4.2 10.99 12.76 1.5896
0.875 4.03 13.31 1.1457
3.175 1.02 11.11 1.9328
5.3 3.43 11.05 3.6141
5.975 8.37 14.13 5.0662
7.425 10.74 16.43 5.3227
3.525 8.95 14.51 2.7681
1.35 4.49 14.1 3.4109
5.925 6.94 14.22 1.7888
0 7.01 15.59 0.4566
0.2 4.98 12.42 3.2495
8 7.11 13.55 5.547
0.625 4.44 16.2 1.9573
0.275 5.57 12.86 0.4379
7.1 6.03 11.31 1.8225
3.975 2.84 13.02 4.1394
0 1.03 11.09 2.2993
0.25 -1.07 10.41 1.2593
8.975 4.85 10.39 4.6978
14.45 5.51 9.37 4.7361
1.275 -0.94 11.72 2.0868
5.875 0.8 10.36 2.7617
0.05 -0.5 9.27 3.3783
0.025 1.07 5.93 4.0778
0 3.33 5.65 2.1879
0 2.68 5.24 1.0248
0 0.43 5.96 2.0388
0.9 -1.12 7.75 2.4508
1.85 0.35 9.02 3.5806
0.35 3.61 10.96 2.8136
1.35 3.26 12.56 1.2565
0.15 5.9 12.62 1.1543
0.1 4.75 13.39 2.6026
0.075 8.01 11.43 1.2933
0 8.72 11.27 1.1992
0.075 6.11 15.89 2.7335
0 4.25 13.58 2.1601
0 2.4 15.36 3.6262
0 2.07 16.07 3.0944
0 3.84 16.68 2.4255
0 3.8 17.02 3.9089
0 2.21 17.78 1.2493
0.05 3.42 15 1.7052
0.175 3.52 13.03 4.5881
0 4.44 9.99 3.5029
0.075 3.93 9.82 1.4531
2.025 4.35 9.34 0.5374
4.4 6.09 13.24 1.7158
1.4 3.52 14.65 1.1092
0 1.99 14.64 1.2492
0 1.97 16.63 3.0422
0 0.65 15.69 1.825
0 1.53 16.39 2.0376
0 3.58 19.07 1.8553
0 6.89 21.93 2.132
0 3.87 21.28 1.1979
0 5.76 21.03 2.9142
0 2.63 15.89 2.9279
0 1.15 16.79 3.388
0 1.17 17.8 3.6528
0 3.1 21.14 3.0698
0.05 3.54 20.91 0.8742
1.6 4.47 18.89 4.2113
2.875 4.88 17.6 4.848
5.125 2.11 16.03 5.0287
13 4.62 11.3 4.6457
14.675 0.6 9.34 2.143
3.525 2.57 10.99 1.9189
0.5 3.06 13.64 0.5973
0 3.24 13 0.8635
2.925 1.71 14.92 0.7577
0.475 1.56 15.37 1.1289
4.85 2.58 11.89 1.9647
13.8 0.26 12.29 4.4556
2.7 0.52 10.39 1.2326
0 -0.09 12.94 0.3736
0 -0.35 13.85 2.1828
0.5 1.81 16.42 2.0251
1.025 9.02 18.38 4.2018
0.4 7.57 19.13 1.209
0 5.76 23.45 1.2476
1.875 9.13 21.43 0.8303
3.65 11.11 17.08 1.7915
1.125 9.29 19.11 4.1417
0.225 9.9 17.51 0.6499
0 7.3 17.9 1.3412
0 6.84 19.81 0.7338
0 6.22 19.13 1.615
0.225 7.26 19.22 0.466
2.1 9.08 20.27 1.6758
1.725 12.88 21.13 1.4801
2.25 10.96 22.2 1.7383
2.625 10.74 22 1.8967
0.525 4.45 17.11 0.7003
9.375 6.66 16.69 3.762
8.8 5.64 11.48 4.607
10.275 9.06 13.61 4.4566
7.875 5.93 13.87 2.0415
2.175 3.9 15.79 1.9228
3.975 8.22 14.54 5.4105
12.675 7.91 14.24 5.2673
4.95 6.39 13.57 3.3066
7.775 7.95 13.73 3.085
0.475 6.29 17.66 1.2991
0.025 9.27 15.87 1.1201
0 6.59 18.98 2.0538
0 10.25 24.83 2.394
0 11.64 23.9 2.4872
0 10.8 27.66 1.7701
0 14.49 27.25 1.7173
0 9.13 20.3 2.2169
0 7.73 23.41 1.5163
0 9.36 23.95 2.0493
0 9.62 22.72 2.6718
1.7 6.93 19.63 3.5483
0.275 2.01 14.9 1.8092
0 2.68 17.65 1.5116
0 4.15 20.61 0.6337
0 6.5 20.02 1.9518
0.05 5.28 20.34 2.2182
0.35 5.51 17.74 2.4752
0 5.61 18.69 0.8127
0 6.65 22.37 0.7876
0 10.14 25.24 1.9647
0 12.64 26.34 2.3688
0 13.24 24.12 2.3148
0.025 13.57 21.83 1.4659
0.125 13.42 23.44 1.9816
0.075 11.58 21.69 1.9199
0 8.93 20.39 1.2255
0 8.8 20.87 0.843
0.325 10.55 22.1 1.6244
0.175 10.61 22.62 2.0009
0 8.43 22.17 3.0643
0 6.88 23.38 1.6844
0 7.47 24.14 2.5103
0 8.45 22.85 4.9656
0 9.47 22.93 3.6228
0 10.58 26.04 1.619
0 11.37 28.45 0.7245
0 11.09 28.86 1.6577
0 13.65 31.44 2.8678
0 14.16 34.36 1.2378
0 13.43 32.36 1.8899
0 10.58 27.81 2.0492
0.025 10.93 22.8 2.7439
0 7.21 22.13 3.2339
0 10.09 24.16 2.7886
0 8.39 26.26 2.0069
0 9.53 25.33 1.6979
0 10.05 27.26 1.5425
1.95 9.77 22.3 2.4737
4.975 8.4 15.7 2.2993
1.725 8.2 16.84 1.9732
1.175 10.07 16.28 3.1836
1.35 10.27 18.17 2.2148
0 9.58 23.51 2.8722
0 10.66 26.95 2.0377
0 11.62 27.4 2.6338
0 10.88 26.34 3.6672
0 10.27 23.51 4.7511
0 9.54 23.56 2.7514
0.275 11.03 22.28 2.4043
0 10.22 21.08 2.0485
0 11.07 22.37 2.8149
2.225 11.13 21.83 3.9143
0.6 8.63 23.73 4.7278
0 10.08 23.44 2.5375
0.2 11.34 22.92 2.1733
1.725 11.04 20.57 2.3532
0.125 8.51 21.16 1.6019
1.7 8.61 21.48 0.6336
11.7 12.14 19.64 4.0766
14.15 13.15 19.75 0.9351
9.125 13.14 23.29 2.8387
0 12.25 23.4 2.5377
0 12.31 27.28 3.0635
0 12 29.18 2.103
0 12.37 28.97 3.2843
0 11.16 27.37 3.4255
0 12.61 27.81 2.868
0 13.57 31.41 2.8397
0 15.93 33.11 2.9328
0 17.27 34.95 2.714
0 14.81 34.7 3.0542
0 14.42 31.49 2.3529
0 13.05 32 2.6763
0 15.71 32.9 2.5744
0 18.7 36.07 1.0272
0 19.17 37.13 1.0706
0 20.01 38.74 2.4461
0 15.8 36.38 2.4385
0 11.93 32.46 2.5502
0 12.22 32.19 2.7836
0 13.48 31.79 2.8146
0.35 15.09 33.31 2.9311
9.1 16.54 30 2.0366
2.575 13.86 25.09 2.3169
0 13 26.63 2.6306
0 15.41 31.74 2.4041
0 17.52 37.72 1.8852
0 19.08 36.12 1.6917
0 20.41 38.04 1.7697
0 18.67 38.22 1.6061
0 21.1 38.69 2.3583
0 18.38 37.91 2.3436
0 16.85 37.18 1.8744
0 15.21 36.82 2.5251
0 12.19 32.88 2.5074
0 12.71 31.3 2.4806
0 11.71 29.81 2.5893
0 14.37 27.62 3.0497
0 11.36 27.13 2.8185
0 12.24 25.32 3.4052
0 12.78 28.31 2.9123
0 14.5 28.09 2.0088
0 13.44 28.96 1.1392
0 14.14 30.95 2.1718
0 15.54 33.06 2.2138
0 15.62 34.74 2.3832
0 15.66 34.95 2.6946
0 15.81 34.61 1.9847
0 15.4 33.5 1.6375
0 13.22 32.87 2.14
0 14.25 32.79 2.3427
0 15.04 33.76 1.8018
0 14 35.34 1.9478
0 17.05 35.25 2.5189
0 15.58 34.15 2.8551
0 14.54 32.43 1.8783
0 14.11 33.1 1.2203
0 14.27 32.86 1.7136
0 15.64 33.88 2.11
0 13.97 32.63 2.9069
0 13.55 30.97 2.5194
0 15.37 33.17 2.8736
0 15.08 32.9 2.4712
0 13.35 32.79 2.037
0 13.27 33.4 2.1209
0 15.24 34.52 2.2488
0 14.54 33.67 2.5922
0 13.91 31.98 2.2719
0 15.85 34.08 1.4599
0 15.82 34.3 2.3154
0 15.15 34.21 1.885
0 14.63 33.72 1.9528
0 14.51 33.88 2.107
0 15.3 33.94 2.3391
0 14.26 33.7 2.8314
0 14.01 31.19 1.8517
0 14.06 31.38 1.2933
0 13.47 32.39 1.3634
0 14.95 33.23 1.2691
0 16.4 35.89 1.8123
0 15.55 35.28 1.2405
0 16.26 35.19 0.7616
0 16.67 35.17 1.1728
0 14.75 34.48 1.3492
0 15.05 34.63 2.1554
0 13.55 33.37 1.7508
0 13.63 31.87 1.7162
0 14.68 32.21 0.8421
0 17.19 35.84 0.2909
0 15.1 34.04 0.9239
0 14.82 34.98 1.0748
0 13.49 33.22 1.7866
0 13.78 34.15 1.3528
0 14.67 34.33 1.4958
0 15.33 34.45 1.5224
0 15.52 35.38 1.6011
0 18.01 35.12 0.5749
0.1 16.71 31.83 1.4421
0 15.47 30.45 1.7461
0 15.92 32.96 1.1181
0 16.76 33.45 1.7798
0 14.09 32.52 2.2979
0 12.6 30.27 1.7748
0 10.94 29.17 2.0015
0 12.81 30.81 1.033
0 14.89 33.75 0.7472
0 16.08 35.35 1.31
0 15.96 36.32 1.1537
0 15.07 36.52 1.0133
0 16.14 36.03 0.9255
0 16.46 35.95 1.4669
0 13.1 27.69 1.9224
0 13.04 26.74 2.3717
0 12.83 28.89 1.778
0 14.26 32.62 0.7672
0 15.19 35.04 0.7815
0 14.58 32.03 0.9597
0 12.19 28.51 1.947
0 12.53 27.52 1.5611
0.15 11.14 25.23 1.7039
2.225 12.8 22.5 1.8571
9.45 12.66 22.15 3.058
3.325 9.26 19.1 0.7911
0.625 8.05 20.81 1.1225
0 8.57 23.43 0.8914
0.025 10.31 25.38 1.4063
0.075 13.45 24.95 1.3724
0.025 16.05 26.62 1.5116
0 14.48 25.31 1.3502
0 14.62 28.81 1.3159
0 13.5 29.85 1.0007
0 14.79 29.12 0.9912
0 14.25 28.95 0.7785
0 13.87 28.96 1.3647
0 12.24 28.33 0.9532
0 11.42 26.92 1.5632
0 12.28 27.19 1.3118
0 12.28 27.23 1.5533
0 12.28 28.74 1.8268
0 11.99 30.1 1
0 13.17 29.96 1.0813
0 11.5 22.98 1.4628
0 9.75 26.61 2.0883
0 7.45 23.46 2.3688
2.875 7.23 24.17 1.381
0 8.77 24.86 1.1241
0 9.07 25.32 1.9589
0 9.8 26.88 1.2835
0 12.55 25.87 3.2882
0 9.25 23.32 3.6974
0.25 5.97 23.79 2.2693
1.625 6.9 19.6 1.5706
0.925 5.41 15.62 0.2921
1.7 7.19 15.19 1.0803
0.1 5.41 15.18 0.743
0.025 2.3 16.88 1.6339
0 2.52 17.63 2.7459
0.325 2.93 19.29 3.3926
2.325 7.4 16.31 4.2831
0.35 8.79 16.99 0.7958
0 7.07 18.9 0.732
0 7.37 19.29 1.5352
0 6.11 18.04 1.2074
0 6.13 20.27 1.0269
0.1 5.15 21.74 0.8949
0.35 8.2 19.35 2.4568
0.55 4.87 15.24 1.7594
2.55 5.39 14.48 3.9015
0.05 5.63 14.68 1.9091
0.025 3.67 15.87 2.8944
0.15 4.43 15.65 4.286
1.3 7.74 15.89 1.4875
0.125 5.89 16.19 0.4443
0 5.73 14.82 2.3785
0 4.9 12.74 2.0913
0.1 6.73 13.62 0.9884
0.025 4.39 14.89 1.4281
0 6.41 13.83 4.2716
0 6.61 19.63 6.7372
0 6.57 18.2 3.1485
0 4.65 17.76 3.9033
0 1.09 15.96 2.1224
0 0.03 16.27 3.347
0 -1.27 13.52 2.6369
0 -1.26 15.15 2.2998
0 -0.94 15.56 2.0381
0 -1.98 15.66 3.4308
0 0.22 15.71 2.4383
0.15 1.9 14.63 0.2149
0.125 4.99 12.5 1.1244
0 1.16 12.8 1.1218
0.3 -0.67 14.46 0.8049
1.525 1.33 11.78 0.872
0 1.06 12.33 4.193
0 0.72 13.38 3.668
0 -0.07 10.63 1.6535
0 2.25 14.91 3.0469
0 -0.54 13.42 3.3289
0 -2.24 11.9 2.6217
0 -0.67 14.34 4.377
0 -2.58 13.2 3.5474
0 -2.68 13.55 4.1239
0 -1.52 14.05 3.0134
0 -1.94 14.11 1.0423
0 0.08 14.79 1.1649
0 2 15.95 1.2249
0 3.9 15.37 0.7228
0 6.58 15.96 0.9877
0 4.88 14.47 2.1632
