0.825 -18.99 -0.85 1.539
7.3 -11.89 -0.62 1.7926
4.2 -16.47 0.19 1.675
0 -22.12 -7.33 4.3831
1.325 -18.92 -6.05 1.6984
0.775 -10.56 -2.08 0.6982
0 -10.63 1.54 1.2793
0 -10.12 1.52 0.7151
0 -14.53 4.48 4.6456
0 -15.83 1.29 3.0665
0 -11.77 2.25 2.1102
0 -13.16 5.64 5.3824
0 -13.17 5.93 3.6103
0 -13.43 4.8 2.9687
0 -12.04 5.44 3.6607
0 -13.43 5.67 4.812
0 -13.73 4.41 4.182
0 -14.4 3.26 4.7915
0 -12.4 4.58 4.8482
0 -11.54 2.47 3.337
8.775 -11.28 4.54 2.7121
18.625 -9.09 3.25 2.1598
31.3 -8.92 0.56 1.5604
27.725 -6.17 -0.73 2.8874
9.975 -10.04 -1.51 3.7323
0.85 -16.13 -6.75 0.7582
0.025 -17.37 -5.78 1.1678
0 -13.31 -2.8 1.3783
0 -15.36 0.37 4.263
0 -12.92 2.34 4.4958
0 -12 4.02 3.048
0 -11.6 4.6 3.296
0 -12.98 3.63 3.6487
0 -11.9 6.65 3.7567
0 -11.27 7.13 2.9862
5.45 -8.29 6.38 2.5248
22.175 -9.83 -0.06 2.4798
12.5 -10.74 -4.79 2.926
16.075 -13.05 -3.22 1.2743
7 -14.77 -1.91 3.9163
5.05 -21.32 -8.67 0.5693
8.35 -16.82 -5.44 2.523
3.1 -15.77 -5.09 1.4422
6.975 -15.52 -5.22 3.0683
4.175 -14.58 -7.38 3.1811
2.5 -14.4 -4.49 5.317
16.725 -12.63 -5.17 5.4433
19.7 -13.98 -7.07 4.1059
1.6 -18.92 -4.91 1.0034
0 -16.12 -4.23 3.3187
0 -17.26 -0.8 2.3707
4.025 -15.43 0.46 3.7491
16.425 -11.09 0.7 3.1996
9.775 -6.87 -1.74 2.3682
2.325 -7.3 3.1 1.7204
1.375 -8.6 5.02 1.5804
0.225 -7.71 1.34 2.8918
0 -11.92 2.39 0.526
0 -10.85 5.2 3.8574
17.95 -5.41 4.26 2.9599
24.825 -7.52 5.1 4.2442
20.175 -7.5 0.16 5.0067
13.35 -11.04 -4.69 3.3081
2.825 -20.86 -5.93 0.6873
1.075 -16.15 -3.34 1.9413
0 -16.27 -3.35 0.246
0 -15.48 0.44 1.647
0 -12.43 2.96 2.7418
0 -17.49 -2.98 0.5512
0 -13.77 2.3 0.8951
0 -12.77 2.18 2.4668
0 -12.88 3.65 2.7974
0 -12.58 6 1.4978
0 -10.2 4.87 2.5853
0 -7.9 5.89 3.0776
0 -7.71 7.94 1.0529
0 -8.44 8.66 0.8638
0 -7.33 10.87 0.7982
0 -8.05 11.28 0.7389
29.9 -6.67 10.78 2.219
27 -11.25 2.22 4.3256
1.6 -18.2 -7.88 2.2271
0 -16.8 -4.71 1.8674
0 -14.11 2.82 0.4224
0 -8.15 5.61 2.1282
0 -10.79 5.96 2.117
0 -10.22 7.7 1.3175
0 -5.4 10.79 3.4091
0 -12.77 6.49 2.0147
0 -10.02 5.72 0.3586
0 -6.86 8.24 2.539
0.55 -8.17 8.55 2.6469
0.45 -11.02 6.7 5.4478
0 -15.72 -0.86 1.8117
0 -13.85 3.33 3.026
0 -12 7.93 2.7736
8.95 -7.71 10.83 1.4561
5.55 -10.62 8.79 3.8402
3.275 -10.09 0.02 1.8478
6.35 -8.74 1.81 2.1188
2.975 -10.51 -0.08 3.7679
0 -8.59 4.4 1.5078
0 -9.14 9.42 1.9455
1.15 -6.31 7.24 4.4031
1.225 -15.81 1.3 6.5191
0.25 -14.3 1.02 3.5236
0 -11.52 3.87 1.5772
0 -7.95 9.76 3.2302
0 -7.8 13.18 3.0246
0 -3.53 15.97 1.6041
0 -4.51 17.9 1.0217
0 -2.14 18.37 2.2863
0.05 -0.17 16.7 3.226
1.35 -3.88 11 3.4815
0.725 -12.56 1.68 3.7455
0 -10.49 4.85 1.856
0 -8.77 7.02 2.4044
0 -7.83 8.9 3.4461
0 -10.29 5.85 1.4685
0.725 -7.56 9.97 1.9217
19.8 -0.69 11.81 2.2947
14.5 -3.78 6.94 2.9523
5.175 -1.76 4.89 4.0788
3.275 -5.62 6.32 2.1117
0.725 -2.3 9.8 4.0958
0 -5.39 11.31 2.6059
0 -4.58 13.71 2.7181
0 -5.3 14.64 1.5765
0 -5.4 15.81 0.8972
0 -1.43 16.29 0.6552
0 -4.73 16.77 2.9851
0 -1.14 14.84 3.3099
0 -5.91 14.38 2.1105
0 -4.16 14.19 3.1294
0 -1.86 15.55 1.4466
0 -2.12 18.27 1.9021
0 0.54 20.89 0.3708
0.2 3.45 22.36 2.5842
0.1 1.63 20.47 3.0986
0 -1.56 16.52 1.8601
0 -1.86 16.93 0.7748
0.45 -0.97 18.3 2.3837
0.325 -0.87 17.11 2.8879
0 -1.89 15.56 2.6916
0.175 -2.14 15.65 1.6926
0.125 -3.11 15.92 1.153
0 -0.7 16.68 0.7293
0.975 -0.39 18.5 1.5676
2.175 0.13 17.78 2.3166
19.425 0.42 16.13 3.3828
14.525 1.47 14.69 2.0775
2.45 0.61 15.14 1.781
0.125 -2.09 13.93 2.1504
0.425 -0.78 13.08 0.806
3.075 -4.41 10.84 2.1969
3.825 -3.71 11.25 3.9927
2.825 -6.75 5.65 2.7922
1.5 -3.13 6.41 2.8307
2.875 -1.7 11 2.5246
1.8 -1.35 12.73 3.3587
0 -0.34 11.79 3.1093
0 -3.87 10.31 3.2713
1.225 -3.12 12.02 1.9684
2.875 -0.79 10.86 3.7141
1.475 -4.14 10.67 2.5917
4.475 -2.66 12.11 2.3647
3.975 -1.57 12.46 2.2125
1.6 1.21 12.36 2.8282
0.8 1.12 15.2 1.5308
0 2.95 19.23 2.6712
0 0.73 18.65 3.3045
0 -1.1 14.51 3.099
0 -3.52 13.95 1.2181
0 -0.36 15.41 0.9212
0 1.42 19.52 1.3426
0.075 0.85 21.23 2.7607
0.05 -0.55 18.89 1.5991
0 1.82 20.48 0.9039
0 3.66 23.23 0.3613
0.275 2.91 24.04 3.0144
0.05 5.27 23.29 3.0391
0.05 2.32 22.31 2.211
0 4.43 21.84 1.4623
0 2.7 20.86 2.943
0 1.36 21.12 2.5386
0 1.04 21.29 2.9041
0 0.89 21.49 2.8159
0 0.36 19.64 3.0542
0 0.76 18.95 2.6495
0 -0.46 19.81 2.5473
0 -0.48 19.36 1.9395
0 3 20.21 2.0948
0 3.14 20.88 2.5517
0 3.19 20.52 1.3825
0 1.48 21.46 0.838
0 2.43 22.59 1.6242
0 4.44 24.6 2.2351
0 4.81 23.31 1.9805
0 5.1 25.24 2.1249
0 7.66 25.25 2.092
0 6.37 25.22 2.5097
0 5.84 25.31 2.573
0.1 4.77 24.61 2.1629
0.15 5.4 24.76 2.0768
0.05 4.11 23.4 2.214
0 5.23 24.29 2.2803
1 4.73 24.13 1.9808
0.7 6.21 24.49 1.7197
0 8.11 24.35 1.9146
0.175 5.05 23.9 2.7439
0.1 3.19 22.68 2.3788
3.325 4.58 22.81 2.1903
1.425 3.92 23.57 2.3157
0 4.24 22.31 3.1874
0 0.79 21.95 2.9176
0 3.25 21.43 2.611
0 5.24 19.79 2.8149
0 2.92 18.4 3.5599
0 -2.92 10.17 2.041
0 -2.63 12.08 1.2123
0 -0.35 16.67 0.1358
0 1.28 19.31 1.0669
0 3.43 21.5 2.9053
0 3.54 22.18 2.7838
0 4.47 22 2.9944
0 1.48 21.13 3.1812
0 -1.34 18.62 1.3284
0 -1.56 17.74 0.2986
0 -0.48 20.2 0.6598
0 0.75 21.88 1.0291
0 2.75 24.28 1.2782
0 2.92 24.97 1.7453
2 4.33 25.07 2.3281
3.875 4.99 24.97 2.3414
5.125 4.95 19.99 3.5205
1.475 0.4 16.95 1.7135
0 1.22 18.9 1.7446
0 -0.1 20.95 0.7785
0 0.13 21.65 1.3538
0 1.18 21.85 0.9816
0 4.37 22.4 1.4194
0 2.6 23.05 3.2279
0 3.2 20.31 2.3705
0 2.56 19.65 1.3894
0 1.6 20.24 0.1674
0 4.7 21.23 1.3618
0 2.75 20.99 1.9589
0 0.82 20.24 2.2453
0 0.24 19.21 2.0828
0 -0.01 18.21 1.2976
0 -0.45 18.5 0.5134
0 0.71 18.54 0.9525
0 2 20.47 0.3685
0 2.53 21.43 1.0005
2.125 2.37 22.96 1.3519
1.6 0.6 20.83 2.5669
0.175 -0.58 17.7 2.887
0 -2.43 13.95 1.4782
0 0.44 16.65 1.0164
0 -0.05 19.8 0.4014
0 -0.79 22.02 1.2079
0 2.96 22.95 2.5264
0 0.11 19.38 0.9923
0 1.16 18.07 2.9469
0 -2.1 19.79 2.6813
0 -0.61 20.9 1.8421
0 -0.86 21.32 1.0159
0 -1.71 21.75 0.7833
0 0.6 22.02 1.1675
0 -1.48 22.72 0.358
0 0.47 22.86 2.3463
0 3.69 19.08 2.7477
0 -9.31 9.95 2.3428
0 -8.88 7.56 2.6259
0 -6.54 12.16 0.9519
3.725 -1.45 13.26 3.2119
2.375 -10.12 9.65 3.6927
0 -11.69 -1.66 0.3734
0 -10.3 5 3.4492
0 -8.87 7.17 1.8944
0 -6.7 9.36 1.3841
0 -6.48 11.5 0.9163
0 -5.57 13.78 0.6823
0 -5.9 12.28 2.1645
0.55 -5.08 12.41 2.0796
59.225 -3.03 6.72 6.3036
40 -3.56 2.99 4.7433
0.15 -2.35 7.93 0.6927
0 -2.81 12.78 2.2253
0 -3.04 14.1 1.2971
0.05 -1.2 16.07 2.2262
2.525 0.76 13.41 2.6766
1.55 -7.05 5.93 2.6165
0 -7.75 7.27 1.0826
0 -6.4 10.73 0.6862
0 -6.1 11.13 0.7974
0 -4.26 13.16 1.0812
0 -4.08 11.62 1.9698
0.05 -5.39 9.86 1.2824
2.85 -6.02 11.98 4.0942
2.05 -11.21 -3.23 5.1712
0.15 -13.33 -1.26 0.8699
0.125 -9.49 3.17 0.0502
0 -7.72 9.31 0.9165
0 -6.71 11.93 0.8098
0 -5.41 13.31 1.1502
0 -5.32 14.44 1.1732
0 -6.02 13.81 1.8078
0 -3.04 12.95 2.4025
0 -7.51 10.02 0.8424
0 -9.15 8.31 1.2986
0 -11.47 6.55 1.8365
0 -10.6 4.97 1.4273
0 -11 8.45 0.8867
1.15 -8.72 8.03 0.7974
7.6 -4.81 8.39 2.079
4.75 -11.87 0.11 1.0235
0 -13.73 0.68 1.0967
0 -14.82 1.76 2.8743
0 -11.45 4.68 2.2755
0 -11.17 7.94 1.9396
0 -9.88 8.59 1.0578
0 -14.3 3.4 2.3993
1.675 -10.8 5.26 4.1779
1 -10.06 4.44 0.8917
0 -10.12 0.99 0.6264
0 -14.52 5 2.6098
0 -13.93 3.54 3.8532
0 -13.23 4.84 4.2614
0 -14.09 5.26 2.8004
7.525 -11.21 5.95 1.4656
4.575 -10.03 3.66 5.0957
0 -15.28 -5.53 5.3753
0 -16.45 -2.22 3.8307
0 -15.01 1.52 1.5901
0 -15.7 1.28 2.4162
0 -16.44 1.91 2.2309
0 -16.24 -0.46 2.1357
0 -12.34 3.32 1.1346
2.575 -17.16 -1.21 2.3439
9.3 -12.98 -4.99 1.1615
4.825 -25.9 -11.34 0.6844
0 -26.33 -9.17 1.7901
1.85 -23.42 -7.42 2.844
11.5 -14.02 -3.47 2.6688
48.675 -9.76 -3.33 3.6681
28.6 -11.95 -3.94 4.7875
0.8 -20.92 -3.9 0.9142
0 -18.26 -6.31 2.89
0 -16.68 -2.85 2.2481
0 -14.44 -0.64 2.1972
0 -15.44 -1.87 2.7424
0 -17.88 -2.86 4.0004
0 -15.13 -4.72 2.8819
13.8 -13.1 2.46 1.9788
9.1 -16.36 0.59 3.7367
0.15 -21.12 -7.89 2.992
0 -19.88 -4.15 3.6824
0 -19.65 -1.35 3.521
2.7 -19.41 -6.64 3.904
1.625 -18.83 -4.83 1.9222
1.1 -18.68 -5.05 3.2792
7.25 -12.44 -5.53 0.7724
5.725 -10.34 -4.57 1.5368
0.1 -10.58 -3.26 2.3854
0 -12.59 0.05 1.8696
0 -16.12 0.4 1.1006
0 -17.06 -2.81 3.9246
0 -16.24 -2.49 2.8897
0 -14.91 -1.42 2.1674
0 -15.41 -1.31 2.7375
0 -13.25 -1.45 2.934
0.1 -11.95 1.15 3.1328
1.35 -10.86 1.4 2.2214
0.75 -8.15 -1.1 2.4516
0.15 -11.33 -1.47 3.0286
22.45 -10.97 -1.02 4.3605
12.475 -7.71 0.95 2.1647
0.175 -15.91 -1.9 1.5224
0 -16.77 -2.79 3.3164
0 -13.35 -1.65 1.7276
16.875 -13.52 0.91 2.5059
51.675 -10.71 -0.57 4.5714
30.8 -12.13 -5.46 5.4004
39.175 -11.66 -6.45 6.2386
49.4 -16.4 -7.43 3.9813
22.3 -15.67 -10.11 4.3024
2.975 -17.32 -8.5 0.9125
0.7 -20.79 -9.35 1.9587
8.275 -17.49 -6.2 3.4544
4.175 -11.63 -4.53 2.801
0.025 -12.87 -1.22 1.4204
0 -18.22 -1.71 2.8519
0.4 -17.01 -5.56 3.0653
0.225 -12.92 -2.3 1.5807
0 -20.59 -1.72 0.973
0 -19.81 -5.58 1.7
0 -13.71 -3.39 1.8506
0 -14.98 -2.68 0.6231
7.3 -14.96 -3.65 2.4706
11.55 -10.91 -0.76 3.3336
11.175 -9.94 -2.11 1.7993
4.175 -10.47 -3.08 2.5019
0.45 -11.05 -3.71 1.4889
2.325 -12.97 -5.17 2.4394
1.325 -14.11 -5.32 0.4582
0 -13.09 -3.77 0.9441
0 -12.15 -0.09 1.0831
0 -12.88 1.91 1.3141
0 -15.13 1.99 1.4981
0 -13.95 2.11 0.8011
0 -12.91 3.87 1.7706
0 -12.47 3.57 2.4513
0 -11.92 3.56 1.397
2.6 -12.22 3.87 1.4242
4.675 -10.54 -0.02 2.434
12.675 -9.24 -0.39 3.0763
8.075 -17.56 -3.55 2.6025
22.425 -16.88 -3.18 3.5356
20.3 -12.16 -0.16 2.9784
2.275 -14.05 -1.54 0.5385
34.65 -12.25 0.13 4.4674
25.8 -10.11 1.93 1.8699
1.9 -9.82 -3.51 0.8215
0 -13.13 1.08 2.5185
4.3 -9.97 1.3 2.757
17.225 -10.78 0.23 3.2637
8.95 -14.36 -2.06 3.3702
0 -16.05 -3.55 1.2347
0.075 -13.54 -1.42 2.7775
0.05 -12.95 -1.25 0.7335
4.125 -13.23 0.87 2.3714
3.2 -16.37 -2.17 4.0047
0.4 -13.93 -3.9 1.9428
0 -17.81 -5.15 0.5757
24.05 -13.59 1.27 2.2855
14.75 -12.12 2.59 2.5818
0 -18.43 -3.41 2.7967
0 -15.43 1.15 3.8687
0 -12.96 5.84 1.6807
0 -9.65 7.67 0.692
0 -8.91 7.98 3.1348
0 -13.3 4.83 2.1465
0 -10.03 8.33 2.2144
0 -9.97 8.06 1.1107
0 -9.94 7.58 1.161
0 -11.62 7.1 2.5591
0.475 -11.57 6.71 2.3691
1.7 -8.86 7.98 2.7404
0.825 -12.64 1.76 2.6776
0 -12.16 0.99 2.9915
0 -11.21 5.07 1.6742
0.8 -7.06 8.85 2.9616
11.275 -7.72 9.82 6.1322
6.75 -11.28 -1.66 3.4421
0 -15.86 -1.8 0.8886
3.55 -13.44 0 2.5407
2 -9.52 1.04 2.246
17.875 -13.8 0.72 2.7551
11.375 -12.74 -2.15 3.7398
0.025 -16.88 -3.31 0.7553
0 -16.07 1.76 2.2957
0 -11.18 7.09 0.4213
0 -8.54 9.33 1.8005
0 -9.57 6.44 1.9249
14.575 -6.69 6.26 3.7465
11.9 -12.99 1.17 4.7212
1.575 -11.99 -2.69 1.1129
0 -10.81 2.78 0.6915
0 -10.05 4.86 0.909
0 -6.66 9.64 2.6834
0 -9.16 9.16 1.2558
0 -9.41 12.56 1.0516
0.425 -8.29 12.97 1.9011
9.7 -4.11 10.41 3.0566
8.05 -11.04 -0.32 2.866
4.6 -10.17 -2.43 1.4332
2.05 -7.32 -1.71 1.5471
0 -8.25 7.61 0.6158
0 -6.66 10.97 1.4606
0 -7.67 10.84 0.7245
4.1 -2.68 12.53 4.6755
5.225 -7.33 4.41 5.4287
2.075 -12.84 -1.64 4.145
0.275 -11.66 -1.01 3.5006
0 -9.97 4.18 1.9158
0 -9.57 9.11 2.2719
0 -7.04 11.05 1.2934
0 -3.95 12.9 1.9357
0 -3.62 11.66 3.5638
0 -9.82 8 2.2461
0 -10.05 6.05 1.1253
0 -4.53 10.05 2.9317
0.875 -8.09 8.34 3.7876
8.3 -10.79 2.84 3.665
4.875 -13.13 1.4 4.938
0.075 -8.45 2.13 2.5161
0.125 -7.64 7.34 1.3328
0.075 -6.72 8.58 0.8647
0 -5.21 11.45 0.7039
0 -3.42 14.01 1.4939
1.425 -0.07 12.67 2.3584
0.85 -7.78 8.59 2.6935
0.125 -5.17 8.72 1.7677
0.075 -3 11.26 3.4091
0 -3.86 10.86 4.4732
1.975 -9.74 5.22 3.7927
1.6 -10.44 0.48 4.114
0.1 -7.88 2.5 2.3706
0.55 -9.93 3.91 1.709
4.65 -5.48 8.25 3.621
11.675 -7.01 5.88 2.843
5.45 -9.42 3.06 3.9496
0 -10.42 3.44 1.7955
0 -7.66 10.97 0.7059
0 -3.19 14.55 2.7029
0 1.34 14.17 2.9958
0 -2.14 13.44 2.7033
0 2.14 16.01 2.95
0 4 15.41 3.0564
0 3.1 14.95 2.1258
0 3.55 19.73 3.1435
0 5.66 20.05 3.1455
0 2.18 18.56 2.1214
0 3.58 18.65 4.1847
0 0.85 15.01 4.6245
0 -2.17 10.87 5.4476
0 -0.09 7.66 4.4167
0 -2.79 12.61 1.2678
0 0.24 15.73 1.6329
0 1.76 18.57 3.2772
0 -1.19 16.83 3.2973
0 -4.34 11.4 0.6784
0 -2.75 15.95 2.2075
0 -3.18 14.44 3.4176
0 -3.74 13.95 2.5361
0 -2.87 15.6 1.3584
0 -2.05 14.2 0.8135
0 0.99 18.31 1.4764
0 1.6 19.09 2.2089
0 3.44 16.79 2.5953
0 0.61 16.24 2.2801
0 2.98 18.74 0.6856
0 4.59 22.78 1.3278
0 5.13 23.28 3.4058
0 2.85 21.99 3.0602
0 -1.29 18.91 2.7101
0 -0.08 19.63 2.7117
0 2.09 18.69 1.8622
0 -0.37 17.75 1.1127
0 -1.63 19.32 1.718
1.975 1.78 21.46 2.2269
1.325 2.15 20.88 2.0206
0 2.51 20.15 1.9552
0 4.34 21.64 1.9624
0 2.69 21.64 1.8365
0 3.18 22.19 2.6147
0 5.73 21.68 3.453
0 7.04 22.84 3.7166
0 4.61 21.16 1.8062
1.5 4.25 23.87 1.0089
3.15 5.91 25.14 2.5765
1.45 4.95 19.3 2.8693
0 4.67 24.11 2.6673
0 4.72 24.87 2.0703
0 4.56 24.78 2.0328
0 4.41 24.17 2.8913
0 3.44 22.65 1.066
0 4.47 22.48 2.2325
0 4.38 23.96 1.8819
4.425 6.38 24.29 2.2865
2.825 5.31 22.02 2.7264
0 3.67 21.08 1.9556
0 2.32 21.33 2.4314
0 3.69 21.85 1.9214
0 3.65 22.08 2.3946
0 2.94 21.71 2.5879
0 1.6 21.73 2.1309
0 2.45 21.89 2.5281
0 1.36 22.26 1.7309
0 1.85 22.29 2.0303
0 2.49 22.18 2.0788
0 1.25 21.78 2.2259
0 3.59 20.81 2.5514
0.525 1.88 20.16 2.993
0.3 0.7 17.23 2.2463
0 0.62 19.05 2.1942
0 1.37 18.98 2.5512
0 -0.31 15.67 1.0415
0 0.12 19.21 1.077
0 2.02 20.4 1.9583
0 1.72 21.7 2.6651
0 2.74 21.3 1.0987
0 2.83 22.77 1.9753
0 3.72 23.49 2.0721
0 2.57 21.4 1.8975
0 0.83 21.44 2.2176
0 2.48 21.75 2.3232
0 3.57 19.33 1.8272
0 1.25 17.41 2.8961
0 0.61 21.13 2.4145
0 2.94 24.9 0.818
0 6.85 25.94 2.7277
0 5.77 24.66 2.7902
0 2.53 20.5 3.3176
0.325 -0.17 9.94 2.2001
0.175 -3.94 9.56 2.341
0 -3.6 13.24 0.9859
0 -1.04 17.47 0.6648
0 -0.37 20.56 0.6599
0 1.73 22.7 1.139
0 2.05 23.2 1.5905
0 0.2 21.69 1.9072
0 -1.78 20.46 1.5147
0 -0.85 19.49 2.9035
0 3.12 17.98 3.2948
0 -6.6 9.82 2.137
0 -4.83 13.72 0.8568
0 -3.84 16.75 0.914
0 -1.52 18.02 1.142
0 -1.82 18.49 1.9529
0 -3.02 16.76 1.5158
0 -3.22 17.18 0.6144
0 -2.34 17.68 1.1896
0 -2.42 19.37 1.7276
0 -2.43 19.03 1.6107
0 -1.68 19.13 1.7461
0 -4.26 15.54 0.9641
0 -4.8 16.49 1.0944
0 -1.97 16.95 2.7674
0 -4.13 12.26 0.7428
0 -3.83 16.37 0.5052
0 -2.48 19.12 1.0572
0 -1.28 22.24 0.4787
0 -0.86 22.44 1.2637
0 1.03 23.37 0.4403
0 1.63 23.6 0.5429
0 0.74 23.34 0.3149
0.125 1.59 20.79 0.6418
7.175 1.53 18.96 1.5213
42.3 0.72 17.12 1.8646
54.475 -1.15 10.81 1.5407
17.475 -2.88 2.42 1.3274
8.65 -6.13 4.83 0.819
2.4 -5.9 2.84 2.3191
0.225 -7.33 5.5 0.7706
0 -6.13 10.16 1.7242
0 -4.8 12.63 1.7172
0 -2.75 15.98 1.513
0 -2.16 14.01 2.6387
0 -2.13 15.34 1.8901
0 -2.87 16.03 0.9862
0 -2.69 15.89 0.9506
0 -3.23 15.24 1.5272
4.15 -1.68 11.65 0.9307
3.65 -2.61 8.56 1.3322
0 -2.97 7.78 2.0931
0.4 -4.75 11.33 1.2495
0 -4.1 10.74 2.0782
6.625 -6.07 10.09 1.9122
27.2 -2.15 7.13 1.8805
49.675 -0.63 4.7 4.9888
30.9 -5.66 6.44 4.0127
0.075 -8.79 3.72 1.4785
0 -12.26 3.12 3.1695
0 -11.41 3.96 3.3776
3.475 -8 8.75 2.0737
2.425 -6.81 9.41 2.0848
0.125 -8.89 5.27 0.7848
0 -8.54 8.16 1.8246
0 -7.96 11.72 3.4281
0 -6.43 13.66 3.2723
0 -3.69 15.01 2.2674
0 -2.47 14.11 1.2472
0.375 -3.39 12.85 2.4729
18.65 -6.74 9.87 3.2137
11.975 -10.28 2.95 2.8802
1.55 -14.73 -0.36 0.6205
2.05 -12.94 1.19 1.6216
0 -13.52 -0.59 2.5731
0 -13.06 1.89 1.4679
0 -11.85 4.71 3.1859
0 -10.86 2.98 1.479
0 -7.83 7.03 2.4462
0 -9.61 8.53 0.8259
0 -11.67 7.86 2.2477
0 -7.26 9.06 2.6837
26.325 -7.11 9.19 3.2972
40.65 -10.44 3.81 3.5717
28.95 -13.48 -2.51 5.5184
12.025 -13.32 -7.1 3.5317
13.2 -13.53 -4.43 4.7813
7.575 -20.68 -6.13 1.0124
0 -23.66 -8.34 3.3942
0 -20.37 -5.74 3.2507
17.925 -16.05 -2.75 3.139
11.2 -19.91 -3.5 3.0031
0 -24.21 -7.05 2.0582
0 -21.81 -8.9 2.9291
0 -16.62 -1.1 2.1132
0.1 -13.04 2.42 2.4473
0.025 -3.71 4.1 1.7708
0.725 -5.86 4.66 1.6778
17.625 -10.12 2.78 1.9113
11.6 -8.77 3.66 3.2299
0 -10.91 0.31 2.3444
2.95 -9.52 2.21 1.8605
4.825 -6.21 4.15 1.2197
0.8 -5.27 3.64 1.5757
0.05 -6.68 4.17 0.5634
0 -10.16 5.63 2.1719
0 -10.67 4.47 1.5586
16.5 -9.14 4.97 2.2318
12.75 -9.53 2.14 1.7655
6.825 -11.65 -2.96 2.6943
45.3 -11.44 -3.12 3.3459
80.275 -9.25 -4.19 5.327
85.2 -8.32 -1.52 6.343
43.8 -10.75 -2.7 2.3047
18.05 -13.18 -9.18 2.0037
4.325 -14.44 -5.54 2.2146
3.025 -11.84 -4.5 0.4523
0 -13.03 -3.44 2.7952
18.125 -16.77 -2.39 5.0873
9.7 -13.76 -2.35 2.1681
0 -15.54 -5.94 1.0303
48.575 -14.49 -6.22 2.2975
26.2 -11.92 -3.85 4.8068
1.2 -21.11 -5.08 2.8309
4.075 -21.92 -11 1.1647
15.475 -21.38 -10.64 3.5387
20.525 -16.88 -9.61 4.3696
19.65 -14.12 -10.31 2.5014
0 -16.05 -7.91 2.9806
0 -21.16 -10.78 3.6949
0 -19.5 -10.52 5.3407
0 -18.27 -9.44 3.9484
0 -18.03 -9.18 1.8217
0 -18.66 -5.49 0.9299
0 -17.05 -3.51 3.3573
2.875 -17.78 -8.05 3.1394
4.775 -14.26 -4.55 1.5882
0.275 -15.64 -2.01 1.5836
0.15 -14.54 -0.11 1.355
0 -14.69 1.03 2.2864
0 -12 -0.53 1.0259
0 -10.03 1.68 0.597
0 -12.97 1.58 2.0415
0 -9.6 2.05 1.2929
0 -14.14 3.16 4.2419
0 -14.53 -0.74 3.5308
0 -14.26 0.21 2.8458
0 -15.18 3.18 3.5901
0 -14.08 -0.28 2.1266
0 -13.34 0.84 2.1263
0 -13.36 1.97 4.8958
0 -13.84 1.8 3.1076
0 -13.67 1 1.7645
4.025 -13.23 1.99 0.7711
11.65 -11.94 3.92 1.7604
4.275 -14.76 -4.39 1.7266
0 -15.97 -2.71 2.2425
0 -20.31 -3.29 3.0617
0 -18.68 -4.15 2.1217
0 -15.46 0.3 2.96
0.075 -12.86 2.83 1.6818
0.05 -10.56 4.42 1.927
0 -10.16 4.46 0.6394
0.1 -13.5 6.85 2.3404
0.05 -16.02 -1.6 3.6725
0 -17.69 -2.96 3.7256
0 -16.11 -0.92 3.7028
0 -14.16 2.08 2.5382
0 -11.89 5.86 1.4879
0.05 -10.18 5.61 3.3239
10.4 -6.46 2.92 4.1365
38.525 -9.66 3.41 6.3186
27.525 -14.84 -7.66 4.3466
47.125 -12.96 -8.05 3.1919
35.025 -11.57 -4.36 4.2695
2.875 -22.41 -6.75 0.7977
0 -22.11 -7.1 1.2369
0 -20.54 -7.83 0.4007
0 -20.19 -4.22 0.2715
7.025 -17.06 -5.09 2.5783
16.625 -12.43 -4.12 5.9527
17.775 -17.61 -7.37 0.6213
0 -21.29 -11.2 0.5097
0 -21.16 -6.37 2.167
3.7 -19.44 -2.05 1.7358
3.75 -15.04 0.24 3.418
8.225 -9.62 1.16 1.9964
0.75 -16.93 0.05 1.3881
2.775 -11.98 1.96 0.5881
13.55 -9.87 3.37 1.7883
23.175 -8.68 0.6 4.4905
0.125 -11.35 -1.33 0.7702
0 -9.81 4.87 1.5482
0 -8.15 6.97 1.5105
0.275 -7.97 6.22 0.9936
0.175 -9.02 5.22 0.6725
2.05 -10.32 5.74 0.9432
1.4 -6.55 3.02 1.2392
17 -6.29 6.28 1.4489
34.025 -5.41 7.22 3.234
5.65 -12.97 0.07 0.8888
30.125 -10.97 0.51 3.4241
48.725 -12.36 -3.49 5.0091
73.8 -10.3 -5.01 6.3514
14.75 -12.77 -5.54 2.8151
9.275 -15.29 -2.88 0.8667
17.775 -12.49 -3.85 4.3603
46.95 -14.09 -5.35 5.4223
33.35 -14.94 -5.07 4.3459
16.325 -12.6 -2.52 2.9957
6.9 -10.13 -1.79 1.8167
0.15 -9.32 3.63 0.5125
0 -10.8 5.3 0.9235
0 -7.71 7.19 2.0466
0 -7.01 9.07 2.1771
0 -6.56 13.52 1.6814
0 -4.19 15.9 1.3757
0 -8.43 10.35 1.4051
0.075 -9.47 7.47 2.0662
0 -6.83 11.27 1.4545
3.575 -7.63 10.76 1.2671
6.375 -10.47 8.17 3.6592
5.65 -16.82 -5.94 1.4289
2.25 -14.34 -7.63 1.5154
0.075 -13.83 -1.82 0.5458
0 -10.94 4.83 1.4089
0 -10.36 6.49 1.2235
0.625 -9.22 6.65 3.0429
0.425 -12.97 -2.33 0.5685
0 -9.63 5.43 0.7836
0 -7.57 10.63 1.1695
0.025 -6.12 12.65 2.3159
0 -3.68 12.15 3.2925
0.025 -5.81 7.52 1.8296
0.45 -4.49 9.9 2.3763
10.2 -4.31 4.02 2.5395
4.35 -9.53 4.89 0.8455
2.7 -8.06 4.85 1.4766
0.35 -5.35 4.17 2.7997
0.925 -6.96 2.85 2.7475
0.05 -9.96 4.95 2.6486
0 -8.63 7.13 0.8495
0 -5.87 10.92 2.5951
0 -9.43 7.79 4.5245
0 -12.09 3.27 3.7202
0 -10.71 4.51 2.0958
0 -7.63 8.46 0.6929
0 -5.03 11.64 0.8037
0 -5.38 13.68 3.2034
0 -2.36 15.37 1.0085
0 -2.25 16.27 1.7213
0 -1.19 15.32 2.1888
0.325 -3.07 11.82 3.2823
1.55 -9.42 4.43 3.5274
3.35 -10.64 -1.58 2.9369
0 -7.61 6.88 1.6698
0 -4.54 11.26 1.1928
0 -3.68 13.84 0.6224
5.375 -3.38 15.16 3.1412
10.325 -10.44 8.46 3.3362
3.625 -11.88 -2.45 1.1425
10.425 -9.02 1.6 3.4596
26.625 -9.62 0.41 2.5847
2.8 -8.31 0.87 3.6893
0.1 -8.52 5.98 1.7817
0 -3.79 11.79 1.8533
0 -4.29 11.47 2.6985
0 -6.42 10.33 4.2658
0 -8.02 8.02 2.3486
0 -4.46 11.93 3.0375
0.025 -4.36 9.8 2.8535
0 -4.65 9.34 3.5559
3.1 -3.98 9.96 4.4258
5.925 -10.21 4.64 4.952
1.25 -10.07 2.02 3.0597
0.625 -6.9 6.39 3.0858
1.05 -3.3 7.44 3.2779
1.025 -8.56 3.57 1.8431
0 -8.74 4.67 0.8274
13.7 -4.31 7.59 2.7337
19 -2.53 1.93 1.6499
7.075 -4.44 9.36 3.8997
0.725 -5.76 7.31 1.7621
0.4 -4.61 10.79 2.9804
0 -2.94 12.63 1.5403
0 -1.84 15.58 2.0006
0 -1.18 15.3 2.9244
0 -1.32 13.71 2.5857
0 -0.78 15.48 2.7769
0 0.38 17.18 1.3948
0 1.33 20.31 1.8884
0 1.31 20.72 2.3359
0 -2.26 16.19 0.9493
0 -0.74 15.84 3.0344
0 0.63 17.02 2.128
0 -1.03 15.12 0.1933
0 1.41 19.9 0.3413
0 3.31 22.1 2.5008
0 3.46 22 3.2026
0 0.99 19.31 2.7285
0 -1.92 19.09 2.7106
0 -0.67 17.78 2.1491
0 0.09 19.91 2.0596
18.075 2.73 19.87 3.0193
19.675 -0.06 15.56 2.6935
4.45 -3.09 7.39 2.2033
0 0.34 17.49 0.6203
0 1.82 21.43 0.8803
0 3.87 23.19 0.9163
0 3.91 23.24 1.778
0 4.52 22.35 1.8107
0 5.66 20.56 2.3928
0 5.21 21.54 2.9714
0 3.07 19.71 2.293
0 2.9 20.94 2.5475
0 0.86 20.68 2.2566
0 1.55 19.86 2.5244
0 0.31 19.61 2.6085
0 0.72 18.49 3.2542
0 -0.35 17.18 2.625
0 1.89 16.24 3.1023
0 -0.27 15.71 3.2305
0 -0.08 16.32 2.131
0 -0.37 17.83 1.6933
0 1.17 19.38 2.0869
0 0.77 19.58 1.0866
0 1.18 20.44 2.2934
0 2.78 21.27 2.8826
0 2.92 20.75 1.8086
0 3.84 22.13 2.1839
0 2.39 22.07 2.327
0 0.46 20.99 1.7658
0 1.65 20.97 1.6822
0 2.86 20.24 1.2507
0 5.95 22.57 2.0426
7.6 3.71 23.13 3.0147
6.025 3.87 21.2 2.2235
1.725 4.11 17.4 1.755
0 3.51 20.34 2.0117
0 3.03 21.13 2.1585
0 0.95 21.89 3.177
0 0.56 19.87 2.2241
0 1.21 20.11 3.1369
0 -0.06 20.98 2.5564
0 1.88 20.5 1.8745
0 1.41 21.47 1.9336
0 1.89 21.02 2.1408
0 1.04 21.5 2.677
0 2.49 21.82 1.4354
0 3.18 21.59 1.4863
0 2.53 21.86 2.2356
0 2.32 20.2 1.5402
0 1.6 19.48 0.8308
0 1.19 21.05 1.5157
0 1.92 22.51 1.241
0 1.88 23.66 2.473
0 2.99 21.69 2.1588
0 1.51 20.48 1.6826
0 0.71 20.15 1.2207
0 -0.97 20.63 0.9648
0 2.25 23.24 2.1077
0 4.03 22.8 1.4558
0 3.14 21.89 1.0864
0 3.15 23.48 1.2187
0 5.01 23.33 1.6188
0 3.76 23.3 1.6253
0 2.82 22.87 2.0642
0 -0.85 22.63 1.9527
0 0.7 20.5 0.6965
0 0.48 20.57 0.9434
0 1.06 20.96 0.9001
0 2.24 20.85 0.7988
0 5.01 21.22 1.8546
0 1.82 19.19 0.4747
0 1.4 20.65 0.9091
0 3.17 21.36 0.7368
0.45 2.94 19.87 1.9894
3.35 1.45 18.28 1.2264
6.875 2.22 16.56 1.4294
15.1 -0.16 12.56 1.3396
8.275 1.87 15.03 0.6516
14.05 -0.57 16.24 0.9881
0 1.21 15.44 2.5268
0 1.92 16.51 1.9778
0 0.04 14.15 1.5743
0 -1.1 15.73 0.2783
2.775 -0.52 18.44 0.2996
1.875 1.04 20.19 0.8491
0.05 0.27 19.79 0.4479
6.575 0.76 20.5 0.5015
0 4.29 20.56 0.8405
0.375 2.16 21.4 1.6771
9.5 0.12 17.19 2.4183
0.1 -1.64 12.66 1.564
0 -0.59 17.28 0.3866
0 0.62 19.41 0.6286
0 2.83 17.99 1.0352
0.075 -0.14 19.77 1.6703
0.05 0.44 19 2.7235
0 2.65 15.61 2.2009
0 -0.6 14.93 2.3884
30.3 -2.38 11.6 2.4948
40.725 -5.38 7.97 4.1607
15 -8.19 0.86 0.6695
2.675 -10.59 0.71 0.9799
0 -8.53 5.3 1.3463
0 -7.27 8.52 1.4099
1.725 -4.91 10.64 1.8221
5.375 -2.62 8.16 1.8605
0 -3.28 12.75 0.9235
0 -2.73 14.87 0.6856
0 -3 16.97 0.6675
0 -2.56 17.49 1.3526
0 -2.06 14.57 1.8507
0 -2.7 14.24 2.0166
0 -3.43 13.65 2.1637
0 -3.73 15.65 0.6245
0 -2.92 12.72 0.5684
0 -5.41 13.91 0.3707
0 -3.19 12.5 2.4114
0 -6.31 14.5 2.0164
0 -5.15 15.4 2.477
0 -5.42 11.55 1.4044
0 -9.54 7.77 3.9142
0 -10.72 4.63 3.5017
0 -9.69 6.76 2.2547
0 -9.64 10.45 0.8322
0 -9.05 11.64 2.3553
0 -8.87 12.39 0.1897
0 -7.26 12.16 3.5121
0 -7.77 6.18 4.132
2.825 -12.01 6.81 4.1826
10.825 -13.01 7.17 1.9821
7.8 -15.16 -5.11 0.4592
9.675 -12.55 -3.8 1.5803
0.175 -12.01 -3.97 1.083
0 -14.87 -3 2.3906
0 -14.34 -0.24 3.3391
0 -12.46 2.76 2.8659
2.85 -9.82 1.72 3.0447
3.225 -6.78 -0.43 1.0202
0 -8.62 2.66 0.2487
0 -7.28 4.96 0.4292
0 -10.95 4.98 0.4629
0 -10.85 6.14 0.8546
0 -10.81 5.36 1.4416
0 -11.39 6.11 3.8092
0.575 -10.16 0.49 2.3414
2.2 -10.64 -1.05 3.7826
2.775 -14.11 -3.98 1.5191
0 -13.76 -0.14 2.1948
0 -11.79 3.56 3.5033
0 -9.59 6.25 2.4309
0 -10.78 3.2 0.7849
0 -11.78 4.5 2.9832
0 -10.18 7.37 2.3807
0 -10.03 6.32 1.108
0 -9.96 6.84 2.0145
0 -11.18 8.22 3.2531
0 -11.6 1.17 9.3249
0 -15.22 -4.95 4.0245
0 -16.01 0.75 4.5686
0 -17.3 -3.65 2.7257
0 -16.32 -0.59 3.5273
0 -17.28 -3.24 2.9804
0 -15.89 -1.7 3.6678
0 -15.42 1.3 4.0816
0 -16.55 0.66 4.3813
0 -15.38 0.56 3.2244
0 -15.87 -0.44 1.3069
0 -17.1 -0.81 1.6295
0 -17.25 -4.55 1.4421
0 -17.24 -3.45 0.996
0 -15.13 -1.57 0.9102
0 -12.97 -3.34 5.9881
0 -14.91 -1.4 4.9872
0 -16.53 -0.51 2.6281
0 -14.2 1.81 4.7899
0 -17.47 -2.44 4.7371
0 -16.3 -2.26 3.4752
0 -19.78 -0.18 4.535
0 -19.36 -2.85 3.8472
0 -18.54 -1.67 4.8768
0 -17.41 0.07 3.2007
0 -15.93 2.25 1.408
0 -14.74 4.19 1.0762
0 -12.61 3.14 1.0624
0 -10.51 7.47 0.9852
0 -11 5.54 1.5825
0 -13.67 5.33 2.3575
