0.725 -7.4 6.85 1.6248
4.9 -2.62 5.55 1.2679
2.65 -5.8 5.06 1.6284
2.3 -8.71 1.84 4.1203
2.925 -8.24 1.66 1.7645
0.925 -3.6 -0.22 0.4896
0 -3.3 4.84 1.4715
0 -1.26 6.92 0.7533
0 -3.67 10.35 4.4522
0 -3.15 10.2 3.4258
0 -1.78 9.98 2.3961
0 1.2 12.77 5.4937
0 1.87 13.56 3.9333
0 -1.79 13.47 3.4847
0 -0.26 14.6 3.9696
0 -0.51 15.56 4.954
0 -1.23 13.01 4.2637
0 -1.11 12.17 4.7566
0 -0.47 12.71 4.8662
0.225 -0.45 12.02 3.4258
19 0.52 12.53 2.7431
33.125 2.45 11.7 2.1517
60.225 -0.31 9.01 1.6563
51.875 1.86 6.57 2.469
14.225 -2.1 4.18 3.5058
2.075 -7.62 -1.5 0.8138
0.275 -8.26 0.45 1.3169
0 -6.9 3.24 1.5677
0 -3.29 6.43 4.2393
0 -1.79 12.14 4.5098
0 0.3 12.87 3.1014
0 -0.33 12.44 3.1226
0 -2.13 10.58 3.9192
0 -2.44 13.49 3.7881
0 1.12 15.03 2.9937
5.45 1.75 13.79 2.5855
6.075 -1.33 5.11 2.9806
1.675 -2.68 3.4 2.7935
17.925 -2.49 6.07 1.3639
10.75 -6.76 3.83 3.6418
1.9 -10.75 -1.07 0.4485
9.125 -8.39 0.25 2.4988
4.95 -4.73 0.63 1.4135
11.3 -5.12 1.41 3.0328
6.475 -5.12 0.06 3.381
2.475 -3.63 1.62 5.775
25.625 -3.28 0.81 5.5576
19.65 -3.13 0.05 4.4097
3.1 -5.47 -0.98 1.2583
0 -5.49 3.05 3.4555
0 -4.88 7.39 2.6522
5.35 -4.29 8.91 3.8204
22.375 -3.26 7.68 3.6575
16.125 -0.19 2.74 2.6265
3.575 -2.31 3.9 1.4606
1.85 -1.56 10.2 1.4369
0.3 -1.85 4.09 2.3741
0 -2.92 8.79 0.3414
0.05 -2.24 11.37 3.6619
10.3 0.52 11.35 2.7328
32.675 1.89 7.87 3.9089
46.55 0.38 7.21 4.8957
22.575 -3.2 2.06 2.9289
1.95 -6.78 1.07 0.8817
0.825 -5.53 3.59 1.8706
0 -7.11 2.6 0.2894
0 -7.82 7.2 1.4147
0 -3.8 9.8 2.647
0 -7.38 4.18 0.396
0 -6.62 8.93 0.5383
0 -3.46 9.39 2.0821
0 -2.75 12.51 2.3584
0 -2.55 13.93 1.2883
0 -1.9 10.31 2.1686
0 0.09 11.62 2.485
0 -0.04 14.6 1.1394
0 0.72 16.12 1.1725
0 2.38 17.63 0.9005
0.125 0.89 18.19 0.7179
28.475 1.58 17.39 1.8503
22.725 -3.85 8.65 4.1566
1.225 -8.93 -0.47 2.2752
0 -7.21 4.1 1.8861
0 -3.81 11.6 0.5591
0 -1.65 13.26 2.052
0 -0.48 16.42 2.0642
0 0.25 15.43 1.3571
0 0.17 16.84 3.2525
0 -2.02 12.39 1.9075
0 -1.77 11.99 0.3202
0 -0.44 13.78 2.6384
0 0.88 16.49 2.5194
0 -1.3 14.17 5.2796
0 -4.65 7.23 1.9343
0 -4.04 11.72 2.7752
0 -1.67 15.58 2.3061
7.625 0.96 18.15 1.3145
19.35 -2.12 13.98 3.0623
12.425 -2.04 4.08 1.6972
2.475 -2.08 5.31 2.2927
0.2 -2.69 5.17 3.7873
0 -1.31 9.9 1.6737
0 -0.43 13.84 2.0954
0 0.83 13.98 4.6524
0 -6.27 7.34 6.0418
0 -5.18 4.16 3.1894
0 -2.78 12.1 1.4836
0 -0.25 17.02 2.8295
0 2.53 20.17 2.7594
0 5.74 23.67 1.5494
0 7.69 25.69 1.1667
0 8.3 26.4 2.0006
0.075 5.84 25.21 2.6741
1.15 3.63 18.64 3.4034
0.65 -3.73 7.37 3.5735
0 -2.09 11.13 2.0374
0 0.04 13.95 2.3335
0 -1.22 13.41 3.158
0 -2.6 10.69 1.6906
2.9 -0.53 13.75 1.9946
57.2 4.64 16.96 1.8718
36.25 3.4 13.81 2.4707
5.45 4.17 9.67 3.5671
2.85 2.1 10.63 1.8099
0.375 5.73 14.8 3.5478
0 3.46 17.2 2.1855
0 4.18 20.37 2.9273
0 5.8 20.87 1.7162
0 4.94 21.34 1.3392
0 5.96 22.17 1.0153
0 5.66 23.09 3.0358
0 4.32 22.51 3.2924
0 4.3 19.95 2.5924
0 4.86 19.95 3.2789
0 6.45 21.67 1.7942
0 7.6 23.91 1.496
0 11.16 28.52 0.2989
0.425 12.63 30.43 2.3648
0.25 10.57 29.94 2.6545
0 7.59 24.1 1.7323
0 6.76 22.76 1.0164
0 7.57 23.85 2.4952
0 7.45 23.68 2.9975
0 7.24 23.14 2.7825
0 5.95 22.66 1.9689
0 6.82 22.47 1.3547
0 8.68 24.43 0.8951
0.3 10.09 25.37 2.0139
0.175 9.82 25.11 2.4973
7.075 10 24.15 3.2355
4.25 9.1 24.1 2.2395
0 9.18 23.21 2.074
0 8.46 21.06 2.3028
0.075 8.58 19.64 0.5499
4.15 5.64 18.57 2.2003
3.25 2.72 16.54 3.4876
1 1.83 8.31 2.3091
0.3 2.8 10.87 2.7285
0 3.7 16.76 2.6007
0 6.32 19.06 3.4417
0 6.11 18.28 3.0804
0 4.45 17.05 3.3881
0.975 5.25 17.6 2.361
0.825 6.75 16.8 3.59
0.125 4.57 16.91 2.4882
0 4.94 17.7 2.4703
0 5.92 17.91 2.5029
0 8.03 19.51 3.025
0 8.08 21.97 1.7825
0 10.78 27.03 2.6724
0 7.23 25.58 3.2464
0 5.04 20.96 3.2225
0 5.79 19.13 1.1662
0 7.03 22.2 0.5962
0 9.69 25.86 1.454
0 10.45 28.24 2.664
0 9.88 26.5 1.7954
0 10.79 26.86 0.8565
0 11.55 31.06 0.6317
0.175 14.44 32.42 2.9636
0.125 13.58 32.13 2.9485
0 12.81 29.07 2.2739
0 13.26 29.77 1.7263
0 11.68 28.22 2.8394
0 10.82 28.78 2.5018
0 10.36 27.41 2.7391
0 9.65 26.86 2.5403
0 8.19 25.24 2.7861
0 7.64 24.43 2.5786
0 7.84 24.36 2.572
0 8.15 24.71 1.8811
0 9.41 26.11 1.7789
0 10.79 27.21 2.2138
0 10.78 26.94 1.355
0 11.46 28.6 0.5091
0 12.25 29.32 1.6194
0 13.36 31.71 1.9432
0 14.56 29.95 1.8204
0 14.59 32.35 2.0591
0 15.84 33.13 1.6385
0 16.27 34.02 2.4427
0 14.02 33.03 2.5138
0 12.96 30.9 2.2794
0 15.17 30.91 2.0496
0 13.63 30.44 2.0839
0 12.75 30.07 2.1496
0 12.93 30.52 1.9215
0 13.45 31.91 1.8871
0 14.83 32.09 2.1827
0 14.54 31.53 2.8868
0 15.24 30.55 2.6001
0 14.83 30.48 2.6182
0 14.05 30.17 2.5008
0 12.98 29.63 2.9428
0 10.57 26.98 2.5425
0 10.32 26.68 2.0524
0 12.16 27.44 2.355
0 8.69 25.11 3.0661
0 5.92 17.46 1.95
0 6.76 19.42 1.3746
0 9.25 24.33 0.3599
0 11.04 27.8 1.2167
0 13.15 29.51 2.9487
0 13.24 30.6 2.693
0 11.8 29.24 2.9852
0 11.07 28.07 3.193
0 8.44 25.91 1.3932
0 8.19 25.58 0.3478
0 9.67 27.26 0.7011
0 10.89 29.14 0.8457
0 12.32 31.57 1.2826
0 13.62 32.62 2.1144
0 14.27 31.77 2.1891
0.4 14.21 32.68 2.3171
0.35 11.81 27.39 2.9957
0.05 10.47 25.27 1.5835
0 9.69 26.39 1.5432
0 9.14 27.09 0.4676
0 9.6 28.01 1.4506
0 11.78 28.13 1.1854
0 12.54 29.2 1.2716
0 12.1 30.72 2.7936
0 13.27 29.11 1.8233
0 11.93 28.59 0.7901
0 12.44 29.46 0.2861
0 13.15 29.86 1.4254
0 12.66 29.63 2.1893
0 10.22 28.21 2.0591
0 8.55 26.17 1.9749
0 8.43 23.75 1.5097
0 8.86 24.06 0.4254
0 9.28 25.09 0.941
0 10.87 27.31 0.3686
0 11.88 28.88 0.9443
0.025 13.52 31.35 1.7326
0.325 11.2 27.33 2.2022
0.175 7.81 21.76 2.6906
0 6.41 20.14 1.5261
0 7.67 23.76 1.3484
0 9.98 26 0.3557
0 10.28 27.05 1.0669
0 11.91 29.78 2.1526
0 10.9 28.48 0.977
0 12.67 25.62 2.3222
0 10.98 29.87 2.379
0 11.79 29.95 1.4157
0 10.43 29.22 0.6903
0 10.43 28.67 0.7734
0 12.74 30.36 1.1811
0 11.53 31.3 0.4157
0 11.37 31.38 2.0612
0 10.98 27.31 2.4968
0 0.72 15.65 2.3309
0 0.69 16.19 2.4661
0 3.34 20.02 0.7135
1.2 4.33 20.66 3.1531
0.85 -0.94 17.3 3.4819
0.075 -2.92 5.78 0.3018
0 -2.04 13.24 2.8671
0 -0.02 15.91 1.5115
0 1.68 16.61 1.3779
0 2.33 18.8 0.7332
0 3.63 19.62 0.4498
0 2.18 19.66 1.8872
20.025 3.36 18.44 1.8979
54.175 3.13 12.34 6.544
25.675 3.95 10.06 4.3449
0.225 6.19 13.29 0.8777
0 6.24 19.55 2.229
0 5.75 20.95 1.0481
0 7.62 23.85 1.7766
1.075 6.57 18.96 2.2911
0.65 -0.62 10.67 2.1484
0 -0.1 13.22 1.0498
0 1.9 16.17 0.5321
0 2.39 17.44 0.9675
0 4.72 19.33 1.168
0 4.26 16.55 1.7223
0 4.03 18.2 1.1442
0 3.68 18.82 4.2088
0 -1.31 8.96 4.9463
0 -3.39 8.06 0.7454
0 -2.79 9.72 0.0419
0 0.87 15.46 0.8266
0 2.17 17.97 0.8243
0 4.92 19.35 1.1988
0 4.52 21.02 1.1099
0 4.68 21.17 1.6931
0 3.3 19.71 2.2329
0 0.33 14.64 0.5578
0 0.14 13.67 1.5506
0 -1.47 11.03 1.8461
0 -0.88 12.05 1.186
0 0.66 12.93 0.7463
6.825 3.38 13.63 0.3705
5.125 0.7 12.75 2.0183
0.6 -3.25 4.63 1.2299
0 -3.43 6.32 1.1183
0 -3.65 7.51 2.8418
0 -2.01 10.44 2.1576
0 -0.08 12.59 1.5722
0 -0.36 13.58 1.5931
1.1 -2.42 8.77 2.3334
4 -2.17 11.32 3.6457
2 -1.82 9.87 1.0536
0 -1.69 6.56 0.4557
0 -2.62 9.28 2.2739
0 -1.56 9.2 3.7922
0 -0.45 10.86 4.0762
1.5 -0.39 12.24 2.6635
1.925 0.31 13.25 1.0969
0.6 -3.05 8.61 4.8365
0 -1.09 6.74 5.0216
0 -1.39 9.27 3.9645
0 -1.35 11.04 1.6269
0 -2.42 11.01 2.2097
0 -3.93 12.22 2.1367
0 -3.08 8.55 2.1397
0.125 -3.27 9.52 1.2326
29.975 -5.38 5.48 2.2158
23.1 -5.22 2.02 0.9254
3.1 -13.24 -2.77 0.6617
0 -12.62 -3 1.945
3.825 -9.73 -0.59 3.1163
46.7 -2.84 2.94 2.8686
67.85 -0.44 3.31 3.7334
30.925 -2.24 3.63 4.401
1.775 -3.47 0.87 0.6709
0 -3.76 1.57 3.1059
0 -1.64 5.35 2.5091
0 -0.65 7.04 2.3166
0 -0.29 8.11 2.8384
0 -0.56 7.68 4.165
2.5 -0.75 8.46 2.92
11.225 -0.49 9.75 1.7931
13.425 -3.53 6.61 3.6498
0.075 -7.65 0.89 2.6546
0 -4.06 5.33 3.9442
0 -3.85 5.4 3.8864
7.975 -3.77 5.83 4.0848
4.85 -2.78 5.25 1.9672
3.375 -3.98 2.67 3.119
11.225 -3.94 3.75 0.7363
5.625 -2.52 3.06 1.5001
0.05 -3.16 2.42 2.5036
0 -2.78 5.97 1.966
0 -2.22 5.96 1.2549
0 -2.11 7.99 4.0267
0 -2.83 9.87 2.946
0 -1.11 9.43 2.6628
0 -1.47 9.34 3.07
0 -0.78 9.63 2.758
0.075 0.37 10.76 3.075
1.8 0.64 11.12 2.3553
1.025 1.9 9.39 2.4361
1.675 1.54 8.41 3.1549
24.025 0.35 11.33 4.3691
14.025 -0.56 6.92 2.0274
0.075 -3.73 4.59 1.3766
0 -2.75 6.7 3.3327
2.875 -1.9 9.52 2.0572
28.425 -1.62 8.8 2.5423
41.9 -1.45 5.54 4.6995
38.125 -2.64 1.7 5.4628
39.825 -2.96 0.21 6.4213
38 -4.8 -0.78 4.0636
20.7 -4.32 -0.85 4.0426
4.625 -5.89 -1.64 0.8976
2.875 -6.93 0.43 2.2492
3.9 -4.98 1.36 3.8194
1.35 -2.23 2.2 2.9886
0 -3.14 5.85 1.3293
0 -5.13 6.88 2.8237
1.85 -3.63 5.58 3.2133
1.1 -2.01 7.36 1.3986
0 -5.37 5.6 1.2054
0 -7.91 6.09 1.7169
0 -3.44 7.29 2.0061
0 -2.64 7.15 0.6077
6.7 -2.02 7.73 2.6742
13.625 -0.93 6.84 3.4593
10.35 -0.76 4.07 1.7448
2.75 -2.61 2.05 2.5888
1.05 -4.52 2.7 1.3464
1.1 -3.74 3.41 2.2484
0.275 -4.76 2.16 0.6109
0 -4.08 4.96 1.0367
0 -1.57 6.76 1.0972
0 -1.95 10.07 1.577
0 -1.08 11.75 1.5839
0 -1.54 13.69 1.013
0 0.02 12.95 1.6767
0 0.29 13.99 2.4375
0 0.39 14.74 1.1851
1 -1.54 13.3 1.2723
2.925 -0.31 8.31 2.4116
15.6 -1.4 6.82 3.1133
8.3 -5.88 1.3 2.2711
20.3 -5.37 5.76 3.6724
16.425 -2.36 5.31 2.8234
1.525 -3.48 4.7 0.7425
22.725 -2.39 9.48 4.3758
14.475 -0.9 7.79 1.5866
0.6 -2.89 2.08 0.5275
1.75 -2.41 9.46 2.3396
12.725 0.18 11.59 2.6536
20.425 -1.45 5.86 3.2282
8.05 -4.44 3.17 3.0818
0.175 -5.84 1.7 1.3207
0.1 -3.55 6.61 2.5564
0.15 -4.14 7.61 0.9431
5.825 -1.95 8.36 2.4813
5.5 -8.36 2.12 3.8768
1.225 -6 2.86 2.1506
0 -6.27 2.05 0.3854
27.325 -3.84 9.13 2.0732
16.4 -4.32 8.02 2.5242
0 -4.94 5.9 2.5863
0 -3.99 11.37 3.7509
0 -1.81 15.94 1.4202
0 0.45 17.28 0.6879
0 1.37 17.11 2.8713
0 -3.42 15.7 2.1107
0 1.6 18.42 2.0046
0 -0.1 17.08 0.5687
0 -0.24 14.95 1.4029
0 -1.45 14.82 2.1744
1.575 -1.28 16.28 2.0629
3.925 -0.1 15.97 2.3632
1.775 -4.3 7.7 2.5421
0 -2.53 8.42 2.7869
0 -1.78 14.59 1.2456
8.275 0.1 15.91 2.4422
17.15 0.3 15.36 5.5479
7.5 -3.65 3.62 3.0692
2.1 -6.57 3.39 0.8872
6.625 -5.04 7.32 2.2001
3 -2.95 3.99 2.0374
21.925 -3.83 4.43 2.7459
13.125 -4.85 2.25 3.2883
0 -6.18 3.58 0.8439
0 -4.54 9.02 2.1545
0 -2.37 14.32 0.4194
0 -0.38 15.72 1.1242
1.75 0.22 15.55 1.9828
18.7 -0.41 10.05 4.0196
13.15 -2.56 4.63 4.6227
1.55 -3.77 2.09 1.0689
0 -3.15 8.66 0.6681
0 -1.96 10.13 0.8098
0 -0.34 15.1 2.502
0 -0.74 14.95 1.4451
0 0.15 17.06 1.1026
8.25 1.36 18.94 1.7473
16.625 2.75 16.23 2.6555
7.95 -3.34 5.51 3.0343
0.55 -2.37 0.71 1.7119
0 -1.35 4.53 1.4304
0 0.27 15.01 0.7926
0 2.22 17.25 1.3218
0 3.86 20.22 0.7542
8.825 4.44 20.3 4.0565
10.275 -0.64 9.74 5.0702
3.075 -5.07 3.04 3.9518
0.05 -4.84 4.78 3.4288
0 -2.23 10.73 1.9541
0 -0.31 14.42 2.0159
0 1.04 18.93 0.9201
0 2.9 20.13 2.0599
0 2.87 19.27 3.6113
0 0.48 15.19 2.1668
0 0.22 14.9 0.7109
0.2 1.34 17.09 2.832
5.65 1.19 16.02 3.7799
13.4 -1.86 6.42 3.2322
6.125 -5.69 5.51 4.2154
0.025 -4.17 7.46 2.1938
0.1 1.04 14.18 0.9629
0.05 2.11 17.52 0.5916
0 3.82 19.26 0.4879
3.05 6.46 21.09 1.2884
5.2 7.27 20.6 1.9365
2.025 0.3 13.77 1.9491
0.275 3.3 13.79 1.6863
0.15 5.4 16.72 3.4122
0.2 1.23 17.48 4.3809
0.325 -2.86 11.2 3.7213
0.275 -2.69 6.5 4.1193
3.45 -1.24 9.23 2.3465
7.925 -1.13 9.26 1.5375
13 2.44 12.98 3.0321
11.975 0.93 9.49 2.5186
3.775 -1.81 7.82 3.5822
0 -0.7 10.32 1.8682
0 2.95 17.91 0.5401
0 4.59 21.49 2.5621
0 8.65 20.89 2.9372
0 6.08 19.27 2.6532
0 7.24 20.66 2.7752
0 8.8 22.21 2.7855
0 8.95 22.34 2.0964
0 10.49 26.11 3.0776
0 10.28 26.46 3.1338
0 8.72 24.04 2.5368
0 7.87 23.56 3.8713
0 5.33 21.82 4.6573
0 4.46 17.1 5.0489
0 8.05 17.95 3.8203
0 7.33 21.77 1.0367
0 8.73 23.85 1.6731
0 9.12 25.79 2.9438
0 5.16 23.77 3.0654
0 4.49 19.48 1.099
0 5.49 22.93 2.3698
0 5.64 21.35 3.1348
0 4.39 19.58 2.5308
0 5.41 21.6 1.5888
0 6.53 20.74 1.0793
0 8.78 24.32 1.7726
0 9.48 25.56 2.1127
0 10.98 22.5 2.6855
0 9.05 23.07 2.3856
0 11.73 25.44 0.9369
0 13.42 29.51 1.5625
0 13.7 31.29 3.1024
0 10.88 27.88 2.9544
0 9.18 26.28 2.64
0 7.88 24.4 2.7669
0 10.73 24.61 2.0234
0 8.34 23.78 0.8914
0 10.02 26.51 1.9298
0 10.66 28.1 2.5136
0 11.57 27.02 2.322
0 11.13 26.74 2.3771
0 13.12 28.39 2.1864
0 12.2 28.45 1.8115
0 12.72 30.25 2.3147
0 14.35 29.31 3.2524
0 14.02 28.54 3.365
0 12.31 26.21 1.8945
0 12.66 27.69 1.3998
0 14.73 30.82 2.6232
0 14.41 31.74 2.7631
0 14.41 31.33 2.5857
0 13.88 32.54 2.1257
0 13.04 31.61 2.0677
0 12.62 29.61 2.5031
0 11.91 28.37 1.0404
0 12.4 28.28 2.2713
0 12.25 29.13 2.0924
0 13.9 30.51 2.5446
0 14.59 29.95 2.6999
0 11.84 28.62 1.9046
0 10.23 28.15 2.316
0 11.13 27.7 1.9897
0 10.8 28.44 2.2535
0 11.23 28.19 2.3566
0 10.38 27.82 2.0611
0 10.24 27.14 2.3966
0 9.87 28.14 1.4542
0 10.23 28.54 1.9308
0 10.75 28.23 1.9772
0 9.85 27.68 2.0277
0 10.38 27.42 2.4934
0.025 10.93 26.55 2.8375
0 10.14 23.63 1.9881
0 9.32 25.46 1.8617
0 9.91 25.97 2.2573
0 8.3 21.72 1.0693
0 8.97 25.62 1.3856
0 10.8 26.75 2.3497
0 10.75 27.08 2.7732
0 11.06 27.64 1.1405
0 10.96 29.51 1.6054
0 11.92 30.38 1.7439
0 10.28 28.74 1.893
0 10.3 28.55 2.231
0 10.72 29.23 1.8861
0 9.96 26.09 1.7109
0 8.97 24.98 2.3869
0 10.89 29.7 2.0611
0 14.49 33.13 0.6304
0 15.69 34.72 2.2922
0 12.87 32.43 2.4698
0 8.45 27.91 2.8382
0 7.87 16.79 2.2563
0 5.21 16.91 2.4196
0 5.43 19.29 1.1736
0 6.94 22.89 0.549
0 9.67 27.42 0.3902
0 11.54 30.47 1.204
0 12.04 30.64 1.2321
0 10.51 29.92 1.9584
0 9.6 27.66 1.2298
0 9.51 27.79 2.3925
0 8.5 26.06 2.9031
0 2.95 11.62 2.0556
0 3.9 20.24 0.6009
0 4.93 22.11 0.6752
0 7.83 25.53 0.9826
0 8.06 25.94 1.6683
0 7.38 24.07 1.4148
0 7 23.98 0.8486
0 7.35 24.14 1.5177
0 6.85 25.27 1.5956
0 7.27 24.35 1.5243
0 7.02 24.1 1.4396
0 5.64 19.99 1.1467
0 4.88 22.25 1.011
0 6.22 20.6 2.7046
0 5.3 18.33 1.0303
0 5.45 22.31 0.4736
0 8.8 25.98 0.9215
0 11.32 30.1 0.4129
0 11.05 30.26 1.0685
0 13.85 31.43 0.5616
0 13.11 32.25 0.5116
0 12.02 31.79 0.3214
0.075 11.72 28.11 0.4263
5.95 11.19 24.87 1.3181
27.15 10.42 25.26 1.6136
17.95 7.88 15.46 1.4783
1.45 5.74 9.88 0.8889
2.4 2.67 11.08 0.7989
2.1 2.82 11.41 2.0793
0.225 1.36 11.26 0.8668
0 3.26 16.16 1.8876
0 4.49 18.66 1.6027
0 7.16 21.93 1.3405
0 7.5 22.8 2.2861
0 9.15 24.97 1.6106
0 8.88 24.32 0.7343
0 8.34 23.75 0.6025
0 8.11 23.98 1.159
2.75 8.83 19.58 0.8721
1.3 4.64 15.34 1.0476
0 4.98 14.27 1.7124
0.175 4.87 21.09 0.9475
0.1 5.8 17.67 1.973
3.45 3.47 15.45 1.7461
32.45 4.27 14 1.6091
52.95 5.67 7.99 4.6094
26.125 1.11 9.12 3.6561
0.1 0.13 9.98 1.6391
0 -2.36 10.47 2.948
0 -2.89 11.43 3.2887
3.1 2.82 15.05 2.1223
2.55 2.22 15.75 1.9122
0.4 0.37 6.87 0.8936
0 0.98 12.93 1.8914
0 1.9 15.62 3.187
0 4.26 18.71 2.9707
0 7.44 20.63 2.006
0 7.26 20.62 1.092
0.625 5.65 19.51 2.2389
18.325 3.59 15.9 3.0166
14.35 -1.5 6.11 2.7094
2.9 -3.41 5.99 0.6158
2.275 -2.11 7.14 1.6196
0 -3.51 4.97 2.5522
0 -1.12 9.22 1.4608
0 -2.04 11.09 3.0813
0 0.65 12.03 1.5637
0 2.07 14.91 2.4488
0 1.62 14.87 0.9245
0 0.71 13.79 2.1414
0 -0.06 14.24 2.0928
22.475 0.37 13.8 2.8251
34.425 -3.05 7.14 3.2289
25.5 -4.84 -0.28 5.2514
14.05 -4.59 -0.35 3.066
13.875 -4.03 0.66 4.1678
6.7 -8.54 -1 1.0624
0 -9.47 -0.62 3.3178
0 -9.25 -1.12 3.3271
14.5 -5.18 2.63 2.7733
10.3 -9.39 0.31 2.7204
0 -10.99 -1.66 2.3066
0 -8.7 -0.33 3.0448
0 -4.46 3.67 2.2789
0.075 -1.67 8.69 2.5887
0.025 1.05 7.39 1.5356
1.75 0.43 7.28 1.9757
21.125 0.52 5.31 2.1983
11.375 -0.34 8.19 3.2637
0 -1.34 5.29 2.3274
7.225 -0.32 9.2 1.848
9.675 0.75 8.31 0.9951
1.9 1.93 6.22 1.3129
0.1 1.11 8.88 0.4573
0 0 9.94 2.3123
0 0.51 9.42 1.4314
30.4 0.47 10.39 1.7705
21.625 -1.78 5.72 1.6958
6.925 -4.16 3.21 2.4597
75.15 -4.37 2.75 3.5431
112.93 -1.42 2.87 5.3111
76.625 -0.36 5.14 6.1351
28.2 -2.41 6.88 2.132
10.8 -2.95 -1.51 2.3104
5.875 -2.62 1.2 2.2938
3.75 -2.53 2.26 0.3762
0 -3.47 3.62 2.8411
23.775 -3.22 6.5 5.2712
15.9 -3.22 6.23 1.9087
0.025 -4.33 -0.13 1.0201
54.275 -3.98 1.76 2.283
36.225 -2.16 2.57 4.4209
2.35 -11.31 0.32 2.5679
4.525 -11.44 -2.44 1.4535
22.275 -11.25 -2.1 4.0368
25.45 -3.77 -0.23 4.8772
15.475 -4.13 0.04 2.6026
0 -6.4 0.41 3.2607
0 -6.36 0.72 3.9168
0 -4.24 3.8 5.4194
0 -3.91 4.59 3.8158
0 -5.13 3.61 1.9142
0 -5.13 5.02 1.1906
0 -7.13 2.11 3.2451
4.575 -7.05 3.64 3.2932
6.55 -2.2 3.88 1.8254
0.65 -2.31 6.78 1.6783
0.4 -2.82 5.93 1.3979
0 -2.09 9.87 2.5814
0 -0.97 9.9 0.9932
0 -0.38 10.34 0.7264
0 -0.23 10.3 2.335
0 -1.52 10.9 1.3418
0 -2.71 11.58 4.2875
0 -2.68 10.67 3.7836
0 -2.98 10.98 2.7476
0 -0.87 13.63 3.8964
0 -1.15 11.31 2.0637
0 -0.78 11.87 2.2431
0 -0.95 11.38 4.9906
0 -0.95 12.71 3.3147
0 -0.95 13 1.8239
8.45 -1.48 12.62 0.5389
14.05 -2.33 11.04 1.8381
4.675 -4.29 1.27 1.5112
0 -5.04 4.84 1.8931
0 -5.38 6.86 3.0386
0 -5.5 7.46 2.1171
0 -4.38 8.9 2.789
0 -0.83 12.74 1.724
0 -1.93 13.57 1.9403
0 0.62 14.9 0.5859
0 -2.51 13.85 2.1128
0 -5.03 10.28 3.595
0 -6.5 7.44 3.846
0 -5.39 8.96 3.9627
0 -3.09 12.25 2.7397
0 -1.81 14.41 1.2666
0.05 -1.76 14.22 3.3813
9.975 -2.34 8.78 4.0538
24.85 -2.49 9.6 5.9331
24.225 -5.12 -1.21 4.4461
40.15 -4.22 -1.44 3.1476
23.6 -4.42 1.06 3.8442
2.375 -8.79 0.11 0.8524
0 -8.79 1.57 1.1595
0 -8.59 1.26 0.3785
0 -7.63 4.91 0.3718
7.025 -6.31 4.64 2.2555
14.825 -4.41 2.38 5.7403
10.375 -9.02 -1.17 0.8231
0 -10.65 -2.67 0.4398
0 -10.51 2.04 2.1321
6.4 -8.59 6.53 1.6788
12.375 -3.31 8.3 3.5324
11.25 -1.08 6.23 1.4499
1.2 -4 6.6 1.4717
5.65 -3.18 10.35 0.6125
24.725 -2.21 11.84 1.7207
23.5 -0.65 4.3 4.4465
0.2 -4.09 4.08 0.4865
0 -2.71 10.11 1.4864
0 -1.41 14.3 0.9081
0.3 -1.3 13.24 1.2404
0.175 -1.34 10.62 0.7013
3.15 -1.16 12.46 0.8884
1.95 0.3 9.11 1.0193
20.8 0.79 12.58 1.1368
28.025 1.24 14.06 2.5497
2.025 -3.77 6.35 1.0468
27.15 -4.59 8.47 3.2965
50.65 -4.14 2.89 4.8589
63.625 -3.83 0.46 5.947
27.1 -4.51 0.33 2.5699
8.275 -4.64 2.67 1.0606
17.7 -3.64 4.77 4.7452
44.85 -3.97 2.18 5.4004
31 -7.11 0.16 3.945
10.525 -4.41 2.79 2.968
10.275 -2.59 -0.08 1.4703
0.275 -2.24 5.8 0.624
0 -2.46 10.02 1.3299
0 -1.34 12.55 2.1692
0 0.47 14.41 2.2943
0 2.47 19.72 1.6594
0 2.53 22 1.0537
0 0.29 17.08 1.2591
0.075 -0.35 15.16 1.8976
0 0.17 17.28 1.3836
1.425 0.74 17.2 1.5953
7.7 -2.78 15.72 3.4783
6.725 -8.03 0.13 1.4062
2 -7.59 -0.73 1.43
0.125 -6.96 5.12 0.5587
0 -4.43 10.57 1.609
0 -2.24 11.92 1.4928
0.6 -1.45 12.72 2.8024
0.425 -4.3 4.24 0.6303
0 -3.64 11.83 0.7664
0 0.53 16.61 1.527
0 1.96 18.81 2.3428
0 2.84 18.64 2.8311
0.025 3.3 15.39 1.7186
0.45 0.96 16.19 2.1211
9.775 2.8 9.75 2.2986
1.725 -0.42 11.75 0.8927
1.15 -0.44 11.64 1.3339
0.875 1.41 9.54 2.3701
1.025 0.45 8.63 2.3518
0.1 -2.12 11.29 2.7691
0 -0.11 13.65 0.8587
0 1.12 16.18 2.4469
0 -1.64 15.4 4.6285
0 -1.33 13.77 3.6066
0 -0.29 14.46 1.9108
0 1.71 17.26 0.4563
0 3.36 19.35 0.8314
0 5.14 21.04 2.9893
0 8.11 23.76 0.7209
0 7.46 24.4 1.5625
0 6.08 23.12 2.0946
0.275 4.38 19.77 3.0501
2.275 0.28 10.4 3.2906
3.45 -1.6 6.27 2.7172
0 1.16 14.49 1.7685
0 3.8 18.22 1.1859
0 4.67 20.83 0.5954
11.375 5.07 22.44 2.9252
17.175 -3.02 13.26 2.7896
8.8 -3.07 3.52 1.1376
26.2 -1.98 6.93 3.5243
18.95 -2.15 3.14 2.3536
1.55 -1.54 7.38 3.3288
0.1 -0.95 13.49 1.8036
0 2.63 18.26 2.0471
0 3.21 17.95 2.9989
0 2.06 17.21 4.4764
0 1.05 14.51 2.4971
0.05 2.6 17.02 2.7549
0.05 1.66 15.16 2.5895
0.925 1.82 15.44 3.34
4.4 1.13 14.87 4.2805
7.225 -1.48 10.61 4.8507
1.55 -0.8 9.79 2.8551
0.9 1.84 13.89 2.6284
0.425 2.83 14.59 2.9654
0.425 -1.35 8.97 1.7193
0.025 -0.03 12.16 0.5516
1.9 1.24 12.85 2.9593
5.7 5.17 7.99 1.2259
3.075 1.45 13.89 3.4275
0.05 1.51 9.67 1.9712
0 2.77 14.94 3.071
0 5.06 19.33 1.6491
0 6.37 21.93 2.3902
0 6.51 22.25 3.0705
0 5.32 19.66 2.6605
0 6.36 20.46 2.7227
0 7.8 23.11 1.7707
0 9.02 26.16 1.8572
0 9.87 25.49 2.5797
0 6.26 23.04 1.3557
0 8.16 22.69 2.8833
0 7.1 23.68 2.0574
0 8.83 24.07 0.3411
0 10.26 26.49 0.5225
0 11.6 29.46 2.4689
0 11.64 28.98 2.7466
0 10.01 27.43 2.6235
0 7.49 25.58 2.702
0 7.52 24.36 2.3215
0 9.41 25.21 2.2912
8.825 9.44 25.68 2.4678
6.2 6.36 21.8 2.4063
0.95 4.83 13.81 2.2481
0 7.54 20.75 0.9859
0 8.9 25.95 0.7845
0 11.88 28.5 0.5646
0 11.91 28.95 1.5371
0 12.4 28.75 1.8702
0 13.57 27.75 2.5376
0 14.35 28.45 2.8268
0 13.39 27.2 2.2263
0 12.64 27.86 2.5209
0 10.64 27.5 2.1633
0 9.59 26.63 2.3118
0 8.52 23.58 2.4069
0 8.5 23.81 3.1231
0 8.18 21.68 2.6801
0 8.81 20.6 3.2442
0 7.22 20.34 3.1185
0 7.62 21.22 1.9654
0 7.73 22.95 1.289
0 8.37 25.17 1.9011
0 8.51 25.23 1.315
0 9.36 25.8 2.2917
0 10.54 26.71 2.7995
0 11.01 26.57 1.8753
0 12.02 27.2 1.8937
0 10.21 28.46 2.1323
0 10.21 27.51 1.8433
0 10.18 26.65 1.7145
0 11.54 26.39 1.5577
0 12.69 29.27 2.3551
0 13.79 29.69 3.0074
0.125 15.16 29.51 2.0939
0.175 12.92 26.27 1.4618
0 12.64 28.18 1.8791
0 12.62 29.41 2.0649
0 10.25 28.65 3.0258
0 8.98 24.84 2.311
0 10.22 25.78 3.0316
0 10.01 25.71 2.3789
0 10.98 26.74 1.7491
0 10.28 27.5 1.846
0 10.11 27.31 2.1971
0 10.37 26.7 2.6499
0 9.97 27 1.6497
0 11.06 28.4 1.2487
0 11.77 29.02 2.0096
0 10.12 27.39 1.5131
0 9.49 26.64 1.1558
0 9.4 27.06 1.5945
0 9.9 27.37 1.5138
0 10.53 28.17 2.5791
0 10.01 26.25 1.9636
0 9.15 25.92 1.3692
0 8.05 25.64 1.044
0 9.38 26.77 0.9452
0 9.78 28.21 2.0233
0 12 28.73 1.2174
0 11.89 28.44 0.7681
0 11.89 30.61 1.0323
0 12.77 30.55 1.3819
0 12.54 31.08 1.6217
0 10.42 29.78 1.8302
0 8.63 27.58 1.7496
0 9.55 26.64 0.7715
0 9.96 26.75 0.7375
0 10.5 28.75 0.8722
0 11.67 28.11 0.9444
0 11.72 28.92 1.8123
0 11.35 27.89 0.6707
0 11.95 28.36 0.9122
0 12.32 29.61 0.8748
0.175 12.34 28.2 1.5534
1.3 10.27 28.45 1.0127
1.975 10.67 26.02 1.5895
3.425 7.4 19.66 1.4426
2.275 8.86 22.93 0.58
3.45 8.42 24.5 1.2169
0 8.76 22.91 2.4194
0 9.12 23.89 1.8106
0 7.28 21.41 1.6326
0 6.45 21.29 0.3079
0 8.12 25.03 0.2336
0 10.48 27.48 0.9206
0 11.32 27.64 0.4527
1.675 11.68 28.19 0.2553
0 12.25 28.82 0.534
0 12.34 29.43 1.6259
2.925 9.34 25.46 2.264
0.025 7.25 18.36 1.8673
0 7.8 22.19 0.4569
0 11.41 26.12 0.6129
0 11 25.21 1.1045
0 10.18 27.06 1.4117
0 8.47 26.26 2.2884
0 8.9 22.96 1.8664
0 7.88 20.74 1.9987
19.9 4.8 17.46 2.2902
29.675 3.1 12.61 3.7436
11.15 -1.37 7.49 0.826
1.875 -1.9 7.14 0.8959
0 -1.76 10.94 1.2859
0 1.02 15.02 1.1546
2.45 3.37 17.1 1.5209
3.725 4.89 12.67 1.6172
0 5 18.82 0.901
0 5.26 21.41 0.5731
0 8.72 23.48 0.3994
0 6.79 23.13 0.9965
0 6.96 22.23 1.4584
0 7.49 21.13 1.6851
0 7.75 21.86 1.6277
0 6.3 22.82 0.7833
0 5.38 19.85 0.5879
0 5.48 20.43 0.5263
0 5.37 19.56 2.2079
0 5.36 21.56 1.782
0 5.78 22.14 2.106
0 4.51 19.32 1.3211
0 2.4 15.19 3.2854
0 0.22 14.06 3.3846
0 0.65 14.01 2.0494
0 2.53 16.28 0.9249
0 3.32 17.75 2.1082
0 3.64 18.83 0.1274
0 2.76 18.22 3.2124
0 3 16.36 4.1959
4.675 -0.3 16.55 3.7334
7.55 -3.5 14.2 1.7967
5.4 -5.65 1.31 0.4148
5.85 -4.87 2.36 1.4725
0.1 -5.34 1.67 0.8981
0 -5.57 4.06 2.264
0 -3.82 6.65 3.227
0 -2.67 10.37 3.0447
2.3 -0.9 11.22 3.539
3.075 1.54 8.7 0.996
0 0.79 8.7 0.2058
0 1.68 10.54 0.671
0 -1.15 10.72 0.5588
0 -0.73 10.99 0.913
0 -1.02 11.78 0.9139
0.05 -0.59 11.35 3.151
1.4 -2.3 5.32 2.1716
3.1 -2.1 3.25 4.0543
2.4 -4.5 2.75 1.6813
0 -3.97 5.83 2.3321
0 -2.68 7.51 3.5366
0.025 -2.85 13.11 2.2011
0 -2.54 9.22 0.7938
0 -1.36 9.37 2.9254
0 0.02 13.06 2.3692
0 1.21 12.64 1.0809
0 2.83 12.56 1.7375
0 -1.75 13.89 3.4478
0 -2.19 10.32 8.5789
0 -1.67 6.57 3.634
0 -3.61 10.45 4.346
0 -5.16 7.52 2.7878
0 -4.98 5.92 3.4956
0 -5.79 6.06 3.0925
0 -5.02 5.78 3.6005
0 -4.32 8.04 3.6395
0 -3.64 8 4.3226
0 -3.17 9.12 3.2368
0 -4.16 8.3 1.0081
0 -5.8 6.96 1.6653
0 -6.24 4.05 1.476
0 -5.83 4.78 1.1349
0 -5.14 5.08 0.8734
0 -4.65 4.45 5.5398
0 -2.82 8.3 4.6527
0 -4.92 8.89 2.7464
0 -5.19 7.77 4.6394
0 -5.91 6.13 4.5121
0 -5.15 6.42 3.5176
0 -5.46 6.74 4.5452
0 -5.53 7.42 4.0281
0 -5 8.45 4.9869
0 -3.91 9.04 3.4385
0 -2.4 9.76 1.3178
0 -2.53 10.47 1.1447
0 -1.51 9.69 1.231
0 0.53 14.01 0.9437
0 -0.51 11.47 1.084
0 -3.02 10.29 2.3901
