0.75 -4.48 10.12 1.652
4.825 0.65 8.73 1.1836
2.6 -2.93 8.22 1.6334
1.575 -5.68 4.72 4.0591
2.55 -5.15 5.02 1.7692
0.95 -0.41 2.94 0.472
0 -0.25 8 1.4917
0 1.7 10.19 0.7877
0 -0.59 13.36 4.4251
0 -0.31 12.84 3.4784
0 0.91 13.05 2.4241
0 2.58 15.4 5.4985
0 4.33 16.18 3.9775
0 0.97 16.49 3.5264
0 2.27 17.81 4.0078
0 1.7 18.49 4.9719
0 1.79 16.01 4.2583
0 1.95 15.21 4.7334
0 2.04 16.1 4.8516
0.15 2.18 15.27 3.4233
15.525 3.18 15.85 2.7479
28.975 5.44 14.61 2.1585
49.525 2.68 11.75 1.6737
44.95 5.1 9.65 2.3966
12.875 1.11 7.41 3.4787
1.875 -4.67 1.67 0.8488
0.3 -5.4 3.5 1.3241
0 -4.18 6.15 1.6142
0 -0.43 9.82 4.2254
0 1.23 15.38 4.5013
0 3.24 16.17 3.0954
0 2.57 15.7 3.0809
0 0.64 13.2 3.9543
0 0.43 16.71 3.7947
0 3.71 18.23 2.9951
5.525 4.72 16.87 2.6279
6.8 1.72 8.09 3.0588
2.075 0.35 6.48 2.7704
17.375 0.4 8.76 1.3884
10.425 -3.67 6.75 3.6123
2.4 -7.71 1.94 0.4319
8.55 -5.35 3.41 2.4685
4.725 -1.62 3.77 1.4171
11.325 -2.02 4.47 3.0137
6.475 -2.02 3.19 3.3869
2.25 -0.69 4.62 5.8506
25.9 -0.33 4.09 5.5844
19.275 -0.14 3.21 4.453
2.725 -2.56 2.16 1.299
0 -2.43 6.24 3.4793
0 -1.98 10.87 2.6916
5.8 -1.21 12.26 3.83
19.825 0.11 11.07 3.7405
13.5 2.96 5.98 2.6742
3.4 0.94 7.17 1.4183
1.625 1.61 13.22 1.4192
0.325 1.17 7.1 2.2664
0 0.13 11.75 0.3251
0.05 0.84 14.31 3.634
10.95 3.38 14.58 2.7179
28.2 5.02 11.17 3.8629
40.5 3.52 10.16 4.8886
19.8 -0.05 5.17 2.8791
1.725 -3.8 3.96 0.9159
0.75 -2.74 6.42 1.8713
0 -4.23 5.51 0.2901
0 -4.78 9.95 1.41
0 -0.82 12.6 2.6587
0 -4.41 7.17 0.3903
0 -3.65 11.97 0.4794
0 -0.31 12.3 2.0211
0 0.4 15.55 2.2843
0 0.42 16.97 1.2722
0 0.81 13.03 2.0865
0 3.03 14.63 2.3626
0 2.94 17.65 1.1702
0 3.77 19.23 1.2442
0 4.86 20.47 0.9313
0.125 3.62 21.15 0.7435
24 4.44 20.35 1.7995
17.725 -0.82 11.57 4.1405
1.225 -5.98 2.49 2.3159
0 -4.25 6.99 1.8827
0 -0.93 14.34 0.6196
0 0.26 16.14 2.0883
0 2.51 19.19 2.0512
0 3.19 18.22 1.3716
0 3.06 19.72 3.2475
0 0.62 15.63 1.8931
0 0.88 14.77 0.3467
0 2.24 16.63 2.6814
0 3.67 19.35 2.5183
0 1.48 16.77 5.2756
0 -1.97 10.15 1.9395
0 -1.41 14.53 2.7301
0 1.24 18.57 2.2442
9.5 2.9 21.16 1.3153
17.7 1.06 16.6 2.9472
11.85 0.98 7.06 1.6705
3.1 1.12 8.37 2.3305
0.175 0.22 8.19 3.8152
0 1.43 12.82 1.7288
0 2.31 16.68 2.1317
0 3.74 16.96 4.6986
0 -3.35 10.15 5.9902
0 -2.37 7.05 3.169
0 -0.17 15.05 1.4622
0 2.51 19.92 2.7629
0 5.16 23.06 2.7044
0 8.34 26.65 1.546
0 10.11 28.55 1.1987
0 10.65 29.37 1.959
0.1 8.6 28.26 2.585
1.35 6.65 21.45 3.4004
0.775 -0.97 10.49 3.577
0 0.65 14.12 2.0985
0 2.8 16.97 2.3331
0 1.57 16.19 3.1208
0 0.07 13.55 1.7429
2.4 1.9 16.79 2.0238
62 5.73 19.93 1.8167
40.05 6.53 17.05 2.4061
6.5 6.98 13.17 3.4704
3.425 5.1 14.01 1.7668
0.475 7.96 17.75 3.4465
0 6.47 20.31 2.1298
0 6.93 23.53 2.985
0 8.32 23.9 1.7744
0 7.68 24.32 1.4419
0 8.29 24.44 1.1065
0 8.35 26.11 3.0646
0 7.25 25.55 3.3075
0 6.99 23.11 2.6888
0 7.55 23.09 3.3324
0 9.39 24.82 1.874
0 10.42 27.04 1.4332
0 13.41 31.61 0.2825
0.525 15.12 33.52 2.335
0.3 13.5 33.02 2.5943
0 10.4 27.01 1.7384
0 9.39 25.73 1.0696
0 10.41 26.85 2.5164
0 10.21 26.73 3.0142
0 10.29 26.24 2.8047
0 8.87 25.78 2.0392
0 9.74 25.5 1.4124
0 11.58 27.61 0.9468
0.325 12.72 28.32 2.085
0.2 11.87 28.35 2.5045
7.75 12.89 27.08 3.2029
4.65 11.88 27.13 2.2676
0 11.93 26.3 2.1264
0 11.12 24.35 2.3246
0.2 11.31 22.49 0.5355
7.1 8.41 21.44 2.2034
5.825 5.71 19.63 3.3967
2.225 4.65 11.62 2.2326
0.75 5.79 14.14 2.7191
0 6.66 19.58 2.6206
0 8.67 21.94 3.4514
0 8.84 21.21 3.0748
0 7.17 19.91 3.4176
1.425 7.98 20.46 2.4202
1.3 9.52 19.65 3.5654
0.25 7.37 19.94 2.4775
0 7.68 20.66 2.4865
0 8.73 20.77 2.5656
0 10.76 22.52 3.0601
0 10.9 24.99 1.8431
0 12.67 29.76 2.6948
0 9.96 28.57 3.257
0 7.8 23.79 3.2545
0 8.26 22.94 1.1801
0 9.79 25.31 0.566
0 12.07 29.02 1.4712
0 12.8 31.36 2.6463
0 12.54 29.57 1.8439
0 13.41 30.01 0.8655
0 14.36 34.21 0.6855
0.275 16.96 35.57 2.9519
0.225 16.32 35.25 2.9317
0 15.36 31.91 2.2783
0 15.79 32.85 1.7523
0 14.26 31.37 2.8114
0 13.62 31.84 2.4829
0 12.96 30.36 2.7043
0 12.36 29.8 2.5061
0 10.89 28.28 2.7509
0 10.33 27.39 2.5811
0 10.51 27.34 2.5881
0 10.82 27.71 1.8822
0 11.97 29.14 1.7404
0 13.62 30.17 2.1733
0 13.55 29.93 1.3592
0 14.47 31.79 0.4574
0 15.32 32.59 1.6315
0 16.43 34.86 1.8986
0 17.54 32.99 1.8054
0 17.17 35.51 2.0558
0 19 36.28 1.578
0 19.44 37.15 2.4362
0 16.68 35.97 2.5083
0 15.71 33.95 2.3045
0 17.51 33.81 2.0519
0 16.25 33.39 2.0616
0 15.31 32.94 2.1212
0 15.51 33.38 1.9123
0 16.2 34.94 1.939
0 17.56 35.19 2.2514
0 17.38 34.42 2.9204
0 17.77 33.37 2.6456
0 17.73 33.62 2.6812
0 16.99 33.24 2.5283
0 15.92 32.78 2.8834
0 13.15 30.22 2.4676
0 13.06 29.47 1.9528
0 14.29 30.54 2.28
0 11.44 28 2.9841
0 8.85 20.71 1.9512
0 9.25 22.53 1.4195
0 11.87 27.39 0.4262
0 13.87 30.87 1.2518
0 16.1 32.77 2.9424
0 16.29 33.75 2.6739
0 14.46 32.28 2.9877
0 14.07 31.22 3.2089
0 11.28 28.94 1.426
0 11.03 28.65 0.376
0 12.55 30.42 0.7292
0 13.77 32.25 0.8248
0 15.14 34.72 1.2887
0 16.59 35.72 2.1591
0 17.17 34.8 2.1633
1.625 17.23 35.83 2.3181
1.525 14.74 30.46 2.9013
0.325 13.4 27.67 1.5626
0 12.58 29.48 1.5166
0 11.73 29.98 0.4195
0 12.17 30.97 1.4659
0 14.03 31.52 1.2317
0 15.57 32.47 1.2575
0 14.73 33.96 2.7222
0 16.19 32.21 1.7314
0 14.99 31.58 0.6987
0 15.4 32.62 0.3288
0 15.82 32.89 1.4464
0 15.32 32.71 2.2381
0 13 31.3 2.0352
0 11.54 29.29 1.9668
0 11.33 26.82 1.5624
0 11.76 27.2 0.4374
0 12.2 28.2 0.948
0 13.7 30.42 0.3793
0 14.45 32.05 0.9507
0.025 16.45 34.37 1.8116
0.3 13.84 30.22 2.1377
0.15 10.71 24.6 2.6454
0 9.36 23.71 1.5529
0 10.56 26.92 1.4187
0 12.9 29.06 0.384
0 12.99 29.91 1.0474
0 14.02 32.76 2.0953
0 14.03 31.4 0.9985
0 15.67 28.51 2.2139
0 13.77 32.92 2.3226
0 14.9 33.05 1.3568
0 13.48 32.34 0.6464
0 13.18 31.65 0.776
0 15.8 33.46 1.1799
0 14.22 34.24 0.4197
0 14.17 34.38 2.0148
0 14.01 30.78 2.4739
0 3.6 18.9 2.3486
0 3.2 19.26 2.4475
0 5.87 23.02 0.6974
1.275 6.93 23.7 3.1646
0.925 2.23 20.58 3.4689
0.075 -0.08 8.79 0.3066
0 1.02 16.15 2.7595
0 2.69 18.86 1.4518
0 4.26 19.55 1.391
0 5.25 21.85 0.714
0 6.24 22.5 0.4074
0 4.85 22.57 1.8398
15.4 6 21.48 1.8721
49.9 5.88 15.14 6.5783
24.825 6.6 13.02 4.2818
0.25 9.31 16.48 0.9111
0 9.25 22.59 2.2465
0 8.74 23.93 1.036
0 10.47 26.39 1.7221
1.175 9.5 21.88 2.2361
0.7 2.25 13.61 2.1066
0 2.75 16.22 1.053
0 4.73 19.19 0.5337
0 5.37 20.35 0.999
0 7.57 22.19 1.2042
0 6.92 19.85 1.6857
0 6.75 21.09 1.1479
0 6.57 21.7 4.2331
0 1.21 11.31 4.9284
0 -0.65 11.3 0.7337
0 -0.03 12.62 0.0505
0 3.76 18.38 0.8228
0 4.93 20.92 0.8429
0 7.55 22.27 1.2022
0 7.26 23.94 1.0998
0 7.31 24.19 1.6742
0 6.31 22.54 2.2108
0 3.11 17.49 0.5073
0 3 16.65 1.6042
0 1.26 14.05 1.855
0 1.88 15.13 1.1538
0 3.36 15.9 0.7468
5.75 6.41 16.69 0.3376
4.575 3.82 15.66 2.0314
0.65 -0.32 7.36 1.2806
0 -0.57 9.37 1.1437
0 -1.03 10.61 2.8198
0 0.78 13.3 2.1357
0 2.69 15.91 1.5091
0 2.38 16.66 1.6845
0.825 0.41 11.77 2.3071
3.675 0.58 14.49 3.5443
1.9 0.95 12.8 1.0922
0 1 9.76 0.4344
0 0.3 12.4 2.2153
0 1.22 12.53 3.7742
0 2.34 14.19 4.0332
1.15 2.39 15.67 2.6383
1.7 2.99 16.58 1.0695
0.6 -0.01 11.52 4.798
0 1.49 10 4.9628
0 1.26 12.18 3.9676
0 1.32 14.22 1.6047
0 0.41 14.07 2.1504
0 -0.99 14.84 2.0983
0 -0.25 11.76 2.1338
0.075 -0.45 12.6 1.2891
22.85 -2.55 8.5 2.1745
19.7 -2.29 4.51 0.9046
3.6 -10.25 0.29 0.6334
0 -9.7 0.12 1.9637
3.95 -6.93 2.7 3.159
40.8 -0.42 5.93 2.9247
59.475 2.59 6.36 3.7566
31.775 1 6.8 4.3432
2.05 -0.3 4.29 0.6275
0 -0.82 4.82 3.1445
0 1.14 8.08 2.5486
0 2.06 9.74 2.3345
0 2.29 11.04 2.8457
0 2.05 10.35 4.1815
1.725 1.94 11.47 2.9277
12.075 2.31 12.82 1.7616
11.825 -0.64 9.39 3.6608
0.075 -4.85 3.72 2.6076
0 -1.44 8.22 3.9598
0 -0.99 8.83 3.9193
6.725 -0.86 9.32 4.1061
4.15 0.19 8.49 1.9726
2.875 -0.92 6.53 3.084
9.875 -0.85 6.78 0.7263
5 0.54 6.16 1.4897
0.05 -0.12 5.62 2.5141
0 0.17 9 1.9677
0 0.59 9.14 1.2811
0 0.58 11.25 4.0418
0 -0.03 13.27 2.9619
0 1.5 12.9 2.7342
0 1.27 12.41 3.1063
0 2.24 12.84 2.7206
0.1 3.13 13.78 3.0596
1.425 3.58 14.06 2.3783
0.85 4.78 11.67 2.4269
1.375 4.13 10.21 3.1782
20.925 3.44 14.48 4.3772
12.225 2.54 10.51 2.0155
0.075 -0.62 7.63 1.3345
0 -0.01 10.05 3.3276
1.975 1.1 12.62 2.1159
24.25 1.63 11.26 2.5483
39 1.67 8.58 4.7247
33.05 0.58 4.72 5.4598
35.325 0.25 3.64 6.4345
34.85 -1.88 2.31 4.0685
18.725 -1.32 2.3 4.0123
4.15 -2.93 1.45 0.8831
2.075 -3.91 3.59 2.2895
3.475 -2.35 4.43 3.8606
1.35 1 5.17 3.0253
0 0.02 8.89 1.3057
0 -1.93 9.83 2.7924
1.65 -0.6 8.87 3.2284
0.975 1.12 10.31 1.3641
0 -2.4 8.55 1.2528
0 -5.26 9.19 1.7184
0 -0.49 10.21 2.0258
0 0.42 10.17 0.6072
6.975 0.97 10.71 2.6969
13.475 2.14 9.75 3.4973
10.8 2.37 7.16 1.7429
3.125 0.56 4.96 2.6318
0.95 -1.3 5.66 1.309
1.175 -0.55 6.39 2.2048
0.35 -1.71 5.08 0.6534
0 -1 7.85 1.0401
0 1.46 9.75 1.0945
0 0.95 13.19 1.6228
0 1.56 14.52 1.5988
0 1.66 16.44 1.0581
0 2.95 15.74 1.6687
0 3.26 16.88 2.4257
0 3.36 17.61 1.1721
1.075 1.26 15.9 1.2575
3.65 2.56 11.12 2.4251
14.725 1.7 10.04 3.1352
7.75 -2.7 4.7 2.2028
20.1 -2.22 8.7 3.6782
17.675 0.46 8.03 2.8041
2.075 -0.37 7.74 0.7668
23.85 0.48 12.23 4.3474
15.5 2.15 10.78 1.5732
0.75 0.22 5.04 0.5043
1.3 0.48 12.24 2.3001
10.875 3.2 14.43 2.6486
19.2 1.67 8.88 3.2162
7.875 -1.42 6.21 3.054
0.125 -2.74 4.72 1.3203
0.075 -0.62 9.53 2.5183
0.175 -1.1 10.42 1.002
5.175 0.56 11.24 2.5163
4.925 -5.16 5.32 3.8917
1.125 -3.59 5.78 2.2063
0 -3.5 4.95 0.3495
25.85 -0.87 12.27 2.027
15.5 -1.21 10.55 2.5444
0 -1.98 8.58 2.5299
0 -0.85 14.35 3.7041
0 1.12 18.84 1.3909
0 3.39 20.29 0.7043
0 4.35 20.06 2.8376
0 -0.86 18.81 2.0878
0 4.38 21.42 1.9642
0 2.91 20.04 0.5117
0 2.57 18.01 1.4664
0 1.55 17.65 2.1146
1.275 1.71 19.23 1.9998
3.425 2.91 18.93 2.3138
1.6 -1.38 10.72 2.5639
0 0.48 11.41 2.7314
0 0.96 17.3 1.1891
6.575 2.94 18.86 2.3586
15.475 3.12 17.95 5.4646
7.125 -0.62 6.72 3.0255
2.325 -3.89 6.19 0.9184
7.375 -2.22 10.22 2.146
3.35 -0.98 6.86 2.0269
22.25 -0.87 7.44 2.7496
13.325 -1.64 5.44 3.2318
0 -3.7 6.66 0.8925
0 -1.88 12.02 2.1126
0 0.04 17.11 0.4716
0 2.29 18.4 1.0171
1.475 2.99 17.85 1.9978
18.225 2.54 12.71 4.0882
13.375 0.71 8.15 4.6081
1.775 -0.82 5.02 1.0691
0 -0.26 11.43 0.6806
0 0.97 12.99 0.806
0 2.36 17.93 2.4859
0 2.06 17.8 1.4904
0 2.91 19.83 1.1053
7.075 4.08 21.54 1.7413
16.425 5.15 19.03 2.6035
8.35 -0.32 8.35 3.0851
0.625 0.59 3.67 1.7791
0 1.49 7.35 1.4554
0 2.97 17.75 0.8508
0 4.97 19.78 1.3203
0 6.41 22.98 0.7736
9.175 6.96 23.11 3.9414
10.7 2.33 12.75 5.0171
3.225 -2.09 6.21 3.9521
0.05 -1.86 7.75 3.4601
0 0.38 13.61 2.0026
0 2.35 17.17 2.0219
0 3.13 21.68 0.8822
0 5.34 22.99 2.102
0 5.5 22.14 3.6513
0 3.16 18.19 2.1753
0 2.67 17.82 0.676
0.175 4.02 19.98 2.831
4.975 3.97 18.93 3.7909
13.875 1.22 9.79 3.1595
6.65 -2.82 8.35 4.1433
0.05 -1.38 10.62 2.1832
0.125 3.57 17.13 0.9194
0.075 4.61 20.47 0.5726
0 6.4 22.27 0.4714
2.525 8.86 24.06 1.2658
5.35 9.88 23.56 1.8692
2.3 3.23 16.89 1.838
0.3 6.2 16.7 1.6863
0.175 8.02 19.67 3.4368
0.25 3.82 20.28 4.3884
0.325 0.1 14.19 3.7318
0.275 0.22 9.62 4.1458
2.9 1.64 12.05 2.348
7.35 1.77 12.26 1.5206
12.85 5.18 15.99 2.9379
12.875 4.13 12.52 2.4814
4.325 1.16 10.91 3.542
0 2.08 13.17 1.9154
0 5.66 20.77 0.5486
0 7.45 24.65 2.5561
0 11.36 24 2.9308
0 8.99 22.13 2.6707
0 10.03 23.7 2.7699
0 11.41 25.17 2.7591
0 11.61 25.28 2.1124
0 13.23 29.14 3.095
0 12.04 29.51 3.1533
0 11.59 26.96 2.6188
0 10.72 26.53 3.8407
0 8.46 24.81 4.6867
0 7.4 20.26 5.0103
0 10.04 20.82 3.7375
0 10.12 24.78 1.0243
0 11.29 26.85 1.6879
0 11.8 28.97 2.9161
0 7.63 26.72 3.0467
0 7.1 22.53 1.1961
0 8.51 25.99 2.409
0 8.64 24.37 3.0912
0 7.38 22.67 2.5451
0 8.3 24.76 1.6437
0 9.21 23.82 1.1533
0 11.29 27.41 1.8318
0 12.5 28.71 2.1035
0 13.96 25.69 2.7037
0 12.18 26.22 2.4212
0 14.57 28.5 0.9996
0 16.42 32.7 1.6127
0 16.71 34.5 3.056
0 13.67 30.92 2.9494
0 12.22 29.35 2.6435
0 10.58 27.4 2.7886
0 13.34 27.68 2.0673
0 10.93 26.93 0.8684
0 12.94 29.61 1.9727
0 13.35 31.18 2.5721
0 14.6 30.17 2.3668
0 13.92 29.82 2.447
0 15.75 31.18 2.2301
0 14.96 31.55 1.8084
0 15.45 33.19 2.2644
0 17.38 32.41 3.2206
0 16.68 31.55 3.3116
0 15.3 29.09 1.9321
0 15.31 30.81 1.4815
0 17.14 33.96 2.6335
0 16.96 34.82 2.7512
0 17.11 34.39 2.5814
0 16.89 35.63 2.162
0 16.02 34.64 2.0847
0 15.61 32.68 2.4354
0 14.81 31.45 1.0438
0 15.26 31.34 2.2768
0 14.89 32.16 2.125
0 16.48 33.51 2.5751
0 17.63 33 2.683
0 14.68 31.78 1.8828
0 13.15 31.29 2.2802
0 13.56 30.54 1.9886
0 13.81 31.47 2.2221
0 14.21 31.38 2.324
0 13.29 30.97 2.0529
0 12.77 30.12 2.3711
0 12.07 31.39 1.4134
0 13.15 31.69 1.9193
0 13.69 31.38 1.9614
0 12.79 30.83 1.9915
0 13.29 30.48 2.4786
0.15 13.88 29.61 2.7978
0.075 13.22 26.74 1.9351
0 12.29 28.61 1.8016
0 12.84 29.09 2.2075
0 11.17 24.69 1.0979
0 11.91 28.63 1.4461
0 13.66 29.87 2.4068
0 13.61 30.2 2.7813
0 13.94 30.76 1.1625
0 13.84 32.66 1.5552
0 15.36 33.56 1.6968
0 13.49 31.67 1.8959
0 13.36 31.57 2.2335
0 13.65 32.29 1.8184
0 12.59 29.37 1.7158
0 11.82 28.09 2.3042
0 13.9 32.8 1.9931
0 16.84 36.17 0.6052
0 18.35 37.57 2.2154
0 15.94 35.5 2.4377
0 11.43 30.93 2.7669
0 10.82 20.32 2.2819
0 8.13 20 2.4389
0 8.29 22.23 1.2112
0 9.45 25.78 0.534
0 12.52 30.48 0.3438
0 14.27 33.59 1.2128
0 15.04 33.75 1.1854
0 13.63 33.04 1.9879
0 12.66 30.73 1.1853
0 12.51 30.88 2.3105
0 11.02 29 2.8463
0 5.63 14.82 2.0593
0 6.99 23.07 0.5744
0 7.55 24.88 0.6427
0 10.77 28.7 0.9548
0 11.03 28.96 1.6173
0 10.32 27.11 1.3999
0 9.93 27.09 0.8933
0 10.23 27.25 1.5686
0 9.76 28.34 1.5795
0 10.19 27.38 1.5106
0 9.99 27.13 1.3971
0 8.64 23.1 1.1924
0 7.81 25.32 1.0242
0 9.13 23.64 2.696
0 8.17 21.29 1.0924
0 8.33 25.41 0.484
0 11.62 29.03 0.922
0 13.8 32.68 0.4404
0 14.1 33.37 1.0511
0 16.67 34.53 0.596
0 15.95 35.43 0.5133
0 14.83 34.86 0.336
0.125 14.35 31.04 0.4103
6.175 13.99 27.97 1.2796
25.5 13.64 28.36 1.5621
18.5 11.01 18.73 1.498
1.3 8.83 13 0.8291
2.8 5.61 13.94 0.8004
2.125 5.74 14.28 2.0185
0.175 4.38 14.25 0.8914
0 6.21 19.19 1.9153
0 7.29 21.75 1.5943
0 9.65 24.23 1.3245
0 10.41 25.87 2.2195
0 12.13 27.88 1.5619
0 11.89 27.36 0.7005
0 10.93 26.99 0.5473
0.025 10.75 26.95 1.1024
2.5 11.42 22.79 0.8674
1.175 7.64 18.18 1.0224
0 7.74 17.13 1.6637
0.3 7.9 24.01 0.9006
0.175 8.81 20.56 1.9613
3 6.33 18.15 1.7318
27.55 7.13 16.89 1.5827
50.2 8.61 11.25 4.5285
23.075 4.33 12.14 3.6073
0.075 2.79 12.94 1.691
0 0.46 13.44 2.9
0 -0.53 14.65 3.2776
3.45 5.51 17.99 2.1435
2.875 5.08 18.6 1.8945
0.475 3.17 9.71 0.9229
0 3.73 15.84 1.9039
0 4.73 18.63 3.148
0 6.87 21.89 2.9173
0 10 23.84 1.9673
0 9.81 23.63 1.0691
0.4 8.49 22.57 2.2016
16.95 6.52 18.78 2.9649
12.3 1.46 9.19 2.7053
2.475 -0.58 9.13 0.5981
1.875 0.58 10.16 1.6333
0 -0.7 8.08 2.558
0 1.44 12.21 1.4582
0 0.98 14.2 3.0698
0 3.44 15.14 1.5909
0 4.86 17.83 2.4478
0 4.42 17.97 0.9361
0 3.49 16.85 2.1071
0 2.76 17.28 1.9969
20.125 3.34 16.76 2.7522
32.225 0 9.96 3.17
24.525 -1.86 3.05 5.2021
11.9 -1.62 2.43 2.9705
12.575 -0.85 3.69 4.0599
6.175 -5.65 1.87 1.0768
0 -6.42 2.54 3.2744
0 -6.15 2.15 3.327
12.075 -2.37 5.76 2.7057
8.35 -5.64 3.38 2.7056
0 -8.04 1.7 2.3169
0 -6.01 3.08 3.059
0 -1.75 6.81 2.3007
0.05 -0.08 11.21 2.6094
0.025 4.2 10.46 1.4958
1.4 3.53 10.74 2.0344
16.8 3.41 7.94 2.2677
10.3 2.71 11.57 3.2796
0 1.73 8.64 2.3256
5.55 2.44 12.73 1.8485
8.4 3.69 11.12 0.974
1.5 4.77 9.51 1.2721
0.075 4.26 12.07 0.4541
0 3.07 13.14 2.3392
0 3.5 12.99 1.4236
26.525 3.25 13.48 1.6961
18.075 1.38 8.92 1.6968
5.45 -1.11 6.35 2.4001
62.375 -1.29 5.86 3.5885
92.9 1.69 6.1 5.3312
71.55 2.68 8.24 6.1209
24.25 0.58 9.77 2.0881
10.1 0.17 1.68 2.3586
7.25 0.43 4.38 2.2935
3.525 0.68 5.36 0.3623
0 -0.43 7.02 2.8534
21.475 -0.18 9.78 5.2992
13.75 -0.09 9.41 1.8623
0.025 -1.2 3.17 1.0121
46.125 -0.89 4.87 2.2683
30.425 1 5.61 4.369
1.75 -8.21 3.4 2.5575
3.25 -8.48 1.03 1.4732
19.025 -8.19 1.04 4.1081
22.45 -0.69 3.08 4.9586
13.75 -0.95 3.37 2.6078
0 -3.05 3.46 3.2948
0 -3.25 3.89 3.9408
0 -1.37 7.2 5.4188
0 -1.1 7.8 3.7681
0 -2.26 6.86 1.9039
0 -2.26 7.84 1.2525
0 -4.21 4.88 3.2128
3.625 -4.03 6.57 3.3259
5.7 0.8 7.23 1.8654
0.5 0.37 10.4 1.6908
0.375 0.08 9.39 1.407
0 0.32 12.06 2.6153
0 1.84 12.8 1.0325
0 2.45 13.3 0.7715
0 2.62 12.94 2.3805
0 1.34 13.68 1.3759
0 0.12 14.49 4.2874
0 0.18 13.75 3.8043
0 0.13 14.17 2.7105
0 1.75 16.29 3.927
0 1.83 14.3 2.0417
0 2.24 14.88 2.2545
0 2.08 14.62 4.9955
0 2.08 15.74 3.3362
0 2.08 16.11 1.8248
7.45 1.53 15.74 0.5125
12.325 0.78 14.35 1.8561
3.975 -1.25 4.21 1.4828
0 -2.09 7.85 1.8359
0 -2.49 9.74 3.0409
0 -2.58 10.36 2.113
0 -1.56 11.53 2.7574
0 2.21 15.69 1.7445
0 0.92 16.09 1.9519
0 3.29 17.61 0.6085
0 0.51 16.81 2.0961
0 -1.9 13.73 3.5749
0 -3.17 10.35 3.8634
0 -2.28 11.87 4.0037
0 -0.14 15.25 2.7803
0 1.24 17.37 1.2363
0.025 1.24 17.2 3.3873
10.225 0.91 11.67 4.0203
26.975 0.77 12.54 5.8666
25.375 -2.02 2.04 4.4402
40.825 -1.19 1.58 3.1613
23.825 -1.32 4.05 3.7811
2.175 -5.67 3.26 0.8745
0.025 -5.67 4.6 1.1351
0 -5.54 4.25 0.3867
0 -4.61 7.89 0.395
6.575 -3.35 7.58 2.1962
15.625 -1.72 5.56 5.7142
10.2 -5.94 1.96 0.8689
0 -7.64 0.62 0.4213
0 -7.49 5.17 2.1263
5.375 -5.99 9.41 1.6803
11.925 -0.89 11.07 3.5548
10.075 1.37 9.09 1.3701
1.2 -1.18 9.77 1.4793
4.875 -0.42 13.27 0.64
22.7 0.84 14.87 1.7212
20.35 2.42 7.41 4.4695
0.175 -1.08 7.18 0.4376
0 0.04 13.03 1.4738
0 1.41 17.14 0.8166
0.425 1.5 16.15 1.3056
0.25 1.49 13.48 0.7309
2.925 1.75 15.18 0.8807
1.8 3.16 12.23 0.9884
17.15 3.73 15.55 1.0934
23.875 3.63 16.9 2.4509
2.1 -1.08 9.99 1.0727
24.3 -1.79 11.29 3.2687
41.75 -1.24 6.07 4.8415
59.125 -0.78 3.55 5.894
24.925 -1.45 3.31 2.5445
7.2 -1.64 5.59 1.0946
17.4 -0.76 7.49 4.7956
41.9 -0.81 5.02 5.3869
29.2 -4.01 3.11 3.8741
12.275 -1.47 5.48 2.9628
8.725 0.54 3.08 1.4189
0.2 0.84 9.01 0.6571
0 0.51 12.9 1.422
0 1.53 15.39 2.2251
0 3.3 17.19 2.308
0 5.44 22.68 1.6461
0 5.54 24.81 1.0606
0 3.22 19.81 1.2409
0.05 2.63 17.99 1.8671
0 3.17 20.44 1.4124
1.325 3.44 20.06 1.6903
8 0.4 18.73 3.4684
6.425 -4.87 3.2 1.4125
2.025 -4.68 2.19 1.4465
0.125 -4.11 8.1 0.5822
0 -1.47 13.31 1.662
0 0.49 14.83 1.5755
0.55 1.62 15.59 2.7863
0.35 -1.28 7.4 0.6593
0 -0.84 14.63 0.7821
0 3.51 19.65 1.6227
0.025 4.89 21.76 2.3848
0 5.66 21.6 2.7831
0.025 6.13 18.31 1.7289
0.475 3.9 18.84 2.1065
9.75 5.73 12.69 2.2924
1.925 2.62 14.79 0.9199
1.2 2.51 14.62 1.3419
0.85 4.28 12.79 2.3193
1.05 3.46 11.82 2.3045
0.1 0.93 14.39 2.8377
0 2.76 16.68 0.8973
0 3.99 19.21 2.4625
0 1.45 18.46 4.6876
0 1.53 16.64 3.617
0 2.61 17.44 1.8864
0 4.43 20.23 0.4357
0 6.24 22.38 0.8584
0 7.99 24.06 2.9636
0 10.68 26.74 0.6963
0 10.17 27.46 1.5776
0 8.99 26.14 2.1078
0.275 7.47 23.1 3.0456
1.3 3.3 13.46 3.3036
3.075 1.4 9.57 2.7272
0 3.84 17.52 1.8035
0 6.66 21.28 1.2193
0 7.67 23.9 0.6277
11.775 8.1 25.46 2.8939
16.875 0.15 16.39 2.7115
8.325 0.03 6.44 1.1482
24.275 1.08 9.93 3.5284
18.275 1.09 6.12 2.3497
1.375 1.55 10.36 3.3096
0.1 2.15 16.23 1.843
0 5.63 21.21 2.0969
0 6.09 20.98 3.0611
0 5.1 20.2 4.5301
0 3.97 17.78 2.5433
0.05 5.62 20 2.7121
0.025 4.68 18.21 2.5801
1.325 4.85 18.63 3.316
4.05 4.24 17.91 4.276
6.675 1.61 13.6 4.8684
1.4 2.42 12.8 2.8256
0.85 4.87 17.03 2.5599
0.725 5.69 17.74 2.9293
0.65 1.65 12.01 1.7157
0.075 2.92 15.2 0.5097
4.125 4.23 15.87 3.0083
10.475 8.17 11.38 1.17
5.6 4.52 16.85 3.3439
0.1 4.55 12.96 2.0253
0 5.78 17.26 3.1056
0 7.83 22.39 1.6965
0 9.35 24.86 2.4665
0 9.5 25.32 3.106
0 8.35 22.68 2.6761
0 9.33 23.44 2.7273
0 10.68 26.11 1.8499
0 12.15 29.27 1.8809
0 12.9 28.63 2.6544
0 9.37 26.02 1.4542
0 11.18 25.74 2.8687
0 10.4 26.81 2.0654
0 11.86 27.15 0.3754
0 13.24 29.67 0.5605
0 14.57 32.63 2.4663
0 14.44 32.09 2.695
0 12.63 30.33 2.6246
0 10.29 28.22 2.7169
0 10.53 27.48 2.362
0 11.66 28.13 2.3401
14.575 12.34 28.81 2.3812
10.4 9.4 24.79 2.3666
1.525 7.32 17.78 2.2688
0 10.38 23.93 1.0717
0 11.93 29.11 0.7999
0 14.79 31.7 0.5362
0 15 32.2 1.5157
0 15.54 32.06 1.8834
0 16.7 30.97 2.5515
0 17.38 31.54 2.7945
0 16.4 30.36 2.2263
0 15.6 30.97 2.5295
0 13.64 30.57 2.165
0 12.63 29.82 2.282
0 11.26 26.61 2.3739
0 11.46 26.88 3.1046
0 11.16 24.9 2.6914
0 11.76 23.59 3.2602
0 10.19 23.4 3.0901
0 10.61 24.25 1.9402
0 10.71 26.02 1.2345
0 11.34 28.24 1.8871
0 11.48 28.34 1.3697
0 12.41 29 2.301
0 13.53 29.86 2.7921
0 14.05 29.72 1.8843
0 15.05 30.31 1.8367
0 13.24 31.57 2.1101
0 13.24 30.67 1.8745
0 13.2 29.76 1.7283
0 14.51 29.77 1.6158
0 15.86 32.29 2.3999
0 16.94 32.72 2.9907
0.1 18.21 32.58 2.0663
0.675 15.21 29.38 1.4106
0 15.6 31.12 1.8617
0 15.42 32.43 2.0555
0 12.84 31.52 2.9974
0 11.61 27.76 2.3283
0 13.08 28.9 3.0072
0 12.7 28.33 2.3479
0 13.77 29.76 1.7344
0 13.18 30.52 1.8357
0 13.02 30.37 2.2134
0 12.82 29.75 2.6469
0 12.52 29.93 1.693
0 13.92 31.47 1.214
0 14.66 32.04 1.9874
0 13.29 30.51 1.5326
0 12.52 29.81 1.2318
0 12.33 30.17 1.6089
0 12.47 30.29 1.5711
0 13.08 31.1 2.5969
0 12.88 29.26 1.9228
0 11.97 28.97 1.3033
0 10.93 28.75 1.0186
0 12.27 29.8 0.9597
0 12.72 31.16 2.0104
0 14.64 31.65 1.1906
0 14.66 31.48 0.7236
0 14.98 33.74 1.0154
0 15.78 33.63 1.3498
0 15.57 34.1 1.6352
0 13.45 32.84 1.7992
0 11.29 30.48 1.7294
0 12.44 29.81 0.792
0 12.8 29.86 0.6906
0 13.42 31.82 0.8847
0 14.44 31.18 0.9708
0 14.58 31.98 1.8021
0 14.25 30.87 0.7285
0 14.92 31.43 0.9323
0 15.22 32.68 0.9173
0.2 15.32 31.29 1.4966
0.975 13.03 31.23 0.9778
1.55 13.7 29 1.5911
3.025 10.42 22.64 1.4482
1.725 11.65 25.96 0.5758
3.275 11.42 27.63 1.251
0 11.74 25.98 2.4028
0 12 27.03 1.8008
0 10.23 24.53 1.6504
0 9.1 24.35 0.3112
0 11.14 28.09 0.243
0 13.43 30.58 0.9434
0 14.35 30.71 0.4657
1.35 14.66 31.27 0.2328
0 15.2 31.84 0.5016
0 15.32 32.42 1.6211
2.375 12.35 28.49 2.2362
0.025 10.2 21.48 1.9275
0 10.31 25.01 0.5052
0 14.16 29.15 0.6207
0 14.01 28.58 1.1124
0 13.28 30.29 1.3712
0 11.66 29.53 2.2148
0 12.01 26.53 1.8146
0 11.09 23.78 1.9402
17.6 7.95 20.52 2.2583
26.3 6.25 15.58 3.6674
9.975 1.71 10.63 0.8482
1.55 1.17 10.15 0.9022
0 1.32 13.92 1.2632
0 3.88 18.07 1.1278
1.925 5.98 20.14 1.4746
2.95 7.36 16.09 1.5758
0 8.01 21.96 0.9085
0 8.36 24.52 0.5818
0 11.62 26.63 0.3813
0 9.84 26.21 0.9465
0 10 25.19 1.4009
0 10.43 24.25 1.6309
0 10.73 24.97 1.5401
0 9.22 25.86 0.8223
0 8.29 22.98 0.6158
0 8.43 23.43 0.5737
0 8.49 22.78 2.1569
0 8.39 24.77 1.7311
0 8.71 24.94 2.0531
0 7.51 22.36 1.3196
0 5.12 18.11 3.1806
0 3.2 16.9 3.3469
0 3.64 16.99 2.0155
0 5.21 19.17 0.9365
0 5.8 20.65 2.0774
0 6.32 21.77 0.1473
0 5.52 21.07 3.1443
0 5.85 19.33 4.1979
4.3 2.66 19.5 3.6456
6.475 -0.47 16.98 1.7727
4.8 -2.64 4.32 0.3853
5.525 -1.87 5.33 1.4492
0.075 -2.33 4.74 0.8703
0 -2.52 7.09 2.2392
0 -0.69 9.76 3.2161
0 0.09 13.68 3.0945
2.65 2.08 14.37 3.6391
2.825 4.64 11.75 1.0156
0 3.91 11.87 0.2211
0 4.78 13.58 0.7348
0 1.9 13.73 0.5977
0 2.31 14.11 0.9242
0 2.06 14.81 0.8321
0.05 2.38 14.49 3.0327
2.125 0.75 8.53 2.1363
2.95 1 6.26 4.089
1.975 -1.36 5.65 1.6998
0 -0.87 8.78 2.3448
0 0.31 10.91 3.5387
0.025 0.31 16.41 2.1483
0 0.5 13.06 0.7921
0 1.74 12.56 2.9125
0 2.65 16 2.3723
0 4.27 16.07 1.0823
0 5.75 15.75 1.701
0 1.39 17.21 3.4768
0 0.85 13.35 8.4754
0 1.31 9.53 3.5759
0 -0.84 13.27 4.3209
0 -2.18 10.7 2.7696
0 -1.87 9.22 3.4876
0 -2.78 9.36 3.0971
0 -1.95 9.19 3.5644
0 -1.17 11.26 3.5463
0 -0.57 11.34 4.2858
0 -0.13 12.36 3.2238
0 -1.04 11.45 0.9629
0 -2.62 10 1.6667
0 -3.04 7.06 1.4697
0 -2.71 7.78 1.1566
0 -2.08 8.13 0.8801
0 -1.54 7.49 5.462
0 0.28 11.68 4.5855
0 -1.84 12.1 2.7294
0 -2.27 11.15 4.5759
0 -2.75 9.66 4.4581
0 -1.99 9.48 3.4894
0 -2.53 10 4.5414
0 -2.55 10.55 4.0347
0 -1.93 11.66 4.9687
0 -0.76 12.43 3.457
0 0.57 13.01 1.2992
0 0.53 13.76 1.1612
0 1.45 13.02 1.2733
0 3.67 17.11 0.949
0 2.5 14.62 1.0018
0 0.08 13.57 2.3855
