0.675 -15.09 6.79 1.6563
2.775 -2.93 3.5 1.2633
1.4 -5.74 5.77 1.6078
0.8 -8.56 1.43 4.1749
1.925 -8.78 2.62 1.6987
0.875 -4.04 0.38 0.5454
0 -3.74 3.96 1.4432
0 -3.07 5.12 0.7411
0 -4.75 9.87 4.5293
0 -3.26 9.49 3.4272
0 -1.85 9.23 2.339
0 -0.33 12.44 5.5053
0 1.54 13 3.9101
0 -2.33 12.47 3.3788
0 -0.12 14.21 3.9885
0 -0.43 15.19 4.9706
0 -2.72 12.05 4.2609
0 -2.42 10.72 4.7455
0 -1 12.77 4.847
0.125 -1.34 11.55 3.4036
15.775 0.64 12.56 2.7577
31.35 -0.08 10.85 2.1567
28.35 -5.79 11.26 1.6492
47.625 2.41 6.71 2.4982
14.575 -1.69 5.22 3.5498
1.025 -7.32 -0.87 0.8026
0 -8.25 0.13 1.3183
0 -6.72 3.16 1.6083
0 -3.05 6.99 4.2561
0 -2.23 11.72 4.524
0 -0.19 12.96 3.1
0 -0.56 12.27 3.1145
0 -2.03 10.85 3.8835
0 -2.46 13.3 3.7889
0 1.14 15.04 3
6.1 0.91 13.67 2.603
8.425 -1.62 5.76 2.9661
2.85 -2.9 3.17 2.7847
18.575 -2.5 5.05 1.4
11.15 -6.88 3.97 3.7126
3.2 -10.29 -1.62 0.4753
8.9 -6.9 0.23 2.4182
4.2 -4.44 0.82 1.4255
8.675 -4.94 1.22 2.9875
5.075 -4.94 0.76 3.2543
2.075 -3.87 1.31 5.655
30.6 -3.57 0.93 5.5827
22.075 -3.19 -0.22 4.3742
2.675 -5.73 -0.55 1.1847
0 -5.41 2.42 3.4425
0 -4.92 7.2 2.6397
4.725 -4.68 9.58 3.8351
19.275 -2.61 7.75 3.5804
12.65 -0.47 2.95 2.5722
4.475 -2.43 4.57 1.4173
2.25 -1.78 9.54 1.4121
0.275 -2.44 4.47 2.3022
0 -2.33 9.21 0.33
0.025 -2.51 11.48 3.6693
11.8 0.85 11.9 2.7113
26.525 2.24 9.19 3.8454
21.875 0.85 7.68 4.8916
21.775 -2.65 2 2.9893
2.725 -6.91 0.18 0.8622
1.1 -5.54 3.05 1.8803
0 -6.94 2.46 0.2656
0 -7.06 6.83 1.4644
0 -4.64 9.45 2.6864
0 -7.1 4.41 0.3934
0 -6.01 9.12 0.5008
0 -3.59 9.52 2.0976
0 -1.97 12.62 2.4134
0 -3.2 14.12 1.2678
0 -1.8 10.45 2.1012
0 1.15 12.08 2.3623
0 -0.33 15.27 1.164
0 0.34 16.48 1.173
0 2.08 18.02 0.8605
0 1.36 18.18 0.7304
18.7 1.39 17.45 1.8812
25.375 -3.8 8.52 4.1984
1.65 -8.9 -0.46 2.308
0 -7.04 3.13 1.869
0 -3.57 11.27 0.5377
0 -1.7 13.21 2.1375
0 -1.33 15.74 2.0728
0 0.21 15.09 1.3492
0 0.49 16.75 3.2107
0 -2.2 13.61 1.8794
0 -1.55 12.1 0.3236
0 -0.33 13.89 2.6195
0 1.15 16.21 2.5221
0 -1.15 14.13 5.3301
0 -4.77 6.9 1.9062
0 -4.14 11.47 2.8069
0 -1.5 15.42 2.4018
11.575 0.37 18.11 1.3791
18.3 -1.68 13.76 3.1181
11.75 -1.69 4.02 1.6789
3.6 -1.64 5.61 2.2971
0.375 -2.47 5.04 3.8259
0 -1.21 9.94 1.7148
0 -0.58 14.1 2.0278
0.025 1.02 14.25 4.5961
0.025 -6.02 7.77 6.1203
0 -4.91 3.67 3.2771
0 -3.07 11.79 1.4567
0 -0.39 16.95 2.8793
0 2.43 20.17 2.7836
0 5.22 23.66 1.5703
0 7 25.64 1.1666
0 7.91 26.4 2.0296
0.075 6.47 25.36 2.7032
1.425 4.28 18.63 3.475
0.825 -3.6 7.88 3.6609
0 -2.05 11.01 2.077
0 0.14 14.15 2.3374
0 -0.37 13.68 3.1728
0 -2.58 11 1.6874
3.05 -0.62 14.46 2.0309
54.725 4.44 17.52 1.9137
35.55 3.05 13.58 2.5047
2.375 4.6 11.39 3.5424
1.1 2.13 11.11 1.8089
0.1 5.59 15.15 3.5095
0 3.69 17.59 2.2469
0 4 21.12 2.9347
0 5.61 21.63 1.7012
0 4.89 21.86 1.3029
0 5.31 22.09 0.9837
0 5.73 23.41 3.0476
0 3.27 22.62 3.2891
0 4.37 20.72 2.5603
0 4.97 20.12 3.3296
0 6.39 21.72 1.7298
0 7.54 24.42 1.4942
0 10.22 28.68 0.2819
0.075 12.57 30.47 2.395
0.025 10.99 30.01 2.7059
0 8.06 24.06 1.8286
0 6.9 22.88 1.0352
0 8 23.94 2.5166
0 7.56 23.73 2.9995
0 7.72 22.97 2.8032
0 6.34 22.53 1.9558
0 6.98 22.6 1.3074
0 7.9 24.47 0.8639
0.925 9.83 24.67 1.9864
0.575 8.75 25.04 2.4732
4.775 8.5 24.06 3.266
2.875 8.48 24.48 2.2361
0 9.12 23.25 2.0638
0 8.33 21.78 2.3023
0.15 8.73 19.55 0.6376
6.425 5.42 17.96 2.2308
5.55 3.1 16.94 3.5302
2.2 1.89 8.6 2.3606
0.7 3.16 11.14 2.7545
0 3.88 16.15 2.6068
0 5.9 18.74 3.4556
0 6.45 18.2 3.095
0 4.51 16.84 3.4026
1.075 5.23 17.32 2.3417
1.15 6.69 16.59 3.6174
0.275 4.67 16.84 2.5235
0 5.09 17.46 2.4702
0 6.35 17.71 2.4807
0 8.29 19.35 3.002
0 8.24 21.78 1.7336
0 10.95 27.3 2.6794
0 7.89 25.66 3.3017
0 5.7 20.83 3.2234
0 5.91 20.71 1.0905
0 7.08 22.39 0.59
0 9.11 26.02 1.4166
0 9.72 28.37 2.6375
0 9.9 26.66 1.8203
0 10.62 27.03 0.839
0 11.52 30.99 0.6018
0.2 14.33 32.27 2.9831
0.25 13.81 31.86 2.9856
0.025 12.71 29.13 2.2727
0 13.09 29.66 1.6961
0 11.66 28.07 2.8414
0 11.09 28.7 2.4895
0 10.3 27.49 2.7317
0 9.88 27.22 2.5487
0 8.62 25.5 2.8131
0 8.23 24.67 2.5889
0 7.96 24.57 2.5715
0 8.34 25 1.8684
0 9.88 26.4 1.7765
0 11.04 27.52 2.2111
0 11.17 27.1 1.3096
0 10.98 29.01 0.4333
0 12.43 30.22 1.661
0 13.54 32.2 1.9671
0 14.17 27.46 1.8578
0 14.31 32.33 2.0832
0 16.26 33.69 1.6704
0 17.24 34.37 2.451
0 14.24 33.11 2.5002
0 13.32 31.19 2.2399
0 14.99 30.96 2.0348
0 13.82 30.52 2.0689
0 13.01 30.23 2.1152
0 13.08 30.49 1.9104
0 13.41 31.88 1.9275
0 14.95 32.18 2.2009
0 14.81 31.33 2.8894
0 14.9 30.39 2.5935
0 14.49 30.5 2.5833
0 13.37 30.53 2.4899
0 12.74 30.3 2.9085
0 10.55 27.79 2.5328
0 10.49 26.79 2.0235
0 12.64 28.09 2.3641
0 9.22 24.99 3.0784
0 6.61 18.05 1.9766
0 6.35 19.54 1.3547
0 8.52 24.32 0.3269
0 9.82 27.98 1.2234
0 13.54 30.01 2.9269
0 13.98 31.09 2.6452
0 12.02 29.28 2.9526
0 11.52 28.48 3.2313
0 8.89 26.17 1.365
0 7.68 25.76 0.3095
0 9.26 27.76 0.6582
0 10.22 29.24 0.8234
0 10.99 31.87 1.2621
0 13.11 32.9 2.0672
0 13.93 32.11 2.1743
1.25 14.02 32.99 2.3394
1.325 12.89 27.75 3.0054
0.325 10.9 25.96 1.5798
0 9.16 27.23 1.5697
0 9.09 27.08 0.4805
0 9.55 27.97 1.4127
0 11.51 28.7 1.1258
0 12.36 29.83 1.243
0 12.36 31.26 2.8348
0 13.41 28.76 1.8676
0 11.3 28.38 0.793
0 11.04 30.24 0.271
0 13.22 29.65 1.3833
0 12.76 29.51 2.1644
0 10.54 28.41 2.0496
0 7.9 26.67 1.9588
0 7.72 24.03 1.4897
0 8.7 25.04 0.4489
0 8.64 25.29 0.9487
0 10.61 27.51 0.37
0 11.83 29.01 0.9327
0 12.55 31.13 1.7371
0.375 11.42 27.17 2.2004
0.2 8.07 22.11 2.6633
0 5.92 23.99 1.5171
0 7.48 24.36 1.3017
0 9.52 25.99 0.3424
0 9.89 27.12 1.0885
0 11.57 29.77 2.185
0 11.77 28.11 1.011
0 13.82 23.43 2.3581
0 10.02 30.1 2.4288
0 12.44 29.97 1.4478
0 9.69 29.35 0.6818
0 10.47 28.7 0.7615
0 13.61 30.2 1.1846
0 11.51 31.06 0.3916
0 11.49 31.22 2.0752
0 10.54 27.78 2.5108
0 1.2 17.09 2.3337
0 0.12 16.08 2.5048
0 2.98 20.02 0.7247
0.675 4.53 20.82 3.194
0.425 -0.47 18.36 3.5236
0 -2.81 5.29 0.3093
0 -1.68 12.93 2.8891
0 -0.36 15.5 1.5508
0 1.54 16.37 1.4012
0 1.32 18.5 0.7522
0 3.54 19.77 0.4139
0 2.05 19.53 1.9038
7.4 3.23 18.88 1.8779
32.1 3.59 12.41 6.446
16.65 3.19 9.88 4.3467
0.025 6.26 13.71 0.8654
0 6.43 19.67 2.2672
0 6 21.42 1.0846
0 7.24 23.66 1.8196
0.65 7.53 19.38 2.3424
0.375 -0.47 11.17 2.307
0 0.04 13.68 1.0642
0 1.87 16.53 0.5281
0 2.44 17.51 0.917
0 4.57 19.4 1.157
0 4.05 17.2 1.7392
0 3.79 18.15 1.1713
0 3.77 18.85 4.1097
0 -2.18 7.82 4.9774
0 -3.6 7.89 0.7555
0 -2.52 9.83 0.0288
0 1.32 15.58 0.8404
0 2.19 18.09 0.8283
0 4.68 19.71 1.1693
0 4.45 21.25 1.0946
0 4.59 21.33 1.67
0 4.22 19.64 2.1992
0 0.43 15.03 0.5239
0 0.01 13.98 1.5222
0 -1.72 11.38 1.8412
0 -0.96 12.14 1.2203
0 0.77 13.31 0.779
2.425 3.56 14.48 0.4273
2.85 1.6 13.5 2.0676
0.825 -2.63 4.59 1.206
0 -3.21 6.27 1.1415
0 -4.21 7.5 2.838
0 -1.93 10.35 2.1918
0 0.07 12.97 1.6069
0 -0.17 14.05 1.4979
0.4 -2.27 9.2 2.3371
1.375 -1.71 11.68 3.6133
0.675 -1.36 10.12 1.0201
0 -1.51 7.11 0.4308
0 -2.42 9.94 2.316
0 -1.71 9.95 3.8418
0 -0.4 11.25 4.1106
0.575 -0.42 12.54 2.6958
0.95 0.43 13.34 1.1596
0.35 -2.71 9.24 4.7137
0 -1.39 6.32 5.0633
0 -1.55 9.62 3.9623
0 -1.51 10.97 1.5773
0 -2.27 11.04 2.2031
0 -3.74 11.36 2.132
0 -3.12 8.6 2.1526
0.075 -2.64 9.49 1.3473
19.075 -5.24 5.86 2.1825
18.4 -4.4 1.71 0.9983
4.175 -13.25 -2.66 0.6236
0 -12.98 -3.09 1.9373
3.375 -9.97 -0.44 3.0683
37.05 -2.87 3.03 2.8722
52.7 -0.56 2.96 3.7315
33.725 -1.97 3.72 4.4736
2.175 -3.84 1.81 0.6319
0 -3.55 1.09 3.0695
0 -1.97 4.21 2.4605
0 -0.98 6.17 2.3519
0 -0.58 7.36 2.8651
0 -1.09 7.36 4.1785
1.35 -1.07 7.77 2.9404
13.6 -0.42 9.62 1.7873
11.25 -3.4 6.67 3.6687
0.075 -7.95 0.13 2.7582
0 -4.49 4.72 3.9159
0 -3.69 5.45 3.84
5.95 -3.69 5.1 4.0686
3.8 -2.39 5.61 1.9299
2.65 -3.99 3.69 3.1365
9.075 -3.59 3.3 0.7002
4.65 -2.69 2.9 1.4851
0.05 -3.01 2.69 2.4474
0 -2.67 5.92 1.8699
0 -2.62 6.15 1.2856
0 -2.56 7.83 4.0652
0 -2.54 9.74 2.9745
0 -1.28 9.22 2.6417
0 -1.48 9.46 3.0588
0 -2.01 9.14 2.7868
0.1 0.37 10.97 3.097
1.425 0.77 11.19 2.3555
0.65 1.68 9.94 2.435
1.15 1.34 8.57 3.1399
18.8 -0.54 10.86 4.3009
11.25 0.09 7.78 2.0285
0.05 -3.18 4.52 1.3805
0 -3.06 6.78 3.324
1 -2.82 8.99 1.9852
33.15 -2.41 8.67 2.4831
52.05 -1.62 5.57 4.6466
33.425 -2.54 1.15 5.3737
34.45 -2.63 0.31 6.3348
39 -4.74 -0.34 4.0844
22.875 -3.85 -1.2 4.146
4.15 -6.24 -2.32 0.8544
1.55 -6.52 0 2.1906
5.525 -5.22 1.07 3.684
2.775 -2.31 1.62 2.9783
0 -3.31 5.96 1.3184
0 -5.38 6.33 2.8088
1.725 -3.82 5.16 3.2007
1.025 -2.17 6.97 1.3972
0 -5.67 5.07 1.2201
0 -7.36 5.64 1.7011
0 -3.28 6.71 1.9888
0 -2.72 6.86 0.5965
7.275 -2.38 7.44 2.5734
14.575 -1.42 7.21 3.4928
12 -0.73 4.32 1.7795
3.625 -2.49 1.91 2.654
0.6 -4.45 3.03 1.3303
1.425 -4.37 3.62 2.3042
0.65 -4.8 2.3 0.6327
0 -3.94 5.11 0.9712
0 -1.79 6.65 1.0184
0 -2.15 10.2 1.6445
0 -1.56 11.17 1.5993
0 -1.33 13.46 1.0103
0 -0.84 12.82 1.6766
0 -0.21 14.32 2.4275
0 0.67 14.67 1.279
1.225 -1.51 12.71 1.3293
4.525 -0.4 8.04 2.5208
14.55 -1.11 8.71 3.2216
6.525 -5.41 1.93 2.2889
10.425 -5.24 4.47 3.605
18.7 -2.29 5.25 2.856
2.575 -3.01 4.37 0.7137
25.575 -2.07 9.03 4.2929
16.925 -1.68 7.85 1.742
1.375 -3.01 2.06 0.5912
0.65 -2.41 9.02 2.3417
5.95 -0.18 11.42 2.6535
18.25 -1.62 8.61 3.1911
8.95 -4.39 4.07 3.1768
0.05 -5.56 2.19 1.313
0.025 -4.34 6.75 2.576
0.075 -4.03 6.66 0.9508
6.125 -3.02 8.65 2.4654
4.6 -7.83 3.35 3.9592
0.575 -6.22 2.27 2.1852
0 -6.41 1.75 0.3762
27.15 -4.27 9.41 2.0254
16.3 -4.21 8.27 2.5828
0 -4.67 4.7 2.5756
0 -4.42 11.16 3.7299
0 -2.76 15.6 1.4637
0 -0.9 17.48 0.6657
0 1.16 16.8 2.8786
0 -2.78 15.83 2.0858
0 1.54 18.32 2.0284
0 -0.83 17.06 0.6474
0 -1.04 15.29 1.3747
0 -2.12 14.9 2.2444
0.625 -2.06 16.34 2.0739
1.6 0.2 15.95 2.3881
0.725 -3.89 8.05 2.6727
0 -2.75 4.65 2.7981
0 -1.7 14.18 1.2883
2.9 0.73 16.14 2.4048
8.45 0.62 15.02 5.6316
4.425 -3.15 4.13 3.1742
2.8 -6.8 2.66 0.9412
7.925 -5.51 11.32 2.2004
1.5 -3.51 4.32 2.1157
13.55 -3.52 5.01 2.7415
8.2 -4.3 2.54 3.3872
0.05 -6.74 3.39 0.9095
0 -5.01 9.13 2.1272
0 -3.32 14.26 0.4322
0 -0.63 15.67 1.0407
0.775 0.02 14.77 1.9966
10.325 0.3 10.53 3.9821
8.9 -2.3 4.57 4.6485
1.8 -3.63 2.23 1.0688
0 -3.04 8.45 0.6737
0 -1.76 10.21 0.8159
0 -0.11 15.33 2.6019
0 -0.71 15.29 1.4626
0 0.28 17.36 1.0709
3.675 1.1 18.8 1.8187
11.625 2.06 16.45 2.6919
6.55 -2.96 5.53 3.0207
0.55 -2.18 1.01 1.6732
0 -1.46 4.53 1.5214
0 0.09 14.87 0.7825
0 1.67 17.03 1.3534
0 3.4 19.66 0.7442
4.45 4.61 20.22 4.017
6.25 0.17 10.47 5.1589
2.775 -4.88 3.52 4.0622
0.35 -4.34 4.65 3.4962
0 -2.44 10.36 1.999
0 -0.34 14.09 2.123
0 0.12 18.55 0.9203
0 2.44 20.05 2.0635
0 3.25 19.43 3.6255
0 0.54 15.77 2.1443
0 0.59 14.82 0.7295
0.05 1.76 17.08 2.8697
2.75 1.25 16.13 3.8424
6.4 -1.92 7.07 3.2586
2.9 -5.57 5.77 4.3756
0.025 -3.9 7.47 2.2642
0.05 0.82 13.94 0.9552
0.025 1.49 17.23 0.5721
0 3.78 19.22 0.4746
1.025 6.15 21.13 1.3059
2.825 7.38 20.63 1.9315
1.325 -2.82 17.31 2.0337
0.075 3.17 13.63 1.7324
0.05 5.34 17.1 3.428
0 1.76 17.68 4.4266
0.175 -2.32 11.95 3.7788
0.45 -2.51 6.81 4.1156
1.35 -1.16 8.19 2.3677
2.675 -0.78 9.1 1.5499
5.2 2.03 13.36 3.0824
6.9 1.28 10.71 2.5977
2.7 -1.27 7.93 3.6694
0 -0.57 10.61 1.9398
0 3.08 18.09 0.5412
0 2.75 21.88 2.5917
0 8.08 21.02 2.9264
0 6.39 19.35 2.7218
0 7.75 21.1 2.8532
0 9.01 22.52 2.8579
0 8.95 22.52 2.1444
0 10.64 26.56 3.1504
0 10.39 26.98 3.1662
0 9.11 24.48 2.5358
0 8.59 23.93 3.9202
0 5.66 22.06 4.6863
0 4.64 17.7 5.0488
0 7.1 16.74 3.8509
0 6.86 21.36 1.0666
0 8.02 23.26 1.6336
0 9.3 25.96 3.0083
0 4.94 23.9 3.0798
0 4.52 19.49 1.0513
0 5.19 23.6 2.3753
0 5.54 21.13 3.1212
0 4.11 20.24 2.5155
0 4.77 22.35 1.5327
0 6.59 20.82 1.1022
0 8.68 24.56 1.7384
0 8.93 25.61 2.0888
0 10.66 22.06 2.6613
0 9.29 23.48 2.3442
0 11.74 25.43 0.9002
0 13.32 29.59 1.5519
0 13.97 30.81 3.114
0 11.39 28.16 2.9694
0 9.29 26.64 2.6332
0 8.2 24.65 2.7464
0 9.87 24.97 1.9674
0 8.29 23.95 0.8473
0 10 26.79 1.9338
0 10.73 28.15 2.5402
0 11.57 27.58 2.2643
0 11.28 26.83 2.3806
0 13.36 28.54 2.194
0 12.43 28.5 1.804
0 12.75 30.09 2.3199
0 14.35 29.3 3.2761
0 14.36 28.79 3.416
0 12.21 26.35 1.9496
0 12.72 28.1 1.3901
0 14.27 31.1 2.605
0 13.84 31.19 2.7624
0 14.51 31.11 2.5861
0 14.78 32.78 2.1766
0 12.82 32.05 2.1006
0 12.59 29.97 2.5145
0 11.38 29.28 1.0644
0 11.85 28.42 2.2758
0 12.28 29.35 2.0698
0 13.96 30.4 2.5064
0 14.52 30.09 2.6652
0 10.55 29.04 1.882
0 9.69 29.47 2.2743
0 10.91 27.75 1.9316
0 10.58 28.77 2.1996
0 10.83 28.78 2.3644
0 10.04 28.31 2.0753
0 10.26 27.39 2.3934
0 9.98 28.91 1.4421
0 9.69 28.92 1.9281
0 10.51 28.54 1.96
0 9.1 27.99 1.9984
0 10.04 27.48 2.4758
0.125 11.32 26.54 2.804
0.075 10.8 22.28 1.9609
0 8.99 25.76 1.8329
0 10.62 26.67 2.2519
0 8.43 19.95 1.0695
0 9.32 25.97 1.3651
0 10.8 27.44 2.3364
0 10.75 27.86 2.7442
0 11.54 28.37 1.1559
0 10.86 30.07 1.6409
0 11.53 30.53 1.7731
0 10.58 28.83 1.8821
0 10.11 28.62 2.2213
0 10.03 29.48 1.8951
0 11.37 26.93 1.7257
0 8.67 25.44 2.3783
0 12.31 29.79 2.0717
0 14 32.97 0.6545
0 15.95 34.29 2.301
0 12.35 33.23 2.5262
0 8.05 27.95 2.8529
0 8.09 17.58 2.2683
0 4.98 17.31 2.4029
0 4.8 19.38 1.1048
0 6.7 22.85 0.4944
0 8.51 27.48 0.3718
0 11.45 30.79 1.1808
0 12.31 30.85 1.2515
0 11.27 30.23 1.9679
0 9.23 27.66 1.2168
0 8.66 27.96 2.4191
0 8.97 26.21 2.9329
0 2.93 12.57 2.0841
0 5.11 22.76 0.5935
0 5.95 22.27 0.6901
0 7.41 25.88 0.9643
0 7.56 25.9 1.6651
0 6.7 24.44 1.4096
0 6.2 24.18 0.798
0 6.35 24.24 1.4306
0 5.13 25.38 1.6002
0 6.11 24.35 1.5166
0 5.81 24.18 1.4554
0 5.54 19.6 1.1142
0 3.83 22.43 1.0205
0 6.25 20.79 2.6979
0 5.22 19.34 1.015
0 6.23 23.23 0.4533
0 9.17 26.37 0.9383
0 10.67 29.88 0.4241
0 12.82 30.64 1.0513
0 15.03 31.78 0.5552
0 13.52 32.38 0.4924
0 11.49 31.95 0.3238
0.1 10.91 27.31 0.4407
3.65 11.02 24.01 1.3226
19.175 10.91 25.35 1.5951
25.025 7.97 15.22 1.5039
1.4 5.99 9.75 0.8642
6.85 2.35 11.05 0.8065
1.4 2.7 10.29 2.057
0.05 0.29 11.31 0.8975
0 2.35 16.34 1.8877
0 2.83 19.09 1.6053
0 6.46 21.46 1.2972
0 6.38 22.98 2.2878
0 8.94 24.81 1.6448
0 8.74 24.62 0.7593
0 8.01 23.64 0.6125
0.025 7.94 23.61 1.1758
1.175 8.47 19.66 0.8512
0.55 5.42 15.1 1.0457
0 5.29 14.27 1.7377
0.275 4.43 20.63 0.9613
0.15 5.58 17.48 2.0081
1.45 3.42 15 1.8023
12.775 4.19 13.72 1.6228
22.525 6.01 8.71 4.5107
10.3 1.97 9.78 3.7123
0.025 0.11 9.9 1.6657
0 -2.38 10.08 2.9518
0 -2.58 11.7 3.2551
1.975 2.38 14.68 2.1256
1.45 2.12 15.5 1.939
0.15 0.35 6.97 0.9195
0 0.78 12.65 1.9146
0 1.91 15.9 3.2362
0 3.67 19.29 3.0191
0 7.26 20.79 2.0571
0 7.35 20.3 1.0828
0.35 5.96 19.37 2.2762
21 3.58 15.79 2.9428
13.1 -1.04 6.94 2.7659
2.175 -3.23 6.25 0.5889
2 -2.61 6.94 1.6203
0 -3.33 4.93 2.6106
0 -1.59 9.14 1.4577
0 -1.65 11.68 3.1022
0 0.54 12.12 1.5524
0 2.24 15.14 2.4012
0 1.58 15.28 0.8441
0 0.16 13.69 2.14
0 0.78 14.36 2.1402
21.1 1.47 14.09 2.897
34.7 -2.43 7.96 3.2537
25.375 -4.62 0.16 5.3006
11.2 -4.45 -0.94 3.0219
12.475 -3.84 0.66 4.1854
6.3 -8.6 -0.83 1.0159
0 -9.4 -0.94 3.292
0 -9.08 -0.63 3.3161
11.85 -4.79 1.92 2.7765
7.775 -8.42 1.01 2.8222
0 -10.97 -1.89 2.2531
0 -9.16 -0.5 3.0322
0 -4.89 3.41 2.2754
0.025 -2.98 7.97 2.5742
0.025 1.8 8.79 1.549
0.5 0.95 8.38 1.9105
10.45 0.43 5.07 2.1531
5.275 -0.03 8.47 3.2221
0 -1.65 5.59 2.3516
2.5 -0.29 9.76 1.7784
3.95 1.07 8.76 0.9807
0.8 2.07 6.89 1.2773
0.025 2.21 9.11 0.4768
0 -1.11 9.52 2.3213
0 -0.81 9.71 1.465
26.425 0.33 11.51 1.7448
18.35 -2.03 6.58 1.7707
5.875 -3.3 3.47 2.4207
68.875 -3.31 2.71 3.5469
102.47 -1.88 2.53 5.3621
72.3 -0.83 4.95 6.2319
28.775 -2.41 6.35 2.0364
10.625 -3.22 -1.4 2.2143
5.45 -2.74 1.08 2.2778
2.275 -2.34 2.37 0.3469
0 -3.35 3.63 2.7954
21.875 -3.25 6.39 5.2296
13.975 -3.13 5.91 1.8509
0 -4.24 -0.08 1.0637
22.525 -4.1 0.92 2.2614
15.475 -2.17 2.6 4.4279
1.225 -11.28 0.5 2.6699
1.8 -11.31 -1.92 1.4014
12.35 -10.85 -2.42 3.9346
22.75 -3.36 -0.77 4.894
25.9 -3.83 -0.12 2.6296
0 -6.35 -0.04 3.2576
0 -6.67 -0.39 3.9336
0 -4.77 3.61 5.4909
0 -4.57 3.72 3.8619
0 -5.76 1.76 1.8869
0 -5.78 4.82 1.1691
0 -7.16 2.14 3.2614
1.575 -7.19 3.59 3.2636
8.8 -2.7 3.25 1.7325
0.175 -3.54 5.62 1.6746
0.15 -3.62 6.24 1.454
0 -3.85 7.5 2.56
0 -2.29 8.89 1.0602
0 -1.69 10.41 0.7366
0 -1.56 8.74 2.3153
0 -1.84 11.42 1.3354
0 -3.78 12.49 4.3139
0 -3.76 10.05 3.7676
0 -5.78 9.68 2.6922
0 -1.11 13.2 3.8529
0 -2.48 9.91 2.0876
0 -2.01 11.21 2.2339
0 -2.06 10.63 4.9936
0 -2.06 11.57 3.2692
0 -2.06 11.8 1.8146
3.625 -1.85 12.05 0.5393
16.1 -2.46 11.43 1.8405
5.7 -4.36 0.59 1.5593
0 -5.34 4.64 1.9155
0 -6.98 6.2 3.0617
0 -6.66 6.94 2.1348
0 -4.39 8.62 2.8402
0 -2.51 12.27 1.743
0 -1.76 12.95 1.9458
0 0.37 14.45 0.5927
0 -2.84 13.58 2.0899
0 -5.12 12.42 3.604
0 -6.39 7.21 3.8835
0 -5.89 8.55 3.9997
0 -3.93 12 2.7206
0 -2.26 14.13 1.2932
0 -2.5 13.3 3.2637
5.325 -3.02 10.67 3.873
39.05 -2.31 9.96 5.9485
24.675 -4.94 -1.14 4.3266
32.575 -3.95 -1.17 3.2444
30.9 -4.06 0.77 3.9701
4.225 -8.39 -0.09 0.8943
0.025 -8.39 1.57 1.1468
0 -8.28 1.31 0.3605
0 -7.4 5.03 0.3118
3.4 -6.67 4.4 2.2263
14.45 -5.04 2.5 5.8239
15.925 -8.54 -0.96 0.7799
0 -10.35 -2.39 0.447
0 -10.02 0.73 2.0905
2.425 -8.23 6.29 1.6614
9.025 -3.35 7.86 3.4476
11.475 -1.53 5.83 1.4951
1.725 -3.51 7.33 1.4717
2.1 -2.99 10.77 0.6233
18.55 -2.28 12.74 1.7329
27.1 -0.32 5.15 4.5352
0.05 -3.93 4.44 0.4856
0 -3.41 10.44 1.4903
0 -2.26 15.12 0.9206
0.375 -1.52 14.31 1.264
0.225 -1.28 12.04 0.7665
0.85 -1.22 14.11 0.8291
0.7 0.49 9.68 0.9799
7.2 0.78 13.45 1.0969
30.075 1.42 14.68 2.5901
1.775 -2.88 6.83 1.0661
25.575 -3.91 8.96 3.2147
34.45 -3.5 1.97 4.8757
70.425 -3.32 0.72 6.0838
17.55 -4.36 1.44 2.6327
3.6 -4.6 3.85 0.983
11.525 -4.29 4.49 4.6367
44.675 -4.23 3.5 5.3419
36.1 -7.54 1.72 3.9478
17.6 -3.06 2.42 2.9222
9.4 -2.91 -0.18 1.4731
0.075 -2.22 7.06 0.6137
0 -2.38 10.46 1.3372
0 -2.33 12.26 2.2627
0 -1.34 14.09 2.2616
0 1.52 18.48 1.6055
0 1.61 21.94 1.1655
0 0.1 18.54 1.1567
0.175 -0.71 16.81 1.916
0 0.1 17.46 1.4382
0.8 1.25 17.66 1.6074
6.425 -2.54 15.66 3.5036
7.9 -7.42 0.05 1.3811
3.6 -7.22 -1.09 1.4849
0.25 -7.18 4.72 0.5955
0 -4.27 10.67 1.6047
0 -2.58 12.13 1.531
0.25 -1.49 12.98 2.8597
0.3 -4.06 5 0.657
0 -2.23 12.16 0.7686
0 -0.04 17.25 1.5638
0.025 0.73 18.94 2.4054
0 1.07 18.88 2.9293
0 2.52 14.75 1.7944
0.5 0.16 17.52 2.2177
14.95 2.97 9.25 2.4016
1.4 -0.2 12.38 0.8912
0.55 -0.53 12.1 1.4635
0.4 1.33 10.98 2.4685
1.575 0.75 8.94 2.4065
0.05 -1.6 11.54 2.8754
0 0 13.47 0.8604
0 0.68 16.07 2.5222
0 -1.28 15.99 4.7012
0 -0.01 14.27 3.6761
0 -0.08 14.32 1.9385
0 1.51 16.83 0.4584
0 3.65 19.35 0.8334
0 4.99 20.75 2.9937
0 7.25 23.44 0.7148
0 7.05 23.69 1.6278
0 5.92 22.64 2.1463
0.45 4.7 19.96 3.1439
1.85 0.7 10.99 3.3959
5.525 -1.4 5.85 2.8007
0 0.23 14.67 1.7701
0 3.61 18.21 1.2126
0 4.76 20.93 0.5977
4.55 4.96 22.51 2.9555
12.325 -2.72 14.31 2.8295
5.85 -2.78 3.59 1.121
14.35 -1.28 7.46 3.524
16.275 -2.19 3.71 2.4275
2.125 -1.44 7.42 3.4452
0.2 -0.4 13.77 1.8644
0 3.34 18.39 2.039
0 3.33 17.59 2.9793
0 1.91 17.36 4.4917
0 1.19 15.21 2.53
0 2.57 17.4 2.7626
0 1.71 15.82 2.6905
1.05 1.74 15.93 3.3903
2.05 2.03 16.02 4.3497
9.75 -1.22 11.46 4.9285
2.4 -0.62 8.96 2.868
0.3 2.41 14.35 2.6602
0.275 2.83 15.86 3.0292
0.975 -1.23 9.6 1.7543
0 -0.3 12.61 0.5178
2.05 1.58 12.74 2.9085
10.625 5.1 8.33 1.2667
6.375 1.89 14.06 3.4343
0.025 1.36 10.44 1.9531
0 2.63 15.05 3.1049
0 4.45 19.32 1.6669
0 6.16 21.84 2.3508
0 6.48 22.43 3.0668
0 5.13 19.73 2.6394
0 6.45 20.58 2.7286
0 8.09 22.94 1.7172
0 9.37 25.92 1.8621
0 9.43 25.69 2.6512
0 6.81 22.82 1.3399
0 8.12 22.39 2.9061
0 7.71 23.5 2.0452
0 9.27 24.12 0.3054
0 10.05 26.64 0.4752
0 11.43 29.2 2.456
0 11.47 28.61 2.8013
0 9.24 26.73 2.6722
0 7.56 25.79 2.7343
0 8.03 25.07 2.3125
0 9.34 25.57 2.2808
7.225 9.65 26.31 2.498
11.275 7.22 22.78 2.4253
2.875 4.85 14.32 2.2279
0 6.43 21.32 0.9325
0 8.64 26.11 0.7954
0 11.65 28.32 0.575
0 11.27 28.91 1.5637
0 12.33 28.8 1.9056
0 13.66 26.94 2.5365
0 14.35 28.36 2.8223
0 13.59 27.54 2.2714
0 12.62 28.07 2.5477
0 10.54 27.6 2.1709
0 9.52 26.96 2.299
0 8.79 23.95 2.3706
0 8.56 24.25 3.1126
0 8.15 22.34 2.6605
0 8.94 20.91 3.2187
0 7.39 20.59 3.0813
0 7.59 21.55 1.9433
0 7.44 23.31 1.3164
0 7.94 25.53 1.9146
0 8.27 25.62 1.3109
0 9.05 26.5 2.3069
0 10.7 27.2 2.8174
0 11.02 26.87 1.8713
0 12.28 27.67 1.8767
0 10.29 29.1 2.1308
0 10.29 27.93 1.8597
0 9.81 27.11 1.7349
0 11.22 26.87 1.5601
0 12.89 29.23 2.3376
0.075 14.1 30.21 2.9673
0.2 15.82 30.13 2.0737
1.675 13.35 25.57 1.4534
0 12.62 28.27 1.8944
0 12.71 29.56 2.0677
0 10.12 28.45 3.0059
0 9.04 24.97 2.2875
0 10.11 26.17 3.0098
0 9.44 25.63 2.3451
0 10.77 26.63 1.7296
0 10.2 27.72 1.814
0 10.14 27.64 2.1995
0 10.15 26.83 2.6403
0 9.91 27.17 1.6252
0 11.31 29.02 1.2206
0 11.06 29.06 2.006
0 10.65 27.63 1.5354
0 9.67 26.99 1.1559
0 9.23 27.34 1.5366
0 9.78 27.37 1.4595
0 10.67 28.3 2.5644
0 9.57 26.28 1.9419
0 8.76 25.87 1.3201
0 7.23 25.85 1.0095
0 8.58 27.11 0.9714
0 10.11 28.26 2.031
0 12.07 28.78 1.2248
0 12 28.64 0.7728
0 11.54 31.11 1.0484
0 12.63 31.03 1.3862
0 12.36 31.23 1.609
0 9.98 30.03 1.8417
0 8.92 27.74 1.7722
0 8.84 26.99 0.798
0 9.19 26.96 0.7077
0 9.6 29.03 0.8937
0 10.91 28.36 0.9557
0 11.72 29.09 1.7922
0 10.83 27.5 0.6813
0 11.45 28.54 0.8978
0 11.61 29.97 0.8447
0.25 11.94 29.23 1.5533
2.4 9.95 29.19 1.036
2.075 10.15 25.1 1.5137
6.675 7.03 20.05 1.3839
1.4 8.4 22.85 0.5577
8.7 8.32 25 1.1555
0 8.44 22.83 2.3955
0 9.09 24.48 1.8582
0 8.26 22.17 1.6232
0 6.88 22.02 0.2566
0 7.64 25.2 0.251
0 10.61 27.57 0.9179
0 11.4 27.92 0.4208
4.5 11.54 28.48 0.2473
0 12.12 28.53 0.55
0 11.94 29.59 1.6398
7.85 8.6 25.46 2.2577
0.075 7.12 18.41 1.8429
0 7.56 22.41 0.4556
0 11.03 25.86 0.632
0 11.11 26.2 1.1148
0 9.39 27.84 1.4393
0 7.84 26.99 2.295
0 8.22 23.78 1.8779
0 7.56 21.11 2.017
8.35 5.56 18.16 2.3059
33.575 3.41 12.89 3.7469
17 -1.38 10.1 0.7957
2.8 -2.2 9.78 0.9175
0 -1.88 11.22 1.2592
0 0.84 15.5 1.1769
0.925 2.87 17.39 1.5153
4.825 4.01 12.92 1.5908
0 3.81 19.03 0.8947
0 4.31 21.1 0.5698
0 8.38 23.71 0.4404
0 5.97 23.27 1.0047
0 6.03 21.35 1.5182
0 6.55 21.19 1.7024
0 7.17 21.8 1.6717
0 5.32 23.01 0.742
0 5.04 20.02 0.5973
0 5.61 20.85 0.4926
0 5.94 19.97 2.1638
0 4.57 21.75 1.7738
0 5.25 22.07 2.1696
0 3.66 19.62 1.3175
0 1.84 15.25 3.3541
0 -0.42 13.81 3.3988
0 -0.49 13.61 2.0852
0 2.29 16.12 0.8969
0 2.72 17.86 2.1307
0 3.36 18.63 0.1231
0 2.87 18.01 3.1227
0 2.89 16.45 4.2129
2.325 -1.25 16.24 3.7601
8.15 -3.34 13.71 1.8096
2.5 -5.35 1.69 0.3694
7.925 -4.52 2.72 1.4555
0.175 -4.96 2.14 0.9034
0 -5.53 4.74 2.3032
0 -4.36 7.11 3.2719
0 -3.88 10.83 3.0714
1.65 -2.31 11.01 3.5328
3.8 1.71 8.85 1.0406
0 0.33 9.15 0.2024
0 1 10.57 0.6645
0 -1.86 10.66 0.553
0 -1.63 10.87 0.9026
0 -1.56 11.26 0.8955
0 -1.92 11.63 3.1191
0.7 -2.41 6.06 2.1665
1.575 -1.99 3.26 4.0324
3.125 -4.3 2.59 1.6287
0 -4.39 5.63 2.2449
0 -3.82 8.73 3.4562
0 -3.7 15.21 2.1722
0 -3.62 9.88 0.821
0 -2.71 9.26 2.9513
0 -1.5 11.73 2.3887
0 -0.35 11.95 1.0728
0 1.66 12.27 1.76
0 -2.29 13.08 3.3448
0 -2.56 10.13 8.7479
0 -2.56 5.95 3.6697
0 -4.73 9.83 4.4035
0 -5.92 7.83 2.752
0 -5.66 5.83 3.4915
0 -6.71 6.16 3.0978
0 -6.04 5.81 3.6338
0 -5.57 7.59 3.6907
0 -5.02 7.41 4.3229
0 -4.29 7.93 3.2502
0 -5.22 7.91 1.0494
0 -6.53 7.07 1.6741
0 -6.5 3.99 1.4745
0 -5.85 4.6 1.1779
0 -5.59 4.86 0.8983
0 -5.57 4.2 5.6161
0 -4.88 7.47 4.697
0 -6.19 7.78 2.7185
0 -6.28 7.89 4.6204
0 -7.13 6.13 4.5576
0 -6.03 4.34 3.4792
0 -7.22 6.39 4.5623
0 -6.71 8.11 4.0376
0 -6.31 7.62 4.9724
0 -5.34 7.99 3.4171
0 -3.92 8.6 1.3145
0 -3.91 9.93 1.1727
0 -3.24 8.81 1.2422
0 -0.9 13.07 0.9584
0 -2.1 11.18 1.0236
0 -4.38 10.16 2.3958
