2.25 0.93 14.29 1.3833
8.625 1.26 11.33 1.4437
8.75 0.1 10.53 1.8647
7.4 -2.35 8.22 3.7325
3.4 -0.8 8.65 2.0078
0.475 3.43 6.58 0.409
0.625 3.01 9.95 1.4604
0.35 3.61 11.58 0.7602
0.225 2.62 12.02 3.9597
0.125 2.07 12.79 3.4129
0 2.32 15.11 2.5847
0 4.46 13.78 5.3012
0 4.34 16.36 4.0799
0 3.08 16.97 3.982
0 3.21 17.19 3.8297
0 3.43 17.97 4.8603
0 2.65 17.08 4.2338
0 2.99 17.58 4.8294
0 2.64 17.75 5.015
0.025 3.64 15.89 3.5335
5.775 3.73 16.24 2.6776
20.4 8.46 17.28 2.0286
21.7 9.85 12.41 1.6175
15.85 8.32 13.22 2.2364
9.75 4.22 11.43 3.302
5.1 -1.01 4.91 1.0252
1.925 -1.31 8.03 1.1975
0.2 -1.65 8.42 1.2674
0.125 0.99 11.09 4.0634
0.975 -0.08 12.34 4.4524
0.575 2.45 16.29 2.8511
0 2.95 17.5 3.0541
0 3.58 16.99 4.0505
0 4.35 20.25 3.8741
0.225 5.48 20.35 3.0628
2.575 5.4 18.12 2.6588
5.525 6.04 14.3 2.9711
1.825 4.45 11.74 2.7493
8.55 3.06 12.54 1.1101
8.1 0.79 9.77 3.2071
4.15 -3.67 6.38 0.4387
5.75 -2.74 8.05 2.8621
11.25 0.16 8.8 1.3054
16.7 -1.57 7.23 3.2556
9.45 1.42 7.24 3.9637
6 2.99 8.34 6.4137
12.2 3.29 9.29 5.4039
13.3 3.78 8.51 4.4389
1.2 2.1 8.18 1.6336
0 0.9 10.71 3.5344
0 1.75 15.18 2.6782
5.05 1.91 16.72 3.6754
14.875 3.87 15.03 4.0015
6.675 8.21 12.37 2.9881
1.725 5.92 13.36 1.785
3.275 5.6 15.68 1.7075
2.8 5.07 14.25 2.8371
0.075 1.86 13.11 0.4901
1.95 3.14 15.45 3.6632
9.8 6.8 16.98 3.1486
18.675 8.47 15.69 4.5415
31.075 5.9 12.85 5.0585
31.825 3.65 11.07 2.7034
9.25 -0.03 11.01 1.0303
0.5 0.42 10.1 1.8992
0 -0.41 10 0.4299
0 0.62 12.5 1.3806
0 0.14 12.31 2.6344
0 -2.42 10.65 0.6694
0 -1.27 12.44 0.7926
0 2.08 14.54 1.9818
0 2.06 15.98 2.0564
0 2.48 15.93 1.4411
0 3.28 14.74 2.8696
0 5.69 16.92 3.419
0 5.06 17.32 0.9568
0 4.93 18.93 1.1248
0 6.49 20.85 1.3461
0.85 6.93 21.07 0.9619
11.075 6.4 21.05 1.7474
11.8 2.13 13.52 3.8674
0.3 -1.78 9.97 2.1859
0.525 -0.19 13.49 1.9861
0.3 1.07 16.49 0.7597
0 4.55 18.58 1.8215
0 6.42 20.19 1.9051
0 6.85 21.39 1.443
0 5.64 19.82 3.7451
0 1.41 16.26 2.2324
0 2.67 17.02 0.5238
0 4.12 18.99 2.8644
0 4.68 20.37 2.6606
0 3.11 16.29 5.1136
0 -0.22 15.35 1.9841
0 2.83 17.54 2.6271
1.275 2.8 23.14 1.9355
9.425 4.93 24.78 1.0635
13.1 5.18 18.68 3.0707
12.4 4.79 10.97 1.9384
8.475 5.4 11.55 2.2622
0.475 3.41 12.95 3.5172
0 4.05 15.89 1.3858
0.025 5.23 19.42 2.5081
0.075 4.4 19.86 5.1839
0.025 -1.17 14.31 5.6669
0 0.71 11.84 2.8389
0 2.31 18.94 1.7029
0 4.97 22.18 2.4813
0 8.47 25.79 2.5809
0 11.41 29.38 1.4687
0 13.24 30.39 1.1586
0 11.96 30.97 1.8135
0.125 9.2 30.35 2.4773
0.7 7.39 23.47 3.027
0.725 1.83 16.21 3.1631
0 2.37 18.58 1.8748
0 3.82 18.76 2.2678
0 2.34 16.88 3.0827
0 1.07 15.92 1.6768
4.55 3.73 18.43 1.7968
31.25 6.51 20.4 1.9594
26.475 10.07 17.63 2.7099
7.55 9.92 15.43 3.9706
5.525 9.67 17.9 2.0785
4.225 11.93 20.36 3.9673
0 9.44 23.33 2.0112
0 9.84 24.27 2.8893
0 8.91 24.22 1.9055
0 9.51 25.82 1.6571
0 10.19 26.27 1.3107
0 10.35 27.34 2.9794
0 8.04 25.4 3.3452
0 8.68 24.13 2.7044
0 9.43 25.69 2.8634
0 10.52 26.26 2.115
0 13.63 30.09 1.6184
0 16.68 34.67 0.3486
0 16.15 35.32 2.1219
0 15.06 32.98 2.4404
0 11.37 28.28 1.3082
0 11.13 28.63 0.9579
0 12.4 28.93 2.3418
0 11.31 28.31 2.953
0 9.99 26.42 2.7068
0 9.47 26.36 2.0913
0 12.33 28.22 1.7041
0 14.92 31.12 0.9691
0 15.28 32.9 1.9951
0 15.13 31.06 2.5647
0 14.38 30.54 3.0266
0 13.47 27.91 2.2913
0.1 13.08 27.64 2.2468
0.325 12.63 25.17 2.3226
0.525 13.02 25.21 0.4948
0.75 10.79 23.94 2.1421
0.525 9.28 20.74 3.2968
0.75 7.67 20.2 2.1499
0.525 8.72 22.19 2.6098
0 10.44 24.59 2.5278
0 8.54 25 3.3536
0 9.7 23.51 3.0473
0 8.58 23.47 3.2695
0 9.86 26.48 2.4434
0 11.9 21.18 3.4881
0.025 9.81 23.09 2.3478
0 9.74 23.62 2.4544
0 10.97 25.37 2.5765
0 12.52 26.34 3.1497
0 12.78 29.06 2.1235
0 13.96 31.99 2.9411
0 10.75 29.71 3.2625
0 8.7 25.24 3.3739
0 10.27 26.77 1.7149
0 13.82 30.57 0.9276
0 14.19 33.43 1.7038
0 13.76 33.12 2.7689
0 14.13 32.79 1.678
0 16.42 33.98 1.0387
0 17.49 39.08 0.7807
0 18.2 38.47 2.7694
0 17.19 37.67 2.6683
0 16.71 34.48 2.2589
0 16.76 34.61 1.9056
0 16.25 34.58 2.8573
0 15.42 33.47 2.5979
0 14.07 31.73 2.8183
0 12.44 30.59 2.5395
0 11.72 29.77 2.6851
0 10.57 30.19 2.6956
0 12.16 29.46 2.6615
0 12.7 29.83 2.1433
0 14.69 30.32 1.9406
0 16.19 31.57 2.4047
0 15.02 32.9 1.8346
0 15.68 35.33 1.1331
0 16.92 36.96 1.4126
0 16.81 37.96 1.8497
0 18.62 37.38 1.6632
0 20.15 38.48 1.943
0 20.3 39.35 1.6439
0 20.2 38.07 2.4271
0 17.18 36.23 2.5799
0 16.75 34.87 2.4588
0 14.84 35.12 2.131
0 15.79 33.71 2.232
0 14.84 33.75 2.3811
0 15.19 35.65 2.0358
0 18.68 37.05 1.719
0 18.39 36.37 2.063
0 17.73 34.43 2.8507
0 17.24 33.73 2.5936
0 14.35 33.49 2.8631
0 15.83 33.2 2.6872
0 13.96 32.67 3.1883
0 12.41 30.56 2.7118
0 13.04 30.86 2.3861
0 14.9 31.77 2.4489
0 11.92 28.07 3.1129
0 10 25.95 1.852
0 12.3 26.83 1.588
0 14.94 30.88 0.7762
0 17.17 33.51 1.2507
0 17.84 34.91 3.0497
0 15.59 36.39 3.0072
0 15.69 34.36 3.2094
0 14.27 31.34 3.0637
0 11 30.96 1.6059
0 13.28 31.15 0.6978
0 15.56 32.71 0.8987
0 16.09 34.43 0.8893
0 17.12 35.21 1.3098
0 16.32 34.5 2.3644
0 17.13 36.22 2.2658
0 17.34 36.83 2.1732
0.1 16.67 33.75 2.9132
0.025 14.28 29.88 1.6681
0 14.39 30.54 1.5477
0 14.52 32.21 0.5584
0 14.11 34.96 1.6766
0 16.01 35.21 1.6276
0 17.1 35.86 1.7003
0 17.25 35.83 2.6479
0 16.89 33.24 1.7975
0 14.6 33.49 0.9575
0 16.26 35.3 0.4186
0 16.7 36.5 1.8015
0 15.2 34.8 2.3265
0 11.52 31.27 2.1727
0 11.43 28.25 2.2228
0 10.85 27.9 1.8794
0 11.18 29.56 0.6438
0 12.59 30.96 1.0836
0 14.46 33.89 0.5169
0.025 15.91 35.65 1.0695
0.05 15.64 35.73 1.7612
0.925 11.68 29.16 2.2756
1.625 12.37 24.53 2.7763
0.225 10.58 23.63 1.6486
0 11.79 28.53 1.675
0 13.53 31.1 0.8436
0 15.24 33.29 0.8892
0 15.99 34.29 2.0234
0 13.41 32.76 0.8548
0 14.26 33.06 2.1854
0 15.99 34.83 2.1977
0 15.72 35.01 1.3455
0 15.05 34.66 0.8272
0 14.68 34.51 0.7487
0 15.53 35.89 1.1118
0 16.2 36.63 0.3776
0 15.08 36.53 1.9889
0 12.41 31.95 2.598
0 4.85 19.91 2.4256
0 6.1 25.56 2.3969
0.1 8.35 25.7 0.9101
0.8 8.62 24.32 3.1813
1.375 5.12 19.86 3.3419
0 3.33 15 0.3595
0 3.68 18.62 2.7752
0 5.27 21.67 1.2959
0 6.55 21.85 1.2721
0 7.18 23.41 0.6525
0 8.29 23.82 0.7009
0 7.51 22.77 1.9129
5.35 8.32 21.13 2.1159
38.875 8.79 16.79 6.9849
32.825 11.46 15.6 4.4972
0.4 13.66 21.24 1.1479
0 12.48 24.17 2.1641
0 11.61 25.84 1.1646
0.4 11.42 25.38 1.7075
0.675 8.54 23.28 2.1193
0.05 5.6 20.03 1.3535
0 6.9 18.81 1.0443
0 6.9 21.54 0.817
0 9.11 23.02 1.2895
0 10.18 23.82 1.2438
0 9.24 23.21 1.6917
0 9.72 23.62 1.0647
0 7.45 24.55 4.8484
0 4.21 19.22 4.8469
0 2.06 14.55 0.8123
0 3.16 17.11 0.2046
0 4.48 21.4 0.8666
0 7.83 22.05 0.9036
0 9.12 23.52 1.2888
0 9.49 25.38 1.2276
0 9.14 25.62 1.9255
0 8.08 23.59 2.6057
0.1 6.4 18.86 0.8967
0.25 6.46 17.94 1.6401
0 3.28 16.62 1.8883
0 4.62 17.12 1.1435
0 6.22 17.82 0.7117
1.05 6.55 17.38 0.4991
1.85 5.73 16.37 1.9739
0.3 1.84 11.94 1.2494
0 2.18 12.78 1.0309
0 2.4 14.39 2.7675
0 2.19 16.25 1.9936
1.125 3.53 18.64 1.4594
0.775 3.92 17.4 1.9861
2.375 2.51 15.79 2.3337
7.575 3.51 15.45 3.8583
1.925 1.81 13.9 1.0828
0 2.99 11.85 0.5896
0 1.84 13.02 2.0831
0 3.51 16.07 3.4681
0 4.69 17.48 3.8278
0.625 5.1 19.45 2.4325
2.8 5.01 20.27 1.1502
1 3.65 12.42 5.54
0 2.23 13.45 4.9208
0 2.82 15.71 3.8808
0 3 17.02 1.7764
0 2.36 15.61 2.2267
0 0.42 14.3 2.0178
0 1.37 14.57 1.9617
0.025 1.12 13.79 0.7049
14.75 -0.98 9.95 2.0997
15.65 -1.86 4.98 0.6599
1.025 -6.16 3.5 0.7935
0.025 -5.48 3.62 1.8779
4.075 -3.82 6.27 3.2194
23.9 -0.17 9.38 2.8635
43.175 5.72 10.13 3.9041
25.15 5.19 9.97 3.9015
3.15 4.95 9.06 0.9177
0.025 3.27 11.19 3.3984
0.05 3.85 12.48 2.825
0.1 3.51 11.38 2.156
0 2.53 12.65 2.6944
0 3.21 11.27 4.0602
2.95 3.61 14.22 2.8553
9.475 5.09 14.97 1.9528
5.1 1.35 10.13 3.6437
0.675 -2.83 8.46 2.1943
0 -1 10.44 3.9781
0 0.93 13.68 4.0652
2.5 1.75 12.99 4.1261
2.925 2.62 11.73 2.23
2.725 1.72 9.44 3.119
3.775 1.93 9.41 0.9779
4.15 4.71 10.13 1.489
1 3.72 10.22 2.8506
0.625 4.22 11.4 2.5344
0.075 3.52 12.32 1.0713
0 2.68 13.6 3.8388
0 1.93 14.82 2.8776
0 2.18 14.23 2.7432
0 3.19 12.86 3.0911
0.075 3.33 12.71 2.6751
0.975 4.43 14.52 3.0114
0.85 5.46 13.35 2.4549
0.625 4.78 11.27 2.5457
1.275 4.93 13.03 3.2523
13.45 6.29 17.82 4.8636
12.3 5.99 14.48 2.1683
0.875 1.4 11.46 1.4681
0 2.48 13.38 3.3422
2.7 2.82 16.15 2.5636
15.5 4.23 15.55 2.9831
20.05 5.75 12.3 5.0994
21.525 6.71 9.84 5.9265
26.975 3.99 9.01 6.7638
23.15 2.1 9.09 3.8595
18.625 0.5 6.33 3.3864
2.875 0.52 6.12 1.2805
3.55 0.12 8.91 2.5704
8.275 1.65 9.49 4.5485
3.2 5.45 10.86 2.8502
0 3.38 10.29 1.3387
1.05 1.69 12.31 2.8292
1.95 3.13 13.68 3.206
2.05 3.23 13.47 1.3585
0.175 1.03 11.87 1.0515
0 1.27 12.96 1.8284
0.025 2.42 13.04 2.172
0.825 4.17 13.26 0.7698
4.95 4.35 14.46 3.2589
8.25 5.54 12.9 3.2426
14.175 6.35 11.27 1.6653
5.375 4.83 9.38 2.2254
5.475 4.99 9.33 1.4361
2.375 4.06 9.42 1.7475
0.375 1.33 9.33 0.462
0 2.01 10.91 1.4361
0 3.99 12.88 1.7046
0 2.58 15.1 1.181
0 3.64 16.03 1.4175
0 4.14 16.87 1.0985
0 5.18 16.97 1.7779
0 5.56 17.79 2.4271
0 4.43 19.04 0.7381
3.175 4.7 16.13 1.0355
4.625 6.19 12.36 1.9512
3.45 4.06 9.67 2.5627
4.025 -0.88 9.83 2.2887
10.875 0.91 11.63 4.001
10.85 4.32 9.05 2.6424
2.75 1.57 11.47 0.9509
25.675 3.49 14.7 4.9515
20.325 4.53 13.98 1.025
0.425 3.32 11.34 0.3457
1.45 4.3 15.27 2.2519
9.65 5.75 15.23 2.7983
15.15 4.5 8.55 3.4189
4.475 1.56 8.6 2.6081
0.025 0.56 9.07 1.3474
0 1.96 12.34 2.4637
0.1 2.95 14.65 0.8686
0.5 3.71 12.12 2.5792
2.8 -2.24 10.19 3.4822
2.175 -0.64 9.06 2.0078
2.95 -0.59 10.87 0.5434
11.325 1.36 12.79 2.4407
6 0.37 12.35 2.268
0 0.01 11.73 2.7344
0 1.55 15.66 3.7903
0 4.35 21.07 1.3481
0 5.95 21.5 1.0872
0 6.01 21.85 3.0095
0 3.88 22.54 2.4143
0 5.91 22.72 1.8904
0 6.27 21.09 0.3739
0 4.79 19.25 1.6101
0.025 3.84 18.76 1.871
0.525 4.96 19.53 1.9488
1 4.56 18.15 2.4
0.275 1.01 14.09 1.8756
0 2.26 16.54 2.6878
0 3.73 19.57 1.2207
2.375 5.24 19.9 2.9904
9.75 4.97 17.67 5.1652
9.775 0.91 11.05 2.6776
0.875 -0.73 10.27 0.6045
5.35 0.01 11.27 2.2954
5.675 1.35 9.63 1.6325
17.2 0.96 10.34 2.8943
16.6 1.36 11.07 2.7938
0.075 0.8 10.43 0.4765
0 1.26 14.28 2.3279
0 2.93 18.53 0.8258
0 4.54 19.19 2.0429
1.45 6.58 17.7 2.0085
18.225 6.11 12.36 4.3858
23.05 4.7 10.16 4.3621
3.875 2.97 11.28 1.1378
0.125 3.3 13.4 0.6875
0 3.72 15.16 0.8582
0 4.98 18.79 1.7207
0 5 18.67 1.2188
0 5.83 21.29 1.2637
12.2 7.71 21.73 1.3703
23.325 5.64 18.42 2.5555
10.675 2.96 9.16 3.3411
2.15 4.34 8.89 2.0958
0.05 5.7 11.52 1.024
0 6.05 20.11 0.9831
0 8.59 22.29 1.1916
3.225 8.87 24.75 0.7942
14.125 8.44 23.97 4.4885
6.45 2.99 12.97 4.6523
4.275 1.53 13.37 3.4291
0.225 1.19 12.67 3.2104
0 3.7 18.2 1.8832
0 5.48 20.57 1.7931
0 8.18 24.34 1.1529
0 8.58 23.94 2.1732
0 6.51 21.68 3.6887
0 3.7 19.4 2.4196
0 4.83 20.11 0.9201
0.025 5.8 21.25 2.6983
1.25 5.8 18.54 3.4933
9.175 5.97 12.33 3.228
4.7 1.2 9.98 3.5856
0 2.39 16.49 2.0405
1.825 5.55 22.36 1.2351
3.5 7.97 24.48 0.8452
0 8.11 24.9 0.7513
0.65 10.21 25.39 1.2919
5.75 10.94 26.02 2.1079
3.1 9.79 17.77 1.7133
0.275 9.79 19.25 1.4988
0.55 9.98 21.06 3.3263
1.875 5.47 19.83 4.1415
3.025 2.2 14.46 3.441
1.05 2.76 12.51 4.0762
2.125 5.14 16.84 2.2447
10.25 5.1 17.11 1.6413
15.05 6.94 17.87 2.8882
15.875 6.42 16.05 2.1999
10.5 3.67 14.81 3.1063
0 4.56 16.32 1.7013
0 8.23 24.57 0.9758
0 11.68 26.4 2.4555
0 12.49 24.64 3.0417
0 11.21 24.56 2.1281
0 12.81 26.09 2.2206
0 14.07 26.3 2.5356
0 13.34 28.15 1.7128
0 14.04 30.24 2.5491
0 12.33 29.45 3.0827
0 11.79 27.9 2.559
0 11.56 27.63 3.5628
0 7.42 23.16 4.5427
0 9.31 21.05 5.1162
0 11.57 26.82 3.7751
0 13.13 30.1 1.0001
0 13.83 30.2 1.8748
0 13.15 30.25 2.8203
0 8.98 27.65 3.2884
0 9.42 25.56 1.4803
0 7.98 27.74 2.4032
0 8.83 25.21 3.2503
0 8.01 23.99 2.747
0 10.07 26.22 1.9657
0 11.61 29.03 0.984
0 12.94 31.54 2.0133
0.775 12.44 30.61 2.3052
0.675 12.04 28.54 2.8441
0 13.25 29.56 2.5651
0 16.12 33.35 1.2088
0 19 36.11 1.7234
0 17.07 36.3 3.1546
0 13.49 32.72 2.9761
0 12.06 30.95 2.836
0 12.06 30.68 2.9849
0 13.07 29.21 2.498
0 13.68 31.16 1.289
0 14.95 32.68 1.855
0 13.05 32.2 2.3653
0 12.71 31.25 2.3988
0 13.58 32.08 2.4641
0 15.93 33.19 2.2513
0 16.37 34.69 1.9116
0 17.1 35.03 2.3312
0 16.92 33.15 3.1794
0 15.92 31.54 3.1528
0 16.78 32.38 1.5898
0 17.49 34.98 1.3674
0 19.6 36.79 2.6935
0 19.4 37.28 2.7087
0 18.49 36.8 2.5382
0 16.84 36.65 1.9418
0 16.72 34.32 1.9305
0 15.42 32.3 2.4538
0 14.01 33.76 1.0432
0 15.99 33.01 2.3441
0 16.78 34.12 2.1684
0 17.59 34.84 2.7427
0 16.28 32.74 2.9178
0 15.56 30.56 2.1418
0 13.62 29.87 2.5556
0 14.36 31.3 2.3589
0 14.63 32.34 2.5835
0 14.53 31.99 2.3789
0 14.4 31.74 1.9758
0 14.73 32.09 2.4131
0 14.23 32.97 1.6329
0 14.78 32.68 2.0394
0 13.6 32.08 2.1525
0 13.93 31.59 2.2596
0 13.66 31.11 2.5825
0 14.37 30.39 2.9412
0 13.83 29.49 2.1368
0 14.01 29.71 2.0914
0 12.55 28.08 2.3163
0 12.38 28.99 1.0559
0 14.38 29.8 1.4942
0 14.54 30.54 2.3816
0 14.24 30.88 2.9552
0 14.47 32.2 1.3005
0 15.91 33.04 1.6381
0 15.3 32.43 1.6886
0 13.58 32.54 2.0024
0 14.78 32.67 2.2836
0.075 13.77 31.08 1.9653
0.05 11.06 29.85 1.8121
0 13.48 28.86 2.5803
0 15.01 35.17 1.964
0 18.58 38.79 0.5176
0 18.92 37.35 2.27
0 14.93 33.65 2.3467
0 11.08 31.6 2.8622
0 8.31 21.67 2.2433
0 9.3 22.76 2.5039
0 10.09 25.14 1.6144
0 13.32 28.47 1.193
0 16.08 32.99 0.4762
0 16.36 34.99 1.3101
0 15.86 35.12 1.2708
0 15.99 33.13 2.1135
0 14.27 31.73 1.5114
0 13.71 30.66 2.2348
0 10.89 27.03 2.8044
0 7.67 18.64 1.9018
0 8.78 22.95 0.9038
0 11.12 27.03 0.5928
0 13.05 30.32 1.1599
0 12.8 28.87 1.781
0 11.19 27.88 1.5035
0 11.84 28.03 1.2429
0 11.49 28.55 1.7721
0 12.68 28.2 1.5398
0 12.69 27.02 1.4024
0 12.35 26.26 1.3608
0 10.63 25.29 1.3186
0 10.61 25.73 1.233
0 9.11 23.35 2.7089
0 8.78 22.29 1.1554
0 11.04 27.99 0.7859
0 13.69 30.86 1.019
0 17.19 34.1 0.8297
0 15.93 34.63 1.3554
0 17.31 36.27 0.6317
0 17.93 36.93 0.5482
0 17.16 35.08 0.3181
0 16.24 32.27 0.6408
2.85 16.82 31.75 1.0346
5.05 14.69 29.91 1.5655
6 11.5 22.1 1.5538
0.8 10.77 17.89 1.678
0.2 8.74 18.01 0.6797
1.925 8.88 20.42 2.1365
0.025 7.71 19.02 0.6224
0 8.73 23.69 1.8988
0 11.81 25.07 1.8178
0 12.81 26.93 2.0187
0 13.47 28.07 2.3171
0 14.23 30.24 1.5154
0 15.07 31.21 0.582
0 14.02 30.77 0.5378
0.325 12.95 28.69 1.0866
1.825 11.61 23.43 0.9588
0.875 9.26 19.77 1.2603
0 8.76 20.35 1.6127
0 9.72 24.13 0.934
0.25 9.11 22.3 1.7986
4.125 9.26 20.1 1.4505
12.175 9.55 18.91 1.9125
53.75 10.68 15.15 5.1774
14.25 7.29 15.24 3.3752
0 3.99 15.48 1.5007
0 3.24 16.55 2.9742
0.025 5.93 19.09 3.5883
2.525 8.28 20.44 2.1822
3.3 8.92 19.26 1.8088
0.775 6.69 13.85 1.0806
0 5.98 18.66 1.8118
0 7.22 20.91 2.948
0 9.22 23.32 2.6776
0 10.83 26.66 1.6783
0 11.76 26.39 1.3164
4.1 10.1 24.76 2.1025
16.65 8.4 19.87 3.4239
7.825 3.67 12.34 2.4103
2.125 1.46 12.12 0.7304
1.275 3.49 13.39 1.6036
0.05 2.56 12.47 2.3148
0 3.48 15.34 1.4248
0 4.59 16.03 3.03
0 6.5 18.3 1.7494
0 7.77 19.8 2.8391
0 6.96 20.41 1.4507
0 6.5 19.46 1.9477
3.45 5.78 19.13 1.8901
21.375 5.47 16.74 2.2003
26.775 1.83 9.44 3.1576
28.6 1.69 6.57 4.7417
14.475 2.39 6.35 3.2459
15.375 2.28 7.6 4.0892
4.475 -3.09 5.2 1.3856
0 -2.96 7.4 3.2632
11.425 -1.16 8.19 3.3832
11.625 0.7 9.25 2.7394
5.425 -0.87 6.2 2.2303
0 -3.59 7.3 2.5328
0 -1.72 8.29 3.0708
0.05 0.72 10.44 2.3102
0.225 1.28 13.16 2.6618
0.425 5.31 10.09 1.477
4.45 6.46 14.31 2.4867
13.825 7.07 14.26 2.5855
4.475 6.75 16.82 3.6008
2.475 3.83 13.99 2.1956
6.175 5.18 14.09 2.3995
5.625 6.93 13.08 1.3576
0.8 8.11 15.78 1.7159
0.025 6.53 14.49 0.4785
0.025 5.64 15.11 2.3062
6.075 5.1 14.61 1.3606
15.9 5.48 12.23 2.1171
6.775 2.08 10.69 1.2899
7.575 -0.18 10.41 2.6238
33.925 1.18 10.97 3.4629
43.975 6.96 11.09 5.0318
70.5 6.64 11.89 5.6582
8.55 3.24 10.52 2.9355
6.85 3.59 7.14 2.9627
5.775 4.64 11.07 2.1923
1.325 4.97 10.06 0.6064
4.95 3.41 12.32 3.2014
17.2 3.46 13.81 5.5068
8.4 2.94 13.05 2.3627
3.65 2.63 9.47 0.8691
41.65 3.16 9.77 2.4154
35.05 3.16 8.58 4.4842
2.575 -3.79 6.54 2.2024
3.525 -4.41 4.86 1.5986
18.175 -2.01 6.68 4.4416
13.1 1.46 6.89 4.629
2.875 1.55 7.04 2.4167
0 -0.15 7.94 3.032
0 -0.2 9.03 3.6955
0.025 -0.38 8.26 4.8335
0.025 -0.21 7.57 3.3751
0.1 0.02 8.71 1.6406
0.05 -0.47 5.51 1.3734
0 -2.83 5.65 3.0613
1.4 0.49 8.12 3.4633
2.325 3.1 12.65 2.4358
1.35 3.11 13.21 1.68
0.725 5.09 9.99 1.1908
0 1.88 12.36 2.6639
0.025 5.15 11.93 0.6209
0.025 5.73 13.97 0.583
0 5.04 13.46 2.4395
0 2.68 12.96 1.5277
0 3.12 15 4.0618
0 2.99 16.57 3.6088
0 3.86 16.2 3.0061
0 3.04 17.98 4.0488
0 3.04 16.53 1.8057
0.025 3.62 16.24 2.0692
0.025 3.14 16.54 4.9445
0.025 3.19 17.24 3.5876
0.025 2.65 16.46 1.803
13.625 2.32 15.52 0.6467
10.25 2.48 12.84 1.7183
4.15 1.25 8.22 1.3372
0.025 0.98 10.84 1.7574
0 -1.4 12.5 3.0105
0 1.12 13.19 1.9998
0 1.86 13.54 2.5237
0 3.89 18.09 1.6303
0 5.44 18.14 1.9203
0 5.13 19.5 0.7028
0 1.65 17.38 2.5551
0 -0.3 12.8 3.4248
0 0.87 12.87 3.5936
0 1.53 14.48 3.717
0 1.78 18.43 2.8551
0.075 1.68 19.41 1.1915
0.725 1.69 17.26 4.0821
15.975 6.4 15.51 5.1127
19.675 3.45 11.39 5.775
32.325 1.35 5.7 4.9354
31.675 1.5 5.67 2.3959
10.475 -0.05 7.77 2.9314
0.75 -2.27 6.97 0.5412
0 -0.73 8.45 1.2611
0 -1.63 8.77 0.5186
1.625 -1.08 10.51 0.7717
12 0.03 9.35 2.4964
19.225 -0.02 8.17 4.9783
9.175 -3.87 6.47 0.9266
36.2 -4.43 5.93 0.4773
1.675 -1.88 9.37 2.3776
2.875 -1.98 11.88 1.9266
11.55 1.43 13.63 4.0208
3.175 6.15 13.47 1.5474
0.025 1.86 13.86 1.4812
5.8 3.36 15.62 0.5209
20.5 5.48 15.58 1.7422
10.475 5.07 10.69 4.0313
0.125 2.31 11.25 0.8844
1.9 3.86 15.33 1.5686
0.425 5.67 17.02 1.1918
0.175 4.46 15.69 1.082
0.55 3.93 14.39 0.4302
4.85 4.74 15.19 1.5915
7.375 7.19 15.76 1.5336
18.7 7.27 16.72 1.8576
9.525 6.44 15.43 2.5898
5.65 0.55 11.57 0.9502
12.475 0.71 12.28 3.9167
28.625 1.87 9.58 4.7882
37.325 3.33 7.19 5.2758
15.425 2.09 7.34 2.2718
3.875 1.14 9.03 1.5216
12.275 2.38 10.56 5.2743
20.675 3.62 7.07 5.6311
23.65 1.35 7.89 4.0394
20.2 2.02 8.9 3.2244
4.4 4.05 9.51 1.6516
2.325 4.49 12.02 0.6712
0 4 15.21 1.1761
0 5.01 15.36 1.7924
0 6.88 19.59 2.4931
0 8.34 24.58 1.9881
0 7.86 22.82 1.0355
0 3.38 18.94 1.9651
0 4.47 19.34 1.8647
0 6.61 21.35 1.4114
2.275 5.07 20.4 1.6689
5.025 2.46 16.69 3.48
2.175 -0.83 9.37 1.7062
0.075 -1.32 11.37 1.2419
0 -0.43 14.59 0.3756
0 1.98 15.86 1.526
0.25 2.59 16.94 1.3721
0.85 2.68 15.16 2.5958
0.35 0.51 13.29 0.5052
0 1.48 17.48 0.7755
0 4.61 21.31 1.1984
0.95 5.57 22.36 2.0113
1.6 8.41 20.3 2.5502
0.725 9.88 18.75 1.346
2.375 9.08 19.7 1.8843
2.475 8.75 17.7 1.8803
0.675 4.07 17.6 0.8336
1.275 5.4 17.41 0.8261
1.75 6.79 17.77 2.0211
1.425 5.96 17.86 2.3115
0.525 3.31 17.83 2.3122
0.1 3.16 19.53 0.9519
0 4.07 20.18 2.1482
0 3.63 18.46 4.3504
0 1.93 18.67 3.3828
0 4 20.74 1.7314
0 6.27 23.17 0.518
0 7.31 23.94 1.0666
0 8.99 25.79 2.9866
0 11.17 28.44 0.924
0 10.05 28.49 1.3796
0 8.89 25.59 1.8283
0.1 7.28 20.37 2.693
1.5 3.76 13.93 2.908
0.75 3.17 18.3 2.4244
0 5.68 21.43 1.6927
0 8.15 23.5 1.1657
0.9 8.88 24.94 0.7271
15.65 8.88 22.46 2.8243
17.125 3.71 14.43 2.7568
6.825 2.63 11.06 1.5706
16.05 4.91 11.44 3.4357
6.225 5.71 11.39 2.0508
0.5 4.31 15.89 2.8121
0 5.8 22.32 1.5606
0 9.88 23.33 2.1437
0 7.7 22.54 3.1761
0 6.05 20.92 4.4217
0.775 6.18 20.63 2.3514
4.475 7.73 19.5 2.7922
1.15 4.65 18.34 2.0353
1.225 5.47 18.71 3.1187
2.525 6.08 18 3.9424
1.35 4.9 16.1 4.5315
0.025 5.79 17.72 2.7693
1.825 6.23 18.78 2.5862
1.275 6.85 18.11 2.6205
0.9 4.63 15.1 1.5757
1.075 4.97 16.97 0.8667
7.375 7.64 17.17 3.362
13.8 10.94 16.64 1.0256
5.775 8.45 18.72 3.4889
0.125 7.31 18.13 2.0452
0 8.73 22.12 2.8589
0 10.04 25.24 1.5821
0 11.72 26.75 2.6503
0 10.78 25.5 3.1287
0 9.78 24.23 2.7715
0 11.3 26.68 2.6901
0 13.5 30.35 2.1362
0 15.02 31.66 2.1334
0 13.45 30.26 2.4171
0 12.7 27.76 1.4961
0 13.27 28.15 2.8526
0 12.92 29.12 2.3428
0 14.58 30 0.6789
0 16.57 33.64 0.754
0 18.16 35.37 2.5352
0 15.26 33.75 2.5608
0 12.9 30.61 2.4436
0 12.24 29.56 2.581
0 12.61 29.4 2.4316
1.6 14.02 30.53 2.4331
10.15 13.55 28.27 2.5042
5.225 10.3 23.1 2.4739
0.075 9.68 23.53 2.3612
0 12.32 28.27 1.4014
0 14.99 32.72 1.1506
0 17.22 35.02 1.0831
0 17.55 35.76 1.5863
0 18.4 35.54 1.6309
0 19.37 35.05 2.4855
0 18.55 34.62 2.8073
0 17.31 33.75 1.9636
0 16.5 33.18 2.4105
0 14.01 31.99 2.259
0 13.01 30.3 2.4944
0 12.4 27.83 2.6729
0 12.43 26.76 3.1811
0 11.6 25.08 2.7612
0 11.95 25.04 3.3739
0 11.24 25.27 3.2472
0 11.16 26.1 2.1027
0 11.58 27.89 1.2823
0 13.32 28.75 1.9943
0 14.61 30.77 1.5744
0 15.06 31.88 2.3264
0 14.95 33.01 2.7867
0 14.45 32.49 1.9286
0 13.77 32.13 2.0528
0 12.98 32.28 2.1747
0 12.73 32.01 1.9022
0 13.02 32.74 1.6678
0 13.89 33.52 1.5371
0 15.06 33.77 2.3682
0 14.6 33.24 3.1977
0 15.2 32.85 2.1608
0 15.68 31.77 1.5889
0 16.18 33.32 1.8491
0 15.91 33.47 2.1216
0 14.22 32.07 3.1561
0 13.71 30.02 2.4335
0 14.95 30.76 3.1548
0 15.09 29.77 2.62
0 12.68 31.45 1.9654
0 14.23 31.51 2.0833
0 14.83 32.28 2.1893
0 14.81 32.14 2.6763
0 12.94 31.69 1.8582
0 15.73 32.08 1.5029
0 16.31 33.49 2.1676
0 14.92 32.84 1.4754
0 14.24 32.91 1.2173
0 13.95 33 1.9
0 14.08 33.49 1.7639
0 14.11 31.78 2.6841
0 12.97 29.86 2.1594
0 12.4 29.63 1.7508
0 12.96 29.87 1.3469
0 15.15 31.92 0.9658
0 16.48 33.38 1.9803
0 16.15 33.1 1.2477
0 16.98 34.02 0.8619
0 17.71 34.7 1.0602
0 17.45 35.03 1.4505
0 15.99 34.46 1.8324
0 14.87 32.89 1.8455
0 13.66 31.51 1.7699
0 14.06 31.63 0.7443
0 15.76 32.07 0.8364
0 16 33 0.7171
0 16.04 32.54 0.9243
0 16.48 32.26 1.9124
0 13.71 33.85 0.6695
0 16.17 33.83 0.9724
1.5 15.94 33.79 1.0148
0.85 14.45 33.93 1.6639
0.175 15.89 34.63 0.8313
0.525 15.33 29.42 1.7946
0.525 13.75 26.71 1.7139
0.25 13.26 29.8 0.8606
0.125 14.3 30.27 1.5411
0 14.56 29.05 2.481
0 12.02 27.78 1.687
0 11.42 26.24 1.7749
0 12.52 27.7 0.7807
0 13.56 31.53 0.4182
0 14.98 33.98 1.0413
0 15.77 33.4 0.7851
0 16.59 33.8 0.6488
0 16.1 35.68 0.7118
0 14.58 33.57 1.5434
0 13.61 29.33 2.2747
0 10.14 23.64 1.9107
0 11.15 27.69 0.8237
0 13.81 31.42 0.5973
0 13.45 32.49 0.9177
0 14.75 30.59 1.2899
0 12.76 27.61 2.4387
0 11.77 24.46 1.8814
0.925 9.73 23.06 2.0156
14.175 8.43 20.99 2.1935
19.6 7.7 17.58 3.754
5.95 6.56 12.31 0.7633
0.975 3.97 13.54 0.9115
0 5.62 17.79 1.2558
1.65 7.24 20.91 1.2392
5.05 10.21 20.83 1.6458
2.375 12.51 19.15 1.8109
0 9.3 23.26 1.0355
0 10.11 26.77 0.736
0 13.37 28.23 0.5431
0.025 12.26 28.11 1.0052
0 12.88 26.85 1.1987
0 12.37 25.76 1.6393
0 12.57 27.24 1.4523
0 11.78 26.17 1.0793
0 11.17 23.87 0.7365
0 9.4 24.4 0.8353
0 10.86 24.91 2.4127
0 11.32 26.16 1.6554
0 10.84 26.72 1.6712
0 9.28 23.62 1.4266
0 5.97 19.85 2.9312
0 6.14 19.71 3.1135
0 7.33 20.43 1.8056
0 7.54 21.64 1.0946
0 8.61 23 2.0957
0 8.73 24.15 0.5551
0 6.72 23.12 3.8111
0.3 6.71 21.21 4.0702
3.35 5.47 21.04 3.3952
3.05 2.38 15.97 1.744
5.4 -0.27 10.68 0.7291
2.425 0.43 9.58 1.4761
0.05 -0.57 10.31 0.8822
0 0.7 11.12 2.0281
0 2.51 14.79 2.9993
0.525 2.31 17.19 3.0639
2.125 4.97 18.82 3.5508
1.025 7.58 16.49 0.6672
0 6.56 16.9 0.304
0 7.64 16.26 0.7962
0 5.31 15.87 0.6315
0 5.01 17.5 0.8944
0.3 5.13 17.38 1.2143
1.875 4.79 16.09 3.3819
3.7 1.9 9.94 2.2212
1.5 3.01 10.12 4.0057
0.175 1.05 12.02 1.952
0 2.12 12.35 2.893
0.05 2.29 13.04 4.1413
0.45 3.56 14.41 2.1936
0.1 4.02 12.54 0.728
0 4.07 15.25 2.7259
0 4.86 17.75 2.2576
0.1 4.75 19.54 0.9606
0.1 4.8 15.72 1.5998
0.025 2.97 18.44 3.9871
0 0.93 16.41 7.7159
0 1.24 15.12 3.4972
0 -0.49 14.05 4.0406
0 -0.89 13.11 2.7244
0 -1.3 12.39 3.447
0 -1.11 12.71 2.9819
0 -1.53 12.76 3.2364
0 0.79 13.98 3.253
0 1.01 14.35 4.2295
0 1.17 15.95 3.0259
0 -0.22 13.73 0.678
0 0.01 11.31 1.5098
0 -0.07 13.02 1.44
0.45 -0.55 11.53 0.8863
0.975 -0.17 10.95 0.7035
0.35 -0.6 10.28 5.0842
0 0.84 14.59 4.5001
0 0.64 15.09 2.6192
0 0.65 12.92 4.4392
0 0.16 12.91 4.1712
0 -1.66 11.56 3.4191
0 -2.91 12.1 4.4917
0 -0.5 13.3 3.9228
0 -0.06 12.78 4.9172
0 0.58 15.68 3.3805
0 0.79 16.15 1.2585
0 0.94 14.9 1.0501
0 2.48 16.13 1.0263
0 5.01 16.28 0.8536
0 4.92 16.23 1.4944
0 1.86 13.49 2.3771
