1.275 -13.61 0.15 1.5254
9.175 -10.01 -0.43 1.6689
5.025 -12.49 -0.11 1.654
0.85 -16.12 -4.57 4.3125
3 -15.23 -5.59 1.7593
1.5 -9.13 -3.89 0.595
0 -9.4 -0.68 1.3592
0 -7.68 1.08 0.6917
0 -10.67 4.59 4.5403
0 -10.54 4.73 3.1605
0 -8.58 3.35 2.235
0 -7.23 6.99 5.4165
0 -5.7 7.61 3.7103
0 -8.58 7.35 3.2109
0 -7.1 7.89 3.7414
0 -7.7 8.94 4.836
0 -8.53 6.85 4.2234
0 -8.71 6.28 4.8089
0 -7.5 5.92 4.8793
0.075 -7.2 5.07 3.3899
15.15 -6.44 5.95 2.7077
28.725 -4.55 6.24 2.1444
57.775 -5.66 2.64 1.5851
51.15 -4.6 0.49 2.7711
15.55 -8.7 -1.94 3.6322
2.375 -13.73 -6.84 0.7434
0.35 -14.32 -5.07 1.2298
0 -12.06 -2.17 1.3745
0 -10.26 -0.02 4.2601
0 -8.74 5.16 4.4995
0 -6.77 6.17 3.0784
0 -7.29 6.07 3.2698
0 -8.75 5.36 3.7425
0 -8.71 7.5 3.7494
0 -5.73 8.87 2.9703
6.525 -5.3 7.8 2.4764
10.775 -7.58 -0.56 2.6091
4.1 -8.9 -2.82 2.895
21.475 -8.99 -0.15 1.2623
12.875 -13 -1.74 3.7878
4.425 -17.67 -7.17 0.5282
11.675 -15.74 -5.45 2.5973
6.05 -11.88 -5.54 1.424
14.275 -12.12 -4.66 3.1003
8.25 -11.8 -5.94 3.3319
3.425 -10.2 -3.97 5.4831
27.65 -9 -4.85 5.4365
22.05 -10.14 -5.91 4.2036
3.925 -12.67 -6.11 1.1055
0 -12.4 -3.25 3.3459
0 -11.99 0.3 2.4455
7.1 -10.89 1.82 3.7492
26.95 -10.11 1.33 3.3319
18.5 -6.27 -3.06 2.4432
5.5 -7.69 -0.34 1.6784
2.75 -8.25 4.62 1.5486
0.65 -7.6 -0.69 2.845
0 -9.66 3 0.4774
0.025 -8.94 5.9 3.7899
17.625 -5.15 5.32 2.8682
27.475 -4.46 2.36 4.1692
37.25 -5.85 1.46 4.9534
19.8 -9.34 -3.59 3.1566
3.7 -13.9 -4.71 0.7394
1.525 -12.55 -1.82 1.902
0 -13.15 -2.5 0.2815
0 -13.25 1.66 1.5062
0 -10.41 4.21 2.6529
0 -13.48 -1.83 0.4856
0 -12.89 2.96 0.8363
0 -10.36 3.48 2.3658
0 -10 6.13 2.6667
0 -9.27 7.71 1.441
0 -7.73 5.45 2.5474
0 -6.72 5.72 3.0411
0 -6.34 8.47 1.0485
0 -5.62 9.96 0.9144
0 -3.63 12.15 0.8211
0.125 -5.24 12.34 0.6789
25.15 -4.96 11.51 2.0975
20.725 -9.66 3.24 4.2451
2.175 -15.33 -6.69 2.1765
0 -14 -1.85 1.8948
0 -10.65 5.41 0.4132
0 -6.73 7.7 1.9897
0 -7.23 10.11 2.099
0 -6.44 9.6 1.3099
0 -5.01 11.55 3.3592
0 -8.52 7.55 1.9923
0 -7.52 6.73 0.2972
0 -5.79 8.66 2.5329
0 -5.09 10.69 2.5816
0 -7.13 8.94 5.3413
0 -11.13 1.39 1.8768
0 -10.11 5.67 2.9522
0 -8.49 9.59 2.576
11.85 -4.96 12.26 1.3521
12.275 -8.54 9.33 3.5966
8.35 -8.11 -0.68 1.8229
4.125 -7.83 0.61 2.1427
0.575 -8.36 0.06 3.7183
0 -6.8 4.64 1.4878
0 -6.61 9.3 2.0028
0 -4.81 8.21 4.4842
0 -12.62 2.17 6.3235
0 -11.34 0.3 3.3457
0 -8.85 5.83 1.5808
0 -6.36 11.08 3.1021
0 -4.04 14.51 2.9595
0 -0.49 17.66 1.5677
0 0.94 19.81 1.0414
0 2.22 20.37 2.1968
0.125 0.64 18.99 3.0759
1.925 -2.08 12.78 3.3974
1.1 -9.63 2.52 3.6078
0 -8.21 5.56 1.8333
0 -6.03 8.09 2.3708
0 -6.62 8.75 3.3569
0 -8.28 5.74 1.5088
1.65 -5.64 8.83 1.8986
56.05 0.9 11.85 2.1429
38.925 -2.63 7.8 2.7854
11.4 -1.35 3.98 3.9812
5.825 -3.86 4.93 2.0304
0.675 -0.44 9.8 4.0005
0 -2.76 11.48 2.4619
0 -1.94 14.57 2.7362
0 -0.5 15.2 1.5724
0 -1.52 15.88 0.9801
0 0.72 16.63 0.7121
0 -0.53 17.36 2.9607
0 -0.84 16.43 3.2848
0 -1.82 14.42 2.2237
0 -1.2 14.16 3.1054
0 -0.04 15.49 1.5353
0 0.88 18.22 1.7951
0 5.13 22.35 0.3758
0.725 6.67 24.07 2.5086
0.425 4.21 23.59 2.9413
0 1.56 18.2 1.7294
0 1 17.23 0.8045
0 1.52 18.31 2.391
0 1.33 17.99 2.9083
0 0.96 16.92 2.6844
0 -0.72 16.6 1.7283
0 0.16 16.58 1.1916
0 2.24 17.99 0.7541
0.85 3.84 19.49 1.6959
0.5 3.33 18.84 2.4049
19.725 3.36 18.08 3.3404
11.825 3.47 17.58 2.1143
0.525 3.16 16.85 1.8469
0 2.18 14.89 2.1895
0.425 2.54 14.43 0.6487
11.15 -0.52 12.64 2.1719
9.6 -2.76 11.39 3.8567
4.6 -4.11 3.43 2.6429
1.65 -2.71 5.73 2.7796
0.275 -1.83 11.56 2.5293
0.175 1 13.65 3.3723
0 0.9 12.79 3.094
0 -1.27 11.36 3.275
1.9 -0.59 12.36 2.0816
3.375 1.08 11.61 3.6702
1.325 -1.33 11.15 2.5385
0.5 -0.83 12.26 2.3919
0.325 0.13 12.78 2.2718
0 2.56 13.6 2.8821
0 2.52 16.07 1.5885
0 4.98 21.24 2.624
0 2.12 19.88 3.2172
0 -0.19 15.56 3.1053
0 -0.44 13.52 1.218
0 1.14 16.23 0.8125
0 4.12 20.07 1.3871
0 4.63 22.37 2.7519
0 3.64 20.25 1.6064
0 4.67 20.9 0.8776
0 5.43 24.76 0.4316
0.275 8.12 26.02 2.996
0.175 7.67 25.49 2.9975
0 6.65 24 2.2345
0 7.55 23.5 1.5689
0 5.94 22.01 2.9281
0 4.67 22.71 2.5513
0 4.24 21.84 2.8753
0 3.52 21.63 2.7329
0 2.36 19.65 2.9592
0 2.09 19.09 2.6003
0 1.82 19.31 2.5312
0 2.07 19.35 1.9121
0 3.92 20.52 1.9991
0 4.69 21.6 2.4486
0 4.92 21.23 1.3886
0 4.49 22.13 0.8041
0 5 22.74 1.5796
0 7.11 25.32 2.146
0 7.7 24.29 1.9067
0 8.62 26.22 2.0836
0 9.6 26.59 1.9392
0 9.6 27.28 2.4797
0 8.19 27.06 2.5597
0 6.93 25.19 2.2061
0 9.07 25.53 2.0696
0 7.62 24.59 2.1903
0 7.24 24.72 2.2765
0 7.28 24.98 1.9691
0 7.67 25.76 1.6999
0 9.32 25.84 1.9339
0 8.1 25.76 2.7612
0 8.57 24.65 2.421
0 7.89 24.04 2.3203
0 7.33 24.02 2.3615
0 7.02 23.19 3.1736
0 4.64 21.53 2.85
0 4.63 21.67 2.5072
0 6.38 21.43 2.7003
0 3.72 19.46 3.4334
0 -0.68 10.93 1.9851
0 0.95 13.58 1.2362
0 2.83 18.01 0.1611
0 4.48 21.25 1.0799
0 6.21 22.69 2.942
0 6.19 24.04 2.7908
0 6.21 23.19 3.0001
0 4.21 21.92 3.1364
0 1.61 19.66 1.3288
0 1.38 19.16 0.3049
0 2.58 20.84 0.6687
0 4.06 22.8 0.9912
0 6.48 25.22 1.2844
0 6.46 26.23 1.8813
0 7.46 25.68 2.306
6.375 7.44 26.23 2.3114
7.175 6.13 21.15 3.3937
2 3.68 20.42 1.6814
0 3.3 20.08 1.6666
0 3.29 21.62 0.6929
0 3.62 22.37 1.4035
0 5.97 22.06 1.0431
0 6.35 22.91 1.3758
0 5.74 24.04 3.0931
0 6.61 22.63 2.2161
0 5.14 22.26 1.2397
0 5.58 22.59 0.1699
0 7.2 23.5 1.3822
0 6.54 23.21 2.0149
0 3.8 21.91 2.2007
0 1.9 19.88 2.0545
0 2.72 17.89 1.3314
0 2.13 17.99 0.4387
0 3.39 18.95 0.9263
0 4.92 21.12 0.3497
0 5.73 22.68 0.9742
0.2 6.35 25.01 1.4178
1.675 4.94 21.75 2.486
0.65 1.99 16.98 2.8759
0 -0.09 12.93 1.4691
0 1.8 17.48 1.101
0 2.98 20 0.3413
0 3.34 21.81 1.1543
0 5.7 23.89 2.4079
0 3.31 22.16 0.9349
0 5.04 19.94 2.7872
0 3.71 23.06 2.5858
0 3.79 23.38 1.7065
0 3.15 22.89 0.9328
0 3.36 22.91 0.784
0 4.85 23.9 1.1715
0 4.32 25.02 0.4016
0 4.26 25.02 2.2677
0 5.27 20.54 2.6452
0 -6.09 9.45 2.311
0 -5.49 9.61 2.548
0 -3.18 13.94 0.8443
3.875 -1.01 14.6 3.1299
2.55 -7.59 11.19 3.5865
0.125 -9.12 -0.17 0.3317
0 -8.22 7.28 3.3077
0 -6.38 9.75 1.7781
0 -4.1 10.77 1.3507
0 -3.63 12.65 0.8499
0 -2.53 14.32 0.657
0 -3.45 13.86 2.0859
12.425 -2.64 12.85 2.0393
79.225 -2.12 7.31 6.4179
43.95 -1.81 3.95 4.6394
0.525 -0.14 7.97 0.736
0 -0.22 13.74 2.1766
0 -0.56 15.34 1.1703
0 0.84 17.7 2.0614
3.275 1.14 13.86 2.5404
1.95 -6.04 5.79 2.366
0 -5.94 7.9 1.055
0 -4.31 10.8 0.6127
0 -4.11 11.95 0.8576
0 -1.74 14 1.0766
0 -1.61 10.93 1.8928
0 -2.32 12.04 1.1949
0 -2.7 13.2 4.1718
0 -7.37 1.71 5.0688
0 -9.91 1.41 0.8207
0 -8.26 4.12 0.039
0 -5.48 10.01 0.8699
0 -4.33 12.5 0.7852
0 -1.71 13.92 1.1825
0 -2.08 15.44 1.1612
0 -2.07 15.17 1.7836
0 -2.52 14.33 2.3633
0 -5.52 9.84 0.8043
0 -6.29 8.4 1.3602
0 -8.09 6.1 1.8313
0 -7.42 6.09 1.3361
0 -6.29 8 0.7996
6.075 -4.36 7.83 0.6033
6.45 -4.48 8.09 1.9973
1.675 -9.42 0.05 1.0743
0 -10.11 0.99 1.0609
0 -10.26 1.66 2.8911
0 -8.58 5.33 2.2307
0 -7.25 7 1.8352
0 -7 8.58 1.2396
0.575 -9.41 3.69 2.4039
5.325 -8.27 5.3 4.0786
2.975 -7.71 4.71 0.9429
0 -7.58 1.08 0.6027
0 -9.58 4.36 2.5095
0 -8.88 3.05 3.8189
0 -7.84 4.58 4.2133
0.775 -7.92 5.61 2.7533
3.225 -6.53 6.97 1.2848
1.65 -8.74 3.82 5.0976
0 -8.91 -1.04 5.2546
0 -9.26 1.26 3.8817
0 -8.87 3.72 1.6695
0 -9.86 3.99 2.4078
0 -11.53 5.43 2.2402
0 -10.65 1.52 2.1379
0.025 -9.65 3.76 1.0327
13.45 -12.66 -0.16 2.3685
14.975 -11.15 -2.58 1.0374
4.15 -21.02 -9.31 0.7452
0 -20.74 -8.82 1.8384
4.95 -17.66 -7.47 2.9359
29.8 -10.22 -3.51 2.6785
60.525 -7.1 -2.77 3.6587
30.075 -8.85 -2.51 4.6406
2.025 -12.58 -4.75 0.8858
0 -12.06 -4.76 2.9458
0 -10.31 -0.38 2.337
0 -8.53 1.62 2.2074
0 -8.28 0.77 2.7619
0 -9.15 0.47 4.0425
0.775 -8.63 0.6 2.8697
14 -7.86 3.99 1.933
9.975 -11.17 1.44 3.6705
0.175 -15.52 -5.69 2.8392
0 -12.52 -1.53 3.7952
0 -12.3 -1.32 3.6672
6.45 -12.24 -3.01 3.9609
3.875 -11.38 -1.73 1.9562
2.6 -12.17 -4.72 3.2379
9.125 -10.32 -2.74 0.7924
4.75 -8.58 -2.96 1.5461
0.1 -9.03 -3.35 2.4498
0 -9.46 0.19 1.9662
0 -9.98 0.43 1.1242
0 -10.06 0.47 3.9234
0 -10.24 1.47 2.8703
0 -9.07 1.46 2.3056
0 -9.19 2.01 2.8444
0 -8.47 2.43 2.8815
0.1 -6.86 3.85 3.1093
1.85 -6.47 4.23 2.2442
1.1 -4.59 2 2.4506
1.25 -5.39 1.33 3.0541
24.525 -6.94 4.66 4.3767
14.675 -6.65 0.38 2.112
0.225 -11.39 -1.42 1.5158
0 -10.64 -0.87 3.3308
1.05 -9.19 2.52 1.8314
19.975 -9.22 3.13 2.5397
43.925 -8.17 -0.05 4.618
35.525 -9.64 -4.14 5.4746
40.6 -9.73 -5.49 6.3475
41.25 -11.95 -6.84 4.0005
22.2 -11.51 -7.23 4.1591
5.225 -12.22 -7.7 0.9505
1.525 -15.15 -6.41 2.0624
4.675 -12.38 -4.99 3.6313
2.25 -9.31 -3.65 2.847
0 -9.93 -0.15 1.4212
0 -13.05 0.47 2.888
1.475 -11.77 -2.35 3.1114
0.875 -8.98 1.21 1.5433
0 -14.04 -0.24 1.0079
0 -17.16 -1.43 1.7083
0 -10.58 0.45 1.8975
0 -10.32 0.65 0.6253
9.275 -9.5 1.11 2.5813
16.3 -6.84 1.11 3.3217
15.475 -7.33 -1.68 1.7529
5.4 -8.89 -3.14 2.4469
1.125 -10.49 -2.98 1.4899
1.725 -10.49 -3.04 2.3783
0.625 -11.41 -3.92 0.4631
0 -10.78 -1.11 1.0174
0 -8.55 0.98 1.1351
0 -8.87 4.01 1.3359
0 -8.63 5.27 1.5135
0 -9.7 7.09 0.8399
0 -7.47 6.77 1.7362
0 -7.44 7.61 2.4618
0 -7.04 8.12 1.2582
3.225 -8.21 7.41 1.3378
7.35 -7.04 2.55 2.3315
16.9 -7.72 0.44 2.9972
8.65 -13.15 -4.54 2.5343
30.975 -12.72 -0.09 3.6214
25.625 -8.96 0.29 2.9099
3.175 -10.61 -1.13 0.6176
29.125 -9.31 3.17 4.4974
19.45 -7.31 2.35 1.6602
1.35 -8.91 -3.51 0.6826
0.65 -9.07 3.44 2.4832
10.65 -6.73 5.31 2.7057
21.725 -7.98 -0.26 3.2794
9.325 -11.16 -2.53 3.2185
0.05 -12.86 -3.86 1.2781
0.025 -10.7 0.58 2.7071
0.175 -10.11 1.45 0.7449
5.6 -8.65 2.34 2.3847
5.375 -14.78 -3.72 3.879
1.25 -11.71 -2.91 1.9509
0 -12.91 -3.49 0.547
27.775 -10.9 2.93 2.2725
16.675 -10.59 2.82 2.4955
0 -12.33 -0.6 2.7822
0 -11.65 4.72 3.8868
0 -9.29 9.57 1.5713
0 -6.38 10.82 0.6735
0 -5.59 10.74 3.0484
0 -11.09 7.87 2.1687
0 -5.44 11.95 2.1542
0 -7.05 10.78 0.8894
0 -6.61 8.86 1.196
0 -8.25 8.85 2.4211
1.225 -8.25 9.89 2.3035
3.9 -6.96 9.74 2.6168
1.9 -10.19 2.26 2.5109
0 -9.31 2.96 2.9651
0 -7.97 8.39 1.5226
4.525 -5.53 10.4 2.8521
18.25 -5.76 10.59 5.9225
9.55 -9.41 -1.48 3.266
0.775 -12.16 -1.88 0.8154
6.7 -11.13 0.89 2.46
3.725 -8.01 0.03 2.1201
21.05 -10.15 -0.08 2.7393
12.625 -11.18 -2.86 3.5479
0.025 -12.63 -2.37 0.6947
0 -11.44 3.13 2.3008
0 -8.02 8.73 0.3271
0 -6 10.66 1.6817
0.6 -5.99 9.46 1.9238
15.825 -5.49 6.06 3.7849
13.3 -9.41 0.04 4.6755
2.4 -9.79 -2.61 1.0927
0 -9.1 3.57 0.6642
0 -8.11 5.13 0.8669
0 -5.58 10.07 2.5666
0 -6.82 9.9 1.2774
0 -5.81 12.45 1.0875
3.35 -4.86 14.13 1.7951
14.25 -2.45 11.78 2.9191
8.525 -9.18 0.33 2.8803
0.7 -7.79 -3.83 1.4933
0 -6.64 -0.98 1.4014
0 -5.91 9.05 0.6223
0 -3.94 11.6 1.3799
0 -2.63 13.89 0.7252
8.625 -0.63 14.88 4.5609
10.275 -6.06 4.96 5.2793
3.275 -11.09 -2.24 3.9927
0.125 -10.41 -0.55 3.3821
0 -7.98 5.06 1.8381
0 -6.1 9.5 2.0726
0 -4.77 13.24 1.1644
0 -2.21 14.5 1.9292
0 -2.32 13.59 3.5173
0 -5.77 9.66 2.2107
0 -6.18 8.51 0.9721
0.075 -3.63 11.48 2.8642
3.775 -5.11 10.31 3.7308
17.025 -8.2 1.21 3.547
9.075 -11.69 0.96 4.6039
0.125 -9.01 1.87 2.3351
0.25 -4.85 8.52 1.2251
0.15 -3.8 11.16 0.7782
0 -1.88 13.21 0.6363
1.275 0.67 15.31 1.4197
5.65 1.74 14.92 2.2519
2.925 -5.49 7.4 2.4478
0.4 -2.94 8.47 1.71
0.225 -0.24 11.6 3.3706
0.275 -3.38 12.17 4.3973
0.25 -8.37 5.85 3.7165
0.4 -8.42 1.01 4.0871
1.625 -6.85 3.46 2.3482
5.225 -7.26 4.08 1.6415
14.225 -3.47 7.36 3.4405
22.425 -5.5 4.12 2.6897
9.275 -7.49 2.7 3.7837
0 -7.14 4.26 1.7203
0 -3.54 11.81 0.608
0 -1.32 15.24 2.627
0 2.66 14.69 2.983
0 -0.03 14.03 2.622
0 2.06 15.63 2.8384
0 4.32 16.48 2.931
0 3.8 16.63 2.0741
0 4.98 20.4 3.0518
0 6.15 20.76 3.0877
0 3.22 18.78 2.2002
0 3.2 18.48 4.0569
0 -0.39 15.95 4.5814
0 -1.35 10.78 5.3124
0 3.04 11.17 4.2297
0 0.61 15.28 1.1582
0 3.12 17.66 1.6532
0 3.61 19.49 3.1123
0 0.21 17.92 3.1992
0 -1.51 13.08 0.7643
0 -1.07 16.74 2.2213
0 -0.94 15.27 3.3521
0 -2.02 13.57 2.521
0 -1.02 15.3 1.4215
0 0.46 15.01 0.8205
0 3.23 18.73 1.5491
0.025 3.18 19.38 2.189
0.025 4.61 16.53 2.6264
0 2.33 16.61 2.3046
0 5.41 19.38 0.7348
0 6.82 23.33 1.3681
0 7.08 24.79 3.3153
0 4.96 22.42 3.0019
0 2.41 20 2.6716
0 2.2 19.23 2.7169
0 5.33 18.53 1.9052
0 2.48 17.94 1.0671
0 3.09 20.12 1.7541
0 4.79 22.2 2.2597
0 4.76 20.75 2.1337
0 4.96 20.83 2.0488
0 6.92 22.43 1.9978
0 5.87 22.57 1.8318
0 6.57 24.19 2.5412
0 7.72 22.99 3.3868
0 8.68 23.07 3.5962
0 5.97 20.5 1.7647
0 7.04 22.62 1.0875
0 9.1 25.46 2.5974
0 8.23 23.74 2.8415
0 8.22 25.19 2.6355
0 6.84 26.02 2.011
0 6.39 25.37 2.0009
0 6.06 23.65 2.7906
0 5.52 22.28 1.03
0 6.2 22.29 2.2349
0 6.64 23.69 1.9475
0 8.61 24.97 2.3862
0 8.06 23.58 2.7567
0 5.88 22.22 1.972
0 3.76 21.72 2.451
0 5.97 22.33 1.9854
0 4.39 22.35 2.4011
0 5.48 21.88 2.5163
0 3.76 21.58 2.0963
0 4.69 21.88 2.4993
0 3.86 22.38 1.6644
0 3.64 22.26 1.9981
0 4.23 22.04 2.0611
0 3.41 21.55 2.1981
0 4.75 21.41 2.5485
1.35 4.06 20.62 2.9878
0.8 3.04 17.71 2.2121
0 2.75 19.27 2.1369
0 3.44 19.63 2.4865
0 1.78 16.06 1.0185
0 2.06 19.66 1.1509
0 4.31 20.33 2.0695
0 4.15 21.12 2.7191
0 4.54 21.42 1.0756
0 4.59 23.28 1.8452
0 4.65 23.98 1.9653
0 3.5 22.56 1.8964
0 3.33 22.4 2.2257
0 4.06 22.58 2.2076
0 5.08 19.8 1.7542
0 3.07 18.6 2.7735
0 3.45 23.1 2.3354
0 7.58 26.81 0.7558
0 9.57 28.36 2.6284
0 7 25.95 2.6431
0 2.94 21.74 3.1817
0 1.81 10.36 2.183
0 -1.29 10.65 2.3605
0 -0.93 13.43 1.0613
0 1.13 17.64 0.6552
0 2.81 21.14 0.6144
0 5 24.17 1.1753
0 4.97 24.35 1.477
0 3.89 23.6 1.879
0 2.3 21.54 1.4442
0 2.44 21.23 2.7551
0.05 4.01 19.82 3.1698
0.05 -3.06 7.21 2.0789
0 -3.14 14.04 0.7766
0 -0.64 17.49 0.8415
0 1.1 19.23 1.1162
0 1.1 19.75 1.8905
0 0.47 17.93 1.4917
0 0.03 17.81 0.6897
0 0.75 17.99 1.3292
0 0.36 19.45 1.6886
0 0.59 18.74 1.6018
0 0.43 18.34 1.658
0 -1.32 14.38 1.0103
0 -1.81 16.33 1.0278
0 -0.35 15.08 2.7566
0 -1.32 12.31 0.803
0 -1.29 16.47 0.4855
0 1.56 19.94 0.9813
0 2.88 24.37 0.3913
0 3.04 23.98 1.202
0 6.29 25.12 0.4526
0 5.82 25.73 0.5409
0 5.09 25.45 0.3007
0.075 4.94 22.29 0.5507
7.4 4.54 19.24 1.4767
50.45 3.22 18.91 1.8295
34.775 1.21 10.14 1.4625
3.05 -0.52 3.63 1.2171
4.8 -3.63 5.43 0.8081
3.025 -3.38 5.52 2.3013
0.35 -4.98 5.5 0.7687
0 -3.56 10.38 1.7639
0 -2 12.79 1.6683
0 0.48 17.55 1.4651
0 0.84 16.13 2.5591
0 2.06 18.62 1.8062
0 1.56 18.15 0.902
0 1.54 17.42 0.859
0 1.49 17.82 1.4246
3.925 2.37 13.4 0.9234
2.4 -1.12 9.76 1.2323
0 -0.97 8.74 1.9698
0.125 -1.88 14.79 1.1684
0 -1.17 11.88 2.0234
5.8 -2.79 10.57 1.8238
36.35 -1.43 8.08 1.7759
89.075 0.33 3.29 4.9727
35.35 -4.72 4.81 3.8854
0.15 -5.96 4.52 1.4745
0 -8.99 4.47 3.1286
0 -9.07 5.68 3.3626
2.9 -3.71 9.56 2.0557
2.15 -4.08 10.47 2.0102
0.225 -5.77 2.87 0.7717
0 -5.32 7.62 1.8246
0 -4.63 10.53 3.3359
0 -2.39 12.97 3.1766
0 0.56 15.11 2.1653
0 1.03 15.03 1.2055
0.725 -0.39 14.05 2.3913
27.525 -2.92 10.76 3.2316
14.775 -7.76 1.72 2.7736
2.7 -10 0.1 0.6694
3.05 -8.91 1.7 1.6051
0 -9.73 -0.73 2.5191
0 -8 3.09 1.4672
0 -8.87 5.43 3.131
0 -6.6 5.22 1.4822
0 -5.02 8.76 2.4621
0 -5.46 8.96 0.8958
0 -6.84 8.34 2.2467
0 -5.85 8.93 2.5088
28.4 -5.78 9.11 3.1344
52.425 -8.85 3.01 3.4743
39.95 -11.02 -4.65 5.4262
16.275 -10.7 -6.13 3.4726
15.175 -10.51 -4.42 4.6286
7.75 -15.52 -6.09 1.0471
0 -17.7 -7.02 3.4339
0 -16.78 -6.37 3.287
19.325 -12.24 -3.21 3.0547
12.2 -17.42 -4.28 2.8346
0 -18.63 -8.1 2.1919
0 -16.4 -8.11 2.9675
0 -11.97 -1.74 2.1584
0.1 -8.76 4.21 2.4847
0 -4.83 1.69 1.7034
1.2 -5.29 2.28 1.7676
16.95 -7.04 2.7 1.9687
8.55 -6.77 2.6 3.2304
0 -7.99 -0.87 2.3171
6.5 -6.75 2.56 1.8831
9.775 -4.6 3.78 1.1465
1.225 -3.57 1.47 1.5298
0.075 -5.47 3.09 0.514
0 -6.69 4.11 2.1921
0 -6.45 3.32 1.4865
20.55 -6.06 5.02 2.1315
15.2 -8.1 0.09 1.692
6.05 -10.03 -2.5 2.6878
59.4 -9.98 -2.76 3.3713
89.725 -7.64 -3.12 5.2532
66.65 -6.5 -0.74 6.1999
27.2 -8.71 0.49 2.3293
10.375 -9.91 -7.8 2.1266
5.45 -10.19 -4.65 2.2635
3.125 -9.3 -3.4 0.4565
0 -10.23 -2.78 2.8094
17.4 -11.36 -0.34 5.1475
10.1 -10.59 0.01 2.1415
0 -11.45 -6.35 1.0195
48.25 -11.05 -4.75 2.3203
31.7 -8.99 -3.23 4.6896
1.85 -18.08 -5.13 2.665
4.4 -18.23 -9.2 1.3027
20.45 -18.32 -9.14 3.7298
19.6 -11.5 -6.72 4.482
11.55 -10.97 -6.9 2.5219
0 -13.32 -6.04 3.0702
0 -14.92 -6.75 3.7551
0 -12.75 -4.6 5.3344
0 -12.03 -3.35 3.9202
0 -12.63 -3.88 1.8977
0 -12.82 -1.13 0.9766
0 -13.86 -3.47 3.3342
3.775 -14.27 -3.33 3.1768
5.225 -9.43 -2.41 1.6893
0.475 -10.03 0.14 1.6158
0.275 -10.17 0.01 1.3371
0 -9.51 4.24 2.389
0 -7.85 3.37 0.9182
0 -6.84 4.02 0.5975
0 -7.26 4.41 2.1223
0 -7.51 4.47 1.2718
0 -9.01 5.27 4.2453
0 -9.75 3.72 3.6267
0 -10.01 4.11 2.8742
0 -8.55 7.15 3.7122
0 -8.62 4.69 2.1107
0 -8.21 5.08 2.1707
0 -8.27 4.75 4.9217
0 -8.4 6.4 3.1968
0 -8.4 6.33 1.7976
5.55 -8.84 5.92 0.7029
11.525 -9.41 4.79 1.7729
3.775 -11.39 -4.23 1.6386
0 -12.27 -1.25 2.1435
0 -13.21 0.6 3.031
0 -13.2 0.63 2.1073
0 -11.35 2.94 2.883
0.025 -8.29 5.92 1.653
0 -7.94 8.01 1.9076
0 -6.52 8.31 0.5697
0.025 -9.35 8.07 2.2645
0 -11.97 2.7 3.6543
0 -14.22 0.99 3.7317
0 -12.51 2.69 3.7377
0 -10.26 5.83 2.58
0 -8.7 8.57 1.4063
0.075 -8.4 8.2 3.4012
11.1 -8.25 2.91 4.2396
35.475 -8.7 3.86 6.2123
37.05 -12.06 -7.53 4.4643
57.375 -10.79 -7.12 3.1041
29.725 -10.39 -4.66 4.084
2.8 -16.97 -6.11 0.7725
0 -16.84 -4.85 1.2402
0 -16.22 -5.38 0.3865
0 -15.42 -1.83 0.3242
8.475 -14.16 -2.12 2.5329
21.325 -10.24 -3.76 5.8365
12.15 -15.37 -6.96 0.6842
0 -17.64 -9.42 0.5075
0 -18.12 -4.36 2.1757
5.125 -15.19 0.11 1.7042
12.325 -10.52 2.69 3.4841
8.225 -7.59 2.23 1.8155
0.675 -11.46 0.54 1.4174
4.225 -9.06 3.96 0.5579
22.95 -7.93 5.02 1.7504
20.1 -6.55 0.48 4.3855
0.175 -9.6 -0.6 0.7143
0 -7.82 5.71 1.5349
0 -6.46 8.83 1.3505
0.175 -6.31 7.84 1.0091
0.1 -6.9 5.97 0.6106
2.35 -7.58 7.34 0.9602
1.5 -4.89 3.97 1.2031
19.625 -4.56 7.54 1.3846
26.35 -3.85 8.67 3.0285
2.475 -10.11 0.53 0.9282
24.925 -9.63 2.72 3.4409
42.275 -10.1 -2.33 4.9429
60.8 -9.05 -4.33 6.1581
23.3 -10.71 -4.78 2.6979
8.1 -11.83 -2.61 0.9474
13.7 -9.83 -1.24 4.5231
36.35 -11.19 -3.43 5.456
26.45 -13.03 -4.43 4.25
13.65 -10.92 -2.15 3.015
7.9 -8.39 -3.45 1.726
0.25 -7.8 1.88 0.5352
0 -8.27 5.7 0.9869
0 -6.08 8.28 1.9689
0 -5.12 10.06 2.2213
0 -3.99 14.2 1.712
0 -3.8 16.66 1.1323
0 -5.75 11.69 1.421
0.05 -6.81 9.26 2.0111
0 -5.96 10.96 1.3379
1.65 -5.1 12.24 1.2801
6.275 -9.01 9.65 3.5705
5.05 -14.47 -6.02 1.4232
1.35 -13.32 -6.73 1.4167
0.05 -12.69 -0.78 0.5024
0 -10.59 5.19 1.4347
0 -8.32 6.24 1.2136
0.5 -8.04 6.95 2.9234
0.4 -10.75 -1.86 0.5509
0 -8.44 7 0.7626
0 -5.89 10.84 1.1931
0 -4.17 12.96 2.243
0 -2.56 12.78 3.0895
0 -3.05 9.33 1.7221
0.3 -3.58 11.01 2.2172
8.5 -3.15 4.25 2.3723
2.075 -7.08 5.47 0.8413
1.4 -6.58 5.68 1.3239
0.8 -4.38 3.4 2.6103
0.8 -5.77 2.75 2.6001
0.1 -8.51 5.47 2.5488
0 -6.52 7.64 0.8038
0 -4.7 10.4 2.4606
0 -7.8 9.17 4.4444
0 -8.65 6.76 3.6055
0 -7.18 7.84 2.0233
0 -4.68 10.96 0.6106
0 -3.03 13.11 0.7755
0 -1.75 14.92 3.1256
0 2.51 17.52 0.9043
0 1.1 18.21 1.5822
0 -0.01 16.92 2.1001
0.25 -1.91 13.11 3.1218
1.825 -6.34 4.49 3.3358
2.7 -8.19 -0.08 2.7693
0 -4.85 8.33 1.6724
0 -2.48 11.9 1.1268
0 -1.89 14.62 0.566
9.025 -1.53 16.29 3.0681
18.35 -9.22 7.35 3.1646
8.325 -9.57 -2.22 1.1286
25.725 -8.29 1.19 3.4851
20.1 -8.58 -1.94 2.4413
1.9 -7.28 1.57 3.4794
0.1 -7.34 7.56 1.702
0 -3.59 12.28 1.8784
0 -3.06 11.99 2.7603
0 -4.56 11.17 4.2784
0 -5.48 8.22 2.3391
0.05 -3.64 11.35 2.9632
0.05 -4.23 9.28 2.6917
0 -4.26 9.33 3.467
5.425 -5.09 8.89 4.3235
6.525 -7.94 4.19 4.8341
1.375 -7.58 4.31 2.9989
0.7 -4.94 7.78 2.9437
1.425 -2.54 8.39 3.1451
1.525 -7.53 3.01 1.7749
0 -6.38 5.87 0.7845
9.125 -5.21 7.07 2.7936
21.075 -0.71 2.15 1.5106
10.75 -4.33 8.56 3.7842
0.5 -4.6 4.42 1.7997
0.2 -3.58 10.23 2.9567
0 -0.95 13.27 1.515
0 -0.01 16.05 2.0975
0 0.45 16.17 2.9439
0 -0.81 13.7 2.6094
0 0.23 14.79 2.7391
0 1.6 17.37 1.4878
0 2.15 20.24 1.8296
0 3.98 19.71 2.2973
0 -0.37 17.22 1.0075
0 1.52 16.63 2.9678
0 0.45 17.46 2.0876
0 1.83 17.33 0.2315
0 3.68 20.22 0.4017
0 5.04 23.01 2.4966
0 5.55 22.85 3.0239
0 4.14 21.47 2.6432
0 1.06 19.65 2.6614
0 0.81 18.12 2.1753
0 3.13 19.54 2.1038
39.3 3.34 19.54 2.8612
22.4 0.44 15.78 2.6024
3.8 -1.04 8.26 2.2068
0 1.66 15.31 0.701
0 2.66 20.2 0.7972
0 5.56 22.59 0.7711
0 5.24 22.96 1.6693
0 5.72 22.41 1.7943
0 7.25 21.65 2.4393
0 7.72 22.22 2.9515
0 6.48 20.83 2.2349
0 5.89 21.57 2.5036
0 3.79 21.29 2.2017
0 3 20.25 2.4708
0 2.82 18.5 2.5816
0 1.98 17.82 3.224
0 1.55 15.89 2.6479
0 2.65 15.02 3.1597
0 0.94 14.52 3.2419
0 1.12 15.45 2.1054
0 1.17 17.05 1.5691
0 2.01 19.21 2.0111
0 2.04 19.15 1.1143
0 2.66 19.59 2.266
0 4.06 20.6 2.8363
0 5.06 20.51 1.8252
0 5.32 21.28 2.1367
0 3.62 22.17 2.2691
0 3.18 21.18 1.7455
0 3.58 20.47 1.6616
0 5.59 20.11 1.3104
0 6.72 23.3 2.1369
8.6 6.65 23.56 3.0582
6.65 8.2 22.97 2.2157
2.4 7.85 19.8 1.6953
0 6.15 21.94 1.9654
0 6.79 23.11 2.1231
0 4.41 22.99 3.156
0 3.4 19.6 2.2548
0 3.64 19.76 3.1299
0 3.52 20.28 2.5332
0 4.5 20.77 1.8445
0 3.58 21.42 1.9224
0 3.59 21.09 2.141
0 4.64 21.39 2.6705
0 4.44 21.59 1.4856
0 4.46 22.05 1.4383
0 5.23 22.87 2.158
0 3.01 21.04 1.4873
0 2.63 20.34 0.8755
0 2.53 21 1.5688
0 4.1 22.38 1.3213
0 5.01 23.13 2.5032
0 3.73 20.6 2.1322
0 2.71 20.04 1.6553
0 1.53 19.73 1.1967
0 2.74 20.94 0.9196
0 3.91 23 2.0838
0 6.18 23.2 1.3836
0 5.62 22.67 1.0011
0 4.71 24.33 1.1468
0 5.96 24.26 1.5502
0 5.52 24.71 1.6099
0 3.85 23.52 1.9882
0 2.8 22.44 1.8659
0 3.77 20.61 0.6855
0 3.16 20.84 0.9331
0 4.51 22.49 0.8627
0 5.07 21.85 0.8267
0 5.57 22.56 1.8628
0 4.52 21.55 0.4803
0 4.86 22.06 0.8931
0 5.53 23.21 0.7646
0.55 5.48 21.65 1.8702
4.625 4.43 21.64 1.1615
9 4.19 19.44 1.5418
15.325 1.05 13.8 1.4135
13.275 3.16 16.9 0.6355
12.75 1.82 17.96 1.082
0 2.75 16.8 2.5126
0 3.43 17.76 1.8805
0 1.31 15.26 1.5799
0 1.01 16.13 0.3138
1.325 1.35 18.99 0.2378
0.875 3.55 21.2 0.8478
0 4.04 21.26 0.4487
6.725 4.37 21.88 0.4162
0 6.22 22.58 0.7264
0.175 5.23 23.2 1.653
11 2.51 19.34 2.3933
0.125 0.59 12.38 1.6438
0 2.11 18.16 0.3474
0 4.86 20.33 0.5942
0 4.56 18.21 1.0548
0.025 3.06 20.82 1.5892
0.025 1.78 19.85 2.6118
0 2.59 16.15 2.111
0 0.95 14.79 2.2734
28.725 -1.56 11.72 2.4343
39.525 -3.08 7.14 4.0638
13.825 -7.5 0.95 0.7401
2.475 -8.54 0.77 0.9196
0 -8.07 5.35 1.3672
0 -5.39 9.05 1.3072
3.15 -2.81 11.18 1.7505
5.375 -0.73 6.65 1.8274
0 -1.32 13.16 0.9121
0 -1.11 15.6 0.6191
0 1.52 17.25 0.5374
0 0.11 17.26 1.2531
0 0.29 16.11 1.7118
0 0.78 15.09 1.9278
0 0.69 15.58 2.0098
0 -0.54 16.92 0.6709
0 -0.65 13.83 0.5323
0 -1.76 14.58 0.3948
0 -1.25 13.43 2.4086
0 -2.06 15.37 1.9803
0 -1.43 16.61 2.3329
0 -2.29 13.15 1.3705
0 -4.21 9.06 3.7211
0 -6.87 8 3.4881
0 -6.35 7.98 2.1799
0 -4.48 10.81 0.8728
0 -3.55 12.21 2.2609
0 -3.49 13.17 0.1249
0 -3.94 13.03 3.5121
0 -3.74 9.79 4.1502
4.525 -7.59 10.44 4.0776
10.125 -10.36 8.93 1.9237
7.95 -12.39 -4.42 0.5203
7.225 -11.2 -3.38 1.5773
0.125 -11.41 -4.17 1.0365
0 -12.49 -1.93 2.3408
0 -11.15 0.47 3.2669
0 -9.28 3.84 2.8532
2.4 -6.76 4.69 3.1314
3.125 -4.88 2.33 0.96
0 -5.86 2.7 0.2134
0 -4.81 4.88 0.4579
0 -8.03 4.96 0.4553
0 -7.58 5.25 0.8738
0 -7.38 6.1 1.3238
0 -7.69 5.66 3.6862
1.725 -8.53 -0.68 2.3169
4.1 -8.75 -2.27 3.8721
2.85 -11.5 -2.89 1.594
0 -10.93 0.47 2.2803
0 -9.24 1.74 3.546
0.05 -8.67 6.57 2.4158
0.025 -8.51 2.61 0.7808
0 -7.76 3.43 2.9564
0 -5.88 8.4 2.358
0 -5.93 6.57 1.1041
0 -4.48 6.79 1.9206
0 -8.65 8.05 3.358
0 -8.32 4.24 9.0169
0 -9.32 -0.25 3.8895
0 -10.37 4.41 4.4532
0 -12.37 0.63 2.7947
0 -12.18 -0.28 3.5179
0 -12.96 -0.75 3.022
0 -12.18 -0.71 3.6622
0 -11.66 2.06 3.9677
0 -11.15 1.49 4.397
0 -9.86 2.5 3.2358
0 -11.48 2.11 1.2068
0 -13.1 0.95 1.6351
0 -13.65 -1.95 1.468
0 -13.25 -1.33 1.0053
0 -12.29 -0.61 0.8722
0 -10.95 -1.7 5.8347
0 -9.58 1.06 4.8923
0 -12.13 2.49 2.7203
0 -12.03 1.64 4.8083
0 -13.24 -0.97 4.6701
0 -12.65 0.56 3.5496
0 -13.11 0.42 4.5235
0 -13.25 0.52 3.9085
0 -12.86 1.48 4.956
0 -11.71 2.31 3.2957
0 -10.02 3.83 1.395
0 -10.04 4.5 1.0658
0 -8.46 3.69 1.0832
0 -6.83 8.34 0.9576
0 -7.6 5.71 1.513
0 -10.28 4.38 2.3744
