0.725 -0.84 10.86 1.591
5.325 0.22 9.7 1.2839
2.925 -2.72 8.38 1.6618
1.875 -5.43 5.37 4.0646
2.875 -4.67 5.04 1.8148
1.05 -0.1 2.72 0.4446
0 0.34 8.3 1.4914
0 2.71 11.14 0.7625
0 0.14 13.55 4.3797
0 0.59 13.98 3.426
0 2.09 14.58 2.4451
0 5.64 16.95 5.4793
0 5.46 17.3 3.9585
0 0.97 17.91 3.5813
0 2.13 18.76 3.949
0 2.46 18.94 4.9393
0 2.38 17.08 4.2651
0 2.57 16.31 4.7696
0 3.12 16.5 4.8892
0.175 3.45 15.73 3.4468
15.725 4.08 16.5 2.7295
28.15 6.45 15.4 2.1379
58.675 5.38 10.67 1.6571
45.625 4.78 9.79 2.4382
12.2 0.85 7.3 3.4687
2.35 -4.83 1.68 0.8381
0.425 -5.3 4.02 1.3143
0 -3.73 6.82 1.5277
0 0.12 10.44 4.2219
0 1.09 15.73 4.4968
0 3.26 16.49 3.0969
0 2.57 15.89 3.1311
0 1.02 13.04 3.9495
0 0.37 17.16 3.7913
0 4.35 18.6 2.9931
5.35 4.96 17.2 2.5757
6.15 2 8.16 2.9806
1.75 0.53 7.2 2.8026
17.925 0.74 9.64 1.329
10.775 -3.35 7.32 3.5744
2.1 -8.04 2.83 0.4316
9.875 -5.9 3.96 2.5742
5.925 -2.06 4.51 1.4062
14.675 -2.28 5.25 3.0771
8.125 -2.12 2.62 3.4984
2.825 -0.14 5.48 5.892
24.475 0.18 4.29 5.53
19.525 0.05 3.61 4.4292
3.525 -2.25 2.26 1.3306
0 -2.68 7.52 3.4741
0 -1.35 11.65 2.6634
6.55 -0.69 12.59 3.8037
26.55 -1.6 11.35 3.7252
19.65 3.55 6.29 2.6806
3.7 1.18 7.26 1.5062
1.725 2.16 14.02 1.4704
0.4 1.52 7.7 2.4494
0 -0.19 12.12 0.3614
0.05 1.13 14.19 3.6589
12.425 4.25 14.49 2.7707
34.775 4.88 10.31 3.9863
49.325 3.39 10.29 4.9059
22 -0.11 5.32 2.8746
1.6 -3.88 5.25 0.899
0.75 -2.06 6.96 1.8672
0 -4.14 5.86 0.3201
0 -5.27 10.8 1.3849
0 -0.38 12.96 2.6239
0 -4.44 7.65 0.4211
0 -3.68 11.98 0.5882
0 -0.26 12.67 2.0699
0 0.08 15.58 2.3113
0 0.68 17.04 1.3154
0 1.26 13.56 2.256
0 2.81 14.74 2.621
0 3.23 17.42 1.1115
0 4.16 18.83 1.1704
0 5.74 20.86 0.9541
0.2 3.66 21.28 0.7237
28.075 4.91 20.58 1.8241
19.225 -0.75 12.06 4.1155
1.25 -5.89 3.65 2.2487
0 -4.04 8.02 1.9112
0 -0.29 15.12 0.5869
0 0.9 16.68 1.9817
0 3.24 19.99 2.0603
0 3.66 18.72 1.3756
0 3.63 20.37 3.3117
0 1.09 15.36 1.9512
0 1.38 15.35 0.3328
0 3.07 17.18 2.6662
0 4.16 20.12 2.5311
0 1.43 17.05 5.2405
0 -1.65 10.75 1.9572
0 -0.74 15.21 2.7462
0 2.15 19.13 2.223
9.575 4.45 21.61 1.2574
19.4 1.21 17.46 3.0228
13.125 1.23 7.42 1.7223
3.275 1.27 8.55 2.2923
0.2 0.44 8.68 3.7486
0 1.87 13.49 1.6287
0 3.34 17.09 2.1678
0 4.08 17.3 4.7242
0 -3.32 10.52 5.9727
0 -1.89 7.71 3.1128
0 0.83 15.85 1.5192
0 3.71 20.74 2.7878
0 6.52 23.63 2.7388
0 9.47 27.11 1.5322
0 11.45 29.13 1.1669
0 11.65 29.83 1.9755
0.1 9.11 28.51 2.65
1.45 6.46 22.16 3.3399
0.825 -0.65 10.15 3.4948
0 1.6 14.77 2.0065
0 3.27 17.45 2.3342
0 1.76 16.73 3.1479
0 0.76 14.13 1.6933
2.675 3.01 17.07 1.9588
60.425 7.88 20.31 1.8545
38.825 6.68 16.96 2.4604
7.45 6.82 11.85 3.6074
4.025 5.41 14.67 1.8282
0.6 8.68 18.08 3.5972
0 6.8 20.57 2.1344
0 7.59 23.5 2.9215
0 9.11 24.25 1.7402
0 8.37 24.84 1.3847
0 9.38 24.94 1.0539
0 9.18 26.62 3.029
0 7.68 25.58 3.3013
0 7.71 23.34 2.6198
0 8.26 23.56 3.2241
0 9.6 24.95 1.8553
0 11.53 27.21 1.5121
0 14.79 31.98 0.3198
0.675 15.95 34.01 2.3344
0.4 13.79 33.29 2.6115
0 10.81 27.57 1.6503
0 10.09 26.3 1.0047
0 10.95 27.56 2.478
0 10.94 27.31 2.9998
0 9.93 26.6 2.77
0 8.87 25.81 1.9861
0 10.36 26.23 1.4069
0 12 28.07 0.9201
0.25 13.5 29.5 2.0293
0.15 13.49 28.78 2.5167
6.225 14.21 28.25 3.2061
3.725 12.59 27.38 2.2442
0 12.51 26.79 2.0902
0 11.81 24.34 2.3006
0.3 11.9 23.01 0.4874
7.15 8.95 22.03 2.1729
5.575 5.8 20.12 3.4482
2.275 5.1 11.92 2.2651
0.85 6.28 14.2 2.7049
0 7.61 20.49 2.5941
0 9.86 22.67 3.4287
0 9.32 21.88 3.0701
0 7.73 20.68 3.3745
1.65 8.65 21.31 2.3803
1.3 10.06 20.39 3.566
0.175 7.82 20.75 2.4566
0 8.37 21.54 2.4695
0 9.22 21.5 2.5214
0 11.35 23.08 3.0497
0 11.6 25.66 1.8358
0 13.84 29.92 2.6869
0 10.36 29.13 3.2154
0 8.19 24.42 3.2353
0 8.97 22.28 1.2516
0 10.77 25.64 0.6281
0 13.25 29.37 1.4953
0 14.18 31.84 2.6915
0 13.12 30.06 1.7761
0 14.45 30.51 0.8802
0 15.33 34.67 0.6603
0.3 17.64 36.14 2.9459
0.175 16.83 35.81 2.9114
0 16.02 31.88 2.2731
0 16.69 33.56 1.7557
0 15.06 32.06 2.8392
0 14.25 32.27 2.5159
0 13.64 31.05 2.7498
0 12.96 30.42 2.5356
0 11.52 29.01 2.7659
0 10.97 27.97 2.5822
0 11.35 28.06 2.5815
0 11.54 28.31 1.9086
0 12.78 29.76 1.7946
0 14.47 30.67 2.2313
0 14.19 30.53 1.4154
0 14.71 32.13 0.6011
0 15.35 32.71 1.5819
0 16.46 35.12 1.9252
0 17.7 34.66 1.791
0 18.3 36.23 2.0404
0 18.69 36.69 1.6242
0 18.98 37.77 2.4401
0 17.29 36.44 2.5313
0 16.36 34.45 2.32
0 18.54 34.63 2.0682
0 16.99 34.11 2.1051
0 16.04 33.66 2.1889
0 16.48 34.33 1.9392
0 17.15 35.67 1.8521
0 18.41 35.67 2.1638
0 17.89 35.1 2.8831
0 18.55 34.18 2.6037
0 17.87 33.97 2.6547
0 17.29 33.35 2.518
0 16.2 32.8 2.9773
0 13.95 30.45 2.5567
0 14.13 30.15 2.0884
0 14.98 30.71 2.3545
0 11.8 28.79 3.0607
0 8.69 20.54 1.9274
0 10.35 22.86 1.4008
0 13.05 27.99 0.4055
0 14.74 31.27 1.2175
0 16.23 33.23 2.9705
0 15.9 34.01 2.7455
0 15.07 32.86 3.0231
0 13.77 31.28 3.1643
0 11.2 29.16 1.4264
0 11.68 29 0.3977
0 13.35 30.68 0.7459
0 14.55 32.68 0.8696
0 16.04 34.91 1.2987
0 16.88 35.81 2.159
0 17.41 34.96 2.2085
2.225 17.21 36.02 2.2982
2.075 14.33 30.99 2.9909
0.425 13.28 28.4 1.595
0 12.96 29.39 1.5286
0 12.64 30.66 0.467
0 13.23 31.66 1.49
0 15.03 31.59 1.251
0 15.49 32.18 1.3206
0 15.44 34.12 2.7633
0 16.19 32.87 1.7942
0 15.31 32.02 0.8024
0 15.84 32.62 0.3053
0 16.54 33.33 1.4788
0 15.9 33.17 2.2164
0 13.56 31.71 2.0726
0 11.79 29.22 1.9991
0 11.69 26.88 1.5446
0 11.87 26.99 0.4262
0 12.73 28.44 0.9445
0 14.42 30.77 0.379
0 15.29 32.43 0.962
0.075 16.86 34.94 1.7312
0.4 14.46 31.02 2.2092
0.25 10.94 25.19 2.7148
0 9.79 21.65 1.5372
0 11 26.84 1.3942
0 13.45 29.44 0.396
0 14.07 30.6 1.0502
0 15.22 33.22 2.1298
0 13.52 31.63 0.9496
0 15.1 30.1 2.2929
0 14.69 33.28 2.3374
0 14.66 33.38 1.401
0 13.83 32.59 0.7155
0 13.94 32.11 0.7867
0 15.57 33.88 1.1796
0 14.86 34.94 0.435
0 14.8 34.97 2.0524
0 14.13 30.13 2.4968
0 3.63 17.92 2.3358
0 4.29 19.87 2.4439
0 7.17 23.5 0.7253
1.35 8.01 24.17 3.133
1.05 2.16 20.13 3.4506
0.125 0.38 9.22 0.3023
0 1.02 16.59 2.8521
0 3.87 19.26 1.48
0 5.06 20.21 1.3565
0 6 22.5 0.719
0 7.06 23.07 0.4919
0 5.07 23.13 1.8766
18.65 6.92 21.87 1.9275
61.8 6.24 15.67 6.6346
30.975 7.83 14.08 4.3529
0.35 9.42 16.45 0.8995
0 9.51 23.06 2.1978
0 8.62 24.09 1.0325
0 11.51 27.34 1.7486
1.3 9.85 22.11 2.2479
0.775 2.71 13.83 1.9991
0 3.21 16.37 1.0447
0 5.58 19.67 0.5585
0 6.12 20.91 1.0246
0 8.41 22.73 1.1838
0 7.73 20.14 1.7181
0 7.57 21.69 1.1299
0 6.69 22.23 4.3148
0 2 12.3 4.9229
0 0.04 11.29 0.746
0 0.58 13.04 0.0611
0 4.35 18.97 0.8242
0 6.09 21.53 0.8337
0 8.55 22.78 1.2284
0 8.14 24.45 1.1265
0 8.19 24.67 1.7216
0 6.7 22.92 2.278
0 3.68 17.93 0.598
0 3.57 17.11 1.5781
0 2.07 14.35 1.8555
0 2.6 15.62 1.1595
0 4.1 16.11 0.7229
7 6.27 16.53 0.344
5.425 3.63 15.95 1.9868
0.725 -0.26 7.28 1.2509
0 -0.18 9.77 1.1023
0 0.08 10.91 2.8421
0 1.56 13.85 2.1252
0 3.37 16.34 1.5449
0 3.03 16.89 1.6801
1 0.95 12 2.3323
4.475 0.97 15.45 3.682
2.3 1.22 12.99 1.0808
0 1.49 9.8 0.4838
0 0.84 12.4 2.2429
0 2.22 12.94 3.745
0 3.26 14.76 4.0429
1.375 3.17 15.98 2.631
1.825 3.85 16.86 1.0644
0.575 0.08 11.78 4.9644
0 2.2 9.95 4.9881
0 2.13 11.92 3.9608
0 2.19 14.74 1.67
0 0.95 14.35 2.2159
0 -0.56 16.47 2.1367
0 0.5 12.3 2.1225
0.1 0.06 13.2 1.1281
26.075 -2.26 8.72 2.2414
21.1 -2.19 4.55 0.8694
3.25 -9.91 0.5 0.6967
0 -9 0.41 1.9489
5.575 -6.3 3.47 3.1569
43.9 0.3 6.58 2.8644
68.825 3.06 7.27 3.7407
30.825 1.02 7.15 4.3234
2.425 -0.1 3.79 0.7132
0 -0.68 5.22 3.1479
0 1.82 8.91 2.5568
0 2.76 10.36 2.2837
0 3.04 12.07 2.811
0 2.9 11.39 4.1498
2.05 2.8 11.8 2.9004
11.425 2.91 12.99 1.8044
12.125 -0.52 9.67 3.6424
0.075 -4.39 4.66 2.5616
0 -0.22 9.59 3.9647
0 -0.42 9.51 3.9274
7.75 -0.31 9.95 4.0991
4.75 0.44 8.39 2.0059
3.15 -0.64 6.11 3.1086
10.775 -0.66 7.22 0.7712
5.4 0.86 6.47 1.5069
0.025 0.12 5.7 2.5614
0 0.67 9.44 2.0606
0 1.41 9.34 1.2233
0 1.4 11.38 3.9907
0 0 13.74 2.9214
0 2.27 13.42 2.6774
0 1.92 12.6 3.0764
0 2.79 13.24 2.7336
0.175 4.03 14.36 3.0556
1.55 4.27 14.34 2.3583
0.875 4.71 12.11 2.4422
1.675 4.59 10.31 3.172
22.275 3.93 14.97 4.4398
12.875 2.36 9.63 2.0337
0.05 -1.15 8.26 1.377
0 1.08 10.73 3.3402
2.35 1.52 13.31 2.1288
21.225 1.66 12.79 2.6071
35.9 1.8 8.98 4.758
34.15 1.24 5.6 5.5474
36.075 0.05 3.47 6.5001
32.925 -1.51 2.59 4.0327
17.875 -1.46 2.46 3.9369
4.275 -2.69 1.89 0.9461
2.25 -4.07 4.67 2.3108
2.55 -1.97 4.75 3.9512
0.75 1.31 6.11 2.9835
0 -0.09 9.22 1.3399
0 -1.81 10.78 2.8307
1.725 0.12 9.5 3.221
1.1 0.98 11.03 1.3956
0.025 -2.2 9.14 1.1838
0 -4.17 9.53 1.7349
0 0.15 10.59 2.0253
0 0.76 10.91 0.6231
6.75 1.22 11.33 2.7784
13.5 2.43 9.88 3.4237
10.6 2.52 7.43 1.7156
2.95 0.59 5.02 2.5281
1.075 -1.2 5.49 1.3689
1.075 0 6.58 2.1875
0.25 -1.83 5.65 0.5912
0 -1.13 8.19 1.1043
0 1.48 10.07 1.1834
0 1.4 13.27 1.5092
0 2.48 15.14 1.5664
0 1.84 16.94 1.0199
0 3.4 16.23 1.6871
0 3.76 16.93 2.4473
0 3.12 18.11 1.0995
0.9 1.71 16.37 1.2246
2.95 2.99 11.39 2.3133
14.625 1.52 8.92 3.0126
7.975 -3.55 3.99 2.2604
23 -2.68 10.03 3.7397
17.275 1.01 8.56 2.7901
1.75 -0.89 7.99 0.7734
22.625 1.01 12.86 4.4665
14.35 2.66 10.98 1.4475
0.575 0.3 5.8 0.4797
1.55 1.22 13 2.3343
12.75 3.52 14.98 2.6603
19.95 1.74 8.01 3.2642
7.7 -1.46 5.8 2.9936
0.15 -3.12 4.92 1.3274
0.1 -0.08 9.89 2.5382
0.25 -0.92 11.71 0.9395
5.125 2.19 11.59 2.5031
5.35 -5.73 4.79 3.8034
1.4 -2.95 6.86 2.1205
0 -3.06 5.31 0.4016
25.825 -0.43 12.01 2.1283
15.5 -1.62 11.57 2.4719
0 -1.78 9.84 2.604
0 -0.59 14.59 3.7667
0 2.2 19.4 1.3864
0 4.26 20.5 0.7307
0 4.59 20.61 2.8777
0 -1.12 18.6 2.1417
0 4.65 21.84 1.981
0 3.46 20.38 0.5065
0 3.08 17.98 1.4351
0 1.98 18.06 2.1177
1.5 2.22 19.31 2.0509
4.05 2.67 19.11 2.3483
1.875 -1.38 10.94 2.4175
0 0.84 13.5 2.7717
0 1.8 18.2 1.215
8.075 3.44 19.19 2.4969
18.5 3.75 18.87 5.472
8.5 -0.59 6.95 2.9773
1.9 -3.53 7.1 0.8367
7.925 -1.66 8.92 2.2085
4 0.08 7.11 1.966
26.15 -0.59 7.52 2.7583
15.675 -1.58 5.9 3.1954
0 -3.1 6.6 0.78
0 -0.52 12.36 2.1893
0 1.77 17.54 0.4375
0 3.05 19.17 1.2426
1.775 3.79 18.93 1.971
21.3 2.13 13 4.0612
15.525 0.65 7.38 4.5866
2.025 -0.61 5.29 1.0739
0 0.3 12.16 0.6634
0 1.44 13.65 0.8068
0 3.03 18.52 2.3968
0 2.62 18.13 1.4205
0 3.23 20.26 1.1357
8.375 4.83 22.41 1.6792
19.375 6.52 19.56 2.6271
9.85 -0.32 8.83 3.0662
0.725 0.91 3.96 1.765
0 1.86 7.4 1.3492
0 3.3 18.1 0.8125
0 5.58 20.37 1.2995
0 7.3 23.86 0.7646
11.025 7.71 23.9 4.1085
12.825 2.19 12.64 4.9903
3.825 -2.12 6.01 3.8517
0.05 -1.74 8.37 3.3727
0 1.39 14.34 1.9208
0 2.89 18.1 1.9333
0 4.52 22.31 0.9397
0 6.39 23.65 2.0679
0 6.2 22.75 3.6111
0 3.66 18.23 2.1995
0 2.83 18.41 0.7178
0.2 4.48 20.66 2.801
5.8 4.43 19.52 3.7249
16.425 1.38 9.94 3.2165
7.875 -2.76 8.76 4.0756
0.025 -0.59 11.27 2.1395
0.125 4.47 17.76 0.9942
0.075 5.67 21.02 0.6259
0 6.8 22.72 0.5164
3.025 9.73 24.63 1.2783
6.625 10.67 23.99 1.9518
2.875 5 15.52 1.8797
0.35 6.73 17.45 1.6465
0.2 8.77 20.03 3.4008
0.375 4.39 20.99 4.3416
0.45 0.11 14.38 3.6693
0.275 0.44 9.69 4.123
3.45 2.32 13.14 2.3276
9.1 2.14 12.87 1.5365
15.175 5.56 16.06 2.9911
13.575 3.8 12.44 2.447
4.2 1.31 11.18 3.4992
0 2.32 13.4 1.8128
0 5.85 21.19 0.5679
0 8.89 24.87 2.5394
0 12.15 24.2 2.9516
0 9.36 22.82 2.5803
0 10.63 24.17 2.6924
0 12.02 25.67 2.7219
0 12.61 25.49 2.0433
0 13.93 29.68 3.0009
0 13.34 29.93 3.1139
0 12.12 27.59 2.5419
0 11.22 27.14 3.8256
0 7.42 24.35 4.636
0 7.16 20.18 5.058
0 11.52 21.71 3.8033
0 11.02 25.7 1.0183
0 12.16 27.65 1.7185
0 12.26 29.46 2.9009
0 8.59 27.45 3.0717
0 7.81 23.15 1.1535
0 8.66 25.97 2.3734
0 8.53 24.94 3.156
0 7.41 22.67 2.5571
0 8.76 24.82 1.6492
0 9.93 24.28 1.0587
0 12.19 27.9 1.8102
0.025 12.75 29.04 2.1424
0 14.22 26 2.7128
0 12.14 26.33 2.426
0 14.73 29.04 0.9757
0 16.52 32.99 1.5823
0 16.54 35.17 3.1035
0 14.09 31.39 2.9497
0 11.87 29.62 2.6587
0 11.33 28.11 2.7954
0 13.35 27.9 2.09
0 11.72 27.54 0.9463
0 13.31 30.12 1.9243
0 14.18 31.89 2.4866
0 14.6 30.32 2.3617
0 14.52 30.42 2.3755
0 16.05 31.64 2.1841
0 15.58 32.15 1.8224
0 16.15 33.74 2.3126
0 17.37 33.02 3.2318
0 17.29 32.28 3.3192
0 15.41 29.96 1.8394
0 15.97 31.29 1.4026
0 18.23 34.31 2.6416
0 17.93 35.5 2.7624
0 17.6 35.34 2.5865
0 16.46 36.21 2.085
0 16.1 34.88 2.0437
0 15.66 33 2.4973
0 15.03 31.46 1.024
0 15.58 31.91 2.271
0 15.81 32.89 2.1109
0 17.28 34.3 2.5823
0 17.47 33.63 2.7357
0 15.5 31.57 1.9316
0 13.6 30.76 2.3564
0 14.68 31.49 2.0511
0 14.07 31.78 2.3121
0 14.32 31.48 2.3571
0 13.47 31.08 2.0507
0 13.55 30.83 2.4023
0 13.16 31.62 1.4766
0 13.55 32.03 1.9421
0 13.93 31.68 2.0005
0 13.06 31.02 2.0618
0 13.53 30.9 2.5123
0.15 13.96 30.05 2.8689
0.075 13.06 27.75 2.0162
0 12.66 28.79 1.8963
0 12.99 29.35 2.2649
0 11.65 26.12 1.0691
0 12.54 28.99 1.4038
0 13.99 30.11 2.3595
0 14.07 30.46 2.8021
0 14.19 31.02 1.1402
0 14.42 33.03 1.5865
0 14.65 33.68 1.7231
0 12.89 32.17 1.9093
0 13.46 31.93 2.2423
0 13.91 32.79 1.8865
0 12.54 28.87 1.7079
0 12.1 28.3 2.4116
0 13.39 33.13 2.0545
0 18.17 36.75 0.6108
0 18.96 38.49 2.2881
0 15.82 35.54 2.4314
0 11.49 31.41 2.8336
0 10.09 19.24 2.2506
0 8.29 20.19 2.4384
0 8.72 22.94 1.2463
0 10.72 26.57 0.6286
0 13.51 31.01 0.4106
0 14.7 33.76 1.2256
0 14.76 34 1.2253
0 13.8 33.32 1.9641
0 12.84 31.16 1.2624
0 12.93 31.31 2.3735
0.025 11.33 29.58 2.88
0.025 6.31 14.71 2.0286
0 6.52 22.58 0.628
0 7.76 25.51 0.6661
0 11.09 28.81 1.0064
0 11.43 29.49 1.6769
0 10.63 27.26 1.4245
0 10.41 27.33 0.9032
0 10.86 27.68 1.5882
0 10.62 28.54 1.5904
0 10.9 27.69 1.5248
0 10.55 27.38 1.425
0 8.8 23.44 1.18
0 8.44 25.61 1.0191
0 9.15 23.76 2.7098
0 8.3 21.42 1.0468
0 8.36 25.3 0.5078
0 12.27 29.39 0.9192
0 15.12 33.53 0.4303
0 14.24 33.73 1.1023
0 16.77 34.76 0.5733
0 16.48 35.76 0.5301
0 15.65 35.2 0.3212
0.025 15.42 31.89 0.4311
6.9 14.89 28.71 1.3069
28 13.37 29 1.6287
16 10.78 19.29 1.468
1.325 8.92 13.39 0.9572
1.575 6.06 14.87 0.7861
2.225 5.99 15.77 2.1006
0.375 4.86 15.08 0.8324
0 7.11 19.63 1.8867
0 8.78 21.77 1.6165
0 10.7 24.98 1.4145
0 11.44 26.22 2.2916
0 12.26 28.45 1.5824
0 12.25 27.72 0.7121
0 11.72 27.31 0.5977
0 11.56 27.45 1.1501
3.05 12.44 23.01 0.897
1.825 7.6 18.95 1.0663
0 8.35 17.82 1.6946
0 8.02 24.51 0.9404
0 9.22 21.47 1.9435
4.525 6.91 19.1 1.6925
33.4 7.9 17.76 1.62
61.6 8.83 11.38 4.7064
37.275 4.06 12.25 3.6052
0.175 3.48 13.6 1.6152
0 0.94 14.32 2.9486
0 0.16 14.41 3.3289
3.4 6.64 18.59 2.1221
2.925 5.48 19.19 1.8886
0.525 3.74 10.23 0.8859
0 4.65 16.7 1.8706
0 5.58 19.11 3.1457
0 8.25 22.48 2.9257
0 10.84 24.21 1.9584
0 10.39 24.26 1.1098
0.75 9 22.71 2.2047
18.95 7 19.14 3.0891
14.4 1.51 9.31 2.6585
3.075 -0.33 9.12 0.6427
2.225 1.4 10.46 1.6239
0 -0.22 8.49 2.5022
0 2.87 12.66 1.4695
0 1.15 14.38 3.0746
0 4.44 15.69 1.5872
0 5.75 18.34 2.5062
0 5.16 18.38 1.0132
0 4.43 17.2 2.1353
0 3.64 17.86 2.0492
22.7 4.05 16.93 2.7433
33.475 -0.06 10.22 3.2092
26.275 -1.74 3.3 5.1961
16.425 -1.38 3.53 3.1094
16.3 -0.73 4.32 4.1561
7.525 -5.45 2.04 1.119
0 -6.29 3.23 3.3369
0 -6.1 2 3.3363
14.25 -1.96 7.32 2.7724
11.175 -6.05 3.47 2.6287
0 -7.83 2.12 2.3526
0 -4.62 3.58 3.0562
0 -0.56 7.72 2.283
0.05 2.41 12.37 2.5987
0.05 4.16 10.04 1.5235
2.575 3.93 10.96 2.0458
23.3 3.72 8.27 2.2497
12.9 2.95 11.65 3.3083
0 1.67 9.3 2.3071
9.125 3.16 13.11 1.924
9.85 4.31 11.32 1.022
2.375 5.06 9.37 1.3558
0.15 3.76 12.02 0.4431
0 3.3 13.9 2.3045
0 4.16 12.78 1.4012
29.025 4 13.65 1.8048
20.025 1.27 8.61 1.6247
6 -1.24 6.42 2.4962
72.175 -1.55 6.27 3.535
107.43 1.92 6.51 5.2578
74.875 3.11 8.41 6.0438
27.4 0.74 10.42 2.2426
10.475 0.26 1.79 2.4111
6.1 0.82 4.77 2.2948
3.775 0.68 5.55 0.4127
0 -0.07 7.39 2.8981
22.35 0.21 10.23 5.3117
14.625 -0.27 9.57 1.9733
0.025 -1.33 3.85 0.9827
65.4 -0.88 6.32 2.3079
43.225 1.16 6.2 4.4257
2.775 -8.13 4.12 2.482
4.975 -8.49 0.73 1.4929
23.975 -8.24 1.37 4.1252
22.875 -1.91 3.22 4.849
8.575 -1.27 3.34 2.5761
0 -3.66 4.18 3.2512
0 -3.08 5.58 3.8949
0 -0.55 7.9 5.3432
0 -0.16 9.1 3.7679
0 -1.45 8.43 1.9305
0 -1.45 8.58 1.2209
0 -3.88 5.61 3.2268
5.675 -3.58 7.19 3.3246
4.575 1.35 7.73 1.9194
0.875 1.89 10.98 1.6788
0.55 1.14 8.93 1.35
0 2.35 14.79 2.6022
0 3.09 13.96 0.9267
0 3.7 13.91 0.7162
0 3.76 14.7 2.3625
0 1.94 14.48 1.3619
0 1.28 14.29 4.2606
0 1.33 14.28 3.7892
0 1.29 14.87 2.8038
0 2.63 16.69 3.934
0 2.38 15.44 2.0363
0 2.84 15.47 2.2449
0 2.65 15.34 4.9854
0 2.6 16.44 3.3599
0 2.6 16.63 1.8287
9.85 1.59 15.94 0.5461
11.25 0.65 13.57 1.8316
3.225 -1.19 5.2 1.4709
0 -1.53 8.28 1.8738
0 -1.26 10.22 3.0209
0 -1.92 11.06 2.0987
0 -0.97 11.91 2.7421
0 3.01 16.31 1.7089
0 0.82 16.63 1.9405
0 4.12 18.39 0.5896
0 0.4 17.14 2.1596
0 -2.2 11.91 3.5864
0 -3.1 10.88 3.8079
0 -2.08 12.43 3.923
0 0.69 15.53 2.7548
0 1.33 17.8 1.2425
0.15 1.42 17.81 3.4983
13.025 1.39 11.22 4.2338
22.175 0.59 12.48 5.915
25.225 -2.07 2.15 4.551
43.1 -1.59 1.54 3.0401
22.025 -1.66 4.66 3.7131
1.425 -5.98 3.79 0.8108
0 -5.98 5.23 1.1725
0 -6.02 5.02 0.4011
0 -4.74 8.76 0.4405
9.775 -2.65 8.29 2.2935
16.1 -0.84 5.44 5.6461
9.1 -6.53 1.97 0.861
0 -7.67 0.6 0.4432
0 -7.55 6.05 2.1738
8.85 -5.22 10.15 1.7079
14.075 0.13 11.98 3.613
10.175 2.11 8.96 1.4245
0.675 -1.01 9.34 1.4697
7.775 0.2 13.36 0.595
26.575 1.26 14.51 1.7122
19.575 2.37 7.08 4.3664
0.3 -0.87 7.13 0.5107
0 1.33 13.31 1.4868
0 2.72 17.12 0.9164
0.125 2.34 15.86 1.2155
0.075 2.05 13.09 0.6424
4.45 2.23 14.76 0.9711
2.675 3.61 12 1.0733
29.45 4.2 15.36 1.2043
25.325 4.9 17.07 2.5241
1.975 -0.94 9.05 1.0295
26.15 -1.53 11.54 3.3865
48.625 -1.24 6.89 4.8412
59.35 -0.85 3.67 5.8155
29.7 -1.31 2.85 2.5134
11.05 -1.42 5.2 1.1407
19.85 0.08 8.46 4.8456
40.625 -0.56 4.61 5.4531
26.425 -3.5 2.45 3.949
10.95 -2.41 5.71 3.0131
10.35 0.88 3.42 1.4797
0.4 1.06 8.22 0.6378
0 0.81 13.18 1.32
0 2.66 16.13 2.0868
0 5.27 18.19 2.3322
0 6.02 23.57 1.7203
0 6.17 24.95 0.9791
0 3.15 18.77 1.3736
0.025 2.78 17.65 1.8898
0 3.21 20.89 1.3511
1.95 3.86 20.33 1.5958
9.575 0.2 18.76 3.4669
6.7 -5.21 3.85 1.4448
0.975 -4.76 3.39 1.3862
0.025 -3.94 9 0.5249
0 -1.32 14.07 1.6056
0 1.22 15.19 1.4643
1 1.57 16.04 2.7531
0.65 -1.51 7.2 0.6045
0 -1.14 15.07 0.7633
0 3.76 19.13 1.4833
0 5.29 22.04 2.2814
0.05 6.94 21.8 2.7475
0.05 7.3 19.1 1.6502
0.475 4.63 18.59 2.0397
8.75 6.02 13.7 2.2087
2 2.51 14.99 0.8958
1.45 2.65 14.61 1.2207
1.35 4.67 12.34 2.2855
1.05 3.43 11.92 2.3126
0.15 0.66 14.49 2.6708
0 2.85 17.02 0.8644
0 4.23 19.59 2.3822
0 1.37 18.29 4.5647
0 1.01 16.72 3.5506
0 2.6 18.09 1.8878
0 4.89 21.09 0.4662
0 6.25 22.8 0.8466
0 8.47 24.43 2.9904
0 11.15 27.26 0.7461
0 10.32 28.01 1.512
0 9.09 26.64 2.048
0.075 7.25 22.43 2.9681
1.9 2.88 13.13 3.1993
2.025 1.29 9.56 2.6452
0 4.56 18.01 1.7656
0 7.02 21.77 1.1684
0 7.59 24.1 0.6058
17.2 8.27 25.66 2.8992
20.375 0.05 15.91 2.7583
11.75 -0.29 7.02 1.172
35.8 0.83 10.3 3.516
21.95 1.28 6.3 2.2899
1.175 1.25 11.08 3.2232
0.025 1.78 17.23 1.7505
0 5.66 21.74 2.061
0 6.29 21.51 3.0261
0 5.06 20.48 4.4663
0 4.17 17.37 2.4677
0.55 5.9 20.52 2.7533
0.325 4.32 18.03 2.4915
0 4.8 18.18 3.2959
4.85 4.22 18.09 4.2195
4.925 1.66 14.5 4.7848
0.9 1.81 12.48 2.8447
1.6 5.42 17.01 2.6056
1.275 6.34 17.36 2.9034
0.7 1.65 12.32 1.688
0.075 3.04 15.49 0.5926
4.25 4.21 16.37 3.0153
10.45 8.43 11.12 1.1931
5.475 4.47 17.22 3.4273
0.2 4.61 12.51 1.9896
0 6.29 19 3.0405
0 8.73 22.93 1.636
0 9.64 25.61 2.4367
0 9.65 25.61 3.0814
0 8.48 22.94 2.6832
0 9.17 24.05 2.7217
0 10.9 26.43 1.8311
0 12.51 29.64 1.8759
0 12.91 28.48 2.5261
0 9 26.47 1.3753
0 11.51 26.5 2.8714
0 10.59 27.4 2.0831
0 11.94 27.81 0.3855
0 13.53 30.06 0.5689
0 15.29 33.35 2.4864
0 15.02 32.75 2.7066
0 13.3 30.98 2.5875
0 10.97 28.72 2.6789
0 11.04 27.6 2.3385
0 12.66 28.38 2.3079
19.425 12.81 29.05 2.4496
11.725 9.29 24.82 2.395
1 7.65 16.98 2.2699
0 11.06 23.79 1.0462
0 12.23 29.31 0.8034
0 15.01 32.02 0.5926
0 15.45 32.34 1.5293
0 15.74 32.27 1.8388
0 16.99 31.68 2.5395
0 17.43 32.27 2.8337
0 16.19 30.64 2.1881
0 15.52 31.38 2.5018
0 13.59 30.92 2.1683
0 12.47 30.01 2.3337
0 11.99 27.34 2.4472
0 11.58 27.13 3.1362
0 11.32 24.49 2.6994
0 11.83 24.06 3.2694
0 10.18 23.85 3.1505
0 10.76 24.62 1.9871
0 10.96 26.28 1.2693
0 11.94 28.4 1.8985
0 12.05 28.56 1.3346
0 12.85 29.12 2.2872
0 13.6 30.12 2.7908
0 14.09 30.06 1.8823
0 15.11 30.63 1.9148
0 13.44 31.8 2.138
0 13.23 30.73 1.8396
0 13.26 30.07 1.7017
0 14.67 29.48 1.5551
0 15.31 32.88 2.368
0 16.65 33.06 3.0454
0.075 17.87 32.86 2.1117
0.325 16.36 29.99 1.4758
0 15.57 31.78 1.8705
0 15.39 32.89 2.0707
0 13.75 32.43 3.0496
0 12.39 28.58 2.3368
0 13.49 29.11 3.056
0 13.45 28.95 2.4183
0 13.95 30.2 1.779
0 13.43 31.02 1.8858
0 13.09 30.86 2.199
0 13.82 30.44 2.6613
0 13.41 30.89 1.6807
0 14.16 31.64 1.2874
0 15.12 32.62 2.0251
0 12.79 30.63 1.499
0 12.38 29.87 1.1596
0 12.67 30.57 1.6523
0 13.5 31.07 1.5659
0 13.89 31.91 2.5988
0 13.07 29.85 1.9901
0 12.41 29.53 1.4241
0 11.63 28.95 1.0851
0 13.32 30.17 0.9312
0 13.59 31.97 2.0176
0 15.45 32.47 1.2173
0 15.38 31.95 0.7749
0 15.22 33.77 1.027
0 16.19 33.82 1.3886
0 15.49 34.5 1.6476
0 13.52 33.24 1.8295
0 11.62 31.3 1.7399
0 12.85 29.77 0.7567
0 13.54 30.11 0.7673
0 14.09 32.04 0.8502
0 14.99 31.68 0.9364
0 15.17 32.48 1.8309
0 14.47 31.51 0.6629
0 15.11 31.99 0.9271
0 15.42 33.05 0.9027
0.15 15.54 31.33 1.5666
0.95 13.3 31.22 0.9888
2.35 13.83 30.5 1.6489
2.7 10.85 22.8 1.494
2.575 12.08 26.33 0.614
2.375 11.68 27.82 1.2807
0 12.26 26.63 2.4461
0 12.46 27.01 1.7773
0 10.27 24.53 1.6506
0 9.13 24.19 0.3726
0 11.49 28.5 0.2351
0 13.55 31.11 0.9325
0 14.39 31.14 0.4951
0.775 14.89 31.7 0.2878
0 15.2 32.58 0.5389
0 15.59 32.91 1.6127
1.35 12.74 28.91 2.2693
0 10.31 21.47 1.8847
0 11.64 25.55 0.4772
0 14.2 29.4 0.6067
0 14.27 29.05 1.0892
0 13.54 29.96 1.3884
0 11.53 28.69 2.292
0 11.98 25.14 1.8609
0 10.69 23.92 1.9877
28.375 7.23 20.12 2.2754
26.55 5.81 15.81 3.7439
7.5 1.96 10.17 0.8489
1.4 1.22 9.62 0.8832
0 1.28 14.15 1.3083
0 4.14 18.23 1.1522
3.55 6.88 20.4 1.5338
2.975 8.99 15.68 1.6459
0 9.09 21.76 0.9168
0 9.15 24.79 0.5904
0 11.86 26.83 0.3843
0 10.36 26.29 0.9942
0 10.6 26.18 1.405
0 10.88 24.36 1.6758
0 11.08 25.31 1.5958
0 9.96 26.19 0.8283
0 8.97 23.14 0.5945
0 8.7 23.72 0.5674
0 8.46 22.57 2.2555
0 9.13 24.76 1.7866
0 9.21 25.92 2.044
0 8.09 22.67 1.3356
0 5.17 18.43 3.2271
0 3.46 17.36 3.3639
0 4.48 17.73 2.0173
0 6.15 19.82 0.9587
0 7.05 21.1 2.1007
0 7.26 22.43 0.1594
0 6.13 21.7 3.313
0 6.05 19.59 4.1767
5.875 3.24 20.01 3.7002
6.525 -0.59 17.23 1.7887
6.975 -2.82 4.87 0.4661
5.05 -1.83 5.92 1.4924
0.05 -2.42 5.3 0.8986
0 -2.54 7.15 2.225
0 -0.19 10.33 3.1862
0 1.34 13.94 3.0294
2.5 2.64 15.01 3.5409
2.25 4.59 12.18 0.9478
0 3.93 11.96 0.2191
0 5.23 13.87 0.6863
0 2.34 13.92 0.5699
0 2.73 14.51 0.9254
0 2.49 15.26 0.9472
0.125 3.2 14.49 3.19
2.05 0.43 8.43 2.181
3.725 0.49 6.76 4.0613
1.85 -1.72 6.54 1.7294
0 -0.67 9.37 2.4226
0 0.94 10.32 3.624
0.075 0.49 15.07 2.2203
0.025 1.06 11.1 0.7696
0 2.33 12.98 2.8983
0 4.68 17.43 2.348
0 4.89 17.2 1.0851
0 6.04 16.09 1.7256
0 1.18 17.75 3.5529
0 0.47 13.85 8.42
0 1.8 10.74 3.6088
0 -0.18 13.69 4.295
0 -1.8 10.55 2.8116
0 -1.85 9.05 3.4962
0 -2.41 9.22 3.0851
0 -1.48 9.19 3.5623
0 -0.7 11.64 3.5873
0 -0.04 11.61 4.3185
0 0.22 13.21 3.2165
0 -0.77 12.06 0.9694
0 -2.36 10.18 1.6578
0 -3.13 7.47 1.4781
0 -2.91 8.31 1.091
0.225 -1.94 8.41 0.8534
0.1 -1.08 7.84 5.4675
0 1.34 12.26 4.6148
0 -1.34 12.86 2.7595
0 -1.57 10.97 4.6459
0 -2.34 9.33 4.4667
0 -1.64 10.6 3.5432
0 -1.58 10.38 4.5304
0 -1.91 10.6 4.0156
0 -1.41 12.47 4.9923
0 -0.46 13.19 3.4474
0 1.05 13.68 1.3232
0 0.9 14.13 1.1219
0 2.19 13.51 1.2122
0 4.13 17.17 0.9271
0 3.22 14.69 1.1478
0 0.56 13.48 2.3901
