0.575 0.7 11.44 1.5091
5.95 1.07 5.7 1.115
2.425 0.11 11.01 1.8392
0 -2.69 9.09 3.5258
1.225 -1.02 9.22 1.8592
0.475 3.54 7.18 0.3413
0 1.13 7 1.4738
0 1.19 9.16 0.9313
0 1.75 12.12 3.9843
0 -0.65 11.44 3.5004
0 -1.51 16.56 2.5418
0 -0.9 15.33 5.2793
0 0.45 17.98 4.1175
0 0.08 20.33 3.8405
0 -0.03 19.83 3.8775
0 0.95 20.82 4.8962
0 0.7 20.14 4.1461
0 0.76 20.64 4.6527
0 0.33 21.25 4.859
0 0.57 20.64 3.4182
3.05 2.24 18.29 2.6749
14.9 8.11 17.61 2.0835
11 10.33 12.24 1.6714
2.025 9.1 14.75 2.0658
4.8 4.53 13.42 3.25
1.35 0.64 8.11 1.0767
0 -1.76 10.52 1.1608
0 -1.95 10.95 1.4774
0 -0.53 13.72 3.9744
0 -0.46 15.52 4.3593
0 0.7 18.85 2.8057
0 1.31 18.05 2.8701
0 1.38 17.18 4.0558
0 1.62 20.7 3.831
0 1.68 21.62 3.0086
3.575 5.39 19.96 2.8137
8.45 7.67 13.05 3.1636
3.375 5.02 15.02 2.63
8.475 3.41 14.53 1.2207
5.125 2.55 12.18 3.1857
4.35 -2.87 9.77 0.3435
8.25 -0.96 11.01 2.5581
4.325 1.38 10.89 1.3181
17 1.5 10.21 3.0538
7.3 2.74 8.85 3.7464
2.525 4.71 10.7 6.4266
14.275 5.76 11.63 5.473
10.25 5.21 10.58 4.4933
1.725 1.81 9.84 1.625
0 0.45 14.77 3.5271
0 0.88 17.43 2.7282
3.225 1.13 17.37 3.6883
9.425 4.65 15.88 4.1206
9.375 10.02 14.65 3.0045
1.875 7.12 15.33 1.539
0.85 7.3 17.55 1.5821
0.925 6.38 16.69 2.3309
0.2 2.3 16.32 0.4503
0 2.55 16.13 3.5559
6.825 6.44 17.92 3.0266
19.9 10.39 16.63 4.2447
35.325 7.98 15.64 4.9675
14.775 3.78 12.49 2.6154
0.1 0.33 12.86 1.0766
0 0.76 13.42 1.867
0 0.02 12.8 0.3514
0 0.33 15.02 1.4073
0 1.56 13.91 2.6958
0 -1.45 11.87 0.6233
0 -1.39 13.91 0.5492
0 1.38 16.87 1.8067
0 1.56 18.11 1.8761
0 2.06 17.3 1.3843
0 3.6 16.69 2.3262
0 5.33 18.54 2.7248
0 6.07 19.22 1.0869
0 6.07 20.7 1.3777
0 6.44 22.3 1.3762
0 7.12 22.86 1.0441
6 6.62 20.7 1.6286
4.85 4.9 15.95 3.8548
0.975 0.33 11.81 2.3463
0 -0.1 15.27 1.9228
0 1.5 18.23 0.9508
0 4.84 21.2 2.0395
0 7.06 22.37 1.8688
0 6.99 23.29 1.462
0 7.18 22.12 3.62
0 2.49 17.86 2.1121
0 1.44 18.42 0.6067
0 5.27 21.38 2.9817
0 5.51 22.49 2.6507
0 5.21 18.42 5.1287
0 1.32 16.94 1.9242
0 0.94 19.53 2.4885
0 3.29 24.16 1.8689
10.125 5.52 23.17 1.1638
5.5 6.56 18.29 2.7532
5.125 5.89 13.91 1.779
3.825 6.87 15.15 2.3471
0.725 3.79 16.38 3.6821
0 4.59 18.73 1.6747
0 6.01 20.95 2.5214
0 6.87 18.72 5.1297
0 0.76 12.99 5.6011
0 0.64 16.51 2.9033
0 2.8 20.83 1.588
0 5.39 24.28 2.3719
0 5.82 27.99 2.416
0 10.82 31.63 1.4931
0 11.44 32.18 1.278
0 11.13 33.48 1.7373
0 9.84 29.84 2.2522
0 8.41 22.3 3.1027
0 2.18 18.42 3.2991
0 2.61 20.02 2.0974
0 4.77 20.58 2.2717
0 2.06 18.29 2.983
0 2.3 17.43 1.8327
0 3.17 20.45 1.9518
21.225 6.44 21.69 1.769
9.575 11.87 19.34 2.4801
0.475 12.18 18.97 3.5278
0.65 10.89 21.2 1.8433
0.325 12.98 23.23 3.5078
0 11.32 25.52 1.8319
0 10.27 26.38 3.0792
0 9.84 25.76 2.073
0 9.83 27.43 1.9083
0 10.02 28.91 1.5445
0 10.39 29.28 3.1105
0 8.11 27 3.3727
0 8.72 25.95 2.9682
0 9.65 28.36 3.1468
0 10.95 28.36 2.3072
0 12.24 32.43 1.4166
0 15.39 36.81 0.2652
0 15.39 37.37 2.0871
0 15.45 34.71 2.3204
0 11.32 29.84 1.468
0 10.45 30.15 1.1255
0 11.07 30.82 2.4117
0 11.13 29.9 2.9762
0 9.53 27.49 2.7658
0 9.03 27.8 2.2706
0 12.24 30.21 1.7886
0 13.85 32.8 1.1157
0 15.08 34.9 2.183
0 15.08 34.1 2.4951
0 14.46 32.92 2.9255
0 13.72 28.97 2.339
0 12.98 29.34 2.3488
0 12.55 27.43 2.3615
0.5 13.11 27 0.5409
0.85 11.5 26.5 2.1693
1.675 10.89 22.92 3.0411
1.65 8.66 21.57 1.9496
0.55 9.77 23.97 2.6089
0 10.7 26.69 2.5903
0 9.77 26.63 3.3675
0 10.7 25.21 3.0047
0 10.08 24.53 3.3818
0 10.89 25.51 2.5545
0.15 12.98 24.96 3.403
0 10.58 24.96 2.3316
0 10.21 25.7 2.4763
0 11.01 26.75 2.7467
0 12.24 27.74 3.1949
0 13.36 31.5 2.2262
0 14.83 33.6 2.9557
0 10.2 31.25 3.2873
0 8.54 27.24 3.398
0 10.27 27.8 1.6567
0 11.44 31.88 0.8125
0 14.03 35.08 1.6666
0 14.46 35.27 2.6699
0 13.11 33.05 1.8312
0 14.96 35.82 1.0425
0 17.3 40.15 0.8799
0 18.11 40.89 2.7296
0 16.5 39.53 2.6721
0 16.01 36.81 2.2451
0 15.82 36.63 1.8813
0 14.59 36.63 2.7307
0 14.34 35.7 2.4762
0 13.79 32.86 2.6665
0 12.43 31.56 2.45
0 10.82 31.56 2.6068
0 10.76 31.01 2.675
0 11.75 30.51 2.6949
0 11.31 31.13 2.0861
0 13.6 31.69 1.8215
0 16.01 32.55 2.2679
0 14.22 33.48 1.7287
0 14.83 36.44 0.8282
0 15.94 37.49 1.515
0 17.12 38.48 1.7421
0 17.49 38.72 1.6589
0 18.85 40.02 1.9553
0 18.85 40.58 1.5049
0 19.09 39.83 2.4128
0 16.56 37.43 2.5424
0 15.51 35.76 2.4789
0 15.14 35.58 2.1204
0 14.4 34.28 2.122
0 13.48 34.09 2.2167
0 14.59 35.7 1.9695
0 17.67 37.92 1.9405
0 17.73 37.61 2.3106
0 17.3 35.82 2.9449
0 16.62 34.03 2.72
0 15.7 34.28 2.9468
0 16.5 33.97 2.6972
0 15.33 33.54 2.8896
0 13.48 31.62 2.3972
0 13.85 31.38 1.9851
0 14.59 31.93 2.1917
0 12.67 29.46 2.8311
0 10.64 25.39 1.8855
0 11.38 29.03 1.6758
0 13.48 32.98 0.8925
0 15.57 35.14 1.314
0 16.99 36.32 2.9524
0 15.45 37.06 2.8718
0 15.39 35.51 3.1731
0 14.03 32.49 3.1399
0 10.7 31.26 1.6659
0 11.38 32.43 0.7264
0 13.91 34.22 0.9852
0 14.71 35.02 0.8691
0 15.14 36.01 1.3492
0 14.96 34.28 2.3715
0 15.95 35.39 2.1423
0 16.81 37.12 2.2015
0.175 16.99 34.83 2.6441
0.075 13.72 31.25 1.5745
0 12.86 31.99 1.4783
0 13.11 33.29 0.4125
0 13.04 34.96 1.6534
0 13.04 37 1.6858
0 15.33 37.55 1.6069
0 15.26 38.29 2.4803
0 16.07 35.08 1.4949
0 15.51 34.34 0.6839
0 16.25 35.76 0.574
0 16.99 37.61 1.8049
0 15.76 36.38 2.438
0 11.81 32.61 2.082
0 12.55 29.77 2.1551
0 11.5 28.54 1.9655
0 11.31 30.64 0.6679
0 12.18 31.5 1.0686
0 14.22 34.46 0.5212
0 14.34 36.44 1.1045
0.225 15.45 34.83 1.9828
0.3 13.04 30.82 2.042
2.425 13.6 25.95 2.5742
0.525 11.75 25.27 1.7313
0 11.93 29.28 1.8121
0 13.29 31.69 0.8714
0 13.97 33.72 0.8643
0 15.76 35.63 1.8852
0 13.79 33.17 0.9742
0 13.54 33.6 1.8815
0 14.71 35.21 2.0436
0 13.97 35.88 1.2493
0 13.53 35.58 0.7274
0 13.35 35.08 0.7825
0 13.78 36.38 1.1163
0 14.09 37.12 0.3832
0 15.27 35.45 1.8526
0 13.7 30.02 2.5393
0 5.7 20.89 2.4502
0 6.19 23.97 2.3215
0 5.88 26.44 0.8648
0 7.36 26.19 3.22
0 6.13 21.32 3.3367
0 3.23 18.17 0.3549
0 2.67 20.76 2.4346
0 4.71 24.53 1.1814
0 5.88 23.6 1.3469
0 6.01 24.53 0.6432
0 6.93 25.08 0.5018
0 7.36 24.46 1.7592
1.325 7.18 22.61 1.9799
36.725 8.6 17.67 6.9174
16.5 13.04 18.97 4.2359
1.025 15.14 23.79 1.1367
0 13.11 26.19 2.2737
0 12.43 25.82 1.1895
0 13.14 24.29 1.632
0.35 9.09 22.43 1.9902
0.175 6.62 17.98 1.4909
0 6.13 19.84 1.0837
0 7.43 22.61 0.817
0 8.54 23.97 1.3111
0 9.71 25.27 1.377
0 8.97 24.65 1.5853
0 8.35 24.22 1.1471
0 9.4 22.8 4.716
0 5.2 18.72 4.8211
0 1.69 17.55 0.7729
0 1.81 17.92 0.2096
0 3.6 21.19 0.8656
0 4.52 22.98 0.9665
0 6.44 23.91 1.2515
0 6.93 24.96 1.1695
0 6.25 26.44 1.8117
0 6.31 24.89 2.461
0 5.76 20.89 0.6071
0 6.69 19.77 1.7946
0 3.35 18.72 1.9298
0 2.73 18.04 1.0607
0 4.03 18.78 0.7919
0.325 5.94 18.17 0.5259
1.55 7.05 16.44 2.0724
0.675 1.38 15.02 1.399
0 1.19 15.39 1.1391
0 0.33 16.5 2.6166
0 0.51 17.12 1.9213
1.6 1.44 19.77 1.2187
0.8 2.88 19.03 2.1529
0 0.2 15.02 2.1777
10.325 1.19 16.25 3.4617
5.075 1.38 15.2 1.209
0 0.82 15.02 0.4686
0 1.75 15.95 1.9257
0 0.94 15.08 3.4206
0 0.82 18.35 3.669
0 1.62 20.7 2.3524
3.075 3.04 19.22 1.1166
0.9 4.96 14.84 5.2209
0 0.39 16.63 4.7251
0 -0.04 15.14 3.8291
0 0.33 17.43 1.5366
0 0.14 16.19 1.9079
0 -0.16 14.77 1.8294
0 -0.1 15.08 1.9153
0 0.14 14.59 0.9992
3.15 -3.24 11.19 1.9074
10.25 -2.38 7.55 0.6969
2.6 -6.08 5.95 0.5588
0 -5.59 6.56 1.9191
6.275 -4.17 7.86 3.2962
16.7 1.81 10.97 3.0371
19.475 7.25 11.69 3.8874
14.875 6.32 12.24 3.8174
4.275 5.45 10.88 0.6814
0 2.36 13.35 3.3605
0.375 4.47 14.83 2.7988
0 3.79 14.22 2.1905
0 2.18 13.11 2.6768
0 2.06 8.54 4.0508
0.325 2.24 14.34 2.8521
11.425 4.46 16.31 1.764
5.275 2.49 12.06 3.6659
0.1 -1.58 9.34 2.1372
0 -2.63 9.46 3.8953
0 -1.7 13.91 4.0133
3.025 -0.16 14.28 4.1126
4.225 1.07 12.77 2.1433
1.325 3.04 11.56 2.9614
1.95 1.87 11.38 0.8245
0.825 6.19 12.49 1.4206
0 4.03 11.56 2.7181
0 3.48 13.54 2.2792
0.025 3.04 13.85 1.152
0 2.86 14.28 3.8758
0 0.94 15.64 2.9254
0 0.88 16.01 2.8818
0 1.56 12.06 3.109
0 0.82 12.06 2.5342
0.9 2.67 12.18 2.9304
0.65 4.28 12.98 2.4604
0.1 3.97 6.38 2.4385
0.025 4.09 7.63 3.2434
9.35 4.71 15.99 4.7393
9.275 8.04 17.49 2.0625
0.25 1.32 14.53 1.2297
0.025 1.13 13.11 3.2515
0.025 3.11 15.27 2.592
11.85 3.04 16.31 2.8326
18.175 7.49 14.46 5.014
20.9 8.66 11.44 5.7033
24.1 5.58 10.58 6.5982
24.85 3.17 9.28 3.8392
15.025 1.38 9.03 3.4461
5 0.94 7.06 1.0764
0.65 -0.03 10.2 2.5211
3.4 1.81 9.9 4.4437
1.975 6.13 11.13 2.9807
0.025 2.55 13.41 1.2072
0 1.81 13.04 2.6184
1.125 3.23 14.46 3.193
1.675 4.28 15.82 1.2055
0.475 0.82 13.66 1.2226
0 0.7 14.46 1.7726
0 2.61 14.09 2.1416
0.225 3.04 15.64 0.6628
7.225 4.4 15.08 3.1176
4.725 7.12 15.33 3.3597
11.8 8.54 12.86 1.6465
4.325 6 10.58 2.4384
2.15 6.62 10.95 1.2461
6.525 6.13 11.07 1.5889
1.075 0.76 11.87 0.6456
0 2 12.98 1.2375
0 4.15 14.22 1.4767
0 2.8 17.3 1.3356
0 2.36 17.98 1.4831
0 2.61 17.98 1.2355
0 4.15 17.67 1.7622
0 4.89 19.28 2.3651
0 4.22 19.96 0.842
0 5.14 17.12 1.044
2 6 14.59 2.0965
6.875 6.07 11.13 2.741
1.725 1.13 10.21 2.0156
24.125 1.19 11.87 3.8454
11.85 4.9 11.75 2.6094
2 2.98 12.67 0.8874
18.525 3.23 15.95 4.6411
10.1 6.7 16.38 1.117
0.45 2.61 14.4 0.3776
0 3.35 15.95 2.1074
5.65 5.62 16.75 2.7335
19.375 6.25 10.51 3.2823
7.5 2.55 10.95 2.626
0.1 0.02 11.62 1.2462
0 2.3 14.09 2.3688
0.05 2.86 17.67 1.0858
0.25 3.88 12.19 2.634
2.15 -0.59 10.21 3.6265
1.7 -0.03 11.5 2.1816
0 -0.71 12.55 0.3283
13.9 0.57 13.78 2.1432
6.15 0.7 13.41 2.4183
0 -0.03 14.34 2.4356
0 0.64 16.13 3.5269
0 3.35 22.12 1.3029
0 5.95 23.85 1.055
0 5.95 23.23 2.843
0 3.41 24.9 2.2098
0 3.97 24.65 1.7304
0 5.95 22.73 0.37
0 5.7 21.01 1.7818
0 4.03 20.39 1.7336
0.2 2.92 20.45 1.6865
1.125 4.46 19.71 2.2053
0.5 2.06 15.76 2.1606
0 1.87 18.48 2.4243
0 3.04 21.01 1.0164
0.925 4.77 22.8 2.527
9.025 4.86 19.59 4.9646
5.175 3.04 12.37 2.6225
0.425 1.01 13.05 0.793
5.55 0.7 13.54 2.0546
2.55 1.93 12.43 1.7206
15.375 1.69 12.12 2.824
7.95 3.23 12.37 2.7343
0 2.78 15.94 0.7589
0 1.19 17.43 2.0794
0 3.97 20.21 0.9654
0 5.64 20.51 1.4587
0 5.76 19.09 2.0122
12.875 7.06 13.97 4.5099
17.4 6.1 13.57 4.3209
5.75 3.29 12.61 1.099
0 3.72 16.38 0.7123
0 4.59 17.92 0.8709
0 5.39 20.39 1.796
0 5.64 21.13 1.4285
0 5.7 23.05 1.2069
1.6 8.29 23.54 1.4466
20.725 7.36 19.4 2.404
13.35 4.16 12.06 3.3522
2.725 5.39 10.83 2.1285
0.15 6.25 14.41 1.2482
0 8.2 22.75 1.1411
0 9.41 26.08 1.2764
0 7.48 26.44 0.8705
3.025 7.93 23.66 3.97
1.825 3.66 15.45 4.5456
0 4 16.21 3.5617
0 3.11 15.89 3.3791
0 3.79 20.52 2.0781
0 6.32 23.48 1.9326
0 7.67 26.57 1.0678
0 8.48 26.07 2.2764
0 6.75 23.23 3.8155
0 4.53 21.01 2.4104
0 4.09 22.18 0.8908
0 5.76 23.11 2.7303
0.025 6.38 20.21 3.5722
7.25 7.43 15.82 2.9509
3.325 2.24 14.71 3.5719
0 3.11 20.08 2.0968
0 5.64 23.97 1.1064
0 7.86 25.89 0.8253
0 8.6 27.18 0.6962
0 9.4 27.06 1.2466
0.225 10.39 24.4 1.8907
0.125 11.78 22.05 1.4535
0 10.64 22 1.5072
0 9.65 22.8 3.4457
0 5.45 20.58 4.2278
0 3.72 16.13 3.5306
0 4.53 17.25 4.1592
0 5.63 20.08 2.2479
5.35 5.45 19.09 1.5732
3.6 6.13 20.02 2.6464
6.325 8.85 18.54 2.1908
2.35 4.4 18.36 3.1168
0 6.44 21.32 1.9239
0 7.06 26.63 0.9778
0 11.94 28.54 2.5016
0 11.75 26.25 2.99
0 11.44 26.57 2.3429
0 12.61 28.05 2.362
0 14.71 28.42 2.4477
0 14.71 29.9 1.8848
0 15.27 31.5 2.7838
0 13.79 30.7 3.1712
0 12.43 29.03 2.7933
0 12.06 28.05 3.5628
0 7.67 24.9 4.6505
0 9.53 24.28 5.0268
0 10.45 29.34 3.5655
0 11.69 31.94 1.0159
0 12.42 32.24 1.8641
0 12.55 32.18 2.7843
0 9.71 28.79 3.1712
0 8.29 27.49 1.6882
0 9.16 28.6 2.4951
0 7.86 26.25 3.0764
0 7.3 25.45 2.7297
0 9.09 27.74 2.0194
0 10.64 30.15 1.2513
0 12.98 32.24 2.1206
1.1 13.41 31.75 2.2373
0.725 13.04 29.65 2.839
0 14.34 30.33 2.6349
0 16.13 33.97 1.3331
0 18.04 37.49 1.801
0 17.12 37.8 2.986
0 14.15 33.97 2.9576
0 10.39 31.44 2.8149
0 11.19 30.45 2.9906
0 12.43 30.64 2.4987
0 12.43 32.68 1.1228
0 13.17 34.4 1.9823
0 13.85 33.66 2.5799
0 13.66 31.81 2.4997
0 14.4 33.35 2.6145
0 15.27 34.4 2.3479
0 15.33 36.19 1.8665
0 16.38 36.19 2.1689
0 16.75 34.77 3.0857
0 15.33 33.11 3.0424
0 15.88 33.23 1.8132
0 17.8 36.01 1.6385
0 18.54 38.48 2.6891
0 19.16 38.97 2.6747
0 17.43 38.42 2.5453
0 15.45 37.68 2.1237
0 15.02 36.07 2.0136
0 14.71 34.28 2.2443
0 12.8 33.42 1.063
0 14.03 34.22 2.326
0 15.64 35.33 2.2275
0 16.62 36.5 2.7285
0 15.64 34.22 2.7587
0 14.53 30.7 1.973
0 12.36 29.96 2.3337
0 12.92 32 2.2208
0 13.54 33.29 2.3816
0 12.98 33.23 2.2688
0 12.43 32.92 1.9649
0 13.11 33.29 2.3145
0 12.37 34.03 1.4818
0 13.17 34.22 1.977
0 13.11 33.48 2.0513
0 12.8 32.74 2.075
0 12.86 32.3 2.4825
0 13.79 31.63 2.7537
0 13.6 30.76 1.9098
0 13.23 30.95 1.8437
0 12.67 30.02 2.1318
0 11.38 29.59 1.1862
0 13.11 30.76 1.6329
0 14.03 31.69 2.4915
0 13.48 31.93 2.8835
0 13.91 33.6 1.3375
0 14.53 34.15 1.5157
0 13.6 33.6 1.5753
0 12 32.92 1.9788
0 13.04 33.85 2.2546
0 12.86 33.17 1.7468
0 10.45 32.8 1.8366
0 11.07 31.26 2.2987
0 12.55 35.7 1.7655
0 14.77 40.27 0.4823
0 17.8 38.48 2.0281
0 13.72 34.65 2.3068
0 9.71 29.96 2.6641
0 8.91 23.54 2.3137
0 9.22 24.9 2.5313
0 9.84 27.18 1.6063
0 11.48 29.96 0.9964
0 14.41 34.41 0.3121
0 15.15 36.66 1.2863
0 14.9 36.12 1.1367
0 17.22 33.92 2.1585
0 13.77 33.32 1.2719
0 13.44 32.53 2.0385
0 11.81 29.17 2.674
0 7.93 20.69 1.9564
0 8.64 24.56 0.8078
0 10 28.35 0.5468
0 12.12 32.31 1.0421
0 12.31 30.65 1.5885
0 10.64 29.43 1.423
0 11.1 29.72 1.284
0 11.14 30.2 1.8669
0 11.86 29.79 1.5438
0 12.47 29.45 1.3589
0 12.12 27.78 1.2472
0 11.07 27.23 1.4306
0 10.61 27.13 1.2765
0 8.94 24.85 2.6525
0 8.73 23.57 1.3176
0 9.87 28.87 0.7697
0 11.38 31.72 1.0454
0 17.44 35.18 0.8974
0 13.75 35.93 1.2603
0 15.37 37.52 0.7352
0 16.15 38.83 0.5735
0 16.07 36.74 0.4045
0 15.72 33.81 0.588
2.625 16.95 33.38 0.9646
7.6 16.4 33.18 1.3933
5.275 12.75 24.8 1.6351
0.45 12.84 18.76 1.2808
0.3 9.25 19.7 0.7179
3.475 9.73 21.76 1.8659
0.025 8.22 21.42 0.7632
0 9.23 24.93 1.9789
0 10.48 26.93 1.7564
0 12.68 28.67 1.8182
0 13.24 29.25 2.083
0 13.22 31.7 1.3672
0 13.59 33.19 0.5355
0 13.01 33.01 0.403
0.1 12.76 31.11 0.9554
2.625 13.12 27.44 0.9297
1.1 9.59 21.31 1.1922
0 9.65 21.2 1.5499
0 9.63 24.33 0.8097
0.075 10.65 24.32 1.7853
2.675 9.67 21.65 1.484
11.325 11.46 21.05 1.7444
34.7 12.54 17.22 4.7437
14.275 8.48 16.47 3.2796
0 4.71 17.52 1.6971
0 3.39 18.56 2.7457
0 4.53 20.5 3.4681
3.225 8.56 22.52 2.2588
4.2 10.05 22.87 1.7967
1.125 6.7 15.37 1.0625
0 6.41 20.8 1.8602
0 7.2 22.33 2.861
0 8.85 24.25 2.5409
0 10.13 28.39 1.6476
0 10.65 28.51 1.1944
1.35 10.2 27.29 1.998
16.6 9.53 21.68 3.1167
7.85 4.35 13.71 2.4897
2.075 1.74 14.56 0.5547
1.275 3.15 15.28 1.6364
0.1 2.4 14.52 2.3704
0 2.24 16.39 1.4053
0 4.48 17.02 2.9872
0 4.99 18.55 1.7783
0 6.16 20.16 2.7317
0 6.32 20.94 1.3458
0 5.97 20.87 1.8027
1.05 4.9 21 1.6365
19.975 4.88 19.18 2.1426
25.875 2.93 11.04 2.9475
17.85 2.24 9.63 4.6539
10.925 2.93 7.82 2.8187
16.525 4.1 9.74 3.7144
6.825 -1.62 6.55 1.3346
0 -2.33 8.92 3.0122
0.775 -1.6 10.44 3.3001
13.55 -0.08 11.89 2.488
6.225 0.8 8.29 2.3231
0 -3.03 9.91 2.4021
0 -2.51 9.98 3.0443
0 0.07 12.37 2.2737
0 1.35 14.94 2.6834
0.25 5.49 12.04 1.3589
2.325 7.04 15.87 2.5258
10.825 7.66 16.3 2.7028
4.725 7.49 19.35 3.5518
0.725 3.71 16.43 2.1557
2.875 4.81 16.23 2.2291
2.55 7.45 14.47 1.2132
0.7 8.9 16.77 1.4576
0 7.49 16.92 0.4241
0 6.52 17.03 2.3751
1.725 4.91 16.93 1.3589
15.1 5.25 12.61 1.7538
6.725 3.51 12.96 1.3747
3.725 0.84 11.7 2.3409
27.475 1.86 12.19 3.5837
26.35 7.43 12.45 5.1476
25.425 8.98 13.53 5.6991
7.925 5.39 11.48 2.5497
5.575 4.34 8.09 2.8909
7.3 5.42 12.33 2.1451
2.25 6.56 11.7 0.4514
1.525 3.9 13.61 3.0971
16.575 3.91 15.46 5.4764
7.3 3.18 15.01 2.0415
1.125 2.75 12.44 0.7689
36.875 2.93 12.36 2.2052
24.025 5.06 10.32 4.2818
2.85 -2.21 8.21 2.2672
1.2 -3.88 7.41 1.5033
18.8 -1.76 8.52 4.4823
17.95 -0.71 8.21 4.8623
3.65 2.49 8.65 2.4119
0 -0.24 8.63 3.1054
0 -0.3 11.05 3.7388
0 -0.09 11.02 4.8697
0 -0.42 9.43 3.193
0 -0.22 11.13 1.5905
0 -0.94 5.67 1.5256
0.125 -2.39 4.78 2.9457
2.45 0.3 7.58 3.4786
1.225 4.32 15.05 2.3752
0.725 2.81 15 1.5855
0.275 5.99 11.53 1.2231
0 2.16 13.78 2.6623
0 4.6 12.89 0.9325
0 5.38 13.52 0.8076
0 5.39 12.94 2.5212
0 2.18 10.65 1.6178
0 1.81 14.99 4.0365
0 2.06 17.65 3.6009
0 2.58 16.55 2.741
0 2.36 19.03 4.0171
0 1.6 18.27 1.7352
0 2.62 15.93 2.0698
0 3.05 17.06 4.8977
0 2.67 18.66 3.5104
0 2.34 17.52 1.7318
8.925 1.75 16.17 0.5181
8.4 2.18 14.08 1.7654
1.7 1.24 10.84 1.2662
0 0.95 11.49 1.5823
0 -0.4 13.95 3.0026
0 -0.28 14.17 1.9917
0 1.24 14.36 2.4412
0 2.44 16.66 1.7162
0 3.69 18.4 1.9702
0 4.52 19.82 0.7787
0 1.63 20.12 2.412
0 -0.36 14.28 3.3449
0 -0.11 14.57 3.6537
0 0.88 15.86 3.8466
0 1.79 19.7 2.932
0.025 1.77 21.6 1.0914
0.45 2.35 19.8 3.8831
11.425 7.72 16.06 4.6645
12.775 5.83 14.52 5.5706
32.4 2.66 8.56 4.7234
31.125 2.1 7.56 2.6039
9.7 0.91 9.5 2.9168
0.6 -0.57 9.42 0.6703
0 0.1 10.72 1.0931
0 -0.64 10.92 0.5278
0.475 -0.61 13.44 0.7267
7.7 -0.09 11.42 2.1883
16 1.82 9.79 5.0901
5.475 -3 7.77 1.0091
0 -3.56 8.28 0.3789
0 -2.23 11.17 2.2378
3 -2.11 14.06 1.8507
10.125 0.82 14.96 3.926
4.05 8.11 16.64 1.2972
0.025 1.69 16.74 1.421
4.5 3 17.51 0.6507
20.875 6.14 18.37 1.7307
9.6 6.87 12.18 4.1966
0.2 3.26 13.87 0.5637
0.05 3.49 17.46 1.4551
0.05 5.97 18.91 0.819
0 4.42 18.12 1.3287
0.225 4.17 16.18 0.5327
6.1 5.54 17.18 1.3281
4.525 8.33 17.47 1.2765
12.3 8.71 19.61 1.4799
8.65 8.79 19.23 2.244
2.725 1.15 14 0.9241
16.6 1.36 14.41 3.6263
27.65 2.38 11.84 4.7391
51.375 4.39 9.63 5.2063
25.475 2.66 8.6 2.255
3.95 1.76 11.42 1.5017
12.875 2.63 13.21 5.2125
25.55 4.81 9.62 5.4567
16.3 2.38 8.75 3.7274
17.6 4.02 11.75 3.0944
4.375 4.99 10.91 1.4075
0.05 6.01 14.4 0.7735
0 4.61 16.93 1.5391
0 5.36 19.05 2.0892
0 7.4 22 2.4362
0 8.63 25.97 1.8102
0 9.46 26.58 1.128
0 4.75 20.42 1.7356
0 5.13 20.11 1.7418
0 7 23.34 1.5462
1.325 6.35 22.88 1.9655
5.025 4.78 19.43 3.4412
2.075 1.1 10.16 1.598
0 -0.11 11.97 1.3573
0 0.32 15.76 0.5059
0 2.8 17.3 1.7155
0.05 3.79 18.25 1.687
0.325 3.82 17.33 2.5803
0.125 1.76 14.33 0.6232
0 2 18.62 0.7682
0 5.14 22.63 1.5925
0.2 6.15 23.97 2.227
0.45 9.72 23.19 2.4796
0.2 11.33 20.47 1.489
0.65 10.87 20.88 1.9273
0.85 10.9 19.95 1.9778
0.55 5.41 18.54 0.9582
0.175 6.1 18.59 0.9704
0.3 7.91 19.29 1.942
0.15 7.42 19.14 2.1377
0 4.47 19.47 2.6783
0 4.29 20.53 1.1106
0 5.16 21.82 2.314
0 5.95 20.71 4.6237
0 3.24 19.32 3.4849
0 3.78 22.34 1.7171
0 4.93 24.92 0.5036
0 7.58 25.93 1.1131
0 8.81 26.57 2.9196
0 10.02 29.68 0.879
0 9.69 30.21 1.5429
0 8.59 27.01 1.9558
0.025 8.44 21.43 2.7757
1.35 4.57 15.39 3.0809
0.675 3.96 18.07 2.5814
0 4.92 23.41 1.8242
0 8.11 24.97 1.3121
0.2 8.5 26.14 0.8767
9.45 8.82 24.14 2.7126
7.425 5.32 15.44 2.5222
2.3 3.75 13.51 1.496
11.95 5.65 14.34 3.4067
6.475 7.41 13.69 2.1439
0.3 5.04 17.91 2.932
0 6.27 23.53 1.7706
0 9.44 25.14 2.269
0 8.15 24.24 3.2906
0 6.79 22.34 4.5682
0.175 6.7 21.36 2.5266
1.85 7.54 21.82 2.6089
0.85 5.4 19.84 2.1793
0.225 6.17 20.41 3.0624
1.45 6.18 20.27 4.021
0.45 6.35 17.32 4.6636
0 5.88 19.25 2.6938
0.3 6.02 21.01 2.3905
0.325 9.53 20.32 2.6059
0 5.38 17.09 1.5969
0.6 5.52 18.9 0.6237
9.65 6.84 18.74 3.4384
13.375 12.54 18.87 0.9716
6.65 10.26 20.94 3.1971
0.075 7.8 20.5 2.1941
0 8.66 24.26 3.0096
0 10.89 26.93 1.7694
0 11.49 28.09 2.7955
0 10.76 26.78 3.2054
0 9.94 25.21 2.7708
0 10.99 27.93 2.7323
0 13.83 30.99 2.2896
0 14.83 32.94 2.1637
0 13.54 31.94 2.6685
0 12.83 29.13 1.7595
0 12.94 29.86 2.7838
0 13.21 30.53 2.272
0 14.63 31.34 0.6626
0 16.27 35.02 0.7901
0 18.41 37 2.4848
0 15.05 35.5 2.4974
0 12.31 32.07 2.5029
0 11.83 30.87 2.6654
0 12.33 30.64 2.5186
0.575 13.48 32.06 2.5458
11.175 14.11 31.58 2.2371
5.45 12.1 25.03 2.3271
0.025 10.51 23.97 2.4035
0 12.32 29.17 1.5817
0 15.96 34.01 1.1693
0 17.17 36.92 0.9551
0 17.37 37.8 1.5589
0 18.32 37.48 1.7173
0 19.1 37.24 2.4998
0 19.05 37.09 2.6662
0 17.59 36.01 2.0166
0 16.57 35.53 2.4682
0 14.27 34.4 2.2564
0 13.23 33.08 2.3666
0 12.97 30.16 2.5035
0 13.27 29.1 3.0958
0 12.63 27.04 2.7521
0 12.48 27.05 3.3519
0 12.11 27.1 3.089
0 11.88 27.73 1.9882
0 12.95 29.45 1.1495
0 14 30.61 1.9507
0 14.83 32.32 1.6702
0 15.05 33.7 2.3154
0 15.07 34.3 2.7449
0 15.53 34.01 1.9288
0 15.94 34.12 1.8177
0 14.97 34.9 2.1073
0 13.3 33.66 1.9918
0 13.62 33.88 1.7131
0 14.35 34.84 1.709
0 15.57 36.13 2.4663
0 15.36 35.85 3.0406
0 18.18 35.7 2.0364
0 17.84 33.39 1.3788
0 16.02 34.22 1.7877
0 15.36 34.83 2.07
0 13.93 33.54 3.0047
0 13.44 31.2 2.4232
0 14.53 32.12 3.0135
0 16.35 31.64 2.4517
0 13.86 33.01 1.8675
0 13.69 33.12 1.982
0 14 33.42 2.2141
0 14.02 33.66 2.6422
0 14.31 33 1.926
0 15.36 33.44 1.3446
0 16.08 34.6 2.0976
0 13.62 33.97 1.584
0 13.23 33.5 1.4474
0 13.48 33.88 1.856
0 14.25 34.55 1.8807
0 13.86 33.41 2.6914
0 12.61 31.54 1.9552
0 12.36 30.95 1.4175
0 13.06 30.99 1.196
0 14.13 33.14 1.0183
0 16.05 34.84 1.9307
0 15.8 34.49 1.176
0 16.54 35.37 0.7214
0 16.93 36 1.028
0 16.89 36.5 1.3426
0 15.13 35.81 1.8273
0 14.24 34.44 1.7527
0 13.21 32.74 1.6914
0 13.56 32.33 0.7682
0 14.52 33.2 0.6153
0 15.26 34.65 0.8296
0 15.72 34.16 0.9867
0 16.62 33.67 1.8303
0 14.13 35.19 0.8864
0 14.71 35.93 1.0905
0.425 14.67 35.71 1.1296
0.25 15.81 35.53 1.5075
0 16.03 35.56 0.7816
0.025 15.8 32.73 1.6629
0 14.11 28.6 1.6409
0 14.31 31.01 0.7989
0 14.96 32.08 1.5292
0 14.57 31.44 2.3943
0 12.85 29.83 1.7012
0 10.91 27.75 1.7821
0 11.84 29.27 0.664
0 13.65 32.47 0.4134
0 15.24 35.27 1.0799
0 15.21 35.59 0.7534
0 15.82 35.93 0.537
0 16.06 37.18 0.631
0 16.35 36.58 1.5404
0 13.68 30.38 2.1454
0 11.25 24.45 2.0794
0 11.72 28.57 0.9446
0 14.03 32.61 0.6365
0 14.01 33.99 0.9666
0 14.34 32.38 1.1872
0 12.08 28.94 2.1579
0 11.51 26.12 1.7144
0.3 10.98 25.47 1.8422
18.3 9.37 22.11 2.0995
15.525 9.3 20.2 3.4776
4.65 8.23 15.99 0.8051
1.25 4.62 15.47 0.9258
0 5.35 19.56 1.1458
0.55 5.97 22.85 1.1909
1.375 9.72 23.58 1.459
0.525 13.08 21.19 1.6032
0 10.08 25.3 1.0435
0 10.62 28.18 0.8102
0 12.55 29.62 0.5408
0 12.98 29.51 0.923
0 12.6 28.63 1.0973
0 12.5 27.27 1.502
0 12.33 28.73 1.2633
0 11.95 28.09 1.1249
0 12.67 25.77 0.8216
0 10.84 26.22 0.9384
0 10.96 26.58 2.1426
0 10.76 27.69 1.4929
0 10.36 28.56 1.6046
0 9.61 25.89 1.3706
0 5.63 22.14 2.6916
0 5.23 20.84 2.9944
0 6.88 22.22 1.7439
0 6.95 23.17 1.0498
0 7.38 24.03 2.0129
0 7.97 25.68 0.5615
0 7.4 25.33 3.3855
0.075 5.74 23.13 4.024
3.05 5.09 22.56 3.1483
2.25 3.99 19.1 1.6659
5.2 0.39 12.37 0.4455
2.775 0.85 12.67 1.3378
0.125 0.93 12.34 0.7889
0 0.81 13.12 1.9789
0 1.86 16.2 3.001
0.15 1.82 18.33 3.1757
3.1 3.84 20.38 3.8506
1.225 8.87 18.74 0.8192
0 6.87 17.6 0.3582
0 8.46 18.05 0.9805
0 5.32 17.64 0.7726
0 4.82 19.22 0.9401
0.075 4.96 19.24 0.8954
0.375 4.97 18.88 2.9138
3.45 2.24 12.43 2.037
2.4 2.81 12.53 4.0629
0.05 1.7 12.94 1.8835
0 1.51 14.23 2.7188
0 1.67 14.93 3.9665
0.325 2.52 15.59 1.9758
0.1 3.77 14.07 0.6452
0 3.7 17.63 2.7004
0 3.27 18 2.2654
0.025 4.69 23.55 1.0124
0.025 3.67 17.07 1.5447
0 2.53 19.25 3.9108
0 1.83 17.87 7.5986
0 1.4 16.32 3.3685
0 0.64 15.44 4.0653
0 -0.68 14.64 2.6014
0 -1.38 13.51 3.4368
0 -1.18 14.32 2.9483
0 -1.15 14.59 3.1088
0 -0.76 15.16 2.9819
0 -0.71 14.74 4.0467
0 -0.65 16.72 2.9597
0 -0.37 16.27 0.6125
0 0.89 13.05 1.4666
0 -0.24 13.63 1.3664
0.075 -1.03 13.4 0.9667
1.25 -0.37 12.57 0.7951
0.45 -0.57 11.32 4.9241
0 -0.74 13.05 4.2611
0 -0.68 15.2 2.4371
0 -0.45 14.81 4.1229
0 -0.86 12.97 4.0251
0 -1.38 13.26 3.2556
0 -3.27 14.22 4.4723
0 -2.85 13.85 3.8829
0 -2.58 12.63 4.7486
0 -2.33 16.22 3.3623
0 -1.36 17.16 1.1976
0 -0.99 15.4 1.1168
0 0.06 16.1 1.1894
0 3.25 16.34 0.8341
0 3.01 16.62 1.0988
0 0.65 14.77 2.3129
