0.625 1.27 11.19 1.5634
4.7 0.47 11.16 1.3708
2.575 -3.14 8.04 1.6553
1.675 -5.74 5.2 4.1248
2.625 -4.59 4.7 1.8143
0.95 -0.35 2.18 0.4632
0 0.41 8.88 1.4723
0 3.37 12.36 0.729
0 0.34 13.8 4.4019
0 1.07 14.68 3.3717
0 2.94 15.21 2.4177
0 7.15 17.82 5.472
0 6.21 17.59 3.9122
0 1.45 18.19 3.5405
0 2.65 19.32 3.9094
0 2.91 18.68 4.9167
0 2.97 17.08 4.2672
0 3.26 16.21 4.7906
0 3.63 16.3 4.8998
0.15 4.13 15.45 3.4473
13.95 4.62 16.55 2.7224
24.7 6.8 15.02 2.133
53.375 6.26 9.82 1.6406
39.35 4.06 9.31 2.51
10.2 0.41 6.55 3.493
2.225 -5.57 1.12 0.8042
0.425 -5.78 3.61 1.3079
0 -3.89 6.73 1.4777
0 0.38 10.69 4.2352
0 1.28 16.32 4.502
0 3.48 16.62 3.1009
0 2.58 15.89 3.1701
0 0.95 12.95 3.9128
0 0.39 17.04 3.7794
0 4.61 18.34 2.9859
5.575 5.15 16.66 2.5302
6.25 1.36 7.43 2.9006
1.75 0.07 6.57 2.824
19.25 0.47 9.35 1.3036
11.55 -3.89 6.7 3.6037
2.125 -8.86 2.46 0.4516
10.8 -6.55 3.5 2.6063
6.875 -2.55 4.22 1.405
16.675 -2.69 4.99 3.0965
9.25 -2.65 1.72 3.493
3.175 -0.34 5.38 5.814
28.75 -0.17 3.68 5.4997
23.025 -0.44 3.09 4.3862
4.15 -2.69 1.68 1.2903
0 -3.13 7.6 3.4453
0 -1.23 11.74 2.6194
7.7 -0.43 12.33 3.7889
32.2 -2.65 11.25 3.6402
24.375 3.06 5.76 2.63
3.95 0.74 6.6 1.5497
1.75 2.04 13.91 1.4878
0.475 1.14 6.8 2.563
0 -0.58 11.57 0.382
0.05 1.36 13.68 3.6829
12.1 4.57 13.91 2.7794
33.775 4.12 9.32 4.0279
49.175 2.81 9.38 4.9089
20.75 -0.57 4.62 2.9216
1.325 -4.51 4.81 0.8643
0.65 -2.07 6.36 1.8669
0 -4.65 5.25 0.3208
0 -6.25 10.72 1.3843
0 -0.34 12.52 2.609
0 -4.89 7.35 0.4248
0 -4.03 11.85 0.6504
0 -0.14 12.2 2.1335
0 -0.02 15.34 2.3865
0 0.75 16.87 1.3357
0 1.1 13.34 2.3425
0 2.27 14.31 2.7488
0 3.07 17.07 1.0856
0 4.29 18.42 1.1006
0 5.88 20.83 0.9212
0.225 3.49 21.02 0.6943
26.875 4.75 20.34 1.8755
18 -1.39 11.63 4.1322
1.075 -6.67 3.26 2.2094
0 -4.47 7.67 1.9159
0 -0.13 15.13 0.5268
0 1.01 16.45 1.9431
0 3.3 19.84 2.0702
0 3.52 18.38 1.3555
0 3.51 20.2 3.3154
0 1.05 15.07 1.9628
0 1.46 15.28 0.3042
0 3.29 16.99 2.6226
0 4.15 20.05 2.5297
0 0.74 16.64 5.2423
0 -1.95 10.38 1.9528
0 -0.73 15.16 2.7909
0 2.63 18.97 2.2793
9.075 4.82 21.34 1.2562
19.025 0.83 17.47 3.1364
13.075 0.92 6.81 1.7493
3.125 0.84 7.92 2.2526
0.1 0.06 8.2 3.7213
0 1.67 13.39 1.5743
0 3.6 16.72 2.1324
0 3.8 17.02 4.6768
0 -3.7 10.41 6.0246
0 -1.94 7.21 3.1326
0 1.06 15.89 1.542
0 4.26 20.87 2.8514
0 7.38 23.51 2.7921
0 9.8 26.88 1.5335
0 11.96 29.06 1.1328
0 11.94 29.65 2.0179
0.125 9.14 28.15 2.7411
1.475 5.91 22.23 3.3367
0.825 -0.95 9.19 3.4892
0 1.91 14.55 1.9438
0 3.18 17.3 2.3355
0 1.64 16.54 3.1872
0 0.8 14.06 1.6439
2.625 3.36 16.88 1.9306
47.9 8.68 20.19 1.9057
30.975 6.19 16.83 2.5204
5.975 6.18 10.62 3.7032
3.275 4.97 14.75 1.8715
0.525 8.38 17.72 3.7008
0 6.48 20.25 2.1948
0 7.51 23.16 2.8655
0 9.22 24.33 1.6837
0 8.45 24.9 1.2805
0 9.78 24.92 0.9616
0 9.4 26.59 2.9989
0 7.91 25.34 3.2876
0 7.87 23.27 2.5254
0 8.42 23.33 3.1729
0 9.58 24.91 1.7775
0 12.05 26.91 1.5733
0 15.13 31.77 0.3391
0.6 16.26 33.85 2.3653
0.35 13.64 33.01 2.6705
0 10.81 27.42 1.6384
0 10.21 26.18 0.9503
0 11.09 27.57 2.4538
0 11.09 27.18 2.9793
0 9.77 26.57 2.7435
0 8.67 25.71 1.9143
0 10.44 26.32 1.3496
0 12 28.02 0.8714
0.125 13.57 29.55 1.9596
0.075 13.73 28.38 2.5093
3.325 14.59 27.83 3.2373
2 12.64 27.28 2.2149
0 12.49 26.63 2.035
0 11.89 24.03 2.2782
0.325 11.92 22.7 0.4961
6.825 8.77 21.62 2.1679
5.275 5.24 19.97 3.5394
2.275 4.89 11.34 2.3419
0.9 6.17 13.42 2.7134
0 7.83 20.23 2.5742
0 10.15 22.44 3.4167
0 9.28 21.74 3.0746
0 7.63 20.61 3.3434
1.575 8.6 21.18 2.3204
1.15 9.88 20.2 3.5884
0.125 7.65 20.78 2.467
0 8.45 21.48 2.453
0 9.16 21.31 2.4581
0 11.36 22.87 3.0133
0 11.67 25.52 1.7748
0 13.86 29.57 2.658
0 10.37 28.97 3.1967
0 8.16 24.21 3.1996
0 9.01 21.93 1.2405
0 11.2 25.27 0.6568
0 13.5 29.03 1.4766
0 14.48 31.65 2.7093
0 13.14 29.95 1.725
0 14.79 30.39 0.8716
0 15.67 34.44 0.6082
0.3 17.69 35.97 2.9567
0.175 16.9 35.55 2.9265
0 16.04 30.94 2.2683
0 16.86 33.57 1.7304
0 15.2 31.94 2.8657
0 14.42 31.93 2.5337
0 13.69 31.03 2.7837
0 13.01 30.46 2.5726
0 11.74 29.1 2.8004
0 11.18 27.85 2.5765
0 11.6 28.11 2.5629
0 11.74 28.26 1.905
0 12.97 29.79 1.8326
0 14.71 30.61 2.2713
0 14.4 30.48 1.4116
0 14.92 31.97 0.6572
0 15.44 32.45 1.568
0 16.55 34.89 1.9695
0 17.85 35.09 1.8056
0 18.67 36.23 2.0424
0 18.78 36.45 1.6819
0 18.87 37.78 2.445
0 17.43 36.3 2.5366
0 16.61 34.38 2.296
0 18.99 34.76 2.0666
0 17.27 34.21 2.1271
0 16.28 33.77 2.2177
0 16.97 34.59 1.947
0 17.47 35.76 1.7971
0 18.7 35.52 2.0941
0 17.91 35.04 2.8487
0 18.66 34.31 2.5574
0 17.98 34.08 2.5898
0 17.41 33.28 2.4861
0 16.23 32.65 3.0384
0 14.09 30.38 2.6331
0 14.54 30.14 2.1926
0 15.09 30.61 2.4318
0 11.65 28.8 3.1439
0 8.31 20.17 1.9277
0 10.61 22.49 1.356
0 13.26 27.76 0.3371
0 15 31.09 1.1796
0 16.17 33.23 2.9751
0 15.77 33.78 2.7641
0 15.21 32.73 3.0192
0 13.65 31.09 3.1444
0 11.01 28.98 1.3947
0 12 28.85 0.3703
0 13.58 30.44 0.7207
0 14.79 32.6 0.8938
0 16.48 34.83 1.2939
0 17.13 35.88 2.1136
0 17.45 34.93 2.2342
1.7 17.31 35.94 2.2947
1.575 13.89 30.61 3.084
0.325 12.87 27.44 1.615
0 13 29.06 1.5523
0 12.85 30.6 0.5152
0 13.65 31.6 1.4768
0 15.37 31.17 1.204
0 15.63 31.59 1.3299
0 15.86 33.8 2.8317
0 16 32.72 1.8862
0 15.49 31.85 0.8973
0 16.18 32.27 0.2616
0 16.74 33.02 1.4558
0 15.92 32.9 2.1683
0 13.83 31.61 2.0995
0 11.86 29 2.009
0 11.84 26.74 1.4897
0 11.9 26.47 0.411
0 13.09 28.29 0.9343
0 14.69 30.54 0.3661
0 15.59 32.21 0.9571
0.1 17.2 34.91 1.6509
0.425 14.64 31.02 2.2751
0.225 10.6 25.15 2.7629
0 9.7 20.79 1.5117
0 11.09 26.66 1.3255
0 13.69 29.37 0.364
0 14.53 30.59 1.0682
0 15.44 33 2.1849
0 13.42 31.27 0.9271
0 15.08 30.38 2.4035
0 14.98 33.25 2.3909
0 14.77 33.27 1.4586
0 14.19 32.33 0.76
0 14.25 31.88 0.7847
0 15.76 33.81 1.1792
0 15.07 34.92 0.4351
0 14.97 34.93 2.0985
0 14.12 29.73 2.5164
0 3.29 17.3 2.3189
0 4.51 19.82 2.4579
0 7.8 23.4 0.7351
1.175 8.51 23.98 3.1133
0.975 1.66 19.57 3.4628
0.15 0.29 8.5 0.2992
0 1.03 16.17 2.9584
0 4.39 18.85 1.5406
0 5.2 20.07 1.3439
0 6.39 22.54 0.7395
0 7.29 22.96 0.5375
0 5.04 22.97 1.9222
17.55 7.16 21.74 1.9532
60.15 6.09 15.45 6.6009
30.4 7.81 14.36 4.416
0.35 8.89 15.73 0.8639
0 9.24 22.87 2.1773
0 8.21 23.8 1.0404
0 11.4 26.95 1.8006
1.2 9.98 21.73 2.3022
0.725 2.54 13.41 2.0395
0 3.08 16.04 1.0408
0 5.82 19.52 0.5554
0 6.29 20.75 0.9915
0 8.62 22.54 1.1473
0 7.87 19.89 1.7533
0 7.74 21.69 1.1237
0 6.29 22 4.2937
0 1.78 11.02 4.9402
0 0.12 10.61 0.7577
0 0.67 12.71 0.0521
0 4.69 18.93 0.8261
0 6.86 21.57 0.8121
0 9.06 22.8 1.2243
0 8.55 24.47 1.1353
0 8.64 24.52 1.7376
0 6.94 22.43 2.2973
0 3.61 17.68 0.6531
0 3.5 16.88 1.5252
0 2.2 13.87 1.8462
0 2.75 15.51 1.1901
0 4.38 15.64 0.7208
7.05 6.26 16.02 0.3714
5.4 3.03 15.85 1.9691
0.7 -0.52 6.37 1.2055
0 -0.26 9.3 1.0776
0 0.37 10.42 2.8644
0 1.9 13.65 2.1465
0 3.69 16.26 1.6081
0 3.28 16.5 1.592
0.975 1.09 11.61 2.3587
4.525 0.94 16.02 3.7821
2.35 1.09 12.45 1.0474
0 1.48 9.31 0.5118
0 0.98 11.8 2.3008
0 2.73 13.16 3.7607
0 3.82 14.86 4.085
1.375 3.56 15.76 2.6557
1.65 4.23 16.57 1.0856
0.5 -0.43 11.56 5.0078
0 2.41 9.11 5.0422
0 2.55 11.4 3.9538
0 2.56 14.7 1.6951
0 1.09 14.11 2.2772
0 -0.53 17.28 2.1746
0 0.81 12.34 2.128
0.075 0.12 13.15 1.0673
21.85 -2.36 8.3 2.2875
17.425 -2.34 3.62 0.8878
2.6 -10.19 0 0.7316
0 -8.97 -0.11 1.9285
4.6 -6.13 3.62 3.1133
36.825 0.72 6.64 2.807
57.975 2.87 7.33 3.7147
25.625 0.45 6.81 4.3802
1.85 -0.65 2.99 0.7601
0 -1.05 4.66 3.1046
0 1.81 8.43 2.5156
0 2.88 9.79 2.264
0 3.36 12.28 2.8026
0 3.24 12.1 4.1302
1.675 3.13 11.48 2.889
8.75 2.92 12.37 1.8345
9.675 -0.92 9.21 3.6314
0.025 -4.56 4.52 2.6073
0 0.45 10.39 3.9478
0 -0.16 9.63 3.8918
6.325 -0.14 9.82 4.0743
3.8 0.55 7.8 2.0013
2.575 -0.88 5.47 3.1409
9.1 -0.88 6.91 0.7843
4.55 0.41 5.98 1.5205
0 -0.18 5.04 2.5486
0 0.61 9.13 2.0616
0 1.53 8.78 1.1982
0 1.62 10.87 3.9711
0 -0.28 13.77 2.9014
0 2.67 13.28 2.6026
0 2.16 12.43 3.0373
0 3.41 13.46 2.768
0.125 4.52 14.6 3.0682
1.3 4.58 14.2 2.3317
0.725 4.54 11.38 2.4482
1.6 4.51 10.98 3.1446
19.775 4.21 14.66 4.4278
11.35 1.48 8.63 2.0449
0.025 -1.57 7.67 1.4227
0 1.61 10.85 3.3434
2.1 1.7 13.24 2.0678
17.6 1.97 11.99 2.5994
30.75 1.23 8.36 4.7308
30.125 0.66 5.24 5.5498
31.725 -0.53 2.58 6.4863
28.2 -2.08 1.78 4.0283
15.275 -1.98 1.81 3.9646
3.75 -3.14 1.8 0.9623
1.925 -4.71 4.57 2.2668
1.8 -2.36 4.3 3.9064
0.4 1.08 5.78 2.9495
0 -0.25 8.75 1.3661
0 -2.02 10.85 2.8628
1.55 0.21 9.46 3.2022
0.95 0.6 10.53 1.4316
0 -2.22 8.73 1.1364
0 -6.3 9.16 1.7312
0 0.3 10.1 2.0022
0 0.62 10.65 0.6255
7.025 0.99 10.93 2.7531
14.15 2.12 8.95 3.3861
11.05 1.83 6.73 1.7155
3.05 0.01 4.14 2.4839
1.15 -2.01 4.6 1.4093
1.1 -0.33 5.86 2.2312
0.225 -2.17 5.03 0.5496
0 -1.33 7.51 1.1019
0 1.14 9.79 1.1868
0 1.36 12.76 1.4614
0 2.72 14.9 1.5527
0 2.12 16.68 0.9739
0 3.51 16 1.6934
0 3.85 16.37 2.4566
0 2.82 17.72 1.1084
0.8 1.54 15.97 1.2364
2.9 2.69 10.89 2.2917
15.35 0.84 8.07 2.9857
8.325 -4.32 3.38 2.3306
24.95 -3.13 10.22 3.7313
18.25 0.86 8.34 2.8081
1.85 -1.42 7.68 0.7502
23.675 1.11 12.66 4.4912
15.1 2.49 10.04 1.4555
0.55 0.17 5.07 0.5032
1.5 1.4 12.94 2.3725
12.35 3.47 14.53 2.6621
18.75 1.21 6.96 3.2756
7.125 -1.99 4.94 3.0197
0.15 -3.65 4.12 1.3272
0.1 0.05 9.42 2.5731
0.275 -1.28 11.58 0.8795
4.6 2.12 11.1 2.4689
5.05 -6.38 4.02 3.788
1.425 -2.87 6.89 2.0672
0 -3.31 4.7 0.4408
24.05 -0.19 11.62 2.174
14.425 -2.03 11.11 2.452
0 -1.91 9.89 2.6614
0 -0.32 14.58 3.8132
0 2.68 19.2 1.4135
0 4.7 19.99 0.7109
0 4.58 20.34 2.9093
0 -2.16 17.94 2.163
0 4.69 21.48 2.0199
0 3.44 19.96 0.5618
0 2.86 17.37 1.3695
0 2.15 17.72 2.1762
1.425 2.54 19.19 2.1133
3.925 2.29 18.81 2.3983
1.825 -1.88 10.52 2.3943
0 0.96 14.09 2.828
0 2.05 18.32 1.2702
7.975 3.47 18.83 2.582
18.125 3.87 18.74 5.5541
8.35 -1.02 6.52 3.0186
1.95 -4 6.88 0.8059
7.825 -1.81 7.17 2.2653
4.1 0.37 6.48 1.9757
26.375 -0.78 6.92 2.7513
15.8 -1.94 5.58 3.2508
0 -3.81 6.17 0.7314
0 -0.03 12.03 2.2304
0 2.28 17.25 0.378
0 3.04 19.15 1.3525
1.775 3.88 19.24 1.9562
21.275 1.09 12.62 3.988
15.5 0.03 6.88 4.6009
2.025 -1.03 4.69 1.0744
0 0.18 11.98 0.6537
0 1.3 13.52 0.8126
0 3.03 18.49 2.4131
0 2.52 17.81 1.3774
0 2.93 20.01 1.1326
8.325 4.73 22.46 1.6837
19.55 6.73 19.34 2.6799
9.975 -0.87 8.41 3.0142
0.75 0.51 3.44 1.6978
0 1.33 6.73 1.3214
0 2.85 17.71 0.7537
0 5.1 20.19 1.3004
0 7.43 23.9 0.7489
11.325 7.71 23.91 4.2239
13.15 1.84 12.04 5.0405
3.9 -2.9 5.22 3.8505
0.05 -2.14 8.03 3.3397
0 1.61 14.11 1.8709
0 2.75 17.96 1.9216
0 4.42 22.1 0.9746
0 6.46 23.52 2.0233
0 6.32 22.79 3.5683
0 3.69 17.84 2.1928
0 3.06 18.37 0.7531
0.15 4.4 20.6 2.8012
4.575 4.3 19.48 3.7111
13.375 0.71 9.51 3.2897
6.425 -3.39 8.39 4.1445
0 -0.54 11 2.1481
0.075 4.64 17.46 1.0374
0.05 5.77 20.78 0.6473
0 6.49 22.45 0.5344
2.425 9.88 24.51 1.3012
5.55 10.77 23.69 2.0183
2.45 5.18 14.27 1.9897
0.3 6.46 17.3 1.6486
0.175 8.72 19.78 3.3771
0.35 4.38 21.1 4.3349
0.375 -0.34 14.21 3.6604
0.2 0.06 9.04 4.0997
2.75 2.27 12.89 2.3273
7.575 1.98 12.49 1.5519
12.275 5.49 15.56 3.0832
10.075 3.08 11.44 2.4806
2.9 1.03 10.58 3.5389
0 2.11 13.03 1.7625
0 5.67 21.06 0.5553
0 9.25 24.57 2.5444
0 12.29 23.99 2.9583
0 9.2 22.81 2.5641
0 10.68 23.98 2.7003
0 11.79 25.61 2.7504
0 12.75 25.07 2.0317
0 14 29.77 2.9844
0 13.33 29.92 3.0903
0 12.22 27.66 2.4572
0 11.25 27.14 3.858
0 7.07 23.81 4.6054
0 6.83 19.99 5.0978
0 11.99 21.37 3.885
0 11.33 25.51 1.0304
0 12.14 27.65 1.7039
0 12.18 29.3 2.9229
0 8.67 27.54 3.0875
0 7.98 23.14 1.0555
0 8.84 25.46 2.3313
0 8.57 24.91 3.2003
0 7.45 22.37 2.5425
0 8.94 24.73 1.5955
0 10.09 24.01 0.9832
0 12.4 27.74 1.7499
0.025 12.85 28.86 2.1522
0 14.39 25.75 2.6953
0 11.89 26.11 2.3922
0 14.47 28.86 0.9137
0 16.4 32.76 1.5288
0 16.42 35.19 3.1472
0 14.13 31.2 2.9518
0 11.91 29.43 2.6537
0 11.6 28.13 2.7734
0 13.04 27.75 2.0458
0 11.87 27.48 0.9722
0 13.58 29.88 1.8804
0 14.4 31.9 2.4243
0 14.58 30.27 2.3199
0 14.57 30.37 2.3023
0 15.95 31.58 2.1376
0 15.67 32.05 1.8253
0 16.23 33.54 2.3638
0 17.36 33.01 3.2624
0 17.43 32.42 3.3721
0 15.29 29.84 1.8009
0 15.94 31.09 1.3225
0 18.5 34.02 2.6328
0 18.01 35.39 2.777
0 17.6 35.51 2.5916
0 16.33 36.23 2.0447
0 16.2 34.58 2.0229
0 15.68 32.77 2.5637
0 15.18 31.16 1.0177
0 15.73 31.9 2.2628
0 16.05 32.99 2.0783
0 17.43 34.26 2.5515
0 17.47 33.58 2.7533
0 15.69 31.58 1.9531
0 13.81 30.58 2.3942
0 15.02 31.8 2.0522
0 14.27 31.64 2.3445
0 14.5 31.39 2.3884
0 13.55 30.96 2.0565
0 13.66 30.89 2.4265
0 13.65 31.51 1.5181
0 13.8 31.94 1.9525
0 13.99 31.52 2.0165
0 13.1 30.94 2.099
0 13.56 30.9 2.5257
0.075 13.93 29.94 2.9078
0.025 12.89 27.98 2.0703
0 12.75 28.71 1.9578
0 12.94 29.27 2.3168
0 11.75 26.39 1.0428
0 12.88 28.92 1.3443
0 13.85 29.96 2.3015
0 14.11 30.38 2.7941
0 14.15 30.94 1.1158
0 14.52 33.01 1.6335
0 14.9 33.68 1.7698
0 12.91 32.14 1.906
0 13.7 31.75 2.2401
0 14.06 32.63 1.9557
0 12.69 28.03 1.7022
0 12.29 28.18 2.4935
0 13.32 33.12 2.1218
0 18.97 36.62 0.6377
0 19.1 38.63 2.3673
0 16.12 35.42 2.4588
0 11.71 31.44 2.9057
0 9.82 18.77 2.2244
0 8.18 19.75 2.4192
0 8.69 22.75 1.2104
0 11.27 26.58 0.6402
0 14.01 30.93 0.4611
0 14.7 33.47 1.2195
0 14.72 33.85 1.2727
0 13.41 32.94 1.9316
0 13.12 31.05 1.3042
0 13.22 31.33 2.4528
0.05 11.04 29.5 2.9364
0.025 6.35 14.05 2.026
0 6.27 21.76 0.6536
0 7.74 25.48 0.6998
0 11.19 28.48 1.0351
0 11.61 29.38 1.7284
0 10.74 26.93 1.4399
0 10.6 27.18 0.859
0 11.12 27.6 1.5433
0 11.03 28.4 1.6085
0 11.12 27.44 1.5438
0 10.7 27.28 1.4715
0 8.64 23.12 1.1374
0 8.51 25.5 1.0041
0 9.14 23.55 2.7207
0 8.18 21.15 0.9858
0 8.2 24.86 0.4965
0 12.81 29.36 0.9172
0 14.94 33.31 0.3961
0 14.66 33.69 1.118
0 17.05 34.54 0.5383
0 16.87 35.54 0.5309
0 15.98 35.06 0.3085
0 15.6 31.8 0.4448
7.025 14.9 28.5 1.3464
25.425 13.04 28.76 1.6819
13.425 10.47 18.91 1.445
1.1 8.35 13.03 1.0154
1.05 5.86 14.57 0.7876
1.775 5.61 15.59 2.1616
0.45 4.79 14.62 0.8094
0 7.42 19.18 1.8593
0 9.39 21.15 1.6221
0 10.95 24.93 1.424
0 11.83 26.07 2.3565
0 12.33 28.13 1.6304
0 12.48 27.13 0.7466
0 11.87 26.85 0.6536
0 11.74 27.06 1.2069
2.95 12.71 22.53 0.9029
1.975 7.27 18.92 1.0904
0 8.44 17.81 1.7444
0 8.01 24.79 0.9888
0 9.31 21.21 1.9534
4.85 6.83 19.05 1.7068
31.75 7.83 17.71 1.6432
59.675 8.41 10.87 4.7891
41.95 3.47 11.76 3.6557
0.225 3.56 13.42 1.566
0 0.84 14.26 2.9965
0 -0.13 13.85 3.338
2.975 6.92 18.17 2.0976
2.425 5.07 18.83 1.9056
0.375 3.63 9.92 0.8512
0 4.84 16.61 1.8569
0 5.82 18.97 3.1812
0 8.82 22.71 2.9779
0 11.15 23.91 1.9944
0 10.46 24 1.1309
0.95 9.02 21.96 2.2412
18.125 6.86 18.57 3.1423
15.3 1.16 8.86 2.6622
3.3 -0.54 8.48 0.6662
2.175 1.62 9.98 1.6116
0 -0.27 8.07 2.4937
0 3.63 12.44 1.4701
0 0.9 14.12 3.0805
0 4.95 15.77 1.5577
0 6.2 18.36 2.5028
0 5.39 18.28 1.0007
0 4.7 16.91 2.1706
0 4 17.73 2.1447
22.125 4.44 16.35 2.817
31.3 -0.47 10 3.2677
25.025 -2.14 2.85 5.2431
17.625 -1.72 3.64 3.2088
16.6 -1.23 4.02 4.2639
7.625 -5.9 1.47 1.1073
0 -6.7 3.07 3.3814
0 -6.62 0.72 3.3339
14.9 -1.96 7.65 2.8393
12.3 -6.65 2.9 2.6431
0 -8.25 1.63 2.3445
0 -4.06 3.41 3.0406
0 -0.04 7.77 2.2592
0.025 3.46 12.23 2.5751
0 4.15 9.42 1.5621
2.5 3.84 10.75 1.9863
21.425 3.39 7.45 2.1787
12.525 2.6 10.94 3.2874
0 1.51 9 2.3053
8.5 3.31 13.12 1.9215
8.1 4.34 10.87 1.0424
2.5 4.64 8.55 1.399
0.175 3.25 11.3 0.4499
0 3.23 13.96 2.2752
0 4.67 12.53 1.4075
24.1 4.27 13.77 1.8814
17.475 1 7.88 1.6233
5 -1.6 5.72 2.5572
60.425 -2.01 5.84 3.4894
90.95 1.57 6.21 5.2345
61.95 2.46 7.88 6.0529
23.375 0.37 10.21 2.2846
8.575 -0.07 1.39 2.3617
4.925 0.64 4.22 2.298
2.925 0.04 5 0.4294
0 -0.32 7.03 2.8798
17.9 0.07 9.91 5.2802
12.075 -0.61 9 2.0215
0 -1.71 3.31 0.9932
57.425 -1.19 6.22 2.3219
37.85 0.82 6.07 4.4772
2.15 -8.74 4.12 2.4919
4.525 -9.07 -0.02 1.4754
23.25 -8.75 0.71 4.0557
20.4 -2.25 2.97 4.7652
5.525 -1.69 3.01 2.5672
0 -3.97 3.96 3.2185
0 -3.17 5.76 3.869
0 -0.23 7.96 5.3395
0 0.27 9.72 3.8114
0 -1.21 8.87 1.9425
0 -1.21 9.05 1.1576
0 -4.03 5.97 3.2564
5.975 -3.72 7.46 3.2899
3.825 1.25 7.27 1.8785
0.9 2.42 10.96 1.6687
0.525 1.02 8.58 1.3416
0 3.34 16 2.5671
0 3.56 14.45 0.8867
0 4.13 14.14 0.6744
0 4.15 15.77 2.3132
0 2.15 15.27 1.3274
0 1.78 13.95 4.2585
0 1.8 14.07 3.767
0 2.14 15.17 2.839
0 3.09 16.38 3.9023
0 2.97 15.5 2.0569
0 3.42 15.53 2.2339
0 3.05 15.56 4.976
0 3.04 16.1 3.3372
0 3.04 16.48 1.8286
9.65 1.74 15.82 0.5757
9.6 0.67 13.26 1.8158
2.55 -1.35 4.8 1.5
0 -1.54 8.08 1.9319
0 -0.61 9.74 3.0175
0 -1.66 10.86 2.0997
0 -0.96 11.52 2.7689
0 3.78 16.73 1.6849
0 0.89 17.06 1.9266
0 4.38 18.45 0.5638
0 0.36 16.73 2.1749
0 -2.36 10.99 3.6043
0 -2.86 10.49 3.787
0 -2.1 12.12 3.8765
0 1.15 15.07 2.7118
0 1.58 17.31 1.2717
0.125 1.68 17.62 3.493
16.025 1.17 10.08 4.2699
21.725 0.01 11.92 5.9796
26.425 -2.64 1.56 4.559
46.05 -2.25 0.61 3.0286
23.425 -2.12 4.26 3.7747
1.025 -6.77 3.46 0.7891
0 -6.77 4.75 1.1975
0 -6.93 4.61 0.3923
0 -5.3 8.38 0.4199
12.7 -2.49 8 2.3572
17.3 -1.1 4.97 5.6702
8.95 -7.23 1.28 0.8205
0 -8.2 -0.06 0.4646
0 -8.16 6.07 2.1789
10.4 -5.11 9.97 1.7015
14.125 0.77 12.08 3.5922
9.9 1.39 8.17 1.5001
0.475 -1.12 8.19 1.4632
8.85 0.39 12.9 0.5703
25.825 1.07 13.64 1.7125
18.15 1.81 6.34 4.3407
0.35 -1.1 6.35 0.5635
0 1.87 12.87 1.4997
0 3.05 16.76 1.0102
0.025 2.57 15.22 1.1513
0 2.1 12.45 0.6132
4.375 2.15 14.13 0.9782
2.625 3.35 11.32 1.1065
34.65 3.91 14.67 1.2482
25.35 4.91 16.74 2.625
1.825 -1.09 8.08 1.0084
24.65 -1.67 11.19 3.4133
46.125 -1.58 6.62 4.8558
53.475 -1.48 2.97 5.8674
28.85 -1.62 1.98 2.538
12.6 -1.65 4.24 1.1055
20.175 0.33 8.3 4.794
38.075 -1.02 3.69 5.4662
23.925 -3.85 1.48 4.0196
10.025 -3.48 5.12 3.0198
10.65 0.57 2.88 1.533
0.525 0.63 7.08 0.6093
0 0.56 12.84 1.2286
0 3.04 16.04 2.0265
0 6.13 18.21 2.3146
0 6.16 23.78 1.7309
0 6.2 24.37 0.9619
0 2.9 17.32 1.3955
0 2.63 16.92 1.9161
0 2.83 21.05 1.3153
2.075 3.83 20.04 1.4983
10.7 -0.4 18.39 3.4757
7.125 -6.15 3.48 1.4389
0.825 -5.54 2.94 1.3668
0 -4.52 8.59 0.5025
0 -1.7 13.72 1.5551
0 0.99 14.83 1.3797
1.175 1.41 15.79 2.7706
0.825 -1.99 6.36 0.5795
0 -1.53 14.96 0.7536
0 3.94 18.35 1.3909
0 5.63 21.87 2.2424
0 7.2 21.48 2.7957
0.05 7.23 19.27 1.6393
0.475 4.39 18.27 2.0503
8.025 5.3 13.19 2.2118
2.075 2.16 14.62 0.8734
1.6 2.28 14.03 1.2088
1.6 4.36 11.33 2.334
1.05 2.9 11.19 2.3617
0.15 0.13 13.91 2.6005
0 2.66 16.85 0.8283
0 4.24 19.49 2.3654
0 0.72 17.79 4.5022
0 0.67 16.63 3.536
0 2.51 17.87 1.9105
0 5.07 21.02 0.4867
0 6.02 22.47 0.818
0 8.71 24.44 3.0123
0 11.22 27.24 0.767
0 10.19 27.91 1.493
0 9.12 26.66 2.0357
0.025 7.01 22.37 2.9699
1.35 2.44 12.75 3.1842
1.05 1.02 8.99 2.6332
0 4.72 17.53 1.7333
0 6.94 21.62 1.1341
0 7.5 23.96 0.5745
15.3 8.33 25.6 2.9318
17 -0.53 15.69 2.838
10.9 -0.85 6.3 1.1588
32 0.18 9.78 3.5138
18.425 0.84 5.38 2.294
0.775 0.77 10.71 3.2409
0 1.24 16.6 1.7099
0 5.29 21.38 2.0105
0 6.02 21.3 2.9617
0 4.87 20.23 4.4104
0 3.83 16.96 2.4224
0.2 5.98 20.4 2.7986
0.125 4.03 17.64 2.5029
0 4.72 17.75 3.3227
4.025 4.17 17.74 4.2222
3.4 1.12 14.64 4.7652
0.575 1.32 11.42 2.8754
1.675 5.85 16.54 2.6734
1.575 5.95 16.66 2.9401
0.75 1.2 11.87 1.694
0 2.78 15.15 0.6406
3.925 4.08 16.19 2.9646
9.7 7.89 10.48 1.2512
4.95 3.67 16.67 3.5099
0.25 4.34 11.52 1.9376
0 6.41 18.38 3.0053
0 8.61 22.75 1.5881
0 9.59 25.5 2.3587
0 9.6 25.5 3.0445
0 8.46 22.83 2.6674
0 8.91 23.86 2.7158
0 10.52 26.05 1.7502
0 12.71 29.5 1.8474
0 12.98 27.91 2.4448
0 8.46 26.3 1.275
0 11.55 26.46 2.884
0 10.82 27.43 2.075
0 11.77 27.87 0.3508
0 13.48 29.86 0.5333
0 15.32 33.41 2.4889
0 15.17 32.68 2.7557
0 13.4 30.91 2.5822
0 11.25 28.77 2.6605
0 11.26 27.34 2.296
0 12.77 28.27 2.2573
19.65 12.87 28.86 2.5365
12.325 8.86 24.65 2.4359
0.8 7.44 16.29 2.25
0 11.25 23.24 0.9603
0 11.99 29.01 0.7819
0 14.86 31.76 0.6135
0 15.76 31.93 1.5452
0 15.85 32.07 1.8215
0 17.25 31.57 2.5233
0 17.37 32.07 2.8663
0 16 30.19 2.1863
0 15.41 31.11 2.4907
0 13.58 30.67 2.1647
0 12.47 29.85 2.3635
0 12.18 27.43 2.4828
0 11.42 27.06 3.1556
0 11.26 24.16 2.6896
0 11.81 23.87 3.2532
0 9.91 23.73 3.1825
0 10.71 24.43 2.0163
0 10.84 26.09 1.3271
0 12.07 28.29 1.9129
0 12.1 28.33 1.2765
0 13.04 28.81 2.2751
0 13.51 29.89 2.7945
0 14.04 29.87 1.8712
0 15.05 30.43 1.9732
0 13.38 31.56 2.1618
0 13.32 30.54 1.8056
0 13.4 29.87 1.6851
0 14.92 29.06 1.4953
0 15.27 32.73 2.3228
0 16.93 32.8 3.0635
0 17.6 32.66 2.1421
0.075 16.54 29.91 1.529
0 15.42 31.63 1.8878
0 15.14 32.74 2.0788
0 13.96 32.54 3.0788
0 12.45 28.66 2.3203
0 13.47 28.89 3.0797
0 13.14 28.83 2.4499
0 13.85 30.06 1.7932
0 13.46 30.94 1.896
0 13.05 30.81 2.1817
0 14.06 30.38 2.6633
0 13.54 31.15 1.6355
0 14.07 31.52 1.3226
0 15.2 32.58 2.0459
0 12.81 30.27 1.4789
0 12.37 29.58 1.0821
0 12.76 30.41 1.641
0 13.81 31.03 1.5106
0 14.08 31.99 2.5797
0 13.11 29.8 2.0309
0 12.45 29.63 1.4925
0 11.73 28.84 1.1137
0 13.8 29.98 0.9152
0 13.91 32.01 2.0315
0 15.63 32.55 1.2475
0 15.53 31.76 0.8218
0 15.38 33.47 1.0442
0 16.38 33.49 1.4207
0 15.63 34.39 1.6329
0 13.55 33.16 1.8596
0 11.36 31.42 1.7574
0 12.96 29.55 0.7337
0 13.79 29.96 0.8173
0 14.34 31.79 0.8395
0 14.92 31.52 0.9102
0 14.82 32.22 1.8434
0 14.62 31.3 0.6046
0 15.44 31.68 0.9088
0 15.68 32.79 0.864
0.15 15.64 30.8 1.6268
1.15 13.48 30.68 1.0242
2.65 13.72 30.6 1.6496
2.125 10.72 22 1.4909
2.575 11.79 25.94 0.618
1.65 11.44 27.4 1.2468
0 12.24 26.26 2.4631
0 12.45 26.54 1.7837
0 10.18 24.17 1.6314
0 9.24 23.52 0.3681
0 11.62 28.31 0.2213
0 13.49 30.96 0.9071
0 14.45 30.73 0.4822
0.3 14.98 31.28 0.3072
0 15.23 32.32 0.5677
0 15.65 32.5 1.6179
0.525 12.84 28.58 2.3004
0 10.26 21.3 1.8282
0 12.37 25.49 0.4259
0 14.08 29.2 0.5947
0 14.57 29.02 1.0823
0 13.78 29.37 1.4289
0 11.71 28.3 2.3643
0 12.23 24.82 1.9144
0 10.76 23.6 2.0461
31.15 6.78 19.58 2.3081
24.25 5.25 15.16 3.8197
5.45 1.27 8.99 0.8331
1 0.99 8.52 0.8772
0 1.01 13.5 1.3335
0 4.14 17.68 1.174
4.275 6.66 19.88 1.5821
2.85 8.76 15.27 1.6929
0 9.73 21.23 0.9116
0 9.75 24.62 0.5795
0 11.89 26.64 0.3975
0 10.49 25.93 1.0459
0 10.88 26.12 1.4617
0 10.88 24.11 1.7306
0 11.19 25.09 1.6826
0 10.06 25.82 0.7914
0 8.67 22.65 0.5649
0 8.53 23.46 0.5197
0 8.31 22.09 2.3065
0 9.51 24.54 1.8379
0 9.38 25.67 2.0943
0 8.26 22.12 1.3375
0 4.91 17.89 3.3301
0 3.53 16.87 3.4007
0 4.76 17.44 2.0482
0 6.47 19.64 0.9458
0 7.52 20.89 2.1267
0 7.58 22.3 0.1338
0 6.22 21.45 3.3817
0 6.2 19.02 4.1749
6.95 3.38 19.77 3.7888
6.125 -1.26 16.43 1.8144
7.375 -3.24 4.01 0.5033
4.5 -2 5.11 1.5187
0.025 -2.81 4.69 0.9293
0 -2.85 6.35 2.2482
0 0.1 9.94 3.1924
0 1.8 13.91 2.9732
2.25 3.12 14.59 3.4363
2.15 4.02 11.34 0.9302
0 3.74 11.44 0.2055
0 5.13 13.33 0.6218
0 2.33 13.43 0.5303
0 2.84 14.14 0.914
0 2.61 14.91 1.0329
0.125 3.6 13.91 3.3128
2.1 0.14 7.98 2.2182
4.15 0.16 6.14 4.0269
1.925 -2.14 5.99 1.7103
0 -0.58 8.87 2.4076
0 1.37 9.72 3.6175
0.075 0.85 14.44 2.2769
0.025 1.16 10.64 0.7735
0 2.87 12.75 2.9094
0 5.97 17.96 2.344
0 5.59 17.34 1.0867
0 6.57 16.02 1.7603
0 1.29 18.15 3.5239
0 0.22 13.56 8.5202
0 2.34 10.51 3.6621
0 -0.12 13.44 4.3141
0 -1.62 10.01 2.8293
0 -1.63 8.7 3.502
0 -2.19 8.74 3.0791
0 -0.98 8.89 3.5951
0 -0.05 11.57 3.6777
0 0.61 11.8 4.3519
0 0.77 13.43 3.2273
0 -0.3 11.77 1.0147
0 -2.26 9.82 1.6545
0 -3.19 6.82 1.4841
0 -3.03 7.77 1.0677
0.05 -1.73 7.88 0.8467
0.025 -0.55 7.56 5.5415
0 2.58 13.09 4.6791
0 -0.86 13.01 2.7766
0 -1.24 10.67 4.7073
0 -1.95 9.25 4.5159
0 -1.1 10.93 3.5703
0 -0.7 10.34 4.5293
0 -1.18 10.19 4.0047
0 -0.64 13.23 5.0085
0 0.41 13.58 3.4281
0 1.8 13.72 1.3422
0 1.68 14.42 1.102
0 3.15 13.84 1.1728
0 4.9 17.36 0.926
0 3.92 14.59 1.2409
0 1.18 13.37 2.3929
