0.3 -2.53 11.89 1.6796
2.025 2.53 10.52 1.1066
1.1 -1.39 9.96 1.6445
0.75 -4.04 6.23 3.9932
1.475 -3.45 6.87 1.7719
0.625 1.4 4.74 0.458
0 1.43 9.76 1.5087
0 3.35 12.06 0.8282
0 1.13 14.99 4.3968
0 1.08 13.08 3.5254
0 2.16 14.58 2.4468
0 2.67 16.59 5.4974
0 5.42 17.44 4.017
0 2.51 18.09 3.5573
0 3.56 19.53 4.0382
0 2.13 20.05 4.9852
0 3.48 17.64 4.2467
0 3.64 16.95 4.7061
0 3.21 17.98 4.8323
0.075 2.36 17.06 3.4157
8.325 4.44 17.65 2.7506
16.425 7.22 16.2 2.1661
27.15 4.63 13.08 1.69
24.95 6.86 11.24 2.3252
7.425 2.92 9.17 3.4534
1.25 -2.74 3.45 0.8911
0.15 -3.86 5.17 1.3262
0 -2.78 7.68 1.6594
0 0.99 11.64 4.2083
0 2.89 17.15 4.488
0 4.82 17.98 3.0845
0 4.11 17.54 3.0373
0 2.07 14.95 3.9845
0 2.02 18.51 3.7988
0 4.96 19.98 2.9941
5.025 6.36 18.59 2.6748
5.975 3.43 9.66 3.1286
1.825 2.05 8.18 2.7473
16.025 1.95 10.14 1.4125
9.6 -1.96 8.28 3.5854
2.3 -6.03 3.59 0.4182
7.675 -3.8 5.15 2.4355
4.4 0.1 5.44 1.4241
10.475 -0.3 6.11 2.9935
5.975 -0.3 4.95 3.389
1.9 0.85 6.2 5.9256
22.875 1.25 5.95 5.6084
16.6 1.49 4.96 4.491
2.125 -0.98 3.92 1.3399
0 -0.73 7.98 3.5007
0 -0.49 12.78 2.7252
4.45 0.44 14.1 3.8347
16.975 2.18 12.99 3.8211
12.675 4.73 7.8 2.7209
3.05 2.77 9.04 1.3794
1.325 3.36 14.85 1.4054
0.225 2.88 8.71 2.1637
0 1.77 13.29 0.3174
0.025 2.51 15.9 3.6069
6.85 4.81 16.4 2.7093
18.1 6.77 13.04 3.8237
29.475 5.26 11.73 4.8832
15.425 1.7 6.92 2.8318
0.75 -2.14 5.51 0.9481
0.325 -1.32 7.95 1.875
0 -2.66 7.1 0.2919
0 -3.03 11.36 1.4125
0 0.81 14.07 2.6762
0 -2.82 8.72 0.3934
0 -2.12 13.59 0.429
0 1.4 13.83 1.9651
0 2.09 17.19 2.2133
0 2.05 18.59 1.2658
0 2.21 14.43 2.0108
0 4.52 16.21 2.2481
0 4.55 19.27 1.2039
0 5.42 20.94 1.3185
0 6.04 21.93 0.9674
0.1 5.03 22.73 0.7761
13.925 5.92 21.9 1.7533
14.5 0.86 13.14 4.1265
0.75 -4.37 4.01 2.3625
0 -2.68 8.56 1.8816
0 0.52 15.72 0.6883
0 1.13 17.66 2.132
0 4.16 20.62 2.0373
0 4.74 19.69 1.3876
0 4.57 21.23 3.251
0 1.95 16.2 1.8829
0 2.2 16.2 0.3814
0 3.57 18.13 2.731
0 5.09 20.84 2.5235
0 3.01 18.12 5.2761
0 -0.57 11.72 1.9413
0 -0.1 15.98 2.6844
0 2.69 20.16 2.1851
6.025 4.01 22.78 1.3205
10.1 2.82 17.91 2.8399
6.875 2.62 8.71 1.6462
1.9 2.91 10.08 2.3679
0.05 1.79 9.84 3.8468
0 2.85 14.34 1.7866
0 3.67 18.2 2.1734
0 5.28 18.56 4.747
0 -1.78 11.6 5.946
0 -0.92 8.61 3.1564
0 1.09 16.58 1.4445
0 3.84 21.41 2.6987
0 6.35 24.57 2.6483
0 9.58 28.25 1.5431
0 11.2 30.04 1.2305
0 11.72 30.94 1.921
0.025 10.01 29.93 2.5015
0.45 8.31 22.89 3.396
0.25 0.47 12.69 3.5851
0 2 15.71 2.1633
0 4.21 18.58 2.3367
0 3.03 17.63 3.0892
0 1.41 15.04 1.7979
1.475 3.02 18.42 2.0552
38.575 6.32 21.49 1.768
25.075 8.31 18.91 2.3475
2.75 8.08 15.68 3.3775
1.45 6.73 15.84 1.7289
0.25 10.01 19.34 3.3505
0 8.09 22.01 2.0802
0 8.34 25.27 3.0465
0 9.54 25.49 1.8412
0 9.05 25.87 1.5493
0 9.22 26.17 1.2028
0 9.68 27.71 3.0977
0 8.86 27.19 3.3279
0 8.32 24.81 2.7865
0 8.88 24.8 3.3897
0 10.94 26.54 1.9588
0 11.79 28.76 1.3769
0 14.39 33.28 0.2681
0.25 16.28 35.19 2.3075
0.15 15.05 34.7 2.5389
0 11.85 28.54 1.7471
0 10.69 27.29 1.1231
0 11.86 28.42 2.5358
0 11.6 28.35 3.0289
0 11.91 27.92 2.8261
0 10.36 27.5 2.1122
0 11.25 27.08 1.4753
0 13.15 29.34 1.0026
0.8 14.02 29.84 2.1516
0.5 13.31 30.15 2.5058
0.075 14.44 28.59 3.168
0.05 12.75 28.7 2.2942
0 13.34 27.97 2.1769
0 12.44 26.19 2.3432
0.1 12.7 24 0.5264
3.5 9.85 22.97 2.205
3 7.36 21.3 3.307
1.275 6.13 13.5 2.1592
0.425 7.38 16.01 2.7106
0 8.18 21.06 2.6411
0 9.74 23.46 3.4581
0 10.23 22.76 3.0686
0 8.57 21.39 3.4474
0.6 9.36 21.95 2.4756
0.575 10.96 21.15 3.5396
0.125 8.82 21.53 2.4675
0 9.05 22.22 2.5011
0 10.18 22.26 2.6289
0 12.14 24.13 3.0947
0 12.33 26.6 1.9078
0 13.83 31.31 2.7221
0 11.34 30.16 3.2699
0 9.21 25.26 3.288
0 9.68 23.57 1.2048
0 11.14 27.01 0.5471
0 13.16 30.76 1.4885
0 13.87 33.05 2.6304
0 13.86 31.21 1.8925
0 14.66 31.71 0.88
0 15.75 35.92 0.7396
0.1 18.19 37.27 2.9393
0.125 17.7 36.94 2.9135
0 16.61 33.49 2.2807
0 17.01 34.48 1.7738
0 15.51 33.07 2.7818
0 15.02 33.5 2.4619
0 14.25 31.89 2.6699
0 13.72 31.34 2.478
0 12.21 29.86 2.7198
0 11.66 28.96 2.5874
0 11.81 28.89 2.6071
0 12.13 29.29 1.8879
0 13.21 30.73 1.7101
0 15.04 31.74 2.1414
0 14.94 31.51 1.3695
0 16.1 33.5 0.4165
0 16.94 34.35 1.6445
0 18.05 36.54 1.8572
0 19.14 34.76 1.7939
0 18.38 37.2 2.0542
0 20.7 37.94 1.525
0 21.11 38.78 2.4316
0 18 37.52 2.506
0 17.07 35.57 2.3326
0 18.54 35.3 2.058
0 17.51 34.91 2.0423
0 16.54 34.41 2.0953
0 16.71 34.81 1.9049
0 17.56 36.53 1.9922
0 18.9 36.85 2.3215
0 18.84 35.92 2.9543
0 18.99 34.8 2.6907
0 19.26 35.3 2.7398
0 18.57 34.85 2.5531
0 17.46 34.46 2.824
0 14.4 31.97 2.3943
0 14.38 30.89 1.8602
0 15.38 31.32 2.2108
0 12.85 29.5 2.9068
0 10.35 22.52 1.9564
0 10.41 24.23 1.4682
0 13.12 29.03 0.4982
0 15.38 32.5 1.2869
0 17.6 34.5 2.9329
0 17.89 35.43 2.6577
0 15.77 33.9 2.9931
0 15.65 32.93 3.2258
0 12.7 30.54 1.4647
0 12.46 30.27 0.4116
0 14 32.1 0.765
0 15.25 33.9 0.811
0 16.63 36.4 1.2971
0 18.18 37.37 2.1983
0 18.7 36.38 2.1394
1.525 18.87 37.52 2.3191
1.55 16.25 32.08 2.8102
0.375 14.93 28.7 1.5442
0 14.12 31.09 1.493
0 12.98 31.48 0.3764
0 13.38 32.53 1.4831
0 15.02 33.44 1.2821
0 17.2 34.31 1.2497
0 16.03 35.72 2.6542
0 17.72 33.9 1.6442
0 16.66 33.17 0.6182
0 17.06 34.31 0.3761
0 17.13 34.53 1.4723
0 16.64 34.39 2.2892
0 14.38 32.97 2.0167
0 13.17 30.97 1.9641
0 12.87 28.46 1.6189
0 13.28 28.87 0.457
0 13.73 29.86 0.9567
0 15.11 32.09 0.393
0 15.67 33.78 0.9631
0.075 18.03 35.96 1.8902
0.475 15.13 31.72 2.0763
0.25 12.26 26.06 2.6009
0 10.93 25.6 1.5842
0 12.05 28.62 1.4913
0 14.42 30.69 0.4234
0 14.3 31.39 1.0295
0 15.2 34.36 2.0417
0 15.69 32.99 1.0236
0 17.19 30.13 2.1105
0 15.19 34.51 2.2654
0 16.53 34.73 1.3058
0 15.14 34.03 0.612
0 14.54 33.25 0.7816
0 17.36 35.15 1.178
0 15.55 35.78 0.4244
0 15.58 35.95 1.9712
0 15.67 32.83 2.4574
0 5.07 20.68 2.3714
0 4.39 20.9 2.4306
0 7.03 24.6 0.689
0.4 8.15 25.33 3.1793
0.35 4 22.44 3.4613
0.05 1.38 10.46 0.3163
0 2.63 17.72 2.6543
0 3.98 20.45 1.3967
0 5.51 21.09 1.4065
0 6.79 23.48 0.6995
0 7.51 24.01 0.3698
0 5.77 24.1 1.7939
9.55 7.28 23.11 1.8507
34.875 7.3 16.6 6.6123
17.75 7.92 14.53 4.2229
0.15 11.05 18.29 0.9431
0 10.87 24.22 2.266
0 10.44 25.54 1.0325
0 11.99 27.7 1.6758
0.525 11.01 23.46 2.1848
0.3 3.77 15.21 2.0707
0 4.24 17.85 1.0596
0 6.15 20.8 0.546
0 6.91 21.88 1.0328
0 9.01 23.68 1.2458
0 8.24 21.68 1.6532
0 8.1 22.59 1.1587
0 8.13 23.21 4.2635
0 2.48 13.38 4.9158
0 0.72 13.15 0.726
0 1.36 14.17 0.0623
0 5.21 19.9 0.8228
0 6.22 22.45 0.8661
0 8.8 23.79 1.2053
0 8.58 25.45 1.0901
0 8.55 25.8 1.6563
0 7.87 24.06 2.1929
0 4.54 19 0.4612
0 4.48 18.25 1.6602
0 2.63 15.71 1.8669
0 3.27 16.77 1.1243
0 4.68 17.52 0.7532
4 8.03 18.3 0.3172
4.05 5.57 17.19 2.0487
0.975 1.23 9.64 1.3362
0 0.91 11.04 1.1741
0 0.22 12.32 2.7938
0 2.18 14.79 2.1119
0 4.07 17.72 1.4473
0 3.74 18.35 1.7768
0.6 1.86 13.4 2.2784
2.375 1.99 16.11 3.4459
1.2 2.38 14.41 1.1352
0 2.37 11.56 0.4199
0 1.81 14.14 2.1589
0 2.58 14.32 3.7522
0 3.69 15.98 3.9872
0.825 3.76 17.59 2.612
0.8 4.28 18.43 1.0519
0.175 1.66 13.06 4.7706
0 2.74 11.88 4.904
0 2.53 13.74 3.9627
0 2.61 15.93 1.5782
0 1.86 15.73 2.0881
0 0.54 16.04 2.0554
0 1.15 13.48 2.1247
0.05 0.98 14.23 1.3469
13.05 -1.08 10.15 2.1328
12.35 -0.73 5.84 0.8883
2.7 -8.65 1.99 0.6032
0 -8.18 1.85 1.9791
2.575 -5.52 4.47 3.1997
25.85 0.94 7.46 2.9824
36.65 4.22 7.97 3.7801
22.375 2.84 8.54 4.2858
1.5 1.47 6.29 0.5883
0 0.76 6.66 3.1806
0 2.56 9.52 2.5847
0 3.41 11.17 2.3486
0 3.54 12.54 2.8486
0 3.31 11.59 4.1917
0.9 3.26 13.09 2.9322
8.7 3.75 14.53 1.7307
7.6 0.9 10.87 3.6784
0.05 -3.39 5.19 2.5618
0 -0.24 9.61 3.9662
0 0.44 10.7 3.9431
4.05 0.61 11.27 4.1225
2.55 1.74 9.67 1.9785
1.775 0.73 8.81 3.0474
6.175 0.81 8.42 0.7175
3.15 2.24 7.88 1.4789
0.025 1.51 7.42 2.5223
0 1.74 10.64 1.9687
0 2.02 10.91 1.3048
0 1.9 13.08 4.0522
0 1.43 15.13 2.9757
0 2.75 14.83 2.7972
0 2.63 14.06 3.1346
0 3.9 14.63 2.6814
0.05 4.47 15.33 3.0412
0.725 5.07 15.61 2.3985
0.325 6.32 12.7 2.4153
0.7 5.43 11.29 3.1991
11.825 5.15 16.26 4.3871
6.85 4.26 12.69 2.0064
0 1.07 9.28 1.2909
0 1.29 11.87 3.3191
0.925 2.77 14.32 2.1735
13.025 3.52 12.35 2.5555
24.15 3.45 10.24 4.7506
19.375 2.39 6.37 5.455
18.925 2.08 5.74 6.4443
17.3 -0.33 4 4.0675
10.725 0.26 4.13 3.9811
2.35 -1.3 3.2 0.8684
0.925 -2.27 5.32 2.3262
1.65 -0.99 6.12 3.8985
0.65 2.81 6.78 3.0606
0 1.8 10.53 1.2824
0 -0.12 11.38 2.7546
0.925 0.97 10.65 3.2378
0.55 2.9 11.9 1.3296
0 -1.49 10.14 1.2982
0 -3.58 10.9 1.719
0 1.03 11.79 2.0418
0 2.08 11.79 0.6077
6.6 2.6 12.33 2.7189
15.225 3.87 11.3 3.5351
12 4.14 8.86 1.7409
3.3 2.35 6.57 2.677
0.875 0.55 7.27 1.2736
1.2 1.27 7.99 2.1568
0.425 -0.03 6.61 0.6983
0 0.67 9.37 1.0424
0 3.16 11.35 1.0938
0 2.46 14.91 1.6625
0 2.84 15.96 1.6132
0 3.38 17.83 1.1047
0 4.55 17.14 1.665
0 4.84 18.39 2.4121
0 4.94 19.1 1.1615
1 2.71 17.25 1.244
3.95 4.08 12.62 2.4357
13.4 3.43 11.77 3.1544
6.9 -0.87 6.69 2.1351
17.475 -0.44 10.28 3.6806
17.425 1.93 9.43 2.785
2.375 1.35 9.41 0.7881
23.6 1.95 13.65 4.3193
15.55 3.88 12.43 1.5615
0.975 1.94 6.62 0.489
0.8 1.96 13.67 2.2584
7.2 4.84 15.9 2.6458
16.15 3.45 10.34 3.204
7.275 0.23 7.85 3.0286
0.075 -1 6.34 1.3155
0.05 0.94 11.05 2.4796
0.225 0.53 11.94 1.0642
2.85 2.37 12.71 2.5555
2.85 -3.35 7.06 3.9125
0.725 -2.09 7.29 2.2642
0 -2.05 6.54 0.3161
18.05 0.68 14.01 1.9824
10.825 0.52 11.68 2.5696
0 -0.41 9.92 2.4725
0 0.86 15.94 3.652
0 2.65 20.37 1.3653
0 5 21.9 0.7268
0 5.94 21.63 2.8085
0 0.78 20.5 2.0617
0 5.76 23.02 1.922
0 4.57 21.62 0.4651
0 4.09 19.68 1.5336
0 3.19 19.09 2.0576
0.675 3.33 20.79 1.9354
1.75 4.53 20.51 2.2694
0.8 0.19 12.38 2.5906
0 2.08 13.22 2.6715
0 2.32 18.65 1.1371
4.05 4.4 20.45 2.2824
9.15 4.55 19.24 5.3851
4.2 1.02 8.43 2.9845
1.825 -2.48 7.64 0.9544
5.425 -0.75 11.52 2.097
2.025 0.55 8.44 2.0205
15.825 0.7 9.11 2.7534
9.55 0.13 7.2 3.1783
0.025 -1.64 8.34 0.9446
0 -0.62 13.64 2.0702
0 1.13 18.58 0.5356
0 3.64 19.75 0.9261
0.9 4.38 19.12 2.0123
11.675 4.23 14.09 4.1585
9.8 2.62 8.91 4.5913
1.875 0.76 6.63 1.0716
0 1.24 12.87 0.6971
0 2.52 14.48 0.8066
0 3.72 19.4 2.4685
0 3.51 19.31 1.5366
0 4.36 21.27 1.1078
4.25 5.47 22.82 1.7368
13.4 6.26 20.49 2.5572
7.55 1.33 9.86 3.1405
0.625 2.2 5.29 1.8506
0 3.04 8.89 1.4865
0 4.61 19.19 0.9147
0 6.12 21.39 1.3252
0 7.65 24.38 0.798
5.975 8.19 24.55 3.8313
7.95 3.94 14.43 4.9642
3.2 -0.12 8.3 3.9568
0.35 -0.25 9.36 3.4985
0 1.64 15.12 2.0579
0 3.71 18.58 2.0363
0 4.75 23.1 0.8543
0 6.51 24.48 2.1477
0 6.8 23.61 3.6977
0 4.51 19.83 2.1922
0 3.74 19.34 0.6562
0.075 5.37 21.48 2.8333
2.075 5.4 20.45 3.8019
5.7 2.95 11.69 3.09
2.7 -1.24 9.86 4.0812
0 0.02 12.35 2.1821
0.025 4.79 18.71 0.8877
0 5.81 22.05 0.566
0 7.72 23.89 0.4644
1.125 9.98 25.63 1.248
2.65 11.16 25.14 1.8073
1.175 4.99 18.4 1.733
0.1 7.74 18.23 1.6889
0.05 9.33 21.25 3.4673
0.15 5.11 21.69 4.4013
0.15 1.72 15.78 3.746
0.05 1.79 11.37 4.1789
1.25 3.14 13.53 2.3505
4.15 3.3 13.89 1.5075
5.425 6.58 17.59 2.8475
3.4 5.95 14.11 2.4465
0.825 2.76 12.63 3.506
0 3.77 15.29 1.9672
0 6.92 22.47 0.5687
0 9.01 26.37 2.5549
0 12.71 25.69 2.9271
0 10.52 23.61 2.6915
0 11.45 25.33 2.7683
0 12.73 26.74 2.7364
0 12.93 26.88 2.1324
0 14.61 30.73 3.1164
0 13.07 31.13 3.1763
0 13.06 28.47 2.7
0 12.17 28.09 3.8167
0 10.23 26.45 4.7202
0 8.96 21.95 4.9833
0 10.82 22.34 3.6636
0 11.49 26.38 1.0192
0 12.52 28.47 1.707
0 13.15 30.69 2.895
0 8.82 28.25 3.0344
0 8.38 24.15 1.2973
0 10.13 27.6 2.4493
0 10.24 25.96 3.0529
0 9 24.29 2.5646
0 9.82 26.41 1.7028
0 10.55 25.5 1.2295
0 12.48 29.08 1.8918
0 14.15 30.43 2.0989
0 15.53 27.51 2.7235
0 13.88 27.93 2.4619
0 16.03 30.14 1.0658
0 18.02 34.46 1.6632
0 18.3 36.29 3.0132
0 15.09 32.55 2.9476
0 13.86 30.97 2.6523
0 11.9 28.98 2.8141
0 14.71 29.3 2.1164
0 12.18 28.62 0.8538
0 14.42 31.26 2.0141
0 14.68 32.81 2.6273
0 16.23 31.82 2.4087
0 15.34 31.46 2.5114
0 16.25 32.45 2.2723
0 16.36 33.21 1.8065
0 16.83 34.74 2.217
0 19.01 34.04 3.1893
0 18 33.11 3.2604
0 16.91 30.53 1.9713
0 16.64 32.5 1.5633
0 18.24 35.67 2.6457
0 18.21 36.46 2.7427
0 18.48 35.99 2.5807
0 18.43 37.24 2.2011
0 17.61 36.23 2.1026
0 17.19 34.3 2.3705
0 16.34 33.04 1.0477
0 16.75 32.92 2.2807
0 16.17 33.75 2.1557
0 17.74 35.09 2.6023
0 19.28 34.59 2.6655
0 16.2 33.48 1.8596
0 14.7 32.91 2.244
0 14.69 31.95 1.9871
0 15.41 33.04 2.1939
0 15.81 33.08 2.2949
0 14.81 32.65 2.0451
0 13.99 31.67 2.3461
0 13.31 33.17 1.3787
0 14.7 33.35 1.9109
0 15.24 33.07 1.9484
0 14.4 32.52 1.9585
0 14.81 32.09 2.4634
0 15.38 31.25 2.7575
0 14.85 28.5 1.8839
0 13.87 30.29 1.7459
0 14.3 30.73 2.1611
0 12.61 26.35 1.1323
0 13.36 30.2 1.5064
0 15.13 31.51 2.4582
0 15.06 31.84 2.7877
0 15.39 32.4 1.1876
0 15.31 34.31 1.5107
0 17.43 35.3 1.6539
0 15.28 33.17 1.9009
0 15 33.18 2.2367
0 15.24 33.89 1.7568
0 13.85 31.24 1.7272
0 13.28 29.73 2.2294
0 15.38 34.45 1.9266
0 17.85 37.79 0.583
0 19.66 39.01 2.1425
0 17.63 37.08 2.4112
0 13.03 32.49 2.7031
0 12.42 22.41 2.3103
0 9.67 21.65 2.4603
0 9.8 23.72 1.2526
0 10.59 27.28 0.5257
0 14.01 32.09 0.3018
0 15.61 35.27 1.2223
0 16.63 35.42 1.1457
0 15.28 34.72 2.0212
0 14.31 32.36 1.1459
0 14.16 32.51 2.2331
0.025 12.3 30.54 2.7943
0 6.97 16.63 2.0663
0 8.59 24.34 0.557
0 8.8 26.32 0.615
0 12.33 30.42 0.9302
0 12.62 30.55 1.569
0 11.91 28.72 1.3869
0 11.5 28.75 0.9399
0 11.77 28.9 1.6202
0 11.37 29.99 1.567
0 11.78 29.01 1.4989
0 11.64 28.73 1.3597
0 10.24 24.85 1.2427
0 9.41 26.94 1.0454
0 10.64 25.25 2.6894
0 9.66 22.74 1.1563
0 9.75 27.06 0.5006
0 12.92 30.62 0.9294
0 14.96 33.99 0.4777
0 15.49 35.01 1.041
0 17.93 36.19 0.6332
0 17.29 37.17 0.5188
0 16.23 36.49 0.3546
0.125 15.61 32.61 0.4018
5.425 15.37 29.72 1.2416
19 15.42 30.01 1.5118
14.6 12.76 20.59 1.5243
1.3 10.53 14.72 0.7814
3.525 7.18 15.37 0.803
1.9 7.3 15.8 1.9558
0.125 6.09 15.81 0.9155
0 7.77 20.81 1.9421
0 8.74 23.44 1.5903
0 10.59 25.97 1.3162
0 11.94 27.5 2.1541
0 13.72 29.4 1.5136
0 13.47 29 0.6702
0 12.18 28.79 0.4965
0.025 12.04 28.56 1.0506
1.85 12.67 24.58 0.8663
0.95 9.27 19.64 1.0067
0 9.14 18.61 1.6228
0.35 9.56 25.53 0.8584
0.2 10.41 22.05 1.9501
2.275 7.82 19.52 1.7195
18.95 8.61 18.39 1.5631
36.6 10.21 13.08 4.4509
17.775 6.16 13.8 3.5625
0.05 4.11 14.51 1.7472
0 1.93 15 2.8511
0 0.79 16.38 3.269
3.225 6.83 19.58 2.166
2.7 6.62 20.11 1.8792
0.45 4.62 11.22 0.951
0 5.09 17.36 1.915
0 6.15 20.24 3.1092
0 8.08 23.56 2.8638
0 11.23 25.62 1.9296
0 11.05 25.24 1.0481
0.225 9.95 24.28 2.1642
13.35 8.07 20.35 2.914
8.975 3.07 10.88 2.706
1.85 0.89 10.9 0.5803
1.35 1.9 11.82 1.6514
0 0.73 9.79 2.5636
0 2.6 13.8 1.4561
0 2.62 15.9 3.0598
0 4.8 16.79 1.6209
0 6.22 19.34 2.4477
0 5.82 19.63 0.9501
0 4.87 18.5 2.0694
0 4.17 18.9 1.9042
15.75 4.85 18.38 2.6807
22.1 1.66 11.45 3.1123
16.4 -0.25 4.94 5.1506
8.525 -0.01 3.84 2.8777
9.725 0.91 5.33 3.9554
4.875 -4.09 3.44 1.0971
0 -4.75 4.27 3.2258
0 -4.48 4.21 3.3222
8.8 -0.92 7.37 2.6396
5.875 -3.43 5.08 2.6965
0 -6.45 3.6 2.3201
0 -4.74 4.97 3.0702
0 -0.45 8.47 2.3184
0 0.39 11.65 2.6263
0.025 5.85 12.04 1.4567
0.85 5.19 12.68 2.0949
11.75 4.69 9.91 2.3404
6.725 4.37 13.51 3.2965
0 3.45 10.49 2.3213
1.725 3.83 14.69 1.8511
3.05 5.23 12.62 0.9588
0.775 6.29 11.41 1.236
0.025 5.95 13.87 0.4547
0 4.84 14.91 2.3648
0 5.14 15.1 1.4175
16.075 4.63 15.1 1.6275
10.625 3.19 10.68 1.6982
2.975 0.55 8.12 2.3397
38.475 0.4 7.56 3.6331
55.925 3.46 7.94 5.3513
37.825 4.41 9.97 6.1063
15.675 2.38 11.16 2.0464
6.725 1.93 3.48 2.4067
5.8 2.08 6.16 2.2885
2.625 2.51 7.08 0.3514
0 1.2 8.93 2.8665
13.8 1.44 11.59 5.3249
8.575 1.65 11.24 1.8201
0.05 0.54 5.05 1.0013
24.125 0.81 6.57 2.2508
16.5 2.74 7.24 4.3236
1.225 -6.49 5.03 2.5529
1.025 -6.85 3.06 1.4852
10.7 -6.5 2.83 4.1755
12.7 1.05 5.04 5.0313
7.525 0.82 5.31 2.6072
0 -1.08 5.14 3.3229
0 -1.52 5.63 3.9583
0 0.07 9.09 5.4094
0 0.28 9.5 3.7126
0 -0.8 8.7 1.8892
0 -0.8 9.18 1.3181
0 -2.69 6.22 3.1768
1.8 -2.41 8.04 3.3587
3.1 2.41 9.21 1.906
0.225 1.29 11.01 1.7005
0.225 1.84 10.58 1.4152
0 1.47 12.99 2.6439
0 3.29 14.29 1.0789
0 3.94 14.79 0.8219
0 4.1 14.19 2.4243
0 2.76 14.9 1.4176
0 1.56 15.96 4.283
0 1.65 15.45 3.8169
0 2 16.02 2.6712
0 3 17.66 3.951
0 3.48 15.97 2.0158
0 3.9 16.52 2.2628
0 3.76 16.45 4.9945
0 3.76 17.47 3.354
0 3.76 17.91 1.8232
4.3 3.18 17.49 0.4922
6.875 2.5 16.26 1.8748
2.05 0.39 5.8 1.4566
0 -0.53 9.47 1.7816
0 -0.96 11.31 3.0435
0 -0.99 11.9 2.1059
0 -0.12 12.89 2.7224
0 3.92 17.22 1.7655
0 2.48 17.43 1.9652
0 4.59 18.97 0.6371
0 2.19 18.42 2.0894
0 -0.15 15.69 3.5528
0 -1.31 11.89 3.8762
0 -0.55 13.42 4.0373
0 1.39 16.9 2.8188
0 2.91 18.98 1.2069
0.025 2.9 18.86 3.3962
9.975 2.82 13.09 3.9903
22.35 2.64 14.1 5.8006
22.35 -0.3 3.9 4.4323
35.475 0.49 3.27 3.1746
20.075 0.38 5.66 3.7165
1.775 -3.92 5.01 0.8975
0.025 -3.92 6.23 1.1093
0 -3.82 5.81 0.3986
0 -2.96 9.42 0.4235
5.675 -1.8 9.13 2.1419
13.05 -0.36 7.35 5.6871
8.45 -4.22 3.73 0.9181
0.025 -6.01 2.52 0.4045
0 -5.87 6.97 2.1207
4.2 -4.73 10.96 1.6844
10.2 0.21 12.52 3.5795
8.225 3.41 10.96 1.2956
1.05 0.27 11.55 1.4838
3.925 0.98 14.83 0.671
18.925 2.55 16.51 1.7249
16 4.13 9.13 4.4952
0.125 0.54 8.92 0.3944
0 1.48 14.6 1.4612
0 2.94 18.61 0.7343
0.475 2.98 17.67 1.3728
0.275 2.98 14.95 0.762
2.55 3.32 16.52 0.8777
1.55 4.67 13.98 0.9635
13.2 5.32 17.13 1.058
18.525 4.72 18.38 2.3606
1.975 0.25 12.2 1.0972
19.725 -0.35 12.75 3.2439
32.325 0.28 7.92 4.8245
49.525 0.88 5.27 5.8409
21.075 0.24 4.91 2.5217
5.825 0 7.13 1.1301
15.6 0.77 8.89 4.8425
35.625 0.99 6.48 5.3724
23.625 -2.25 4.66 3.8051
11.525 0.55 7.96 2.9593
6.775 2.33 4.89 1.373
0.15 2.56 10.81 0.6955
0 2.14 14.43 1.5165
0 3.08 16.9 2.2832
0 4.85 18.64 2.3198
0 7.06 24.29 1.6331
0 7.21 26.29 1.0776
0 4.8 21.2 1.2324
0.025 4.27 19.34 1.8364
0 4.82 22.12 1.4478
0.7 4.78 21.56 1.7911
6.4 2.2 20.37 3.4644
5.25 -3.09 4.85 1.4229
1.25 -3.14 3.72 1.4678
0.075 -2.58 9.7 0.6092
0 0.09 14.64 1.7173
0 1.86 16.34 1.6632
0.25 3.31 17.03 2.7757
0.175 0.36 9.14 0.6915
0 0.57 16.08 0.8026
0 5.12 21.32 1.7218
0 6.5 23.29 2.4327
0 7.19 23.15 2.7421
0 7.6 19.84 1.7435
0.325 5.61 20.09 2.0956
4.275 7.29 14.27 2.2906
1 4.27 16.37 0.9531
0.55 4.11 16.19 1.352
0.35 5.77 14.57 2.2723
0.525 5.09 13.6 2.2633
0.025 2.6 16.08 2.9106
0 4.24 18.31 0.9457
0 5.5 20.82 2.4853
0 3.16 20.1 4.7509
0 2.87 17.97 3.6316
0 4.11 19.01 1.8643
0 5.76 21.79 0.4232
0 7.71 24.01 0.8915
0 9.4 25.68 2.941
0 11.96 28.31 0.6814
0 11.56 29.16 1.6004
0 10.51 27.77 2.1265
0.125 9.14 25.03 3.0459
1.45 4.94 15.1 3.3251
1.95 3.01 11.54 2.7455
0 5.19 19.14 1.8425
0 8.14 22.91 1.2593
0 9.27 25.55 0.6704
7.3 9.71 27.07 2.8646
7.925 1.93 18.04 2.6395
4.025 1.77 7.99 1.1624
13.15 2.73 11.49 3.5295
9.425 2.93 7.71 2.353
0.65 3.3 11.92 3.2977
0.025 3.85 17.55 1.8875
0 7.19 22.74 2.1497
0 7.57 22.62 3.1245
0 6.77 21.77 4.585
0 5.5 19.59 2.5921
0.025 7.21 21.51 2.6735
0 6.34 19.83 2.5768
0.875 6.5 20.4 3.2955
1.85 5.84 19.43 4.2747
3.325 3.31 15.02 4.8912
0.625 4.29 14.62 2.7994
0.4 6.35 18.74 2.4962
0.25 7.16 19.42 2.8966
0.225 3.29 13.59 1.7163
0.075 4.53 16.78 0.4749
2.525 5.8 17.49 3.0601
5.925 9.82 13.37 1.1218
2.85 6.2 18.42 3.2628
0.025 6.22 14.85 2.0835
0 7.36 18.17 3.1423
0 9.24 24.03 1.7487
0 10.94 26.36 2.5444
0 11.08 26.94 3.1435
0 9.98 24.29 2.6926
0 10.92 24.98 2.7356
0 12.15 27.74 1.9322
0 13.78 30.97 1.9117
0 14.56 30.39 2.73
0 11.07 27.61 1.5554
0 12.77 27.37 2.8569
0 12.16 28.5 2.0792
0 13.45 28.77 0.4121
0 14.83 31.41 0.6006
0 16.1 34.35 2.4656
0 15.83 33.8 2.6513
0 13.92 31.89 2.6287
0 11.14 29.63 2.7343
0 12.04 29.13 2.4044
0 12.89 29.69 2.39
6.75 13.8 30.49 2.3004
4.675 11 26.31 2.3311
0.575 8.71 19.04 2.2934
0 11.9 25.68 1.1625
0 13.59 30.84 0.8243
0 16.33 33.49 0.5195
0 16.68 34.05 1.5002
0 17.24 33.94 1.8945
0 18.36 32.81 2.5616
0 19.01 33.21 2.7622
0 18.01 32.09 2.2278
0 17.17 32.64 2.5405
0 15.24 32.21 2.1722
0 14.28 31.55 2.2573
0 12.63 28.19 2.3459
0 13.01 28.47 3.0892
0 12.75 26.67 2.7041
0 13.29 25.12 3.2746
0 11.76 25 3.063
0 12.19 25.82 1.9193
0 12.33 27.63 1.1873
0 12.9 29.85 1.8792
0 13.04 30 1.4266
0 14.03 30.71 2.3117
0 15.11 31.54 2.7855
0 15.67 31.4 1.8923
0 16.65 31.95 1.782
0 14.84 33.2 2.0931
0 14.84 32.37 1.9089
0 14.84 31.4 1.7425
0 16.09 31.71 1.6715
0 17.63 33.88 2.4406
0 18.63 34.29 2.9726
0 19.83 34.16 2.0401
0.45 16.19 31.13 1.3628
0 17.17 32.61 1.8468
0 16.85 34.02 2.0489
0 14.09 32.99 2.9716
0 12.91 29.27 2.3469
0 14.53 30.56 2.9835
0 13.78 29.98 2.3206
0 15.19 31.37 1.7244
0 14.68 32.08 1.8297
0 14.53 31.95 2.2306
0 13.97 31.37 2.6448
0 13.76 31.43 1.7373
0 15.36 33.05 1.1856
0 16.21 33.61 1.9721
0 15 32.21 1.5575
0 14.14 31.53 1.3093
0 13.86 31.81 1.6267
0 13.69 31.81 1.6314
0 14.32 32.61 2.6152
0 14.38 30.83 1.8836
0 13.41 30.56 1.2407
0 12.46 30.42 0.9987
0 13.75 31.38 0.9781
0 14.2 32.69 1.9988
0 15.93 33.16 1.1705
0 16.05 33.11 0.6864
0 16.68 35.41 1.0044
0 17.36 35.26 1.3231
0 17.2 35.68 1.6539
0 15.12 34.44 1.773
0 12.66 31.96 1.713
0 13.98 31.53 0.812
0 14.27 31.53 0.6451
0 14.98 33.46 0.901
0 15.89 32.78 0.9964
0 16.05 33.61 1.7931
0 15.79 32.47 0.79
0 16.51 33.05 0.9586
0 16.76 34.3 0.9649
0.35 16.92 32.9 1.451
1.225 14.54 32.62 0.9439
1.65 15.39 30.57 1.5871
2.875 12.07 24.24 1.4528
0.575 13.11 27.61 0.5768
3.775 13.02 29.3 1.2857
0 13.31 27.63 2.3896
0 13.48 28.74 1.7952
0 11.69 26.2 1.6705
0 10.46 26 0.3178
0 12.77 29.72 0.2568
0 14.96 32.23 0.9682
0 15.96 32.35 0.4839
1.675 16.23 32.91 0.2192
0 16.76 33.46 0.477
0 16.92 34 1.6171
2.975 14.01 30.12 2.2103
0.05 11.76 23.19 1.9891
0 11.51 26.48 0.5619
0 15.59 30.81 0.6305
0 15.56 30.37 1.1183
0 15.01 32.08 1.3327
0 13.49 31.39 2.1444
0 13.75 28.67 1.7673
0 12.92 25.39 1.8862
13.3 9.69 22.18 2.2279
19.675 8.02 17.17 3.5931
7.625 3.44 12.18 0.8713
1 2.89 11.6 0.9133
0 3.03 15.5 1.2406
0 5.36 19.69 1.1073
1.175 7.25 21.78 1.4335
1.775 8.48 18.1 1.5393
0 9.62 23.73 0.9217
0 10.05 26.25 0.5992
0 13.15 28.34 0.3712
0 11.53 27.9 0.9035
0 11.67 26.79 1.3462
0 12.04 25.97 1.5809
0 12.34 26.67 1.4579
0 10.81 27.48 0.8657
0 9.81 24.71 0.6504
0 9.96 24.97 0.6268
0 10.14 24.58 2.1066
0 10.02 26.54 1.6796
0 10.25 26.33 2.0014
0 9.16 24 1.3223
0 6.55 19.66 3.0793
0 4.83 18.39 3.3045
0 5.28 18.59 1.9815
0 6.5 20.68 0.9484
0 6.92 22.19 2.0506
0 7.61 23.32 0.1759
0 6.92 22.57 3.0804
0 7.31 20.92 4.1956
3.425 4.29 21.07 3.5568
3.825 1.19 18.49 1.7522
3.075 -1.01 5.93 0.357
3.625 -0.3 6.89 1.4281
0.05 -0.73 6.38 0.8467
0 -0.86 8.7 2.2124
0 1 11.4 3.2038
0 1.5 15.48 3.1437
2.35 3.75 16.12 3.7364
2.125 6.36 13.43 1.0381
0 5.68 13.61 0.2439
0 6.53 15.24 0.8028
0 3.6 15.37 0.6418
0 4.02 15.83 0.9368
0 3.76 16.5 0.7603
0.05 4.03 16.23 2.9218
2.4 2.46 10.29 2.1022
2.425 2.74 7.88 4.1181
1.275 0.39 7.17 1.7153
0 0.84 10.37 2.3559
0 1.95 12.81 3.5416
0.025 2.11 18.19 2.0956
0 2.22 15.51 0.7886
0 3.5 14.33 2.8973
0 3.99 17.63 2.3743
0 6 18.04 1.0868
0 7.34 17.52 1.67
0 3.2 19.11 3.5088
0 2.59 14.98 8.3753
0 2.92 11.1 3.5207
0 0.62 14.78 4.2966
0 -0.57 12.49 2.7445
0 -0.13 11.13 3.4782
0 -1.11 11.27 3.0967
0 -0.25 11.17 3.5206
0 0.6 13.09 3.4495
0 1.14 13.26 4.2416
0 1.54 14.23 3.2046
0 0.72 13.21 0.9205
0 -0.8 11.64 1.6653
0 -1.23 8.7 1.4607
0 -0.97 9.41 1.1738
0 -0.41 9.82 0.8904
0 0.17 9.14 5.3834
0 2.02 13.59 4.5157
0 -0.11 13.93 2.7025
0 -0.71 13.1 4.5032
0 -0.93 11.76 4.3989
0 -0.23 11.27 3.4531
0 -0.95 11.85 4.5339
0 -0.95 12.21 4.0317
0 -0.24 13.42 4.94
0 1.02 14.41 3.4675
0 2.23 14.91 1.2823
0 2.25 15.62 1.1772
0 3.07 14.94 1.3165
0 5.46 18.89 0.9568
0 4.19 16.39 0.9301
0 1.84 15.45 2.3791
