1.45 0 10.28 1.3749
5.6 1.3 7.73 1.3267
21.975 -0.9 9.55 1.932
24.6 -2.5 7.54 3.4852
8.45 0.09 8.11 2.0076
0.525 2.31 6.35 0.4061
2.25 2.69 8.46 1.4329
1.3 2.34 8.71 0.8526
0.75 2.14 9.75 3.8174
0.45 -0.82 10.5 3.4562
0 1.65 11.34 2.6028
0 3.61 10.93 5.2099
0 2.81 13.35 4.1482
0 1.76 14.62 4.0398
0 1.46 12.77 3.8144
0 1.63 13.42 4.8582
0 0.5 13.44 4.1687
0 1.34 14.8 4.7521
0 0.85 15.37 4.9794
0.1 2.25 12.5 3.5017
7.575 2.43 12.18 2.6683
23.125 7.1 14.52 2.0214
20.925 8.11 11.31 1.6316
13.3 4.71 12.98 2.0618
6.875 4.92 11.54 3.2256
11.6 -0.95 6.45 1.1409
6.25 0.11 9.15 1.1105
0.7 -1.2 8.16 1.2908
0.5 -0.09 8.54 3.9448
3.325 -0.23 10.21 4.3966
1.95 2.4 12.1 2.6923
0 2.07 15.6 2.9021
0 2.82 16.48 4.0896
0 3.65 20.4 3.9127
0.375 4.89 18.53 3.0959
3.275 5.61 14.5 2.8249
5.3 6.47 13.28 3.0963
3.55 4.56 12.22 2.6516
6.025 3.2 12.21 1.0851
5.125 0.12 9.44 3.0625
6.9 -2.73 7.74 0.4025
10.4 -0.47 9.06 2.7834
17.05 1.06 8.39 1.2523
19.125 -0.49 7.06 3.2072
7.125 2.3 8.97 3.9977
10.225 3.55 9.43 6.6215
21.875 2.73 10.14 5.4219
14.2 4.11 8.34 4.4801
1.35 3.18 10.52 1.7342
0 1.4 13.6 3.563
0 2.33 14.91 2.7199
7.075 2.43 15.4 3.647
16.225 5.56 14.05 4.1899
9.65 9.13 13.67 3.1418
1.6 5.45 13.94 1.7678
3.15 5.42 14.8 1.7431
2.5 4.86 14.67 2.6839
0.1 1.61 13.14 0.5029
4.15 3.67 15.94 3.622
16.3 7.24 15.21 3.2828
26.45 8.86 15.36 4.6361
26.875 5.71 12.11 5.1091
12.525 3.15 10.97 2.6301
0.1 0.46 11.69 1.1239
0 1.29 11.18 1.9066
0 0.13 11.47 0.4099
0 1.75 13.45 1.4365
0 -0.25 10.62 2.7065
0 -2.22 10.93 0.7509
0 -0.37 12.89 0.7008
0 1.8 15.01 1.84
0 1.9 16.09 1.8463
0 2.43 13.79 1.4416
0 3.21 15.53 2.8139
0 5.91 17.22 3.3366
0 5.22 16.67 0.9639
0 4.78 18.93 1.2428
0 6.56 20.98 1.5348
2.6 6.65 20.48 1.1481
10.65 5.85 19.05 1.6709
9.65 1.39 12.51 3.7694
0.45 -1.33 11.44 2.2818
0 0.82 15.18 1.9553
0 3.07 16.96 0.9485
0 4.84 19.51 1.9456
0 6.44 20.81 1.8031
0 8.09 22.25 1.4822
0 5.3 17.88 3.8723
0 2.04 16.07 2.2856
0 3.94 17.66 0.6751
0 4.51 19.66 3.0284
0 5.02 19.34 2.72
0 2.67 15.47 5.1023
0 0.23 16.09 1.9495
0 4.58 19.01 2.5107
3.6 1.4 24.37 1.8298
10.075 4.76 21.81 1.0753
12.5 5.53 16.49 2.9688
9.475 5.21 10.81 1.9504
5.475 5.51 12.7 2.298
0.425 3.61 14.61 3.5246
0 4.07 17.71 1.4647
0.1 5.19 19.3 2.6361
0.125 3.54 17.65 5.3455
0.025 -0.83 13.59 5.5288
0 0.94 14.4 2.8045
0 2.72 20.04 1.6938
0 6.01 23.12 2.2781
0 10.1 26.94 2.416
0 11.3 29.56 1.4658
0 13.69 30.39 1.226
0 12.25 30.84 1.6942
0.35 8 28.48 2.2718
0.35 6 19.85 2.9702
0.325 1.66 17.52 3.1423
0 2.57 18.79 1.9659
0 3.71 17.75 2.2306
0 2.1 15.68 2.9981
0 1.26 16.52 1.7509
11.95 3.13 19.07 1.8298
33.675 7.17 19.15 1.9297
24.325 9.71 16.52 2.7458
7.125 9.4 16.2 3.8894
7.625 9.38 19.84 2.068
5.8 10.94 21.49 3.8673
0 8.69 23.51 1.8851
0 9.76 23.64 2.9881
0 8.28 24.26 2.0739
0 9.34 25.99 1.9174
0 9.37 26.52 1.5653
0 9.95 26.86 3.0335
0 6.9 24.27 3.3788
0 8.12 24.31 2.885
0 8.86 25.65 2.868
0 10.07 27.08 2.3218
0 12.49 31.87 1.544
0 16.81 35.36 0.2827
0 15.19 34.42 2.0058
0 13.2 30.59 2.3237
0 10.04 27.34 1.2937
0 10.07 29.01 1.0372
0 11.28 28.82 2.3227
0 9.02 27.1 2.9416
0 8.17 24.55 2.7243
0 8.52 26.48 2.2499
0 11.63 29.36 1.8842
0 15.04 32.16 1.069
0 14.58 32.82 2.0758
0 13.94 28.96 2.5335
0 11.6 28.14 2.8953
0 11.19 26.94 2.3472
0.475 11.04 25.78 2.3851
1.475 11.41 24.06 2.3685
1.35 11.99 26.12 0.5943
1.3 10.23 22.86 2.1818
0.875 9.45 19.82 3.1063
0.775 8.18 21.57 2.0153
0.25 8.43 23.84 2.5845
0 9.95 25.06 2.536
0 8.08 23.25 3.3371
0 10.13 22.22 3.0227
0 8.66 23.56 3.292
0 9.62 25.13 2.5249
0 11.45 22.19 3.425
0 9.74 23.55 2.3113
0 9.33 24.03 2.4621
0 10.7 26.22 2.7002
0 11.95 26.74 3.2114
0 12.41 30.65 2.3063
0 13.56 31.19 3.0934
0 10.03 27.9 3.3489
0 7.92 24.8 3.4607
0 10.08 27.8 1.8603
0 14.43 31.92 0.9896
0 14.78 33.53 1.7664
0 12.96 31.71 2.7322
0 12.5 32.17 1.7343
0 15.46 35.49 1.1125
0 16.94 39.34 0.8855
0 17.45 38.43 2.6601
0 15.15 36.46 2.5665
0 15.1 33.88 2.2454
0 15.09 33.47 1.9476
0 15.3 34.32 2.8001
0 13.98 31.78 2.564
0 11.75 29.83 2.7644
0 10.12 29.37 2.495
0 10.65 29.09 2.6177
0 10.95 29.66 2.7527
0 11.91 29.57 2.7227
0 12.31 29.76 2.2201
0 14.44 29.69 1.9377
0 16.01 31.08 2.4063
0 12.65 33.12 1.9528
0 15.74 35.91 1.1555
0 17.07 36.91 1.4138
0 16.13 37.18 1.7603
0 18.29 37.31 1.6124
0 19.26 38.57 1.9119
0 19.89 39.4 1.59
0 18.75 36.4 2.4146
0 15.34 34.16 2.5664
0 14.98 33.79 2.5066
0 13.19 33.29 2.1398
0 12.73 31.31 2.2207
0 11.72 32.53 2.3547
0 14.45 35.19 2.0344
0 17.15 37.07 1.8133
0 16.02 34.62 2.1774
0 14.46 32.14 2.8991
0 13.85 31.27 2.6664
0 11.69 31 2.9973
0 13.74 31.61 2.7835
0 11.87 29.96 3.106
0 10.77 28.33 2.6113
0 11.96 30.01 2.2886
0 13.73 29.65 2.3551
0 11.68 24.9 2.994
0 10.05 25.78 1.8532
0 12.09 28.73 1.7257
0 15.68 32.07 1.024
0 17.56 34.68 1.3145
0 17.04 34.37 3.0222
0 14.85 35.37 3.027
0 15.52 33.52 3.2596
0 12.9 30.11 3.0852
0 11.42 31.1 1.7162
0 13.89 32.16 0.8323
0 15.58 32.9 0.9834
0 14.88 34.31 0.8486
0 15.64 33.98 1.3224
0 13.12 32.14 2.4464
0 14.35 35.65 2.2048
0 17.03 35.19 2.1416
0.05 14.69 31.6 2.7236
0.025 12.41 29.56 1.6435
0 13.21 30.74 1.5364
0 13.99 32.25 0.5188
0 13.31 34.75 1.7244
0 15.97 35.47 1.8142
0 16.58 36.48 1.8141
0 17.4 34.85 2.5215
0 15.21 31.1 1.6554
0 13.65 32.83 0.8601
0 16.55 34.88 0.5558
0 16.53 35.95 1.9314
0 14.39 32.71 2.4235
0 11.02 29.21 2.1598
0 11.23 26.49 2.2859
0 10.6 27.79 2.0877
0 11.27 29.52 0.7771
0 12.58 31 1.1596
0 14.41 34.15 0.5885
0.05 16.41 35.42 1.1286
0.05 13.91 31.67 1.9124
1 10.73 25.08 2.1741
1.15 12.2 22.95 2.6694
0.125 10.57 24.7 1.7553
0 12.28 28.45 1.8797
0 13.24 30.94 1.0767
0 15.07 34.01 0.7981
0 15.92 32.63 1.9066
0 12.94 32.06 0.9015
0 14.6 32.9 1.9716
0 15.9 34.56 2.0712
0 16.1 34.11 1.2537
0 15.39 33.59 0.7823
0 14.36 33.83 0.7224
0 15.91 35.56 1.0736
0 16.48 35.57 0.3136
0 14.4 33.78 1.8831
0 10.82 26.75 2.6325
0 5.24 20.53 2.4954
0 6.52 24.36 2.3532
0.3 8.85 25.73 0.9826
0.625 7.89 22.68 3.2668
0.875 4.77 18.97 3.3143
0 4.28 16.91 0.3908
0 5.27 20.2 2.554
0 6.75 22.47 1.1478
0 6.41 21.93 1.2948
0 6.91 23.27 0.6154
0 7.78 23.16 0.6522
0 6.48 20.31 1.8622
12.45 7.43 18.81 2.1157
24.475 9.24 15.82 7.0721
17.725 12.51 17.54 4.4301
0.375 14.08 22.68 1.2701
0 12.6 23.54 2.2464
0 12.73 25.47 1.2706
0.8 9.91 22.84 1.6704
1.05 7.92 20.29 2.0246
0.2 4.89 18.08 1.2213
0 7.31 19.15 1.0659
0 7.67 20.88 0.928
0 9.73 22.7 1.3982
0 10.39 22.92 1.3414
0 8.17 22.28 1.6157
0 10.27 23.96 1.0864
0 7.89 20.79 4.9723
0 4.82 16.43 4.8266
0 1.96 15.4 0.8321
0 4.65 18.46 0.2777
0 5.32 20.45 0.8891
0 7.13 21.24 0.967
0 8.45 22.64 1.2728
0 8.39 24.22 1.2428
0 8.06 23.51 1.9622
0 7.75 21.19 2.6738
0.05 6.69 19.17 0.8598
0.175 6.15 16.78 1.7346
0 2.67 16.15 1.9171
0 4.64 16.49 1.1192
0 5.73 16.87 0.7764
1.35 6.97 16.38 0.6237
1.6 5.29 14.88 2.0606
0.2 1.64 12.11 1.3051
0 2.32 13.27 1.07
0 2.42 15.08 2.643
0 2.09 16.28 1.9125
1.575 2.98 17.44 1.3042
1 3.05 14.49 2.1685
3.85 1.88 14.41 2.2419
7.575 3.04 13.52 3.7056
1.675 0.97 11.87 1.1183
0.05 2.84 12.82 0.5377
0 1.08 12.28 1.928
0 2.99 15.23 3.3348
0 3.66 16.94 3.6524
0.925 4.55 18.52 2.3119
2 4.08 18.38 1.2197
0.525 2.99 13.55 5.5578
0 1.71 13.79 4.826
0 2.13 14.48 3.8209
0 2.03 15.55 1.6568
0 1.57 13.7 2.047
0 0.23 12.22 1.8469
0 1 13.68 1.8706
0.1 0.16 10.72 0.7564
16.3 -1.73 8.58 1.8694
15.9 -2.52 4.5 0.6129
1.2 -5.3 4.21 0.6758
0.025 -5.09 4.55 1.8608
9.925 -2.56 6.47 3.2643
28.075 1.26 9.51 2.9829
45.6 5.6 10.35 4.0053
28.775 4.97 9.55 3.7111
3.625 4.94 10.4 0.854
0.1 4.1 12.62 3.5012
0.275 4.4 13.33 2.932
0.175 2.85 10.17 2.139
0.025 1.81 9.94 2.648
0.05 2.53 9.2 4.0289
4.6 2.52 13.81 2.8643
12.175 4.48 12.81 1.9323
5.075 0.55 9.38 3.6676
0.025 -2.83 8.46 2.0558
0.025 -1.48 10.08 3.9277
0.025 0 13.37 4.08
3.7 1.38 10.43 4.1295
4.45 2.74 11.48 2.2736
3.3 0.65 8.34 3.0506
2.95 0.84 9.06 0.9767
3.1 3.9 10.71 1.4371
0.075 4.19 10.97 2.8955
0 5.45 11.67 2.5771
0 3.81 12.09 1.0605
0 2.95 11.8 3.8193
0 1.49 12.2 2.9181
0 1.07 10.24 2.8598
0 2.29 9.56 3.1122
0.325 2.1 8.55 2.5919
0.8 3.05 11.59 2.9663
0.6 4.25 9.58 2.5258
0.5 2.89 7.25 2.5469
2.975 3.31 8.57 3.2925
14.475 5.09 16.54 4.9903
10.225 5.15 14.75 2.1922
0.075 1.45 11.84 1.3847
0 3 12.81 3.2936
6.325 1.86 14.82 2.7773
20.675 4.79 14.04 3.0613
29.15 5.85 11.83 5.204
28.55 5.55 9.62 5.9514
36.375 4.5 9.29 6.7569
31.35 2.04 7.9 3.7936
19.075 0.45 5.97 3.2302
3.05 1.2 7.93 1.3122
6.1 1.17 8.58 2.6437
10.475 3.86 9.63 4.7126
3.95 5.62 10.97 2.8614
0.1 3.53 9.32 1.2467
3.6 2 11.71 2.7125
4.825 3.22 13.58 3.1982
2.7 3.47 12.99 1.265
0.2 1.47 11.95 1.1044
0 2.3 13.5 1.8433
0.075 2.6 12.89 2.2338
2.8 4.38 13.42 0.7807
7.025 4.8 13.43 3.3578
10.675 5.87 13.24 3.2555
11.475 5.73 11.16 1.6672
2.95 4.7 9.74 2.2428
7.175 5.32 10.22 1.3281
4.2 4.36 9.95 1.4799
0.5 1.69 10.66 0.5059
0 3.38 11.55 1.4538
0 5.34 14.33 1.7932
0 3.11 15.04 1.1557
0 3.31 15.23 1.3805
0 4.06 15.89 1.2129
0 5.36 16.4 1.8017
0 5.75 17.63 2.3699
0 4.83 17.05 0.682
0 5.03 13.68 0.9827
4.55 6.12 11.04 1.9431
4.875 3.43 9.12 2.5197
7.325 -0.55 10.57 2.1569
12.075 2.29 9.77 4.0039
9.175 4.92 9.81 2.5855
5.975 2.7 12.7 0.9906
20.25 5.44 15.26 4.9764
14.35 5.42 13.16 1.0032
0.35 2.94 13.36 0.3288
1.925 5.33 15.88 2.1325
15.675 5.52 13.46 2.8519
18.75 3.11 8.27 3.4059
4.975 1.52 9.88 2.4945
0.05 0.88 10.53 1.3004
0 2.64 13.89 2.3964
0.075 3.51 15.27 0.9573
0.35 2.04 10.49 2.6333
3.475 -1.69 9.82 3.4638
2.5 0.1 9.2 2.074
5.4 -0.08 12.38 0.4783
11.2 2.3 11.59 2.3978
4.875 -0.04 11.43 2.2969
0 -0.03 12.82 2.6221
0 2.53 17.08 3.6446
0 5.13 20.48 1.3406
0 6.34 21.19 1.23
0 5.49 21.88 2.9892
0 4.62 21.62 2.4336
0 6.49 21.76 1.7826
0 6.08 19.75 0.3543
0 5.19 17.96 1.7884
0.075 3.3 18.68 1.7065
0.4 5.51 19.81 1.7607
0.95 5.46 16.53 2.3425
0.25 2.36 14.5 1.8654
0 2.42 17.71 2.5139
0 5.37 20.72 1.1514
3.05 4.98 19.16 2.9621
12.175 5.1 15.04 4.9662
9.75 1.02 11.64 2.5795
0.95 0.11 11.94 0.64
4.725 1.4 10.59 2.1954
12.6 1.82 10.44 1.5639
20.725 1.62 10 2.934
13.35 1.88 11.97 2.637
0.05 0.84 13.08 0.5338
0 2.21 15.86 2.227
0 4.03 18.39 1.1237
0 4.01 19.06 2.0294
4.55 7.06 15.73 2.0512
21.025 5.58 11.76 4.6358
21.7 4.44 10.68 4.273
3.125 3.37 13.46 1.1507
0.1 3.2 14.48 0.7252
0 3.43 17.06 0.8967
0 5.47 18.87 1.4925
0 4.92 19.26 1.2464
0 6.05 21.69 1.2724
15.825 7.56 21.13 1.3151
27.95 4.73 15.32 2.4676
13.975 3.68 8.71 3.478
2.925 4.56 11.42 2.2516
0.075 5.75 15.1 1.0667
0 6.71 20.56 1.1578
0 7.2 23.6 1.1982
3.55 9.18 24.42 0.832
18.1 6.54 21.91 4.3655
12 3 11.43 4.4909
3.775 1.78 14.4 3.3737
0.125 1.39 15.39 3.2886
0 3.77 19.67 2.0228
0 6.03 21.72 1.8993
0 8.53 25.2 1.2046
0 8.07 22.95 2.2927
0 5.81 20.04 3.8146
0 3.33 19.79 2.5102
0 4.85 21.08 0.9906
0.15 5.53 20.66 2.6933
3.1 5.48 17.01 3.467
8.975 5.1 12.31 3.0977
3.85 2 12.12 3.4545
0 3.96 19.57 2.0868
1.25 5.99 23.24 1.2482
3.025 8.39 24.82 0.9089
0 8.21 25.39 0.8136
0.725 9.22 24.34 1.2821
2.2 8.75 22.57 2.0601
0.925 10.01 19.85 1.5458
0.325 9.13 19.27 1.4562
0.55 8.58 20.61 3.3614
0.3 5.16 18.32 4.1135
0.725 2.26 15.41 3.419
0 2.6 15.08 4.0973
7.85 4.74 17.22 2.2196
17.725 4.95 18.17 1.6671
23.55 6.61 18.13 2.7411
17.975 6.01 16.42 2.1436
9.325 3.63 16.38 2.9769
0.025 5.62 19.45 1.8302
0 8.89 26.02 1.1848
0 11.52 25.75 2.4568
0 11.35 23.34 3.0484
0 10.59 25.25 2.0622
0 12.81 26.2 2.1128
0 13.76 26.76 2.4466
0 13.08 28.89 1.6655
0 13.68 29.6 2.4987
0 11.61 27.52 3.1429
0 11.14 26.94 2.7033
0 10.95 24.78 3.4535
0 7.91 22.19 4.5788
0 9.51 22.65 5.0968
0 12.37 28.02 3.661
0 13.98 31.17 1.0217
0 14.44 31.41 1.9082
0 11.8 28.55 2.8074
0 8.88 26.47 3.3484
0 9.99 27.06 1.7439
0 8.03 26.86 2.4737
0 7.45 24.09 3.1819
0 6.9 24.68 2.8205
0 10.11 27.26 2.1233
0 12.2 29.95 1.1283
0 13.04 31.66 2.1627
1.225 11.74 28.65 2.33
0.925 10.53 27.06 2.8891
0 12.19 30.35 2.6492
0 16.41 34.49 1.3905
0 19.03 36.8 1.8408
0 15.69 35.05 3.0887
0 13.35 30.84 2.9942
0 11.26 29.37 2.9116
0 11.36 29.51 3.0714
0 12.44 29.81 2.6746
0 13.53 33.01 1.337
0 14.51 32.95 1.8963
0 11.42 29.05 2.4565
0 10.79 30.27 2.4472
0 11.43 31.62 2.6153
0 13.36 32.63 2.357
0 14.72 35.14 1.9289
0 15.39 34.47 2.2501
0 14.31 30.75 3.1229
0 13.06 30.59 3.0437
0 14.48 32.38 1.6365
0 16.95 35.64 1.5045
0 18.8 36.45 2.6973
0 18.11 36.33 2.6554
0 17.49 36.15 2.5122
0 16.07 35.82 2.0142
0 15.25 32.94 1.9421
0 12.98 30.78 2.3225
0 11.38 32.92 1.0888
0 14.63 32.81 2.3841
0 14.91 34.08 2.2232
0 15.18 33.34 2.7897
0 13.1 29.1 2.895
0 11.98 28.71 2.143
0 10.95 28.9 2.5028
0 12.99 30.94 2.3955
0 13.62 31.65 2.5616
0 13.08 31.26 2.3309
0 13.62 31.44 1.9427
0 14.05 31.88 2.3609
0 13.51 32.81 1.6081
0 13.9 32.33 2.0496
0 11.04 30.5 2.1608
0 12.32 31.07 2.2351
0 11.85 30.37 2.5558
0 12.62 29.37 2.8521
0 11.78 29.16 2.0508
0 13.28 29.4 2.0251
0 10.94 26.97 2.2353
0 10.5 28.96 1.1237
0 13.71 30.15 1.613
0 12.59 29.41 2.4518
0 12.1 30.19 2.9785
0 13.27 32.76 1.4168
0 14.62 31.78 1.6188
0 13.56 30.44 1.6267
0 12.2 32.02 2.0245
0 14.01 32.18 2.2807
0.15 11.38 28.22 1.8841
0.075 9.93 28.54 1.8973
0 13.28 30 2.4834
0 15.41 36.8 1.7992
0 19.42 39.14 0.4539
0 16.47 35.02 2.1179
0 12.79 30.94 2.3242
0 9.86 27.98 2.7712
0 8.26 22.51 2.2913
0 9.22 23.61 2.5393
0 9.5 26.86 1.7478
0 13.89 30.43 1.319
0 16.44 34.23 0.3896
0 16.09 34.92 1.3191
0 15.72 34.67 1.2236
0 14.25 31.92 2.2279
0 13.16 31.59 1.4835
0 12.85 29.48 2.0662
0 10.45 23.09 2.7157
0 7.47 20.62 1.8948
0 9.48 24.69 0.9702
0 11.88 28.44 0.5234
0 12.56 30.24 1.1529
0 11.63 27.07 1.7243
0 9.76 27.11 1.495
0 10.77 27.72 1.4102
0 11.06 28.52 1.8569
0 12.69 27.04 1.5126
0 12.54 26.2 1.3029
0 11.64 24.53 1.2731
0 10.13 25.46 1.4262
0 10.4 25.24 1.3749
0 8.33 22.72 2.6721
0 8.67 23.62 1.2946
0 11.16 28.6 0.8996
0 13.26 31.62 1.0927
0 15.94 34.03 1.0897
0 15.18 34.93 1.4096
0 17.56 36.3 0.7109
0 17.38 36.16 0.5475
0 16.65 33.69 0.3608
0 14.55 30.77 0.727
2.325 15.66 31.77 0.8503
3.825 12.77 27.76 1.4137
2.425 10.1 20.69 1.6708
0.45 10.22 18.27 1.7817
0.05 9.32 20.06 0.6537
1.125 9.79 20.29 1.981
0 7.78 21.2 0.6145
0 9.11 24.12 1.9521
0 12.16 26.37 1.8852
0 12.53 27.38 2.1788
0 12.83 28.93 2.1942
0 14.87 31.07 1.4209
0 15.74 32.12 0.5004
0 14.35 30.82 0.4253
0.625 12.03 27.47 0.9749
1.575 10.54 20.43 0.9468
0.525 8.95 19.58 1.3075
0 9.12 20.92 1.5382
0 9.02 23.54 0.8576
0.5 8.52 20.45 1.7393
5.975 9.08 19.28 1.3881
21.9 9.86 17.29 1.9801
38.1 10.19 14.87 5.1096
11.725 7.3 15.49 3.2406
0 3.94 15.94 1.5679
0 3.56 17.13 2.8585
0.075 7.16 20.67 3.6387
2.15 7.67 19.33 2.2788
2.7 9.05 16.29 1.7894
0.525 7.59 16.07 1.2049
0 6.19 18.99 1.8261
0 7.45 21.09 2.8301
0 8.78 22.92 2.5044
0 11 26.1 1.5511
0.1 11.17 25.12 1.3553
7.8 9.54 22.46 2.0274
16.05 8.09 16.23 3.3711
5.575 3.58 12.1 2.3716
2.175 1.55 13.26 0.6418
1.425 4.03 13.49 1.6012
0.025 2.58 13.81 2.2964
0 3.86 15.33 1.3759
0 3.91 15.2 2.9915
0 5.45 17.48 1.8438
0 7.02 19.08 2.9281
0 6.44 18.81 1.557
0 6.43 18.79 1.7669
7.4 6.06 17.59 1.7084
23.4 4.36 13.09 1.9504
23.725 1.64 8.92 3.0407
19.1 2.19 6.63 4.5043
15.325 2.96 7.55 3.0362
13.425 0.65 8.06 3.8575
2.65 -2.75 5.92 1.4425
0 -2.7 7.94 3.0566
10.2 -1.38 9.08 3.3625
10.825 1.21 7.98 2.5865
3.425 -0.44 6.21 2.1567
0 -2.99 7.78 2.5192
0 -0.92 8.98 3.0597
0.125 0.09 11.12 2.3129
0.4 1.41 10.89 2.7177
0.75 4.93 9.54 1.404
9.95 6.29 14.57 2.703
11.925 7.1 15.88 2.8082
3.25 6.74 16.3 3.725
6.1 4.06 14.88 2.1444
8.675 5.25 13.25 2.5158
5.25 7.7 13.32 1.4524
0.575 8.59 16.34 1.7373
0.025 7.11 14.58 0.4808
0.025 6.38 14.64 2.3607
14.125 5.78 12.93 1.3783
20.375 5.78 10.85 2.0638
5.4 2.06 10.16 1.2199
16.175 -0.1 9.91 2.5002
38.25 1.72 10.39 3.5135
42.85 6.78 11.38 5.0521
54.85 5.57 11.9 5.5789
6.325 4.3 8.51 3.006
10.425 4.1 9.19 3.1495
7.725 5.42 11.52 2.1175
0.95 4.9 10.76 0.5876
11.925 3.34 12.77 3.2775
21.925 3.56 13.62 5.5785
8.5 3.86 12.51 2.3429
9.075 2.84 9.86 0.7797
41.35 3.76 9.47 2.3404
28.8 0.99 7.95 4.4052
2.275 -3.39 6.37 2.177
6.025 -3.2 5.97 1.5779
21.55 -0.18 7.39 4.5695
15.2 2.06 7.15 4.6791
2.475 1.33 7.57 2.3526
4.575 -0.01 8.59 2.9583
0 -0.51 8.67 3.6312
0.1 -1.93 5.08 4.6438
0.05 -1.42 4.01 3.101
0.125 -1.03 5.07 1.4208
0.075 -1.52 2.83 1.5183
0 -3.74 4.92 2.925
0.8 0.28 7.75 3.5327
2.175 2.7 11.44 2.6175
1.725 2.45 12.1 1.6392
0.5 4.89 9.71 1.162
0 2.48 10.99 2.6818
0.1 4.78 9.11 0.6979
0.05 4.72 10.15 0.6362
0.05 4.32 10.96 2.501
0 1.64 10.06 1.6523
0 2.56 13.91 3.9669
0 1.83 15.46 3.5025
0 3.13 14.72 2.9243
0 2.47 16.09 4.0632
0 2.34 14.87 1.6687
0.1 2.63 14.37 1.9704
0.2 1.46 13.69 4.9145
0.1 1.13 13.53 3.6335
0.05 0.67 12.25 1.7496
20.9 1.1 11.82 0.6245
15.275 2.18 10.41 1.6965
5.625 -0.05 8.44 1.2691
0.05 0.28 11.28 1.6199
0 -1.11 12.37 3.0284
0 0.82 12.72 1.9725
0 1.49 13.17 2.4212
0 2.28 18.24 1.6691
0 5.05 17.4 1.9482
0 4.93 18.3 0.8261
0 0.89 15.2 2.6559
0 -0.87 12.71 3.299
0 0.89 13.23 3.5526
0 1.86 15.4 3.7284
0 2.24 18.35 2.9591
0.2 2.57 18.3 1.1426
1.4 2.72 14.53 4.1987
20.8 6.92 14.38 5.188
27.1 2.78 10.36 5.616
37.25 1.04 6.38 4.9389
32.525 1.45 6.16 2.2632
9.775 -1.28 8.52 2.6237
0.9 -1.96 8.35 0.5015
0 0.21 9.49 1.2096
0 -0.99 10.24 0.5712
3.8 -1.03 10.53 0.8594
17.675 0.18 8.72 2.3881
18.9 -0.94 8.31 4.7703
10.05 -3.28 6.58 0.9721
18.375 -3.87 8.15 0.4206
0.85 -0.91 11.04 2.3882
2.25 -1.59 12.99 1.9952
8.6 4.36 14.31 4.1347
2.225 6.12 14.45 1.5099
0 2.58 14.9 1.4613
7.35 4.36 16.02 0.5783
17.775 6.2 13.36 1.7686
7 4.9 11.4 4.0273
0.075 2.66 12.98 0.8806
2.45 4.35 15.09 1.5519
0.625 5.76 16.09 1.1249
0.25 4.29 14.86 1.1752
1.325 3.76 14.49 0.4376
5.3 5.13 15.23 1.711
7.65 7.71 17.25 1.5972
13.75 7.53 17.26 1.9498
7.45 5.51 14.68 2.4632
10 0.99 12.65 0.902
16.35 1.06 12.03 3.9739
27.2 2.51 9.15 4.7717
28.575 3.9 8.34 5.0785
11.075 2.24 9.19 2.1911
4.475 1.82 10.83 1.6581
18.525 3.51 9.65 5.4026
22.125 3.07 7.31 5.5977
28.575 2.08 9.53 3.9215
17.65 2.75 8.94 3.2322
3.5 3.42 11.51 1.602
1.525 4.19 13.32 0.7231
0 3.66 16.12 1.3051
0 5.2 18.92 1.8907
0 7.22 21.61 2.5285
0 9.56 24.44 1.9844
0 8 20.26 1.23
0 3.36 17.51 2.0555
0 5.03 20.2 1.7927
0 7.62 20.46 1.5748
2.05 5.31 19 1.8867
3.4 1.69 13.67 3.4846
0.65 -0.83 10.48 1.7553
0 -0.41 13.46 1.2808
0 1 15.47 0.3999
0 3.15 15.79 1.5997
0.575 2.49 16.69 1.5324
0.6 2.73 13.74 2.552
0.075 1.19 14.96 0.5387
0 2.86 18.14 0.7807
0 5.8 21.34 1.3033
1.875 6.86 22.05 2.0463
1.55 8.78 18.26 2.4903
0.625 9.85 18.04 1.3252
2.125 9 19.8 1.9134
1.425 7.8 17.19 1.8546
0.25 4.39 17.54 0.8547
0.875 6.12 17.82 0.8058
1.875 7.34 17.97 1.92
1.85 6.2 18.41 2.2563
0.625 3.95 17.63 2.4344
0.125 3.49 20.14 1.0837
0 4.29 19.58 2.1817
0 3.15 17.68 4.4703
0 2.47 19.5 3.4163
0 4.96 21.99 1.659
0 7.44 24.68 0.5166
0 6.99 23.43 1.205
0 7.91 27.38 2.958
0 11.29 29.54 0.9703
0 9.28 27.85 1.4603
0 7.09 23.53 1.8241
0.325 6.24 17.56 2.6833
1.55 3.48 15.39 2.9523
0.725 4.16 21.03 2.4756
0 5.38 22.41 1.7272
0 6.86 23.69 1.2713
2.7 7.84 24.28 0.8659
24.175 6.79 18.65 2.7481
24.4 4.42 13.08 2.6667
14.35 2.98 12.87 1.7317
20.775 5.8 11.57 3.3942
8.05 6.09 14.46 2.0391
0.55 4.66 19.47 2.7651
0 7.4 23.08 1.6378
0 9.87 23.18 2.2532
0 6.93 21.75 3.3051
0 5.44 19.85 4.4982
2.25 5.46 20.82 2.4212
6.3 7.14 17.81 2.7119
0.75 4.91 18.56 1.9585
3.45 5.46 18.91 3.0251
3.225 5.49 16.93 3.8941
2.35 4.75 16.92 4.5389
0 5.82 18.52 2.6934
4.425 6.61 19.11 2.4954
2.375 7.01 16.61 2.5239
1.475 5.61 16.78 1.56
3.175 5.18 17.49 0.8376
16.8 8.56 16.3 3.5573
20.5 10.44 19.24 0.9197
7.125 8.86 18.11 3.3678
0.125 7.73 20.25 2.1435
0 8.88 23.6 2.8743
0 9.9 26.04 1.6796
0 11.38 26.36 2.8101
0 9.57 23.69 3.1904
0 9.15 24.85 2.8016
0 11.25 27.81 2.6987
0 13.29 30.96 2.3421
0 15.32 31.64 2.2858
0 13.47 29.01 2.5694
0 12.33 28.05 1.7174
0 12.65 28.28 2.8184
0 12.4 28.98 2.44
0 14.88 31.69 0.8045
0 17.24 34.93 0.839
0 18.1 35.47 2.515
0 14.29 32.09 2.4857
0 11.63 29.38 2.4379
0 11.63 29.14 2.602
0 11.85 29.65 2.5216
5.45 13.6 30.54 2.555
13.7 12.78 25.64 2.4065
5.6 9.87 21.23 2.4564
0.025 9.89 25.3 2.4198
0 12.19 30.24 1.6528
0 15.84 33.77 1.3449
0 16.87 35.43 1.2654
0 16.86 35.86 1.6162
0 17.74 36.28 1.5961
0 18.68 35.29 2.4606
0 17.57 34.47 2.7
0 16.4 33.87 1.9035
0 14.99 32.7 2.4149
0 12.77 31.18 2.3089
0.05 11.74 28.67 2.4931
0.025 10.38 26.77 2.6639
0 11.25 25.44 3.1473
0 9.85 24.64 2.7726
0 10.43 24.99 3.3986
0 10.27 24.76 3.1791
0 11.2 25.86 2.0796
0 11.31 27.6 1.2297
0 12.43 28.84 2.029
0 14.61 31.61 1.7533
0 14.81 32.41 2.353
0 15.21 32.81 2.778
0 14.46 32.05 1.9521
0 12.61 31.44 1.9734
0 11.83 31.3 2.15
0 12.48 31.35 1.9964
0 13.32 32.66 1.6918
0 14.16 33.75 1.6316
0 15.31 32.77 2.4134
0 13.66 31.51 3.1541
0 13.15 31.37 2.0958
0 14 31.31 1.5158
0 14.29 33.14 1.8082
0 14.67 32.5 2.1177
0 12.36 29.67 3.1074
0 12.47 30.13 2.4571
0 14.04 30.45 3.1103
0 13.2 29.36 2.6011
0 12.38 31.18 1.9866
0 13.41 31.82 2.0993
0 14.73 31.95 2.1999
0 14.01 31.21 2.6589
0 12.67 30.95 1.971
0 15.81 32.23 1.4913
0 14.91 32.57 2.1953
0 14.2 31.72 1.5406
0 13.19 32.53 1.3863
0 13.88 32.23 1.9539
0 13.9 32.67 1.8941
0 13.52 30.3 2.7197
0 11.05 28.49 2.1196
0 10.54 29.03 1.6906
0 11.84 29.66 1.3633
0 14.6 32.83 1.0303
0 16.68 33.42 1.9344
0 15.11 32.42 1.2151
0 15.32 33.97 0.8134
0 16.23 33.71 1.0606
0 15.65 34.52 1.4107
0 14.52 33.41 1.9076
0 12.86 31.09 1.8016
0 12.26 30.63 1.7622
0 13 31.7 0.7673
0 15.61 33.14 0.7117
0 15.69 32.88 0.7227
0 14.97 31.72 0.9601
0 14.25 31.28 1.8935
0 13.95 33.58 0.8085
0 16.35 33.86 1.0464
2.225 15.18 33.09 1.1194
1.275 13.93 33.61 1.5994
0.05 16.63 34.69 0.7361
0.075 14.35 27.97 1.7596
0 12.93 27.58 1.7505
0 13.55 30.02 0.9286
0 14.33 30.36 1.619
0 13.13 28.65 2.4215
0 11.41 26.32 1.6821
0 10.58 26.41 1.8335
0 12.93 28.82 0.8786
0 14.85 31.9 0.5283
0 16.15 33.78 1.1193
0 15.81 33.72 0.8928
0 15.85 33.69 0.756
0 17.08 35.31 0.7577
0 13.53 31.64 1.5169
0.025 12.06 24.53 2.1951
0 10.12 23.9 2.0026
0 11.23 27.84 1.0793
0 14.66 31.68 0.6187
0 14.06 32.72 0.8565
0 13.05 27.73 1.1991
0 12.05 25.35 2.3685
0 10.78 23.67 1.8023
1.9 8.83 20.72 1.9508
18.8 9.21 19.06 2.1114
18.7 7.85 17.17 3.612
6.45 6.86 13.31 0.7099
0.5 4.26 16.22 0.955
0 6.78 19.23 1.1375
3.25 8.19 21.74 1.2596
5.725 10.67 19.13 1.5879
2.175 12.31 20.68 1.7499
0 8.95 23.36 1.0794
0 10.52 26.72 0.8414
0 13.27 27.76 0.6453
0.025 12.52 27.57 0.9545
0 12.41 24.7 1.0799
0 11.64 25.1 1.5396
0 11.5 26.97 1.2787
0 10.92 23.37 1.2039
0 10.24 23.13 0.8574
0 9.14 23.82 1.0113
0 10.97 25.04 2.2987
0 11.51 26.04 1.4807
0 10.22 25.17 1.4961
0 7.96 20.99 1.4298
0 4.58 19.18 2.6874
0 6.95 19.94 2.927
2.525 7.55 20.78 1.6862
0 7.3 21.65 1.1134
0 8.18 22.66 2.0554
0 8.95 23.46 0.7578
0 6.86 22.17 3.7508
0.675 5.61 21.31 4.0077
1.55 4.86 19.93 3.1204
4.325 2.79 14.08 1.6817
5.675 0.73 10.64 0.65
1.675 1.19 9.97 1.3583
0.05 -0.34 10.34 0.8144
0 1.7 12.51 1.9289
0 2.98 15.24 2.9478
1.15 2.35 18.51 3.1864
2.05 4.95 17.7 3.7488
0.55 7.26 15.37 0.6508
0 6.21 16.2 0.3642
0 6.48 15.88 0.9497
0 5.31 15.78 0.7413
0 4.83 17.17 0.8804
0.55 5.19 17.08 1.1381
1.975 4.29 14.58 3.1791
3.35 1.39 10.29 2.1243
1.55 3.29 11.02 4.0131
0 2.07 12.75 2.0035
0 2.33 13.18 2.9865
0.1 2.57 13 4.2713
0.825 5.03 12.53 2.0383
0.125 4.22 12.51 0.687
0 3.3 14.15 2.6444
0 3.32 15.31 2.242
0.225 2.73 15.25 0.9044
0.25 2.04 11.87 1.4981
0.05 1.97 15.41 4.088
0 1.5 16.25 7.4256
0 1.66 14.5 3.3979
0 -0.15 13.91 3.979
0 -0.3 12.79 2.5915
0 -1.41 12.21 3.4262
0 -0.3 12.5 2.9116
0 -1.28 12.29 3.02
0 -0.23 12.99 2.9668
0 -0.15 13.53 4.084
0 0.15 14.09 2.9094
0 0.07 11.49 0.5096
0 0.86 10.62 1.4171
0 -0.05 11.83 1.3716
0.95 -0.79 11.35 0.865
1.325 0.7 9.84 0.6798
0.25 -0.7 9.59 4.8563
0 -0.43 12.9 4.3439
0 0.61 12.59 2.4318
0 0.17 11.38 4.1519
0 -0.82 11.04 3.9781
0 -1.43 10.53 3.2377
0 -2.76 10.64 4.4912
0 -1.25 11.54 3.8706
0 -1.29 11.57 4.7819
0 -1.02 13.48 3.3329
0 -0.99 13.95 1.1733
0 -0.62 12.18 1.0735
0 1.97 14.39 1.0302
0 3.3 13.26 0.8197
0 5.31 15.2 1.3862
0 1.79 11.81 2.3309
