0.725 -0.19 11.76 1.6008
5.95 -0.75 7.89 1.1473
3.05 -1.86 9.41 1.7303
0.625 -4.41 6.48 3.8386
1.85 -4.2 6.82 1.8362
0.825 1.57 4.08 0.3835
0 0.66 7.55 1.5151
0 2.06 10.21 0.8597
0 0.73 12.4 4.2374
0 -0.22 11.19 3.5045
0 0 15.55 2.5082
0 0.78 15.35 5.4301
0 2.93 17.1 4.0548
0 0.12 18.71 3.7036
0 0.83 18.98 3.9644
0 0.05 19.96 4.9471
0 1.45 18.46 4.2259
0 1.5 18.33 4.7129
0 1.63 18.31 4.8679
0.05 0.85 17.65 3.4378
8.15 2.38 17.89 2.7188
19 6.95 16.71 2.129
30.15 8.15 11.15 1.6803
35.125 6.43 11.21 2.2526
9.975 1.84 9.5 3.3782
1.925 -3.28 3.28 0.9538
0.225 -4.6 6.02 1.2787
0 -4.02 7.62 1.569
0 -0.79 11.15 4.1372
0 -0.39 14.79 4.4459
0 1.44 17.36 3.0204
0 1.44 16.79 3.0227
0 0.92 14.15 4.0238
0 0.73 18.52 3.8118
0 2.9 20.04 2.9997
3.7 3.93 19.2 2.6913
6.65 4.11 10.35 3.112
2.475 1.96 10.07 2.7404
13 1.34 11.35 1.3269
7.875 -1.22 9.04 3.4315
3.075 -6.61 4.8 0.3809
7.75 -5.81 6.19 2.5475
4.55 -1.54 6.68 1.3924
13.65 -2.24 6.8 3.0576
7.375 -0.86 4.33 3.5926
2.125 0.87 6.94 6.1511
16.025 1.87 6.99 5.5427
12.35 1.6 6.33 4.4969
2.175 -0.87 4.33 1.4733
0 -2.07 9.21 3.5263
0 -1.34 13.64 2.7297
4.7 -0.95 14.89 3.7848
13.6 -0.37 13.28 3.943
9.875 6.11 9.03 2.8336
2.375 3.08 10.42 1.475
0.95 3.6 15.11 1.4883
0.525 3.01 11.15 2.3035
0.075 -0.12 13.07 0.3746
0 0.64 14.28 3.6047
8.425 3.71 15.87 2.8366
21.975 6.84 12.61 4.0218
38.825 4.93 12.51 4.9192
16.5 1.16 8.28 2.7386
0.35 -2.82 7.77 0.9856
0.175 -1.91 9.08 1.8704
0 -3.11 7.88 0.3367
0 -3.3 11.42 1.3922
0 -0.52 13.42 2.66
0 -3.85 8.73 0.4829
0 -3.71 11.48 0.5283
0 -0.49 13.42 1.9312
0 -0.28 15.43 2.1048
0 0.33 16.74 1.3293
0 1.25 13.71 2.1914
0 3.23 15.68 2.5278
0 3.52 17.69 1.1359
0 3.86 18.66 1.3132
0 4.87 20.19 1.1161
0.1 4.44 21.08 0.8446
12.325 4.96 20.43 1.71
8.9 1.01 13.78 4.0251
0.95 -4.16 6.2 2.3215
0 -3.16 9.81 1.9189
0 -1.07 15.19 0.7702
0 0.93 17.39 2.0318
0 3.98 19.85 2.0033
0 4.23 19.91 1.4316
0 4.28 21.13 3.4066
0 0.29 15.23 1.9907
0 0.12 15.34 0.448
0 2.37 17.74 2.8125
0 3.58 20.72 2.5736
0 2.25 16.86 5.2066
0 -1.56 12.97 1.9569
0 -0.97 15.69 2.6192
0 1.16 20.27 2.046
9.4 2.83 22.97 1.225
9.9 2.68 17.91 2.8086
7.425 2.19 9.78 1.7087
3.375 3 10.34 2.3568
0.35 1.32 10.82 3.7646
0 2.13 14.11 1.7013
0 3.28 18.24 2.3259
0 4.61 18.12 4.901
0 -3.06 10.92 5.811
0 -1.85 10.18 3.0266
0 0.42 16.61 1.5211
0 2.82 20.85 2.6041
0 4.7 24.05 2.5886
0 8.72 28.2 1.5173
0 9.98 29.52 1.2372
0 10.24 30.37 1.8658
0.025 8.55 29.38 2.4426
0.475 7 22.63 3.2678
0.275 -0.17 13.15 3.4403
0 0.85 16.59 2.1056
0 2.83 17.94 2.3262
0 0.95 17.01 3.065
0 0.37 14.4 1.7949
0.8 2.11 17.27 1.9861
44.3 4.59 20.4 1.7704
27.45 8.49 17.44 2.3875
5.075 7.84 13.83 3.4784
3.1 7.19 15.84 1.7863
0.6 9.66 18.92 3.4618
0 8.06 21.91 1.9775
0 8.06 23.97 3.0347
0 8.2 23.48 1.9103
0 8.05 24.68 1.6609
0 8.27 25.35 1.305
0 8.66 26.82 3.0929
0 6.91 25.49 3.3467
0 7.08 23.22 2.8322
0 7.69 24.87 3.2659
0 9.01 24.89 2.0867
0 11 27.92 1.4257
0 14.19 32.88 0.293
0.4 14.45 34.95 2.2342
0.25 13.96 34.03 2.462
0 10.27 28.15 1.6034
0 9.51 27.06 1.1003
0 10.44 28.11 2.488
0 10.65 28.23 3.0199
0 9.22 26.82 2.7988
0 8.32 25.63 2.1544
0 10.53 26.58 1.5921
0 11.91 28.95 1.0432
0.175 13.37 31.38 2.1533
0.1 13.49 31.1 2.5175
4.525 14.5 30.61 3.0897
2.725 12.82 27.26 2.302
0 12.47 27.73 2.2213
0 11.38 25.05 2.3359
0.625 11.59 23.92 0.4723
5.9 9.47 23.72 2.1637
5.25 7.26 20.95 3.2248
3.25 5.58 15.46 2.0826
1.2 6.97 17.67 2.6661
0 8.3 22.54 2.6186
0 8.68 24.28 3.4215
0 8.91 22.99 3.0446
0 7.66 21.62 3.4142
1.025 8.67 23.34 2.4975
1.025 10.58 21.11 3.4886
0.225 8.09 21.67 2.4052
0 8.17 22.73 2.4897
0 9.14 22.91 2.6625
0 11.04 24.37 3.1375
0 11.27 27.05 2.0259
0 12.83 30.65 2.7952
0 9.49 30.05 3.2471
0 7.53 25.11 3.324
0 8.46 23.58 1.4014
0 10.19 27.39 0.6602
0 12.51 31.12 1.5708
0 13.5 33.16 2.6754
0 12.7 31.03 1.8501
0 13.97 31.53 0.9435
0 14.82 36.03 0.7866
0.175 16.69 37.56 2.8777
0.1 16.18 37.42 2.8251
0 15.51 33.93 2.2687
0 16 34.39 1.8168
0 14.45 33.58 2.7758
0 13.77 33.71 2.4832
0 13.26 31.65 2.6892
0 12.38 30.45 2.4753
0 10.38 29.36 2.6844
0 9.44 28.78 2.616
0 10.5 28.4 2.6384
0 10.71 28.81 1.9676
0 12.08 30.01 1.7681
0 14.24 30.86 2.2053
0 13.62 31.15 1.5168
0 13.81 33.41 0.6238
0 14.72 34.27 1.5748
0 15.83 36.33 1.8251
0 16.76 36.21 1.7387
0 17.86 37.34 2.0156
0 17.86 37.81 1.5286
0 18.39 38.33 2.4299
0 16.35 36.77 2.5383
0 15.35 34.92 2.406
0 16.02 34.51 2.0943
0 15.79 34.24 2.0901
0 14.77 33.51 2.1732
0 14.22 33.77 1.9442
0 16.81 36.03 1.9357
0 17.74 36.62 2.2853
0 17.73 35.45 2.9416
0 17.82 34.13 2.6913
0 16.6 34.15 2.8084
0 16.48 33.38 2.599
0 15.67 33.34 2.8853
0 12.83 30.56 2.4242
0 13.16 29.96 1.9469
0 14.19 31.15 2.2227
0 11.2 29.48 2.9028
0 8.32 22.17 1.9161
0 9.97 24.32 1.5346
0 12.22 29.05 0.6259
0 14.36 31.8 1.2887
0 15.65 34.12 2.9619
0 15.12 35.22 2.7705
0 14.07 33.84 3.0788
0 12.79 31.53 3.1772
0 10.3 29.57 1.5422
0 10.43 29.37 0.5352
0 12.92 31.47 0.8617
0 14.18 33.16 0.8602
0 15.2 35.06 1.3266
0 16.02 35.06 2.2702
0 16.73 34.59 2.1702
1.075 16.23 36.56 2.2758
1.175 15.03 32.88 2.7951
0.3 13.3 28.97 1.5713
0 12.55 29.46 1.4847
0 12.2 31.13 0.3981
0 12.21 32.76 1.5596
0 13.37 33.41 1.4374
0 14.44 33.74 1.3977
0 14.33 35.39 2.6045
0 15.69 33.99 1.6004
0 14.86 32.6 0.6715
0 14.59 33.76 0.4381
0 15.43 34.55 1.607
0 14.97 34.51 2.3424
0 11.51 32.2 2.0513
0 11.2 29.63 2.0352
0 10.65 27.08 1.7259
0 10.82 28.21 0.5105
0 11.45 29.15 0.9871
0 13.42 31.92 0.4351
0 13.56 33.54 1.0158
0.15 15.46 35.43 1.8913
0.575 12.75 31.64 2.0906
0.925 11.37 25.13 2.6286
0.325 9.86 22.57 1.624
0 10.31 27.32 1.5944
0 12.61 29.93 0.5731
0 12.9 30.74 0.9837
0 13.9 34.08 2.0018
0 12.81 32.17 0.9821
0 13.49 30.78 2.0527
0 13.73 33.54 2.1854
0 13.64 34.09 1.3018
0 12.78 33.67 0.6856
0 12.41 33.03 0.8
0 14.17 34.59 1.1655
0 13.32 35.36 0.4329
0 13.7 35.59 1.9488
0 13.75 31.59 2.4893
0 3.62 18.56 2.3912
0 3.96 21.63 2.3932
0 5.38 24.07 0.7604
0.35 6.86 24.93 3.1754
0.325 3.42 20.41 3.4072
0.05 0.51 12.24 0.325
0 0.44 17.23 2.6171
0 2.91 20.56 1.3314
0 4.45 21.1 1.3669
0 5.2 22.78 0.6789
0 6.32 23.44 0.4553
0 5.03 23.7 1.7876
6.35 6.49 22.18 1.9213
40.45 6.1 16.28 6.7707
22.1 9.32 14.52 4.2507
0.6 11.23 18.67 1.0012
0 10.25 23.88 2.2335
0 9.74 23.89 1.0654
0 12.53 27.76 1.6579
0.625 8.26 22.69 2.1082
0.375 3.5 15.9 1.7928
0 3.79 16.95 1.0617
0 5.12 20.22 0.6458
0 6.28 21.42 1.1544
0 8.27 23.36 1.29
0 7.46 21.79 1.6476
0 6.97 21.71 1.1514
0 7.14 23.12 4.4747
0 2.69 16.02 4.8767
0 -0.1 13.34 0.7409
0 -0.15 14.15 0.1159
0 2.83 19.6 0.8365
0 4.7 21.61 0.9036
0 7.09 22.67 1.2492
0 7.24 24.39 1.1306
0 6.8 25.45 1.7302
0 5.72 24.25 2.3132
0 3.9 18.27 0.5444
0 4.13 17.92 1.7105
0 1.91 15.94 1.8933
0 2.25 16.36 1.0912
0 3.36 17.23 0.7428
3.675 5.51 17.46 0.359
3.875 4.66 15.75 2.0243
0.925 -0.29 10.6 1.3599
0 -0.24 11.61 1.1454
0 -0.05 12.78 2.7552
0 -0.01 14.46 2.0374
0.925 2.04 17.57 1.3807
0.45 2.07 18.15 1.9319
0.4 0.38 13.5 2.2573
8.375 0.6 15.05 3.5167
4.3 0.66 14.25 1.1717
0 0.92 10.91 0.464
0 0.44 13.58 2.0888
0 1.33 13.31 3.6294
0 2.08 15.75 3.8875
0.575 2.24 17.93 2.5242
2.05 2.83 18.55 1.0512
0.925 1.73 11.75 5.0239
0 0.97 12.62 4.8441
0 0.84 12.66 3.9266
0 1.1 15.85 1.6133
0 0.38 15.1 2.0609
0 -1.61 15.04 2.0111
0 -0.86 12.86 2.0587
0.025 -0.36 14.22 1.1471
12.625 -2.64 9.86 2.1168
14 -2.81 5.55 0.7956
3.625 -8.92 2.05 0.6249
0 -8.32 2.37 1.9666
7.225 -6.89 4.64 3.2579
29.475 -0.6 7.86 2.9796
45.8 3.93 8.57 3.8073
26.05 3.07 8.79 4.1104
4.25 2.21 6.02 0.664
0 0.05 8.27 3.2608
0 1.97 11.21 2.6739
0 2.29 12.19 2.2708
0 1.46 12.83 2.7748
0 1.69 9.62 4.1381
0.95 1.98 12.89 2.8921
13.45 3.05 15.07 1.7578
8.925 0.03 10.36 3.6703
0.125 -4.29 6.47 2.3746
0 -2.03 8.7 3.9615
0 -1.28 11.21 3.9912
5.65 -0.75 12.57 4.1321
4.075 -0.31 9.19 2.055
2.15 0.16 8.73 3.0259
6.35 0.01 8.5 0.7765
3.15 2.8 8.39 1.4709
0.025 1.13 8.02 2.6274
0 1.15 10.61 2.1346
0 1.52 11.44 1.2254
0 0.82 13.3 3.9714
0 -0.2 14.84 2.9365
0 0.67 15.61 2.8118
0 1.08 12.97 3.1229
0 1.65 13.62 2.6315
0.5 2.88 13.94 2.9988
1.05 3.73 14.34 2.4107
0.45 4 11.1 2.43
0.75 4 10.29 3.2261
14.9 4.06 16.52 4.547
8.525 4.49 12.83 2.0298
0.175 -1.08 10.47 1.2759
0 0.1 11.92 3.3131
0.8 1.35 14.63 2.3318
11.85 1.4 14.93 2.6887
22.875 3.81 11.09 4.8691
21.775 4.61 7.74 5.602
26.5 1.81 6.39 6.56
25.325 0 5.91 3.9742
15.8 -0.71 4.83 3.7547
4.475 -1.72 2.7 0.965
1.15 -2.88 6.92 2.4295
2.525 -1.5 6.57 4.1577
1.025 2.91 8.02 3.0252
0 0.39 10.47 1.2795
0 -0.79 11.34 2.7297
1.275 0.52 10.95 3.2332
1.225 1.7 12.87 1.3033
0.25 -2.24 11 1.2447
0 -2.51 11.11 1.7517
0 0.11 12.14 2.0801
0 1.53 12.24 0.6332
7.2 1.66 12.95 2.9202
9.85 3.54 11.66 3.4466
11.275 4.89 9.69 1.6885
4.225 2.66 6.99 2.5512
1.5 2.03 7.01 1.2981
2.25 2.25 8.11 1.969
0.725 -1.37 7.37 0.6571
0 -1.09 9.52 1.1548
0 1.87 10.58 1.2728
0 1.13 14.45 1.5008
0 1.93 15.88 1.5607
0 1.53 16.63 1.1332
0 2.99 16.04 1.7069
0 3.57 17.23 2.4185
0 2.82 18.99 1.0071
0.775 2.1 17.03 1.1552
3.35 4 12.41 2.256
10.475 3.02 9.13 2.9496
5.125 -2.72 5.96 2.1071
22.125 -2.15 10.83 3.7908
16.8 1.71 8.6 2.7152
2.325 -0.37 8.88 0.8318
22.325 0.47 13.39 4.5011
13.625 3.51 13.42 1.316
0.625 0.86 8.55 0.4219
0.45 1.22 13.55 2.2289
7.45 3.75 15.74 2.678
19.075 3.54 8.13 3.2635
8.55 -0.48 6.83 2.852
0.1 -2.3 6.94 1.3032
0.025 -0.48 10.59 2.4474
0.225 0.08 13.64 1.0577
1.55 3.11 13.65 2.5917
2.825 -4.66 6.69 3.7701
1.075 -2.97 8.25 2.1967
0 -2.83 7.6 0.3404
16.325 -1.27 12.66 2.0904
9.275 -1.33 11.84 2.4767
0 -1.96 10.83 2.4908
0 -1.14 13.99 3.6473
0 1.57 19.91 1.3259
0 3.74 21.35 0.8517
0 4.28 21.28 2.8363
0 0.01 20.9 2.129
0 3.31 22.72 1.8623
0 4.08 21.2 0.3998
0 3.17 19.46 1.6155
0 1.81 18.13 1.9395
0.525 1.75 18.58 1.8814
1.8 2.63 19.18 2.2512
0.85 -0.6 12.36 2.3584
0 0.38 15.22 2.6051
0 1.11 18.05 1.0926
3.075 3.22 19.97 2.4161
11.35 3.37 19.39 5.2304
5.9 0.26 9.05 2.8151
1.15 -2.64 8.65 0.8588
7.8 -1.65 11.23 2.1085
4.15 -0.04 8.7 1.8831
23.125 -0.55 9.18 2.7847
13.075 -0.47 8.25 2.9932
0 -0.64 8.45 0.8254
0 -0.88 13.27 2.12
0 1.52 17.93 0.6566
0 3.23 19 1.2071
0.75 3.95 18.54 1.9928
17.45 4.16 12.82 4.271
19.1 2.6 9.15 4.4918
4.95 0.35 7.86 1.0832
0 1.07 12.78 0.6907
0 2.06 14.03 0.8183
0 2.97 18.35 2.2073
0 3.06 18.31 1.4742
0 3.66 20.44 1.1662
4.675 5.54 22.07 1.602
19.75 6.3 20 2.5055
13.075 0.83 9.92 3.2142
2.1 2.13 5.76 1.9578
0.1 3.57 8.76 1.3465
0 4.63 18.99 0.9785
0 7.14 21.29 1.297
0 6.82 24.19 0.8215
8.425 7.5 24.08 3.9467
8.6 1.78 13.46 4.7972
2.325 0 8.63 3.7621
0.05 -0.9 10.09 3.4092
0 1.2 15.78 2.0202
0 3.03 19.23 1.931
0 5.06 22.89 0.9457
0 6.57 24.26 2.1812
0 5.45 22.44 3.7233
0 2.7 18.48 2.2781
0 1.74 18.64 0.7365
0.05 4.06 21.07 2.7792
1.65 4.44 19.63 3.6904
9.95 3.96 11.78 3.0576
4.975 -1.38 9.51 3.8413
0 -0.33 13.41 2.1144
0.025 3.74 19.66 0.992
0 5.69 22.29 0.6747
0 6.73 23.74 0.5572
0.8 8.82 25.34 1.2448
2.8 10.33 25 1.8629
1.375 6.38 17.58 1.6242
0.1 8.06 18.59 1.6028
0.05 8.94 20.75 3.4494
0.15 3.79 20.51 4.3213
0.15 0.79 13.94 3.6381
0.05 1.26 11.5 4.1753
0.925 3.08 15.58 2.3048
6.525 2.56 14.97 1.529
6.9 4.75 16.76 2.7839
6.775 5.45 14.49 2.3239
2.5 1.75 13.29 3.3416
0 2.54 15.14 1.8911
0 5.17 22.23 0.7011
0 9.51 25.92 2.5253
0 11.26 24.72 2.9597
0 9.72 23.08 2.5335
0 10.5 25.05 2.5893
0 12.49 25.69 2.6059
0 12.73 26.69 2.0147
0 13.56 29.48 2.959
0 11.96 29.89 3.1567
0 11.24 27.46 2.7103
0 10.89 27.67 3.7219
0 6.11 23.93 4.6797
0 6.92 20.16 5.02
0 9.75 24.18 3.6511
0 10.17 27.38 1.0072
0 11.3 28.26 1.7936
0 11.89 30.63 2.8418
0 8.07 27.69 3.0825
0 6.91 23.66 1.4254
0 7.76 27.13 2.4587
0 7.58 25.16 3.0952
0 6.68 22.73 2.6308
0 7.93 24.65 1.8282
0 9.43 25.86 1.1984
0 11.37 29.19 1.9714
0.775 12.22 30.2 2.1671
0.375 13.31 27.47 2.7748
0 12.71 27.26 2.54
0 14.43 30.2 1.1534
0 16.42 34.17 1.7075
0 15.83 36.32 3.0253
0 12.95 32.38 2.9516
0 10.53 30.15 2.7132
0 10.35 29.07 2.8822
0 11.95 27.93 2.2677
0 11.12 28.6 0.9811
0 12.24 31.24 1.9918
0 13.2 32.83 2.5762
0 14.06 30.7 2.4567
0 13.82 31.21 2.5131
0 15.63 32.41 2.2768
0 15.18 33.14 1.8323
0 16 34.52 2.2165
0 16.79 33.63 3.1522
0 16.3 32.2 3.1755
0 15.25 30.56 1.8691
0 15.89 32.61 1.5626
0 17.58 35.63 2.6735
0 18.03 36.74 2.7298
0 17.03 36.16 2.5778
0 15.15 36.43 2.1382
0 15.21 35.11 2.058
0 14.92 33.29 2.3548
0 13.87 31.94 1.0348
0 14.48 32.14 2.2897
0 15.44 33.25 2.1825
0 16.73 35.24 2.6614
0 16.62 34.13 2.7267
0 15.45 30.76 1.9159
0 12.95 29.59 2.3118
0 13.6 30.96 2.1054
0 13.18 31.82 2.3085
0 13.22 31.58 2.3017
0 12.52 31.12 2.0215
0 12.88 31.17 2.3531
0 11.77 32 1.4393
0 12.63 32.34 1.9438
0 13.25 32.26 2.0013
0 12.65 31.12 2.0301
0 12.79 30.85 2.4926
0.1 13.16 30.42 2.8011
0.05 12.9 28.66 1.9321
0 12.25 28.95 1.8207
0 12.23 29.22 2.173
0 11.14 26.86 1.14
0 11.8 28.81 1.5383
0 13.82 30.42 2.4589
0 13.61 30.56 2.8352
0 13.49 31.12 1.2188
0 14.13 33.25 1.5099
0 14 33.51 1.6274
0 11.93 31.85 1.9373
0 12.54 32.18 2.2524
0 13.13 33.2 1.7723
0 10.67 30.54 1.7516
0 10.9 28.28 2.2991
0 11.77 33.07 1.9027
0 15.59 37.62 0.5457
0 18.13 38.63 2.1304
0 14.36 34.97 2.363
0 10.12 31.09 2.7097
0 8.13 20 2.3011
0 7.74 21.22 2.4942
0 8.41 23.41 1.403
0 9.75 26.91 0.7297
0 12.74 31.38 0.3361
0 13.75 34.38 1.2547
0 13.69 34.42 1.1509
0 15.78 34.45 2.0565
0 12.04 31.42 1.2273
0 12.22 31.2 2.1965
0.025 10.63 29.9 2.7588
0 6.04 16.3 2.0123
0 5.91 21.69 0.6567
0 7.63 25.58 0.6011
0 10.59 29.64 0.9884
0 10.99 29.81 1.5941
0 10.01 27.59 1.4087
0 9.97 27.58 1.0653
0 10.09 27.99 1.7346
0 10.27 28.52 1.5607
0 10.74 27.86 1.4666
0 10.6 27.09 1.3262
0 8.9 24.59 1.3106
0 8.64 25.65 1.1098
0 7.96 23.61 2.6868
0 7.41 20.89 1.1954
0 7.82 25.96 0.6013
0 10.53 29.34 0.9596
0 15.05 33.66 0.5982
0 12.65 33.84 1.1396
0 14.43 35.28 0.6647
0 15.04 36.77 0.5525
0 14.85 35.51 0.3634
0 14.77 32.59 0.4594
3.225 15.03 30.49 1.1788
18.025 14.05 30.39 1.5147
15.475 11.08 21.92 1.5415
1.1 10.49 15.25 0.9885
1.95 6.54 15.81 0.7665
3.1 6.58 17.77 1.972
0.125 5.64 16.87 0.8362
0 6.79 21.31 1.9409
0 8.46 23.16 1.6501
0 10.11 25.9 1.5258
0 11.31 26.59 2.1633
0 11.58 29.06 1.4613
0 11.6 29.45 0.6267
0 11.18 29.53 0.4872
0 11.09 29.12 1.0385
2.675 11.64 24.97 0.9121
1.325 7.63 19.46 1.0845
0 7.56 18.08 1.6043
0 7.82 23.3 0.8526
0 9.05 22.78 1.8868
2.675 7.35 19.82 1.6128
19.85 8.67 18.95 1.6279
47.8 9.74 13.75 4.6413
19.725 5.24 13.45 3.455
0.05 2.82 14.64 1.6978
0 1.01 15.51 2.8374
0 0.34 16.17 3.3639
2.725 6.72 20.5 2.1853
3.525 6.84 20.62 1.841
0.875 4.11 11.2 0.9629
0 4.48 17.88 1.8765
0 5.23 19.78 3.0225
0 7.53 22.33 2.7565
0 9.33 25.81 1.8296
0 9.49 25.96 1.1079
0.175 8.66 25.13 2.0975
14.95 7.44 21.06 3.0485
8.775 1.84 10.64 2.6074
2.025 -0.41 10.68 0.5984
1.45 0.88 12.11 1.6525
0.05 -0.12 10.47 2.4656
0 1.32 13.7 1.4597
0 1.89 15.05 3.0483
0 3.78 16.28 1.6797
0 4.98 18.4 2.5793
0 4.73 19.22 1.1355
0 4.24 18.35 2.0082
0 3.12 18.96 1.8209
18.475 3.43 18.4 2.4894
24.55 0.38 9.74 3.0665
19.35 -0.84 5.55 4.9927
10.95 -0.38 4.33 2.931
14.05 1.14 6.16 3.9161
6.45 -4.6 3.4 1.2097
0 -5.23 5.18 3.2041
0 -4.85 5.59 3.326
10.85 -2.32 9.37 2.6225
6.925 -3.75 5.04 2.5204
0 -6.63 5.25 2.3745
0 -4.89 5.82 3.0735
0 -1.23 9.12 2.3056
0 -0.72 12.47 2.6452
0.125 3.8 10.11 1.4324
1.5 4.6 12.49 2.2545
15.575 4.49 11.6 2.465
7.675 4.29 14.91 3.4049
0 1.72 12.05 2.2644
3.65 2.81 14.17 2.0212
4 4.57 11.88 1.0523
0.925 5.76 12.07 1.3394
0.025 4.14 13.99 0.4293
0 3.68 15 2.3541
0 3.15 14.72 1.375
19.425 3.3 12.4 1.7092
11.45 1.67 10.09 1.548
3.225 -1.07 8.82 2.3911
40.45 -1.27 8 3.6018
52.05 3.65 8.67 5.2457
38.675 5.6 10.15 5.9234
16.9 2.22 11.49 2.2918
8.475 1.49 3.5 2.6127
8.65 1.68 7.76 2.2491
3.9 2.87 7.55 0.4143
0 1.04 9.92 2.9863
18.175 0.97 12.47 5.3988
9.75 0.35 11.79 1.9506
0.05 -0.26 7.45 0.9012
46.35 0.02 9.05 2.2691
31.025 2.42 7.35 4.3367
2.7 -5.96 5.23 2.3992
1.7 -7.35 3.08 1.516
18.75 -6.73 4.06 4.3186
17.55 -3.06 5.05 4.9397
6.4 -0.49 5.05 2.5334
0 -2.86 5.75 3.2508
0 -2.52 8.13 3.8773
0 -1.19 9.67 5.2055
0 -1.22 9.41 3.5552
0 -1.77 10.25 1.8415
0 -1.83 6.74 1.3888
0 -3.89 4.21 3.1137
2.625 -2.58 6.43 3.4156
2.55 1.93 10.89 2.1049
0.55 1.26 12.46 1.6646
0.35 2.73 10.25 1.3133
0 0.24 12.28 2.6592
0 2.86 13.27 0.9728
0 3.68 13.7 0.799
0 3.56 12.81 2.4701
0 1.23 12.01 1.4827
0 0.78 13.82 4.1975
0 1.04 15.63 3.767
0 1.39 15.59 2.7575
0 1.13 17.14 3.9952
0 1.13 16.71 1.9269
0.025 1.86 15.83 2.2178
0 2.19 16.54 4.9665
0 2.04 18.37 3.431
0.05 1.92 17.98 1.8043
5.875 0.82 16.54 0.5111
8.1 0.24 13.53 1.8359
2.1 -0.86 7.22 1.3742
0 -1.12 9.03 1.7287
0 -2.39 11.36 3.013
0 -2.06 11.86 2.0614
0 -0.77 12.38 2.6166
0 2.11 15.42 1.737
0 1.19 16.56 1.9678
0 3.33 18.49 0.6759
0 -0.06 18.07 2.2239
0 -2.31 12.05 3.5045
0 -2.7 11.76 3.7809
0 -1.62 13.1 3.9426
0 -0.22 16.79 2.8525
0 0.2 19.29 1.1626
0.225 0.23 18.71 3.6322
12.275 3.67 12.84 4.345
13.2 2.43 12.61 5.7476
25.45 -0.6 4.42 4.6099
34.925 -0.8 3.82 2.9243
13.775 -1.16 6.14 3.4106
1.2 -4.33 5.49 0.7972
0 -4.1 7.02 1.1214
0 -4.44 6.72 0.4549
0 -3.7 10.28 0.5619
6.025 -2.54 9.23 2.2051
13.575 -0.46 6.76 5.4609
5.475 -5.7 4.12 0.9656
0.025 -6.74 3.08 0.4032
0 -6.13 7.48 2.1945
4.3 -4.9 11.08 1.761
14.25 -1.72 12.24 3.7386
6.125 4.01 12.61 1.2933
0.275 -1.01 12.33 1.4595
4.6 -0.03 14.43 0.6399
26.35 2.19 16.42 1.7165
15.85 3.65 8.63 4.3404
0.5 -0.17 9.22 0.463
0 0.89 14.64 1.4605
0 3.12 17.35 0.7838
0 2.2 16.59 1.3213
0 2.06 13.79 0.6378
5.225 2.62 15.18 1.072
3.95 4.76 13.44 1.098
20.075 5.47 16.53 1.2366
17.35 6.3 17.19 2.3299
1.3 -1 10.07 1.0237
20.875 -1.29 12.29 3.4364
37.975 -0.6 8.64 4.7923
57.325 0.98 5.89 5.565
30.05 -0.45 4.66 2.4079
6.425 -0.98 7.32 1.2957
13.95 -0.2 10.31 5.0215
28.375 1.34 6.55 5.4514
21.7 -1.57 4.51 3.8082
15.875 -0.2 8.13 3.039
7.475 2.19 5.72 1.4022
0.15 2.54 10.38 0.7186
0 1.76 13.96 1.4928
0 2.56 15.69 2.1427
0 4.64 18.6 2.3869
0 5.72 23.57 1.7464
0 6.54 25.57 1.0219
0 2.79 19.71 1.4764
0 2.78 17.98 1.8193
0 3.8 21.19 1.4402
1.35 3.96 21.14 1.817
7.6 1.9 19.36 3.4538
4.375 -2.76 5.83 1.504
0.375 -3.49 6.04 1.3987
0 -3.1 11.13 0.545
0 -0.66 14.8 1.6998
0 1.44 15.91 1.6248
0.425 1.64 16.38 2.6825
0.25 -0.99 9.56 0.6375
0 -0.75 15.39 0.7823
0 2.79 20.17 1.623
0 3.82 22.16 2.31
0.15 6.88 22.3 2.6046
0.075 8.17 18.93 1.614
0.4 6.84 18.86 1.9774
2.65 7.88 16.21 2.1294
1.425 2.94 16.07 0.9517
0.85 3.25 15.63 1.1458
0.575 5.11 15.19 2.1212
0.325 4.47 14.58 2.202
0.025 1.47 16.26 2.7384
0 2.4 17.6 0.9848
0 3.35 20.02 2.3796
0 3.07 19.16 4.6451
0 0.82 16.5 3.5422
0 1.56 18.93 1.8166
0 3.24 21.74 0.4667
0 5.63 23.68 0.9566
0 7.27 24.1 2.9517
0 9.2 27.15 0.774
0 9 28.65 1.5399
0 8.08 26.59 2.0383
0.025 7.01 21.77 2.902
1.5 2.66 12.69 3.1757
0.8 1.28 11.94 2.6361
0 3.52 19.65 1.8281
0 6.71 22.41 1.2509
0 7.06 24.25 0.7283
12.6 7.93 25.22 2.8072
11.425 1.73 14.95 2.5964
4.525 0.56 9.05 1.2745
20.15 1.96 11.31 3.4848
11.425 3.48 8.35 2.242
0.65 2.02 12.51 3.1116
0 2.58 19.28 1.7988
0 6.35 22.62 2.1829
0 6.22 22.36 3.1801
0 4.99 20.72 4.5617
0 4.58 18.26 2.5343
1.25 5.61 20.56 2.6656
0.65 3.63 17.86 2.3852
0 4.25 18.27 3.1991
2.75 4.03 18.31 4.1569
2.275 3.13 14.42 4.77
0.3 2.81 15.02 2.7728
0.425 4.24 17.92 2.4661
0.575 6.93 18.3 2.773
0.325 2.37 13.3 1.6545
0.4 3.18 16.04 0.5581
7.25 4.01 16.95 3.1976
15.2 10.19 12.58 1.07
6.775 6.39 18.4 3.2689
0.125 5.08 15.17 2.1173
0 6.28 20.12 3.0749
0 8.94 23.79 1.7331
0 9.66 26.03 2.6372
0 9.39 25.77 3.1645
0 8.22 22.82 2.7323
0 8.94 24.69 2.7389
0 11.31 27.66 2.0652
0 12.35 30.39 1.9939
0 12.06 29.77 2.6476
0 9.94 26.77 1.6037
0 11.37 27.26 2.8357
0 10.77 28.07 2.1502
0 12.05 28.1 0.5084
0 13.6 31.3 0.6829
0 15.76 34.3 2.4923
0 14.13 33.84 2.5955
0 12.07 31.08 2.5689
0 10.34 29.04 2.6967
0 10.66 28.11 2.4434
0 12.05 29.4 2.434
18.125 12.35 29.63 2.2878
9.9 9.94 24.72 2.3248
0.575 7.69 19.21 2.3397
0 10.51 25.14 1.3059
0 12.86 30.43 0.9318
0 14.9 33.41 0.6705
0 15.25 34.15 1.5219
0 15.84 33.73 1.8223
0 16.74 33.58 2.5472
0 17.17 33.73 2.7565
0 15.63 32.33 2.1433
0 14.93 32.44 2.5065
0 12.84 31.71 2.202
0 11.68 30.65 2.3155
0 11.49 27.75 2.4323
0 11.36 26.96 3.1105
0 10.94 24.55 2.7324
0 10.97 24.31 3.3135
0 10.05 24.33 3.1062
0 10.45 25.32 1.9616
0 11.03 26.98 1.1694
0 11.87 28.11 1.8982
0 12.19 29.08 1.4934
0 12.68 30.13 2.3089
0 13.28 31.33 2.7736
0 13.78 31.28 1.9071
0 14.86 31.61 1.8254
0 13.41 32.78 2.1099
0 12.31 31.43 1.9214
0 12.29 31.06 1.7222
0 13.32 31.22 1.664
0 14.49 33.81 2.4472
0 15.2 33.98 3.0301
0 17.7 33.62 2.0627
0 16.72 30.88 1.3927
0 15.13 32.14 1.8297
0 14.5 33.2 2.0655
0 13.25 32.84 3.0117
0 12.26 28.95 2.3881
0 13.02 29.69 3.0233
0 14.6 29.99 2.402
0 12.99 30.85 1.7962
0 12.64 31 1.913
0 12.29 31.14 2.2273
0 13.08 31.53 2.6598
0 12.54 30.96 1.8062
0 13.46 31.35 1.2761
0 14.78 32.9 2.0296
0 12.01 31.74 1.5485
0 11.81 30.89 1.3294
0 11.93 31.44 1.7367
0 12.15 31.85 1.731
0 12.96 32.23 2.6507
0 12.12 30.01 1.9369
0 11.68 29.33 1.3529
0 11.56 29.04 1.0931
0 12.76 30.42 0.972
0 13.61 32.55 1.9796
0 14.86 32.78 1.1787
0 15.09 32.82 0.7141
0 15.17 34.17 1.0121
0 15.75 34.43 1.3468
0 14.39 34.54 1.7232
0 13.22 33.34 1.7797
0 11.78 31.41 1.7073
0 12.29 30.13 0.7829
0 12.95 30.42 0.6797
0 13.71 32.44 0.8601
0 14.61 32.26 0.9773
0 17.13 33.77 1.821
0 13.21 32.54 0.7932
0 13.65 33.15 1.0041
0 13.95 33.67 1.0218
0 14.78 32.84 1.4968
0.4 12.62 32.64 0.8902
1.3 14 31.59 1.66
1.175 11.68 24.6 1.5443
1.625 12.18 27.73 0.668
0.675 12.1 28.97 1.4024
0 12.67 28.39 2.4281
0 11.8 28.04 1.7471
0 9.63 25.14 1.7143
0 9.1 25.6 0.4681
0 11.03 29.42 0.2986
0 13.01 32.33 1.0053
0 13.6 32.45 0.5902
0.675 14.33 33.01 0.341
0 14.15 34.11 0.5354
0 15.06 34.37 1.5865
1.25 12.67 30.31 2.2049
0.025 9.7 21.83 2.0108
0 9.91 25.85 0.6669
0 12.89 29.91 0.6317
0 12.56 30.54 1.0651
0 13.27 31.31 1.2854
0 11.03 28.42 2.1701
0 10.88 24.82 1.7618
0 9.87 24.71 1.88
17.825 6.9 20.49 2.1905
15.125 6.5 17.14 3.5858
4.275 4.34 11.79 0.8692
1.1 1.75 10.56 0.9024
0 1.92 15.53 1.2468
0 3.52 19.42 1.1423
1.3 7.04 21.64 1.4647
1.125 9.96 17.1 1.5904
0 8.37 22.61 0.9658
0 8.37 25.6 0.6754
0 11.12 27.47 0.4088
0 10.35 27.24 0.9216
0 10.61 27.38 1.2483
0 10.95 24.87 1.5688
0 10.79 26.21 1.4072
0 10.16 27.18 0.9639
0 10.73 24.49 0.6963
0 8.83 24.35 0.7348
0 8.51 23.65 2.1798
0 8.88 25.34 1.6562
0 8.71 26.77 1.8623
0 8.07 24.24 1.3524
0 4.45 19.39 2.9578
0 3.05 18.22 3.2197
0 4.65 19.06 1.9065
0 5.52 20.69 1.0075
0 6.1 21.8 2.0521
0 6.52 23.44 0.3056
0 5.46 22.71 3.2763
0 4.74 20.65 4.1301
3.6 3.34 20.58 3.4491
2.95 0.75 18.54 1.7299
5.2 -2.46 7.96 0.4268
2.95 -2.11 8.43 1.4342
0.05 -1.99 7.93 0.8394
0 -2.13 8.9 2.1237
0 -0.29 12.32 3.1216
0 0.49 14.82 3.1288
2.275 1.81 17.48 3.7443
1.45 6.07 15.22 0.9319
0 4.47 14.05 0.285
0 6.22 15.44 0.849
0 2.97 14.95 0.6799
0 2.93 16.11 0.9526
0 2.69 16.52 0.8484
0.175 3.01 16.06 2.9897
3.65 0.29 9.35 2.1039
2.9 0.35 8.69 4.0997
0.6 -1.13 8.83 1.7989
0 -0.75 10.88 2.5339
0 0.14 11.78 3.7363
0.1 0.02 14.55 2.0974
0.65 1.59 11.58 0.7219
0 1.89 14.49 2.8279
0 2.65 17.18 2.3259
0 3.82 20.25 1.0766
0 4.12 16.97 1.6475
0 0.8 18.38 3.7109
0 0.05 15.09 8.0562
0 0.14 12.79 3.4816
0 -0.89 13.79 4.2038
0 -2.54 12.09 2.7383
0 -2.82 10.45 3.473
0 -3.15 11.06 3.052
0 -2.69 11.24 3.3938
0 -1.5 12.91 3.3103
0 -1.12 12.54 4.2007
0 -1.03 14.79 3.1291
0 -2.04 14.05 0.824
0 -2.14 11.13 1.6133
0 -2.79 10.09 1.4417
0 -2.96 10.21 1.0714
0.575 -2.85 10.12 0.8505
0.275 -2.22 8.79 5.2237
0 -0.47 12.15 4.4324
0 -1.9 14.33 2.6537
0 -1.98 12.42 4.4362
0 -2.31 10.94 4.2795
0 -2.77 11.06 3.4398
0 -3.82 11.61 4.5058
0 -3.35 11.88 3.9794
0 -2.73 11.84 4.9
0 -2.09 14.75 3.4439
0 -0.77 15.51 1.2766
0 -0.86 14.64 1.1389
0 0.06 14.46 1.2566
0 3.02 16.62 0.9055
0 2.15 15.07 1.0498
0 -0.35 13.96 2.3655
