1.45 -13.17 -0.42 1.4945
10.75 -10.72 -0.69 1.705
5.9 -13.35 -1.05 1.662
0.95 -16.92 -5.31 4.2988
3.55 -15.86 -6.38 1.803
1.775 -9.8 -4.71 0.568
0 -10.07 -1.21 1.3743
0 -8.15 0.8 0.682
0 -11.26 3.91 4.4887
0 -11.12 4.15 3.1454
0 -9.08 2.88 2.2653
0 -7.33 6.38 5.4046
0 -6.26 6.91 3.7117
0 -9.36 6.83 3.2758
0 -7.99 7.37 3.7204
0 -8.55 8.24 4.8127
0 -9.08 6.25 4.2252
0 -9.26 5.73 4.8242
0 -8.03 5.25 4.8941
0.075 -7.37 4.47 3.4056
16.8 -7.12 5.32 2.6937
32.125 -5.02 5.54 2.1359
68.425 -5.61 1.35 1.5834
56.9 -5.49 -0.33 2.7709
17.125 -9.55 -2.84 3.6057
2.925 -14.67 -7.83 0.7403
0.5 -15.18 -5.91 1.2346
0 -12.97 -3 1.3257
0 -10.94 -0.67 4.2543
0 -9.49 4.58 4.49
0 -7.53 5.51 3.0786
0 -8.11 5.4 3.2838
0 -9.52 4.5 3.7525
0 -9.57 6.84 3.7374
0 -6.44 8.15 2.9558
6.825 -6.01 7.01 2.4401
11.3 -8.39 -1.48 2.5888
4.325 -9.7 -3.58 2.9041
23.125 -9.79 -0.91 1.2299
13.875 -13.79 -2.58 3.7479
4.7 -18.65 -7.87 0.5271
12.6 -16.8 -6.17 2.6648
6.8 -12.79 -6.26 1.4204
16.15 -13 -5.36 3.1371
9.275 -12.67 -6.92 3.4135
3.7 -10.95 -4.76 5.528
30.575 -9.82 -5.72 5.402
24.425 -10.92 -6.72 4.208
4.4 -13.46 -7.06 1.1402
0 -13.28 -3.78 3.3387
0 -12.67 -0.21 2.4347
7.85 -11.53 1.06 3.7266
30.475 -11.16 0.68 3.3453
21.475 -6.98 -3.81 2.456
5.95 -8.49 -1.39 1.7206
2.875 -8.94 3.97 1.5699
0.75 -8.34 -1.53 2.9389
0 -10.58 2.15 0.4967
0.025 -9.62 5.02 3.7849
19.375 -6.1 4.37 2.8713
30.75 -5.41 1.37 4.213
42.45 -6.72 0.51 4.9473
21.2 -10.19 -4.49 3.1244
3.75 -14.81 -5.38 0.7407
1.575 -13.38 -2.74 1.8959
0 -14.06 -3.45 0.304
0 -14.35 0.83 1.4633
0 -11.1 3.38 2.6165
0 -14.36 -2.69 0.4869
0 -13.79 2.17 0.8872
0 -11.08 2.64 2.3779
0 -10.87 5.31 2.6582
0 -9.99 6.9 1.4633
0 -8.59 4.47 2.6342
0 -7.73 4.86 3.1743
0 -7.1 7.58 1.0298
0 -6.31 9.06 0.8912
0 -4.45 11.31 0.8332
0.175 -6.19 11.53 0.6539
27.575 -5.76 10.7 2.0911
21.55 -10.55 2.33 4.2211
2.275 -16.24 -7.43 2.1394
0 -14.87 -2.53 1.9131
0 -11.42 4.66 0.4015
0 -7.77 6.85 1.9133
0 -7.88 9.36 2.0932
0 -7.2 8.76 1.301
0 -5.93 10.7 3.3839
0 -9.22 6.15 2.0119
0 -8.33 5.86 0.2803
0 -6.62 7.74 2.5256
0 -5.93 9.9 2.5744
0 -8.1 8 5.3034
0 -11.96 0.54 1.8959
0 -10.94 4.92 2.9472
0 -9.15 8.83 2.5228
15.2 -6.1 11.45 1.3065
15.35 -9.39 8.46 3.593
10.675 -8.98 -1.65 1.845
5.3 -8.69 -0.38 2.1248
0.675 -9.25 -0.84 3.6793
0 -7.69 3.77 1.4379
0 -7.39 8.3 2.0339
0 -5.69 7.29 4.5091
0 -13.42 1.25 6.2857
0 -12.2 -0.6 3.2895
0 -9.63 5.14 1.6101
0 -7.01 10.34 3.0863
0 -4.65 13.7 2.9609
0 -1.15 16.86 1.5515
0 0.26 19.03 1.0265
0 1.43 19.59 2.1923
0.15 -0.31 18.18 3.0867
2.475 -3.02 12 3.3405
1.425 -10.53 1.34 3.5418
0 -8.99 4.73 1.7834
0 -6.83 7.26 2.3674
0 -7.58 7.75 3.36
0 -9.11 4.8 1.4974
2.025 -6.52 7.9 1.8644
65.375 -0.16 10.94 2.1302
45.45 -3.4 7.09 2.7779
13.9 -2.32 2.52 4.0307
7.175 -4.72 4.14 2.0491
0.875 -1.28 8.82 4.0649
0 -3.64 10.61 2.4503
0 -2.72 13.68 2.7125
0 -1.31 14.38 1.5616
0 -2.3 15.03 0.9658
0 -0.37 15.43 0.6968
0 -1.34 16.56 2.9379
0 -1.63 15.58 3.2822
0 -2.62 13.6 2.2124
0 -2.01 13.33 3.054
0 -0.83 14.76 1.5469
0 0.22 17.36 1.8139
0 4.37 21.57 0.4008
0.95 5.94 23.33 2.4991
0.575 3.37 22.85 2.923
0 0.7 17.39 1.6544
0 0.15 16.39 0.7761
0 0.71 17.52 2.3664
0 0.54 17.2 2.8961
0 0.07 16.16 2.6575
0 -1.6 15.85 1.708
0 -0.6 15.82 1.2
0 1.51 17.29 0.7549
0.95 3.06 18.78 1.6925
0.575 2.64 18.05 2.4227
22.025 2.83 17.34 3.3309
13.225 2.78 16.8 2.106
0.45 2.39 16.1 1.8341
0 1.41 14.08 2.1817
0.575 1.7 13.55 0.5898
12.35 -1.33 11.86 2.1479
10.65 -3.74 10.51 3.8591
5.525 -4.97 2.48 2.6353
2.05 -3.58 4.72 2.7631
0.225 -2.65 10.68 2.5168
0.15 0.15 12.81 3.3567
0 0 11.97 3.0858
0 -2.14 10.55 3.2513
2.025 -1.44 11.51 2.0775
3.55 0.22 10.74 3.6573
1.4 -2.19 10.39 2.5183
0.55 -1.68 11.45 2.387
0.35 -0.77 11.92 2.2605
0 1.68 12.83 2.8836
0 1.69 15.31 1.5961
0 3.99 20.34 2.6013
0 1.18 19.04 3.1674
0 -1.14 14.68 3.0903
0 -1.24 12.63 1.2622
0 0.44 15.43 0.8253
0 3.34 19.23 1.4039
0 3.81 21.58 2.7725
0 2.83 19.47 1.5706
0 3.9 20.14 0.8837
0 4.73 24.02 0.4354
0.3 7.29 25.29 2.9868
0.2 6.88 24.78 2.9759
0 5.8 22.99 2.2339
0 6.72 22.79 1.5872
0 5.1 21.28 2.9344
0 3.87 21.9 2.5656
0 3.45 21.01 2.8895
0 2.66 20.78 2.7395
0 1.53 18.84 2.9491
0 1.21 18.2 2.5872
0 1.01 18.49 2.5203
0 1.29 18.48 1.9161
0 2.92 19.72 2.01
0 3.91 20.76 2.4604
0 4.11 20.41 1.4197
0 3.78 21.38 0.8787
0 4.21 21.94 1.5444
0 6.3 24.47 2.1439
0 6.96 23.96 1.8865
0 7.86 25.51 2.0662
0 8.73 25.76 1.9314
0 8.71 26.54 2.4728
0 7.39 26.27 2.568
0 6.16 24.37 2.2229
0 8.28 24.74 2.0777
0 6.82 23.83 2.2062
0 6.39 23.91 2.3086
0 6.5 24.24 1.9775
0 6.93 25.05 1.6499
0 8.53 25.08 1.8939
0 7.29 25.01 2.7445
0 7.81 23.91 2.4061
0 7.1 23.34 2.3232
0 6.6 23.23 2.3546
0 6.23 22.32 3.2186
0 3.79 20.71 2.8833
0 3.81 20.81 2.5646
0 5.43 20.62 2.7218
0 2.75 18.67 3.452
0 -1.62 10.1 1.9686
0 0.15 12.74 1.2328
0 2.11 17.28 0.1545
0 3.84 20.48 1.0604
0 5.36 21.98 2.9571
0 5.28 23.26 2.8264
0 5.36 22.4 3.0159
0 3.32 21.14 3.0995
0 0.69 18.86 1.3341
0 0.67 18.39 0.3206
0 1.87 20.05 0.6877
0 3.38 22.07 1.0148
0 5.9 24.4 1.2935
0 5.74 25.48 1.9005
0 6.67 24.9 2.3236
8.025 6.67 25.48 2.291
9.05 5.15 20.3 3.4127
2.525 2.75 19.37 1.6898
0 2.55 19.2 1.6534
0 2.45 20.79 0.7025
0 2.84 21.58 1.4272
0 5.13 21.24 1.0632
0 5.58 21.98 1.3918
0 4.95 23.26 3.0828
0 5.74 21.94 2.2201
0 4.46 21.51 1.2731
0 4.96 21.73 0.1602
0 6.44 22.75 1.3996
0 5.7 22.46 2.015
0 3.11 21.17 2.2178
0 1.18 19.06 2.07
0 1.97 16.98 1.3253
0 1.32 17.08 0.4169
0 2.68 18.11 0.9143
0 4.16 20.28 0.3431
0 5.01 21.92 0.9796
0.325 5.67 24.3 1.3873
2.125 4.13 20.98 2.5102
0.8 1.1 16.08 2.9132
0 -0.83 11.68 1.464
0 1 16.58 1.1073
0 2.27 19.27 0.3332
0 2.73 20.97 1.1438
0 4.88 23.09 2.4012
0 2.4 21.34 0.9023
0 4.07 19.5 2.8028
0 3.06 22.31 2.5707
0 2.93 22.64 1.7041
0 2.49 22.12 0.9552
0 2.66 22.1 0.7911
0 3.97 23.19 1.1683
0 3.62 24.31 0.424
0 3.52 24.33 2.2731
0 4.45 19.7 2.6348
0 -7.02 8.45 2.3028
0 -6.2 9.4 2.5242
0 -3.79 13.19 0.8305
4.725 -1.67 13.78 3.0861
3.2 -8.42 9.88 3.5602
0.2 -9.91 -0.98 0.3276
0 -9.08 6.48 3.3258
0 -6.98 8.99 1.7727
0 -4.88 10 1.33
0 -4.26 11.92 0.8447
0 -3.27 13.44 0.7002
0 -4.11 13.07 2.0877
14.975 -3.39 11.99 2.0604
102.03 -3.01 6.37 6.4665
57.05 -2.63 3.26 4.6585
0.725 -0.93 6.97 0.7348
0 -0.99 12.92 2.1392
0 -1.61 14.45 1.1421
0 0.16 16.9 2.043
4.075 0.25 12.88 2.5216
2.45 -6.91 4.77 2.2687
0 -6.77 6.98 1.0447
0 -5.01 9.9 0.6119
0 -4.79 11.09 0.8774
0 -2.4 13.1 1.067
0 -2.35 10.03 1.8922
0 -3.01 11.3 1.17
0 -3.5 12.32 4.2331
0 -8.12 1.59 5.0483
0 -10.6 0.67 0.8181
0 -9.1 3.23 0.0431
0 -6.17 9.18 0.8602
0 -4.89 11.71 0.7722
0 -2.29 13.08 1.1997
0 -2.7 14.64 1.1707
0 -2.67 14.36 1.7985
0 -3.4 13.38 2.3868
0 -6.36 8.84 0.8533
0 -7.02 7.47 1.3597
0 -8.77 5.07 1.8296
0 -8.11 5.33 1.3213
0 -7.04 7.03 0.7726
7.375 -5.21 6.93 0.5672
7.775 -5.49 7.15 1.9535
2 -10.28 -1.22 1.0786
0 -10.91 0.11 1.0367
0 -10.96 0.8 2.9038
0 -9.23 4.47 2.2167
0 -7.93 6.28 1.8362
0 -7.74 7.64 1.2746
0.65 -10.12 2.75 2.415
6.55 -9.16 4.69 4.1284
3.675 -8.59 3.74 0.9573
0 -8.39 0.15 0.6375
0 -10.29 3.35 2.5026
0 -9.49 2.38 3.7918
0 -8.44 3.9 4.2061
0.9 -8.55 4.91 2.7406
3.7 -7.28 6.28 1.2419
1.875 -9.66 2.86 5.1914
0 -9.59 -1.76 5.2367
0 -9.9 -0.23 3.8777
0 -9.53 3.08 1.7179
0 -10.58 3.28 2.4395
0 -12.24 4.93 2.257
0 -11.3 0.89 2.1315
0.025 -10.57 3.04 0.9313
14.075 -13.41 -1.1 2.413
15.825 -12.05 -3.67 0.9953
4.425 -21.81 -10.18 0.7964
0 -21.4 -9.66 1.8355
5.575 -18.34 -8.14 2.9492
32.05 -10.94 -4.23 2.6507
64.85 -7.81 -3.46 3.6458
32.4 -9.67 -3.31 4.6038
2.275 -13.29 -5.68 0.9307
0 -12.9 -5.51 2.9505
0 -11.03 -1.19 2.3543
0 -9.21 0.74 2.1795
0 -8.9 0.22 2.7439
0 -9.71 0 4.0263
0.775 -9.24 0.04 2.8483
14.725 -8.66 3.12 1.9459
10.525 -12.01 0.38 3.6527
0.175 -16.24 -6.43 2.7864
0 -13.07 -1.93 3.8107
0 -12.96 -1.84 3.6879
6.8 -12.89 -3.42 3.9603
4.075 -12.04 -2.55 1.9802
2.725 -12.87 -5.48 3.2368
9.9 -11.08 -3.42 0.8246
5.15 -9.37 -3.77 1.5629
0.1 -9.84 -4.28 2.4809
0 -10.23 -0.61 2.0352
0 -10.64 -0.46 1.101
0 -10.69 -0.2 3.8886
0 -11.06 0.99 2.84
0 -9.69 0.91 2.2929
0 -9.87 1.34 2.8391
0 -9.05 1.79 2.8718
0.15 -7.5 3.22 3.0974
2.025 -7.1 3.51 2.2315
1.225 -5.44 1.06 2.4514
1.5 -6.15 1.08 3.0491
28.05 -7.57 3.95 4.4064
16.725 -7.59 -0.5 2.1127
0.25 -12.34 -2.2 1.5392
0 -11.24 -1.47 3.3361
1.175 -9.87 1.84 1.8532
20.225 -9.86 2.23 2.5732
48.025 -8.98 -0.85 4.6402
40.05 -10.39 -4.83 5.5304
45.825 -10.58 -6.3 6.397
45.45 -12.83 -7.7 3.9861
24.475 -12.43 -8.04 4.0925
5.95 -12.95 -8.36 0.9907
1.625 -16.12 -7.03 2.0843
4.7 -13.28 -5.73 3.6992
2.25 -10.04 -4.34 2.8406
0 -10.7 -0.95 1.4425
0 -13.82 -0.18 2.9123
1.725 -12.42 -2.87 3.108
1.025 -9.8 0.44 1.5558
0 -14.91 -1.04 0.9809
0 -18.02 -2.07 1.7142
0 -11.3 -0.29 1.8985
0 -11.11 -0.06 0.638
9.8 -10.3 0.34 2.6357
17.25 -7.63 0.16 3.2857
16.5 -8.16 -2.51 1.7284
5.8 -9.71 -4.04 2.386
1.225 -11.39 -3.94 1.5223
1.8 -11.17 -3.93 2.3573
0.625 -12.25 -4.77 0.4366
0 -11.61 -2.01 1.064
0 -9.38 0.21 1.1917
0 -9.63 3.19 1.279
0 -9.29 4.53 1.5013
0 -10.43 6.24 0.8259
0 -8.2 5.94 1.7364
0 -8.17 6.68 2.4688
0 -7.96 7.28 1.1925
3.25 -9.05 6.58 1.3012
7.675 -7.87 1.7 2.2438
17.65 -8.61 -0.65 2.9125
9.1 -14.14 -5.38 2.552
34.825 -13.61 -0.62 3.6612
27.525 -9.83 -0.59 2.8902
3.5 -11.55 -1.95 0.6355
31.125 -10.09 2.4 4.5556
20.8 -8 1.46 1.5535
1.375 -9.73 -4.31 0.6486
0.7 -9.77 2.67 2.4919
11.775 -7.48 4.47 2.6991
23.225 -8.79 -1.49 3.3045
9.85 -12.04 -3.52 3.1613
0.075 -13.77 -4.75 1.2857
0.025 -11.4 -0.26 2.6996
0.225 -10.98 0.89 0.7161
5.775 -9.22 1.47 2.3834
5.8 -15.69 -4.68 3.8154
1.45 -12.63 -3.64 1.9155
0 -13.72 -4.39 0.5741
29.25 -11.61 2.09 2.3204
17.55 -11.45 1.93 2.4478
0 -13.07 -1.26 2.8147
0 -12.34 3.96 3.9181
0 -9.88 8.8 1.5483
0 -6.95 9.96 0.6792
0 -6.36 9.98 3.0511
0 -12.78 7.19 2.194
0 -6.28 11.16 2.1497
0 -7.74 9.96 0.85
0 -7.38 7.98 1.1855
0 -8.93 8 2.3959
1.325 -8.9 9.07 2.3166
4.325 -7.86 8.91 2.6171
2.1 -11.12 1.33 2.4112
0 -10.04 2.77 2.9803
0 -8.75 7.66 1.5104
5.1 -6.47 9.49 2.9086
20.525 -6.58 9.65 5.8904
10.775 -10.31 -2.45 3.2082
1.025 -13.09 -2.68 0.7657
8.725 -11.9 -0.61 2.4834
5.1 -9 -1.06 2.0691
28.275 -10.96 -1.14 2.7359
16.975 -12.02 -3.75 3.4965
0.025 -13.53 -3.25 0.6324
0 -12.14 2.29 2.3362
0 -8.76 7.88 0.2863
0 -6.81 9.78 1.781
0.775 -6.75 8.8 1.9118
21 -6.66 4.97 3.7721
17.725 -10.19 -0.99 4.6566
3.225 -10.66 -3.61 1.0943
0 -9.95 2.69 0.6584
0 -8.95 4.23 0.8648
0 -6.51 9.21 2.5042
0 -7.67 8.95 1.251
0 -6.71 11.48 1.1072
4.325 -5.71 13.25 1.7451
19.1 -3.3 10.82 2.9106
11.525 -10.09 -0.64 2.8743
0.95 -8.7 -4.85 1.5007
0 -7.58 -1.92 1.3228
0 -6.8 8.19 0.6064
0 -4.82 10.72 1.356
0 -3.38 13.19 0.7302
11.775 -1.63 14.06 4.6262
14 -6.94 3.93 5.2349
4.425 -12 -3.27 3.9175
0.15 -11.35 -1.44 3.3196
0 -8.79 4.23 1.786
0 -6.97 8.59 1.9879
0 -5.24 12.43 1.1697
0 -3.08 13.66 1.9085
0 -3.26 12.79 3.4869
0 -6.55 8.74 2.2217
0 -7.09 7.77 0.9708
0.1 -4.59 10.66 2.8368
4.425 -5.94 9.51 3.6818
20.85 -9.08 0.31 3.5562
11.175 -12.64 -0.02 4.5125
0.125 -9.94 1.01 2.2835
0.3 -5.67 7.68 1.2443
0.175 -4.6 10.41 0.7977
0 -2.81 12.41 0.6521
1.475 -0.15 14.51 1.4153
7.125 0.84 14.07 2.274
3.75 -5.84 5.96 2.4265
0.475 -3.78 7.62 1.6853
0.275 -1.16 10.69 3.3498
0.4 -4.41 11.33 4.3634
0.325 -9.32 4.94 3.6765
0.475 -9.29 0.06 4.0799
1.875 -7.7 2.68 2.3359
6.575 -8.13 3.19 1.6362
17.275 -4.28 6.5 3.4325
26.3 -6.38 3.13 2.6405
10.75 -8.39 1.75 3.7349
0 -7.99 3.39 1.6523
0 -4.42 11 0.5962
0 -1.79 14.48 2.6046
0 1.93 13.92 2.9913
0 -0.89 13.19 2.568
0 1.22 14.71 2.7882
0 3.26 15.64 2.8978
0 2.9 15.74 2.0407
0 4.13 19.61 2.9934
0 4.66 19.94 3.0518
0 2.41 17.92 2.1703
0 2.24 17.62 4.0335
0 -1.3 15.03 4.5482
0 -2.23 9.97 5.3178
0 2.23 10.49 4.2303
0 -0.08 14.59 1.1384
0 2.38 16.99 1.6725
0 2.79 18.57 3.068
0 -0.7 17.14 3.1921
0 -2.31 12.2 0.7586
0 -1.8 15.84 2.2005
0 -1.74 14.56 3.3743
0 -2.79 12.72 2.5256
0 -1.73 14.5 1.4401
0 -0.33 14.19 0.7749
0 2.39 17.91 1.5494
0.05 2.48 18.65 2.2061
0.025 3.88 15.85 2.6371
0 1.51 15.81 2.3169
0 4.54 18.65 0.735
0 6.03 22.6 1.3544
0 6.23 24.18 3.3189
0 4.1 21.55 2.9871
0 1.58 19.21 2.6705
0 1.38 18.39 2.7217
0 4.46 17.74 1.9259
0 1.66 17.17 1.1058
0 2.33 19.36 1.7354
0 3.98 21.44 2.2168
0 3.96 19.98 2.1568
0 4.15 20.07 2.0231
0 6.03 21.64 1.9756
0 5.05 21.8 1.8368
0 5.75 23.41 2.5544
0 6.93 22.29 3.3791
0 7.81 22.28 3.5783
0 5.18 19.76 1.7114
0 6.14 21.73 1.066
0 8.3 24.61 2.6074
0 7.45 23.13 2.8474
0 7.42 24.51 2.634
0 5.9 25.3 1.957
0 5.62 24.55 1.9672
0 5.27 22.87 2.8006
0 4.78 21.41 1.0092
0 5.46 21.58 2.227
0 5.81 22.9 1.9508
0 7.74 24.18 2.4037
0 7.27 22.85 2.7877
0 5.25 21.43 1.996
0 3.06 20.8 2.4943
0 5.13 21.57 2.0254
0 3.68 21.56 2.4478
0 4.68 21 2.5188
0 2.98 20.81 2.0845
0 3.81 21.05 2.5062
0 3.22 21.56 1.686
0 2.93 21.51 2.0013
0 3.47 21.29 2.077
0 2.69 20.8 2.23
0 3.92 20.58 2.5613
1.6 3.21 19.89 3.0188
0.95 2.16 17.21 2.2474
0 2.02 18.52 2.1765
0 2.62 18.87 2.508
0 1.04 15.61 1.0075
0 1.37 18.92 1.1447
0 3.52 19.57 2.0617
0 3.4 20.38 2.7365
0 3.74 20.67 1.0569
0 3.88 22.56 1.8327
0 3.97 23.25 1.9599
0 2.69 21.79 1.902
0 2.6 21.63 2.2314
0 3.34 21.82 2.2253
0 3.91 18.87 1.7387
0 2.29 17.76 2.8044
0 2.46 22.37 2.3506
0 6.99 26.09 0.752
0 8.73 27.69 2.6519
0 6.23 25.07 2.6067
0 2.09 20.95 3.1929
0 0.88 9.39 2.1648
0 -2.1 9.82 2.3638
0 -1.68 12.67 1.0952
0 0.41 16.79 0.6944
0 2.22 20.41 0.6486
0 4.17 23.37 1.193
0 4.1 23.59 1.4801
0 3.03 22.76 1.8589
0 1.58 20.81 1.466
0 1.78 20.5 2.7566
0.075 2.93 19.01 3.1648
0.075 -3.89 6.12 2.0575
0 -4.09 12.84 0.789
0 -1.71 16.64 0.8438
0 0.36 18.43 1.1386
0 0.38 19.01 1.9099
0 -0.25 17.1 1.5009
0 -0.65 17.05 0.7086
0 0.09 17.27 1.3736
0 -0.18 18.69 1.6907
0 -0.04 17.98 1.6172
0 -0.19 17.58 1.6656
0 -2.14 13.67 1.0185
0 -2.48 15.58 1.0118
0 -1.18 14.29 2.7656
0 -2.16 11.41 0.7939
0 -2.15 15.61 0.4938
0 0.85 19.21 0.9668
0 2.24 23.66 0.3625
0 2.21 23.25 1.2154
0 5.42 24.35 0.4437
0 5.07 24.99 0.555
0 4.43 24.7 0.2959
0 4.21 21.63 0.5425
8.175 3.78 18.62 1.4842
61.4 2.36 18.18 1.8596
39.65 0.38 9.49 1.4302
3.6 -1.37 2.88 1.2617
4.9 -4.39 4.67 0.8055
3.7 -4.21 4.91 2.338
0.5 -5.64 4.74 0.7425
0 -4.18 9.59 1.7553
0 -2.5 11.93 1.6661
0 -0.19 16.56 1.4917
0 0.26 15.35 2.578
0 1.28 17.82 1.8012
0 0.83 17.31 0.8962
0 0.81 16.66 0.8703
0 0.73 17.02 1.4325
5 1.63 12.59 0.9399
3.25 -2.03 8.97 1.2374
0 -1.79 7.92 1.9673
0 -2.63 14.1 1.1773
0 -1.9 11.14 2.0023
7.55 -3.58 9.74 1.7904
45.525 -2.22 7.39 1.7736
114.18 -0.6 2.3 5.0632
50.775 -5.64 3.78 3.8668
0.25 -6.78 3.68 1.4434
0 -9.76 3.72 3.1447
0 -9.58 4.76 3.3835
4 -4.44 8.71 2.0366
3 -4.97 9.57 1.9942
0.325 -6.6 1.92 0.7435
0 -6.07 6.8 1.8045
0 -5.37 9.68 3.3119
0 -3.02 12.25 3.1619
0 -0.15 14.32 2.1389
0 0.18 14.25 1.2166
0.95 -1.22 13.15 2.3783
31.925 -3.69 9.8 3.2987
17.475 -8.62 0.67 2.7335
3.525 -10.82 -0.78 0.7086
3.5 -9.54 0.82 1.602
0.025 -10.56 -1.58 2.476
0 -8.59 2.32 1.468
0 -9.69 4.57 3.1128
0 -7.22 4.57 1.4783
0 -5.73 7.98 2.4856
0 -6.15 8.16 0.9438
0 -7.45 7.53 2.2612
0 -6.82 8.11 2.5064
32.925 -6.71 8.11 3.104
59.15 -9.74 1.97 3.4758
45.75 -11.87 -5.54 5.4012
19.825 -11.53 -6.85 3.5391
18.375 -11.34 -5.33 4.6505
9.475 -16.35 -7.06 1.0783
0 -18.41 -7.75 3.4701
0 -17.79 -7.32 3.2926
23.1 -13.07 -3.86 3.0719
15.425 -18.17 -5.35 2.7691
0 -19.46 -8.85 2.2325
0 -17.06 -8.71 2.9698
0 -12.56 -2.44 2.1538
0.1 -9.28 3.21 2.4812
0.025 -5.81 0.53 1.7038
1.575 -6.14 1.36 1.7886
19.15 -7.77 1.4 1.9694
10.325 -7.64 1.7 3.2374
0 -8.77 -1.53 2.2968
7.35 -7.52 1.91 1.9235
10.675 -5.43 2.75 1.1601
1.625 -4.51 0.43 1.5709
0.125 -6.43 2.26 0.5089
0 -7.37 3.52 2.174
0 -7.02 2.65 1.4619
23.025 -6.76 4.28 2.1752
16.4 -8.86 -0.8 1.643
6.3 -10.93 -3.46 2.7355
63.775 -10.96 -3.61 3.3501
96.375 -8.38 -3.79 5.2006
71 -7.28 -1.53 6.1288
29.25 -9.52 -0.21 2.408
11 -10.69 -8.58 2.1724
5.85 -10.88 -5.46 2.2777
3.375 -10.14 -4.29 0.4878
0 -10.99 -3.52 2.8245
18.65 -12.01 -1.03 5.1581
10.9 -11.44 -0.75 2.1978
0 -12.29 -7.04 1.0066
53.825 -11.87 -5.3 2.3428
35.35 -9.76 -3.94 4.6989
2.05 -18.93 -5.93 2.6012
4.85 -19.09 -10.03 1.3371
24.475 -19.31 -9.96 3.7739
22.575 -12.5 -7.38 4.4407
10.725 -11.83 -7.64 2.5012
0 -14.12 -6.73 3.0643
0 -15.71 -7.23 3.7367
0 -13.45 -5.26 5.2848
0 -12.7 -3.85 3.9038
0 -13.31 -4.3 1.9229
0 -13.51 -1.78 0.9672
0 -14.65 -4.12 3.33
5 -15.03 -4.04 3.1806
5.375 -10.16 -3.08 1.7339
0.675 -10.44 -0.25 1.6206
0.4 -10.83 -0.76 1.3057
0 -9.81 4.24 2.3951
0 -8.4 2.83 0.8513
0 -7.38 3.34 0.5795
0 -7.84 4.01 2.1183
0 -8.2 3.85 1.2627
0 -9.5 4.4 4.2266
0 -10.33 3 3.6296
0 -10.32 3.58 2.9204
0 -9.15 6.37 3.7315
0 -9.21 4.12 2.1005
0 -8.79 4.4 2.173
0 -8.88 4.2 4.9109
0 -9.01 5.73 3.2206
0 -9.01 5.69 1.8061
7.65 -9.6 5.2 0.7152
12.35 -10.18 3.95 1.7663
3.925 -12.2 -4.92 1.6183
0 -13 -1.98 2.1471
0 -13.74 -0.18 3.0128
0 -13.86 -0.12 2.0908
0 -12.12 2.06 2.8516
0.025 -8.78 5.26 1.6253
0 -8.9 7.28 1.894
0 -7.21 7.61 0.5477
0.025 -10.14 7.28 2.2824
0 -12.78 1.54 3.6516
0 -14.91 0.18 3.6969
0 -13.23 1.91 3.6922
0 -10.88 5.03 2.5724
0 -9.41 7.77 1.3946
0.175 -9.08 7.52 3.4734
14.2 -8.86 1.75 4.3702
35.275 -9.51 2.96 6.2153
39.75 -12.93 -8.31 4.5433
62.8 -11.73 -8.03 3.0354
30.45 -11.26 -5.4 4.0148
2.375 -17.95 -6.83 0.739
0 -17.82 -5.64 1.2589
0 -17.24 -6.17 0.393
0 -16.35 -2.61 0.3612
10.975 -14.89 -2.9 2.5821
23.325 -11.01 -4.57 5.7767
11.975 -16.33 -7.8 0.7023
0 -18.55 -10.24 0.522
0 -19.07 -4.92 2.2022
6.775 -16.16 -0.7 1.7056
14.55 -11.26 2 3.5298
8.875 -8.48 1.56 1.806
0.625 -12.34 -0.61 1.419
5.625 -9.93 3.05 0.5395
26.15 -8.85 3.86 1.7419
21.975 -7.47 -0.62 4.3129
0.25 -10.43 -1.62 0.7481
0 -8.35 4.73 1.5397
0 -7.02 7.8 1.3788
0 -7.02 6.71 0.9709
0 -7.66 4.66 0.5592
3.825 -8.3 6.05 1.009
2.975 -5.78 2.92 1.246
29.775 -5.4 6.42 1.4328
29.75 -4.32 6.99 3.0372
2.35 -11.1 -0.51 0.9221
27.15 -10.67 1.78 3.5017
46.05 -11.05 -2.98 4.9271
63.7 -10.07 -5.37 6.0847
27.25 -11.58 -5.91 2.6624
9.7 -12.61 -3.82 0.9829
16.675 -10.41 -1.92 4.5728
39.25 -11.92 -4.67 5.4942
27.15 -13.76 -5.8 4.2713
14.95 -12.22 -3.1 3.0478
8.775 -9.11 -4.35 1.7463
0.325 -8.66 0.59 0.5396
0 -9.09 4.76 0.9503
0 -6.59 7.55 1.881
0 -5.38 9.32 2.2322
0 -4.64 13.64 1.7485
0 -4.45 15.78 1.0377
0 -6.59 10.41 1.4985
0.05 -7.59 8.17 2.0048
0 -6.79 10.29 1.279
2.225 -6.01 11.28 1.2353
8.55 -9.86 8.82 3.5535
6.475 -15.42 -6.76 1.4416
1.425 -14.27 -7.45 1.3679
0.05 -13.56 -1.49 0.4708
0 -11.43 4.37 1.4179
0 -9.12 5.41 1.1556
0.725 -8.83 6.12 2.8917
0.575 -11.65 -2.79 0.5305
0 -9.66 6.13 0.7635
0 -6.6 9.87 1.1383
0 -4.8 12.17 2.1892
0.025 -3.09 11.95 3.0403
0.025 -3.73 8.67 1.6657
0.4 -4.3 10.05 2.1525
10.05 -4.03 3.54 2.2997
2.675 -7.94 4.62 0.8394
1.875 -7.41 4.78 1.2323
1.125 -5.2 2.4 2.5591
0.975 -6.65 1.92 2.5853
0.15 -9.43 4.64 2.4491
0 -7.38 6.9 0.7879
0 -5.46 9.67 2.3997
0 -8.68 8.27 4.3665
0 -9.69 5.98 3.5471
0 -8.04 7.09 2.0086
0 -5.48 10.28 0.6144
0 -3.92 12.33 0.7642
0 -2.52 14.21 3.1198
0 1.78 16.8 0.9077
0 0.24 17.54 1.5229
0 -0.79 16.23 2.0598
0.175 -2.75 12.33 3.0539
2.125 -7.26 3.6 3.2528
2.575 -9.05 -0.82 2.7016
0 -5.57 7.53 1.6611
0 -3.28 11.17 1.0927
0 -2.72 13.86 0.5515
12.9 -2.28 15.52 3.0606
21.625 -10.06 6.45 3.1638
10.35 -10.47 -3.06 1.1344
32.175 -9.23 0.34 3.4855
22.8 -9.33 -2.85 2.3908
1.825 -8.22 0.7 3.4011
0.075 -8.25 6.69 1.6433
0 -4.48 11.48 1.8646
0 -3.92 11.27 2.7494
0 -5.36 10.37 4.2458
0 -6.34 7.37 2.3023
0.05 -4.38 10.58 2.9763
0.075 -5.08 8.39 2.6275
0 -5.04 8.46 3.4478
6.45 -5.92 8.01 4.2746
6.45 -8.79 3.44 4.7719
1.3 -8.45 3.43 2.9998
1.025 -5.63 6.95 2.9415
1.9 -3.34 7.42 3.1114
1.65 -8.39 2.17 1.7556
0 -7.19 5.04 0.8315
10.925 -6.06 6.34 2.8052
23.525 -1.53 1.36 1.5035
11.7 -5.24 7.74 3.8042
0.675 -5.39 3.52 1.7943
0.275 -4.29 9.35 2.9203
0 -1.68 12.54 1.4826
0 -0.77 15.32 2.0962
0 -0.36 15.33 2.9319
0 -1.56 12.94 2.6166
0 -0.61 14.05 2.7285
0 0.72 16.59 1.4926
0 1.43 19.54 1.8114
0 3.2 18.76 2.2184
0 -1.29 16.47 0.9779
0 0.77 15.96 2.9551
0 -0.24 16.8 2.092
0 0.99 16.63 0.2433
0 2.91 19.49 0.4218
0 4.32 22.38 2.5061
0 4.84 22.2 2.9965
0 3.43 20.79 2.6027
0 0.31 18.82 2.6279
0 0.1 17.32 2.1642
0 2.33 18.69 2.0923
46.05 2.61 18.78 2.8688
25.125 -0.42 14.95 2.6038
3.475 -1.92 7.42 2.2105
0 1.01 14.47 0.7049
0 1.9 19.44 0.7754
0 4.76 21.89 0.7636
0 4.61 22.23 1.6482
0 5.01 21.71 1.7614
0 6.48 20.97 2.4345
0 6.93 21.52 2.9669
0 5.61 20.04 2.2023
0 5.05 20.81 2.4772
0 2.99 20.52 2.191
0 2.2 19.5 2.487
0 1.98 17.66 2.6182
0 1.16 17.05 3.236
0 0.76 15.05 2.6584
0 1.84 14.25 3.172
0 0.09 13.78 3.2799
0 0.33 14.67 2.1321
0 0.4 16.27 1.5723
0 1.32 18.43 2.006
0 1.33 18.36 1.0958
0 1.97 18.78 2.25
0 3.24 19.83 2.8212
0 4.22 19.63 1.822
0 4.51 20.51 2.1693
0 2.84 21.37 2.2774
0 2.38 20.39 1.7205
0 2.84 19.7 1.6397
0 4.82 19.2 1.2879
0 5.82 22.48 2.1344
7.375 5.87 22.74 3.0938
5.625 7.28 22.15 2.2416
2.15 6.94 19.25 1.7216
0 5.32 21.17 1.9616
0 5.91 22.31 2.1218
0 3.6 22.23 3.1786
0 2.51 18.77 2.2655
0 2.85 18.98 3.1503
0 2.68 19.4 2.5647
0 3.66 20.03 1.8603
0 2.78 20.67 1.9453
0 2.76 20.34 2.1319
0 3.79 20.56 2.6743
0 3.58 20.77 1.4845
0 3.61 21.23 1.4685
0 4.51 22.14 2.1624
0 2.16 20.24 1.4624
0 1.81 19.55 0.8464
0 1.76 20.25 1.6052
0 3.3 21.53 1.3366
0 4.13 22.3 2.505
0 2.96 19.89 2.1588
0 1.94 19.35 1.7142
0 0.84 18.98 1.2328
0 2.14 20.16 0.8962
0 3.12 22.18 2.0845
0 5.37 22.38 1.3919
0 4.87 21.83 1.0165
0 4 23.5 1.1415
0 5.24 23.44 1.558
0 4.74 23.95 1.6116
0 3.11 22.76 1.9881
0 1.84 21.61 1.8529
0 3.03 19.71 0.6633
0 2.47 20.09 0.975
0 3.86 21.65 0.8452
0 4.3 21.1 0.8142
0 4.75 21.79 1.8818
0 3.76 20.82 0.45
0 4.14 21.3 0.8934
0 4.81 22.41 0.7711
0.05 4.74 20.73 1.8925
5.2 3.56 20.68 1.1574
11.725 3.44 18.87 1.5921
17.525 0.33 12.89 1.4524
16.95 2.35 16.12 0.6512
13.875 1.03 17.13 1.1124
0 1.99 16 2.5323
0 2.64 16.86 1.8465
0 0.42 14.36 1.5788
0 0.06 15.24 0.3481
1.625 0.64 18.23 0.2168
1.075 2.72 20.47 0.8381
0 3.23 20.46 0.4649
6.5 3.59 21.08 0.4247
0 5.42 21.85 0.7203
0.2 4.47 22.39 1.6462
10.125 1.82 18.57 2.412
0.1 -0.21 11.61 1.6432
0 1.41 17.3 0.3244
0 4 19.59 0.5742
0 3.82 17.4 1.0486
0.05 2.4 19.93 1.5843
0.025 1.1 18.95 2.6297
0 1.92 15.28 2.1221
0 0.2 13.97 2.2783
40.3 -2.5 10.8 2.4344
45.65 -3.97 6.28 4.0845
14.525 -8.33 -0.2 0.7631
2.525 -9.32 -0.42 0.9033
0 -8.86 4.48 1.396
0 -6.19 8.19 1.2936
4.725 -3.62 10.35 1.7723
6.025 -1.48 5.89 1.8679
0 -1.83 12.19 0.9185
0 -1.67 14.77 0.611
0 0.73 16.5 0.5102
0 -0.53 16.45 1.2638
0 -0.31 15.47 1.6891
0 0.07 14.32 1.9358
0 -0.03 14.83 2.0097
0 -1.21 16.12 0.6867
0 -1.4 12.95 0.5143
0 -2.6 13.76 0.3973
0 -2.07 12.51 2.4551
0 -2.68 14.61 2.0022
0 -2.16 15.85 2.2991
0 -2.95 12.31 1.3764
0 -5.1 8.2 3.7062
0 -7.6 7.16 3.4902
0 -6.95 7.25 2.162
0 -5.17 9.98 0.8874
0 -4.22 11.36 2.2476
0 -4.17 12.39 0.1123
0 -4.72 12.17 3.5962
0 -4.4 9.03 4.1419
6.475 -8.27 9.68 4.0878
11.15 -11.28 8.05 1.9255
9.725 -13.29 -5.29 0.5823
7.7 -12.04 -4.24 1.6032
0.125 -12.28 -4.98 1.047
0 -13.33 -2.85 2.3208
0 -11.79 -0.29 3.232
0 -9.87 3.13 2.8092
3.125 -7.36 3.98 3.0912
3.425 -5.74 1.47 0.9231
0 -6.61 1.88 0.2125
0 -5.49 4.08 0.4397
0 -8.72 4.15 0.4414
0 -8.24 4.51 0.8775
0 -8.05 5.28 1.3699
0.125 -8.26 4.83 3.7526
2.2 -9.37 -1.52 2.3374
5.05 -9.62 -3.07 3.8728
3.075 -12.38 -3.67 1.6211
0 -11.64 -0.3 2.3309
0 -9.83 0.87 3.5893
0.1 -9.39 5.41 2.4557
0.05 -9.16 1.63 0.7727
0 -8.27 2.6 2.9406
0 -6.11 8.05 2.3417
0 -6.44 6.12 1.1111
0 -5.14 6.13 1.9138
0 -9.37 7.55 3.4135
0 -9.11 3.45 8.9302
0 -9.96 -0.93 3.8738
0 -11.09 3.62 4.4092
0 -13.07 -0.23 2.8233
0 -12.87 -1.03 3.5154
0 -13.63 -1.55 3.0181
0 -12.77 -1.41 3.6503
0 -12.2 1.42 3.9603
0 -11.7 0.91 4.4062
0 -10.35 2 3.2288
0 -12.08 1.43 1.1932
0 -13.77 0.15 1.6278
0 -14.4 -2.77 1.4745
0 -14.06 -2.13 0.9708
0 -13.01 -1.4 0.8527
0 -11.55 -2.47 5.8021
0 -9.85 0.63 4.8834
0 -12.71 1.95 2.7471
0 -12.66 0.91 4.8388
0 -13.82 -1.65 4.6503
0 -13.24 0.12 3.583
0 -13.61 -0.21 4.5047
0 -13.83 -0.34 3.8976
0 -13.41 0.99 4.9727
0 -12.24 1.85 3.3037
0 -10.59 3.3 1.4045
0 -10.59 3.94 1.0382
0 -8.94 3.18 1.0652
0 -7.33 7.71 0.953
0 -8.11 5 1.5971
0 -10.82 3.69 2.3736
