1.425 -6.2 3.93 1.4804
10.5 -5.98 4 1.606
5.775 -9.2 1.44 1.6728
0.775 -12.11 -1.28 4.2158
3.45 -11.19 -2.16 1.85
1.8 -6.77 -3.82 0.4915
0 -6.02 2.28 1.435
0 -3.39 5.07 0.6739
0 -6.34 7.22 4.3935
0 -6.01 7.64 3.2336
0 -4.54 7.54 2.3731
0 -0.9 10.1 5.427
0 -0.89 10.78 3.8093
0 -4.42 10.76 3.4853
0 -3.22 11.82 3.787
0 -3.96 12.29 4.8377
0 -3.59 10.36 4.2555
0 -3.49 9.59 4.8379
0 -3.27 9.27 4.9262
0.075 -2.8 8.62 3.4504
15.325 -2.41 9.31 2.6913
30.475 0.39 8.58 2.1141
67.8 -0.58 3.86 1.6012
52.925 -2.07 3.06 2.6561
15.5 -5.91 0.13 3.5266
3.275 -11.36 -5.18 0.7624
0.675 -11.8 -2.88 1.2817
0 -10.03 0.02 1.3299
0 -6.45 3.25 4.2454
0 -5.31 8.95 4.492
0 -2.91 9.66 3.0922
0 -3.58 9.18 3.2576
0 -5.28 7.48 3.836
0 -5.36 10.18 3.7449
0 -1.93 11.59 2.9579
6.65 -1.43 10.46 2.4279
10.825 -4.71 1.86 2.6958
3.825 -5.96 0.09 2.8801
25.375 -5.92 3.11 1.222
15.3 -10.06 0.37 3.6336
4.675 -14.56 -4.23 0.4999
13.45 -12.67 -3.18 2.7274
8.425 -8.63 -2.55 1.4088
20.675 -9.09 -1.87 3.1687
12.15 -8.79 -4.02 3.5502
4.325 -6.88 -1.54 5.7059
34.6 -6.5 -2.68 5.401
28.3 -6.56 -3.19 4.2853
5.175 -8.8 -4.45 1.2469
0 -9.01 -0.07 3.3819
0 -7.96 4.24 2.5075
9.375 -7.43 5.39 3.7282
37.775 -7.73 4.36 3.4817
26.775 -3.48 -0.68 2.5462
6.525 -5.46 0.83 1.6944
2.75 -4.72 7.3 1.5615
0.875 -4.96 0.75 2.8946
0 -6.66 4.96 0.467
0.025 -5.33 7.62 3.7353
21.9 -2.23 7.79 2.8358
37.15 -2.01 3.65 4.1885
55.375 -3.38 3.56 4.9239
30.4 -6.71 -1.18 2.9968
6.35 -10.37 -1.5 0.7944
1.7 -8.7 0.21 1.8747
0 -10.59 -0.81 0.3473
0 -11.58 4.01 1.3775
0 -6.86 6.5 2.571
0 -11.06 0.81 0.4684
0 -10.32 5.27 0.8501
0 -6.64 5.84 2.2854
0 -6.5 8.82 2.5365
0 -5.49 10.27 1.4275
0 -5.2 6.88 2.6276
0 -3.94 7.97 3.1622
0 -3.36 10.7 1.0217
0 -2.46 12.08 0.9455
0 -0.68 14.08 0.8901
0.325 -2.44 14.58 0.6431
30.85 -1.53 13.82 1.9874
22.3 -7.47 5.32 4.1494
2.35 -12.46 -3.38 2.1165
0.15 -10.73 1.39 1.9464
0.1 -7.25 8.44 0.4285
0 -5.24 9.85 1.8262
0 -3.2 13.29 2.0831
0 -3.16 12.24 1.3187
0 -3.01 13.48 3.3851
0 -5.35 8.93 2.0249
0 -4.95 8.95 0.2666
0 -3.55 10.41 2.554
0 -2.54 13.2 2.5476
0 -5.02 10.52 5.2302
0 -8.24 4.1 1.949
0 -7.1 8.62 2.8761
0 -4.81 12.5 2.3562
18.775 -1.77 14.94 1.2258
17.6 -5.6 11.14 3.3926
14.325 -5.48 0.7 1.8349
7.025 -5.53 1.6 2.1595
0.4 -6.12 1.8 3.6402
0 -4.58 6.57 1.4243
0 -3.43 10.82 2.1115
0 -2.39 10.78 4.6233
0 -9.89 4.37 6.1193
0 -8.36 1 3.1461
0 -5.78 9.13 1.6251
0 -3.16 13.8 2.971
0 -0.07 16.83 2.897
0 3.01 20.47 1.5251
0 4.73 22.58 1.0525
0 5.37 22.93 2.1091
0.25 2.57 21.58 2.9491
3.05 -0.17 15.79 3.2761
1.725 -7.04 3.59 3.4333
0 -5.14 8.15 1.788
0 -3.13 10.83 2.3477
0 -4.77 10.04 3.2858
0 -5.57 7.74 1.541
2.175 -3.28 10.09 1.8463
67.7 2.02 13.43 2.0275
47.425 0.03 10.28 2.6666
14.25 0.3 4.78 3.9616
7.8 -1.14 7.24 2.0015
1.225 2.41 11.24 3.9918
0 -0.02 13.89 2.3246
0 1.15 16.84 2.7427
0 2.65 17.26 1.5921
0 1.75 17.95 1.0806
0 3.24 18.52 0.7857
0 2.67 19.63 2.9323
0 1.58 18.85 3.2768
0 1.22 16.27 2.3268
0 1.81 16.48 3.0288
0 3.21 18.12 1.6487
0 4.87 20.22 1.7382
0 8.66 25.05 0.4072
1.125 9.65 27.02 2.4245
0.675 7.21 26.33 2.7899
0 4.28 20.71 1.5588
0 3.73 19.46 0.8193
0 4.41 20.56 2.3791
0 4.4 20.31 2.9237
0 3.6 19.75 2.6685
0 2.45 19.09 1.7667
0 3.69 19.16 1.2671
0 5.9 21.07 0.7895
0.6 7.12 22.58 1.7989
0.35 6.95 21.71 2.4906
14.25 7.78 21.09 3.2836
8.55 6.13 20.62 2.1456
0 6 19.79 1.9119
0 5.39 17.23 2.2163
0.95 5.38 16.24 0.4863
11.975 2.41 15.29 2.1324
10.375 -0.78 13.05 3.7272
6.875 -1.47 5.23 2.5004
2.95 -0.45 7.57 2.7196
0 0.85 13.82 2.5241
0 3.54 16.17 3.3693
0 2.97 15.33 3.0757
0 1.21 14.09 3.2602
1.425 2.03 15 2.1842
2.45 3.52 13.32 3.6179
0.975 1.27 13.74 2.4719
0 1.83 14.49 2.4104
0 2.67 14.88 2.3241
0 4.82 16.26 2.9433
0 5.05 18.99 1.6781
0 7.44 23.46 2.6069
0 3.87 22.23 3.1337
0 1.68 17.59 3.1277
0 2.36 15.51 1.2992
0 4.26 18.87 0.7724
0 7.1 22.62 1.4599
0 7.66 25.12 2.7707
0 6.79 23.25 1.5946
0 8.05 23.47 0.8816
0 8.76 27.83 0.511
0.25 11.23 29.04 2.9661
0.15 10.39 28.77 2.9302
0 9.74 25.35 2.2505
0 10.28 26.48 1.6815
0 8.69 24.94 2.9194
0 7.74 25.31 2.577
0 7.34 24.18 2.8667
0 6.42 23.49 2.6707
0 5.01 21.94 2.8734
0 4.74 21.46 2.5721
0 4.79 21.08 2.5286
0 5.08 21.36 1.9228
0 6.51 22.71 1.9478
0 7.78 23.77 2.3943
0 7.79 23.66 1.4593
0 8.17 25.14 0.8773
0 8.65 25.58 1.5115
0 9.76 28.16 2.067
0 11.43 28.01 1.8274
0 11.94 29.07 2.0366
0 12.35 29.51 1.8189
0 12.45 30.57 2.4555
0 10.85 29.57 2.565
0 9.83 27.48 2.2732
0 12.08 28.1 2.0823
0 10.61 27.17 2.1959
0 9.72 26.8 2.3136
0 10.01 27.77 1.9789
0 10.57 28.61 1.6489
0 11.87 28.68 1.9231
0 11.35 28.17 2.7655
0 12.2 27.39 2.4494
0 11.42 27.13 2.4513
0 10.85 26.56 2.4127
0 9.63 25.88 3.2024
0 7.39 23.81 2.8226
0 7.43 23.8 2.4765
0 8.36 23.96 2.625
0 5.46 22.2 3.3439
0 2.14 14.02 1.926
0 4.07 15.9 1.2797
0 6.74 20.93 0.2228
0 8.59 24.26 1.0916
0 9.78 25.96 2.9904
0 9.22 27.05 2.846
0 8.59 25.9 3.0384
0 7.45 24.3 3.0785
0 4.65 22.39 1.3593
0 5.38 22.08 0.359
0 6.92 23.57 0.7135
0 8.24 25.72 0.9836
0 10.05 27.94 1.2974
0 10.75 29.01 2.0245
0 11.24 28.34 2.3095
5.475 10.68 29.15 2.2699
6.2 7.87 24.13 3.2978
1.725 6.87 21.66 1.6728
0 6.76 22.43 1.6003
0 6.29 23.8 0.6387
0 6.81 24.95 1.478
0 9.01 24.46 1.147
0 9.36 25.23 1.3932
0 9.28 26.94 2.9698
0 9.89 25.82 2.0913
0 8.75 25.34 1.1531
0 9.54 25.67 0.1845
0 10.16 26.59 1.4475
0 9.31 26.36 2.0799
0 7.04 24.93 2.1854
0 5.33 22.42 2.0632
0 5.26 20.13 1.3949
0 5.37 20.09 0.3945
0 6.2 21.61 0.9149
0 7.75 23.89 0.3494
0 8.95 25.6 0.9725
0.375 10.48 28.18 1.4635
1.225 7.83 24.47 2.4412
0.725 4.38 18.85 2.894
0.05 3.23 14.29 1.4714
0 4.38 19.99 1.2034
0 6.85 22.66 0.3404
0 7.25 24.15 1.1005
0 8.64 26.61 2.3029
0 6.78 25.14 0.8682
0 8.4 23.62 2.6526
0 8.28 26.52 2.4838
0 7.89 26.58 1.599
0 7.3 25.77 0.9014
0 7.03 25.52 0.7952
0 8.77 27.1 1.1733
0 8 28.24 0.4539
0 7.85 28.26 2.2058
0 7.61 23.31 2.5728
0 -3 11.11 2.2971
0 -2.12 13.48 2.4768
0 0.74 16.79 0.7779
3.45 1.57 17.16 3.0547
2.525 -4.61 13.09 3.4842
0.275 -6.18 2.45 0.3082
0 -5.54 9.75 3.1966
0 -2.95 12.41 1.6687
0 -1.3 13.3 1.3067
0 -0.23 15.58 0.7896
0 0.67 16.24 0.6847
0 -0.83 16.27 2.0223
11.075 0.48 14.88 2.0431
96.275 -0.15 9.03 6.5808
55.025 1.22 7.08 4.58
0.75 2.7 9.59 0.7968
0 2.82 16.08 2.1102
0 2.12 17.56 1.0651
0 4.57 20.55 1.9164
3.125 3.44 15.72 2.4058
1.875 -3.76 7.87 2.0447
0 -3.23 9.66 1.0347
0 -1 13.12 0.5894
0 -0.6 14.4 0.9546
0 1.63 16 1.084
0 1.32 13.16 1.8387
0 1.04 15.06 1.1155
0 0.15 15.78 4.334
0 -4.34 5.92 4.9746
0 -6.46 4.23 0.7934
0 -5.8 6.6 0.0518
0 -2.54 12.37 0.8365
0 -0.41 14.64 0.7765
0 2.06 16.01 1.2331
0 1.67 17.72 1.1668
0 1.83 17.83 1.7935
0 -0.03 16.28 2.3805
0 -2.81 11.11 0.8274
0 -2.96 10.22 1.4254
0 -4.52 7.51 1.8352
0 -3.96 8.65 1.2491
0 -2.23 9.37 0.7133
6.8 -0.32 9.71 0.4422
6.9 -3.11 9.3 1.913
1.7 -6.79 0.82 1.1288
0 -6.73 2.84 1.0216
0 -6.4 3.99 2.9079
0 -5.04 7.34 2.1723
0.075 -3.29 9.22 1.7438
0.05 -3.45 10.05 1.4486
0.5 -5.62 5.57 2.4142
6.2 -5.35 8.29 4.043
3.525 -5.29 6.28 1.0022
0 -4.94 2.67 0.62
0 -5.88 5.35 2.4169
0 -4.42 6.03 3.7539
0 -3.25 7.62 4.1522
0.7 -3.32 8.83 2.6892
2.975 -2.59 9.74 1.131
1.525 -6.48 5.01 5.2204
0 -4.25 2.9 5.1389
0 -4.32 4.27 3.9132
0 -4.29 7.82 1.7747
0 -5.62 7.57 2.4188
0 -7.69 9.7 2.2496
0 -6.57 5.26 2.1224
0.025 -6.49 6.33 0.8623
17.1 -8.77 1.9 2.4128
17.8 -8.88 -1.75 0.9033
4.525 -16.59 -6.37 0.8384
0 -15.65 -6.6 1.8741
7.1 -12.88 -3.78 3.0329
38.775 -6.57 -0.54 2.6756
74.375 -3.71 0.26 3.6606
36.95 -5.81 0.21 4.4567
3.275 -7.77 -2.85 0.9111
0 -7.19 -1.76 3.0275
0 -4.81 2.22 2.4468
0 -3.78 3.69 2.1883
0 -3.41 5.21 2.7541
0 -3.56 4.99 4.0582
0.85 -3.67 5.02 2.8417
14.825 -3.58 6.23 1.9166
11.175 -7.04 3.03 3.6188
0.3 -11.48 -2.16 2.6526
0 -6.95 2.65 3.8995
0 -6.96 2.33 3.8132
7.4 -6.91 2.65 4.0133
4.45 -6.13 1.27 2.0196
2.95 -7.39 -1.4 3.2035
10.875 -7.34 0.32 0.8459
5.6 -5.84 -0.41 1.5595
0.325 -6.55 -1.17 2.553
0.175 -6.03 2.47 2.1326
0 -5.27 2.39 1.1169
0 -5.14 4.37 3.8881
0 -6.28 6.5 2.8319
0 -4.13 6.09 2.417
0 -4.49 5.88 2.9286
0 -3.21 6.64 2.8235
0.325 -2.53 7.58 3.0764
1.775 -2.4 7.66 2.2639
0.925 -1.35 4.07 2.459
1.875 -1.66 4.84 3.0859
26.275 -2.26 8.14 4.4489
15.725 -4.46 2.43 2.0841
0.375 -7.52 1.12 1.5298
0 -5.6 3.47 3.3487
0.95 -4.66 6.58 1.972
13.775 -4.59 5.94 2.6285
38.95 -4.89 2.08 4.7095
36.35 -5.83 -1.18 5.6084
41.5 -6.72 -3.12 6.4978
39.425 -8.11 -4.04 3.9863
21 -8.04 -4.26 3.9523
5.325 -9.23 -4.73 1.0356
1.25 -10.72 -2.35 2.1972
3.175 -8.96 -1.92 3.8771
1.475 -5.55 -0.65 2.8664
0 -6.45 2.23 1.4379
0 -8.52 4 2.9283
1.875 -7.28 2.22 3.1473
1.125 -5.6 4.11 1.5145
0 -9.44 2.25 1.0088
0 -12.72 2.64 1.7314
0 -6.58 3.84 1.9512
0 -5.8 3.92 0.6498
9.575 -5.34 4.59 2.7597
16.675 -4.21 3.02 3.2787
16.325 -4.29 0.44 1.6959
6.175 -6.13 -1.35 2.3478
1.7 -8.03 -1.05 1.5234
1.775 -6.88 -0.28 2.2816
0.5 -8.18 -1.29 0.4486
0 -7.57 1.38 1.1432
0 -5.12 3.34 1.263
0 -5.09 6.32 1.2943
0 -4.03 8.43 1.5085
0 -4.77 10.46 0.8737
0 -2.82 9.74 1.7217
0 -2.69 10.22 2.4766
0 -3.41 11.45 1.0746
3.475 -4.75 10 1.2324
7.975 -3.56 4.8 2.1643
16.75 -5.16 1.97 2.846
7.925 -9.98 -2.57 2.4889
36.175 -9.22 3.34 3.747
29.1 -5.5 1.81 2.8278
3.725 -7.48 1.38 0.7148
34.025 -5.7 6.18 4.6078
22.475 -4.09 4.13 1.3842
1.225 -6.1 -1.25 0.545
0.7 -5.47 6.31 2.4522
13.15 -2.92 8.24 2.6748
25.025 -4.89 0.78 3.3237
10.425 -7.94 -1.04 3.0284
0.075 -9.49 -2.08 1.3214
0.025 -6.41 3.03 2.6375
0.425 -7.49 5.09 0.746
5.375 -4.49 5.01 2.4161
6.15 -12.31 -1.76 3.7182
1.95 -9.57 -0.12 1.935
0 -9.8 -1.16 0.5549
31 -7.03 5.34 2.3227
18.6 -7.98 4.84 2.3846
0 -8.43 2.98 2.804
0 -7.11 7.98 3.919
0 -4.48 12.77 1.462
0 -2 13.54 0.7073
0 -1.82 13.78 2.9979
0 -8.77 11.66 2.2252
0 -1.54 14.97 2.0905
0 -2.96 13.59 0.6723
0 -3.31 11.27 1.2462
0 -4.28 11.36 2.28
1.425 -3.96 12.74 2.2477
4.825 -3.78 12.4 2.522
2.375 -7.95 4.38 2.2707
0 -5.68 7.06 2.9404
0 -4.91 11.46 1.3924
6.475 -3.12 12.31 2.8418
24.475 -2.85 12.22 5.7045
12.875 -7.17 0.38 3.0596
1.35 -9.93 0.27 0.7133
11.525 -8.18 1.73 2.4195
6.375 -6.32 0.41 1.9617
33.475 -7.32 1.19 2.7434
20.075 -8.45 -0.71 3.3246
0.05 -9.75 -0.06 0.5883
0 -7.26 5.47 2.3466
0 -4.9 10.84 0.2769
0 -3.44 12.43 1.7296
0.8 -2.75 12.47 1.9172
25.425 -4.19 6.38 3.846
21.2 -6.27 1.11 4.6032
3.75 -7.24 -1.02 1.0876
0 -6.27 5.29 0.6418
0 -5.23 6.67 0.8357
0 -3.47 11.66 2.3807
0 -3.9 11.28 1.264
0 -3.18 13.59 1.1457
5.675 -1.64 15.74 1.653
23.825 -0.1 12.81 2.7982
14.2 -6.96 1.95 2.9326
1.15 -5.61 -2.36 1.5967
0 -4.56 1.05 1.2168
0 -3.45 11.4 0.646
0 -1.06 13.68 1.3002
0 0.87 17.11 0.7366
15.3 1.48 17.03 4.5403
17.675 -4.5 5.88 5.1026
5.375 -8.73 -0.49 3.7932
0.15 -8.34 1.45 3.2439
0 -5.03 7.58 1.7516
0 -3.46 11.33 1.8567
0 -1.7 15.66 1.0912
0 0.18 16.82 1.9335
0 -0.26 15.86 3.4828
0 -2.86 11.4 2.2192
0 -3.69 11.55 0.8748
0.075 -1.92 13.76 2.7876
3.85 -2.12 12.59 3.639
21.775 -5.21 2.68 3.4588
11.85 -9.2 1.97 4.236
0.075 -7.24 4.17 2.1551
0.4 -2.02 11.15 1.1843
0.225 -0.81 14.3 0.7507
0 0.43 15.81 0.6195
1.225 3.54 17.76 1.3596
8.725 4.31 17.17 2.1933
4.775 -1.25 8.19 2.2141
0.475 0.14 10.56 1.6388
0.275 2.35 13.59 3.3285
1.025 -1.95 14.17 4.3053
1.075 -6.5 7.4 3.6169
0.675 -6.16 2.74 4.0663
1.6 -4.33 6.33 2.3175
8.025 -4.41 6.03 1.5958
17.575 -0.48 9.21 3.2749
23.4 -2.98 5.31 2.5115
9.25 -5.32 4.19 3.5847
0 -4.27 6.49 1.6188
0 -0.51 14.27 0.5686
0 2.65 17.92 2.5492
0 5.92 17.29 2.9882
0 2.76 16 2.487
0 4.13 17.23 2.6753
0 5.66 18.66 2.7923
0 6.11 18.96 1.9832
0 7.43 23.02 2.9043
0 7.29 23.27 3.0273
0 5.64 21.04 2.26
0 4.57 20.37 3.9201
0 1.2 17.75 4.5294
0 1.05 13.22 5.2201
0 5.49 14.99 4.0808
0 4.7 18.83 1.0634
0 6.06 20.83 1.7088
0 5.88 22.35 2.9568
0 2.34 20.76 3.1447
0 1.4 16.11 0.8749
0 2.1 19.15 2.2361
0 2.39 18.08 3.328
0 1.2 15.69 2.5397
0 2.55 17.76 1.525
0 3.33 17.62 0.8009
0 5.79 21.25 1.6365
0.1 6.22 22.19 2.2038
0.05 7.65 19.28 2.6769
0 5.41 19.46 2.3534
0 8.21 22.19 0.8055
0 10.16 26.01 1.4175
0 10.2 28.11 3.2555
0 7.49 24.78 2.9574
0 5.68 22.83 2.6646
0 4.83 21.37 2.7509
0 7.6 20.96 2.0023
0 5.36 20.44 1.0927
0 7.07 23.02 1.773
0 7.59 25.13 2.253
0 8 23.38 2.244
0 7.84 23.4 2.1201
0 9.52 24.73 2.0237
0 9.06 25.1 1.8405
0 9.64 26.85 2.488
0 10.99 26.03 3.3202
0 10.81 25.1 3.4681
0 9.01 23.1 1.6777
0 9.55 24.38 1.1409
0 12.03 27.33 2.6293
0 11.56 28.46 2.8189
0 11.16 28.24 2.6103
0 10.05 29.08 1.9282
0 9.88 27.8 1.9555
0 9.36 25.85 2.715
0 8.9 24.68 0.9918
0 9.5 24.88 2.2381
0 9.41 25.83 2.0091
0 10.95 27.24 2.496
0 11.2 26.59 2.8163
0 9.47 24.85 2.0165
0 7.42 23.88 2.5085
0 8.27 24.53 2.0934
0 7.64 24.85 2.4644
0 8.14 24.4 2.468
0 7.31 24.05 2.0605
0 7.24 23.86 2.4839
0 6.63 24.45 1.6426
0 7.38 24.88 1.9887
0 7.66 24.61 2.0743
0 6.93 24.01 2.2156
0 7.31 23.98 2.5658
0.75 7.55 23.12 3.0127
0.45 6.52 20.96 2.2169
0 6.26 21.83 2.1335
0 6.5 22.19 2.4511
0 5.48 19.55 0.9975
0 6.19 22.18 1.2196
0 7.77 23.15 2.1609
0 7.83 23.46 2.7891
0 7.82 24.01 1.0667
0 8.18 25.99 1.7384
0 8.45 26.68 1.8731
0 6.66 25.37 1.913
0 7.2 25.03 2.2437
0.025 7.84 25.6 2.1319
0 5.84 21.64 1.7024
0 6.07 21.23 2.715
0 7 26.2 2.2753
0 11.8 29.72 0.6976
0 12.59 31.57 2.5593
0 9.77 28.53 2.5042
0 5.32 24.5 3.084
0 3.82 12.34 2.1672
0 1.92 13.16 2.3909
0 2.49 15.89 1.1856
0 4.42 19.55 0.733
0 7.37 23.98 0.6068
0 8.57 26.73 1.225
0 8.57 27.12 1.3955
0 6.86 26.17 1.8699
0 6.65 24.15 1.4339
0 6.67 24.25 2.6289
0.1 4.96 22.62 3.0601
0.075 -0.17 7.75 2.0114
0 -0.07 15.34 0.7506
0 1.58 18.67 0.7834
0 4.92 21.73 1.1244
0 5.19 22.52 1.8593
0 4.46 20.35 1.4878
0 4.26 20.33 0.7978
0 4.66 20.61 1.4897
0 4.64 21.66 1.654
0 4.7 20.64 1.5971
0 4.4 20.51 1.5856
0 2.39 16.53 1.0732
0 2.21 18.67 0.9908
0 2.86 16.9 2.7546
0 1.92 14.36 0.862
0 2.23 18.53 0.5072
0 6.23 22.56 0.9272
0 7.75 26.76 0.3465
0 7.79 26.72 1.1927
0 10.6 27.84 0.4722
0 10.37 28.67 0.5557
0 9.53 28.33 0.2904
0 9.33 25.13 0.4951
8.95 8.39 21.88 1.4296
45.2 6.69 21.87 1.8181
26.6 4.22 12.09 1.3974
2.2 2.03 6.62 1.2316
2.7 -0.5 7.84 0.7882
3.2 -0.58 9.02 2.3128
0.575 -1.46 7.84 0.7348
0 0.48 12.78 1.7916
0 2.61 14.81 1.6523
0 4.18 18.6 1.5101
0 5.15 19.3 2.512
0 5.99 21.6 1.726
0 5.88 20.67 0.821
0 5.39 20.26 0.7899
0 5.18 20.59 1.3446
4.275 5.78 16.03 0.9427
2.85 0.93 12.14 1.1798
0 1.98 11.3 1.8645
0 1.76 18.05 1.1081
0 2.53 14.66 1.9577
6.55 0.29 12.38 1.7101
36.7 1.42 11.19 1.7227
105.9 2.34 4.84 5.0547
54.85 -2.69 5.56 3.7509
0.275 -3.09 6.63 1.451
0 -5.67 7.27 3.1077
0 -6.32 7.98 3.391
4.175 0.04 11.73 2.0387
3.575 -1.06 12.44 1.934
0.6 -2.82 3.5 0.7677
0 -2.04 9.75 1.8067
0 -1.17 12.2 3.2327
0 1.6 15.35 3.0682
0 4.28 17.14 2.0448
0 4.17 17.39 1.197
1.125 2.35 15.94 2.3049
30.625 0.2 12.56 3.3163
19.175 -5.1 2.6 2.6478
4.075 -6.86 2.16 0.7452
3.125 -5.1 3.66 1.5989
0 -6.66 1.55 2.4378
0 -3.76 5.93 1.475
0 -5.38 7.53 3.0864
0 -2.05 8.92 1.5119
0 -0.72 11.68 2.53
0 -1.39 11.63 1.0337
0 -2.21 10.36 2.241
0 -3 10.98 2.3459
30.2 -2.61 10.2 2.9327
51 -6.78 3.42 3.3924
41.775 -8.3 -3.84 5.3026
22.675 -7.96 -3.25 3.4789
21.75 -7.51 -2.61 4.5137
9.45 -12.1 -4.49 1.1322
0 -13.01 -3.76 3.4844
0 -13.37 -5.17 3.3228
20.6 -8.38 -0.04 2.9953
15.9 -13.35 -3.3 2.6295
0 -14.35 -5 2.3414
0 -11.24 -3.61 3.0054
0 -7.2 0.52 2.1994
0.075 -4.01 6.08 2.5169
0.025 -2.63 2.95 1.6436
2.525 -2.92 3.69 1.9004
23.55 -3.25 2.29 2.057
12.925 -3.67 4.7 3.2659
0 -4.69 1.8 2.2805
9 -3.4 5.58 1.9728
10.75 -2.46 4.74 1.1249
2.525 -1.42 2.87 1.5459
0.175 -2.95 4.94 0.4737
0 -3 6.71 2.1972
0 -2.04 5.52 1.406
29.225 -2.57 6.64 2.1018
18.825 -5.44 1.54 1.5745
6.15 -7.85 -0.28 2.7208
72.525 -8.13 -0.32 3.3778
109.97 -4.49 -0.31 5.143
78.5 -3.56 1.73 6.0089
32.025 -6.07 3.66 2.4638
11.725 -6.28 -5 2.3157
6.85 -6.27 -2.04 2.2988
3.4 -6.13 -1.19 0.5047
0 -6.77 0.24 2.8735
21.4 -6.48 3.17 5.2261
12.925 -6.8 2.81 2.1917
0 -7.76 -3.55 0.9952
64.65 -7.24 -0.97 2.3691
42.925 -5.63 -0.64 4.6156
2.6 -15.04 -2.54 2.4759
5.15 -15.04 -6.43 1.4446
26.575 -14.67 -5.25 3.945
22.95 -7.53 -3.55 4.5303
7.575 -7.88 -3.48 2.5136
0 -10.09 -2.65 3.1231
0 -9.51 -1.78 3.7772
0 -6.86 0.39 5.256
0 -6.38 1.9 3.8573
0 -7.64 1.22 1.9668
0 -7.68 2.17 1.0383
0 -10.29 -0.5 3.2996
6.35 -9.91 0.73 3.2308
4.65 -5.28 0.73 1.8496
0.95 -4.43 4.39 1.6471
0.575 -5.67 1.98 1.2919
0 -4.38 8.95 2.4864
0 -3 7.37 0.7665
0 -2.44 7.63 0.5879
0 -2.48 8.89 2.2084
0 -4.28 8.52 1.2787
0 -4.87 7.95 4.2237
0 -4.87 7.59 3.6975
0 -4.6 8.34 2.9503
0 -3.79 10.39 3.8365
0 -3.59 8.71 2.0741
0 -3.25 8.97 2.2014
0 -3.56 8.58 4.9325
0 -3.48 9.81 3.3063
0 -3.56 10.08 1.8272
10.425 -4.55 9.42 0.6679
11.35 -5.63 6.99 1.7761
3.325 -7.45 -1.72 1.5464
0 -7.88 1.68 2.0599
0 -7.77 3.75 2.997
0 -7.91 4.5 2.0783
0 -7.43 5.56 2.7862
0 -2.97 10.05 1.6174
0 -4.65 10.99 1.8938
0 -2.39 11.9 0.5215
0 -5.72 10.5 2.2647
0 -8.47 5.03 3.6321
0 -9.65 4.11 3.6988
0 -8.4 5.7 3.721
0 -5.93 8.91 2.6178
0 -5.18 11.16 1.3263
0.225 -5 11.27 3.5675
22.125 -5.38 4.67 4.486
28.875 -6.29 5.66 6.1149
40.275 -8.7 -4.94 4.6425
64.275 -7.97 -5.19 2.9337
30.675 -8.15 -2.2 3.8222
1.7 -12.66 -3.33 0.7163
0 -12.5 -1.9 1.261
0 -12.43 -2.07 0.3971
0 -11.16 1.45 0.4333
15.575 -9.1 1.35 2.5491
25.75 -7.35 -1.26 5.6498
11.975 -13.07 -4.78 0.7649
10 -14.26 -6.54 0.5257
0.45 -13.99 -0.76 2.223
10.875 -11.39 3.23 1.7098
22.6 -6.26 5.34 3.6061
11.275 -4.66 2.77 1.6699
0.55 -7.5 2.26 1.4436
9.4 -6.04 6.52 0.5147
36.875 -5.22 7.54 1.716
23.6 -4.48 0.23 4.233
0.4 -7.37 0.13 0.7256
0 -4.82 6.51 1.533
0 -3.53 10.17 1.261
0 -4 8.69 0.9932
0 -4.4 6.1 0.5164
5.275 -4.31 7.72 1.0683
4.075 -2.9 5.06 1.2414
41.025 -2.41 8.16 1.4233
31.625 -1.34 9.81 2.8689
2.275 -7.5 1.48 0.9559
31.15 -8.01 4.64 3.5431
50.8 -7.81 0.09 4.8746
67.75 -7.42 -3.19 5.9022
37.8 -7.88 -3.99 2.5645
13.4 -8.16 -1.79 1.0792
22.075 -6.26 2 4.7302
44.7 -7.04 -2.33 5.5279
29.575 -9.94 -4.06 4.1928
22.35 -9.34 -1.15 3.0731
12.7 -5.69 -3.12 1.6818
0.525 -5.59 1.02 0.5705
0 -5.66 6.31 1.0164
0 -3.62 8.4 1.8352
0 -1 11.25 2.2897
0 -0.47 17.04 1.7937
0 -0.38 18.48 0.8939
0 -3.27 12.4 1.5482
0.025 -3.73 10.85 1.9683
0 -3.36 13.93 1.2234
2.475 -2.65 13.95 1.2884
11.575 -6.5 12.19 3.5012
8.075 -11.96 -3.02 1.467
1.125 -11.34 -3.52 1.3041
0.025 -10.4 2.18 0.4395
0 -7.98 7.35 1.4436
0 -5.33 8.46 1.1757
1.175 -5.02 9.3 2.796
0.875 -8.07 0.35 0.52
0 -7.66 8.84 0.7503
0 -2.72 12.54 1.1626
0 -1 15.35 2.1321
0.05 0.52 15.1 2.8724
0.075 0.6 12.46 1.5795
0.525 -1.29 12.56 2.0305
10.425 -0.67 6.9 2.1705
2.625 -4.12 8.1 0.8429
1.95 -3.91 7.91 1.1125
1.675 -1.93 5.31 2.401
1.175 -3.23 5.06 2.4723
0.2 -6 7.72 2.3835
0 -3.69 10.34 0.7739
0 -2.19 12.87 2.3019
0 -5.36 11.56 4.3233
0 -5.95 10.04 3.4719
0 -3.76 11.18 1.9498
0 -1.22 14.12 0.5604
0 -0.11 15.83 0.7779
0 2.24 17.7 3.0658
0 5.29 20.47 0.851
0 4.33 21.21 1.4313
0 2.9 19.88 1.992
0.075 0.63 15.79 2.9311
2.125 -3.58 6.31 3.1106
1.825 -5.29 2.88 2.5781
0 -1.39 10.98 1.6691
0 0.72 14.82 1.0606
0 1.35 17.33 0.5354
18.6 1.93 18.88 2.997
22.675 -6.73 9.05 3.0198
12.3 -6.83 -0.01 1.1603
38.1 -5.78 3.08 3.4971
21.925 -5.59 -0.77 2.2801
1.225 -5.16 3.99 3.2281
0.025 -4.89 10.35 1.593
0 -0.77 14.79 1.9093
0 -0.1 14.69 2.8315
0 -1.36 13.68 4.2763
0 -2.29 10.65 2.3052
0.375 -0.49 13.49 2.9161
0.325 -2.1 11.1 2.4827
0 -1.65 11.32 3.3692
5.9 -2.43 10.86 4.1919
4.9 -5.06 7.2 4.6893
0.9 -4.45 6.36 2.9461
1.625 -1.29 10 2.8249
2.875 -0.7 10.26 2.991
1.725 -4.89 5.17 1.7005
0.05 -3.34 8.43 0.8045
9.75 -2.07 9.48 2.8886
24.125 1.73 4.05 1.3825
12.35 -2.31 10.29 3.7058
0.65 -1.84 5.45 1.8414
0.175 -0.22 12.06 2.9083
0 2.16 15.93 1.4802
0 3.25 18.71 2.2108
0 3.29 18.75 2.9685
0 2.1 16.18 2.6475
0 2.95 17.12 2.7076
0 4.45 19.9 1.609
0 5.81 22.85 1.8099
0 6.6 21.73 2.2246
0 2.62 19.69 1.0622
0 5.02 19.5 2.9123
0 3.72 20.44 2.0905
0 5.37 20.71 0.3075
0 7.18 23.02 0.4898
0 8.7 26.27 2.5114
0 8.87 25.87 2.8579
0 7.49 24.4 2.5483
0 4.22 21.85 2.6036
0 4.56 20.7 2.2105
0 6.04 21.46 2.1523
48.8 6.47 22.08 2.7389
27.925 2.6 18.13 2.5349
2.35 1.08 10.37 2.2269
0 4.91 16.9 0.8151
0 5.57 22.41 0.7608
0 8.75 25.07 0.703
0 9.15 25.4 1.5838
0 9.29 25.17 1.752
0 10.5 24.72 2.4745
0 11.07 25.17 2.9464
0 9.85 23.55 2.1577
0 9.34 24.34 2.4531
0 7.39 23.99 2.1691
0 6.24 22.98 2.4567
0 5.48 20.31 2.6043
0 5.16 20.16 3.2155
0 4.88 17.6 2.6837
0 5.47 17.08 3.2273
0 3.74 16.91 3.2826
0 4.14 17.76 2.1109
0 4.38 19.43 1.4677
0 5.46 21.44 1.9598
0 5.54 21.56 1.159
0 6.4 21.98 2.2469
0 6.95 23.16 2.7966
0 7.47 23.13 1.8445
0 8.41 23.69 2.1287
0 6.73 24.83 2.2341
0 6.61 23.87 1.7308
0 6.75 23.13 1.6371
0 8.15 22.57 1.3503
0 8.77 26.05 2.2154
0 9.98 26.16 3.1282
0 11.19 25.91 2.2292
0.575 10.3 23.38 1.6726
0 9.3 24.86 1.9281
0 9.23 25.93 2.1056
0 7.36 25.53 3.1666
0 6.01 21.64 2.303
0 7.18 22.15 3.1491
0 6.62 22.28 2.5564
0 7.53 23.46 1.8547
0 7.1 23.94 1.9545
0 6.87 23.88 2.1438
0 7.55 23.47 2.675
0 7.22 24.32 1.5519
0 7.72 24.6 1.4445
0 8.95 25.72 2.1177
0 6.6 23.84 1.435
0 6.22 23.11 0.9091
0 6.26 23.69 1.6629
0 6.95 24.63 1.4241
0 7.48 24.94 2.5456
0 7 22.87 2.1432
0 6.2 22.58 1.6968
0 5.33 22.04 1.2249
0 6.95 23.19 0.8784
0 6.87 25 2.0633
0 8.99 25.49 1.3366
0 8.85 25.01 0.9532
0 8.95 26.8 1.0941
0 9.77 26.8 1.5114
0 9.32 27.56 1.6267
0 7.39 26.24 1.9368
0 5.45 24.35 1.7998
0 6.72 22.96 0.6744
0 7.38 23.15 0.9599
0 7.86 25.06 0.812
0 8.81 24.61 0.8439
0 8.53 25.41 1.8882
0 8.05 24.81 0.4732
0 8.97 24.82 0.8906
0 9.46 25.93 0.8077
0.025 9.01 24.35 1.8029
2.6 6.83 24.48 1.0932
8.15 7.52 23.08 1.6777
9.175 4.41 15.93 1.516
10.4 5.64 19.6 0.6603
6.7 5.09 20.77 1.2112
0 5.82 19.55 2.5262
0 5.89 20.08 1.7826
0 3.87 17.61 1.6039
0 3.25 17.17 0.4082
0.275 4.9 21.64 0.1991
0.175 6.92 24.2 0.8591
0 7.96 23.99 0.4933
1.875 8.6 24.55 0.3917
0 8.7 25.76 0.6523
0.025 9.04 26.08 1.6243
3.275 6.44 22.29 2.3847
0.025 3.77 14.79 1.7139
0 5.23 19.53 0.3391
0 7.93 22.77 0.5649
0 7.5 21.51 1.0539
0 7.38 23.08 1.5126
0 5.33 21.99 2.5424
0 5.77 18.29 2.0464
0 4.22 17.14 2.1843
40.7 0.6 13.58 2.3785
36.875 -0.84 8.91 3.9989
9.75 -4.85 2.36 0.8175
1.8 -5.21 2.24 0.87
0 -5.06 7.28 1.4064
0 -1.97 11.23 1.2323
5.625 0.7 13.41 1.7174
4.325 2.64 8.69 1.8394
0 2.47 14.9 0.925
0 2.45 18.11 0.5833
0 5.64 19.9 0.4347
0 3.78 19.57 1.1795
0 4.32 19.45 1.5635
0 4.68 17.54 1.8606
0 4.85 18.44 1.8733
0 3.63 19.32 0.7482
0 2.31 16.15 0.5158
0 2.01 16.9 0.4493
0 1.75 15.67 2.4556
0 2.68 17.88 1.9579
0 2.93 19.03 2.1676
0 1.71 15.71 1.3676
0 -0.6 11.65 3.5329
0 -2.75 10.79 3.4585
0 -1.89 10.84 2.094
0 -0.34 13 0.9369
0 0.7 14.41 2.1856
0 0.68 15.6 0.1136
0 -0.69 15.32 3.6174
0 -0.04 12.68 4.1504
8.425 -2.95 13.31 3.9692
9.075 -7.18 10.88 1.8793
9.65 -9.43 -2.05 0.636
6.35 -8.38 -1.26 1.601
0.075 -9.09 -1.71 1.0113
0 -9.03 0.16 2.2689
0 -6.72 3.25 3.1736
0 -5.03 6.76 2.8299
1.925 -3.34 8.01 3.1855
3.025 -2.09 5.34 0.8683
0 -2.5 5.26 0.2041
0 -1.33 7 0.4938
0 -4.07 7.17 0.4569
0 -3.58 7.62 0.8986
0 -4.01 8.52 1.2825
0.2 -3.04 7.63 3.6453
2.95 -5.83 1.24 2.3161
5.225 -5.76 -0.25 3.937
2.575 -8.32 -0.27 1.6932
0 -7.06 2.44 2.4316
0 -5.3 3.14 3.66
0.125 -5.71 8.21 2.423
0.05 -5.25 4.39 0.7695
0 -3.8 6.01 2.9095
0 -1.12 11.03 2.3196
0 -1.1 9.89 1.1016
0 0.22 9.27 1.8414
0 -4.82 11.08 3.5305
0 -5.87 7.09 8.6493
0 -4.7 3.87 3.7683
0 -6.5 7.27 4.3171
0 -8.28 3.8 2.8658
0 -8.31 2.34 3.5064
0 -8.87 2.43 3.0472
0 -8 2.28 3.6225
0 -6.79 4.87 3.8382
0 -6.02 4.98 4.4051
0 -5.74 6.58 3.2229
0 -7.23 5.23 1.0988
0 -8.96 3.46 1.6354
0 -9.51 1.01 1.4935
0 -9.23 1.45 0.975
0.175 -8.48 1.75 0.825
0.075 -7.66 1.17 5.6555
0 -4.74 5.84 4.7951
0 -7.44 6.27 2.8004
0 -7.64 4.08 4.8284
0 -8.44 2.71 4.5789
0 -8.22 4.15 3.626
0 -7.96 3.54 4.5008
0 -7.82 3.86 3.9444
0 -7.26 5.81 5.0219
0 -6.15 6.43 3.3696
0 -4.74 7.03 1.3918
0 -4.95 7.51 1.0366
0 -3.64 6.96 1.0782
0 -1.78 11.02 0.9284
0 -2.76 8.14 1.5384
0 -5.5 6.7 2.3922
