2.275 0.98 13.74 1.3744
8.475 1.89 10.63 1.4269
12.85 0.49 10.76 1.8873
12.6 -2.2 8.52 3.6682
4.925 0.09 9.01 2.0213
0.45 3.75 7.22 0.4141
1.075 3.57 9.83 1.4524
0.625 3.61 11.06 0.7778
0.375 2.92 11.53 3.9108
0.225 1.66 12.32 3.4241
0 2.38 13.94 2.5953
0 4.41 12.98 5.2746
0 4.06 15.61 4.1019
0 3.24 16.41 4.0144
0 3.14 15.76 3.8253
0 3.32 16.61 4.8587
0 2.63 16.36 4.2207
0 2.73 16.94 4.8181
0 2.29 17.3 5.0155
0.05 3.47 15.02 3.5331
6.15 3.65 15.02 2.6763
21.4 8.59 17.14 2.0231
21.475 9.67 12.71 1.619
14.4 8.95 13.99 2.1894
9.1 5.13 12.12 3.2804
7.275 -0.21 6.04 1.0595
3.225 -0.1 9.17 1.1732
0.35 -0.82 8.96 1.2619
0.25 1.02 10.61 4.0324
1.675 0.26 11.64 4.443
0.975 2.97 15.05 2.8038
0 3.03 17.24 3.0175
0 3.83 17.47 4.0658
0 4.69 20.85 3.8912
0.3 6.11 20.63 3.0784
2.675 5.88 17.19 2.7026
5.1 6.92 14.65 3.0032
2.075 5.17 12.64 2.726
7.675 3.69 13.04 1.0958
7.55 1.12 10.3 3.1619
4.75 -2.53 7.65 0.4341
6.275 -0.98 9.18 2.8595
12.8 1.15 9.35 1.2876
16.9 -0.6 7.81 3.2554
8.625 2.46 8.76 3.9914
7.2 3.84 9.43 6.4836
14.125 3.67 10.36 5.4077
13.425 4.62 9.09 4.4523
1.175 3.27 10.02 1.6684
0 1.75 12.56 3.5456
0 2.59 15.64 2.6906
5.55 2.74 16.85 3.6668
15.175 5.33 15.2 4.0581
7.05 9.32 13.72 3.0393
1.625 6.47 14.48 1.7962
3.325 6.14 15.82 1.7269
2.775 5.62 15.25 2.8202
0.05 2.39 13.68 0.4948
2.725 3.93 16.25 3.6571
11.525 7.95 16.84 3.1996
20.3 9.33 16.33 4.5913
29.15 6.49 13.31 5.0822
27.75 4.14 11.88 2.6842
7.275 1.06 12 1.0594
0.4 1.38 11.29 1.9047
0 0.5 11.38 0.4284
0 1.89 13.53 1.396
0 0.42 12.23 2.6532
0 -1.69 11.37 0.6972
0 -0.28 13.2 0.7764
0 2.5 15.39 1.9462
0 2.54 16.58 1.9989
0 3.06 15.92 1.4437
0 3.77 15.68 2.8893
0 6.31 17.64 3.4379
0 5.71 17.47 0.9521
0 5.39 19.48 1.1474
0 6.95 21.46 1.4047
1.4 7.71 21.59 1.016
11.1 6.59 20.7 1.7291
11.875 2.39 13.86 3.8368
0.275 -0.8 11.35 2.2069
0.4 1.05 15 1.9799
0.225 2.4 17.31 0.8079
0 5.46 19.5 1.847
0 7.02 21.02 1.8731
0 8.27 22.35 1.454
0 6.17 19.55 3.7939
0 2.2 16.68 2.256
0 3.73 17.89 0.5662
0 4.82 19.91 2.9091
0 5.39 20.65 2.6794
0 3.56 16.49 5.1091
0 0.66 16.41 1.9783
0 4.17 18.56 2.5988
1.875 2.64 24.36 1.9037
9.325 5.35 24.26 1.0598
13.175 5.99 18.34 3.0558
11.9 5.54 11.6 1.9529
7.9 6.14 12.7 2.2697
0.4 4.17 14.39 3.5091
0 4.72 17.13 1.3924
0.05 5.76 20.01 2.549
0.1 4.37 19.67 5.2423
0.025 -0.35 14.74 5.6256
0 1.45 13.34 2.8224
0 3.09 19.94 1.7062
0 5.86 23.16 2.4197
0 9.67 26.93 2.5375
0 11.85 29.97 1.4656
0 14 30.83 1.1726
0 12.63 31.48 1.7786
0.1 9.29 30.75 2.4225
0.625 7.42 22.44 3.0028
0.7 2.42 17.6 3.1468
0 2.94 19.31 1.8909
0 4.28 18.95 2.2549
0 2.83 16.9 3.0609
0 1.6 16.68 1.6918
7 4.01 19.25 1.7978
33.725 7.5 20.63 1.9609
28.7 10.56 17.75 2.735
8.375 10.47 16.43 3.9728
6.275 10.22 19.38 2.0908
5.175 11.94 21.5 3.9645
0 9.52 23.91 1.9832
0 10.4 24.46 2.91
0 9.14 24.76 1.949
0 10.13 26.47 1.7265
0 10.36 26.96 1.379
0 10.75 27.63 2.988
0 8.06 25.42 3.3546
0 8.98 24.76 2.7474
0 9.76 26.23 2.8476
0 10.91 27.2 2.17
0 13.45 31.52 1.6046
0 17.26 35.58 0.3314
0 16.17 35.49 2.0858
0 14.79 32.48 2.4085
0 11.32 28.64 1.2915
0 11.21 29.39 0.9733
0 12.4 29.41 2.3317
0 10.79 28.28 2.9484
0 9.78 26.03 2.7092
0 9.66 26.95 2.1326
0 12.58 29.27 1.7582
0 15.53 32.16 0.992
0 15.87 33.61 2.0109
0 15.12 30.65 2.5614
0 13.64 30.61 2.9914
0 13.02 27.9 2.3077
0.225 12.68 27.3 2.2864
0.775 12.62 25.24 2.3361
0.875 13.1 26.24 0.522
1.15 11.15 24.42 2.1532
0.725 10.06 20.9 3.251
0.925 8.53 21.64 2.1186
0.625 9.25 23.63 2.6017
0 10.8 25.44 2.5271
0 8.58 24.79 3.3485
0 10.32 23.43 3.0431
0 9.06 24.06 3.2701
0 10.29 26.59 2.4647
0 12.32 22.15 3.474
0.025 10.23 23.84 2.3377
0 10.13 24.33 2.4568
0 11.43 26.45 2.6068
0 12.8 27.14 3.1683
0 13.09 29.94 2.1768
0 14.4 32.29 2.9897
0 10.98 29.44 3.2892
0 8.91 25.57 3.402
0 10.76 27.93 1.7647
0 14.62 31.86 0.9522
0 14.9 34.13 1.7272
0 13.7 32.93 2.763
0 13.93 33.08 1.6877
0 16.44 35.23 1.0617
0 17.57 39.76 0.8093
0 18.19 39.01 2.7372
0 16.9 38.1 2.6348
0 16.49 34.84 2.2565
0 16.45 34.58 1.9227
0 16.29 34.98 2.8476
0 15.75 33.76 2.5955
0 13.57 31.33 2.8107
0 11.87 30.5 2.53
0 11.7 29.94 2.6672
0 11.08 30.5 2.7153
0 12.61 30.22 2.6789
0 13.22 30.56 2.1715
0 15.24 30.82 1.9454
0 16.65 31.86 2.4122
0 14.49 33.55 1.8796
0 16.28 36.03 1.1584
0 17.57 37.58 1.4058
0 17.01 38.19 1.8264
0 18.94 37.86 1.6464
0 20.44 39.28 1.9318
0 20.68 39.89 1.6324
0 20.34 38.23 2.4235
0 17.08 36.3 2.5778
0 16.34 34.97 2.4735
0 14.34 34.77 2.1341
0 14.94 33.04 2.2349
0 13.91 33.65 2.383
0 15.26 35.87 2.0395
0 18.35 37.52 1.7356
0 17.79 36.14 2.0853
0 16.77 33.82 2.8617
0 16.18 33.04 2.6105
0 13.06 32.77 2.9038
0 15.18 32.9 2.7193
0 13.33 31.91 3.182
0 11.89 30.04 2.6999
0 12.84 30.92 2.3796
0 14.88 31.62 2.4342
0 12.27 27.11 3.0919
0 10.61 26.61 1.8503
0 12.79 28.3 1.6276
0 15.78 31.98 0.8499
0 17.86 34.57 1.2686
0 17.92 35.2 3.0482
0 15.8 36.46 3.0217
0 16.16 34.53 3.2273
0 14.11 31.32 3.0659
0 11.44 31.52 1.6378
0 13.97 32.16 0.7388
0 16.05 33.33 0.9189
0 16 34.86 0.8746
0 16.92 35.13 1.3104
0 15.39 33.81 2.3932
0 16.39 36.47 2.2538
0 17.69 36.61 2.1608
0.075 16.24 33.5 2.8666
0.025 13.98 30.27 1.6656
0 14.33 31.18 1.5477
0 14.8 32.74 0.5534
0 14.43 35.58 1.6944
0 16.74 36.09 1.6845
0 17.31 36.77 1.7411
0 17.95 36.27 2.6153
0 16.87 33.32 1.7705
0 14.5 33.75 0.9405
0 16.88 35.68 0.452
0 17.18 36.85 1.8426
0 15.18 34.41 2.3515
0 11.58 30.55 2.1739
0 11.75 27.74 2.2473
0 11.04 28.33 1.9422
0 11.61 30.13 0.6847
0 13.02 31.51 1.1095
0 14.83 34.54 0.5396
0.025 16.69 36.1 1.0847
0.05 16.5 36.17 1.7978
1.05 11.41 27.74 2.2568
1.6 12.8 24.19 2.7549
0.175 10.99 24.51 1.6778
0 12.38 28.98 1.7342
0 13.82 31.49 0.9166
0 15.68 34.19 0.8601
0 16.54 34.18 1.9928
0 13.7 32.96 0.8617
0 14.84 33.55 2.1342
0 16.55 35.22 2.1668
0 16.48 35.13 1.318
0 15.7 34.78 0.8151
0 15.13 34.84 0.7366
0 16.04 36.23 1.0988
0 16.88 36.71 0.3558
0 15.24 35.49 1.9623
0 11.92 32.22 2.6114
0 5.55 20.71 2.447
0 6.86 25.6 2.3878
0.175 9.08 26.24 0.9345
0.8 8.87 24.1 3.2063
1.4 5.63 20.15 3.3328
0 4.34 16.57 0.37
0 4.95 19.9 2.7243
0 6.37 22.66 1.2528
0 7.05 22.48 1.2745
0 7.57 23.85 0.6397
0 8.61 24.05 0.697
0 7.89 22.67 1.9062
7.475 8.53 20.9 2.1239
34.65 9.6 16.94 7.0199
30.025 12.57 16.6 4.4925
0.35 14.54 22.57 1.1904
0 13.15 24.61 2.1837
0 12.73 26.3 1.1953
0.575 10.78 24.25 1.6971
0.775 8.58 22.55 2.0961
0.025 5.95 20.02 1.299
0 7.74 19.61 1.0473
0 7.62 21.8 0.8507
0 9.91 23.44 1.3229
0 10.76 23.97 1.2658
0 9.29 23.45 1.6723
0 10.57 24.34 1.0643
0 8.22 23.78 4.8988
0 5.23 18.84 4.8412
0 2.57 15.59 0.8198
0 4.41 18.55 0.2271
0 5.3 21.59 0.8731
0 8 22.23 0.9193
0 9.27 23.67 1.286
0 9.5 25.38 1.2361
0 9.38 25.7 1.9445
0 8.42 23.08 2.6363
0.1 7.12 19.55 0.9046
0.25 6.91 17.98 1.661
0 3.55 17.01 1.8943
0 5.13 17.38 1.1412
0 6.56 17.98 0.726
1.125 7.2 17.37 0.5329
1.7 6.22 16.26 1.9941
0.25 2.35 12.75 1.2582
0 2.83 13.63 1.0363
0 2.91 15.33 2.7393
0 2.65 16.88 1.9733
1.1 3.72 18.65 1.4263
0.775 4.31 17.05 2.036
3 2.73 15.89 2.3163
7.45 3.83 15.05 3.8337
1.625 1.96 13.56 1.086
0 3.46 12.88 0.5808
0 2.03 13.25 2.0418
0 3.76 16.32 3.429
0 4.72 17.81 3.7826
0.775 5.61 19.9 2.4003
2.55 5.06 20.64 1.1727
0.775 4.07 13.15 5.5661
0 2.5 14.27 4.9031
0 3.01 15.77 3.8672
0 3.02 16.94 1.7568
0 2.51 15.32 2.1925
0 0.89 13.6 1.9767
0 1.78 14.76 1.9371
0.05 1.25 12.97 0.704
15.375 -0.74 9.91 2.038
16.425 -1.59 5.42 0.6399
0.95 -5.16 4.47 0.7724
0.025 -4.72 4.66 1.8706
5.05 -2.67 6.92 3.2302
25.6 0.74 9.97 2.8922
44.7 6.31 10.67 3.9405
25.9 5.74 10.41 3.8455
3.125 5.72 10.38 0.9127
0.05 4.3 12.51 3.4374
0.075 4.71 13.48 2.8645
0.1 3.77 11.44 2.1508
0 2.75 11.93 2.6837
0 3.34 11.22 4.054
3.7 3.69 14.6 2.8603
9.9 5.62 14.95 1.96
4.875 1.63 10.45 3.6505
0.575 -2.24 9.17 2.1527
0 -0.82 10.76 3.9706
0 1.02 14.14 4.077
2.6 2.22 13.01 4.1305
3.275 3.34 12.18 2.2514
3.025 1.79 9.59 3.1082
3.65 2.2 10.02 0.9899
4.325 4.94 11.03 1.478
0.85 4.58 11.42 2.8764
0.525 5.45 12.18 2.5686
0.05 4.23 12.9 1.0647
0 3.1 13.81 3.8325
0 2.45 14.15 2.889
0 2.2 12.97 2.7755
0 3.38 11.9 3.1007
0.15 3.35 11.35 2.659
0.925 4.3 14.16 3.0038
0.8 5.45 12.62 2.4797
0.675 4.52 10.58 2.555
1.625 4.81 12.07 3.2679
13.9 6.32 18.03 4.9146
12.625 6.28 15.31 2.1843
0.725 2.05 12.27 1.4583
0 3.22 13.64 3.3342
4 3.02 16.02 2.6337
17.525 5.07 15.48 3.0202
22.95 6.51 12.75 5.1414
23.725 6.79 10.39 5.9522
29.525 4.95 9.86 6.7761
25.3 2.8 9.38 3.8428
19 1.01 6.89 3.3315
2.775 1.53 7.6 1.3058
4.475 1.35 9.31 2.6001
9.075 3.27 10.32 4.611
3.3 6.24 11.63 2.8471
0 4.02 10.47 1.3185
1.825 2.47 12.58 2.808
2.45 3.71 14.31 3.2062
2.15 3.95 13.87 1.3394
0.175 2.09 12.94 1.0593
0 2.45 13.84 1.8375
0.025 3.08 13.57 2.196
1.35 4.9 13.93 0.7826
5.225 5.03 14.74 3.3021
8.875 6.22 13.71 3.2418
13.9 6.91 12.17 1.6687
4.8 5.48 10.35 2.2183
5.875 5.89 10.49 1.4137
2.525 4.85 10.33 1.6743
0.35 2.12 10.64 0.4645
0 3.28 11.88 1.4578
0 5.16 14.12 1.7506
0 3.38 15.64 1.1666
0 4.08 16.45 1.4024
0 4.64 17 1.1275
0 5.79 17.29 1.7857
0 6.2 18.33 2.4131
0 5.17 18.69 0.7124
2.5 5.46 15.69 1.0176
4.625 6.77 12.39 1.9401
3.65 4.49 10.04 2.5381
5.1 -0.01 10.9 2.2642
10.55 2.19 11.66 4.0145
10.05 5.2 9.97 2.6269
3.6 2.61 12.69 0.9705
23.775 4.89 15.74 4.9817
19.15 5.57 14.32 1.013
0.375 3.76 13.01 0.3354
1.725 5.33 16.13 2.2231
11.8 6.21 14.99 2.8208
15.325 4.54 9.08 3.425
3.8 2.21 9.87 2.5704
0.025 1.38 10.46 1.3417
0 2.78 13.67 2.4474
0.1 3.86 15.59 0.883
0.475 3.32 11.7 2.5941
2.95 -1.31 10.83 3.4673
2.275 0.3 9.7 2.02
3.65 0.3 12.34 0.5378
10.975 2.73 12.97 2.4474
5.6 0.8 12.53 2.2674
0 0.57 12.7 2.7188
0 2.45 16.88 3.7629
0 5.27 21.52 1.3482
0 6.64 21.94 1.1353
0 6.29 22.44 3.0144
0 5.25 22.9 2.4351
0 6.7 22.87 1.8678
0 6.76 21.06 0.3638
0 5.51 19.13 1.6569
0.025 4.2 19.32 1.8255
0.475 5.77 20.23 1.9073
0.95 5.7 18.05 2.3948
0.25 2.5 14.86 1.8531
0 2.87 17.68 2.6516
0 4.99 20.67 1.2124
2.4 5.78 20.39 3.0129
9.875 5.74 17.01 5.1138
10.125 1.47 12.05 2.6496
0.95 0.34 11.68 0.6036
5.05 1.28 11.84 2.2793
7.4 2.23 10.73 1.6039
17.95 1.98 10.89 2.9132
16.2 2.17 12.19 2.7462
0.05 1.56 12.27 0.4767
0 2.19 15.43 2.3121
0 4.06 19.22 0.9128
0 4.88 19.66 2.0752
2.425 7.38 17.43 2.0244
19.375 6.7 12.65 4.4604
23.55 5.14 11.12 4.3382
3.35 3.82 13.04 1.1452
0.125 3.91 14.47 0.6992
0 4.21 16.6 0.8689
0 5.82 19.36 1.6426
0 5.61 19.51 1.2146
0 6.57 22.09 1.2705
13.875 8.21 22.03 1.3474
24.4 5.8 18.08 2.5364
10.575 4.01 9.57 3.3877
2.15 5.13 10.5 2.1478
0.05 6.49 13.51 1.0221
0 6.91 20.87 1.0296
0 8.6 23.44 1.1858
3.775 9.53 25.18 0.8013
15.875 8.16 24.5 4.482
7.3 3.58 12.9 4.6072
4.475 2.3 14.37 3.4023
0.225 1.94 14.59 3.2252
0 4.27 19.49 1.9161
0 6.41 21.72 1.8166
0 8.98 25.38 1.1715
0 8.95 24.12 2.2056
0 6.82 21.63 3.7212
0 4.09 20.17 2.4485
0 5.76 21.04 0.9401
0.05 6.24 21.53 2.6947
1.8 6.25 18.46 3.4807
9.1 6.49 12.93 3.204
4.45 2.27 10.89 3.5417
0 3.73 18.58 2.0506
2.075 6.24 23.43 1.2439
4.2 8.83 25.3 0.8629
0 8.73 25.73 0.7726
0.825 10.28 25.53 1.2906
5.85 10.53 25.57 2.1041
3.05 10.54 19.24 1.6735
0.35 10.11 19.85 1.4858
0.675 9.86 21.27 3.3298
1.8 5.9 19.68 4.1267
2.975 2.94 15.49 3.4284
0.95 3.19 14.04 4.0784
3.8 5.48 17.64 2.2372
12.625 5.58 18.25 1.6536
18.5 7.38 18.59 2.8543
17.575 6.93 16.93 2.1809
11.625 4.28 16.17 3.0625
0 5.8 17.85 1.7284
0 9.14 25.86 1.0415
0 12.17 26.75 2.4517
0 12.51 24.58 3.0474
0 11.58 25.42 2.0924
0 13.44 26.76 2.1762
0 14.54 27.03 2.5152
0 13.63 29.01 1.6861
0 14.39 30.36 2.5168
0 12.41 29.01 3.0962
0 12.03 27.95 2.5922
0 11.98 26.85 3.5264
0 8.2 23.42 4.5482
0 10.21 21.92 5.1134
0 12.47 27.99 3.7488
0 14.1 31.24 1.004
0 14.66 31.31 1.8859
0 13.07 30.03 2.8173
0 9.5 27.62 3.3154
0 10.22 26.82 1.5539
0 8.41 27.77 2.4208
0 8.8 25.2 3.2385
0 8.06 24.84 2.7724
0 10.64 27.23 2.0149
0 12.54 30.12 1.0144
0 13.7 32.24 2.0559
1.075 12.71 30.35 2.317
0.95 11.65 28.52 2.8598
0 13.34 30.42 2.5882
0 16.82 34.46 1.2606
0 19.54 36.99 1.7579
0 16.96 36.25 3.1432
0 13.78 32.43 2.9826
0 12.23 31.07 2.8613
0 12.26 30.95 3.013
0 13.28 30.02 2.5564
0 14.06 32.56 1.3144
0 15.62 33.63 1.8614
0 12.79 31.34 2.3821
0 12.23 31.3 2.4087
0 13.1 32.68 2.5063
0 15.25 33.42 2.2809
0 16.12 35.4 1.9204
0 16.83 35.27 2.3148
0 16.73 33.14 3.1674
0 15.31 31.87 3.1238
0 16.48 32.95 1.5904
0 17.8 35.87 1.3953
0 19.76 37.16 2.6958
0 19.3 37.32 2.6939
0 19.05 37.27 2.5286
0 16.99 36.72 1.9532
0 16.52 34.18 1.9286
0 14.83 32.07 2.4233
0 13.31 33.96 1.0567
0 15.85 33.38 2.3591
0 17.04 34.82 2.1835
0 16.98 34.63 2.761
0 15.33 31.48 2.9221
0 14.54 30.51 2.1541
0 12.94 29.86 2.5538
0 14.43 31.75 2.3808
0 14.59 32.49 2.5892
0 14.33 32.12 2.3696
0 14.54 32.08 1.9652
0 14.91 32.48 2.4022
0 14.39 33.38 1.6329
0 14.84 33.01 2.0463
0 13.26 32.34 2.1616
0 13.71 31.82 2.2633
0 13.73 31.59 2.5805
0 14.08 30.46 2.9243
0 13.46 29.82 2.1233
0 14.18 30.08 2.0848
0 12.34 28.06 2.3015
0 12.11 29.45 1.0687
0 14.54 30.44 1.5256
0 14.2 30.5 2.3998
0 14.01 31.34 2.9692
0 14.82 33.05 1.3362
0 15.81 32.98 1.6378
0 15 31.96 1.6745
0 13.47 32.78 2.011
0 14.91 32.94 2.2851
0.05 13.23 30.28 1.9516
0.025 10.99 29.79 1.8372
0 14 29.6 2.5645
0 15.73 36.41 1.9221
0 19.32 39.45 0.498
0 18.31 36.85 2.2351
0 14.58 33.37 2.34
0 11.04 30.87 2.8431
0 8.76 22.65 2.2548
0 9.8 23.73 2.5141
0 10.36 26.49 1.6591
0 14.1 29.89 1.2457
0 16.7 34.09 0.4572
0 16.79 35.49 1.3154
0 16.45 35.59 1.2625
0 15.67 32.94 2.1483
0 14.25 32.15 1.5176
0 13.81 30.61 2.1899
0 11.28 25.8 2.7822
0 8.16 20.19 1.8959
0 9.67 24.3 0.9291
0 12.07 28.2 0.5708
0 13.38 30.79 1.1642
0 12.81 28.59 1.7744
0 11.07 28.05 1.5058
0 11.88 28.38 1.2954
0 11.86 29.01 1.794
0 13.3 28.17 1.5291
0 13.23 27.1 1.3729
0 12.62 25.92 1.3389
0 11.02 25.93 1.3464
0 11.15 26.12 1.2749
0 9.24 23.71 2.7014
0 9.24 23.42 1.1913
0 11.67 28.87 0.8231
0 13.96 31.72 1.0397
0 17.04 34.56 0.9085
0 16.05 35.25 1.3776
0 17.85 36.81 0.6504
0 18.16 37.1 0.5447
0 17.42 34.98 0.3251
0 16.17 32.49 0.6706
2.35 17.25 32.47 0.9778
4.6 14.43 29.49 1.5263
4.225 11.46 22.08 1.5858
0.7 11.03 18.82 1.7372
0.075 9.57 19.56 0.6686
1.475 10.03 21.11 2.1044
0 8.35 20.64 0.6108
0 9.81 24.59 1.9118
0 12.45 26.31 1.8429
0 13.24 27.7 2.0829
0 13.98 29.04 2.2911
0 15.13 31.24 1.4944
0 15.85 32.25 0.557
0 14.71 31.42 0.5077
0.425 13.18 28.94 1.0565
1.65 11.6 22.82 0.9555
0.65 9.74 19.92 1.2777
0 9.78 21.41 1.5896
0 9.95 24.32 0.916
0.325 9.17 21.95 1.7804
4.525 9.76 20.24 1.4279
15.475 10.17 18.53 1.9455
49.975 11.35 15.71 5.1839
13.075 7.99 16.02 3.3374
0 4.5 16.26 1.5108
0 3.91 17.33 2.9529
0.05 7.32 20.45 3.6126
2.2 8.55 20.55 2.2081
3 9.62 18.47 1.8024
0.65 7.69 15.45 1.1251
0 6.65 19.43 1.8143
0 7.8 21.58 2.9153
0 9.43 23.66 2.6307
0 11.31 26.98 1.6379
0.05 12.02 26.4 1.3366
5.175 10.36 24.35 2.0853
15.175 8.85 18.88 3.4271
6.175 4.24 12.92 2.3917
1.9 2.09 13.28 0.7152
1.225 4.43 14.17 1.601
0.025 3.19 13.76 2.3058
0 4.08 16.06 1.4097
0 4.88 16.26 3.0194
0 6.69 18.49 1.7778
0 8.02 20.11 2.8742
0 7.24 20.34 1.4912
0 6.95 19.75 1.8998
4.8 6.41 19.15 1.8467
21.7 5.82 16.05 2.1209
24.125 2.54 10.01 3.1335
26.6 2.62 7.18 4.6701
14.1 3.31 7.52 3.2062
13.75 2.52 8.54 4.0382
3.525 -2.33 6.31 1.4071
0 -2.26 8.29 3.2152
11.3 -0.56 9.29 3.3843
10.65 1.58 9.15 2.7065
3.95 0.1 6.7 2.1993
0 -2.68 8.19 2.5398
0 -0.84 9.25 3.071
0.075 0.88 11.29 2.3169
0.325 1.66 12.65 2.6799
0.525 5.69 10.38 1.4606
6 6.96 15 2.5562
13.475 7.7 15.69 2.6515
4.125 7.39 17.48 3.6454
3.525 4.57 15.14 2.1828
7 5.72 14.28 2.4497
5.7 7.86 13.84 1.3977
0.6 9.11 16.97 1.7407
0.025 7.13 15.2 0.4848
0.025 6.6 15.42 2.3213
8.525 5.99 14.41 1.3674
16.75 6.25 12.08 2.1244
5.475 2.66 11.06 1.2623
10.075 0.72 10.85 2.6026
33.15 2.05 11.38 3.4734
42.375 7.84 11.94 5.0324
66.125 6.94 12.6 5.6309
7.5 4.38 10.07 2.9842
7.7 4.57 8.77 3.0303
6.225 5.83 12.16 2.1732
1.025 5.6 11.03 0.6112
7.025 3.99 13.15 3.2341
18.3 4.16 14.4 5.5348
8.4 4.01 13.49 2.3787
5.325 3.28 10.53 0.85
39.9 4.15 10.28 2.4085
34.4 3.21 9 4.4712
2.325 -2.9 7.05 2.1891
4.1 -3.08 6.1 1.602
19.075 -0.52 7.73 4.4842
13.35 2.32 7.66 4.6343
2.725 2.42 7.96 2.3984
2.55 0.5 8.84 3.0065
0 0.25 9.39 3.6749
0.05 -0.55 7.33 4.7726
0.025 -0.26 6.39 3.301
0.125 0.1 7.52 1.5725
0.075 -0.34 4.76 1.4109
0 -2.69 5.86 3.0257
0.85 1.09 8.46 3.4865
2.375 3.86 12.88 2.5006
1.475 3.32 13.28 1.6777
0.7 5.77 10.63 1.1813
0 2.98 12.74 2.6729
0.05 5.8 11.63 0.6245
0.025 5.8 12.81 0.5842
0.025 5.31 12.84 2.4548
0 2.8 12.17 1.5616
0 3.38 15.1 4.0346
0 2.96 16.68 3.5776
0 4.05 16.12 2.998
0 3.34 17.72 4.0585
0 3.66 16.67 1.7669
0.05 4.13 16.28 2.0386
0.125 2.92 15.82 4.9403
0.05 2.81 16.07 3.6104
0.025 2.3 15.04 1.7933
15.35 2.35 14.35 0.6482
12.025 3.23 12.57 1.709
5.1 1.29 9 1.3196
0.025 1.59 11.75 1.7235
0 -0.38 13.07 3.0174
0 1.99 13.74 1.9916
0 2.28 14.03 2.496
0 3.65 18.77 1.6368
0 6.04 18.54 1.9248
0 5.92 19.75 0.737
0 1.94 17.06 2.5957
0 0.02 13.47 3.3896
0 1.82 13.75 3.5784
0 2.27 15.5 3.7151
0 2.8 19.14 2.8859
0.1 3 19.66 1.1831
0.725 2.97 16.7 4.1344
16.625 7.43 15.62 5.1684
21.225 3.76 11.6 5.7367
32.275 1.85 6.7 4.9527
31.325 2.1 6.69 2.3404
10.225 0.22 8.78 2.8322
0.775 -1.44 8.24 0.5205
0 0.45 9.55 1.2572
0 -0.64 10.09 0.5344
2.325 -0.38 11.09 0.803
13.975 0.74 9.64 2.482
18.275 0.06 9.05 4.9021
9.7 -2.89 7.22 0.9368
28.65 -3.47 7.57 0.465
1.325 -0.76 10.75 2.392
2.65 -1.24 12.99 1.9543
10.15 3.29 14.5 4.0663
2.4 6.86 14.55 1.5505
0.025 2.75 15.07 1.4815
6 4.43 16.44 0.5318
18.95 6.42 15.23 1.7524
8.675 5.6 11.72 4.0201
0.1 3.12 12.59 0.9054
2.3 4.67 15.86 1.5728
0.525 6.28 17.16 1.1941
0.225 4.95 15.91 1.0974
0.775 4.46 15.03 0.4284
4.65 5.64 15.95 1.6492
7.775 8.02 17.12 1.5719
17.375 8.03 17.56 1.9141
8.275 6.67 15.65 2.5713
7.125 1.4 12.74 0.9409
13.075 1.56 12.78 3.9555
28 2.89 10.13 4.7866
35.025 4.42 8.57 5.2187
12.925 2.94 8.75 2.2463
3.975 2.05 10.57 1.5675
13.925 3.64 10.81 5.3237
20.15 4.05 7.79 5.6336
24.875 2.4 9.26 4.0225
18.45 3 9.57 3.2371
3.925 4.53 10.91 1.6521
2.225 4.97 13.32 0.6808
0 4.47 16.24 1.1946
0 5.84 17.61 1.8052
0 7.53 21.08 2.5089
0 9.72 25.32 1.9989
0 8.61 22.28 1.0914
0 4.01 18.83 2.0077
0 5.53 20.56 1.8492
0 7.92 21.8 1.4548
2.35 5.97 20.53 1.7213
3.725 2.77 16.15 3.4836
1.525 -0.17 10.45 1.7303
0.075 -0.28 12.83 1.2467
0 0.82 15.6 0.3752
0 3.21 16.59 1.5386
0.35 3.41 17.65 1.4043
0.625 3.57 15.23 2.5834
0.325 1.58 14.83 0.5092
0 2.8 18.49 0.7804
0 5.96 22.03 1.2088
1.25 6.97 22.96 2.0102
1.125 9.36 20.19 2.5354
0.8 10.66 19.15 1.3295
2.65 9.7 20.35 1.8913
2.45 8.87 18.26 1.865
0.6 4.92 18.3 0.8311
1.275 6.5 18.31 0.8109
1.875 7.79 18.53 1.9933
1.675 6.78 18.76 2.3059
0.625 4.33 18.46 2.3284
0.125 4.12 20.52 0.9834
0 5.08 20.65 2.1475
0 4.02 18.67 4.3723
0 2.91 19.82 3.3867
0 4.99 21.94 1.707
0 7.58 24.46 0.5156
0 7.76 24.27 1.1082
0 9.05 27.07 2.9806
0 11.67 29.49 0.9382
0 10.31 28.79 1.3933
0 8.63 25.14 1.8183
0.175 7.41 19.59 2.6844
1.475 4.41 15.28 2.911
0.725 4.41 20.15 2.43
0 6.12 22.54 1.6957
0 8.11 24.14 1.1903
1.425 8.99 25.19 0.7602
19.075 8.49 21.31 2.8077
20.35 4.83 14.34 2.7421
9.275 3.46 12.57 1.6283
17.75 5.99 12.22 3.4262
6.95 6.58 13.51 2.0399
0.55 5.16 18.2 2.7875
0 7.25 23.33 1.572
0 10.56 23.85 2.1718
0 7.95 22.79 3.2124
0 6.57 21.29 4.439
1.225 6.65 21.46 2.3637
5.25 8.05 19.35 2.7787
0.8 5.31 18.96 2.0002
1.975 6.05 19.37 3.093
2.15 6.46 18.06 3.921
1.775 5.55 17.23 4.5257
0 6.53 18.91 2.7491
2.775 6.89 19.48 2.5681
2.2 7.65 18.28 2.5891
1.5 5.67 16.45 1.5693
1.975 5.81 17.94 0.8733
12.125 8.78 17.64 3.4205
19.4 11.47 18.44 0.9912
7.65 9.3 19.22 3.4675
0.175 8.24 19.64 2.0684
0 9.58 23.38 2.8549
0 10.79 26.33 1.6015
0 12.41 27.4 2.6942
0 11.09 25.62 3.1445
0 10.31 25.27 2.7818
0 12.06 27.9 2.6892
0 14.17 31.34 2.1941
0 15.95 32.43 2.1802
0 14.26 30.53 2.4521
0 13.28 28.66 1.5526
0 13.87 28.99 2.8464
0 13.5 29.86 2.3797
0 15.49 31.48 0.7219
0 17.62 34.92 0.7797
0 18.91 36.21 2.532
0 15.68 33.89 2.5375
0 13.22 30.94 2.4369
0 12.82 30.21 2.5818
0 13.11 30.3 2.4557
3.275 14.69 31.32 2.4663
14.025 13.99 27.84 2.4883
6.925 10.87 23.18 2.4776
0.1 10.55 25.03 2.3775
0 12.83 29.82 1.4721
0 15.94 33.79 1.2108
0 17.61 35.78 1.1477
0 17.8 36.41 1.5953
0 18.65 36.44 1.6137
0 19.58 35.74 2.4773
0 18.87 35.28 2.7819
0 17.37 34.41 1.9401
0 16.33 33.53 2.4076
0 14.22 32.38 2.2745
0.025 12.96 30.14 2.5012
0.025 12.01 27.9 2.6804
0 12.48 26.65 3.1755
0 11.34 25.41 2.7662
0 11.78 25.55 3.3846
0 11.37 25.6 3.236
0 12.03 26.78 2.1024
0 12.32 28.58 1.2723
0 13.47 29.26 2.0076
0 15.17 31.69 1.6273
0 15.5 32.66 2.3365
0 16.04 33.73 2.7867
0 15.37 33.07 1.9365
0 14.12 32.56 2.0421
0 13.48 32.52 2.1702
0 13.57 32.57 1.9271
0 14.11 33.59 1.6727
0 15.03 34.39 1.5578
0 16.11 34.09 2.3779
0 15.18 33.29 3.1952
0 15.18 33.07 2.1479
0 15.89 32.39 1.5786
0 15.83 33.71 1.8397
0 15.85 33.5 2.1233
0 13.89 31.45 3.1503
0 13.7 30.59 2.4428
0 15.06 31.15 3.1498
0 15.16 30.38 2.6243
0 13.51 32.05 1.9779
0 14.36 32.14 2.0946
0 15.31 32.63 2.1918
0 15.42 32.61 2.6728
0 13.7 32.27 1.8912
0 16.27 32.63 1.5079
0 16.19 33.57 2.1794
0 15.16 32.91 1.4885
0 14.35 33.33 1.2582
0 14.42 33.19 1.9206
0 15.13 34.13 1.799
0 14.42 31.62 2.6954
0 12.66 29.69 2.1596
0 12.11 29.82 1.7528
0 13 30.26 1.3616
0 15.39 32.87 0.9832
0 17.44 34.16 1.9689
0 16.21 33.27 1.2405
0 16.58 34.52 0.8535
0 17.49 34.69 1.0611
0 17.05 35.31 1.4433
0 15.78 34.46 1.8567
0 14.45 32.52 1.8358
0 13.92 31.99 1.7721
0 14.1 32.21 0.7514
0 16.2 33.09 0.8104
0 16.39 33.48 0.7108
0 16.04 32.68 0.9329
0 16.46 32.6 1.9123
0 14.8 34.56 0.7009
0 16.71 34.38 0.9867
2.075 16.09 33.95 1.0413
1.2 15.13 34.52 1.6503
0.125 17.19 35.46 0.8021
0.45 15.75 29.54 1.7937
0.125 14 27.77 1.7313
0.2 14.23 30.68 0.8857
0.125 14.78 30.89 1.5681
0 14.42 29.49 2.467
0 12.19 27.73 1.6836
0 11.55 26.89 1.7939
0 13.69 28.97 0.8201
0 15.05 32.52 0.4541
0 16.45 34.7 1.0641
0 16.27 34.11 0.8216
0 16.76 34.27 0.6888
0 17.53 36.33 0.7294
0 14.92 33.35 1.5351
0.025 13.48 27.77 2.2582
0 11.06 24.69 1.9311
0 12.25 28.62 0.8988
0 15.13 32.33 0.6009
0 14.12 33.11 0.8953
0 14.92 30 1.2666
0 13.34 27.51 2.4336
0 12.24 24.92 1.8659
1.275 10.33 22.85 2.0045
15.525 9.5 20.95 2.1729
19.875 8.48 18.08 3.7254
6.1 7.37 13.38 0.7429
0.75 4.72 15.44 0.925
0 6.77 19.09 1.2243
2.175 8.25 21.91 1.2465
5.725 11.3 20.68 1.639
2.35 13.06 20.49 1.8051
0 9.58 23.89 1.0486
0 11.28 27.47 0.7627
0 14.28 28.81 0.5734
0.025 13.21 28.68 0.9909
0 13.55 26.58 1.1656
0 12.82 26.5 1.6139
0 12.62 27.7 1.4054
0 11.92 25.52 1.1176
0 11.65 24.37 0.7696
0 10.14 24.87 0.8856
0 11.43 25.59 2.3933
0 12.33 26.82 1.6083
0 11.06 26.61 1.6173
0 9.19 23.01 1.4312
0 5.98 20.16 2.8649
0 7 20.47 3.0612
1.575 7.91 21.18 1.7702
0 8.29 22.44 1.1044
0 8.83 23.47 2.0867
0 9.31 24.42 0.6195
0 7.66 23.34 3.8192
0.425 6.72 21.86 4.0553
2.1 5.8 21.06 3.3217
3.375 3.22 15.59 1.7286
5.325 0.94 11.31 0.7241
1.95 1.34 10.45 1.4473
0.05 0.34 10.98 0.8652
0 1.95 12.35 2
0 3.2 15.66 2.9828
0.725 2.76 18.35 3.0986
1.9 5.35 18.88 3.598
0.85 8.27 16.73 0.6519
0 6.86 17.26 0.3189
0 7.61 16.75 0.8343
0 6.19 16.59 0.6572
0 5.84 18.22 0.8865
0.35 5.65 17.86 1.209
1.95 5.13 16.1 3.3456
3.35 2.25 10.7 2.2029
1.4 3.68 11.21 4.0075
0.125 2.25 13.02 1.9755
0 2.68 13.33 2.937
0.075 2.93 13.64 4.1962
0.8 4.98 14.38 2.1579
0.125 4.93 13.37 0.7234
0 4.24 15.32 2.7022
0 5.2 17.83 2.2534
0.125 4.36 18.09 0.9378
0.15 3.94 14.44 1.5681
0.025 3.36 18.15 4.0256
0 2 17.06 7.628
0 2.4 15.66 3.4709
0 0.36 14.68 4.0171
0 0.37 13.59 2.6898
0 -0.17 13.14 3.44
0 0.28 13.33 2.9634
0 -0.38 13.23 3.1766
0 0.8 14.12 3.1784
0 0.95 14.55 4.1962
0 1.17 15.69 2.9946
0 1.02 13.54 0.6261
0 1.17 11.73 1.4839
0 0.5 13.23 1.4242
0.675 -0.08 12.08 0.8761
0.95 1.31 11.28 0.6886
0.3 0.49 10.92 5.0199
0 0.65 14.33 4.4662
0 1.53 15.02 2.5745
0 0.97 12.8 4.3695
0 0.28 12.68 4.1181
0 -0.51 12 3.3718
0 -1.79 12.31 4.4931
0 -0.36 13.16 3.9107
0 0.46 13.18 4.8875
0 0.95 15.6 3.3694
0 0.4 15.74 1.2346
0 0.65 14.21 1.0548
0 2.63 15.87 1.0189
0 4.73 15.43 0.8466
0 5.94 16.72 1.4852
0 2.61 13.45 2.3676
