1.35 -10.95 0.66 1.5209
10.1 -8.75 0.28 1.6316
5.575 -11.17 0.17 1.652
0.775 -14.73 -3.54 4.2861
3.1 -13.76 -4.95 1.7786
1.575 -8.56 -3.98 0.5648
0 -8.25 -0.17 1.383
0 -6.41 1.64 0.6875
0 -9.34 5.3 4.5063
0 -9.26 5.38 3.1902
0 -7.42 3.51 2.274
0 -4.38 7.58 5.4254
0 -4 8.53 3.7426
0 -6.71 8.12 3.2859
0 -5.32 8.47 3.7652
0 -5.38 10.07 4.8434
0 -6.94 7.82 4.2346
0 -7.15 7.34 4.8133
0 -5.7 6.44 4.889
0.075 -5.45 5.78 3.4057
15.55 -5.14 6.45 2.7062
29.375 -2.6 7.16 2.139
60.8 -3.75 3.35 1.5927
53.9 -3.75 1.18 2.7327
16.75 -7.85 -1.51 3.6019
2.5 -12.72 -6.6 0.7446
0.375 -13.22 -4.99 1.2476
0 -11.54 -1.97 1.3745
0 -9.05 0.29 4.2576
0 -7.44 6 4.4997
0 -5.36 6.78 3.0854
0 -5.94 6.76 3.2606
0 -7.48 6.14 3.772
0 -7.39 8.05 3.749
0 -4.26 9.49 2.9675
6.125 -3.82 8.63 2.4666
10.65 -6.48 0.02 2.6489
4.175 -7.88 -1.9 2.8858
22.075 -7.85 1 1.2588
13.25 -12.06 -1.09 3.7472
4.425 -16.38 -6.25 0.5164
12.325 -14.72 -4.94 2.6202
6.45 -10.57 -5.03 1.4189
15.375 -10.89 -3.95 3.1109
8.9 -10.71 -5.15 3.3803
3.675 -9.14 -3.51 5.5408
29.875 -8.28 -4.43 5.4352
23.95 -8.34 -5.53 4.2335
4.375 -11.2 -5.75 1.1406
0 -11.12 -2.62 3.3572
0 -10.75 0.79 2.4697
7.425 -10.02 2.42 3.7493
28.15 -8.8 1.8 3.3776
19.6 -5.48 -2.61 2.471
5.85 -7.7 -0.5 1.6674
2.975 -7.38 5.3 1.5419
0.7 -6.69 -0.48 2.8298
0 -8.69 3.6 0.4645
0.025 -8 6.65 3.7701
19.6 -4.63 6.02 2.8468
29.325 -3.57 2.6 4.1526
40.525 -5.09 2.23 4.9406
21.65 -8.54 -2.94 3.11
4.425 -12.35 -3.73 0.7572
1.8 -11.2 -1.03 1.8918
0 -12.08 -1.9 0.2943
0 -12.39 2.38 1.4678
0 -9.12 5.19 2.6299
0 -12.61 -1.19 0.4707
0 -12.13 3.63 0.8201
0 -9.35 4.28 2.3336
0 -9.09 7.04 2.624
0 -7.98 8.48 1.4259
0 -6.61 5.8 2.539
0 -5.78 6.34 3.0327
0 -5.34 9.12 1.0469
0 -4.75 10.78 0.9324
0 -2.42 12.84 0.8341
0.15 -4.13 13.14 0.6667
28.3 -3.83 12.25 2.0602
22.7 -8.84 3.88 4.2199
2.575 -14.11 -5.99 2.1647
0 -12.85 -0.73 1.9044
0 -9.52 6.44 0.4169
0 -6.18 8.4 1.9521
0 -5.99 11.36 2.0939
0 -5.33 10.55 1.311
0 -4.52 12.08 3.351
0 -6.96 8.12 1.9903
0 -6.51 7.13 0.2847
0 -5.29 8.9 2.537
0 -4.15 11.41 2.566
0 -5.97 9.94 5.311
0 -9.73 2.17 1.8966
0 -8.97 6.59 2.9277
0 -7.57 10.31 2.5145
15.3 -3.71 12.79 1.3214
14.775 -7.73 9.8 3.5223
10.05 -7.3 -0.33 1.8169
5.1 -7.32 0.88 2.1521
0.65 -7.56 0.45 3.7039
0 -6.02 4.79 1.4829
0 -5.73 9.65 2.0255
0 -4.13 8.91 4.516
0 -11.34 2.6 6.263
0 -10.34 0.29 3.2921
0 -7.84 6.62 1.5835
0 -5.65 11.66 3.0609
0 -3.06 15.2 2.9374
0 0.66 18.35 1.557
0 2.35 20.62 1.0492
0 3.55 21.17 2.1679
0.15 1.25 19.85 3.028
2.475 -1.24 13.56 3.3719
1.425 -8.59 2.55 3.5667
0 -7.36 6.1 1.8301
0 -4.81 8.65 2.3619
0 -5.74 8.84 3.3298
0 -7.37 5.83 1.5231
1.975 -4.88 9.09 1.8918
57.675 1.64 12.25 2.0993
40.375 -1.69 8.5 2.7381
12.4 -0.92 3.87 3.9526
6.3 -3.02 4.56 2.0081
0.725 0.48 9.96 3.9722
0 -1.86 12.04 2.4166
0 -0.77 15.07 2.7445
0 0.8 15.72 1.5773
0 -0.37 16.34 1.0132
0 1.72 17.3 0.7368
0 0.48 17.91 2.9557
0 -0.11 17.21 3.2799
0 -0.78 14.79 2.2624
0 -0.2 14.64 3.0976
0 0.94 16.14 1.5682
0 1.83 18.75 1.7642
0 6.46 23.08 0.3776
0.775 7.98 24.82 2.4836
0.45 5.21 24.45 2.8927
0 2.51 18.98 1.691
0 1.95 17.77 0.8163
0 2.37 18.74 2.3937
0 2.26 18.5 2.9157
0 1.72 17.65 2.6844
0 0.28 17.35 1.7442
0 1.18 17.1 1.2098
0 3.52 18.64 0.7654
0.975 5.01 20.02 1.7357
0.575 4.7 19.46 2.4306
22.275 4.68 18.81 3.3249
13.375 4.47 18.47 2.1268
0.25 4.17 17.6 1.8703
0 3.35 15.48 2.2017
0.425 3.55 15.04 0.604
11.275 0.54 13.55 2.165
9.85 -2.05 11.63 3.8117
4.8 -3.17 3.44 2.5952
1.7 -2.34 5.6 2.7638
0.125 -1.6 11.72 2.5313
0.075 1.95 14.23 3.3761
0 1.59 13.33 3.0893
0 -0.36 12.04 3.277
1.55 0.32 12.84 2.1179
3.45 1.93 12.11 3.6558
1.5 -0.39 11.62 2.5215
0.275 0 12.66 2.4002
0.175 0.97 13.26 2.2929
0 3.31 14.27 2.9009
0 3.18 16.7 1.6122
0 5.96 22.07 2.6161
0 2.76 20.47 3.1955
0 0.52 16.03 3.1117
0 0.47 13.92 1.2248
0 1.8 16.88 0.7848
0 5.23 20.34 1.4037
0 5.75 22.91 2.7503
0 4.83 20.99 1.6112
0 5.66 21.42 0.8731
0 6.24 25.34 0.4564
0.25 9.48 26.73 2.9889
0.15 8.67 26.39 2.9825
0 7.92 24.71 2.241
0 8.55 24.15 1.602
0 6.92 22.59 2.9227
0 5.59 23.46 2.5548
0 5.69 22.18 2.8664
0 4.58 22 2.7078
0 3.47 19.83 2.9306
0 3.06 19.33 2.589
0 2.78 19.55 2.5296
0 3.38 19.49 1.908
0 4.8 20.96 1.9725
0 5.72 22.02 2.4201
0 5.85 21.61 1.3959
0 5.72 22.7 0.798
0 6.11 23.13 1.5664
0 7.78 25.88 2.1181
0 8.93 25.38 1.8841
0 9.58 26.72 2.0714
0 10.17 27.16 1.8943
0 10.2 27.91 2.4715
0 9.28 27.79 2.5568
0 8.01 25.52 2.2218
0 10.38 25.96 2.0692
0 8.65 25.19 2.1844
0 8.14 25.2 2.2764
0 8.1 25.48 1.967
0 8.3 26.25 1.6963
0 9.83 26.52 1.9423
0 9.17 26.46 2.7677
0 10.04 25.41 2.4355
0 9.21 24.72 2.3628
0 8.64 24.6 2.3781
0 7.82 23.73 3.1684
0 5.69 21.77 2.8283
0 5.27 22.15 2.4752
0 6.98 22.07 2.6648
0 4.33 20.06 3.3942
0 0.26 11.59 1.9689
0 1.98 14.2 1.2481
0 4.06 18.77 0.1767
0 5.85 22.06 1.0868
0 7.23 23.21 2.9533
0 7.17 24.69 2.7952
0 7.06 23.79 3.0048
0 5.25 22.45 3.1248
0 2.76 20.38 1.3336
0 2.58 19.91 0.3124
0 3.81 21.43 0.6753
0 5.29 23.48 0.9801
0 7.53 25.82 1.2867
0 7.8 26.88 1.9243
0 8.73 26.27 2.2996
6.075 8.55 26.88 2.3025
6.925 6.69 21.77 3.3532
1.975 4.82 21.07 1.6728
0 4.44 20.65 1.6441
0 4.27 22.18 0.6674
0 4.58 22.91 1.4202
0 7.29 22.49 1.0675
0 7.21 23.54 1.368
0 7.06 24.69 3.0511
0 7.73 23.53 2.168
0 6.32 23.21 1.1944
0 7.12 23.33 0.1748
0 8.27 24.35 1.3934
0 7.68 24.05 2.0351
0 5.07 22.58 2.1881
0 3.15 20.52 2.0486
0 3.61 18.4 1.3481
0 3.31 18.44 0.4215
0 4.19 19.55 0.9214
0 5.63 21.74 0.347
0 7.07 23.18 0.9689
0.2 7.89 25.86 1.4413
1.45 6.11 22.32 2.4609
0.65 2.87 17.32 2.871
0 1.07 12.79 1.4694
0 2.53 18.01 1.1318
0 4.21 20.62 0.3317
0 4.55 22.29 1.1379
0 6.81 24.62 2.3713
0 4.41 23.36 0.9197
0 6.13 21.12 2.7352
0 5.42 24.04 2.5545
0 5.03 24.22 1.6657
0 4.53 23.65 0.9094
0 4.68 23.57 0.7848
0 5.96 24.75 1.1727
0 5.83 25.86 0.4142
0 5.61 25.86 2.2432
0 6.03 21.29 2.6175
0 -4.98 9.89 2.3049
0 -4.1 10.45 2.5259
0 -1.73 14.55 0.8167
4.1 -0.42 15.32 3.1099
2.7 -6.34 11.94 3.556
0.125 -7.95 0.66 0.3216
0 -7.63 8.26 3.262
0 -5.44 10.56 1.741
0 -3.05 11.25 1.3415
0 -2.69 13.37 0.8297
0 -1.22 14.62 0.6501
0 -2.41 14.4 2.0616
11.05 -1.53 13.19 2.0294
78.625 -1.41 7.59 6.4567
44.075 -0.88 4.43 4.6087
0.525 0.76 8.16 0.7529
0 0.94 14.17 2.1634
0 0.44 15.9 1.1357
0 1.78 18.35 2.0124
3.425 1.65 14.19 2.4981
2.05 -5.62 5.97 2.2867
0 -5.1 8.16 1.0484
0 -3.4 11.02 0.596
0 -3.19 12.36 0.8805
0 -0.7 14.42 1.0791
0 -0.7 10.97 1.8703
0 -1.13 12.86 1.171
0 -1.36 13.86 4.2018
0 -6.06 2.98 5.0396
0 -8.53 2.24 0.8082
0 -7.67 4.83 0.0388
0 -4.49 10.26 0.8577
0 -3.39 12.61 0.7813
0 -0.38 14.21 1.1934
0 -0.8 15.77 1.1586
0 -0.48 15.84 1.7787
0 -1.97 14.99 2.3555
0 -4.53 10.01 0.7936
0 -5.1 8.63 1.3818
0 -6.65 6.18 1.8312
0 -6.07 6.49 1.3085
0 -4.94 8.44 0.7752
5.975 -2.93 8.29 0.5493
6.65 -3.99 8.37 1.9762
1.825 -8.15 0.22 1.0918
0 -8.91 1.46 1.0525
0 -9.05 2.32 2.8942
0 -7.38 5.39 2.2155
0 -5.9 7.16 1.8017
0 -5.82 8.89 1.2998
0.5 -8.15 4.13 2.4037
5.5 -7.21 5.54 4.0477
3.1 -6.71 5.31 0.9598
0 -6.48 1.23 0.5962
0 -8.43 4.69 2.4777
0 -7.61 3.36 3.8061
0 -6.53 4.95 4.1957
0.7 -6.46 6.13 2.7366
3.475 -5.26 7.51 1.2349
1.825 -8.02 4.2 5.1035
0 -7.02 0.44 5.2175
0 -7.52 2.53 3.8956
0 -7.3 4.77 1.692
0 -8.41 5.16 2.4024
0 -10.08 6.47 2.2402
0 -9.21 2.38 2.1367
0.025 -8.6 4.24 1.0039
13.575 -11.14 0.5 2.3727
15.6 -10.29 -1.53 1.0007
4.475 -19.43 -8.28 0.7624
0 -19.12 -8.18 1.8528
5.45 -15.92 -6.87 2.9656
31.375 -8.97 -3.06 2.6847
64.2 -6.03 -2.22 3.6595
32.175 -7.96 -1.84 4.5919
2.25 -10.55 -4.32 0.8779
0 -10.14 -4.36 2.9676
0 -8.24 0.56 2.3672
0 -6.75 2.26 2.2099
0 -6.36 1.96 2.7662
0 -7.03 1.79 4.0542
0.75 -6.92 2.22 2.8663
15.475 -6.38 4.47 1.9202
11.15 -9.46 2.17 3.6536
0.2 -13.72 -4.6 2.7907
0 -10.63 -0.97 3.8284
0 -10.45 -0.92 3.7119
7.025 -10.41 -1.68 3.9788
4.225 -9.5 -0.79 1.9684
2.825 -10.5 -4.11 3.2246
9.75 -9.42 -1.96 0.7995
5.075 -8 -2.41 1.5477
0.125 -8.5 -2.74 2.4724
0 -8.42 0.83 1.9988
0 -8.41 0.9 1.1305
0 -8.27 1.72 3.9223
0 -8.51 2.72 2.8653
0 -7.23 2.47 2.3491
0 -7.55 3.32 2.8765
0 -6.83 3.53 2.8639
0.1 -5.56 4.84 3.1012
1.975 -5.33 5.47 2.253
1.15 -3.33 2.44 2.451
1.25 -3.77 2.38 3.0642
24.775 -5.53 5.75 4.3868
14.9 -5.9 1.03 2.0984
0.275 -9.97 -0.62 1.5126
0 -9.08 0 3.335
0.975 -7.66 3.7 1.8688
16.975 -7.78 4.19 2.5545
41.7 -6.99 0.57 4.6372
34.825 -8.69 -3.33 5.5003
40.225 -8.74 -4.93 6.3827
40.2 -10.55 -6.13 4.0038
21.775 -10.12 -6.22 4.1119
5.325 -11.03 -6.8 0.9641
1.425 -13.38 -5.49 2.0982
4.6 -10.51 -4.08 3.6907
2.25 -8.27 -2.81 2.86
0 -8.82 0.59 1.4204
0 -11.49 1.4 2.8966
1.525 -10.27 -1.19 3.1255
0.9 -7.69 2.23 1.5305
0 -11.15 0.52 1.0188
0 -15.85 -0.07 1.7124
0 -9.42 1.76 1.9137
0 -8.91 1.63 0.6274
9 -7.92 2.24 2.6202
15.8 -5.95 1.97 3.3187
15.425 -6.26 -1.05 1.7394
5.5 -8.04 -2.28 2.4313
1.15 -9.74 -2.11 1.4896
1.7 -9.34 -1.95 2.3551
0.575 -10.26 -3.04 0.4661
0 -9.76 -0.14 1.0427
0 -7.21 1.7 1.1556
0 -7.51 4.8 1.3414
0 -6.99 6.49 1.5172
0 -8.46 8.41 0.8541
0 -5.78 7.81 1.7275
0 -5.85 8.66 2.4645
0 -5.59 9.3 1.2149
3.6 -6.94 8.66 1.3113
8.125 -5.79 3.55 2.3
17.275 -6.77 0.89 2.972
8.45 -11.72 -4.1 2.5118
32.95 -11.3 0.8 3.6497
26.7 -7.79 0.95 2.8882
3.35 -9.36 -0.3 0.6438
29.3 -8.1 4.33 4.5106
19.575 -6.17 3.13 1.596
1.3 -8.18 -2.82 0.6418
0.625 -8.08 4.16 2.4706
11.75 -5.5 6.44 2.693
23.45 -6.88 -0.1 3.2853
9.975 -9.94 -1.93 3.1707
0.05 -11.61 -3.3 1.2907
0.025 -9.22 1.43 2.6849
0.175 -9.39 2.7 0.7519
6.05 -7.28 3.16 2.3923
5.9 -13.89 -3.36 3.8417
1.4 -10.84 -2.36 1.9555
0 -11.58 -2.7 0.5386
29.25 -9.67 3.72 2.2703
17.55 -9.61 3.44 2.4708
0 -10.89 0.51 2.7772
0 -10.28 5.81 3.8896
0 -7.87 10.65 1.5383
0 -4.99 11.8 0.6744
0 -4.36 11.8 3.0245
0 -10.09 9.15 2.177
0 -4.09 12.97 2.134
0 -5.71 11.77 0.8227
0 -5.23 9.67 1.2124
0 -7.04 9.72 2.3779
1.35 -6.98 10.85 2.2807
4.425 -5.79 10.7 2.5802
2.15 -9.2 2.84 2.4599
0 -8.27 4.42 2.9537
0 -7.04 9.39 1.4772
4.75 -4.83 11.07 2.8222
20.725 -4.89 11.17 5.8563
10.95 -8.64 -1.15 3.211
0.875 -11.11 -1.3 0.7948
8.35 -10.05 1.09 2.4356
4.725 -7.17 0.18 2.081
26.375 -9.17 0.18 2.7375
15.825 -10.42 -2.7 3.4871
0.05 -11.19 -1.52 0.6777
0 -10.27 3.88 2.3026
0 -7.18 9.58 0.3091
0 -5.14 11.28 1.6521
0.675 -5.01 10.94 1.9244
19.65 -4.69 6.43 3.8042
16.75 -8.33 0.25 4.6596
3.125 -8.86 -2.21 1.0882
0 -8.28 4.13 0.6573
0 -7.24 5.55 0.8554
0 -4.91 10.52 2.5266
0 -5.85 10.48 1.2837
0 -4.73 12.88 1.0998
3.775 -3.78 14.68 1.7619
17.675 -1.66 12.09 2.8774
10.75 -8.33 0.87 2.8917
0.9 -7.18 -3.56 1.5189
0 -5.93 -0.01 1.3597
0 -4.97 9.82 0.6301
0 -2.89 12.11 1.3571
0 -1.3 14.92 0.7269
10.75 0.17 15.48 4.5271
12.85 -5.36 5.39 5.2315
4.125 -10.19 -1.94 3.9463
0.15 -9.69 -0.07 3.3498
0 -7.1 5.75 1.8195
0 -5.08 9.95 2.0169
0 -3.73 13.95 1.1295
0 -1.47 15.2 1.932
0 -1.62 14.26 3.5086
0 -4.59 10.34 2.2046
0 -4.7 9.46 0.9301
0.075 -3.06 12.11 2.8446
3.775 -3.97 10.96 3.7134
17.975 -7.23 1.28 3.5106
9.675 -10.6 1.32 4.5017
0.125 -8.66 2.2 2.2835
0.275 -3.77 9.16 1.1963
0.15 -2.69 12.11 0.7562
0 -0.7 13.99 0.6194
1.15 1.89 15.96 1.3979
5.825 2.6 15.62 2.2206
3.075 -3.88 7.39 2.3709
0.4 -1.96 8.95 1.6923
0.25 0.69 12.05 3.3608
0.275 -2.83 12.73 4.3749
0.225 -7.63 6.38 3.6939
0.45 -7.6 1.59 4.081
1.525 -6.23 4.19 2.3412
5.075 -6.34 4.48 1.6232
14.85 -2.4 7.93 3.3837
24.575 -4.55 4.39 2.6424
10.325 -6.77 3.09 3.7309
0 -6.09 4.82 1.7017
0 -2.24 12.35 0.5863
0 -0.06 15.94 2.605
0 3.66 15.39 2.9802
0 0.88 14.51 2.5954
0 2.57 15.89 2.8015
0 4.84 17.1 2.892
0 4.38 17.43 2.0564
0 5.71 20.89 3.0222
0 6.62 21.27 3.0734
0 3.81 19.18 2.228
0 3.49 18.78 4.0168
0 0.38 16.86 4.5709
0 -0.51 11.34 5.2741
0 4.19 12.36 4.1735
0 1.73 16.24 1.1275
0 4.21 18.54 1.6626
0 4.5 20.12 3.0653
0 0.95 18.52 3.1742
0 -0.43 13.85 0.7983
0 -0.06 17.41 2.229
0 0.12 16 3.3333
0 -0.97 14.06 2.5206
0 0.12 15.72 1.4466
0 1.47 15.55 0.8263
0 4.18 19.16 1.5758
0.025 4.19 20.03 2.1853
0.025 5.56 17.29 2.6381
0 3.27 17.27 2.3155
0 6.5 20.03 0.7554
0 7.9 23.95 1.3848
0 8.07 25.6 3.2889
0 5.88 22.87 2.9869
0 3.49 20.64 2.664
0 2.99 19.5 2.7225
0 6.69 19.08 1.9251
0 3.51 18.36 1.0575
0 4.12 20.77 1.7663
0 5.66 22.69 2.271
0 5.84 21.21 2.1685
0 5.94 21.38 2.0801
0 7.89 22.95 2.0113
0 6.94 23.08 1.8315
0 7.57 25.03 2.5178
0 8.72 23.64 3.3657
0 9.43 23.43 3.5574
0 6.93 20.99 1.7523
0 7.96 22.81 1.1139
0 10.15 25.8 2.6045
0 9.42 25.2 2.8323
0 9.36 25.72 2.6263
0 7.79 26.64 1.996
0 7.47 26.04 1.993
0 7.05 24.16 2.7594
0 6.66 22.69 1.0207
0 7.29 22.78 2.2368
0 7.43 24.02 1.9684
0 9.39 25.41 2.4179
0 9.08 24.23 2.7662
0 7.06 22.86 1.9776
0 4.83 22.15 2.4566
0 6.75 22.77 2.0071
0 5.27 22.94 2.4048
0 6.22 22.32 2.4957
0 4.95 22.09 2.0863
0 5.67 22.21 2.4905
0 5.1 22.73 1.6458
0 4.76 22.77 1.9902
0 5.29 22.58 2.0575
0 4.66 22.06 2.1911
0 5.5 21.96 2.5487
1.375 5.05 21.21 2.986
0.825 4 18.59 2.2014
0 3.78 19.8 2.1201
0 4.38 20.25 2.4664
0 2.93 17.08 1.0137
0 3.11 20.36 1.176
0 5.61 21.06 2.1044
0 5.4 21.58 2.7366
0 5.64 21.99 1.0727
0 5.71 23.82 1.807
0 5.8 24.63 1.9328
0 4.41 23.28 1.8978
0 4.42 23.13 2.229
0 5.34 23.37 2.1726
0 5.81 20.46 1.736
0 3.9 19.19 2.7376
0 4.35 23.89 2.3092
0 9.06 27.6 0.7362
0 10.66 29.26 2.5962
0 7.79 26.51 2.6007
0 3.57 22.39 3.1408
0 2.83 10.89 2.1805
0 -0.13 11.36 2.3683
0 0.28 14.02 1.0891
0 2.13 17.71 0.6589
0 4.14 21.81 0.6002
0 6.16 24.86 1.1868
0 6.15 25.02 1.4437
0 4.55 24.29 1.8756
0 3.58 22.21 1.426
0 3.82 21.93 2.7089
0.05 4.64 20.89 3.1315
0.075 -2.03 7.26 2.0619
0 -2.35 14.32 0.7562
0 0.27 18.24 0.8193
0 2.3 19.89 1.1095
0 2.35 20.48 1.8715
0 1.86 18.62 1.4854
0 1.43 18.43 0.7173
0 2.07 18.59 1.3732
0 1.81 20.01 1.6763
0 1.97 19.3 1.5976
0 1.81 18.9 1.6304
0 -0.08 15.05 1.0276
0 -0.41 16.87 1.0128
0 0.71 15.55 2.7532
0 -0.14 12.72 0.8246
0 -0.11 17.01 0.4842
0 2.82 20.58 0.9618
0 4.62 25.34 0.3732
0 3.99 24.63 1.1875
0 7.58 25.87 0.4593
0 7.1 26.51 0.5413
0 6.52 26.29 0.2977
0.075 6.39 23.19 0.527
8.15 5.6 20.01 1.4606
51.05 4.26 19.59 1.817
32.65 2.26 10.44 1.4437
3.225 0.32 4.46 1.1917
3.975 -2.6 6.05 0.804
3.325 -2.33 6.52 2.2939
0.425 -3.72 6.08 0.7674
0 -2.34 10.96 1.7765
0 -0.71 13.41 1.6572
0 2.12 17.71 1.4588
0 2.06 16.99 2.5344
0 3.33 19.64 1.7791
0 2.77 18.91 0.8756
0 2.99 18.12 0.8302
0 2.77 18.71 1.3926
3.875 3.57 14.09 0.9227
2.475 -0.28 10.15 1.2057
0 0.14 9.13 1.9322
0.075 -0.66 15.72 1.1431
0 -0.05 12.58 2.0064
5.925 -1.82 11.05 1.7956
35.375 -0.77 8.77 1.749
89.6 0.97 3.3 4.9692
41.725 -4.06 4.94 3.8447
0.2 -4.88 5.03 1.4753
0 -7.79 5.12 3.115
0 -8 6.41 3.3613
3.125 -2.64 10.17 2.0532
2.375 -2.97 11.11 1.9878
0.275 -4.77 2.94 0.7723
0 -4.33 8.05 1.8245
0 -3.64 10.84 3.3065
0 -1.28 13.26 3.1445
0 2.01 15.43 2.1324
0 2.33 15.56 1.195
0.925 0.49 14.7 2.3653
28.75 -1.89 11.39 3.2377
16.975 -6.74 1.8 2.7416
3.3 -8.73 0.83 0.6835
3.375 -7.62 2.27 1.6018
0 -8.7 -0.17 2.5031
0 -6.81 3.92 1.4678
0 -7.73 5.96 3.1165
0 -5.35 6.1 1.4881
0 -3.8 9.6 2.472
0 -4.16 9.53 0.9224
0 -5.22 8.58 2.2432
0 -5.25 9.27 2.4529
30.15 -5.15 9.49 3.0795
54.3 -8.08 3.2 3.4439
41.55 -10.03 -4.92 5.3944
17.525 -9.79 -5.45 3.4529
16.05 -9.62 -4.13 4.58
8 -14.08 -5.44 1.0617
0 -15.52 -6.96 3.4425
0 -15.21 -7.07 3.2977
20.975 -10.85 -3.07 3.0277
13.8 -16.42 -4.06 2.7832
0 -16.99 -7.53 2.2322
0 -14.94 -7.11 2.9796
0 -10.62 -2.1 2.173
0.125 -6.87 4.06 2.4971
0 -4.61 1.93 1.6821
1.65 -4.8 2.07 1.8014
19.3 -5.4 1.89 1.9932
10.225 -5.82 2.92 3.2354
0 -6.83 -0.57 2.3094
7.65 -5.68 2.9 1.8952
10.95 -4.17 4.24 1.1284
1.7 -2.75 1.6 1.518
0.125 -4.78 3.75 0.4998
0 -5.24 4.56 2.199
0 -5.03 3.59 1.4651
24.55 -5.14 5.48 2.1026
17.45 -7.13 0.46 1.668
6.725 -9.23 -1.84 2.6843
63 -9.27 -2.28 3.3805
94.85 -6.64 -2.43 5.2317
67.55 -5.4 0.1 6.1556
28.525 -7.88 1.49 2.3421
11.05 -8.64 -7.06 2.171
5.95 -8.73 -4.41 2.276
3.35 -8.27 -2.77 0.4599
0 -8.84 -2.53 2.8195
19.6 -9.44 0.38 5.1688
11.775 -9.24 1 2.1361
0 -10.21 -5.8 1.0149
56.425 -9.75 -3.85 2.3279
37.1 -7.96 -2.68 4.656
2.2 -16.92 -4.83 2.6161
5.1 -16.89 -8.4 1.344
22.3 -17.18 -7.97 3.791
20.75 -9.82 -5.76 4.5156
9.525 -9.93 -5.84 2.5266
0 -12.24 -5.05 3.095
0 -13.04 -5.53 3.7713
0 -10.73 -3.46 5.3275
0 -10.1 -2.18 3.9066
0 -10.98 -2.66 1.9178
0 -11.09 -0.22 0.9961
0 -12.56 -2.64 3.3247
4.725 -12.91 -2.18 3.1914
4.95 -8.01 -1.72 1.7258
0.65 -8.2 1.52 1.6256
0.375 -8.79 0.51 1.331
0 -7.59 5.86 2.4207
0 -6.31 4.52 0.8869
0 -5.51 4.87 0.5997
0 -5.73 5.61 2.1501
0 -6.61 5.32 1.2708
0 -7.85 6.21 4.2447
0 -8.28 4.98 3.6537
0 -8.28 5.34 2.8836
0 -6.88 8.57 3.7498
0 -6.98 6.02 2.1034
0 -6.68 6.29 2.1829
0 -6.78 5.62 4.9291
0 -6.85 7.71 3.2256
0 -6.85 7.73 1.8066
7.15 -7.42 7.11 0.6837
11.05 -8.22 5.5 1.7771
3.775 -10.12 -3.45 1.6117
0 -10.82 -0.3 2.1126
0 -11.39 1.92 3.0229
0 -11.38 1.96 2.1027
0 -10.04 4.19 2.8587
0.025 -6.69 6.97 1.6471
0 -6.71 9.49 1.9043
0 -5.07 9.53 0.554
0 -8.08 8.95 2.2483
0 -10.76 3.56 3.6477
0 -13.2 2.12 3.7324
0 -11.2 3.79 3.7478
0 -8.96 6.96 2.5949
0 -7.53 9.47 1.3812
0.1 -7.19 9.3 3.4305
13.725 -7.53 3.38 4.2767
32.65 -7.93 4.61 6.1781
37.175 -10.86 -6.73 4.5014
58.2 -9.6 -6.31 3.0732
28.85 -9.66 -3.91 4.021
2.625 -15.2 -5.33 0.7645
0 -15.13 -3.94 1.2409
0 -14.49 -4.41 0.3851
0 -13.78 -0.88 0.345
10.7 -12.65 -0.96 2.5195
21.075 -9.13 -2.97 5.7964
11.175 -14.35 -6.28 0.7061
0 -16.42 -8.51 0.5071
0 -16.68 -3.19 2.1808
7.175 -13.87 1.3 1.6992
14.95 -9.45 3.24 3.5086
9.75 -6.33 2.34 1.7618
0.725 -10.07 1.2 1.4262
5.975 -7.94 4.97 0.5497
27.15 -6.99 5.96 1.7398
22.1 -5.71 0.68 4.3543
0.25 -8.8 -0.93 0.7
0 -6.67 5.46 1.5311
0 -5.42 9.53 1.3034
0.15 -5.45 8.27 1.0158
0.1 -5.82 6.15 0.5929
3.125 -5.92 7.58 0.9718
1.95 -4.31 4.3 1.196
26.05 -3.71 8.09 1.3711
29.225 -2.98 9.42 2.9658
2.5 -8.47 1.51 0.94
28 -8.69 3.6 3.4504
47.425 -9.04 -1.58 4.9234
65.7 -8.7 -4.16 6.0949
28.35 -9.71 -4.29 2.6619
10.225 -10.53 -2.09 0.9772
19 -8.62 -0.15 4.5769
43.55 -9.05 -3.18 5.4677
28.825 -11.91 -4.76 4.2206
15.075 -10.3 -1.65 3.0228
9.7 -7.45 -3.2 1.6998
0.35 -6.98 1.93 0.5445
0 -7.32 6.24 1.009
0 -5.96 8.41 1.9479
0 -3.66 10.82 2.2378
0 -2.78 15.04 1.7242
0 -2.67 17.5 1.0666
0 -4.71 12.57 1.4324
0.05 -5.68 9.75 1.995
0 -5 11.43 1.3085
2.025 -4.07 12.95 1.2911
7.875 -8.16 10.58 3.5466
6.125 -13.53 -5.26 1.4261
1.5 -12.47 -5.92 1.3894
0.05 -11.66 0.03 0.4901
0 -9.71 5.8 1.4443
0 -7.24 6.87 1.2151
0.65 -7.02 7.58 2.8874
0.55 -9.69 -1.19 0.5466
0 -7.9 7.76 0.7574
0 -4.8 11.58 1.2019
0 -2.96 13.63 2.2219
0 -1.53 13.47 3.0272
0.025 -1.93 10.21 1.6897
0.35 -2.78 11.47 2.1696
9.85 -2.25 4.98 2.3225
2.525 -6.04 6.1 0.8417
1.775 -5.6 6.44 1.2775
1.05 -3.56 3.81 2.5517
0.9 -4.87 3.38 2.5562
0.15 -7.62 6.12 2.5214
0 -5.48 8.43 0.7943
0 -3.76 11.02 2.4219
0 -6.99 9.93 4.4238
0 -7.47 8.04 3.5734
0 -6.03 8.85 2.0013
0 -3.6 11.87 0.5878
0 -2.05 13.94 0.7726
0 -0.61 15.74 3.1035
0 3.73 18.41 0.8771
0 2.47 19.2 1.5437
0 0.9 17.82 2.0742
0.225 -1.11 13.94 3.0743
2.05 -5.25 5.11 3.2803
2.3 -7.15 0.94 2.721
0 -3.62 9.08 1.6747
0 -1.46 12.66 1.1106
0 -0.88 15.35 0.5542
11.575 -0.55 17.02 3.0451
19.475 -8.46 7.67 3.1121
8.6 -8.54 -1.43 1.13
27.75 -7.48 1.68 3.4917
19.525 -7.75 -1.54 2.399
1.675 -6.54 2.16 3.4155
0.075 -6.47 8.35 1.6805
0 -2.94 13 1.89
0 -2.08 12.8 2.7838
0 -3.43 11.89 4.2852
0 -4.41 8.79 2.3381
0.05 -2.88 11.71 2.9406
0.05 -3.36 9.82 2.641
0 -3.43 10.01 3.4387
6.175 -4.73 9.16 4.2923
6.3 -7.01 4.46 4.8004
1.3 -6.46 5.66 2.9798
0.725 -4.25 8.47 2.9004
1.525 -1.97 8.86 3.1032
1.625 -6.61 3.5 1.7546
0 -5.25 6.55 0.7731
8.75 -4.36 7.69 2.8177
20.975 0.13 2.61 1.4673
10.65 -3.64 9.08 3.7483
0.525 -3.69 4.7 1.8143
0.175 -2.79 10.77 2.9507
0 0.1 13.92 1.5107
0 0.95 16.69 2.1324
0 1.22 16.77 2.9529
0 0.02 14.35 2.6185
0 1.16 15.27 2.7293
0 2.49 18.14 1.5227
0 2.84 20.92 1.8187
0 4.82 20.38 2.291
0 0.59 17.94 1.0317
0 2.45 17.31 2.9489
0 0.8 18.1 2.0805
0 2.82 18.1 0.2485
0 4.73 20.81 0.4237
0 5.94 23.71 2.4966
0 6.67 23.65 2.9707
0 5.58 22.59 2.6193
0 1.81 20.16 2.6487
0 1.69 18.78 2.1871
0 4 19.86 2.1209
44.575 4.29 20.13 2.8128
23.8 1.12 16.44 2.5757
3.375 -0.09 8.85 2.2105
0 2.76 15.63 0.7332
0 3.61 20.67 0.7797
0 6.63 23.21 0.7354
0 6.26 23.61 1.6397
0 6.57 23 1.7895
0 7.81 22.46 2.4531
0 8.72 22.9 2.9444
0 7.66 21.53 2.2173
0 7.08 22.24 2.4918
0 4.98 22.02 2.1885
0 4.05 20.84 2.4567
0 3.58 18.67 2.575
0 3 18.27 3.2156
0 2.57 16.27 2.656
0 3.45 15.41 3.1783
0 1.87 14.95 3.2447
0 2.09 15.89 2.0981
0 2.28 17.53 1.531
0 2.94 19.71 1.9906
0 2.97 19.68 1.1287
0 3.62 20.01 2.2603
0 4.97 21.05 2.8238
0 5.76 20.98 1.8314
0 6.24 21.68 2.1219
0 4.54 22.67 2.2524
0 4.29 21.79 1.7432
0 4.67 20.98 1.6573
0 6.35 20.62 1.3307
0 7.36 23.93 2.166
4.075 7.59 24.11 3.071
3.15 9.2 23.61 2.2125
1.8 8.86 21.02 1.6771
0 7.22 22.69 1.9517
0 7.71 23.83 2.1141
0 5.39 23.56 3.1503
0 4.27 19.95 2.2661
0 4.72 20.27 3.1283
0 4.58 20.51 2.5279
0 5.74 21.47 1.8383
0 4.69 21.99 1.9219
0 4.63 21.62 2.1428
0 5.69 21.69 2.6695
0 5.47 21.69 1.5049
0 5.45 22.6 1.4261
0 6.49 23.52 2.1374
0 3.97 21.82 1.474
0 3.68 21.01 0.8935
0 3.67 21.5 1.5877
0 5.03 22.67 1.3499
0 5.9 23.4 2.5147
0 4.87 21.03 2.1249
0 3.88 20.53 1.6477
0 2.76 20.24 1.1915
0 3.77 21.41 0.9086
0 4.44 23.33 2.0761
0 7.28 23.46 1.3624
0 6.87 23.13 0.976
0 5.92 24.96 1.1266
0 6.94 24.92 1.5305
0 6.74 25.47 1.6094
0 4.99 24.14 1.9666
0 3.93 22.77 1.8422
0 4.69 21.15 0.6848
0 4.47 21.35 0.9289
0 5.47 23.18 0.8513
0 6.51 22.47 0.836
0 6.48 23.28 1.8654
0 5.85 22.55 0.4854
0 6.17 22.76 0.8907
0 6.9 23.9 0.7762
0.575 6.71 22.27 1.8353
4.825 5.8 22.71 1.1401
9.375 5.36 20.44 1.5757
14.775 2.03 14.58 1.437
15.1 4.17 17.71 0.634
10.75 2.9 18.71 1.1141
0 3.54 17.53 2.5092
0 4.26 18.45 1.853
0 1.97 15.89 1.5846
0 2.02 16.51 0.3291
0.95 2.5 19.57 0.2237
0.625 4.68 21.85 0.8508
0 5.26 22.01 0.4534
5.525 5.67 22.6 0.3956
0 7.08 23.45 0.6953
0.125 6.56 24 1.6454
9.325 3.8 20.12 2.3847
0.1 1.72 13.04 1.6696
0 3.44 18.74 0.3429
0 6.28 21.08 0.5861
0 5.27 18.47 1.059
0.025 4.41 21.41 1.5636
0 2.9 20.55 2.5783
0 3.6 16.83 2.0833
0 2.14 15.4 2.2385
32.575 -0.78 12.27 2.415
37.35 -2.22 7.74 4.0333
12.1 -6.6 1.18 0.7618
2.275 -7.38 1.02 0.9039
0 -7.1 6 1.3726
0 -4.31 9.68 1.2789
3.95 -1.54 11.83 1.7293
5.15 0.39 7.15 1.8174
0 -0.41 13.77 0.911
0 -0.29 16.28 0.6034
0 2.96 17.87 0.5021
0 1.29 17.92 1.2226
0 1.45 17.1 1.6674
0 2.2 15.78 1.9001
0 2.05 16.36 1.9607
0 0.85 17.55 0.6891
0 0.28 14.52 0.5261
0 -0.49 15.1 0.4078
0 -0.53 14.06 2.4078
0 -0.7 16.01 1.967
0 -0.04 17.2 2.287
0 -1.03 13.91 1.3631
0 -2.6 10.02 3.6594
0 -5.42 9.09 3.4804
0 -4.96 8.84 2.1556
0 -3.13 11.42 0.8875
0 -2.12 12.88 2.234
0 -2.09 13.79 0.1133
0 -2.71 13.58 3.5152
0 -2.57 10.92 4.1543
5.8 -6.03 11.39 4.0405
10.375 -9.06 10.01 1.9062
8.7 -11.27 -3.8 0.539
6.75 -10.4 -2.73 1.5763
0.1 -10.65 -3.7 1.0228
0 -11.28 -1.23 2.3234
0 -9.93 0.98 3.2447
0 -8 4.27 2.8539
2.525 -5.76 5.6 3.162
3.2 -3.9 3.31 0.9416
0 -4.67 3.25 0.2062
0 -3.72 5.54 0.4717
0 -6.75 5.76 0.457
0 -6.26 5.86 0.8804
0 -6.48 6.91 1.2893
0 -6.21 6.23 3.6479
1.9 -7.49 -0.27 2.3089
4.55 -7.61 -1.64 3.8982
2.925 -10.3 -2.18 1.6187
0 -9.75 1.1 2.3112
0 -8.05 1.84 3.5648
0.05 -7.96 6.9 2.4084
0.025 -7.52 3.22 0.7792
0 -6.68 3.99 2.9465
0 -4.23 9.45 2.3505
0 -4.45 6.91 1.1024
0 -2.83 7.34 1.8923
0 -7.39 8.51 3.3952
0 -7.21 5.05 8.918
0 -7.77 0.92 3.849
0 -8.76 5.59 4.4183
0 -10.89 1.69 2.8136
0 -10.78 0.49 3.5151
0 -11.47 0.23 3.0333
0 -10.85 -0.03 3.6558
0 -10.27 2.72 3.9276
0 -9.56 2.27 4.3986
0 -8.63 3.54 3.2365
0 -10.04 2.93 1.1742
0 -11.73 1.7 1.637
0 -12.32 -1.04 1.475
0 -11.89 -0.4 1.0072
0 -11.01 0.17 0.8611
0 -10.08 -0.79 5.7841
0 -8.39 1.92 4.8608
0 -10.66 3.47 2.7445
0 -10.65 2.2 4.8094
0 -11.77 -0.12 4.6463
0 -11.28 1.71 3.5693
0 -11.35 1.14 4.5205
0 -11.64 1.37 3.9258
0 -11.18 2.34 4.9768
0 -10.06 3.14 3.3226
0 -8.27 4.64 1.3905
0 -8.45 5.01 1.0633
0 -7.03 4.29 1.0895
0 -5.37 9.19 0.9493
0 -6.12 6.35 1.4923
0 -8.83 4.95 2.3795
