0.7 -10.92 7.38 1.6548
3.775 -2.11 5 1.234
2 -5.35 5.76 1.613
1.45 -8.14 2.06 4.1378
2.45 -7.99 2.82 1.7252
0.95 -3.21 0.54 0.5189
0 -3.05 4.94 1.4613
0 -1.75 6.56 0.7551
0 -3.7 10.58 4.4936
0 -2.83 10.15 3.4454
0 -1.58 10 2.3699
0 -0.13 12.63 5.5047
0 1.92 13.47 3.9333
0 -1.52 13.38 3.4324
0 0.24 14.91 3.9972
0 -0.24 15.94 4.9713
0 -1.5 12.98 4.2615
0 -1.29 11.95 4.7422
0 -0.46 13.42 4.8488
0.175 -0.63 12.55 3.4115
18.35 0.76 13.12 2.7545
35.275 1.66 11.72 2.1584
43.65 -2.6 10.74 1.6585
54.1 2.86 7.26 2.4641
16.1 -1.24 5.34 3.5243
1.5 -6.86 -0.77 0.8147
0.025 -7.76 0.77 1.3219
0 -6.6 3.5 1.6097
0 -2.79 7.2 4.247
0 -1.5 12.49 4.5172
0 0.5 13.53 3.1002
0 0 12.98 3.1034
0 -1.7 11.14 3.9088
0 -1.93 13.99 3.7901
0 1.4 15.62 2.9974
5.775 1.8 14.29 2.6084
7.5 -0.91 5.95 3.0005
2.4 -2.24 3.83 2.7795
18.6 -2.06 5.92 1.3959
11.15 -6.25 4.35 3.678
2.6 -9.93 -0.85 0.4596
9.2 -7.11 0.82 2.4367
4.625 -3.98 1.25 1.4217
9.925 -4.44 1.81 2.9968
5.75 -4.44 1.06 3.3007
2.175 -3.31 1.77 5.7201
29.225 -3 1.42 5.5838
21.35 -2.64 0.47 4.4037
2.75 -5.08 -0.36 1.2229
0 -4.88 3.26 3.4538
0 -4.48 8 2.658
4.775 -4 9.9 3.834
20.85 -2.05 8.4 3.6349
14.65 0.25 3.48 2.6059
4.275 -1.66 4.56 1.4166
2.15 -1.1 10.35 1.4122
0.325 -1.61 4.8 2.2898
0 -2.07 9.47 0.3258
0.025 -1.87 11.93 3.6561
12.175 0.8 12.17 2.7086
29.65 2.67 9.28 3.8469
30.75 1.22 7.96 4.8887
23 -2.38 2.54 2.9507
2.65 -6.31 1.04 0.8807
1.075 -5.31 3.65 1.8758
0 -6.61 2.86 0.2731
0 -6.98 7.22 1.4409
0 -3.74 10.03 2.6731
0 -6.74 4.76 0.3871
0 -5.84 9.53 0.4907
0 -2.97 9.91 2.0709
0 -1.78 13.09 2.3689
0 -2.4 14.53 1.2666
0 -1.6 10.51 2.0934
0 1.09 12.35 2.36
0 0.29 15.47 1.1665
0 1.02 16.9 1.1964
0 2.33 18.1 0.8806
0 1.52 18.66 0.73
26.1 1.88 17.88 1.8522
25.7 -3.31 8.89 4.1786
1.625 -8.39 -0.04 2.3083
0 -6.65 4.04 1.8724
0 -3.41 11.73 0.5617
0 -2.09 13.54 2.1166
0 -0.44 16.42 2.0648
0 0.67 15.63 1.3539
0 0.49 17.06 3.2182
0 -1.72 13.37 1.8805
0 -1.44 12.27 0.3267
0 -0.28 14.06 2.637
0 1.26 16.65 2.5169
0 -0.82 14.41 5.309
0 -4.34 7.41 1.9189
0 -3.89 11.94 2.7811
0 -1.31 15.93 2.3461
10.9 0.33 18.56 1.3556
19.125 -1.41 13.96 3.0569
12.325 -1.48 4.37 1.6748
3.425 -1.37 5.8 2.3075
0.325 -2.2 5.44 3.8213
0 -1.01 10.16 1.719
0 -0.38 14.14 2.0605
0.025 1.27 14.45 4.6276
0 -5.63 7.78 6.0739
0 -4.8 4.21 3.2376
0 -2.82 12.34 1.4569
0 -0.18 17.26 2.8385
0 2.54 20.49 2.7569
0 5.65 24.08 1.5612
0 7.4 26.01 1.1768
0 8.15 26.82 2.0049
0.1 6.22 25.78 2.6622
1.425 4.43 18.89 3.4485
0.8 -3.38 8.33 3.6302
0 -1.95 11.39 2.0818
0 0.38 14.41 2.3345
0 -0.63 13.65 3.1538
0 -2.42 11.01 1.7057
3.075 -0.7 14.36 2.0281
61.675 4.81 17.47 1.8763
39.9 3.83 14.34 2.4666
3.45 5.06 11.63 3.5157
1.6 2.54 11.26 1.7916
0.15 5.48 15.23 3.4864
0 3.93 17.81 2.2062
0 4.36 21.23 2.9505
0 5.84 21.56 1.7223
0 5.16 21.84 1.3465
0 5.96 22.62 1.022
0 5.82 23.58 3.0512
0 4.24 23.09 3.2934
0 4.52 20.74 2.6036
0 5.08 20.44 3.3304
0 6.86 22.26 1.7771
0 7.77 24.61 1.4702
0 10.66 29.07 0.2817
0.1 12.71 30.92 2.3747
0.05 11.14 30.55 2.6663
0 8.06 24.42 1.795
0 6.94 23.12 1.0455
0 8.02 24.19 2.5161
0 7.71 24.08 3.0039
0 8.01 23.58 2.8021
0 6.58 23.16 1.9819
0 7.21 22.84 1.3403
0 8.72 25.01 0.8914
1.225 10.17 25.3 2.0221
0.775 9.05 25.6 2.4859
7.175 9.61 24.51 3.2454
4.325 9.29 24.85 2.2467
0 9.45 23.7 2.0839
0 8.64 22 2.3108
0.1 8.86 19.88 0.5981
4.625 5.87 18.71 2.2213
3.875 3.27 17.03 3.4852
1.475 2.16 8.86 2.3164
0.475 3.26 11.5 2.742
0 3.93 16.68 2.6113
0 6.01 19.18 3.4546
0 6.45 18.53 3.0878
0 4.68 17.21 3.4071
0.85 5.43 17.66 2.3688
0.85 6.98 16.92 3.5998
0.175 4.9 17.19 2.5076
0 5.16 17.84 2.4762
0 6.3 18.03 2.509
0 8.3 19.86 3.0211
0 8.34 22.27 1.7683
0 11.32 27.78 2.6796
0 7.66 25.93 3.2818
0 5.48 21.14 3.2311
0 5.88 20.6 1.1167
0 7.22 22.71 0.5757
0 9.38 26.41 1.4341
0 9.99 28.74 2.6399
0 10.12 26.99 1.8269
0 10.79 27.4 0.8457
0 11.74 31.55 0.63
0.15 14.54 32.85 2.9728
0.175 13.96 32.53 2.9679
0.025 12.91 29.42 2.2755
0 13.25 30.14 1.7164
0 11.76 28.6 2.8315
0 11.18 29.2 2.4876
0 10.5 27.71 2.722
0 9.93 27.25 2.5329
0 8.51 25.62 2.7904
0 7.96 24.78 2.5831
0 8.01 24.7 2.5747
0 8.37 25.11 1.8697
0 9.5 26.55 1.7607
0 11.03 27.66 2.1944
0 11.14 27.33 1.3229
0 11.69 29.37 0.4375
0 12.84 30.39 1.6501
0 13.95 32.51 1.9428
0 14.83 29.17 1.8386
0 14.5 32.77 2.0729
0 16.62 33.95 1.635
0 17.33 34.69 2.4447
0 14.3 33.45 2.5016
0 13.32 31.4 2.2607
0 15.06 31.15 2.0392
0 13.85 30.77 2.065
0 12.93 30.37 2.1161
0 13.04 30.71 1.9096
0 13.6 32.29 1.9296
0 15.04 32.59 2.2171
0 14.96 31.79 2.8997
0 15.28 30.75 2.6112
0 15.08 31.02 2.6167
0 14.16 30.86 2.502
0 13.29 30.52 2.9007
0 10.65 27.81 2.5106
0 10.41 26.9 1.9983
0 11.94 28.11 2.3341
0 9.08 25.31 3.0452
0 6.73 18.4 1.9668
0 6.59 19.93 1.3745
0 9.09 24.83 0.3565
0 10.79 28.4 1.2315
0 13.78 30.34 2.9327
0 14.13 31.4 2.6533
0 12.08 29.63 2.9626
0 11.79 28.84 3.2217
0 9.06 26.53 1.3832
0 8.27 26.17 0.3284
0 9.82 28.06 0.6799
0 10.92 29.71 0.8222
0 11.99 32.27 1.271
0 13.81 33.28 2.0995
0 14.53 32.42 2.1696
1 14.61 33.38 2.3315
1.025 12.84 28.08 2.9691
0.225 11.16 25.77 1.5724
0 9.84 27.35 1.5494
0 9.17 27.35 0.4575
0 9.6 28.3 1.4302
0 11.59 29.01 1.159
0 12.95 30.2 1.2429
0 12.51 31.61 2.7947
0 13.79 29.46 1.8194
0 12.12 28.95 0.7576
0 12.2 30.43 0.2881
0 13.37 30.27 1.4013
0 12.9 30.08 2.1882
0 10.68 28.8 2.0434
0 8.7 26.98 1.9593
0 8.5 24.41 1.5106
0 9.21 25.13 0.4396
0 9.36 25.72 0.9461
0 11.06 27.95 0.3705
0 12.01 29.47 0.9365
0 13.46 31.71 1.7614
0.325 11.48 27.53 2.1784
0.175 8.3 22.08 2.6582
0 6.62 22.93 1.5276
0 7.97 24.64 1.3403
0 10.15 26.49 0.3495
0 10.37 27.31 1.0735
0 12.15 30.19 2.1527
0 11.9 28.77 1.0047
0 13.72 24.91 2.3085
0 10.92 30.54 2.3924
0 12.64 30.49 1.413
0 10.54 29.84 0.6656
0 10.73 29.08 0.7654
0 13.66 30.8 1.1827
0 11.84 31.6 0.4021
0 11.73 31.78 2.0538
0 11.27 28.36 2.4945
0 1.39 17.06 2.3365
0 0.52 16.62 2.4826
0 3.23 20.48 0.7096
0.925 4.37 21.11 3.1794
0.575 -0.12 18.47 3.5024
0 -2.54 5.98 0.3064
0 -1.36 13.54 2.8444
0 0 16.25 1.5159
0 1.76 16.87 1.397
0 2.22 19.13 0.7379
0 3.75 19.94 0.4104
0 2.58 19.98 1.8812
12.425 3.42 18.99 1.8736
44.5 3.52 12.58 6.491
22.3 3.62 10.22 4.3228
0.05 6.82 13.97 0.8796
0 6.81 20 2.2584
0 6.5 21.58 1.0627
0.025 7.92 24.29 1.7826
0.85 7.22 19.45 2.305
0.5 -0.24 11.16 2.2373
0 0.27 13.84 1.0583
0 2.15 16.63 0.5242
0 2.77 17.75 0.9426
0 4.96 19.61 1.1705
0 4.39 17.27 1.7186
0 4.19 18.56 1.1596
0 4.23 19.09 4.149
0 -1.45 8.52 4.9585
0 -3.17 8.78 0.7458
0 -2.47 10.06 0.0342
0 1.41 15.82 0.8319
0 2.38 18.36 0.8298
0 5.07 19.8 1.1802
0 4.77 21.47 1.0957
0 4.88 21.63 1.6698
0 4.03 19.96 2.2
0 0.6 14.98 0.5174
0 0.45 14.08 1.549
0 -1.31 11.46 1.8443
0 -0.62 12.55 1.1962
0 0.92 13.42 0.7651
3.95 3.98 14.59 0.3894
4.075 1.54 13.32 2.0514
1 -2.56 4.75 1.2308
0 -2.96 6.69 1.1402
0 -3.74 7.98 2.8336
0 -1.67 10.72 2.1734
0 0.31 13.3 1.5733
0 0 14.15 1.5613
0.7 -1.97 9.3 2.3277
2.15 -1.74 11.84 3.5889
1.025 -1.33 10.32 1.0445
0 -1.36 7.32 0.431
0 -2.12 9.96 2.2805
0 -1.34 10.08 3.8199
0 -0.13 11.55 4.0856
0.95 -0.05 13.04 2.677
1.425 0.51 13.98 1.1223
0.5 -2.46 9.14 4.7391
0 -0.91 7.42 5.0281
0 -1.18 10.03 3.9663
0 -1.14 11.61 1.5891
0 -1.97 11.62 2.1871
0 -3.38 11.98 2.1225
0 -2.75 9.16 2.1477
0.1 -2.85 9.96 1.3254
24.275 -4.85 6.01 2.1819
21.95 -4.5 2.12 0.9634
4.45 -12.76 -2.24 0.6291
0 -12.32 -2.53 1.9471
4.05 -9.37 -0.05 3.0996
45.925 -2.32 3.61 2.889
63.925 0 3.53 3.7386
37.425 -1.48 4.18 4.4305
2.375 -2.91 2.04 0.6297
0 -3.18 2.02 3.0936
0 -1.42 5.15 2.4905
0 -0.43 6.96 2.3467
0 -0.07 8.23 2.8599
0 -0.4 7.9 4.181
1.8 -0.55 8.93 2.9364
14.75 -0.17 10.24 1.7777
13.65 -2.99 6.92 3.663
0.1 -7.31 0.86 2.7063
0 -4.03 5.46 3.9339
0 -3.35 6.07 3.8692
7.275 -3.27 6.46 4.0821
4.575 -2.03 6.12 1.944
3.175 -3.37 4.11 3.1183
10.85 -3.23 4.16 0.7095
5.525 -2.05 3.53 1.4882
0.05 -2.59 3.05 2.4697
0 -2.33 6.38 1.9035
0 -2.02 6.53 1.2852
0 -1.95 8.7 4.0577
0 -2.22 10.66 2.9697
0 -0.85 10.12 2.675
0 -1.11 10.05 3.077
0 -0.94 9.96 2.7644
0.125 0.65 11.34 3.0847
1.675 1.12 11.69 2.3629
0.825 2.23 10.38 2.4319
1.45 1.79 9.18 3.1523
22.25 0.41 11.68 4.3248
13.275 0.37 8.28 2.0224
0.1 -2.86 5.08 1.3659
0 -2.63 7.34 3.326
1.8 -1.88 9.78 2.0285
32.725 -1.38 8.89 2.5036
51.8 -0.92 6.09 4.6713
37.725 -1.97 1.92 5.4032
37.9 -2.13 0.91 6.3698
39.35 -4.3 0 4.082
24.175 -3.49 -0.39 4.1015
4.85 -5.56 -1.43 0.8638
2.175 -6.18 0.74 2.2236
5.6 -4.8 1.83 3.7434
2.6 -1.65 2.37 2.9965
0 -2.62 6.42 1.3147
0 -4.64 7.01 2.8063
1.95 -3.26 6.13 3.2114
1.175 -1.48 7.63 1.3871
0 -5.06 5.78 1.2323
0 -6.91 6.6 1.7065
0 -3.01 7.59 2.0014
0 -2.16 7.49 0.5997
6.875 -1.7 8.07 2.6139
14.9 -0.61 7.52 3.4947
11.85 -0.13 4.77 1.7664
3.35 -1.92 2.49 2.6452
0.825 -3.81 3.4 1.3227
1.3 -3.45 4.03 2.2732
0.5 -4.23 2.68 0.6388
0 -3.46 5.49 0.9945
0 -1.13 7.19 1.0425
0 -1.57 10.74 1.6387
0 -1.01 11.89 1.5998
0 -0.88 13.92 1.0251
0 0.03 13.24 1.6713
0 0.48 14.61 2.427
0 1.03 15.12 1.241
1.175 -1.2 13.38 1.3035
4.15 0.02 8.62 2.487
14.925 -0.65 8.45 3.1919
7.275 -4.95 2.4 2.2598
14.275 -4.67 5.51 3.63
18.35 -2.09 5.51 2.8385
2.325 -2.63 5.06 0.7322
25.025 -1.93 9.62 4.3095
16.4 -0.76 8.37 1.6825
1.1 -2.39 2.55 0.5583
1.1 -2.07 9.58 2.3286
8.45 0.49 11.91 2.6499
19.4 -0.92 7.77 3.1996
8.825 -3.87 4.19 3.1342
0.1 -5.09 2.48 1.3168
0.05 -3.52 7.13 2.5561
0.075 -3.57 7.45 0.9661
6.775 -2.43 8.93 2.4807
5.375 -7.42 3.38 3.934
0.8 -5.66 2.85 2.1915
0 -5.97 2.3 0.3666
27.25 -3.62 9.87 2.0247
16.35 -3.66 8.33 2.5678
0 -4.27 5.61 2.5602
0 -3.67 11.73 3.7234
0 -1.91 16.19 1.4369
0 0.18 17.89 0.6739
0 1.73 17.41 2.8618
0 -2.38 16.44 2.0864
0 1.91 18.86 2.0073
0 0.01 17.55 0.597
0 -0.24 15.68 1.4032
0 -1.31 15.25 2.1988
0.975 -1.22 16.77 2.0497
2.425 0.58 16.44 2.3609
1.1 -3.69 8.23 2.634
0 -2.17 6.98 2.7779
0 -1.58 14.65 1.2524
4.75 0.51 16.35 2.3858
12.075 0.66 15.2 5.5739
6 -2.96 4.19 3.122
2.675 -6.39 3.31 0.9318
7.85 -4.89 9.83 2.1806
2.025 -2.9 4.3 2.084
18.225 -3.26 4.98 2.7426
11 -4.05 2.74 3.3337
0.05 -6.28 4.09 0.9024
0 -4.71 9.49 2.1217
0 -2.96 14.61 0.4371
0 -0.3 15.81 1.0254
1.225 0.38 15.48 1.9969
14.475 0.28 10.33 4.0154
11.8 -1.71 5.6 4.6367
2.125 -3.28 2.44 1.0678
0 -2.83 8.74 0.6753
0 -1.54 10.35 0.8114
0 -0.16 15.41 2.5643
0 -0.46 15.35 1.4728
0 0.5 17.35 1.0822
5.75 1.44 18.92 1.7918
15.425 2.29 16.47 2.6602
8.3 -2.69 5.71 3.0386
0.675 -1.94 1.1 1.7056
0 -1.1 4.96 1.4959
0 0.7 15.47 0.8023
0 2.37 17.65 1.3394
0 3.84 20.29 0.7532
6.15 4.44 20.46 3.9892
8.3 0.2 10.45 5.1102
3.45 -4.49 3.8 4.023
0.4 -4.25 4.99 3.4806
0 -2.26 10.85 1.9965
0 -0.11 14.34 2.083
0 0.41 19.07 0.9018
0 2.65 20.35 2.0734
0 3.05 19.63 3.6301
0 0.82 15.88 2.1514
0 0.62 15.26 0.7047
0.125 1.64 17.35 2.8551
4.5 1.53 16.37 3.824
9.825 -1.37 7.2 3.2238
4.375 -5.22 5.8 4.2924
0.025 -4.01 7.79 2.2322
0.075 1.03 14.4 0.9373
0.025 1.9 17.83 0.5674
0 4 19.68 0.4694
1.9 6.37 21.45 1.2904
4.225 7.35 20.98 1.9079
1.825 -0.81 16.15 1.9649
0.125 3.58 13.95 1.7161
0.075 5.44 17.19 3.4289
0 1.42 17.74 4.4119
0.25 -2.21 11.87 3.7617
0.6 -2.2 7.09 4.1244
2.375 -0.98 8.99 2.3609
4.625 -0.66 9.48 1.5375
8.45 2.57 13.68 3.0319
10.3 1.77 10.65 2.5568
3.875 -1.19 8.25 3.6253
0 -0.07 11.11 1.9278
0 3.54 18.62 0.5364
0 3.92 22.21 2.5775
0 8.65 21.5 2.9269
0 6.55 19.53 2.7045
0 7.56 21.11 2.8255
0 8.86 22.66 2.8235
0 8.92 22.83 2.134
0 10.71 26.64 3.1314
0 9.56 27.05 3.1587
0 9.17 24.44 2.5626
0 8.29 23.96 3.8919
0 6.14 22.49 4.6842
0 5.04 17.97 5.032
0 7.37 17.87 3.8089
0 7.39 22.03 1.049
0 8.58 24.01 1.6499
0 9.42 26.32 2.9722
0 5.01 24.11 3.064
0 4.68 19.92 1.0973
0 5.82 23.8 2.3847
0 6.08 21.71 3.109
0 4.73 20.44 2.5226
0 5.49 22.52 1.5682
0 6.75 21.19 1.1179
0 8.77 24.81 1.7686
0 9.7 26.15 2.0919
0 11.27 22.89 2.6748
0 9.74 23.84 2.3689
0 12.14 25.94 0.9321
0 13.86 30.14 1.5704
0 14.33 31.63 3.0918
0 11.36 28.33 2.9601
0 9.76 26.97 2.6335
0 8.14 24.74 2.7583
0 10.63 25.3 1.9979
0 8.43 24.25 0.8513
0 10.4 27.17 1.9472
0 10.82 28.48 2.5509
0 12.07 27.84 2.3017
0 11.45 27.18 2.4033
0 13.8 29.07 2.2053
0 12.52 28.89 1.8048
0 12.94 30.57 2.3006
0 14.85 29.8 3.257
0 14.3 28.92 3.38
0 12.75 26.64 1.9432
0 12.8 28.18 1.4214
0 14.52 31.37 2.6143
0 14.3 32.08 2.7585
0 14.74 31.59 2.5835
0 14.82 33.15 2.1689
0 13.4 32.32 2.0934
0 13.08 30.3 2.4866
0 12.07 29.34 1.056
0 12.52 28.82 2.2756
0 12.31 29.51 2.0892
0 13.98 30.75 2.5303
0 15.08 30.49 2.6715
0 11.57 29.4 1.8822
0 10.37 29.37 2.2771
0 10.96 27.89 1.9504
0 11.15 29.08 2.206
0 11.5 29.05 2.3488
0 10.64 28.62 2.0669
0 10.28 27.48 2.3854
0 9.6 28.96 1.4298
0 10.37 29.27 1.9231
0 11.07 28.94 1.959
0 9.94 28.38 1.9948
0 10.64 27.94 2.4764
0.1 11.56 27.05 2.8022
0.05 11 23.47 1.952
0 9.6 26.16 1.8209
0 10.74 26.82 2.2364
0 8.75 21.09 1.0777
0 9.53 26.23 1.3926
0 11.2 27.55 2.3616
0 11.14 27.94 2.7571
0 11.7 28.49 1.155
0 11.27 30.29 1.6083
0 12.5 31.03 1.7454
0 11.06 29.19 1.8855
0 10.7 29.07 2.2251
0 10.82 29.84 1.8671
0 10.95 27.23 1.719
0 9.2 25.74 2.3495
0 12.07 30.26 2.0446
0 14.34 33.52 0.637
0 15.96 34.86 2.2714
0 13.13 33.33 2.4922
0 8.72 28.39 2.8213
0 8.5 18.05 2.2713
0 5.54 17.65 2.4141
0 5.52 19.75 1.139
0 6.8 23.09 0.5024
0 9.43 27.94 0.3618
0 11.8 31.18 1.192
0 12.67 31.28 1.2263
0 11.43 30.63 1.9711
0 9.91 28.16 1.2023
0 9.55 28.37 2.3804
0 8.73 26.41 2.9019
0 3.13 12.4 2.0748
0 5.04 21.89 0.5822
0 5.72 22.48 0.6725
0 8.06 26.29 0.9598
0 8.26 26.39 1.648
0 7.49 24.77 1.4054
0 7.03 24.61 0.8288
0 7.24 24.71 1.4792
0 6.4 25.84 1.5927
0 7.11 24.85 1.5159
0 6.88 24.63 1.4352
0 6.08 20.37 1.1394
0 4.79 22.84 1.0171
0 6.67 21.2 2.6975
0 5.67 19.27 1.0403
0 6.3 23.31 0.4601
0 9.38 26.65 0.929
0 11.56 30.58 0.4223
0 12.5 30.98 1.047
0 14.97 32.16 0.5672
0 13.75 32.9 0.4988
0 12.15 32.4 0.3268
0.15 11.53 28.14 0.4259
5.3 11.42 24.99 1.309
24.225 11.3 25.82 1.5844
23.45 8.52 15.99 1.4976
1.875 6.43 10.38 0.8441
5.775 2.96 11.43 0.8052
1.95 3.23 11.22 2.0449
0.125 1.34 11.75 0.8962
0 3.21 16.76 1.8973
0 3.94 19.45 1.598
0 7.13 22.11 1.2995
0 7.31 23.4 2.2635
0 9.51 25.32 1.6163
0 9.26 24.99 0.7385
0 8.43 24.3 0.5892
0.025 8.24 24.25 1.1491
1.75 8.8 20.19 0.8552
0.825 5.42 15.5 1.0331
0 5.3 14.53 1.7103
0.35 5.16 21.26 0.9393
0.2 6.15 17.97 1.9914
2.275 3.79 15.38 1.778
20.1 4.43 14.1 1.6043
32.825 6.16 8.7 4.5163
16.55 2.08 9.71 3.676
0.05 0.31 10.24 1.6731
0 -1.99 10.62 2.9345
0 -2.73 12.23 3.2608
2.975 2.76 15.22 2.1301
2.35 2.51 15.89 1.9229
0.325 0.64 7.1 0.9178
0 1.09 13.03 1.911
0 2.15 16.07 3.2053
0 4.09 19.37 2.9848
0 7.56 21.22 2.026
0 7.46 20.87 1.0763
0.425 6.07 19.96 2.2509
21.275 4 16.15 2.9504
14.4 -0.82 6.74 2.7436
2.625 -2.92 6.67 0.5932
2.125 -1.95 7.57 1.6231
0 -3.14 5.39 2.5917
0 -1.24 9.64 1.4568
0 -1.38 11.8 3.0884
0 0.87 12.6 1.5625
0 2.35 15.36 2.4143
0 1.92 15.46 0.8728
0 0.86 14.3 2.1311
0 0.21 14.63 2.0911
22.175 0.89 14.24 2.8496
36.175 -2.27 7.63 3.2249
26.65 -4.25 0.4 5.2688
12.3 -4.06 -0.4 3.005
13.325 -3.36 0.91 4.1421
6.65 -8.08 -0.59 1.034
0 -8.85 -0.24 3.2888
0 -8.57 -0.12 3.3209
13.625 -4.7 2.51 2.7522
9 -7.99 0.9 2.7805
0 -10.5 -1.13 2.2777
0 -8.83 0.31 3.0419
0 -4.43 3.93 2.2847
0.05 -3 8.29 2.5868
0.05 1.96 8.64 1.5307
0.95 1.02 8.18 1.9505
16.8 1.01 5.7 2.1892
8.825 0.22 8.89 3.2396
0 -0.93 6.09 2.3426
4.425 -0.06 10.13 1.8
6.425 1.14 8.72 0.9753
1.325 2.28 7 1.274
0.05 2.26 9.65 0.4683
0 0 10.29 2.3271
0 0.28 10.39 1.45
30.7 0.77 11.28 1.7264
21.275 -1.28 6.8 1.7456
6.75 -3.28 3.79 2.4147
79.5 -3.43 3.17 3.5614
118.6 -1.07 3.33 5.3513
79.725 -0.03 5.63 6.1934
32.425 -1.96 7.05 2.0509
12.05 -2.5 -0.83 2.2616
6.3 -2.07 1.62 2.2865
3.075 -1.81 2.79 0.351
0 -2.95 4.28 2.812
25.075 -2.67 7.04 5.2529
16.125 -2.58 6.71 1.8532
0 -3.69 0.55 1.0472
37.725 -3.47 1.83 2.2641
25.7 -1.45 2.97 4.4051
1.95 -10.72 0.7 2.6288
3.025 -10.83 -1.39 1.4294
18.15 -10.5 -1.7 3.9955
27.025 -2.94 0.19 4.9189
23.125 -3.35 0.66 2.6233
0 -5.62 0.69 3.2735
0 -5.96 0.65 3.9382
0 -4.06 4.45 5.4693
0 -3.85 4.76 3.8326
0 -5.01 3.24 1.8954
0 -5.01 5.41 1.1945
0 -6.68 2.38 3.2461
2.825 -6.63 4.14 3.2838
8.7 -1.91 4.23 1.7762
0.35 -2.65 6.96 1.6817
0.275 -2.86 6.88 1.4379
0 -2.68 8.88 2.5797
0 -1.31 9.8 1.0485
0 -0.72 10.83 0.7471
0 -0.44 9.66 2.336
0 -1.13 11.49 1.3451
0 -2.85 12.61 4.3061
0 -2.83 10.94 3.7832
0 -3.87 10.9 2.6985
0 -0.67 13.85 3.88
0 -1.37 11.06 2.0736
0 -0.94 12.01 2.2427
0 -1.03 11.59 4.9954
0 -1.03 12.67 3.2925
0 -1.03 12.98 1.8195
6.4 -1.17 12.91 0.5284
16.55 -1.83 11.96 1.8463
5.8 -3.8 1.38 1.5324
0 -4.74 5.2 1.888
0 -5.84 6.98 3.0539
0 -5.66 7.62 2.1279
0 -4.06 9.08 2.8122
0 -1.21 12.9 1.7421
0 -1.41 13.58 1.9461
0 0.78 15.02 0.5942
0 -2.15 14.2 2.0862
0 -4.48 12.21 3.5945
0 -5.8 7.76 3.8777
0 -5.08 9.19 4.0024
0 -3.12 12.64 2.741
0 -1.52 14.76 1.2735
0.025 -1.64 14.25 3.3042
7.725 -2.03 10.2 3.9216
33.025 -1.71 10.27 5.921
24.3 -4.44 -0.5 4.367
34.9 -3.5 -0.73 3.2184
27.55 -3.65 1.4 3.908
3.325 -7.96 0.58 0.8875
0.025 -7.96 2.07 1.1435
0 -7.82 1.75 0.3674
0 -6.97 5.41 0.3375
4.975 -6.07 4.96 2.2149
14.125 -4.43 3.07 5.7885
13.4 -8.16 -0.45 0.8102
0 -9.97 -1.83 0.4373
0 -9.73 1.93 2.1021
4 -8.22 6.76 1.6647
11.3 -3.05 8.45 3.4834
11.9 -1.06 6.26 1.449
1.675 -3.29 7.57 1.4756
3.6 -2.79 11.06 0.629
22.275 -1.83 12.85 1.7279
26.15 0.07 5.25 4.5111
0.1 -3.51 4.8 0.4664
0 -2.83 10.68 1.4846
0 -1.6 15.14 0.8816
0.5 -1.11 14.27 1.2775
0.3 -0.94 11.74 0.7536
1.925 -0.75 13.7 0.8424
1.3 0.76 9.96 0.9799
12.275 1.19 13.49 1.0907
29.375 1.33 14.76 2.5403
2.1 -2.97 7.47 1.0696
26.8 -3.94 9.11 3.2308
41.325 -3.34 2.89 4.8637
69.85 -3.06 1.06 6.02
23.175 -3.91 1.44 2.6017
5.575 -4.07 3.75 1.0191
15.75 -3.49 4.91 4.6914
47.825 -3.52 3.33 5.3578
35.35 -6.83 1.45 3.922
16.225 -2.94 3.24 2.9356
9.8 -2.2 0.3 1.4526
0.125 -1.72 7.03 0.6271
0 -1.94 10.62 1.365
0 -1.41 12.81 2.2473
0 -0.22 14.5 2.2762
0 2.45 19.53 1.6178
0 2.56 22.39 1.1214
0 0.67 18.28 1.1814
0.125 -0.03 16.39 1.8979
0 0.66 17.89 1.4238
1.15 1.32 17.81 1.6314
7.55 -2.01 16.21 3.4884
8 -7.07 0.61 1.389
3.1 -6.91 -0.49 1.4689
0.225 -6.62 5.38 0.5899
0 -3.87 10.93 1.6244
0 -2.09 12.46 1.5429
0.4 -0.92 13.24 2.8332
0.325 -3.63 5.25 0.6574
0 -2.54 12.34 0.7731
0 0.7 17.52 1.5837
0.025 1.78 19.32 2.3973
0 2.3 19.23 2.8771
0 3.26 15.47 1.7705
0.525 0.93 17.2 2.1771
12.625 3.37 9.95 2.3618
1.55 0.22 12.56 0.8996
0.825 0 12.37 1.4198
0.6 1.79 10.95 2.4158
1.325 1.13 9.42 2.3695
0.075 -1.29 11.99 2.8601
0 0.36 14.06 0.8695
0 1.31 16.61 2.4988
0 -0.87 16.25 4.6937
0 0 14.59 3.6529
0 0.24 14.84 1.9196
0 1.9 17.48 0.4471
0 3.93 19.85 0.8377
0 5.41 21.38 2.9814
0 7.92 24.05 0.703
0 7.6 24.56 1.6064
0 6.43 23.36 2.1314
0.425 5.1 20.58 3.1079
2.6 1.04 11.25 3.3607
5.2 -0.99 6.79 2.7721
0 0.98 15.09 1.7807
0 4.1 18.71 1.2116
0 5.21 21.4 0.6034
7.875 5.5 22.96 2.9343
15.15 -2.24 14.35 2.7877
7.4 -2.31 4.02 1.1265
20.725 -1.06 7.68 3.5277
18.575 -1.52 3.95 2.3984
1.95 -0.88 7.86 3.3964
0.15 -0.08 13.94 1.8546
0 3.47 18.77 2.0566
0 3.69 18.27 3.005
0 2.52 17.76 4.5032
0 1.57 15.53 2.5334
0.025 3.05 17.64 2.7445
0.025 2.23 16.02 2.652
1.45 2.3 16.33 3.3645
3.3 2.1 15.92 4.3231
9.225 -0.78 11.4 4.9053
2.275 -0.02 10.02 2.8529
0.55 2.7 14.75 2.6244
0.3 3.23 15.83 2.9948
0.55 -0.76 9.78 1.7404
0.025 0.32 12.88 0.5136
2.025 1.89 13.28 2.9399
7.35 5.66 8.93 1.2317
4.15 2.25 14.45 3.4026
0.025 1.97 10.79 1.9763
0 3.15 15.03 3.104
0 5.09 19.83 1.6747
0 6.73 22.29 2.3879
0 6.97 22.84 3.0783
0 5.73 20.18 2.6512
0 6.9 20.97 2.7263
0 8.37 23.53 1.7594
0 9.69 26.58 1.8627
0 10.16 26.21 2.6486
0 7.13 23.4 1.3762
0 8.61 23.02 2.8913
0 8 24.11 2.0488
0 9.55 24.58 0.327
0 10.62 27.14 0.5035
0 11.93 29.87 2.4584
0 11.91 29.25 2.7615
0 9.92 27.49 2.6533
0 8.07 26.28 2.7261
0 8.2 25.22 2.3271
0 9.22 25.55 2.2992
7.475 9.89 26.46 2.4562
7.625 7.31 22.75 2.404
1.65 5.1 14.99 2.2403
0 7.36 21.66 0.9765
0 9.28 26.61 0.7899
0 12.21 29.02 0.5531
0 12.09 29.58 1.5429
0 12.91 29.44 1.8975
0 14.13 27.95 2.5421
0 14.85 28.91 2.813
0 14 27.96 2.2549
0 13.11 28.5 2.5397
0 11.08 28.07 2.1657
0 10.08 27.37 2.2909
0 8.78 23.96 2.3704
0 8.99 24.52 3.109
0 8.64 22.65 2.6707
0 9.32 21.2 3.2331
0 7.79 20.95 3.0853
0 8.08 21.86 1.9419
0 8.07 23.63 1.2869
0 8.59 25.86 1.9025
0 8.82 25.96 1.3275
0 9.68 26.74 2.3029
0 11.1 27.51 2.807
0 11.52 27.27 1.8752
0 12.64 27.96 1.8625
0 10.74 29.31 2.1223
0 10.74 28.29 1.8617
0 10.49 27.4 1.7311
0 11.83 27.37 1.5789
0 13.4 29.72 2.36
0 14.49 30.43 2.9762
0.15 16.02 30.31 2.0717
0.775 13.16 26.48 1.438
0 13.11 28.64 1.8822
0 13.06 29.96 2.0617
0 10.28 28.79 3.0022
0 9.06 25.08 2.3006
0 10.54 26.52 3.0085
0 10.14 26.22 2.3445
0 11.25 27.17 1.7287
0 10.65 28.07 1.8192
0 10.56 27.95 2.2032
0 10.26 27.04 2.6419
0 9.96 27.22 1.6464
0 11.57 29.2 1.2157
0 11.83 29.5 1.9963
0 10.97 28.08 1.5319
0 10.09 27.4 1.1799
0 9.74 27.72 1.5603
0 9.87 27.57 1.4964
0 10.61 28.41 2.5744
0 10.2 26.72 1.9347
0 9.32 26.36 1.3135
0 8.03 26.28 1.0108
0 9.32 27.42 0.9648
0 10.1 28.45 2.0238
0 12.12 28.97 1.2114
0 12.15 28.89 0.7536
0 12.23 31.42 1.0346
0 13.15 31.32 1.3714
0 12.95 31.63 1.6146
0 10.71 30.39 1.8248
0 8.95 27.82 1.7549
0 9.61 27.4 0.7943
0 9.93 27.39 0.7024
0 10.46 29.41 0.89
0 11.65 28.73 0.9606
0 12.12 29.51 1.7958
0 11.51 28.16 0.6955
0 12.15 28.95 0.9077
0 12.38 30.3 0.8683
0.25 12.61 29.25 1.5306
1.65 10.49 29.3 1.0164
1.825 10.94 25.96 1.5433
4.475 7.71 20.38 1.4069
1.6 9.01 23.41 0.561
5.35 8.86 25.31 1.187
0 9.05 23.38 2.3968
0 9.5 24.75 1.8357
0 8.24 22.33 1.6304
0 6.98 22.16 0.2722
0 8.36 25.62 0.2441
0 10.99 28.04 0.9243
0 11.85 28.3 0.4331
2.7 12.06 28.86 0.2367
0 12.64 29.15 0.5286
0 12.61 29.98 1.6333
4.7 9.46 25.96 2.2509
0.05 7.64 18.95 1.8722
0 7.78 22.61 0.4669
0 11.59 26.51 0.6254
0 11.5 26.33 1.1153
0 10.32 28.11 1.4156
0 8.77 27.33 2.266
0 9.11 24.26 1.8553
0 8.35 21.44 1.9893
13.275 5.81 18.38 2.2897
33.1 3.89 13.25 3.7195
15.1 -0.79 9.39 0.8149
2.425 -1.49 8.98 0.91
0 -1.25 11.58 1.2615
0 1.32 15.79 1.1556
1.475 3.37 17.77 1.4999
4.3 4.58 13.57 1.5852
0 4.81 19.54 0.8971
0 5.26 21.81 0.5692
0 8.97 24.16 0.4146
0 6.88 23.75 0.983
0 6.97 22.23 1.4775
0 7.48 21.73 1.6766
0 7.92 22.38 1.6249
0 6.24 23.42 0.7675
0 5.64 20.52 0.5995
0 5.99 21.11 0.517
0 6.2 20.41 2.1611
0 5.41 22.27 1.7603
0 5.93 22.44 2.1298
0 4.55 19.99 1.3158
0 2.49 15.69 3.2939
0 0.37 14.35 3.3835
0 0.52 14.27 2.0611
0 2.64 16.5 0.9092
0 3.14 18.12 2.1093
0 3.75 19.09 0.1245
0 3.07 18.4 3.1277
0 3.32 16.9 4.2095
3.525 -0.32 16.85 3.7232
8.025 -2.85 14.39 1.7961
3.775 -4.97 2.02 0.3754
7.075 -4.21 3.02 1.4532
0.15 -4.64 2.43 0.8912
0 -5.01 4.94 2.2822
0 -3.57 7.4 3.2523
0 -2.99 11.22 3.0767
2.475 -1.15 11.69 3.5685
3.725 2.21 9.33 1.0321
0 1.15 9.53 0.2056
0 1.89 11.09 0.6855
0 -0.98 11.21 0.5656
0 -0.66 11.49 0.909
0 -0.77 12.05 0.8706
0.025 -0.82 12.09 3.0885
1.05 -1.78 6.31 2.1562
2.35 -1.44 3.77 4.0546
2.825 -3.78 3.1 1.6536
0 -3.64 6.2 2.2777
0 -2.8 8.87 3.4818
0 -2.7 14.87 2.1661
0 -2.57 10.66 0.812
0 -1.52 9.9 2.9389
0 -0.6 12.73 2.3836
0 0.91 12.96 1.076
0 2.66 13 1.7374
0 -1.42 14.11 3.3877
0 -1.79 10.73 8.6545
0 -1.68 6.68 3.6355
0 -3.82 10.54 4.3737
0 -5.08 8.31 2.761
0 -4.77 6.58 3.4905
0 -5.77 6.81 3.0991
0 -5.04 6.54 3.6131
0 -4.42 8.42 3.6434
0 -3.85 8.37 4.3126
0 -3.25 9.11 3.2436
0 -4.15 8.67 1.0196
0 -5.57 7.54 1.672
0 -5.75 4.55 1.4736
0 -5.26 5.2 1.1719
0 -4.86 5.52 0.8907
0 -4.6 4.84 5.564
0 -3.4 8.51 4.6595
0 -5.05 8.92 2.7267
0 -5.33 8.56 4.6093
0 -5.95 6.94 4.5252
0 -5.05 5.88 3.4862
0 -5.97 7.19 4.5552
0 -5.71 8.33 4.0389
0 -5.18 8.55 4.9749
0 -4.1 9.18 3.434
0 -2.72 9.8 1.3088
0 -2.74 10.82 1.1678
0 -1.98 9.89 1.2535
0 0.34 14.1 0.9555
0 -0.85 11.91 1.0151
0 -3.19 10.89 2.392
