1.1 -0.55 13.63 1.4406
6.75 -0.52 6.74 1.3224
4.625 -0.21 11.5 1.8295
2.1 -2.54 8.41 3.7165
1.75 -2.44 9.67 1.9385
0.525 3.88 6.34 0.3748
0.175 2.25 7.59 1.4729
0.1 2.15 9.73 0.8066
0.05 2.12 12.09 4.0227
0.025 0.06 11.22 3.4406
0 -0.5 16.87 2.5619
0 0.6 14.63 5.3257
0 1.7 17.26 4.0776
0 0.87 20.05 3.9002
0 0.92 19.49 3.8579
0 1.35 20.81 4.883
0 1.13 19.73 4.2178
0 1.23 20.19 4.7748
0 1.13 20.62 4.9589
0 1.42 19.69 3.4933
3.875 1.85 19.48 2.6818
16.1 7.79 18.9 2.0568
11.175 10.07 11.94 1.6386
15.475 8.93 13.94 2.2159
8.1 4.06 12.76 3.3043
2.55 -1.02 5.79 1.0075
0.55 -2.66 9.02 1.2063
0.05 -2.73 9.27 1.3592
0.025 -0.58 12.52 4.0619
0.275 -0.9 14.21 4.4313
0.15 1.02 18.39 2.8833
0 1.52 18.27 3.0205
0 1.68 16.46 4.0432
0 2.26 20.93 3.8489
0.05 2.71 22.16 3.0353
2.3 4.1 21.21 2.6805
8.5 6.88 12.96 3.0247
3.475 4.14 13.6 2.7268
8.6 2.97 13.56 1.167
6.15 1.46 11.53 3.2428
4.825 -4.17 7.74 0.3993
7.85 -3.85 9.41 2.7447
6.55 -0.21 9.6 1.3217
17.175 -0.77 9.23 3.1774
8.95 1.25 6.83 3.8534
3.125 2.93 9.54 6.3558
12.925 4.18 10.53 5.4358
11.3 3.89 9.54 4.4541
1.925 1.46 7.5 1.596
0 -0.39 12.51 3.5281
0 -0.06 16.69 2.6951
3.875 0.14 17.81 3.6986
13.175 1.95 15.89 4.0005
7.8 9.45 12.64 2.9499
2.2 6.37 13.6 1.6757
1.625 6 16.95 1.6377
1.45 5.11 15.12 2.6456
0.225 1.11 15.26 0.4588
0.55 1.54 15.63 3.6317
8.675 4.67 18.45 3.0559
24.65 9.55 15.63 4.379
43.375 6.97 14.94 5.005
24.375 3.16 11.51 2.6918
3.975 -0.76 11.42 1.0223
0.2 -0.51 11.95 1.8794
0 -1.2 10.77 0.3958
0 -0.57 13.17 1.3772
0 0.26 14.13 2.6395
0 -2.55 10.62 0.6189
0 -2.2 12.45 0.7013
0 0.45 15.33 1.9421
0 0.81 16.6 2.0362
0 0.96 17.43 1.4059
0 2.31 15.03 2.6275
0 4.38 17.27 3.118
0 4.77 18.32 1.006
0 4.78 19.8 1.199
0 5.26 20.83 1.2989
0.275 6.09 22.03 0.9417
8.3 5.99 21.67 1.717
7.725 3.41 15.82 3.8925
1 -1.69 9.87 2.2272
0.2 -1.26 12.91 1.9622
0.125 0.06 16.38 0.7842
0 3.04 19.26 1.883
0 5.58 20.96 1.924
0 6.01 21.76 1.444
0 5.74 22.44 3.6451
0 0.62 16.69 2.1605
0 0.52 16.48 0.5127
0 3 19.41 2.8658
0 4.31 22.19 2.636
0 3.75 17.48 5.1251
0 -0.71 15.48 1.9667
0 0.21 17.06 2.6007
0.325 1.59 22.48 1.9444
10 3.94 24.65 1.1055
7.675 5.13 18.68 2.9585
7.15 4.25 12.64 1.8608
5.425 5.58 13.17 2.2902
0.85 3.08 13.97 3.59
0 3.31 16.11 1.4922
0 4.32 19.95 2.4693
0 5.93 19.8 5.1028
0 -1.76 11.91 5.678
0 -0.76 13.25 2.8784
0 1.16 18.54 1.6481
0 3.63 22.34 2.4961
0 4.77 25.73 2.559
0 9.66 29.94 1.4819
0 10.58 30.67 1.1934
0 10.07 31.96 1.8137
0.025 8.85 31.38 2.4375
0.2 8.2 23.27 3.0874
0.175 1.09 16.12 3.234
0 1.63 18.82 1.9468
0 3.66 19.82 2.279
0 1.31 18.06 3.0599
0 0.96 15.81 1.7198
1.175 2.17 18.86 1.856
27.075 4.06 21.46 1.8828
16.55 10.86 18.68 2.5961
2.375 10.95 16.62 3.7936
2.125 9.59 18.64 1.9711
1.25 11.47 20.94 3.7841
0 9.96 23.83 1.9611
0 9.26 25.41 2.9418
0 8.35 24.18 1.9236
0 8.88 25.8 1.6883
0 9.13 27.04 1.337
0 9.18 28.18 3.0214
0 6.96 26.46 3.3431
0 7.51 24.5 2.7672
0 8.13 27.22 2.9865
0 9.6 26.29 2.1359
0 11.73 30.08 1.5483
0 14.57 34.98 0.3261
0 14.09 36.78 2.1406
0 14.85 35.34 2.4235
0 10.66 29.62 1.3895
0 9.82 28.92 1.0085
0 10.97 29.8 2.3827
0 11.05 30.01 2.9711
0 9.49 27.94 2.7311
0 8.9 26.73 2.1236
0 11.68 28.4 1.6845
0 12.83 31.2 1.0032
0 14.13 34.05 2.0573
0 14.84 33.88 2.5437
0 15.08 33.35 3.0238
0 13.98 28.37 2.2972
0.025 13.1 29.43 2.2523
0.075 11.81 26.74 2.3287
0.5 12.33 25.9 0.4871
0.8 10.78 25.92 2.1456
1.175 9.47 22.68 3.2401
1.45 7.09 19.63 2.0999
0.575 8.6 21.77 2.619
0 9.92 25.3 2.5541
0 8.77 26.28 3.3685
0 9.36 24.73 3.0368
0 8.62 23.44 3.316
0 9.73 25.6 2.4691
0 11.89 23.12 3.472
0 9.32 23.75 2.3528
0 8.96 25.04 2.4634
0 10.09 25.19 2.6181
0 11.74 26.65 3.1509
0 12.55 29.51 2.1131
0 13.61 33.03 2.9028
0 9.69 31.61 3.2502
0 7.9 26.73 3.3572
0 9.13 25.99 1.636
0 10.99 30.2 0.8503
0 13 33.78 1.668
0 14.22 35.13 2.7352
0 13.05 32.92 1.7301
0 14.51 33.97 1.0154
0 15.69 38.9 0.7922
0 16.95 40 2.7869
0 16.32 39.77 2.7044
0 15.76 36.4 2.2582
0 16.17 36.18 1.8808
0 14.83 36.11 2.8198
0 14.22 35.8 2.5545
0 13.44 33.02 2.7672
0 12.55 31.52 2.5085
0 10.4 30.86 2.6703
0 9.64 30.57 2.6691
0 10.88 29.97 2.6586
0 11.05 30.46 2.0926
0 12.43 31.41 1.8843
0 15.18 32.18 2.3387
0 13.76 32.93 1.7451
0 14.16 35.57 0.978
0 15.22 36.67 1.4604
0 16.09 38.27 1.828
0 17.1 38.15 1.6762
0 18.36 39.63 1.9587
0 18.4 40.27 1.5981
0 19.13 39.97 2.4251
0 16.32 37.88 2.5653
0 15.42 36.29 2.4498
0 15.04 36.03 2.1206
0 15.2 35.21 2.1847
0 14.13 34.43 2.3125
0 14.13 35.32 2.0055
0 17.51 37.69 1.793
0 17.87 38.28 2.1419
0 18.05 36.56 2.8807
0 17.54 34.84 2.6303
0 15.75 34.8 2.8605
0 16.36 33.91 2.6662
0 15.51 34.12 3.0763
0 13.03 31.95 2.5991
0 13.59 31.27 2.2281
0 14.44 32.29 2.3576
0 12.01 30.53 3.0203
0 9.38 24.62 1.864
0 10.53 27.11 1.5829
0 12.86 31.48 0.7518
0 15.08 33.85 1.2622
0 16.46 36.26 3.0162
0 14.96 37.06 2.9384
0 14.28 35.71 3.1771
0 13.09 32.89 3.0936
0 10.09 30.8 1.5958
0 10.83 31.22 0.6641
0 13.82 33.62 0.9056
0 14.79 34.95 0.8866
0 15.16 36.4 1.3239
0 15.74 35.49 2.3435
0 16.71 35.57 2.2274
0 16.21 37.65 2.1993
0.15 16.34 35.15 2.8524
0.075 14.2 30.8 1.6324
0 13.1 31.06 1.5208
0 12.76 32.73 0.5003
0 12.29 34.73 1.6471
0 12.88 36.27 1.5943
0 14.72 36.45 1.6228
0 14.76 37.67 2.6147
0 16.19 35.77 1.701
0 15.22 33.96 0.8546
0 14.75 35.55 0.4454
0 15.66 37.07 1.7608
0 15.37 36.67 2.3439
0 11.65 33.4 2.1294
0 11.51 30.27 2.1666
0 10.53 28.01 1.8504
0 10.67 29.94 0.6098
0 11.36 30.74 1.0545
0 13.47 33.94 0.4963
0 13.81 36.02 1.0634
0.15 14.93 36.45 1.8153
0.7 12.56 32.51 2.1988
2.025 12.86 25.98 2.7147
0.75 10.82 23.43 1.6511
0 10.69 28.51 1.6719
0 12.8 31.24 0.7803
0 13.55 32.61 0.9066
0 14.91 35.76 1.9982
0 12.72 33.38 0.8937
0 12.63 32.93 2.109
0 14.18 34.66 2.1681
0 13.71 35.5 1.3262
0 13.13 35.38 0.7883
0 13.03 34.94 0.769
0 13.73 36.15 1.1258
0 13.81 37.16 0.394
0 14.39 36.98 1.9592
0 13.86 33.27 2.5613
0 4.32 19.7 2.4123
0 4.74 23.79 2.3785
0.025 5.63 25.7 0.8691
0.25 6.78 26.49 3.1769
0.375 5.52 21.66 3.3465
0 1.91 16.08 0.3434
0 1.65 19.23 2.6897
0 3.72 22.87 1.2881
0 4.92 22.99 1.2991
0 5.52 24.27 0.6565
0 6.63 24.79 0.6196
0 6.74 24.89 1.8601
3.05 7.02 23.25 2.0512
41.05 7.09 17.63 6.9264
26.325 11.67 16.11 4.397
1.25 13.86 21.89 1.105
0 12.03 25.64 2.1904
0 11.78 25.76 1.1425
0.125 13.25 26.83 1.6851
0.5 8.73 24.18 2.0917
0.15 4.96 17.87 1.4606
0 5.33 18.59 1.053
0 6.12 22.14 0.7771
0 7.78 23.36 1.2654
0 9.45 24.79 1.2726
0 8.06 24.18 1.6656
0 8.02 23.11 1.095
0 8.38 24.68 4.7412
0 4.11 19.44 4.8421
0 0.81 16.4 0.7872
0 0.95 16.37 0.1837
0 3.12 20.99 0.858
0 4.64 22.74 0.9114
0 6.93 23.59 1.2768
0 7.42 25.32 1.198
0 6.56 26.91 1.8648
0 6.18 25.87 2.5184
0.025 5.19 19.76 0.7689
0.05 5.6 19.51 1.6788
0 2.75 18.26 1.896
0 3.14 18.1 1.1124
0 3.69 19.06 0.7269
0.6 5.71 18.7 0.4712
1.925 6.49 16.41 1.9937
0.7 0.73 13.66 1.2932
0 0.83 14.35 1.066
0 0.92 15.6 2.7376
0 0.79 16.25 1.9862
1.775 2.1 19.72 1.3955
0.95 2.23 19.76 1.9999
0.65 0.99 15.39 2.2881
11 1.27 15.8 3.726
5.025 1.14 15.95 1.1213
0 1.5 13.3 0.5392
0 1.17 15.63 2.0585
0 1.72 14.77 3.492
0 2.12 17.83 3.8128
0.15 2.58 20.7 2.4349
2.4 2.95 21.24 1.1138
1.1 3.91 12.93 5.3803
0 0.93 16.04 4.8675
0 0.75 14.85 3.8818
0 1.18 17.71 1.7006
0 0.95 16.52 2.1343
0 -0.08 15.12 1.9858
0 0.15 14.94 1.9719
0 0.18 15.62 0.8262
6.925 -2.01 11.65 2.0786
9.75 -2.28 6.99 0.6905
2.45 -6.81 4.58 0.7165
0 -6.55 5.35 1.9042
6.2 -6.01 7.04 3.2414
18.45 0.1 10.29 2.9077
26.225 6.13 10.91 3.8679
18.8 5.88 11.23 3.9278
4.675 5.35 8.91 0.8246
0 1.87 12.24 3.3529
0 3.25 14.22 2.782
0 2.83 14.35 2.1781
0 1.06 14.12 2.7012
0 1.63 8.84 4.0703
1 2.15 14.86 2.8566
11.175 4.06 17.4 1.8731
5.875 1.33 11.71 3.6424
0.3 -3.03 8.77 2.2134
0 -2.32 9.25 3.9595
0 -0.99 13.94 4.0407
3.125 -0.01 15.65 4.1231
3.025 0.25 12.51 2.1753
1.475 1.83 12.18 3.0711
2.425 1.52 10.68 0.9033
1.6 5.37 11.22 1.4711
0.3 3.16 11.22 2.7777
0.2 2.94 12.81 2.4015
0.025 2.78 14.23 1.1089
0 1.42 15.82 3.8672
0 0.41 16.68 2.8919
0 0.2 18.03 2.7751
0 1.24 13.82 3.0957
0.025 1.34 14.21 2.6385
1 2.81 14.37 2.9913
0.775 4.24 14.77 2.4398
0.225 4.03 10.79 2.4991
0.375 4.08 12.73 3.241
11.25 4.86 18.47 4.7713
7.475 7.27 16.71 2.1122
0.475 0.19 13.54 1.3806
0 0.6 14.25 3.3191
0.7 1.87 16.64 2.5111
11.2 2.26 17.54 2.89
16.425 6.43 13.84 5.0275
16.475 8.63 10.79 5.8171
23.325 4.34 9.3 6.6909
23.125 2.27 9.38 3.8726
17.175 0.66 7.83 3.4689
4.725 0.25 4.9 1.175
1.475 -0.75 10.14 2.528
4.575 0.15 9.42 4.4519
1.95 5.52 11.02 2.9054
0 1.94 12.51 1.3028
0.3 1.34 12.79 2.7698
1.325 2.51 13.78 3.2093
1.7 3.4 15.36 1.3186
0.45 0.05 13.69 1.1139
0 0.03 13.66 1.8015
0 1.31 14.46 2.143
0.25 3.33 14.54 0.7139
7.075 3.26 15.29 3.1639
6.325 5.62 14.36 3.2925
12.1 7.77 12.72 1.6578
5.4 5.39 9.46 2.3175
3.125 5.74 9.44 1.376
3.35 5.13 10.63 1.7602
1.025 0.14 10.19 0.5274
0 0.35 11.86 1.3373
0 3.61 12.49 1.5688
0 2.1 16.64 1.2595
0 2.49 17.37 1.4554
0 2.63 17.31 1.123
0 3.7 16.94 1.7606
0 4.58 18.67 2.4176
0 3.36 20.29 0.8062
1.225 3.5 17.86 1.0581
3.375 5.85 13.93 2.0295
4.9 5.18 10.79 2.6643
2.6 -0.95 8.83 2.2024
15.6 -0.53 12.51 3.9317
12.825 3.37 9.82 2.647
2.55 0.94 10.86 0.9074
23.3 1.59 15.01 4.8039
14.525 5.33 16.26 1.0811
0.55 2.33 12.28 0.3616
0.425 2.62 15.2 2.225
7.225 5 17.15 2.7547
18.55 5.72 10.04 3.362
7.525 1.35 9.21 2.6525
0.1 -0.49 10.08 1.3163
0 0.38 12.69 2.4458
0.025 2.15 16.47 0.9386
0.35 4.19 13.06 2.5837
3.075 -2.54 9.37 3.5538
1.675 -1.59 10.57 2.0613
0.85 -1.25 10.59 0.4582
14.55 -0.84 13.76 2.3157
7.325 -0.11 13.18 2.3261
0 -0.97 12.92 2.6296
0 -0.12 14.96 3.7167
0 2.48 21.2 1.3307
0 4.34 23.25 1.0255
0 5.11 22.99 2.9381
0 2.5 24.34 2.3168
0 3.56 24.43 1.8532
0 5.54 22.78 0.376
0 4.31 21.19 1.6332
0 2.55 19.38 1.858
0.4 2.49 19.26 1.8874
1.475 3.85 20.02 2.326
0.65 0.82 14.43 2.0099
0 1.27 17.1 2.6213
0 2.07 19.24 1.1484
1.875 4.11 21.63 2.7815
11.75 4.05 20.26 5.1373
7.75 1.65 11.08 2.6857
0.575 -0.91 11.26 0.6783
6.125 -0.62 12.79 2.2108
3.875 0.97 11.08 1.6931
16.25 0.83 11.41 2.8519
9.625 1.66 11.03 2.8181
0.025 1.56 10.9 0.5848
0 0.17 15.26 2.2442
0 2.59 19.29 0.7969
0 4.26 19.91 1.7676
0.375 5.25 19.53 1.9946
13.225 6.54 13.57 4.3702
20.275 5.3 10.81 4.3751
6.45 2.45 10.27 1.1136
0.025 2.69 14.59 0.6833
0 3.6 15.88 0.8488
0 4 19.4 1.8295
0 4.38 19.7 1.3037
0 5 21.68 1.2348
4.85 7.12 22.66 1.425
19.125 6.93 20.88 2.5131
13.1 2.9 11.76 3.2972
2.9 4.47 8.39 2.054
0.15 6.04 10.88 1.1163
0 6.96 21 0.9984
0 9.59 23.11 1.2267
0.7 7.52 25.47 0.8087
6.25 7.84 25.46 4.2878
3.025 2.61 14.9 4.6578
0.875 2.51 13.05 3.5073
0.025 0.85 13.11 3.2629
0 2.09 18.33 1.9274
0 4.14 21.4 1.8279
0 7.24 24.51 1.0964
0 7.44 25.61 2.1834
0 5.7 23.05 3.7069
0 2.9 19.93 2.3828
0 3.21 20.16 0.8761
0 4.66 22.46 2.7139
0.35 5.41 20.53 3.5403
9.85 6.88 14.61 3.1405
4.975 0.8 11.34 3.622
0 1.23 16.95 2.0517
0.4 4.11 22.22 1.1653
0.725 6.71 24.48 0.8086
0 7.63 25.82 0.7004
0.125 8.77 26.82 1.272
1.575 10.56 27 2.0234
0.875 10.45 18.52 1.6482
0.05 10.05 20.64 1.5112
0.1 9.8 22.12 3.3667
0.525 4.19 20.95 4.1867
0.85 2.34 14.97 3.4865
0.3 2.89 14.27 4.1038
0.525 4.79 18.67 2.2525
6.85 4.01 17.97 1.6022
6.425 5.04 18.66 2.8271
9.625 7.81 17.63 2.2195
5.1 3.19 16.46 3.1526
0 3.85 17.78 1.763
0 5.78 24.55 0.9097
0 10.69 27.86 2.4753
0 11.4 26.2 3.0142
0 10.93 24.6 2.2443
0 11.43 26.98 2.3157
0 13.7 27.07 2.5175
0 13.56 28.42 1.8001
0 14.18 30.66 2.6695
0 12.88 30.9 3.1057
0 11.93 28.4 2.6218
0 11.47 28.73 3.5922
0 6.31 24.6 4.5797
0 7.67 21.62 5.0791
0 9.19 27.47 3.7151
0 10.78 30.08 1.0002
0 11.74 30.15 1.8574
0 12.34 32.54 2.8099
0 8.75 28.76 3.2144
0 7.32 25.64 1.4919
0 7.72 28.7 2.4243
0 7.6 26.4 3.1892
0 6.93 24.41 2.7122
0 8.31 26.27 1.937
0 9.74 28.46 1.0625
0 11.32 31.21 2.0163
1.05 12.51 31.89 2.2642
0.575 12.94 29.66 2.8252
0 13.86 29.12 2.5686
0 15.08 32.51 1.2088
0 17.54 36.56 1.7253
0 16.25 38.24 3.0991
0 13.27 34.08 2.9636
0 10.5 31.62 2.8013
0 10.5 30.76 2.9577
0 11.54 29.5 2.4404
0 11.7 31.17 1.1929
0 12.54 33.6 1.9004
0 13.55 34.39 2.4397
0 13.93 31.71 2.4306
0 14.45 33.07 2.4876
0 15.92 34.18 2.2643
0 15.66 35.37 1.8858
0 16.64 36.28 2.2816
0 17.02 35.02 3.1566
0 15.97 33.35 3.1384
0 16.18 32.4 1.6793
0 16.72 35.06 1.4469
0 17.8 37.94 2.6872
0 18.86 38.89 2.7067
0 17.44 38.02 2.5482
0 15.41 37.98 2.0045
0 15.4 36.49 1.9675
0 15.02 34.72 2.4012
0 13.47 33.62 1.0397
0 14.41 33.76 2.3268
0 15.81 34.87 2.1803
0 16.84 37.02 2.7219
0 16.47 35.31 2.8509
0 15.48 31.19 2.065
0 12.95 30.17 2.4687
0 13.52 31.75 2.2835
0 13.58 33.18 2.4954
0 13.2 33.08 2.3436
0 12.74 32.61 1.9841
0 13.21 32.71 2.3862
0 12.31 33.73 1.5682
0 12.87 34.04 2.0071
0 13.32 33.88 2.102
0 12.98 32.56 2.1803
0 12.92 32.06 2.5467
0 13.52 31.82 2.8855
0 13.72 30.36 2.0592
0 12.98 30.45 1.996
0 12.57 30.36 2.2552
0 11.38 29.02 1.091
0 12.35 30.08 1.5196
0 14.31 31.86 2.4108
0 13.87 31.97 2.9148
0 13.9 32.73 1.2792
0 14.73 34.58 1.5892
0 14.2 34.42 1.6554
0 12.13 32.88 1.9836
0 12.87 33.65 2.2704
0 12.99 34.39 1.8875
0 10.21 33.09 1.795
0 10.94 29.8 2.4785
0 12.15 34.76 1.9235
0 14.84 39.71 0.5171
0 18.03 39.43 2.2036
0 13.76 35.6 2.3386
0 9.85 32.24 2.7983
0 7.77 22.12 2.2596
0 8.42 23.6 2.504
0 9.07 25.49 1.5648
0 10.09 28.83 1.0619
0 13.24 33.32 0.4227
0 14.1 36.26 1.2925
0 13.95 35.96 1.2209
0 16.97 34.32 2.0974
0 12.33 32.97 1.4088
0 12.53 32.32 2.2007
0 10.85 30.51 2.7731
0 6.78 19.18 1.9281
0 7.09 23.3 0.8351
0 8.57 27.25 0.5904
0 11.15 31.73 1.1061
0 11.48 31 1.7098
0 10.23 29.1 1.468
0 10.41 29.14 1.2071
0 10.31 29.68 1.7829
0 10.66 29.62 1.5475
0 11.41 29.22 1.409
0 11.31 27.9 1.332
0 9.99 26.7 1.3318
0 9.6 26.93 1.2067
0 8.05 24.67 2.6923
0 7.89 22.36 1.1825
0 8.58 27.93 0.7401
0 10.27 30.78 1.0061
0 17.5 34.52 0.7813
0 12.88 35.4 1.293
0 14.05 37.04 0.6523
0 15.02 38.79 0.5564
0 15.13 36.74 0.3408
0 14.88 33.94 0.5888
2.925 16.14 32.92 1.0607
7.7 15.47 32.43 1.5332
7.725 12.18 24.94 1.5546
0.7 11.85 18.11 1.4534
0.35 8.18 18.27 0.7027
4.2 8.14 20.86 2.061
0 7.12 20.06 0.6873
0 7.74 23.84 1.9178
0 9.22 25.81 1.7682
0 11.43 27.98 1.8762
0 12.06 28.36 2.2498
0 12.26 30.93 1.4769
0 12.51 32.31 0.5848
0 11.81 32.58 0.5103
0.075 11.52 31.25 1.0593
2.575 11.89 27 0.9462
1.275 8.77 20.86 1.2106
0 8.3 19.78 1.6032
0 8.57 23.44 0.8966
0.05 9.65 24.4 1.8122
2.55 8.77 21.33 1.4855
10.95 10.47 20.68 1.8138
42.55 11.61 16.29 4.9972
16.05 7.33 15.54 3.3711
0 3.34 16.77 1.5631
0 2.28 17.86 2.9051
0 2.73 18.94 3.5189
3.725 7.75 22.91 2.1917
4.85 8.97 22.25 1.811
1.425 5.64 13.51 1.0351
0 5.48 20.06 1.8293
0 6.24 21.55 2.9478
0 8.07 23.52 2.6702
0 9.32 28.29 1.7065
0 9.61 28.23 1.2493
1 9.45 27.7 2.0796
19.075 8.88 22.82 3.2982
9.475 3.19 12.74 2.4589
2.225 0.6 13.36 0.6684
1.375 1.64 14.56 1.6145
0.1 0.96 13.46 2.3479
0 1.33 15.61 1.4318
0 3.48 16.62 3.0267
0 4.19 17.75 1.7338
0 5.34 19.37 2.7669
0 5.43 20.7 1.3698
0 5.26 20.34 1.9386
0.75 3.91 20.67 1.8313
20.2 3.88 19.94 2.2556
26.575 1.84 10.39 3.0994
22.975 1 8.61 4.7824
12.925 1.6 6.29 3.1112
18.5 3.5 8.92 3.9898
7.525 -2.79 5.51 1.3384
0 -3.13 8.1 3.2123
2.8 -2.56 9.36 3.3549
14.275 -1.52 12.2 2.6728
7.425 -0.25 7.36 2.2962
0 -4.49 9.15 2.476
0 -3.8 9.13 3.0641
0 -0.69 11.74 2.2941
0 -0.3 14.83 2.6598
0.275 4.91 11.69 1.4483
1.675 6.35 15.24 2.4354
11 6.88 15.46 2.5691
4.825 6.41 18.64 3.5462
0.475 2.86 15.84 2.1985
3.425 3.7 16.4 2.2865
3.675 6.11 13.36 1.2613
0.95 7.93 15.86 1.5871
0 5.96 16.79 0.4465
0 4.94 17.08 2.3218
1.2 3.34 17.3 1.355
14.775 3.83 12.49 1.9629
7.225 3.07 12.58 1.3507
3.475 -0.24 11.72 2.533
29.875 0.01 11.39 3.5044
34.025 6.06 11.54 5.0842
55.425 8.26 12.57 5.709
7.625 4.05 11.81 2.7347
5.7 3.51 6.43 2.8698
5.075 3.68 11.31 2.1948
1.675 5.79 10.42 0.5356
0.975 3.08 13.42 3.1342
15.85 2.73 15.46 5.473
7.825 2.15 14.46 2.2176
0.725 1.68 11.72 0.8451
38.9 1.85 12.29 2.3414
27.925 4.21 9.31 4.4143
3.275 -3.45 7.09 2.2385
1.4 -5.15 6.48 1.5617
16.225 -4.06 7.43 4.4199
14.95 -2.82 7.57 4.7253
3.6 1.35 7.61 2.4376
0 -1.09 8.27 3.0877
0 -1.06 11.3 3.7379
0 -0.99 11.96 4.9154
0 -1.32 10.32 3.3823
0 -1.28 12.13 1.6848
0 -1.43 5.9 1.3958
0 -2.99 3.94 3.0546
1.825 -0.85 6.95 3.4509
1.2 3.45 14.74 2.352
0.975 2.32 14.94 1.6474
0.4 5.68 11.01 1.2104
0 0.64 12.84 2.6581
0 3.36 13.21 0.7369
0 4.3 13.86 0.6616
0 4.09 11.48 2.4586
0 1.47 10.58 1.5251
0 1.2 14.44 4.0836
0 1.55 17.54 3.643
0 1.82 16.73 2.9126
0 0.84 18.03 4.0317
0 0.84 18.32 1.8194
0 1.78 16.76 2.1015
0 2.39 18.01 4.9393
0 2.05 20.09 3.5388
0 1.88 19.13 1.7862
7.425 0.97 17.33 0.5892
7.275 0.96 14.18 1.7459
2.25 0.2 9.89 1.3256
0 0.09 10.75 1.7196
0 -2.09 13.17 3.0027
0 -1.37 13.43 2.0111
0 0.36 13.53 2.5262
0 1.89 15.81 1.6615
0 2.62 17.73 1.9376
0 3.72 19.29 0.7006
0 0.35 19.37 2.4541
0 -1.44 13.67 3.4307
0 -1.09 13.66 3.6387
0 -0.15 14.92 3.7801
0 0.22 18.84 2.8619
0 0.32 21.24 1.1621
0.6 0.24 19.95 3.952
12.475 6.62 15.25 4.8789
13.625 4.97 13.67 5.7359
33.5 1.65 7.53 4.8354
32.15 0.93 6.75 2.533
9.85 0.14 8.59 3.0279
0.525 -1.81 8.32 0.6098
0 -1.35 9.92 1.1998
0 -2.01 9.64 0.5048
0.325 -1.77 12.91 0.7174
7.8 -1.34 11.07 2.3808
18.025 0.58 8.77 5.1027
7.475 -4.25 6.95 0.9441
11.4 -4.74 6.76 0.4423
0.525 -3.6 9.85 2.3099
2.65 -3.55 13.32 1.873
10.825 -1.31 13.92 3.9389
4.15 7.34 15.68 1.4465
0 0.31 15.75 1.4582
4.25 1.18 16.42 0.5588
22.1 4.45 18.37 1.7281
10.9 5.86 11.02 4.1109
0.2 1.6 12.28 0.7288
0.475 2.13 16.73 1.519
0.1 4.96 18.47 1.0347
0.025 3.46 18.02 1.1633
0.125 3.3 15.29 0.4734
6.725 4.28 16.32 1.4287
5.25 6.9 16.02 1.3908
13.375 7.7 18.65 1.6499
8.775 7.89 18.35 2.4671
2.325 -0.05 12.8 0.9444
15.525 -0.01 13.89 3.7647
28.675 1.06 11.47 4.7761
54.35 3.39 8.77 5.3086
25.875 1.51 7.25 2.2903
4.225 0.83 10.06 1.4703
13.125 1.13 12.29 5.208
24.3 3.89 8.75 5.5628
19.775 1.19 7.02 3.9338
16.875 2.53 11.21 3.1594
4.875 4.43 9.06 1.5502
0.575 4.92 13.29 0.6934
0 3.65 15.9 1.2971
0 4.02 17.79 1.9005
0 6.14 20.69 2.4608
0 6.83 24.67 1.9099
0 7.94 25.99 1.0242
0 3.14 20.32 1.8253
0 3.76 18.69 1.8342
0 5.46 22.18 1.4267
1.55 4.75 22.28 1.7342
4.6 4.02 19.87 3.46
2.025 0.19 8.88 1.6361
0.025 -1.51 10.1 1.2837
0 -1.28 14.36 0.4246
0 0.95 16.16 1.5869
0.025 2.47 17.27 1.4649
0.45 2.54 16.91 2.5991
0.2 0.24 12.8 0.5413
0 0.03 16.98 0.7612
0 3.02 21.67 1.3382
0.15 3.78 22.89 2.0931
0.475 8.17 22.9 2.5355
0.225 10.06 19.46 1.4181
0.65 9.83 19.96 1.8966
1.25 10.16 19.42 1.9357
0.45 4.09 17.7 0.8764
0.3 4.76 17.31 0.9016
0.575 6.41 18.48 2.0182
0.4 6.15 18.06 2.2442
0.1 3.01 18.64 2.4429
0 2.69 19.15 0.9769
0 3.38 21.06 2.2122
0 5.18 20.24 4.4406
0 1.5 17.67 3.4215
0 2.17 21.07 1.7483
0 3.3 23.75 0.5074
0 6.29 25.56 1.0405
0 7.28 25.37 2.9683
0 8.67 28.49 0.8887
0 8.73 30.07 1.4311
0 8.01 27.33 1.8843
0 7.82 21.93 2.7362
1.925 3.62 14 2.9744
0.95 2.24 15.96 2.4808
0 3.53 22.4 1.7373
0 7.34 24.27 1.1976
0.15 7.57 25.53 0.746
11.4 8.38 25.3 2.7953
9.7 4.28 15.44 2.6764
3.175 2.43 12.22 1.4865
16.025 4.26 13.59 3.436
7.9 6.41 11.88 2.0955
0.425 3.74 15.62 2.8831
0 4.4 22.15 1.6329
0 8.17 24.59 2.1653
0 7.17 24 3.1875
0 5.89 21.99 4.4648
0.15 5.91 20.3 2.4084
3.075 6.44 21.6 2.7293
1.225 4.28 19.23 2.122
0.2 4.95 19.72 3.1172
1.1 5.16 19.93 3.9955
0.65 5.43 16.25 4.589
0 4.58 17.74 2.7567
0.35 4.84 20.08 2.5262
0.225 8.74 20.31 2.6456
0.175 4.21 15.84 1.5877
0.45 4.36 18.01 0.7561
5.725 5.2 18.51 3.3353
10.75 11.83 16.6 1.0287
5.2 9.17 20.47 3.3955
0.1 6.6 18.96 2.0784
0 7.48 22.61 2.9225
0 10.16 25.93 1.6368
0 10.71 27.6 2.6656
0 10.08 26.89 3.1438
0 8.98 24.13 2.7614
0 9.81 26.75 2.7068
0 12.76 29.8 2.1405
0 13.65 32.17 2.0995
0 12.42 31.73 2.4872
0 11.73 28.28 1.5495
0 12.36 29.16 2.8322
0 12.25 29.87 2.2788
0 13.48 30.09 0.6315
0 14.86 33.87 0.7421
0 17.29 36.38 2.5176
0 14.18 35.54 2.5565
0 11.55 31.91 2.4752
0 10.93 30.41 2.615
0 11.42 29.93 2.4435
0.325 12.61 31.42 2.4456
9.825 12.86 30.84 2.4117
5.1 11.08 24.82 2.4104
0.075 9.53 22.1 2.3605
0 10.92 27.93 1.4016
0 14.7 32.82 1.0992
0 15.85 35.84 0.9681
0 16.01 36.82 1.5678
0 17.01 36.37 1.685
0 17.72 36.23 2.5031
0 17.86 36.13 2.7758
0 16.29 35.05 2.0081
0 15.31 34.55 2.4376
0 13.03 33.44 2.2418
0 11.93 32.19 2.4343
0 11.77 29.13 2.5938
0 12.11 28.04 3.1511
0 11.5 25.94 2.7509
0 11.23 25.92 3.3557
0 10.95 26 3.1924
0 10.94 26.7 2.0525
0 11.89 28.37 1.233
0 12.77 29.38 1.9604
0 13.5 31.1 1.5625
0 13.68 32.57 2.3138
0 13.86 33.27 2.7737
0 14.32 33.17 1.9234
0 15.03 33.12 1.9673
0 13.98 34.13 2.1481
0 12.16 32.72 1.9129
0 12.37 32.85 1.6823
0 13.04 33.82 1.5871
0 14.52 35.31 2.4008
0 14.34 35.12 3.138
0 17.56 34.73 2.1211
0 17.4 32.62 1.512
0 15.59 33.84 1.8321
0 14.73 34.68 2.0994
0 13.48 33.93 3.1002
0 12.9 30.53 2.419
0 13.66 31.51 3.1051
0 16.43 31.11 2.5473
0 12.74 32.23 1.9124
0 13.06 32.52 2.0301
0 12.84 32.77 2.1975
0 13.25 33.48 2.6677
0 13.17 32.29 1.854
0 14.25 32.71 1.4306
0 15.24 34.32 2.1259
0 12.52 33.69 1.5036
0 12.31 32.93 1.2696
0 12.57 33.37 1.8577
0 12.86 33.84 1.7737
0 13.05 33.43 2.6769
0 11.96 31.29 2.0792
0 11.77 30.45 1.6136
0 12.28 30.49 1.2666
0 13.36 32.23 0.9684
0 14.87 34.25 1.9707
0 15.21 34.19 1.219
0 15.82 34.8 0.8073
0 16.05 35.81 1.0419
0 16.38 36.28 1.4109
0 14.41 35.78 1.8043
0 13.66 34.54 1.8158
0 12.48 32.57 1.7371
0 12.63 31.78 0.7462
0 13.52 32.27 0.7699
0 14.36 34.12 0.764
0 15.14 34 0.9407
0 17.93 33.94 1.8783
0 12.99 34.43 0.7231
0 13.67 35.49 0.9994
0.4 13.64 35.52 1.0306
0.25 14.82 34.79 1.6037
0.05 14.95 34.87 0.838
0.325 14.9 33.43 1.7472
0.1 13.23 27.45 1.6673
0.15 13.15 30.01 0.8088
0.075 13.74 31.31 1.5096
0 13.9 30.94 2.458
0 12.35 29.84 1.6958
0 10.26 27.02 1.7584
0 10.52 28.13 0.6939
0 11.95 31.3 0.3839
0 13.64 34.38 1.0363
0 14.27 34.95 0.7349
0 14.94 35.47 0.5628
0 14.25 36.5 0.6606
0 15.09 35.94 1.5497
0 13.27 31.59 2.2357
0 9.94 23.13 1.9546
0 10.09 27.38 0.7975
0 12.6 31.34 0.6096
0 12.81 33.54 0.9572
0 13.65 33.05 1.2706
0 11.46 29.1 2.3332
0 10.81 25.78 1.8267
0.225 9.79 25.57 1.957
20.85 8.1 21.65 2.1758
16.45 8.23 19.34 3.6733
5.6 7.41 15.29 0.7934
1.675 3.27 13.75 0.9012
0 3.74 18.18 1.2392
0.425 4.32 21.86 1.2116
2.625 8.28 23.48 1.5738
1.275 11.66 19.76 1.7266
0 8.87 24.54 1.0187
0 9.03 27.25 0.7358
0 11.62 29.21 0.5111
0 11.48 28.8 0.9794
0 11.48 28.84 1.1906
0 11.7 26.51 1.6044
0 11.4 28.11 1.4166
0 11.12 28.63 1.0564
0 12.42 25.1 0.7347
0 9.65 25.47 0.8249
0 10.02 25.82 2.3242
0 9.83 27.03 1.6367
0 9.32 28.38 1.7009
0 8.84 26.26 1.3958
0 4.39 21.22 2.9004
0 3.96 20.01 3.1208
0 5.87 21.36 1.8185
0 6.01 22.54 1.0676
0 6.34 23.37 2.0732
0 7.12 25.25 0.4939
0 6.03 24.62 3.6314
0.05 4.64 22.75 4.0699
3.425 4.19 22.01 3.3714
2.175 2.77 19.76 1.7243
5.725 -1.2 11.67 0.6124
2.975 -0.87 11.78 1.444
0.1 -0.85 11.24 0.8565
0 -0.45 11.88 2.0379
0 0.94 15.36 3.0223
0.1 0.92 17.29 3.0824
2.875 2.13 20.46 3.6312
1.4 8.19 18.67 0.7409
0 5.98 16.81 0.3033
0 7.87 17.77 0.8292
0 4.47 16.89 0.6604
0 4.02 18.54 0.9158
0.05 4.04 18.52 1.0819
0.55 3.62 18.15 3.2235
3.375 1.14 11.6 2.1634
1.675 1.44 11.59 4.0318
0.125 0.41 12.11 1.9053
0 0.42 13.45 2.7842
0 0.54 14.46 4.0232
0.275 0.88 15.41 2.1409
0.125 2.93 13.19 0.6984
0 2.27 16.73 2.7422
0 2.6 18.38 2.2687
0 3.33 23.11 0.9974
0.025 2.99 18.15 1.6044
0 1.16 19.4 3.9179
0 0.57 17.12 7.7587
0 -0.23 15.75 3.4749
0 -0.62 14.58 4.0793
0 -2.01 14.14 2.7145
0 -2.62 12.69 3.4548
0 -2.47 13.62 2.99
0 -2.54 14.03 3.2509
0 -1.4 14.83 3.2228
0 -1.31 14.2 4.1967
0 -1.27 16.62 3.0365
0 -1.92 16.4 0.6998
0 -0.63 12.59 1.521
0 -1.41 12.92 1.4266
0.05 -1.91 12.83 0.9308
1.1 -2.4 12.36 0.7498
0.525 -2.05 10.51 5.089
0 -1.3 12.85 4.4435
0 -1.49 15.99 2.5966
0 -1.49 14.49 4.39
0 -1.63 12.98 4.1737
0 -2.55 12.73 3.4058
0 -4.56 13.49 4.4906
0 -3.69 13.86 3.9274
0 -3.15 12.29 4.8873
0 -2.91 16.57 3.3904
0 -1.71 17.44 1.2538
0 -1.67 15.61 1.0733
0 -0.82 15.93 1.0929
0 2.64 16.47 0.8474
0 2.15 16.32 1.3304
0 -0.31 15.12 2.3619
