0.6 1.61 11.01 1.348
2.675 3.2 9.43 1.3846
23.475 0.54 10.74 1.9667
27 -0.78 8.99 3.4673
8.55 3.25 9.42 2.0638
0.325 3.56 7.93 0.4412
2.425 4.05 9.99 1.4239
1.4 4.18 9.4 0.8404
0.825 4.05 10.13 3.7661
0.5 0.5 11.16 3.4543
0 4.24 10.67 2.625
0 6.38 10.61 5.189
0 4.71 12.9 4.166
0 3.3 14.31 4.1025
0 2.84 11.27 3.8058
0 2.9 11.53 4.852
0 1.77 12.16 4.1743
0 2.78 14.37 4.7794
0 2.23 14.96 5.0139
0.1 4.13 11.13 3.5275
5.8 3.92 10.66 2.6721
16.15 8.55 15.13 2.007
15.4 9.13 12.73 1.6235
5.6 6.16 14.57 2.0486
2.3 7.2 13.12 3.2232
11.75 0.67 8.29 1.1792
6.9 3.28 11.22 1.0961
0.775 1.44 9.2 1.2503
0.55 1.54 8 3.9362
3.675 2.15 9.99 4.4115
2.15 4.28 10.68 2.6545
0 4.04 16.1 2.9053
0 4.72 17.85 4.1079
0 5.7 22.34 3.9472
0.375 7.58 19.21 3.1324
2.625 8.17 14.48 2.8503
2.225 8.14 14.58 3.0949
2.7 6.4 13.74 2.6593
3.55 5.17 13.43 1.0549
2.25 1.54 10.32 3.0316
6.125 -0.49 9.68 0.4273
7.5 2.2 10.86 2.8486
15.3 3.06 9.58 1.2361
13.175 1.39 8.02 3.2555
3.8 4.21 10.94 4.0727
9.875 5.66 11.35 6.7018
18.05 3.95 11.94 5.4228
9.975 5.89 9.54 4.4902
0.9 5.55 13.22 1.7772
0 3.82 16.37 3.5854
0 4.89 16.15 2.7275
6.075 5.25 16.63 3.6416
11.05 8.83 15.13 4.2365
6 10.89 15.75 3.203
0.975 7.03 15.51 1.8372
2.025 7.06 15.79 1.7947
1.375 6.5 16.11 2.7697
0.025 3.25 14.43 0.5159
4.45 6.1 17.94 3.6443
14.325 10.19 16.52 3.3743
18.925 10.43 16.72 4.7609
14.625 6.86 12.72 5.1663
6.05 4.52 12 2.6365
0.025 3.09 13.27 1.1499
0 3.79 12.72 1.9283
0 2.31 13.53 0.4284
0 4.31 15.32 1.4617
0 1.46 11.11 2.7259
0 -0.29 12.64 0.7951
0 2.12 14.76 0.7344
0 3.97 16.6 1.8423
0 4.01 17.68 1.8268
0 4.28 14.33 1.4599
0.025 5.49 17.48 2.9577
0 8.58 18.82 3.5032
0 7.33 17.88 0.9384
0 6.49 20.46 1.2191
0 9.16 22.67 1.5937
3.275 8.58 21.73 1.1966
9.625 7.26 20.2 1.6819
6.45 2.7 12.29 3.7496
0.15 0.39 13.23 2.2846
0 3.3 17.1 1.9627
0 6.49 18.74 0.9704
0 6.91 21.39 1.9462
0 8.49 22.58 1.78
0 10.57 23.87 1.4953
0 6.41 17.67 3.9617
0 4.13 17.36 2.3412
0 7.22 19.39 0.713
0 6.75 21.47 3.0601
0 6.95 20.24 2.7496
0 3.95 16.4 5.1085
0 2.07 17.73 1.9598
0 8.13 21.15 2.5127
4.1 4.03 26.41 1.8171
6.15 7.14 24.43 1.0591
7.8 7.45 16.83 3.0265
7.35 7.62 11.86 2.0024
3.425 7.12 14.63 2.2959
0.125 5.38 16.77 3.4897
0 5.9 20.05 1.4184
0.1 7.34 20.64 2.6811
0.1 4.59 20.12 5.4307
0.025 0.96 15.11 5.5111
0 3.02 16.39 2.7857
0 5.05 21.69 1.7196
0 8.99 25.19 2.2357
0 13.74 29.08 2.4051
0 14.39 30.77 1.4595
0 17.38 31.76 1.2177
0 14.55 32.22 1.6736
0.3 8.82 29.57 2.2625
0.275 6.62 19.77 2.9368
0.15 3.28 19.63 3.1092
0 4.65 20.43 1.951
0 5.42 18.96 2.2219
0 3.8 16.46 3.0016
0 3.11 18.24 1.7404
13.3 4.87 21.19 1.8033
16.2 10.21 20.18 1.9789
10.05 11.08 17.17 2.8298
4.15 11.17 17.74 3.9871
5.325 10.97 22.23 2.1378
3.425 13.13 23.53 3.9634
0 10.6 24.98 1.9043
0 12.14 24.67 2.979
0 9.89 25.97 2.0959
0 11.33 27.66 1.9491
0 10.99 28.17 1.5996
0 11.61 28.27 3.0205
0 8.34 25.23 3.3916
0 9.85 25.97 2.8821
0 10.5 27.11 2.7993
0 11.64 29.11 2.3458
0 15.12 34.38 1.5732
0 19.33 37.39 0.2808
0 17.31 35.29 1.9764
0 14.14 30.38 2.3211
0 11.26 28.45 1.2532
0 11.61 30.85 1.0249
0 13.06 30.4 2.3014
0 9.79 27.98 2.9354
0 8.85 25.27 2.7224
0 9.68 28.17 2.2681
0 13.22 31.67 1.9355
0 17.6 34.45 1.0712
0 16.42 34.33 2.0548
0 15.42 29.31 2.5434
0 11.81 28.34 2.8804
0 11.65 28.58 2.3583
0.475 11.92 26.42 2.41
1.475 12.79 24.8 2.3765
0.925 13.5 28.04 0.6212
0.6 11.66 23.64 2.1925
0.2 11.04 20.46 3.1128
0 10.22 23.91 2.0275
0 9.95 26.17 2.5798
0 11.56 26.9 2.5263
0 9.79 24.41 3.3313
0 12.01 23.37 3.0303
0 10.39 25.33 3.2732
0 11.4 26.28 2.527
0 12.83 24.08 3.4309
0 11.49 25.33 2.3082
0 10.99 25.8 2.462
0 12.54 28.12 2.7024
0 13.68 28.6 3.2263
0 14.5 31.47 2.35
0 15.35 32.34 3.1539
0 11.61 28.3 3.3872
0 9.42 26.09 3.497
0 11.97 30.09 1.9314
0 17.4 34.38 1.0441
0 17.51 35.29 1.8025
0 15 32.78 2.7486
0 13.87 33.73 1.7233
0 17.71 38.12 1.1419
0 19.93 41.29 0.9018
0 20.09 39.88 2.6362
0 16.28 37.39 2.5301
0 16.56 35.02 2.2457
0 16.53 34.52 1.9706
0 17.32 35.87 2.8169
0 15.5 32.5 2.5868
0 12.56 30.7 2.7891
0 10.87 30.56 2.5076
0 12.47 30.47 2.6203
0 13.32 31.39 2.7864
0 14.04 31.39 2.7402
0 14.54 31.46 2.2679
0 16.75 31.07 1.9709
0 17.99 32.62 2.4472
0 13.6 35.14 2.0279
0 18.87 37.63 1.2455
0 20.06 38.97 1.389
0 18.64 39.03 1.7592
0 20.55 39.1 1.5989
0 21.31 40.29 1.901
0 21.9 41.26 1.6101
0 20.4 37.04 2.4159
0 16.69 34.8 2.5741
0 16.8 34.4 2.521
0 15.09 34.76 2.1482
0 12.97 31.94 2.2479
0 12.2 33.83 2.3908
0 16.98 37.28 2.0541
0 19.3 39 1.7927
0 16.91 35 2.1577
0 14.59 32.6 2.8964
0 14 31.94 2.663
0 13.33 32.14 3.0255
0 15.57 33.11 2.8195
0 12.87 31.04 3.1616
0 12.42 29.43 2.6659
0 13.62 31.84 2.3659
0 15.06 30.37 2.3957
0 13.57 25.34 3.0357
0 11.95 27.59 1.8513
0 14.13 31.42 1.7578
0 18.55 34.39 1.0899
0 20.29 37.11 1.329
0 19.32 35.6 3.0418
0 17.14 36.96 3.0698
0 17.49 34.58 3.2877
0 14.67 30.88 3.0804
0 13.56 33.03 1.7462
0 17.13 34.45 0.8749
0 18.13 34.69 0.9886
0 16.8 36.23 0.8334
0 17.47 35.07 1.3125
0 13.43 32.95 2.4764
0 14.91 37.48 2.219
0 19.57 36.76 2.1259
0 15.71 31.51 2.7297
0 13.46 31.3 1.6625
0 15.13 32.52 1.5547
0 16.17 34.1 0.5445
0 15.27 36.48 1.7482
0 18.72 37.07 1.8651
0 19.18 38.47 1.8776
0 19.95 35.77 2.5235
0 16.63 31.54 1.6961
0 15.31 34.65 0.8979
0 19.23 36.8 0.5623
0 18.87 37.56 1.9754
0 16.3 33.69 2.4307
0 12.95 29.53 2.1827
0 13.06 27.38 2.3302
0 12.51 29.67 2.1446
0 13.72 31.05 0.824
0 15.27 32.97 1.1969
0 17.02 35.92 0.6161
0.075 19.54 37.06 1.1385
0.05 16.64 34.2 1.9124
1.325 12.15 25.02 2.2051
1.05 13.77 23.99 2.6882
0.025 12.45 26.35 1.7742
0 14.84 30.28 1.9206
0 15.55 32.62 1.1589
0 17.93 36.22 0.7758
0 18.29 33.54 1.9056
0 15.07 33.67 0.8926
0 17.45 34.72 1.9814
0 18.92 36.39 2.0731
0 19.36 35.51 1.2422
0 18.61 35.09 0.7859
0 17.3 35.4 0.7014
0 18.99 37.13 1.0592
0 19.84 37.07 0.2869
0 16.63 34.72 1.8859
0 11.82 29.3 2.667
0 7.37 22.48 2.5243
0 8.9 25.69 2.368
0.35 12.47 27.53 1.0248
0.5 9.46 23.21 3.2986
0.425 6.14 19.19 3.3171
0 6.99 19.33 0.4116
0 8.42 22.66 2.5734
0 9.97 24.22 1.1261
0 8.51 23.33 1.2874
0 9.03 24.84 0.6047
0 9.72 24.45 0.6881
0 7.84 20.57 1.8894
13.55 9.23 18.99 2.1565
14.6 11.65 16.86 7.1301
7.075 14.61 19.62 4.4878
0 15.88 24.98 1.3254
0 14.63 24.61 2.249
0 14.89 27.55 1.3028
0.85 11.53 24.37 1.6783
0.75 9.71 20.98 2.0334
0.075 6.22 18.86 1.1446
0 9.56 20.93 1.0629
0 10.02 22.23 0.9687
0 12.48 24.3 1.4308
0 12.72 24.02 1.342
0 9.82 23.13 1.6209
0 13.36 25.87 1.074
0 9.12 23.41 5.0619
0 6.27 16.41 4.837
0 4.04 17.04 0.8538
0 7.85 20.42 0.3049
0 8.07 21.75 0.899
0 9.48 22.38 0.9754
0 10.64 23.94 1.2785
0 10.27 25.55 1.2655
0 10.18 24.21 2.0101
0 10.02 21.25 2.7416
0.025 8.94 20.89 0.9337
0.075 8.03 17.55 1.7268
0 4.3 17.3 1.9158
0 7.09 17.78 1.1405
0 7.91 17.91 0.7789
1.275 9.68 17.71 0.6563
0.925 6.36 15.83 2.0693
0 3.58 13.37 1.2873
0 4.53 14.85 1.0615
0 4.87 16.91 2.6493
0 5.05 18.09 1.9114
1.175 5.09 18.47 1.3295
0.75 4.83 14.24 2.1886
4 3.98 15.33 2.2593
4.925 5.45 14.27 3.7645
0.8 2.61 12.2 1.0967
0.05 5.05 14.69 0.5576
0.025 2.67 13.06 1.9207
0 5.12 16.7 3.3079
0 5.73 18.33 3.6421
0.925 7.11 19.59 2.2999
1.2 6.2 19.4 1.2633
0.25 4.1 15.39 5.6574
0 3.61 15.02 4.8578
0 4.13 15.7 3.8196
0 4.04 16.4 1.6897
0 3.52 14.31 2.0833
0 2.64 13.37 1.8462
0 3.93 15.32 1.8593
0.1 1.65 10.41 0.7151
11.875 -0.11 9.25 1.8429
8.525 -1.09 5.33 0.5902
0.075 -2.86 5.92 0.7059
0 -2.77 6.36 1.8455
6.175 0.31 8.14 3.2617
18.025 3.78 11.34 2.9872
26.85 7.44 12.03 4.0614
13.725 6.51 10.69 3.678
1.05 6.83 12.45 0.9013
0.225 6.59 14.92 3.5645
0.25 6.39 15.19 2.9865
0.075 4.39 10.54 2.1328
0 3.36 10.1 2.6459
0.025 4.3 10.31 4.0291
3.45 3.95 15.37 2.8774
4.75 6.06 12.91 1.9883
1.525 1.78 9.99 3.683
0 -0.88 9.97 2.0348
0 0.65 11.97 3.9396
0 1.91 14.9 4.104
2.1 3.51 10.59 4.1414
2.575 5.09 13.14 2.3182
1.75 2.09 8.8 3.0755
1.225 2.23 10.48 1.0282
1.075 5.37 12.49 1.4429
0.025 6.28 12.94 2.9575
0 8.15 13.21 2.6746
0 5.8 13.04 1.0422
0 4.83 12.5 3.8109
0 2.93 12.32 2.9266
0 2.71 9.13 2.8692
0 3.88 9.6 3.1224
0.35 3.49 7.86 2.609
0.5 4.49 12.47 2.9801
0.25 5.63 9.28 2.5578
0.175 3.73 7.76 2.5847
2.85 4.25 8.93 3.3189
9.975 6.61 18.15 5.0797
6.125 6.22 16.07 2.2421
0.025 3.51 13.25 1.4296
0 5.5 14.29 3.3091
6.35 3.04 16.36 2.8541
15.25 7.23 14.72 3.1415
20.075 7.25 12.91 5.2784
20.425 6.64 11.04 6.0344
26.225 6.07 10.96 6.8125
21.35 3.41 8.71 3.7874
9.375 2.11 6.91 3.1684
1.175 3.41 10.22 1.386
5.275 3.74 9.94 2.6945
7.7 6.58 11.73 4.8013
2.775 7.49 12.93 2.8338
0.075 5.98 9.9 1.2556
3.975 4.36 13.23 2.739
4.2 5.51 15.33 3.2046
1.425 5.29 14.03 1.2824
0.025 3.86 13.62 1.0826
0 4.86 15.3 1.8691
0.15 4.66 14.33 2.2712
3.25 6.36 14.91 0.8254
5.2 7.47 14.87 3.438
8.45 8.19 14.82 3.2431
6 6.81 12.65 1.684
1.1 6.11 11.19 2.2035
6 7 12.05 1.345
3.35 5.95 11.54 1.4487
0.15 3.94 12.55 0.475
0 6.03 13.2 1.5276
0 8.05 17 1.8973
0 5.19 16.52 1.1205
0 5.27 16.28 1.3534
0 6.23 16.91 1.2179
0 7.74 17.8 1.8137
0 7.9 18.95 2.3682
0 7.23 18.27 0.64
0 7.28 13.34 0.9676
4.525 8 11.6 1.9114
3.45 4.27 10.19 2.4661
6.875 1.06 12.83 2.1911
6.725 4.9 10.77 4.0548
3.4 6.94 11.51 2.5834
5.775 4.73 14.75 1.0321
13.325 8.53 17.35 5.0805
7.9 7.12 13.76 0.9907
0.125 4.76 15.63 0.3173
2.05 8.1 17.94 2.134
15.975 7.44 13.86 2.8993
13.95 3.75 9.21 3.4457
2.675 3.19 11.89 2.4624
0 2.96 12.49 1.3212
0 5.32 16.18 2.4011
0.025 5.68 16.67 0.9349
0.15 3.72 11.79 2.6472
2.725 0.25 11.21 3.4324
1.85 2.34 10.56 2.0631
6.15 2.23 14.28 0.5239
6.825 4.68 12.83 2.4724
2.1 1.56 12.44 2.2757
0 1.93 14.7 2.6735
0 5.59 19.5 3.6729
0 8.02 22.09 1.3552
0 8.81 22.33 1.2958
0 7.41 23.3 3.0393
0 7.43 22.48 2.5021
0 9.23 22.55 1.7989
0 8 20.39 0.3477
0 7.35 18.68 1.8105
0.1 4.94 20.06 1.6953
0.35 8.18 21.55 1.7794
0.375 7.22 16.51 2.3897
0.05 4.01 16.06 1.7963
0 4.57 19.7 2.5376
0 8.46 22.93 1.1994
3.275 6.93 20.17 3.0959
9.5 6.42 14.8 4.9669
6.15 2.33 13.28 2.5736
0.5 2.01 14.06 0.6117
1.775 3.28 11.44 2.2357
12.925 3.4 11.79 1.5231
13.975 3.32 11.22 2.9789
6.3 3.37 13.75 2.6104
0.1 2.55 15.18 0.4861
0 4.83 17.76 2.2648
0 6.56 19.91 1.204
0 5.51 20.52 2.1924
5.2 9.43 15.53 2.0755
17 6.79 12.9 4.7034
11.725 6.28 12.2 4.267
0.775 5.66 15.59 1.1735
0.05 4.88 16.38 0.7402
0 4.95 19.45 0.9075
0 7.5 20.45 1.4053
0 6.58 20.95 1.2009
0 8.03 23.29 1.2924
15.6 9.57 22.04 1.2832
19.225 5.75 15.22 2.4892
7.475 5.44 9.35 3.5445
1.325 6.4 13.25 2.3177
0 7.52 17.88 1.0337
0 8.88 22.15 1.1842
0 8.41 25.37 1.178
2.625 11.6 25.68 0.8257
14.925 7.51 22.79 4.4729
10.025 4.8 11.73 4.4762
2.15 3.27 15.66 3.3327
0.05 3.16 18.14 3.2879
0 6.1 22.13 2.0343
0 8.08 23.63 1.9142
0 10.68 27.05 1.2446
0 9.82 23.42 2.3155
0 7.26 20.53 3.8349
0 4.94 21.5 2.5503
0 7.22 23.05 1.0183
0.125 7.47 21.8 2.6902
2.775 7.11 17.04 3.4453
4.1 6.23 13.43 3.1388
1.475 4.08 13.96 3.4298
0 6.59 22.49 2.1017
0.4 8.67 24.93 1.2844
1 10.96 26.53 0.931
0 10.19 27.06 0.8487
0.325 10.93 24.96 1.293
1.4 9.38 23.09 2.102
0.675 11.57 21.86 1.5638
0.15 10.52 20.59 1.4503
0.2 9.93 21.79 3.3463
0.375 7 18.87 4.088
0.4 3.54 17.14 3.3984
0 3.96 16.33 4.092
7.175 6.74 18.74 2.2162
11.725 7.19 20.17 1.6995
15.1 8.6 19.81 2.759
9.225 6.96 17.78 2.133
3.25 5.38 18.45 2.936
0 7.31 21.59 1.8263
0 11.55 28.36 1.2626
0 13.52 26.53 2.4471
0 12.79 24.16 3.0675
0 11.84 27.35 1.9852
0 14.75 27.71 2.0427
0 15.41 28.6 2.4602
0 14.8 30.51 1.6043
0 15.39 31.05 2.4204
0 13.18 28.47 3.1482
0 12.7 28.32 2.6968
0 11.72 25.03 3.4216
0 10.13 23.06 4.5739
0 10.89 24.58 5.1208
0 14.97 30.41 3.6827
0 16.61 33.4 1.0294
0 17.08 33.83 1.9246
0 13.26 28.89 2.8258
0 10.81 27.46 3.4149
0 12.63 29.44 1.7897
0 9.82 28.27 2.481
0 8.59 25.14 3.2096
0 8.34 26.77 2.8597
0 12.33 29.51 2.1738
0 15.17 31.94 1.1154
0 15.52 33.58 2.1918
0.525 13.28 29.89 2.3594
0.4 11.72 28.29 2.9107
0 13.71 32.42 2.6645
0 19.13 36.76 1.4291
0 21.5 38.93 1.8706
0 17.15 35.83 3.1166
0 15.26 31.98 3.0127
0 13.11 30.27 2.95
0 13.16 30.69 3.1076
0 14.53 31.83 2.7469
0 16.28 35.8 1.4053
0 16.78 34.73 1.8816
0 13.06 29.66 2.4343
0 12.11 31.96 2.4349
0 12.71 33.17 2.6364
0 14.15 34.2 2.3751
0 16.07 37.24 1.9497
0 16.66 35.93 2.2667
0 14.9 31.09 3.1325
0 13.41 31.73 3.0383
0 15.63 34.18 1.5956
0 18.68 37.82 1.4818
0 20.77 38.06 2.7021
0 19.74 37.64 2.6485
0 19.24 37.32 2.5026
0 17.99 37.14 1.9986
0 16.95 33.64 1.9292
0 13.71 31.42 2.3373
0 12.07 34.37 1.1036
0 16.39 34.63 2.4062
0 16.19 35.85 2.2277
0 16.23 34.11 2.8127
0 13.38 28.98 2.9335
0 11.97 29.66 2.1924
0 11.58 30.4 2.547
0 14.75 32.6 2.4478
0 15.62 33.15 2.6098
0 14.76 32.66 2.3485
0 15.68 33.08 1.9367
0 16.17 33.61 2.371
0 15.64 34.63 1.641
0 16.1 33.77 2.0736
0 11.62 31.34 2.1951
0 13.78 32.6 2.2804
0 12.97 31.68 2.5787
0 13.91 30.26 2.8742
0 12.57 30.83 2.0844
0 15.19 30.95 2.0704
0 11.91 27.62 2.2608
0 11.44 30.81 1.1145
0 16.04 32.27 1.6223
0 13.55 30.57 2.4513
0 13.04 31.6 3.0116
0 14.87 34.68 1.4552
0 16.37 32.55 1.6476
0 14.95 30.96 1.639
0 13.77 33.67 2.0407
0 16.17 33.71 2.2912
0.1 12.1 27.72 1.9185
0.05 11.52 29.15 1.9284
0 15.32 31.76 2.5268
0 18.15 39.65 1.7953
0 23.06 41.17 0.4413
0 17.43 34.85 2.1308
0 13.69 31.16 2.3354
0 11.21 30.15 2.7958
0 10.22 24.58 2.2978
0 11.27 25.67 2.548
0 11.36 29.35 1.8012
0 16.87 33.12 1.4186
0 19.5 36.61 0.4027
0 18.38 36.48 1.3306
0 17.63 35.77 1.2474
0 15.54 33.32 2.268
0 15.15 33.15 1.5478
0 14.7 30.3 2.0613
0 11.78 21.68 2.7235
0 9.26 23.18 1.8845
0 12.08 27.16 1.0184
0 14.72 30.96 0.5086
0 14.62 31.92 1.1811
0 13.22 27.32 1.759
0 11.13 28.34 1.5175
0 12.53 29.26 1.4607
0 12.72 30.25 1.8566
0 14.74 27.98 1.4983
0 14.32 27.28 1.2826
0 13.25 25.27 1.2778
0 11.65 27.04 1.4354
0 12.12 26.31 1.4176
0 9.93 23.64 2.6795
0 10.71 26.05 1.3043
0 13.74 30.69 0.9468
0 15.92 33.89 1.1144
0 17.56 35.54 1.1691
0 17.66 36.84 1.4571
0 20.64 38.05 0.7131
0 19.88 37.27 0.5371
0 18.91 34.31 0.3509
0 15.74 31.45 0.7748
1.55 17.15 33.25 0.8051
1.65 13.29 27.88 1.4068
0.875 10.9 21.06 1.6996
0.175 11.94 19.58 1.9396
0.025 11.64 22.65 0.6355
0.25 11.79 21.77 2.0039
0 9.7 23.74 0.5754
0 11.3 25.9 1.9497
0 15.12 28.47 1.9294
0 14.6 29.16 2.2971
0 14.73 30.85 2.2168
0 17.3 33.02 1.4327
0 18.89 34.07 0.4851
0 17.01 32.17 0.4203
0.675 13.74 27.5 0.9694
0.825 11.76 19.02 0.9503
0.2 10.82 20.42 1.3438
0 11.27 23 1.5269
0 10.84 25.32 0.865
0.55 10.26 20.67 1.7275
5.9 10.87 20.53 1.3626
21.725 10.91 18.04 2.0623
22.95 11.9 16.14 5.2082
5.25 8.84 17.12 3.2274
0 5.84 17.59 1.5471
0 5.98 19.04 2.8883
0.075 10.2 23.21 3.6951
1.35 9.3 19.88 2.2963
1.125 10.85 15.92 1.7898
0.175 10.01 19.08 1.2715
0 8.1 20.48 1.8214
0 9.87 22.68 2.8187
0 11.05 24.4 2.4876
0 13.63 27.27 1.5176
0.05 13.38 25.86 1.406
9.025 11.37 22.4 2.0365
10.35 9.47 15.25 3.4381
2.625 5.35 13.42 2.3443
1.8 3.55 15.21 0.6663
1.075 6.59 14.94 1.5982
0 4.65 15.79 2.2836
0 6.53 16.72 1.3653
0 5.78 16.3 2.9953
0 7.45 18.6 1.8762
0 9.1 20.23 2.9927
0 8.48 19.42 1.6229
0 8.79 20.03 1.7489
8.05 8.41 17.89 1.7218
20.275 5.57 12.43 1.8813
14.375 3.23 10.11 3.0673
9.05 4.16 7.53 4.4537
11.225 5.12 9.66 3.0872
7.55 1.41 9.76 3.8902
0.95 -0.87 7.36 1.4792
0 -0.54 9.74 3.0593
7.775 0.68 10.86 3.3849
6.45 3.5 8.62 2.61
1.375 1.68 7.38 2.1176
0 -0.61 9.3 2.5551
0 1.92 10.82 3.0707
0.125 2.25 12.99 2.3377
0.175 4.16 11.46 2.7355
0.575 6.56 10.66 1.414
7.375 8.07 16.35 2.7765
6.1 9.05 18.23 2.8645
1.15 8.3 17.35 3.7927
5.2 6.23 16.5 2.1486
5.225 7.68 13.82 2.6127
2.1 10.03 14.92 1.5333
0.15 10.4 18.12 1.8236
0 9.13 15.68 0.5091
0 8.52 15.7 2.3669
12.3 8.01 13.28 1.3938
11.125 7.67 11.88 2.1577
1.725 3.39 11.22 1.18
12.075 1.87 10.83 2.5354
18.85 4.58 11.99 3.5086
19.075 9.25 13.12 5.0434
17.25 6.07 13.33 5.5573
2 5.99 9.32 3.1421
6.5 5.63 11.99 3.245
4.35 7.8 12.89 2.1093
0.25 6.48 12.85 0.6312
10.575 5.23 14.63 3.3459
11.225 5.37 14.65 5.6236
2.975 6.17 13.53 2.4349
8.15 4.76 11.43 0.7917
15.175 5.82 10.3 2.3888
10.175 1.54 9.06 4.4451
0.625 -1.76 7.5 2.1666
4.675 -0.65 7.62 1.6056
14.675 3.21 9.19 4.6097
8.95 5.47 8.76 4.6429
1.15 3.45 9.28 2.3377
1.85 2.22 10.66 2.9189
0 1.36 9.93 3.6037
0.1 -0.86 4.42 4.5766
0.05 0.01 3.36 3.0671
0.075 0.5 4.39 1.3576
0.025 -0.32 3.01 1.5335
0 -2.28 6.6 2.9139
0.2 2.07 9.69 3.5621
1.275 4.6 12.34 2.7042
1.025 4.21 12.98 1.6703
0.275 6.85 11.47 1.153
0 4.66 12.26 2.6955
0.125 6.56 9.13 0.6461
0.05 6.45 9.9 0.5947
0 5.69 11.68 2.5034
0 2.94 10.66 1.6784
0 4.62 15.14 3.9483
0 3.61 16.37 3.4732
0 5.18 15.44 2.9748
0 4.31 16.95 4.0811
0 4.2 15.49 1.6463
0.125 4.34 14.94 1.9413
0.125 2.49 13.62 4.9242
0.125 2.03 13.09 3.6768
0.075 1.51 11.58 1.76
19.625 2.38 11.47 0.6615
12.65 4.15 10.33 1.6839
2.9 1.22 9.61 1.2744
0.05 2.02 13.12 1.6286
0 1.15 13.26 3.0448
0 3.29 13.99 1.9687
0 3.51 14.53 2.418
0 3.83 20.32 1.6681
0 7.02 18.57 1.948
0 6.93 19.23 0.8593
0 2.32 14.95 2.7397
0 0.9 13.7 3.2816
0 3.31 14.86 3.5292
0 4.34 17.42 3.7053
0 4.89 19.92 2.9815
0.225 5.31 19.14 1.1634
0.725 4.59 14.99 4.3023
16.8 9 15.01 5.3439
23.25 3.93 10.4 5.6247
26.425 2.62 7.78 5.0017
20.15 3.46 7.41 2.17
5.425 -0.29 10.32 2.5307
0.35 -0.22 10.27 0.4603
0 2.37 11.35 1.2455
0 1.18 12.36 0.5901
4 0.84 11.72 0.906
16.825 2.06 9.68 2.4423
11.625 0.27 9.57 4.6702
5.25 -1.64 7.91 0.9719
6.1 -1.93 10.85 0.43
0.275 1.89 13.37 2.4427
2.05 0.94 14.78 2.0513
3.2 8.15 16.31 4.2115
1.1 7.63 16 1.5732
0 5.29 16.52 1.4819
7.325 7.07 17.65 0.5707
9.325 8.73 13.14 1.7873
2.875 6.48 13.16 3.9948
0 4.36 15.04 0.9796
1.75 6.71 16.24 1.5872
0.575 7.87 16.96 1.2147
0.175 6.3 15.46 1.1481
1.5 5.44 16.02 0.4309
3.3 7 16.64 1.8361
6.625 9.97 19.51 1.6986
11.175 9.25 18.77 2.1012
4.075 6.1 15.07 2.5284
11.35 2.71 14.62 0.9114
12.35 2.75 13.04 4.0816
19.25 4.63 10.17 4.789
12.825 5.23 9.35 5.0493
3.725 4.16 11.65 2.1778
3.35 3.98 12.95 1.7149
17.175 5.74 10.34 5.4736
14.625 4.12 8.45 5.644
21.05 4.15 11.72 3.978
10.7 4.95 10.08 3.2793
1.625 4.59 13.94 1.6629
0.725 5.86 15.24 0.7156
0 5.35 18.04 1.253
0 7.04 22.17 1.8561
0 9.47 23.93 2.5623
0 12.09 26 2.0362
0 9.45 19.77 1.2958
0 4.95 18.5 2.1519
0 6.98 22.03 1.8068
0 10.06 21.71 1.6072
1.8 7.07 19.73 1.8948
1.65 2.5 13.49 3.5083
0.25 0.53 12.2 1.8146
0 1.46 15.76 1.2746
0 3.09 17.17 0.38
0 5.18 17.24 1.5806
0.625 4.26 18.25 1.5125
0.525 4.67 14.06 2.5546
0.05 2.73 16.95 0.527
0 4.77 19.82 0.8005
0 7.97 22.79 1.2437
2 9.45 23.4 2.0146
1.725 10.77 18.73 2.5021
0.7 11.52 18.84 1.2867
2.375 10.48 21.2 1.9234
1.35 8.94 18.09 1.8336
0.275 6.04 18.68 0.8294
0.375 8.09 19.37 0.774
1.275 9.16 19.45 1.9192
1.225 7.74 19.97 2.3013
0.4 5.87 18.98 2.3932
0.075 5.37 22.02 1.0913
0 6.35 20.73 2.1595
0 4.12 18.28 4.4545
0 4.32 21.41 3.4134
0 7.63 24.08 1.6392
0 10.36 26.83 0.5172
0 8.74 24.55 1.2496
0 9.44 29.93 2.9716
0 14.11 31.76 0.9963
0 10.68 28.69 1.4524
0 8.08 23.89 1.7971
0.275 7.07 17.51 2.6733
0.525 4.96 17.83 2.9396
0.2 6.63 23.76 2.4644
0 7.45 24.22 1.7088
0 8.29 25.36 1.2773
2.35 9.39 25.59 0.8758
16.45 7.59 17.29 2.7612
13.4 5.76 13.78 2.7098
9.7 4.79 15.08 1.8165
8.725 7.95 12.85 3.3957
3.35 7.68 17.43 2.0207
0.2 6.49 22.81 2.7281
0 9.97 24.81 1.619
0 11.9 24.48 2.2649
0 8.35 22.58 3.3288
0 6.78 20.83 4.4975
2 6.81 22.54 2.4071
3 8.8 17.69 2.7432
0.15 6.89 20.3 1.9025
2.95 7.14 20.46 3.0181
2.275 6.83 17.62 3.8622
1 6.09 18.98 4.5217
0 7.62 20.35 2.6911
3.75 8.94 20.83 2.5231
2.225 8.32 17.23 2.5007
0.8 7.56 18.99 1.557
2.5 7.06 19.21 0.9006
12.325 11.16 17.42 3.6083
11.125 11.7 21.48 0.8944
2.825 10.42 19.04 3.4096
0.05 9.76 22.62 2.1435
0 10.91 25.59 2.8467
0 11.63 27.99 1.6705
0 13.26 27.81 2.8331
0 10.87 24.45 3.1976
0 10.65 26.84 2.8159
0 13.25 30.01 2.6925
0 14.99 32.94 2.3783
0 17.5 33.23 2.3408
0 15.42 29.88 2.5737
0 13.99 29.79 1.7365
0 14.48 29.9 2.8344
0 13.98 30.5 2.5075
0 16.99 34.26 0.8634
0 19.62 37.21 0.8633
0 19.91 37.1 2.5249
0 15.75 32.69 2.4812
0 13.03 30.3 2.427
0 13.17 30.57 2.5926
0 13.45 31.47 2.5356
5.175 15.48 32.14 2.5721
7.825 14.06 25.05 2.4504
2.35 11.16 22.06 2.4991
0 11.55 27.68 2.4332
0 14.16 33.05 1.6986
0 18.24 36.09 1.4141
0 18.98 37.37 1.3687
0 18.67 37.53 1.6365
0 19.66 38.38 1.5637
0 20.71 36.97 2.4483
0 18.65 35.66 2.703
0 18.4 35.4 1.8729
0 16.52 33.93 2.4053
0 13.74 31.99 2.3333
0.075 13.25 28.98 2.5307
0.025 11.35 27.58 2.7092
0 12.4 26.34 3.1629
0 10.8 26.05 2.7833
0 11.72 26.54 3.4167
0 11.66 26.11 3.2006
0 13.08 27.53 2.1051
0 13.07 29.24 1.2497
0 13.87 30.73 2.059
0 16.76 33.87 1.799
0 16.85 34.49 2.375
0 17.43 34.37 2.7933
0 16.66 33.38 1.9619
0 13.86 32.47 2.0113
0 13.52 32.31 2.1628
0 14.3 32.75 2.0128
0 15.88 34.6 1.6937
0 16.88 35.7 1.6218
0 17.69 33.92 2.4029
0 15.08 32.07 3.1833
0 14 32.63 2.1076
0 15.32 33 1.5508
0 15.55 35.08 1.8151
0 16.4 33.81 2.1347
0 13.48 29.97 3.136
0 13.87 31.93 2.4736
0 15.84 32.03 3.1365
0 14.45 30.94 2.6428
0 14.48 32.67 2.0241
0 15.25 33.61 2.1366
0 17.15 33.64 2.2034
0 15.87 32.32 2.6651
0 14.76 32.72 1.9967
0 18.23 34.1 1.5311
0 16.49 33.86 2.2266
0 16.28 32.85 1.5378
0 14.87 34.22 1.3898
0 16.14 33.73 1.9861
0 16.34 34.41 1.9105
0 15.04 30.95 2.7334
0 11.99 29.52 2.1648
0 11.44 30.46 1.7624
0 13.29 31.38 1.4123
0 16.75 35.04 1.0445
0 18.97 34.93 1.9345
0 16.62 33.8 1.2251
0 17.54 35.77 0.835
0 18.31 35.26 1.0719
0 17.39 35.96 1.4278
0 16.33 34.52 1.9403
0 14.31 31.88 1.8151
0 13.49 31.78 1.7914
0 14.76 33.57 0.7804
0 18.16 35.5 0.7305
0 17.86 34.35 0.694
0 16.83 32.85 0.9593
0 15.52 32.69 1.9121
0 16.7 35.38 0.8029
0 19.14 35.38 1.0369
3.5 17.33 34.37 1.1281
2.075 15.76 34.98 1.6191
0.025 19.24 36.43 0.7156
0.025 15.64 27.95 1.7873
0 14.4 29.59 1.783
0 15.78 31.94 0.9697
0 16.89 32 1.6521
0 14.74 29.65 2.4271
0 13.08 26.7 1.6846
0 12.44 28.11 1.858
0 15.78 31.11 0.9467
0 18 34.04 0.5764
0 19.47 35.48 1.1407
0 18.23 35.34 0.9429
0 17.9 35.29 0.8255
0 19.84 36.96 0.796
0 14.34 31.48 1.5114
0 13.05 23.22 2.2082
0 12.27 26.14 1.9915
0 13.74 29.74 1.1443
0 17.6 33.57 0.6184
0 16.54 34.59 0.8225
0 14.13 26.9 1.1993
0 13.76 25.62 2.427
0 12.24 24.66 1.8243
2.1 10.43 21.03 1.9794
14.375 11.33 19.52 2.1133
13.825 9.38 18.06 3.6444
4.35 8.61 14.83 0.6817
0.125 6.3 19.13 0.9772
0 9.67 21.61 1.1284
3.65 11.26 23.6 1.2796
4.4 13.24 18.82 1.6243
1.275 14.17 22.88 1.7904
0 10.81 24.88 1.094
0 13.13 28.25 0.8563
0 15.59 28.98 0.6808
0 14.26 28.87 0.9525
0 14.24 24.38 1.0694
0 12.93 26.87 1.5409
0 13.16 28.33 1.2665
0 12.57 22.83 1.2403
0 11.92 24.48 0.8817
0 10.88 25.05 1.0494
0 13.27 26.57 2.3351
0 13.89 27.32 1.4632
0 12.31 25.58 1.4604
0 9.37 20.82 1.4547
0 5.78 20.2 2.6711
0 10.03 21.56 2.8966
1.075 10.24 22.52 1.6644
0 9.29 23.24 1.1367
0 10.82 23.98 2.068
0 11.5 24.58 0.8354
0 8.73 22.74 3.8513
0.75 7.49 22.72 4.0065
0.95 6.55 21.12 3.0953
4.575 4.32 13.81 1.6876
4.8 2.94 12.04 0.7076
1 3.75 11.19 1.3609
0 1.4 11.61 0.8193
0 4.31 14.6 1.9127
0 5.76 16.99 2.9369
1.25 4.84 20.99 3.2157
1.15 8.18 18.85 3.7463
0.225 8.78 16.25 0.6114
0 8.62 17.68 0.3753
0 8.05 16.89 0.9597
0 7.38 17.19 0.7453
0 6.86 18.71 0.8626
0.65 7.62 18.37 1.203
1.3 5.99 14.69 3.2423
2.45 3.13 11.67 2.1474
1.05 5.88 12.65 4.0062
0 4.44 14.67 2.0474
0 5.14 15.15 3.0776
0.125 4.98 14.39 4.3743
0.45 8.06 12.86 2.0461
0.05 6.31 14.21 0.7115
0 5.24 15.14 2.6273
0 4.94 16.24 2.2412
0.25 3.69 14.4 0.8683
0.275 3.32 11.45 1.478
0.075 3.42 15.62 4.1476
0 3.84 17.71 7.3724
0 4.08 15.88 3.4024
0 1.56 15.17 3.9554
0 2.46 13.7 2.5795
0 1.22 13.88 3.4212
0 2.78 13.87 2.9011
0 1.39 13.43 2.9851
0 1.81 14.05 2.948
0 1.84 14.96 4.0866
0 2.3 14.8 2.893
0 2.8 11.85 0.4717
0 3.27 11.77 1.4076
0 2.22 12.93 1.3727
0.825 1.26 12.72 0.8441
0.575 3.68 10.94 0.6462
0.05 1.84 11.23 4.8259
0 1.41 14.39 4.3632
0 3.05 13.51 2.4264
0 2.33 12.03 4.1503
0 0.92 11.92 3.9549
0 1.3 12.01 3.2201
0 -0.4 11.42 4.5005
0 1.12 12.14 3.8681
0 0.78 12.87 4.7862
0 0.89 13.89 3.3263
0 0.83 14.38 1.1622
0 1.32 12.37 1.0704
0 4.72 15.58 0.9965
0 4.9 13.47 0.8291
0 7.82 16.61 1.4642
0 3.73 11.91 2.3375
