0.425 2.72 8.55 1.3316
1.7 4.5 9.53 1.3647
19.3 1.61 11.19 2.0316
23.05 0.57 9.92 3.3306
7.3 4.29 10 2.094
0.25 1.46 9.17 0.4686
2.025 4.46 10.61 1.4031
1.175 4.72 10.02 0.8908
0.7 4.52 11.2 3.6761
0.4 0.54 12.12 3.4738
0 4.55 11.51 2.6455
0 6.24 12.17 5.1314
0 4.72 14.31 4.2085
0 3.5 15.37 4.1546
0 3.01 12.42 3.7897
0 2.85 12.72 4.8472
0 1.82 13.47 4.1391
0 2.96 15.45 4.7512
0 2.1 16.16 5.0118
0.125 4.18 12.49 3.5212
5 4.55 11.47 2.6698
13.8 7.12 13.76 1.9964
12.05 8.5 12.86 1.6268
4.025 5.39 15.54 1.9571
1.375 7.57 14.12 3.1947
9.675 -0.58 11.55 1.2756
5.75 3.55 12.59 1.0459
0.65 2.03 11.03 1.2498
0.45 1.7 9.66 3.8734
3.05 2.73 11.83 4.3889
1.8 4.61 11.9 2.5554
0 4.49 16.95 2.8338
0 4.79 19.07 4.1336
0 5.57 23.12 3.9885
0.275 7.9 19.75 3.1751
2.175 8.84 15.15 2.9611
1.925 8.71 15.32 3.1498
2.1 7.01 15.26 2.6221
2.25 5.72 14.63 1.0323
1.45 1.82 11.58 2.954
4.825 0.62 11.46 0.4302
6.075 3.68 12.16 2.8415
11.5 3.86 10.92 1.2072
10.125 2.47 9.44 3.2587
2.35 5.26 12.58 4.127
7.425 6.61 12.64 6.8564
13.65 4.69 13.16 5.4367
8.075 6.63 10.73 4.5137
0.825 6.16 15.13 1.8554
0 4.72 18.29 3.6212
0 5.38 17.61 2.7538
4.6 6.26 17.52 3.6278
8.075 9.94 15.68 4.3635
3.95 11.55 17.19 3.3205
0.425 7.56 17.01 1.8711
1.375 7.74 17.03 1.8483
0.975 6.9 17.5 2.7373
0 4.04 15.65 0.5363
3.375 7.1 18.99 3.6424
11.25 11.2 17.45 3.5086
14.1 10.91 17.73 4.8904
11.65 7.64 13.86 5.2337
5 5.1 13.31 2.6135
0.025 4.04 14.53 1.2117
0 4.54 14.35 1.9514
0 2.99 15.35 0.4364
0 4.75 16.92 1.5238
0 2.13 12.41 2.7894
0 0.59 14.06 0.874
0 2.8 16.26 0.7165
0 4.47 18.17 1.7779
0 4.56 19.18 1.7164
0 4.98 15.23 1.4794
0 6.52 18.9 3.0123
0 9.11 20.13 3.5541
0 8.01 19.2 0.9299
0 7.36 21.76 1.2705
0 9.57 24.13 1.7293
2.7 9.68 22.89 1.3304
7.675 7.78 20.59 1.6577
4.65 3.35 13.59 3.6991
0.075 1.55 14.77 2.3495
0 4.44 18.51 1.9559
0 7.58 20.2 1.0947
0 8.13 22.68 2.0314
0 9.35 24.04 1.727
0 11.81 25.2 1.5334
0 7.75 18.77 4.0925
0 5.37 18.69 2.4128
0 8.2 20.76 0.8276
0 7.97 22.98 3.1758
0 8.19 21.35 2.8101
0 5.04 17.66 5.1216
0 3.39 19.03 1.9491
0 8.82 23.42 2.4556
3.75 4.42 27.72 1.7676
5.2 8.14 24.12 1.0676
6.725 8.63 17.69 3.0178
6 8.68 13.18 2.0397
2.725 8.3 16.16 2.3192
0.05 6.58 18.42 3.4827
0 7.1 21.42 1.441
0.1 8.45 21.93 2.7788
0.1 5.75 20.06 5.5698
0.025 2.41 16.23 5.4459
0 4.12 18.93 2.7727
0 6.16 23.41 1.7333
0 10.01 27.07 2.1199
0 14.63 30.97 2.319
0 14.86 32.37 1.4588
0 17.75 33.3 1.251
0 15.49 33.55 1.6056
0.2 9.55 30.02 2.1637
0.2 7.14 19.85 2.9022
0.075 4.24 21.37 3.0958
0 5.62 21.73 2.004
0 6.41 19.93 2.209
0 4.62 17.42 2.9698
0 4.04 19.72 1.7766
11.8 5.91 22.63 1.8089
13 11.3 20.99 2.0036
7.3 11.86 18.22 2.9072
3.35 11.37 19.64 4.0033
3.7 11.9 23.9 2.178
2.475 13.2 25.19 3.9689
0 10.98 26.32 1.8568
0 13.15 25.93 3.0318
0 10.89 27.59 2.2086
0 11.94 29.02 2.1107
0 11.81 29.72 1.7599
0 12.11 29.44 3.0496
0 8.97 26.25 3.4259
0 10.68 27.52 2.9771
0 11.59 28.26 2.7682
0 12.5 30.65 2.4719
0 15.52 36.32 1.5639
0 19.76 38.95 0.2515
0 17.4 36.06 1.9048
0 14.44 30.97 2.2722
0 12.05 29.53 1.2406
0 11.9 32.16 1.0661
0 13.3 31.52 2.2846
0 9.82 28.6 2.9312
0 9.29 25.75 2.7395
0 10.24 29.41 2.3693
0 13.85 33.18 2.0672
0 18.02 35.95 1.1345
0 16.58 35.44 2.0819
0 15.36 29.73 2.5254
0 11.97 28.97 2.804
0 11.71 29.19 2.3932
0.425 11.99 26.93 2.4957
1.35 13.08 26.04 2.4023
0.875 14.31 29.4 0.6993
0.725 12.21 24.73 2.2225
0.175 11.91 21.47 3.021
0 11.25 25.44 1.9693
0 10.63 27.66 2.5676
0 12.17 28.1 2.5281
0 10.7 25.39 3.3196
0 12.86 24.37 3.0226
0 11.25 26.59 3.2781
0 12.2 27.04 2.5685
0 13.33 25.6 3.4022
0 12.17 26.67 2.2894
0 11.7 26.77 2.4641
0 13.19 29.63 2.7703
0 14.25 29.74 3.2684
0 15.29 34.14 2.4775
0 15.96 33.46 3.2793
0 12.18 28.9 3.4697
0 10.32 27.14 3.5721
0 12.94 31.46 2.0577
0 17.88 35.98 1.1222
0 18.03 36.36 1.8588
0 15.28 33.55 2.7446
0 14.18 34.62 1.7557
0 18.14 39.73 1.2056
0 20.28 42.46 0.9704
0 19.89 40.89 2.5696
0 16.4 38.26 2.459
0 16.53 35.71 2.2356
0 16.66 35.2 1.9997
0 17.24 36.65 2.7956
0 15.64 33.23 2.5803
0 12.56 30.86 2.7765
0 10.95 31.29 2.4985
0 12.93 31.38 2.5968
0 14.45 32.45 2.8456
0 14.5 32.58 2.7905
0 15.07 32.65 2.343
0 17.36 32.13 1.9989
0 18.3 33.53 2.4821
0 13.87 36.33 2.1384
0 19.71 38.86 1.3141
0 20.46 39.98 1.3821
0 19.06 39.9 1.7183
0 20.78 40.09 1.5713
0 21.69 41.4 1.8846
0 22.47 42.23 1.6079
0 20.36 37.89 2.4154
0 17.68 35.79 2.5761
0 16.72 35.3 2.5572
0 15.47 35.47 2.1637
0 13 32.12 2.2614
0 12.29 34.5 2.3991
0 17.8 38.34 2.0683
0 19.03 39.97 1.8374
0 16.83 35.4 2.2111
0 15.11 33.18 2.9217
0 14.46 32.43 2.7001
0 13.9 33.06 3.1061
0 15.79 33.91 2.8894
0 13.38 31.71 3.1463
0 12.93 30.3 2.6443
0 14.25 32.76 2.36
0 16.17 31.38 2.3745
0 14.66 26.35 3.0048
0 13.15 28.56 1.8577
0 15.12 32.88 1.8544
0 19.39 35.7 1.265
0 21.12 38.55 1.377
0 19.8 36.51 3.0374
0 18.09 37.83 3.1066
0 18.53 35.46 3.3346
0 15.57 31.57 3.0993
0 14.83 34.19 1.8302
0 18.1 35.87 0.9779
0 18.95 35.79 1.0445
0 17.45 37.03 0.8103
0 17.82 35.61 1.3146
0 13.83 33.18 2.5292
0 15.32 38.27 2.1993
0 20.53 37.65 2.1071
0 16.3 32.31 2.6447
0 13.66 32.12 1.6659
0 15.35 33.67 1.5661
0 16.69 35.07 0.5439
0 16.02 37.59 1.7844
0 19.56 38.39 1.993
0 20.04 39.78 1.9806
0 20.56 36.76 2.4696
0 17.29 32.29 1.6528
0 16.36 35.66 0.8771
0 20.25 37.77 0.6442
0 19.94 38.61 2.0718
0 17.34 34.61 2.4883
0 13.98 30.6 2.193
0 14.21 28.31 2.3923
0 13.75 30.82 2.2903
0 14.51 32.37 0.9307
0 16.26 34.16 1.2632
0 18.01 37.12 0.6743
0.05 20.54 38.2 1.1819
0.075 16.72 34.27 1.9928
1.025 13.22 25.69 2.1762
1.075 14.9 25.12 2.6432
0 13.58 28.47 1.8448
0 15.96 31.54 2.0506
0 16.6 33.81 1.3386
0 18.85 37.56 0.7267
0 19.41 34.5 1.8546
0 16.15 34.82 0.9232
0 18.52 35.95 1.8815
0 19.76 37.51 2.0109
0 20.19 36.64 1.2001
0 19.54 36.09 0.7757
0 17.97 36.52 0.682
0 19.97 38.32 1.0348
0 20.72 38.17 0.2418
0 17.59 35.15 1.8405
0 12.97 26.41 2.7185
0 8.58 23.88 2.5878
0 9.97 26.7 2.3647
0.275 13.24 28.85 1.1013
0.3 10.13 24.28 3.3767
0.225 7.11 20.34 3.3193
0 8.05 21.12 0.4491
0 9.68 24.32 2.4776
0 11.16 25.92 1.047
0 9.39 24.56 1.3013
0 9.89 25.9 0.5852
0 10.45 25.44 0.686
0 8.57 21.3 1.8803
10.625 10.24 19.92 2.1871
11.6 12.85 17.73 7.2101
4.8 15.92 22.04 4.4934
0 16.73 26.47 1.4208
0 15.55 25.88 2.2959
0 16.15 28.56 1.3853
0.65 12.69 25.58 1.677
0.625 10.48 21.08 1.9983
0.075 7.34 19.91 1.0505
0 10.52 22.41 1.0803
0 11.09 23.5 1.0625
0 13.36 25.57 1.5109
0 13.52 25.08 1.4028
0 10.61 24.29 1.5965
0 14.2 27.32 1.0921
0 10.56 22.34 5.183
0 7.68 17.02 4.8478
0 4.92 18.51 0.8877
0 8.87 21.84 0.366
0 8.99 22.71 0.9227
0 10.06 23.55 1.0228
0 11.14 25.08 1.2774
0 10.76 26.34 1.2884
0 11.22 24.93 2.0613
0 10.73 21.73 2.8233
0 9.85 22.08 0.9571
0.025 8.9 18.77 1.7748
0 5.25 18.45 1.9343
0 7.61 18.7 1.1442
0 8.56 18.7 0.8214
0.725 10.57 18.76 0.7545
0.525 7.44 16.77 2.1326
0 4.6 14.71 1.3113
0 5.41 16.19 1.0883
0 5.31 18.15 2.5879
0 5.86 19.35 1.8701
0.7 5.59 19.32 1.2697
0.475 5.95 15.12 2.2938
2.75 4.46 16.3 2.2189
2.325 6 15.06 3.7243
0.025 3.32 12.82 1.1064
0.025 5.66 16.28 0.547
0 3.62 14.22 1.847
0 5.62 17.88 3.2277
0 6.06 19.53 3.548
0.625 8.12 20.64 2.2318
0.8 6.84 18.93 1.344
0.175 5.19 17.96 5.7321
0 4.41 16.37 4.8354
0 4.7 16.6 3.7838
0 4.46 17.25 1.6412
0 3.99 15.08 2.0075
0 3.59 14.45 1.7572
0 4.7 16.36 1.8063
0.05 2.34 11.08 0.7367
7.35 0.4 10.16 1.7117
5.525 -0.1 6.51 0.5691
0.05 -1.89 7.44 0.6623
0 -1.67 7.72 1.8279
4.125 1.93 9.35 3.2843
12.05 5.06 12.47 3.058
16.775 8.49 13.04 4.151
9 7.6 11.89 3.5688
0.675 7.76 13.83 0.8986
0.075 7.88 16.08 3.6599
0.15 7.64 16.18 3.0705
0.05 5.53 11.36 2.1199
0.025 4.65 10.49 2.6164
0 5.33 11.18 4.0083
2.225 4.87 16.13 2.8905
2.775 7.22 13.94 2.0132
0.8 2.63 11.03 3.7179
0 0.23 11.38 1.9649
0.05 1.35 13.18 3.9146
0.1 2.32 15.85 4.1164
1.375 4.56 11.28 4.1488
1.775 6.07 14.25 2.365
1.25 3 9.29 3.0544
0.7 3.3 11.6 1.0557
0.6 6.3 13.73 1.4178
0 7.47 14.11 3.0165
0 9.38 14.42 2.7493
0 6.83 14.22 1.0258
0 6.1 13.19 3.7951
0 3.94 12.91 2.9542
0 3.45 9.68 2.9284
0 4.88 9.76 3.131
0.3 4.43 8.01 2.5743
0.375 5.26 12.66 2.9634
0.15 6.44 9.77 2.6123
0.1 4.6 8.41 2.6061
2.35 5.09 9.72 3.3586
8.375 7.27 19.19 5.1993
5.175 7.21 17.25 2.289
0 4.68 14.72 1.4113
0 6.68 14.79 3.2937
5.4 4.41 16.13 3.008
12.7 8.44 15.09 3.2317
16.175 8.42 13.97 5.3803
16.65 7.35 12.13 6.0956
21.35 7.3 12.18 6.8397
17.025 4.63 9.42 3.7461
7.7 3.3 8.14 3.0635
0.925 4.49 11.94 1.4427
4.425 5 10.98 2.7653
6.25 8.08 12.71 4.9311
2.3 8.62 13.97 2.8214
0.05 6.64 11.22 1.2143
3.3 5.25 14.4 2.69
3.325 6.5 16.46 3.2034
1.275 6.23 15.06 1.2455
0.025 4.84 14.95 1.0981
0 5.99 16.57 1.8952
0.15 6.03 14.85 2.3241
2.5 7.41 16.21 0.8581
4.1 8.58 15.71 3.5366
7.25 9.28 16.03 3.249
4.525 7.66 13.64 1.6985
0.775 7.03 12.69 2.2016
4.675 7.7 13.73 1.3013
3.275 7.11 12.85 1.2998
0.175 4.85 14.09 0.4866
0 7.32 14.68 1.5807
0 9.05 18.66 2.0024
0 6.43 17.61 1.0901
0 6.28 17.47 1.3191
0 7.19 18.12 1.2797
0 8.68 18.99 1.8366
0 8.73 20.27 2.338
0 8.37 19.28 0.5966
0.025 8.33 13.95 0.939
3.425 8.67 12.58 1.897
2.725 5.48 11.28 2.422
5.375 2.55 14.41 2.1437
5.525 6.15 11.75 4.0849
2.3 8.2 12.82 2.5577
4.45 6.01 16.06 1.0769
9.75 9.97 18.56 5.1554
5.2 8.26 14.66 0.9863
0.1 5.58 17.18 0.3175
1.425 9.36 19.12 2.0747
12.3 8.19 14.59 2.9608
11.275 4.42 10.62 3.4628
1.825 4.28 13.61 2.3971
0 4.21 14.14 1.3067
0 6.51 17.62 2.3734
0 6.59 18.05 0.9799
0.1 4.88 13.12 2.6932
2.075 1.68 12.53 3.42
1.475 3.58 11.98 2.0987
4.95 3.54 15.74 0.5186
5.25 6.05 13.82 2.4951
1.675 2.45 13.55 2.2908
0 3.11 16.35 2.6469
0 6.75 21.17 3.6083
0 9.39 23.3 1.3641
0 10.02 23.45 1.4174
0 8.19 24.56 3.0664
0 8.54 23.66 2.5501
0 10.06 23.36 1.7528
0 8.82 21.19 0.3472
0 8.63 19.82 1.9248
0.075 6.14 21.51 1.6183
0.175 9.11 23 1.6942
0.225 8.51 17.61 2.396
0.05 5.59 17.73 1.7683
0 5.57 21.19 2.459
0 9.49 24.39 1.2013
2.4 7.95 21.58 3.1642
6.95 7.84 15.68 4.8779
4.575 3.63 14.59 2.5302
0.45 3.62 15.77 0.6278
1.55 4.85 12.63 2.2127
11.775 4.73 13.34 1.4756
12 4.73 12.46 3.0317
5.025 4.73 15.34 2.528
0.025 3.64 16.55 0.5009
0 5.83 20.21 2.2373
0 7.74 21.13 1.4224
0 6.5 21.78 2.2898
4.85 10.41 16.79 2.1109
15.2 7.7 14.47 4.8806
9.7 7.14 13.66 4.2208
1 6.75 17.04 1.1984
0.375 5.96 18.02 0.7721
0 6.14 21.38 0.9374
0 8.7 21.71 1.2511
0 7.63 22.36 1.1913
0 8.9 24.86 1.3097
13.825 10.31 23.2 1.2457
17.1 6.79 15.75 2.4679
6.275 6.83 10.68 3.6665
0.95 7.55 16.35 2.4462
0 8.51 20.75 1.058
0 10.04 23.43 1.3004
0 9.53 27 1.1832
2.2 12.46 26.88 0.8451
12.225 8.18 22.65 4.4765
8.175 5.82 12.92 4.3957
1.625 4.46 16.95 3.2983
0.025 4.55 20.01 3.3465
0 7.09 23.63 2.1301
0 9.4 25.3 2.0022
0 11.49 28.62 1.3088
0 10.83 24.71 2.401
0 8.45 21.68 3.9263
0 6.31 22.91 2.6321
0 8.3 24.37 1.0855
0.1 8.6 22.93 2.6934
2.275 8.25 18.28 3.4257
2.625 7.3 14.63 3.103
1 5.09 16.16 3.3738
0 7.91 24.43 2.154
0.25 9.67 26.25 1.3257
0.65 12.01 27.77 0.9901
0 11.1 28.5 0.9099
0.225 11.71 26.1 1.3
0.65 10.23 22.33 2.1087
0.3 12.76 23.14 1.4989
0.075 11.4 21.89 1.4312
0.125 10.58 23.02 3.3642
0.05 8.04 19.86 4.0693
0.15 4.86 18.7 3.3871
0 5.19 19.17 4.1095
6.025 7.76 20.01 2.2046
9.475 7.97 21.43 1.7377
11.425 9.72 21.05 2.7013
6.825 8.08 19.11 2.109
2.25 6.41 20.04 2.8578
0 8.9 24.47 1.9059
0 12.39 29.95 1.4287
0 14.5 27.78 2.4507
0 13.64 25.12 3.0837
0 12.82 28.74 1.916
0 15.9 29.02 1.9551
0 16.49 29.95 2.4297
0 15.95 31.8 1.5492
0 16.57 32.22 2.358
0 14.1 29.53 3.1946
0 13.88 29.44 2.7722
0 12.82 25.35 3.3579
0 11.51 24.28 4.6013
0 12.52 26.79 5.1415
0 16.39 32.03 3.652
0 17.65 35.32 1.0594
0 17.74 35.46 1.9585
0 13.77 29.5 2.8496
0 12.07 28.85 3.4982
0 13.77 31.25 1.9601
0 10.91 29.07 2.5305
0 9.54 25.85 3.1988
0 9.37 28.17 2.9292
0 13.35 31.23 2.2907
0 16.15 33.18 1.1914
0 16.72 34.76 2.2898
0.475 14.38 30.61 2.3948
0.35 12.72 29.21 2.9493
0 14.76 33.9 2.7226
0 20.05 37.94 1.5529
0 22.16 40.11 1.9552
0 17.77 36.81 3.1082
0 16.44 32.91 3.0441
0 13.94 31.2 3.0209
0 14.22 31.59 3.1806
0 15.46 33.26 2.8878
0 16.86 37.13 1.4796
0 17.28 35.86 1.898
0 14.05 30.63 2.4704
0 13.1 32.99 2.4495
0 13.73 34.09 2.7246
0 14.38 34.79 2.442
0 16.59 38.28 1.9719
0 17.17 36.72 2.2355
0 15.89 32.09 3.1098
0 13.99 32.73 2.9826
0 15.64 35.29 1.6017
0 19.46 38.94 1.5414
0 21.4 39.02 2.7071
0 19.87 38.18 2.6187
0 19.75 38.43 2.4896
0 18.25 37.81 2.0401
0 17.3 34.46 1.938
0 13.85 31.82 2.2877
0 12.59 35.25 1.1402
0 16.82 35.56 2.4388
0 17.19 36.98 2.256
0 16.19 34.39 2.8455
0 13.4 28.73 2.9401
0 12.33 30.32 2.2185
0 12.17 31.19 2.5414
0 15.21 33.76 2.4945
0 15.77 33.91 2.6284
0 14.92 33.51 2.3428
0 16.28 34.07 1.923
0 16.39 34.66 2.3533
0 16.22 35.56 1.6544
0 16.57 34.75 2.0987
0 12.11 32.15 2.2235
0 14 33.51 2.298
0 13.63 32.69 2.5836
0 14.25 30.94 2.8444
0 13.24 31.79 2.0615
0 15.8 31.99 2.0664
0 12.68 28.65 2.2378
0 12.16 31.9 1.1514
0 16.75 33.32 1.6884
0 14.16 31.22 2.4833
0 14.05 32.69 3.0407
0 15.64 35.97 1.544
0 16.6 33.05 1.6632
0 15.56 31.37 1.6216
0 14.32 34.62 2.065
0 16.6 34.55 2.298
0.075 12.61 28.03 1.9038
0.025 12.22 29.78 2.0027
0 16.23 33.7 2.5125
0 18.73 41.06 1.7134
0 23.57 42.23 0.407
0 17.62 35.33 2.0636
0 14.78 32.14 2.348
0 12.36 28.45 2.7746
0 11.23 25.95 2.3358
0 12.37 27.38 2.5748
0 12.46 31.19 1.903
0 17.92 34.41 1.5467
0 20.4 37.82 0.3701
0 19.41 37.59 1.3408
0 18.87 36.95 1.2471
0 16.52 34.38 2.3622
0 15.75 34.4 1.5809
0 15.67 31.43 1.9846
0 13.09 22.8 2.6923
0 10.44 24.46 1.8836
0 13.2 28.8 1.0889
0 15.56 32.39 0.4727
0 15.31 32.96 1.1964
0 14.22 28.48 1.7524
0 12.13 29.39 1.5301
0 13.19 30.37 1.5761
0 13.64 31.36 1.8961
0 15.54 29.13 1.4791
0 15.31 28.3 1.2242
0 14.17 26.18 1.2422
0 12.82 28.18 1.5
0 13.33 27.49 1.5257
0 11.1 24.81 2.6664
0 11.61 27.61 1.3832
0 14.74 31.85 1.0388
0 16.85 35.05 1.1749
0 18.45 36.76 1.3598
0 18.13 38.03 1.5222
0 21.56 39.14 0.762
0 20.21 38.39 0.536
0 19.41 35.39 0.3723
0 16.81 32.52 0.8555
1.175 18.18 34.41 0.6941
0.875 14.37 28.92 1.3295
0.5 11.88 22.45 1.7909
0.125 12.94 20.96 2.0955
0 12.68 24.36 0.6142
0.125 12.99 23.01 1.9365
0 10.83 25.47 0.5522
0 12.49 27.11 1.973
0 16.04 29.75 1.997
0 15.38 30.66 2.4585
0 15.8 32.17 2.1732
0 18.58 34.27 1.3929
0 19.45 35.37 0.4416
0 18.03 33.32 0.3673
0.6 14.81 28.79 0.9164
0.65 12.65 20.61 0.9533
0.15 11.9 21.82 1.4
0 12.53 24.22 1.492
0 11.84 26.39 0.8343
0.425 11.28 22.01 1.6961
4.525 11.99 21.55 1.3221
17.875 12.38 19.17 2.1551
17.575 12.93 17.31 5.2292
4.3 10.07 18.35 3.1592
0 7 18.81 1.5777
0 6.98 20.16 2.8469
0.05 11.29 24.44 3.7587
1 10.21 21.19 2.3634
0.85 11.97 16.9 1.7878
0.1 11.28 20.41 1.3795
0 9.33 21.7 1.8255
0 10.87 23.91 2.7584
0 11.95 25.59 2.3931
0 14.27 28.3 1.4412
0.05 13.89 26.66 1.4586
6.025 12.12 23.28 2.0068
7.35 10.47 16.31 3.4475
1.725 6.49 14.65 2.3224
1.1 4.81 16.71 0.6337
0.75 7.75 16.13 1.6035
0 5.56 17.46 2.2747
0 7.68 17.99 1.3412
0 6.72 17.46 2.9905
0 8.46 19.84 1.9556
0 10.17 21.48 3.0846
0 9.09 20.5 1.7214
0 9.38 21.18 1.6467
5.65 9.66 19 1.644
13.65 6.67 13.44 1.7242
9.95 4.4 11.31 3.0305
5.325 5.4 8.84 4.3148
7.425 6.29 11.04 3.0119
5.15 2.4 10.94 3.7999
0.525 0.26 8.85 1.5366
0 0.45 10.94 2.9505
4.9 1.38 11.98 3.3834
4.225 4.46 9.65 2.5505
0.875 2.72 8.65 2.0753
0 0.26 10.68 2.5615
0 3 12.03 3.0714
0.075 2.89 14.17 2.3541
0.15 5.11 12.57 2.7729
0.35 7.66 11.79 1.3862
5.05 9.04 17.39 2.9323
4.625 10.13 19.63 3.0189
0.7 9.53 18.44 3.9019
3.6 7.37 17.77 2.1329
3.625 8.66 15.1 2.7313
1.45 11.03 16.34 1.6342
0.1 11.67 19.3 1.8843
0 10.38 16.9 0.5296
0 9.78 16.87 2.3965
8.15 9.52 14.23 1.4154
6.95 9.07 13 2.1887
1.175 4.42 12.39 1.127
8.425 3.01 12.05 2.4896
13.025 5.42 13.01 3.5364
12.7 10.12 14.29 5.0591
9.925 7.19 14.52 5.5176
1.025 7.34 10.51 3.2572
4.1 7.06 13.29 3.3992
3.25 8.94 14.25 2.062
0.15 7.38 14.19 0.6518
7 6.26 15.71 3.436
8 6.59 15.88 5.688
1.675 7.39 14.85 2.4806
5.45 5.96 12.53 0.7542
10.275 7.12 11.57 2.3803
6.625 2.5 10.25 4.4427
0.4 -0.54 8.9 2.1685
3.1 0.54 8.94 1.6038
11.775 4.23 10.39 4.692
7.65 6.36 9.96 4.6436
1 4.54 10.52 2.2942
3.225 3.22 11.79 2.8542
0 2.15 10.96 3.5508
0.1 0.02 5.32 4.4393
0.05 1.05 4.13 2.9082
0.05 1.41 5 1.2155
0.025 0.42 4.12 1.6259
0 -1.03 7.87 2.8385
0.175 2.83 10.75 3.6196
0.975 5.58 13.38 2.8463
0.95 4.99 13.83 1.6673
0.2 7.89 12.63 1.1352
0 5.92 13.45 2.7084
0.1 7.78 10.19 0.6689
0.05 7.37 10.56 0.6101
0.025 6.94 12.86 2.5417
0 4.15 11.81 1.7704
0 5.35 16.25 3.8907
0 4.25 17.46 3.3996
0 5.89 16.63 2.964
0 5.51 17.93 4.0924
0 5.35 16.6 1.5661
0.1 5.45 16.05 1.8768
0.15 3.39 14.42 4.9117
0.1 2.75 13.52 3.72
0.05 2.4 12.09 1.7355
15.875 3.55 12.32 0.6789
10.625 5.29 11.48 1.6722
2.825 2.03 11.27 1.2523
0.05 3.08 14.37 1.5747
0 2.22 14.8 3.0691
0 4.31 15.19 1.956
0 4.3 15.77 2.3739
0 4.49 20.99 1.7019
0 7.7 19.91 1.9748
0 8.09 20.43 0.9586
0 3.59 16.39 2.8564
0 1.77 15.09 3.2127
0 4.38 16.09 3.4952
0 5.03 18.8 3.6964
0 5.97 21.08 3.0468
0.175 6.33 20.32 1.1554
0.75 5.91 16.12 4.4242
13.525 10.12 16.26 5.4684
17.775 4.95 11.75 5.5553
19.65 3.62 9.41 5.0326
13.925 4.3 8.8 2.056
3.625 0.81 11.58 2.3323
0.5 1.15 11.99 0.4249
0 3.43 12.88 1.2385
0.125 2.28 14.01 0.6354
3.2 1.96 12.92 0.9845
13.375 3.35 10.87 2.4217
9.575 1.27 10.88 4.5181
5.1 -0.22 9.28 1.0025
3.65 -0.69 12.12 0.411
0.175 2.8 14.91 2.4849
1.575 1.95 16.13 2.1296
2.35 9.54 17.53 4.3154
0.875 8.68 17.32 1.5983
0 6.25 18.12 1.4825
5.775 8.49 19.09 0.6008
5.85 9.7 14.11 1.8132
2.3 7.69 14.65 3.9866
0 5.63 16.32 1.0381
1.525 7.9 17.46 1.5982
0.475 8.51 18.11 1.2394
0.15 7.16 16.81 1.186
1.25 6.77 17.39 0.441
2.85 8.23 17.86 1.9724
4.925 11.02 20.81 1.7912
7.775 10.43 20.01 2.2392
3.75 7.08 16.8 2.5105
9.075 4.06 15.86 0.8933
11.075 4.12 14.34 4.1741
14.625 5.86 11.33 4.7974
9.525 6.73 11.07 4.9392
1.475 5.32 12.99 2.1415
2.65 5.32 14.68 1.8223
14.05 6.99 11.53 5.5758
12.9 5.3 9.69 5.6565
16.5 5.32 12.92 3.9552
8.5 5.94 11.27 3.312
1.35 5.75 15.34 1.6785
0.475 6.86 16.53 0.7456
0 6.61 19.59 1.2965
0 8.34 23.65 1.9013
0 10.59 25.35 2.6061
0 13.23 27.22 2.0684
0 10.58 20.82 1.4618
0 6.19 19.7 2.264
0 8.27 23.36 1.7854
0 11.29 22.83 1.727
1.5 8.3 20.85 2.0257
1.4 3.71 14.74 3.5397
0.1 1.69 13.61 1.884
0 2.7 17.09 1.3067
0 4.42 18.51 0.3887
0 6.45 18.53 1.6127
0.6 5.45 19.42 1.5955
0.425 5.79 15.55 2.544
0 4.09 18.26 0.5446
0 6.2 21.12 0.8195
0 9.33 24.06 1.2715
1.75 10.72 24.67 2.0247
1.325 11.9 19.86 2.4877
0.525 12.7 20.36 1.2659
1.825 11.64 22.53 1.9517
1.05 10.02 19.34 1.8272
0.225 7.31 20.2 0.8359
0.275 9.38 20.69 0.7575
1.15 10.38 20.68 1.8782
1.175 9.03 21.22 2.3091
0.35 7.09 20.22 2.4505
0.075 6.64 23.28 1.1745
0 7.58 22 2.181
0 5.33 19.64 4.5241
0 5.62 22.74 3.4457
0 9 25.78 1.6021
0 11.66 28.2 0.5275
0 9.91 25.69 1.3586
0 10.38 31.52 2.9758
0 15.04 33.05 1.0502
0 11.94 29.96 1.5078
0 9.17 24.96 1.7923
0.25 8.27 18.36 2.6795
0.4 6.16 19.17 2.9757
0.15 7.72 25.1 2.5021
0 8.59 25.53 1.7225
0 9.27 26.55 1.3467
2.025 10.46 26.71 0.9675
13.475 8.35 18.27 2.7338
10.65 7.27 14.99 2.6976
8.825 6.02 16.41 1.9527
7.4 9.21 14.05 3.3743
2.825 8.91 18.84 2.021
0.175 7.74 24.3 2.7017
0 11.15 26.06 1.6621
0 12.97 25.68 2.3358
0 9.62 23.78 3.4153
0 7.98 21.97 4.5443
1.65 8 23.73 2.4423
2.425 9.94 18.96 2.7254
0.1 8.07 21.46 1.8452
2.425 8.41 21.7 2.972
1.9 8.13 19.05 3.8299
1.075 7.27 20.24 4.5331
0 8.83 21.61 2.6564
3.1 10.12 21.96 2.5021
2.025 9.51 18.34 2.448
0.75 8.92 20.36 1.5555
2.425 8.29 20.43 0.9254
11.7 12.46 18.57 3.7429
10.5 12.87 22.67 0.8375
2.65 11.63 20.18 3.3771
0.05 11.03 23.89 2.1996
0 12.15 26.86 2.8472
0 12.84 29.24 1.7268
0 14.48 28.99 2.934
0 12.04 25.57 3.2404
0 11.84 28.08 2.8428
0 14.49 31.28 2.7017
0 16.21 34.18 2.5113
0 18.76 34.43 2.4663
0 16.66 31.01 2.6709
0 15.19 31 1.8723
0 15.69 31.11 2.8348
0 15.18 31.7 2.6084
0 18.24 35.57 0.9699
0 20.9 38.48 0.9269
0 21.14 38.3 2.5249
0 16.94 33.79 2.4582
0 14.21 31.43 2.4321
0 14.3 31.75 2.6098
0 14.65 32.69 2.5976
4.9 16.69 33.34 2.6482
7.425 15.24 26.08 2.4332
2.2 12.36 23.23 2.5213
0 12.77 28.88 2.4769
0 15.33 34.28 1.8619
0 19.35 37.25 1.5682
0 19.96 38.45 1.5374
0 19.74 38.61 1.6778
0 20.64 39.49 1.5353
0 21.67 38.09 2.4277
0 19.82 36.84 2.6515
0 19.33 36.75 1.8347
0 17.42 35.05 2.4119
0 14.9 33.14 2.3845
0.075 13.99 30.17 2.559
0.05 12.34 28.77 2.734
0 13.52 27.42 3.16
0 11.83 27.16 2.7979
0 12.51 27.66 3.4393
0 12.75 27.28 3.1768
0 14.26 28.58 2.1098
0 14.16 30.34 1.2397
0 14.7 31.83 2.1034
0 17.81 34.99 1.9251
0 17.92 35.56 2.4097
0 18.64 35.55 2.8057
0 17.62 34.6 1.9809
0 14.93 33.77 1.9924
0 14.4 33.36 2.1639
0 15.51 33.91 2.0808
0 16.78 35.63 1.7152
0 17.73 36.69 1.667
0 18.68 34.97 2.4168
0 16.27 33.21 3.1725
0 14.96 33.5 2.0806
0 16.14 33.94 1.5356
0 16.41 36.02 1.8035
0 17.28 34.76 2.1497
0 14.24 30.95 3.1312
0 14.66 32.94 2.4989
0 16.48 33.16 3.131
0 15.44 32.03 2.6616
0 15.44 33.78 2.0641
0 15.97 34.72 2.1737
0 17.87 34.71 2.2176
0 16.94 33.39 2.6645
0 15.77 33.82 2.0739
0 19.22 35.2 1.5554
0 17.11 34.69 2.2691
0 17.01 33.8 1.5802
0 15.67 35.12 1.4852
0 17.17 34.71 2.0338
0 17.5 35.54 1.9913
0 16.02 32.11 2.7642
0 13.08 30.48 2.1732
0 12.53 31.54 1.7723
0 14.11 32.6 1.4518
0 17.46 36.11 1.0936
0 20.12 36.14 1.9128
0 17.43 34.96 1.2209
0 17.82 36.84 0.8294
0 18.56 36.08 1.0868
0 17.72 36.86 1.4246
0 16.78 35.55 2.0065
0 14.79 32.7 1.8112
0 14.57 32.89 1.8179
0 15.41 34.52 0.8096
0 18.81 36.66 0.6787
0 18.51 35.5 0.6849
0 17.32 33.97 0.9778
0 16.43 33.71 1.9124
0 17.7 36.46 0.8769
0 20.1 36.48 1.0767
2.5 18.3 35.36 1.1924
1.45 16.77 36.14 1.6082
0 20.21 37.53 0.6607
0.025 16.77 29.14 1.782
0 15.27 30.84 1.8167
0 16.84 33.04 1.0333
0 17.66 33.12 1.713
0 15.31 30.97 2.4063
0 13.98 27.97 1.6972
0 13.17 29.4 1.9081
0 16.76 32.31 1.0385
0 18.96 35.12 0.6704
0 20.24 36.64 1.1995
0 19.01 36.64 1.0337
0 18.47 36.52 0.9298
0 21 37.95 0.8523
0 15.64 32.77 1.4971
0.025 14.15 24.14 2.1754
0 13.28 27.2 2.0308
0 14.74 30.92 1.3217
0 18.6 34.7 0.6387
0 17.65 35.73 0.771
0 15.22 28.09 1.1584
0 14.88 26.67 2.4297
0 13.38 25.84 1.8016
1.675 11.6 22.25 1.97
11.425 12.6 20.62 2.0766
10.75 10.59 19.22 3.5967
3.375 9.73 16.6 0.6463
0.075 7.43 21.15 1.0229
0 10.78 22.95 1.0681
2.725 12.32 24.85 1.3125
3.45 14.35 20.12 1.6204
0.95 15.22 24.46 1.7832
0 12.02 26.1 1.1303
0 14.1 29.44 0.9303
0 16.67 30.16 0.7645
0 15.48 30.02 0.9308
0 15.38 25.63 1.0084
0 14.14 27.8 1.4971
0 13.9 29.56 1.1774
0 13.41 24.21 1.3287
0 12.83 25.67 0.9677
0 12 26.22 1.1688
0 14.06 27.79 2.3003
0 15.01 28.58 1.3684
0 13.25 26.76 1.3649
0 10.33 21.82 1.482
0 6.93 21.36 2.5512
0 10.72 22.83 2.7848
1.7 10.71 23.65 1.5976
0 10.51 24.44 1.1633
0 11.62 25.2 2.0655
0 12.31 25.8 0.998
0 9.97 24.04 3.8828
0.5 8.1 23.92 3.9722
0.45 7.47 22.19 2.9437
3.2 5.54 15.24 1.6674
3.325 4.18 13.34 0.6975
0.675 5.13 12.63 1.3088
0 2.55 12.76 0.7963
0 5.49 15.9 1.8533
0 6.45 18.28 2.9113
0.9 5.58 22.12 3.3061
0.775 8.85 19.72 3.8502
0.125 9.93 17.31 0.5911
0 9.34 18.68 0.4245
0 8.73 18.26 1.0538
0 8.49 18.37 0.8142
0 7.96 19.77 0.8497
0.45 8.37 19.7 1.2082
0.925 7.13 16.19 3.1812
1.7 4.19 12.96 2.1124
0.7 6.61 13.92 3.9997
0 5.51 15.78 2.0971
0 5.96 16.38 3.1805
0.1 5.99 15.61 4.5046
0.475 9.35 14.02 1.9698
0.05 7.49 15.34 0.7061
0 6.09 16.05 2.576
0 5.99 17.06 2.2333
0.175 4.8 15.1 0.8243
0.175 4.06 12.23 1.4268
0.05 4.6 16.53 4.2373
0 4.83 18.87 7.2125
0 5.36 17.18 3.3693
0 2.85 16.52 3.9251
0 3.39 15.1 2.5055
0 2.34 15.1 3.4119
0 3.59 15.02 2.8566
0 2.3 14.6 2.852
0 2.33 15.12 2.7931
0 2.25 15.93 4.0081
0 3.2 15.8 2.8215
0 3.97 13.07 0.3747
0 4.29 12.93 1.3642
0 2.98 13.72 1.3376
0.6 2.12 13.77 0.8226
0.4 4.79 12.19 0.6227
0.025 3.01 12.45 4.6994
0 2.16 14.98 4.2948
0 4.31 14.6 2.3207
0 3.34 13.07 4.0034
0 1.69 12.8 3.8473
0 2.14 12.97 3.1172
0 0.79 12.53 4.5094
0 1.59 12.83 3.8367
0 1.79 13.99 4.7114
0 1.9 14.92 3.2905
0 1.15 15.04 1.1164
0 1.83 13.17 1.0823
0 5.36 16.28 0.9835
0 5.86 14.46 0.8218
0 9.06 17.63 1.4564
0 5.02 13.16 2.3187
