0.8 -2.79 11.54 1.6459
6.55 0.2 8.32 1.1273
3.475 -1.82 9.56 1.6878
1.175 -4.43 6.16 3.9243
2.5 -4.12 6.58 1.8093
1.025 1.02 4.11 0.4165
0 0.9 8 1.5189
0 2.33 10.28 0.8472
0 0.57 13.53 4.3248
0 0.42 12.13 3.5165
0 1.29 14.86 2.4821
0 1.88 16.24 5.4714
0 4.43 17.25 4.0363
0 1.14 18.59 3.6318
0 2.02 19.1 4.0039
0 0.71 19.81 4.9684
0 1.95 17.94 4.2399
0 2.1 17.33 4.7123
0 2.54 17.92 4.8515
0.1 1.57 17.12 3.4291
12.275 3.56 17.57 2.7364
24.475 6.44 16.55 2.15
46.575 5.24 11.88 1.6871
41.7 6.39 10.99 2.2942
11.975 2.05 9.23 3.42
2.3 -3.18 3.15 0.9223
0.325 -4.38 5.35 1.3087
0 -3.3 7.55 1.6207
0 0.13 11.24 4.1795
0 0.96 15.65 4.4693
0 3.03 17.28 3.0668
0 2.7 16.7 3.04
0 1.35 14.05 4.0076
0 1.04 18.26 3.8056
0 4.01 19.82 2.9974
4.325 4.95 18.69 2.6796
6.125 3.54 9.72 3.1202
2.075 1.7 9.06 2.7534
14.9 1.55 10.49 1.375
8.975 -1.86 8.89 3.5164
2.6 -6.55 4.24 0.3976
7.85 -4.63 5.58 2.4981
4.675 -1.09 6.01 1.4137
13.25 -1.32 6.57 3.0306
7.35 -0.87 4.25 3.4962
2.275 0.7 6.45 6.0428
17.4 1.29 6.08 5.5792
13.425 1.27 5.19 4.4996
2.3 -1.19 3.76 1.4096
0 -1.75 8.76 3.5192
0 -1.01 12.95 2.7314
5.275 -0.38 14.18 3.8158
14.975 -0.16 12.6 3.887
10.725 5.2 8.05 2.7777
2.5 2.72 9.08 1.4273
1 3.26 14.93 1.4453
0.4 2.61 9.89 2.2336
0.025 0.67 13.56 0.3439
0.025 1.35 15.14 3.6091
8.2 4.34 16.02 2.7688
21.7 6.53 12.27 3.919
38.3 4.8 12.1 4.9014
16.6 1.12 7.03 2.7848
0.375 -2.71 6.79 0.9649
0.2 -1.65 8.3 1.8736
0 -3.11 7.22 0.3172
0 -3.59 11.38 1.4019
0 0 13.83 2.6664
0 -3.44 8.77 0.4345
0 -2.78 12.59 0.482
0 0.07 13.84 1.9524
0 0.72 16.35 2.164
0 0.9 17.74 1.2992
0 1.69 14.12 2.0966
0 3.89 15.89 2.3839
0 3.93 18.32 1.1716
0 4.56 19.73 1.3174
0 5.58 21.22 1.0355
0.1 4.42 22.03 0.8023
15.1 5.54 21.35 1.732
10.4 0.69 13.23 4.0825
0.825 -4.38 5.32 2.3421
0 -2.96 9.25 1.9031
0 -0.05 15.46 0.7296
0 0.65 17.5 2.0784
0 3.83 20.62 2.03
0 4.38 19.58 1.4145
0 4.29 21.16 3.3257
0 1.24 15.54 1.9358
0 1.36 15.78 0.4115
0 3.06 17.9 2.7705
0 4.46 20.79 2.5484
0 2.51 17.61 5.2441
0 -1.13 11.9 1.9543
0 -0.59 15.71 2.6534
0 2.11 20.02 2.1148
10.175 3.49 22.61 1.2711
13.75 2.49 17.72 2.8171
10 2.22 8.91 1.6742
3.5 2.64 10.06 2.3666
0.2 1.37 10.07 3.8107
0 2.4 14.22 1.7459
0 3.47 18 2.2511
0 4.89 18.24 4.8217
0 -2.49 10.95 5.8835
0 -1.49 9.06 3.0917
0 0.8 16.49 1.4819
0 3.5 21.19 2.6599
0 5.7 24.29 2.624
0 9.32 28.02 1.5304
0 10.9 29.69 1.2346
0 11.14 30.64 1.8974
0.05 9.31 29.6 2.4777
0.7 7.56 22.5 3.3363
0.4 0 12.48 3.5151
0 1.6 15.78 2.1378
0 3.63 18.29 2.3375
0 2.07 17.33 3.0809
0 0.94 14.69 1.7984
1.4 2.61 17.9 2.0208
58.775 6.12 20.99 1.7651
37.575 8.01 17.74 2.3573
7.725 7.58 14.69 3.4232
4.35 6.6 15.77 1.7535
0.725 9.61 19.08 3.4028
0 7.84 21.69 2.0274
0 8.06 24.58 3.0424
0 9.01 24.66 1.8754
0 8.59 25.33 1.6042
0 8.7 25.79 1.2522
0 9.17 27.3 3.0982
0 7.63 26.35 3.3401
0 7.73 24.1 2.8113
0 8.29 24.73 3.3345
0 9.97 25.62 2.0243
0 11.37 28.3 1.4028
0 14.28 32.98 0.284
0.65 15.49 34.98 2.276
0.375 14.4 34.32 2.5027
0 11.07 28.33 1.6772
0 10.08 27.09 1.1126
0 11.12 28.25 2.5168
0 11.09 28.22 3.0297
0 10.39 27.33 2.8161
0 9.43 26.43 2.1352
0 10.8 26.86 1.5342
0 12.29 29.04 1.0276
0.325 13.62 30.35 2.1562
0.2 13.26 30.33 2.5136
7.75 14.39 29.9 3.1333
4.65 12.37 28.07 2.2977
0 12.85 27.76 2.1956
0 11.9 25.58 2.3376
0.525 12.15 23.89 0.4869
8.225 9.55 23.14 2.1799
6.8 7.05 21.09 3.2668
3.375 5.75 13.79 2.1191
1.25 7.03 16.18 2.6893
0 8.05 21.49 2.633
0 9.46 23.6 3.4419
0 9.59 22.7 3.0572
0 8.13 21.34 3.4345
1.625 9.02 22.11 2.4878
1.55 10.66 21.22 3.5145
0.325 8.38 21.51 2.4363
0 8.59 22.41 2.4966
0 9.61 22.33 2.6484
0 11.59 24.06 3.1186
0 11.94 26.61 1.967
0 13.45 30.45 2.7544
0 10.49 30.02 3.255
0 8.42 25.18 3.3065
0 9.01 23.27 1.302
0 10.61 26.9 0.5995
0 12.95 30.66 1.5305
0 13.89 32.91 2.6572
0 13.24 30.94 1.8749
0 14.26 31.52 0.9112
0 15.36 35.84 0.7643
0.3 17.56 37.28 2.9155
0.175 16.94 37.01 2.8737
0 16.05 33.46 2.2755
0 16.56 34.38 1.7936
0 14.99 33.17 2.7793
0 14.36 33.47 2.4726
0 13.7 31.71 2.6802
0 13.11 30.95 2.4771
0 11.41 29.63 2.7043
0 10.85 28.75 2.6005
0 11.24 28.65 2.6234
0 11.47 29.03 1.9254
0 12.62 30.41 1.7381
0 14.62 31.32 2.1718
0 14.21 31.25 1.4383
0 14.79 33.28 0.5165
0 15.67 34.06 1.6105
0 16.78 36.29 1.8424
0 17.8 35.09 1.7678
0 18.06 37.18 2.0373
0 18.95 37.98 1.5258
0 19.56 38.74 2.4325
0 17.25 37.16 2.5257
0 16.28 35.23 2.3732
0 17.78 35.07 2.0787
0 16.72 34.61 2.0663
0 15.74 34.04 2.1352
0 15.97 34.55 1.9256
0 17.15 36.3 1.9646
0 18.34 36.65 2.3059
0 18.22 35.73 2.9505
0 18.45 34.5 2.6936
0 17.88 34.56 2.772
0 17.42 34 2.5731
0 16.53 33.72 2.8534
0 13.88 31.34 2.4068
0 14 30.56 1.8986
0 14.69 30.92 2.2141
0 12.19 29.4 2.9043
0 9.51 21.79 1.9367
0 10.13 24.12 1.5
0 13.13 29.14 0.5572
0 14.77 32.28 1.2895
0 16.7 34.32 2.9499
0 16.33 35.18 2.7144
0 15.02 33.78 3.0368
0 14.13 32.23 3.2032
0 11.58 29.98 1.5047
0 11.59 29.91 0.4716
0 13.58 31.84 0.8164
0 14.72 33.57 0.8396
0 15.76 35.74 1.3143
0 16.87 36.25 2.234
0 17.62 35.52 2.1585
2.075 17.34 36.85 2.3013
2.075 15.36 32.42 2.8083
0.5 14.13 29.93 1.5587
0 13.23 30.43 1.4869
0 12.54 31.29 0.3838
0 12.85 32.42 1.5212
0 14.3 33.18 1.3568
0 15.53 33.71 1.3182
0 15.14 35.48 2.631
0 16.68 33.94 1.6194
0 15.55 32.84 0.6414
0 15.61 33.84 0.4066
0 16.47 34.43 1.5371
0 16.01 34.3 2.3174
0 13.44 32.55 2.0332
0 12.02 30.08 1.9952
0 11.71 27.61 1.6656
0 12.02 28.33 0.4762
0 12.6 29.35 0.9682
0 14.49 31.87 0.4115
0 14.96 33.56 0.9883
0.175 16.64 35.67 1.89
0.725 14.32 31.62 2.0838
0.75 11.78 25.65 2.6182
0.175 10.34 23.4 1.6019
0 11.25 27.73 1.5397
0 13.55 30.21 0.4894
0 13.85 31.14 1.0132
0 14.56 34.13 2.025
0 13.98 32.49 1.0035
0 15.24 30.5 2.0825
0 14.62 33.95 2.2253
0 14.89 34.25 1.3046
0 13.76 33.67 0.6495
0 13.83 33.02 0.796
0 15.67 34.71 1.1755
0 14.74 35.6 0.4348
0 14.92 35.7 1.9636
0 14.49 31.42 2.4721
0 4.41 19.14 2.3811
0 4.17 20.72 2.4141
0 6.54 24.25 0.7229
0.4 7.57 25.11 3.176
0.35 3.49 21.47 3.4369
0.05 0.88 10.94 0.3204
0 1.48 17.66 2.6402
0 3.63 20.4 1.3674
0 4.99 21.03 1.3872
0 5.88 23.22 0.6899
0 6.93 23.73 0.4124
0 5.04 23.88 1.7886
8.325 6.86 22.68 1.8859
39.8 6.63 16.37 6.6977
21.075 8.4 14.5 4.2358
0.35 10.83 18.18 0.967
0 10.41 24 2.2454
0 9.86 24.92 1.0415
0 12.05 27.49 1.6651
0.625 10.05 23.04 2.1462
0.35 3.4 14.86 1.9322
0 3.8 17.3 1.0601
0 5.73 20.51 0.5916
0 6.55 21.66 1.0946
0 8.66 23.46 1.27
0 7.79 21.45 1.6537
0 7.66 22.19 1.1582
0 7.56 23.05 4.3702
0 2.46 13.72 4.8987
0 0.26 13.05 0.7319
0 0.75 13.98 0.0876
0 4.3 19.56 0.8288
0 5.48 22.06 0.8861
0 8.06 23.24 1.2324
0 7.9 24.91 1.1103
0 7.73 25.51 1.692
0 6.86 23.99 2.2499
0 4.12 18.68 0.4996
0 4.14 18.02 1.6889
0 2.25 15.64 1.8814
0 2.75 16.5 1.1052
0 3.96 17.23 0.7444
5.4 6.58 17.76 0.3259
4.875 4.96 16.47 2.0324
0.95 0.4 9.75 1.353
0 0.26 11.13 1.1617
0 0.03 12.33 2.7811
0 1.48 14.57 2.0758
0.475 3.22 17.46 1.4172
0.225 2.95 18.08 1.858
0.675 1.12 13.06 2.2696
6.8 1.2 15.63 3.4853
3.5 1.58 14.18 1.1589
0 1.66 11.2 0.4447
0 1.14 13.83 2.1276
0 2 13.61 3.6964
0 2.9 15.7 3.9438
0.95 3 17.45 2.574
2.125 3.59 18.27 1.0456
0.875 1.36 12.46 4.9024
0 2 11.96 4.8749
0 1.77 12.81 3.9496
0 1.92 15.68 1.603
0 1.12 15.28 2.0794
0 -0.14 15.89 2.0424
0 0.52 13.18 2.0986
0.05 0.29 14.05 1.2497
19.6 -1.88 9.88 2.1395
18.425 -1.69 5.65 0.8419
3.875 -8.97 1.85 0.6179
0 -8.43 1.93 1.9782
6.975 -6.18 4.42 3.2361
38.5 0.37 7.39 2.9824
61.725 4 8.11 3.7918
31.05 2.61 8.44 4.2057
3.625 1.47 5.71 0.628
0 0.2 7.03 3.2235
0 2.22 10.11 2.6294
0 2.88 11.52 2.3103
0 2.68 12.56 2.8132
0 2.61 10.68 4.1684
1.475 2.63 12.84 2.9127
13.925 3.28 14.5 1.7438
11.45 0.33 10.58 3.6775
0.1 -3.83 5.5 2.4688
0 -0.86 9.25 3.9691
0 -0.41 10.64 3.9705
7.2 -0.11 11.53 4.1318
4.725 0.7 9.19 2.0159
2.85 0.28 8.44 3.0367
9.175 0.22 8.32 0.7468
4.6 2.18 7.89 1.4782
0.025 1.11 7.4 2.5774
0 1.32 10.54 2.0535
0 1.72 10.91 1.266
0 1.4 12.94 4.0139
0 0.51 14.83 2.9549
0 1.84 14.94 2.8045
0 1.84 13.4 3.1306
0 2.33 13.7 2.657
0.35 3.73 14.62 3.0201
1.375 4.38 14.95 2.4028
0.7 5.02 11.39 2.4217
1.225 4.7 10.25 3.2164
19.475 4.11 16.2 4.4671
11.225 4.19 11.94 2.0172
0.15 -0.31 9.97 1.2802
0 0.79 11.73 3.3206
1.475 1.69 14.25 2.2495
15.575 1.74 14.55 2.6226
29.6 3.26 10.61 4.811
28.65 3.27 7.02 5.5337
32.625 1.52 5.74 6.5117
30.25 -0.16 4.59 4.0241
17.725 -0.38 4.12 3.8744
4.75 -1.65 2.69 0.9128
1.675 -2.76 6.03 2.3832
2.7 -1.34 6.07 4.0304
1 2.53 7.43 3.0482
0 0.59 10.58 1.2852
0 -0.84 11.45 2.7458
1.55 0.75 10.63 3.2402
1.2 1.96 12.48 1.3204
0.15 -2.15 10.38 1.2733
0 -2.69 10.79 1.7371
0 0.52 11.79 2.06
0 1.6 12.1 0.6194
7.2 1.98 12.61 2.823
12 3.44 11.67 3.4952
11.45 4.22 9.19 1.7137
3.825 2.12 6.57 2.6188
1.35 0.78 7.05 1.2891
1.725 1.37 8.13 2.0774
0.5 -1.01 7.22 0.6801
0 -0.46 9.65 1.1015
0 2.36 10.99 1.1808
0 1.86 14.6 1.585
0 2.41 15.87 1.5908
0 2.18 17.57 1.1169
0 3.58 16.88 1.685
0 4.13 18.04 2.4203
0 3.73 19.15 1.0856
1.05 2.27 17.04 1.2008
3.6 3.83 12.4 2.3454
13.125 2.98 10.43 3.0543
6.725 -2.28 5.51 2.119
24.425 -1.75 10.64 3.7416
18.1 1.64 9.12 2.7528
2.175 0.11 8.95 0.8098
23.35 1.27 13.49 4.4125
14.625 3.52 12.88 1.4338
0.625 1.02 7.72 0.4527
0.725 1.53 13.55 2.2489
8.275 4.1 16.09 2.6607
19 3.11 9.84 3.2374
8.425 -0.33 7.4 2.9438
0.1 -2.05 6.74 1.3124
0.025 0.12 11.07 2.4652
0.275 0.13 12.57 1.0657
2.125 2.56 12.74 2.5782
2.95 -4.43 6.46 3.8453
1.025 -2.58 7.64 2.2312
0 -2.44 6.67 0.3274
17.125 -0.32 12.99 2.0377
10.025 -0.79 12.63 2.524
0 -1.21 10.34 2.4822
0 -0.4 15.02 3.655
0 2.22 20.19 1.3424
0 4.16 21.77 0.785
0 5.02 21.6 2.8227
0 0.14 20.06 2.0902
0 4.74 22.96 1.8952
0 4.05 21.52 0.4264
0 3.65 19.37 1.5753
0 2.22 18.95 2.0019
0.675 2.24 19.79 1.9164
2 3.47 19.96 2.2595
0.925 -0.39 12.1 2.4761
0 1.18 13.64 2.6427
0 1.82 18.42 1.1137
4.025 3.78 20.19 2.3442
11.575 3.96 19.32 5.3122
5.7 0.45 8.23 2.8985
1.7 -2.71 8 0.9093
9.25 -1.09 11.6 2.1044
4.975 0.26 8.41 1.9551
29.625 0.1 8.87 2.7694
17.3 -0.33 7.25 3.089
0 -1.53 8.33 0.8872
0 -0.69 13.39 2.0994
0 1.43 18.26 0.5872
0 3.37 19.48 1.0607
1.375 4.07 18.88 2.0001
23.075 3.81 13.59 4.212
20.95 2.31 8.88 4.5486
4.325 0.41 6.61 1.0777
0 0.95 12.87 0.6935
0 2.16 14.35 0.8089
0 3.31 18.99 2.3521
0 3.16 18.91 1.5091
0 3.88 20.88 1.1393
7.3 5.34 22.57 1.672
23.325 6.42 20.25 2.533
13.875 0.88 9.88 3.1775
1.725 2.01 5.22 1.9061
0.05 3.03 8.55 1.4184
0 4.51 19.03 0.9451
0 6.18 21.37 1.3127
0 7.27 24.28 0.8105
11.675 7.77 24.37 3.8875
12.9 2.94 13.88 4.8842
3.725 -0.39 8.11 3.8619
0.075 -0.75 9.55 3.4545
0 1.36 15.26 2.0377
0 3.26 18.81 1.9773
0 4.63 22.94 0.8968
0 6.4 24.35 2.1644
0 6.19 23.15 3.7109
0 3.73 19.19 2.234
0 2.58 19.01 0.6888
0.1 4.72 21.29 2.8069
2.975 4.89 20.12 3.7481
11.7 2.99 11.57 3.0742
5.7 -1.57 9.67 3.9609
0 -0.21 12.64 2.1461
0.025 4.34 18.84 0.9371
0.025 5.72 21.96 0.6176
0 7.23 23.72 0.5066
1.55 9.45 25.42 1.2449
4.375 10.7 24.97 1.8327
2.075 5.48 17.7 1.6748
0.175 7.65 18.31 1.6468
0.1 9.06 20.87 3.4616
0.25 4.48 21.24 4.365
0.25 1.13 15.05 3.6942
0.1 1.37 11.26 4.1837
1.725 2.95 14.25 2.329
8.125 2.79 14.14 1.5152
9.525 5.75 17.28 2.8147
7.5 5.36 14.51 2.3841
2.375 2.14 12.76 3.4276
0 3.17 15.11 1.9249
0 6.05 22.21 0.6246
0 9.04 26.04 2.5409
0 12.24 25.18 2.9436
0 10.01 23.36 2.6194
0 10.9 25.11 2.6847
0 12.49 26.32 2.6715
0 12.77 26.52 2.0775
0 14.14 30.2 3.0435
0 12.5 30.58 3.1671
0 12.38 28.02 2.7069
0 11.55 27.77 3.775
0 7.8 25.22 4.7039
0 7.74 21.07 5.0051
0 10.5 22.9 3.6594
0 11.05 26.87 1.0123
0 12.32 28.39 1.7549
0 12.5 30.56 2.869
0 8.57 27.95 3.0546
0 7.71 23.9 1.3599
0 8.78 27.25 2.4561
0 8.68 25.67 3.0774
0 7.62 23.67 2.5976
0 8.81 25.66 1.7663
0 9.95 25.41 1.215
0 11.97 28.87 1.9316
0.425 13 30.11 2.1334
0.2 14.34 27.13 2.7502
0 13.04 27.38 2.5052
0 15.29 30.11 1.1086
0 17.06 34.14 1.6862
0 16.96 36.12 3.021
0 14.25 32.33 2.9507
0 11.97 30.56 2.681
0 11.19 28.8 2.8478
0 13.41 28.74 2.1905
0 11.66 28.52 0.9158
0 13.33 31.34 2.0061
0 14.17 32.72 2.6024
0 14.97 31.12 2.4381
0 14.79 31.27 2.5083
0 15.61 32.18 2.2723
0 15.75 33.09 1.8184
0 16.37 34.59 2.2167
0 17.74 33.89 3.1706
0 17.25 32.82 3.2176
0 15.95 30.89 1.9204
0 16.22 32.35 1.5645
0 17.89 35.51 2.6622
0 18.03 36.48 2.7402
0 17.77 36.01 2.5832
0 16.83 37.05 2.1706
0 16.23 35.94 2.083
0 15.93 34.04 2.3667
0 15 32.53 1.038
0 15.55 32.73 2.2827
0 15.75 33.52 2.1704
0 17.21 35.13 2.6329
0 17.72 34.55 2.6966
0 15.6 32.03 1.8843
0 13.68 31.42 2.2781
0 14.27 31.62 2.0461
0 14.21 32.63 2.2529
0 14.32 32.38 2.3004
0 13.58 31.95 2.0366
0 13.45 31.43 2.352
0 12.69 32.61 1.408
0 13.53 32.98 1.9272
0 14.16 32.71 1.9745
0 13.25 31.85 1.9942
0 13.73 31.6 2.4812
0.2 14.33 30.92 2.7851
0.1 13.77 28.32 1.9102
0 12.97 29.63 1.7835
0 13.4 30.18 2.1681
0 11.84 26.58 1.1374
0 12.59 29.63 1.5223
0 14.44 31.02 2.4598
0 14.34 31.29 2.8117
0 14.54 31.85 1.1976
0 14.67 33.84 1.5062
0 14.69 34.38 1.6397
0 13.1 32.79 1.9194
0 13.5 32.81 2.2465
0 13.94 33.82 1.7632
0 12.45 30.73 1.7364
0 12.04 29.17 2.265
0 13.7 33.82 1.9198
0 17.02 37.66 0.5648
0 18.91 38.87 2.1381
0 15.58 36.29 2.3872
0 11.39 32.01 2.7065
0 10.28 20.48 2.3074
0 8.7 21.52 2.4798
0 9.06 23.94 1.3275
0 10.16 27.17 0.621
0 13.28 31.9 0.3207
0 14.89 34.88 1.2392
0 14.99 34.91 1.147
0 15.13 34.61 2.0369
0 12.85 32.03 1.1871
0 12.93 32.03 2.221
0.025 11.6 30.27 2.7776
0.025 6.5 16.3 2.0415
0 7.26 24.01 0.601
0 7.99 26 0.61
0 11.28 30.03 0.9574
0 11.61 30.36 1.5799
0 10.75 28.29 1.3976
0 10.53 28.24 0.9984
0 10.83 28.57 1.6815
0 10.43 29.33 1.5643
0 11.03 28.64 1.4893
0 10.75 28.07 1.3443
0 9.43 24.58 1.2774
0 8.78 26.42 1.0711
0 9.34 24.56 2.6908
0 8.65 22.33 1.1746
0 8.75 26.44 0.5468
0 11.84 30.06 0.9411
0 14.79 33.62 0.5261
0 14.2 34.53 1.0886
0 16.49 35.74 0.6499
0 16.26 36.92 0.5384
0 15.55 36.04 0.3585
0.075 15.48 32.69 0.4237
4.9 15.47 29.86 1.2229
20.85 14.4 30.28 1.5214
14.775 11.63 20.96 1.5301
1.05 10.35 14.64 0.8713
2 6.86 16.04 0.7866
2.2 6.91 17 1.9694
0.15 5.47 16.64 0.8776
0 7.32 21.01 1.94
0 8.56 23.28 1.6159
0 10.22 25.91 1.4134
0 11.51 27.13 2.1616
0 12.49 29.48 1.4863
0 12.42 29.32 0.651
0 11.66 28.89 0.4949
0 11.53 28.66 1.0473
2.55 12.32 24.52 0.893
1.15 8.42 19.53 1.0429
0 8.53 18.36 1.6145
0 8.38 24.52 0.8554
0 9.66 22.61 1.9215
2.775 7.47 19.62 1.6676
22.95 8.57 18.49 1.589
49.05 9.86 12.94 4.5482
20.675 5.48 13.44 3.5115
0.075 3.57 14.52 1.7242
0 1.43 15.18 2.8462
0 -0.01 16.05 3.3158
3.125 6.71 19.83 2.1742
2.975 6.49 20.21 1.8602
0.625 4.27 11.11 0.9509
0 4.81 17.53 1.8941
0 5.73 19.96 3.07
0 7.88 23 2.8158
0 10.52 25.53 1.8852
0 10.28 25.38 1.0738
0.225 9.33 24.38 2.1304
14.65 7.72 20.41 2.983
9.45 2.37 10.53 2.6605
2.175 0.21 10.65 0.5922
1.6 1.4 11.75 1.6565
0.025 0.17 9.89 2.515
0 2.15 13.57 1.4642
0 2.01 15.37 3.0592
0 4.22 16.34 1.6507
0 5.55 18.8 2.5131
0 5.25 19.22 1.0426
0 4.53 18.26 2.0493
0 3.63 18.78 1.8646
19.225 4.09 18.22 2.5953
25.875 0.95 10.77 3.0914
20.15 -0.75 4.97 5.0861
11.4 -0.41 3.99 2.9118
13.4 0.7 5.53 3.9426
6.325 -4.45 3.2 1.1545
0 -5.17 4.43 3.2259
0 -4.85 4.39 3.3258
10.125 -1.7 8.18 2.6371
6.775 -3.94 4.85 2.6114
0 -6.8 3.99 2.3483
0 -4.86 5.07 3.076
0 -0.81 8.68 2.3152
0.025 0.18 11.92 2.636
0.075 4.81 11.39 1.4462
1.775 4.77 12.4 2.1705
19.5 4.34 10.35 2.4005
9.35 4.04 13.7 3.3509
0 2.24 11.1 2.298
4.55 3.31 14.39 1.9338
5 4.84 12.19 0.9982
1 6 11.35 1.2826
0.05 4.93 13.76 0.4395
0 3.78 14.88 2.3592
0 3.86 14.24 1.3938
23.65 3.99 13.99 1.6659
14.5 2.13 10.3 1.6255
3.925 -0.36 8.08 2.3691
50.225 -0.54 7.66 3.6214
68.825 3.04 7.86 5.3021
48.2 4.7 9.78 6.0192
20.6 2.24 11.19 2.1638
10.15 1.32 3.13 2.508
10.5 1.72 6.45 2.2746
4.85 2.34 7 0.384
0 0.89 9.06 2.9307
21.075 1.01 11.72 5.3653
12.65 0.67 11.09 1.8854
0.1 -0.28 5.97 0.9511
54.7 0.01 7.8 2.266
36.4 2.34 7.11 4.3343
2.675 -6.66 4.94 2.4749
2.35 -7.31 2.79 1.5049
19.225 -6.99 3.03 4.2519
20.6 -1.71 4.4 4.9907
9.95 -0.18 4.6 2.5743
0 -2.76 5.33 3.2964
0 -2.4 6.82 3.9244
0.025 -0.52 9.21 5.3187
0.025 -0.37 9.48 3.6482
0 -1.36 9.22 1.8847
0 -1.36 8.28 1.3548
0 -3.31 5.35 3.1521
3.375 -2.81 7.32 3.3909
4.1 2.08 9.59 2.0032
0.6 0.97 11.25 1.6871
0.425 1.86 10.31 1.3628
0 1.08 12.84 2.655
0 2.95 13.91 1.0275
0 3.66 14.13 0.8142
0 3.76 13.6 2.4515
0 2.02 13.66 1.4492
0 1.11 14.94 4.2468
0 1.26 15.31 3.8043
0 0.76 15.24 2.7211
0 2.18 17.25 3.9765
0 1.9 16.2 1.979
0 2.48 16 2.2516
0 2.6 16.04 4.9841
0 2.45 17.61 3.3931
0 2.45 17.49 1.8188
7.8 1.69 16.65 0.5014
10.525 0.98 14.36 1.8614
2.925 -0.56 6.59 1.4156
0 -0.99 9.13 1.7603
0 -1.58 11.3 3.0267
0 -1.89 11.91 2.0859
0 -0.6 12.53 2.6736
0 2.45 16.23 1.7548
0 1.41 16.83 1.9695
0 4.02 18.65 0.656
0 0.68 18.22 2.1525
0 -1.69 13.43 3.538
0 -2.61 11.98 3.8327
0 -1.54 13.39 3.9933
0 0.63 16.7 2.8358
0 1.31 19.07 1.1852
0.125 1.34 18.65 3.5152
10.625 2.66 13.15 4.1693
14.85 2.12 13.59 5.7817
24.575 -0.72 3.86 4.5276
37.6 -0.43 3.38 3.059
15.6 -0.66 5.94 3.5771
1.575 -4.41 5.18 0.8532
0 -4.41 6.77 1.1162
0 -4.48 6.49 0.4278
0 -3.57 10.25 0.4935
5.925 -2.22 9.4 2.1756
13.45 -0.1 6.67 5.5879
5.425 -5.33 3.61 0.948
0.025 -6.47 2.45 0.4033
0 -6.22 6.9 2.1614
5.325 -5.05 11 1.7238
12.125 -0.56 12.37 3.6603
8.375 3.31 11.63 1.2871
0.8 -0.49 11.55 1.4725
5.15 0.34 14.48 0.6558
23.525 2.16 16.19 1.7194
16.7 3.72 8.63 4.4207
0.2 -0.01 8.82 0.4191
0 1.13 14.44 1.4593
0 2.9 17.98 0.7521
0.3 2.52 17.11 1.349
0.175 2.43 14.27 0.7014
4.15 2.85 15.79 0.9676
2.45 4.47 13.52 1.0235
17.625 5.18 16.78 1.1365
19.15 5.19 17.95 2.3423
1.95 -0.47 11.2 1.0637
22.95 -0.97 12.46 3.3387
39.35 -0.35 8.13 4.8106
58.85 0.55 5.29 5.7061
26.75 -0.31 4.47 2.4675
7.25 -0.57 6.93 1.2139
16.925 0.29 9.22 4.9363
36.5 0.79 6.22 5.4192
23.975 -2.27 4.12 3.8085
12.85 -0.07 8.04 3.002
7.75 2.02 4.91 1.3854
0.2 2.3 10.34 0.7082
0 1.71 14.12 1.5089
0 2.76 16.78 2.2119
0 4.86 18.71 2.3572
0 6.28 23.88 1.694
0 6.73 25.97 1.039
0 3.65 20.46 1.3534
0.025 3.35 18.87 1.8313
0 4.13 21.52 1.4389
1.575 4.22 21.17 1.8044
9.925 1.64 19.68 3.4605
5.975 -3.3 5.28 1.4636
0.7 -3.37 5.07 1.4348
0.025 -2.86 10.46 0.5783
0 -0.33 15.08 1.7124
0 1.93 16.19 1.6446
0.525 2.21 16.88 2.7298
0.3 -0.53 9.06 0.6641
0 -0.37 15.65 0.7939
0 3.81 20.46 1.6774
0 5 22.74 2.3739
0.075 7.14 22.71 2.6688
0.05 8.12 19.46 1.6808
0.475 5.85 19.33 2.0295
3.825 7.58 15.33 2.2107
2.025 3.39 16.19 0.956
1.3 3.57 15.84 1.2472
0.775 5.52 14.54 2.1955
0.475 4.63 13.78 2.229
0.075 1.8 15.96 2.8229
0 3.35 17.84 0.9635
0 4.42 20.34 2.4331
0 2.86 19.45 4.6987
0 1.7 17.13 3.5872
0 2.92 19.12 1.8448
0 4.77 21.98 0.4461
0 6.78 23.94 0.9196
0 8.45 24.94 2.9508
0 10.86 27.87 0.7276
0 10.4 28.8 1.5691
0 9.24 27.21 2.0856
0.075 7.97 22.89 2.9742
1.525 3.7 14 3.2501
0.85 1.98 11.14 2.6901
0 4.47 19.5 1.8395
0 7.47 22.73 1.2543
0 7.97 24.88 0.6971
14.7 8.63 26.25 2.8366
14.8 1.52 16.6 2.6149
6.25 0.87 8.76 1.2091
24.875 2.2 11.77 3.5105
14.325 2.78 8.23 2.2985
0.95 2.28 12.45 3.2053
0.025 2.91 18.86 1.8436
0 6.67 22.93 2.1675
0 6.98 22.48 3.154
0 5.67 21.37 4.5771
0 5.06 18.54 2.564
0.8 6.28 21.39 2.6706
0.425 4.87 19.02 2.4838
0 5.24 19.2 3.249
4.025 4.91 19.32 4.2184
3.825 3.03 15.33 4.8334
0.575 2.84 14.13 2.7895
0.65 5.49 18.31 2.4802
0.75 7.51 18.96 2.8372
0.5 2.71 13.71 1.6857
0.375 3.73 16.64 0.5144
7.6 4.76 17.31 3.1253
15.25 9.73 12.9 1.0971
6.85 6.16 18.59 3.2661
0.125 5.42 14.64 2.1032
0 6.75 20.46 3.1132
0 9.38 23.99 1.743
0 10.17 26.47 2.5928
0 10.12 26.42 3.1566
0 8.9 23.62 2.7147
0 9.74 25.06 2.7407
0 11.83 27.53 1.9994
0 12.99 30.54 1.9491
0 13.08 29.83 2.6877
0 10.13 27.28 1.5814
0 11.98 27.41 2.8489
0 11.22 28.24 2.1123
0 12.71 28.62 0.4588
0 14.05 31.24 0.6439
0 15.94 34.27 2.4827
0 15.05 33.69 2.6256
0 13.09 31.53 2.6014
0 10.57 29.25 2.718
0 11.33 28.62 2.4256
0 12.25 29.43 2.4109
20.4 13.1 30.06 2.2904
11.325 10.31 25.47 2.324
0.925 8 18.88 2.3187
0 11.11 25.23 1.2319
0 13.12 30.48 0.8693
0 15.52 33.21 0.582
0 15.6 33.74 1.51
0 16.2 33.51 1.8634
0 17.31 32.83 2.558
0 17.89 33.51 2.7642
0 16.68 32.15 2.1904
0 15.88 32.58 2.5261
0 13.83 32 2.1868
0 12.72 31.04 2.2856
0 12.04 27.97 2.3885
0 12.16 27.91 3.1027
0 11.78 25.46 2.7209
0 12.14 25.01 3.2954
0 10.87 24.78 3.0879
0 11.23 25.56 1.9403
0 11.55 27.23 1.1742
0 12.34 29.15 1.8857
0 12.59 29.6 1.4551
0 13.17 30.43 2.311
0 14.1 31.29 2.7813
0 14.56 31.19 1.8999
0 15.64 31.69 1.8032
0 14.03 32.91 2.1028
0 13.43 31.67 1.914
0 13.35 31.14 1.7333
0 14.59 30.88 1.6683
0 15.6 33.84 2.446
0 16.61 34.14 3.0033
0.15 18.57 33.87 2.0535
0.325 16.31 30.84 1.3772
0 16.03 32.68 1.8394
0 15.78 33.79 2.0584
0 13.65 32.91 2.9941
0 12.51 29.12 2.3703
0 13.85 30.16 3.0062
0 13.86 29.95 2.3625
0 14.19 31.04 1.7603
0 13.7 31.85 1.8732
0 13.38 31.72 2.2323
0 13.54 31.33 2.6561
0 13.38 31.24 1.7718
0 14.61 32.46 1.2311
0 15.35 33.42 2.0001
0 13.07 31.82 1.5526
0 12.69 30.99 1.3187
0 12.92 31.59 1.683
0 13.28 31.77 1.6835
0 13.73 32.45 2.6345
0 13.15 30.64 1.9099
0 12.62 30.11 1.2948
0 11.94 29.76 1.0434
0 13.28 31.12 0.9721
0 13.81 32.6 1.9909
0 15.41 33 1.1742
0 15.53 32.89 0.6989
0 15.52 34.83 1.0072
0 16.45 34.98 1.3356
0 15.53 35.31 1.6879
0 13.78 34.07 1.7781
0 12.04 31.74 1.711
0 12.98 30.69 0.7981
0 13.58 31.02 0.6673
0 14.19 33.06 0.882
0 15.3 32.71 0.986
0 16.18 33.61 1.8079
0 14.44 32.48 0.7903
0 14.9 33.28 0.9818
0 15.15 34.19 0.9944
0.25 15.73 32.8 1.474
0.925 13.84 32.36 0.9197
1.975 14.36 31.49 1.6302
1.85 11.63 24.5 1.4984
2.575 12.74 27.56 0.619
1.075 12.51 29.17 1.3469
0 12.87 28.06 2.416
0 12.82 28.31 1.7718
0 10.72 25.66 1.6927
0 9.56 25.62 0.3891
0 11.76 29.5 0.2729
0 13.95 32.2 0.9863
0 14.69 32.55 0.5341
1.375 15.14 33.11 0.2724
0 15.35 33.77 0.5015
0 15.88 34.19 1.6033
2.45 13.05 30.06 2.2102
0.05 10.65 22.23 2.0018
0 10.95 26.1 0.6049
0 14.29 30.19 0.6327
0 14.31 30.45 1.0966
0 13.63 31.44 1.3107
0 11.64 29.56 2.1545
0 11.89 25.99 1.7644
0 10.85 24.96 1.8817
15.3 8.12 21.19 2.2119
14.85 6.98 17.3 3.5929
3.975 3.66 12.66 0.879
0.95 1.98 11.73 0.9068
0 2.08 15.63 1.2527
0 4.39 19.67 1.1229
1.175 7.47 21.79 1.4492
1.3 9.81 17.02 1.5648
0 8.96 23.01 0.9419
0 9.06 25.67 0.6357
0 12.07 27.83 0.3808
0 10.75 27.36 0.9108
0 10.78 27.06 1.2977
0 11.23 25.31 1.5756
0 11.33 26.34 1.4342
0 10.32 27.38 0.9137
0 9.95 24.54 0.6702
0 9.41 24.68 0.6784
0 9.25 23.87 2.1492
0 9.26 25.74 1.677
0 9.39 27 1.9402
0 8.38 24.17 1.3396
0 5.4 19.68 3.0239
0 3.68 18.44 3.2716
0 4.72 18.89 1.9502
0 6.02 20.61 0.9812
0 6.55 21.89 2.0543
0 7.13 23.26 0.2331
0 6.31 22.56 3.181
0 6.03 20.94 4.1654
3.725 3.5 20.89 3.5139
3.575 0.74 18.52 1.7439
5.425 -1.92 6.96 0.3916
3.1 -1.19 7.92 1.4393
0.025 -1.5 7.14 0.8453
0 -1.7 8.91 2.1708
0 0.07 11.89 3.1662
0 1.21 15 3.1365
2.275 2.33 16.59 3.7421
1.6 5.94 14.21 0.9895
0 4.66 13.48 0.2653
0 6.02 15.31 0.8258
0 2.94 15.13 0.662
0 3.1 15.81 0.9498
0 2.94 16.37 0.8019
0.1 3.2 15.96 2.9595
3.9 1.03 9.82 2.1058
3.425 1.13 8.38 4.1136
0.925 -0.76 8.16 1.7587
0 -0.3 10.76 2.4461
0 0.78 11.99 3.6375
0.05 0.48 16.24 2.1038
0.025 1.48 12.16 0.7549
0 2.12 14.19 2.867
0 3.45 17.45 2.3517
0 4.35 18.61 1.0886
0 5.39 16.98 1.6653
0 1.31 18.14 3.6148
0 0.9 14.96 8.2212
0 1.41 12.07 3.5051
0 -0.04 14.31 4.2548
0 -1.69 11.92 2.7519
0 -1.84 10.23 3.4788
0 -2.34 10.63 3.0792
0 -1.71 10.61 3.4676
0 -1.08 12.58 3.389
0 -0.54 12.23 4.2268
0 -0.21 13.9 3.174
0 -1.03 13.41 0.8806
0 -1.87 11.24 1.6493
0 -2.55 9.07 1.4553
0 -2.37 9.8 1.124
0.35 -1.86 9.78 0.8739
0.175 -1.28 8.82 5.3101
0 0.24 12.09 4.4748
0 -1.53 13.57 2.6912
0 -1.61 12.2 4.487
0 -2.34 10.33 4.3466
0 -1.84 10.9 3.4598
0 -2.43 11.34 4.5199
0 -2.54 11.9 4.0083
0 -2.08 12.32 4.9264
0 -1.37 13.82 3.4617
0 0.24 14.56 1.2858
0 0.11 14.58 1.1588
0 1.15 13.98 1.2928
0 3.51 17.22 0.9345
0 2.68 15.37 0.9898
0 0.15 14.28 2.375
