0.275 1.92 10.84 1.5375
3.325 2.45 6.45 1.0577
1.2 0.47 10.93 1.8384
0 -2.43 9.64 3.4862
0.75 0.18 9.09 1.8317
0.225 3.49 7.85 0.3358
0 1.12 7.58 1.4777
0 1.43 9.71 0.9681
0 2.02 12.52 3.987
0 -0.23 12.27 3.5175
0 -0.99 16.48 2.5317
0 -0.35 15.92 5.2716
0 0.89 18.53 4.1237
0 0.6 20.2 3.8098
0 0.41 19.98 3.8867
0 1.57 20.66 4.9
0 1.23 20.18 4.1256
0 1.3 20.64 4.6161
0 0.72 21.29 4.8247
0 1.06 20.64 3.3932
1.7 3.2 17.53 2.6732
8.575 8.7 17.04 2.0947
7.9 10.68 12.7 1.6814
2.475 9.4 15.08 2.0309
3.45 5.02 13.65 3.2414
0.675 1.61 9.17 1.0947
0 -0.87 11.18 1.1555
0 -1.13 11.81 1.5189
0 0.18 14.35 3.9571
0 0.26 16.18 4.3389
0 1.23 19.04 2.7945
0 1.88 18.12 2.8323
0 1.97 17.85 4.0546
0 2.07 20.73 3.8188
0 2.17 21.34 2.9944
2.525 6.49 19.2 2.8456
4.75 8.09 13.6 3.1977
1.75 5.74 15.48 2.6065
5.15 3.93 15 1.2455
2.975 3.16 12.37 3.1856
2.25 -1.98 10.6 0.3334
4.875 0.73 11.64 2.4999
2.325 2.43 11.47 1.3268
10.05 2.6 10.51 3.0157
3.95 3.64 9.99 3.7016
1.725 5.76 11.23 6.429
8.7 6.54 12.05 5.4852
6.075 5.99 11.04 4.5029
0.9 2.34 11.17 1.6249
0 1.33 15.6 3.5231
0 1.97 17.73 2.7332
1.95 2.09 17.16 3.6856
5 6.38 16 4.1427
5.475 10.26 15.67 3.0073
0.975 7.53 16.16 1.4926
0.4 8.04 17.9 1.5595
0.475 7.19 17.39 2.2364
0.075 3.28 16.62 0.4502
0 3.64 16.59 3.5328
3.725 7.74 17.72 3.0018
9.675 10.79 17.29 4.1865
18.4 8.53 15.89 4.9499
8 4.46 13.06 2.5974
0.025 1.17 13.59 1.0859
0 1.8 13.89 1.8651
0 0.96 13.74 0.3404
0 1.17 15.96 1.4159
0 2.46 13.89 2.7125
0 -0.67 12.65 0.6198
0 -0.58 14.85 0.5083
0 2.41 17.65 1.7769
0 2.46 18.93 1.8457
0 3.16 17.32 1.3815
0 4.63 17.63 2.2291
0 6.17 19.32 2.5948
0 6.98 19.81 1.1202
0 6.98 21.21 1.4326
0 7.52 23.28 1.3849
0 8.01 23.35 1.0634
3.225 7.31 20.51 1.608
2.8 5.55 15.83 3.8556
0.5 1.39 12.8 2.3846
0 0.81 16.54 1.9153
0 2.62 19.34 0.9941
0 6.17 22.15 2.0886
0 8.16 23.11 1.8603
0 7.84 24.2 1.4636
0 8.09 21.8 3.6007
0 3.78 18.57 2.091
0 2.52 19.61 0.6275
0 6.78 22.41 3.0088
0 6.44 22.57 2.6525
0 5.99 18.89 5.1357
0 2.57 17.73 1.9138
0 2.06 20.96 2.4614
0 4.46 25.19 1.8544
7.875 6.66 22.6 1.1875
3.775 7.46 18.48 2.6932
3.775 6.95 14.37 1.7495
2.6 7.65 15.87 2.3653
0.425 4.44 17.41 3.7181
0 5.57 20.04 1.7348
0 7.12 21.55 2.5285
0 7.41 18.37 5.1259
0 2.26 14.22 5.5943
0 1.83 17.82 2.9215
0 3.98 22.09 1.5698
0 6.73 25.36 2.3505
0 7.37 29.22 2.3826
0 11.89 32.51 1.4976
0 12.54 33.07 1.3008
0 12.33 34.21 1.7246
0 10.69 29.25 2.2107
0 8.67 22.3 3.115
0 3.11 19.61 3.3292
0 3.49 20.7 2.1464
0 5.62 21.02 2.2766
0 2.94 18.48 2.9687
0 3.28 18.43 1.8691
0 4.27 21.33 1.9856
15.675 8.22 21.91 1.7337
6.325 12.41 19.74 2.4362
0.325 12.85 19.92 3.4418
0.425 11.71 22.38 1.8014
0.225 14 24.34 3.4212
0 12.1 26.4 1.8062
0 11.08 26.92 3.122
0 10.93 26.76 2.1137
0 10.71 28.43 1.9621
0 10.94 29.83 1.5941
0 11.49 29.88 3.1392
0 9.17 27.33 3.3838
0 9.84 26.77 3.0235
0 10.91 28.8 3.2087
0 12.04 29.51 2.3484
0 13.2 33.67 1.379
0 16.51 37.78 0.252
0 16.73 37.64 2.082
0 16.11 34.31 2.2983
0 12.1 29.96 1.5005
0 11.34 30.87 1.1612
0 11.74 31.38 2.4245
0 11.59 29.82 2.9788
0 10.02 27.33 2.7776
0 9.54 28.48 2.3086
0 12.94 31.21 1.8092
0 15.01 33.72 1.1475
0 16.05 35.29 2.2186
0 15.58 33.9 2.4798
0 14.45 32.48 2.9044
0 13.87 29.45 2.3483
0 13.29 29.26 2.3685
0.025 13.38 27.71 2.3678
0.3 13.93 27.58 0.5518
0.5 12.1 26.63 2.1742
1.125 11.71 22.95 2.9915
0.975 9.73 22.68 1.9122
0.325 10.6 25.16 2.6087
0 11.45 27.37 2.6039
0 10.6 26.82 3.3689
0 11.7 25.49 2.9967
0 11.05 25.24 3.4038
0 11.71 25.94 2.5768
0.15 13.76 25.63 3.3854
0 11.51 25.63 2.3293
0 11.22 25.97 2.48
0 11.9 27.7 2.7797
0 12.94 28.4 3.2048
0 14.04 32.58 2.2488
0 15.71 33.92 2.9603
0 11 31.05 3.2945
0 9.34 27.45 3.4062
0 11.34 28.96 1.6521
0 12.52 32.87 0.7957
0 15.04 35.8 1.6592
0 14.93 35.35 2.6511
0 13.7 33.36 1.8641
0 15.88 36.86 1.0465
0 18.51 40.87 0.9016
0 19.17 41.22 2.7215
0 17.12 39.29 2.6715
0 16.66 36.84 2.2416
0 16.16 36.82 1.8767
0 15.1 36.82 2.7045
0 15 35.49 2.4511
0 14.44 32.86 2.6364
0 12.73 31.72 2.4375
0 11.64 31.96 2.5941
0 11.78 31.4 2.6733
0 12.7 30.94 2.7031
0 12.12 31.59 2.0776
0 14.89 31.91 1.8022
0 16.9 32.9 2.2454
0 15.06 33.97 1.7127
0 15.71 37.03 0.7753
0 16.84 38.06 1.5358
0 18.01 38.75 1.7223
0 18.3 39.11 1.6605
0 19.77 40.24 1.959
0 19.75 40.78 1.4795
0 19.64 39.74 2.4109
0 17.24 37.25 2.5373
0 16.2 35.59 2.4863
0 15.67 35.56 2.1217
0 14.61 33.95 2.1021
0 13.77 34.16 2.1861
0 15.34 36.21 1.9575
0 18.33 38.19 1.9849
0 18.18 37.28 2.3607
0 17.32 35.44 2.9637
0 16.6 33.84 2.745
0 15.99 34.19 2.9629
0 16.88 34.23 2.6969
0 15.46 33.37 2.8318
0 14 31.6 2.3367
0 14.3 31.71 1.9112
0 15.12 32.03 2.1453
0 13.35 28.97 2.7789
0 11.61 26.25 1.8967
0 12.43 30.02 1.697
0 14.48 33.76 0.9186
0 16.53 35.89 1.3268
0 17.84 36.38 2.9311
0 16.09 37.2 2.8456
0 16.51 35.47 3.1668
0 15.06 32.35 3.1563
0 11.45 31.76 1.6822
0 12.45 33.21 0.737
0 14.63 34.57 1.0071
0 15.29 35.24 0.869
0 15.91 35.95 1.3566
0 15.17 33.95 2.3714
0 16.09 35.77 2.1192
0 17.58 37.04 2.2062
0.15 17.62 34.74 2.5901
0.075 13.89 31.54 1.5578
0 13.35 32.6 1.4659
0 13.93 33.74 0.3875
0 14.1 35.39 1.6519
0 14.11 37.35 1.6991
0 16.41 38.14 1.5888
0 16.36 38.5 2.447
0 16.52 34.62 1.4403
0 15.96 34.76 0.6374
0 17.5 36.06 0.6061
0 18.08 38 1.8072
0 16.34 36.24 2.4637
0 12.32 32.28 2.0699
0 13.4 29.65 2.1476
0 12.36 29.08 1.9873
0 12.12 31.13 0.6783
0 13.11 32.12 1.0667
0 15.06 34.93 0.5236
0 15.25 36.79 1.1152
0.2 16.12 34.28 2.0283
0.175 13.62 29.97 1.9984
2 14.17 26.09 2.536
0.3 12.48 26.32 1.7511
0 12.99 29.9 1.8424
0 13.98 32.15 0.8828
0 14.72 34.6 0.8605
0 16.56 35.67 1.8584
0 14.68 33.31 1.0008
0 14.58 34.17 1.8261
0 15.54 35.75 2.0135
0 14.74 36.23 1.234
0 14.36 35.8 0.7132
0 14.09 35.34 0.7914
0 14.48 36.71 1.1172
0 14.91 37.3 0.3879
0 16.08 34.91 1.8272
0 14.04 28.58 2.5302
0 6.7 21.71 2.4608
0 7.4 24.7 2.3078
0 6.75 27.05 0.8567
0.025 8.41 25.97 3.2284
0 6.63 21.14 3.3408
0 4.36 19.03 0.3598
0 3.82 21.54 2.3682
0 5.78 25.26 1.1619
0 6.97 23.94 1.364
0 6.9 24.78 0.6447
0 7.75 25.34 0.4667
0 8.13 24.21 1.7288
0.875 7.87 22.28 1.9563
27.475 9.89 17.85 6.9052
10.6 13.86 20.42 4.1879
0.55 15.91 24.68 1.1353
0 13.95 26.45 2.2961
0 12.99 26.16 1.1973
0 14.27 25.06 1.6195
0.25 9.64 21.78 1.967
0.125 7.79 18.76 1.5215
0 7.09 20.69 1.095
0 8.46 23 0.8235
0 9.34 24.47 1.316
0 10.3 25.6 1.4064
0 9.98 24.95 1.5673
0 9.09 25.06 1.1656
0 10.09 22.07 4.6977
0 6 18.63 4.8202
0 2.63 17.9 0.7688
0 2.83 18.93 0.2125
0 4.43 21.69 0.8676
0 5.52 23.29 0.9813
0 7.07 24.37 1.2438
0 7.53 25.17 1.1567
0 7.04 26.33 1.7881
0 7.12 24.36 2.4335
0 6.56 21.47 0.556
0 7.64 19.89 1.8275
0 4.07 18.87 1.9405
0 3.2 18.14 1.0472
0 5.04 18.72 0.8104
0.175 6.59 18.07 0.5347
0.85 7.5 16.79 2.094
0.375 2.19 15.48 1.4356
0 1.94 15.77 1.1655
0 0.72 16.88 2.5874
0 0.98 17.79 1.9081
0.9 1.83 19.9 1.1755
0.45 3.75 18.59 2.1896
0 0.55 15.24 2.15
5.85 1.93 16.78 3.3829
2.825 1.97 14.79 1.2401
0 1.18 15.72 0.4542
0 2.5 15.85 1.898
0 1.35 15.82 3.4101
0 1.18 18.82 3.6372
0 2.09 20.75 2.3371
2.35 3.88 18.38 1.1147
0.525 5.65 15.93 5.1658
0 0.81 16.58 4.6853
0 0.43 15.65 3.814
0 0.72 17.49 1.4919
0 0.45 16.21 1.8486
0 0.22 14.9 1.7923
0 0.33 15.34 1.9049
0 0.69 14.14 1.061
1.85 -3.2 10.97 1.8728
7.8 -1.98 7.66 0.708
1.575 -5.36 6.57 0.5185
0 -4.66 6.98 1.9253
3.85 -2.62 8.35 3.3102
11.325 2.81 11.08 3.0721
12.75 7.69 12.15 3.885
9.025 6.62 12.7 3.8007
2.525 5.65 11.97 0.6393
0 3.13 13.82 3.3517
0.425 5.4 14.98 2.7918
0 4.68 13.85 2.1982
0 3.34 12.74 2.6744
0 2.76 9.32 4.0461
0.175 2.96 14.28 2.8483
7.3 5.17 15.67 1.7281
3.125 3.3 12.2 3.6772
0.05 -0.58 9.76 2.1299
0 -2.1 10.17 3.8759
0 -1.25 14.13 3.9989
1.9 0.47 13.47 4.1066
3.225 2.23 12.37 2.1278
0.925 3.86 11.03 2.9293
1.325 2.43 11.71 0.7991
0.55 6.69 13.05 1.4095
0 4.8 11.74 2.6908
0 4.24 13.84 2.2312
0.025 3.62 13.56 1.1713
0 4.07 13.47 3.8804
0 1.82 15.18 2.9325
0 1.97 14.74 2.9053
0 2.46 11.49 3.1105
0 1.4 11.25 2.5066
0.475 3.33 11.68 2.9133
0.325 4.9 12.33 2.4594
0.05 4.47 6.45 2.4164
0.025 4.64 7.93 3.2385
4.975 5.3 14.68 4.7128
6.45 8.4 17.59 2.0445
0.125 2.34 14.76 1.1885
0.025 2.07 12.74 3.2317
0.025 4.17 14.89 2.5971
7.375 4.1 15.67 2.804
11.05 8.06 14.69 4.9992
13.85 8.55 11.79 5.6596
14.225 6.28 11.28 6.5654
14.675 3.8 9.42 3.8351
7.8 1.97 9.56 3.457
2.725 1.59 8.39 1.0388
0.325 0.65 10.27 2.5096
1.975 3.05 10.31 4.4191
1.3 6.61 11.36 3.0073
0.025 3.4 13.67 1.1852
0 2.36 13.38 2.5771
0.625 3.88 14.93 3.1852
0.95 4.92 15.92 1.1761
0.225 1.64 13.55 1.257
0 1.48 14.93 1.76
0 3.73 13.94 2.1332
0.225 3.38 16.13 0.6461
4.125 5.33 15.1 3.089
2.5 8.01 15.7 3.3858
7.1 8.84 12.88 1.6441
2.25 6.44 11.28 2.4841
1.275 7.09 11.81 1.2149
4.8 6.61 11.26 1.5602
0.55 1.56 12.65 0.6867
0 3.32 13.53 1.2012
0 4.75 15.3 1.435
0 3.52 17.56 1.3687
0 2.89 18.29 1.4996
0 3.25 18.53 1.2652
0 4.99 18.33 1.7618
0 5.57 19.66 2.3518
0 5.06 19.93 0.8629
0 6.39 16.82 1.0463
1 6.44 14.88 2.1218
4.5 6.52 11.36 2.7753
0.875 2.33 11.22 1.9658
16.5 2.4 11.7 3.8122
6.4 6.03 12.72 2.6033
1 4.24 13.81 0.8777
10 4.6 16.57 4.5788
5.375 7.45 16.24 1.1371
0.225 3.25 15.31 0.3904
0 4.31 16.57 2.0774
3.075 6.09 16.53 2.721
11.5 6.54 10.71 3.2552
4.3 3.4 11.81 2.6331
0.025 0.74 12.31 1.2269
0 3.75 14.87 2.3474
0.05 3.61 18.09 1.1318
0.15 4.67 13.74 2.6503
1.05 0.57 10.99 3.6606
0.875 1.12 11.88 2.2234
0 -0.07 13.62 0.2931
8.175 1.77 13.96 2.0868
3.35 1.47 13.67 2.4533
0 0.88 15 2.3812
0 1.63 17.07 3.4738
0 4.31 22.77 1.2953
0 7.28 24.06 1.0525
0 6.81 23.41 2.8142
0 4.17 25.07 2.169
0 4.96 24.73 1.6985
0 6.57 22.71 0.3734
0 6.7 20.95 1.8173
0 5.28 21.01 1.7112
0.075 3.94 21.33 1.6364
0.525 5.18 19.55 2.1724
0.225 2.94 16.54 2.2215
0 2.67 19.22 2.3742
0 4.11 22.12 0.9804
0.425 5.6 23.26 2.4427
4.55 5.47 19.14 4.9284
2.675 3.86 13.11 2.6147
0.275 2.14 13.84 0.8353
3.825 1.7 13.84 2.0136
1.65 2.77 12.97 1.7419
11.35 2.41 12.53 2.8107
6.025 4.12 13.11 2.7251
0 3.69 16.25 0.8199
0 2.18 18.45 2.0323
0 4.96 20.75 0.9978
0 6.61 20.94 1.3553
0 6.56 18.92 2.0163
10.225 7.44 14.23 4.5338
11.975 6.63 14.49 4.3127
3.725 3.98 13.95 1.095
0 4.58 17.19 0.7224
0 5.35 18.91 0.8773
0 6.49 21.01 1.8119
0 6.61 21.83 1.4727
0 6.47 23.84 1.1958
1.025 9.2 24.08 1.4626
16.725 7.66 18.64 2.3787
9.625 4.97 11.96 3.3633
1.8 6.01 12.09 2.144
0.1 6.56 16.26 1.2956
0 8.25 22.97 1.1767
0 10 26.31 1.2966
0 8.1 27.03 0.8922
1.95 8.87 23.06 3.8707
1.35 4.51 15.61 4.5259
0 4.86 16.95 3.5934
0 4.43 17.19 3.4187
0 5.15 21.66 2.1227
0 7.83 24.46 1.9643
0 8.35 27.68 1.0534
0 9.48 26.26 2.2994
0 7.72 23.39 3.8447
0 5.74 21.64 2.4149
0 5.13 23.33 0.8936
0 6.78 23.46 2.7401
0.125 7.19 20.01 3.5893
4.65 7.75 16.16 2.9005
2.075 3.2 16.22 3.5754
0 4.43 21.51 2.1136
0 6.87 24.92 1.0879
0 8.83 26.71 0.8282
0 9.41 27.85 0.6913
0 10.33 27.2 1.2409
0.275 10.77 23.4 1.8491
0.15 12.17 21.99 1.4045
0 11.13 22.58 1.5153
0 9.97 23.24 3.4742
0 6.58 20.54 4.2506
0 4.6 16.81 3.5544
0 5.5 18.4 4.1815
0 6.39 20.56 2.2517
4.15 6.58 19.64 1.5617
2.9 7.33 20.72 2.5984
4.1 9.3 18.84 2.1882
1.45 5.33 19.04 3.1217
0 8 22.79 1.9727
0 8.39 27.77 0.9833
0 12.97 28.82 2.5136
0 12.48 26.29 2.9822
0 12.05 27.68 2.3893
0 13.71 28.6 2.3948
0 15.51 29.13 2.4391
0 15.52 30.77 1.9248
0 16.08 32.12 2.8341
0 14.44 30.73 3.1909
0 12.97 29.54 2.8407
0 12.7 27.89 3.5688
0 8.81 25.06 4.6763
0 10.98 25.6 5.0149
0 11.82 30.22 3.5273
0 12.88 32.97 1.0223
0 13.48 33.42 1.8644
0 13.16 31.9 2.7807
0 10.52 28.94 3.1533
0 9.46 28.52 1.7327
0 10.21 28.7 2.5149
0 8.59 26.29 3.0462
0 8.04 26.09 2.7317
0 10.13 28.64 2.0347
0 11.63 31.13 1.3058
0 14.24 32.92 2.1428
0.65 14.17 31.75 2.2269
0.55 13.38 29.71 2.8412
0 14.76 31.16 2.6516
0 17.09 34.92 1.3602
0 18.88 38.05 1.8162
0 18.01 37.53 2.9538
0 14.99 33.97 2.9556
0 11.03 31.55 2.8146
0 12.16 30.61 2.996
0 13.45 31.35 2.5031
0 13.45 33.55 1.0959
0 14.28 34.83 2.0079
0 14.3 33.3 2.6195
0 13.79 32.08 2.5177
0 14.61 33.58 2.6438
0 15.36 34.59 2.3674
0 15.68 36.67 1.8586
0 16.71 36.19 2.1382
0 17.01 34.65 3.0666
0 15.46 32.98 3.021
0 16.23 33.87 1.858
0 18.74 36.64 1.6941
0 19.56 38.75 2.691
0 19.73 38.97 2.6714
0 17.99 38.65 2.5491
0 16.11 37.59 2.1614
0 15.5 35.78 2.0307
0 15.05 33.95 2.2035
0 13.04 33.65 1.0673
0 14.54 34.57 2.3208
0 16.13 35.68 2.2379
0 17.07 36.17 2.7254
0 15.66 33.61 2.7283
0 14.54 30.73 1.9399
0 12.66 30.15 2.2912
0 13.21 32.35 2.194
0 14.1 33.48 2.3439
0 13.53 33.39 2.2488
0 12.97 33.19 1.962
0 13.71 33.72 2.2946
0 13.11 34.3 1.4558
0 14.03 34.33 1.967
0 13.48 33.27 2.0341
0 13.26 32.93 2.0416
0 13.35 32.56 2.4627
0 14.44 31.58 2.7155
0 13.94 31.06 1.8662
0 13.88 31.33 1.7977
0 13.09 29.77 2.0984
0 11.95 30.1 1.216
0 14.17 31.3 1.6621
0 14.32 31.67 2.5126
0 13.77 32.01 2.8707
0 14.37 34.16 1.3489
0 15.02 34.02 1.4934
0 13.94 33.22 1.5556
0 12.58 33.19 1.9759
0 13.86 34.04 2.2505
0 13.35 32.36 1.708
0 11.11 32.31 1.8461
0 11.99 32 2.2472
0 13.65 36.45 1.7274
0 15.88 40.58 0.4791
0 18.26 38.03 1.9836
0 14.36 34.24 2.301
0 10.3 29.2 2.6293
0 9.85 24.3 2.331
0 10.06 25.53 2.539
0 10.69 28.09 1.6086
0 11.91 30.85 0.9601
0 14.77 35.09 0.2837
0 15.23 37.2 1.2844
0 14.99 36.36 1.1151
0 16.24 33.44 2.1714
0 13.98 33.66 1.2284
0 13.68 32.85 1.9992
0 11.96 28.91 2.6504
0 8.42 22.17 1.9706
0 9.34 25.52 0.7934
0 10.49 29.19 0.5406
0 12.28 32.78 1.0209
0 12.46 30.82 1.5524
0 10.93 30.13 1.4095
0 10.91 30.18 1.2946
0 11.28 30.83 1.8887
0 12.13 30.16 1.5471
0 12.96 30.03 1.3548
0 12.42 28.03 1.23
0 11.65 27.94 1.4574
0 11.18 27.45 1.2898
0 9.17 25.51 2.6445
0 8.94 24.48 1.3535
0 10.04 29.18 0.7702
0 11.63 32.62 1.0542
0 15.86 34.44 0.913
0 13.65 36.44 1.2446
0 15.59 37.79 0.758
0 16.22 38.78 0.5809
0 16.03 36.82 0.4247
0 15.64 34.16 0.581
1.275 17.08 34.29 0.9509
3.45 16.78 33.61 1.3599
2.975 12.81 25.48 1.655
0.65 12.78 19.47 1.214
0.3 9.74 20.56 0.728
2.125 10.4 21.82 1.8124
0 8.97 22.14 0.7934
0 10.11 25.52 1.9961
0 10.58 27.63 1.7468
0 13.11 29.41 1.7813
0 13.74 29.81 2.0364
0 13.48 32.22 1.3391
0 13.85 33.89 0.5283
0 13.19 33.7 0.3778
0.075 13.51 31.5 0.9313
1.675 13.45 27.8 0.9264
0.675 9.88 21.46 1.1835
0 9.82 21.46 1.542
0 9.7 24.66 0.7893
0.075 10.63 24.44 1.7833
1.55 9.99 21.93 1.4927
8.375 11.59 21.03 1.7154
17.325 12.83 17.98 4.6595
7.075 8.97 17.25 3.2656
0 5.5 18.35 1.7435
0 3.74 19.27 2.7024
0 4.7 21.51 3.4444
1.925 8.88 22.84 2.2727
3 10.53 22.78 1.7951
0.7 7.03 16.74 1.0606
0 6.76 21.47 1.8709
0 7.38 22.9 2.8439
0 8.93 24.68 2.5149
0 10.17 28.36 1.6411
0 10.72 28.57 1.1705
0 10.43 27.65 1.978
9.85 9.18 21.05 3.0567
5.45 5.05 14.17 2.509
1.175 2.13 15.6 0.528
0.75 4.2 15.95 1.6483
0.05 3.06 15.5 2.3834
0 2.47 16.86 1.4017
0 4.4 17.25 2.978
0 4.67 18.61 1.7859
0 6.05 20.35 2.7084
0 6.27 20.83 1.3253
0 6.07 21.11 1.7739
0 5.12 21.23 1.5883
11.45 5.23 19.11 2.1308
17.9 3.7 11.52 2.908
12.1 2.96 10.79 4.6347
6.175 3.69 9.25 2.7388
9.975 4.51 10.92 3.6435
4.6 -0.74 7.36 1.3311
0 -2.08 9.38 2.963
0.525 -0.99 10.94 3.2814
8.375 0.89 12.31 2.4399
4.35 1.89 10.04 2.3466
0 -2.37 11.05 2.3769
0 -1.9 10.56 3.0381
0 -0.01 12.28 2.2668
0 1.12 14.08 2.6836
0.1 5.07 12.49 1.3348
1.2 7.22 15.82 2.5359
7.675 7.84 16.81 2.7285
3.9 7.85 18.94 3.5391
0.025 3.89 17.27 2.1462
1.575 5.17 16.34 2.1953
1.55 7.49 14.65 1.1874
0.4 9 17.2 1.4109
0 8.48 17.42 0.4208
0 7.69 16.86 2.3886
0 6.31 16.5 1.3604
10 6.37 12.55 1.688
5.075 4.19 13.15 1.394
1.55 1.54 11.81 2.2846
17.9 2.88 11.98 3.6081
17.75 7.86 12.9 5.1702
8.1 9.53 13.89 5.7067
4.175 5.81 11.2 2.475
4.05 4.42 9.04 2.8788
6.1 6.14 12.94 2.135
1.9 7.12 12.65 0.4266
0 4 13.92 3.0754
11.275 4.72 15.36 5.4695
5.075 3.83 15.29 1.9825
0.025 3.15 13.3 0.7566
24.625 3.07 12.91 2.1663
17.8 5.44 10.39 4.2473
1.8 -1.29 8.58 2.2875
0.35 -3.2 8.35 1.4845
9.725 -0.9 9.33 4.4897
11.95 0.65 8.81 4.9052
2.25 3.25 8.97 2.409
0.025 0.03 9.11 3.1205
0 -0.09 11.2 3.7458
0.025 0.07 9.92 4.8733
0.025 0.06 8.31 3.155
0 0.23 9.79 1.5814
0 -0.68 5.06 1.5592
0.125 -2.41 5.63 2.921
1.15 0.25 7.67 3.4811
0.475 3.92 14.5 2.3626
0.45 2.59 14.55 1.5711
0.175 5.53 11.57 1.2354
0 2.13 12.83 2.6621
0 5.03 12.41 0.9985
0 5.92 12.48 0.8587
0 5.89 12.27 2.5375
0 2.42 10.31 1.6423
0 1.62 14.52 4.0301
0 2.57 17.72 3.5955
0 3.26 16.53 2.6874
0 2.59 18.13 4.0087
0 1.68 17.75 1.7202
0.05 2.78 14.98 2.0695
0 3.27 15.24 4.8838
0 3.33 17.73 3.4942
0.05 2.28 15.12 1.7195
4.75 1.91 14.19 0.5
5.125 3.12 14.14 1.7781
0.95 2.06 11.38 1.2567
0 1.17 12.01 1.5518
0 -0.39 13.98 3.0028
0 -0.11 13.8 1.9867
0 1.16 14.75 2.4221
0 2.09 16.54 1.7332
0 3.11 18.18 1.9802
0 4.56 19.67 0.7957
0 2.47 20.09 2.391
0 -0.15 14.49 3.3277
0 0.08 15.3 3.6635
0 1.61 16.43 3.8675
0 1.51 19.73 2.9444
0 1.6 21.55 1.0731
0.225 3.25 19.44 3.846
5.725 8.25 16.32 4.5783
6.675 6.46 14.96 5.529
18.85 3.4 9.69 4.6813
18.925 2.86 7.96 2.6474
6.575 1.22 10.12 2.9131
0.575 0.36 10.62 0.6998
0 0.99 11.49 1.0618
0 0.11 11.88 0.5315
0.275 0.14 13.7 0.7238
3.325 0.33 12.08 2.1354
9.175 2.6 10.24 5.1094
3.325 -2.27 8.76 1.0315
0 -2.9 9.41 0.3663
0 -1.71 12.33 2.2115
1.15 -1.43 14.97 1.836
4.075 2.17 15.52 3.9103
1.775 8.17 17.77 1.2496
0 2.26 17.73 1.4118
2.125 3.84 17.26 0.6806
9.675 6.36 18.61 1.7313
4.35 7.02 13.37 4.2322
0.3 4.06 15.28 0.5116
0.025 4.12 17.87 1.4366
0.025 6.41 19.39 0.7547
0 4.89 17.86 1.3814
0.15 4.43 16.91 0.5585
3.175 6.06 17.81 1.2813
2.125 9.44 18.77 1.2314
4.4 9.23 20.66 1.413
3.475 9.23 19.72 2.1832
1.6 2.87 16.02 0.9285
8.525 2.12 15.22 3.5708
14.425 3.14 12.8 4.7284
29.5 5.15 10.27 5.1963
14.175 3.27 9.43 2.2548
2.2 2.3 12.58 1.4976
7.25 3.53 13.76 5.1986
14.1 5.56 10.29 5.4225
9.65 3.15 9.95 3.6682
9.05 5.16 12.71 3.0719
2.35 5.14 12.05 1.3659
0 6.64 15.44 0.8014
0 4.92 18.19 1.6152
0 6.22 20.78 2.1504
0 8.32 22.77 2.4226
0 9.18 26.01 1.7739
0 10.45 27.09 1.1492
0 5.88 20.53 1.6964
0 5.28 21.57 1.7167
0 7.64 23.37 1.5738
0.825 7.15 23.06 2.0294
4.7 5.1 19.19 3.4388
1.9 1.77 11.21 1.5832
0 0.72 13.3 1.3832
0 1.35 16.65 0.5361
0 3.73 17.36 1.7567
0 4.18 18.52 1.7538
0.175 3.85 17.33 2.5841
0.075 2.36 15.4 0.6543
0 3.32 19.21 0.7769
0 6.24 23.01 1.6783
0 7.26 23.99 2.2783
0.175 10.16 22.85 2.4719
0.075 11.64 20.62 1.5206
0.3 11.51 21.49 1.9384
0.5 11.35 20.67 2.0003
0.525 6.33 19.28 0.9899
0.2 6.39 19.53 1.0015
0.15 8.01 20.22 1.9295
0.075 7.72 20.14 2.1119
0 5.23 20.16 2.7558
0 4.65 20.98 1.1495
0 5.84 22.02 2.3524
0 6.84 20.97 4.6813
0 4.04 19.85 3.5082
0 4.52 23.59 1.7155
0 6.17 25.65 0.5045
0 8.09 26.73 1.1284
0 9.29 27.74 2.9057
0 10.68 30.6 0.8716
0 9.91 29.42 1.5778
0 8.08 26.21 1.987
0 8.75 22.64 2.796
0.9 4.97 16.79 3.1209
0.45 4.47 19.66 2.6172
0 5.6 24.33 1.8552
0 8.4 25.77 1.3455
0 8.55 26.27 0.9133
7 8.42 23.68 2.6948
5.375 6.04 16.86 2.4808
1.275 4.4 14.76 1.4836
8.575 6.54 15.59 3.4022
5.225 8.15 15.3 2.1683
0.2 5.79 19.75 2.9605
0 7.39 24.36 1.8163
0 9.8 25.91 2.2971
0 8.49 24.89 3.3162
0 7.13 22.12 4.6001
0 6.83 21.91 2.5657
1.15 8.42 22.08 2.5784
0.55 6.37 20.94 2.2143
0 7.15 21.19 3.058
1.275 6.58 21.37 4.0387
0.425 6.92 18.06 4.6955
0 6.34 20.16 2.6822
0 6.65 22.11 2.3541
0.125 10.49 21.09 2.6054
0.05 6.11 18.55 1.6063
0.275 6.23 20.17 0.5839
7.925 7.36 19.53 3.4552
8.1 12.2 20.45 0.9664
5.15 10.88 21.22 3.1394
0.05 8.58 21.78 2.2283
0 9.32 25.29 3.0422
0 11.37 28.12 1.8095
0 11.75 28.68 2.8265
0 10.86 26.08 3.2234
0 10.29 26.46 2.7718
0 11.47 28.68 2.7422
0 14.24 31.53 2.3223
0 15.43 33.25 2.1732
0 14.46 32.34 2.7209
0 12.92 29.81 1.8133
0 12.84 30.43 2.7725
0 13.34 31.12 2.2629
0 14.97 32.19 0.6624
0 16.89 35.72 0.7996
0 18.8 37.61 2.4762
0 15.22 35.88 2.4876
0 12.47 32.45 2.516
0 12.09 31.32 2.6834
0 12.65 31.19 2.5376
0 13.64 32.68 2.5703
7.825 14.46 31.59 2.1881
4.4 12.33 24.76 2.3028
0.025 11.15 25.06 2.4148
0 12.47 29.62 1.6218
0 15.48 33.33 1.1761
0 16.47 36.8 0.933
0 17.53 37.95 1.5535
0 18.49 37.82 1.7327
0 19.09 37.7 2.5001
0 19.09 37.58 2.639
0 17.91 36.43 2.0283
0 16.76 35.89 2.4805
0 14.22 34.61 2.2594
0.025 13.09 32.94 2.345
0 12.63 30.5 2.4746
0 13.06 29.67 3.0818
0 12.27 27.54 2.7533
0 12.15 27.09 3.3484
0 12.13 27.24 3.0608
0 12.43 28.32 1.9704
0 13.61 30.08 1.1295
0 14.21 30.57 1.9472
0 14.93 31.53 1.6918
0 15.34 34.09 2.3152
0 15.78 34.86 2.7363
0 16.28 34.45 1.9282
0 16.53 34.71 1.7739
0 15.59 35.33 2.0981
0 14 34.2 2.0129
0 14.38 34.43 1.7228
0 15.14 35.37 1.7427
0 16.21 36.6 2.484
0 16.01 36.3 3.0101
0 18.61 36.3 2.0142
0 17.6 33.77 1.341
0 15.66 34.62 1.7786
0 15.18 34.9 2.0615
0 13.62 33.39 2.9777
0 13.2 32.02 2.4242
0 14.4 32.82 2.9858
0 15.75 31.45 2.421
0 13.76 32.84 1.8514
0 13.58 33.64 1.965
0 14.31 33.76 2.2207
0 14.01 33.86 2.6354
0 14.25 32.82 1.9406
0 15.65 33.73 1.3169
0 15.94 34.71 2.0866
0 13.75 34.04 1.6089
0 13.19 33.74 1.4949
0 14.2 34.24 1.8515
0 14.05 34.46 1.9069
0 13.92 33.62 2.6941
0 12.44 32.15 1.9159
0 12.96 31.35 1.3548
0 13.12 31.45 1.1715
0 14.81 33.72 1.0321
0 15.84 35.32 1.923
0 15.39 34.92 1.1681
0 16.4 35.55 0.6995
0 16.69 35.87 1.0261
0 16.46 36.56 1.3249
0 15.8 35.88 1.8302
0 14.15 34.55 1.7375
0 13.15 32.86 1.6786
0 13.75 32.55 0.7762
0 14.7 33.76 0.5747
0 15.15 35 0.8543
0 15.41 34.42 1.0008
0 14.92 33.2 1.8167
0 13.84 34.85 0.9326
0 15.57 36.15 1.1171
0 14.45 35.95 1.1568
0 15.28 35.48 1.4849
0 16.76 35.93 0.7724
0.05 16.49 32.26 1.6349
0 14.76 29.22 1.6271
0 14.36 31.85 0.7898
0 15.59 32.58 1.5283
0 14.63 32.05 2.3797
0 12.95 30.26 1.7069
0 11.01 28.9 1.7864
0 12.14 29.84 0.6436
0 13.88 32.51 0.4137
0 15.43 35.17 1.0877
0 15.29 36.04 0.7502
0 16.55 36.15 0.518
0 16.05 37.03 0.6169
0.025 17.2 37.01 1.541
0 13.51 29.57 2.1243
0 11.35 24.54 2.1169
0 12.64 29.22 0.9731
0 14.93 33.37 0.6446
0 14.36 34.35 0.9771
0 14.31 31.92 1.1689
0 12.12 28.52 2.1037
0 11.73 26.43 1.6857
0 10.97 24.99 1.8098
11.05 10.23 22.56 2.0826
12.225 9.79 21.32 3.424
3.225 8.51 17.19 0.8188
1.025 5.27 16.68 0.9344
0 6.16 20.39 1.1271
0 6.79 23.42 1.1826
0.6 10.01 23.69 1.4273
0.3 13.02 22.45 1.5694
0 11.16 25.36 1.0517
0 10.68 27.99 0.8271
0 12.72 29.75 0.5416
0 13.31 29.51 0.91
0 13.48 28.58 1.0787
0 12.29 28.04 1.4782
0 12.58 29 1.2294
0 12.22 27.91 1.139
0 11.92 24.98 0.8433
0 10.62 26.04 0.9625
0 11.61 27.04 2.0901
0 10.71 28 1.4596
0 10.38 28.58 1.5904
0 9.72 25.86 1.3643
0 6.03 22.09 2.6458
0 5.61 21.16 2.9685
0 6.95 22.83 1.7303
0 6.87 23.65 1.0422
0 7.45 24.18 1.9967
0 8.23 25.8 0.5665
0 8.27 25.77 3.3051
0 5.89 23.2 4.015
1.925 5.1 22.83 3.098
1.325 4.6 19.14 1.6553
2.925 0.95 12.96 0.3995
2.325 2.14 13.36 1.316
0.075 2.05 12.93 0.7762
0 1.35 13.92 1.9696
0 1.83 16.6 2.9986
0 1.96 18.59 3.1972
2.1 5.13 20.23 3.9075
1.05 8.05 19.07 0.8525
0 7.02 17.65 0.3758
0 8.37 18.17 1.0216
0 5.35 18.07 0.8035
0 4.73 18.93 0.9517
0 5.25 19.6 0.8419
0.175 5.38 19.17 2.8287
2.325 2.69 13.47 2.005
1.825 2.9 12.85 4.0726
0.025 1.89 13.22 1.8691
0 1.57 14.68 2.6841
0 1.94 15.19 3.931
0.225 3.7 15.83 1.9338
0.675 3.75 14.61 0.6353
0 3.69 17.49 2.6943
0 2.94 17.33 2.266
0.05 4.14 22.26 1.0257
0 3.49 15.35 1.5368
0 3.11 17.52 3.8982
0 2.65 18.26 7.5786
0 1.14 16.58 3.3418
0 0.17 15.71 4.0672
0 -1 15.13 2.5728
0 -1.8 13.71 3.431
0 -1.4 14.37 2.9409
0 -1.48 14.64 3.0801
0 -1.1 14.99 2.9268
0 -1.24 14.62 4.006
0 -1.18 16.3 2.9434
0 -0.56 15.76 0.6021
0 1.01 12.72 1.4582
0 0.24 13.31 1.3529
0 -1.13 13.85 0.9832
0.875 -0.31 12.71 0.8165
0.4 -0.95 11.29 4.8903
0 -1.26 12.16 4.2131
0 -0.86 13.95 2.3994
0 0.38 15.03 4.0567
0 -1.33 12.45 3.9912
0 -2.03 12.79 3.2187
0 -2.48 14.63 4.4644
0 -3.21 13.22 3.8704
0 -3.33 12.46 4.7112
0 -1.62 16.09 3.3555
0 -2.3 16.23 1.1889
0 -1.78 14.69 1.1314
0 -0.68 15.49 1.2274
0 2.76 15.54 0.8388
0 2.7 16.16 1.0345
0 1.49 14.61 2.3017
