0.775 -25.36 3.08 1.6353
1.25 -7.21 -1.81 1.4295
0.45 -9.39 2.67 1.6196
0.15 -12.28 -2.3 4.2917
1.4 -12.84 -0.48 1.63
0.775 -8.32 -3.68 0.6319
0 -8.19 -0.48 1.3715
0 -8.03 -0.17 0.7045
0 -9.31 5.98 4.6322
0 -7.35 5.81 3.3207
0 -5.93 5.36 2.2278
0 -5.05 8.95 5.4831
0 -2.69 9.36 3.8067
0 -7.05 8.3 3.1862
0 -4.05 10.36 3.9067
0 -5.1 11.13 4.9429
0 -7.53 7.79 4.2462
0 -7.06 5.83 4.7627
0 -5.17 8.87 4.8476
0.1 -5.4 7.28 3.3745
14.85 -3.13 8.73 2.7565
30.125 -5.98 6.67 2.1469
8.5 -14.36 9.13 1.6086
47.2 -1.27 3.07 2.6438
14.85 -5.26 2.26 3.6426
0.275 -11.06 -4 0.773
0 -12.12 -3.4 1.2819
0 -10.04 -0.21 1.5636
0 -7.01 3.36 4.2753
0 -6.2 7.67 4.5341
0 -4.02 9.21 3.0885
0 -4.12 8.23 3.1755
0 -5.89 7.58 3.7832
0 -6.64 9.32 3.7838
0 -2.81 11.22 3.009
7.05 -3.31 9.84 2.5804
10.325 -5.62 2.83 2.7936
3.65 -6.78 -0.69 2.8234
19.2 -6.24 1.39 1.3849
11.525 -10.7 0.74 3.823
4.275 -13.65 -5.63 0.5284
8.725 -9.12 -3.52 2.3975
3.7 -8.02 -2.56 1.4371
7.05 -8.56 -2.44 2.9835
4.175 -8.56 -2.56 3.1413
2.2 -7.59 -1.92 5.456
29.125 -7.1 -2.42 5.5526
21.05 -6.9 -3.8 4.2535
2.525 -9.58 -3.7 1.0703
0 -9.09 -1.72 3.4004
0 -8.84 3.15 2.5518
5.3 -8.5 6.26 3.8224
17.625 -6.71 3.75 3.3904
9.45 -4.52 -0.77 2.4647
4.9 -5.53 1.91 1.4753
2.45 -5.69 5.49 1.4483
0.075 -6.65 1.27 2.4397
0 -5.43 6.2 0.3783
0 -6.29 8.04 3.7366
13.225 -2.31 8.42 2.7761
25.175 -1.33 6.17 3.929
8.95 -2.54 4.58 4.9247
21.225 -6.32 -1.39 3.1342
3.175 -10.7 -3.91 0.7883
1.275 -8.91 -0.16 1.9021
0 -10.5 -0.66 0.2508
0 -10.26 3.54 1.56
0 -8.87 5.89 2.7342
0 -10.36 1.25 0.45
0 -8.86 5.77 0.6035
0 -7.4 6.29 2.224
0 -4.95 9.15 2.5838
0 -7.27 10.77 1.3147
0 -5.24 7.42 2.2157
0 -1.25 9 2.5083
0 -4.06 12.29 1.1299
0 -3.48 13.03 1.0624
0 -1.37 14.52 0.817
0 -1.96 14.71 0.7446
5.025 -1.97 14.11 2.0077
25.05 -7.36 5.36 4.262
1.9 -12.45 -3.71 2.2919
0 -10.34 -1.08 1.8677
0 -7.12 7.64 0.4671
0 -4.72 9.86 2.1846
0 -5.55 12.04 2.1044
0 -3.55 11.51 1.3431
0 -2.49 13.51 3.2425
0 -6.26 10.55 1.9161
0 -5.18 8.75 0.3322
0 -3.6 10.72 2.5731
0 -2.29 12.75 2.5664
0 -4.67 10.67 5.4015
0 -8.54 3.6 1.8617
0 -7.62 7.8 2.9024
0 -5.17 11.75 2.5979
13.5 -3.01 14.52 1.4453
17.475 -5.15 10.61 3.3917
11.325 -5.11 1.01 1.7231
4.2 -5.04 2.64 2.2432
0.475 -5.94 1.94 3.8219
0 -4.59 6.75 1.6631
0 -3.84 11.21 1.9467
0.025 -2.4 10.93 4.5027
0.025 -9.93 4.46 6.2938
0 -8.3 0.6 3.4096
0 -6.44 8.07 1.4868
0 -3.87 13.48 3.04
0 -1.19 16.69 2.8892
0 1.58 20.08 1.5992
0 3.39 22.04 1.1194
0 4.37 22.76 2.131
0.1 3.51 21.7 2.89
1.725 0.72 15.13 3.5394
1 -7.02 4.84 3.7439
0 -5.35 7.76 2.0274
0 -3.42 10.75 2.3579
0 -3.51 10.76 3.2655
0 -5.94 7.96 1.6037
2.9 -3.58 11.41 2.0142
56.4 2.97 14.38 2.0774
37.3 -1.12 9.41 2.6838
0.85 1.67 8.32 3.7093
0.4 -1.29 7.89 1.9086
0.025 2.53 12.09 3.6739
0 0.38 14.23 2.3977
0 0.51 17.57 2.8583
0 2.11 18.19 1.6349
0 1.33 18.64 1.1386
0 2.57 19.08 0.8437
0 2.4 20 3.0315
0 -1.04 19.15 3.285
0 0.88 17.24 2.38
0 1.53 16.77 3.2832
0 3.01 18.08 1.5744
0 3.95 20.96 1.6326
0 6.79 25.05 0.3001
0.025 8.94 26.82 2.4711
0 7.45 26.1 2.8671
0 4.62 20.58 1.9143
0 3.6 19.58 0.9672
0 4.54 20.61 2.4957
0 4.12 20.3 2.9739
0 4.57 19.24 2.7911
0 3.4 18.72 1.852
0 3.43 19.2 1.2093
0 3.84 20.85 0.7728
0.275 6.26 21.36 1.8241
0.175 5.23 21.57 2.4154
1.825 4.01 20.75 3.3316
1.1 4.46 20.83 2.1846
0.025 5.47 19.6 1.9724
0 4.65 18.1 2.2542
0.3 5.32 16.27 0.7673
11.6 1.77 14.29 2.2476
10.325 -0.09 13.84 3.7136
4.475 -1.55 5.71 2.5371
1.425 -0.05 8.06 2.7955
0 0.87 13.03 2.5806
0 2.81 15.47 3.4413
0 3.19 14.88 3.1147
0 1.17 13.51 3.3683
1.65 1.93 14.21 2.2148
2.25 3.29 13.45 3.6749
0.75 1.22 13.49 2.5693
0 1.84 14.28 2.4358
0 3.2 14.56 2.367
0 5.07 15.74 2.9308
0 4.98 18.27 1.6242
0 8.35 23.95 2.6924
0 4.76 22.36 3.3612
0 2.64 17.59 3.1929
0 2.44 16.77 1.0638
0 3.59 19.08 0.6978
0 5.84 22.57 1.3697
0 6.65 24.9 2.6579
0 6.32 23.13 1.7672
0 7.25 23.5 0.8398
0 8.03 27.27 0.4937
0.3 10.79 28.59 3.0107
0.45 10.17 28.13 3.0333
0 9.23 25.55 2.2541
0 9.75 26.02 1.6095
0 8.34 24.56 2.8841
0 7.61 25.18 2.5055
0 6.82 24.23 2.7882
0 6.53 24.04 2.6328
0 5.33 22.29 2.911
0 5.18 21.55 2.6218
0 4.62 21.37 2.5671
0 4.97 21.82 1.8893
0 7.23 23.09 1.8789
0 7.88 24.18 2.3194
0 7.81 23.73 1.3037
0 7.09 25.72 0.5085
0 9.09 27.25 1.679
0 10.2 29.01 2.072
0 10.39 21.71 1.924
0 10.98 28.81 2.1157
0 12.95 30.63 1.8366
0 14.42 31.22 2.4803
0 10.77 29.52 2.5143
0 9.83 27.78 2.1828
0 11.51 27.67 2.0364
0 10.32 27.07 2.1098
0 9.71 26.91 2.149
0 9.73 27.12 1.9307
0 9.99 28.24 1.8859
0 11.55 28.59 2.1102
0 11.29 27.71 2.8385
0 11.15 26.8 2.5139
0 10.88 26.94 2.4416
0 9.37 27.35 2.4378
0 9.19 27.28 2.9783
0 7.23 24.37 2.6546
0 7.47 23.61 2.1895
0 9.97 24.46 2.5157
0 6.17 21.65 3.2427
0 3.87 14.65 2.0085
0 3.03 16.1 1.2886
0 5.23 20.82 0.2342
0 5.58 24.64 1.1802
0 10.61 26.79 2.9128
0 11.12 27.9 2.6598
0 8.55 25.85 2.9454
0 8.44 25.18 3.2492
0 6.12 22.94 1.321
0 4.17 22.42 0.2732
0 5.81 24.57 0.6124
0 6.48 25.79 0.8654
0 6.71 28.52 1.2435
0 9.29 29.61 1.9381
0 10.33 29 2.2162
0.625 10.34 29.63 2.3595
0.675 9.67 24.58 3.1857
0.175 7.88 24.13 1.6263
0 5.39 24.43 1.6542
0 5.87 23.77 0.5928
0 6.24 24.59 1.3648
0 8.1 25.17 1.0335
0 8.68 26.35 1.2932
0 8.71 27.95 3.0036
0 10.18 24.86 2.0724
0 7.18 24.76 0.9882
0 6.32 27.27 0.2184
0 9.66 25.89 1.3498
0 9.3 25.8 2.0768
0 6.71 24.65 2.1009
0 3.84 23.47 1.9854
0 3.79 20.74 1.4189
0 5.26 22.21 0.4938
0 4.84 21.89 0.9625
0 7.39 24.11 0.3756
0 8.19 25.31 0.9405
0 8.34 27.53 1.6133
0.625 7.89 23.77 2.319
0.375 4.61 19.07 2.714
0 2.08 23.07 1.4874
0 4.11 21.22 1.1644
0 5.88 22.49 0.3545
0 5.95 23.87 1.1466
0 8.14 26.19 2.3244
0 8.9 24.3 1.0224
0 11.48 18.19 2.5772
0 5.59 26.4 2.5592
0 9.48 26.4 1.6071
0 5.53 25.83 0.7901
0 6.65 25.18 0.7594
0 11.01 26.46 1.1888
0 7.55 27.31 0.3596
0 7.76 27.37 2.1749
0 6.57 23.76 2.6004
0 -1.63 14.38 2.3318
0 -3.38 12.28 2.5845
0 -0.61 16.25 0.8156
0.25 1.45 17.41 3.2439
0.15 -4.2 14.59 3.6041
0 -6.39 2.01 0.3292
0 -4.86 9.25 3.0956
0 -4.08 11.62 1.6938
0 -1.96 12.81 1.4059
0 -2.8 14.79 0.8144
0 -0.03 16.54 0.4744
0 -1.26 15.93 2.0054
1.675 -0.17 15.55 1.9312
8.95 0.41 9.25 6.3224
4.775 0.25 6.48 4.4766
0 2.5 10.53 0.8071
0 2.71 16.2 2.2826
0 2.19 17.9 1.1842
0 3.64 20.08 1.9852
0.225 4.35 16.22 2.488
0.125 -3.86 8.19 2.5143
0 -3.4 10.23 1.087
0 -1.71 13.38 0.5794
0 -1.19 14.22 0.8475
0 0.85 16.18 1.1178
0 0.42 14.06 1.8356
0 0.02 14.43 1.2243
0 -0.09 15.62 4.027
0 -5.94 2.97 5.0581
0 -7.4 3.71 0.8047
0 -5.87 6.63 0.0256
0 -2.45 12.16 0.88
0 -1.63 14.54 0.8309
0 0.64 16.3 1.1446
0 0.55 17.67 1.1091
0 0.64 17.87 1.7027
0 0.78 16.45 2.2451
0 -2.9 12.13 0.5967
0 -3.7 10.89 1.4231
0 -5.42 8.5 1.8385
0 -4.71 8.48 1.315
0 -2.84 10.21 0.834
0.6 0.21 11.66 0.5974
0.775 -1.53 10.39 2.1161
0.25 -6.18 1.87 1.1136
0 -6.89 3 1.1371
0 -7.85 4.07 2.8516
0 -5.75 6.88 2.2452
0 -3.84 9.38 1.742
0 -3.9 10.94 1.2773
0.075 -6.16 6.03 2.3704
0.375 -5.08 8.05 3.777
0.2 -4.83 6.97 0.9386
0 -5.08 3.73 0.4639
0 -6.25 6.94 2.4538
0 -5.64 6.17 3.8913
0 -4.37 7.63 4.1916
0.125 -4.49 8.78 2.7537
0.275 -3.09 9.41 1.3156
0.125 -6.04 6.13 4.7353
0 -5.49 2.04 5.2034
0 -5.56 4.76 3.9286
0 -5.46 6.94 1.551
0 -6.16 7.01 2.2763
0 -7.67 7.43 2.1703
0 -7.06 4.63 2.156
0.05 -5.66 5.81 1.3548
15.85 -9.27 2.7 2.2085
16.775 -7.84 -1.5 1.1123
4.35 -16.99 -6.13 0.6186
0 -18 -6.58 1.8889
3.625 -14.78 -3.98 2.9581
29.6 -7.14 -0.25 2.7956
51.1 -4.4 -0.59 3.7063
33.425 -5.66 0.15 4.6204
2.25 -7.99 -1.76 0.6892
0 -7.3 -2.73 2.9887
0 -5.83 0.68 2.3562
0 -5.02 2.69 2.333
0 -4.87 3.23 2.8512
0 -5.53 2.88 4.1387
1 -5.21 3.05 2.938
14.175 -3.96 5.97 1.8463
10.025 -7.21 3.07 3.6972
0.1 -12 -3.41 2.9166
0 -8.58 0.35 3.8312
0 -7.77 2.03 3.7178
5.725 -7.77 0.36 4.0092
3.65 -6.65 1.06 1.8982
2.525 -8.08 -0.17 3.2068
8.675 -7.42 -0.82 0.6904
4.475 -6.43 -0.77 1.4816
0.075 -6.73 -0.57 2.3909
0 -6.31 2.4 1.7954
0 -6.57 2.86 1.2485
0 -6.69 3.63 4.056
0 -6.51 5.15 2.9705
0 -5.52 5.05 2.4802
0 -5.51 5.19 2.9595
0 -6.54 4.96 2.8662
0.1 -3.52 6.94 3.131
1.425 -3.21 7.1 2.3167
0.525 -1.89 6.24 2.4485
1.05 -2.63 4.32 3.0941
16.45 -4.93 6.65 4.2659
9.875 -3.15 3.76 2.0692
0 -6.47 0.88 1.4385
0 -7.01 2.89 3.3173
0.2 -7.16 4.93 1.847
42.1 -7.07 6.08 2.448
60.9 -5.63 1.98 4.584
32.55 -6.31 -2.85 5.3162
35.675 -6.32 -3.41 6.2405
46.85 -8.09 -3.68 4.0618
24.475 -7.48 -5.13 4.2675
3.75 -10.11 -6.63 0.8473
1.1 -9.8 -3.99 2.0811
6.475 -8.76 -2.85 3.521
3.475 -6.24 -2.32 2.8953
0 -7.31 2.48 1.3439
0 -9.49 2.59 2.8184
1.625 -7.71 0.79 3.1517
0.975 -6.18 3.18 1.4488
0 -10.74 1.52 1.142
0 -13.14 1.34 1.6916
0 -6.95 2.72 1.9388
0 -6.34 3.14 0.5927
8.5 -6.24 3.7 2.4752
14.025 -5.57 4.05 3.4525
12.1 -4.58 0.82 1.8128
4.075 -6.28 -1.82 2.6424
0.275 -8.43 -0.31 1.3807
1.675 -8.81 0.24 2.3907
0.9 -8.52 -0.92 0.5865
0 -7.48 1.86 0.9169
0 -5.67 3.08 0.9827
0 -6.19 6.46 1.5915
0 -5.53 7.32 1.5774
0 -4.78 10.21 0.9432
0 -5 9.62 1.7138
0 -4.03 11.24 2.4364
0 -2.58 11.33 1.3854
1.65 -5.08 8.9 1.4064
5.475 -3.97 4.32 2.582
14.65 -4.69 6.44 3.2594
5.85 -9.09 -1.86 2.4121
3.125 -9.04 0.07 3.5417
20.375 -5.58 1.91 2.9152
2.95 -6.42 0.44 0.6412
26.65 -5.66 5.3 4.2992
17.775 -6.04 4.23 1.8966
1.825 -6.83 -1.39 0.7112
0.125 -6.1 5.17 2.4022
2.675 -4.03 8.03 2.6847
17.5 -5.63 7.61 3.1876
9.55 -8 1.16 3.3042
0 -9.13 -0.96 1.2899
0 -8.38 3.51 2.6595
0 -7.51 3.08 0.8795
5.1 -7.2 5.65 2.4166
3.3 -11.38 0.54 4.0206
0.15 -9.39 -1.06 2.123
0 -10.09 -1.62 0.4342
29.375 -7.97 5.85 2.0816
17.625 -7.95 5.96 2.6145
0 -8.75 0.97 2.6559
0 -8.43 7.54 3.7683
0 -6.75 11.99 1.5662
0 -5.42 14.11 0.6667
0 -2.45 13.13 2.9701
0 -6.98 10.92 2.1014
0 -1.53 14.75 2.1073
0 -5.01 13.6 0.8501
0 -5.05 11.9 1.2777
0 -6.17 11.8 2.4081
0.15 -6.15 12.99 2.1799
0.425 -3.11 12.49 2.5137
0.2 -7.37 4.82 2.754
0 -6.35 -2.25 2.8742
0 -5.11 10.52 1.44
0.65 -2.23 12.89 2.5562
2.375 -2.73 12.16 5.8493
1.3 -6.64 1.14 3.3388
2.6 -10.23 -0.69 0.9498
8.425 -9.1 11.58 2.3077
0.475 -6.06 1.7 2.2083
3.9 -7.18 2.18 2.747
2.35 -7.87 -0.49 3.567
0 -10.34 -0.09 0.8937
0 -8.33 5.63 2.1773
0 -6.34 10.76 0.4378
0 -4.08 12.53 1.234
0.175 -3.55 11.47 1.9818
2.9 -2.6 7.8 3.8721
2.6 -6.27 1.76 4.6811
0.55 -7.15 -0.75 1.0802
0 -6.33 5.31 0.6699
0 -5.16 7.14 0.8433
0 -3.11 12.1 2.6881
0 -4.12 12.18 1.3959
0 -3.13 14.34 1.0461
0.85 -2.21 15.71 1.89
3.25 -0.81 13.54 2.8295
1.925 -6.45 2.62 2.9608
0.15 -5.43 -1.85 1.5635
0 -4.65 0.98 1.5825
0 -3.32 11.38 0.7133
0 -1.67 13.86 1.4091
0 -0.3 15.88 0.7194
1.275 1.85 16.94 4.2078
1.825 -3.34 7.38 5.3161
0.8 -8.52 0.53 4.1616
0.1 -7.6 1.59 3.5325
0 -5.68 7.03 1.9917
0 -3.73 11.22 2.2479
0 -3.23 14.95 1.0434
0 -0.62 16.74 2.0244
0 0.31 15.94 3.6115
0 -3.27 12.34 2.1531
0 -3.63 11.09 0.8713
0 -1.3 13.77 2.9151
0.7 -2.31 12.71 3.874
1.9 -5.38 3.96 3.4128
0.9 -9 2.88 4.6639
0 -6.68 4.45 2.3851
0 -2.57 10.63 1.0798
0 -1.87 13.51 0.6454
0 0.42 15.64 0.5365
0.225 2.7 17.71 1.3773
0.8 4.3 17.24 2.0698
0.375 -9.14 16.84 2.3096
0.025 -0.23 10.48 1.7715
0 2.27 13.92 3.4227
0 -0.95 14.42 4.4667
0.025 -5.69 8.67 3.8159
0.125 -6.04 3.6 4.0917
0.325 -4.35 4.9 2.3816
0.65 -4.16 6.03 1.612
1.5 -1.38 10.16 3.2967
2.325 -2.42 8.21 2.7347
0.95 -4.66 4.86 3.815
0 -4.28 7.4 1.9456
0 -0.75 14.95 0.6
0 -2.3 18.18 2.6474
0 4.7 17.49 2.941
0 2.95 16.09 2.7485
0 4.83 18.12 2.9222
0 6.4 19.18 2.965
0 6.13 19.05 2.1551
0 7.39 23.14 3.1847
0 8.3 23.59 3.1865
0 5.65 21.36 2.4043
0 5.74 20.81 4.0288
0 2 18.61 4.6816
0 1.33 14.55 5.1641
0 3.78 12.83 4.0547
0 3.55 17.59 1.1463
0 4.7 19.33 1.6025
0 5.86 22.49 3.1487
0 1.95 20.51 3.1657
0 0.97 15.81 0.8862
0 1.47 20.62 2.3297
0 1.97 17.53 3.208
0 0.37 17.27 2.5102
0 0.96 19.45 1.4251
0 3.1 17.41 1.0132
0 5.4 21.21 1.6272
0 4.92 21.97 2.1092
0 7 17.78 2.6223
0 5.81 20.18 2.2776
0 8.52 21.93 0.7913
0 9.75 25.88 1.4754
0 10.73 26.62 3.2244
0 7.95 24.94 3.0141
0 5.82 23.46 2.6554
0 4.88 21.57 2.7193
0 6.03 21.8 1.8881
0 4.9 20.57 0.8926
0 6.81 23.5 1.8627
0 7.4 24.76 2.4583
0 8.05 24.52 2.1289
0 7.8 23.34 2.2547
0 9.97 25.5 2.1301
0 9.01 25.01 1.8105
0 9.31 26.49 2.4173
0 10.83 25.81 3.351
0 11.08 25.52 3.5498
0 8.64 23.39 1.9335
0 9.54 25.05 1.2465
0 10.9 27.77 2.5794
0 10.29 27.07 2.788
0 10.82 27.55 2.6073
0 12.15 29.58 2.1787
0 9.21 28.98 2.1101
0 9.14 26.8 2.6504
0 7.61 26.6 1.0882
0 8.15 25.16 2.2715
0 9.11 26.07 1.9914
0 10.76 27.12 2.4153
0 10.88 26.83 2.6645
0 6.19 25.73 1.8992
0 5.93 27.05 2.2976
0 7.78 24.45 1.894
0 6.97 25.66 2.2277
0 7.05 25.65 2.4453
0 6.44 25.12 2.1075
0 7.06 24.24 2.4392
0 6.24 25.48 1.5292
0 5.93 25.7 1.9642
0 6.96 25.19 1.9894
0 4.98 24.63 2.0528
0 6.44 24.1 2.4922
0.075 8.38 23.04 2.8464
0.05 7.83 17.45 2.0359
0 5.34 22.41 1.9314
0 7 23.11 2.3416
0 4.43 14.95 1.0439
0 5.47 22.15 1.2495
0 6.71 23.78 2.2106
0 6.68 24.28 2.7033
0 7.7 24.81 1.1564
0 6.72 26.46 1.7844
0 6.82 26.94 1.8929
0 6.96 25.69 1.8813
0 6.44 25.23 2.2139
0 6.04 26.26 2.0398
0 8.12 23.54 1.7651
0 5.25 22.32 2.5493
0 10.25 26.35 2.1986
0 9.97 29.24 0.7233
0 12.54 30.49 2.4458
0 8.27 30.5 2.66
0 4.27 24.63 3.0144
0 4.69 13.7 2.2513
0 1.42 14.06 2.3688
0 0.98 16.24 1.0123
0 3.41 19.63 0.5269
0 4.41 24.1 0.4467
0 8.44 27.43 1.1467
0 9.06 27.44 1.3745
0 8.35 26.87 1.958
0 5.39 24.15 1.3164
0 4.44 24.63 2.6
0 6.13 22.91 3.0714
0 -0.49 9.83 2.1121
0 2.63 21.98 0.6793
0 2.96 18.73 0.7727
0 3.7 22.45 1.0116
0 3.73 22.46 1.7593
0 2.7 21.26 1.4406
0 2.16 20.77 0.7015
0 2.21 20.79 1.2735
0 0.27 21.91 1.6403
0 1.74 20.83 1.5282
0 1.26 20.78 1.5501
0 1.97 15.5 1.031
0 -0.49 19.09 1.0521
0 2.97 17.43 2.7094
0 1.89 17.02 0.9094
0 2.58 19.76 0.4571
0 5.35 22.63 0.988
0 6.41 26.03 0.4562
0 9.91 26.99 1.1111
0 11.72 28.11 0.5113
0 9.77 28.67 0.4875
0 7.22 28.16 0.316
0.025 7.5 23.27 0.5216
0.85 7.91 19.54 1.3865
11.225 7.45 21.9 1.6677
30.2 4.24 11.06 1.5333
0.425 2.49 5.94 1.0176
9.025 -1.31 7.92 0.8065
0.4 -0.8 6.11 2.1329
0 -4.28 7.98 0.8718
0 -1.71 12.99 1.8369
0 -1.57 15.76 1.6531
0 2.95 18.67 1.3548
0 2.21 19.64 2.4117
0 5.32 21.37 1.7536
0 5.26 21.31 0.8467
0 4.19 19.94 0.7286
0 4.31 20.01 1.3031
0.325 4.91 16.05 0.8603
0.175 1.94 11.64 1.1368
0 2 10.89 1.8676
0.05 0.46 17 1.066
0.025 1.97 14.11 2.0588
0.425 -0.17 11.82 1.8729
3.325 1.04 10.49 1.7223
6.575 2.79 5.86 4.591
2.7 -1.52 6.89 3.845
0 -3.37 6.65 1.6118
0 -6.13 6.66 3.0305
0 -6.18 8.16 3.2714
0.475 -1.07 11.37 2.1103
0.35 -1.25 12.32 2.0019
0.025 -3.11 4 0.9067
0 -2.69 9.48 1.9066
0 -1.61 12.62 3.3436
0 0.04 15.8 3.1409
0 3.45 17.28 2.1662
0 3.83 16.8 1.1337
0.3 2.5 15.91 2.3672
22.125 -0.11 12.67 2.9795
11.475 -4.72 4.22 2.8353
1.7 -7 2.7 0.5833
1.825 -6.58 3.85 1.6149
0 -6.84 1.6 2.648
0 -5.35 5.43 1.4672
0 -5.36 8.28 3.1586
0 -3.31 8.15 1.5249
0 -1.35 11.56 2.3932
0 -2.22 11.82 0.7886
0 -4.12 10.38 2.1747
0 -1.65 11.06 2.3485
19.5 -1.17 11.06 3.0671
36.55 -6.03 5.16 3.3773
26.925 -8.31 -2.96 5.4079
9.9 -8.1 -4.41 3.1523
11.25 -7.48 -2.28 4.3929
5.8 -12.37 -4.04 0.9817
0 -14.06 -5.3 3.3153
0 -13.4 -4.17 3.2929
11.725 -8.35 -1.16 2.8991
7.325 -12.41 -1.69 2.9458
0 -14.68 -5.48 2.1614
0 -12.62 -4.55 2.9909
0 -9.61 -0.25 2.2246
0 -7.07 4.66 2.5224
0 -1.09 6.47 1.6308
0.075 -2.31 5.56 1.7858
2.8 -3.68 3.06 2.0346
1.35 -3.44 5.25 3.1916
0 -5.64 1.95 2.3713
0.725 -3.85 5.98 1.7528
1.125 -2.17 5.8 1.0421
0.175 -1.16 3.97 1.3411
0 -0.57 5.36 0.5069
0 -5.88 5.46 2.2826
0 -5.4 5.49 1.5151
21.8 -3.78 8.16 1.8776
15.375 -6.15 3.45 1.8215
5.475 -6.88 0.27 2.4846
65.65 -6.68 -0.62 3.4729
97.625 -6.1 -1.68 5.3758
73.3 -5 1.01 6.3361
28.3 -6.07 2.49 2.0682
10.475 -7.28 -5.18 2.0795
5.4 -7.09 -2.84 2.2376
2 -6.02 -1.03 0.3595
0.15 -6.98 -0.06 2.7704
19.125 -7.87 2.3 5.1558
11.325 -6.86 1.67 1.9078
0 -7.97 -4.02 1.0899
6.325 -7.92 -3.33 2.2628
4.325 -6.03 -0.88 4.554
0.325 -14.98 -2.7 2.7912
0.5 -15.09 -5.74 1.2911
5.675 -14.58 -6.24 3.7239
19.925 -6.91 -5.41 4.7348
34.8 -7.46 -4.43 2.6207
0 -10.57 -3.99 3.164
0 -10.65 -4.91 3.8761
0 -8.95 0.08 5.5058
0 -8.88 -0.27 3.9417
0 -10.02 -2.76 1.8549
0 -10.03 0.86 1.0758
0 -11.16 -2.07 3.3135
0.55 -11.18 -0.25 3.1981
10.125 -6.77 -0.69 1.6141
0.025 -7.9 1.07 1.6345
0 -7.81 2.6 1.4719
0 -8.34 2.95 2.468
0 -6.99 4.48 1.0768
0 -6.4 6.52 0.6861
0 -6.08 3.61 2.2288
0 -5.71 7.59 1.3143
0 -8.26 9.06 4.3161
0 -8.25 5.98 3.6858
0 -11.99 4.72 2.7123
0 -5.31 9.22 3.7445
0 -7.07 5.2 2.124
0 -6.54 7.16 2.1906
0 -6.55 6.17 4.9721
0 -6.55 6.87 3.1897
0 -6.55 6.93 1.7915
0.85 -5.69 7.79 0.6067
18.25 -6.27 7.6 1.8098
6.125 -8 -3.4 1.6501
0 -9.45 0.57 2.0375
0 -11.52 2.17 3.081
0 -11.03 3.17 2.149
0 -8.05 5.02 2.927
0 -7.48 8.65 1.7385
0 -5.97 8.87 1.9477
0 -3.5 10.57 0.604
0 -6.77 9.83 2.1595
0 -9.01 9.86 3.6389
0 -10.2 3.64 3.8663
0 -10.03 4.82 3.9379
0 -7.88 8.18 2.6403
0 -6.21 10.38 1.3719
0 -6.67 8.95 3.1912
1.35 -7.64 9.01 3.8219
53.025 -6.24 6.82 6.0767
26.2 -8.56 -5.11 4.2402
29.6 -7.47 -4.7 3.2775
39.275 -7.52 -2.95 4.1529
5.925 -11.92 -4.01 0.8887
0 -11.92 -1.94 1.1709
0 -11.88 -2.01 0.3563
0 -10.84 1.82 0.2539
0.875 -10.25 0.85 2.3187
15.55 -8.56 -1.28 5.919
21.625 -11.96 -4.65 0.6785
0 -13.67 -6.26 0.4843
0 -13.18 -4.17 2.0804
0.575 -11.4 2.63 1.6781
5.7 -6.59 4.22 3.3641
11.725 -5.1 2.2 1.6987
1.75 -6.97 4.13 1.4439
0.475 -6.74 7.44 0.5963
13.725 -6.5 9.63 1.7538
31.475 -4.04 1.57 4.5786
0 -7.84 0.92 0.5878
0 -7.67 7.02 1.5135
0 -6.53 11.9 1.1222
0.075 -5.53 11.28 1.1803
0.05 -5.09 9.1 0.7722
0.2 -5.1 11.64 0.8333
0.375 -2.97 6 1.0326
1.7 -2.89 10.26 1.1866
33.45 -1.05 11.39 2.8194
0.95 -5.94 1.99 1.0186
26.1 -7.36 5.77 3.2269
27.65 -6.93 -2.55 4.9274
76.575 -6.85 -2.87 6.2664
8.95 -8.36 -1.52 2.7341
1.125 -8.48 1.16 0.8889
5.1 -8.39 1.31 4.4683
42.325 -8.35 1.04 5.3227
37.925 -11.64 -1 4.0798
21.25 -6.43 -1.55 2.9063
10.125 -7.17 -4.29 1.5842
0 -6.14 3.72 0.5649
0 -6.21 7.03 1.1985
0 -6.63 8.74 2.2595
0 -6.31 10.45 2.2216
0 -2.74 14 1.6012
0 -2.72 18.58 1.318
0 -3.53 16.44 1.158
0.25 -4.57 15.13 1.9912
0 -3.54 14.08 1.4842
0.225 -1.98 14.24 1.4974
4.325 -6.29 12.01 3.5718
7.45 -10.86 -3.57 1.3785
4.15 -10.38 -4.68 1.5288
0.275 -10.76 0.94 0.5963
0 -7.57 7.82 1.5193
0 -5.88 9.02 1.4502
0.075 -5.2 10.06 2.9491
0.275 -7.51 1.81 0.6347
0 -5.29 8.69 0.7525
0 -3.98 14.05 1.4376
0 -3.76 15.72 2.3991
0 -3.65 15.71 3.1102
0 -1.26 10.95 1.8512
0.55 -4.18 14.96 2.3393
19.975 -0.33 5.41 2.5152
1.25 -3.63 9.47 0.8617
0.175 -4.12 9.01 1.5618
0.1 -1.99 8.27 2.6462
2.1 -2.56 5.31 2.5516
0 -4.83 8.05 2.8642
0 -3.17 9.79 0.8395
0 -2.97 12.51 2.5876
0 -4.74 12.89 4.6861
0 -3.25 10.75 3.7408
0 -3.19 10.83 2.0133
0 -1.53 13.13 0.5336
0 0.65 15.83 0.8287
0 1.82 17.02 3.066
0 3.69 19.78 0.8087
0 3.62 19.45 1.6981
0 2.48 18.76 2.1854
0.6 1.33 15.99 3.2492
0.75 -2.57 7.89 3.497
7.325 -4.77 1.25 2.889
0 -3.48 11.32 1.7251
0 0.24 14.71 1.2131
0 1.35 17.47 0.5961
1.025 1.4 19.11 3.0349
11.675 -6.35 11.61 3.015
5.35 -6.35 0.23 1.123
8.525 -4.34 4.5 3.4983
17.35 -6.2 0.66 2.5203
2.95 -5.18 4.09 3.5967
0.275 -3.69 11.09 1.8704
0 0.55 15.17 1.9691
0 0.16 13.74 2.8767
0 -1.83 14.08 4.4267
0 -2.03 11.86 2.4873
0 -0.86 14.48 2.8528
0 -1.89 12.84 2.7981
0.25 -1.89 12.47 3.4739
0.625 -0.63 13.68 4.4231
12.675 -4.72 9.2 4.9852
2.975 -4.56 4.16 2.9372
0.075 -0.89 10.87 2.8211
0.15 -0.37 13.24 3.1477
2.375 -4.72 6.69 1.7985
0 -4.05 9.54 0.5835
1.125 -1.53 9.18 2.8153
20.15 1.45 4.33 1.4172
13.675 -1.44 10.76 3.594
0.025 -2.39 6.93 1.8653
0 -0.84 13.07 3.0827
0 0.88 15.82 1.6268
0 2.54 18.53 2.2109
0 3.03 19.09 3.0202
0 1.45 16.34 2.6056
0 3.03 17.38 2.7465
0 5.09 19.24 1.5723
0 6.22 22.07 1.8796
0 5.46 22.01 2.6055
0 3.52 19.21 1.1894
0 4.69 18.68 2.9664
0 4.54 19.78 2.0581
0 6.21 20.75 0.2427
0 6.43 23.06 0.3874
0 8.01 25.37 2.4613
0 7.28 24.49 2.9701
0 4.66 22.35 2.7312
0 4.27 22.85 2.7537
0 4.3 21.49 2.2561
0 6.16 22.83 2.2047
3.9 5.61 22.66 2.6912
22.375 3.68 19.25 2.5239
6.775 1.04 9.99 2.1976
0 2.23 17.97 0.7843
0 4.84 22.51 0.8421
0 8.09 24.33 0.7113
0 7.16 24.9 1.6624
0 8.66 24.85 1.9091
0 10.22 22.35 2.4996
0 10.83 24.74 2.8713
0 10.22 24.11 2.3133
0 9.16 24.66 2.5697
0 6.97 24.14 2.2063
0 5.88 23.55 2.3655
0 5.54 20.92 2.4186
0 5.22 21.19 3.1486
0 4.7 19.06 2.6317
0 5.72 17.87 3.168
0 4.09 17.37 3.0979
0 4.14 18.44 1.9801
0 3.7 20.13 1.4514
0 4.24 22.35 1.978
0 4.73 22.38 1.2426
0 5.34 23.41 2.3187
0 7.41 24.01 2.8579
0 7.5 23.52 1.8551
0 9.05 24.55 1.9676
0 6.89 26.15 2.1872
0 6.89 24.62 1.8456
0 5.96 23.99 1.7382
0 7.56 23.11 1.4619
0 9.22 25.8 2.2324
0.1 10.75 27.27 2.9563
0.15 12.84 27.24 2.1039
3.875 11.03 21.15 1.5446
0 9.16 25.13 1.9454
0 9.59 26.29 2.103
0 6.78 25.09 3.0488
0 5.96 21.87 2.2485
0 6.85 22.93 3.0397
0 6.11 22.57 2.3912
0 7.45 23.07 1.7663
0 6.88 24.57 1.8314
0 6.86 24.54 2.1829
0 6.91 23.69 2.6458
0 6.82 24.1 1.5496
0 8.39 26.13 1.2882
0 7.13 25.75 2.0783
0 7.38 24.14 1.5474
0 6.32 23.56 1.0453
0 5.8 24.06 1.4823
0 6.53 24.28 1.339
0 7.53 25.2 2.5311
0 5.91 22.97 2.003
0 5.28 22.45 1.4064
0 3.25 22.44 1.0487
0 4.82 24 0.9895
0 6.94 25.1 2.0604
0 8.8 25.55 1.298
0 8.57 25.29 0.8776
0 7.64 27.92 1.1156
0 9.15 27.89 1.4674
0 8.68 27.95 1.6083
0 6.01 26.81 1.9266
0 5.69 24.64 1.8505
0 4.9 23.56 0.7923
0 5.4 23.55 0.7622
0 5.51 25.74 0.8992
0 7.09 25.15 0.9159
0 8.51 25.75 1.7947
0 7.06 23.72 0.613
0 7.62 25.2 0.8798
0 7.68 26.8 0.7701
0.125 8.16 26.58 1.6898
6.45 5.69 26.53 1.1131
4.05 6.06 21.04 1.4286
19.8 3.19 16.84 1.3243
1.025 4.79 19.22 0.5759
28.2 4.75 21.8 1.0602
0 4.78 19.2 2.4204
0 5.01 20.9 1.9375
0 4.75 18.65 1.6045
0 3.24 18.65 0.2376
0.05 3.76 21.86 0.2854
0.025 7.39 24.12 0.8967
0 8 24.63 0.4052
14.075 8.05 25.18 0.333
0 8.62 24.8 0.6641
0 8.16 26.3 1.6598
24.525 4.43 21.94 2.299
0.275 3.62 14.76 1.7219
0 3.81 18.78 0.429
0 7.53 22.06 0.6549
0 7.92 23.3 1.0953
0 5.04 24.6 1.5351
0 3.41 23.56 2.4433
0 3.92 19.84 1.9889
0 3.32 17.92 2.1494
2.325 2.36 15.1 2.3748
38.125 -0.22 9.63 3.886
21.975 -5.16 8.82 0.7248
3.65 -6.19 8.74 0.9476
0 -5.7 7.96 1.2705
0 -2.53 12.35 1.2806
0.225 -0.34 14.08 1.6084
6.1 0.78 8.81 1.6509
0 -0.51 15.34 0.8994
0 0.01 17.12 0.6024
0 4.77 20.24 0.5538
0 1.69 19.73 1.1202
0 1.7 17.2 1.6698
0 2.26 17.54 1.8215
0 3.23 18.11 1.8722
0 1.12 19.65 0.6668
0 1.44 16.42 0.5959
0 2.39 17.85 0.4225
0 2.87 16.39 2.221
0 0.49 18.09 1.847
0 1.49 19 2.313
0 -0.55 16.31 1.341
0 -1.82 11.9 3.5952
0 -4.49 10.3 3.4487
0 -4.91 9.83 2.1722
0 -1.43 12.75 0.8642
0 -0.99 14.46 2.2299
0 -0.42 15.13 0.1506
0 -0.72 14.71 3.1951
0 -0.36 13.03 4.2007
0.525 -5.52 12.57 3.9138
9.2 -6.9 9.89 1.872
0.725 -8.67 -1.5 0.3728
10.275 -7.65 -0.41 1.4842
0.225 -8.17 -0.99 0.9656
0 -9.12 1.74 2.365
0 -8.41 3.99 3.3285
0 -7.85 7.41 3.0276
0.375 -7.02 7.09 3.3643
3.975 -1.89 5.3 1.0479
0 -3.88 5.77 0.2084
0 -3.3 6.98 0.5801
0 -6.1 7.01 0.5128
0 -6.03 7.05 0.8836
0 -5.62 7.18 1.0578
0 -6.51 8.07 3.317
0.2 -6.24 2.89 2.222
0.45 -5.73 -0.26 3.9304
3.825 -7.98 -0.84 1.5535
0 -8.41 2 2.1707
0 -8.24 5.63 3.4204
0 -8.22 13.05 2.2279
0 -8.19 5.14 0.8309
0 -7.54 5.39 2.9833
0 -6.38 6.93 2.3944
0 -5.27 7.32 1.0699
0 -2.7 8.24 1.8644
0 -6.62 8.45 3.2421
0 -6.68 6.45 9.0579
0 -6.69 2.08 3.8195
0 -8.87 5.99 4.5059
0 -10.03 4.2 2.7254
0 -9.96 1.64 3.5015
0 -11.05 2.13 3.0724
0 -10.47 1.62 3.6837
0 -10.35 3.33 3.8665
0 -9.78 2.87 4.3566
0 -8.78 3.02 3.2564
0 -9.84 3.82 1.1627
0 -11.01 3.59 1.6716
0 -10.61 0.34 1.4712
0 -9.62 0.91 1.155
0 -9.54 0.98 0.9193
0 -9.94 0.39 5.7999
0 -10.15 2.87 4.8343
0 -10.91 2.98 2.6782
0 -10.52 3.8 4.673
0 -11.98 1.7 4.6636
0 -10.48 -1.15 3.4622
0 -11.99 2.19 4.5773
0 -11.06 5.07 4.001
0 -10.95 3.32 4.9471
0 -10.28 3.02 3.3346
0 -8.67 3.61 1.3476
0 -8.67 5.57 1.1701
0 -8.08 4.06 1.1763
0 -5.84 8.48 0.9626
0 -6.96 7.14 1.142
0 -9.21 6.04 2.4018
