1.35 -3.14 7.06 1.4684
8.75 -4.15 6.43 1.5331
4.75 -6.79 3.96 1.7123
0.65 -9.47 1.31 4.1187
2.775 -8.68 0.98 1.8898
1.425 -3.86 -1.08 0.4373
0 -3.58 4.63 1.4727
0 -1.24 7.74 0.6889
0 -3.78 8.86 4.3064
0 -3.49 9.24 3.3102
0 -2.4 10.87 2.4575
0 0.93 12.1 5.4352
0 0.86 13.08 3.8992
0 -2.67 13.31 3.6495
0 -1.79 14.62 3.8319
0 -1.9 14.87 4.8615
0 -1.55 13.2 4.2729
0 -1.41 12.56 4.8476
0 -1.29 12.33 4.9582
0.05 -1.04 11.53 3.4862
12.275 -0.37 12.41 2.6915
25.8 2.7 10.83 2.092
55.475 2.98 6.03 1.6133
41.875 0.69 5.82 2.5469
12.1 -3.48 3.1 3.4685
2.75 -8.81 -2.56 0.8188
0.575 -9.56 -0.14 1.3031
0 -7.91 2.47 1.34
0 -4.17 6.4 4.2287
0 -3.47 11.44 4.4921
0 -1.72 12.59 3.0898
0 -2.06 11.91 3.2332
0 -2.86 9.69 3.9108
0 -2.96 12.96 3.7698
0 0 14.37 2.9762
4.35 0.54 13.32 2.4554
7.6 -1.96 5.2 2.7807
2.175 -3.31 3.27 2.8662
17.7 -3.63 5.68 1.2161
10.8 -7.07 2.96 3.536
3.225 -12.14 -1.46 0.476
8.5 -10.75 -0.18 2.7772
6.65 -6.35 0.73 1.4023
16.125 -7.47 0.81 3.1991
9.725 -6.21 -1.49 3.6727
3.025 -4.34 1.06 5.8978
20.675 -3.77 0.4 5.4089
19.825 -3.89 -0.05 4.3439
3.375 -6.19 -1.51 1.3576
0 -6.77 2.73 3.4397
0 -5.41 7.68 2.576
6.5 -4.91 8.84 3.733
26.4 -5.59 7.67 3.6251
16.625 -0.33 2.74 2.6516
4.275 -2.6 3.63 1.6901
1.7 -1.72 10.07 1.5763
0.7 -2.3 4.38 2.8546
0 -4.59 7.06 0.4565
0.025 -3.22 9.28 3.7085
14.65 0.15 10.34 2.8611
26.85 0.63 6.71 4.219
45.675 -0.65 6.31 4.9328
32.15 -3.85 2.13 2.8949
8.9 -8.04 1.58 0.8489
1.3 -6.43 2.59 1.8731
0 -8.16 1.71 0.3885
0 -8.89 6.17 1.3485
0 -4.61 8.7 2.5668
0 -8.7 3.58 0.4941
0 -8.35 6.95 0.8334
0 -4.38 7.98 2.2034
0 -4.4 10.56 2.4207
0 -3.47 12.03 1.4174
0 -3.1 8.76 2.6483
0 -1.57 10.57 3.1745
0 -0.97 13.09 1.0122
0 -0.47 13.65 1.0041
0 1.04 15.87 0.9769
0.25 -0.24 16.23 0.6792
23.3 0.55 15.56 1.9031
16.225 -4.93 7.88 4.0884
1.4 -9.93 -0.04 2.1212
0.4 -8.21 4.19 1.9765
0.225 -5.41 10.57 0.496
0 -2.82 12.02 1.7898
0 -0.6 14.92 2.0757
0 -0.31 14.75 1.3608
0 -0.51 15.69 3.4368
0 -3.32 10.75 2.0641
0 -2.95 11.15 0.3009
0 -1.52 12.6 2.6152
0 -0.68 15.39 2.5587
0 -3.04 12 5.1911
0 -5.95 7.06 1.9822
0 -4.94 11.07 2.8091
0 -2.33 15.29 2.2214
13.675 -0.1 17.62 1.1667
13.3 -2.75 13.64 3.2379
12.975 -2.9 3.44 1.8373
6.425 -2.57 3.96 2.2051
0.225 -3.68 4.49 3.617
0 -2.36 8.83 1.419
0 -0.72 13.01 2.2107
0 -0.23 13.22 4.7613
0 -7.72 7.17 5.9899
0 -5.98 3.78 3.0413
0 -3.29 11.95 1.6433
0 -1.01 16.03 2.8673
0 2.12 19.07 2.8322
0 5.4 23.04 1.5079
0 7.38 24.92 1.0843
0 7.01 25.16 2.0365
0.225 4.64 23.87 2.8261
2.2 2 18.63 3.2273
1.225 -4.73 6.68 3.3567
0 -2.63 10.96 1.8197
0 -1.1 13.26 2.3424
0 -2.89 12.08 3.2288
0 -3.55 9.99 1.5879
1.575 -1.26 12.2 1.8348
60.875 2.87 15.55 1.9727
42.725 2.75 12.51 2.6076
12.425 2.71 6.93 3.9194
7.3 1.75 10.11 1.9875
1.425 4.66 13.43 3.9414
0 2.76 16.51 2.2195
0 3.51 19.09 2.786
0 4.37 19.23 1.6592
0 3.85 20.16 1.2268
0 4.91 20.18 0.9077
0 4.89 21.88 2.948
0 3.37 20.67 3.2926
0 3.34 18.47 2.4407
0 3.99 19.06 3.0105
0 5.08 20.13 1.7675
0 7.48 22.56 1.6921
0 10.7 27.55 0.411
0.9 11.46 29.56 2.3566
0.55 9.64 28.68 2.6841
0 6.41 22.94 1.4952
0 5.88 21.92 0.8707
0 6.76 22.96 2.3961
0 6.74 22.79 2.957
0 5.41 21.88 2.6938
0 4.27 20.92 1.8506
0 6.23 21.55 1.3659
0 8.03 23.69 0.8409
0.3 9.38 25.58 1.8816
0.175 9.32 24.69 2.5327
7.4 10.27 24.24 3.2333
4.45 8.42 22.58 2.1864
0 8.24 22.33 1.9963
0 7.53 19.67 2.244
0.6 7.5 18.43 0.4294
6.7 4.71 17.77 2.1189
5.675 1.77 15.46 3.6006
4.05 0.83 9.07 2.3823
1.95 2.14 11.17 2.6863
0 3.74 16.64 2.5359
0 5.47 18.71 3.3794
0 4.93 17.8 3.0702
0 3.46 16.74 3.2768
0.925 4.13 18.42 2.2773
1.125 5.83 15.26 3.5825
0.375 3.52 16.36 2.4344
0 4.05 16.99 2.4308
0 4.91 17.61 2.3965
0 6.95 18.95 3.0084
0 7.39 21.89 1.785
0 8.98 25.77 2.6618
0 5.79 24.67 3.1442
0 3.65 19.7 3.1909
0 4.53 18.37 1.3773
0 6.81 21.76 0.7741
0 9.12 25.53 1.5249
0 10.02 27.73 2.7769
0 8.96 26 1.6334
0 10.45 26.11 0.9053
0 11.21 30.88 0.5904
0.15 12.92 31.72 2.9451
0.1 12.55 31.47 2.8824
0 11.75 27.55 2.2605
0 12.24 29.04 1.7535
0 10.78 27.72 2.9025
0 10.09 27.81 2.584
0 9.52 26.61 2.8486
0 8.43 25.69 2.6188
0 6.96 24.32 2.8175
0 6.47 23.91 2.588
0 6.82 23.43 2.5592
0 7.14 23.73 1.9604
0 8.68 25 1.9195
0 10.19 25.99 2.3662
0 10.22 26.16 1.5275
0 10.31 28.15 0.9081
0 10.94 28.74 1.4902
0 12.05 31.09 2.0041
0 13.15 30.92 1.7851
0 14.34 31.78 2.0193
0 14.34 32.18 1.7461
0 14.5 33.06 2.45
0 12.81 31.74 2.5739
0 11.95 29.84 2.332
0 13.74 30.4 2.0983
0 12.64 29.46 2.1971
0 11.64 28.94 2.3265
0 11.92 30.19 1.9926
0 12.99 30.99 1.6681
0 14.13 31.22 1.9662
0 13.71 30.31 2.7938
0 14.12 29.6 2.4961
0 13.32 29.8 2.5704
0 12.9 29.06 2.478
0 11.82 28.6 3.1829
0 9.41 26.01 2.7676
0 9.74 25.91 2.4054
0 10.35 26.51 2.5468
0 7.37 24.45 3.2548
0 3.89 17.21 1.8977
0 6.32 18.47 1.3485
0 8.59 23.42 0.3347
0 10.66 26.49 1.1397
0 11.74 28.69 3.018
0 11.34 29.98 2.8776
0 10.49 28.44 3.0771
0 9.11 26.41 3.0783
0 6.61 24.94 1.4122
0 7.1 24.29 0.4297
0 9.1 26 0.7611
0 10.43 28.06 0.9634
0 12.07 30.1 1.304
0 12.71 30.78 2.1298
0 13.1 30.39 2.305
2.95 12.73 31.87 2.2581
3.3 10.22 27.29 3.1956
0.85 8.85 23.38 1.6686
0 8.74 24.41 1.5692
0 8.54 26.07 0.5937
0 8.97 27.77 1.5297
0 10.71 27.41 1.2533
0 11.16 27.86 1.4364
0 11.16 29.6 2.8753
0 11.72 28.32 1.983
0 11.03 27.88 1.063
0 11.44 28.51 0.2337
0 12.12 29.39 1.5222
0 11.41 29.06 2.1533
0 8.87 27.28 2.1653
0 7.44 24.98 2.0754
0 7.24 22.62 1.4938
0 7.35 22.84 0.4206
0 8.28 24.32 0.9384
0 9.98 26.74 0.3788
0 10.92 28.46 0.9848
0.275 12.39 30.82 1.5481
0.775 9.73 26.55 2.3829
0.625 6.69 20.77 2.8679
0.125 5.55 17.15 1.4972
0 6.59 22.62 1.3109
0 9.07 25.3 0.4146
0 9.86 26.6 1.0665
0 10.43 29 2.2259
0 8.99 27.43 0.8587
0 10.33 26.25 2.5124
0 10.34 29.08 2.4032
0 10.13 29.28 1.5237
0 9.45 28.54 0.8757
0 9.58 28.04 0.8028
0 10.94 29.8 1.1762
0 10.51 30.83 0.4678
0 10.39 30.96 2.1503
0 9.8 26.13 2.5502
0 -0.76 13.56 2.3161
0 -0.01 17.12 2.4571
0 2.98 19.4 0.7809
2 3.77 19.46 3.0685
1.55 -1.97 15.14 3.4389
0.2 -3.89 5.35 0.3099
0 -3.57 11.68 3.0799
0 -0.9 14.71 1.5755
0 0.78 15.68 1.2937
0 1.73 17.77 0.7483
0 2.8 18.41 0.6794
0 1.04 18.49 1.9702
8.525 2.77 17.08 2.0473
74.55 2.02 11.26 6.6974
42.5 3.85 9.67 4.5278
0.5 5.51 12.33 0.8722
0 5.34 18.46 2.1009
0 4.46 19.81 1.0388
0 7.39 22.95 1.8289
1.8 5.2 17.96 2.3104
1.075 -1.09 11.49 1.849
0 -0.61 12.02 1.0362
0 1.42 15.53 0.6166
0 2.13 16.83 1.0446
0 3.95 18.26 1.1239
0 3.62 16.23 1.8044
0 3.46 17.54 1.0978
0 2.36 18.19 4.4574
0 -2.18 9.95 4.9289
0 -4.17 6.8 0.7852
0 -3.54 9.16 0.0768
0 -0.75 15.05 0.8348
0 2.16 16.9 0.8082
0 4.14 18.26 1.2666
0 4.06 20.03 1.1722
0 4.02 20.35 1.8063
0 2.27 18.58 2.4061
0 -0.45 13.06 0.8141
0 -0.38 12.56 1.4966
0 -2.27 10 1.8503
0 -1.69 11.14 1.1954
0 0.14 11.72 0.6834
4.925 1.79 12.31 0.384
4.975 -0.73 11.47 1.9073
1.025 -4.56 3.46 1.1811
0 -4.42 5.41 1.0266
0 -4.03 6.63 2.898
0 -2.77 9.79 2.1287
0.225 -1.33 12.19 1.6638
0.125 -1.27 12.6 1.6128
0.375 -3.33 8.56 2.4038
4.225 -3.05 11.02 3.9748
2.4 -3.37 8.58 1.0438
0 -2.9 4.94 0.6109
0 -3.57 7.48 2.3393
0 -2.03 9.21 3.7088
0 -0.77 10.69 4.0913
0.525 -0.93 12.09 2.636
2.275 -0.36 12.67 1.0852
1.175 -3.68 7 5.2838
0 -2.46 5.6 5.063
0 -2.21 7.6 3.9322
0 -2.13 10.77 1.8057
0 -3.33 10.12 2.3816
0 -4.89 12.06 2.2226
0 -3.79 8.22 2.1038
0.025 -4.25 9.11 0.8254
18.475 -6.61 4.28 2.3896
16.65 -6.92 -0.3 0.8364
3.325 -14.01 -3.88 0.8511
0 -12.94 -4.04 1.9014
5.6 -10.66 -0.76 3.1105
36.3 -5.01 2.32 2.7209
67.125 -0.93 3.1 3.7004
32.15 -2.84 3 4.3153
3.45 -3.82 -0.12 0.9033
0 -4.66 1.48 3.1249
0 -2.54 4.7 2.5432
0 -1.68 5.86 2.1931
0 -1.63 7.96 2.7531
0 -1.56 7.31 4.0798
1 -1.39 7.52 2.8424
11.025 -1.1 8.92 1.9042
8.95 -4.75 5 3.6197
0.55 -8.61 0.94 2.529
0 -5.11 5.22 3.9583
0 -4.62 5.82 3.9121
6.1 -4.46 6.24 4.0634
3.675 -3.76 4.31 2.0658
2.45 -4.77 1.95 3.1762
9.325 -4.64 2.83 0.8699
4.8 -2.93 2.29 1.5461
0.7 -3.91 1.66 2.6327
0.45 -3.48 4.85 2.2314
0.05 -2.86 5.15 1.1213
0 -2.98 7.17 3.8884
0 -4.1 9.55 2.8364
0 -2.18 9.4 2.5224
0 -2.18 8.39 2.9951
0 -1.19 9.23 2.7786
0.55 -0.22 10.09 3.0583
1.375 0.12 9.89 2.3054
0.6 0.3 6.25 2.4739
1.725 0.3 7.86 3.1371
21.95 0.27 10.92 4.5251
13.625 -1.68 5.62 2.0816
0.625 -5.49 3.91 1.5056
0 -3.34 6.56 3.3617
0.775 -2.48 9.41 2.1053
12.525 -2.34 8.66 2.7062
29.575 -2.06 4.91 4.8009
29.175 -2.28 1.84 5.6917
33.925 -3.92 -0.18 6.5931
31.575 -5.45 -0.26 3.9686
17.7 -5.69 -1.34 3.8174
4.775 -6.81 -2.12 1.0808
1.175 -8.23 1.02 2.3159
3.175 -5.93 0.97 4.0547
1.5 -2.56 2.3 2.8797
0 -4.05 4.59 1.4264
0 -5.83 6.73 2.9187
1.625 -3.83 5.71 3.1818
1 -3.43 6.74 1.4731
0 -6.33 4.75 1.0315
0 -8.5 5.34 1.7573
0 -4.06 6.22 2.0067
0 -3.19 6.5 0.6714
6.85 -2.96 7.4 2.8955
10.975 -1.8 5.36 3.2808
11.55 -1.34 3.33 1.6761
4.8 -3.18 1.23 2.3297
1.85 -4.57 1.28 1.5164
1.375 -3.83 2.08 2.1906
0.275 -5.96 1.29 0.4668
0 -5.45 3.66 1.225
0 -3.17 5.48 1.3525
0 -3.27 8.6 1.297
0 -1.87 10.57 1.5065
0 -2.35 12.14 0.9279
0 -0.9 11.57 1.7259
0 -0.6 12.02 2.4816
0 -1.32 13.97 0.9809
3.225 -2.37 12.01 1.1811
5.65 -1.02 6.95 2.107
10.375 -2.68 3.76 2.7897
4.9 -7.95 0.48 2.4248
25 -6.94 6.13 3.8326
19.375 -2.96 3.55 2.7745
2.225 -5.2 3.9 0.7859
26.7 -3.56 8.27 4.6824
17.4 -1.86 6.84 1.2537
0.825 -3.61 1.82 0.4728
0.575 -2.95 8.62 2.4113
9.275 -0.67 10.32 2.6806
18.775 -2.14 2.51 3.348
8.05 -5.6 1 2.9169
0.05 -7.14 0.56 1.3451
0.025 -4.45 5.1 2.5847
0.325 -4.92 7.46 0.7955
3.4 -2.01 7.52 2.4697
4.625 -9.96 1.34 3.6553
1.6 -7.3 2.53 1.9629
0 -7.17 1.68 0.5429
22.925 -4.81 7.79 2.3395
13.5 -5.95 6.81 2.3455
0 -6.19 5.25 2.785
0 -5.09 9.65 3.9018
0 -2.01 15.23 1.4006
0 0.04 15.63 0.7778
0 0.17 15.91 2.9787
0 -5.78 14.69 2.2557
0 -0.03 17.21 2.0352
0 -0.48 15.76 0.5417
0 -1.17 13.91 1.3341
0 -2.04 13.19 2.1786
1.1 -1.76 14.31 2.1795
3.3 -1.91 14.2 2.4583
1.75 -5.59 6.93 2.1601
0 -3.68 9.94 2.8846
0 -2.86 13.5 1.3117
5.575 -0.83 14.44 2.8191
18 -0.58 14.18 5.5474
9.175 -4.87 3.05 2.9377
1.05 -7.8 2.71 0.6837
8.925 -5.94 4.47 2.374
5 -4.41 2.65 1.8763
26.125 -4.86 3.46 2.7727
15.4 -5.67 2.23 3.1757
0.05 -6.94 2.36 0.562
0 -4.97 7.76 2.3558
0 -2.86 12.83 0.3542
0 -1.21 14.27 1.7448
0.625 -0.31 13.89 1.9275
19.875 -1.68 7.89 3.9561
15.675 -3.3 3.12 4.5467
3.725 -4.61 1.65 1.0935
0 -3.63 7.27 0.6397
0 -2.73 8.63 0.8201
0 -1.29 13.6 2.2571
0 -1.48 13.08 1.2716
0 -0.95 15.53 1.1844
6.275 0.81 17.52 1.5788
18.775 1.64 14.83 2.7133
10.3 -4.51 3.96 3.0308
0.775 -3.03 0.32 1.7274
0 -1.99 3.35 1.1537
0 -0.96 13.69 0.7186
0 1.8 15.88 1.2682
0 2.87 19.32 0.7509
11.75 3.6 19.12 4.4828
12.85 -2.64 7.96 4.9857
3.775 -6.1 2.31 3.6964
0.075 -5.9 4 3.2142
0 -2.7 10.16 1.7617
0 -1.23 13.65 1.7896
0 0.72 17.82 1.0649
0 2.46 19.05 1.9886
0 1.68 17.84 3.5223
0 -1.07 13.39 2.249
0 -1.75 13.77 0.8354
0.075 0.06 15.97 2.7572
3.375 0 14.67 3.6096
19.675 -2.14 5.41 3.3799
10.675 -6.77 4 4.0221
0.025 -4.88 7.07 2.0829
0.575 0.23 14.05 1.1691
0.35 1.68 17.12 0.7448
0 2.22 18.2 0.6222
1.1 5.37 20.15 1.3232
9.2 6.52 19.53 2.1381
5.125 1.52 10.61 2.0368
0.375 2.83 12.98 1.6034
0.225 4.55 15.78 3.3297
1.75 -0.01 16.1 4.2686
2.15 -4.22 9.16 3.5733
1.05 -3.78 5.17 4.0753
1.45 -1.73 9.15 2.3022
8.725 -1.93 8.84 1.5826
15.825 1.22 11.32 3.1428
19.475 -0.48 7.97 2.4071
7.7 -2.95 6.7 3.4557
0 -2.02 9.1 1.6211
0 1.52 16.88 0.61
0 5.23 20.41 2.5157
0 7.7 19.49 2.9956
0 5.18 18.21 2.4144
0 6.48 19.67 2.5694
0 7.83 20.68 2.7094
0 8.46 21.42 1.9261
0 9.59 25.36 2.8262
0 8.49 25.47 3.0347
0 7.64 23.25 2.356
0 6.73 22.96 3.8284
0 2.24 19 4.5372
0 3 15.22 5.167
0 6.86 17.91 3.9726
0 6.71 21.8 1.0248
0 7.68 23.18 1.7635
0 7.94 24.97 2.8983
0 4.35 23.16 3.1441
0 3.37 18.51 1.0225
0 4.24 21.82 2.2908
0 4.13 20.22 3.3018
0 3 17.63 2.5817
0 4.37 19.8 1.6334
0 5.7 20.51 0.8486
0 7.87 23.97 1.7357
0.325 8.42 25.04 2.2193
0.175 9.79 22.1 2.7235
0 7.95 22.23 2.4098
0 10.3 25.04 0.8981
0 12.24 28.63 1.5006
0 11.97 30.78 3.2189
0 9.53 27.2 2.954
0 7.18 25.26 2.6888
0 6.95 24.24 2.8023
0 8.49 22.99 2.1115
0 7.44 23.11 1.113
0 9.06 25.63 1.8136
0 9.69 27.65 2.2931
0 10.19 26.12 2.3092
0 10 25.92 2.2111
0 11.61 27.15 2.0796
0 11.3 27.67 1.8516
0 11.94 29.13 2.4323
0 12.86 28.5 3.2714
0 12.71 27.16 3.371
0 11.02 25.59 1.6554
0 11.69 27.17 1.2137
0 14.13 29.94 2.6544
0 13.8 31.08 2.795
0 13.2 30.94 2.598
0 11.59 31.33 1.9295
0 11.69 29.73 1.9607
0 11.22 27.85 2.643
0 10.51 27.13 0.9895
0 11.17 27.1 2.2559
0 11.76 28.21 2.0602
0 13.1 29.68 2.5766
0 12.9 28.95 2.8422
0 11.72 26.56 2.0358
0 9.46 25.34 2.516
0 10.09 26.57 2.1614
0 9.48 26.88 2.4902
0 9.84 26.55 2.4378
0 9.03 26.11 2.0466
0 9.23 26.21 2.4679
0 8.77 26.85 1.6213
0 9.27 27.08 1.9929
0 9.55 26.93 2.0833
0 8.86 26.11 2.2123
0 9.11 26.03 2.5749
0.275 9.43 25.3 3.0047
0.15 8.67 23.51 2.1897
0 8.3 23.99 2.104
0 8.21 24.03 2.4031
0 7.54 22.26 1.0064
0 8.37 24.04 1.2961
0 9.69 25.3 2.2424
0 9.75 25.55 2.8355
0 9.54 26.11 1.1025
0 10.29 28.21 1.6773
0 10.46 28.6 1.805
0 8.46 27.28 1.935
0 9.16 27.08 2.2592
0.05 9.69 27.73 2.0603
0.025 7.19 23.93 1.701
0 7.85 23.23 2.6569
0 8.62 28.25 2.2027
0 13.43 32.13 0.6499
0 14.69 33.8 2.4745
0 11.34 30.29 2.4433
0 6.88 26.4 3.0013
0 4.44 14.53 2.1883
0 3.63 15.51 2.4263
0 4.39 18.05 1.2904
0 6.76 21.65 0.8139
0 9.51 26.19 0.5691
0 10.35 28.91 1.2521
0 10.24 29.39 1.3397
0 9.89 28.54 1.9164
0 8.7 26.2 1.437
0 8.59 26.26 2.5243
0.05 6.41 24.75 2.9758
0.025 1.95 10.19 1.9794
0 1.82 16.55 0.7515
0 3.77 20.43 0.7347
0 6.98 23.99 1.1192
0 7.32 24.64 1.8184
0 6.33 22.38 1.4838
0 6.32 22.42 0.8974
0 6.48 22.75 1.5844
0 6.79 23.56 1.6204
0 6.85 22.42 1.5684
0 6.6 22.27 1.5158
0 4.54 18.85 1.1379
0 4.46 20.67 1.0132
0 4.38 18.68 2.7458
0 3.44 16.04 0.9372
0 4.17 20.77 0.5525
0 8.07 24.58 0.9238
0 10.87 28.57 0.4015
0 9.9 28.78 1.2092
0 11.88 30.04 0.5166
0 12.23 31.1 0.5604
0 11.49 30.41 0.2933
0 11.34 27.38 0.489
6.025 10.78 24.68 1.3674
28.45 9.11 24.6 1.7719
16.775 6.28 15.33 1.4091
1.425 4.55 9.57 1.2701
1.8 1.72 10.2 0.7653
2.55 1.78 12.06 2.2798
0.35 0.93 10.53 0.7213
0 2.92 15.67 1.8216
0 5.04 17.22 1.669
0 6.56 20.42 1.5893
0 7.54 21.51 2.4578
0 7.88 23.69 1.6586
0 8.01 23.29 0.7572
0 7.55 23.14 0.7226
0 7.43 23.11 1.2732
3.3 7.6 18.84 0.9552
1.85 3.08 14.41 1.1668
0 4.01 13.79 1.7845
0 3.82 19.65 1.0501
0 4.96 17.49 1.924
4.5 2.73 14.6 1.6404
24.325 3.86 13.7 1.7237
80.6 4.68 7.48 5.0586
36.3 -0.08 8.04 3.6482
0.175 -1.21 8.99 1.4709
0 -3.44 9.77 3.0741
0 -2.67 10.4 3.4218
3.175 2.49 14.3 2.0599
3.275 1.47 14.81 1.8889
0.625 -0.47 5.76 0.8222
0 0.18 12.21 1.8091
0 1.09 14.59 3.1656
0 3.85 17.84 2.9774
0 5.91 19.9 1.9598
0 6.14 20.12 1.1973
1.375 4.51 18.64 2.2395
22.475 2.51 15.17 3.3338
13.6 -2.83 5.25 2.5858
3.1 -4.77 4.53 0.7606
2.125 -2.88 6.21 1.6112
0.025 -4.21 4.29 2.4097
0 -1.69 8.53 1.4876
0 -2.65 10.02 3.0854
0 0.6 11.84 1.5701
0 1.83 14.12 2.5961
0 0.99 14.46 1.1369
0 0.19 12.96 2.2027
0 -0.53 13.65 2.2026
22.475 0.02 12.55 2.7593
37.175 -4.52 5.05 3.3206
30.35 -5.8 -0.85 5.1993
17.575 -5.36 -0.71 3.4205
18.2 -4.59 0.1 4.3953
7.75 -9.9 -2.09 1.2014
0 -10.48 -0.67 3.4722
4.6 -9.32 -1.33 3.3471
14.75 -6.04 3.16 2.9279
11 -10 -0.78 2.5201
0 -11.72 -1.63 2.4145
0 -8.65 -0.26 3.0397
0 -4.83 3.31 2.2433
0.025 -2.58 8.06 2.5525
0.075 -0.5 4.7 1.592
2.175 -0.29 6.7 2.0316
21.95 -0.33 4.72 2.1759
10.75 -0.84 8.1 3.3273
0 -2.66 5.32 2.2745
8.025 -1.13 8.45 2.0514
8.75 0 6.79 1.1303
2.075 1.03 5.71 1.5452
0.125 -0.76 7.47 0.456
0 -0.9 9.35 2.2237
0 -0.22 8.54 1.3692
25.275 -0.3 8.51 2.0585
15.975 -3.49 3.97 1.5109
4.825 -5.69 2.53 2.6985
62.625 -5.85 2.53 3.4123
96.525 -1.55 2.84 5.107
74.925 -0.56 4.41 5.9152
27.375 -3.61 5.95 2.5456
9.975 -3.71 -2.12 2.474
6.125 -3.13 1.24 2.2931
2.925 -3.2 1.6 0.5309
0.9 -4.03 3.56 2.9569
19.625 -3.75 6.27 5.3026
11.25 -4.53 5.69 2.2093
0 -5.15 0.19 0.975
60.25 -4.68 2.47 2.3974
40.675 -2.83 2.09 4.5671
2.575 -12 0.12 2.3857
3.9 -12.62 -3.57 1.514
23.625 -11.82 -2.25 4.0984
19.375 -6 -0.66 4.5979
6.275 -5.56 -0.66 2.5145
0 -7.66 0.14 3.1516
0 -7.05 1.76 3.7966
0 -4.85 3.6 5.2048
0 -4.56 4.62 3.79
0 -5.45 4.54 1.972
0 -5.56 3.52 1.1317
0 -8.32 1.12 3.2616
4.8 -7.11 2.7 3.2973
3.425 -2.74 4.2 1.9819
0.8 -2.48 6.84 1.6691
0.45 -2.72 4.34 1.272
0 -2.09 10.23 2.5593
0 -0.65 9.29 0.7137
0 -0.01 10.07 0.6029
0 -0.22 10.73 2.2993
0 -2.3 10.18 1.3297
0 -2.62 9.69 4.2137
0 -2.54 10.28 3.7367
0 -1.96 10.99 2.9793
0 -1.74 12.6 3.9211
0 -1.74 11.34 2.035
0 -1.22 11.32 2.2157
0 -1.41 11.58 4.951
0 -1.29 12.54 3.3876
0 -1.49 12.63 1.8367
9.625 -2.64 11.72 0.6425
9.525 -3.59 8.87 1.7811
2.55 -5.04 1.07 1.4846
0 -5.46 4.02 1.9814
0 -5.52 6.16 2.9919
0 -5.58 6.9 2.0653
0 -4.89 7.59 2.727
0 -0.75 12.18 1.626
0 -2.02 12.43 1.9076
0 -0.29 14.24 0.5413
0 -3.81 12.75 2.2996
0 -6.42 6.75 3.6119
0 -6.77 6.32 3.6955
0 -5.91 7.8 3.7438
0 -3.61 11.49 2.6727
0 -3.11 13.81 1.2743
0.3 -3.02 13.79 3.6814
16.475 -2.15 7.43 4.6204
20.55 -3.59 7.27 6.0256
28.925 -6.11 -2.09 4.7284
44.075 -5.82 -2.47 2.8254
19.075 -5.98 0.35 3.6275
1.1 -10.16 -0.65 0.6952
0 -9.74 0.75 1.2592
0 -10.06 0.66 0.4207
0 -8.73 4.01 0.5215
10.175 -6.63 3.65 2.5277
19.475 -5.05 1.39 5.5185
7.65 -10.81 -1.92 0.8307
18.175 -11.93 -3.57 0.5227
0.825 -11.23 1.87 2.2581
7.725 -9.16 5.22 1.7495
18.425 -5.01 7.26 3.6971
8.075 -1.75 4.94 1.5785
0.35 -5.36 5.12 1.4613
7.275 -3.88 8.77 0.5039
29.9 -2.66 10.07 1.7044
17.45 -2.03 2.82 4.1815
0.275 -4.9 2.7 0.7241
0.025 -2.75 8.82 1.532
0.025 -1.25 12.04 1.1838
0 -1.88 10.61 1.0253
0.1 -2.27 8.15 0.4947
4.6 -2.07 9.55 1.1648
4.85 -0.47 7.54 1.2684
32.275 0.01 10.21 1.4667
20.975 0.85 11.35 2.7427
2.25 -5.53 3.85 0.9792
22.25 -5.82 6.63 3.6098
39.2 -5.46 2.63 4.8384
52.05 -4.62 -0.54 5.7318
30.025 -5.36 -1.4 2.485
8.85 -5.95 0.67 1.1901
15.675 -4.06 4.62 4.8831
32.925 -4.09 0.06 5.5642
22.65 -7.2 -1.4 4.133
19.8 -6.6 1.45 3.1077
8.925 -3.03 -0.14 1.6434
1.075 -2.98 3.63 0.6059
0 -3.14 8.38 1.0856
0 -1.45 9.29 1.8183
0 0.84 12.95 2.3554
0 1.78 19.46 1.8518
0 2.08 20.67 0.8476
0 -1.26 14.21 1.6299
0 -1.49 13.14 1.9473
0 -0.99 16.76 1.2295
1.875 -0.44 15.91 1.3828
8.875 -3.79 14.55 3.4836
5.9 -9.13 0.02 1.5209
0.725 -8.95 -0.26 1.2773
0 -8.14 5.21 0.4221
0 -5.53 9.88 1.4743
0 -3.02 10.99 1.2281
0.925 -2.7 11.77 2.7278
0.625 -5.79 3.27 0.5154
0 -5.51 10.93 0.7513
0 -0.66 14.87 1.1937
0 0.82 17.75 2.0971
0.1 2.85 17.56 2.7426
0.175 3.3 14.89 1.5189
0.7 1.07 13.98 1.9468
7.075 2.02 9.99 2.0799
1.75 -1.74 10.87 0.8543
1.5 -1.55 10.42 1.0259
1.45 0.43 8.45 2.2757
0.875 -0.72 8.14 2.3926
0.125 -3.56 10.51 2.3518
0 -1.59 12.88 0.7978
0 -0.23 15.43 2.2453
0 -2.64 14.07 4.3184
0 -3.55 12.42 3.4348
0 -2.2 13.56 1.9019
0 0.23 16.39 0.5379
0 1.61 18.1 0.8275
0 4.07 19.51 3.0384
0 6.26 22.37 0.8447
0 5.6 23.39 1.3906
0 4.59 21.81 1.9484
0.05 2.46 17.43 2.8481
1.925 -1.89 7.8 3.0248
1.6 -3.05 5.8 2.5059
0 0.28 13.65 1.6861
0 2.71 17.15 1.0677
0 3.29 19.43 0.5614
17.175 4.06 20.62 2.9434
19.525 -4.02 10.54 2.905
10.775 -4.59 2.58 1.2207
35.2 -3.31 5.28 3.4934
17.35 -2.51 1.77 2.2045
0.975 -2.9 6.58 3.0961
0.025 -2.45 13.3 1.5741
0 1.87 17.09 1.973
0 1.88 17.01 2.9313
0 0.56 15.74 4.3261
0 -0.07 13.19 2.3195
1.325 1.73 15.55 2.8712
0.55 -0.7 12.76 2.3603
0 0.07 13.06 3.3025
4.35 -0.08 12.94 4.1302
3.8 -2.44 9.59 4.6436
0.65 -1.93 8.93 2.9007
1.5 0.65 12.18 2.734
1.8 1.24 12.47 2.8852
0.9 -2.67 7.51 1.6588
0.125 -1.35 10.58 0.7943
6.15 0.13 11.71 2.9922
16.025 4.33 6.74 1.2791
7.95 0.35 12.59 3.6246
0.325 0.37 8.35 1.9015
0 2.14 14.36 2.911
0 4.21 18.34 1.5044
0 5.45 20.96 2.3407
0 5.37 20.87 3.0208
0 4.16 18.13 2.6861
0 4.9 19.47 2.7058
0 6.69 22.49 1.7483
0 8.28 25.25 1.8633
0 8.24 24.13 2.2701
0 5.16 21.74 1.1745
0 7.26 21.93 2.8944
0 6.46 22.95 2.1262
0 7.64 22.99 0.3932
0 9.45 25.74 0.5659
0 11.3 28.92 2.5273
0 10.59 28.44 2.7617
0 8.86 26.23 2.5229
0 6.68 24.1 2.6028
0 6.86 22.92 2.2744
0.325 8.32 24 2.2248
27.2 8.42 24.37 2.6359
16.1 5.05 20.46 2.4849
1.15 3 13.38 2.2592
0 6.79 19.45 0.9546
0 7.81 24.96 0.8109
0 10.79 27.72 0.7216
0 11.53 28.2 1.5622
0 11.79 27.94 1.7467
0 12.96 27.68 2.5047
0 13.15 27.94 2.9262
0 11.61 26.31 2.1265
0 11.18 26.86 2.448
0 9.21 26.34 2.1785
0 8 25.37 2.4475
0 7.77 22.76 2.6032
0 7.13 22.14 3.2055
0 6.83 19.52 2.7111
0 7.22 19.19 3.2759
0 5.66 19.28 3.2774
0 6.4 20.47 2.0952
0 6.7 22.13 1.3836
0 7.71 23.26 1.9414
0 7.9 23.81 1.2516
0 8.73 24.52 2.2657
0 9.22 26.09 2.7927
0 9.74 26.06 1.8699
0 10.75 26.55 2.0935
0 9.15 27.69 2.2078
0 8.75 26.58 1.7679
0 8.81 25.99 1.6491
0 10.15 25.54 1.4132
0 10.81 28.83 2.2805
0 12.08 28.94 3.154
0 13.44 28.7 2.2137
0 12.25 25.84 1.6347
0 11.16 27.07 1.9066
0 10.75 28.07 2.1069
0 9.55 27.88 3.1628
0 8.27 23.99 2.3468
0 9.18 24.47 3.1534
0 9.44 24.49 2.5624
0 9.41 26.08 1.8714
0 8.89 25.9 1.9832
0 8.66 26.2 2.1669
0 9.59 26.11 2.6838
0 9.07 26.75 1.6338
0 9.53 26.48 1.4444
0 10.96 27.98 2.1068
0 8.66 26.39 1.4343
0 8.3 25.74 0.9891
0 8.12 26.34 1.7255
0 9.21 27.08 1.5205
0 9.38 27.22 2.5917
0 8.69 25 2.1348
0 8 24.61 1.6866
0 7.49 24.1 1.2329
0 9.26 25.3 0.886
0 9.61 27.4 2.0455
0 11.11 27.77 1.2994
0 11.18 27.45 0.911
0 11.38 28.93 1.0703
0 11.98 29.01 1.4865
0 11.05 29.56 1.6703
0 9.5 28.33 1.9076
0 7.74 26.58 1.778
0 8.66 25.17 0.7003
0 9.46 25.3 0.9402
0 9.99 27.16 0.7879
0 10.62 26.93 0.8712
0 11.3 27.95 1.8931
0 9.95 27.49 0.5157
0 10.57 27.29 0.9043
0 11.01 28.13 0.8573
0.375 11.13 27.25 1.7448
1 8.97 27.31 1.0295
3.925 9.66 25.48 1.734
4.4 7.02 18.48 1.567
4.725 7.78 22.33 0.6919
3.575 7.27 23.27 1.3115
0 8.3 22.32 2.5304
0 7.44 22.39 1.7487
0 5.74 19.79 1.6459
0 5.03 19.42 0.4868
0 7.18 24.42 0.2238
0 9.12 27.13 0.9009
0 9.78 26.48 0.5476
0.925 10.65 27.03 0.409
0 10.68 28.67 0.6291
0 11.23 28.91 1.6049
1.65 8.6 25.14 2.3572
0 5.88 17.26 1.778
0 7.23 21.41 0.4089
0 9.57 25.23 0.5779
0 8.82 24.72 1.0452
0 9.64 25.66 1.4499
0 7.33 23.66 2.4786
0 7.41 19.9 1.9855
0 6.26 19.75 2.112
25.375 2.22 15.67 2.3291
24.675 1.2 11.22 3.9244
5.95 -1.89 4.65 0.849
1.4 -2.95 4.41 0.8627
0 -2.64 9.66 1.4014
0 -0.01 13.58 1.2112
3.725 2.86 15.81 1.6798
2.7 5.21 11.25 1.8169
0 4.53 16.96 0.9462
0 4.94 20.72 0.5977
0 7.44 22.25 0.4112
0 6.2 22.17 1.1127
0 6.73 22.1 1.4529
0 6.8 19.71 1.7967
0 6.96 20.89 1.7541
0 5.91 21.74 0.8246
0 5 18.6 0.553
0 4.42 19.52 0.5296
0 3.98 18.05 2.4581
0 4.99 20.15 1.908
0 4.99 21.44 2.052
0 3.94 18.32 1.3826
0 0.96 13.84 3.3758
0 -0.8 12.97 3.4078
0 0.49 13.39 2.034
0 1.91 15.34 0.991
0 2.86 16.8 2.1565
0 2.82 18.11 0.1782
0 1.76 17.59 3.6558
0 1.63 14.82 4.1478
6.025 -0.63 15.48 3.8422
5.825 -4.7 13.1 1.8442
7.075 -7.13 1.15 0.6692
4.6 -6.41 1.62 1.5977
0.05 -6.71 1.53 0.9813
0 -6.84 2.7 2.2152
0 -4.36 6.39 3.1324
0.175 -3.13 9.46 2.8833
1.975 -1.35 11.23 3.2894
2.125 0.54 8.47 0.8236
0 -0.28 8.47 0.2217
0 1.23 9.54 0.5712
0 -1.6 9.39 0.4965
0 -1.31 10.34 0.9194
0.1 -1.64 10.94 1.2256
0.325 -0.77 10.2 3.556
3.125 -3.99 3.52 2.2969
3.65 -3.89 2.38 3.9781
1.6 -5.96 2.74 1.7635
0 -4.84 4.89 2.5452
0 -3.37 5.76 3.7567
0.15 -3.53 9.87 2.3763
0.075 -2.79 6.35 0.7595
0 -1.51 8.81 2.8763
0 0.56 13.06 2.3028
0 0.91 13.91 1.0894
0 1.66 11.8 1.7913
0 -2.69 13.89 3.6594
0 -3.94 9.85 8.3961
0 -2.67 7 3.6906
0 -4.55 9.41 4.2468
0 -6.15 6.53 2.8769
0 -6.25 5.08 3.4977
0 -6.74 5.31 3.0611
0 -5.84 5.41 3.5706
0 -4.56 7.64 3.7082
0 -3.97 7.83 4.3864
0 -3.86 9.76 3.2009
0 -5.15 8.28 1.0109
0 -6.47 6.06 1.6415
0 -7.13 4.4 1.5016
0 -7.09 4.17 0.9694
0.375 -6.35 4.46 0.8077
0.175 -5.41 3.77 5.5175
0 -2.8 8.81 4.7126
0 -5.28 9.32 2.8118
0 -5.43 6.81 4.7876
0 -5.92 5.93 4.5
0 -5.97 6.7 3.632
0 -6.05 6.47 4.4993
0 -5.81 6.69 3.9686
0 -5.15 8.2 5.0349
0 -4.1 9.78 3.4065
0 -3.09 10.15 1.3778
0 -3.21 10.22 1.0411
0 -2.03 9.96 1.0872
0 0.37 12.9 0.9095
0 -0.74 10.41 1.4946
0 -3.44 8.95 2.4059
