1.225 -14.39 0.82 1.5559
7.975 -8.02 -0.32 1.6356
4.325 -12.06 1 1.6487
0.875 -15.69 -4.1 4.3273
2.875 -14.3 -4.66 1.7105
1.4 -8.68 -2.93 0.6262
0 -9.05 0.23 1.3436
0 -6.97 1.02 0.6981
0 -9.87 5.3 4.5923
0 -10.23 3.87 3.1783
0 -7.96 3.34 2.2039
0 -7.11 7.74 5.4281
0 -5.69 8.12 3.711
0 -8.6 7.17 3.1475
0 -6.87 7.96 3.7649
0 -7.3 9.25 4.8599
0 -7.74 7.11 4.2221
0 -7.87 5.87 4.7947
0 -6.8 6.4 4.8658
0.1 -7.3 5.04 3.3747
15.325 -6.03 6.71 2.7219
28.225 -3.5 5.65 2.149
52.175 -6.79 3.82 1.5851
50.125 -3.91 1.2 2.7691
15.125 -7.52 -0.82 3.6595
2.075 -13.15 -6.11 0.7495
0.3 -13.96 -5.21 1.2283
0 -11.68 -1.98 1.4235
0 -9.86 0.94 4.2662
0 -7.87 5.69 4.5095
0 -5.98 6.46 3.0766
0 -6.14 6.42 3.2549
0 -8.38 5.89 3.7312
0 -8.33 7.62 3.7611
0 -5.5 9.54 2.9854
7.375 -3.55 8.32 2.5122
11.575 -6.79 0.63 2.6262
4.275 -8.04 -2.21 2.8848
21.675 -8.52 0.21 1.2959
13.075 -12.23 -0.94 3.8276
4.7 -16.28 -6.47 0.535
11.675 -12.75 -5.1 2.5294
5.725 -10.54 -4.39 1.4297
13.175 -10.83 -3.81 3.0634
7.65 -10.75 -5.24 3.248
3.375 -9.7 -3.06 5.4355
26.975 -8.33 -3.92 5.469
21.325 -8.79 -5.71 4.1944
3.675 -12.38 -5.07 1.0704
0 -11.25 -2.85 3.3537
0 -11.6 1 2.4561
7 -10.39 2.74 3.7703
26.075 -7.99 1.62 3.3142
17.3 -5.51 -2.14 2.4295
5.3 -7.38 1.1 1.6352
2.675 -6.63 5.31 1.5288
0.55 -6.66 -0.37 2.7519
0 -8.26 3.74 0.4603
0.025 -7.85 6.45 3.7938
18.575 -4.2 6.16 2.8654
29.75 -3.74 3.65 4.1251
37.55 -5.17 2.15 4.959
21.1 -8.65 -2.81 3.1883
3.725 -13.52 -4.02 0.738
1.55 -12 -1.11 1.9093
0 -12.59 -1.63 0.2633
0 -12.43 2.41 1.5519
0 -8.94 5.02 2.6926
0 -12.81 -0.97 0.4893
0 -11.48 3.76 0.7887
0 -9.22 4.27 2.3539
0 -8.6 6.82 2.6779
0 -8.25 8.43 1.419
0 -6.89 5.92 2.4675
0 -4.43 6.93 2.9113
0 -5.13 9.62 1.0672
0 -5.1 10.68 0.9373
0 -3.16 12.89 0.812
0.125 -4.58 13.09 0.7072
24.725 -3.22 12.4 2.1037
23.55 -9 4.11 4.2684
2.2 -14.21 -5.78 2.2143
0 -12.55 -1.61 1.8804
0 -10.05 5.92 0.4242
0 -6.22 8.47 2.0685
0 -6.47 10.59 2.1061
0 -5.96 10.13 1.3203
0 -3.97 12.42 3.3373
0 -7.97 8.43 1.977
0 -6.94 7.05 0.3167
0 -5.26 9.04 2.5412
0 -4.43 11.39 2.5914
0 -6.63 9.48 5.3808
0 -10.82 2.14 1.8583
0 -9.58 6.21 2.958
0 -7.85 10.23 2.6308
13.025 -4.58 12.61 1.3992
14.55 -7.76 10.2 3.6023
9.75 -7.35 0.33 1.8025
4.7 -6.92 1.71 2.1615
0.8 -7.65 1.05 3.7555
0 -6.23 5 1.5357
0 -5.86 10.38 1.9718
0.125 -4.24 9.03 4.4654
0.075 -11.96 2.64 6.3614
0 -10.67 1.37 3.4028
0 -8.23 6.43 1.5552
0 -5.65 11.64 3.1195
0 -3.46 15.24 2.9594
0 0.12 18.16 1.5847
0 1.28 20.45 1.0563
0 2.59 21 2.2016
0.125 1.64 19.62 3.065
2.1 -1.4 13.46 3.4558
1.2 -9.02 3.05 3.6744
0 -7.46 6.45 1.885
0 -5.16 8.77 2.3744
0 -5.44 9.19 3.354
0 -7.54 6.2 1.5204
1.95 -4.79 9.97 1.9325
51.55 1.83 12.88 2.161
35.525 -1.92 8.12 2.7979
9.25 -0.35 5.3 3.9351
4.725 -3.12 5.44 2.0159
0.55 0.32 10.29 3.9388
0 -1.99 12.37 2.4769
0 -1.09 15.22 2.7598
0 -0.05 16.11 1.5842
0 -0.99 16.86 0.9959
0 0.82 17.7 0.7276
0 0.14 18.23 2.9834
0 -0.27 17.15 3.2881
0 -1.23 15.37 2.2337
0 -0.57 15.07 3.1546
0 1.3 16.59 1.5208
0 1.51 19.08 1.7791
0 5.49 23.06 0.3534
0.6 7.42 24.73 2.5172
0.35 4.85 24.12 2.9601
0 2.25 18.9 1.8076
0 1.69 18.12 0.8364
0 2.25 19.23 2.4166
0 2 18.84 2.9213
0 1.74 17.6 2.7135
0 1.21 17.25 1.7483
0 0.79 17.46 1.1826
0 3.24 18.67 0.7495
0.675 4.32 20.33 1.6972
0.4 3.71 19.65 2.388
15.975 4.36 18.54 3.3503
9.575 3.81 18.2 2.1231
0.825 3.73 17.5 1.862
0.025 2.63 15.7 2.1971
0.55 3.19 15.24 0.7144
10.525 -0.04 13.15 2.1976
8.975 -1.9 12.5 3.8549
4.275 -3.46 4.71 2.652
1.6 -2.01 6.05 2.7959
0.425 -0.98 11.69 2.5409
0.275 1.69 14.47 3.3881
0 1.71 13.65 3.1033
0 -0.59 12.14 3.2979
1.525 0.1 13.29 2.0878
2.825 1.75 12.52 3.6837
1.125 -0.68 12.05 2.559
0.6 -0.06 13.22 2.3966
0.45 0.97 13.7 2.2805
0.075 3.37 14.29 2.881
0.05 3.37 16.83 1.5805
0 5.84 21.88 2.6509
0 3.04 20.74 3.2738
0 0.84 16 3.1244
0 0.17 14.53 1.174
0 1.76 17.08 0.8052
0 4.77 20.48 1.3713
0.025 5.25 23.21 2.7305
0.025 4.12 21 1.6441
0 5.31 21.74 0.8718
0 6.2 25.17 0.4277
0.3 8.53 26.7 3.0053
0.175 8.33 26.13 3.0186
0 7.11 24.32 2.2347
0 8.16 24.21 1.5533
0 6.6 22.82 2.9224
0 5.34 23.42 2.5379
0 5.29 22.39 2.8614
0 4.17 22.64 2.726
0 3.55 20.28 2.97
0 3.42 19.7 2.6163
0 2.51 20.35 2.5435
0 3.28 19.88 1.9113
0 4.93 21.47 1.9901
0 6.06 22.21 2.4387
0 5.94 21.78 1.3616
0 5.83 23.12 0.7327
0 6.81 23.86 1.6155
0 7.92 26.27 2.1488
0 9.07 24.3 1.9282
0 9.27 27.07 2.1018
0 10.55 27.56 1.9495
0 10.61 28.14 2.4875
0 9.05 27.61 2.5514
0 7.95 25.71 2.1887
0 9.5 26.45 2.062
0 8.21 25.4 2.1755
0 7.95 25.6 2.2452
0 8 25.84 1.962
0 8.25 26.19 1.7506
0 9.8 26.5 1.9724
0 8.71 26.42 2.7763
0 8.84 25.3 2.4342
0 9.44 24.86 2.3195
0 8.41 24.99 2.3703
0 7.64 24.21 3.1286
0 5.26 22.57 2.8176
0 5.59 22.59 2.4504
0 7.43 22.22 2.6802
0 4.66 20.28 3.4155
0 0.78 12.03 2.0024
0 1.54 14.39 1.2407
0 4.08 18.87 0.1692
0 5.58 22.2 1.1011
0 7.73 23.64 2.9273
0 7.79 24.75 2.7556
0 6.83 23.89 2.9846
0 5.63 22.52 3.1756
0 3.31 20.68 1.3233
0 2.83 20.14 0.2912
0 4.28 21.91 0.6485
0 5.29 23.74 0.9667
0 6.7 26.12 1.2724
0 7.97 27.06 1.8632
0 8.89 26.58 2.2888
4.225 8.75 27.06 2.3318
4.65 7.03 22.05 3.374
1.275 5.03 19.92 1.6749
0 4.53 20.99 1.6824
0 3.98 22.46 0.6869
0 4.29 23.21 1.3802
0 6.39 23 1.0234
0 6.92 23.82 1.3639
0 6.34 25.16 3.105
0 7.67 23.22 2.2167
0 6.31 22.87 1.2095
0 6.58 23.62 0.1791
0 7.96 23.95 1.3669
0 7.1 23.82 2.0153
0 4.68 22.45 2.1844
0 3.6 20.92 2.0412
0 3.18 18.87 1.342
0 3.66 19.25 0.4668
0 3.95 19.83 0.941
0 5.63 21.97 0.3591
0 6.58 23.11 0.9695
0.15 7.87 25.69 1.4495
1.1 5.47 22.56 2.4628
0.575 2.67 18.03 2.8378
0 1.12 15.01 1.4736
0 2.51 18.48 1.0938
0 4.5 20.87 0.3544
0 3.68 22.71 1.1658
0 6.15 24.58 2.416
0 5.27 23.12 0.9685
0 7 20.05 2.7732
0 4.83 23.85 2.6038
0 5.77 24.01 1.7128
0 4.41 23.61 0.9143
0 3.74 23.64 0.777
0 6.74 24.66 1.1758
0 4.56 25.59 0.3793
0 4.69 25.56 2.2632
0 5.89 21.29 2.6575
0 -4.62 10.8 2.3208
0 -4.66 10.19 2.5758
0 -2.14 14.23 0.8614
3.075 -0.14 15.43 3.1782
2.05 -6.48 11.97 3.6146
0.1 -8.22 0.49 0.3379
0 -7.3 7.73 3.2904
0 -5.81 9.84 1.785
0 -3.47 11.02 1.3714
0 -3.27 13.34 0.8556
0 -1.63 14.76 0.6151
0 -2.95 14.12 2.0852
11.75 -1.74 13.47 2.0201
66.075 -1.31 7.65 6.3659
36.125 -0.84 4.6 4.622
0.425 0.42 8.49 0.7412
0 0.65 14.21 2.215
0 0 15.85 1.2022
0 1.7 18.16 2.0814
2.6 2.18 14.39 2.5603
1.55 -5.67 6.38 2.4641
0 -5.22 8.18 1.0685
0 -3.57 11.42 0.618
0 -3.24 12.44 0.8393
0 -1.01 14.49 1.086
0 -1.18 11.74 1.8965
0 -1.67 12.52 1.2212
0 -2.01 13.93 4.1119
0 -7.12 1.2 5.0898
0 -9.13 1.49 0.8267
0 -7.66 4.92 0.0363
0 -4.64 10.28 0.8824
0 -3.64 12.56 0.8011
0 -1.15 14.32 1.1653
0 -1.33 15.67 1.1511
0 -1.16 15.88 1.769
0 -1.57 14.91 2.3414
0 -4.61 10.46 0.7574
0 -5.53 9.03 1.3598
0 -7.12 6.72 1.8339
0 -6.52 6.39 1.3526
0 -5.84 9 0.8277
5.5 -2.36 8.75 0.6454
5.6 -3.46 9.17 2.0456
1.375 -8.26 1.22 1.0688
0 -9.61 1.89 1.0864
0 -9.84 2.44 2.8785
0 -7.73 5.17 2.2457
0 -6.9 7.99 1.8364
0 -6.53 9.65 1.2028
0.55 -9.02 4.67 2.3953
4.6 -7.6 6.26 4.0278
2.55 -7.06 5.61 0.9268
0 -6.83 1.5 0.5692
0 -9.11 5.48 2.5202
0 -8.52 3.96 3.8476
0 -7.48 5.5 4.2214
0.775 -7.68 6.42 2.7658
2.75 -6 7.66 1.3339
1.375 -7.92 4.84 5.0019
0 -8.91 -0.9 5.2732
0 -9.12 1.29 3.8848
0 -8.65 4.17 1.6214
0 -9.54 4.36 2.378
0 -11.2 5.81 2.2233
0 -10.34 2.08 2.1432
0.025 -8.79 4.52 1.1367
14.175 -12.43 0.74 2.3227
15.175 -10.39 -2.04 1.0848
4.1 -20.68 -8.66 0.6968
0 -20.71 -8.06 1.8409
4.675 -17.51 -6.6 2.92
30.075 -9.7 -2.6 2.7042
60.25 -6.42 -2 3.6718
29.925 -8.19 -1.76 4.6739
1.925 -12.56 -3.84 0.8409
0 -11.83 -4.75 2.9422
0 -10.23 0.08 2.3195
0 -8.44 1.51 2.2373
0 -8.35 1.04 2.7811
0 -9.36 0.56 4.0589
0.875 -8.54 0.46 2.8909
13.725 -7.41 4.09 1.9213
9.825 -10.92 2.11 3.69
0.15 -15.44 -5.19 2.896
0 -12.47 -1.76 3.7798
0 -12.17 -0.43 3.6472
6.35 -12.1 -2.94 3.9609
3.8 -11.3 -1.66 1.9322
2.575 -11.99 -3.87 3.2412
9.025 -9.67 -2.79 0.76
4.725 -8.38 -2.72 1.5273
0.1 -8.78 -2.45 2.4191
0 -8.88 0.94 1.8972
0 -9.76 1.36 1.1493
0 -10.01 0.76 3.9591
0 -10.07 1.67 2.901
0 -9.07 1.92 2.318
0 -9.02 2.26 2.8504
0 -6.91 3.09 2.8925
0.075 -6.49 4.32 3.1219
1.875 -6.04 4.53 2.2574
1.05 -3.63 2.11 2.4512
1.25 -5.26 1.67 3.0583
24.5 -5.74 4 4.3443
14.65 -5.75 1.67 2.1122
0.2 -9.57 -0.36 1.4968
0 -10.4 -0.24 3.3249
1.1 -7.76 3.12 1.8088
26.125 -8.04 4.31 2.5068
49.75 -7.01 0.31 4.5964
37.35 -8.59 -3.78 5.4167
42.25 -8.49 -4.82 6.2953
44.9 -10.52 -5.87 4.013
23.9 -9.98 -6.87 4.2238
5.225 -11.98 -6.94 0.9133
1.625 -12.68 -5.85 2.0417
5.275 -12.16 -4.52 3.5617
2.575 -8.03 -2.97 2.8483
0 -9.05 0.56 1.4009
0 -11.5 1.26 2.8638
1.45 -11.43 -2.09 3.1129
0.875 -8.06 1.3 1.5288
0 -13.23 0.38 1.0332
0 -16.19 -1.26 1.7022
0 -10.03 0.69 1.8972
0 -8.7 1.05 0.6141
10.05 -8.21 1.23 2.5273
17.55 -6.35 1.65 3.3564
16.15 -6.46 -1.11 1.7789
5.55 -8.18 -2.39 2.5081
1.075 -9.77 -1.99 1.4614
1.875 -9.57 -1.71 2.399
0.725 -10.27 -2.86 0.491
0 -9.59 -0.45 0.9725
0 -7.26 1.43 1.0808
0 -7.7 4.26 1.3957
0 -8.48 5.6 1.5261
0 -7.81 7.78 0.8555
0 -6.04 7.59 1.7381
0 -5.68 8.09 2.4548
0 -5.45 8.68 1.3247
2.95 -7.73 7.68 1.3764
6.85 -6.55 3.01 2.4216
18.325 -6.62 1.55 3.0841
9.15 -11.79 -3.87 2.52
27.8 -11.25 -0.58 3.5814
25.775 -8.31 1.04 2.9286
2.95 -9.1 -0.55 0.6028
32.575 -8.75 3.57 4.44
21.875 -6.74 2.94 1.7703
1.55 -8.21 -2.68 0.7206
0.725 -8.5 3.51 2.4731
10.775 -5.53 5.73 2.7122
23.725 -7.26 1.43 3.2529
10.525 -9.97 -1.3 3.2768
0.075 -11.4 -3.02 1.2717
0.025 -8.68 1.25 2.7139
0.15 -9.34 1.66 0.7741
6.25 -8.38 3.32 2.3867
5.7 -13.77 -2.35 3.943
1.2 -11.17 -2.1 1.9889
0 -12.52 -2.8 0.523
31.8 -9.21 3.55 2.2266
19.075 -9.56 3.81 2.544
0 -12.07 -0.24 2.7542
0 -9.92 5.4 3.8552
0 -7.5 9.98 1.5958
0 -5.25 11.47 0.6729
0 -4.26 11.5 3.0482
0 -10.08 8.25 2.1466
0 -4.06 12.36 2.1583
0 -5.6 11.48 0.9309
0 -5.6 9.73 1.2058
0 -7.34 9.75 2.4512
1.225 -7.08 10.46 2.2899
3.8 -5.01 10.78 2.6182
1.825 -9.55 3.17 2.6109
0 -8.27 2.51 2.9504
0 -7.29 8.89 1.5366
4.7 -4.54 11.25 2.7995
17.6 -5.01 11.52 5.955
9.075 -8.67 -0.36 3.3267
0.975 -11.62 -1.15 0.8648
7.5 -10.24 2.92 2.4387
3.8 -7.21 1.29 2.1719
21.925 -9.55 1.09 2.7444
13.175 -10.41 -1.69 3.5994
0.025 -12.32 -1.71 0.7573
0 -10.84 3.86 2.2687
0 -7.26 9.36 0.3727
0 -5.37 11.52 1.5903
0.725 -5.43 10.1 1.9374
16.7 -4.55 7.17 3.7962
13.8 -8.95 1.21 4.6902
2.425 -9.16 -1.59 1.0925
0 -8.32 4.45 0.6696
0 -7.38 6.12 0.8693
0 -4.66 11 2.6268
0 -6.17 10.83 1.3015
0 -5.21 13.44 1.0684
3.925 -4.25 15 1.8446
15 -1.72 12.87 2.9282
8.8 -8.48 1.13 2.8919
0.725 -6.92 -2.7 1.4908
0 -5.84 -0.43 1.4801
0 -5.25 9.75 0.6397
0 -3.35 12.54 1.4052
0 -2.3 14.32 0.7206
8.95 0.3 15.72 4.4981
10.65 -5.37 5.98 5.3259
3.375 -10.48 -1.08 4.0703
0.125 -9.56 0.41 3.4455
0 -7.26 5.81 1.8916
0 -5.49 10.51 2.1619
0 -4.3 13.4 1.162
0 -1.69 15.28 1.9522
0 -1.38 14.34 3.5494
0 -5.38 10.46 2.2009
0 -5.83 9.06 0.9787
0.075 -2.91 12.31 2.8927
3.4 -4.58 11.1 3.7814
14.25 -7.54 2.44 3.5407
7.5 -11.1 2.05 4.6978
0.1 -7.86 2.98 2.3881
0.2 -4.29 9.32 1.2111
0.125 -3.28 11.7 0.7609
0 -1.34 13.88 0.6235
1.225 1.13 16.1 1.4254
4.775 2.54 15.7 2.231
2.425 -5.23 9.45 2.4716
0.325 -2.28 9.4 1.7371
0.175 0.51 12.57 3.391
0.225 -2.31 13.04 4.4317
0.225 -7.58 6.79 3.7578
0.35 -7.75 1.94 4.0917
1.55 -5.96 4.17 2.3613
4.675 -6.53 5.08 1.6489
12.05 -2.48 8.51 3.449
18.4 -4.4 5.24 2.7391
7.525 -6.69 3.73 3.8318
0 -6.56 5.14 1.7926
0 -3.07 12.68 0.6252
0 -0.73 16.16 2.6499
0 3.93 15.69 2.9749
0 0.66 14.93 2.6733
0 3.08 16.78 2.8861
0 5.42 17.34 2.967
0 4.82 17.34 2.1056
0 5.79 21.3 3.1075
0 7.28 21.66 3.1257
0 4.03 19.81 2.2318
0 4.38 19.55 4.0794
0 1.15 16.99 4.6154
0 -0.35 12.06 5.3053
0 3.45 11.44 4.2299
0 1.73 15.92 1.1791
0 3.44 18.15 1.6339
0 4.21 20.33 3.1603
0 1.03 18.76 3.2112
0 -0.98 13.74 0.7702
0 0.21 17.87 2.2444
0 0.32 16.1 3.3307
0 -0.77 14.75 2.519
0 0.35 16.55 1.4031
0 1.06 15.87 0.8653
0 3.89 19.67 1.5494
0.025 4.16 20.31 2.1723
0 5.93 17.43 2.6166
0 3.68 17.94 2.2895
0 6.63 20.15 0.7338
0 8.1 24.04 1.3838
0 8.5 25.41 3.314
0 5.66 23.38 3.0186
0 3.01 20.79 2.675
0 2.98 20.32 2.7139
0 5.7 19.68 1.8862
0 3.09 18.89 1.0297
0 3.74 20.89 1.7723
0 5.51 23.09 2.3023
0 6.05 21.86 2.1053
0 5.6 21.66 2.0778
0 7.61 23.28 2.0221
0 6.51 23.4 1.8273
0 7.2 24.82 2.5276
0 8.99 23.67 3.3944
0 9.46 24.06 3.6142
0 7.24 21.61 1.8168
0 7.78 23.78 1.1071
0 9.64 26.44 2.5871
0 8.66 23.95 2.8341
0 8.69 25.98 2.6358
0 8.76 27.02 2.0667
0 7.89 26.56 2.0366
0 7.49 24.77 2.7809
0 6.76 23.49 1.0531
0 7.4 23.21 2.2441
0 7.45 24.69 1.943
0 9.38 25.9 2.3698
0 8.88 24.3 2.7263
0 6.51 23.08 1.95
0 5.22 23 2.4077
0 6.73 23.24 1.9466
0 5.79 23.41 2.3551
0 6.15 22.97 2.5152
0 5.33 22.72 2.1083
0 5.39 22.93 2.4922
0 4.51 23.39 1.6448
0 5.13 23.37 1.9967
0 5.67 23.11 2.0466
0 4.68 22.56 2.1673
0 5.41 22.32 2.5358
0.85 5.76 21.26 2.9554
0.5 4.72 18.19 2.1765
0 3.93 20.17 2.0982
0 4.62 20.64 2.4649
0 3.21 16.6 1.0277
0 3.76 20.53 1.1564
0 5.85 21.91 2.0787
0 5.65 22.09 2.7025
0 6.13 22.48 1.0993
0 5.91 24.07 1.8609
0 6.5 25.01 1.9723
0 5.12 23.56 1.892
0 4.74 23.3 2.2205
0 5.9 24.14 2.1917
0 6.08 20.85 1.7718
0 3.67 19.52 2.7458
0 5.53 23.96 2.3213
0 7.72 27.42 0.7614
0 10.19 28.87 2.6059
0 7.57 26.98 2.6825
0 3.7 22.54 3.1716
0 2.77 11.38 2.2025
0 -0.09 11.61 2.3571
0 0.14 14.36 1.0279
0 2 17.9 0.6222
0 4.12 22.24 0.581
0 6.26 24.88 1.1579
0 6.67 25.14 1.4763
0 4.81 24.41 1.903
0 3.53 22.2 1.4272
0 3.85 22.08 2.7534
0.025 4.77 21.05 3.1753
0.025 -2.46 8.56 2.0999
0 -1.3 15.8 0.7685
0 0.26 18.01 0.8405
0 2.48 19.96 1.0952
0 2.58 20.54 1.8722
0 1.82 18.75 1.4836
0 1.53 18.64 0.6721
0 1.84 18.9 1.2803
0 1.38 20.14 1.6857
0 1.77 19.41 1.5843
0 1.85 19.44 1.6502
0 0.24 15.36 1.0014
0 -0.54 17.22 1.047
0 1.37 16.34 2.7467
0 0.06 13.48 0.8128
0 0.38 17.24 0.4802
0 3.09 20.62 0.9985
0 3.36 24.74 0.425
0 5.07 24.52 1.1915
0 7.88 25.75 0.4626
0 7.36 26.32 0.5262
0 6.21 26.06 0.3059
0.1 6.77 22.72 0.5629
5.925 5.76 19.56 1.4664
43.1 4.78 19.43 1.7979
35.225 2.28 9.83 1.4971
2.5 -0.02 4.47 1.1859
6 -2.85 6.08 0.8094
2.4 -2.57 5.58 2.2647
0.225 -4.13 6.33 0.7946
0 -2.21 11.07 1.7729
0 -1 13.65 1.6747
0 1.21 17.59 1.4455
0 1.82 17.2 2.5419
0 3.17 19.19 1.8133
0 2.67 18.64 0.9078
0 1.81 18.11 0.8479
0 1.91 18.42 1.418
3.275 2.83 14.12 0.9076
1.925 -0.22 9.96 1.2296
0 0.21 9.12 1.9729
0.175 -0.7 14.95 1.1613
0 0.13 12.42 2.0457
4.6 -2.21 11.43 1.8572
31.275 -0.6 8.85 1.7838
73.425 1.21 4.62 4.8799
25.225 -3.88 6.02 3.905
0.1 -5.41 5.41 1.5067
0 -8.55 5.23 3.1141
0 -8.35 6.26 3.3421
2.175 -3.14 10.36 2.074
1.6 -3.47 11.3 2.0258
0.125 -5.16 4 0.8065
0 -4.71 8.55 1.8458
0 -4.01 11.51 3.3617
0 -1.92 13.97 3.1922
0 0.84 16.03 2.1919
0 1.48 15.8 1.1963
0.575 0.29 14.79 2.4052
26.825 -2.38 11.62 3.1637
13.375 -7.18 3.05 2.8136
2.225 -9.59 0.82 0.6339
2.725 -8.59 2.39 1.6092
0 -9.12 0.12 2.5651
0 -7.6 3.68 1.4679
0 -8.33 6.33 3.1521
0 -6.2 5.75 1.4896
0 -4.48 9.43 2.4406
0 -5.06 9.83 0.85
0 -6.32 8.59 2.2308
0 -4.55 9.89 2.5112
26.45 -4.53 10.14 3.1599
50.75 -8.13 4.23 3.4738
38.15 -10.47 -3.35 5.448
14.675 -10.1 -5.44 3.4056
14.05 -9.86 -3.31 4.6069
7.5 -15.18 -5.25 1.0188
0 -16.75 -7.64 3.3972
0 -16.04 -6.52 3.2813
17.7 -11.76 -2.09 3.0372
10.775 -16.76 -3.01 2.9016
0 -18.31 -7.31 2.1528
0 -15.93 -7.61 2.9646
0 -11.89 -1.98 2.1642
0.075 -8.54 3.67 2.4864
0 -3.5 3.14 1.7023
0.85 -4.32 3.8 1.7477
15.5 -6.13 2.74 1.9683
7.15 -6.05 3.66 3.2208
0 -7.08 0 2.3382
5.475 -6.18 3.48 1.8427
8.725 -3.63 4.8 1.1345
0.875 -2.8 2.71 1.4898
0.05 -4.11 4.29 0.5207
0 -5.82 5 2.2106
0 -5.66 3.69 1.5109
19.225 -5.95 6.12 2.089
14.45 -7.22 1.38 1.7424
5.975 -9.3 -1.61 2.6392
60.425 -9.12 -1.87 3.3901
93.875 -6.9 -2.97 5.3027
71.275 -5.67 -0.01 6.2705
31.55 -8.07 0.92 2.255
12.95 -8.74 -7.19 2.0824
5.525 -9.66 -4.67 2.2462
3.075 -8.71 -2.6 0.4281
0 -9 -2.43 2.7957
17.825 -10.58 0.04 5.1358
10.225 -8.73 0.35 2.0862
0 -10.91 -5.7 1.038
41.725 -9.7 -3.92 2.2999
28.975 -8.47 -2.54 4.6819
1.625 -17.58 -4.09 2.7334
3.9 -17.85 -8.53 1.2677
18.15 -17.46 -8.55 3.6819
19.2 -9.65 -6.74 4.521
16.9 -10.1 -6.42 2.5444
0 -12.47 -5.1 3.0741
0 -12.61 -5.87 3.7736
0 -10.36 -3.67 5.3839
0 -9.88 -2.92 3.9376
0 -11.17 -3.74 1.8716
0 -11.25 -1.47 0.9878
0 -12.55 -2.46 3.3378
2.925 -12.67 -2.73 3.1721
6.175 -8.41 -2.57 1.6436
0.35 -9.89 0.14 1.6113
0.2 -9.08 0.43 1.3742
0 -9.5 3.69 2.3849
0 -6.77 3.64 0.9824
0 -6.05 4.59 0.6162
0 -7.17 4.34 2.1299
0 -7.06 5.07 1.284
0 -8.91 5.89 4.2643
0 -8.83 4.27 3.6218
0 -9.44 4.34 2.8281
0 -8.49 7.33 3.6927
0 -7.58 4.6 2.1205
0 -7.24 5.57 2.1663
0 -7.42 4.86 4.9313
0 -7.51 6.2 3.1737
0 -7.42 6.13 1.7887
4.075 -7.45 6.33 0.692
12.825 -7.82 5.47 1.7786
4.3 -9.92 -3.62 1.6618
0 -10.61 -0.46 2.1406
0 -12.25 1.1 3.0507
0 -11.5 1.32 2.1233
0 -10.9 3.33 2.9153
0.025 -7.13 6.91 1.6814
0 -7.38 8.08 1.9222
0 -6.25 8.64 0.5921
0.025 -8.6 8.7 2.2519
0.025 -11.22 3.71 3.6568
0 -12.97 1.46 3.7666
0 -11.33 3.05 3.7828
0 -9.04 6.21 2.585
0 -7.66 8.6 1.4175
0.05 -6.94 8.47 3.3272
8.575 -6.96 4.47 4.1066
42.9 -8.01 4.89 6.2062
38.175 -10.58 -6.31 4.3804
56.975 -9.28 -6.5 3.1695
35.1 -9.78 -3.61 4.1502
3.775 -14.6 -5.17 0.8069
0 -14.6 -4.02 1.2224
0 -13.85 -4.24 0.3804
0 -13.23 -0.57 0.2898
6.375 -11.32 -0.85 2.4868
22.15 -9.39 -2.68 5.8904
15.4 -14.37 -6.36 0.6641
0 -16.31 -8.4 0.4997
0 -15.49 -3.67 2.1483
4 -14.31 0.71 1.7044
11.275 -10.72 2.3 3.4357
9.225 -6.64 2.08 1.8289
0.95 -10.7 1.52 1.4166
3.225 -8.4 4.65 0.5727
21.35 -7.25 6.09 1.759
23.425 -5.9 1.26 4.4589
0.125 -9.15 -0.87 0.6902
0 -7.64 5.39 1.5319
0 -6.28 9.55 1.3276
0.225 -6.04 8.52 1.0465
0.125 -6.33 6.83 0.6637
1.8 -6.52 8.11 0.9187
1.225 -4.57 4.47 1.164
15.1 -4.01 8.42 1.3438
29.475 -3.27 9.39 3.0221
2.775 -8.57 1.9 0.9384
26.725 -8.55 3.41 3.3811
43.95 -9.19 -2.2 4.9564
69.25 -8.65 -4 6.2331
22.15 -10.08 -3.89 2.7347
6.8 -11.27 -1.59 0.9114
15.4 -9.64 -0.88 4.4705
43.275 -9.57 -2.81 5.4151
31.075 -12.44 -4 4.2297
15.5 -9.76 -1.53 2.9814
8.5 -8.01 -2.97 1.709
0.175 -7.24 2.89 0.533
0 -7.73 6.32 1.023
0 -7.21 7.85 2.0597
0 -5.31 10.41 2.2115
0 -3.06 14.42 1.6768
0 -2.15 17.3 1.2337
0 -5.21 12.86 1.3455
0.1 -5.88 10.03 2.0202
0 -4.69 12.06 1.4003
1.7 -4.41 12.92 1.3273
6.7 -8.28 10.53 3.5901
6.075 -13.64 -4.68 1.409
2.05 -12.37 -5.81 1.4668
0.1 -11.65 -0.12 0.5344
0 -9.02 5.89 1.4483
0 -7.14 7.33 1.2727
0.5 -6.47 7.97 2.9562
0.375 -9.57 -0.8 0.5727
0 -7.39 7.57 0.761
0 -4.64 11.92 1.2458
0 -3.31 13.93 2.2964
0 -2.34 13.67 3.1413
0 -2.18 9.9 1.7791
0.375 -3.23 12.02 2.2851
11.225 -2.09 4.78 2.447
2.275 -5.88 6.72 0.8436
1.475 -5.49 6.72 1.4196
0.775 -3.49 4.77 2.6642
1.1 -4.54 3.58 2.6195
0.1 -7.24 6.11 2.6496
0 -5.16 8.61 0.8194
0 -3.8 11.42 2.5224
0 -7.09 10.15 4.5227
0 -7.72 7.32 3.6662
0 -5.88 8.51 2.0389
0 -3.55 11.47 0.6086
0 -1.67 13.99 0.7919
0 -0.5 15.68 3.1303
0 2.68 18.05 0.9031
0 2.38 18.75 1.6427
0 1.13 17.66 2.1407
0.35 -0.85 14.08 3.1912
1.725 -5.29 5.56 3.4195
3.65 -6.99 0.61 2.8371
0 -3.98 9.07 1.6827
0 -1.33 13.09 1.1613
0 -0.45 15.61 0.5824
6.175 -0.26 17.11 3.0767
16.45 -8.49 8.56 3.1664
7.35 -8.54 -1.11 1.1273
21.275 -6.83 2.19 3.4831
19.775 -7.66 -0.78 2.4931
2.25 -6.53 2.44 3.5582
0.125 -6.04 8.57 1.7614
0 -2.09 13.37 1.8932
0 -1.5 12.9 2.773
0 -3.09 12.1 4.3116
0 -4.22 9.24 2.3767
0.025 -2.54 12.16 2.9515
0.025 -2.95 10.51 2.7555
0 -3.06 10.48 3.4882
4.375 -3.51 10.26 4.3734
7.725 -7.08 5.69 4.8984
1.675 -6.47 4.54 2.9979
0.575 -4.13 8.5 2.9468
1.125 -1.88 9.46 3.1779
1.575 -6.28 4.27 1.7949
0 -5.34 6.87 0.7395
7.725 -2.77 8.09 2.7828
19.575 -0.17 2.82 1.5192
10.325 -3.36 9.3 3.7647
0.375 -3.64 5.4 1.8043
0.15 -2.44 11.28 2.9932
0 0.01 14.04 1.5468
0 1.06 16.9 2.1006
0 1.13 17.06 2.9574
0 0.36 14.75 2.6021
0 1.49 15.72 2.7496
0 3.01 18.26 1.4839
0 3.72 21.1 1.8527
0 4.53 20.55 2.3816
0 1 17.72 1.0362
0 2.14 17.19 2.9825
0 1.62 18.28 2.0858
0 3.2 18.2 0.222
0 4.86 21.12 0.3807
0 6.27 23.85 2.4878
0 6.52 23.56 3.0526
0 4.93 22.05 2.6859
0 1.84 20.55 2.6965
0 2.25 19.26 2.1881
0 3.82 20.57 2.1174
30.65 4.73 20.72 2.8557
21.7 1.35 16.95 2.6029
4.575 -0.46 8.94 2.2021
0 2.56 16.32 0.6982
0 3.91 21.19 0.8251
0 6.9 23.48 0.7871
0 6.6 23.78 1.6934
0 6.99 23.27 1.8286
0 8.14 22.14 2.445
0 8.75 23.11 2.9366
0 7.75 21.71 2.2688
0 7.2 22.61 2.5309
0 5.16 22.36 2.2146
0 4.54 21.28 2.4562
0 3.63 19.67 2.5454
0 3.67 18.99 3.2117
0 2.97 16.88 2.6373
0 3.93 16.04 3.1482
0 2.3 15.67 3.2026
0 2.66 16.52 2.0783
0 2.72 18.18 1.5672
0 3.41 20.16 2.0186
0 3.41 20.32 1.1373
0 4.06 20.9 2.2849
0 5.51 21.77 2.853
0 5.83 21.53 1.8295
0 6.88 22.33 2.1053
0 5.14 23.35 2.2608
0 4.72 22.38 1.7737
0 4.87 21.77 1.6857
0 6.24 21.1 1.3336
0 7.56 24.12 2.139
4.375 7.84 24.59 3.0224
3.45 9 23.86 2.1891
2.475 8.53 19.99 1.6705
0 7.2 22.84 1.9708
0 7.4 23.86 2.126
0 5.05 23.81 3.1339
0 4.21 20.63 2.2447
0 5.02 20.8 3.1095
0 4.15 21.39 2.5023
0 6 21.73 1.8306
0 5.19 22.56 1.9008
0 5.17 22.26 2.151
0 5.26 22.45 2.6662
0 5.45 22.24 1.4884
0 6.39 23.26 1.41
0 6.43 23.65 2.155
0 5.31 22.18 1.5131
0 4.73 21.24 0.9053
0 4.67 21.92 1.5321
0 4.81 23.42 1.3042
0 5.78 24.19 2.503
0 5.57 21.54 2.1065
0 4.63 20.91 1.598
0 3.55 20.64 1.1621
0 3.15 21.75 0.946
0 4.89 24.02 2.0835
0 7.23 23.73 1.3767
0 6.79 23.32 0.9883
0 6.83 25.29 1.1545
0 7.88 25.29 1.5445
0 7.58 25.7 1.611
0 5.59 24.53 1.9904
0 3.45 23.48 1.8817
0 4.21 21.57 0.713
0 4.81 21.42 0.8917
0 4.88 23.29 0.8791
0 6.72 22.7 0.8414
0 7.17 23.47 1.8433
0 6.2 22.32 0.5106
0 6.3 22.84 0.8915
0 7.32 23.94 0.756
0.5 7.01 22.65 1.8503
5.075 4.78 22.37 1.1653
7.975 5.39 20.02 1.4877
16.55 2.26 14.55 1.3731
10.375 4.09 17.3 0.6224
15.85 3.02 18.93 1.0526
0 3.38 17.51 2.4925
0 3.98 18.58 1.9177
0 2.17 16.14 1.5833
0 1.68 17.03 0.2837
1.25 2.91 19.75 0.2625
0.85 5.26 21.99 0.8593
0 5.5 22.18 0.4344
8.625 6.06 22.74 0.4127
0 6.82 23.13 0.7364
0.175 6.93 23.99 1.6601
14.625 4 19.69 2.3745
0.15 2.07 13.46 1.6426
0 2.56 18.66 0.3734
0 5.94 20.8 0.6173
0 5.33 19.5 1.0608
0.025 4.4 21.51 1.5951
0 3.14 20.87 2.5958
0 4.19 17.24 2.1009
0 2.64 15.92 2.2692
21.325 -0.25 12.52 2.4338
41.05 -2.68 8.17 4.0431
15.95 -6.35 2.65 0.717
2.925 -7.22 2.55 0.9381
0 -6.56 6.18 1.3383
0 -3.95 9.93 1.3245
2.05 -1.12 12 1.7302
5.55 0.39 7.68 1.7879
0 -0.98 14.04 0.9087
0 -0.65 16.31 0.6284
0 2.92 18.25 0.5702
0 1.07 18.28 1.2427
0 1.33 16.87 1.7352
0 1.88 15.74 1.922
0 1.83 16.06 2.0127
0 0.82 17.32 0.6556
0 -0.16 14.62 0.5539
0 -0.06 15.2 0.3929
0 -0.42 14.3 2.3628
0 -0.79 16 1.9569
0 0.19 16.86 2.3649
0 -1.22 13.89 1.3677
0 -3.31 10.3 3.738
0 -5.47 8.42 3.4848
0 -5.09 8.76 2.1979
0 -4.1 11.59 0.8604
0 -3.26 12.99 2.2763
0 -3.16 13.91 0.1432
0 -3.44 13.84 3.4308
0 -3.43 10.16 4.1592
3.125 -6.17 10.36 4.0645
10.325 -8.63 9.3 1.9232
6.6 -11.06 -3.81 0.4646
8.35 -10.04 -2.53 1.5532
0.15 -10.23 -3.35 1.0282
0 -10.79 -1.05 2.361
0 -9.74 1.19 3.3014
0 -8.17 4.33 2.8993
2.05 -6.53 5.18 3.1694
3.35 -3.83 2.97 0.9949
0 -4.93 3.53 0.2167
0 -4.1 5.64 0.4785
0 -6.79 6.03 0.4693
0 -6.56 6.25 0.8714
0 -6.92 6.67 1.2813
0 -6.44 6.44 3.621
1.375 -7.49 0.55 2.2982
3.475 -7.25 -1.07 3.8675
3.15 -9.94 -2.44 1.5656
0 -9.71 0.62 2.2306
0 -8.34 2.45 3.5033
0.025 -8.08 8.03 2.3729
0 -8.22 3.49 0.7928
0 -7.63 4.29 2.9716
0 -6.07 8.23 2.3728
0 -5.01 6.22 1.0955
0 -3.41 7.14 1.9291
0 -7.36 8 3.302
0 -8.01 4.86 9.1044
0 -8.29 0.1 3.9061
0 -9.75 4.68 4.497
0 -11.35 1.06 2.764
0 -11.1 0.58 3.5182
0 -11.81 0.07 3.0267
0 -11.12 -0.17 3.6739
0 -10.54 2.29 3.9745
0 -10.26 2.17 4.3873
0 -9.81 2.7 3.2413
0 -10.51 2.08 1.2206
0 -12.03 1.34 1.6436
0 -12.2 -1.71 1.4633
0 -11.75 -0.73 1.0417
0 -10.66 -0.18 0.8926
0 -10.53 -1.18 5.8669
0 -9.69 1.46 4.9029
0 -11.22 2.36 2.6917
0 -10.25 2.28 4.7753
0 -12.25 0 4.6895
0 -11.25 0.11 3.5141
0 -12.32 1.12 4.5426
0 -12.24 1.28 3.9208
0 -11.59 1.75 4.9391
0 -10.72 2.36 3.2853
0 -8.93 3.55 1.3865
0 -8.82 4.57 1.0954
0 -8.47 4.03 1.0997
0 -5.61 8.51 0.9625
0 -6.34 6.15 1.4301
0 -8.96 5.23 2.3783
