1.075 -24.59 -0.85 1.609
4 -10.63 -4.34 1.496
2 -13.18 -1.29 1.629
0.55 -16.21 -6.05 4.3045
2.175 -16.56 -5.22 1.6559
1.1 -11.95 -6.93 0.6285
0 -11.56 -3.17 1.3627
0 -10.74 -2.82 0.7017
0 -12.71 2.7 4.6209
0 -11.3 1.99 3.2739
0 -9.85 1.45 2.2205
0 -8.76 5.25 5.4664
0 -6.45 5.74 3.7757
0 -10.37 4.73 3.1742
0 -7.89 6.3 3.8605
0 -8.95 7.28 4.9173
0 -10.84 4.4 4.2398
0 -10.6 2.62 4.7741
0 -8.89 4.72 4.855
0.125 -9.22 3.24 3.3755
16.125 -6.96 4.61 2.7457
29.175 -8.26 3.1 2.1476
27.375 -14.82 4.03 1.6008
50.55 -5.38 -0.9 2.6861
14.9 -9.22 -1.93 3.6488
1.025 -14.98 -7.95 0.7633
0.15 -15.94 -7.2 1.2642
0 -13.74 -3.98 1.5181
0 -10.98 -0.88 4.2729
0 -10.01 3.75 4.5272
0 -7.95 5 3.0861
0 -8.02 4.39 3.2032
0 -9.73 3.79 3.7669
0 -10.21 5.54 3.7777
0 -6.59 7.2 3.0028
9.375 -6.48 6.15 2.5578
13.825 -9.2 -0.96 2.7397
4.9 -10.36 -4.39 2.8443
23.6 -10.07 -2.1 1.3555
14.25 -14.39 -2.89 3.8244
5.675 -17.79 -9.03 0.5286
12.275 -13.42 -7.19 2.4414
5.475 -12.14 -6.25 1.4334
11.3 -12.57 -5.99 3.0103
6.65 -12.53 -6.7 3.1775
3.525 -11.4 -5.66 5.4504
38.575 -10.85 -6.37 5.5263
28.7 -10.74 -7.65 4.2353
3.95 -13.38 -7.6 1.0701
0 -13.07 -5.25 3.3862
0 -12.75 -1.05 2.5217
7.6 -12.35 1.79 3.8071
25.775 -10.34 -0.2 3.3663
14.825 -7.98 -4.31 2.4538
5.475 -9.48 -1.98 1.5273
2.775 -9.07 2.41 1.4742
0.275 -9.7 -2.31 2.5411
0 -9.58 2.25 0.4032
0.025 -9.96 4.39 3.7566
18.375 -6.14 4.39 2.8063
32.425 -5.32 2.24 3.9944
23.3 -6.66 0.6 4.937
22.55 -10.36 -5.21 3.1528
3.55 -14.5 -7 0.7715
1.475 -12.64 -3.71 1.9035
0 -14.3 -4.3 0.2541
0 -14.13 -0.06 1.5574
0 -11.95 2.54 2.72
0 -14.38 -2.61 0.462
0 -12.84 1.97 0.6629
0 -11.2 2.49 2.2662
0 -9.44 5.15 2.6147
0 -10.77 6.8 1.3471
0 -8.96 3.79 2.296
0 -5.4 5.24 2.6391
0 -7.51 8.26 1.1072
0 -7.21 9.03 1.0201
0 -4.91 10.66 0.815
0.05 -6.01 11.05 0.7319
13.275 -5.43 10.44 2.0391
25 -11.2 1.68 4.2638
2.1 -16.23 -7.51 2.2648
0 -14.25 -4.41 1.8714
0 -11 3.94 0.4515
0 -8.22 6.13 2.1451
0 -9.05 8.37 2.106
0 -7.42 7.84 1.3366
0 -6.24 9.79 3.2727
0 -10.02 6.31 1.9364
0 -8.96 5.01 0.326
0 -7.31 7 2.5617
0 -6.09 9.03 2.5744
0 -8.39 7.07 5.3944
0 -12.25 -0.07 1.8613
0 -11.27 4.04 2.9208
0 -9.12 7.9 2.6099
14.85 -6.68 10.67 1.4294
19.275 -9.15 7.05 3.4607
12.775 -9.02 -2.66 1.7488
5.45 -9.05 -1.14 2.2163
0.975 -9.76 -1.77 3.7995
0 -8.29 2.99 1.6207
0 -7.53 7.55 1.9542
0.175 -6.21 7.09 4.4895
0.125 -13.86 0.66 6.315
0 -12.1 -2.95 3.4064
0 -10.05 4.24 1.5089
0 -7.65 9.67 3.0673
0 -4.97 12.9 2.9132
0 -2.03 16.23 1.5948
0 -0.11 18.24 1.0991
0 0.88 18.9 2.1538
0.15 -0.24 17.77 2.9472
2.375 -3.23 11.35 3.5135
1.375 -10.74 1.02 3.7206
0 -9.1 4 1.9795
0 -7.18 6.87 2.3628
0 -7.36 7.1 3.2939
0 -9.63 4.2 1.5748
2.65 -7.05 7.49 1.9866
53.35 0.19 10.51 2.1044
36.2 -4.54 5.77 2.7212
4.35 -2.24 3.78 3.7835
2.225 -5.1 3.77 1.9425
0.25 -1.51 8.31 3.7601
0 -3.45 10.29 2.4212
0 -3.17 13.49 2.8246
0 -1.47 14.16 1.6162
0 -2.4 14.73 1.0904
0 -0.95 15.5 0.8044
0 -1.31 16.07 3.0155
0 -3.74 15.32 3.2848
0 -2.85 13.14 2.3309
0 -2.19 12.85 3.2397
0 -0.66 14.49 1.5559
0 0.11 16.95 1.6809
0 3.48 21.09 0.3164
0.275 5.29 22.87 2.4858
0.15 3.54 22.11 2.8976
0 0.77 16.79 1.8797
0 -0.07 15.76 0.9233
0 0.65 16.75 2.4703
0 0.34 16.43 2.9577
0 0.42 15.54 2.7663
0 -0.39 15.08 1.8172
0 -0.44 15.3 1.1992
0 0.52 16.93 0.7637
0.3 2.62 17.69 1.7822
0.175 1.67 17.64 2.4071
7.325 1.06 16.85 3.3384
4.4 0.97 16.68 2.1645
1 1.71 15.65 1.9363
0.025 0.94 13.92 2.2358
0.625 1.58 12.58 0.7494
12.925 -1.94 10.62 2.2318
10.75 -3.9 9.94 3.7606
4.725 -5.3 1.81 2.5745
1.75 -3.92 4.17 2.7956
0.525 -2.93 9.49 2.5675
0.325 -0.57 11.8 3.4248
0 -0.54 11.11 3.1111
0 -2.52 9.8 3.3453
2.2 -1.74 10.57 2.173
3.25 -0.4 9.79 3.6787
1.15 -2.53 9.65 2.5656
0.725 -1.87 10.55 2.4228
0.55 -0.56 10.9 2.3383
0.1 1.34 11.9 2.9146
0.05 1.22 14.45 1.609
0 4.33 20 2.6792
0 0.98 18.54 3.3333
0 -1.13 13.91 3.1704
0 -1.56 12.69 1.0982
0 -0.21 15.19 0.7316
0 2.43 18.63 1.3704
0.025 3.33 20.97 2.6822
0.025 2.6 19.2 1.7266
0 3.59 19.52 0.8495
0 4.23 23.32 0.4709
0.425 7.18 24.65 3.0092
0.25 6.36 24.23 3.0292
0 5.62 22 2.2481
0 6.17 22.1 1.5909
0 4.71 20.64 2.8976
0 3.78 21.33 2.5169
0 3.17 20.43 2.813
0 2.79 20.18 2.6625
0 1.55 18.4 2.9306
0 1.42 17.75 2.6201
0 0.91 17.52 2.5596
0 1.24 17.96 1.8964
0 3.66 19.18 1.915
0 4.09 20.31 2.3581
0 3.99 19.86 1.3213
0 3.52 21.68 0.5799
0 5.17 22.92 1.6582
0 6.28 24.93 2.0972
0 6.8 19.56 1.9249
0 7.38 24.85 2.1112
0 9 26.41 1.874
0 9.9 26.98 2.4831
0 7.02 25.67 2.5267
0 6 23.85 2.1845
0 7.98 23.88 2.0446
0 6.58 23.21 2.1316
0 6.03 23.1 2.1809
0 6.02 23.33 1.9412
0 6.24 24.32 1.8412
0 7.79 24.64 2.0644
0 7.44 23.91 2.818
0 7.53 23.02 2.4879
0 7.27 23.08 2.4018
0 5.89 23.44 2.4166
0 5.55 23.07 3.0281
0 3.6 20.24 2.7084
0 3.76 19.89 2.2743
0 5.84 20.41 2.569
0 2.43 17.89 3.2994
0 -0.32 10.57 2.0054
0 -0.47 12.2 1.2719
0 1.81 17.02 0.2117
0 2.5 20.64 1.1541
0 6.48 22.52 2.9186
0 6.8 23.61 2.6916
0 4.8 21.98 2.9587
0 4.3 21.09 3.2255
0 2.04 19.05 1.3205
0 0.64 18.5 0.2776
0 2.21 20.52 0.6227
0 2.96 21.96 0.8976
0 3.62 24.56 1.2529
0 5.7 25.58 1.9139
0 6.71 25.07 2.2403
2.575 6.66 25.58 2.3511
2.725 5.51 20.58 3.249
0.7 3.72 19.51 1.6424
0 2.03 20.08 1.664
0 2.26 20 0.6231
0 2.59 20.77 1.3691
0 4.66 21.02 1.0297
0 4.91 22.29 1.3168
0 4.9 23.81 3.0382
0 6.13 21.11 2.1196
0 3.74 20.94 1.0595
0 3.26 22.78 0.2049
0 5.92 22.02 1.3551
0 5.59 21.89 2.056
0 2.79 20.64 2.1274
0 0.71 19.46 2.0028
0 0.5 17.04 1.3929
0 1.61 18.1 0.4838
0 1.47 18.07 0.9557
0 3.73 20.25 0.3698
0 4.5 21.3 0.949
0.075 5.05 23.75 1.5588
1.125 4.14 20.01 2.3661
0.6 0.78 15.31 2.7545
0 -1.34 17.02 1.4819
0 0.49 17.14 1.1402
0 2.31 18.85 0.3533
0 2.17 20.11 1.1534
0 4.38 22.34 2.355
0 4.44 20.75 1.0038
0 6.72 15.78 2.6415
0 2.13 22.28 2.5747
0 4.96 22.37 1.6413
0 1.95 21.89 0.8299
0 2.8 21.33 0.765
0 6.3 22.68 1.1852
0 3.72 23.47 0.3651
0 3.91 23.46 2.204
0 3.26 19.62 2.6195
0 -5.82 10 2.3269
0 -6.9 8.33 2.582
0 -4.26 12.34 0.831
1.35 -2.21 13.53 3.2234
0.9 -8.25 10.36 3.6069
0.05 -10.2 -1.62 0.3305
0 -8.81 5.57 3.1609
0 -7.84 7.83 1.7236
0 -5.6 9.02 1.3939
0 -6.06 11.18 0.8272
0 -3.72 12.77 0.5196
0 -4.98 12.13 2.0322
7.025 -3.84 11.62 1.96
32.625 -3.33 5.57 6.3374
17.375 -3.15 2.65 4.5241
0.175 -1.44 6.62 0.7848
0 -1.21 12.31 2.2607
0 -1.78 13.98 1.1898
0 -0.21 16.23 2.0171
1.15 0.37 12.42 2.5119
0.7 -7.65 4.41 2.4974
0 -7.2 6.31 1.0805
0 -5.53 9.51 0.5908
0 -5.11 10.44 0.8449
0 -2.97 12.45 1.1069
0 -3.27 10.01 1.8557
0 -3.72 10.57 1.2226
0 -3.96 11.89 4.0532
0 -9.41 -1 5.0684
0 -11.16 -0.31 0.8113
0 -9.65 2.89 0.0286
0 -6.45 8.33 0.8804
0 -5.54 10.66 0.8209
0 -3.15 12.42 1.1518
0 -3.29 13.77 1.1234
0 -3.16 13.98 1.7254
0 -3.29 12.8 2.2771
0 -6.64 8.42 0.6476
0 -7.51 7.08 1.4018
0 -9.17 4.74 1.837
0 -8.51 4.54 1.3276
0 -6.63 6.42 0.8315
3.025 -3.87 7.56 0.6126
2.9 -5.5 6.51 2.0929
0.625 -10.12 -1.09 1.0968
0 -10.76 -0.77 1.1193
0 -11.47 0.21 2.861
0 -9.64 3.14 2.2454
0 -7.75 5.26 1.7727
0 -7.75 7.06 1.252
0.35 -10.09 2.19 2.3789
2.35 -8.88 3.92 3.8608
1.275 -8.65 3.22 0.9331
0 -8.85 -0.27 0.496
0 -10.21 3.05 2.4758
0 -9.52 1.89 3.8777
0 -8.31 3.47 4.202
0.5 -8.4 4.59 2.7579
1.35 -6.86 5.29 1.3216
0.625 -9.9 2.3 4.8217
0 -9.23 -1.95 5.2281
0 -9.38 0.3 3.9162
0 -9.27 2.88 1.5744
0 -10.09 3.01 2.3101
0 -11.65 3.75 2.1891
0 -10.97 0.52 2.1522
0.05 -9.47 1.88 1.2825
16.725 -13.18 -1.13 2.2457
16.525 -11.81 -4.87 1.1027
4 -20.86 -10 0.6428
0 -22.03 -10.44 1.874
4.55 -18.82 -8.07 2.9464
32.65 -11.19 -4.37 2.7652
62.55 -8.31 -4.44 3.6951
30.3 -9.69 -3.79 4.6393
1.875 -11.96 -5.97 0.738
0 -11.2 -6.65 2.9741
0 -9.6 -2.76 2.3443
0 -8.81 -0.77 2.3017
0 -8.68 -0.6 2.8286
0 -9.33 -1.03 4.1136
1.15 -9.03 -0.9 2.9233
13.425 -7.75 2.13 1.871
11.25 -11.07 -0.14 3.6936
0.15 -15.81 -7.04 2.9098
0 -12.36 -3.62 3.8157
0 -11.75 -2.17 3.6961
6.625 -11.75 -3.87 3.9945
3.975 -10.77 -3.09 1.909
2.7 -12.09 -4.71 3.2188
9.45 -11.46 -4.72 0.7124
4.925 -10.31 -4.65 1.4962
0.1 -10.66 -4.47 2.4008
0 -10.22 -1.44 1.8279
0 -10.38 -1.03 1.2152
0 -10.46 -0.43 4.0253
0 -10.39 0.86 2.9483
0 -9.36 0.85 2.4281
0 -9.39 1.12 2.9251
0 -9.84 1.04 2.8762
0.075 -7.41 2.88 3.1288
1.875 -7.21 3.14 2.2978
0.825 -5.66 1.75 2.4502
1.325 -6.34 0.05 3.0832
21.825 -8.41 2.3 4.2928
13.05 -7.22 -0.17 2.0829
0.075 -10.8 -2.61 1.4567
0 -10.84 -1.28 3.3205
0.675 -10.53 1.05 1.8348
41.775 -10.67 2.5 2.4674
64.1 -9.29 -1.72 4.5882
38.825 -10.32 -6.29 5.3503
43.325 -10.28 -7.15 6.2597
52.7 -12.14 -7.56 4.0463
27.2 -11.59 -8.95 4.2544
4.775 -14.02 -9.83 0.8682
1.525 -14.04 -7.86 2.0689
6.725 -12.35 -6.74 3.5363
3.5 -10.05 -5.61 2.8797
0 -11.14 -1.3 1.3621
0 -13.48 -0.97 2.8344
1.525 -11.65 -3.32 3.1406
0.9 -10.1 -0.69 1.4752
0 -14.69 -2.17 1.1061
0 -17.51 -2.61 1.6957
0 -10.89 -1.02 1.926
0 -10.39 -0.8 0.5985
11.775 -10.18 -0.45 2.4933
19.5 -8.98 0.06 3.4202
17.15 -8.45 -2.97 1.8017
5.8 -10.13 -5.06 2.5975
0.725 -12.05 -3.98 1.4066
2.225 -12.26 -3.56 2.3943
1.075 -12.3 -4.68 0.554
0 -11.38 -2.1 0.9347
0 -9.42 -0.6 1.014
0 -9.92 2.47 1.5272
0 -9.24 3.64 1.5604
0 -9.07 6.16 0.9141
0 -8.57 5.8 1.7218
0 -7.8 6.89 2.4438
0 -6.81 7.17 1.366
2.825 -8.85 5.34 1.3967
6.625 -7.74 0.62 2.5307
20.4 -8.52 1.51 3.2024
9.175 -13.33 -5.72 2.4472
14.6 -13.07 -3.34 3.5559
26.95 -9.31 -1.73 2.9202
2.9 -10.58 -3.01 0.6279
35.375 -9.55 1.63 4.3467
23.6 -9.47 0.68 1.8551
2.2 -10.43 -4.88 0.713
0.475 -9.99 1.48 2.4266
6.75 -7.72 4.02 2.6943
22.925 -9.42 2.37 3.2098
11.425 -11.87 -2.76 3.295
0.05 -13.13 -4.74 1.2845
0.025 -11.54 -0.4 2.6788
0.075 -11.26 -0.82 0.8443
6.2 -10.71 1.75 2.4056
4.75 -15.41 -3.52 3.9939
0.625 -13.1 -4.74 2.0768
0 -13.83 -5.28 0.4619
35.3 -11.49 1.85 2.1295
21.175 -11.66 2.29 2.5902
0 -12.76 -2.54 2.6885
0 -12.12 3.59 3.7982
0 -10.09 8.09 1.5758
0 -8.46 9.98 0.6681
0 -6.24 9.41 2.9958
0 -11.18 6.51 2.1169
0 -5.57 10.68 2.1248
0 -8.33 9.69 0.876
0 -8.35 8 1.2538
0 -9.75 8 2.4222
0.675 -9.62 8.91 2.217
1.975 -6.86 8.79 2.5471
0.95 -11.21 0.97 2.706
0 -10.17 -3.65 2.9
0 -8.87 6.84 1.4712
2.775 -6.03 9.1 2.6347
9.15 -6.56 8.72 5.8842
4.575 -10.57 -2.72 3.3345
1.425 -13.81 -4.26 0.9208
9.075 -12.58 5.4 2.3495
2.25 -9.47 -1.9 2.1957
13.525 -11.11 -1.59 2.7465
8.1 -11.94 -4.39 3.5777
0 -13.89 -3.86 0.8478
0 -11.95 1.77 2.2077
0 -9.68 7.04 0.4156
0 -7.71 8.92 1.3483
0.575 -7.29 7.87 1.9667
10.5 -6.35 4.22 3.8479
8.425 -10.34 -1.9 4.6853
1.4 -10.98 -4.44 1.0834
0 -10.1 1.7 0.6684
0 -9 3.44 0.851
0 -6.77 8.33 2.6679
0 -7.86 8.44 1.3642
0 -6.85 10.67 1.0537
2.9 -5.84 12.15 1.875
9.425 -4.12 9.88 2.8613
5.325 -10.33 -0.98 2.9363
0.425 -9.22 -5.57 1.5374
0 -8.3 -2.72 1.5482
0 -7.08 7.56 0.6877
0 -5.27 10.1 1.4073
0 -3.9 12.18 0.7182
5.5 -1.63 13.24 4.3032
6.525 -7.32 3.51 5.3199
2.05 -12.44 -3.4 4.1305
0.05 -11.46 -2.11 3.5028
0 -9.28 3.36 1.9574
0 -7.39 7.69 2.219
0 -6.49 11.29 1.0819
0 -4.02 13.01 2
0 -3.33 12.11 3.5904
0 -7.05 8.42 2.1674
0 -7.52 7.24 0.9046
0.05 -4.99 10 2.9075
1.925 -6.07 8.88 3.8439
7.15 -9.21 -0.1 3.4543
3.675 -12.74 -0.78 4.6743
0.025 -10.35 0.62 2.385
0.075 -6.15 6.9 1.1219
0.05 -5.34 9.7 0.6814
0 -3.14 11.78 0.5635
0.775 -0.78 13.88 1.3924
2.45 0.69 13.45 2.123
1.175 -10.82 11.15 2.3626
0.15 -3.97 6.78 1.7586
0.075 -1.29 10.08 3.4113
0.1 -4.55 10.66 4.4543
0.1 -9.57 4.72 3.7954
0.15 -9.87 -0.24 4.0901
0.95 -8.11 1.41 2.3744
2.675 -8 2.33 1.6238
6.2 -4.81 6.57 3.3476
8.775 -6.3 4.16 2.737
3.475 -8.58 1.09 3.8203
0 -8.26 3.34 1.8944
0 -4.7 10.88 0.6073
0 -4.86 14.28 2.6482
0 1.46 13.77 2.952
0 -0.89 12.33 2.7232
0 1.08 14.28 2.9095
0 2.9 15.31 2.9638
0 2.56 15.23 2.1374
0 3.68 19.17 3.159
0 4.95 19.61 3.1668
0 1.76 17.51 2.3476
0 1.95 16.96 4.0446
0 -1.3 14.94 4.6593
0 -2.32 10.6 5.2099
0 0.62 9.22 4.1123
0 -0.17 13.85 1.1561
0 1.19 15.78 1.6124
0 2.14 18.51 3.1529
0 -1.48 16.65 3.18
0 -2.72 11.88 0.8469
0 -2.05 16.55 2.3017
0 -1.71 13.96 3.2482
0 -3.11 13.33 2.5122
0 -2.28 15.37 1.4165
0 -0.63 13.53 0.9639
0 1.83 17.29 1.6012
0 1.56 18.3 2.1297
0 3.58 14.59 2.6201
0 1.93 16.3 2.2806
0 4.77 18.21 0.7713
0 6.06 22.1 1.4451
0 6.84 23.04 3.2542
0 4.1 21.07 3.016
0 1.73 19.13 2.6616
0 1.11 17.73 2.7169
0 2.82 18.01 1.8862
0 1.27 16.62 0.9359
0 2.58 19.22 1.8329
0 3.68 20.86 2.4076
0 4.21 20.51 2.1212
0 4.01 19.42 2.1969
0 5.95 21.43 2.0948
0 5.23 21.08 1.8161
0 5.58 22.69 2.4535
0 7.07 21.93 3.3656
0 7.34 21.62 3.5711
0 5.07 19.81 1.8947
0 5.92 21.16 1.1999
0 7.43 23.84 2.5815
0 6.76 23.15 2.8026
0 7.04 23.65 2.6166
0 7.85 25.57 2.142
0 5.67 25.06 2.0866
0 5.49 23.05 2.6944
0 4.25 22.45 1.077
0 4.85 21.44 2.2631
0 5.46 22.18 1.9756
0 7.14 23.32 2.4006
0 7 22.81 2.685
0 3.24 21.65 1.9162
0 2.66 22.51 2.3339
0 4.28 20.66 1.9116
0 3.53 21.82 2.2696
0 3.68 21.62 2.4684
0 2.99 21.2 2.1085
0 3.49 20.4 2.4574
0 2.63 21.35 1.5667
0 2.61 21.81 1.975
0 3.45 21.39 2.0083
0 1.79 20.83 2.0904
0 3.03 20.42 2.5075
0.475 4.38 19.33 2.8837
0.275 3.6 14.64 2.0827
0 1.75 18.53 1.9862
0 2.95 19.04 2.3818
0 0.82 12.42 1.0372
0 1.68 18.4 1.2182
0 3.23 19.95 2.1675
0 3.14 20.32 2.7035
0 3.96 20.79 1.1372
0 3.27 22.42 1.8099
0 3.56 23.16 1.9189
0 3.21 21.88 1.8846
0 2.72 21.46 2.216
0 2.98 22.46 2.0892
0 4.27 19.42 1.7666
0 1.62 18.22 2.6141
0 5.45 22.35 2.2397
0 6.33 25.34 0.7351
0 8.8 26.71 2.4981
0 4.93 26.14 2.668
0 1.07 20.81 3.066
0 0.88 9.68 2.2346
0 -2.21 10.07 2.3648
0 -2.4 12.56 1.0165
0 -0.16 15.88 0.5578
0 1.24 20.38 0.4896
0 4.59 23.37 1.1495
0 5.09 23.5 1.407
0 3.93 22.86 1.9394
0 1.54 20.35 1.3527
0 1.11 20.59 2.6517
0 2.58 19.1 3.1059
0 -4.18 5.9 2.1074
0 -1.87 16.77 0.7077
0 -1.14 14.99 0.7944
0 0.18 18.41 1.0389
0 0.22 18.69 1.7965
0 -0.72 17.25 1.4544
0 -1.15 16.92 0.6912
0 -1.01 17.05 1.2751
0 -2.4 18.21 1.655
0 -1.33 17.28 1.5456
0 -1.58 17.31 1.5818
0 -1.75 12.44 1.0198
0 -3.6 15.38 1.0497
0 -0.62 14.1 2.7212
0 -1.84 12.74 0.8766
0 -1.39 15.67 0.4638
0 1.35 18.73 0.9906
0 2.28 22.31 0.4455
0 4.95 22.91 1.137
0 7.11 24.07 0.4947
0 5.7 24.63 0.4993
0 3.68 24.21 0.3115
0.075 4.25 19.99 0.5346
3.075 4.07 16.46 1.4136
26.275 3.32 17.87 1.7108
40.65 0.37 7.47 1.5212
1.175 -1.6 2.3 1.0703
10.225 -4.98 4.24 0.8067
1.55 -4.56 2.79 2.1771
0.075 -7.35 4.36 0.8458
0 -4.96 9.23 1.8159
0 -4.4 11.92 1.66
0 -0.72 15.17 1.3846
0 -1.01 15.64 2.4553
0 1.36 17.43 1.7732
0 1.13 17.18 0.8664
0 0.53 15.98 0.7676
0 0.61 16.26 1.3405
1.625 1.29 12.09 0.8752
0.775 -2.03 7.92 1.1667
0 -1.77 7.12 1.9018
0.175 -3.09 13.08 1.0968
0.1 -1.8 10.45 2.0546
2 -3.97 8.27 1.8673
16.25 -2.65 6.79 1.7414
35.4 -1 1.9 4.6866
11.8 -5.62 3.06 3.8638
0.025 -7.06 2.88 1.5753
0 -9.96 2.9 3.0581
0 -10.05 4.24 3.2948
1.65 -4.72 7.69 2.0993
1.225 -4.96 8.7 2.0099
0.125 -6.85 0.33 0.8734
0 -6.4 5.78 1.8869
0 -5.43 8.74 3.3505
0 -3.59 11.69 3.1583
0 -0.25 13.29 2.1756
0 0.17 13.02 1.1544
0.525 -1.33 12.13 2.3798
26.6 -3.98 9.02 3.0405
15.275 -8.67 0.36 2.8276
2.375 -10.85 -1.23 0.5984
2.8 -10.38 0.12 1.6119
0 -10.64 -2.23 2.621
0 -9.04 1.57 1.4679
0 -9.34 4.28 3.1576
0 -7.19 4.09 1.5127
0 -5.21 7.66 2.41
0 -6.07 7.84 0.8087
0 -7.99 6.52 2.1938
0 -5.42 7.19 2.4025
28.275 -5.11 7.32 3.0988
50.725 -10.02 1.4 3.4095
37.9 -12.21 -6.97 5.4232
15.075 -11.98 -8.05 3.2353
16 -11.46 -6.02 4.464
8.075 -16.17 -7.76 0.9923
0 -18.14 -9.3 3.3432
0 -17.42 -8.24 3.2901
17.5 -12.21 -4.91 2.9455
10.775 -16.91 -5.5 2.9302
0 -18.52 -9.47 2.1589
0 -16.29 -8.7 2.9827
0 -13.48 -4.09 2.205
0.025 -10.48 1.3 2.5117
0 -4.93 2.3 1.655
0.35 -6.28 1.39 1.7728
7.6 -7.67 -0.21 2.0122
4.05 -7.35 1.26 3.2028
0 -9.33 -1.81 2.3612
2.65 -7.64 1.66 1.7825
4.4 -6.02 2.1 1.0715
0.55 -4.86 0.03 1.3885
0.025 -4.96 1.94 0.5094
0 -9.05 2.29 2.2594
0 -8.67 1.66 1.5139
24.3 -7.68 4.07 1.9462
17.275 -9.68 -0.29 1.795
6.35 -10.93 -3.58 2.536
63.3 -10.72 -4.45 3.4454
98.5 -9.53 -5.32 5.3527
79.4 -8.37 -2.46 6.3157
32.55 -10 -1.27 2.1296
13.375 -11 -9.07 2.0803
6.2 -11.17 -6.68 2.2406
2.65 -10.01 -4.89 0.3806
0.15 -10.89 -4.16 2.78
20.625 -11.98 -1.71 5.1506
12.025 -10.69 -2.01 1.9656
0 -11.94 -7.99 1.0713
21.5 -11.74 -6.63 2.275
14.1 -10.12 -4.7 4.5957
0.775 -18.87 -6.59 2.7705
1.875 -18.96 -9.95 1.2839
10.7 -18.41 -10.07 3.7102
22.8 -11.15 -9.18 4.6655
32.85 -11.64 -8.44 2.5969
0 -14.52 -7.5 3.1349
0 -14.59 -8.46 3.8434
0 -12.65 -4.49 5.4677
0 -12.42 -4.44 3.9427
0 -13.62 -6.3 1.8617
0 -13.66 -3.18 1.0462
0 -14.85 -5.36 3.3232
1.375 -14.9 -4.35 3.1897
9.875 -10.56 -4.56 1.6237
0.125 -11.73 -2.51 1.6259
0.075 -11.45 -1.35 1.4387
0 -11.9 -0.15 2.4411
0 -10.07 1 1.0452
0 -9.43 2.64 0.6613
0 -9.59 0.68 2.197
0 -9.34 3.48 1.3031
0 -11.67 4.7 4.3
0 -11.63 2.17 3.6662
0 -14.28 1.32 2.7518
0 -9.14 5.55 3.7285
0 -10.47 1.72 2.1241
0 -10.01 3.37 2.183
0 -10.1 2.46 4.9606
0 -10.14 3.34 3.1848
0 -10.1 3.31 1.7907
2.625 -9.51 4.01 0.6332
18.375 -9.96 3.64 1.7991
6.375 -11.84 -6.5 1.6533
0 -13.04 -2.96 2.0715
0 -15.03 -1.39 3.0711
0 -14.36 -0.69 2.1419
0 -11.85 1.42 2.9249
0 -10.53 4.91 1.7205
0 -9.31 5.4 1.9398
0 -7.26 6.85 0.5996
0 -10.65 6.33 2.1887
0 -13.06 4.26 3.6459
0 -14.44 -0.32 3.8347
0 -13.68 1 3.8887
0 -11.42 4.25 2.6226
0 -9.89 6.56 1.3873
0 -9.83 5.62 3.2359
5.15 -10.39 4.37 3.9155
64.6 -10.05 3.08 6.121
39.1 -12.44 -8.64 4.2874
50.425 -11.24 -8.47 3.2414
49.6 -11.48 -6.19 4.1534
7.025 -16.12 -7.52 0.8611
0 -16.12 -5.82 1.1882
0 -15.76 -5.92 0.3638
0 -14.88 -2.13 0.264
3.55 -13.64 -2.86 2.3722
23.15 -11.89 -4.88 5.9119
26.025 -16 -8.39 0.6718
0 -17.8 -10.23 0.4878
0 -17.09 -7.13 2.1029
2.05 -15.32 -1.11 1.6875
8.375 -11.04 0.3 3.3875
13.275 -8.88 -1.25 1.7418
1.9 -11.1 0.02 1.4346
1.7 -10.37 3.28 0.5875
18.375 -9.76 5.44 1.7547
33.625 -7.91 -2.12 4.5388
0.05 -11.54 -2.95 0.6185
0 -10.98 3.17 1.5191
0 -9.77 7.82 1.188
0.175 -9.01 7.06 1.1352
0.1 -8.8 5.03 0.735
0.75 -8.85 7.14 0.8593
0.725 -6.82 2.22 1.0737
6.35 -6.63 6.24 1.2357
37.25 -5.22 7.42 2.8844
1.8 -10.13 -1.2 0.9899
30.475 -11.08 1.67 3.2778
39.025 -10.96 -5.71 4.9383
85.725 -10.73 -6.54 6.2554
14.8 -12.01 -5.81 2.734
3.25 -12.39 -3.21 0.8964
9.925 -12.1 -2.76 4.4703
50.025 -12.01 -3.55 5.3542
41.925 -15.18 -5.3 4.1292
22.175 -10.72 -4.86 2.9305
11.375 -10.7 -7.54 1.6237
0.075 -9.78 -0.1 0.5521
0 -9.97 3.21 1.1399
0 -10.13 5.02 2.1935
0 -9.22 6.82 2.2195
0 -5.96 11.09 1.6269
0 -5.5 15.08 1.2899
0 -7.29 12.09 1.2176
0.25 -8.18 10.19 2.0017
0 -7.01 10.32 1.4565
1 -6.04 10.39 1.44
6.1 -10.18 8.37 3.5772
8.125 -15.07 -6.98 1.3869
4.375 -14.17 -8.12 1.5079
0.275 -14.12 -2.51 0.5747
0 -11.09 4.14 1.4951
0 -9.35 5.42 1.3907
0.275 -8.72 6.31 2.95
0.375 -11.38 -2.24 0.6122
0 -9.3 4.84 0.7528
0 -7.28 10.21 1.3726
0 -6.67 12.05 2.3632
0 -6.21 11.92 3.119
0 -4.66 7.49 1.8264
0.6 -7.21 10.42 2.3211
20.25 -4.03 2.15 2.4921
2.05 -7.58 5.43 0.8535
0.85 -7.69 5.12 1.5142
0.45 -5.56 3.93 2.6516
2.1 -6.35 1.59 2.5719
0.05 -8.8 4.24 2.7923
0 -6.94 6.31 0.8309
0 -6.3 9.12 2.5651
0 -8.74 8.79 4.632
0 -7.87 6.41 3.7163
0 -7.29 6.82 2.0223
0 -5.31 9.4 0.5574
0 -3.24 12.07 0.8155
0 -2.11 13.46 3.0885
0 0.23 16.02 0.8396
0 0.11 16.06 1.6794
0 -1.03 15.27 2.1695
0.625 -2.55 12.11 3.2296
1.025 -6.73 4 3.4702
6.975 -8.69 -2.17 2.8709
0 -6.7 7.4 1.7098
0 -3.38 11.08 1.1949
0 -2.37 13.72 0.5897
3.475 -2.28 15.31 3.0481
15.175 -10.28 7.49 3.0639
6.9 -10.31 -3.26 1.1236
14.225 -8.3 0.65 3.4935
20.875 -9.87 -2.79 2.5099
3.175 -8.76 0.47 3.5833
0.275 -7.65 7.17 1.8336
0 -3.41 11.5 1.9435
0 -3.44 10.39 2.8423
0 -5.38 10.3 4.3886
0 -5.92 7.79 2.4497
0 -4.51 10.65 2.8842
0 -5.3 8.98 2.7826
0.575 -5.35 8.67 3.477
2.075 -4.64 9.48 4.4066
13.175 -8.74 4.98 4.9557
3.05 -8.46 1.1 2.957
0.275 -5.23 6.79 2.8626
0.6 -4.53 8.48 3.1576
2.65 -8.35 2.82 1.7959
0 -7.63 5.49 0.6322
3.8 -4.88 5.79 2.8047
24.375 -2.47 0.37 1.4499
15.35 -5.2 7.23 3.6507
0.125 -5.93 3.36 1.8439
0.025 -4.47 9.64 3.0527
0 -2.45 12.1 1.5995
0 -1.07 14.92 2.1741
0 -0.74 15.29 2.9994
0 -1.97 12.74 2.6044
0 -0.57 13.79 2.7476
0 1.32 15.85 1.5427
0 2.27 18.67 1.8701
0 2.03 18.4 2.5314
0 -0.51 15.59 1.1382
0 0.57 14.73 2.9714
0 0.41 16.17 2.0657
0 1.99 16.7 0.235
0 2.77 19.27 0.384
0 4.33 21.73 2.4696
0 3.84 20.99 2.9973
0 1.59 19.08 2.7168
0 0.18 18.77 2.7353
0 0.39 17.51 2.2336
0 2.12 18.72 2.1758
16.25 2.14 18.79 2.7451
28.05 -0.34 15.24 2.5492
7.75 -2.66 6.4 2.1986
0 -0.66 14.38 0.7547
0 1.45 19.02 0.8361
0 4.61 20.97 0.7358
0 3.9 21.4 1.6732
0 4.97 21.16 1.8836
0 6.4 19.14 2.4825
0 6.94 21.08 2.8929
0 6.17 20.12 2.2987
0 5.33 20.85 2.5572
0 3.19 20.43 2.2088
0 2.34 19.64 2.3953
0 1.77 17.05 2.4597
0 1.64 17.4 3.1693
0 1 15.22 2.6331
0 2.05 14.25 3.1618
0 0.39 13.78 3.132
0 0.57 14.76 2.0115
0 0.3 16.43 1.4882
0 0.93 18.52 1.9905
0 1.22 18.61 1.2074
0 1.82 19.48 2.3075
0 3.68 20.18 2.8569
0 3.82 19.77 1.8474
0 5.2 20.73 2.0128
0 3.21 22.09 2.2107
0 3 20.75 1.8216
0 2.48 20.18 1.7213
0 4.01 19.26 1.4197
0 5.52 22.15 2.202
0.825 6.53 23.25 2.9782
1.025 8.4 22.7 2.1316
5.35 6.61 17.58 1.5853
0 5.33 21.24 1.9534
0 5.71 22.31 2.1106
0 3.16 21.34 3.0769
0 2.36 18.08 2.2468
0 3.14 19.12 3.0633
0 2.49 18.73 2.4277
0 3.89 19.55 1.7872
0 3.22 20.83 1.854
0 3.22 20.7 2.1724
0 3.4 19.85 2.6529
0 3.26 20.29 1.5294
0 4.69 22.05 1.3276
0 3.79 21.92 2.1034
0 3.6 20.34 1.5353
0 2.73 19.61 0.9987
0 2.41 20.24 1.4978
0 2.93 20.54 1.3268
0 3.92 21.42 2.5222
0 2.83 19.48 2.0375
0 2.09 18.89 1.469
0 0.41 18.75 1.0846
0 1.01 19.65 0.9744
0 3.06 21.31 2.0677
0 5.14 21.76 1.3223
0 4.79 21.42 0.9128
0 4.31 23.87 1.1277
0 5.69 23.87 1.4923
0 5.24 24.06 1.6086
0 2.83 22.93 1.9476
0 2.03 20.86 1.8608
0 1.57 19.77 0.7656
0 2.16 19.7 0.8041
0 2.18 21.75 0.8914
0 3.93 21.18 0.8907
0 5.05 21.83 1.8104
0 3.69 20.09 0.5788
0 4.03 21.24 0.8828
0 4.52 22.63 0.7639
0.35 4.66 22.03 1.741
7.95 2.42 21.8 1.1304
6.625 2.72 17.55 1.449
23.85 -0.2 12.91 1.3405
4.85 1.52 15.38 0.5906
31.15 1.01 17.63 1.0574
0 1.19 15.49 2.4442
0 1.47 16.88 1.9311
0 0.63 14.56 1.5973
0 -0.39 14.66 0.2523
0.225 0.39 18.03 0.2776
0.15 3.55 20.26 0.8843
0 3.94 20.63 0.4138
16.075 4.21 21.19 0.3585
0 4.86 21.07 0.6878
0.025 4.62 22.36 1.6597
28 1.19 17.97 2.323
0.3 0 11.25 1.6946
0 0.26 15.13 0.4097
0 3.83 18.51 0.6429
0 3.88 18.83 1.0838
0 1.66 20.31 1.5548
0 0.2 19.43 2.4937
0 1.01 15.67 2.0252
0 -0.02 14.17 2.1887
9.925 -1.68 11.09 2.394
50.375 -4.32 6.11 3.9383
26.175 -8.67 3.53 0.7206
4.625 -9.68 3.48 0.9433
0 -9.06 4.28 1.293
0 -6.07 8.4 1.2955
0.975 -3.57 10.26 1.6476
7.825 -2.27 5.31 1.6941
0 -3.79 11.81 0.901
0 -3.34 13.76 0.6104
0 0.95 16.45 0.5586
0 -1.66 16.16 1.16
0 -1.53 14.01 1.6914
0 -1 13.78 1.8544
0 -0.43 14.21 1.9186
0 -2.08 15.69 0.6619
0 -2.25 12.66 0.581
0 -1.61 13.82 0.4119
0 -1.47 12.52 2.2683
0 -3.13 14.2 1.8838
0 -2.07 15.18 2.3314
0 -3.92 12.31 1.3483
0 -5.54 8.27 3.6432
0 -7.99 6.47 3.4621
0 -8.09 6.37 2.1818
0 -5.16 9.02 0.8631
0 -4.56 10.67 2.2461
0 -4.16 11.35 0.1476
0 -4.52 11.03 3.2727
0 -4.7 8.75 4.187
2 -8.91 8.56 3.9644
12.275 -10.64 6.59 1.888
3.2 -12.67 -5.42 0.4003
12.3 -11.58 -4.23 1.506
0.275 -11.96 -4.89 0.9852
0 -12.83 -2.36 2.3646
0 -12.03 -0.11 3.3208
0 -11.01 3.13 2.9859
1.125 -9.95 3.2 3.3012
5.15 -5.74 1.27 1.0293
0 -7.44 1.87 0.2095
0 -6.75 3.44 0.5455
0 -9.48 3.62 0.4978
0 -9.38 3.74 0.8797
0 -9.25 3.92 1.1295
0 -9.62 4.41 3.416
0.65 -9.81 -0.97 2.2465
1.65 -9.4 -3.52 3.9109
4.725 -11.85 -4.49 1.5579
0 -12.03 -1.57 2.191
0 -11.38 1.38 3.4488
0 -11.24 8.11 2.2757
0 -11.33 1.26 0.8173
0 -10.76 1.94 2.9804
0 -9.41 3.84 2.3874
0 -8.36 3.72 1.0776
0 -6.16 4.74 1.8859
0 -10.04 5.15 3.262
0 -10.38 2.77 9.0744
0 -10.5 -1.85 3.8496
0 -12.39 2.35 4.5051
0 -13.71 -0.22 2.7399
0 -13.58 -1.87 3.5084
0 -14.51 -1.84 3.0582
0 -13.87 -2.23 3.6827
0 -13.6 -0.19 3.9043
0 -13.2 -0.53 4.3689
0 -12.4 -0.31 3.2529
0 -13.3 -0.02 1.182
0 -14.6 -0.36 1.663
0 -14.38 -3.58 1.4689
0 -13.59 -2.81 1.1181
0 -13.06 -2.54 0.9101
0 -13.29 -3.32 5.8238
0 -13.21 -0.87 4.858
0 -14.23 -0.48 2.6845
0 -13.44 0.1 4.7096
0 -15.3 -2.14 4.6747
0 -13.93 -3.9 3.4816
0 -15.35 -1.32 4.5678
0 -14.72 0.48 3.9767
0 -14.41 -0.45 4.9467
0 -13.71 -0.46 3.3197
0 -11.99 0.37 1.3606
0 -11.92 2.06 1.1462
0 -11.18 0.65 1.1499
0 -8.93 5.36 0.9608
0 -9.86 3.68 1.2333
0 -12.26 2.68 2.3946
