0.4 -0.82 13.11 1.6788
3.45 3.7 11.89 1.0895
1.925 -0.35 11.03 1.6643
0.75 -2.98 7.39 3.9482
1.65 -2.23 7.98 1.7852
0.725 2.58 5.75 0.4396
0 2.45 11.01 1.5182
0 4.68 13.4 0.8505
0 2.39 16.21 4.3645
0 2.01 13.74 3.5367
0 3 15.85 2.4653
0 3.24 17.6 5.488
0 6.2 18.53 4.0354
0 3.25 19.38 3.5894
0 4.22 20.79 4.0351
0 2.61 21.16 4.9834
0 4.78 18.9 4.2395
0 4.93 18.21 4.6983
0 4.12 19.18 4.8313
0.075 3.06 18.3 3.4166
8.325 5.28 18.83 2.7466
16.375 8.54 17.43 2.1639
33.45 6.15 13.83 1.6944
25.1 7.9 12.32 2.2923
7.425 4.03 10.25 3.4351
1.5 -1.63 4.56 0.9172
0.175 -2.85 6.44 1.3205
0 -1.79 8.82 1.6627
0 1.86 12.71 4.1929
0 4.1 18.39 4.4763
0 6.04 19.17 3.076
0 5.31 18.72 3.0248
0 2.99 15.55 4.0015
0 2.89 19.7 3.8019
0 5.78 21.13 2.9944
3.9 7.6 19.75 2.693
5.1 4.59 10.79 3.1471
1.7 3.22 9.36 2.7432
13.775 3 11.44 1.4087
8.25 -0.79 9.45 3.5552
2.05 -4.93 4.81 0.4068
6.9 -2.72 6.32 2.4455
4.075 1.22 6.63 1.4245
10.425 0.83 7.32 2.9995
5.975 0.83 6.02 3.4252
1.8 1.99 7.47 5.9904
19 2.46 7.22 5.6066
13.825 2.62 6.25 4.5062
1.825 0.13 5.08 1.3773
0 0.4 9.23 3.5145
0 0.5 14.06 2.7376
4.2 1.67 15.23 3.83
13.925 3.17 14.15 3.8704
10.6 5.91 8.94 2.7554
2.375 3.97 10.28 1.3831
1.05 4.56 16.09 1.4148
0.275 4.08 9.85 2.1534
0 2.89 14.45 0.3253
0.025 3.73 17.05 3.5994
7.425 5.82 17.49 2.7276
15.475 7.9 14.06 3.8437
27.9 6.38 12.85 4.8881
13.15 2.71 8.18 2.801
0.95 -0.99 6.77 0.9636
0.425 -0.26 9.27 1.8766
0 -1.62 8.34 0.3013
0 -2.01 12.54 1.412
0 2.04 15.28 2.6801
0 -1.67 9.91 0.4098
0 -0.97 14.76 0.4322
0 2.59 15.01 1.9439
0 3.22 18.36 2.1747
0 3.28 19.76 1.2774
0 3.2 15.5 2.0143
0 5.63 17.36 2.2559
0 5.75 20.4 1.2051
0 6.64 22.06 1.344
0 7.02 22.86 1.0028
0.075 6 23.91 0.7965
14.4 7.13 23.09 1.7321
10.075 2.01 14.37 4.1086
0.85 -3.23 5.23 2.3728
0 -1.51 9.81 1.8893
0 1.49 16.8 0.7274
0 2.07 18.79 2.1303
0 5.41 21.87 2.0316
0 5.8 20.83 1.4033
0 5.65 22.39 3.2788
0 2.87 17.09 1.8982
0 3.07 17.23 0.4047
0 4.55 19.23 2.7624
0 6.05 22 2.5353
0 4.03 19.11 5.2672
0 0.4 12.98 1.9463
0 0.88 17.06 2.6588
0 3.66 21.3 2.1428
7.3 4.88 23.92 1.3067
9.425 3.92 19 2.7974
6.65 3.68 9.99 1.6473
2.325 4.03 11.29 2.3805
0.075 2.84 11.13 3.8472
0 3.87 15.48 1.7935
0 4.76 19.32 2.2148
0 6.33 19.64 4.7881
0 -0.83 12.55 5.913
0 0.05 9.96 3.1327
0 2.14 17.73 1.4518
0 4.88 22.51 2.6665
0 7.26 25.65 2.622
0 10.64 29.36 1.5382
0 12.22 31.1 1.2428
0 12.65 32.03 1.902
0.05 10.93 31.02 2.4678
0.725 9.26 23.92 3.3752
0.4 1.49 13.93 3.5662
0 3.02 16.93 2.178
0 5.18 19.67 2.3401
0 3.87 18.7 3.0778
0 2.41 16.1 1.8173
1.075 4.01 19.44 2.0548
40.275 7.02 22.51 1.7516
26.275 9.48 20.07 2.3313
5.075 9 16.61 3.3616
2.6 7.89 17.03 1.7248
0.375 11.09 20.44 3.3363
0 9.2 23.1 2.0468
0 9.42 26.24 3.0668
0 10.51 26.39 1.877
0 10.06 26.87 1.6045
0 10.13 27.22 1.2526
0 10.66 28.76 3.1106
0 10.11 28.36 3.3405
0 9.28 25.76 2.8279
0 9.83 25.98 3.3924
0 12.14 27.72 2.0105
0 12.81 29.81 1.3686
0 15.48 34.38 0.2693
0.375 17.15 36.32 2.2891
0.225 16.01 35.77 2.5099
0 12.75 29.65 1.728
0 11.63 28.41 1.1376
0 12.78 29.55 2.5363
0 12.59 29.5 3.0344
0 13.06 29.12 2.8305
0 11.53 28.67 2.1453
0 12.27 28.19 1.5173
0 14.38 30.53 1.0312
1.025 15.04 31.2 2.1747
0.625 14.43 31.43 2.5075
5.075 15.76 29.81 3.1448
3.05 13.68 29.66 2.3039
0 14.34 29.09 2.199
0 13.41 27.2 2.3464
0.175 13.67 25.15 0.5098
5.15 10.92 24.22 2.1962
4.4 8.46 22.43 3.264
1.925 7.18 14.83 2.1217
0.65 8.45 17.3 2.7012
0 9.31 22.39 2.6459
0 10.78 24.69 3.4545
0 11.18 23.93 3.0626
0 9.59 22.56 3.4537
0.9 10.41 23.19 2.4973
0.85 12.03 22.36 3.5223
0.175 9.85 22.71 2.4537
0 10.06 23.47 2.5041
0 11.16 23.47 2.6571
0 13.12 25.3 3.1145
0 13.37 27.8 1.9501
0 14.74 32.3 2.7428
0 12.22 31.3 3.2696
0 10.11 26.42 3.3059
0 10.56 24.64 1.2479
0 12.11 28.18 0.5606
0 14.22 31.93 1.5084
0 15.01 34.21 2.6351
0 14.81 32.32 1.9035
0 15.67 32.85 0.8965
0 16.78 37.09 0.7659
0.15 19.12 38.48 2.9278
0.175 18.6 38.17 2.8944
0 17.57 34.68 2.2792
0 18 35.64 1.7859
0 16.48 34.31 2.7707
0 15.96 34.7 2.4578
0 15.21 33.02 2.662
0 14.67 32.39 2.4699
0 13.09 30.97 2.7057
0 12.54 30.08 2.5947
0 12.77 29.99 2.6198
0 13.06 30.39 1.9031
0 14.15 31.81 1.7112
0 16.06 32.78 2.1428
0 15.85 32.61 1.3964
0 17.32 34.67 0.4379
0 18.12 35.48 1.6379
0 19.24 37.7 1.8394
0 20.36 36.12 1.7823
0 19.41 38.39 2.0488
0 21.86 39.1 1.5095
0 22.23 39.98 2.4313
0 18.89 38.58 2.5132
0 17.96 36.65 2.3569
0 19.4 36.4 2.0682
0 18.39 35.99 2.0445
0 17.41 35.46 2.1006
0 17.6 35.89 1.9099
0 18.58 37.64 2.0014
0 19.86 37.98 2.3406
0 19.8 37.04 2.9649
0 19.95 35.86 2.7071
0 20.48 36.5 2.7686
0 19.81 36.03 2.5669
0 18.68 35.6 2.8135
0 15.37 32.96 2.3738
0 15.41 31.95 1.8427
0 16.18 32.26 2.1896
0 13.8 30.64 2.8812
0 11.5 23.64 1.9526
0 11.46 25.4 1.4958
0 14.42 30.22 0.5426
0 16.67 33.68 1.2997
0 18.79 35.68 2.9349
0 19.02 36.59 2.672
0 16.67 35.06 3.0105
0 16.81 34.08 3.2246
0 13.87 31.71 1.4927
0 13.73 31.46 0.445
0 15.27 33.26 0.7964
0 16.52 35.09 0.8184
0 17.94 37.57 1.3066
0 19.41 38.55 2.2217
0 19.92 37.56 2.1388
2.275 20.06 38.69 2.3142
2.425 17.14 33.25 2.781
0.625 16.08 29.89 1.5436
0 15.35 32.23 1.4836
0 13.98 32.59 0.3652
0 14.34 33.68 1.5019
0 15.89 34.58 1.3246
0 18.4 35.41 1.2709
0 16.88 36.86 2.6251
0 18.9 35.11 1.6074
0 17.89 34.37 0.6012
0 18.33 35.44 0.4034
0 18.06 35.7 1.5034
0 17.58 35.56 2.3166
0 15.22 34.02 2.0172
0 14.39 32.11 1.9742
0 14.11 29.63 1.6534
0 14.49 29.98 0.4707
0 14.99 31.04 0.9634
0 16.36 33.26 0.4041
0 16.57 34.91 0.977
0.1 19.29 37.18 1.9161
0.6 16 32.87 2.0589
0.3 13.28 27.1 2.5923
0 12.16 26.48 1.6014
0 13.27 29.76 1.5317
0 15.67 31.89 0.4601
0 15.29 32.48 1.0196
0 16.05 35.47 2.0197
0 16.81 34.18 1.0264
0 18.31 31.48 2.068
0 16.15 35.49 2.2327
0 17.69 35.91 1.2906
0 16.39 35.2 0.6156
0 15.45 34.36 0.7898
0 18.52 36.34 1.177
0 16.43 36.9 0.4304
0 16.52 37.05 1.9553
0 16.87 33.91 2.4585
0 6.23 21.72 2.3834
0 5.46 22.03 2.4203
0 7.99 25.67 0.6995
0.8 9.09 26.45 3.1841
0.575 5.04 23.33 3.4525
0.05 2.38 11.84 0.322
0 3.8 18.92 2.6158
0 5.01 21.63 1.3702
0 6.48 22.26 1.4059
0 8.07 24.7 0.6927
0 8.46 25.1 0.3724
0 6.64 25.21 1.7769
7.75 8.29 24.15 1.8563
37.1 8.24 17.7 6.653
19.725 9.25 15.7 4.2084
0.15 12.19 19.47 0.9604
0 11.9 25.34 2.2658
0 11.46 26.52 1.0358
0 13.14 28.65 1.6589
0.85 11.85 24.5 2.1556
0.5 4.83 16.28 2.0144
0 5.27 18.85 1.0628
0 7.17 21.89 0.5674
0 7.97 22.99 1.0655
0 10.06 24.79 1.2697
0 9.24 22.82 1.6442
0 9.11 23.63 1.1646
0 9.12 24.34 4.3107
0 3.63 14.72 4.9078
0 1.72 14.34 0.7262
0 2.32 15.29 0.0753
0 6.06 20.96 0.8257
0 7.11 23.5 0.882
0 9.69 24.78 1.2161
0 9.5 26.45 1.0938
0 9.41 26.89 1.6625
0 8.7 25.23 2.2066
0 5.56 20.07 0.4587
0 5.54 19.36 1.6897
0 3.66 16.89 1.8769
0 4.26 17.87 1.1086
0 5.59 18.62 0.7537
4.275 9.2 19.42 0.3151
4.625 6.57 18.12 2.0498
1.225 2.13 10.98 1.3621
0 1.86 12.28 1.1815
0 1.3 13.54 2.7806
0 3.1 15.9 2.0915
0 4.94 18.84 1.4173
0 4.63 19.46 1.8354
0.55 2.78 14.48 2.2653
2.925 2.88 17.13 3.4276
1.55 3.28 15.53 1.1593
0 3.29 12.65 0.4251
0 2.76 15.25 2.1307
0 3.53 15.28 3.7259
0 4.57 17.09 3.9573
0.775 4.65 18.77 2.5912
1.325 5.19 19.59 1.0458
0.5 2.77 14.04 4.8088
0 3.63 13.14 4.8749
0 3.41 14.53 3.9555
0 3.53 17.05 1.5774
0 2.78 16.77 2.0642
0 1.48 17.12 2.037
0 2.1 14.58 2.1132
0.025 1.91 15.37 1.3347
12.525 -0.18 11.26 2.1229
11.85 0.11 6.95 0.8687
2.6 -7.57 3.15 0.5975
0 -7.09 3.09 1.9841
2.625 -4.58 5.66 3.2263
24.525 1.81 8.57 3.0024
36.125 5.34 9.21 3.7916
21.55 3.98 9.71 4.2414
1.475 2.69 7.33 0.5895
0 1.76 8.01 3.2067
0 3.61 10.91 2.6107
0 4.39 12.47 2.3395
0 4.39 13.72 2.8367
0 4.22 12.42 4.1863
0.85 4.19 14.2 2.9266
8.35 4.76 15.73 1.7248
7.25 1.9 11.96 3.6861
0.025 -2.36 6.48 2.5158
0 0.68 10.64 3.9675
0 1.31 11.9 3.9582
3.95 1.53 12.59 4.1305
2.5 2.56 10.58 1.9927
1.7 1.77 9.95 3.0312
6.025 1.81 9.58 0.7242
3.075 3.42 9.09 1.4754
0.025 2.57 8.64 2.5431
0 2.78 11.81 1.9969
0 3.09 12.13 1.2991
0 2.88 14.26 4.0421
0 2.29 16.24 2.9728
0 3.59 16.1 2.8186
0 3.51 15.03 3.141
0 5.19 15.84 2.6599
0.075 5.37 16.27 3.0272
0.75 6 16.57 2.4057
0.425 7.5 13.12 2.4128
0.725 6.33 11.88 3.2119
12.575 6.4 17.45 4.4177
7.35 5.36 13.7 2.0075
0.05 2.19 10.46 1.2715
0 2.27 13.03 3.3165
0.925 4.01 15.54 2.2174
8.5 4.73 13.61 2.5805
20.475 4.6 11.41 4.7797
18.775 3.55 7.59 5.48
18.75 3.19 7.07 6.4705
15.7 0.83 5.13 4.0516
10.675 1.22 5.36 3.936
2.375 -0.11 4.41 0.8773
0.9 -1.14 6.55 2.3573
1.45 0.05 7.31 3.9549
0.55 3.98 8.01 3.0687
0 2.97 11.69 1.276
0 1.04 12.64 2.7377
0.95 2.08 11.86 3.2411
0.55 4.05 13.1 1.3154
0 -0.62 11.42 1.3049
0 -2.34 12.07 1.7252
0 2.03 12.99 2.0521
0 3.27 13 0.6114
5.8 3.8 13.53 2.7613
13.65 5.06 12.43 3.5348
11.3 5.28 10 1.731
3.25 3.48 7.72 2.6741
0.925 1.67 8.39 1.2677
1.05 2.46 9.14 2.1152
0.325 1.12 7.79 0.7082
0 1.83 10.53 1.0626
0 4.33 12.54 1.1224
0 3.42 16.01 1.6488
0 3.85 17.11 1.611
0 4.57 19.05 1.1245
0 5.79 18.36 1.6716
0 6.08 19.55 2.4108
0 6.09 20.3 1.1337
0.975 3.74 18.35 1.2256
3.75 5.18 13.73 2.4086
12.65 4.55 12.78 3.1272
6.45 0.19 7.75 2.1067
21.525 0.67 11.58 3.7017
16.675 3.01 10.5 2.7685
2.25 2.45 10.6 0.8013
22.25 2.89 14.77 4.3414
14.65 5.09 13.56 1.5149
0.775 3.12 7.8 0.4733
0.6 2.99 14.8 2.2416
7.025 6.05 17.1 2.6503
15.675 4.6 11.34 3.2116
7 1.37 8.93 2.9931
0.05 0.11 7.47 1.312
0.025 2.19 12.23 2.4622
0.225 1.69 13.33 1.0873
2.35 3.58 13.89 2.5778
2.55 -2.26 8.12 3.8992
0.725 -1.08 8.6 2.2729
0 -1.01 7.79 0.3088
14.65 1.92 15.14 1.9864
8.775 1.65 12.91 2.5643
0 0.49 11.23 2.4562
0 2.07 17.15 3.6349
0 3.95 21.59 1.3498
0 6.29 23.06 0.7547
0 7.15 22.84 2.8048
0 1.62 21.57 2.0608
0 6.98 24.21 1.899
0 5.8 22.8 0.4387
0 5.33 20.81 1.5712
0 4.42 20.29 2.0212
0.65 4.58 21.97 1.9084
1.825 5.68 21.69 2.2523
0.85 1.18 13.48 2.5631
0 3.29 14.65 2.6412
0 3.31 19.74 1.1127
3.25 5.36 21.56 2.2782
9.825 5.52 20.44 5.3359
4.85 2.03 9.57 2.9426
1.825 -1.38 8.95 0.9531
5.7 0.47 12.44 2.0842
2.975 1.64 9.63 1.9983
20.7 1.68 10.23 2.7601
12.475 1.18 8.43 3.132
0.05 -0.35 9.58 0.9444
0 0.49 14.76 2.066
0 2.36 19.65 0.5761
0 4.71 20.82 0.9431
0.95 5.44 20.15 2.0126
15.2 5.3 15.09 4.2002
13.025 3.74 10.11 4.5722
2.55 1.84 7.83 1.075
0 2.32 14.05 0.7022
0 3.58 15.62 0.8081
0 4.75 20.43 2.4256
0 4.56 20.35 1.5437
0 5.38 22.32 1.1195
4.575 6.6 23.89 1.7146
16.5 7.46 21.59 2.5353
9.625 2.38 11.06 3.1723
0.8 3.33 6.47 1.894
0 4.23 9.97 1.4763
0 5.74 20.25 0.9475
0 7.26 22.52 1.3246
0 8.67 25.52 0.8117
7.9 9.2 25.67 3.8141
10.3 4.79 15.44 4.9204
3.975 1.02 9.58 3.9283
0.375 0.76 10.62 3.4987
0 2.7 16.36 2.0713
0 4.72 19.84 2.0229
0 5.84 24.22 0.8616
0 7.62 25.62 2.1695
0 7.74 24.63 3.7194
0 5.4 20.8 2.2137
0 4.45 20.41 0.6632
0.05 6.31 22.59 2.8263
2.05 6.4 21.52 3.788
7.075 4.18 12.88 3.0621
3.55 -0.16 10.98 4.0231
0 1.11 13.66 2.172
0.05 5.78 19.95 0.8962
0.025 6.93 23.21 0.5838
0 8.71 25.03 0.4779
0.95 10.93 26.74 1.242
3 12.15 26.27 1.7962
1.45 6.36 19.34 1.6795
0.125 8.9 19.45 1.6762
0.075 10.4 22.31 3.4776
0.125 6.05 22.7 4.3953
0.15 2.71 16.72 3.7346
0.1 2.84 12.55 4.1941
1.1 4.26 14.96 2.3444
4.225 4.31 15.18 1.5062
6.4 7.81 18.74 2.8072
6.4 7.05 15.19 2.4147
2.3 3.74 13.89 3.4695
0 4.77 16.48 1.9711
0 7.77 23.56 0.5957
0 10.22 27.46 2.5514
0 13.98 26.86 2.9321
0 11.53 24.7 2.6764
0 12.43 26.45 2.7417
0 13.82 27.78 2.7078
0 14.03 27.95 2.1223
0 15.61 31.73 3.1014
0 13.95 32.13 3.1822
0 14 29.5 2.7297
0 13.13 29.16 3.7974
0 11.32 27.58 4.7277
0 10.11 23.09 4.9851
0 11.81 23.73 3.6403
0 12.77 27.61 1.0169
0 13.8 29.71 1.7311
0 14.09 31.85 2.8814
0 9.88 29.33 3.0381
0 9.3 25.25 1.3528
0 11.34 28.74 2.4656
0 11.43 27.18 3.0502
0 10.2 25.43 2.5833
0 11.07 27.56 1.7447
0 11.5 26.67 1.251
0 13.45 30.2 1.9253
0 15.37 31.61 2.1101
0 16.76 28.7 2.7395
0 15.03 29.08 2.4919
0 17.22 31.33 1.1028
0 19.21 35.63 1.6879
0 19.46 37.51 3.0027
0 15.97 33.67 2.9492
0 15.03 32.14 2.666
0 12.81 30.1 2.8348
0 15.93 30.47 2.1585
0 13.15 29.79 0.8712
0 15.65 32.44 2.0253
0 15.66 33.97 2.6369
0 17.41 32.99 2.4325
0 16.32 32.59 2.53
0 17.01 33.44 2.2857
0 17.32 34.37 1.8098
0 17.84 35.88 2.2018
0 20.19 35.25 3.1728
0 18.89 34.19 3.2295
0 18.1 31.75 1.9679
0 17.66 33.65 1.5914
0 19.26 36.82 2.656
0 19.3 37.66 2.7404
0 19.4 37.18 2.5829
0 19.57 38.44 2.2052
0 18.82 37.39 2.1028
0 18.39 35.47 2.3489
0 17.57 34.18 1.0455
0 17.99 34.13 2.2819
0 17.18 34.86 2.1706
0 18.71 36.29 2.6208
0 20.46 35.8 2.6697
0 17.49 34.63 1.8591
0 15.94 34.01 2.243
0 15.68 33 2.0061
0 16.63 34.22 2.205
0 17.02 34.24 2.2883
0 16.03 33.81 2.0404
0 14.95 32.77 2.3403
0 14.21 34.18 1.3782
0 15.94 34.53 1.9144
0 16.46 34.24 1.9535
0 15.63 33.69 1.9602
0 16.03 33.29 2.4647
0.15 16.56 32.44 2.7541
0.1 15.99 29.78 1.8763
0 15.09 31.46 1.7409
0 15.15 31.72 2.1487
0 13.5 27.65 1.1471
0 14.25 31.19 1.5317
0 16.06 32.53 2.4747
0 15.97 32.84 2.7974
0 16.25 33.39 1.1994
0 16.25 35.34 1.4953
0 18.57 36.48 1.6359
0 16.42 34.38 1.9092
0 16.21 34.37 2.2415
0 16.47 35.08 1.7396
0 14.52 32.3 1.7354
0 14.52 30.9 2.2185
0 16.5 35.65 1.9034
0 18.68 38.94 0.5703
0 20.56 40.14 2.1178
0 18.84 38.23 2.3961
0 14.25 33.71 2.6849
0 13.55 23.45 2.3197
0 10.87 22.8 2.4749
0 11.04 24.93 1.2922
0 11.57 28.42 0.5553
0 15.32 33.29 0.2952
0 16.84 36.43 1.2312
0 17.79 36.59 1.1343
0 16.41 35.88 2.0382
0 15.53 33.55 1.1478
0 15.41 33.71 2.2055
0.025 13.22 31.63 2.7728
0 7.97 17.73 2.0617
0 9.7 25.4 0.5672
0 9.67 27.38 0.6055
0 13.55 31.57 0.9315
0 13.85 31.75 1.5569
0 13.14 29.88 1.3865
0 12.75 29.93 0.9748
0 13.04 30.09 1.6586
0 12.68 31.17 1.563
0 13.05 30.19 1.493
0 12.9 29.92 1.3433
0 11.43 26.04 1.2723
0 10.67 28.12 1.0622
0 11.84 26.43 2.6883
0 10.86 23.89 1.184
0 10.56 28.04 0.5225
0 13.68 31.61 0.937
0 15.86 34.91 0.5073
0 16.18 36.03 1.0552
0 18.54 37.23 0.6521
0 18.07 38.29 0.5285
0 17.16 37.53 0.363
0.125 16.91 33.86 0.4072
5.05 16.62 30.95 1.2248
23.75 16.54 31.2 1.4998
12.95 13.9 21.77 1.5365
1.725 11.67 15.89 0.796
2.2 8.39 16.6 0.7989
1.8 8.48 17.09 1.9397
0.125 7.32 17.01 0.9111
0 9.05 21.98 1.9501
0 10.1 24.57 1.5981
0 11.57 27.13 1.3467
0 13.24 28.68 2.1356
0 14.93 30.6 1.4882
0 14.69 30.15 0.655
0 13.15 30.05 0.4806
0.025 13.02 29.79 1.0339
2.175 13.7 25.77 0.8764
0.95 10.17 20.78 1.0158
0 10.09 19.7 1.6085
0.325 10.76 26.78 0.8445
0.175 11.63 23.27 1.9374
2.325 8.88 20.72 1.6988
21.3 9.78 19.61 1.5657
45.325 11.28 14.26 4.4586
17.75 7.14 14.88 3.5318
0.05 5.08 15.71 1.7595
0 2.94 16.25 2.8329
0 1.65 17.5 3.2822
3.1 7.95 20.87 2.1766
2.7 7.76 21.33 1.8685
0.475 5.68 12.37 0.9592
0 6.16 18.61 1.9112
0 7.17 21.34 3.0839
0 9.16 24.56 2.8308
0 12.13 26.8 1.9036
0 11.94 26.49 1.0496
0.175 10.91 25.53 2.1404
11.375 9.14 21.56 2.9204
7.575 4.02 11.97 2.6929
1.675 1.83 12.03 0.5782
1.175 2.88 13 1.6608
0 1.71 11.03 2.5493
0 3.58 14.92 1.4592
0 3.61 16.92 3.0576
0 5.75 17.82 1.6417
0 7.15 20.33 2.4699
0 6.79 20.69 0.9862
0 5.91 19.62 2.0508
0 5.15 20.06 1.8613
14.4 5.76 19.53 2.6305
22.275 2.62 12.39 3.0866
16.85 0.76 6.17 5.1136
7.675 1.04 5.06 2.8595
8.875 2.06 6.6 3.9181
4.45 -3.02 4.55 1.1244
0 -3.69 5.53 3.2097
0 -3.39 5.52 3.3208
7.75 -0.02 8.84 2.6181
5.1 -2.35 6.21 2.6671
0 -5.37 4.97 2.3286
0 -3.63 6.23 3.0757
0 0.57 9.74 2.3225
0 1.32 12.78 2.6344
0 7 13.13 1.4407
0.875 6.24 13.81 2.1401
13.125 5.71 11.31 2.3853
6.4 5.46 14.82 3.3209
0 4.63 11.65 2.3121
2.275 4.81 15.81 1.8797
3.675 6.27 13.66 0.9671
0.625 7.38 12.63 1.2395
0.025 7.04 14.99 0.45
0 6.06 16.13 2.3713
0 6.43 16.21 1.4078
14.7 5.57 15.91 1.6183
9.5 4.35 11.76 1.6748
2.5 1.43 9.33 2.3295
31 1.27 8.81 3.6444
44.6 4.64 9.12 5.3425
29.525 5.58 11.13 6.0732
12.65 3.54 12.29 2.0713
6.375 3.1 4.63 2.456
6.6 3.15 7.48 2.2818
2.975 3.67 8.26 0.3592
0 2.29 10.2 2.8933
12.95 2.49 12.85 5.347
8 2.79 12.39 1.8285
0.05 1.68 6.21 0.9797
30.45 1.97 7.83 2.25
20.525 3.81 8.39 4.3143
1.4 -5.33 6.19 2.5266
1.425 -5.81 4.21 1.4942
11.05 -5.46 4.12 4.2231
12.675 2.14 6.2 5.0406
7.1 1.94 6.45 2.5952
0 0.02 6.35 3.3233
0 -0.33 6.92 3.9521
0.025 1.02 10.36 5.3755
0.025 1.21 10.69 3.6728
0 0.16 10.12 1.8847
0 0.16 10.01 1.3535
0 -1.73 7.07 3.1567
1.825 -1.36 8.95 3.381
2.875 3.49 10.59 1.9517
0.25 2.2 12.16 1.6988
0.225 3 11.64 1.3999
0 2.41 13.9 2.6563
0 4.35 15.33 1.0798
0 5.02 15.73 0.8382
0 5.16 15.12 2.4484
0 3.66 15.58 1.4439
0 2.57 16.76 4.2692
0 2.69 16.61 3.8166
0 3.36 17.28 2.6752
0 3.86 18.69 3.9662
0 4.76 17.25 1.9951
0 5.19 17.75 2.2626
0 5.03 17.69 4.9898
0 5.03 18.7 3.3719
0 5.03 19.14 1.8213
4.5 4.38 18.69 0.4898
6.775 3.67 17.35 1.8776
1.975 1.57 7.03 1.4347
0 0.48 10.55 1.7579
0 0.37 12.52 3.0385
0 0.28 13.13 2.0966
0 0.87 13.94 2.6944
0 5.24 18.48 1.7699
0 3.32 18.4 1.9722
0 5.55 20.02 0.6546
0 3.38 19.61 2.1101
0 1 16.64 3.5414
0 -0.13 13.09 3.8654
0 0.64 14.63 4.0326
0 2.67 18.08 2.8369
0 4.13 20.16 1.1903
0.025 4.13 20.09 3.4397
9.55 4.01 14.14 4.0408
13.975 3.76 15.24 5.7737
20.525 0.83 5.03 4.4619
33.925 1.6 4.38 3.1419
14.4 1.51 6.86 3.6503
1.5 -2.82 6.19 0.8916
0 -2.82 7.41 1.1026
0 -2.72 7.01 0.4135
0 -1.82 10.63 0.4576
5.05 -0.56 10.35 2.1362
10.925 0.88 8.48 5.6472
4.55 -3.12 4.85 0.9458
0.05 -4.87 3.63 0.3985
0 -4.74 8.22 2.1331
4.075 -3.69 12.16 1.7
9.825 1.07 13.64 3.6154
7.4 4.51 12.47 1.2682
0.875 1.18 12.77 1.4806
3.85 1.93 15.9 0.6772
18.05 3.62 17.6 1.7249
14.45 5.2 10.17 4.4802
0.125 1.55 10.1 0.3874
0 2.53 15.74 1.4559
0 4.11 19.57 0.7137
0.375 4 18.66 1.3881
0.225 3.97 15.9 0.7525
2.775 4.35 17.43 0.9063
1.65 5.78 15.04 0.9751
13 6.47 18.2 1.0721
16.625 6 19.41 2.3257
1.775 1.16 13.13 1.0937
18.5 0.6 13.83 3.2677
30.475 1.25 9.22 4.8148
45.8 1.97 6.49 5.7786
20.125 1.25 5.95 2.4971
5.625 0.99 8.25 1.1705
14.525 1.79 10.17 4.8892
32.35 2.14 7.57 5.384
21.025 -1.05 5.66 3.7838
10.825 1.58 9.31 2.973
6.3 3.44 6.12 1.3625
0.125 3.68 11.87 0.7138
0 3.19 15.5 1.5469
0 4.16 18.04 2.2796
0 6.04 19.84 2.3364
0 8.32 25.58 1.6498
0 8.45 27.46 1.0718
0 5.97 22.22 1.2719
0.025 5.46 20.44 1.825
0 5.98 23.32 1.4579
0.925 5.75 22.61 1.8309
7.125 3.32 21.54 3.4635
4.95 -2.01 6.04 1.4406
0.975 -2 4.95 1.4656
0.05 -1.41 10.91 0.609
0 1.26 15.86 1.7353
0 3.1 17.52 1.6877
0.275 4.48 18.22 2.7582
0.15 1.5 10.23 0.6937
0 1.41 17.1 0.8074
0 6.34 22.41 1.7418
0 7.77 24.48 2.4309
0 8.51 24.32 2.705
0.025 8.87 21.1 1.7288
0.3 6.9 20.99 2.07
2.35 8.45 15.49 2.2646
1.325 5.42 17.52 0.9671
0.875 5.29 17.33 1.3208
0.45 6.97 15.61 2.2317
0.275 6.23 14.72 2.2387
0.025 3.72 17.22 2.9068
0 5.43 19.51 0.97
0 6.72 22.02 2.4776
0 4.28 21.23 4.7561
0 3.58 18.78 3.6229
0 5.3 20.21 1.8519
0 7.01 23.03 0.4291
0 8.89 25.19 0.9128
0 10.65 26.89 2.9385
0 13.23 29.53 0.6945
0 12.78 30.38 1.5997
0 11.71 28.99 2.1211
0.1 10.29 26.15 3.0235
1.45 6.07 16.23 3.3096
0.85 4.17 12.68 2.7354
0 6.47 20.31 1.8561
0 9.35 24.11 1.2726
0 10.45 26.73 0.6959
8.05 10.91 28.25 2.8459
8.6 3.05 19.15 2.6083
3.725 2.88 9.17 1.1822
14.525 3.84 12.65 3.5232
8.45 4.08 8.83 2.338
0.575 4.43 13.12 3.2651
0.025 4.96 18.76 1.8892
0 8.33 23.93 2.1742
0 8.76 23.83 3.156
0 7.95 22.96 4.6016
0 6.68 20.7 2.5998
0.025 8.42 22.71 2.6605
0 7.49 20.96 2.5467
0.675 7.68 21.51 3.274
2.75 6.99 20.57 4.2567
2.875 4.45 16.24 4.8814
0.45 5.39 15.75 2.7888
0.35 7.2 19.79 2.4706
0.375 8.37 20.5 2.8672
0.275 4.44 14.74 1.7072
0.15 5.72 17.95 0.4773
4.05 6.97 18.69 3.0995
8.525 10.98 14.46 1.0997
3.65 7.32 19.59 3.2375
0.025 7.39 15.91 2.1109
0 8.58 19.45 3.1461
0 10.5 25.22 1.7659
0 12.15 27.59 2.5872
0 12.27 28.12 3.1614
0 11.18 25.48 2.706
0 12.08 26.18 2.7417
0 13.33 28.92 1.983
0 14.98 32.17 1.9358
0 15.76 31.52 2.7413
0 12.19 28.82 1.599
0 13.97 28.59 2.8513
0 13.33 29.71 2.0958
0 14.62 29.98 0.4401
0 16.04 32.59 0.629
0 17.33 35.56 2.472
0 16.71 34.97 2.6307
0 14.78 32.95 2.6223
0 12 30.62 2.7359
0 12.96 30.15 2.4265
0 13.71 30.78 2.4138
9.525 14.73 31.53 2.2709
6.175 11.95 27.19 2.3172
0.6 9.58 20.31 2.3115
0 13.17 26.8 1.2169
0 14.78 32 0.8486
0 17.54 34.66 0.536
0 17.92 35.19 1.5
0 18.44 35.1 1.8883
0 19.57 34.03 2.5633
0 20.19 34.41 2.7527
0 19.17 33.24 2.2169
0 18.35 33.82 2.5404
0 16.43 33.39 2.1808
0 15.46 32.71 2.2597
0 13.59 29.3 2.3518
0 14.2 29.65 3.0898
0 13.94 27.78 2.7147
0 14.48 26.31 3.2861
0 12.92 26.19 3.0629
0 13.39 27 1.9202
0 13.53 28.8 1.1683
0 14.14 31.03 1.8798
0 14.27 31.16 1.4548
0 15.26 31.85 2.3155
0 16.29 32.7 2.7825
0 16.86 32.57 1.8973
0 17.82 33.12 1.7713
0 16.03 34.35 2.0921
0 16.03 33.52 1.9228
0 16.05 32.56 1.7445
0 17.31 32.81 1.6886
0 18.77 35.08 2.4552
0 19.8 35.46 2.9765
0 20.96 35.33 2.0363
0.375 17.34 32.25 1.3523
0 18.35 33.82 1.84
0 18.04 35.21 2.0508
0 15.09 34.14 2.9714
0 13.93 30.4 2.3616
0 15.75 31.72 2.9837
0 14.89 31.12 2.3266
0 16.41 32.57 1.7342
0 15.89 33.27 1.8435
0 15.73 33.14 2.2376
0 14.96 32.55 2.6487
0 14.78 32.54 1.7639
0 16.56 34.22 1.1928
0 17.45 34.82 1.978
0 16.14 33.37 1.5656
0 15.31 32.68 1.3387
0 15.08 32.99 1.6524
0 14.7 32.98 1.6701
0 15.26 33.73 2.6281
0 15.61 32.04 1.8796
0 14.65 31.78 1.2382
0 13.72 31.59 1.0078
0 15.05 32.56 0.9827
0 15.24 33.84 1.9927
0 16.91 34.29 1.1665
0 17.03 34.23 0.6796
0 17.89 36.56 1.003
0 18.58 36.42 1.3198
0 18.4 36.88 1.6727
0 16.32 35.63 1.7674
0 13.62 33.06 1.7079
0 15.23 32.68 0.8139
0 15.54 32.71 0.6381
0 16.24 34.63 0.9012
0 17.14 33.97 1.001
0 17.26 34.79 1.7953
0 17.02 33.69 0.8115
0 17.74 34.24 0.9769
0 18 35.47 0.992
0.325 18.14 34.02 1.4461
1.075 15.5 33.7 0.9252
2.1 16.59 31.86 1.5996
1.85 13.27 25.38 1.4691
2.375 14.33 28.79 0.5919
0.975 14.21 30.45 1.3182
0 14.53 28.82 2.396
0 14.42 29.79 1.7868
0 12.51 27.2 1.6853
0 11.33 27.07 0.3439
0 13.99 30.9 0.2672
0 16.15 33.42 0.9829
0 17.14 33.52 0.5074
1.525 17.44 34.07 0.2336
0 17.96 34.67 0.4784
0 18.14 35.18 1.6116
2.725 15.24 31.3 2.2023
0.05 12.96 24.35 2.0145
0 12.46 27.53 0.5961
0 16.81 32 0.6355
0 16.77 31.52 1.1133
0 16.24 33.17 1.3133
0 14.68 32.47 2.1247
0 14.96 29.7 1.7516
0 14.09 26.55 1.8676
12.55 10.78 23.29 2.2131
15.1 9.13 18.32 3.5692
4.325 4.59 13.19 0.8827
0.775 4.07 12.62 0.9159
0 4.2 16.65 1.2383
0 6.58 20.83 1.1073
0.95 8.51 22.93 1.4262
1.3 9.8 19.2 1.5365
0 10.93 24.85 0.9339
0 11.33 27.44 0.6195
0 14.37 29.51 0.3719
0 12.77 29.05 0.8931
0 12.93 28.05 1.3127
0 13.28 27.13 1.5636
0 13.57 27.85 1.4244
0 12.07 28.65 0.8971
0 11.03 25.86 0.6698
0 11.15 26.15 0.6629
0 11.29 25.7 2.105
0 11.28 27.69 1.6627
0 11.49 27.57 1.9654
0 10.41 25.15 1.3302
0 7.76 20.83 3.0288
0 6.06 19.59 3.2796
0 6.56 19.8 1.9609
0 7.49 21.84 0.9639
0 7.93 23.27 2.0447
0 8.6 24.48 0.2058
0 7.87 23.75 3.0939
0 8.53 22.08 4.1837
3.1 5.54 22.28 3.5143
3.05 2.32 19.67 1.7438
3.8 0.12 7.07 0.3585
2.225 0.86 8.05 1.4263
0 0.41 7.53 0.8396
0 0.29 9.82 2.1896
0 2.24 12.56 3.1874
0 2.82 16.64 3.1579
1.95 5.03 17.3 3.7707
1.675 7.49 14.58 1.0307
0 6.86 14.74 0.2607
0 7.74 16.41 0.8344
0 4.83 16.54 0.6649
0 5.26 17.01 0.9467
0 4.98 17.7 0.7522
0.05 5.32 17.36 2.8995
2.9 3.61 11.4 2.0925
2.85 3.87 9.05 4.1256
0.925 1.52 8.38 1.7344
0 2.04 11.56 2.3894
0 3.22 13.87 3.5748
0.025 3.34 19.19 2.0817
0 3.46 16.49 0.7753
0 4.78 15.51 2.8823
0 4.97 18.76 2.3673
0 7.3 19.27 1.0908
0 8.61 18.72 1.6607
0 4.38 20.34 3.5564
0 3.75 16.18 8.2924
0 4.19 12.35 3.4988
0 1.89 16.01 4.276
0 0.66 13.61 2.7384
0 1.07 12.27 3.4756
0 0.12 12.39 3.0901
0 1.01 12.3 3.4879
0 1.87 14.28 3.3975
0 2.42 14.46 4.2208
0 2.8 15.48 3.1876
0 1.97 14.4 0.8951
0 0.4 12.8 1.6603
0 -0.06 9.87 1.4557
0 0.18 10.59 1.162
0 0.79 10.99 0.8898
0 1.43 10.33 5.3336
0 3.38 14.85 4.4781
0 1.15 15.18 2.6892
0 0.56 14.23 4.4738
0 0.31 12.88 4.3616
0 1.01 12.58 3.4432
0 0.38 13.04 4.5259
0 0.34 13.35 4.021
0 1.04 14.7 4.9241
0 2.3 15.66 3.468
0 3.53 16.14 1.2793
0 3.53 16.84 1.1767
0 4.41 16.17 1.3242
0 6.75 20.11 0.9529
0 5.49 17.57 0.928
0 3.12 16.61 2.3755
