1.875 0.79 12.63 1.3954
8.125 1.35 8.84 1.3563
11.825 0.11 10.88 1.8805
10.95 -2.55 8.51 3.6237
4.45 -0.15 9.11 1.9867
0.5 3.65 7.08 0.3938
0.925 2.79 9.16 1.4532
0.55 3.06 10.41 0.8106
0.325 2.56 11.61 3.9167
0.2 0.63 11.99 3.4399
0 1.53 14.65 2.5866
0 3.22 13.38 5.2708
0 3.29 16.06 4.1087
0 2.46 17.28 3.9855
0 2.37 16.66 3.8322
0 2.66 17.6 4.8664
0 1.79 17.03 4.2031
0 2.18 17.92 4.7817
0 1.8 18.23 4.9844
0.025 2.75 16.28 3.5094
5.775 3.06 15.75 2.6746
20.7 8.1 16.76 2.0334
19.3 9.62 12.33 1.6296
14.725 8.37 13.92 2.156
8.45 4.88 12.41 3.2679
6.5 -0.36 6.47 1.065
2.825 -0.66 9.25 1.1637
0.3 -1.51 9.21 1.3023
0.2 0.44 11.11 4.013
1.475 -0.29 12.31 4.423
0.85 2.14 15.88 2.7947
0 2.52 17.42 2.9803
0 3.18 17.32 4.0659
0 3.96 20.95 3.882
0.225 4.82 20.55 3.0671
2.6 5.28 17.61 2.7316
6 7.04 14.22 3.0406
2.575 5.01 13.09 2.7003
8 3.5 13.3 1.1149
6.95 1.46 10.59 3.1537
5 -2.79 7.88 0.4094
6.8 -1.61 9.37 2.7952
11.4 1.02 9.45 1.2867
17 -0.38 8.28 3.212
8.65 2.4 8.73 3.9472
6.25 3.9 9.43 6.4837
13.975 4.06 10.53 5.4195
12.7 4.53 9.42 4.461
1.4 2.85 9.59 1.6647
0 1.37 12.77 3.5433
0 1.89 15.98 2.701
5.075 1.83 16.85 3.6697
14.15 5.03 15.32 4.0793
7.025 9.3 13.73 3.0399
1.75 6.33 14.44 1.744
2.75 6.14 16.15 1.7001
2.3 5.57 15.36 2.7165
0.1 2 14.17 0.4849
2.225 3.37 16.11 3.6351
10.525 7.12 16.93 3.1736
20.6 9.41 16.38 4.53
32.225 6.76 13.83 5.061
26.475 3.79 11.74 2.6661
6.55 0.67 12.15 1.0668
0.35 1.12 11.52 1.8944
0 0.18 11.45 0.4105
0 1.27 13.5 1.3983
0 0.31 12.47 2.6622
0 -1.93 11.31 0.6861
0 -0.73 13.05 0.7258
0 2 15.45 1.909
0 2.09 16.69 1.9605
0 2.64 15.87 1.429
0 3.83 15.66 2.7731
0 5.63 17.74 3.295
0 5.41 17.75 0.9732
0 5.26 19.65 1.1953
0 6.8 21.33 1.4099
1.225 7.14 21.56 1.0308
10.325 6.64 20.28 1.7038
10.2 2.93 13.94 3.8313
0.45 -0.94 11.49 2.2345
0.35 0.43 14.92 1.9659
0.2 1.99 17.22 0.8426
0 4.88 19.69 1.8857
0 6.67 21.14 1.8667
0 7.69 22.59 1.4583
0 6.05 20.02 3.7651
0 1.86 16.81 2.231
0 2.81 17.68 0.5801
0 4.56 20.01 2.9305
0 5.22 20.89 2.6753
0 3.68 16.84 5.1084
0 0.3 16.43 1.9644
0 3.12 18.7 2.5698
1.65 1.77 24.16 1.8905
9.975 4.7 23.51 1.0776
11.65 5.99 18.28 2.9907
11.1 5.61 11.99 1.9196
7.45 6.12 13.14 2.2844
0.575 4.01 14.58 3.5398
0 4.43 17.25 1.4482
0.025 5.22 20.07 2.5493
0.075 4.92 19.02 5.2257
0.025 -0.45 14.13 5.6082
0 0.96 14.06 2.8318
0 2.45 20.03 1.6826
0 5.5 23.22 2.399
0 8.45 26.89 2.5048
0 10.83 30.27 1.4704
0 12.57 30.99 1.1966
0 11.87 31.77 1.7627
0.075 9.09 30.14 2.3773
0.5 7.47 22.45 3.0185
0.525 2.15 17.49 3.1714
0 2.56 19.32 1.9309
0 4.09 19 2.2538
0 2.53 17.15 3.0384
0 1.52 16.72 1.7196
5.975 3.51 19.39 1.827
32.4 6.79 20.62 1.9211
24.475 10.75 17.9 2.6872
6.275 11.01 16.62 3.8829
4.95 10.13 19.37 2.0402
3.7 12.39 21.57 3.8698
0 9.54 24.16 1.9406
0 10.09 24.91 2.9445
0 9.04 24.82 1.9783
0 9.71 26.41 1.7734
0 10.17 27.24 1.4228
0 10.31 27.92 3.0129
0 7.74 25.73 3.3564
0 8.8 24.88 2.798
0 9.36 26.63 2.9004
0 10.57 27.23 2.2068
0 13.48 31.44 1.5643
0 16.61 35.7 0.314
0 15.77 35.72 2.078
0 14.72 33.04 2.3836
0 11.16 28.71 1.3222
0 10.74 29.38 1.0047
0 11.99 29.61 2.3455
0 10.82 28.68 2.9533
0 9.64 26.44 2.7197
0 9.22 26.98 2.1651
0 12.34 29.23 1.7713
0 14.98 32.13 1.0189
0 15.16 33.68 2.0484
0 15.05 31.58 2.5472
0 13.94 30.78 2.971
0 13.18 28.19 2.3164
0.175 12.72 27.89 2.3061
0.6 12.45 25.69 2.3439
0.8 12.87 26.24 0.5301
1.075 11.11 24.57 2.1583
1 10.04 21.27 3.1991
1.225 8.33 21.41 2.0769
0.675 9.14 23.52 2.6009
0 10.71 25.59 2.5385
0 8.65 24.86 3.3512
0 10.22 23.64 3.0336
0 9.05 23.97 3.2921
0 10.3 26.4 2.4859
0 12.22 22.6 3.4565
0.025 10.2 23.96 2.3331
0 9.85 24.52 2.4607
0 11.1 26.17 2.6401
0 12.63 27.08 3.1757
0 12.78 30.63 2.1952
0 13.97 32.42 2.9903
0 10.69 29.86 3.2907
0 8.77 25.94 3.403
0 10.52 27.69 1.7502
0 13.71 31.69 0.9275
0 14.32 34.12 1.719
0 13.67 33.47 2.7429
0 13.61 33.13 1.7149
0 16.13 35.21 1.0607
0 16.63 39.65 0.827
0 18.26 39.33 2.7289
0 16.59 38.18 2.6364
0 16.3 35.28 2.2538
0 16.32 35.04 1.9171
0 15.93 35.36 2.8224
0 14.97 33.82 2.5713
0 13.5 31.7 2.7803
0 11.95 30.8 2.5098
0 11.47 30.25 2.6503
0 10.71 30.42 2.7092
0 12.13 30.08 2.6846
0 12.51 30.42 2.1586
0 14.46 30.77 1.9204
0 16.32 31.99 2.3833
0 14.14 33.53 1.8559
0 15.62 36.21 1.0955
0 16.55 37.26 1.4259
0 16.31 37.99 1.8046
0 18.43 38.08 1.6445
0 19.72 39.25 1.9336
0 20.09 40.18 1.6048
0 19.73 38.32 2.4205
0 16.6 36.23 2.5694
0 16.3 35.03 2.4759
0 14.02 34.67 2.1307
0 14.84 33.53 2.2126
0 13.83 33.87 2.3497
0 14.46 35.56 2.0257
0 18.34 37.7 1.7784
0 17.74 36.45 2.1328
0 17.04 34.44 2.8794
0 16.45 33.47 2.6346
0 13.35 32.79 2.9196
0 14.92 32.82 2.7212
0 13.59 31.91 3.1212
0 11.87 30.09 2.6359
0 12.87 30.81 2.2975
0 14.77 31.53 2.381
0 12.14 27.47 3.0336
0 10.5 26.2 1.854
0 12.31 28.3 1.6423
0 15.09 32.07 0.87
0 17.18 34.62 1.2794
0 17.73 35.35 3.0289
0 15.12 36.44 2.995
0 15.78 34.86 3.2201
0 14.07 31.54 3.0792
0 10.94 31.34 1.6468
0 13.27 32.09 0.7423
0 15.48 33.51 0.9349
0 15.76 34.96 0.871
0 16.46 35.34 1.3195
0 15.36 34.17 2.3941
0 16.28 36.28 2.2286
0 16.97 36.49 2.1668
0.125 16.27 33.58 2.8145
0.05 13.89 30.6 1.6463
0 14.01 31.19 1.5333
0 14.26 32.82 0.5232
0 13.73 35.35 1.6884
0 15.56 36.15 1.6953
0 16.93 36.92 1.7234
0 17.11 36.41 2.5832
0 16.44 33.43 1.7069
0 14.66 33.8 0.8843
0 16.07 35.54 0.4824
0 16.45 36.84 1.8431
0 15.04 34.68 2.3718
0 11.51 31.34 2.1532
0 11.67 28.34 2.2309
0 10.88 28.25 1.9561
0 11.25 30.19 0.6864
0 12.29 31.32 1.105
0 14.44 34.43 0.5394
0.025 15.65 36.06 1.0911
0.05 14.48 34.11 1.8397
0.925 11.72 28.35 2.209
1.575 12.89 24.51 2.7136
0.3 11.03 24.59 1.6924
0 11.94 28.89 1.759
0 13.38 31.4 0.9189
0 14.68 33.88 0.8547
0 15.85 34.3 1.9652
0 13.14 32.95 0.8831
0 14.01 33.33 2.0717
0 15.4 35 2.1351
0 15.33 35.1 1.2995
0 14.68 34.72 0.7956
0 14 34.7 0.7434
0 15.12 36.07 1.0998
0 15.57 36.6 0.3561
0 14.65 34.96 1.9344
0 12.26 29.82 2.5982
0 5.26 20.65 2.4479
0 6.37 25.31 2.3709
0.15 7.69 26.15 0.9251
0.625 8.39 24.69 3.2119
1.025 5.69 20.15 3.3281
0 3.74 16.82 0.3653
0 4.17 19.97 2.6557
0 5.81 22.94 1.23
0 6.52 22.6 1.2879
0 7.07 23.97 0.637
0 8.01 24.26 0.6562
0 7.53 22.76 1.8751
6.875 8.06 21.21 2.095
35.975 9.2 17.1 7.0041
27.55 12.43 17.21 4.437
0.55 14.47 22.62 1.1854
0 12.92 24.81 2.2048
0 12.79 25.93 1.1995
0.475 11.2 23.63 1.6823
0.675 8.52 22.06 2.0689
0.075 5.89 19.53 1.3251
0 7.17 19.44 1.0544
0 7.41 21.84 0.8488
0 9.28 23.4 1.3274
0 10.46 24.28 1.2913
0 9.11 23.71 1.6502
0 9.61 24.07 1.0802
0 8.6 22.93 4.8673
0 4.75 19.03 4.8334
0 2.17 16 0.8106
0 3.49 18.21 0.2272
0 4.73 21.51 0.8721
0 7.12 22.36 0.9307
0 8.53 23.71 1.2785
0 8.86 25.38 1.2247
0 8.42 25.54 1.9215
0 7.89 23.7 2.6064
0.075 6.67 19.66 0.8423
0.175 6.66 18.43 1.6909
0 3.41 17.47 1.902
0 4.51 17.59 1.1221
0 5.77 18.28 0.741
1 6.7 17.69 0.5388
1.7 6.17 16.34 2.0127
0.35 2.11 13.2 1.2851
0 2.35 13.98 1.0552
0 2.21 15.49 2.7068
0 1.73 16.71 1.9567
1.3 3.13 18.99 1.3734
0.825 3.59 17.39 2.0674
2.375 2.18 15.81 2.2821
8.1 3.31 15.31 3.7541
2.5 1.71 14.16 1.1088
0 2.83 13.22 0.5518
0 1.9 13.94 2.009
0 3.04 15.97 3.4188
0 3.82 17.91 3.7496
0.6 4.56 19.94 2.3822
2.45 4.66 20.09 1.1632
0.875 4.09 13.64 5.4988
0 2.04 14.78 4.8627
0 2.24 15.64 3.8571
0 2.43 17.13 1.7052
0 1.97 15.59 2.1243
0 0.36 13.64 1.9372
0 0.81 14.58 1.9265
0.05 0.8 13.45 0.7573
13.85 -1.39 10.33 1.9981
14.95 -1.8 5.77 0.6459
1.5 -5.51 4.66 0.7216
0.025 -5.07 4.95 1.8791
6 -3.3 7.04 3.2453
25.425 0.83 10.1 2.9248
41.25 6.56 10.93 3.9334
24.575 6.08 10.71 3.8272
3.875 5.58 10.38 0.8628
0.05 3.77 12.6 3.4263
0.05 4.4 13.72 2.8571
0.075 3.61 12.07 2.1551
0 2.38 12.43 2.6774
0 2.99 10.32 4.0509
3.05 3.28 14.62 2.8586
10.675 5.14 15.32 1.9189
5.425 1.65 10.66 3.65
0.525 -2.52 9.12 2.1382
0 -1.27 10.4 3.9532
0 0.36 14.08 4.0665
3.05 1.6 13.12 4.1272
3.45 2.56 12.28 2.232
2.6 2.16 10.07 3.0758
3.4 1.91 10.09 0.9549
3.425 5.39 11.24 1.4619
0.725 4.32 11.34 2.8476
0.45 4.89 12.4 2.5131
0.05 3.81 13.17 1.0775
0 3.03 13.91 3.8389
0 1.75 14.63 2.8979
0 1.57 14.04 2.8027
0 2.76 12.2 3.1029
0.125 2.67 11.76 2.629
1 3.92 13.63 2.9863
0.825 5.16 12.67 2.4796
0.525 4.42 9.83 2.5321
1.375 4.56 11.49 3.2651
13.85 5.9 17.56 4.888
11.325 6.72 15.8 2.1594
0.7 1.77 12.72 1.4065
0 2.52 13.69 3.315
3.275 2.84 16.04 2.6369
16.275 4.42 15.95 2.987
21.55 6.52 13.07 5.1203
22.475 7.32 10.61 5.9041
28.975 5 9.84 6.7399
25.975 2.73 9.34 3.8358
18.8 0.98 7.3 3.3427
3.525 1.24 7.28 1.2622
3.75 0.83 9.73 2.5882
7.95 2.85 10 4.5904
3 6.07 11.46 2.8717
0 3.6 11.13 1.2894
1.575 2.11 12.56 2.7631
2.275 3.31 14.16 3.2042
2 3.83 14.32 1.3068
0.275 1.47 12.82 1.0917
0 1.94 13.89 1.8259
0.025 2.84 13.63 2.1891
1.175 4.53 14.19 0.7567
5.95 4.52 14.6 3.2724
8.275 6.48 14.03 3.2608
13.1 7.08 12.15 1.6621
4.975 5.53 10.17 2.2571
5.175 5.82 10.35 1.373
2.875 5 10.51 1.6376
0.525 1.67 10.64 0.4984
0 2.68 11.96 1.4137
0 4.92 14 1.7008
0 3.13 16 1.1925
0 3.66 16.56 1.4133
0 4.06 17.08 1.1534
0 5.38 17.26 1.782
0 5.66 18.48 2.4008
0 4.56 18.64 0.7322
2.25 5.12 15.89 1.0183
4.55 6.44 12.82 1.9685
4.05 4.66 10.2 2.5726
4.525 -0.05 10.67 2.2071
12.025 1.6 11.29 3.9825
10.55 4.94 10.11 2.6183
3.475 2.5 12.49 0.9542
23.925 4.28 15.47 4.9175
17.525 5.47 14.79 1.0272
0.425 3.41 12.97 0.3397
1.325 4.71 15.89 2.1938
10.55 5.9 15.49 2.8056
15.8 4.79 9.34 3.3963
4.7 2.17 9.83 2.5703
0.05 0.9 10.48 1.3188
0 2.54 13.51 2.4291
0.075 3.4 15.83 0.9244
0.4 3.07 11.25 2.6013
2.95 -1.44 10.55 3.4918
2.025 -0.11 10.04 2.049
3.025 -0.17 12.29 0.4898
11.525 1.48 12.85 2.3849
5.75 0.59 12.74 2.294
0 0.24 13 2.6555
0 1.99 16.43 3.7085
0 4.38 21.18 1.3378
0 6.3 22.27 1.1262
0 6.06 22.64 2.9773
0 4.2 23.27 2.3931
0 5.81 23.12 1.8334
0 6.42 21.44 0.3624
0 5.22 19.74 1.6896
0.025 3.84 19.41 1.7951
0.45 4.86 20 1.8511
1.025 4.92 18.18 2.3508
0.35 2.32 15 1.9063
0 2.52 17.6 2.595
0 4.23 20.4 1.1666
2.35 5.33 20.55 2.9135
10.2 5.09 17.71 5.0697
8.875 1.77 11.99 2.6352
0.825 0.13 11.68 0.6377
5.55 1.11 12.05 2.2267
7.2 1.71 10.81 1.6189
18.45 1.8 11.08 2.8964
14.125 2.34 12.19 2.7315
0.05 1.52 12.56 0.5292
0 1.7 15.8 2.2607
0 3.67 19.17 0.9366
0 4.74 19.81 1.9528
2.1 6.85 17.6 2.0211
18.725 6.7 12.93 4.483
23.05 5.16 11.1 4.3271
4.475 3.43 12.86 1.1344
0.1 3.62 14.63 0.7004
0 4.06 16.6 0.8703
0 5.38 19.43 1.6548
0 5.25 19.66 1.2552
0 6.08 22.06 1.2589
12.125 8.08 22.06 1.3609
23.85 6.05 18.23 2.5028
11.8 3.73 10.05 3.3818
2.425 5 10.58 2.1459
0.075 6.34 13.66 1.064
0 6.88 21 1.0581
0 8.62 23.6 1.2022
2.8 8.95 25.23 0.8134
13.4 8.03 23.81 4.3755
6.325 3.42 13.46 4.5833
3.325 2.53 15.22 3.4245
0.15 1.98 14.54 3.2535
0 3.95 19.56 1.95
0 5.95 21.91 1.841
0 8.44 25.35 1.1546
0 8.72 24.37 2.2238
0 6.54 21.87 3.7434
0 4.05 20.31 2.4439
0 4.91 21.08 0.9332
0.05 6.11 21.78 2.6987
1.45 6.18 18.72 3.4945
9.8 6.47 13.48 3.145
4.825 1.83 11.9 3.5342
0 3.14 18.52 2.0576
1.425 5.52 23.43 1.2175
2.75 8.05 25.2 0.8585
0 8.44 25.97 0.7603
0.525 9.96 25.74 1.2803
4.4 10.54 25.06 2.0611
2.35 10.68 19.66 1.6202
0.225 10.14 20.12 1.4826
0.425 9.91 21.68 3.3512
1.4 5.56 19.79 4.1409
2.275 2.73 15.33 3.4422
0.775 3.36 14.81 4.0912
3 5.75 18.05 2.2355
11.075 5.38 18.26 1.6387
14.425 7.03 18.75 2.8062
14.95 7.08 17.22 2.179
9.075 4.02 16.52 3.0628
0 5.16 18.8 1.7693
0 8.23 25.83 1.0399
0 11.95 26.98 2.46
0 12.23 25.02 3.0359
0 11.27 25.48 2.1331
0 13 26.91 2.2015
0 14.47 27.21 2.4895
0 13.78 29.27 1.7178
0 14.24 30.42 2.5617
0 12.48 29.23 3.1119
0 11.81 27.91 2.6372
0 11.55 27.29 3.5232
0 7.81 23.65 4.5661
0 9.57 22.45 5.0934
0 11.6 28.33 3.7061
0 13.07 31.25 1.0059
0 13.85 31.31 1.883
0 12.96 30.51 2.807
0 9.17 27.81 3.2876
0 9.56 26.74 1.5922
0 8.27 28.01 2.4374
0 8.56 25.46 3.202
0 7.78 24.91 2.7653
0 9.99 27.2 2.0216
0 11.48 29.91 1.0654
0 12.65 31.95 2.0759
1.15 12.41 30.29 2.3023
0.85 11.79 28.52 2.8568
0 13.22 30.34 2.6004
0 16.14 34.2 1.2829
0 19.11 37.09 1.7716
0 16.77 36.79 3.1086
0 13.64 32.52 2.9775
0 11.76 30.98 2.855
0 11.84 30.76 3.0112
0 13.12 30.07 2.5528
0 13.71 32.41 1.2782
0 14.58 33.51 1.8852
0 12.74 31.62 2.425
0 12.43 31.29 2.4299
0 12.98 32.57 2.5339
0 15.44 33.68 2.2985
0 15.97 35.57 1.9108
0 16.74 35.53 2.282
0 16.34 33.1 3.1483
0 15.25 31.98 3.1016
0 16.05 32.96 1.6344
0 17.48 35.85 1.448
0 19.25 37.57 2.6934
0 19.15 37.83 2.6855
0 18.24 37.33 2.5294
0 16.49 37.06 1.9877
0 16.14 34.63 1.9445
0 14.79 32.63 2.3814
0 13.24 33.97 1.0597
0 15.41 33.59 2.3555
0 16.21 34.71 2.1956
0 16.89 35.15 2.7575
0 15.47 32.42 2.8891
0 14.63 30.35 2.1198
0 12.89 29.98 2.5084
0 13.9 31.65 2.3526
0 14.33 32.73 2.5482
0 13.96 32.43 2.3465
0 13.97 32.31 1.9634
0 14.4 32.68 2.3829
0 13.87 33.59 1.6019
0 14.38 33.26 2.0327
0 12.98 32.31 2.1399
0 13.49 32.13 2.2248
0 13.21 31.48 2.5598
0 13.94 30.68 2.8873
0 13.47 30.09 2.0774
0 13.85 30.25 2.0344
0 12.29 28.48 2.2631
0 11.82 29.41 1.0931
0 14.12 30.47 1.5514
0 14.2 30.89 2.4206
0 13.73 31.28 2.9532
0 14.23 33.03 1.3406
0 15.5 33.2 1.613
0 14.68 32.48 1.6508
0 13.05 32.93 2.0055
0 14.31 33.2 2.2781
0.05 13.14 31.03 1.9061
0.025 10.76 30.72 1.8393
0 13.11 30.1 2.5075
0 14.77 36.17 1.8823
0 18.24 39.75 0.4896
0 18.2 37.15 2.1858
0 14.25 33.44 2.3308
0 10.76 30.29 2.8025
0 8.52 22.76 2.2661
0 9.61 23.9 2.5182
0 10.11 26.5 1.6552
0 13.11 29.8 1.2056
0 15.8 34.02 0.4234
0 16.11 35.75 1.3089
0 16.07 35.88 1.2338
0 16.05 33.33 2.1534
0 13.69 32.42 1.467
0 13.45 31.07 2.1519
0 11.26 26.97 2.7556
0 7.88 20.14 1.9045
0 9.09 24.23 0.9092
0 11.25 28.09 0.5618
0 12.82 31.07 1.1405
0 12.44 29.22 1.7352
0 10.82 28.35 1.4883
0 11.47 28.61 1.302
0 11.53 29.22 1.8124
0 12.7 28.55 1.5302
0 12.85 27.66 1.3622
0 12.31 26.38 1.3137
0 10.82 26.22 1.3669
0 11.02 26.6 1.2816
0 9.41 24.19 2.6881
0 8.93 23.28 1.221
0 10.9 28.74 0.8183
0 12.97 31.57 1.0435
0 17.2 34.84 0.9205
0 15.17 35.36 1.3575
0 16.85 36.94 0.6698
0 17.31 37.56 0.5499
0 16.81 35.46 0.3417
0 16.17 33 0.6589
2.35 17.12 32.77 0.9644
4.875 14.69 30.23 1.4922
4.95 11.67 22.85 1.5993
0.625 11.41 18.75 1.6507
0.125 9.3 19.44 0.675
2.15 9.67 21.21 2.0494
0 8.12 20.72 0.6377
0 9.29 24.63 1.9271
0 11.62 26.37 1.8293
0 12.8 27.88 2.0406
0 13.76 29.11 2.2445
0 14.7 31.4 1.4634
0 15 32.41 0.5472
0 14 31.82 0.4815
0.35 13.13 29.51 1.0305
1.875 11.67 23.99 0.9492
0.75 9.85 20.57 1.2628
0 9.53 21.13 1.5767
0 9.6 24.1 0.8898
0.25 9.88 22.73 1.7765
3.975 9.57 20.53 1.433
14.5 10.81 19.33 1.908
46.5 11.45 16.09 5.0955
13.775 7.94 16.03 3.3152
0 4.26 16.51 1.5452
0 3.53 17.56 2.9048
0.025 6.26 20.25 3.5875
2.525 8.37 21.22 2.2236
3.35 9.55 19.38 1.7994
0.825 7.46 15.21 1.1163
0 6.69 19.82 1.8228
0 7.42 21.69 2.8971
0 9.04 23.68 2.6018
0 10.79 27.37 1.6319
0.075 11.38 26.89 1.3114
4.1 10.13 25.2 2.0627
16.025 8.94 19.85 3.365
6.75 4.05 12.99 2.4054
1.95 1.78 13.48 0.6751
1.275 4.03 14.41 1.6043
0.05 2.69 13.89 2.3148
0 3.97 16.06 1.4059
0 4.53 16.41 3.011
0 6.49 18.56 1.7819
0 7.79 20.14 2.8534
0 6.78 20.47 1.4708
0 6.51 19.95 1.8697
3.8 6.21 19.69 1.7939
20.55 5.47 17.13 2.1099
24.575 2.51 10.27 3.0891
24.375 2.35 7.68 4.6526
13.75 2.98 7.39 3.1175
14.85 2.83 8.8 3.9602
4.575 -2.35 6.33 1.3946
0 -2.42 8.37 3.1632
8.5 -1.03 9.5 3.3667
11.625 0.91 9.94 2.6543
4.675 0.21 7.11 2.2145
0 -3.05 8.58 2.5119
0 -1.54 9.36 3.0643
0.05 0.43 11.52 2.306
0.1 1.79 13.27 2.6847
0.475 5.54 10.78 1.4368
4.875 6.86 15.15 2.5611
13.575 7.55 15.82 2.6719
4.7 7.31 17.79 3.6348
2.875 4.46 15.39 2.1734
6.25 5.22 14.91 2.4134
5.15 7.52 13.85 1.3662
0.725 9 16.6 1.6853
0 7.27 15.74 0.4681
0.025 6.31 15.92 2.3335
6.7 5.44 15.16 1.3644
17.175 5.77 12.17 2.0465
6.225 2.88 11.52 1.2769
8.725 0.53 11.13 2.5459
35.9 1.7 11.29 3.4953
41.375 7.59 11.99 5.0526
62.05 7.3 12.73 5.6362
7.55 4.75 10.49 2.9048
7.675 4.49 8.39 3.0126
6.25 5.53 11.87 2.1624
1.275 5.73 10.99 0.5764
5.55 3.82 13.32 3.2112
18.825 4.01 14.8 5.5262
8.675 3.67 13.84 2.31
4.25 3.14 10.87 0.8232
42 3.71 10.92 2.3612
33.475 3.53 9.27 4.4268
2.8 -2.92 7.38 2.1968
3.4 -3.48 6.22 1.5804
19.2 -1.3 7.81 4.4906
14.4 1.01 7.76 4.6795
3.15 2.3 8.02 2.3965
2.7 0.14 8.81 3.019
0 -0.04 9.93 3.6823
0.05 -0.67 8.45 4.779
0.025 -0.55 7.3 3.2627
0.075 -0.25 8.58 1.5627
0.05 -0.57 4.99 1.4392
0 -2.76 5.4 3.0023
1.15 0.67 8.1 3.4878
2 3.85 13.48 2.487
1.45 3.07 13.73 1.6523
0.5 5.79 10.78 1.1832
0 2.57 13.02 2.6706
0.05 5.33 12.18 0.6839
0.025 5.4 12.96 0.6265
0.025 5.06 12.43 2.4708
0 2.49 11.69 1.5762
0 2.82 14.96 4.0284
0 2.55 16.94 3.5761
0 3.46 16.31 2.9442
0 2.73 17.77 4.0516
0 3.1 17.23 1.7521
0.05 3.69 16.53 2.0378
0.1 2.77 16.33 4.931
0.05 2.58 16.96 3.5935
0.025 2.16 15.92 1.7759
13.35 2.02 14.98 0.618
10.575 2.8 13.09 1.716
4.425 1.02 9.39 1.3025
0.025 1.35 11.66 1.6859
0 -0.72 13.34 3.0139
0 1.28 13.8 1.991
0 1.81 14 2.4792
0 3.14 18.11 1.6528
0 5.23 18.41 1.935
0 5.53 19.77 0.7496
0 1.59 17.71 2.5634
0 -0.32 13.69 3.3735
0 1.23 13.89 3.5897
0 1.7 15.5 3.7407
0 2.24 19.2 2.9004
0.075 2.39 20.2 1.1603
0.675 2.51 17.65 4.0918
15.95 7.37 15.6 5.0757
19.425 4.12 12.28 5.6951
33 1.86 7.1 4.9091
30.9 1.86 6.92 2.3789
9.7 0.33 8.89 2.8284
0.825 -1.41 8.47 0.5431
0 0.16 9.81 1.2211
0 -0.87 10.17 0.535
1.85 -0.64 11.66 0.7915
12.05 0.32 10.09 2.4157
18.3 0.25 9.19 4.9265
9.025 -3.03 7.34 0.9499
23.3 -3.65 7.53 0.4423
1.075 -1.4 10.72 2.3604
2.675 -1.78 13.26 1.9368
10.175 2.31 14.47 4.0434
2.675 7.07 15.03 1.4985
0.025 2.19 15.45 1.4657
5.425 3.72 16.57 0.5543
19.4 6 16.06 1.7479
8.95 5.73 11.71 4.0499
0.125 2.87 12.67 0.8343
1.725 4.11 16.19 1.5462
0.4 5.99 17.55 1.1139
0.175 4.61 16.54 1.1436
0.625 4.25 15.2 0.4428
5.075 5.45 16.2 1.5918
6.925 7.82 17.04 1.5163
16.15 8.06 17.98 1.8319
8.425 7.09 16.46 2.4964
5.65 1.18 12.92 0.9272
13.9 1.31 13.19 3.8948
27.575 2.57 10.61 4.7756
38.8 4.39 8.94 5.1992
15.8 2.72 8.53 2.2402
3.975 1.85 10.68 1.563
13.6 3.16 11.35 5.3096
21.1 4.12 8.17 5.5963
22.45 2.19 8.77 3.9567
17.775 2.98 10.12 3.2077
4.075 4.62 10.58 1.5984
1.6 5 13.52 0.6982
0 4.32 16.31 1.265
0 5.53 17.93 1.8617
0 7.23 21.21 2.4976
0 9.11 25.32 1.9631
0 8.61 23.48 1.1051
0 3.94 19.3 1.9598
0 5.26 20.29 1.8241
0 7.38 22.12 1.4796
1.875 5.85 21.14 1.7761
4 3.23 16.82 3.4724
1.8 0.02 10.24 1.7036
0.05 -0.49 12.28 1.2667
0 0.4 15.45 0.3982
0 2.8 16.65 1.5736
0.275 3.26 17.6 1.464
0.65 3.43 15.9 2.5751
0.2 1.45 14.48 0.5277
0 2.33 18.29 0.7713
0 5.42 22.1 1.2816
0.925 6.29 23.1 2.0468
0.95 9.15 21.01 2.5166
0.4 10.66 19.49 1.3558
1.35 9.83 20.41 1.8964
1.75 9.27 18.73 1.8809
0.5 4.85 18.42 0.8535
0.9 6.22 18.23 0.8361
1.5 7.58 18.66 1.974
1.325 6.78 18.75 2.2644
0.475 4.12 18.66 2.397
0.1 3.91 20.31 1.0118
0 4.8 20.92 2.1768
0 4.42 19.21 4.4227
0 2.7 19.48 3.404
0 4.37 21.9 1.7041
0 6.68 24.47 0.5125
0 7.44 24.67 1.1136
0 8.6 26.8 2.967
0 10.88 29.38 0.9303
0 9.96 29.21 1.4241
0 8.45 25.67 1.84
0.125 7.58 20.13 2.6969
1.675 4.36 15.15 2.9402
0.825 3.93 19.25 2.4574
0 5.49 22.68 1.719
0 7.89 24.27 1.2162
1.05 8.63 25.32 0.7876
16.775 8.42 22.31 2.7821
16.75 4.92 14.66 2.6916
7.575 3.33 12.71 1.6111
17.325 5.69 12.73 3.4182
7.375 6.69 13.39 2.0548
0.5 4.93 17.85 2.8082
0 6.63 23.18 1.6106
0 10.04 24.14 2.1943
0 7.79 23.18 3.2323
0 6.54 21.61 4.4647
0.875 6.6 21.3 2.3955
4.55 7.68 20.02 2.7381
0.975 5.13 19.11 2.0248
1.35 5.87 19.57 3.077
1.8 6.21 18.59 3.9355
1.45 5.65 17.18 4.5471
0 6.15 18.8 2.7326
1.95 6.43 19.73 2.5277
1.25 8.1 18.93 2.5847
1.05 5.45 16.48 1.5703
1.525 5.6 18.13 0.8203
10.875 8.02 18.01 3.4347
17.35 11.56 18.45 0.9798
7.2 9.4 19.68 3.4088
0.15 7.97 19.62 2.0951
0 9.2 23.35 2.8825
0 10.79 26.4 1.6366
0 12.13 27.62 2.7211
0 10.97 26.08 3.1579
0 10.12 25.16 2.7807
0 11.63 27.79 2.6972
0 13.94 31.09 2.2228
0 15.53 32.52 2.1835
0 13.96 30.96 2.4972
0 13 28.74 1.602
0 13.64 29.2 2.8302
0 13.33 30.03 2.3611
0 15.13 31.33 0.7155
0 17.07 34.83 0.7853
0 18.64 36.42 2.521
0 15.45 34.45 2.5242
0 12.94 31.34 2.4477
0 12.49 30.43 2.5976
0 12.83 30.37 2.4715
2.4 14.31 31.51 2.487
13.675 13.85 28.72 2.4331
6.875 11.07 23.44 2.4451
0.1 10.3 24.59 2.3843
0 12.4 29.52 1.505
0 15.72 33.67 1.213
0 17.17 35.88 1.121
0 17.35 36.6 1.5904
0 18.23 36.53 1.6313
0 19.08 35.96 2.4812
0 18.75 35.64 2.7532
0 17.03 34.68 1.9499
0 16.01 33.85 2.4186
0 14.05 32.79 2.2722
0.025 12.67 30.7 2.4743
0 11.89 28.26 2.6447
0 12.41 27 3.1569
0 11.35 25.59 2.7625
0 11.6 25.72 3.3791
0 11.28 25.75 3.2027
0 11.89 26.84 2.0774
0 12.32 28.64 1.2435
0 13.31 29.33 1.9961
0 14.78 31.64 1.6437
0 15.06 32.72 2.3318
0 15.62 33.78 2.7775
0 15.17 33.27 1.9367
0 14.46 32.89 1.9939
0 13.68 32.99 2.1549
0 13.37 32.77 1.9424
0 13.71 33.51 1.6805
0 14.56 34.32 1.5912
0 15.76 34.5 2.398
0 14.72 33.71 3.163
0 15.86 33.55 2.122
0 16.37 32.52 1.5346
0 15.69 33.75 1.8257
0 15.51 33.79 2.112
0 13.73 32.02 3.1184
0 13.48 30.64 2.4386
0 14.68 31.29 3.1212
0 15.29 30.52 2.5897
0 13.37 32.19 1.9571
0 14.01 32.32 2.073
0 14.68 32.7 2.195
0 15.02 32.98 2.6659
0 13.63 32.4 1.9035
0 15.77 32.7 1.4753
0 15.89 33.76 2.1646
0 14.47 33.12 1.5087
0 13.83 33.27 1.302
0 13.97 33.24 1.91
0 14.29 33.91 1.8209
0 14.13 32.09 2.6964
0 12.46 30.07 2.1182
0 12 30 1.6847
0 12.8 30.35 1.329
0 14.85 32.82 0.9915
0 16.95 34.35 1.9578
0 15.95 33.52 1.2239
0 16.19 34.64 0.8239
0 16.99 34.93 1.0531
0 16.74 35.58 1.4207
0 15.33 34.8 1.8538
0 14.14 32.98 1.8162
0 13.67 32.31 1.7537
0 13.69 32.17 0.7521
0 15.5 33 0.7646
0 15.88 33.72 0.7324
0 15.75 33.05 0.9439
0 16.58 32.72 1.8944
0 14.39 34.62 0.742
0 15.92 34.74 1.0102
1.575 15.43 34.36 1.0621
0.95 15.13 34.72 1.6168
0.1 16.3 35.27 0.7924
0.45 15.67 30.69 1.7671
0.125 13.83 27.83 1.7163
0.2 14.02 30.61 0.8726
0.125 14.48 31.08 1.5647
0 14.21 29.96 2.4486
0 12.22 28.32 1.6844
0 11.19 27.01 1.7932
0 12.59 28.77 0.7955
0 14.3 32.31 0.4514
0 15.7 34.76 1.0712
0 15.77 34.43 0.8138
0 16.27 34.63 0.6658
0 16.85 36.46 0.7133
0 14.88 34.03 1.5335
0.025 13.43 28.62 2.2294
0 10.86 24.41 1.9626
0 11.84 28.48 0.9198
0 14.52 32.19 0.6083
0 13.83 33.29 0.9043
0 14.72 30.86 1.2447
0 13.02 28.05 2.376
0 12.03 25.3 1.8305
1.025 10.17 23.38 1.969
16.725 9.32 21.24 2.1527
18.65 8.57 18.54 3.6689
5.9 7.49 14.05 0.7494
0.95 4.44 15.26 0.9236
0 6.1 19.02 1.2011
1.75 7.31 22.05 1.2374
4.825 10.68 21.51 1.5986
1.925 12.77 20.51 1.7596
0 9.41 24.16 1.0478
0 10.81 27.53 0.7779
0 13.77 29.06 0.5734
0.025 12.72 28.67 0.9753
0 13.17 27.27 1.1446
0 12.67 26.66 1.5859
0 12.29 27.89 1.3676
0 11.71 26.33 1.1238
0 11.71 24.56 0.7841
0 10.14 25.14 0.9042
0 11.09 25.76 2.3389
0 11.87 27.03 1.5768
0 10.59 27.11 1.6039
0 9.06 23.81 1.4164
0 5.6 20.5 2.8171
0 6.25 20.48 3.038
1.675 7.38 21.33 1.7583
0 7.87 22.62 1.0941
0 8.13 23.54 2.0701
0 8.76 24.69 0.6181
0 7.23 23.86 3.732
0.35 6.15 22.19 4.044
2.55 5.43 21.29 3.2726
3.15 3.3 17.44 1.7101
5.475 0.53 11.57 0.6616
2.225 0.85 10.96 1.4165
0.05 -0.05 11.18 0.8445
0 1.5 12.39 1.989
0 2.63 15.71 2.9829
0.575 2.28 18.21 3.1177
2.225 4.43 19.28 3.6565
0.95 8.4 17.33 0.6796
0 6.58 17.19 0.3264
0 7.62 17.12 0.8682
0 5.9 16.81 0.684
0 5.53 18.45 0.8947
0.275 5.24 18.11 1.1409
1.6 4.79 16.71 3.2483
3.325 2 11.07 2.1631
1.5 3.13 11.5 4.0178
0.15 1.83 12.87 1.96
0 2.09 13.49 2.8993
0.05 2.37 13.94 4.1594
0.6 4.12 14.77 2.1133
0.125 4.57 13.48 0.7004
0 3.72 15.7 2.6965
0 4.69 18.11 2.2538
0.1 4.06 19.2 0.9477
0.125 3.51 15.23 1.5568
0.025 2.93 18.58 4.009
0 1.66 17.19 7.6015
0 1.84 15.78 3.446
0 0.23 14.81 4.0234
0 -0.17 13.92 2.6669
0 -1.08 13.09 3.4402
0 -0.39 13.52 2.9557
0 -0.85 13.56 3.1511
0 0.18 14.34 3.1236
0 0.3 14.49 4.1603
0 0.47 15.91 2.9809
0 0.1 14.38 0.6122
0 0.76 12.07 1.4729
0 0.04 13.19 1.4077
0.45 -0.52 12.36 0.8898
1.05 0.06 11.64 0.7062
0.375 -0.36 10.7 4.9885
0 0.08 13.88 4.4171
0 0.92 15.38 2.5359
0 0.34 13.25 4.3049
0 -0.21 12.73 4.0906
0 -0.99 12.27 3.3407
0 -2.63 12.43 4.4903
0 -1.26 13.36 3.9033
0 -0.3 13.12 4.8537
0 0.11 15.97 3.3653
0 -0.26 16.14 1.221
0 -0.04 14.51 1.0659
0 1.67 15.82 1.0465
0 4.12 15.61 0.8354
0 5.16 16.76 1.3989
0 2.03 14.01 2.3532
