0 5.2 7.42 1.5914
2.5 6.23 7.98 0.8805
0.175 1.27 9.24 1.9083
0 -2.31 10.2 3.2067
0.85 3.05 8 1.725
0 2.99 9.25 0.3229
0.05 -0.27 8.78 1.4644
0.025 0.66 10.51 1.1364
0 2.38 12.16 3.8854
0 -0.11 13.92 3.5563
0 -0.26 14.87 2.4935
0 0.28 16.54 5.1562
0 1.25 18.84 4.1548
0 1.33 18.7 3.7305
0 0.85 19.41 3.8568
0 2.34 18.93 4.8727
0 1.96 19.17 3.9974
0 1.94 19.4 4.4453
0 1.26 20.12 4.6811
0 1.89 19.65 3.2759
1.625 5.86 14.43 2.6349
8.175 9.4 14.19 2.1109
20.325 10.67 13.55 1.7036
4.05 10.38 15.9 1.8345
5.2 5.93 13.7 3.164
0.075 4.18 12.36 1.2372
0 1.32 12.42 1.0823
0 0.6 13.61 1.6128
0 1.81 15.2 3.8169
0 1.55 17.26 4.2103
0 2.24 18.85 2.6389
0 2.75 17.18 2.6249
0 3.24 19.33 4.035
0 2.51 19.73 3.7604
0 2.92 19.5 2.9305
5.425 8.35 15.94 3.0136
3.75 8.71 14.73 3.2957
0.425 7.04 15.92 2.4672
3.475 5.16 15.68 1.285
1.225 4.34 12.36 3.0878
1.025 0.13 12.42 0.3144
4.85 4.85 12.82 2.2931
1.125 4.97 12.75 1.3432
11.775 5.61 10.93 2.8776
1.275 5.51 12.81 3.5904
3.425 8.22 12.37 6.5367
10.95 8.22 12.59 5.4747
6.1 7.66 11.63 4.5078
0.175 3.07 14.72 1.6844
0 3.04 17.26 3.4876
0 4.57 17.91 2.7155
1.25 4.42 15.69 3.601
2.5 10.81 15.2 4.2652
9.1 10.39 17.81 3.0736
0.25 7.66 18.14 1.3626
0.025 9.66 18.14 1.5334
0.525 8.94 18.69 1.9517
0 5.77 17.04 0.5263
0 6.32 17.19 3.4221
2.575 10.98 16.16 3.0033
2.375 11.5 18.2 4.093
5.9 9.41 16.42 4.9063
4.425 6.27 14.67 2.49
0 3.15 15.13 1.1454
0.1 4.83 14.65 1.8667
0 3.06 15.92 0.3274
0 2.99 18.06 1.4704
0 4.25 13.57 2.8094
0 0.75 14.17 0.7071
0 1.16 16.86 0.4188
0 4.3 19.25 1.646
0 4.41 20.59 1.6718
0 5.75 17.06 1.4352
0 6.77 19.8 1.9851
0 8.31 20.83 2.2671
0 8.92 20.92 1.2284
0 8.92 21.78 1.66
0 10.29 25.36 1.5509
0 10.05 24.35 1.2417
2.525 8.62 19.77 1.5228
2.1 6.88 15.14 3.792
0.075 3.92 15.12 2.5501
0 3.16 19.3 1.9185
0 5.61 21.77 1.2407
0 9.07 24.07 2.2867
0 10.83 24.64 1.7719
0 9.9 26.23 1.4742
0 10.28 20.47 3.654
0 7.19 19.79 2.0969
0 5.45 22.32 0.7905
0 10.9 24.63 3.197
0 8.54 22.03 2.7156
0 7.17 19.81 5.1401
0 5.83 19.48 1.8613
0 5.06 24.3 2.3089
0 7.43 27.41 1.7377
9.675 9.07 20.81 1.264
1.425 9.49 18.63 2.4972
4.35 9.32 15.46 1.6905
1.8 9.74 17.17 2.417
0 5.52 19.71 3.8143
0 7.73 23.11 1.9389
0 9.71 22.66 2.6531
0 8.38 16.73 5.229
0 6.22 17.33 5.5058
0 4.46 20.81 2.9592
0 6.94 24.86 1.5697
0 10.28 28.13 2.1938
0 11.8 32.08 2.1938
0 14.58 34.31 1.5052
0 15.38 34.94 1.3911
0 15.45 35.42 1.6384
0 12.66 27.14 2.012
0 9.28 22.3 3.0803
0 5.21 22.49 3.3854
0 5.61 22.1 2.3186
0 7.59 21.13 2.2871
0 5.31 18.3 2.9103
0 5.77 20.5 2.0225
0 7.19 23.04 2.0985
16.05 12.88 22.21 1.6312
1.625 13.38 20.37 2.3506
0.375 13.35 22.01 3.1856
0.05 13.37 25.1 1.6992
0.275 16.55 27.1 3.168
0 13.86 28.28 1.6839
0 13.23 27.56 3.2993
0 13.69 28.83 2.3511
0 13.08 30.5 2.2599
0 12.88 31.77 1.8738
0 14.25 30.91 3.2579
0 11.46 27.66 3.4508
0 13.16 28.1 3.274
0 14.58 29.08 3.3774
0 14.72 32 2.5931
0 15.86 36.2 1.2741
0 19.42 39.53 0.2098
0 20.61 37.91 2.0064
0 17.52 32.85 2.1766
0 13.69 29.57 1.5633
0 13.63 32.25 1.2967
0 12.98 32.34 2.4248
0 12.35 29.03 2.9561
0 10.85 26.33 2.8008
0 10.28 29.47 2.4853
0 14.33 33.27 1.9674
0 18.23 35.41 1.2873
0 18.54 35.92 2.3305
0 16.57 32.59 2.3993
0 13.63 30.79 2.7501
0 13.38 30.2 2.3898
0 13.3 28.06 2.4854
0.125 15.28 27.74 2.3913
0 15.75 28.45 0.6463
0.375 12.72 26.4 2.1975
1.125 13.45 22.69 2.7537
0 12.42 25.51 1.742
0 12.42 28.04 2.5826
0 12.89 28.6 2.6375
0 12.34 26.8 3.3408
0 14.51 25.6 2.9502
0 13.38 26.62 3.4588
0 13.53 26.56 2.6687
0.5 15.36 27.03 3.2852
0 13.78 27.11 2.2898
0 13.78 26.16 2.4764
0 14.02 29.55 2.9149
0 14.41 29.81 3.2578
0 15.02 34.69 2.4158
0 18 33.93 3.056
0 12.84 30.15 3.3501
0 11.33 27.26 3.4731
0 14.27 31.36 1.7801
0 15.45 34.61 0.8471
0 17.68 37.01 1.671
0 15.52 34.89 2.5887
0 14.89 33.37 1.9653
0 18.07 38.66 1.1179
0 21.63 41.67 1.0125
0 21.54 40.97 2.6212
0 18.38 37.83 2.5983
0 18.23 36.16 2.2129
0 16.73 36.39 1.8833
0 16 36.56 2.5923
0 16.32 34.19 2.3592
0 15.85 32.2 2.5284
0 12.75 31.48 2.4119
0 13.38 32.18 2.5368
0 14.17 31.87 2.7079
0 14.79 31.47 2.7672
0 14.19 32.27 2.119
0 18.3 31.96 1.793
0 19.02 33.22 2.2292
0 17.12 34.31 1.7757
0 18.08 37.57 0.7262
0 19.45 39.1 1.5854
0 20.21 38.94 1.6327
0 20.13 39.49 1.6435
0 21.87 39.97 1.952
0 22.03 40.35 1.4141
0 20.52 38.96 2.4052
0 18.72 36.02 2.5331
0 17.51 34.43 2.5529
0 16.89 34.58 2.1544
0 14.59 32.21 2.0643
0 13.95 33.71 2.1135
0 16.7 36.54 1.9347
0 19.25 37.98 2.1357
0 19.12 35.54 2.5358
0 16.57 33.56 3.021
0 15.7 32.45 2.8337
0 16.26 32.91 3.0666
0 17.19 34.26 2.7279
0 15.23 32.13 2.6422
0 15.06 30.95 2.131
0 15.14 31.96 1.7109
0 16.26 31.65 2.0025
0 14.91 27.23 2.5932
0 13.85 28.22 1.938
0 15.05 32.01 1.8414
0 16.96 35.11 1.1307
0 18.87 37.18 1.371
0 19.73 35.85 2.8405
0 17.1 36.72 2.8099
0 19.18 34.42 3.1964
0 17.68 31.42 3.202
0 13.3 32.42 1.8046
0 15.47 34.72 0.8798
0 16.25 34.73 1.1572
0 16.4 35.13 0.8996
0 17.59 34.98 1.3942
0 15.14 32.29 2.3961
0 15.52 35.67 2.0336
0 19.26 35.68 2.1877
0 18.8 33.55 2.3553
0 13.64 32.06 1.5146
0 14.1 33.87 1.4373
0 15.59 34.51 0.3374
0 16.63 36 1.6958
0 17.05 37.42 1.8606
0 18.85 38.84 1.6395
0 19.53 38.31 2.3012
0 17.2 33.03 1.2409
0 16.73 35.21 0.5389
0 20.44 36.16 0.7832
0 20.93 38.14 1.9146
0 17.86 35.15 2.6021
0 12.89 30.87 2.0718
0 15.45 28.55 2.2045
0 14.08 29.8 2.1867
0 13.87 31.71 0.8153
0 15.21 33.3 1.1035
0 16.79 35.36 0.5783
0 17.61 36.87 1.2149
0.375 17.85 32.32 2.2186
0.025 14.74 27.24 1.8471
3.6 15.29 26.02 2.3868
0.05 13.94 28.61 1.8812
0 15.68 30.83 2.0459
0 15.86 32.58 1.0863
0 16.58 36.4 0.8032
0 18.39 35.4 1.7292
0 16.55 33.32 1.0967
0 17.86 35.21 1.5955
0 17.61 36.55 1.8546
0 16.83 36.47 1.1988
0 16.67 35.85 0.7298
0 15.87 35.54 0.8277
0 16.28 36.88 1.0999
0 17.14 37.04 0.3931
0 17.74 33.11 1.7093
0 13.99 24.08 2.5448
0 9.18 23.45 2.5434
0 10.27 25.67 2.2351
0 9.12 28.4 0.8939
0 11.77 24.92 3.2853
0 7.62 20.31 3.3459
0 6.94 20.92 0.4107
0 6.89 23.3 2.0778
0 8.64 26.55 1.0582
0 9.57 24.59 1.4227
0 9.1 24.9 0.6548
0 9.57 25.29 0.3915
0 9.82 22.85 1.6192
0.275 9.59 20.21 1.9206
35.825 13.63 18.01 6.9153
2.925 14.95 23.59 4.0337
0 17.51 26.8 1.1793
0 16.17 26.57 2.4007
0 14.44 26.08 1.3099
0 15.04 26.01 1.6014
0.15 10.36 19.45 1.8562
0.025 11.09 20.36 1.5261
0 9.67 22.34 1.1703
0 11.09 23.22 0.964
0 11.42 25.05 1.4078
0 11.66 25.85 1.5613
0 12.86 25.05 1.5034
0 11.12 26.96 1.2421
0 11.73 19.61 4.7614
0 8.08 17.44 4.8179
0 4.56 17.98 0.7974
0 5.54 21.24 0.277
0 6.41 22.52 0.9029
0 8.24 23.3 1.0725
0 8.4 24.8 1.2136
0 8.72 25.06 1.1258
0 9.04 25.23 1.7438
0 9.28 22.14 2.4163
0 7.49 22.5 0.4263
0 10.06 19.58 1.9816
0 5.72 18.61 2.0097
0 4.21 17.84 1.0041
0 7.18 17.93 0.9175
0.075 7.67 16.88 0.6916
0.05 8.06 16.95 2.2128
0 3.69 16.33 1.5974
0 3.55 16.16 1.2731
0 1.26 17.19 2.4148
0 1.82 19.27 1.809
0.025 2.54 19.67 0.9643
0.025 5.96 16.57 2.4144
0 1.03 15.13 2.0253
0.625 3.38 17.59 3.0957
0.125 3.57 13.34 1.3814
0 1.58 16.62 0.4396
0 4.35 14.99 1.7577
0 1.73 16.78 3.2717
0 1.66 19.25 3.4234
0 2.93 20.06 2.2001
3.275 6.02 15.24 1.1775
0.225 7.2 18.45 5.0969
0 1.34 15.69 4.4968
0 1.18 16.23 3.6855
0 1.26 16.96 1.2954
0 0.71 15.62 1.5784
0 0.11 14.75 1.5755
0 0.94 15.29 1.7852
0 1.74 12.13 1.2049
0.175 -3.8 9.59 1.666
12.2 -1.02 7.52 0.7324
1.1 -3.57 7.34 0.365
0 -2.4 7.68 1.9088
2.025 1.48 9.1 3.357
10.9 5.21 11.34 3.206
11.175 8.89 13.32 3.9007
4.075 6.96 13.3 3.6142
0.65 5.79 14.73 0.5181
0 4.73 14.41 3.334
1.25 7.17 14.66 2.7918
0 6.63 11.88 2.18
0 6.32 10.12 2.613
0 4.58 10.92 3.9621
0.025 4.59 12.99 2.7918
4.125 6.22 12.35 1.6033
0.275 4.88 11.88 3.7355
0 1.89 10.54 2.0256
0 -1.2 11.47 3.7481
0 -0.65 13.69 3.9214
1.45 1.64 10.15 4.0473
4.475 5.13 13.53 2.1106
1.05 5.36 8.97 2.7859
1.075 3.97 11.55 0.7393
0.525 7.53 13.86 1.3487
0 6.81 11.73 2.6136
0 5.76 13.94 2.1121
0.15 4.57 11.88 1.2059
0.025 7.19 9.49 3.8299
0 4.6 12.02 2.9357
0 4.9 9.42 2.9812
0 4.74 8.71 3.0846
0 2.27 7.27 2.3692
0.275 4.33 8.54 2.813
0.025 5.67 9.02 2.4596
0 4.8 7.34 2.3331
0.2 5.2 8.86 3.1991
3.1 6.66 15.81 4.6873
11.625 8.88 16.88 2.0007
0.1 4.72 14.81 1.0488
0.15 4.58 11.68 3.1142
0.2 6.54 12.93 2.711
10.7 6.63 12.27 2.7594
14.475 9.1 14.33 5.0049
24.025 7.45 12.11 5.5356
14.875 7.25 12.99 6.4437
15.6 5.04 9.43 3.7397
3.2 3.65 10.54 3.3574
2.25 3 12.11 0.9648
0.1 2.04 10.07 2.4802
1.6 6.24 10.85 4.434
2.075 7.45 11.16 3.065
0.125 5.54 13.54 1.0859
0 3.57 13.79 2.3734
0.5 5.05 15.36 3.1059
0.725 6.25 15.54 1.0264
0 3.13 12.78 1.3539
0 3.4 15.61 1.7132
0.025 6.15 13.02 2.1112
0.925 3.38 16.71 0.6039
4.05 7.27 14.43 3.0618
1.4 9.88 16.01 3.4258
7.675 9.02 12.7 1.6158
0.775 7.3 12.5 2.5934
1.9 8.01 13.61 1.1137
9.925 7.45 11.33 1.282
0.25 3.72 14.41 0.8364
0 7.12 14.58 1.103
0 6.02 17.9 1.3783
0 5.14 17.68 1.3942
0 4.03 18.3 1.529
0 4.83 19.25 1.4215
0 7.05 19.49 1.8069
0 7.05 19.97 2.2761
0 7.2 19.2 0.8683
0.025 10.06 15.48 1.012
0.1 7.38 15.06 2.1218
6.85 7.2 11.98 2.7935
0.475 5.86 13.61 1.777
27.475 5.68 10.79 3.6958
3.65 8.94 14.8 2.5325
0.025 7.58 16.71 0.8629
5.575 8.46 17.58 4.4129
2.575 8.98 14.98 1.1251
0.025 4.75 17.18 0.4592
0 6.56 17.5 1.9106
2.65 7.39 15.31 2.7002
12.725 6.32 10.69 3.1635
1.925 5.54 13.45 2.5699
0 2.28 13.95 1.1217
0 7.66 16.22 2.2348
0.05 5.71 18.38 1.3078
0.05 5.7 14.51 2.7355
0.075 3.71 12.99 3.7312
1.55 4.26 12.44 2.3742
0 1.33 15.9 0.1896
8.75 5.14 13.95 1.9199
0.925 3.48 14.04 2.5688
0 2.99 16.08 2.1912
0 4.27 19 3.2219
0 6.81 23.53 1.2717
0 10.51 24.03 1.1524
0 8.53 23.15 2.7343
0 5.78 24.33 2.0644
0 7.52 24.11 1.52
0 7.58 22.14 0.4168
0 9.34 20.23 2.014
0 8.54 22.03 1.5724
0 6.98 23.13 1.3709
0 6.97 18.64 2.0563
0 5.39 18.3 2.3614
0 4.55 20.68 2.1167
0 6.97 24.46 0.835
0 7.26 24.1 2.2244
1.075 7.19 17.46 4.7016
0.95 5.93 15.22 2.5183
0 5.21 15.59 0.9676
1.475 4.01 14.27 1.8721
0.225 5.24 14.02 1.76
11.4 4.03 13.23 2.7755
7.175 6.08 14.81 2.5942
0 4.93 17.18 1.0136
0 4.75 20.59 1.8598
0 7.44 21.72 1.2691
0 9.02 21.56 1.1734
0.275 8.56 17.93 2.0392
13.725 7.83 14.26 4.7109
8.275 7.6 15.44 4.1957
0.975 5.45 17.83 1.0966
0 6.39 18.94 0.7789
0 7.12 21.06 0.9455
0 9.25 22.19 1.6706
0 8.94 23.22 1.6076
0 8.31 25.27 1.1743
1.075 11.06 25.05 1.4493
22.825 8 16.28 2.2701
8.15 7.04 11.1 3.4751
0.775 7.03 14.86 2.2783
0 7.15 20.88 1.4286
0 9.34 24 1.3835
0 11.08 27.34 1.3838
0 9.77 27.81 1.0123
0 10.21 21.04 3.5604
1.75 6.57 15.94 4.3542
0.4 5.85 17.73 3.6348
0 8.07 20.34 3.56
0 8.94 24.15 2.3195
0 12.2 26.54 2.1057
0 9.75 29.94 1.0902
0 12.37 26.57 2.4251
0 11.03 23.31 4.0004
0 9.43 22.82 2.5204
0 7.75 25.82 1.0389
0 9.17 24.02 2.7679
0.475 9.1 19.03 3.5989
2.95 7.92 16.81 2.7003
0.275 5.61 20.35 3.5091
0 8.15 24.77 2.1931
0 10.38 26.93 1.1292
0 11.32 28.37 0.9562
0 11.32 29.25 0.7758
0 12.76 27.29 1.2425
0.35 11.41 20.09 1.7446
0.2 13.14 22.88 1.1913
0 11.71 23.78 1.5158
0 10.47 23.93 3.5875
0 9.57 19.73 4.3104
0 6.56 18.46 3.6094
0 7.99 21.13 4.2622
0 8.33 21.31 2.2477
7.8 9.41 20.77 1.5545
5.825 10.94 22.35 2.3904
5.025 10.14 19.51 2.13
0.15 7.92 20.35 3.0566
0 12.35 26.12 2.1775
0 12.19 30.26 1.1642
0 15.27 28.93 2.5657
0 14.26 25.94 2.981
0 13.15 30.1 2.4741
0 16.55 29.56 2.4217
0 17.18 30.84 2.3548
0 17.6 32.82 2.0239
0 18.07 33.22 2.9441
0 15.68 30.22 3.2767
0 13.86 30.45 3.0333
0 14.28 26.97 3.5445
0 11.88 25.38 4.7626
0 14.8 28.17 5.0144
0 15.77 31.85 3.3913
0 16.25 35.18 1.0715
0 16.34 36.47 1.9048
0 14.34 30.79 2.7654
0 12.35 28.86 3.157
0 12.59 30.74 2.0003
0 12.82 28.64 2.6018
0 10.05 25.86 2.9589
0 9.57 27.26 2.8017
0 12.92 30.43 2.1755
0 14.85 33.2 1.5099
0 17.83 34.32 2.28
0 16.1 31.25 2.241
0.775 13.46 29.43 2.8861
0 15.21 33.06 2.7538
0 19.34 36.93 1.5322
0 21.27 38.76 1.897
0 20.13 36.01 2.8376
0 17.13 33.31 2.9633
0 12.45 31.33 2.8812
0 14.57 30.28 3.0777
0 16 32.57 2.6269
0 15.83 35.18 1.0928
0 17.28 35.45 2.0789
0 15.14 31.66 2.7354
0 13.48 31.95 2.5792
0 14.67 33.38 2.7699
0 14.9 34.17 2.4586
0 15.92 37.26 1.8525
0 16.88 35.53 2.0243
0 17.12 33.39 2.9711
0 15.14 31.8 2.8994
0 16.56 34.79 1.9883
0 21 37.57 1.9143
0 21.94 38.78 2.7113
0 20.68 38.06 2.647
0 19.19 38.29 2.561
0 17.76 36.4 2.2919
0 16.42 34.27 2.0759
0 15.29 32.29 2.031
0 13.25 33.54 1.1
0 15.28 34.73 2.312
0 17.37 35.92 2.2818
0 18.09 34.35 2.7332
0 14.98 31.1 2.6385
0 13.71 30.05 1.8543
0 12.84 29.81 2.1584
0 13.56 32.34 2.1534
0 15.31 33.22 2.2601
0 14.44 33.03 2.1797
0 13.89 33.24 1.9277
0 14.96 34.24 2.2126
0 14.57 34.35 1.4152
0 15.89 33.9 1.9632
0 14.12 32.13 2.0141
0 13.86 32.67 1.9646
0 14.18 32.84 2.3892
0 15.68 30.86 2.5616
0 14.51 31.24 1.7184
0 15.7 31.96 1.6729
0 13.71 28.65 1.9839
0 13.07 30.67 1.3537
0 16.62 32.35 1.7974
0 14.67 31.1 2.5818
0 14.44 31.64 2.8476
0 15.46 34.96 1.4594
0 15.93 33.09 1.4478
0 14.26 31.75 1.4885
0 13.61 33.14 1.9938
0 15.68 33.78 2.242
0 14.35 29.53 1.5954
0 12.52 29.82 1.9417
0 14.26 33.29 2.1082
0 16.9 37.48 1.5502
0 19.37 40.35 0.4609
0 19.1 36.18 1.809
0 16.52 32.87 2.2795
0 12.15 26.92 2.5295
0 11.94 27.3 2.4041
0 12.04 26.62 2.587
0 12.58 30.03 1.7154
0 14.23 32.38 0.9755
0 16.26 36.6 0.1981
0 16.8 37.17 1.2968
0 16.48 35.8 1.066
0 16.31 33.6 2.2723
0 17.06 33.53 1.1176
0 15.19 33.07 1.8115
0 13.56 26.47 2.5562
0 10.43 24.74 2.0066
0 12.05 27.69 0.8498
0 12.69 30.76 0.5204
0 13.75 33.11 0.9911
0 13.74 29.77 1.4434
0 11.4 30.36 1.3811
0 11.58 30.88 1.4349
0 12.55 31.32 2.0272
0 14.14 30.43 1.5734
0 14.77 30.08 1.3057
0 13.53 27.63 1.1615
0 13.47 28.15 1.6179
0 12.89 27.49 1.442
0 10.68 26.03 2.611
0 10.09 26.99 1.5355
0 11.66 29.63 0.867
0 13.45 34.06 1.1464
0 14.96 34.82 1.1224
0 14.8 36.65 1.267
0 17.56 37.61 0.8743
0 18.03 37.58 0.6295
0 17.2 36.4 0.5289
0 17.25 33.51 0.6431
0.35 18.28 34.65 0.8124
2.1 17.79 34.96 1.1981
0.8 13.25 24.58 1.7856
0.775 13.76 20.69 1.1713
0.2 10.69 22.8 0.7501
0.675 12.64 22.8 1.5801
0 10.55 25.06 0.8701
0 10.97 26.75 2.0774
0 12.23 29.18 1.7822
0 15.19 30.08 1.8063
0 15.71 30.94 1.8493
0 14.4 32.51 1.2086
0 14.55 34.82 0.479
0 14.55 33.69 0.2729
0 16.26 30.5 0.8314
2.175 14.44 30.02 0.9364
0.45 10.62 22.08 1.2363
0 11.02 23.42 1.5287
0 11.37 26.81 0.7277
0 11.07 23.82 1.7317
0.375 11.06 22.02 1.4741
6.95 12.35 20.92 1.6855
8.8 13.69 19.23 4.423
3.4 11.01 18.69 3.1626
0 8.09 19.34 1.9205
0 4.92 19.87 2.5148
0 7.16 24.21 3.4086
0.95 9.99 21.08 2.3524
2.675 11.37 22.45 1.7797
0.225 8 20.31 1.0856
0 8 22.47 1.9044
0 8.35 24.19 2.7174
0 9.68 26.11 2.3327
0 10.62 27.13 1.5436
0 12.17 28.37 1.1317
0 11.23 26.04 1.8663
5.675 8.98 18.41 2.8849
3.45 6.87 15.93 2.541
0.525 3.8 17.53 0.438
0.35 7.24 16.87 1.6969
0 6.08 16.93 2.3945
0 3.4 18.24 1.3687
0 5.32 17.73 2.9227
0 5.49 20.4 1.8635
0 6.97 22.17 2.6955
0 7.15 21.08 1.3548
0 6.06 21.86 1.5722
0 6.11 21.83 1.3568
6.825 7.16 16.82 1.9468
19.95 5.56 12.66 2.732
7.65 4.83 12.95 4.4123
2.85 5.64 12.56 2.4298
5.35 5.34 12 3.3282
2.575 1.08 9.37 1.4033
0 -1.33 10.27 2.6969
0 -1.02 12.3 3.1822
7.225 3.74 10.52 2.2218
2.85 3.34 12.28 2.3663
0 -0.35 11.84 2.2913
0 -0.14 11.36 2.984
0 0.68 12.42 2.2061
0 2.03 12.25 2.6748
0.025 5.03 12.62 1.2195
2.9 7.55 15.76 2.6896
8.6 8.11 16.39 2.92
3.575 7.27 17.67 3.5407
0.075 4.59 17.27 2.0464
2.175 6.68 14.85 2.1601
0.925 8.53 15.89 1.1824
0.125 9.43 18.09 1.3147
0.025 11.39 16.41 0.4243
0 10.98 15.21 2.4351
0 10.08 14.21 1.3635
10.65 9.73 12.39 1.5016
3.85 4.28 12.94 1.3892
1.45 2.5 10.35 2.0671
15.575 5.92 11.82 3.6675
14 9.73 13.65 5.192
12.525 11.08 14.89 5.6261
7 7.51 12.56 2.3394
3.8 5.07 11.44 2.955
10.575 8.7 14.34 2.0344
1.675 7.48 14.72 0.3746
0 4.37 12.27 3.0352
13.55 6.57 13.49 5.46
3 4.28 15.61 1.8277
0.025 4.42 13.6 0.6659
21.4 4.17 11.82 1.9888
16.15 5.94 12.01 4.1304
0.85 0.44 10.14 2.3331
0.125 -1.86 9.41 1.3929
11.825 3.07 10.45 4.558
22.1 5.33 9.06 4.9757
2.2 3.05 9.8 2.3247
0.1 0.46 8.41 3.0866
0 0.4 8.72 3.684
0.05 2.32 6.58 4.7019
0.05 2.34 5.71 2.8401
0 2.58 6.24 1.4378
0 0.38 4.62 1.7449
0.65 -2.05 7.87 2.7518
1.875 1.94 8.26 3.4994
0.15 3.94 13.79 2.4212
0.75 2.58 13.22 1.4703
0.175 5.64 12.55 1.2549
0 3.14 12.28 2.6467
0 7.26 11.76 1.2263
0 8.32 11.51 1.0659
0 7.3 13.51 2.6132
0 3.82 11.52 1.8166
0 1.86 15.06 3.9191
0 1.99 16.37 3.4665
0 3.33 14.96 2.4848
0 3.3 15.85 3.9649
0 2.67 16.8 1.5745
0.1 4.35 12.14 1.9857
0 4.08 11.15 4.7739
0 4.22 11.01 3.4539
0.15 3.35 9.35 1.6345
2.8 3.6 9.79 0.4697
5.275 5.55 13.02 1.7976
0.675 3.52 13.49 1.1996
0 2.27 12.97 1.4054
0 1.19 14.94 3.0073
0 1.21 14.69 1.9258
0 1.96 16.27 2.2714
0 2.8 17.81 1.7845
0 4.24 19.14 2.025
0 5.27 20.53 0.9068
0 5.22 20.68 2.4442
0 1.45 15.22 3.1878
0 0.96 16.83 3.6218
0 1.89 17.86 3.8613
0 2.43 20.43 2.9944
0 2.32 21.48 0.9805
0.1 7.18 18.14 3.8272
3.4 9.04 17.75 4.4185
7.925 6.71 17.27 5.3047
20.9 4.8 10.93 4.5709
20.075 3.84 8.44 2.6474
7.175 2.51 10.69 2.6796
0.75 2.17 12.42 0.7509
0 3.09 12.03 0.9422
0 1.95 13.85 0.5832
0 1.41 14.66 0.8084
2.9 2.6 12.38 1.975
11.15 5.13 11.71 5.0104
2.275 -0.54 9.97 1.139
0 -1.36 11.57 0.3425
0 -0.26 14.66 2.1281
0.625 1.09 15.69 1.8217
2.05 6.41 17.15 3.9347
1.05 8.26 19.23 1.111
0 4.27 18.73 1.3567
0.575 7.22 18.81 0.7956
5.825 9.14 18.14 1.7488
2 8.11 15.97 4.2963
0.5 7.6 17.64 0.4216
0 6.64 18.93 1.3766
0 7.59 20.27 0.5954
0 6.13 17.18 1.5676
0 5.44 18.37 0.6009
1.7 8 19.28 1.2432
0.9 11.97 21.4 1.1735
1.8 10.4 22.26 1.3138
2.275 11.36 22.56 1.9697
0.225 5.37 18.49 0.9053
8.275 4.92 16.2 3.4663
12.725 5.21 12.6 4.6647
25.025 6.73 11.93 5.0082
14.35 4.9 11.3 2.201
1.6 3 14.68 1.5701
5.175 5.3 15.4 5.2047
18.225 7.17 12.84 5.2962
5.95 4.59 13.52 3.4344
12.275 7.55 13.16 3.0195
1.85 5.11 15.61 1.2492
0 8.2 16.69 0.9506
0 5.93 19.93 1.9054
0 8.95 22.38 2.3455
0 10.59 25.32 2.3856
0 11.34 27.69 1.67
0 13.01 28.52 1.2903
0 9.14 20.26 1.7105
0 6.52 24.35 1.5959
0 9.05 25.18 1.7239
0.375 9.6 23.61 2.3216
6.575 6.11 18.1 3.451
1.675 2.9 13.4 1.59
0 2.7 16.89 1.4646
0 3.89 19.23 0.6354
0 6.7 19.02 1.908
0 5.79 19.91 2.0207
0.05 4.87 17.68 2.5732
0.025 4.68 17.66 0.7765
0 6.73 22.3 0.8195
0 9.85 24.44 1.9668
0 11.55 25.51 2.4353
0.05 12.14 23.02 2.4197
0.025 13.16 22.28 1.5854
0.15 13.16 22.86 1.9676
0.225 12.02 21.42 2.0246
0.475 8.86 20.43 1.1294
0.225 7.94 21.8 1.0353
0.075 9.99 21.51 1.8237
0.025 9.32 22.09 2.0239
0 7.18 21.45 3.0107
0 6.92 23.26 1.3714
0 8.82 22.99 2.4784
0 7.99 21.37 4.877
0 7.42 22.58 3.5788
0 7.43 26.02 1.6817
0 9.5 28.32 0.5526
0 10.82 27.4 1.2762
0 12.94 29.91 2.8483
0 13.65 33.08 0.9194
0 11.91 29.28 1.7185
0 8.82 25.03 2.079
0 10.11 22.91 2.8249
0.425 6.37 19.79 3.2369
0.225 7.55 23.6 2.7363
0 8.48 25.49 1.9717
0 9.58 26.77 1.502
0 10.08 27.22 1.1423
7.6 9.04 21.5 2.6057
9 7.5 17.42 2.3359
1.6 6.56 16.68 1.5512
6.075 8.71 16.67 3.3463
5.525 9.34 18.17 2.2363
0.125 7.99 24.07 3.0071
0 10.24 26.84 1.9739
0 11.71 26.82 2.4388
0 10.13 25.23 3.4525
0 8.78 22.52 4.7095
0 7.73 23.86 2.7069
0.525 10.2 22.67 2.469
0.225 8.31 22.18 2.2701
0 10.34 22.47 3.0031
3.875 8.88 22.14 4.0535
0.5 7.95 21.16 4.7762
0 8.56 22.86 2.6254
0 8.88 23.69 2.2181
0.8 11.45 20.72 2.5473
0.2 7.56 20.81 1.6327
0.2 8.22 21.84 0.5061
14.9 10.39 19.58 3.6281
14.225 13.07 22.24 0.9499
11.95 12.45 22.16 2.9204
0 10.43 23.98 2.3871
0 11.48 27.8 3.1278
0 12.07 29.83 1.9699
0 12.61 29.31 3.0005
0 11.89 25.34 3.3105
0 11.96 28.74 2.7938
0 13.54 30.58 2.7833
0 15.85 33.34 2.5316
0 17.49 34.18 2.2979
0 16.55 32.42 2.9031
0 14.3 31.4 2.0542
0 13.29 31.54 2.7153
0 15 32.12 2.2985
0 16.57 34.13 0.7322
0 19.3 37.38 0.8803
0 20.51 38.43 2.4445
0 16.79 35.8 2.4409
0 13.69 32.37 2.5438
0 13.63 32 2.7411
0 14.29 32.08 2.6404
0 15 33.53 2.7083
9.425 15.85 33.17 2.0305
5.025 13.52 24.15 2.2445
0 12.55 28.26 2.4915
0 13.52 31 1.8895
0 15.53 33.58 1.3328
0 16.08 36.82 1.0232
0 18.77 38.59 1.5706
0 19.01 39.23 1.7308
0 20.06 39.36 2.4649
0 19.42 39.28 2.5062
0 17.96 37.75 2.0177
0 16.97 37.73 2.5142
0 13.52 35.43 2.3149
0 13.05 33.15 2.3199
0 11.99 32.14 2.4328
0 13.63 31.85 3.0406
0 11.99 29.62 2.7744
0 11.73 28.13 3.3531
0 12.26 29.12 2.9662
0 12.31 28.94 1.944
0 13.58 30.52 1.0909
0 14.79 31.43 1.9871
0 15.26 31.44 1.8505
0 16.13 35.51 2.3209
0 15.86 35.41 2.6928
0 16.54 34.83 1.9343
0 15.97 34.87 1.6373
0 14.98 34.38 2.0865
0 13.54 34.15 2.1304
0 14.32 34.64 1.7555
0 14.46 35.8 1.8661
0 15.96 36.31 2.537
0 15.18 35.94 2.9053
0 17.05 36.25 1.9363
0 16.33 34.01 1.2234
0 15.67 34.33 1.7418
0 15.71 34.39 2.0463
0 13.99 32.23 2.8973
0 13.56 32.93 2.4493
0 15.57 33.56 2.8891
0 15.62 32.29 2.3547
0 14.57 33.17 1.849
0 14.04 34.09 1.9537
0 16.11 34.77 2.2389
0 15.07 33.61 2.6044
0 15 32.73 2.0439
0 17.13 34.59 1.2771
0 17.05 34.64 2.1032
0 15.47 33.93 1.7289
0 14.76 34.04 1.709
0 14.88 34.21 1.9034
0 15.12 34.56 2.0704
0 15.03 33.21 2.7287
0 13.67 32.61 1.8021
0 13.46 31.97 1.1885
0 14.16 31.82 1.1577
0 15.12 34.78 1.1154
0 17.52 35.86 1.8832
0 15.91 34.89 1.1723
0 17.16 35.68 0.6656
0 17.79 35.07 1.0551
0 17.12 35.83 1.2859
0 15.93 34.65 1.9055
0 14.72 33.78 1.6984
0 14.11 32.65 1.6416
0 15.23 32.66 0.7984
0 15.91 34.79 0.4156
0 16.06 35.39 0.9351
0 15.45 34.05 1.0537
0 13.6 33.4 1.7833
0 14.52 34.92 1.1409
0 16.05 35.75 1.2692
0 15.8 35.07 1.3108
0 15.57 35.72 1.4636
0 18.73 36.49 0.7031
0.25 17.2 30.49 1.5189
0 15.58 30.85 1.6226
0 15.29 33.12 0.8387
0 17.36 33.6 1.579
0 15.24 32.67 2.3249
0 13.01 29.94 1.7267
0 11.45 30.07 1.8403
0 13.79 31.18 0.6736
0 15.2 33.7 0.4729
0 16.74 35.67 1.1468
0 16.04 36.4 0.8261
0 16.93 35.95 0.5708
0 17.63 37.09 0.6391
0.075 18.38 37.38 1.5261
0.025 13.72 26.77 2.0369
0 12.53 26.04 2.2806
0 13.21 29.87 1.2152
0 15.22 33.78 0.6795
0 15.95 34.39 0.9635
0 15.48 30.31 1.0763
0 12.62 27.95 1.9258
0 12.87 27.03 1.5908
0 12.15 24.02 1.7012
4.875 12.45 23.76 1.9913
19.725 11.53 23.66 3.2036
3.35 8.76 17.71 0.8551
0.875 7.42 19.36 0.9941
0 8.42 22.71 1.0306
0 9.68 24.81 1.1998
0.175 12.09 23.96 1.341
0.075 14.58 25.15 1.4854
0 13.62 26.02 1.1474
0 11.9 28.78 0.969
0 13.95 30.1 0.6295
0 15.24 30.19 0.9024
0 14.92 27.52 0.9638
0 13.25 29.38 1.395
0 14 29.85 1.0855
0 13.26 26.52 1.2722
0 12.08 26.39 0.9974
0 11.46 26.44 1.15
0 12.18 28.27 1.8982
0 11.33 29.11 1.2709
0 11.98 28.72 1.4307
0 11 24.64 1.3629
0 8.12 23.96 2.4001
0 7.67 22.44 2.7666
0 7.67 24.15 1.6095
0 8.04 24.5 1.0365
0 8.67 25.16 1.9347
0 8.94 26.02 0.7198
0 10.19 26.09 3.0962
0 7.91 22.86 3.9225
0.875 6.08 23.41 2.786
1.375 6.11 17.33 1.6115
1.25 3.1 13.94 0.2799
2.475 5.84 14.55 1.2144
0.15 5.46 15.06 0.7422
0 2.6 15.78 1.8744
0 2.31 17.24 2.9226
0 2.83 19.34 3.273
3.7 8.02 17.45 4.1206
0.975 7.5 18.14 0.9225
0 7.53 18.54 0.4982
0 8.28 17.66 1.2338
0 5.87 18.49 0.9639
0 5.14 19.34 0.9973
0 5.87 20.72 0.7297
0.05 6.58 20.54 2.5421
1.35 4.5 14.99 1.8778
3.05 4.09 14.42 4.0644
0 3.08 13.37 1.8372
0 2.55 15.05 2.6272
0 3.56 15.09 3.9011
0.575 6.18 15.62 1.735
1.475 4.19 16.07 0.5757
0 4.72 16.77 2.6077
0 3.98 14.9 2.2267
0.15 4.69 17.7 1.0571
0 5.19 11.39 1.4899
0 6.42 16.24 3.9473
0 4.83 18.46 7.3373
0 2.71 16.8 3.2134
0 1.39 16.65 4.0157
0 -0.71 15.55 2.3931
0 -1.58 14.38 3.3876
0 -1.25 14.86 2.8561
0 -0.99 14.76 2.8322
0 -0.76 14.94 2.5899
0 -1.09 15.3 3.7715
0 -1.02 15.91 2.7868
0 0.6 14.53 0.49
0 2.79 12.07 1.35
0 1.89 14.08 1.2685
0 -0.42 14.24 0.9841
1.8 2.15 12.02 0.8845
0.475 -0.29 12.07 4.6447
0 -0.69 11.82 3.9689
0 -0.5 10.45 2.1418
0 1.47 14.68 3.6579
0 -0.5 11.48 3.7473
0 -2.26 12.38 2.9859
0 -2.41 14.89 4.411
0 -2.48 12.46 3.7583
0 -3.25 13 4.4847
0 -2.09 14.01 3.2636
0 -2.53 14.38 1.139
0.025 -1.26 14.06 1.174
0 0.06 15.14 1.3295
0 3.44 15.25 0.8348
0 3.23 15.43 0.8871
0 2.92 13.02 2.2435
