0.55 -2.21 9.34 1.5933
4.1 -0.9 8.45 1.3059
2.25 -3.86 7.07 1.6472
2.925 -6.67 4.1 4.1034
3.05 -5.95 3.54 1.799
0.775 -1.44 1.54 0.4644
0 -0.82 7.1 1.4793
0 1.5 9.79 0.7483
0 -1.15 12.43 4.4112
0 -0.62 13.11 3.4079
0 0.92 12.99 2.4206
0 4.94 15.7 5.4823
0 4.46 16.11 3.9347
0 0.33 16.43 3.5367
0 1.62 17.27 3.9431
0 1.88 17.7 4.9369
0 1.23 15.7 4.2658
0 1.38 14.93 4.7722
0 2.05 14.98 4.885
0.275 2.55 14.26 3.4403
19.55 2.99 14.97 2.7318
32.625 5.27 14.14 2.1416
66.725 3.95 9.7 1.6519
50.45 3.49 8.46 2.4726
12.975 -0.4 5.9 3.4885
2.225 -5.98 0.38 0.817
0.3 -6.4 2.64 1.3133
0 -4.81 5.53 1.5246
0 -1.01 8.91 4.2322
0 0.05 14.42 4.503
0 2.24 15.06 3.1006
0 1.54 14.54 3.1415
0 -0.05 12.26 3.9278
0 -0.49 15.74 3.7862
0 3.36 17.2 2.9907
5.875 3.87 15.88 2.563
5.575 0.73 6.91 2.9556
1.225 -0.69 5.76 2.8067
19.15 -0.43 8.39 1.3321
11.475 -4.67 6.01 3.6061
1.425 -9.19 1.43 0.4425
10 -7.05 2.52 2.5602
5.95 -3.18 3.01 1.4075
14.3 -3.43 3.84 3.0689
8.075 -3.34 1.45 3.4584
3 -1.41 4.07 5.8274
26.075 -1.11 2.84 5.5296
20.85 -1.17 2.18 4.4101
3.775 -3.46 0.94 1.2931
0 -3.8 5.92 3.4581
0 -2.57 9.97 2.6455
6.875 -1.98 11.04 3.805
26.875 -2.58 9.85 3.6753
19.65 2.11 4.83 2.6458
3.375 -0.23 5.85 1.5049
1.75 0.74 12.68 1.464
0.3 0.28 6.27 2.4612
0 -1.33 10.83 0.3602
0.075 -0.09 13.1 3.6676
8.675 3 13.19 2.7595
35.525 3.6 9.06 3.973
54.675 2.12 9.05 4.903
23.125 -1.34 3.99 2.9078
1.25 -5 3.83 0.8819
0.575 -3.25 5.69 1.8674
0 -5.26 4.61 0.3093
0 -6.36 9.56 1.3927
0 -1.54 11.86 2.625
0 -5.59 6.34 0.4116
0 -4.85 10.81 0.5906
0 -1.48 11.44 2.0945
0 -1.12 14.39 2.3512
0 -0.43 15.84 1.3119
0 0.18 12.44 2.2529
0 1.67 13.51 2.6162
0 2.04 16.25 1.1119
0 2.93 17.7 1.1478
0 4.71 19.75 0.924
0.125 2.71 20.13 0.7102
32.875 3.74 19.39 1.8493
21.625 -1.99 10.78 4.1345
0.9 -7.06 2.15 2.2435
0 -5.25 6.7 1.9036
0 -1.49 13.93 0.5566
0 0.03 15.44 1.9906
0 1.97 18.83 2.0648
0 2.43 17.54 1.3621
0 2.4 19.1 3.2912
0 0.07 14.26 1.9391
0 0.36 14.19 0.3174
0 1.93 15.96 2.6414
0 3.05 18.84 2.5253
0 0.39 16.07 5.2529
0 -2.68 9.44 1.9488
0 -1.81 14 2.7705
0 0.87 17.82 2.2685
6.25 3.48 20.31 1.2751
22.425 -0.1 16.32 3.072
14.375 -0.01 6.11 1.7221
2.075 -0.07 7.25 2.2789
0.1 -0.72 7.31 3.7523
0 0.77 12.2 1.6258
0 2.09 15.9 2.1311
0 2.89 16.06 4.6828
0 -4.42 9.42 6.0117
0 -3.02 6.37 3.1436
0 -0.31 14.52 1.514
0 2.44 19.45 2.8223
0 5.34 22.4 2.7633
0 8.3 25.83 1.5381
0 10.35 27.92 1.1556
0 10.69 28.58 1.9974
0.075 8.01 27.24 2.6876
0.975 5.35 20.95 3.3597
0.55 -1.74 8.8 3.5182
0 0.39 13.42 1.9949
0 2.17 16.16 2.3338
0 0.73 15.57 3.1636
0 -0.34 12.92 1.6756
3.275 1.96 15.83 1.9611
56.25 7.31 19.09 1.8749
34.725 5.41 15.71 2.4816
4.725 5.57 10.4 3.6242
2.525 4.14 13.11 1.8345
0.35 7.51 16.85 3.6138
0 5.54 19.26 2.1698
0 6.42 22.27 2.9043
0 8.08 23.04 1.712
0 7.23 23.6 1.3338
0 8.39 23.84 1.0094
0 8.04 25.33 3.0207
0 6.59 24.39 3.2929
0 6.6 22.06 2.5795
0 7.16 22.17 3.2253
0 8.46 23.68 1.8091
0 10.25 25.93 1.5257
0 13.76 30.67 0.3186
0.4 14.97 32.66 2.3546
0.25 12.62 32.01 2.6445
0 9.71 26.32 1.6725
0 9.02 25.01 0.9898
0 9.8 26.22 2.4755
0 9.77 25.96 2.9921
0 8.84 25.31 2.7648
0 7.76 24.6 1.956
0 9.12 24.87 1.3696
0 10.89 26.67 0.8957
0.2 12.39 28.02 2.0021
0.1 12.4 27.31 2.5084
4.625 12.91 26.77 3.2263
2.775 11.43 26.15 2.2328
0 11.38 25.44 2.0661
0 10.72 23.02 2.2943
0.15 10.79 21.78 0.5088
7.35 7.79 20.74 2.1803
5.5 4.6 18.77 3.4913
1.475 3.94 10.42 2.3044
0.45 5.01 12.78 2.7154
0 6.24 19.14 2.5897
0 8.83 21.36 3.4292
0 8.24 20.57 3.0747
0 6.61 19.39 3.3686
1.975 7.49 19.98 2.3541
1.4 8.9 19.1 3.5813
0.125 6.68 19.35 2.4702
0 7.23 20.14 2.4644
0 8.08 20.21 2.4945
0 10.24 21.75 3.0292
0 10.4 24.29 1.7971
0 12.86 28.85 2.6705
0 9.32 27.82 3.2176
0 7.13 23.19 3.2179
0 7.84 20.97 1.2179
0 9.57 24.3 0.6243
0 12.19 27.99 1.4749
0 13.08 30.47 2.6881
0 12.07 28.74 1.765
0 13.3 29.13 0.8685
0 14.08 33.28 0.6333
0.375 16.64 34.72 2.9553
0.225 15.76 34.4 2.929
0 15.01 30.76 2.272
0 15.63 32.16 1.7376
0 13.99 30.6 2.848
0 13.1 30.93 2.5171
0 12.59 29.75 2.7573
0 11.87 29.16 2.5488
0 10.46 27.65 2.7834
0 9.9 26.68 2.5778
0 10.23 26.74 2.5714
0 10.46 27 1.8968
0 11.73 28.44 1.8005
0 13.23 29.42 2.2371
0 13.07 29.22 1.3922
0 13.57 30.72 0.5869
0 14.17 31.25 1.5894
0 15.28 33.75 1.9453
0 16.6 33.23 1.8048
0 17.15 34.78 2.0467
0 17.53 35.26 1.6465
0 17.79 36.33 2.4421
0 16.24 35.21 2.5268
0 15.26 33.15 2.2982
0 17.61 33.34 2.0609
0 15.95 32.81 2.1047
0 15.03 32.42 2.1848
0 15.42 33.04 1.9353
0 15.95 34.32 1.845
0 17.25 34.32 2.1469
0 16.74 33.83 2.873
0 17.52 32.95 2.5874
0 16.81 32.65 2.621
0 16.19 32.11 2.5014
0 15.06 31.5 2.986
0 12.88 29.12 2.5768
0 12.9 28.96 2.1099
0 13.88 29.46 2.3792
0 10.73 27.49 3.0893
0 7.58 19.22 1.9344
0 9.25 21.52 1.3763
0 11.9 26.61 0.3661
0 13.59 29.95 1.2039
0 15.07 31.74 2.965
0 14.8 32.64 2.7337
0 14.02 31.51 3.0087
0 12.69 29.98 3.1665
0 10.17 27.91 1.404
0 10.54 27.69 0.3705
0 12.12 29.3 0.7219
0 13.35 31.33 0.8692
0 14.91 33.59 1.292
0 15.76 34.57 2.1295
0 16.32 33.74 2.2101
1.325 16.11 34.7 2.3032
1.075 13.32 29.59 3.0232
0.15 12.18 27.33 1.597
0 11.85 28.14 1.5403
0 11.54 29.39 0.4819
0 12.12 30.34 1.4721
0 14.15 30.15 1.2128
0 14.41 30.86 1.3056
0 14.47 32.7 2.7954
0 15.1 31.48 1.8329
0 14.12 30.78 0.8278
0 14.76 31.29 0.2838
0 15.46 32.01 1.4522
0 14.84 31.81 2.191
0 12.48 30.4 2.0763
0 10.67 27.98 1.9933
0 10.61 25.66 1.5132
0 10.8 25.71 0.4183
0 11.59 27.14 0.9389
0 13.23 29.42 0.3701
0 14.25 31.06 0.9536
0.05 15.78 33.64 1.7046
0.4 13.43 29.71 2.2282
0.225 9.79 24 2.7228
0 8.61 20.38 1.5245
0 9.84 25.57 1.3559
0 12.27 28.15 0.3691
0 12.87 29.36 1.0614
0 14.23 31.94 2.1549
0 12.39 30.5 0.9505
0 14.06 28.76 2.3386
0 13.56 32.01 2.3685
0 13.49 32.07 1.4233
0 12.67 31.28 0.72
0 12.81 30.83 0.7814
0 14.42 32.56 1.1799
0 13.79 33.64 0.4288
0 13.66 33.67 2.0701
0 12.99 28.81 2.502
0 2.52 16.76 2.3275
0 3.17 18.5 2.4545
0 6.03 22.23 0.7226
0.975 6.89 22.86 3.1315
0.75 0.9 18.94 3.4639
0.075 -0.76 7.85 0.3
0 -0.17 15.38 2.8919
0 2.64 18 1.5098
0 3.99 18.9 1.3591
0 4.82 21.17 0.7299
0 5.98 21.84 0.4921
0 4.16 21.88 1.8948
26.275 5.79 20.6 1.9251
62.875 5.18 14.49 6.5939
28.65 6.52 12.68 4.3701
0.225 8.13 15.13 0.8795
0 8.28 21.75 2.2009
0 7.53 22.92 1.0383
0 10.04 25.98 1.7738
0.925 8.72 20.93 2.2796
0.55 1.52 12.64 2.0614
0 2.04 15.18 1.0442
0 4.35 18.38 0.5462
0 4.8 19.65 0.994
0 7.16 21.52 1.1658
0 6.61 18.71 1.73
0 6.41 20.46 1.1313
0 5.58 21 4.2712
0 0.9 10.78 4.9356
0 -1.1 9.93 0.7486
0 -0.54 11.82 0.0511
0 3.19 17.72 0.8245
0 4.88 20.27 0.8221
0 7.44 21.57 1.2172
0 6.99 23.24 1.1239
0 7.12 23.38 1.7171
0 5.52 21.73 2.2683
0 2.53 16.75 0.6018
0 2.36 15.83 1.5513
0 0.89 13.06 1.8488
0 1.44 14.29 1.1778
0 3 14.89 0.729
8.525 5.16 15.3 0.3591
6 2.44 14.81 1.9899
0.525 -1.35 5.9 1.2286
0 -1.32 8.42 1.0985
0 -1.1 9.57 2.8498
0 0.39 12.63 2.1429
0 2.25 14.87 1.5742
0 1.93 15.61 1.6223
1.45 -0.19 10.77 2.3412
4.625 -0.08 14 3.7029
2.25 0.17 11.79 1.0608
0 0.43 8.48 0.4827
0 -0.35 11.14 2.2715
0 1 11.53 3.766
0 2.08 13.27 4.068
2 2.02 14.45 2.6501
2.05 2.74 15.41 1.0795
0.5 -1.14 10.63 4.935
0 1.18 8.56 5.0168
0 1.04 10.83 3.9608
0 1.07 13.34 1.6645
0 -0.19 13.08 2.2342
0 -1.75 15.18 2.15
0 -0.68 10.89 2.1305
0.15 -1.06 11.84 1.1417
34.7 -3.35 7.47 2.2487
24.625 -3.28 3.64 0.8926
2.3 -11.15 -0.78 0.6966
0 -10.28 -0.94 1.9414
3.75 -7.44 1.93 3.1297
49.375 -0.82 5.11 2.8466
70.025 1.75 5.82 3.7291
27.75 -0.33 5.77 4.3687
1.6 -1.47 2.48 0.7139
0 -1.83 3.72 3.1191
0 0.63 7.61 2.5273
0 1.64 9.15 2.288
0 2.02 10.69 2.8175
0 1.83 10.28 4.1488
3.05 1.66 10.54 2.9033
9.075 1.74 11.7 1.81
13.475 -1.64 8.55 3.6398
0.05 -5.53 3.32 2.6068
0 -1.38 8.21 3.9533
0 -1.56 7.91 3.9028
8.375 -1.49 8.28 4.0865
5.075 -0.68 7.09 1.9912
3.5 -1.91 4.5 3.1223
11.475 -1.91 5.9 0.7636
5.7 -0.46 5.12 1.5097
0.025 -1.12 4.34 2.5378
0 -0.57 8.12 2.0292
0 0.17 7.97 1.2255
0 0.26 9.99 3.9963
0 -0.99 12.22 2.9228
0 1.23 11.81 2.6487
0 0.81 11.38 3.0621
0 1.63 11.9 2.753
0.1 2.86 13.1 3.0662
1.8 3.03 13.18 2.3483
1.025 3.71 10.94 2.4419
1.85 3.61 10.33 3.1571
24.325 2.7 13.6 4.4121
14.025 1.08 8.22 2.0344
0.05 -2.26 6.87 1.3914
0 -0.13 9.18 3.339
3.65 0.35 11.94 2.0847
27.825 0.44 11.51 2.5823
37.5 0.51 7.64 4.7289
38.6 -0.31 4.2 5.5204
39.05 -1.23 2.04 6.47
34.6 -2.75 1.2 4.0425
19.175 -2.59 1.13 3.9818
4.475 -3.87 0.61 0.9347
3.4 -5.24 3.12 2.2755
3.175 -3.01 3.42 3.8931
0.725 -0.08 4.73 2.9752
0 -1.28 7.92 1.3449
0 -3.1 9.44 2.8399
1.875 -1.23 7.98 3.213
1.15 -0.2 9.7 1.4089
0 -3.1 7.8 1.1758
0 -6.95 8.19 1.7276
0 -1.1 9.34 2.0113
0 -0.51 9.54 0.618
7 0.03 10.01 2.735
15.125 1.18 8.68 3.423
10.725 1.19 6.07 1.7248
2.475 -0.71 3.88 2.533
1.3 -2.59 4.35 1.374
1.075 -1.41 5.33 2.2229
0.175 -2.97 4.34 0.5835
0 -2.3 6.97 1.0805
0 0.32 8.84 1.1548
0 0.24 11.99 1.516
0 1.34 13.94 1.5678
0 0.52 15.84 1.0019
0 2.27 15.1 1.6847
0 2.55 15.79 2.4474
0 2.05 16.9 1.1303
0.7 0.57 15.32 1.2436
2.1 1.78 10.26 2.3383
17.3 0.3 7.76 3.0368
9.725 -4.62 2.71 2.2865
23.275 -3.8 8.65 3.7147
16.4 -0.17 7.44 2.8073
1.15 -2.01 6.77 0.7551
23.675 -0.15 11.68 4.4439
14.75 1.39 9.72 1.4951
0.4 -0.91 4.41 0.5017
2.3 -0.02 11.78 2.3492
14.725 2.31 13.78 2.658
20.6 0.48 6.83 3.2561
7.55 -2.63 4.64 3.0309
0.25 -4.26 3.61 1.3253
0.15 -1.24 8.66 2.556
0.15 -2.17 10.37 0.9202
6.05 0.86 10.31 2.4835
5.875 -6.91 3.53 3.8216
1.375 -4.02 5.44 2.112
0 -4.19 4.05 0.4081
27.1 -1.61 10.82 2.1243
16.25 -2.72 10.39 2.4818
0 -2.92 8.51 2.6165
0 -1.82 13.43 3.7776
0 0.9 18.18 1.4058
0 3.06 19.25 0.7078
0 3.43 19.36 2.8846
0 -2.54 17.28 2.1381
0 3.61 20.57 2.0019
0 2.22 19.15 0.5439
0 1.97 16.75 1.4021
0 0.79 16.9 2.1548
1.85 1.03 18.18 2.0757
4.425 1.56 17.94 2.3686
1.975 -2.48 9.69 2.4506
0 -0.37 12.1 2.7959
0 0.62 17 1.2421
10.375 2.29 17.96 2.5047
19 2.58 17.7 5.5237
7.85 -1.77 5.64 3.0204
2.3 -4.6 5.77 0.8427
6.825 -2.8 7.79 2.2233
3.275 -0.95 5.91 1.9922
25.775 -1.78 6.3 2.7511
15.425 -2.88 4.46 3.2441
0 -4.24 5.39 0.7848
0 -1.79 11.1 2.1907
0 0.52 16.39 0.4086
0 1.91 18.02 1.2355
2.4 2.59 17.89 1.9697
22.625 1.06 11.98 4.0227
15.225 -0.66 6.19 4.6045
1.5 -1.8 4.05 1.0717
0 -0.93 10.93 0.6612
0 0.21 12.4 0.8092
0 1.9 17.33 2.4377
0 1.45 16.98 1.4149
0 2.14 19.13 1.1235
11.125 3.64 21.28 1.703
20.1 5.37 18.38 2.6531
9.075 -1.5 7.61 3.0361
0.6 -0.33 2.71 1.723
0 0.65 6.31 1.366
0 2.07 16.85 0.7851
0 4.31 19.09 1.3062
0 6.22 22.62 0.7554
10.35 6.68 22.66 4.1281
11.975 1.13 11.5 5.0329
3.525 -3.35 4.71 3.8834
0.05 -2.91 7.02 3.379
0 0.23 13.03 1.9139
0 1.81 16.81 1.9546
0 3.36 21.13 0.9428
0 5.31 22.4 2.0492
0 5.13 21.54 3.5954
0 2.62 17.08 2.185
0 2.13 17.17 0.7243
0.275 3.44 19.39 2.8107
6.95 3.31 18.28 3.738
14.475 0.06 8.48 3.2448
6.275 -3.88 7.57 4.1429
0.025 -1.81 9.79 2.1586
0.075 3.4 16.43 0.9956
0.05 4.55 19.72 0.6197
0 5.8 21.42 0.511
3.925 8.76 23.34 1.2884
5.875 9.58 22.73 1.9678
2.1 3.65 14.28 1.9378
0.3 5.48 16.13 1.6595
0.175 7.66 18.81 3.396
0.225 3.38 19.81 4.3516
0.4 -1.01 13.21 3.6828
0.275 -0.72 8.4 4.1135
4.425 1.06 11.72 2.3334
9.8 0.96 11.49 1.5408
14.575 4.54 14.84 3.0346
10.95 2.56 11.13 2.4815
2.85 0.15 9.83 3.5395
0 1.19 12.07 1.8129
0 4.85 19.85 0.5515
0 7.62 23.53 2.5479
0 11.04 22.91 2.9485
0 8.18 21.58 2.5994
0 9.48 22.86 2.7227
0 10.93 24.42 2.7512
0 11.41 24.3 2.0572
0 12.78 28.4 3.0211
0 12.34 28.66 3.1116
0 10.95 26.34 2.5117
0 10.07 25.86 3.8509
0 6.49 23.32 4.632
0 6.12 18.9 5.0669
0 10.66 20.32 3.8346
0 9.83 24.29 1.0271
0 11.14 26.32 1.6978
0 11.22 28.05 2.9205
0 7.53 26.15 3.0727
0 6.77 21.8 1.1018
0 7.52 24.72 2.3574
0 7.47 23.64 3.1627
0 6.32 21.41 2.5421
0 7.64 23.5 1.6104
0 8.83 22.92 1.0401
0 11.15 26.55 1.7773
0 11.6 27.69 2.135
0 13.08 24.66 2.6974
0 10.91 25.01 2.401
0 13.65 27.69 0.9417
0 15.37 31.61 1.5571
0 15.44 33.73 3.1165
0 13.01 30.08 2.951
0 10.83 28.31 2.6496
0 10.23 26.77 2.7776
0 12.56 26.62 2.0518
0 10.66 26.12 0.9351
0 12.15 28.72 1.9116
0 13.04 30.5 2.4752
0 13.46 28.99 2.3362
0 13.37 29.06 2.3517
0 14.97 30.34 2.1691
0 14.45 30.76 1.8194
0 15.01 32.47 2.3298
0 16.24 31.64 3.2486
0 16.24 30.95 3.3516
0 14.26 28.62 1.8449
0 14.88 29.91 1.3755
0 17.19 32.96 2.6323
0 16.81 34.1 2.7673
0 16.54 33.89 2.5877
0 15.39 34.82 2.0843
0 15 33.6 2.0442
0 14.54 31.68 2.5209
0 13.97 30.18 1.0268
0 14.53 30.56 2.2681
0 14.67 31.54 2.0944
0 16.21 32.92 2.5596
0 16.39 32.26 2.7295
0 14.36 30.38 1.9294
0 12.46 29.59 2.3555
0 13.63 30.23 2.0307
0 12.89 30.5 2.3028
0 13.23 30.13 2.3665
0 12.4 29.76 2.0559
0 12.52 29.51 2.4083
0 12.2 30.27 1.4818
0 12.43 30.66 1.9409
0 12.81 30.32 1.9974
0 11.97 29.7 2.0622
0 12.43 29.6 2.5105
0.05 12.82 28.74 2.8718
0.025 11.87 26.37 2.0247
0 11.48 27.48 1.9045
0 11.86 28.03 2.2792
0 10.52 24.76 1.06
0 11.32 27.75 1.378
0 12.9 28.8 2.3375
0 12.96 29.14 2.7899
0 13.09 29.7 1.1307
0 13.26 31.67 1.6069
0 13.5 32.38 1.7447
0 11.79 30.93 1.9022
0 12.31 30.66 2.2376
0 12.83 31.43 1.9082
0 11.66 27.57 1.7057
0 11.04 26.99 2.4289
0 12.3 31.82 2.0788
0 17.17 35.4 0.6256
0 17.91 37.19 2.3151
0 14.77 34.27 2.4517
0 10.42 30.13 2.8579
0 9.21 17.98 2.243
0 7.19 18.88 2.4255
0 7.62 21.61 1.2095
0 9.6 25.27 0.6035
0 12.32 29.67 0.42
0 13.64 32.45 1.2163
0 13.71 32.69 1.2418
0 12.41 31.94 1.9499
0 11.69 29.85 1.2635
0 11.77 29.97 2.4056
0.025 10.41 28.31 2.9057
0.025 5.2 13.43 2.0364
0 5.36 21.45 0.6254
0 6.77 24.37 0.6796
0 9.96 27.48 1.0074
0 10.27 28.18 1.6905
0 9.53 26 1.4258
0 9.28 26.03 0.8698
0 9.73 26.33 1.551
0 9.47 27.29 1.5981
0 9.73 26.43 1.5312
0 9.4 26.15 1.4447
0 7.63 22.14 1.1543
0 7.27 24.33 1.0096
0 8.09 22.54 2.7116
0 7.23 20.18 1.0207
0 7.29 24.06 0.4911
0 11.15 28.12 0.9177
0 13.83 32.32 0.4104
0 13 32.41 1.0945
0 15.74 33.47 0.5572
0 15.36 34.39 0.524
0 14.52 33.92 0.3166
0.05 14.31 30.61 0.4321
7.325 13.64 27.34 1.3245
28.35 12.11 27.57 1.6417
15.4 9.61 17.79 1.4622
1.475 7.62 12.03 0.9491
1.4 4.85 13.53 0.7911
2.3 4.83 14.35 2.114
0.4 3.66 13.66 0.8365
0 5.85 18.29 1.878
0 7.53 20.49 1.6122
0 9.66 23.83 1.3901
0 10.19 24.92 2.3108
0 11.14 27.2 1.6072
0 11.04 26.38 0.7306
0 10.66 25.87 0.6172
0 10.46 26.13 1.1711
3.2 11.31 21.62 0.8901
1.925 6.48 17.69 1.0663
0 7.23 16.58 1.7161
0 6.88 23.35 0.958
0 7.99 20.13 1.9561
4.775 5.7 17.86 1.7147
39.575 6.61 16.42 1.6215
59.225 7.64 9.99 4.7016
39.65 2.83 11.04 3.6382
0.2 2.39 12.27 1.6061
0 -0.21 12.92 2.9638
0 -0.9 13.2 3.3179
3.45 5.39 17.25 2.1139
2.9 4.27 17.93 1.9018
0.475 2.56 9.01 0.8752
0 3.43 15.34 1.8728
0 4.35 17.82 3.1707
0 7.02 21.11 2.9578
0 9.8 22.79 1.9861
0 9.42 22.89 1.1101
0.85 7.85 21.41 2.2279
17.175 5.76 17.91 3.0827
15.925 0.38 8.06 2.676
3.375 -1.41 7.84 0.6411
2.5 0.26 9.17 1.6176
0 -1.35 7.11 2.5154
0 1.68 11.39 1.4664
0 -0.04 13.12 3.0777
0 3.22 14.35 1.5684
0 4.57 17.13 2.4853
0 3.99 17.07 0.9787
0 3.2 15.9 2.1499
0 2.41 16.51 2.0951
24.525 2.8 15.71 2.796
34.025 -1.21 9.13 3.2347
25.2 -2.91 1.82 5.231
17.5 -2.59 2.2 3.1277
16.9 -2.06 2.93 4.1952
7.85 -6.6 0.88 1.0949
0 -7.52 1.74 3.3461
0 -7.3 0.33 3.3328
15.875 -3.06 5.62 2.7947
12.375 -7.59 2.22 2.6629
0 -9.02 0.55 2.3354
0 -5.91 2 3.0474
0 -1.8 6.22 2.2737
0.075 1.56 11.18 2.5882
0.025 2.88 8.83 1.5403
2.825 2.62 9.45 2.0021
25.3 2.53 6.87 2.2082
14.25 1.68 10.16 3.2864
0 0.53 7.67 2.3131
9.75 2 11.54 1.8971
10.3 3.04 10.22 1.0183
2.7 3.91 8.01 1.3547
0.2 2.56 10.7 0.449
0 2.15 12.43 2.2974
0 2.99 11.28 1.413
30.725 2.84 12.48 1.8175
22.575 0.07 7.32 1.6475
7 -2.36 5.1 2.5046
74.025 -2.65 4.89 3.5228
111.47 0.65 5.1 5.2681
75.6 1.8 7.14 6.0769
25.975 -0.53 9.12 2.2183
10.175 -0.97 0.45 2.3606
5.925 -0.47 3.33 2.2969
4.05 -0.65 4.24 0.405
0 -1.35 5.83 2.8722
23.675 -1.06 8.74 5.288
16.3 -1.46 8.25 1.9667
0 -2.54 2.24 0.9978
69.475 -2.08 4.72 2.3039
45.75 -0.14 4.85 4.4399
2.6 -9.41 2.72 2.5121
5.55 -9.64 -0.68 1.4753
27.05 -9.45 0 4.0739
25.975 -2.75 1.85 4.8319
10.15 -2.47 1.98 2.5823
0 -4.86 2.81 3.2448
0 -4.31 3.9 3.8943
0 -1.74 6.27 5.3683
0 -1.31 7.54 3.799
0 -2.63 6.79 1.9304
0 -2.63 7.45 1.1888
0 -5.02 4.52 3.2433
6.55 -4.83 5.98 3.3024
5.425 0.09 6.19 1.8743
1 0.77 9.66 1.6753
0.6 -0.27 7.63 1.3623
0 1.31 13.71 2.5839
0 1.88 12.69 0.9353
0 2.47 12.68 0.7053
0 2.54 13.56 2.3365
0 0.79 13.37 1.3421
0 0.06 13.23 4.2691
0 0.1 12.96 3.7813
0 0.03 13.53 2.7969
0 1.56 15.64 3.9117
0 1.26 14.09 2.0529
0 1.67 14.22 2.2414
0 1.46 13.91 4.9847
0 1.42 15.15 3.3374
0 1.42 15.36 1.8275
11.175 0.49 14.72 0.5523
12.9 -0.49 12.42 1.8288
3.825 -2.36 3.83 1.4931
0 -2.74 7.04 1.8992
0 -2.5 9.05 3.0251
0 -3.07 9.82 2.1056
0 -2.14 10.87 2.7667
0 1.81 15.11 1.7058
0 0 15.88 1.9354
0 3.01 17.23 0.5787
0 -0.67 15.94 2.1465
0 -3.32 10.79 3.5954
0 -4.47 9.64 3.814
0 -3.3 11.21 3.9215
0 -0.54 14.3 2.7359
0 0.2 16.56 1.2599
0.125 0.32 16.57 3.4574
13.65 -0.02 10.06 4.1855
23.05 -0.71 11.35 5.9429
25.1 -3.3 0.76 4.52
44.025 -2.68 0.31 3.0729
23.475 -2.81 3.34 3.778
1.65 -7.18 2.39 0.8173
0 -7.18 3.84 1.1764
0 -7.12 3.63 0.39
0 -5.9 7.33 0.4095
10.425 -3.92 6.98 2.3007
15.725 -1.99 4.18 5.6869
9.2 -7.62 0.67 0.8349
0 -8.86 -0.8 0.448
0 -8.76 4.68 2.1615
9.75 -6.3 8.91 1.6951
13.2 -0.78 10.81 3.5793
11.35 0.72 7.48 1.4562
0.8 -2.07 7.99 1.4683
8.45 -0.85 12.18 0.5928
26.775 0.05 13.27 1.7145
21.975 1.15 5.86 4.3836
0.325 -2.03 5.83 0.5173
0 0.22 12.09 1.4904
0 1.52 16.02 0.9422
0.15 1.22 14.71 1.2023
0.075 0.94 11.98 0.6513
4.55 1.07 13.7 0.9433
2.75 2.42 10.77 1.0644
32.275 2.97 14.16 1.1931
28.575 3.72 15.93 2.5642
2.125 -1.97 7.76 1.0275
28.225 -2.62 10.38 3.3645
57.475 -2.36 5.52 4.8522
63.075 -2.08 2.36 5.876
30.125 -2.5 1.65 2.5397
12.075 -2.59 3.97 1.1021
21.4 -1.04 7.21 4.7958
44.725 -1.85 3.42 5.4404
29.4 -4.8 1.28 3.9704
7.925 -3.62 4.38 3.0001
11.5 -0.36 2.08 1.4927
0.45 -0.18 6.96 0.6229
0 -0.36 12 1.293
0 1.51 14.93 2.0932
0 4.08 16.98 2.3136
0 4.83 22.33 1.703
0 4.93 23.88 0.9947
0 2.1 17.93 1.341
0.025 1.64 16.56 1.9004
0 2.05 19.51 1.348
1.875 2.79 19.17 1.5617
9.725 -1.05 17.6 3.4721
6.975 -6.47 2.45 1.4283
1.15 -5.89 1.93 1.3932
0.025 -5.04 7.6 0.5281
0 -2.51 12.85 1.5904
0 0.07 13.97 1.4446
0.925 0.41 14.83 2.7741
0.7 -2.63 5.9 0.6042
0 -2.18 13.95 0.7604
0 2.64 18.02 1.4673
0 4.23 20.84 2.2882
0.025 5.71 20.6 2.7896
0.05 5.98 17.86 1.6684
0.5 3.39 17.67 2.0689
9.15 4.78 12.3 2.2383
2.2 1.34 13.69 0.8867
1.6 1.49 13.42 1.2529
1.325 3.5 10.97 2.3284
1.05 2.24 10.55 2.34
0.15 -0.49 13.2 2.6792
0 1.77 15.78 0.8492
0 3.17 18.34 2.3968
0 0.12 17.09 4.5643
0 0.02 15.67 3.5631
0 1.52 16.77 1.9027
0 3.85 19.75 0.4684
0 5.17 21.49 0.8302
0 7.34 23.21 2.997
0 10.27 26.02 0.7428
0 9.38 26.72 1.521
0 8.02 25.4 2.0586
0.1 6.09 21.27 2.9948
1.625 1.81 11.99 3.223
1.925 0.17 8.22 2.6638
0 3.54 16.65 1.7556
0 5.9 20.44 1.1617
0 6.49 22.85 0.5902
16.275 7.1 24.45 2.918
19.425 -1.23 14.74 2.7941
10.925 -1.45 5.7 1.1544
32.575 -0.36 8.98 3.5188
20.375 -0.1 5.01 2.3111
1.25 0.11 9.71 3.263
0.05 0.61 15.89 1.7537
0 4.43 20.45 2.0389
0 5.17 20.22 2.9948
0 3.92 19.24 4.4505
0 3.01 16.1 2.4619
0.1 4.69 19.21 2.7679
0.25 3.28 16.84 2.5273
0 3.67 16.99 3.3185
5.025 2.95 16.76 4.2399
5.225 0.39 13.04 4.7989
0.975 0.66 11.44 2.858
1.45 4.13 15.73 2.6348
1.075 5.08 16.09 2.936
0.675 0.48 10.98 1.6997
0.05 1.92 14.18 0.5934
3.6 3.06 15.07 2.9793
9.175 7.16 9.77 1.2223
4.75 3.21 15.95 3.4543
0.175 3.43 11.18 1.9658
0 5.03 17.74 3.0385
0 7.53 21.58 1.6238
0 8.46 24.3 2.3945
0 8.49 24.33 3.0648
0 7.31 21.7 2.6702
0 8.1 22.73 2.7196
0 9.74 25.2 1.7833
0 11.17 28.34 1.8579
0 11.81 27.24 2.5153
0 7.83 25.22 1.3349
0 10.28 25.12 2.8784
0 9.17 26.02 2.0702
0 10.72 26.42 0.3581
0 12.35 28.65 0.5414
0 13.98 31.91 2.4808
0 13.94 31.39 2.7348
0 12.36 29.81 2.5967
0 9.73 27.47 2.6797
0 9.78 26.31 2.318
0 11.51 27.06 2.2849
17.55 11.66 27.73 2.4833
10.825 8.1 23.65 2.4114
1 6.67 15.68 2.2557
0 9.95 22.49 0.9965
0 10.99 27.97 0.7871
0 13.89 30.65 0.5866
0 14.21 30.97 1.5356
0 14.47 30.84 1.8434
0 15.7 30.24 2.5337
0 16.27 30.84 2.842
0 15.1 29.25 2.1996
0 14.45 30.01 2.5038
0 12.5 29.61 2.1641
0 11.39 28.65 2.3353
0 10.85 25.98 2.4449
0 10.44 25.84 3.1379
0 10.16 23.26 2.6896
0 10.71 22.76 3.2557
0 9.05 22.51 3.1507
0 9.6 23.31 1.9892
0 9.79 24.98 1.2939
0 10.7 27.14 1.9028
0 10.8 27.24 1.3072
0 11.6 27.74 2.2837
0 12.44 28.75 2.7942
0 12.93 28.68 1.8762
0 13.93 29.27 1.9267
0 12.23 30.45 2.1434
0 12.1 29.43 1.8283
0 12.15 28.72 1.6998
0 13.57 28.1 1.5362
0 14.23 31.55 2.3492
0 15.52 31.74 3.0389
0.025 16.75 31.53 2.1159
0.225 15.29 28.75 1.488
0 14.48 30.47 1.8783
0 14.39 31.58 2.0706
0 12.65 31.12 3.0509
0 11.28 27.26 2.3224
0 12.35 27.79 3.0555
0 12.15 27.6 2.4151
0 12.93 28.92 1.7727
0 12.31 29.7 1.875
0 12.01 29.51 2.1922
0 12.78 29.06 2.658
0 12.33 29.54 1.6547
0 13.03 30.35 1.285
0 14 31.3 2.0256
0 11.67 29.34 1.4961
0 11.27 28.56 1.1321
0 11.51 29.21 1.629
0 12.39 29.75 1.5301
0 12.85 30.59 2.5855
0 12.03 28.52 1.9944
0 11.32 28.21 1.4277
0 10.45 27.66 1.0799
0 12.05 28.87 0.9292
0 12.28 30.63 2.0238
0 14.35 31.15 1.2262
0 14.22 30.63 0.7868
0 14 32.49 1.0332
0 14.96 32.52 1.3958
0 14.41 33.22 1.6327
0 12.4 31.92 1.8387
0 10.61 30 1.7477
0 11.75 28.5 0.7529
0 12.39 28.8 0.7737
0 12.92 30.75 0.8537
0 13.91 30.32 0.93
0 13.86 31.08 1.8288
0 13.42 30.22 0.6457
0 14.03 30.6 0.9157
0 14.4 31.71 0.8803
0.175 14.41 30 1.5804
1.175 12.44 30.09 1.0086
2.375 12.68 29 1.631
2.925 9.6 21.54 1.4765
2.825 10.99 25.04 0.6027
2.475 10.47 26.47 1.2479
0 11.02 25.23 2.4425
0 11.32 25.73 1.7892
0 9.14 23.26 1.6373
0 8.34 22.97 0.3482
0 10.3 27.17 0.2282
0 12.41 29.73 0.9192
0 13.24 29.77 0.4754
0.925 13.73 30.33 0.281
0 14.13 31.21 0.5449
0 14.44 31.59 1.6187
1.625 11.56 27.6 2.2776
0 9.2 20.25 1.8604
0 10.65 24.41 0.4513
0 13.27 28.18 0.6037
0 13.08 27.42 1.0925
0 12.36 28.67 1.4092
0 10.39 27.55 2.3138
0 10.88 23.97 1.8797
0 9.59 22.67 2.01
30.05 6.13 18.98 2.291
28.2 4.65 14.56 3.7687
8.075 0.64 8.77 0.8364
1.55 0.03 8.34 0.8843
0 0.1 12.89 1.3096
0 3.06 16.94 1.1585
3.9 5.78 19.09 1.5446
3.45 7.78 14.34 1.6511
0 7.78 20.54 0.9085
0 7.84 23.52 0.5796
0 10.77 25.5 0.3913
0 9.12 25.04 1.0114
0 9.36 24.84 1.4411
0 9.74 23.1 1.6962
0 9.93 23.99 1.6341
0 8.75 24.89 0.8004
0 7.66 21.82 0.5807
0 7.51 22.45 0.5369
0 7.2 21.28 2.2563
0 7.85 23.47 1.8025
0 8.05 24.61 2.0814
0 6.87 21.35 1.33
0 4.26 17.21 3.2799
0 2.34 16.19 3.3839
0 3.22 16.4 2.0382
0 5 18.54 0.9427
0 5.94 19.88 2.1106
0 6.11 21.12 0.1375
0 5 20.44 3.3011
0 5 18.35 4.1827
6.35 2.05 18.77 3.7414
7.25 -1.76 16.16 1.7992
7.15 -3.95 3.46 0.4602
5.325 -3 4.54 1.4939
0.05 -3.58 3.85 0.9078
0 -3.71 5.87 2.2459
0 -1.49 8.88 3.2017
0 0.13 12.48 3.0149
2.525 1.51 13.56 3.5062
2.525 3.35 10.8 0.9581
0 2.75 10.61 0.2088
0 3.95 12.58 0.6587
0 1.1 12.7 0.5524
0 1.53 13.16 0.9173
0 1.23 13.99 0.9626
0.1 1.98 13.2 3.2166
2.175 -0.63 7.09 2.1896
4.075 -0.57 5.42 4.0491
2.175 -2.88 5.17 1.7075
0 -1.88 8.07 2.3872
0 -0.23 8.95 3.5923
0.075 -0.69 13.93 2.2334
0.025 -0.16 9.92 0.7784
0 1.11 11.58 2.9113
0 3.66 16.23 2.3539
0 3.73 15.48 1.0844
0 5.03 14.75 1.7401
0 0.08 16.34 3.5079
0 -0.54 12.54 8.5055
0 0.65 9.29 3.6343
0 -1.24 12.59 4.3182
0 -2.94 9.28 2.8111
0 -2.97 7.76 3.4986
0 -3.56 7.89 3.086
0 -2.67 7.76 3.5869
0 -1.91 10.28 3.6353
0 -1.2 10.23 4.3318
0 -0.88 11.77 3.2278
0 -1.93 10.65 0.9971
0 -3.61 8.93 1.6592
0 -4.34 6.16 1.4794
0 -4.06 6.99 1.0981
0.175 -3.09 7.14 0.8573
0.075 -2.3 6.58 5.5162
0 0.09 10.83 4.6484
0 -2.52 11.46 2.7625
0 -2.73 9.61 4.6658
0 -3.57 7.93 4.4987
0 -2.86 9.29 3.5454
0 -2.72 8.98 4.5352
0 -3.05 9.28 4.017
0 -2.56 11.08 4.9972
0 -1.58 11.67 3.4395
0 0 12.27 1.3275
0 -0.18 12.76 1.1226
0 1.09 12.11 1.2057
0 2.95 16.06 0.9319
0 2.06 13.46 1.156
0 -0.61 12.19 2.3907
