0.725 -20.91 -3.27 1.6425
4.975 -11.39 -4.16 1.5934
2.875 -17.19 -1.43 1.6596
0 -20.42 -9.79 4.4039
1.7 -20.93 -9.35 1.4941
1.025 -13.53 -5.56 0.7793
0 -13.33 -1.85 1.2688
0 -11.89 -2.48 0.6912
0 -15.43 1.48 4.7871
0 -16.23 -1.67 3.2223
0 -14.51 -1.14 2.0687
0 -15.01 2.74 5.451
0 -13.01 2.15 3.6969
0 -13.7 1.37 2.8983
0 -12.1 2.56 3.8291
0 -13.89 2.77 4.9275
0 -14.05 1.73 4.2083
0 -14.41 -0.09 4.7524
0 -15.28 2.29 4.8237
0.075 -13.65 -0.68 3.3136
12.9 -11.38 2.35 2.7643
26.475 -9.02 -0.76 2.1323
28.45 -12.65 -1.99 1.5608
35.8 -7.82 -3.19 2.7848
11.15 -11.42 -3.95 3.7769
1.25 -17.75 -8.29 0.7925
0 -19.86 -8.77 1.2354
0 -15.67 -5.44 1.5703
0 -15.31 -2.13 4.2888
0 -13.73 0.54 4.5398
0 -12.62 1.52 3.0498
0 -12.11 1.95 3.2118
0 -14.08 1.17 3.6509
0 -12.73 3.23 3.7883
0 -11.78 4.65 3.0367
5.525 -8.1 3.76 2.6216
20.225 -11.59 -2.71 2.604
11.425 -12.6 -7.03 2.852
15.15 -13.84 -6.35 1.4059
9.425 -16.79 -4.97 3.9827
5.075 -21.54 -11 0.6156
8.975 -15.71 -8.97 2.295
3.525 -15.83 -7.54 1.4677
7.1 -15.91 -7.76 2.9385
4.25 -15.67 -9.69 2.9261
2.2 -15.07 -7.08 5.2085
26.575 -13.36 -7.48 5.5437
17.8 -15.49 -9.69 4.0939
1.125 -18.22 -8.1 0.9246
0 -16.64 -7.15 3.3692
0 -17.15 -3.7 2.4596
3.5 -15.73 -1.58 3.8157
17.575 -10.56 -2.29 3.1745
11.75 -9.32 -4.73 2.3495
3.175 -10.36 -0.2 1.5034
1.75 -9.67 1.78 1.4895
0.4 -10.15 -3.44 2.4978
0 -12.82 -0.58 0.4427
0 -12.3 2.03 3.8127
14 -7.01 2.63 2.88
18.2 -8.35 2.07 4.0076
16.25 -9.75 -2.53 4.9794
15.525 -12.79 -7.1 3.3266
2.075 -19.21 -8.56 0.7116
0.75 -16.35 -5.98 1.9484
0 -17.47 -5.72 0.2352
0 -15.74 -2.33 1.7467
0 -13.17 0.34 2.8621
0 -17.94 -5.26 0.5605
0 -15.48 -0.37 0.6936
0 -13.82 -0.38 2.3515
0 -13.41 1.65 2.7789
0 -13.57 3.66 1.3706
0 -12.21 2.68 2.2911
0 -8.05 3.47 2.5601
0 -9.31 5.78 1.1182
0 -10.18 6.09 0.9826
0 -8.79 8.48 0.8014
0 -9.06 8.64 0.8343
27.675 -7.45 8.18 2.1589
29.1 -13.75 0.1 4.355
1.125 -19.34 -10.26 2.3445
0 -17.45 -7.34 1.8682
0 -14.39 0.33 0.4464
0 -8.96 4.06 2.3596
0 -12.07 4.04 2.1486
0 -11.21 4.56 1.3643
0 -7 8.25 3.3048
0 -15.43 4.49 1.9766
0 -12.36 3.26 0.4088
0 -9.19 5.94 2.5728
0 -8.88 6.54 2.6582
0 -11.75 3.99 5.5395
0 -16.86 -2.35 1.7892
0 -14.81 0.7 3.0023
0 -12.3 5.18 2.8701
7.675 -9.51 8.37 1.584
10.775 -11.31 5.61 3.713
6.1 -11.2 -3.2 1.7638
4.625 -10.35 -1.21 2.2134
2.175 -12.11 -2.61 3.8624
0 -10.82 2.04 1.6666
0 -10.08 7.25 1.8578
0.675 -8.44 5.47 4.4264
0.475 -17.97 -0.84 6.5313
0 -14.89 -3.02 3.6322
0 -13.22 1.16 1.5139
0 -10.36 7.38 3.2291
0 -8.54 10.6 2.9929
0 -6.24 13.65 1.6523
0 -4.97 15.43 1.0902
0 -3.51 16.09 2.2442
0.025 -1.23 14.95 3.0827
0.675 -5.59 8.73 3.6711
0.4 -13.71 -0.25 3.9169
0 -11.57 2.48 2.0538
0 -10.8 5.01 2.398
0 -9.06 6.79 3.374
0 -12.46 3.74 1.5402
1.95 -8.9 7.41 2.0372
39.475 -1.45 9.84 2.304
25.525 -6.03 3.99 2.927
3.525 -3.32 3.07 3.858
2.7 -7.6 4.41 2.0281
0.875 -3.43 7.82 3.8042
0 -5.72 8.85 2.5876
0 -6.72 11.97 2.8201
0 -5.54 12.76 1.6198
0 -6.03 13.7 1.0206
0 -3.68 13.58 0.7495
0 -4.21 14.47 3.0549
0 -3.65 12.61 3.3064
0 -6.08 12.09 2.214
0 -5.23 11.5 3.2839
0 -3.16 13.28 1.4192
0 -3.13 15.46 1.7889
0 -1.06 18.63 0.3086
0.1 1.03 20.21 2.5561
0.05 0.64 18.81 3.0687
0 -1.87 14.29 2.1063
0 -2.75 14.26 0.9462
0.625 -1.82 15.42 2.4985
0.45 -2.47 14.75 2.96
0 -3.06 13.24 2.8189
0.25 -2.71 13.07 1.7856
0.175 -3.57 13.66 1.1291
0 -1.99 14.31 0.6875
1.925 -1.22 15.77 1.6415
1.625 -1.76 15.71 2.3184
13 -0.82 13.27 3.3951
12.45 -0.69 12.84 2.1412
4.325 -1.8 12.99 1.9044
0.125 -3.01 12.08 2.2061
0.9 -1.34 10.82 1.0155
9.6 -5.58 7.24 2.2991
8.925 -5.43 9.69 3.8978
4 -8.11 2.59 2.7363
1.5 -5 4.43 2.8568
2.225 -3.53 8.17 2.566
1.4 -3.29 10 3.4349
0 -2.37 9.47 3.1447
0 -5.14 7.69 3.3561
1.275 -4.35 9.3 2.0878
1.75 -3.01 8.44 3.7429
0.575 -5.33 8.13 2.638
3.05 -4.14 9.39 2.3988
2.35 -2.45 9.62 2.2603
0.475 -0.6 9.43 2.86
0.25 -0.55 12.25 1.5298
0 2.66 17.15 2.7758
0 -0.32 16.9 3.5217
0 -2.56 12.13 3.2074
0 -4.81 12.31 1.0373
0 -2.74 13.72 0.8607
0 -1.22 17.32 1.316
0.175 0.08 19.24 2.6622
0.125 -1.17 16.87 1.7634
0 0.51 17.75 0.8605
0 1.42 20.81 0.3892
0.4 2.97 22.03 3.0394
0.45 3.04 20.97 3.0916
0.175 1.73 19.29 2.2258
0 3.1 19.62 1.4999
0 1.83 18.62 2.9165
0 0.96 18.91 2.5048
0 -0.93 19.1 2.8341
0 -0.13 19.35 2.7295
0 -1.21 17.62 3.0374
0 -0.51 16.98 2.7013
0 -1.86 16.9 2.5961
0 -2.18 17.29 1.9423
0 2.43 17.98 2.0093
0 1.74 18.84 2.4578
0 1.45 18.35 1.3122
0 0.91 19.27 0.5587
0 2.41 20.44 1.7413
0 3.52 22.29 2.1919
0 4.16 19.93 2.0247
0 4.35 23.04 2.1743
0 6.8 23.34 2.0531
0 6.13 23.41 2.528
0 3.81 23.03 2.5296
0.175 2.95 22.49 2.1164
0.3 3.78 22.53 2.0449
0.125 3.35 21.22 2.1509
0 3.48 21.61 2.1619
1.875 3.47 21.61 1.9559
1.325 3.81 22.02 1.9079
0 5.68 22.24 2.0623
0 4.29 21.25 2.8003
0 2.56 20.23 2.4429
0.75 4.33 20.58 2.2946
0.475 3.01 21.09 2.399
0 2.84 20.24 3
0 0.52 19.66 2.7507
0 2.33 18.62 2.3219
0 5.29 18.21 2.6696
0 1.29 16.01 3.4082
0 -3.98 8.37 2.0744
0 -3.74 10.37 1.2511
0 -1.67 14.46 0.1888
0 0.21 17.49 1.1696
0 2.75 19.54 2.8754
0 3.08 19.97 2.6533
0 2.32 19.94 2.9383
0 0.74 18.3 3.3238
0 -1.77 16.47 1.2973
0 -2.3 15.75 0.261
0 -0.7 18.09 0.5715
0 -0.11 19.64 0.8998
0 1.08 22.11 1.2113
0 2.81 22.67 1.7776
0.675 3.77 22.44 2.2471
6.6 4.1 22.74 2.403
8.075 3.21 17.83 3.3562
2.65 -0.3 12.11 1.6821
0 -0.12 16.59 1.777
0 -0.47 18.29 0.7273
0 -0.3 19.02 1.2992
0 0.49 19.84 0.9444
0 1.95 20.18 1.376
0 1.52 21.33 3.2041
0 2.05 18.21 2.3067
0 1.6 17.51 1.1967
0 1.02 18.8 0.1974
0 2.47 18.74 1.33
0 2.19 18.91 2.0003
0 -1.26 18 2.1554
0 -0.29 17.04 2.0279
0 -1.65 15.53 1.3967
0 -1.11 16.13 0.6206
0 -0.73 15.99 1.0139
0 0.75 17.97 0.4148
0 0.25 19.12 0.9699
0 2.52 20.7 1.5286
0.125 0.56 18.06 2.4298
0.075 -1.75 14.75 2.7218
0 -3.62 12.91 1.4811
0 -2.12 14.75 1.033
0 -0.48 17.09 0.4451
0 -2.53 18.73 1.2251
0 1.68 19.85 2.4893
0 0.63 17.93 1.0899
0 1.71 14.95 2.7968
0 -2.79 18.23 2.7124
0 0.46 18.88 1.8106
0 -1.02 19.05 0.9217
0 -1.67 19.11 0.7584
0 1.3 19.98 1.1975
0 -1.51 20.23 0.3022
0 -0.4 20.11 2.2819
0 1.93 17.43 2.7402
0 -9.95 7.89 2.3685
0 -11.37 5.41 2.7155
0 -8.86 9.55 0.9718
2.475 -3.25 11.41 3.3811
1.675 -11.56 8.05 3.742
0.025 -13.66 -3.77 0.3826
0 -11.36 2.32 3.294
0 -11.59 4.22 1.8611
0 -9.14 6.66 1.4428
0 -8.48 8.97 0.8977
0 -7.78 11.54 0.5107
0 -7.86 9.63 2.116
0.2 -7.24 10.49 1.9906
67.025 -4.83 4.36 6.1406
43.525 -5.71 0.67 4.6129
0.05 -4.47 6.14 0.7695
0 -4.72 10.54 2.3517
0 -4.72 12.04 1.3644
0.025 -3.33 13.72 2.2095
1.65 -0.58 11.47 2.6718
1.025 -9.4 4.16 2.8448
0 -9.82 5.03 1.1483
0 -8.67 8.82 0.6928
0 -8.16 8.89 0.7788
0 -6.62 10.93 1.1116
0 -6.77 10.15 1.9621
0 -7.92 7.37 1.3361
2.625 -8.21 9.97 3.9144
1.875 -14.36 -4.67 5.1872
0 -15.71 -4.07 0.8929
0 -11.67 1.32 0.0444
0 -9.75 6.81 0.9559
0 -9.24 9.19 0.8779
0 -8.21 11.04 1.103
0 -7.77 11.89 1.1178
0 -8.39 11.8 1.7357
0 -4.51 10.83 2.2995
0 -9.41 8.17 0.6432
0 -11.41 6.42 1.3295
0 -13.65 4.82 1.8522
0 -12.79 2.48 1.443
0 -10.83 5.69 0.9456
0.525 -7.61 5.08 0.8834
9.525 -6.1 6.21 2.2529
6.3 -13.29 -2.08 1.0244
0 -14.51 -2.05 1.1815
0 -15.73 -1.76 2.8364
0 -13.67 1.67 2.3088
0 -12.42 4.4 1.8868
0 -11.67 6.7 1.0193
0 -14.44 1.35 2.389
0.775 -11.69 2.61 3.8985
0.45 -11.47 1.94 0.8457
0 -12.26 -0.95 0.4839
0 -14.16 2.98 2.6212
0 -14.21 0.5 3.9597
0 -13.06 2.05 4.2691
0 -13.71 2.62 2.8151
1.55 -10.72 2.85 1.5864
1 -11.66 1.72 4.6936
0 -15.8 -7.45 5.3717
0 -15.37 -2.66 3.869
0 -14.74 -1.14 1.4542
0 -14.91 -1.27 2.3069
0 -16.47 -0.83 2.1708
0 -15.95 -2.88 2.147
0.025 -11.56 -0.2 1.4889
9.475 -18.37 -2.5 2.1706
13.45 -14 -7.76 1.311
5.025 -25.67 -12.86 0.5624
0 -27.19 -12.48 1.8292
0.95 -24.2 -10.02 2.818
16.8 -14.27 -5.11 2.7507
42.55 -12.03 -6.65 3.7069
31.925 -12.44 -5.99 4.7898
1.175 -18.58 -7.02 0.7139
0 -16.7 -9.22 2.911
0 -16.05 -6.32 2.229
0 -14.97 -3.9 2.3354
0 -15.67 -5.6 2.8404
0 -17.16 -6.99 4.0927
0.65 -15.22 -7.85 2.9489
13.6 -12.04 -0.19 1.9048
9.35 -16.25 -2.42 3.7767
0.075 -21.93 -10.78 3.1527
0 -19.04 -7.96 3.7001
0 -17.86 -3.51 3.5456
2.975 -17.8 -10 3.933
2 -17.07 -5.66 1.8452
1.425 -17.7 -6.46 3.2821
6.275 -14.52 -8.73 0.6495
3.55 -13 -7.15 1.4483
0.05 -13.08 -5.83 2.3019
0 -13.54 -3.59 1.6514
0 -15.85 -2.16 1.23
0 -16.87 -5.16 4.0693
0 -15.9 -4.55 2.9963
0 -16.01 -3.23 2.306
0 -15.07 -3.85 2.8389
0 -12.49 -2.51 2.9526
0.05 -12.06 -1 3.1695
1.225 -11.44 -1.48 2.2893
0.675 -9.34 -3.6 2.4613
0.375 -11.98 -4.22 3.0492
22.4 -11.12 -3.61 4.2086
14.25 -9.9 -0.48 2.129
0.075 -14.92 -4.13 1.486
0 -16.33 -4.51 3.2926
0 -13.12 -2.84 1.6931
25.75 -13.29 -1.31 2.3937
64.45 -11.58 -3.98 4.5147
40.1 -13.18 -8.47 5.1953
42.475 -12.63 -9.14 6.0748
55 -16.37 -9.74 4.0239
28.075 -16.14 -12.36 4.4467
3.35 -18.35 -10.86 0.8156
0.775 -18.27 -11.13 1.9498
7.225 -17.75 -10.33 3.2802
4.275 -12.32 -7.26 2.7896
0 -14.03 -3.8 1.3485
0 -17.14 -3.74 2.7807
1.025 -16.63 -8.33 3.0828
0.625 -13.58 -4.91 1.4781
0 -19.67 -4.94 1.0774
0 -17.91 -8 1.6784
0 -14.58 -5.91 1.8849
0 -14.3 -4.8 0.5863
7.625 -14.52 -5.63 2.3286
15.25 -10.79 -3.51 3.4433
12.725 -11.32 -5.15 1.88
3.925 -12.57 -6.18 2.7029
0.375 -13.38 -6.05 1.4137
2.075 -14.14 -6.28 2.474
1.225 -15.12 -7.36 0.5805
0 -14.21 -5.97 0.8218
0 -12.45 -3.19 0.9119
0 -13.85 -0.62 1.584
0 -15.07 -0.84 1.5612
0 -12.88 0.82 0.9028
0 -12.25 1.89 1.7744
0 -11.48 1.64 2.4302
0 -11.36 2.02 1.5707
1.025 -12.7 0.78 1.5342
3.675 -11.52 -2.92 2.7378
16.15 -10.81 -2.4 3.3851
8 -17.21 -6.58 2.5301
15.65 -16.49 -6.93 3.4284
19.675 -12.39 -3.77 2.9917
2.325 -14.06 -4.89 0.5563
40.45 -13.15 -2.47 4.2599
28.375 -11.93 -1.15 2.188
1.7 -12.24 -6.5 0.913
0 -13.41 -1.79 2.4407
3.025 -10.68 -0.76 2.7386
16.325 -12.3 -1.93 3.1557
8.9 -15.12 -4.54 3.5023
0 -16.22 -6.63 1.2471
0.1 -13.07 -3.88 2.7505
0.175 -13.56 -4.49 0.8549
5.275 -13.41 -1.39 2.3894
3.9 -17.95 -4.73 4.1694
0.425 -15.45 -6.74 2.1149
0 -18.08 -7.66 0.4832
24.35 -13.82 -1.04 2.1048
14.975 -13.77 -0.85 2.7189
0 -17.72 -6.99 2.7182
0 -14.79 -0.43 3.7518
0 -12.57 3.75 1.7138
0 -10.43 5.85 0.7136
0 -9.46 6.14 3.0891
0 -13.69 2.92 2.103
0 -10.31 6.3 2.1817
0 -10.31 6.08 1.1416
0 -11.13 5.39 1.2128
0 -12.76 4.77 2.6265
0.2 -12.28 4.66 2.2604
0.85 -8.95 6.17 2.6671
0.425 -13.92 -0.31 2.9582
0 -13.42 -2.52 2.9177
0 -11.68 3.17 1.6316
0.3 -7.2 7.47 2.698
9.125 -8.99 7.49 6.1147
6.225 -12.71 -2.89 3.5863
1.925 -17.02 -6.45 1.0286
4.225 -15.43 -1.36 2.4141
1.325 -10.85 -1.13 2.3692
17.1 -14.19 -1.31 2.7725
11.15 -14.08 -4.31 3.8122
0.075 -18.43 -6.47 0.9583
0 -15.53 -0.53 2.2022
0 -12.26 4.29 0.5634
0 -10.58 7.28 1.4155
0 -10.63 3.83 1.9867
11.45 -7.34 4.19 3.7957
11.1 -14.06 -1.62 4.7103
2.15 -13.79 -5 1.1065
0 -12.3 0.19 0.6846
0 -11.44 2.55 0.8909
0 -8.15 7.13 2.8182
0 -10.72 7.24 1.3458
0 -9.89 9.92 1.0049
0.175 -8.98 10.64 2.0175
11.775 -6.57 9.61 3.0011
9.425 -12.69 -2.12 2.9551
2.8 -10.72 -5.53 1.4866
1.05 -10.1 -5.72 1.7556
0 -9.77 5.17 0.696
0 -8.37 8.89 1.5196
0 -8.53 8.2 0.7053
3.025 -3.02 11.45 4.3648
5.05 -9.64 3.02 5.5295
3.05 -15.19 -3.27 4.3648
0.7 -13.1 -3.13 3.6691
0 -11.87 1.17 2.0785
0 -10.42 6.84 2.5252
0 -9.14 8.15 1.218
0 -6.52 10.96 2.0366
0 -4.65 9.89 3.6671
0 -11.21 6.6 2.1917
0 -11.12 3.86 1.0905
0 -6.43 8.16 3.0051
1.6 -9.59 6.86 3.9624
7.15 -11.95 0.32 3.5814
3.9 -15.74 -1.07 5.0971
0.025 -10.53 0.17 2.608
0.05 -9.55 4.98 1.2487
0.025 -8.95 6.3 0.7551
0 -6.5 9.16 0.6306
0 -4.68 11.86 1.4758
2.85 -1.41 11.39 2.2155
1.7 -10.09 6.62 2.6421
0.05 -6.83 5.52 1.8508
0.025 -3.61 9.13 3.4555
0 -5.07 9.08 4.5584
2.7 -11.41 3.59 3.9131
2.425 -12.41 -1.42 4.0854
0.3 -9.7 -1.1 2.4135
0.775 -10.46 1.5 1.7065
3.7 -7.57 5.44 3.5372
8.45 -8.44 2.5 2.9379
3.95 -10.45 0.5 4.0203
0 -11.51 2 2.0643
0 -8.39 9.42 0.7467
0 -5.43 12.61 2.7463
0 -0.63 11.92 2.9575
0 -3.47 10.95 2.8241
0 0.66 14.2 3.0364
0 2.55 13.61 3.1252
0 1.58 12.88 2.1963
0 1.68 17.72 3.2751
0 4.63 18.21 3.2721
0 -0.11 16.73 2.3118
0 2.03 16.44 4.1751
0 -1.12 12.9 4.7302
0 -4.52 8.81 5.3106
0 -3.43 4.43 4.295
0 -4.03 10.6 1.2826
0 -3.06 13.13 1.5679
0 -0.41 16.86 3.3816
0 -3.36 14.79 3.3126
0 -6.23 9.38 0.7546
0 -4.05 13.87 2.3244
0 -4.3 11.91 3.2945
0 -5.1 11.44 2.5337
0 -4.08 13.29 1.3218
0 -3.8 11.91 0.982
0 -0.97 16.08 1.5292
0 -0.21 16.68 2.1332
0 1.9 14.31 2.5841
0 -0.46 14.5 2.2063
0 1.58 16.05 0.7022
0 3.47 20.17 1.4308
0 4.07 21.07 3.3567
0 1.52 20.03 3.0997
0 -2.29 15.82 2.7139
0 -1.12 17.3 2.7141
0 -0.55 16.26 1.8235
0 -1.85 15.37 0.9401
0 -2 15.93 1.8055
2.425 1.11 19.28 2.4131
1.725 1.26 18.43 1.9406
0 1.04 17.57 2.1569
0 3.6 19.76 2.0985
0 2.19 19.3 1.8202
0 2.54 19.8 2.5079
0 4.52 19.16 3.4349
0 5.27 20.63 3.7083
0 3.08 18.11 1.973
0 3.54 21.17 1.12
1.875 3.95 22.95 2.5454
1.325 2.71 17.72 2.8069
0 3.27 21.53 2.6368
0 4.46 22.77 2.2604
0 3.64 22.68 2.1703
0 3.26 21.5 2.7895
0 2.09 20.12 1.151
0 2.82 19.59 2.2794
0 3.33 21.25 1.899
2.625 4.99 21.98 2.2993
1.875 3.69 19.57 2.6314
0 1.38 18.85 1.8985
0 1.09 19.28 2.2745
0 1.99 19.2 1.8225
0 2.08 19.59 2.2228
0 2.03 19.62 2.5446
0 0.85 19.36 2.1572
0 0.85 19.71 2.4806
0 0.66 20.5 1.6253
0 0.85 19.92 2.019
0 1.34 19.74 2.0217
0 0.15 19.19 2.0934
0 1.09 18.62 2.4998
0.475 1.25 17.16 2.8517
0.275 0.31 14.33 2.0802
0 -0.72 16.48 2.01
0 0.06 17.18 2.4208
0 -1.35 13.06 1.0439
0 -0.54 17.15 1.1393
0 1.13 19.16 2.08
0 0.82 19.58 2.644
0 1.85 19.44 1.2148
0 1.57 20.67 1.979
0 3.89 21.38 2.0419
0 1.76 19.1 1.889
0 0.15 19.07 2.2056
0 2.09 20.46 2.1966
0 2.44 17.4 1.8605
0 -1.43 15.31 2.7294
0 0.8 19.23 2.3164
0 0.54 22.37 0.8118
0 5.67 23.1 2.5797
0 3.43 22.57 2.8723
0 0.22 18.13 3.1972
0 -2.01 8.81 2.2721
0 -5.11 7.41 2.3386
0 -4.98 10.37 0.9044
0 -3.36 14.95 0.5762
0 -1.09 18.38 0.5026
0 0.57 20.34 1.0961
0 1.92 20.82 1.5305
0 0.08 20.03 2.0081
0 -2.02 17.79 1.4355
0 -1.11 17.43 2.7957
0 1.37 16.48 3.236
0 -7.3 7.13 2.1737
0 -5.34 11.72 0.8051
0 -4.32 13.24 0.8731
0 -2.33 15.66 1.0544
0 -2.25 16.05 1.8495
0 -3.41 14.32 1.477
0 -3.48 14.64 0.6055
0 -3.42 15.12 1.0538
0 -3.57 16.29 1.6853
0 -3.28 15.72 1.5174
0 -2.42 16.31 1.6519
0 -4.54 12.66 0.9538
0 -5.5 13.62 1.1499
0 -2.75 13.94 2.7117
0 -5 9.59 0.8243
0 -4.43 14.12 0.4912
0 -2.9 16.92 1.0935
0 -1.58 19.73 0.5871
0 -0.56 20.22 1.2004
0 0.95 21.29 0.4943
0 1.24 21.55 0.4785
0 -0.21 21.3 0.3297
0.275 1.4 17.86 0.66
8.25 0.27 15.62 1.4304
36.4 0.49 14.54 1.705
50.9 -2.33 6.07 1.6384
12.3 -5.17 0.29 1.2314
11.15 -8.05 1.55 0.8067
3.025 -7.81 -0.25 2.1624
0.125 -8.86 2.49 0.8681
0 -6.95 7.09 1.7934
0 -6.28 9.94 1.7428
0 -4.43 13.04 1.4556
0 -3.48 12.49 2.5308
0 -2.65 13.3 1.877
0 -3.33 13.49 0.951
0 -4.47 13.47 0.8478
0.025 -3.6 13.22 1.4427
2.725 -2.72 9.81 0.8696
2.725 -4.13 5.8 1.2699
0 -4.54 5.32 2.0272
0.75 -5.61 8.69 1.1821
0.425 -4.84 7.63 2.1376
3.3 -7.19 6.72 1.9831
6.9 -3.99 5.18 1.8803
41.25 -2.45 2.93 4.5849
18.475 -7.21 3.57 4.0111
0 -10.45 1.44 1.6068
0 -13.97 0.64 3.0944
0 -11.95 1.12 3.2848
3.925 -8.25 5.82 2.1268
2.775 -8.06 6.99 2.0933
0.15 -9.91 0.46 0.9567
0 -9.61 4.54 1.9187
0 -8.61 7.9 3.4831
0 -7.67 10.7 3.276
0 -5.25 12.1 2.3053
0 -3.77 11 1.1967
0.2 -3.96 10.1 2.4767
22.8 -7.44 7.54 2.9496
13.2 -11.78 1.4 2.9642
1.325 -14.96 -3.43 0.5447
1.175 -14.48 -2.31 1.63
0 -13.75 -3.81 2.7436
0 -13.55 -1.42 1.4841
0 -12.82 2.91 3.2567
0 -11.69 0.6 1.5373
0 -9.03 4.93 2.3888
0 -10.5 6.18 0.7125
0 -13.74 4.9 2.1713
0 -5.32 6.17 2.5709
20.6 -5.3 6.83 3.2495
42.075 -12.28 1.89 3.5117
26.05 -15.39 -5.87 5.5194
5.325 -14.96 -10.65 3.2179
10.075 -14.21 -6.31 4.5899
8.675 -20.7 -9.31 0.9488
0.975 -24.54 -10.28 3.273
0 -19.77 -9.35 3.2469
14.5 -16.18 -5.49 3.0062
9.4 -19.86 -4.82 3.1647
0 -23.37 -11.5 2.0102
1.4 -20.77 -12.55 2.9353
0 -18.58 -4.6 2.1707
0.05 -14.43 -0.19 2.4599
0.025 -5.81 0.63 1.7143
0.025 -7.36 3.23 1.6612
16.675 -11.1 -1.08 1.9409
9.925 -9.87 0.81 3.1621
0 -12.13 -2.62 2.4113
1.425 -11.04 0.21 1.7058
3.05 -7.12 1.52 1.1275
0.525 -6.93 0.68 1.3887
0 -8.08 1.74 0.5594
0 -11.04 2.47 2.2589
0 -11.56 1.11 1.5986
13.575 -11.23 1.9 1.9949
10.25 -11.33 -0.71 1.9257
5.425 -13.12 -4.96 2.4913
58.8 -12.22 -5.83 3.4112
100.93 -11.27 -7.36 5.4392
93.775 -10.17 -4.02 6.5164
50.45 -12.75 -5.19 2.0583
22.375 -13.72 -11.52 1.9193
5.5 -15.81 -8.27 2.1524
1.675 -13.11 -6.7 0.3629
0.375 -14.6 -5.77 2.7521
23.425 -17.87 -4.66 5.0653
11.725 -13.2 -4.62 1.929
0 -16.08 -10.16 1.1379
25.45 -14.73 -8.21 2.2396
22.525 -13.37 -7.12 4.7048
1.425 -22.45 -7.33 3.0258
2.75 -23.17 -12.47 1.1156
15.225 -21.43 -13.25 3.44
19.65 -15.38 -12.03 4.5758
33.2 -15.26 -11.67 2.6174
0 -17.06 -9.64 3.0395
0 -18.4 -11.41 3.8087
0 -18.32 -11.24 5.5311
0 -17.51 -10.8 4.0063
0 -18.34 -11.13 1.7695
0 -18.74 -8.27 1.0185
0 -18.02 -5.52 3.3523
3.775 -18.3 -9.54 3.1311
6.75 -15.24 -7.58 1.4592
0.15 -16.11 -5.04 1.5785
0.075 -15.52 -2.81 1.5384
0 -15.28 -2.63 2.3598
0 -13.09 -2.66 1.1788
0 -11.68 -0.35 0.6759
0 -14.11 -1.62 2.1578
0 -12.05 0.17 1.3467
0 -15.97 0.81 4.3225
0 -15.65 -2.39 3.5606
0 -14.97 -1.42 2.6818
0 -15.38 0.36 3.5928
0 -13.94 -2.31 2.1541
0 -13.45 -0.63 2.1225
0 -13.69 -0.47 4.9386
0 -13.93 -0.5 3.077
0 -13.69 -0.84 1.7443
3.55 -13.07 0.44 0.6896
14.925 -12.16 1.64 1.7858
4.8 -14.94 -7.59 1.7844
0 -16.37 -4.7 2.1717
0 -19.74 -5.04 3.1333
0 -17.5 -5.23 2.1741
0 -15.99 -2.62 3.0474
0 -12.77 1.5 1.7795
0 -10.25 2.22 1.9837
0 -12.36 2.27 0.6759
0.075 -14.52 4.15 2.28
0.05 -16.97 -1.82 3.6677
0 -17.84 -4.81 3.8686
0 -16.5 -3.08 3.8979
0 -14.64 0.15 2.5561
0 -12.82 2.78 1.4668
0.025 -11.01 3.04 3.0585
7.15 -8.78 0.73 3.6489
41.3 -11.94 0.89 6.1941
26.325 -15.18 -9.38 4.047
42.65 -13.6 -10.83 3.3585
36.35 -14.21 -6.99 4.3831
3.375 -19.96 -8.9 0.9215
0.025 -19.96 -8.97 1.1742
0 -18.63 -9.18 0.365
0 -18.52 -5.43 0.1906
3.95 -15.21 -5.97 2.3869
16.925 -14.73 -6.13 6.0445
21.1 -19.07 -10.26 0.564
0.025 -21.68 -12.48 0.5368
0 -19.57 -8.15 2.0483
1.35 -18.77 -3.94 1.7201
6.725 -15.75 -2.62 3.238
8.4 -11.16 -1.81 1.9542
1.375 -15.7 -2.62 1.4071
0.875 -12.6 -0.52 0.5875
12.975 -10.38 1.9 1.7955
20.45 -10.42 -2.42 4.7111
0.025 -13.62 -4.27 0.716
0 -12.5 1.79 1.5374
0 -10.86 4.87 1.3498
0.4 -10.54 4.1 1.1399
0.25 -11.27 3.21 0.8447
0.975 -12.08 3.63 0.8414
0.75 -9.07 0.81 1.0832
8.1 -8.65 4.14 1.293
28.3 -8.04 4.99 3.0803
4.775 -14.39 -1.04 0.9804
21.575 -12.82 -1.66 3.1999
40.625 -14.25 -6.1 4.9951
70.675 -12.64 -7.47 6.5254
16.3 -14.21 -8.67 2.8896
5.825 -16.21 -6.35 0.7734
15.825 -14.91 -6.72 4.231
43.45 -15.26 -7.57 5.2547
29.575 -17.12 -7.43 4.204
14.275 -13.6 -5.03 2.8611
5.825 -12.51 -6.55 1.7079
0 -11.51 -0.38 0.5377
0 -12.41 1.73 1.1031
0 -11.38 2.93 2.3737
0 -10.32 5.35 2.1787
0 -8.03 9.97 1.5709
0 -5.3 12.74 1.6564
0 -10.69 8.06 1.1312
0.125 -10.93 4.6 2.0878
0 -8.51 8.81 1.6431
2.2 -9.47 8.4 1.4715
6.45 -12.57 6.07 3.6955
7.525 -18.43 -7.91 1.3962
3.4 -16.75 -10.08 1.6523
0.2 -16 -4.55 0.6435
0 -12.51 1.32 1.4467
0 -12.15 3.69 1.4553
0.1 -10.16 3.87 3.0943
0.35 -14.22 -4.48 0.6499
0 -11.23 2.71 0.7449
0 -8.93 8.26 1.367
0.05 -7.97 9.95 2.463
0.025 -7.13 9.47 3.3776
0 -7.58 4.88 1.9827
0.4 -7.5 7.15 2.5589
11.2 -6.43 0.67 2.7355
2.725 -10.64 2.86 0.8555
1.575 -9.86 2.57 1.7799
0.15 -7.93 2.02 2.9034
1.1 -8.64 0.15 2.754
0.025 -11.4 2.06 2.9844
0 -9.9 4.75 0.8707
0 -8.29 8.11 2.7485
0 -11.67 5.75 4.7775
0 -12.78 1.66 3.8986
0 -11.41 2.76 2.118
0 -9.18 6.08 0.6407
0 -6.39 9.52 0.8863
0 -6.24 11.25 3.1578
0 -4.14 12.75 0.9489
0 -3.23 13.96 1.8712
0 -3.17 13.05 2.2875
0.625 -4.98 10.29 3.4539
3.125 -10.57 1.95 3.7229
5.85 -11.82 -3.37 3.0826
0 -9.59 4.46 1.6998
0 -6.19 9.31 1.279
0 -4.75 11.61 0.6593
3.475 -4.67 12.72 3.1322
11.225 -12.71 5.68 3.2322
4.275 -13.2 -4.91 1.1633
12.05 -10.5 -1.35 3.4556
25.825 -11.46 -3.11 2.6987
3.2 -10.27 -1.39 3.8597
0.15 -9.98 3.55 1.9623
0 -5.61 9.4 1.9325
0 -5.6 9.02 2.8026
0 -7.25 7.88 4.4047
0 -9.2 5.84 2.4964
0 -6.55 8.51 2.948
0 -6.36 7.29 2.9885
1.4 -6.67 7.24 3.5919
2.675 -6.19 7.24 4.5613
8.45 -11.91 2.28 5.1364
1.925 -10.93 -0.48 3.0143
0.5 -8.45 3.99 3.0088
0.15 -7.33 5.23 3.3104
1.475 -10.24 1.05 1.8805
0 -10.21 2.52 0.6322
15 -4.91 4.78 2.7344
26.7 -5.42 -1.17 1.6068
11.75 -6.97 5.81 3.7483
0.4 -7.81 3.76 1.7938
0.425 -6.55 6.71 3.1046
0 -5.03 9.94 1.639
0 -3.5 12.73 2.0897
0 -3.56 13.14 3.0022
0 -3.33 11.14 2.57
0 -2.54 12.28 2.79
0 -1.22 14.5 1.4447
0 0.1 17.6 1.9739
0 0.1 17.12 2.6784
0 -3.24 13.16 1.0868
0 -3.27 11.87 3.0599
0 -1.53 14.46 2.1084
0 -1.77 13.3 0.1966
0 0.14 17.49 0.2895
0 1.77 19.85 2.4662
0 1.81 19.8 3.2056
0 -0.73 17.15 2.8576
0 -2.65 17.63 2.8275
0 -1.75 16.07 2.23
0 -0.9 18.26 2.157
14.425 1.33 18.06 2.9097
32.8 -2.07 13.85 2.6485
12.1 -4.65 5.12 2.1754
0 -1.91 14.1 0.6644
0 0.13 18.44 0.9817
0 2.51 20.46 0.9467
0 2.74 20.61 1.8246
0 3.11 20 1.9474
0 4.26 18.24 2.4569
0 3.8 19.14 2.903
0 2.44 17.56 2.3991
0 2.12 18.77 2.6343
0 0.21 18.51 2.2866
0 0.62 17.67 2.4437
0 -0.26 17.02 2.4499
0 -0.21 15.81 3.1829
0 -1.42 14.19 2.5971
0 -0.04 12.94 3.1039
0 -1.81 12.78 3.0709
0 -1.25 13.33 2.0012
0 -1.29 15.07 1.6127
0 -0.39 16.57 2.0825
0 -0.69 17.13 1.2302
0 0 18.12 2.3685
0 1.46 18.73 2.9297
0 1.67 18.32 1.8461
0 2.82 19.22 2.0372
0 1.22 19.78 2.2538
0 0.01 18.95 1.8893
0 0.52 18.66 1.7797
0 1.73 18.27 1.3863
0 4.04 20.11 2.1136
6.95 2.89 20.64 2.8997
6.475 3.96 18.95 2.1062
4.475 2.31 14.84 1.6256
0 2.12 18.06 2.015
0 1.89 19.08 2.1593
0 0.17 19.41 3.0796
0 0.25 17.31 2.2068
0 0.09 17.44 3.0523
0 -0.58 18.48 2.4231
0 1.01 17.95 1.8157
0 0.65 18.96 1.8492
0 0.89 18.66 2.1848
0 0.31 19.22 2.6506
0 0.57 19.77 1.4917
0 2.45 19.47 1.3568
0 1.44 19.25 2.1812
0 2.45 18.35 1.6118
0 1.38 17.25 0.9802
0 1.06 18.31 1.402
0 0.21 19.89 1.2112
0 1.62 20.85 2.5072
0 2.04 18.4 2.0495
0 0.79 17.43 1.4513
0 0.2 17.27 1.0782
0 -3 16.77 1.0615
0 1.81 20.48 2.0928
0 2.16 20.57 1.3898
0 1.39 19.89 1.0005
0 3.4 21.24 1.2193
0 4.4 21.16 1.5678
0 3.88 21.23 1.6398
0 2.1 20.54 2.0398
0 -0.78 20.16 1.975
0 -0.78 18.21 0.8353
0 0.04 17.41 0.7756
0 -0.39 18.84 0.9289
0 1.83 18.39 0.8951
0 3.44 19.08 1.7784
0 1.54 17.26 0.5912
0 1.14 18.28 0.8801
0 2.95 19.09 0.7014
0.85 2.42 17.96 1.8475
5.5 0.98 16.55 1.1975
7.2 1.03 14.55 1.2623
22.65 -1.77 10 1.2177
5.275 -0.52 12.27 0.6103
18.875 -1.76 14.41 0.9422
0 -1.28 13.17 2.4332
0 -0.15 14.75 2.0846
0 -1.67 12.46 1.6087
0 -1.86 12.96 0.2175
2.05 -1.21 15.67 0.3827
1.425 0.66 17.73 0.9052
0 0.16 17.73 0.4066
9.025 0.94 18.28 0.4696
0 1.8 18.06 0.8343
0.325 2.18 19.14 1.69
16.075 -0.38 14.43 2.3221
0.175 -2.46 10.25 1.5946
0 -2.2 14.06 0.479
0 -0.23 16.39 0.7226
0 0.37 16.36 1.0682
0.025 -0.4 17.33 1.6466
0 -0.47 17.16 2.5978
0 1.37 14.28 2.1072
0 -0.85 12.43 2.2992
20.45 -3.93 8.69 2.4464
47.475 -7.74 4.94 4.0135
20.175 -10.03 -0.83 0.6315
3.275 -11.48 -1.06 1.0261
0 -9.86 2.31 1.2495
0 -8.49 5.91 1.4409
0.45 -5.96 7.96 1.7019
5.075 -4.94 5.62 1.6865
0 -6.17 10.94 0.9286
0 -5.36 12.74 0.6847
0 -2.98 14.64 0.7554
0 -3.81 14.93 1.2479
0 -3.33 12.31 1.857
0 -3.45 11.58 1.9543
0 -3.88 11.17 2.0982
0 -4.21 12.55 0.5957
0 -5.59 10.71 0.6556
0 -5.3 10.77 0.3799
0 -5.33 10.72 2.2347
0 -6.4 11.91 1.8868
0 -5.03 11.62 2.4905
0 -6.35 9.22 1.3902
0 -10.2 6.02 3.8724
0 -10.79 2.31 3.4719
0 -10.17 4.33 2.2776
0 -9.73 7.03 0.8282
0 -9.61 8.68 2.3697
0 -8.99 9.13 0.2585
0 -8.34 9.28 3.2109
0 -10.74 3.6 4.1834
2.125 -11.77 3.9 4.0357
12.225 -13.05 4.08 1.9509
3.8 -15.95 -8.15 0.3346
11.75 -14.39 -6.63 1.4961
0.275 -14.09 -6.99 1.0406
0 -15.09 -5.43 2.4381
0 -14.55 -3.02 3.4193
0 -13.7 0.06 3.0479
2.65 -11.4 0.03 3.2271
4.25 -8.28 -2.33 1.096
0 -9.77 -0.04 0.2539
0 -8.98 1.97 0.5445
0 -11.59 2.52 0.5116
0 -11.69 3.33 0.8688
0 -11.95 2.62 1.2204
0 -11.7 3.1 3.4735
0.575 -11.8 -2.05 2.2636
2.2 -11.31 -3.87 3.7896
3.275 -14.31 -7.23 1.4402
0 -14.49 -3.99 2.0553
0.375 -13.27 0.02 3.3612
0 -11.42 4.86 2.2253
0 -13.05 1.59 0.8572
0 -13.07 1.19 3.0185
0 -11.38 3.06 2.4074
0 -10.55 2.18 1.0595
0 -9.89 3.38 1.9991
0 -11.75 4.3 3.0951
0 -13.53 0.21 9.4717
0 -15 -6.57 4.0082
0 -16.89 -1.61 4.665
0 -17.55 -5.04 2.6389
0 -16.61 -2.74 3.5065
0 -17.49 -4.49 3.0334
0 -16.44 -4 3.7114
0 -15.67 -1.88 4.0297
0 -16.57 -1.48 4.3511
0 -16.4 -2.43 3.2397
0 -16.15 -3.4 1.2957
0 -17.33 -3.66 1.674
0 -17.04 -7.27 1.4557
0 -16.94 -5.75 1.1587
0 -15.19 -4.58 0.9739
0 -15.22 -6.23 6.0107
0 -15.88 -3.53 4.9783
0 -16.96 -3.22 2.5619
0 -14.43 -0.89 4.6494
0 -17.68 -3.53 4.7716
0 -16.18 -5.63 3.3735
0 -19.61 -2.57 4.609
0 -19.07 -4.31 3.9522
0 -17.82 -3.76 4.8658
0 -16.98 -2.4 3.2039
0 -15.47 -1.25 1.3756
0 -14.5 0.59 1.2014
0 -15.03 -0.85 1.1212
0 -10.61 4.16 0.978
0 -11.32 2.34 1.2088
0 -13.77 2.52 2.4125
