0.725 -1.03 13.56 1.5073
6.1 -1.07 5.55 1.2109
2.9 -0.29 11.73 1.7979
0.05 -2.57 8.48 3.7086
1.175 -2.87 9.98 1.8834
0.575 3.98 6.28 0.3587
0 2.01 6.83 1.4888
0 1.68 9.07 0.8544
0 1.98 12.03 4.084
0 -0.47 10.66 3.4745
0 -1.36 17.28 2.5413
0 -0.58 14.77 5.3505
0 0.85 17.43 4.0794
0 0.08 20.91 3.8235
0 0.11 20.03 3.895
0 0.62 21.51 4.9071
0 0.61 20.41 4.2042
0 0.65 20.9 4.725
0 0.62 21.42 4.9056
0 0.71 20.73 3.4573
3.675 1.24 20.33 2.6907
15.025 7.62 19.38 2.0864
9.775 10.15 11.87 1.6605
24.3 9.06 14.3 2.1929
6.775 4.06 13.2 3.3126
1.625 -0.98 6.09 1.0013
0.025 -2.99 9.38 1.2195
0 -2.93 9.52 1.4554
0 -1.09 12.86 4.0651
0 -1.11 14.64 4.4169
0 0.57 18.88 2.9147
0 1.08 18.46 2.988
0 1.1 16.31 4.0408
0 1.62 21.16 3.8301
0 1.87 22.68 3.0143
2.3 3.85 21.98 2.7104
8.625 7.17 12.54 3.0852
3.7 4.07 14.2 2.7091
8.475 2.97 13.87 1.2305
5.4 1.67 12.07 3.2872
4.55 -4.27 8.21 0.3727
8.025 -4.11 9.87 2.6362
4.75 -0.27 9.92 1.3432
15.825 -0.48 9.84 3.1077
8.175 1.27 6.8 3.7464
1.9 2.95 9.95 6.3069
12.775 4.45 10.97 5.4765
10.2 3.99 9.88 4.477
1.975 1.33 7.38 1.5638
0 -0.74 13.16 3.5272
0 -0.58 17.15 2.7151
3.2 -0.12 18.2 3.7248
10.95 1.46 16.14 4.01
8.175 9.87 12.78 2.9223
2.25 6.62 13.8 1.5747
1.025 6.17 17.27 1.573
0.9 5.14 15.42 2.4577
0.225 0.89 15.93 0.4281
0 1.08 15.71 3.6038
7.9 4.36 18.83 2.9718
24.625 9.92 15.63 4.2255
43.525 7.24 15.42 4.9629
18.95 3.01 11.66 2.6841
1.375 -0.87 11.61 1.0209
0.075 -0.75 12.56 1.8694
0 -1.4 11.06 0.3655
0 -0.87 13.42 1.3832
0 0.3 14.53 2.6537
0 -2.54 10.7 0.5721
0 -2.43 12.47 0.6097
0 -0.03 15.6 1.905
0 0.45 16.8 2.0185
0 0.5 17.83 1.3745
0 2.04 15.15 2.4046
0 4.21 17.37 2.8271
0 4.73 18.52 1.0644
0 4.74 20.08 1.2779
0 4.91 20.83 1.2549
0 5.84 22.31 0.9281
6.75 5.86 21.85 1.6902
5.85 3.8 16.47 3.9243
1.175 -1.58 9.97 2.2799
0.05 -1.4 12.89 1.9391
0.025 -0.15 16.36 0.8165
0 2.61 19.51 1.9587
0 5.34 21.22 1.9401
0 5.85 21.82 1.4456
0 5.76 23.17 3.5558
0 0.45 16.84 2.0914
0 0.06 16.42 0.5091
0 2.68 19.57 2.8728
0 4.21 22.72 2.6163
0 3.95 17.83 5.147
0 -0.77 15.6 1.9537
0 -0.49 16.96 2.578
0 1.55 22.42 1.955
9.925 3.77 24.92 1.1532
6.7 5.14 18.61 2.8523
5.525 4.13 13.16 1.7882
4.425 5.65 13.72 2.3245
0.9 3 14.35 3.6674
0 3.1 16.25 1.6022
0 4.23 20.12 2.435
0 6.22 20.01 5.0376
0 -1.92 11.17 5.6979
0 -1.2 13.72 2.9261
0 0.97 18.54 1.5922
0 3.28 22.42 2.5049
0 3.71 25.76 2.5357
0 9.37 30.11 1.4955
0 10.08 30.77 1.2284
0 9.5 32.27 1.813
0 8.69 31.7 2.3953
0.125 8.41 23.11 3.1486
0.05 0.87 16.15 3.3118
0 1.51 18.96 2.0302
0 3.66 20.09 2.2928
0 0.99 18.39 3.0413
0 0.91 15.81 1.7694
0.025 1.68 19.02 1.9189
25.7 3.56 21.75 1.8128
14.1 11.11 18.96 2.4911
1.15 11.14 17.08 3.6224
1.225 9.58 18.93 1.874
0.45 11.35 21.17 3.6083
0 10.11 23.98 1.9265
0 9.18 25.67 3.0021
0 8.17 24.18 1.9509
0 8.69 25.81 1.729
0 8.8 27.3 1.3725
0 8.81 28.44 3.0656
0 6.6 26.75 3.3487
0 7.14 24.63 2.8354
0 7.72 27.7 3.1153
0 9.31 26.33 2.1608
0 11.16 30.15 1.4767
0 13.95 35.12 0.3025
0.025 13.44 37.2 2.1591
0 14.74 35.98 2.4088
0 10.4 30.01 1.4745
0 9.39 29.03 1.0644
0 10.52 30.08 2.4248
0 10.91 30.5 2.9898
0 9.27 28.36 2.7602
0 8.7 26.85 2.1658
0 11.47 28.51 1.6758
0 12.23 31.27 1.0427
0 13.77 34.42 2.1206
0 14.73 34.7 2.5245
0 15.21 34.15 3.022
0 14.07 28.51 2.3071
0 13.05 29.94 2.2626
0 11.53 27.19 2.3372
0.6 12.1 26.16 0.4856
1.4 10.77 26.51 2.1528
1.925 9.54 23.25 3.185
2.1 6.95 19.54 2.054
0.75 8.56 21.72 2.6304
0 9.76 25.56 2.5833
0 8.75 26.65 3.3851
0 9.27 25.04 3.0299
0 8.63 23.5 3.364
0.075 9.7 25.3 2.4986
0.05 11.88 23.75 3.4588
0 9.18 23.98 2.362
0 8.72 25.5 2.4747
0 9.83 25.17 2.6633
0 11.5 26.77 3.1568
0 12.53 29.61 2.1096
0 13.62 33.33 2.8743
0 9.35 32.15 3.2501
0 7.63 27.19 3.3517
0 8.78 25.81 1.5626
0 10.17 30.16 0.7759
0 12.72 33.93 1.6356
0 14.23 35.53 2.7015
0 12.68 32.95 1.7909
0 13.93 34.04 0.9963
0 15.44 38.97 0.8098
0 16.59 40.48 2.8046
0 16.01 40.39 2.7378
0 15.44 37 2.2584
0 15.96 36.64 1.8591
0 14.4 36.59 2.7833
0 13.82 36.48 2.5121
0 13.18 33.37 2.717
0 12.52 31.78 2.481
0 9.98 31.18 2.6578
0 9.41 30.7 2.6491
0 10.5 30.14 2.659
0 10.55 30.67 2.0469
0 11.75 31.74 1.8293
0 14.87 32.36 2.2754
0 13.31 32.97 1.6625
0 13.85 35.66 0.825
0 14.92 36.75 1.5094
0 15.96 38.42 1.8058
0 16.64 38.41 1.691
0 17.8 40 1.9758
0 17.82 40.58 1.5511
0 18.78 40.51 2.4235
0 16.02 38.33 2.5517
0 14.98 36.69 2.4434
0 14.99 36.26 2.112
0 14.92 35.61 2.138
0 13.82 34.61 2.2444
0 13.9 35.3 1.9766
0 17.14 37.9 1.8721
0 17.64 38.81 2.227
0 18.05 37.15 2.9149
0 17.53 35.12 2.6711
0 15.92 35.13 2.8629
0 16.46 34.1 2.6493
0 15.79 34.51 2.9676
0 13.12 32.3 2.4903
0 13.66 31.35 2.074
0 14.27 32.4 2.2699
0 12 31.09 2.9326
0 9.21 24.24 1.8825
0 10 27.28 1.5858
0 12.27 31.72 0.7386
0 14.48 34.01 1.2808
0 16.04 36.67 2.9841
0 14.86 37.28 2.8686
0 13.85 36.1 3.1446
0 12.7 33.33 3.1291
0 9.91 30.8 1.5928
0 10.13 31.29 0.635
0 13.32 33.93 0.9122
0 14.38 35.13 0.8778
0 14.53 36.73 1.3336
0 15.46 35.73 2.3263
0 16.51 35.37 2.1895
0.125 16.03 37.9 2.2252
0.325 16.29 35.52 2.7861
0.125 14.14 31.1 1.5979
0 12.7 31.24 1.4959
0 12.22 32.9 0.4434
0 11.73 34.67 1.6199
0 11.94 36.62 1.564
0 14 36.68 1.5442
0 14.02 38.22 2.5783
0 15.94 36.49 1.6122
0 15.31 34.07 0.7514
0 14.45 35.67 0.4735
0 15.47 37.27 1.7208
0 15.37 37.15 2.3654
0 11.58 33.89 2.0901
0 11.48 30.64 2.1167
0 10.44 28.04 1.8315
0 10.49 30.1 0.5843
0 11.09 30.76 1.0315
0 13.26 34.02 0.4796
0 13.4 36.18 1.057
0.15 14.9 36.67 1.8771
0.575 12.63 33.24 2.1241
1.95 12.97 26.27 2.6539
0.825 10.84 23.53 1.6583
0 10.46 28.55 1.6767
0 12.66 31.32 0.7271
0 13.28 32.51 0.9232
0 14.79 36.14 1.9721
0 12.63 33.52 0.9387
0 12.27 32.98 2.0339
0 13.86 34.69 2.1413
0 13.33 35.69 1.3011
0 12.77 35.63 0.7427
0 12.75 35.11 0.7858
0 13.37 36.27 1.1384
0 13.38 37.35 0.408
0 14.29 37.21 1.9302
0 14.12 33.64 2.5288
0 4.23 19.68 2.4093
0 4.36 23.24 2.3664
0 5.12 25.76 0.8302
0.1 6.2 27.11 3.1812
0.075 5.65 22.16 3.3595
0 1.53 16.5 0.3358
0 1.1 19.49 2.6044
0 3.31 23.28 1.277
0 4.42 23.34 1.3301
0 5.02 24.54 0.6602
0 6.12 25.07 0.538
0 6.44 25.47 1.8096
1.725 6.61 23.82 1.99
40.925 6.6 17.86 6.8748
23.625 11.78 16.27 4.3057
1.5 13.96 22.17 1.0732
0 11.92 26.08 2.2203
0 11.79 25.79 1.1233
0 14.23 28.03 1.6611
0.475 8.73 24.42 2.0682
0.25 4.75 17.16 1.5701
0 4.88 18.55 1.0619
0 5.95 22.34 0.7404
0 7.58 23.49 1.2413
0 9.25 25.06 1.3031
0 7.69 24.46 1.64
0 7.7 23.07 1.1257
0 8.52 24.94 4.6456
0 4.09 19.45 4.8441
0 0.45 17.01 0.7653
0 0.53 16.31 0.1656
0 2.75 20.85 0.8512
0 3.65 22.93 0.9214
0 6.25 23.59 1.2643
0 6.77 25.27 1.1691
0 5.76 27.25 1.8067
0 5.6 26.5 2.4352
0 4.85 20.06 0.6517
0 5.35 19.97 1.7184
0 2.57 18.77 1.9036
0 2.71 18.39 1.0882
0 2.92 19.42 0.7443
0.75 5.47 18.97 0.4418
1.975 6.71 16.38 2.0175
0.775 0.4 14.21 1.3408
0 0.44 14.86 1.1066
0 0.49 16.02 2.7141
0 0.51 16.31 1.9847
1.775 1.67 20.03 1.3435
0.875 1.7 20.4 2.0169
0.025 0.52 15.24 2.2495
11.2 0.6 15.85 3.5948
5.6 0.93 16.53 1.161
0 1.05 13.79 0.496
0 0.95 16.41 2.0352
0 1.16 14.36 3.519
0 1.31 17.94 3.8019
0.05 1.82 21.07 2.443
2.05 2.32 21.6 1.0858
1.025 3.99 13.01 5.2265
0 0.52 16.86 4.821
0 0.11 14.65 3.8852
0 0.62 17.89 1.6331
0 0.51 16.75 2.053
0 -0.18 15.32 1.958
0 -0.08 15.11 1.9867
0 -0.11 16.08 0.9639
5.05 -2.34 12.14 2.056
8.325 -2.43 7.59 0.723
2.825 -6.96 4.95 0.6472
0 -6.85 5.93 1.9305
6.625 -6.62 7.3 3.2638
17.25 0.24 10.59 2.9595
22.525 6.24 11.17 3.8461
17.3 6.11 11.62 3.9585
4.725 5.53 8.94 0.7368
0 1.49 12.63 3.3213
0 3.09 14.8 2.7487
0 2.61 15.23 2.208
0 0.59 14.49 2.7164
0 1.14 8.03 4.0866
0.45 1.67 15.07 2.8644
11.5 3.74 18.09 1.8045
6.025 1.31 12.17 3.6525
0.175 -3.04 8.94 2.2406
0 -2.73 8.87 3.9457
0 -1.59 14.03 4.0197
3.35 -0.55 16.41 4.1244
3.05 -0.45 12.8 2.1267
1.175 1.85 13 3.0276
2.3 1.39 11.07 0.8394
1.05 5.58 11.59 1.4583
0.075 3.02 11.57 2.7135
0.05 2.61 13.27 2.2824
0 2.58 14.81 1.1542
0 1.04 16.46 3.9013
0 -0.06 17.18 2.9115
0 -0.42 19.07 2.8122
0 0.63 14.02 3.1069
0 0.69 14.54 2.6081
0.95 2.28 14.25 2.9767
0.775 3.84 15.09 2.4319
0.15 3.75 10.06 2.4592
0.125 3.77 11.85 3.2361
10.85 4.39 18.96 4.6881
6.175 7.66 17.43 2.0678
0.325 -0.15 14.2 1.3039
0 0.05 14.51 3.3009
0.075 1.55 16.78 2.4688
10.025 1.69 18.13 2.8076
16.05 6.66 14.31 4.9688
15.575 9.15 11.06 5.7188
22.45 4.49 9.46 6.6275
22.8 2.33 9.45 3.895
16.3 0.74 8.22 3.5542
5.05 0.21 4.73 1.0784
0.825 -0.88 10.46 2.4944
3.225 -0.15 9.51 4.3575
1.475 5.63 11.15 2.9637
0 1.53 13.16 1.2719
0 1.31 12.94 2.7186
1.125 2.46 13.93 3.2146
1.575 3.48 15.94 1.2848
0.5 -0.23 14.27 1.1813
0 -0.28 13.91 1.7778
0 0.98 14.91 2.1201
0 3.1 14.96 0.6703
7.125 3.1 15.56 3.0747
5.775 5.69 14.85 3.3546
10.775 8.2 13.19 1.6598
4.95 5.57 9.51 2.4189
2.025 6.01 9.51 1.3191
3.3 5.49 11.03 1.7852
1.15 -0.18 10.51 0.597
0 -0.09 12.19 1.2512
0 3.56 12.44 1.446
0 1.98 17.13 1.3516
0 2.13 17.77 1.4965
0 2.18 17.41 1.1514
0 3.27 16.92 1.7431
0 4.29 18.94 2.4077
0 3.18 20.62 0.8772
0.4 3.16 18.3 1.0838
2.625 5.77 14.38 2.1141
5.575 5.52 11.12 2.7715
2.225 -0.95 8.57 2.1221
16.375 -0.76 12.84 3.8671
12.825 3.11 10.09 2.6576
2.25 0.84 10.79 0.8745
21.025 1.08 15.14 4.665
11.9 5.61 16.94 1.1533
0.55 2.03 12.65 0.3804
0 2.16 15.21 2.1993
5.7 4.79 17.69 2.7201
18.325 6.07 10.49 3.3102
8.1 1.3 9.45 2.7058
0.125 -0.78 10.45 1.2934
0 -0.05 12.86 2.4276
0.025 1.95 17.05 1.0126
0.45 4.84 13.98 2.5965
2.9 -2.59 9.12 3.636
1.35 -1.85 11.05 2.1283
0 -1.35 10.62 0.3839
14.725 -1.15 14.01 2.1988
7.5 -0.26 13.42 2.3922
0 -1.26 13.32 2.5338
0 -0.58 14.8 3.6486
0 2.15 21.31 1.3179
0 3.87 23.78 0.9715
0 4.84 23.34 2.8771
0 2.39 24.81 2.2257
0 2.88 24.93 1.8239
0 5.33 23.27 0.3776
0 4.22 21.62 1.6616
0 2.14 19.57 1.8508
0.3 1.77 19.19 1.8356
1.55 3.65 20.52 2.2655
0.75 0.79 14.55 2.1529
0 0.98 17.32 2.5654
0 1.62 19.18 1.0905
1.475 3.77 22.14 2.5916
11.475 3.76 20.97 5.1201
6.5 1.81 11.19 2.7044
0.575 -0.93 11.63 0.7603
6.275 -0.75 13.21 2.1358
3.475 0.86 11.55 1.7585
16.15 0.82 11.68 2.8193
8.1 1.78 11.14 2.8497
0 1.82 11.28 0.701
0 -0.11 15.59 2.1643
0 2.54 19.53 0.7819
0 4.17 20.14 1.5042
0.075 4.88 20.01 1.9925
12 6.67 13.93 4.3659
19.35 5.46 11.37 4.3974
6.675 2.42 10.15 1.0969
0 2.52 14.99 0.6883
0 3.56 16.17 0.8414
0 3.72 19.59 1.9442
0 4.2 20.04 1.3898
0 4.77 21.81 1.2068
2.7 6.95 22.91 1.4846
17.875 7.3 21.54 2.4791
13.675 2.92 12.54 3.275
3.05 4.56 8.5 2.0338
0.175 6.18 10.88 1.217
0 7.47 21.67 1.0221
0 9.95 23.86 1.2609
0 7.14 25.68 0.8269
4.325 7.6 25.7 4.0958
2.575 2.51 15.45 4.6712
0.2 2.78 12.85 3.5963
0 0.77 13.34 3.3301
0 1.62 18.43 1.9858
0 3.76 21.69 1.875
0 6.98 24.6 1.0388
0 7.09 26.08 2.2014
0 5.43 23.41 3.7339
0 2.64 20.11 2.3518
0 2.7 20.2 0.8305
0 4.32 22.82 2.7354
0.075 5.3 21.08 3.5933
9.425 7.16 15.32 3.0625
4.775 0.73 11.7 3.6707
0 0.94 17.21 2.0745
0.05 3.83 22.3 1.0935
0.025 6.51 24.57 0.7686
0 7.51 26.13 0.6503
0 8.31 27.23 1.2545
0.575 10.37 27.27 1.9377
0.35 10.71 18.87 1.5871
0 10.13 21.07 1.5348
0 9.72 22.35 3.4113
0.15 3.8 21.24 4.2377
0.2 2.38 15.16 3.5413
0.075 2.94 14.83 4.139
0 4.7 19.25 2.2658
5.475 3.71 18.29 1.5676
4.025 4.46 18.93 2.7665
7.425 8.24 18.15 2.242
3.45 3.05 17.03 3.2025
0 3.65 18.23 1.8353
0 5.07 24.6 0.8505
0 10.39 28.29 2.4963
0 11.04 26.65 2.9894
0 10.83 24.65 2.3624
0 11.02 27.27 2.4145
0 13.59 27.33 2.5196
0 13.61 28.49 1.8897
0 14.2 30.78 2.7911
0 13 31.23 3.1346
0 11.99 28.55 2.6904
0 11.41 28.99 3.626
0 5.99 25.01 4.6258
0 7.16 21.82 5.0452
0 8.49 27.74 3.656
0 10.1 30.13 1.003
0 11.14 30.19 1.8402
0 12.07 33.19 2.8082
0 8.7 29.03 3.1532
0 6.72 25.73 1.5137
0 7.64 28.95 2.4506
0 7.18 26.73 3.1308
0 6.58 24.58 2.6861
0 7.79 26.33 1.9186
0 9.4 28.46 1.1488
0 11.07 31.26 2.025
1.275 12.55 32.24 2.2252
0.625 13.1 30 2.8109
0 14.04 29.09 2.5757
0 14.86 32.42 1.217
0 17.12 36.75 1.7349
0 15.97 38.8 3.0463
0 13.19 34.46 2.9556
0 10.01 31.79 2.7722
0 10.01 30.76 2.9378
0 11.08 29.62 2.394
0 11.13 31.25 1.1036
0 11.81 33.91 1.9498
0 13.65 34.94 2.5168
0 14.15 31.85 2.4599
0 14.68 33.38 2.5215
0 15.86 34.49 2.2846
0 15.4 35.62 1.8621
0 16.46 36.66 2.2324
0 16.97 35.52 3.1361
0 15.9 33.88 3.1249
0 15.96 32.42 1.771
0 16.48 35.13 1.5301
0 17.25 38.31 2.6834
0 18.68 39.38 2.7066
0 17.11 38.37 2.558
0 14.97 38.37 2.0731
0 14.96 37.12 2.0068
0 14.83 35.42 2.3482
0 13.22 33.57 1.0401
0 13.9 34 2.3122
0 15.46 35.11 2.1929
0 16.55 37.66 2.704
0 16.43 35.99 2.7876
0 15.35 31.33 1.9918
0 12.67 30.25 2.3847
0 13.24 31.89 2.2105
0 13.25 33.44 2.408
0 12.76 33.4 2.3107
0 12.23 32.88 1.9921
0 12.74 32.91 2.3587
0 11.72 33.98 1.5041
0 12.28 34.46 1.9774
0 13.15 34.39 2.055
0 12.66 32.86 2.1044
0 12.65 32.33 2.5136
0 13.22 32.24 2.8288
0 13.63 30.64 1.9821
0 12.66 30.67 1.9015
0 12.53 31.02 2.197
0 11.03 29.08 1.1287
0 11.74 30.19 1.5511
0 14.2 32.25 2.4451
0 13.7 32.29 2.8796
0 13.71 32.92 1.2671
0 14.35 35.02 1.5417
0 13.83 34.98 1.6242
0 11.65 32.99 1.9667
0 12.28 33.96 2.2601
0 12.68 35.31 1.8129
0 9.93 34.06 1.7854
0 10.16 30.1 2.3762
0 11.3 34.71 1.8807
0 13.75 40.03 0.5172
0 17.7 39.98 2.137
0 13.34 36.12 2.3346
0 9.43 32.42 2.7349
0 7.61 22.3 2.2831
0 8.17 23.9 2.5071
0 8.75 25.67 1.5209
0 9.15 29.01 0.9347
0 12.41 33.47 0.3685
0 13.42 36.66 1.2782
0 13.37 36.21 1.1745
0 17.43 35.37 2.0928
0 11.73 33.36 1.3136
0 12.16 32.79 2.1622
0 10.82 31.44 2.7426
0 6.51 19.43 1.9595
0 6.61 23.47 0.7673
0 7.84 27.37 0.5845
0 10.58 32.18 1.0517
0 11.06 31.59 1.6407
0 9.9 29.47 1.4359
0 9.96 29.49 1.1767
0 9.94 30.04 1.7916
0 10.05 30.03 1.5517
0 11.03 29.88 1.417
0 10.98 28.36 1.3071
0 9.78 27.16 1.3479
0 9.29 27.28 1.1861
0 7.7 25.05 2.6798
0 7.63 22.43 1.2164
0 7.85 27.95 0.6988
0 9.23 30.79 0.9967
0 17.66 35.1 0.741
0 11.95 35.66 1.2331
0 13.09 37.3 0.6756
0 14.13 39.34 0.5616
0 14.51 37.21 0.3631
0 14.42 34.41 0.541
2.775 15.92 33.29 1.0817
7.95 15.66 33.14 1.4974
8.925 12.35 25.78 1.5638
0.825 12.45 18.29 1.2477
0.825 8.05 18.43 0.7269
4.675 8.05 21.09 1.9868
0 6.95 20.47 0.7536
0 7.6 23.95 1.9387
0 8.47 26.1 1.7229
0 11.02 28.33 1.7424
0 11.62 28.49 2.1819
0 11.69 31.18 1.4424
0 11.78 32.7 0.5867
0 11.16 33.15 0.4786
0.025 11.07 31.99 1.0288
2.675 11.94 27.97 0.9328
1.3 8.63 21.17 1.1627
0 8.18 19.72 1.5907
0 8.22 23.21 0.8601
0 9.72 24.93 1.8288
2.1 8.63 21.69 1.524
11.125 10.67 21.1 1.728
38.475 11.78 16.6 4.821
15.4 7.36 15.65 3.3728
0 3.15 17.19 1.6352
0 2.03 18.29 2.8425
0 1.76 18.98 3.4543
3.875 7.57 23.64 2.2035
5.1 9.02 23.07 1.8152
1.525 5.36 13.51 1.0083
0 5.34 20.51 1.85
0 5.97 21.76 2.9501
0 7.72 23.58 2.6662
0 8.89 28.79 1.7334
0 8.96 28.77 1.1866
0.275 9.25 28.55 2.0622
17.625 9.03 23.61 3.1742
8.8 3.05 12.87 2.5119
2.025 0.36 13.79 0.6159
1.275 1.11 14.94 1.6312
0.1 0.48 13.82 2.3874
0 0.69 15.69 1.4371
0 3.15 16.78 3.0245
0 3.47 17.55 1.7241
0 4.59 19.22 2.6965
0 4.97 20.74 1.2887
0 4.9 20.6 1.9313
0.175 3.36 21.09 1.7776
18.6 3.36 20.81 2.3068
24.45 1.86 10.67 3.0482
19.7 0.82 9.24 4.8228
11.4 1.39 6.31 2.9824
17.775 3.84 9.36 3.8974
7.475 -2.66 5.63 1.2947
0 -3.15 8.35 3.1647
0.75 -2.98 9.81 3.3317
13.9 -2.17 13.07 2.6111
7.05 -0.01 7.72 2.3698
0 -4.72 9.76 2.4247
0 -4.39 9.42 3.0625
0 -1.12 12.18 2.2899
0 -0.58 15.37 2.6603
0.25 4.78 12.17 1.4208
1.2 6.33 15.56 2.3941
10.275 6.85 15.91 2.5631
4.7 6.32 19.2 3.499
0.125 2.59 16.45 2.2081
2.7 3.27 17.08 2.1829
3.2 5.9 13.46 1.1747
0.875 7.96 16.03 1.4692
0 5.82 17.51 0.4285
0 4.76 17.68 2.3431
0.325 2.82 18.08 1.3574
14.025 3.33 12.52 1.823
6.975 3.38 13.16 1.4173
2.675 -0.26 12.1 2.4422
28.575 -0.19 11.63 3.5534
29.275 5.82 11.71 5.1472
41.5 8.74 12.79 5.7706
13.125 4.61 12.82 2.5425
5.975 3.5 6.31 2.7882
4.925 3.57 11.56 2.2012
1.8 6.07 10.58 0.4732
0.275 3 13.8 3.0758
14.975 2.53 15.97 5.4484
7.45 1.96 14.88 2.0844
0.2 1.42 12.45 0.8377
37.575 1.48 13.06 2.2821
25.675 4.48 9.52 4.3533
3.2 -3.3 7.3 2.2881
0.925 -5.32 7.02 1.5325
15.625 -4.59 7.71 4.4041
14.775 -4.08 7.8 4.8281
3.65 1.31 7.82 2.4625
0 -1.34 8.42 3.1476
0 -1.31 12.01 3.7845
0 -1.23 12.99 5.0006
0 -1.69 11.04 3.3951
0 -1.71 13.07 1.7228
0 -1.76 5.92 1.4234
0 -3.05 3.4 3.0491
1.875 -1.25 6.6 3.4453
1.05 3.53 15.28 2.2756
0.9 2.07 15.45 1.6327
0.35 5.95 11.85 1.2408
0 0.45 13.01 2.6589
0 2.8 13.51 0.8577
0 3.85 13.7 0.7417
0 3.78 10.78 2.479
0 1.06 9.75 1.5298
0 0.61 14.24 4.1094
0 1.09 17.81 3.6781
0 1.19 16.85 2.8225
0 0.15 18 4.0178
0 0.15 18.83 1.8352
0 1.2 16.86 2.1353
0 2.11 18.37 4.9381
0 1.64 20.86 3.4962
0 1.58 19.83 1.7777
6.4 0.53 17.77 0.5416
6.675 0.5 14.51 1.7788
1.675 -0.14 10.41 1.3217
0 -0.17 10.75 1.6871
0 -2.28 13.41 3.0015
0 -2.11 13.5 2.0225
0 -0.08 13.53 2.5328
0 1.24 15.12 1.6972
0 1.74 17.53 1.9549
0 3.3 19.19 0.7067
0 -0.06 19.91 2.3626
0 -1.79 13.93 3.4367
0 -1.67 13.93 3.6878
0 -0.63 15.1 3.8482
0 -0.04 18.99 2.8743
0 0 21.64 1.1411
0.5 -0.01 20.52 3.8305
10.425 6.73 15.15 4.6542
10.6 5.44 14.32 5.6998
30.775 1.75 8.13 4.7388
29.75 0.79 7.11 2.676
8.75 0.18 8.89 3.1257
0.5 -1.63 8.79 0.6842
0 -1.49 10.42 1.1459
0 -2.08 9.97 0.4936
0.075 -1.96 13.65 0.6681
6.525 -1.75 11.59 2.2743
16 0.75 8.96 5.2205
6.325 -4.23 7.19 0.9671
3.325 -4.8 7.12 0.4119
0.15 -4.07 10.07 2.2529
2.4 -3.98 13.81 1.8281
9.85 -2.05 14.04 3.8682
3.95 7.69 16.42 1.3531
0 -0.1 16.38 1.4459
3.7 0.57 16.69 0.6042
21.075 4.19 19.16 1.7207
9.975 6.12 11.16 4.2005
0.2 1.4 12.67 0.5911
0 1.63 17.15 1.48
0 4.76 18.89 0.8915
0 3.17 18.71 1.2519
0.025 3.11 15.58 0.5333
6.55 4.16 16.68 1.2809
4 6.85 16.16 1.2606
10.775 7.85 19.27 1.4626
8 8.3 19.22 2.3592
1.55 -0.22 13.23 0.9586
15.2 -0.22 14.38 3.6216
27.075 0.85 12.05 4.7696
56.225 3.43 9.28 5.3578
27.725 1.36 7.3 2.3158
4.225 0.78 10.45 1.4217
12.2 0.91 12.74 5.1494
23.025 3.97 9.28 5.5016
17.025 1.23 6.91 3.8387
14.1 2.75 11.94 3.103
4.75 4.54 9.01 1.4612
0.175 5.06 13.74 0.7196
0 3.56 16.16 1.4201
0 3.73 18.66 2.0179
0 5.94 21.1 2.4312
0 6.55 24.72 1.834
0 8.01 26.64 1.0324
0 3.12 20.64 1.6891
0 3.67 18.62 1.8064
0 5.3 22.38 1.4519
1.45 4.74 22.71 1.8116
4.375 4.4 20.52 3.4485
1.9 0.47 8.94 1.5789
0 -1.49 10.03 1.334
0 -1.39 14.46 0.4801
0 0.83 16.28 1.6535
0 2.49 17.39 1.5661
0.4 2.52 17.31 2.6148
0.2 0.24 12.82 0.5875
0 -0.14 16.95 0.7635
0 2.74 21.8 1.4892
0.025 3.39 23.01 2.1893
0.375 8.11 23.37 2.5339
0.175 10.16 19.67 1.4953
0.525 10.04 20.1 1.9205
1.075 10.51 19.85 2.0015
0.425 4.12 17.88 0.9208
0.075 4.7 17.38 0.989
0.3 6.37 18.76 2.0256
0.15 6.26 18.26 2.1943
0 2.99 18.89 2.5866
0 2.6 19.13 1.0078
0 3.23 21.27 2.2852
0 5.53 20.6 4.5438
0 1.44 17.56 3.4697
0 1.66 21.22 1.7637
0 2.44 23.98 0.4942
0 5.97 26.04 1.0244
0 6.72 25.29 2.9512
0 7.93 28.55 0.8496
0 8.3 30.53 1.4882
0 7.69 27.79 1.9479
0 7.95 22.31 2.7916
1.8 3.58 14.08 3.0557
0.9 2.05 15.71 2.5479
0 2.87 22.74 1.787
0 7.07 24.52 1.2378
0.025 7.15 25.7 0.7685
10 8.16 26.02 2.7747
7.525 4.47 15.7 2.6056
2.325 2.4 12.65 1.4123
15.2 4.11 14.26 3.4429
8.125 6.66 12.16 2.1488
0.375 3.59 15.67 2.9621
0 4.19 22.25 1.7143
0 7.67 24.98 2.1936
0 6.99 24.42 3.2074
0 5.83 22.29 4.5181
0.025 5.81 20.22 2.4735
2.4 6.03 22.17 2.6753
1.175 4.19 19.52 2.2163
0.05 4.79 20.04 3.1256
0.9 4.86 20.49 4.0514
0.475 5.61 16.33 4.6591
0 4.23 17.8 2.7461
0.1 4.43 20.5 2.4699
0.1 9.33 20.94 2.6741
0.025 4.11 16.13 1.6071
0.4 4.19 18.35 0.655
6.675 4.49 18.9 3.313
11.75 12.34 16.57 1.0283
6.025 9.42 21 3.3044
0.1 6.41 19.31 2.1177
0 7.11 22.81 2.9915
0 10.21 26.18 1.6975
0 10.4 27.86 2.6869
0 9.83 27.27 3.164
0 8.73 24.13 2.754
0 9.36 26.83 2.7238
0 12.54 29.67 2.151
0 13.25 32.34 2.0748
0 12.11 32.15 2.5743
0 11.43 28.46 1.6139
0 12.07 29.49 2.8188
0 12.04 30.1 2.2281
0 13.17 30.18 0.5944
0 14.38 33.99 0.7341
0 17.03 36.71 2.502
0 13.82 36.05 2.5527
0 11.1 32.27 2.5101
0 10.51 30.66 2.652
0 11.04 30.11 2.4601
0.1 12.18 31.71 2.4636
11.3 12.62 31.53 2.3238
5.875 11.26 25.16 2.3558
0.075 9.6 21.92 2.3633
0 10.5 27.92 1.4105
0 14.66 32.9 1.0545
0 15.45 36.13 0.8594
0 15.53 37.18 1.5488
0 16.58 36.67 1.7387
0 17.21 36.62 2.5189
0 17.61 36.6 2.7446
0 15.97 35.48 2.0539
0 14.92 34.97 2.4664
0 12.68 33.87 2.2292
0 11.58 32.72 2.3771
0 11.53 29.5 2.5179
0 11.98 28.4 3.1239
0 11.42 26.2 2.7446
0 10.98 26.19 3.3406
0 10.85 26.22 3.1399
0 10.9 26.83 2.0057
0 11.94 28.49 1.1874
0 12.58 29.59 1.9329
0 13.19 31.24 1.5602
0 13.26 32.82 2.309
0 13.72 33.42 2.7648
0 14.25 33.4 1.919
0 15.23 33.4 1.8838
0 14.12 34.48 2.1244
0 12.09 32.91 1.9306
0 12.16 32.93 1.7008
0 12.77 33.94 1.6407
0 14.35 35.62 2.4333
0 14.33 35.56 3.0803
0 17.93 35.06 2.0822
0 17.75 32.82 1.4389
0 15.37 34.02 1.8188
0 14.35 35.04 2.0799
0 13.21 34.43 3.0476
0 12.62 30.7 2.4093
0 13.26 31.75 3.0567
0 17.04 31.94 2.4765
0 12.66 32.38 1.8621
0 12.7 32.85 1.9797
0 12.25 32.93 2.2102
0 12.77 33.88 2.6597
0 13.15 32.42 1.8544
0 13.82 32.92 1.3591
0 14.9 34.56 2.0858
0 11.78 33.94 1.5349
0 11.7 32.95 1.3288
0 12.16 33.48 1.8182
0 12.69 34.01 1.7861
0 12.7 33.89 2.6715
0 11.6 31.7 2.0013
0 11.53 30.7 1.4797
0 12.05 30.69 1.1907
0 12.81 32.37 0.9771
0 14.4 34.52 1.9631
0 14.89 34.52 1.1932
0 15.46 35.06 0.7541
0 15.53 36.15 1.0263
0 16.02 36.66 1.3724
0 13.9 36.16 1.781
0 13.26 35.01 1.7876
0 12.09 32.87 1.7121
0 12.18 31.85 0.759
0 12.86 32.38 0.7049
0 13.87 34.47 0.811
0 14.85 34.43 0.9615
0 18.58 34.89 1.8471
0 12.75 34.57 0.7822
0 12.93 36.01 1.0238
0.1 12.92 36.04 1.0504
0.05 14.82 35.03 1.5443
0 14.78 35.02 0.8423
0.2 14.76 34.61 1.7015
0.05 13.07 27.73 1.6215
0.1 13.09 30.11 0.7585
0.05 13.61 31.66 1.4807
0 13.68 31.51 2.4353
0 12.45 30.43 1.7099
0 9.9 27.28 1.7475
0 9.94 28.34 0.6111
0 11.6 31.3 0.3574
0 13.28 34.53 1.0349
0 13.84 35.45 0.6894
0 14.43 36 0.4797
0 13.89 36.71 0.6097
0 15.27 36.55 1.5584
0 13.12 32.13 2.2025
0 9.84 23.06 2.0026
0 9.89 27.41 0.7821
0 12.26 31.35 0.6229
0 12.65 33.89 0.9967
0 13.26 33.71 1.2537
0 11.05 29.48 2.2334
0 10.48 26.16 1.7758
0.075 9.82 26.1 1.9011
22.525 8.04 21.79 2.1611
14.85 8.41 19.87 3.5961
5.15 7.71 16.26 0.8237
1.775 3.08 13.92 0.9016
0 3.23 18.37 1.2224
0.125 3.48 22.2 1.1827
1.7 7.73 24.22 1.5076
0.825 11.42 20.02 1.6496
0 8.73 24.96 1.0052
0 8.8 27.38 0.7336
0 11.1 29.5 0.4797
0 11.43 29 0.9478
0 11.05 29.37 1.1842
0 11.47 26.75 1.568
0 11.02 28.38 1.3772
0 10.91 29.29 1.0403
0 12.95 25.92 0.7388
0 9.7 25.69 0.82
0 9.79 26.12 2.2359
0 9.4 27.29 1.6133
0 8.86 28.85 1.7306
0 8.68 26.99 1.373
0 3.87 21.62 2.868
0 3.35 20.11 3.1261
0 5.47 21.67 1.8304
0 5.54 22.82 1.044
0 5.67 23.48 2.0513
0 6.65 25.58 0.4419
0 5.94 25.01 3.4566
0 3.99 23.24 4.0763
3.25 3.79 22.29 3.3459
1.8 2.89 20.44 1.7099
5.225 -1.34 12.03 0.5075
2.85 -1.23 12.49 1.4163
0.1 -0.85 11.55 0.8332
0 -0.75 12.17 2.0506
0 0.5 15.58 3.0483
0.025 0.52 17.38 3.1141
2.75 1.3 20.96 3.719
1.375 8.39 19.2 0.8198
0 5.84 16.79 0.3081
0 7.94 18.23 0.8691
0 4.23 17.22 0.6924
0 3.73 18.87 0.9362
0 3.73 18.87 0.9567
0.375 3.25 18.73 3.0711
3.075 0.91 12.12 2.1118
1.625 1.01 12.08 4.0622
0.1 0.29 12.22 1.865
0 -0.05 13.83 2.6857
0 0.02 14.91 3.9137
0.25 0.12 15.66 2.0891
0.1 2.61 13.41 0.6857
0 1.71 17.17 2.7604
0 1.87 18.52 2.2847
0 2.83 24.08 1.0307
0 2.37 18.78 1.6063
0 0.58 19.6 3.8514
0 0.41 17.3 7.8096
0 -0.51 16.05 3.4512
0 -0.69 14.69 4.1162
0 -2.28 14.45 2.7007
0 -2.83 12.86 3.4585
0 -2.81 13.88 3.0009
0 -2.8 14.37 3.2662
0 -2.08 15.07 3.1942
0 -2.04 14.14 4.1642
0 -2.03 16.78 3.0497
0 -2.21 17.03 0.7208
0 -0.77 12.86 1.5385
0 -1.79 12.88 1.4172
0 -2.32 13.24 0.9824
1.075 -2.78 12.73 0.7946
0.525 -2.27 10.68 5.093
0 -1.99 12.28 4.3927
0 -2.13 16.2 2.5801
0 -2.14 14.94 4.3453
0 -2.2 12.96 4.1741
0 -2.81 12.94 3.3879
0 -4.88 13.88 4.4901
0 -4.67 13.99 3.934
0 -4.12 12.1 4.86
0 -4.03 16.78 3.4032
0 -2.52 17.78 1.2497
0 -2.5 15.74 1.1026
0 -1.83 15.84 1.1685
0 1.87 16.43 0.8575
0 1.33 16.33 1.1787
0 -0.98 15.56 2.3505
