1.825 -2.75 8.26 1.4358
10.775 -3.33 7.69 1.5839
5.675 -5.45 4.85 1.7379
0.05 -8.15 2.42 4.1041
2.275 -7.59 2.3 1.9195
1.325 -2.48 0.65 0.4325
0 -2.21 5.99 1.4729
0 -0.49 8.86 0.6764
0 -2.81 9.31 4.2606
0 -2.43 9.9 3.2998
0 -1.88 11.9 2.4762
0 1.03 11.98 5.4192
0 1.34 13.87 3.9061
0 -0.71 13.35 3.7024
0 0 15.31 3.8126
0 -0.19 16.06 4.8453
0 -0.62 14.25 4.2755
0 -0.55 13.61 4.8685
0 -0.61 13.29 4.9822
0 -0.3 12.45 3.5032
9.325 0.3 13.38 2.6823
25.225 3.52 11.29 2.0737
44.85 4.08 7.19 1.6041
39.675 2.15 7.06 2.5432
12.125 -2.39 4.46 3.4547
2.625 -7.21 -1.45 0.8355
0.425 -8.37 0.8 1.3013
0 -6.96 3.22 1.2937
0 -3.19 7.48 4.2224
0 -3.08 11.86 4.4901
0 -1.49 13.84 3.0772
0 -1.32 13.08 3.2466
0 -1.33 11.49 3.9178
0 -0.89 13.81 3.7723
0 0.96 15.34 2.9775
4.275 1.06 14.81 2.4396
8.15 -0.63 8.12 2.7509
2.375 -1.78 4.52 2.8759
15.85 -2.73 6.78 1.1864
10 -5.44 3.97 3.5021
4.225 -10.54 -0.75 0.4874
6.875 -9.73 0.82 2.8382
7.225 -5.26 2.19 1.4002
17.05 -7.33 1.43 3.2364
11.35 -4.92 0 3.7429
3.325 -3.35 1.57 5.9469
15.1 -2.52 1.78 5.3804
19.225 -2.5 1.56 4.3331
2.975 -4.78 0.1 1.3924
0 -5.33 2.54 3.4439
0 -4.23 8.66 2.5678
6.225 -4.22 10.31 3.7128
24.425 -3.67 9.09 3.6357
11.25 0.9 4.5 2.674
4.125 -1.09 5.41 1.7399
1.75 -0.49 11.21 1.6111
0.75 -0.89 6.61 2.9485
0.05 -3.37 7.34 0.4826
0 -2.41 9.84 3.7145
10.825 0.9 11.63 2.8988
18.425 1.85 9.04 4.2929
44.325 0.71 7.95 4.9464
44.925 -2.06 4.39 2.8768
16.25 -6.77 3.19 0.8534
1.425 -5.65 3.34 1.8791
0 -6.71 2.8 0.4157
0 -6.74 6.52 1.3401
0 -3.82 9.77 2.5586
0 -7.61 4.75 0.5262
0 -7.46 7.23 0.8921
0 -3.22 8.68 2.2164
0 -3.34 10.85 2.4183
0 -2.41 12.33 1.4449
0 -2.17 9.12 2.764
0 -0.51 11.75 3.3245
0 -0.02 14.06 0.9889
0 -0.03 13.89 0.9791
0 1.43 16.1 1.0107
0.15 1.28 16.49 0.687
18.225 1.54 15.85 1.9041
12.8 -3.73 8.87 4.0658
1.175 -8.44 1.54 2.0966
0.85 -7.05 5.59 1.9985
0.5 -5.47 11.11 0.4973
0 -1.26 12.49 1.7437
0 0.59 14.92 2.071
0 0.82 15.98 1.3663
0 0.55 16.07 3.4906
0 -2.66 11.56 2.1049
0 -2.26 12.03 0.3105
0 -1.03 13.17 2.6227
0 -0.33 15.66 2.5736
0 -2.03 12.23 5.1734
0 -5.02 8.54 1.9927
0 -3.9 12.11 2.8091
0 -1.94 16.55 2.1902
13.05 0.25 19.01 1.1339
12.8 -1.36 15 3.2627
13.8 -1.71 4.71 1.8706
9.05 -1.04 4.59 2.1953
0.5 -2.43 5.43 3.5785
0 -1.29 9.22 1.3665
0 0.04 14.17 2.2493
0 0.67 14.72 4.8136
0 -6.66 9.33 5.9664
0 -4.77 4.96 3.0036
0 -2.58 13.02 1.6794
0 -0.88 16.3 2.8559
0 2.65 19.65 2.8356
0 6.11 24.13 1.4984
0 7.96 25.8 1.0719
0 7.47 25.63 2.0334
0.275 5.46 24.48 2.8375
1.925 3.06 20.4 3.1844
1.05 -3.43 8.74 3.3064
0 -2.02 12.28 1.7854
0 -0.35 14.22 2.3422
0 -2.14 12.59 3.2361
0 -2.86 10.94 1.5755
0.7 -0.47 12.53 1.8025
60.25 2.78 15.99 1.9971
42.775 4.08 13.21 2.6418
13.25 4.2 8.18 3.9928
8.675 3.46 10.5 2.0331
2.075 6.04 14.01 4.0216
0 3.96 17.71 2.2238
0 4.5 20.03 2.7663
0 4.77 19.41 1.6633
0 4.47 20.62 1.2301
0 5.61 20.54 0.9083
0 5.75 22.26 2.9329
0 4.15 21.07 3.2981
0 4.16 18.83 2.4246
0 4.94 19.66 2.9531
0 5.93 20.5 1.777
0 8.46 23.18 1.7271
0 11.59 28.33 0.434
0.6 12.18 30.24 2.3443
0.35 10.88 29.29 2.6779
0 7.35 23.41 1.4433
0 6.92 22.67 0.8528
0 7.86 23.39 2.3773
0 7.74 23.35 2.9512
0 6.46 22.26 2.681
0 5.23 21.22 1.8419
0 7.3 21.87 1.3866
0 9.32 24.42 0.8355
0.25 10.45 26.53 1.8613
0.15 10.22 25.74 2.5435
6 11.11 25.41 3.225
3.6 9.54 23.03 2.1829
0 9.22 23.02 1.9968
0.025 8.46 20.32 2.2368
0.6 8.34 19.01 0.4135
3 5.72 18.65 2.1044
3.075 3.17 15.9 3.6075
3.375 1.83 11.61 2.3863
1.925 3.24 13.62 2.6743
0 4.93 17.82 2.5236
0 5.88 19.86 3.3674
0 5.64 18.82 3.0693
0 4.28 17.83 3.2552
0.95 4.76 20.8 2.2732
0.5 6.83 15.04 3.5777
0.35 4.5 16.97 2.4215
0 4.92 17.36 2.4256
0 5.89 18.85 2.3832
0 7.78 19.99 3.0145
0 8.18 23.16 1.8027
0 9.48 26.91 2.6776
0 6.55 25.32 3.1374
0 4.43 20.04 3.2006
0 5.38 19.86 1.435
0 7.97 23.17 0.8205
0 9.79 26.92 1.5494
0 10.6 28.79 2.7977
0 10.11 27.15 1.6097
0 11.57 26.82 0.9219
0 11.91 32.24 0.5945
0 13.41 32.35 2.9357
0 13.59 32.21 2.8593
0 12.74 28.64 2.2586
0 12.91 29.52 1.7701
0 11.69 28.38 2.9128
0 11.2 28.49 2.6017
0 10.66 27.26 2.8679
0 9.12 26.05 2.6296
0 7.63 24.65 2.8172
0 6.94 24.96 2.5982
0 7.42 23.85 2.5629
0 7.95 24.26 1.9878
0 9.82 25.29 1.9477
0 11.01 26.46 2.3982
0 11.55 26.93 1.5803
0 10.85 29.33 0.9992
0 11.57 30.01 1.463
0 12.68 32.28 2.0087
0 13.84 31.5 1.7746
0 15.46 32.32 2.0098
0 15.46 32.95 1.7616
0 15.66 33.47 2.4509
0 13.59 32.2 2.586
0 12.77 30.37 2.3492
0 13.71 31.13 2.1101
0 13.53 29.86 2.2209
0 12.5 29.28 2.3638
0 12.14 30.93 2.01
0 13.91 31.32 1.6299
0 15.01 31.91 1.9294
0 14.82 30.56 2.7785
0 14.89 30.06 2.4803
0 13.79 30.63 2.5795
0 13.49 29.89 2.486
0 12.5 29.59 3.2299
0 9.83 26.75 2.8085
0 10.13 26.71 2.4722
0 10.93 27.59 2.5796
0 8.1 25.13 3.2841
0 4.73 19.46 1.8871
0 7.39 19.27 1.3577
0 9.31 24 0.3545
0 11.61 26.91 1.1343
0 12.74 29.27 3.0343
0 11.98 31.16 2.9188
0 11.14 29.13 3.1006
0 10.03 26.81 3.0589
0 7.23 25.91 1.4264
0 7.69 24.81 0.4615
0 10.02 26.6 0.7789
0 11.44 28.62 0.9805
0 13.12 30.51 1.3046
0 13.77 31 2.1471
0 14.14 31.2 2.3268
2.05 13.28 32.84 2.243
2.325 11.8 29.01 3.2164
0.475 10.04 24.19 1.6868
0 9.8 24.9 1.5744
0 9.61 26.56 0.6188
0 9.8 29.04 1.5539
0 11.58 28.54 1.2847
0 12.19 29.02 1.4817
0 12.15 30.36 2.8779
0 12.76 28.78 2.0088
0 11.7 28.9 1.1117
0 11.88 29.71 0.2318
0 12.65 30.65 1.5558
0 11.97 30.14 2.1572
0 9.15 28 2.1871
0 8.1 25.95 2.1041
0 7.76 23.52 1.515
0 7.89 24.09 0.4374
0 8.68 25.36 0.9477
0 10.47 27.91 0.3906
0 11.41 29.68 0.9967
0.2 12.78 31.77 1.5269
0.675 9.98 27.12 2.4133
0.75 7.7 21.43 2.8978
0.2 6.42 18.36 1.4982
0 7.21 23.6 1.3216
0 9.61 26.26 0.4515
0 10.4 27.62 1.0592
0 10.88 29.96 2.2304
0 9.64 28.5 0.8382
0 10.71 27.21 2.5336
0 10.85 29.98 2.4005
0 10.63 30.32 1.5374
0 9.92 29.71 0.9112
0 10.1 29.13 0.8062
0 11.33 30.83 1.1734
0 11.11 31.76 0.4757
0 10.96 31.99 2.1605
0 10.53 27.43 2.5627
0 0.13 14.69 2.3215
0 0.71 19.77 2.458
0 3.41 20.41 0.8014
1.525 4.62 19.87 3.0615
1.1 -0.64 15.66 3.429
0.1 -2.89 6.68 0.3178
0 -2.78 11.97 3.1056
0 -0.8 15.32 1.5746
0 1.69 16.21 1.2766
0 2.46 18.07 0.747
0 3.73 18.87 0.7266
0 2.7 18.97 1.9831
2.425 3.75 17.45 2.0816
69.3 3.17 12.03 6.7399
41.125 4.76 10.16 4.5641
0.6 7 13.6 0.8915
0 6.51 18.99 2.0787
0 5.62 20.8 1.0434
0 8.13 24.08 1.8306
1.2 5.62 19.42 2.3047
0.7 0.42 14.83 1.7655
0 0.88 13.04 1.0361
0 2.15 16.53 0.6464
0 3.07 17.87 1.0719
0 4.55 18.95 1.1204
0 4.71 17.59 1.8173
0 4.27 18.43 1.0881
0 3.34 18.97 4.5294
0 -1.23 13.56 4.9214
0 -3.18 7.61 0.7958
0 -2.68 10.48 0.0899
0 -0.73 16.37 0.8403
0 3.32 17.39 0.8123
0 4.85 18.93 1.2816
0 5.17 20.82 1.1856
0 5.05 21.23 1.8326
0 3.16 19.49 2.4497
0 0.66 13.35 0.8724
0 0.9 13.18 1.4931
0 -1.49 10.87 1.8529
0 -0.81 11.8 1.1958
0 1.45 12.64 0.6717
4.3 2.42 13.5 0.392
4.525 0.4 12.33 1.8918
0.925 -3.39 5.01 1.1765
0 -3.32 6.22 1.0115
0 -3.11 7.55 2.9061
0 -2.24 10.87 2.1198
0.9 -0.86 13.22 1.677
0.5 -0.33 13.59 1.6354
0 -2.35 10.6 2.4192
5.025 -1.66 11.55 4.03
2.75 -2.6 9.49 1.0438
0 -2 5.34 0.6443
0 -2.78 7.83 2.3428
0 -1.22 10.79 3.6848
0 0.36 11.74 4.0847
0 0.17 13.41 2.6221
2.975 0.59 13.69 1.09
1.725 -2 7.49 5.3821
0 -1.95 6.56 5.0639
0 -1.4 9.89 3.9247
0 -1.3 11.98 1.8436
0 -2.35 11.21 2.4126
0 -4.14 12.16 2.2308
0 -3.19 9.19 2.0909
0 -3.28 10.17 0.7472
18.275 -5.56 5.11 2.4115
16.1 -6.24 0.22 0.8149
2.975 -12.82 -3.01 0.8909
0 -11.71 -3.34 1.892
5.425 -9.8 -0.02 3.1135
34.325 -5.67 3.01 2.6995
63.875 0.21 3.88 3.7066
31.975 -1.31 4.08 4.2745
3.825 -2.2 1.57 0.9512
0 -3.19 2.91 3.1471
0 -1.76 5.48 2.5666
0 -0.95 6.43 2.1729
0 -1.13 8.8 2.7384
0 -0.88 8.39 4.0655
0.9 -0.41 8.49 2.8294
11.125 0.14 10.16 1.9311
7.975 -3.56 5.59 3.62
1.15 -7.68 2.23 2.4921
0 -5.09 5.69 3.9657
0 -3.52 7.22 3.9283
5.175 -3.32 7.59 4.0647
3.475 -2.56 5.66 2.0949
2.075 -3.56 3.22 3.1872
7.575 -3.21 3.61 0.9046
3.9 -1.41 3.34 1.5519
1.5 -2.59 2.96 2.6716
1 -2.4 5.38 2.3022
0.1 -2.03 6.21 1.0983
0 -2.25 8.25 3.8624
0 -2.64 10.5 2.8185
0 -1.41 10.45 2.5081
0 -0.99 9.56 2.9884
0 -0.24 10.24 2.7793
1.25 0.65 11.05 3.0554
1.325 1.18 10.76 2.3051
0.35 1.38 7.83 2.4876
1.425 1.38 10.06 3.1414
20.825 1.67 12.05 4.5697
14.05 -0.08 7.11 2.0991
1.35 -4.17 4.75 1.5349
0 -2.78 7.42 3.3688
0 -1.39 10.58 2.1379
11.15 -1.32 10.02 2.7548
22.2 -0.59 6.19 4.839
27.225 -0.43 3.33 5.7485
32.375 -2.49 1.56 6.6362
30.55 -3.9 2.53 3.9471
17.85 -4.53 0.27 3.7506
4.925 -5.6 -1.05 1.1303
1.025 -6.93 2.45 2.3461
5.4 -4.67 2.48 4.1223
2.85 -1.27 3.71 2.8545
0 -2.67 5.24 1.4446
0 -4.68 7.68 2.9356
1.55 -2.81 6.98 3.1767
1.225 -2.55 7.64 1.4815
0.15 -4.98 5.44 0.9992
0 -6.2 6.38 1.7693
0 -3.1 7.06 2.017
0 -1.85 7.19 0.6945
7.275 -1.95 8.75 2.9585
10.85 -0.86 6.4 3.2482
12.825 0.16 4.63 1.6652
6.85 -1.56 3.04 2.2781
3.35 -2.51 2.74 1.5505
2.275 -2.62 3.03 2.1627
0.45 -4.63 2.31 0.4423
0 -4.33 4.6 1.278
0 -2.54 6.17 1.4245
0 -2.78 9.21 1.246
0 -1.14 11.13 1.4896
0 -1.33 12.7 0.9213
0 -0.09 12.29 1.7389
0 0.17 12.63 2.4877
0 -0.5 15.12 0.9301
5.625 -1.15 12.92 1.1588
7.45 0.26 7.81 2.0439
6.35 -1.39 4.54 2.7201
2.275 -6.67 2.57 2.4522
24.975 -5.85 7.12 3.8742
19.25 -1.68 3.67 2.7581
2 -4.11 5.04 0.8092
32.925 -2.93 8.8 4.7571
20.95 -1.39 8.16 1.1824
0.925 -2.2 3.16 0.4592
0.1 -1.99 9.32 2.4176
5.925 0.35 10.98 2.6923
18.125 -0.69 3.22 3.374
8.575 -4.24 1.9 2.873
0.025 -5.56 1.71 1.3546
0 -3.73 5.67 2.5823
0.175 -3.48 8.07 0.773
3 -1.21 8.62 2.4772
4.3 -8.58 3.8 3.6071
1.65 -6.48 3.06 1.9361
0 -6.1 3.36 0.5806
21.175 -4.27 8.89 2.3996
12.275 -4.77 7.59 2.309
0 -5.22 5.45 2.8262
0 -4.53 9.91 3.9275
0 -1.47 16.25 1.3942
0 0.67 16.1 0.8157
0 1.03 16.37 3.0053
0 -4.59 16.21 2.2948
0 0.71 17.81 2.0354
0 0.67 16.45 0.5263
0 -0.24 15.28 1.3341
0 -0.91 13.7 2.17
0.825 -0.64 14.66 2.1933
2.15 -0.96 14.59 2.478
1.575 -4.42 8.22 2.0735
0 -3.01 10.33 2.8978
0 -2.45 13.81 1.3243
4.025 0.15 14.89 2.9076
15.15 0.29 14.47 5.5305
7.9 -3.8 4.45 2.9031
0.425 -6.75 3.26 0.6416
8.45 -5.07 6.29 2.4089
4.675 -3.89 3.44 1.8352
24.85 -3.92 4.81 2.7876
14.425 -4.45 3.75 3.1359
0.1 -5.46 3.05 0.5053
0 -4.59 8.37 2.3981
0 -2.86 13.33 0.3693
0 -0.34 14.41 1.8887
0 0.72 13.96 1.9249
18.35 0.2 8.03 3.9632
16.325 -1.79 3.98 4.5199
4.25 -3.32 3.35 1.1036
0 -2.32 7.37 0.6383
0 -1.66 8.62 0.8236
0 -0.44 13.77 2.1863
0 -0.34 13.21 1.2348
0 0.22 16.01 1.2049
7.15 1.97 17.64 1.537
18.975 1.55 15.25 2.7178
10.475 -3.25 4.17 3.0577
1.15 -1.72 1.85 1.7613
0.025 -0.55 4.71 1.0944
0 -0.18 14.32 0.7201
0 3.35 16.18 1.2538
0 3.57 19.79 0.7547
9.875 4.74 19.34 4.5678
9.05 -1.98 8.7 4.9565
3.2 -4.56 4.22 3.6383
0.075 -4.65 4.7 3.1756
0 -1.7 11.06 1.734
0 -0.05 14.17 1.749
0 2.1 18.47 1.0965
0 3.64 19.52 1.9875
0 2.35 18.03 3.5164
0 -0.56 13.89 2.2744
0 -0.48 14.24 0.8658
0 0.95 16.34 2.7416
1.85 0.84 14.9 3.5744
21.6 -0.26 6.07 3.4053
12.05 -5.31 4.42 3.9655
0.025 -4.07 7.88 2.0608
1.075 0.9 15.48 1.2152
0.65 2.57 18.36 0.7793
0 2.95 18.84 0.6565
0 6.2 20.78 1.3292
10.475 7.58 20.26 2.1736
6.275 2.92 11.31 2.0383
0.225 4.16 13.53 1.589
0.125 5.51 16.75 3.3145
3.125 0.85 16.26 4.2433
4.25 -3.12 9.18 3.542
2 -2.65 5.93 4.0672
0.35 -0.64 10.04 2.2934
10.3 -0.67 9.92 1.5962
15.225 2.31 12.01 3.1498
23.55 0.7 9.26 2.3733
10.6 -1.83 7.39 3.4138
0 -1.04 9.92 1.5821
0 2.72 17.69 0.6444
0 6.27 21.2 2.5034
0 8.51 20 3.0099
0 6.31 18.68 2.3538
0 7.59 20.32 2.5123
0 8.89 20.79 2.6954
0 9.2 22.64 1.8833
0 10.24 26.07 2.7625
0 8.97 26.12 3.0206
0 8.2 23.93 2.3345
0 7.47 23.95 3.808
0 2.65 19.14 4.5176
0 4.48 15.6 5.1839
0 7.12 19.13 3.9906
0 7.6 23.01 1.0217
0 8.53 23.7 1.7878
0 8.95 25.59 2.8894
0 5.04 23.86 3.1723
0 4.15 18.95 1.033
0 4.78 23.07 2.2854
0 5.15 20.6 3.3324
0 3.92 18 2.6041
0 5.17 20.1 1.662
0 6.42 21.91 0.8119
0 8.43 25.17 1.7442
0.55 9.09 26.21 2.2442
0.275 10.33 23.38 2.7393
0 8.98 23.34 2.4207
0 11.12 26.21 0.9065
0 13.33 29.45 1.5038
0 12.91 31.29 3.2407
0 10.06 28.17 2.9565
0 7.93 26.27 2.7072
0 7.77 25.52 2.8213
0 9.11 23.37 2.1514
0 8.36 23.74 1.1665
0 10.17 26.37 1.7963
0 10.12 28.45 2.2552
0 10.88 27.03 2.3066
0 10.52 26.5 2.1969
0 12.53 27.69 2.071
0 12.27 28.26 1.863
0 12.92 29.62 2.4494
0 13.71 29.09 3.2704
0 13.36 26.98 3.3611
0 12 26.52 1.6053
0 12.64 28.24 1.1852
0 15.15 30.75 2.6639
0 14.77 31.7 2.7967
0 14.1 31.48 2.5967
0 12.4 31.56 1.8946
0 12.62 29.88 1.941
0 12.17 27.9 2.6592
0 11.27 28.39 0.9841
0 12.05 27.43 2.2584
0 12.86 28.54 2.0583
0 14.14 30.04 2.5936
0 13.69 29.42 2.8753
0 13.03 26.86 2.0682
0 10.54 25.52 2.5575
0 10.51 26.57 2.2059
0 10.11 27.26 2.5411
0 10.63 26.87 2.4517
0 9.93 26.4 2.0403
0 10.11 26.62 2.4784
0 9.58 27.28 1.655
0 10.21 27.3 2.0087
0 10.5 27.38 2.1082
0 9.88 26.4 2.251
0 10.03 26.3 2.5914
0.15 10.42 25.7 3.0316
0.1 9.83 23.95 2.225
0 9.18 24.4 2.1501
0 8.81 23.83 2.4268
0 8.73 23.24 0.9957
0 9.41 24.24 1.2901
0 10.72 25.7 2.2324
0 10.68 25.84 2.8553
0 10.23 26.4 1.1103
0 11.38 28.54 1.6897
0 11.43 28.63 1.8113
0 9.51 27.62 1.9481
0 10.13 27.45 2.2672
0.075 10.71 27.82 2.09
0.05 7.37 24.47 1.706
0 8.98 23.4 2.7061
0 9.7 28.52 2.2188
0 13.67 32.57 0.6498
0 15.71 34.08 2.5006
0 12.09 30.42 2.4348
0 7.52 26.53 3.0245
0 4.32 15.26 2.181
0 4.31 16.16 2.4323
0 5.31 18.35 1.3309
0 7.85 21.69 0.8886
0 10.5 26.5 0.6001
0 11.49 29.32 1.2664
0 11.26 30.04 1.3593
0 11.21 28.81 1.9237
0 9.8 26.36 1.4864
0 9.31 26.32 2.5327
0.025 6.82 25 2.9797
0 2.78 11.05 1.9611
0 2.84 16.61 0.79
0 5.18 20.53 0.7398
0 8.17 24.42 1.1478
0 8.42 24.92 1.8456
0 7.25 22.86 1.4996
0 7.39 22.69 0.9252
0 7.17 22.94 1.6029
0 7.85 23.79 1.6189
0 7.82 22.29 1.5694
0 7.68 22.35 1.5235
0 5.66 19.35 1.1455
0 5.56 20.93 1.0262
0 5.03 18.87 2.7526
0 3.98 16.16 0.9326
0 5.56 21.72 0.5816
0 9.13 24.94 0.9309
0 11.72 28.67 0.4223
0 11.12 28.95 1.2455
0 12.51 30.55 0.516
0 13.3 31.56 0.5682
0 12.44 30.78 0.289
0 12.52 27.86 0.5104
4.675 11.97 25.6 1.358
24.1 10.32 25.36 1.7907
15.1 7.16 16.4 1.4047
1.475 5.46 10.99 1.3789
1.825 2.63 10.75 0.7539
2.8 2.86 13.47 2.3127
0.25 2.05 11.16 0.6898
0 3.59 17.04 1.8132
0 6.08 18.09 1.6921
0 7.58 20.82 1.6643
0 8.58 22.03 2.4849
0 8.83 24.15 1.6637
0 9.04 24.22 0.7527
0 8.59 24.16 0.7359
0 8.5 23.9 1.2864
3 7.73 19.92 0.9724
1.5 4.03 14.9 1.1953
0 4.67 14.79 1.7885
0 4.9 19.89 1.0652
0 5.71 18.72 1.9111
3.675 3.78 15.08 1.6116
12.1 4.87 14.66 1.762
75.8 5.84 8.94 5.1486
27.45 1.32 9.21 3.6355
0.125 -0.76 9.42 1.4446
0 -2.56 10.14 3.0981
0 -0.24 11.7 3.4561
2.975 3.33 15.11 2.0512
3.5 2.76 15.54 1.8792
0.725 0.53 6.45 0.8315
0 0.74 12.67 1.7956
0 1.67 15.22 3.1529
0 4.31 18.29 2.966
0 6.07 20.77 1.936
0 7.21 21.08 1.2245
1.725 5.25 19.89 2.2344
21.575 3.21 16.48 3.3984
11.875 -1.74 6.57 2.5538
2.825 -3.84 5.27 0.7945
2 -2.02 7.21 1.613
0.05 -2.87 5.25 2.3813
0 -1.39 9.64 1.4915
0 -1.01 10.98 3.0864
0 1.9 13.24 1.584
0 3.09 15.16 2.6358
0 2 15.83 1.1938
0 1.01 13.96 2.2031
0.8 0.4 14.58 2.2074
22.4 1.22 13.48 2.7126
38.375 -3.53 5.13 3.3316
30.25 -4.42 0.18 5.1642
17.4 -3.95 -0.04 3.4822
18.95 -3.08 0.95 4.4253
7.2 -9.03 -0.85 1.2415
0 -9.3 0.49 3.495
7.325 -7.15 0.41 3.3548
14.075 -4.74 3.56 2.9485
9.55 -8.43 0.29 2.4694
0 -10.21 -0.25 2.4451
0 -7.76 0.98 3.0428
0 -4.12 3.77 2.2455
0.025 -2.83 8.9 2.5493
0.2 0.25 5.04 1.5959
2.8 0.71 7.64 2.0673
22.6 0.93 6.22 2.1939
8.75 0.73 9.88 3.3503
0.825 -1.7 6.39 2.2641
7.475 -0.25 8.84 2.1089
8.175 0.84 7.61 1.1694
1.75 2.26 7.59 1.6014
0.1 0.4 8.25 0.4633
0 -0.07 9.64 2.2115
1.975 0.24 9.36 1.3572
23.65 0.56 8.66 2.1201
14.05 -3.08 4.86 1.4677
5.825 -4.77 4.08 2.7404
58.25 -4.72 4.03 3.3907
83.05 0.25 4.3 5.0624
81.725 1.02 5.74 5.8615
24.525 -2.92 6.54 2.6491
9.375 -2.41 -0.71 2.5341
6.075 -1.93 3.01 2.2869
2.8 -1.68 2.98 0.5706
1.675 -2.68 4.91 2.9944
19.25 -2.41 7.45 5.3197
10.525 -3.39 7.06 2.2789
1.25 -3.5 1.61 0.9736
61.05 -3.05 3.37 2.4282
42.175 -1.47 3.14 4.5941
2.9 -10.48 1.14 2.3477
3.4 -11.28 -2.46 1.5318
23.675 -9.9 -0.6 4.1266
18.375 -4.2 0.5 4.5478
6.525 -4.4 0.5 2.4967
0 -6.28 1.2 3.1272
0 -5.76 2.47 3.7719
0 -4.1 4.18 5.1495
0 -3.97 4.75 3.7694
0 -4.35 5.09 1.9676
0 -4.57 3.5 1.1353
0 -7.48 1.78 3.2554
3.9 -5.31 3.36 3.3082
3.325 -1.73 5.97 2.0348
0.975 -1.78 7.69 1.6752
0.525 -1.52 4.73 1.2515
0 -2 10.05 2.5643
0 0.46 9.37 0.6519
0 1.11 11.48 0.5795
0 0.66 11.4 2.3034
0 -1.34 11.11 1.3408
0 -1.61 10.72 4.1957
0 -1.51 11.41 3.7233
0 -0.83 11.87 3.0264
0 -0.94 13.86 3.935
0 -0.94 11.99 2.0191
0 -0.37 12.26 2.2048
0 -0.54 12.68 4.9441
0 -0.19 13.63 3.4151
0 -0.64 13.57 1.8395
9.675 -1.59 12.63 0.6661
9.3 -2.5 9.61 1.7671
2.425 -3.43 2 1.4752
0 -4.19 4.95 1.9878
0 -5.14 7.42 2.9861
0 -4.14 7.96 2.0507
0 -3.51 8.6 2.7056
0 0.22 13.2 1.6072
0 0.38 13.68 1.9013
0 0.42 15.25 0.5412
0 -2.66 13.65 2.3532
0 -5.24 7.63 3.6076
0 -5.22 7.01 3.6638
0 -4.52 8.35 3.7023
0 -3.14 12.77 2.6678
0.025 -2.64 15.16 1.2725
0.475 -2.56 14.92 3.759
18.3 -0.69 9.93 4.7542
20.6 -2.46 7.51 6.0276
34.1 -4.68 -1.12 4.7899
44 -4.4 -0.92 2.7421
18.125 -4.75 1.24 3.5494
1.1 -8.75 -0.05 0.661
0 -7.85 1.47 1.281
0 -8.38 1.51 0.4342
0.425 -7.12 4.41 0.5672
10.7 -5.42 4.17 2.5851
22.5 -4.05 2.68 5.4419
7.85 -9.59 -0.36 0.8393
41.775 -10.66 -2.46 0.5443
1.925 -9.21 2.42 2.2905
6.025 -7.96 5.38 1.7741
19.675 -5.06 7.63 3.7448
6.825 -0.32 5.82 1.6038
0.3 -4.29 6.39 1.4657
6.325 -2.7 9.54 0.4828
30.675 -1.25 11.14 1.7036
17.15 -0.98 4.13 4.1261
0.25 -3.52 3.68 0.7911
0.05 -1.8 9.62 1.5476
0.05 -0.25 12.38 1.2442
0 -0.93 10.86 0.9886
0.175 -1.31 8.75 0.4593
4.725 -1.08 9.87 1.25
6.225 0.67 8.6 1.3355
31.375 1.05 10.5 1.561
19.6 1.62 10.96 2.7768
2.65 -4.73 4.56 0.9777
19.675 -4.74 7.01 3.6875
38.675 -4.23 3.5 4.8289
49.15 -2.92 0.56 5.6725
26.725 -3.97 -0.1 2.4604
6.55 -5.08 1.62 1.2308
12.975 -3.29 5.76 4.9286
29.6 -2.25 0.99 5.5984
21.475 -5.71 0.34 4.1676
24.925 -5.15 2.33 3.1423
7.9 -1.59 1.6 1.6829
1.625 -1.66 4.73 0.6096
0 -1.74 8.9 1.0442
0 -0.47 7.53 1.7526
0 1.19 12.71 2.3754
0 2.51 20.24 1.8977
0 3.01 21.82 0.8226
0 -0.46 15.65 1.7195
0 -0.62 14.21 1.9562
0 0.08 17.6 1.2114
1.8 0.32 16.76 1.3614
7.925 -2.36 15.64 3.488
5.2 -7.43 1.45 1.561
0.65 -7.59 1.36 1.2487
0 -6.93 6.7 0.3955
0 -4.44 10.98 1.4499
0.05 -2.08 12.09 1.1876
0.8 -1.82 12.74 2.7112
0.5 -4.7 4.92 0.4976
0 -4.49 11.91 0.7558
0 -0.13 16.17 1.1329
0.2 1.19 18.64 2.0493
0.3 3.62 18.59 2.7197
0.2 4.37 15.63 1.4743
0.775 2.53 14.96 1.9136
6.425 3.52 11.61 2.0313
1.525 -0.72 12.05 0.8481
1.475 -0.47 11.65 0.9633
1.4 1.45 10.26 2.2489
0.775 0.5 9.84 2.4044
0.1 -2.4 11.95 2.272
0 -0.83 13.9 0.7947
0 0.36 16.38 2.204
0 -1.21 15.25 4.2621
0 -2.73 13.26 3.402
0 -1.52 14.21 1.8915
0 0.98 16.68 0.5532
0 2.53 18.61 0.8445
0 5.03 19.7 3.0431
0 6.73 22.58 0.8716
0 6.37 23.74 1.357
0 5.48 22.02 1.9166
0.1 3.09 17.68 2.8043
2.25 -1.1 7.93 2.9699
1.875 -2.17 7.41 2.4619
0 1.25 14.59 1.6719
0 3.79 17.69 1.0518
0.325 4.47 20.02 0.5647
17.6 5.19 20.81 2.9442
19.825 -2.66 10.71 2.9203
9.35 -3.35 3.48 1.2581
33.375 -1.78 5.59 3.4849
13.4 -1.06 2.78 2.1702
0.975 -1.56 7.29 3.0374
0.025 -1.28 14.81 1.5308
0 3.79 17.73 1.97
0 2.96 17.63 2.9354
0 1.4 16.31 4.3061
0.3 1.17 14.53 2.2892
2.35 2.88 15.84 2.8936
0.8 -0.31 12.94 2.3013
0.375 0.66 13.35 3.292
4.05 1.15 13.27 4.0934
3.55 -1.1 9.92 4.603
0.625 -0.11 10.88 2.9029
1.2 1.04 12.69 2.7467
1.475 1.36 13.24 2.855
0.775 -1.54 8.08 1.645
0.425 -0.4 10.98 0.8494
7.075 1.6 12.22 3.0165
18.55 5.5 7.83 1.2758
9.075 1.81 13.32 3.655
0.275 1.5 9.77 1.8969
0 3.23 15.21 2.8801
0 4.86 18.9 1.481
0 6.58 21.48 2.3509
0 6.48 21.38 3.0198
0 5.15 18.58 2.6966
0 6.17 20.14 2.7013
0 8.06 23.92 1.7657
0 9.32 26 1.8832
0 8.8 25.19 2.227
0 7.02 22.2 1.1567
0 8.31 22.38 2.8988
0 7.59 23.53 2.1546
0 8.82 23.23 0.4221
0 10.7 26.59 0.5852
0 12.54 29.44 2.5414
0 11.37 29.13 2.7542
0 9.6 26.49 2.5019
0 7.62 24.49 2.5845
0 7.94 23.55 2.2759
0.625 9.31 24.68 2.2252
26.425 9.26 24.91 2.6622
14.4 6.15 21.3 2.5012
1.125 4.08 15.13 2.2659
0 7.58 20.58 0.9736
0 8.62 25.87 0.8372
0 11.97 28.53 0.7738
0 12.7 29.26 1.5682
0 13.12 28.69 1.7193
0 14.2 28.54 2.4993
0 14.26 28.69 2.942
0 12.53 27.29 2.102
0 12.33 27.56 2.4334
0 10.25 26.99 2.1873
0 8.92 25.94 2.4762
0 8.75 23.21 2.6444
0 8.11 22.41 3.2204
0 7.7 19.98 2.7209
0 8.05 19.59 3.2887
0 6.63 19.95 3.3063
0 7.16 21.51 2.1205
0 7.58 23.18 1.3972
0 8.64 23.38 1.954
0 8.97 24.36 1.2615
0 9.79 25.26 2.2687
0 9.97 27.28 2.7935
0 10.49 27.23 1.8727
0 11.52 27.66 2.1309
0 9.98 28.81 2.221
0 9.3 27.62 1.7643
0 9.35 27.11 1.6405
0 10.55 26.92 1.3943
0 11.43 29.93 2.2716
0 12.44 30.05 3.1862
0 14.28 29.76 2.2345
0 12.88 26.83 1.668
0 12.2 27.59 1.912
0 11.71 28.48 2.1175
0 10.5 28.29 3.1901
0 9.34 24.4 2.3608
0 10.27 25.14 3.1772
0 10.59 24.92 2.6007
0 10.01 27.11 1.9011
0 9.72 25.95 2.0161
0 9.7 26.77 2.1649
0 10.48 26.82 2.6897
0 9.66 27.48 1.6448
0 10.38 26.63 1.4864
0 12.02 28.52 2.1283
0 10.11 27.52 1.4219
0 9.73 27 0.9706
0 8.85 27.4 1.7605
0 9.74 28.12 1.5336
0 10.03 27.51 2.6006
0 9.68 25.29 2.169
0 8.92 24.78 1.7521
0 8.48 24.49 1.2771
0 10.21 25.7 0.8825
0 10.74 27.84 2.0481
0 11.94 28.07 1.3148
0 12.18 28.1 0.9384
0 12.78 29.44 1.0793
0 13.03 29.54 1.5073
0 11.96 29.82 1.6911
0 10.8 28.62 1.921
0 9.34 26.85 1.7865
0 9.7 25.9 0.6981
0 10.54 25.7 0.9768
0 10.97 27.55 0.7678
0 11.51 27.38 0.8634
0 12.54 28.4 1.9101
0 10.41 28.64 0.4943
0 11.23 27.77 0.9034
0.45 11.85 28.45 0.8609
0.425 11.74 28.58 1.7796
0.725 10.01 28.68 1.0221
2.5 10.74 25.06 1.7622
3.85 8.45 19.69 1.5967
3.85 8.72 23.63 0.7235
3.25 8.19 24.08 1.3433
0 9.6 23.17 2.5497
0 7.54 23.14 1.7366
0 6.71 20.41 1.6582
0 6.52 20.43 0.5399
0 7.85 25.52 0.2354
0 9.81 28.3 0.9062
0 10.52 27.07 0.5797
1.025 11.75 27.62 0.4529
0 11.22 29.96 0.6525
0 11.91 30.21 1.5986
1.8 9.59 26.75 2.3736
0 6.56 18.22 1.7676
0 7.44 22.35 0.4225
0 10.1 26.25 0.5754
0 8.5 25.56 1.0291
0 10.87 26.92 1.4505
0 8.28 24.16 2.5142
0 7.96 20.07 2.0043
0.325 6.86 20.86 2.1283
16.7 2.8 16.91 2.3303
22.525 2.07 12.06 3.9503
6.05 -0.39 5.08 0.8511
1.425 -1.83 5.33 0.8627
0 -1.15 10.62 1.4173
0.575 1.26 14.35 1.2247
3.225 4.28 16.57 1.711
2.25 6.72 12.04 1.8585
0 4.66 17.52 0.9632
0 5.4 21.8 0.6076
0 8.36 22.92 0.4223
0 6.99 23.33 1.1272
0 7.88 22.99 1.4388
0 7.86 20.3 1.8117
0 8.05 21.66 1.7642
0 6.91 22.62 0.8472
0 6.1 19.24 0.5592
0 5.31 20.56 0.5456
0 4.96 18.92 2.5056
0 5.83 20.78 1.9192
0 5.97 22.21 2.0209
0 4.84 19.35 1.4029
0 2.31 14.64 3.3709
0 0.13 13.96 3.3979
0 1.42 14.17 2.0195
0 2.78 15.96 1.0118
0 3.69 17.73 2.1639
0 3.45 18.88 0.2115
0 2.4 18.63 3.7523
0.075 2.64 15.4 4.1393
4.975 0.6 16.17 3.8387
5.275 -3.35 14.49 1.851
6.65 -6.11 3 0.7317
4.45 -5.52 2.71 1.621
0.075 -5.68 3.19 0.9948
0 -5.72 3.83 2.1979
0 -3.51 7.8 3.1084
0.225 -2.74 10.13 2.8657
2.1 -0.43 12.61 3.2534
1.95 1.91 10.31 0.7825
0 0.72 10.51 0.2321
0 2.32 10.54 0.5668
0 -0.43 10.2 0.4908
0 -0.3 11.38 0.9208
0.125 -0.69 11.78 1.289
0.35 0.11 11.32 3.6277
4 -2.97 3.96 2.3221
3.2 -2.75 3.29 3.9631
1.325 -4.87 4.3 1.79
0 -3.82 5.65 2.6073
0 -2.76 6.73 3.8181
0.175 -2.54 10.64 2.399
0.075 -1.64 6.99 0.7598
0 -0.5 9.78 2.86
0 1.29 13.68 2.2882
0.025 1.74 15.28 1.0837
0.025 2.35 12.59 1.7934
0 -1.28 14.85 3.7168
0 -3.15 11.07 8.3275
0 -2.41 8.42 3.6901
0 -3.9 10.34 4.2141
0 -5.56 7.89 2.8846
0 -5.73 6.36 3.4911
0 -6.15 6.74 3.0547
0 -5.45 6.84 3.5506
0 -3.56 8.69 3.6992
0 -3.02 9 4.3925
0 -2.94 11.1 3.186
0 -4.77 9.7 0.9956
0 -5.61 7.22 1.6351
0 -5.86 6.86 1.5076
0.1 -5.88 5.31 0.9379
0.625 -5.81 5.88 0.7912
0.275 -5.02 4.92 5.4908
0 -2.52 10.14 4.7169
0 -4.3 10.63 2.8174
0 -4.22 7.87 4.8001
0 -4.54 7.74 4.4808
0 -5.57 7.6 3.642
0 -6.02 7.63 4.489
0 -4.75 8.34 3.9578
0 -3.97 8.65 5.0409
0 -2.83 11.08 3.3994
0 -2.36 11.47 1.3849
0 -2.44 11.27 1.0234
0 -1.51 11.27 1.0594
0 1.45 13.69 0.9061
0 0.08 11.33 1.5791
0 -2.59 9.56 2.4116
