0.9 -2.89 11.92 1.4897
7.65 -2.92 3.4 1.2939
3.625 -1.95 10.18 1.7834
0.025 -4.19 6.89 3.8097
1.425 -4.7 8.47 1.9011
0.7 2.42 4.67 0.3724
0 0.3 4.91 1.4905
0 -0.14 7.17 0.8041
0 0.28 10.38 4.1273
0 -2.35 8.77 3.445
0 -3.38 15.8 2.5387
0 -2.74 13.15 5.3789
0 -1.12 15.89 4.0504
0 -1.8 19.59 3.818
0 -1.78 18.61 3.8882
0 -1.25 20.23 4.9024
0 -1.21 19.09 4.2332
0 -1.2 19.59 4.7705
0 -1.2 20.11 4.9367
0 -1.21 19.54 3.4802
4.15 -0.63 19.05 2.6938
18.4 5.87 17.9 2.0814
9.775 8.55 10.25 1.6481
32.65 7.67 12.73 2.2727
12.7 2.42 11.75 3.3464
2.025 -2.56 4.59 0.9608
0 -4.73 7.88 1.2465
0 -4.69 7.98 1.4195
0 -2.91 11.35 4.1111
0 -2.96 13.03 4.4455
0 -1.24 17.48 2.9643
0 -0.7 16.91 3.0583
0 -0.71 14.68 4.0243
0 -0.19 19.6 3.8266
0 -0.07 21.26 3.0156
2.525 2.01 20.64 2.6445
10.425 5.69 10.84 3.0173
4.55 2.45 12.82 2.7547
9.475 1.35 12.39 1.2209
6.075 0.16 10.67 3.3357
5.475 -5.89 6.75 0.397
9.675 -5.85 8.41 2.6972
5.4 -1.96 8.46 1.3546
19.075 -2.03 8.44 3.1482
9.575 -0.33 5.2 3.7616
2.175 1.32 8.44 6.2394
15.025 2.95 9.51 5.4624
12 2.41 8.45 4.454
2.35 -0.33 5.72 1.5316
0 -2.48 11.68 3.5202
0 -2.43 15.66 2.6944
3.55 -1.9 16.78 3.7325
12.725 -0.28 14.61 3.935
9.6 8.41 11.22 2.8741
2.625 5.14 12.35 1.6157
1.225 4.63 15.74 1.5824
1.1 3.55 13.97 2.5736
0.3 -0.8 14.54 0.4303
0 -0.75 14.12 3.6343
9.3 2.55 17.37 2.9574
30.225 8.45 14.08 4.2463
52.35 5.72 14 4.965
21.225 1.37 10.15 2.7263
0.825 -2.53 10.13 0.9856
0.05 -2.49 11.18 1.8721
0 -3.07 9.56 0.3806
0 -2.54 11.85 1.3699
0 -1.39 12.98 2.6285
0 -4.19 9.1 0.5577
0 -4.16 10.82 0.6711
0 -1.85 14.07 1.9733
0 -1.33 15.23 2.108
0 -1.28 16.35 1.3822
0 0.31 13.56 2.4958
0 2.49 15.77 2.9493
0 3.04 16.9 1.0404
0 3.06 18.55 1.2045
0 3.13 19.18 1.1971
0 4.16 20.79 0.8674
7.45 4.19 20.23 1.7347
6.65 2.37 15.14 3.9568
1.425 -3.14 8.47 2.2319
0.025 -3.08 11.3 1.9552
0 -1.94 14.71 0.7355
0 0.86 17.95 1.8991
0 3.62 19.66 1.9765
0 4.15 20.21 1.4332
0 4.15 21.83 3.5401
0 -1.33 15.22 2.0967
0 -1.84 14.72 0.4572
0 0.89 17.98 2.8112
0 2.52 21.28 2.6037
0 2.44 16.35 5.1525
0 -2.49 14.06 1.9699
0 -2.41 15.28 2.6331
0 -0.23 20.78 2.0049
13.325 1.97 23.49 1.1406
8.525 3.53 17 2.9385
6.875 2.45 11.77 1.809
5.7 4.07 12.3 2.3002
1.275 1.36 12.86 3.6428
0 1.41 14.62 1.5393
0 2.5 18.54 2.3933
0 4.65 18.52 4.9947
0 -3.59 9.31 5.7528
0 -2.98 12.31 2.9336
0 -0.79 16.9 1.6111
0 1.43 20.78 2.5839
0 1.59 24.11 2.609
0 7.55 28.53 1.4948
0 8.16 29.13 1.1919
0 7.64 30.75 1.8598
0 7.02 30.17 2.4923
0.075 6.91 21.48 3.16
0.025 -0.8 14.61 3.3043
0 -0.24 17.4 1.9723
0 1.95 18.53 2.3035
0 -0.74 16.9 3.0823
0 -0.81 14.14 1.7225
0.025 -0.14 17.43 1.8876
36 1.52 20.23 1.8549
19.3 9.61 17.45 2.523
1.2 9.61 15.65 3.7135
1.525 7.99 17.33 1.9125
0.6 9.7 19.61 3.7056
0 8.53 22.42 1.9902
0 7.49 24.09 2.9447
0 6.46 22.51 1.8781
0 6.98 24.15 1.6151
0 7.01 25.74 1.2646
0 7.03 26.88 3.0319
0 4.84 25.24 3.3348
0 5.37 23.01 2.7419
0 5.93 26.24 3.0706
0 7.57 24.68 2.0711
0 9.27 28.51 1.5319
0 12.07 33.52 0.3318
0 11.56 35.73 2.1985
0 13.1 34.63 2.4662
0 8.7 28.53 1.4624
0 7.61 27.43 1.0161
0 8.72 28.52 2.4198
0 9.24 29.05 2.9893
0 7.59 26.88 2.7476
0 7.01 25.24 2.0932
0 9.76 26.86 1.6106
0 10.37 29.63 0.9921
0 12.02 32.91 2.0659
0 13.06 33.4 2.5394
0 13.64 32.86 3.0746
0 12.47 26.92 2.2832
0 11.43 28.51 2.2069
0 9.81 25.73 2.3181
1.1 10.33 24.61 0.4595
2.125 9.16 25.13 2.1414
3.25 7.98 21.82 3.2814
3.725 5.27 17.9 2.1266
1.275 6.92 20.12 2.6399
0 8.06 24.03 2.5713
0 6.98 25.16 3.3877
0 7.52 23.51 3.0433
0 6.93 21.89 3.3412
0.05 8.05 23.62 2.4548
0.025 10.27 22.32 3.4911
0 7.51 22.4 2.3763
0 7 24.01 2.4678
0 8.1 23.54 2.6017
0 9.78 25.19 3.1299
0 10.83 27.98 2.0413
0 11.93 31.83 2.8321
0 7.6 30.73 3.2272
0 5.91 25.72 3.3229
0 7.02 24.11 1.5288
0 8.19 28.51 0.7786
0 10.89 32.39 1.6219
0 12.51 34.05 2.7267
0 10.94 31.34 1.7518
0 12.07 32.39 0.9761
0 13.65 37.41 0.7631
0 14.81 39.01 2.8408
0 14.28 39 2.7676
0 13.71 35.66 2.2631
0 14.25 35.17 1.8466
0 12.61 35.12 2.8189
0 12.05 35.12 2.5392
0 11.5 31.88 2.7559
0 10.9 30.24 2.5092
0 8.18 29.64 2.6924
0 7.57 29.1 2.6387
0 8.7 28.54 2.6384
0 8.72 29.09 2.035
0 9.87 30.2 1.8513
0 13.11 30.78 2.2988
0 11.53 31.33 1.6439
0 12.01 34.09 0.8623
0 13.11 35.19 1.4965
0 14.2 36.86 1.85
0 14.82 36.85 1.708
0 15.96 38.48 1.9841
0 15.96 39.03 1.594
0 17.03 39.06 2.4306
0 14.28 36.88 2.5607
0 13.18 35.2 2.4239
0 13.15 34.67 2.1108
0 13.22 34.12 2.1585
0 12.11 33.03 2.2754
0 12.04 33.6 1.9869
0 15.36 36.31 1.8145
0 15.94 37.4 2.1579
0 16.46 35.75 2.8867
0 15.93 33.6 2.6305
0 14.19 33.55 2.8078
0 14.74 32.46 2.6202
0 14.15 32.97 3.0342
0 11.4 30.75 2.5672
0 11.95 29.7 2.163
0 12.57 30.83 2.3378
0 10.28 29.61 3.0123
0 7.52 22.5 1.8787
0 8.17 25.69 1.533
0 10.38 30.14 0.6511
0 12.6 32.4 1.2531
0 14.24 35.15 3.0047
0 13.09 35.74 2.8827
0 12.05 34.62 3.1361
0 10.94 31.86 3.1143
0 8.11 29.14 1.5523
0 8.18 29.65 0.5917
0 11.47 32.38 0.874
0 12.59 33.53 0.8923
0 12.67 35.21 1.3244
0 13.76 34.17 2.2968
0 14.84 33.65 2.2246
0.05 14.22 36.32 2.232
0.35 14.68 34.08 2.8855
0.15 12.53 29.62 1.6197
0 10.93 29.65 1.5133
0 10.39 31.32 0.4787
0 9.87 33.02 1.6062
0 9.94 35.12 1.5005
0 12.09 35.14 1.5288
0 12.09 36.8 2.6462
0 14.24 35.14 1.702
0 13.61 32.45 0.8231
0 12.58 34.09 0.4123
0 13.66 35.73 1.6827
0 13.63 35.7 2.3184
0 9.78 32.4 2.1075
0 9.74 29.09 2.1091
0 8.66 26.37 1.7586
0 8.67 28.53 0.5456
0 9.24 29.12 1.0143
0 11.45 32.43 0.4596
0 11.49 34.63 1.0363
0.15 13.11 35.19 1.7992
0.525 10.87 31.81 2.19
2.025 11.34 24.67 2.7128
0.875 9.15 21.89 1.6167
0 8.66 26.91 1.5957
0 10.87 29.68 0.6592
0 11.45 30.81 0.9549
0 13.06 34.62 2.0303
0 10.86 31.9 0.9104
0 10.38 31.34 2.1436
0 12.01 33.03 2.203
0 11.47 34.1 1.3458
0 10.91 34.08 0.7719
0 10.9 33.53 0.7875
0 11.48 34.66 1.1483
0 11.48 35.77 0.4218
0 12.53 35.74 1.9828
0 12.48 32.34 2.5333
0 2.5 18.02 2.3871
0 2.56 21.45 2.3928
0 3.17 24.12 0.8217
0.025 4.33 25.71 3.1567
0.025 4.09 20.75 3.3719
0 -0.24 15.04 0.3284
0 -0.77 17.93 2.7223
0 1.44 21.8 1.3402
0 2.61 21.84 1.3146
0 3.17 22.98 0.6738
0 4.29 23.55 0.5802
0 4.74 24.08 1.8499
1.8 4.82 22.42 2.0111
42.775 4.79 16.34 6.855
24.625 10.18 14.66 4.3662
1.7 12.4 20.65 1.0382
0 10.25 24.61 2.1841
0 10.2 24.13 1.0956
0 13.02 27.25 1.6908
0.5 6.97 22.96 2.1202
0.25 3.08 15.39 1.5996
0 3.1 16.91 1.0517
0 4.19 20.76 0.7113
0 5.84 21.88 1.2059
0 7.51 23.55 1.2567
0 5.92 22.95 1.6803
0 5.88 21.37 1.1109
0 6.9 23.5 4.6243
0 2.48 17.96 4.859
0 -1.32 15.61 0.7692
0 -1.32 14.67 0.1461
0 0.91 19.18 0.8466
0 1.61 21.36 0.8951
0 4.34 21.95 1.2729
0 4.88 23.63 1.1745
0 3.81 25.77 1.8156
0 3.73 25.17 2.4396
0 3.09 18.52 0.7031
0 3.63 18.51 1.6661
0 0.87 17.35 1.8894
0 0.9 16.86 1.1106
0 1 17.96 0.7184
0.65 3.66 17.42 0.4126
2.3 5.2 14.76 1.9841
0.975 -1.33 12.84 1.299
0 -1.32 13.43 1.081
0 -1.32 14.55 2.7691
0 -1.31 14.67 2.0189
2.25 -0.15 18.51 1.4242
1.125 -0.13 19.06 1.9328
0 -1.28 13.61 2.2958
14.125 -1.25 14.19 3.6998
7.075 -0.76 15.17 1.1282
0 -0.73 12.33 0.5252
0 -0.77 15.1 2.1061
0 -0.7 12.56 3.5651
0 -0.63 16.32 3.8759
0.025 -0.11 19.58 2.4892
2.475 0.43 20.13 1.0798
1.225 2.44 11.36 5.2651
0 -1.26 15.57 4.8831
0 -1.77 13.02 3.9079
0 -1.24 16.33 1.6957
0 -1.28 15.24 2.1478
0 -1.92 13.62 2.0323
0 -1.89 13.54 2.0185
0 -1.85 14.66 0.911
5.925 -4.08 10.72 2.1449
11.2 -4.11 6.26 0.7368
4.075 -8.65 3.46 0.7106
0 -8.6 4.51 1.9276
9.575 -8.51 5.72 3.2359
23.1 -1.42 9.04 2.9004
29.3 4.65 9.61 3.8208
23.8 4.59 10.15 4.0315
6.875 4.03 7.39 0.7881
0 -0.26 11.15 3.2954
0 1.39 13.4 2.7183
0 0.9 13.97 2.2064
0 -1.23 13.01 2.7297
0 -0.68 6.08 4.0945
0.575 -0.13 13.53 2.8634
16.55 2 16.79 1.839
8.625 -0.27 10.75 3.6433
0.2 -4.73 7.4 2.2959
0 -4.58 7.03 3.9675
0 -3.46 12.4 4.0169
4.65 -2.39 15.08 4.1228
4.3 -2.35 11.3 2.1245
1.575 0.25 11.7 3.0714
2.9 -0.26 9.6 0.8589
1.3 4.06 10.11 1.4811
0.05 1.35 10.1 2.7168
0.025 0.83 11.8 2.3012
0 0.85 13.43 1.143
0 -0.74 15.11 3.9014
0 -1.83 15.74 2.8948
0 -2.3 17.86 2.7546
0 -1.22 12.51 3.0937
0 -1.19 13.07 2.6537
1.2 0.43 12.58 3.0017
0.975 2.05 13.63 2.4109
0.175 2.06 9.84 2.4743
0.05 2.06 11.84 3.2251
13.125 2.6 17.53 4.6702
7.375 6.24 16.12 2.0779
0.375 -1.89 12.83 1.3618
0 -1.83 12.95 3.3267
0.025 -0.18 15.21 2.4008
12.375 -0.17 16.78 2.8054
19.925 5.16 12.89 4.9492
19.15 7.83 9.59 5.7405
28.075 2.95 7.94 6.6476
28.775 0.76 7.94 3.9148
21.15 -0.87 6.79 3.5973
6.55 -1.43 3.03 1.0973
0.975 -2.54 9.02 2.4765
4.05 -1.92 7.95 4.3199
1.85 4.07 9.61 2.9386
0 -0.24 11.79 1.3148
0 -0.32 11.33 2.7804
1.4 0.8 12.39 3.2178
2.05 1.89 14.55 1.3344
0.675 -1.94 12.86 1.1399
0 -1.96 12.37 1.7821
0 -0.78 13.47 2.1061
0 1.38 13.47 0.6805
8.4 1.38 14.05 3.0625
6.45 4.09 13.44 3.333
12.625 6.78 11.76 1.6639
5.825 4.05 7.97 2.3843
2.325 4.54 7.96 1.375
4 4.01 9.57 1.8844
1.4 -1.91 9.01 0.5562
0 -1.9 10.7 1.2704
0 1.89 10.77 1.45
0 0.29 15.69 1.3338
0 0.36 16.3 1.495
0 0.35 15.84 1.0971
0 1.46 15.29 1.7394
0 2.54 17.43 2.432
0 1.41 19.08 0.8839
0.2 1.42 16.91 1.1011
2.925 4.13 12.97 2.1012
6.275 4.06 9.64 2.7622
2.45 -2.53 6.89 2.201
19.1 -2.49 11.3 3.8848
15.2 1.39 8.54 2.6814
2.725 -0.84 9.13 0.8685
24.05 -0.77 13.54 4.7015
13.475 4.07 15.64 1.1565
0.65 0.31 11.17 0.3865
0 0.32 13.56 2.255
6.825 3.08 16.29 2.7171
21.75 4.62 9.05 3.3331
9.55 -0.3 7.93 2.7408
0.15 -2.49 8.98 1.3185
0 -1.87 11.28 2.4648
0 0.25 15.64 0.9551
0.425 3.78 12.87 2.571
3.45 -4.21 7.47 3.6243
1.625 -3.58 9.57 2.082
0 -3.06 9.06 0.4317
17.325 -2.98 12.43 2.2531
8.725 -1.92 11.89 2.3655
0 -3 11.8 2.609
0 -2.44 13.06 3.7261
0 0.33 19.68 1.3312
0 2.03 22.36 0.9363
0 3.11 21.84 2.9092
0 0.76 23.43 2.2506
0 0.97 23.5 1.8791
0 3.62 21.85 0.3934
0 2.5 20.15 1.5857
0 0.36 18.01 1.9227
0.35 -0.15 17.52 1.9271
1.875 1.96 19.11 2.3134
0.875 -0.86 12.97 2.1215
0 -0.78 15.73 2.6523
0 -0.22 17.48 1.1447
1.65 2.01 20.72 2.6686
13.675 2.01 19.64 5.2133
7.8 0.21 9.63 2.7476
0.725 -2.54 10.11 0.7259
8.4 -2.48 11.78 2.1995
4.175 -0.82 10.12 1.7692
21.075 -0.85 10.17 2.8191
10.85 0.2 9.61 2.9109
0 0.27 9.42 0.6458
0 -1.91 14.05 2.2277
0 0.82 17.99 0.6818
0 2.52 18.57 1.5933
0.025 3.09 18.51 1.9786
15.325 5.19 12.45 4.2787
26.075 3.93 9.77 4.4309
9.25 0.78 8.54 1.0988
0 0.83 13.48 0.6736
0 1.93 14.6 0.8304
0 1.98 18.01 2.0013
0 2.51 18.52 1.3497
0 3.07 20.23 1.2111
3.05 5.27 21.37 1.4935
23.625 5.79 20.2 2.5314
18.5 1.32 11.22 3.2311
4.225 2.98 6.86 1.9782
0.25 4.63 9.13 1.1799
0 5.79 20.09 0.9494
0 8.63 22.16 1.2507
0 5.34 24.12 0.8025
5.275 5.92 24.1 4.2098
2.85 0.85 14.07 4.739
0.175 1.2 10.88 3.5989
0 -0.85 11.77 3.2883
0 -0.19 16.83 1.9214
0 2 20.15 1.8361
0 5.28 23 1.0426
0 5.35 24.64 2.1532
0 3.7 21.92 3.6818
0 0.91 18.55 2.329
0 0.89 18.56 0.8202
0 2.57 21.31 2.7346
0.05 3.63 19.65 3.5915
13.725 5.7 13.95 3.1436
6.9 -0.88 10.16 3.7239
0 -0.82 15.62 2.0613
0.025 2 20.74 1.112
0 4.74 22.98 0.7565
0 5.85 24.61 0.6426
0 6.52 25.75 1.2665
0.35 8.71 25.73 1.9883
0.2 9.18 17.11 1.683
0 8.55 19.59 1.5454
0 8.08 20.76 3.3841
0.1 2.04 19.71 4.2346
0.125 0.8 13.56 3.5369
0.05 1.35 13.42 4.1198
0 3.03 17.84 2.2726
7.975 1.97 16.78 1.5731
5.55 2.63 17.4 2.852
10.7 6.81 16.75 2.2682
5 1.39 15.6 3.2442
0 1.95 16.78 1.7708
0 3.18 22.96 0.796
0 8.65 26.83 2.4925
0 9.28 25.19 2.9948
0 9.18 23.01 2.3513
0 9.24 25.73 2.427
0 11.95 25.76 2.5586
0 11.93 26.88 1.8776
0 12.5 29.13 2.7735
0 11.35 29.66 3.1077
0 10.28 26.91 2.6126
0 9.76 27.48 3.6597
0 4.24 23.56 4.6007
0 5.38 20.22 5.0693
0 6.57 26.21 3.727
0 8.18 28.5 0.9998
0 9.28 28.54 1.8305
0 10.36 31.81 2.8245
0 6.96 27.44 3.1572
0 4.84 24.08 1.4055
0 5.87 27.41 2.417
0 5.41 25.22 3.1773
0 4.83 22.98 2.6673
0 5.95 24.66 1.8623
0 7.56 26.87 1.0692
0 9.23 29.65 1.9648
2.4 10.84 30.73 2.2287
1.2 11.4 28.5 2.7969
0 12.44 27.45 2.5397
0 13.08 30.78 1.1465
0 15.33 35.16 1.6894
0 14.25 37.37 3.0931
0 11.42 32.95 2.9566
0 8.19 30.24 2.7559
0 8.18 29.14 2.9119
0 9.31 27.99 2.3416
0 9.27 29.6 1.1153
0 9.88 32.37 1.9174
0 11.95 33.48 2.4595
0 12.49 30.23 2.4277
0 13.03 31.85 2.4539
0 14.24 32.96 2.2399
0 13.69 34.05 1.8642
0 14.78 35.17 2.2812
0 15.35 34.09 3.1684
0 14.27 32.4 3.1769
0 14.21 30.78 1.7276
0 14.77 33.51 1.4486
0 15.41 36.81 2.6804
0 16.99 37.92 2.7259
0 15.37 36.85 2.5651
0 13.17 36.85 2.0295
0 13.18 35.72 1.9938
0 13.16 34.04 2.4212
0 11.52 31.93 1.0269
0 12.09 32.42 2.3044
0 13.72 33.53 2.1667
0 14.84 36.25 2.6884
0 14.82 34.63 2.8149
0 13.72 29.74 2.0159
0 10.96 28.62 2.4303
0 11.49 30.26 2.2174
0 11.47 31.88 2.4426
0 10.97 31.86 2.3434
0 10.4 31.31 2.0055
0 10.94 31.32 2.3896
0 9.85 32.41 1.5355
0 10.41 32.95 1.9852
0 11.49 32.95 2.0682
0 10.93 31.31 2.1392
0 10.94 30.78 2.5367
0 11.49 30.75 2.8824
0 11.99 29.08 2.0409
0 10.9 29.1 1.9583
0 10.89 29.61 2.249
0 9.29 27.45 1.0909
0 9.85 28.56 1.4938
0 12.56 30.75 2.4047
0 12.03 30.76 2.8812
0 12.01 31.31 1.2299
0 12.59 33.53 1.5715
0 12.06 33.54 1.6629
0 9.85 31.37 1.9636
0 10.41 32.42 2.2643
0 10.97 34.03 1.8719
0 8.13 32.82 1.7614
0 8.24 28.53 2.4491
0 9.33 33 1.9588
0 11.63 38.49 0.5417
0 15.97 38.56 2.218
0 11.56 34.68 2.3547
0 7.64 30.79 2.7957
0 5.91 20.73 2.2597
0 6.44 22.36 2.4917
0 7.01 24.05 1.4802
0 7.12 27.39 0.928
0 10.43 31.85 0.4174
0 11.53 35.16 1.2763
0 11.52 34.66 1.2114
0 16.13 33.94 2.0551
0 9.86 31.84 1.3581
0 10.38 31.31 2.2457
0 9.21 30.19 2.7928
0 4.78 17.89 1.9559
0 4.78 21.86 0.7656
0 5.95 25.76 0.6135
0 8.73 30.69 1.0721
0 9.27 30.19 1.6875
0 8.16 27.97 1.4509
0 8.17 27.96 1.1206
0 8.16 28.51 1.7473
0 8.19 28.54 1.5605
0 9.25 28.48 1.4502
0 9.24 26.89 1.351
0 8.09 25.69 1.2984
0 7.55 25.76 1.143
0 5.94 23.55 2.6977
0 5.89 20.77 1.15
0 5.96 26.32 0.6694
0 7.18 29.12 0.9752
0 16.62 33.83 0.6627
0 9.92 34.08 1.2339
0 11.05 35.74 0.6372
0 12.14 37.91 0.5578
0 12.64 35.75 0.3389
0 12.64 32.97 0.5287
2.95 14.21 31.81 1.146
8.025 14.14 31.8 1.5664
14.7 10.81 24.5 1.5231
1.575 10.95 16.77 1.2776
0.95 6.36 16.81 0.7288
5.225 6.36 19.6 2.0698
0 5.28 18.96 0.735
0 5.85 22.4 1.9104
0 6.51 24.57 1.7153
0 9.23 26.82 1.7285
0 9.81 26.87 2.2544
0 9.82 29.62 1.4935
0 9.83 31.21 0.6196
0 9.28 31.74 0.5338
0 9.28 30.67 1.0829
2.9 10.31 26.78 0.9401
1.45 6.96 19.65 1.1627
0 6.42 18.03 1.6255
0 6.46 21.47 0.902
0 8.04 23.48 1.8493
2.05 6.95 20.19 1.54
11.325 9.09 19.61 1.737
39.025 10.2 15.14 4.9028
16.525 5.77 14.09 3.4288
0 1.44 15.69 1.5855
0 0.29 16.79 2.9085
0 -0.14 17.4 3.4586
4.3 5.86 22.32 2.1685
5.65 7.43 21.81 1.8267
1.725 3.62 11.85 0.9758
0 3.63 19.02 1.8387
0 4.2 20.2 2.9998
0 5.91 21.93 2.7379
0 7.05 27.34 1.7785
0 7.1 27.36 1.1958
0.1 7.54 27.31 2.1021
21.85 7.45 22.38 3.2326
10.925 1.39 11.32 2.5159
2.475 -1.35 12.32 0.6614
1.575 -0.74 13.47 1.6256
0.15 -1.31 12.32 2.3874
0 -1.24 14.11 1.4538
0 1.42 15.23 3.0449
0 1.55 15.86 1.6943
0 2.66 17.54 2.6896
0 3.15 19.16 1.2728
0 3.11 19.08 2.0023
0 1.48 19.64 1.873
22.775 1.52 19.59 2.394
29.525 0.25 9.14 3.1165
23.825 -0.84 7.85 4.908
13.775 -0.29 4.65 3.1036
22 2.39 7.88 4.0226
9.425 -4.23 4.09 1.2833
0 -4.77 6.8 3.2556
0.275 -4.7 8.41 3.3478
17.475 -4.04 11.72 2.6937
8.775 -1.55 6.26 2.3844
0 -6.41 8.36 2.4421
0 -6.3 7.88 3.0671
0 -2.95 10.67 2.2915
0 -2.42 14.01 2.6413
0.35 3.07 10.72 1.4621
1.55 4.69 14.02 2.3238
13.925 5.23 14.51 2.481
6.525 4.68 17.83 3.473
0.05 0.86 15.03 2.2301
3.775 1.46 15.67 2.174
4.475 4.16 11.9 1.1719
1.275 6.33 14.57 1.5008
0 4.14 16.17 0.4345
0 3.06 16.24 2.3163
0.125 0.95 16.75 1.3555
19.5 1.49 10.88 1.8929
9.85 1.87 11.77 1.427
3.525 -1.95 10.67 2.518
39.55 -1.93 10.14 3.5202
38.95 4.13 10.15 5.129
66.125 7.35 11.28 5.7942
19.925 2.97 11.56 2.5773
8.45 1.89 4.62 2.7409
6.7 1.91 10.11 2.2269
2.425 4.58 9.03 0.4988
0.1 1.35 12.3 3.0696
21.15 0.83 14.54 5.4301
10.575 0.26 13.46 2.1353
0.075 -0.27 11.1 0.8747
52.65 -0.25 11.71 2.3302
35.975 2.99 7.98 4.4092
4.725 -4.82 5.75 2.2933
1.15 -6.99 5.61 1.5466
19.45 -6.35 6.24 4.3534
18.775 -6.15 6.27 4.7752
4.675 -0.31 6.27 2.4799
0 -3.05 6.83 3.152
0 -3.03 10.61 3.7928
0 -2.95 11.74 5.0479
0 -3.48 9.65 3.4986
0 -3.49 11.78 1.7886
0 -3.5 4.28 1.3582
0 -4.69 1.55 3.1054
2.3 -3.01 4.8 3.4216
1.225 1.9 13.95 2.229
1.125 0.32 14.01 1.6536
0.5 4.41 10.3 1.2435
0 -1.34 11.37 2.6492
0 0.96 11.98 0.7947
0 2.05 12.06 0.6931
0 2.03 8.87 2.4469
0 -0.71 7.8 1.4817
0 -1.25 12.56 4.1393
0 -0.71 16.31 3.7048
0 -0.69 15.27 2.8831
0 -1.75 16.42 4.0129
0 -1.75 17.4 1.8851
0 -0.66 15.29 2.1603
0 0.38 16.9 4.9527
0 -0.13 19.59 3.4898
0 -0.14 18.53 1.8
7.825 -1.25 16.36 0.5676
8.275 -1.29 13.05 1.7779
2.225 -1.86 8.99 1.3557
0 -1.9 9.12 1.7561
0 -4.1 11.86 2.9999
0 -4.02 11.91 2.0344
0 -1.87 11.94 2.58
0 -0.64 13.2 1.6777
0 -0.14 15.84 1.9432
0 1.49 17.54 0.6651
0 -1.83 18.53 2.3583
0 -3.53 12.43 3.4844
0 -3.54 12.4 3.6906
0 -2.44 13.52 3.8253
0 -1.87 17.42 2.8324
0 -1.86 20.16 1.1726
0.625 -1.86 19.05 3.8226
11.9 5.15 13.58 4.6914
12.05 4.02 12.96 5.7798
36.725 0.2 6.73 4.7625
34.475 -0.84 5.67 2.6856
10.05 -1.39 7.37 3.2233
0.575 -3.16 7.31 0.6764
0 -3.12 8.97 1.184
0 -3.67 8.44 0.4778
0.025 -3.62 12.29 0.6462
7.475 -3.54 10.15 2.348
18.85 -0.87 7.41 5.2704
7.525 -5.87 5.7 0.9379
1.8 -6.43 5.61 0.4408
0.075 -5.84 8.48 2.269
2.675 -5.77 12.34 1.8216
11.025 -4.01 12.43 3.8459
4.675 6.24 15.05 1.4081
0 -1.89 15.04 1.4576
4.225 -1.28 15.16 0.5691
24.3 2.49 17.84 1.7159
11.6 4.61 9.62 4.1817
0.25 -0.27 11.21 0.6381
0.05 -0.18 15.69 1.4998
0 3.06 17.38 0.9686
0 1.42 17.31 1.1878
0 1.4 14.05 0.5169
8 2.48 15.16 1.2822
4.675 5.23 14.61 1.2794
11.55 6.3 17.86 1.4908
8.75 6.82 17.85 2.4514
1.625 -1.93 11.78 0.9695
17.675 -1.93 12.91 3.6462
31.025 -0.83 10.65 4.786
67.05 1.87 7.87 5.4305
32.875 -0.29 5.73 2.3463
4.825 -0.86 8.99 1.3838
14.2 -0.82 11.26 5.1153
27.2 2.42 7.87 5.5347
20.4 -0.35 5.22 3.9204
16.15 1.25 10.6 3.1171
5.5 2.98 7.42 1.5121
0.075 3.52 12.31 0.6874
0 1.92 14.61 1.3272
0 1.98 17.26 1.9517
0 4.19 19.58 2.4295
0 4.76 23.04 1.8598
0 6.35 25.17 0.9773
0 1.4 19.08 1.6959
0 1.95 16.93 1.8473
0 3.6 20.78 1.3928
1.95 3.03 21.27 1.7054
5.6 2.93 19.05 3.4567
2.35 -0.97 7.39 1.5789
0 -3.11 8.49 1.3105
0 -3.08 12.94 0.455
0 -0.85 14.67 1.6032
0 0.81 15.78 1.4748
0.525 0.82 15.76 2.6325
0.25 -1.41 11.27 0.5596
0 -1.93 15.25 0.7595
0 0.9 20.21 1.3981
0 1.49 21.36 2.1481
0.525 6.39 21.85 2.5684
0.25 8.55 18.03 1.4842
0.7 8.5 18.53 1.9126
1.375 9.03 18.44 2.0025
0.5 2.47 16.31 0.8953
0.05 3.03 15.77 0.9797
0.4 4.7 17.33 2.0731
0.175 4.66 16.79 2.2389
0 1.35 17.38 2.5043
0 0.85 17.47 0.9479
0 1.44 19.67 2.2568
0 4.04 19.07 4.4746
0 -0.28 15.82 3.4513
0 -0.18 19.62 1.7904
0 0.45 22.39 0.499
0 4.24 24.6 0.9795
0 4.88 23.58 2.9735
0 6.02 26.9 0.848
0 6.53 29.07 1.4487
0 5.96 26.34 1.9329
0 6.39 20.84 2.7895
2.775 1.95 12.44 3.0259
1.4 0.29 14.08 2.5176
0 0.99 21.23 1.7562
0 5.35 22.96 1.1885
0 5.38 24.13 0.7092
14.45 6.48 24.69 2.8143
10.625 2.94 14.16 2.6724
3.075 0.79 11.18 1.3792
22.375 2.45 12.87 3.4578
11.875 5.14 10.62 2.1444
0.55 1.93 14.01 2.9674
0 2.48 20.72 1.6657
0 5.88 23.49 2.143
0 5.32 22.96 3.1511
0 4.19 20.78 4.4735
0 4.17 18.57 2.4284
3.725 4.25 20.76 2.7257
1.825 2.52 17.98 2.2226
0 3.09 18.52 3.1611
1.225 3.11 19.05 4.0582
0.6 4.07 14.65 4.642
0 2.52 16.28 2.7804
0.025 2.58 19.03 2.5308
0.05 7.91 19.58 2.71
0 2.46 14.57 1.6107
0.675 2.51 16.83 0.6975
11.425 2.6 17.41 3.2456
23.5 10.89 14.69 1.0716
10.825 7.92 19.58 3.3867
0.225 4.72 17.83 2.065
0 5.33 21.26 2.9652
0 8.59 24.61 1.6437
0 8.66 26.32 2.616
0 8.13 25.78 3.1341
0 7.01 22.47 2.7443
0 7.58 25.19 2.7168
0 10.85 28.01 2.0663
0 11.44 30.76 2.03
0 10.36 30.73 2.4966
0 9.74 26.88 1.5114
0 10.33 27.95 2.8402
0 10.3 28.53 2.2126
0 11.41 28.52 0.56
0 12.56 32.38 0.7023
0 15.3 35.16 2.5142
0 12.06 34.62 2.5916
0 9.33 30.79 2.5077
0 8.71 29.1 2.6367
0 9.25 28.53 2.4211
0.05 10.37 30.17 2.4108
20.5 10.91 30.18 2.3973
10.375 9.66 23.56 2.3862
0.125 7.98 20.22 2.34
0 8.71 26.27 1.3095
0 13 31.29 1.0015
0 13.68 34.59 0.8342
0 13.71 35.68 1.5507
0 14.79 35.13 1.7376
0 15.37 35.12 2.5224
0 15.9 35.13 2.795
0 14.24 34 2.0655
0 13.16 33.49 2.4593
0 10.95 32.4 2.2182
0 9.83 31.29 2.3986
0 9.82 27.98 2.5456
0 10.32 26.89 3.1467
0 9.77 24.66 2.7409
0 9.26 24.64 3.3345
0 9.2 24.65 3.1804
0 9.17 25.22 2.0289
0 10.26 26.89 1.2259
0 10.88 27.99 1.9325
0 11.42 29.63 1.495
0 11.46 31.26 2.3039
0 11.96 31.86 2.7759
0 12.51 31.85 1.9124
0 13.59 31.85 1.9415
0 12.47 32.96 2.1427
0 10.32 31.32 1.8919
0 10.34 31.32 1.6889
0 10.91 32.4 1.5867
0 12.55 34.08 2.4027
0 12.55 34.06 3.1122
0 16.34 33.52 2.1178
0 16.29 31.3 1.4912
0 13.69 32.43 1.8403
0 12.61 33.53 2.0902
0 11.49 32.99 3.0836
0 10.91 29.1 2.4018
0 11.48 30.19 3.0902
0 15.75 30.46 2.5071
0 10.88 30.78 1.8717
0 10.93 31.29 1.9902
0 10.39 31.33 2.2033
0 10.96 32.39 2.6702
0 11.41 30.79 1.8106
0 12.02 31.32 1.3867
0 13.15 33 2.0918
0 9.88 32.42 1.5031
0 9.86 31.33 1.246
0 10.36 31.88 1.8058
0 10.88 32.43 1.7287
0 10.94 32.42 2.6598
0 9.86 30.2 2.0443
0 9.83 29.12 1.5455
0 10.34 29.1 1.2074
0 10.95 30.75 0.9529
0 12.56 32.97 1.9834
0 13.15 32.98 1.2142
0 13.69 33.51 0.7905
0 13.71 34.63 1.0332
0 14.26 35.17 1.4013
0 12.09 34.65 1.7606
0 11.5 33.54 1.8169
0 10.37 31.33 1.7298
0 10.39 30.23 0.7484
0 10.96 30.75 0.7707
0 12.04 32.96 0.7935
0 13.13 32.95 0.9407
0 17.32 33.49 1.8632
0 10.91 32.98 0.7107
0 10.99 34.56 0.9865
0.025 11.02 34.59 1.0023
0 13.08 33.5 1.5879
0 13.03 33.5 0.8797
0.075 13.09 33.38 1.7271
0.075 11.4 26.23 1.6192
0.125 11.38 28.53 0.749
0.05 11.92 30.15 1.4561
0 11.98 30.11 2.4641
0 10.83 29.04 1.714
0 8.14 25.74 1.7292
0 8.12 26.82 0.5986
0 9.77 29.67 0.3302
0 11.44 32.97 1.0078
0 12.02 34 0.6636
0 12.61 34.55 0.4696
0 12.02 35.17 0.614
0 13.6 35.13 1.5669
0 11.45 30.79 2.2425
0 8.08 21.37 1.9472
0 8.09 25.78 0.694
0 10.37 29.69 0.6128
0 10.88 32.33 1.0046
0 11.5 32.39 1.2973
0 9.27 28.03 2.2991
0 8.72 24.66 1.8252
0 8.08 24.61 1.9502
24.85 6.37 20.27 2.2
15.625 6.87 18.47 3.6809
5.575 6.23 14.97 0.8296
2.05 1.39 12.33 0.8891
0 1.41 16.81 1.2705
0.025 1.52 20.69 1.1888
1.8 5.9 22.91 1.5525
0.9 9.73 18.46 1.6954
0 6.99 23.49 0.9905
0 6.99 25.77 0.6962
0 9.27 27.97 0.4578
0 9.72 27.42 0.978
0 9.25 27.97 1.2384
0 9.78 25.2 1.6193
0 9.26 26.85 1.459
0 9.21 27.96 0.9953
0 11.51 24.49 0.6932
0 8.03 24.1 0.7544
0 8.06 24.61 2.3068
0 7.57 25.75 1.6875
0 7.04 27.41 1.7973
0 6.99 25.69 1.3799
0 2.1 20.17 2.9813
0 1.47 18.55 3.1969
0 3.65 20.15 1.8767
0 3.71 21.29 1.0432
0 3.75 21.9 2.079
0 4.81 24.08 0.3867
0 4.19 23.5 3.5343
0 2.11 21.8 4.099
3.975 2.02 20.77 3.4635
2.075 1.31 19.02 1.7404
6.45 -3.05 10.64 0.5649
3.55 -3.01 11.15 1.4673
0.15 -2.52 10.11 0.8676
0 -2.49 10.67 2.0874
0 -1.33 14.02 3.0664
0 -1.3 15.72 3.0647
3.425 -0.67 19.55 3.6173
1.7 6.85 17.85 0.8046
0 4.16 15.2 0.2833
0 6.35 16.8 0.7972
0 2.51 15.73 0.6417
0 1.99 17.37 0.9316
0 1.97 17.39 1.0264
0.5 1.47 17.37 3.1988
3.6 -0.78 10.67 2.1647
1.875 -0.77 10.64 4.048
0.1 -1.4 10.71 1.857
0 -1.88 12.34 2.6808
0 -1.83 13.45 3.902
0.325 -1.82 14.15 2.1641
0.15 0.86 11.87 0.7074
0 -0.14 15.71 2.7878
0 -0.08 16.91 2.2886
0 1.01 22.85 1.0379
0 0.51 17.42 1.6461
0 -1.24 18.05 3.8289
0 -1.35 15.75 7.923
0 -2.4 14.58 3.5062
0 -2.46 13.03 4.1385
0 -4.1 12.94 2.7554
0 -4.65 11.3 3.469
0 -4.65 12.38 3.0231
0 -4.64 12.91 3.3456
0 -3.99 13.53 3.319
0 -3.97 12.48 4.2311
0 -3.96 15.23 3.0916
0 -4.08 15.66 0.7816
0 -2.49 11.3 1.5705
0 -3.56 11.32 1.4448
0 -4.09 11.79 0.9762
1.6 -4.64 11.26 0.7887
0.8 -4.09 9.09 5.1882
0 -3.94 10.41 4.4752
0 -4.02 14.68 2.6543
0 -4.02 13.5 4.4715
0 -4.04 11.36 4.255
0 -4.64 11.33 3.4614
0 -6.81 12.39 4.4967
0 -6.7 12.45 3.9537
0 -6.14 10.35 4.9198
0 -6.09 15.23 3.4151
0 -4.47 16.31 1.2817
0 -4.47 14.18 1.0862
0 -3.9 14.18 1.1398
0 -0.05 14.82 0.8672
0 -0.64 14.71 1.264
0 -2.89 14.11 2.3717
