1.575 -4.84 5.2 1.4448
10.025 -5.75 4.84 1.6271
5.45 -8.34 2.21 1.7055
0.725 -11.11 -0.38 4.1736
3 -10.37 -0.87 1.8953
1.525 -5.55 -2.6 0.4598
0 -5.17 3.07 1.4562
0 -2.89 6.04 0.6639
0 -5.49 7.2 4.3194
0 -5.14 7.73 3.2505
0 -4.09 8.91 2.4269
0 -1.47 10.23 5.419
0 -0.7 11.4 3.8466
0 -3.79 11.31 3.6022
0 -2.83 12.7 3.7864
0 -3.61 13.21 4.8284
0 -3.12 11.43 4.2663
0 -3.04 10.8 4.862
0 -2.88 10.42 4.9592
0.05 -2.86 9.65 3.4805
13.625 -1.98 10.5 2.6807
28.875 1.1 9.06 2.0896
61.225 1.28 4.55 1.5983
46.8 -0.96 4.15 2.6174
13.775 -5.17 1.31 3.4895
2.975 -10.33 -4.28 0.7903
0.6 -11.11 -1.95 1.2961
0 -9.43 0.71 1.2877
0 -5.77 4.52 4.2372
0 -4.97 9.67 4.4886
0 -3.32 10.8 3.0887
0 -3.6 10.17 3.2661
0 -4.33 8.67 3.8694
0 -4.23 11.12 3.7488
0 -1.47 12.56 2.9587
4.7 -1 11.64 2.4089
8.175 -3.62 3.8 2.6961
2.3 -4.89 1.46 2.8866
18.9 -5.29 3.98 1.1917
11.55 -8.72 1.21 3.5663
3.475 -13.67 -3.31 0.5019
8.875 -12.39 -2.03 2.8096
7.2 -7.86 -1.11 1.4069
17.1 -9.22 -1.07 3.2172
10.575 -7.81 -3.01 3.6661
3.325 -6.06 -0.84 5.8156
21.425 -5.47 -1.39 5.3716
21.375 -5.8 -1.48 4.2985
3.575 -7.79 -3.16 1.3188
0 -8.29 0.58 3.4026
0 -7.05 5.65 2.5227
6.95 -6.63 6.93 3.7092
27.9 -6.93 5.84 3.5383
16.775 -2.13 0.99 2.5981
4.625 -4 2.46 1.7373
1.925 -3.52 8.33 1.5951
0.75 -3.9 2.72 2.9755
0 -6.17 5.21 0.4868
0.025 -4.91 7.65 3.727
14.6 -1.9 8.84 2.8637
26.25 -1.06 5.19 4.2559
47.025 -2.29 4.73 4.9302
35.65 -5.41 0.55 2.9374
10.675 -9.55 -0.18 0.8146
1.45 -8.11 0.82 1.8754
0 -9.68 0.01 0.3913
0 -10.28 4.37 1.3447
0 -6.21 7.2 2.5501
0 -10.24 1.88 0.4976
0 -10.01 5.21 0.9031
0 -6 6.26 2.2715
0 -6.06 8.82 2.497
0 -5.03 10.28 1.4486
0 -4.67 7.06 2.741
0 -3.1 8.95 3.3093
0 -2.58 11.52 0.997
0 -2.22 11.94 0.9402
0 -0.57 14.17 0.9429
0.25 -1.65 14.51 0.6473
24.7 -1.06 13.82 1.9561
17.2 -6.59 6.15 4.1068
1.475 -11.47 -1.89 2.087
0.475 -9.81 2.49 1.9817
0.275 -7.22 8.86 0.4438
0 -4.58 10.25 1.7534
0 -2.26 13.15 2.0803
0 -2.36 13.15 1.3342
0 -2.18 13.88 3.4429
0 -5.17 9.11 2.0725
0 -4.95 9.58 0.2752
0 -3.21 10.86 2.5742
0 -2.36 13.55 2.5574
0 -4.57 10.39 5.1915
0 -7.79 5.28 1.9771
0 -6.49 9.41 2.8527
0 -4.18 13.6 2.2709
13.15 -1.78 16.1 1.1675
12.925 -4.44 12.07 3.3513
12.625 -4.56 1.73 1.8641
6.375 -4.25 2.16 2.1633
0.275 -5.27 2.69 3.5925
0 -3.93 7.01 1.3692
0 -2.72 11.84 2.1794
0 -1.86 11.92 4.7136
0 -9.28 5.78 6.0463
0 -7.55 2.02 3.0643
0 -5.22 10.17 1.6675
0 -2.86 14.18 2.9275
0 0.41 17.32 2.8815
0 3.52 21.47 1.5075
0 5 23.42 1.0495
0 5.45 23.38 2.0821
0.225 3.05 22.11 2.9206
2.075 0.43 17.1 3.2139
1.15 -6.26 5.18 3.3507
0 -4.52 9.36 1.7589
0 -2.71 11.77 2.3461
0 -4.44 10.38 3.2728
0 -5.19 8.59 1.5448
1.5 -2.84 10.41 1.8087
69.95 1.39 13.8 2.0197
49.25 1.1 10.78 2.6625
14.575 1.39 5.87 4.0115
8.625 0.15 8.08 2.0319
1.7 3.2 11.69 4.0484
0 0.9 14.99 2.2881
0 1.73 17.82 2.7352
0 2.75 17.45 1.6107
0 2.18 18.39 1.1245
0 3.33 18.73 0.8179
0 3.26 20.07 2.9189
0 1.8 18.94 3.2843
0 1.73 16.67 2.3496
0 2.41 17.19 2.9671
0 3.47 18.33 1.6952
0 5.77 20.79 1.7529
0 9.15 25.77 0.4361
0.975 9.94 27.73 2.3912
0.575 8.06 26.9 2.7436
0 4.84 21.16 1.4784
0 4.34 20.15 0.8169
0 5.17 21.11 2.3664
0 5.12 20.95 2.9292
0 3.85 20.07 2.661
0 2.68 19.17 1.7798
0 4.56 19.67 1.313
0 6.52 21.83 0.8005
0.425 7.81 23.68 1.8133
0.25 7.43 22.82 2.5211
10.075 8.55 22.39 3.2601
6.025 6.79 20.82 2.154
0 6.64 20.51 1.9358
0 5.95 17.87 2.2178
0.675 5.89 16.69 0.4335
8.15 3.09 16.02 2.1097
6.95 0.18 13.6 3.6906
4.725 -0.79 7.41 2.4599
2.3 0.45 9.56 2.6941
0 1.98 14.88 2.5157
0 3.91 17.34 3.3607
0 3.55 16.45 3.071
0 1.84 15.1 3.2433
1.2 2.45 16.88 2.2139
1.525 4.2 13.33 3.5987
0.55 1.91 14.49 2.4433
0 2.42 15.07 2.4124
0 3.31 15.91 2.3333
0 5.34 17.2 2.97
0 5.82 20.19 1.7255
0 7.35 24.42 2.6253
0 4.23 22.87 3.1157
0 2.08 17.91 3.1509
0 2.91 16.71 1.3746
0 5.18 20.06 0.8064
0 7.6 24.14 1.5038
0 8.12 26.34 2.7941
0 7.44 24.27 1.581
0 8.86 24.26 0.9003
0 9.43 29.19 0.5415
0.2 11.35 29.83 2.9526
0.125 11.01 29.6 2.8934
0 10.24 25.96 2.2528
0 10.64 27.14 1.7258
0 9.22 25.8 2.9235
0 8.51 25.99 2.5971
0 8 24.82 2.8785
0 6.82 23.89 2.6614
0 5.37 22.44 2.851
0 4.91 22.46 2.5788
0 5.17 21.59 2.5371
0 5.55 21.92 1.9538
0 7.17 23.14 1.9592
0 8.48 24.22 2.408
0 8.68 24.39 1.5263
0 8.71 26.36 0.972
0 9.32 26.92 1.4745
0 10.44 29.34 2.0485
0 11.54 29.07 1.7997
0 12.74 29.85 2.0192
0 12.74 30.3 1.8011
0 12.88 31.12 2.4524
0 11.25 29.98 2.5791
0 10.35 28.03 2.3101
0 12.07 29.1 2.0985
0 11.1 27.64 2.2175
0 10.13 27.15 2.354
0 10.33 28.69 1.9983
0 11.32 29.11 1.6117
0 12.5 29.4 1.8975
0 12.11 28.48 2.7579
0 12.57 27.83 2.4484
0 11.81 28.06 2.4995
0 11.34 27.4 2.4371
0 10.24 26.9 3.2421
0 7.78 24.93 2.8418
0 8.07 24.66 2.5139
0 8.71 24.83 2.6265
0 6.06 23.22 3.3386
0 2.28 15.64 1.903
0 4.76 16.67 1.3058
0 6.96 21.57 0.2662
0 9.08 24.64 1.0978
0 10.12 26.73 3.0172
0 9.82 28.23 2.8954
0 8.9 26.62 3.0715
0 7.55 24.58 3.0537
0 5.14 23.29 1.3857
0 5.45 22.48 0.4072
0 7.43 24.14 0.7461
0 8.8 26.23 0.9966
0 10.53 28.26 1.3018
0 11.15 28.98 2.0796
0 11.56 28.69 2.3295
3 11.18 30.15 2.25
3.375 8.81 25.58 3.2851
0.825 7.3 21.77 1.6871
0 7.18 22.62 1.5885
0 6.98 24.28 0.6437
0 7.37 26.06 1.5194
0 9.28 25.59 1.2071
0 9.62 26.13 1.4408
0 9.65 27.73 2.9374
0 10.17 26.45 2.0742
0 9.4 26.23 1.1658
0 9.89 26.81 0.1936
0 10.46 27.82 1.4989
0 9.7 27.52 2.1072
0 7.7 25.93 2.1981
0 5.87 23.33 2.0899
0 5.7 20.98 1.438
0 5.83 21.19 0.4047
0 6.67 22.62 0.9236
0 8.35 25.01 0.364
0 9.3 26.98 0.9851
0.25 10.84 29.11 1.4668
0.8 8.09 25.52 2.4504
0.625 5.16 19.73 2.919
0.125 3.95 15.54 1.4758
0 5 20.95 1.245
0 7.44 23.6 0.3815
0 7.76 25.11 1.0835
0 8.54 27.65 2.2786
0 7.44 25.89 0.8393
0 8.85 24.48 2.6261
0 8.75 27.4 2.4515
0 8.52 27.57 1.5836
0 7.83 26.84 0.9257
0 7.39 26.57 0.8046
0 9.35 28.09 1.1739
0 8.23 29.22 0.4755
0 8.24 29.26 2.1969
0 8.22 24.43 2.5678
0 -2.29 12.02 2.3029
0 -1.65 15.6 2.4643
0 0.73 17.63 0.7852
2.275 2.16 17.63 3.0388
1.675 -3.61 13.43 3.4531
0.175 -5.51 3.6 0.312
0 -5.26 9.92 3.1824
0 -2.72 12.93 1.6374
0 -0.77 13.86 1.2832
0 0.09 15.92 0.7729
0 1.23 16.64 0.7293
0 -0.12 16.71 2.0127
9.25 1.16 15.27 2.0741
81.175 0.49 9.58 6.6635
46.2 2.07 7.78 4.5916
0.5 3.86 10.62 0.8337
0 3.7 16.64 2.0769
0 2.76 18.22 1.0453
0 5.32 21.42 1.8799
1.95 3.98 16.7 2.3627
1.15 -2.66 10.2 1.8897
0 -2.17 10.38 1.0331
0 -0.47 14.12 0.6159
0 0.18 15.3 1.0099
0 2.19 16.54 1.0904
0 2.04 14.45 1.8381
0 1.48 15.76 1.0939
0 0.77 16.77 4.4429
0 -3.78 8.59 4.9462
0 -5.78 4.99 0.7975
0 -5.6 7.57 0.0693
0 -2.51 13.41 0.8361
0 0.54 15.12 0.7857
0 2.53 16.55 1.262
0 2.47 18.34 1.1794
0 2.48 18.61 1.8185
0 0.63 16.91 2.4234
0 -2.05 11.31 0.877
0 -2 10.79 1.4467
0 -3.94 8.25 1.8418
0 -3.33 9.33 1.2249
0 -1.37 10.04 0.6834
5.55 0.24 10.71 0.4107
5.65 -2.34 9.85 1.8851
1.15 -6.1 2.07 1.1453
0 -6.01 3.61 1.005
0 -5.69 4.84 2.9175
0 -4.85 8.44 2.148
0.275 -2.99 10.34 1.7275
0.175 -2.85 10.87 1.5308
0.4 -4.94 7.05 2.4276
4.525 -4.52 9.11 4.0729
2.575 -4.93 6.91 1.0217
0 -4.46 3.11 0.6518
0 -5.26 5.67 2.3949
0 -3.72 7.5 3.7177
0 -2.37 8.82 4.1284
0.575 -2.52 10.23 2.6594
2.775 -1.95 10.82 1.1015
1.45 -5.26 5.31 5.3358
0 -4.05 3.79 5.1071
0 -3.8 5.68 3.9156
0 -3.74 8.99 1.831
0 -4.94 8.43 2.4414
0 -7.2 10.34 2.2562
0 -6.16 6.37 2.1074
0.025 -5.85 7.34 0.7633
19.625 -8.16 2.56 2.4412
17.3 -8.52 -1.82 0.8546
3.3 -15.67 -5.63 0.8922
0 -14.62 -5.88 1.8783
5.375 -12.29 -2.72 3.0663
37.2 -6.93 0.39 2.6639
69.05 -2.93 1.21 3.6703
32.775 -4.54 1.22 4.3692
3.375 -6.88 -1.52 0.9552
0 -6.21 -0.35 3.0756
0 -4.22 2.91 2.4991
0 -3.31 4.11 2.1687
0 -3.21 6.13 2.7397
0 -3.16 5.75 4.0521
1.075 -2.99 5.81 2.825
11.25 -2.69 7.22 1.9334
9.275 -6.31 3.34 3.6125
0.65 -11.04 -1.1 2.5715
0 -6.88 3.35 3.9336
0 -6.2 3.92 3.8675
6.225 -6.07 4.27 4.0318
3.775 -5.32 2.27 2.0614
2.525 -6.43 0.03 3.2022
9.5 -6.26 1.05 0.8869
4.875 -4.6 0.52 1.5645
0.85 -5.55 -0.06 2.6159
0.575 -5.16 3.02 2.2354
0.05 -4.57 3.36 1.0976
0 -4.63 5.38 3.8601
0 -5.52 7.65 2.8096
0 -3.73 7.43 2.4393
0 -3.72 6.76 2.947
0 -2.77 7.49 2.8061
0.675 -1.86 8.4 3.0645
1.575 -1.53 8.25 2.2718
0.675 -1.16 5.26 2.4731
1.85 -1.16 5.47 3.1034
24.35 -1.31 9.15 4.5084
15.325 -3.31 3.85 2.0925
0.825 -7.02 2.07 1.5523
0 -5.07 4.61 3.3604
0.85 -4.06 7.67 2.0418
13.95 -3.97 6.99 2.6962
31.65 -3.7 3.19 4.7713
32.375 -4.17 0.07 5.6919
37.575 -5.58 -1.54 6.5761
35.075 -7.05 -1.8 3.9619
19.6 -7.22 -3.02 3.8409
5.25 -8.38 -3.81 1.0973
1.375 -9.78 -0.89 2.266
4.05 -8.65 -0.72 4.0031
1.95 -4.34 0.54 2.8507
0 -5.63 2.8 1.456
0 -7.52 4.98 2.9476
1.75 -6.52 3.48 3.1548
1.075 -5.08 4.98 1.51
0 -9 2.93 0.9851
0 -10.49 3.58 1.7498
0 -5.76 4.5 1.9767
0 -4.85 4.67 0.6762
7.35 -4.55 5.7 2.8655
11.95 -3.49 3.69 3.2448
12.55 -3.01 1.59 1.673
5.375 -4.83 -0.23 2.2868
2.2 -6.21 -0.25 1.5596
1.55 -5.6 0.38 2.2311
0.3 -7.51 -0.44 0.4306
0 -7.05 1.98 1.2228
0 -4.84 3.76 1.3582
0 -4.95 6.82 1.2459
0 -3.52 8.84 1.4947
0 -4.09 10.51 0.8821
0 -2.5 9.93 1.7315
0 -2.27 10.36 2.4867
0 -2.81 12.36 0.9864
3.95 -3.94 10.45 1.1885
6.45 -2.63 5.32 2.0731
11.05 -4.31 2.07 2.7538
5.15 -9.46 -1.08 2.4936
27.225 -8.46 4.33 3.8183
21.025 -4.57 1.82 2.7915
2.275 -6.71 2.27 0.7626
29.525 -5.24 6.56 4.701
19.2 -3.63 5.18 1.2541
0.875 -5.21 0.06 0.5003
0.6 -4.65 6.89 2.4468
9.45 -2.31 8.62 2.6788
19.65 -3.77 0.77 3.3569
8.5 -7.17 -0.65 2.9426
0.05 -8.65 -1.16 1.3408
0.025 -6.09 3.36 2.6151
0.3 -6.54 5.58 0.7382
3.8 -3.89 6.2 2.4389
4.925 -11.54 -0.15 3.6421
1.65 -9.18 0.61 1.9154
0 -9.21 0.01 0.5863
24.175 -6.44 6.21 2.3847
14.275 -7.49 5.13 2.3297
0 -7.8 3.36 2.84
0 -6.82 7.92 3.9436
0 -3.76 13.61 1.4268
0 -1.62 13.86 0.7563
0 -1.46 14.14 3.0088
0 -8.09 12.85 2.2704
0 -1.59 15.44 2.0705
0 -2.12 14.03 0.6009
0 -2.69 12.31 1.2693
0 -3.64 11.49 2.2358
1.175 -3.36 12.63 2.2401
3.375 -3.5 12.48 2.5117
1.875 -7.23 5.44 2.1405
0 -5.38 8.12 2.9383
0 -4.58 11.74 1.3669
5.775 -2.45 12.68 2.9085
18.575 -2.22 12.42 5.629
9.425 -6.3 1.59 2.9755
0.925 -9.36 0.87 0.6573
8.4 -7.5 3.06 2.4356
4.75 -6.15 0.95 1.8884
25.05 -6.59 2.34 2.7611
14.8 -7.4 0.74 3.2303
0.05 -8.88 0.46 0.5199
0 -6.79 6 2.3938
0 -4.72 11.14 0.2914
0 -2.85 12.52 1.8618
0.575 -1.96 12.4 1.9139
19.075 -3.1 6.24 3.8773
14.925 -5.12 1.87 4.559
3.475 -6.36 0.17 1.0966
0 -5.27 5.44 0.636
0 -4.4 6.78 0.83
0 -2.92 11.82 2.2747
0 -3.09 11.33 1.2332
0 -2.49 13.85 1.18
6.35 -0.81 15.78 1.5826
17.9 -0.15 13.1 2.7684
9.625 -6.11 2.15 2.9811
0.7 -4.55 -1.14 1.6654
0 -3.49 1.89 1.1268
0 -2.85 12.01 0.6633
0 0.09 14.15 1.272
0 1.26 17.55 0.7452
10.95 2.09 17.31 4.5982
11.85 -4.22 6.31 5.0307
3.65 -7.45 0.76 3.697
0.075 -7.49 2.17 3.1837
0 -4.32 8.39 1.7153
0 -2.76 11.85 1.7744
0 -1.06 16.12 1.102
0 0.91 17.27 1.943
0 0.08 16.06 3.4794
0 -2.67 11.69 2.2476
0 -3.59 11.99 0.8784
0.075 -1.47 14.16 2.7571
3.95 -1.6 12.86 3.59
22.825 -3.76 3.5 3.453
12.4 -8.3 2.26 4.0923
0.05 -6.58 5.15 2.0942
0.75 -1.62 12.36 1.2162
0.45 -0.24 15.33 0.776
0 0.68 16.41 0.6466
1.225 3.87 18.36 1.3488
10.775 4.96 17.78 2.2042
6 -0.23 8.95 2.1465
0.425 1.17 11.15 1.6099
0.25 2.96 14.57 3.3106
2.175 -1.54 14.33 4.2647
2.775 -5.81 7.39 3.5684
1.375 -5.39 3.4 4.0597
1.675 -3.43 7.29 2.303
10.1 -3.53 7.05 1.5966
18.375 -0.25 9.59 3.2309
23.875 -2.14 6.24 2.4354
9.7 -4.56 4.87 3.4965
0 -3.63 7.29 1.5693
0 0.07 15.08 0.5957
0 3.58 18.62 2.5212
0 6.11 17.68 3.0024
0 3.56 16.44 2.4041
0 4.89 17.87 2.5846
0 6.27 18.85 2.7436
0 6.86 19.89 1.9244
0 8.08 23.94 2.8154
0 7.43 24.19 3.0074
0 6.35 21.92 2.2685
0 5.08 21.23 3.8676
0 0.72 17.35 4.5071
0 1.56 13.4 5.2119
0 5.34 16.12 4.055
0 5.07 20.02 1.0395
0 6.16 21.37 1.7501
0 6.42 23.1 2.9152
0 2.89 21.7 3.1588
0 1.8 16.66 0.9258
0 2.65 20.19 2.2446
0 2.6 18.4 3.3475
0 1.44 15.83 2.5693
0 2.78 17.93 1.5844
0 3.8 18.84 0.7746
0 6.17 22.43 1.6745
0.35 6.82 23.3 2.2304
0.175 8.2 20.37 2.707
0 6.31 20.52 2.381
0 8.8 23.3 0.8388
0 10.65 26.81 1.4425
0 10.39 28.88 3.2593
0 7.92 25.89 2.9525
0 5.63 23.52 2.6831
0 5.35 22.52 2.7814
0 7.13 21.18 2.0698
0 5.88 21.22 1.1457
0 7.47 23.77 1.7693
0 8.12 26.32 2.2262
0 8.62 24.39 2.2715
0 8.42 24.07 2.1331
0 10.04 25.32 2.0289
0 9.7 25.81 1.8529
0 10.32 27.33 2.4841
0 11.24 26.64 3.2994
0 11.13 25.22 3.4221
0 9.42 23.82 1.6172
0 10.11 25.39 1.138
0 12.6 28.13 2.6478
0 12.19 29.21 2.8138
0 11.64 29.02 2.6047
0 10 29.41 1.8862
0 10.12 27.87 1.9341
0 9.63 25.94 2.706
0 8.96 25.43 0.9795
0 9.64 25.22 2.2422
0 10.17 26.33 2.0259
0 11.56 27.78 2.542
0 11.32 27.08 2.858
0 10.21 24.8 2.0529
0 7.88 23.57 2.5538
0 8.45 24.71 2.1599
0 7.81 25.07 2.5231
0 8.27 24.67 2.468
0 7.48 24.25 2.0484
0 7.69 24.37 2.4884
0 6.88 24.99 1.6648
0 7.69 25.17 2.0017
0 7.97 25.06 2.0991
0 7.32 24.25 2.2509
0 7.55 24.18 2.5852
0.3 7.83 23.47 3.0399
0.175 7.04 21.66 2.2436
0 6.66 22.15 2.1675
0 6.55 22.09 2.4577
0 5.99 20.47 0.9871
0 6.72 22.24 1.2379
0 8.15 23.47 2.1812
0 8.17 23.69 2.8247
0 7.93 24.25 1.0765
0 8.71 26.33 1.7205
0 8.87 26.72 1.8521
0 6.91 25.49 1.9311
0 7.55 25.27 2.2568
0.05 8.16 25.81 2.1328
0.025 5.57 22.11 1.6974
0 6.34 21.35 2.7391
0 7.05 26.4 2.2696
0 11.82 30.27 0.6815
0 13.16 31.96 2.5572
0 9.8 28.44 2.4652
0 5.3 24.55 3.0747
0 2.88 12.78 2.1631
0 2.02 13.7 2.4078
0 2.82 16.19 1.2577
0 5.18 19.77 0.8214
0 7.9 24.32 0.6274
0 8.84 27.07 1.2503
0 8.72 27.6 1.3902
0 8.13 26.68 1.8823
0 7.12 24.33 1.4759
0 6.96 24.35 2.6008
0.05 4.88 22.93 3.0321
0.025 0.34 8.45 1.9803
0 0.18 14.75 0.7787
0 2.34 18.59 0.7725
0 5.43 22.14 1.149
0 5.73 22.79 1.8698
0 4.77 20.6 1.5001
0 4.76 20.57 0.8542
0 4.88 20.86 1.5486
0 5.24 21.75 1.6422
0 5.26 20.54 1.5952
0 5.03 20.45 1.5695
0 2.94 17.05 1.1015
0 2.87 18.83 0.9978
0 2.79 16.89 2.7592
0 1.83 14.2 0.8799
0 2.69 19.07 0.5423
0 6.51 22.78 0.9235
0 8.38 26.89 0.3618
0 8.24 26.91 1.2251
0 10.31 28.24 0.4835
0 10.67 29.22 0.5676
0 9.92 28.61 0.2864
0 9.81 25.6 0.5015
6.275 9.12 22.9 1.409
32.625 7.45 22.73 1.8278
18.875 4.63 13.45 1.3844
1.725 2.83 7.84 1.3305
2.15 0.05 8.37 0.7723
2.775 0.21 10.25 2.3388
0.375 -0.67 8.64 0.7016
0 1.21 13.96 1.7933
0 3.39 15.47 1.6714
0 4.68 18.81 1.5925
0 5.88 19.7 2.5199
0 6.3 21.92 1.7055
0 6.37 21.51 0.795
0 6.01 21.3 0.7808
0 5.87 21.32 1.3331
3.6 5.86 17.05 0.9652
1.95 1.49 12.62 1.1934
0 2.41 12.12 1.839
0 2.25 17.93 1.1022
0 3.3 15.77 1.9319
4.875 1.08 12.82 1.656
25.725 2.15 11.92 1.7447
88.225 3.29 6.3 5.144
38.2 -1.68 6.4 3.7025
0.175 -2.86 7.14 1.4296
0 -5.07 7.85 3.1194
0 -4.69 8.84 3.429
3.425 0.77 12.5 2.0309
3.525 -0.14 13.06 1.9058
0.675 -2.11 4.03 0.7816
0 -1.55 10.33 1.7921
0 -0.64 12.81 3.1955
0 2.08 15.98 3.0275
0 4.25 18.06 1.9931
0 4.67 18.32 1.2169
0.75 2.86 16.94 2.2749
25.075 0.78 13.52 3.3877
14.525 -4.42 3.6 2.5917
3.2 -6.34 2.77 0.7912
2.375 -4.51 4.48 1.604
0.025 -5.76 2.48 2.3964
0 -3.44 6.83 1.4853
0 -4.21 8.31 3.0828
0 -1.01 10.15 1.5396
0 0.23 12.47 2.5858
0 -0.63 12.78 1.1227
0 -1.51 11.22 2.2375
0 -2.21 11.87 2.2994
24.575 -1.62 10.87 2.8342
42.675 -6.14 3.35 3.3767
34.225 -7.37 -2.72 5.2401
19.575 -6.96 -2.53 3.5248
20.075 -6.27 -1.73 4.5026
8.125 -11.54 -3.68 1.1939
0 -12.13 -2.52 3.5132
5.875 -11.78 -3.27 3.3385
16.3 -7.56 1.01 2.9931
12.1 -11.81 -2.47 2.5367
0 -13.29 -3.53 2.4042
0 -10.39 -2.18 3.0207
0 -6.55 1.32 2.2156
0.05 -4.54 6.3 2.5239
0.075 -2.26 2.91 1.6286
2.075 -2.02 4.8 1.9721
23.025 -2.39 3.53 2.1051
10.65 -2.46 6.33 3.2991
0 -4.26 3.32 2.2662
8.4 -2.77 6.41 2.0469
9.325 -1.72 5.18 1.1519
2.05 -0.57 4.39 1.5932
0.125 -2.41 5.69 0.4692
0 -2.51 7.38 2.1911
0 -1.88 6.61 1.3743
25.05 -1.94 6.76 2.1397
16 -5.22 2.2 1.5093
5.2 -7.16 0.97 2.7586
64.375 -7.43 1.05 3.3665
98.05 -3.12 1.1 5.0802
77.6 -2.2 2.76 5.9167
27.7 -5.41 4.38 2.5851
10.25 -5.34 -3.82 2.4228
6.275 -5.43 -0.56 2.299
3.05 -4.89 -0.08 0.552
1.175 -5.69 1.68 2.9306
19.225 -5.41 4.41 5.2656
11.25 -6.16 4.01 2.261
0 -6.71 -1.72 0.9875
63.075 -6.22 0.5 2.4093
42.7 -4.51 0.32 4.6201
2.6 -14 -1.3 2.3988
4.15 -14.18 -5.38 1.4948
26.3 -13.31 -3.92 4.0295
21.025 -7.24 -2.4 4.5073
7.425 -7.2 -2.4 2.4984
0 -9.24 -1.62 3.1186
0 -8.67 -0.29 3.7649
0 -6.5 1.53 5.1911
0 -6.2 2.57 3.8228
0 -7.04 2.51 1.9843
0 -7.16 1.79 1.0687
0 -9.93 -0.45 3.2841
5.1 -8.67 1 3.2605
3.9 -4.4 2.32 1.9403
0.825 -4.17 5.02 1.6612
0.45 -4.54 2.51 1.2645
0 -4.56 8.93 2.5198
0 -2.25 7.48 0.6808
0 -1.62 8.47 0.5726
0 -1.87 9.14 2.2441
0 -3.9 8.62 1.2988
0 -4.24 8.15 4.2053
0 -4.17 8.57 3.7079
0 -3.56 9.24 3.0093
0 -3.31 11.1 3.8831
0 -3.31 9.54 2.0507
0 -2.83 9.64 2.2036
0 -3.05 9.77 4.9309
0 -2.87 10.85 3.3602
0 -3.11 10.95 1.8366
8.975 -4.19 10.05 0.6781
10.625 -5.17 7.22 1.7678
2.975 -6.56 -0.7 1.5138
0 -7.07 2.34 2.0408
0 -7.23 4.59 2.9851
0 -7.09 5.24 2.0593
0 -6.46 6.06 2.7435
0 -2.36 10.54 1.5988
0 -3.22 11.11 1.8906
0 -1.92 12.61 0.5166
0 -5.32 11.08 2.316
0 -7.97 5.11 3.6249
0 -8.47 4.59 3.6667
0 -7.5 6.07 3.6866
0 -5.31 9.87 2.6269
0 -4.69 12.18 1.302
0.35 -4.58 12.15 3.6783
18.35 -3.89 6 4.6604
22.45 -5.32 5.54 6.0867
31.5 -7.73 -3.9 4.7379
47.65 -7.32 -4.08 2.82
20.625 -7.56 -1.39 3.685
1.225 -11.76 -2.53 0.6777
0 -11.27 -1.09 1.2821
0 -11.53 -1.17 0.415
0 -10.25 2.08 0.5064
10.525 -8.3 1.85 2.5985
21 -6.61 -0.24 5.5366
8.175 -12.28 -3.58 0.7991
23.5 -13.54 -5.38 0.5493
1.075 -12.74 0.04 2.2642
7.6 -10.71 3.32 1.7381
19.975 -6.71 5.46 3.6801
8.375 -3.47 3.32 1.6492
0.4 -6.93 3.37 1.4542
6.8 -5.42 7.04 0.4869
32.05 -4.27 8.37 1.7064
18.975 -3.73 1.19 4.1533
0.3 -6.48 0.93 0.7824
0.025 -4.38 7.07 1.5446
0.025 -2.94 10.28 1.2827
0 -3.51 8.81 0.9654
0.125 -3.89 6.45 0.4677
4.65 -3.73 7.83 1.1725
5.55 -2.12 5.84 1.3063
34.85 -1.68 8.36 1.5128
22.35 -0.86 9.41 2.8489
2.5 -7.13 2.04 0.9647
23.325 -7.4 4.84 3.635
42.175 -7.04 0.79 4.8483
54.425 -6.18 -2.29 5.7814
31.125 -6.95 -3.02 2.5099
8.925 -7.64 -1.04 1.154
15.925 -5.68 2.93 4.8272
36.125 -5.67 -1.63 5.5756
24.275 -8.86 -2.87 4.2024
22 -8.21 -0.38 3.1177
9.425 -4.66 -1.76 1.701
1.35 -4.63 1.91 0.5879
0 -4.73 6.61 1.0004
0 -3.1 7.01 1.755
0 -0.98 10.99 2.3302
0 0.16 17.77 1.8573
0 0.41 19.2 0.8222
0 -2.74 13.01 1.6597
0 -3.06 11.67 1.967
0 -2.55 14.96 1.1886
1.775 -2.16 14.78 1.2882
8.275 -5.42 12.99 3.492
5.65 -10.73 -1.74 1.5181
0.75 -10.45 -2.08 1.2579
0 -9.64 3.45 0.4046
0 -7.12 8.27 1.4301
0 -4.6 9.38 1.1448
0.85 -4.29 10.16 2.7499
0.575 -7.31 1.63 0.4999
0 -7.05 9.54 0.7522
0 -2.23 13.39 1.1132
0 -0.7 16.14 2.0683
0.075 1.18 15.96 2.7937
0.075 1.58 13.21 1.5097
0.45 -0.21 13.18 1.9547
7.15 0.42 8.23 2.082
1.725 -3.31 9.19 0.8431
1.525 -3.11 8.85 1.0102
1.375 -1.13 6.77 2.3226
0.85 -2.3 6.42 2.447
0.125 -5.12 8.86 2.2833
0 -3.1 11.23 0.7704
0 -1.73 13.76 2.2322
0 -4.26 12.49 4.2549
0 -5.5 10.51 3.4166
0 -3.8 11.76 1.9236
0 -1.3 14.52 0.5637
0 0.04 16.29 0.8009
0 2.49 17.73 3.0565
0 4.81 20.57 0.8657
0 4.15 21.59 1.3716
0 3.04 20.02 1.9419
0.075 0.78 15.7 2.8488
2.25 -3.48 6.05 3.0124
2.025 -4.59 4.1 2.4969
0 -1.2 11.86 1.6612
0 1.14 15.32 1.0372
0 1.75 17.67 0.5385
18.225 2.46 18.84 2.9771
22.8 -5.7 8.77 2.9882
12.05 -6.18 0.81 1.204
39.7 -4.89 3.4 3.4912
19.175 -4.24 0.02 2.2132
1.225 -4.46 4.74 3.1157
0.025 -4.01 11.6 1.5357
0 0.34 15.3 1.9232
0 0.3 15.23 2.8641
0 -1.05 13.99 4.2683
0 -1.66 11.52 2.2769
1.55 0.1 13.69 2.9203
0.6 -2.31 10.98 2.3796
0 -1.56 11.31 3.3343
5.275 -1.77 11.05 4.1304
4.55 -4.1 7.61 4.6251
0.825 -3.41 7.56 2.9332
1.6 -1.15 10.38 2.8007
2.125 -0.6 10.7 2.9232
1.15 -4.28 5.66 1.6702
0.125 -2.94 8.74 0.8526
7.975 -1.4 9.91 2.9406
20.3 2.65 5.01 1.3442
10.075 -1.28 10.83 3.7047
0.45 -1.22 6.64 1.8555
0.1 0.46 12.62 2.8767
0 2.52 16.5 1.4596
0 3.84 19.14 2.261
0 3.78 19.08 2.9819
0 2.54 16.37 2.6698
0 3.39 17.67 2.7
0 5.12 20.88 1.6674
0 6.52 23.48 1.8323
0 6.63 22.45 2.184
0 3.66 19.98 1.0747
0 5.6 20.06 2.9052
0 4.64 21.09 2.1202
0 6 21.07 0.3584
0 7.86 23.9 0.5344
0 9.61 27.01 2.5303
0 9.03 26.62 2.8103
0 7.42 24.51 2.5126
0 5 22.29 2.5802
0 5.19 21.14 2.2293
0 6.72 22.18 2.1725
34.8 6.8 22.54 2.7228
19.7 3.47 18.88 2.5278
1.7 1.5 11.61 2.2419
0 5.2 17.73 0.8726
0 6.11 23.18 0.7836
0 9.24 25.91 0.7362
0 9.89 26.42 1.5721
0 10.15 26.06 1.7237
0 11.28 25.83 2.4824
0 11.56 26.06 2.9577
0 10.04 24.5 2.122
0 9.67 25.02 2.4331
0 7.67 24.54 2.1734
0 6.44 23.52 2.4775
0 6.16 20.9 2.6427
0 5.53 20.29 3.2262
0 5.2 17.76 2.7034
0 5.62 17.36 3.2577
0 4.07 17.46 3.3136
0 4.82 18.77 2.1306
0 5.11 20.44 1.4477
0 6.03 21.42 1.9586
0 6.22 21.99 1.1892
0 7.06 22.66 2.25
0 7.64 24.34 2.7909
0 8.15 24.29 1.8543
0 9.14 24.81 2.1529
0 7.52 25.96 2.236
0 7.18 24.88 1.7321
0 7.25 24.25 1.6288
0 8.59 23.8 1.3517
0 9.29 27.1 2.2322
0 10.49 27.23 3.1713
0 11.9 26.99 2.2472
0 10.87 24.15 1.6909
0 9.61 25.26 1.924
0 9.27 26.24 2.1129
0 7.97 26.04 3.1917
0 6.69 22.15 2.3313
0 7.6 22.67 3.1739
0 7.6 23.01 2.5942
0 7.95 24.4 1.8851
0 7.29 24 1.9937
0 7.12 24.36 2.1479
0 8.04 24.26 2.6835
0 7.49 24.94 1.586
0 7.91 24.62 1.4823
0 9.41 26.16 2.1279
0 7.14 24.68 1.4163
0 6.79 24.04 0.9121
0 6.47 24.56 1.7192
0 7.4 25.78 1.4689
0 7.79 25.36 2.5689
0 7.19 23.14 2.1723
0 6.44 22.74 1.7567
0 5.88 22.29 1.268
0 7.57 23.47 0.8697
0 7.89 25.55 2.06
0 9.51 25.92 1.3366
0 9.56 25.65 0.9626
0 9.79 27.13 1.0899
0 10.33 27.19 1.5198
0 9.5 27.72 1.6551
0 7.98 26.47 1.9366
0 6.33 24.74 1.7935
0 7.12 23.42 0.6766
0 7.88 23.47 0.9945
0 8.38 25.34 0.7837
0 9.07 25.06 0.8449
0 9.59 26.08 1.9075
0 8.44 25.8 0.4604
0 8.98 25.4 0.8928
0 9.5 26.26 0.8264
0 9.56 25.56 1.8137
1.1 6.8 25.38 1.0669
4.075 8.08 23.38 1.7342
5.225 5.4 16.8 1.5657
5.475 6.27 20.66 0.6961
4.225 5.61 21.46 1.2775
0 6.67 20.49 2.5485
0 5.72 20.63 1.7519
0 4.14 18.01 1.6259
0 3.73 17.77 0.4813
0.225 5.55 22.7 0.2053
0.15 7.55 25.36 0.8726
0 8.14 24.62 0.5364
1.275 9.06 25.17 0.4263
0 9.17 26.92 0.6556
0.025 9.64 27.21 1.6116
2.15 6.99 23.5 2.3932
0 4.34 15.63 1.7275
0 5.2 20.27 0.3572
0 8.18 23.61 0.5622
0 6.98 22.68 1.0409
0 8.07 23.96 1.491
0 5.74 21.98 2.5491
0 5.8 18.14 2.0418
0 4.72 18.11 2.1709
25.875 0.57 14.1 2.3629
27.35 -0.43 9.5 3.9985
6.775 -3.57 2.69 0.8425
1.575 -4.56 2.62 0.8607
0 -4.19 7.95 1.4299
0 -1.52 11.81 1.2286
3.925 1.36 14.03 1.7323
3.125 3.65 9.45 1.873
0 2.69 15.23 0.946
0 3.17 19.05 0.5888
0 5.88 20.44 0.4217
0 4.53 20.53 1.1692
0 5.1 20.34 1.509
0 5.23 17.94 1.8535
0 5.38 19.11 1.8419
0 4.28 19.99 0.7925
0 3.26 16.82 0.5246
0 2.81 17.86 0.4844
0 2.28 16.31 2.5065
0 3.28 18.36 1.9592
0 3.38 19.66 2.0979
0 2.28 16.56 1.3891
0 -0.37 12.14 3.4749
0 -2.37 11.35 3.4401
0 -1.18 11.6 2.0602
0 0.28 13.57 0.9758
0 1.25 15.12 2.1764
0 1.14 16.33 0.149
0 -0.24 16.41 3.7243
0 0.11 13.07 4.1432
6.3 -2.2 13.76 3.9305
6.875 -6.25 11.65 1.8738
7.8 -8.66 -0.57 0.7152
5.275 -8.06 -0.18 1.6284
0.075 -8.27 -0.25 1.016
0 -8.44 0.99 2.234
0 -6.09 4.59 3.1316
0 -4.85 7.55 2.8193
2 -2.92 9.44 3.1801
2.4 -1.06 6.75 0.8126
0 -1.9 6.85 0.2163
0 -0.44 7.81 0.5098
0 -3.23 7.7 0.4599
0 -2.93 8.58 0.9105
0 -3.33 9.22 1.3203
0.225 -2.42 8.49 3.6862
3.575 -5.52 1.65 2.3353
4.05 -5.4 0.6 3.9412
1.825 -7.51 1 1.7428
0 -6.47 3.12 2.5274
0 -5.02 3.94 3.7448
0.15 -5.15 8.19 2.4373
0.075 -4.41 4.66 0.766
0 -3.13 7 2.8833
0 -1.03 11.29 2.2975
0 -0.67 11.91 1.098
0 0.15 10.01 1.826
0 -4.17 12.09 3.6307
0 -5.4 8.15 8.4904
0 -4.29 5.18 3.737
0 -6.06 7.89 4.2572
0 -7.74 4.88 2.8894
0 -7.82 3.4 3.4981
0 -8.34 3.61 3.0498
0 -7.5 3.6 3.5934
0 -6.18 5.88 3.79
0 -5.55 6.08 4.4093
0 -5.41 8 3.2057
0 -6.78 6.49 1.0577
0 -8.16 4.42 1.6352
0 -8.73 2.89 1.5058
0 -8.66 2.45 0.9429
0.375 -7.94 2.82 0.8032
0.175 -7.1 2.11 5.5824
0 -4.54 7.06 4.7685
0 -6.88 7.58 2.8232
0 -6.98 5.04 4.84
0 -7.49 4.25 4.5368
0 -7.66 4.95 3.6526
0 -7.7 4.68 4.4874
0 -7.37 5.03 3.9456
0 -6.69 6.34 5.0409
0 -5.59 7.95 3.3823
0 -4.63 8.41 1.3982
0 -4.76 8.46 1.0176
0 -3.62 8.22 1.0575
0 -1.19 11.32 0.9183
0 -2.34 8.73 1.6074
0 -5.05 7.18 2.4039
