0.8 -22.72 -3.08 1.641
4.375 -11.66 -4.9 1.5504
2.425 -15.83 -1.9 1.6465
0 -18.63 -8.9 4.3778
1.775 -19.01 -8.44 1.5293
1.075 -14.22 -6.66 0.7399
0 -12.96 -3.01 1.2956
0 -12.19 -3.23 0.6926
0 -15.08 1.19 4.7478
0 -14.43 -1.43 3.2477
0 -12.93 -0.93 2.1094
0 -12.71 3.24 5.4606
0 -10.49 2.89 3.7248
0 -13.01 1.83 2.9727
0 -11.17 3.21 3.8501
0 -13 3.76 4.932
0 -13.53 1.99 4.2196
0 -13.69 0.27 4.7564
0 -12.91 2.61 4.8306
0.075 -12.88 -0.2 3.3303
13.2 -9.6 2.7 2.7627
27.175 -9.32 -0.05 2.1365
25.175 -13.89 -0.66 1.573
37.95 -7.31 -2.99 2.7497
12.075 -11.2 -3.85 3.7418
1.125 -17.35 -8.78 0.7838
0 -19.14 -9.41 1.2477
0 -15.72 -5.8 1.5678
0 -13.81 -1.91 4.2865
0 -13.03 1.06 4.5396
0 -11.63 2.17 3.0616
0 -11.36 2.26 3.2035
0 -12.75 1.28 3.6856
0 -12.38 3.46 3.7869
0 -9.99 4.85 3.0288
6.325 -8.21 3.99 2.6081
17.3 -11.33 -2.83 2.6536
8.925 -12.43 -6.72 2.8447
16.35 -12.79 -5.43 1.4003
10.05 -16.55 -5 3.942
5.1 -20.8 -10.98 0.5917
9.65 -15.66 -8.97 2.3219
3.95 -15.08 -7.81 1.4593
7.85 -15.31 -7.85 2.95
4.675 -15.14 -9.18 2.9811
2.7 -14.07 -7.12 5.2696
33.275 -13.2 -7.75 5.5464
23.25 -13.42 -9.84 4.1356
2.2 -16.53 -8.61 0.9604
0 -15.96 -7.15 3.3763
0 -15.61 -3.21 2.4834
4.2 -15.21 -0.96 3.8181
18.875 -10.81 -2.07 3.228
12.15 -9.45 -5.19 2.3769
3.65 -11.3 -1.67 1.4953
2.025 -10.12 1.28 1.477
0.4 -10.64 -3.77 2.4829
0 -12.33 -0.33 0.4242
0 -12.16 2.18 3.793
12.875 -7.14 2.83 2.8495
18.475 -7.77 1.58 3.9839
15.425 -9.25 -2.11 4.9636
16.8 -12.37 -7.14 3.2766
2.425 -17.14 -8.76 0.7306
0.9 -14.58 -5.87 1.9354
0 -16.75 -5.96 0.2376
0 -15.61 -2.06 1.6957
0 -13.44 0.35 2.8262
0 -17.36 -5.08 0.5287
0 -15.31 -0.24 0.6687
0 -13.52 -0.11 2.3188
0 -12.65 2.23 2.7294
0 -13.25 4.08 1.3545
0 -11.23 2.39 2.27
0 -7.91 3.35 2.5449
0 -9.38 5.95 1.1213
0 -9.81 6.53 1.0018
0 -7.62 8.67 0.8016
0 -8.63 8.77 0.8072
23 -7.54 8.24 2.1193
28.8 -13.53 0.1 4.3312
1.3 -18.88 -10.08 2.3283
0 -17.03 -7 1.8668
0 -12.96 1.22 0.4477
0 -9.31 4.23 2.3109
0 -11.67 4.8 2.1366
0 -10.06 5.08 1.3572
0 -7.11 8.14 3.2843
0 -13.8 4.62 1.9575
0 -11.55 3.12 0.3851
0 -9.01 5.55 2.5689
0 -8.11 6.88 2.6317
0 -11.05 4.31 5.5025
0 -15.51 -2 1.8076
0 -13.77 1.35 2.9778
0 -11.07 5.51 2.7999
8.85 -9.21 8.48 1.5468
12.725 -10.66 5.22 3.629
7.325 -10.68 -3.89 1.7522
4.4 -10.4 -2.01 2.2203
1.8 -11.84 -3.07 3.8516
0 -10.42 1.62 1.6646
0 -9.17 6.62 1.8779
0.525 -8.18 5.55 4.442
0.375 -16.9 -1 6.47
0 -13.97 -4.58 3.5737
0 -12.25 1.76 1.5052
0 -9.53 7.78 3.1808
0 -7.2 10.83 2.9672
0 -4.87 14.04 1.6382
0 -3.16 15.88 1.0968
0 -2.14 16.56 2.2158
0.025 -1.06 15.51 3.0333
0.85 -5.3 9.23 3.6366
0.475 -12.97 -0.61 3.8714
0 -10.71 2.48 2.0449
0 -9.63 5.25 2.3866
0 -8.51 6.13 3.3454
0 -11.7 3.18 1.5555
2.325 -8.51 6.85 2.0309
44.525 -1.26 9.55 2.2438
28.775 -6.07 4.09 2.8614
3.45 -3.33 3.26 3.8187
2.25 -7.07 3.49 1.9959
0.6 -3.32 7.24 3.7697
0 -5 8.9 2.5391
0 -5.55 11.91 2.8284
0 -4.16 12.88 1.62
0 -4.8 13.69 1.047
0 -3.38 13.68 0.7698
0 -3.15 14.59 3.0474
0 -4.43 12.9 3.2992
0 -5.1 11.89 2.2546
0 -4.28 11.51 3.2843
0 -3.03 13.04 1.4561
0 -1.88 15.44 1.7469
0 0.31 19.06 0.3058
0.1 2.44 20.79 2.5353
0.05 1.57 19.38 3.0165
0 -1.06 14.72 2.0554
0 -2 14.27 0.9501
0.375 -1.1 15.34 2.498
0.275 -1.61 14.76 2.9633
0 -2.5 13.39 2.8106
0.15 -2.69 13.15 1.8002
0.1 -2.4 13.87 1.1464
0 -1.81 14.58 0.7075
1.7 -0.07 15.95 1.6887
1.325 -0.81 16 2.3447
10.65 -0.92 13.76 3.3807
9.325 -0.61 13.79 2.1519
3.05 -0.93 13.57 1.9203
0.075 -1.87 12.3 2.2184
0.625 -0.46 10.7 0.9485
10.375 -4.71 7.67 2.2847
9.55 -5.32 9.21 3.8518
3.875 -7.45 1.57 2.6858
1.3 -5.08 3.3 2.8412
1.55 -3.53 7.76 2.5696
0.975 -2.63 9.98 3.437
0 -2.24 9.44 3.1373
0 -4.54 7.95 3.3591
1.425 -3.67 9.15 2.1199
1.975 -2.58 8.27 3.7262
0.65 -4.67 8.19 2.6209
2.15 -3.52 9.24 2.4088
1.65 -1.83 9.38 2.2868
0.325 -0.25 9.66 2.8774
0.175 -0.29 12.46 1.5509
0 2.8 17.64 2.7506
0 -0.23 17.05 3.477
0 -2.2 12.14 3.2012
0 -3.72 11.9 1.04
0 -2.14 13.78 0.8149
0 -0.07 17.05 1.3283
0.125 1.19 19.34 2.6605
0.075 -0.01 17.41 1.7631
0 1.52 17.86 0.8529
0 2.29 21.09 0.4144
0.4 4.4 22.52 3.0333
0.475 3.89 21.82 3.0781
0.15 2.99 19.2 2.2338
0 3.89 20.07 1.5278
0 2.61 18.91 2.9087
0 1.84 19.29 2.5051
0 0.66 19.04 2.8222
0 0.9 19.12 2.7038
0 -0.06 17.42 3.0041
0 0.4 16.71 2.6784
0 -0.93 16.41 2.5865
0 -0.7 16.9 1.926
0 3.2 17.95 1.9735
0 2.95 18.84 2.4198
0 2.35 18.35 1.3065
0 1.14 19.45 0.5429
0 2.68 20.67 1.7248
0 3.79 22.54 2.1611
0 4.39 19.16 1.9988
0 5.29 23.25 2.159
0 6.91 23.73 1.9955
0 6.8 23.95 2.515
0 4.83 23.48 2.525
0.1 4.06 22.37 2.1323
0.175 5.22 22.44 2.0415
0.075 4.34 21.5 2.1392
0 4.1 21.56 2.1578
1.1 4.13 21.69 1.9485
0.775 4.32 22.29 1.901
0 5.92 22.71 2.0736
0 5.4 21.5 2.8099
0 4.25 20.71 2.4607
0.425 4.62 20.78 2.3314
0.275 3.33 21.2 2.4078
0 3.05 20.56 2.995
0 1.5 19.27 2.7263
0 2.85 18.4 2.2873
0 5.53 18.82 2.6296
0 1.23 16.18 3.3652
0 -3.44 8.57 2.0567
0 -2.83 10.49 1.2581
0 -1.4 14.66 0.1962
0 0.25 17.9 1.1711
0 3.3 19.93 2.8853
0 3.69 20.6 2.6535
0 2.61 20.32 2.9384
0 1.3 18.63 3.3032
0 -1.23 16.65 1.3008
0 -2.1 16.01 0.2608
0 -0.5 18.26 0.5796
0 0.18 19.76 0.8901
0 1.19 22.3 1.2195
0 3.11 23 1.8186
0.4 4.07 22.62 2.2391
5.075 4.32 23.08 2.3917
6.275 3.4 18.09 3.3126
2.05 0.4 13.73 1.6668
0 -0.11 17.12 1.7442
0 0.41 18.33 0.6915
0 0.67 19.08 1.3154
0 1.8 19.8 0.9643
0 2.32 20.38 1.3511
0 2.58 21.59 3.152
0 2.77 18.59 2.2459
0 1.7 18.02 1.1415
0 1.17 19.56 0.2004
0 3.53 19.38 1.3323
0 3.27 19.53 2.0184
0 0.13 18.44 2.1402
0 -0.64 17.22 2.0147
0 -1.63 15.34 1.3985
0 -0.91 16.14 0.5843
0 -0.74 16.03 0.9987
0 0.93 18.09 0.4029
0 1.78 19.25 0.9602
0 2.7 21.06 1.5489
0.2 1.79 18.14 2.4009
0.125 -1.28 14.29 2.7206
0 -3.53 13.82 1.4807
0 -2 14.93 1.0642
0 -0.27 16.99 0.4167
0 -0.98 18.59 1.2047
0 2.21 20.15 2.4467
0 1.32 18.25 1.0709
0 2.73 14.53 2.7411
0 -0.8 19.39 2.6739
0 1.37 19.46 1.7569
0 -0.62 19.41 0.8858
0 0.07 19.29 0.7581
0 2.33 20.28 1.1952
0 0.45 20.88 0.3171
0 1.37 20.75 2.2542
0 1.73 17.82 2.7014
0 -9.26 8.04 2.3566
0 -9.7 5.9 2.6808
0 -6.88 9.83 0.9284
1.925 -3.4 11.92 3.3426
1.275 -10.41 8.49 3.705
0 -12.51 -3.63 0.3669
0 -11.18 2.77 3.2437
0 -10.45 4.63 1.8181
0 -8.15 6.75 1.4324
0 -8.38 9.03 0.8759
0 -6.29 11.3 0.5006
0 -7.5 9.76 2.0875
0.2 -6.01 10.34 1.9735
53.425 -4.83 3.99 6.1859
34.075 -4.68 1.1 4.5769
0.05 -3.95 5.5 0.7774
0 -3.63 10.55 2.3328
0 -4.25 12.06 1.3151
0.025 -2.27 14.04 2.1499
1.4 -0.42 11.1 2.6242
0.85 -9.52 3.54 2.7599
0 -9.22 4.54 1.1306
0 -7.72 8.5 0.6597
0 -7.14 8.82 0.7939
0 -5.46 10.85 1.1108
0 -5.99 9.61 1.9282
0 -6.61 8.03 1.3055
1.575 -7.03 10.3 3.9399
1.125 -13.13 -3.89 5.152
0 -14.15 -3.69 0.8675
0 -11.42 1.34 0.0371
0 -8.71 6.54 0.9349
0 -8.01 8.7 0.8636
0 -6.56 10.81 1.1132
0 -6.22 11.71 1.115
0 -6.37 12.22 1.7255
0 -4.44 11 2.2828
0 -8.54 7.62 0.6305
0 -10.18 6.09 1.3523
0 -11.91 4.12 1.8474
0 -11.23 2.46 1.4095
0 -9.05 5.25 0.915
0.525 -6.96 5.25 0.8053
6.75 -6.4 5.59 2.2146
4.35 -12.14 -2.17 1.0462
0 -13.2 -2.34 1.1684
0 -14.32 -1.62 2.8417
0 -12.25 0.94 2.2936
0 -10.61 3.89 1.8504
0 -10.29 6.15 1.0834
0 -12.9 1 2.3852
0.775 -10.7 2.64 3.8673
0.45 -10.72 1.76 0.8687
0 -11.3 -1.58 0.478
0 -12.75 2.38 2.5778
0 -12.37 0.51 3.9435
0 -11.14 2.18 4.2509
0 -11.61 2.95 2.8009
1.25 -9.02 2.95 1.5127
0.8 -11.5 1.25 4.7014
0 -13.11 -5.77 5.3282
0 -12.74 -2 3.886
0 -12.48 0.15 1.4807
0 -12.9 -0.02 2.3008
0 -14.44 0.51 2.1725
0 -13.87 -1.91 2.151
0.025 -10.32 -0.25 1.453
10.75 -16.47 -2.33 2.1824
13.775 -13.4 -7.78 1.258
4.65 -23.46 -11.94 0.5771
0 -25.92 -12.43 1.8451
1.1 -22.69 -9.28 2.8539
25.125 -13.54 -5.47 2.761
40.675 -10.97 -6.39 3.7051
30.825 -11.75 -5.68 4.7481
1.3 -15.42 -7.4 0.7071
0 -13.84 -9.31 2.9293
0 -12.74 -5.93 2.261
0 -12.4 -3.84 2.3357
0 -12.87 -4.08 2.8447
0 -13.87 -5.24 4.1062
0.75 -12.7 -5.89 2.9467
13.275 -9.97 -0.38 1.8891
10.3 -13.99 -2.28 3.7543
0.075 -19.46 -9.68 3.0916
0 -15.87 -7.26 3.7352
0 -14.88 -3.39 3.5911
3.375 -14.88 -7.91 3.9533
2.25 -14.1 -6.05 1.8583
1.625 -15.27 -5.84 3.2633
6.4 -13.86 -8.26 0.6599
3.525 -12.9 -7.09 1.4577
0.05 -13.07 -5.79 2.3241
0 -12.43 -3.48 1.6876
0 -13.6 -2.39 1.2354
0 -14.26 -3.73 4.0671
0 -13.72 -2.64 2.9897
0 -13.28 -1.78 2.3511
0 -12.68 -2.32 2.8711
0 -12.22 -1.82 2.9314
0.05 -10.22 0.15 3.1606
1.25 -9.97 -0.17 2.296
0.65 -8.74 -2.25 2.4581
0.425 -10.1 -3.25 3.0605
21.325 -10.79 -2.01 4.2213
13.325 -9.55 -0.69 2.1123
0.075 -14.05 -4.28 1.4735
0 -13.87 -3.21 3.2998
0 -12.85 -2.08 1.73
30.325 -12.86 -1 2.4058
63.975 -11.32 -3.84 4.5302
38.375 -12.73 -8.37 5.2254
40.725 -12.33 -8.96 6.1175
51.625 -15.57 -9.61 4.0357
27.125 -14.52 -11.66 4.4021
3.7 -17.43 -11.12 0.8225
0.825 -17.39 -10.61 1.9823
7.025 -15.32 -9.78 3.3402
4.05 -12.09 -7.4 2.818
0 -13.56 -3.59 1.3478
0 -16.37 -3.53 2.7919
1.15 -14.28 -6.71 3.1015
0.675 -12.88 -4.08 1.4715
0 -18.77 -4.69 1.0943
0 -18.84 -6.42 1.6812
0 -13.02 -4.65 1.8982
0 -13.57 -4.05 0.5875
8.3 -13.61 -4.42 2.3643
16.075 -10.76 -2.93 3.446
13.825 -10.86 -5.02 1.8624
4.425 -12.26 -6.45 2.6869
0.4 -13.43 -5.98 1.405
2.05 -14.02 -5.99 2.4554
1.15 -14.74 -7.17 0.581
0 -13.85 -5.31 0.8452
0 -11.98 -2.97 0.928
0 -12.51 -0.19 1.5871
0 -12.76 0.24 1.5661
0 -12.18 1.92 0.9118
0 -11.62 2.46 1.7575
0 -10.87 2.81 2.4324
0 -10.41 3.12 1.5233
1.225 -11.3 1.6 1.5013
4.25 -10.19 -2.48 2.6981
16.15 -10.59 -1.59 3.3534
7.45 -16.3 -6.72 2.5001
13.125 -15.8 -6.37 3.4575
19.825 -11.06 -3.88 2.9725
2.525 -13.4 -4.87 0.5773
37.4 -11.62 -1.46 4.2684
25.975 -11.66 -1.14 2.1125
1.875 -12.23 -6.66 0.8588
0 -12.29 -1.57 2.432
3.275 -10.3 0.19 2.7233
17.825 -11.82 -1.21 3.1636
9.625 -14.6 -4.58 3.4518
0 -15.7 -6.66 1.259
0.05 -13.27 -3.38 2.7272
0.15 -13.43 -3.74 0.8593
5.775 -12.66 -1.06 2.3946
4.175 -17.58 -4.94 4.1304
0.425 -15.07 -6.58 2.1157
0 -16.7 -7.54 0.4703
26.925 -13.75 -0.6 2.098
16.375 -13.61 -0.79 2.6906
0 -15.89 -5.9 2.7017
0 -14.49 0.3 3.758
0 -12.49 4.57 1.6752
0 -10.45 6.65 0.6977
0 -9.02 6.59 3.057
0 -13.29 3.53 2.1014
0 -9.45 7.19 2.1639
0 -10.28 6.67 1.0647
0 -10.88 5.67 1.2263
0 -12.37 5.11 2.5698
0.2 -12.04 5.46 2.2417
0.9 -8.9 6.39 2.6267
0.45 -13.34 -0.36 2.905
0 -12.98 -3.5 2.9085
0 -10.73 4.07 1.5817
0.3 -6.73 7.58 2.6593
8.225 -8.2 7.33 6.0472
5.55 -12.44 -3.33 3.5226
2.25 -16.47 -6.59 1.0068
5.05 -15.21 0.17 2.3864
1.375 -10.98 -2.31 2.3278
15 -13.37 -2.12 2.7644
9.6 -13.57 -4.97 3.7497
0.075 -17.13 -6.11 0.9403
0 -13.87 -0.21 2.1955
0 -11.53 4.61 0.5251
0 -10.12 7.27 1.3646
0 -9.73 5.1 1.9849
9.8 -7.38 3.39 3.8114
9.95 -13.1 -2.63 4.704
2.2 -13.2 -5.62 1.0987
0 -11.72 0.04 0.6799
0 -10.74 2.24 0.8774
0 -7.94 6.86 2.7874
0 -9.91 7.09 1.359
0 -9.08 9.44 1.0148
0.2 -7.94 10.47 1.9851
10.95 -5.81 8.91 2.9561
8.45 -12.33 -2.09 2.9529
2.05 -10.74 -6.32 1.503
0.675 -10.1 -5.43 1.7089
0 -9.18 5.44 0.697
0 -7.6 8.78 1.4893
0 -7.08 9.11 0.7078
3.15 -2.64 11.54 4.3232
5.175 -9.42 2.46 5.4753
2.975 -14.83 -3.89 4.3118
0.625 -12.91 -3.3 3.6314
0 -11.18 1.39 2.0527
0 -9.69 6.56 2.4495
0 -8.86 8.48 1.1696
0 -6.03 11.22 2.0308
0 -4.35 10.17 3.6496
0 -10.1 6.7 2.1785
0 -10.55 4.7 1.0299
0 -6.36 8.33 2.9811
1.55 -8.52 7.09 3.9397
6.7 -11.28 -0.45 3.5377
3.6 -15.02 -1.71 4.9843
0.025 -10.84 -0.03 2.5477
0.05 -8.58 5.11 1.2018
0.025 -7.98 7.03 0.7232
0 -5.66 9.59 0.6035
0 -3.62 12.09 1.4495
2.775 -0.8 11.58 2.1764
1.65 -10.96 7.45 2.5564
0.05 -6.02 5.39 1.8304
0.025 -2.92 8.84 3.446
0 -5.21 9.15 4.5342
1.75 -11.26 3.54 3.8872
1.75 -12.09 -1.54 4.0862
0.3 -9.48 -0.84 2.4053
0.775 -9.7 1.13 1.6807
3.675 -7.43 5.11 3.4755
8.375 -8.21 2.35 2.8851
3.875 -10.19 0.01 3.9681
0 -10.56 2.15 2.0306
0 -7.35 9.61 0.7036
0 -5.59 12.61 2.7197
0 -0.8 11.9 2.9525
0 -2.73 10.81 2.8056
0 0.36 13.71 3.0084
0 2.24 13.84 3.0844
0 1.71 13.15 2.1866
0 2.03 17.82 3.2526
0 4.21 18.31 3.2479
0 0 16.6 2.3339
0 1.55 16.05 4.1376
0 -1.78 12.98 4.7163
0 -4.46 8.76 5.2705
0 -2.67 5.54 4.2318
0 -3.54 11.05 1.2453
0 -2.48 13.36 1.5753
0 -0.12 17.01 3.3192
0 -3.17 15.09 3.2714
0 -5.25 9.74 0.7846
0 -4.06 14.12 2.3239
0 -4.08 11.89 3.2712
0 -5.1 11.38 2.5251
0 -4.22 13.3 1.3455
0 -2.87 11.92 0.9883
0 -0.29 15.96 1.5521
0 -0.26 16.59 2.1253
0 1.74 13.82 2.5926
0 -0.25 14.46 2.2232
0 1.93 16.1 0.7221
0 3.69 20.23 1.4403
0 4.34 21.16 3.3216
0 2.26 19.91 3.0757
0 -0.98 16.31 2.696
0 -0.55 16.92 2.7129
0 -0.13 16.14 1.8365
0 -0.97 15.36 0.9249
0 -0.35 16.47 1.82
1.425 1.84 19.43 2.4245
1 1.62 18.45 1.9893
0 1.94 17.74 2.1807
0 4.16 20.03 2.1053
0 3.31 19.4 1.817
0 3.48 20.32 2.485
0 4.73 19.42 3.4139
0 5.6 20.49 3.6684
0 3.07 17.82 1.9627
0 4.16 20.57 1.1514
1.1 4.79 22.56 2.554
0.775 3.85 19.79 2.8026
0 4.29 21.82 2.6288
0 4.91 23.02 2.2374
0 3.63 22.78 2.1535
0 3.32 21.3 2.7533
0 2.1 20.19 1.1335
0 2.74 19.47 2.2769
0 3.89 21.05 1.9227
1.525 5.34 21.88 2.329
1.1 4.21 19.98 2.64
0 1.28 19.19 1.8982
0 0.86 19.7 2.2807
0 2.38 19.17 1.8398
0 1.84 19.62 2.2229
0 1.89 19.64 2.518
0 0.84 19.32 2.144
0 1.56 19.45 2.4698
0 0.71 20.38 1.5989
0 0.7 19.87 2.0034
0 1.33 19.63 2.0119
0 0.03 19.07 2.0816
0 1.01 18.51 2.497
0.45 1.57 17.21 2.8504
0.275 0.77 13.79 2.0686
0 -0.58 16.52 1.9888
0 0.75 17.29 2.4001
0 -0.78 12.26 1.0425
0 0.15 16.98 1.1667
0 1.71 18.99 2.1135
0 1.51 19.11 2.6587
0 2.38 19.31 1.1969
0 1.91 20.67 1.9271
0 3.35 21.36 2.0027
0 1.67 19.27 1.8859
0 0.36 19.19 2.2072
0 1.66 20.42 2.1551
0 2.68 17.61 1.8329
0 -1.15 15.63 2.6814
0 1.65 19.65 2.2867
0 2.53 22.93 0.7888
0 6.75 23.9 2.5457
0 3.31 23.09 2.8153
0 -0.22 18.32 3.1487
0 -1.64 8.74 2.2651
0 -4.81 7.68 2.3455
0 -4.82 10.33 0.9297
0 -2.16 14.47 0.5596
0 -1.07 18.34 0.4878
0 1.12 20.76 1.1089
0 2.34 21.09 1.4888
0 0.76 20.37 1.9921
0 -1.42 17.99 1.4028
0 -1 17.83 2.7452
0 1.31 17.61 3.1929
0 -6.4 6.01 2.1571
0 -4.83 12.57 0.7696
0 -3.61 13.15 0.8466
0 -2.18 16 1.0423
0 -2.1 16.25 1.8257
0 -3.16 14.66 1.4667
0 -3.38 14.76 0.6275
0 -3.31 15.09 1.1095
0 -3.87 16.27 1.6733
0 -3.31 15.56 1.5208
0 -2.81 15.91 1.6254
0 -4.25 11.94 0.9719
0 -5.53 13.51 1.121
0 -2.78 13.24 2.7113
0 -4.65 9.87 0.8445
0 -3.48 13.9 0.4796
0 -1.26 16.93 1.0638
0 -0.84 20.1 0.5483
0 1.6 20.59 1.1746
0 3.35 21.72 0.4969
0 2.95 22.15 0.4799
0 1.2 21.84 0.3249
0.225 1.46 17.88 0.6214
6.5 0.74 15.29 1.4202
31.375 0.92 15.04 1.6961
46.425 -1.95 6.02 1.608
8.15 -4.51 0.37 1.1708
11.375 -7.68 1.65 0.8067
2.725 -7.37 0.07 2.1561
0.1 -8.95 2.39 0.8694
0 -7.01 7.13 1.8042
0 -6.47 9.99 1.7171
0 -3.22 13.03 1.4247
0 -3.38 12.9 2.4999
0 -1.91 14.03 1.8457
0 -2.46 14.14 0.9241
0 -2.76 13.8 0.817
0.025 -2.1 13.76 1.4065
2 -1.35 10.1 0.866
1.875 -3.72 5.77 1.2329
0 -3.39 5.3 1.9851
0.575 -5.37 9.5 1.1518
0.325 -4.48 7.82 2.1175
2.6 -6.34 6.39 1.9552
6.525 -4.05 5.2 1.8367
33.2 -2.48 1.89 4.5858
20.375 -7.1 2.51 3.9688
0.025 -9.43 1.37 1.6068
0 -12.73 0.99 3.0788
0 -11.84 1.7 3.2796
3.425 -6.99 5.77 2.1206
2.475 -7.09 6.94 2.069
0.2 -9.05 -0.79 0.9416
0 -8.6 4.34 1.9157
0 -7.46 7.43 3.4477
0 -6.26 10.58 3.2427
0 -3.43 11.68 2.2702
0 -2.43 10.9 1.1788
0.25 -3.22 9.93 2.4489
22.875 -6.47 7.37 2.9569
13.275 -10.98 0.39 2.9302
1.525 -13.67 -3.25 0.5547
1.775 -13.73 -2.03 1.6252
0 -12.81 -3.82 2.7183
0 -11.88 -0.91 1.4792
0 -11.58 2.92 3.2301
0 -9.9 1.52 1.5309
0 -7.27 5.6 2.3867
0 -8.81 6.39 0.7288
0 -11.46 4.31 2.1742
0 -4.63 5.83 2.5143
23.75 -4.44 6.16 3.2047
41.3 -12.01 0.97 3.4769
26.25 -14.7 -7.5 5.4925
10.075 -14.38 -10.32 3.2018
13.85 -13.54 -6.79 4.5398
8.15 -19.12 -9.49 0.9547
0.75 -21.55 -12.22 3.2864
0 -19.55 -9.31 3.2599
14.2 -14.35 -5.66 2.9793
9.075 -18.47 -5.6 3.1075
0 -21.19 -11.27 2.0495
1.125 -18.37 -11.16 2.9503
0 -17.16 -6.24 2.1849
0.025 -13.09 -0.64 2.4761
0.025 -6.25 0.47 1.693
0.35 -7.28 2.17 1.69
13.1 -10.09 -1.76 1.9614
8.6 -9.01 0.35 3.1675
0 -11.74 -2.95 2.401
1.375 -9.9 0.41 1.7155
2.9 -7.23 0.97 1.1029
0.8 -6.64 -0.3 1.3751
0.025 -7.62 1.22 0.5456
0 -10.88 1.73 2.2651
0 -11.2 0.9 1.5767
19.525 -10.8 2.7 1.9635
13.975 -11.3 -1.2 1.8997
5.6 -12.74 -4.87 2.4905
57.6 -12.04 -6.04 3.4269
95.075 -11.23 -7.18 5.4225
86.9 -10.13 -4.07 6.4703
42.65 -12.26 -4.41 2.0578
18.475 -13.32 -11.22 1.9569
6.975 -14.29 -9.21 2.1759
1.525 -12.2 -6.69 0.3608
0.3 -13.05 -5.95 2.7542
22 -15.29 -4.23 5.0878
11.275 -12.9 -4.21 1.9223
0 -14.47 -10.29 1.1263
28.825 -14.27 -8.34 2.246
17.85 -12.74 -6.82 4.6642
1.25 -21.37 -7.57 2.9631
2.15 -21.84 -11.93 1.1618
13.175 -20.45 -12.38 3.5128
22.25 -14.4 -11.44 4.6186
33.95 -14.52 -10.96 2.6197
0 -16.58 -9.55 3.0738
0 -17.63 -11.01 3.8282
0 -15.51 -8.64 5.5284
0 -15.03 -8.4 3.9932
0 -16.37 -9.44 1.7931
0 -16.54 -6.94 1.0304
0 -17.02 -6.04 3.3439
2.85 -17.05 -7.81 3.1474
8.4 -13.55 -7.23 1.4968
0.15 -14.62 -5.05 1.5939
0.075 -14.04 -3.15 1.5211
0 -14.26 -2.29 2.3878
0 -11.95 -1.61 1.151
0 -11.03 0.27 0.6764
0 -12.52 -1.49 2.1745
0 -11.66 0.83 1.3349
0 -14.31 1.41 4.3222
0 -14.14 -0.95 3.5951
0 -15.26 -0.97 2.6895
0 -12.95 1.66 3.6325
0 -13.37 -1.5 2.1477
0 -12.88 0.12 2.1413
0 -13.05 0 4.9485
0 -13.21 0.31 3.106
0 -13.05 0.14 1.7576
4.375 -12.46 1.15 0.6669
16.2 -12.01 1.87 1.7914
5.4 -14.5 -7.94 1.7489
0 -15.08 -4.6 2.1366
0 -18.8 -4.41 3.1186
0 -17.08 -4.33 2.1676
0 -14.37 -1.68 3.0163
0 -12.62 1.93 1.7667
0 -10.5 2.72 1.9722
0 -10.46 3.53 0.6538
0.05 -13.76 4.24 2.2441
0.025 -16.13 -0.02 3.6612
0 -17.18 -3.92 3.8691
0 -16.1 -2.33 3.9094
0 -14.26 0.99 2.5775
0 -12.44 3.46 1.4425
0 -11.28 3.32 3.0899
7.775 -9.93 1.2 3.6911
46.7 -11.77 0.93 6.1647
28.35 -14.81 -9.67 4.0968
40.85 -13.38 -10.6 3.34
38.1 -13.85 -7.44 4.3271
4.325 -19.14 -9.05 0.913
0.025 -19.14 -8.54 1.1737
0 -18.17 -8.76 0.361
0 -17.85 -5.02 0.2041
4.9 -15.46 -5.6 2.3687
17.5 -14.58 -6.27 6.0145
23.125 -18.55 -10.18 0.592
0.025 -20.95 -12.17 0.5221
0 -19.38 -8.38 2.0556
2.575 -17.56 -3.17 1.7068
6.975 -14.9 -2.51 3.2686
10.8 -10.91 -2.25 1.887
1.625 -14.15 -2.25 1.417
2.025 -12.01 0.33 0.5892
14.4 -10.32 2.86 1.7841
24.725 -10.07 -3.29 4.6766
0.025 -13.44 -4.94 0.6805
0 -12.29 1.22 1.5314
0 -10.83 5.35 1.2893
0.4 -10.46 4.44 1.1494
0.225 -10.78 3.14 0.8256
0.9 -11.05 4.1 0.836
0.725 -8.9 0.57 1.0679
7.525 -8.51 4.16 1.2623
30.775 -7.89 5.19 3.0124
3.675 -12.94 -1.47 0.9908
23.875 -12.51 -0.97 3.2047
38.225 -13.5 -6.48 4.9772
74.775 -12.71 -7.9 6.4608
15.575 -13.74 -8.55 2.849
4.95 -15.04 -6.06 0.8004
15.625 -14.45 -6 4.2911
47.25 -13.96 -6.98 5.2718
33.725 -16.8 -7.72 4.1721
17.3 -13.19 -5.48 2.8721
8.5 -12.37 -7.88 1.6749
0.05 -11.42 -1.29 0.5427
0 -12.03 1.4 1.126
0 -12.33 2.67 2.3423
0 -10.14 5.09 2.1881
0 -7.99 9.65 1.5775
0 -6.08 12.81 1.5636
0 -10.16 8.74 1.1338
0.15 -10.62 5.74 2.0625
0 -8.66 8.62 1.5984
1.65 -8.7 8.44 1.4745
6.375 -12.26 6.22 3.6613
8.075 -17.77 -8.3 1.3889
3.85 -16.54 -10.16 1.6186
0.25 -16.07 -4.55 0.6306
0 -12.76 1.41 1.4646
0 -12.02 3.51 1.4516
0.325 -10.31 3.89 3.0564
0.35 -13.86 -4.29 0.6449
0 -11.16 2.76 0.7466
0 -9.06 8.32 1.3845
0.025 -8.22 9.92 2.4458
0.025 -7.58 9.59 3.3082
0 -7.35 5.03 1.9485
0.475 -8.04 7.6 2.5014
14.025 -6.3 0.46 2.6774
2.3 -10.2 3.02 0.8555
1.175 -9.79 2.76 1.7236
0.175 -7.87 2.1 2.8371
1.4 -8.51 0.07 2.7006
0.025 -11.13 2.2 2.951
0 -9.63 4.6 0.8598
0 -8.36 7.72 2.7053
0 -11.24 6.16 4.7515
0 -11.66 2.76 3.8558
0 -10.7 3.49 2.0902
0 -8.7 6.52 0.6114
0 -6.06 9.73 0.8676
0 -5.61 11.32 3.133
0 -3.46 13.19 0.9097
0 -2.85 14.07 1.8237
0 -3.19 13.14 2.26
0.625 -4.77 10.45 3.3998
2.775 -9.84 1.99 3.6627
6.525 -11.39 -3.38 3.0307
0 -9.43 4.8 1.7055
0 -5.98 9.21 1.2597
0 -4.62 11.66 0.6392
5.2 -4.54 12.91 3.1073
12.25 -12.41 5.61 3.1753
4.875 -12.75 -5.08 1.1495
12.375 -10.39 -1.4 3.4673
23.725 -11.44 -3.74 2.6511
3.125 -10.33 -1.49 3.7909
0.2 -9.77 3.94 1.9367
0 -5.6 9.36 1.9398
0 -5.63 8.8 2.8194
0 -7.24 8 4.4092
0 -8.77 5.96 2.4928
0 -6.58 8.44 2.9232
0 -6.66 7.17 2.9395
1.3 -6.89 7.15 3.5619
2.425 -6.42 7.21 4.5255
10.325 -11.4 2.3 5.0959
2.375 -10.54 -0.36 2.9944
0.4 -7.82 4.44 2.9597
0.775 -7.51 5.52 3.2686
1.95 -10.25 0.91 1.8585
0 -9.97 2.84 0.6183
9.975 -5.7 4.39 2.7518
25.725 -5.15 -1.83 1.5569
13.075 -6.99 5.57 3.7084
0.275 -7.8 3.08 1.8108
0.275 -6.58 6.53 3.0985
0 -4.96 9.99 1.634
0 -3.36 12.7 2.1184
0 -3.28 13.18 3.0052
0 -3.56 10.97 2.5783
0 -2.55 12.02 2.7777
0 -1.12 14.28 1.4744
0 0.11 17.31 1.9454
0 0.12 16.98 2.6567
0 -2.88 13.3 1.1102
0 -2.18 12.1 3.0351
0 -1.53 14.37 2.0922
0 -1.15 13.78 0.2055
0 0.35 17.47 0.3128
0 1.89 19.84 2.4645
0 2.18 19.66 3.1432
0 -0.18 17.37 2.8235
0 -1.3 17.66 2.8069
0 -1.25 16.01 2.2347
0 0.24 18.04 2.1673
17.175 1.21 17.7 2.8524
30.35 -2.13 13.74 2.6149
10.45 -4.53 5.03 2.1797
0 -2.25 13.55 0.6912
0 -0.08 17.98 0.9408
0 2.51 20.02 0.8804
0 2.46 20.32 1.7802
0 3.09 19.85 1.9375
0 4.3 17.99 2.4685
0 4.23 19.13 2.8957
0 3.1 17.84 2.3769
0 2.55 18.81 2.6166
0 0.58 18.49 2.2634
0 0.54 17.71 2.4216
0 0.26 16.52 2.4404
0 -0.31 15.6 3.1734
0 -1.29 13.93 2.6053
0 -0.07 12.59 3.1198
0 -1.75 12.36 3.0781
0 -1.34 13.06 1.9951
0 -1.44 14.8 1.5702
0 -0.7 16.53 2.0533
0 -0.79 16.94 1.23
0 -0.07 17.91 2.3543
0 1.5 18.54 2.9103
0 1.73 18.13 1.8478
0 2.93 19.01 2.019
0 1.19 19.87 2.2357
0 0.36 18.91 1.8754
0 0.52 18.46 1.7677
0 1.8 18.12 1.4049
0 3.96 20.08 2.1445
3.125 3.52 20.8 2.915
3.35 5.49 19.76 2.106
4.75 3.14 15.43 1.6045
0 2.55 18.39 1.9966
0 2.46 19.49 2.1436
0 1.01 19.58 3.0711
0 0.85 17.1 2.2165
0 0.36 17.33 3.0488
0 0.39 17.97 2.4136
0 1.22 17.78 1.8009
0 0.77 18.84 1.8427
0 0.93 18.6 2.1835
0 1.24 18.89 2.6489
0 1.58 19.53 1.5045
0 2.39 19.62 1.3373
0 1.53 19.43 2.1524
0 2.18 18.4 1.5932
0 1.13 17.45 0.9946
0 0.73 18.27 1.4212
0 1.03 19.42 1.2419
0 2.27 20.43 2.5119
0 1.52 17.98 2.0366
0 0.4 17.17 1.4389
0 -0.52 17.09 1.0689
0 -1.73 16.77 1.0411
0 2.18 20.17 2.0847
0 3.31 20.47 1.3651
0 2.82 19.95 0.9676
0 3.03 21.5 1.191
0 4.08 21.42 1.5408
0 3.65 21.49 1.6292
0 1.67 20.64 2.0091
0 0.12 19.87 1.9409
0 -0.68 18.11 0.8226
0 -0.02 17.53 0.7728
0 -0.21 19.18 0.9211
0 1.77 18.64 0.9001
0 3.19 19.35 1.7825
0 1.55 17.56 0.595
0 1.45 18.62 0.8781
0 2.75 19.64 0.7172
0.775 2.5 18.7 1.8051
6.1 0.88 17.75 1.176
6.55 0.99 14.86 1.3055
22.9 -1.91 10.35 1.2445
5.175 -0.59 12.71 0.5991
22.6 -1.47 14.89 0.971
0 -1.14 13.31 2.4294
0 -0.15 14.95 2.0449
0 -1.41 12.65 1.6058
0 -2 12.94 0.22
0.975 -1.36 15.79 0.3548
0.7 0.92 17.92 0.9013
0 0.81 18.07 0.4034
11.025 1.37 18.62 0.4308
0 2.16 18.43 0.7878
0.175 2.34 19.56 1.6822
19.3 -0.5 15.01 2.3167
0.2 -2.33 9.94 1.6269
0 -1.48 13.59 0.4617
0 0.44 16.47 0.7037
0 0.84 16.57 1.0764
0 -0.29 17.82 1.618
0 -0.8 17.44 2.5572
0 0.58 14.44 2.0763
0 -1.11 12.32 2.2598
19.175 -3.73 8.88 2.4283
47.65 -7.06 4.62 3.9807
22.525 -10.17 -0.03 0.6547
3.725 -11.46 -0.27 1.0038
0 -10.22 2.29 1.2549
0 -8.43 6.1 1.3974
1.2 -6.05 8.08 1.6771
5.9 -5.03 5.05 1.6769
0 -6.07 10.64 0.9192
0 -5.34 12.46 0.6605
0 -2.31 14.61 0.7002
0 -3.7 14.69 1.2142
0 -3.37 12.18 1.8093
0 -3.25 11.72 1.9196
0 -3.34 11.61 2.0402
0 -4.18 12.97 0.6118
0 -5.14 10.77 0.6372
0 -4.73 11.09 0.3876
0 -4.64 10.78 2.2312
0 -5.94 12.12 1.8778
0 -4.73 12.02 2.4455
0 -6.17 9.64 1.3757
0 -9.28 6.08 3.8013
0 -10.47 3.06 3.468
0 -10.13 4.33 2.2512
0 -7.95 7.07 0.8364
0 -7.74 8.8 2.3325
0 -7.1 9.23 0.2258
0 -6.89 9.1 3.2049
0 -9.35 4.78 4.1891
2.975 -11.43 4.87 4.0071
12.925 -12.82 4.27 1.9298
4.15 -15.45 -7.88 0.3438
12.35 -14.14 -6.51 1.493
0.275 -14.05 -6.96 1.0201
0 -14.95 -5.02 2.4205
0 -14.32 -2.7 3.3964
0 -13.62 0.54 3.0407
2.325 -11.56 0.56 3.261
4.7 -7.98 -1.66 1.0833
0 -9.51 0 0.2395
0 -8.79 1.82 0.5508
0 -11.48 2.22 0.5093
0 -11.5 2.81 0.8719
0 -11.64 2.43 1.1768
0 -11.65 2.94 3.4329
0.575 -11.71 -2.32 2.2533
1.875 -11.22 -4.48 3.8274
3.875 -14.01 -7.02 1.4691
0 -14.25 -3.85 2.0829
0.3 -13.3 -0.02 3.3734
0 -11.97 5.42 2.2275
0 -13.07 1.35 0.8505
0 -12.86 0.82 3.0108
0 -10.75 2.7 2.4049
0 -10.4 2.21 1.0622
0 -9.25 3.25 1.9637
0 -11.71 4.04 3.1305
0 -12.96 0.43 9.3666
0 -14.09 -5.59 3.9584
0 -16.02 -0.91 4.6232
0 -16.85 -3.85 2.6624
0 -16.12 -2.94 3.505
0 -17.07 -4.02 3.0448
0 -16.18 -3.83 3.7075
0 -15.54 -1.85 3.9906
0 -15.99 -1.67 4.355
0 -15.6 -2.21 3.2462
0 -15.72 -2.78 1.2621
0 -16.91 -3.15 1.6735
0 -16.65 -6.59 1.4604
0 -16.34 -5.38 1.1584
0 -15.11 -4.48 0.9592
0 -15.19 -5.85 5.9584
0 -15.57 -3.14 4.9428
0 -16.6 -2.79 2.595
0 -14.85 -1.02 4.6587
0 -17.39 -3.42 4.7457
0 -16 -5.58 3.3982
0 -18.8 -2.7 4.6004
0 -18.22 -3.24 3.9659
0 -17.25 -3.23 4.8892
0 -16.38 -2.19 3.2397
0 -14.89 -1.18 1.3685
0 -14.21 0.54 1.193
0 -13.44 -1.32 1.1357
0 -10.61 4 0.974
0 -11.48 2.2 1.1905
0 -13.86 2.01 2.4098
