0.475 -7.78 9.75 1.6817
2.9 0.48 7.52 1.1753
1.575 -3.24 8.21 1.6064
0.75 -5.85 4 4.1174
1.875 -5.72 5.27 1.7083
0.85 -0.71 3.14 0.5253
0 -0.56 7.35 1.4666
0 0.48 9.21 0.7699
0 -1.36 12.72 4.4989
0 -0.67 12.11 3.483
0 0.5 11.95 2.3725
0 1.1 14.98 5.5132
0 3.76 15.13 3.9563
0 1.15 15.49 3.4312
0 2.58 17.2 4.032
0 1.69 18.62 4.9882
0 0.81 15.15 4.2582
0 1 14.34 4.7244
0 1.3 15.97 4.8331
0.075 1.24 14.87 3.4038
12.575 2.8 15.59 2.7619
26.7 4.19 13.81 2.1644
32.125 0.41 12.5 1.6681
38.375 5.53 9.64 2.4244
12.175 1.16 7.64 3.5183
1.325 -4.52 1.65 0.8323
0 -5.68 2.92 1.3306
0 -4.65 5.71 1.6516
0 -0.68 10.01 4.2453
0 0.69 14.89 4.5168
0 2.55 15.98 3.0965
0 1.95 15.5 3.0722
0 0.43 12.78 3.9211
0 0.51 16.43 3.7924
0 3.55 18.38 2.9979
5.575 3.98 16.57 2.6375
7.675 1.37 7.91 3.049
2.6 0 6.09 2.7596
17.95 0.06 7.42 1.4236
10.75 -3.97 6.26 3.6804
2.8 -7.76 1.32 0.4596
9.025 -5.21 3.14 2.392
4.525 -1.69 3.44 1.4285
9.475 -2.17 3.96 2.9697
5.5 -2.17 3.37 3.2638
1.7 -1.27 3.68 5.7282
30.975 -1.03 3.75 5.6084
21.675 -0.8 2.88 4.4216
2.2 -3.02 1.79 1.2252
0 -2.64 5.61 3.4632
0 -2.19 10.98 2.68
3.875 -1.82 12.36 3.8434
20.175 0.84 11.06 3.6622
15.05 2.64 5.94 2.6173
4.525 0.53 6.97 1.373
2.225 1.24 12.51 1.3904
0.475 0.68 6.84 2.197
0 0.01 11.39 0.3107
0.025 0.32 13.95 3.6369
10 2.9 14.7 2.6844
21.7 4.54 11.76 3.7894
25.125 3.5 9.93 4.8788
19.625 0.14 4.75 2.9348
2.425 -4.13 3.06 0.897
0.95 -3.35 5.73 1.8785
0 -4.46 4.75 0.2673
0 -4.57 8.95 1.4477
0 -1.57 11.87 2.6898
0 -4.73 6.72 0.3787
0 -3.95 11.62 0.4386
0 -0.67 11.82 2.0353
0 0.38 15.22 2.3381
0 -0.25 16.62 1.2476
0 0.35 12.37 2.0187
0 2.88 14.35 2.2396
0 2.39 17.52 1.1965
0 3.19 19.14 1.2435
0 4.17 20.49 0.8845
0 3.56 20.68 0.7461
25.65 3.72 19.85 1.827
24.575 -1.11 10.8 4.181
1.475 -6.32 1.87 2.344
0 -4.65 6.1 1.8658
0 -1.29 13.87 0.5901
0 -0.32 15.73 2.164
0 1.74 18.2 2.0579
0 2.82 17.48 1.3569
0 2.54 19 3.1964
0 0.29 15.79 1.8588
0 0.66 14.62 0.3404
0 1.81 16.34 2.6556
0 3.35 18.55 2.5127
0 1.24 16.23 5.3199
0 -2.39 9.28 1.9146
0 -2.07 13.88 2.7618
0 0.52 18.4 2.3324
10.2 2.15 21.16 1.3754
15.1 1.07 16.07 2.9952
9.6 0.74 6.61 1.6508
3.1 1.07 8.19 2.333
0.35 -0.04 7.41 3.8506
0 0.95 12.16 1.7673
0 1.27 16.15 2.0603
0.05 3.5 16.75 4.6387
0.025 -3.28 10.22 6.0626
0 -2.7 5.95 3.2494
0 -1.18 14.53 1.4341
0 1.72 19.29 2.8082
0 4.42 22.54 2.7284
0 7 26.41 1.5642
0 8.81 28.43 1.1962
0 9.72 29.29 1.986
0.075 8.46 28.38 2.6119
1.05 7.11 21.42 3.4674
0.6 -1.37 10.77 3.658
0 -0.02 13.39 2.1329
0 2.02 16.88 2.3343
0 2.08 16.07 3.1328
0 -0.38 13.43 1.74
2.75 1.06 16.98 2.0591
53.625 6.49 20.16 1.8502
34.625 6.26 16.89 2.4304
2.8 7.48 15.1 3.4427
1.25 4.66 14.44 1.7619
0.125 7.67 17.8 3.4065
0 6.09 20.62 2.1912
0 6.33 24.15 2.9905
0 7.57 24.04 1.7529
0 7.11 24.11 1.3996
0 7.79 24.71 1.0685
0 7.92 26.2 3.0714
0 6.36 25.22 3.3007
0 6.54 23.64 2.6572
0 7.2 22.76 3.3816
0 8.82 24.53 1.8066
0 9.78 27.07 1.4249
0 11.83 31.38 0.2667
0.075 14.49 33.62 2.3644
0.025 13.68 33.04 2.6407
0 10.33 26.91 1.8264
0 9 25.67 1.0866
0 10.41 26.66 2.5366
0 9.72 26.24 3.0146
0 10.09 25.81 2.8216
0 8.43 25.45 2.0215
0 9.16 25.46 1.3603
0 10.76 27.3 0.9139
1.65 11.92 27.42 2.0625
1.05 10.68 28.22 2.4859
4.725 11.65 26.4 3.2346
2.85 11.59 27.19 2.2644
0 11.48 26.4 2.1148
0 10.72 25.05 2.3261
0.125 11.08 22.23 0.6131
6.05 7.72 20.66 2.2331
5.45 5.65 19.63 3.4391
2.3 4.19 11.16 2.2819
0.7 5.46 13.81 2.7432
0 5.81 18.55 2.6262
0 7.91 21.24 3.4658
0 8.74 20.91 3.0892
0 6.77 19.49 3.4304
0.875 7.54 19.74 2.4036
0.9 8.91 18.75 3.5926
0.2 6.93 19.27 2.5121
0 7.3 20.13 2.4878
0 8.71 20.13 2.542
0 10.42 22.34 3.0361
0 10.55 24.67 1.7901
0 13.37 30.19 2.6916
0 9.8 28.04 3.302
0 7.61 23.02 3.2503
0 7.86 23.71 1.0976
0 9.43 25.21 0.5487
0 11.04 28.96 1.4324
0 11.5 31.4 2.6184
0 12.22 29.58 1.8656
0 12.56 29.72 0.8436
0 13.73 33.82 0.6565
0.15 16.33 35.4 2.9722
0.3 16.23 34.93 2.969
0.075 14.77 31.73 2.2792
0 15.15 32.58 1.7272
0 13.55 30.77 2.8141
0 13.29 31.34 2.4718
0 12.33 29.77 2.6962
0 11.92 29.42 2.5119
0 10.57 27.81 2.7741
0 10.01 26.89 2.5851
0 9.92 26.83 2.5826
0 10.33 27.28 1.8635
0 11.29 28.78 1.7311
0 13.06 29.87 2.1632
0 13.44 30.08 1.3093
0 13.83 31.61 0.3776
0 14.94 32.68 1.6705
0 16.05 34.69 1.9201
0 16.91 31.67 1.8401
0 16.17 35.01 2.0777
0 18.85 36.08 1.6012
0 19.48 36.79 2.4416
0 16.43 36.11 2.492
0 15.66 34.08 2.2634
0 17.01 33.67 2.0347
0 15.81 32.9 2.0445
0 14.83 32.44 2.0856
0 14.91 32.69 1.8985
0 15.63 34.91 1.9746
0 17.28 35.29 2.2668
0 17.21 34.35 2.9221
0 17.16 33.3 2.6384
0 17.02 33.23 2.6483
0 16.23 32.92 2.5158
0 15.27 32.68 2.8518
0 12.63 30.98 2.4588
0 12.51 29.28 1.9235
0 13.91 30.59 2.2872
0 11 27.75 2.9941
0 8.57 20.8 1.9756
0 8.13 22.17 1.3961
0 10.52 26.95 0.3859
0 12.73 30.49 1.2558
0 15.64 32.62 2.9219
0 16.14 33.58 2.6234
0 14.26 32.1 2.9511
0 13.79 31.07 3.2422
0 10.77 28.57 1.393
0 10.05 28.27 0.332
0 11.63 30.24 0.682
0 12.8 31.86 0.7995
0 13.92 34.48 1.2676
0 15.87 35.4 2.1161
0 16.47 34.41 2.147
2.025 16.75 35.59 2.3382
2.25 15 30.15 2.9076
0.6 13.07 26.72 1.5563
0 11.81 29.39 1.5382
0 11.02 29.86 0.4286
0 11.61 30.94 1.4285
0 13.39 32.14 1.1676
0 15.08 32.67 1.2191
0 14.53 33.94 2.7584
0 15.71 31.7 1.7727
0 14.36 31.01 0.6963
0 14.45 32.6 0.3077
0 15.38 32.83 1.3984
0 15 32.65 2.2116
0 12.9 31.17 2.0239
0 10.86 29.15 1.9475
0 10.49 26.53 1.5364
0 11.13 27.27 0.4514
0 11.32 27.9 0.9512
0 12.77 30.12 0.3761
0 14.16 32.27 0.9351
0 15.53 33.77 1.8148
0.425 13.48 29.49 2.1348
0.225 10.51 25.52 2.6207
0 8.66 25.31 1.5407
0 9.82 26.84 1.3708
0 12.08 28.61 0.3578
0 12.4 29.86 1.0662
0 14.14 32.34 2.123
0 14.01 30.82 1.0275
0 15.56 27.11 2.2483
0 13.18 33.41 2.3709
0 14.72 32.68 1.3811
0 12.76 32.05 0.6309
0 13.04 31.77 0.7621
0 15.59 33.03 1.1825
0 13.9 33.66 0.3989
0 13.94 34.37 2.0266
0 13.47 31.22 2.4792
0 3.17 19.37 2.3476
0 2.02 19.24 2.4808
0 5.12 23.15 0.696
0.75 6.21 23.32 3.1949
0.5 2.41 21.36 3.5048
0.025 -0.58 9.57 0.3111
0 0.7 15.55 2.779
0 2.01 18.6 1.4885
0 3.64 19.4 1.4127
0 4.23 21.25 0.7304
0 5.6 21.98 0.371
0 4.61 22.02 1.8539
7.95 5.23 21.3 1.8481
46.9 5.65 15.83 6.4806
25.325 5.17 12.19 4.28
0.025 9.02 16.54 0.8977
0 9.13 22.49 2.2799
0 8.89 23.92 1.0608
0.025 10 26.42 1.7558
0.825 9.87 22.44 2.2841
0.475 1.84 13.7 2.2588
0 2.35 16.39 1.0639
0 4.27 19.21 0.5195
0 5 20.04 0.945
0 6.99 21.59 1.1877
0 6.23 19.8 1.698
0 6.1 20.66 1.1664
0 6.4 21.59 4.1319
0 0 10.61 4.9541
0 -1.33 11.4 0.7401
0 -0.52 12.34 0.0339
0 3.76 17.92 0.8317
0 4.46 20.53 0.8401
0 6.83 22.49 1.1722
0 6.94 24.21 1.0824
0 7.08 24.52 1.6469
0 6.57 22.46 2.1706
0 2.59 17.49 0.4743
0 2.5 16.22 1.574
0 0.58 13.58 1.8468
0 1.25 15.39 1.1842
0 2.92 16.07 0.7724
2.575 6.06 16.62 0.3784
3.85 3.79 16 2.0723
1.375 -0.13 7.05 1.2574
0 -0.76 8.76 1.1634
0 -2.08 10.16 2.8201
0 0.43 13.16 2.1709
0 2.59 16.36 1.543
0 2.22 17.12 1.5914
0.45 0.36 11.84 2.3135
1.425 0.52 14.76 3.5086
0.7 0.84 12.42 1.0594
0 0.67 9.81 0.41
0 0.07 12.7 2.2553
0 0.66 13.27 3.8257
0 2.18 14.52 4.0701
0.625 2.08 15.69 2.6713
1 2.49 16.51 1.1177
0.375 -0.2 11.38 4.6708
0 0.97 9.78 5.0004
0 0.78 12.72 3.9684
0 0.82 14 1.5621
0 0.24 13.97 2.1491
0 -1.06 13.6 2.0973
0 -0.61 11.61 2.1491
0.05 -0.69 12.18 1.3972
14.95 -2.61 8.23 2.1469
15.725 -2.05 3.66 0.9712
4.075 -10.58 -0.02 0.6039
0 -10.25 -0.35 1.9571
2.525 -7.25 2.36 3.1112
34.275 -0.04 6.13 2.9251
41.1 2.21 5.56 3.7513
31.65 1 6.49 4.4147
2.075 -0.63 4.92 0.5887
0 -1.66 4.57 3.105
0 0.43 6.84 2.5006
0 1.51 8.48 2.3716
0 1.84 10.77 2.8757
0 1.51 9.96 4.1975
0.975 1.42 11.12 2.9473
12.625 1.49 12.89 1.7537
10.55 -0.6 9.31 3.6738
0.05 -5.29 2.4 2.7094
0 -2.23 7.76 3.9385
0 -1.07 8.66 3.8786
4.55 -0.99 8.98 4.0908
3.025 0.49 8.66 1.9357
2.125 -1.02 7.42 3.1007
7.425 -0.78 6.3 0.6926
3.825 0.12 5.71 1.4778
0.025 -0.3 5.37 2.4576
0 -0.12 8.52 1.875
0 -0.05 8.81 1.3148
0 -0.04 11.14 4.0802
0 0.03 13.34 2.9882
0 1.16 12.69 2.7167
0 1 12.51 3.0996
0 1.3 12.4 2.7485
0.1 2.75 13.74 3.0817
1 3.42 13.99 2.3775
0.5 4.19 12.75 2.425
0.825 3.7 9.99 3.1611
16.55 2.74 14.09 4.3031
9.9 2.62 11.37 2.013
0.05 -0.63 7.23 1.3438
0 -0.67 9.87 3.32
0.925 0.34 12.05 2.0417
21.6 1.24 10.01 2.4864
39.725 1.47 8.27 4.6686
27.975 0.45 4.1 5.3712
26.85 0.32 3.32 6.3504
26.65 -2.34 2.21 4.0946
18.225 -1.16 1.93 4.1139
3.55 -3.43 0.92 0.8421
1.225 -4.06 3.06 2.2304
3.95 -3.02 4.01 3.7242
1.95 0.8 4.47 3.0182
0 -0.2 8.55 1.2973
0 -2.17 9.01 2.7841
1.475 -1.07 8.54 3.2169
0.875 0.91 9.7 1.3645
0 -2.99 7.65 1.2688
0 -4.17 9.35 1.7013
0 -0.66 9.79 2.0086
0 0 9.6 0.597
6.5 0.44 10.17 2.594
15.525 1.7 9.46 3.5309
12.65 2.24 7 1.7759
3.625 0.48 4.58 2.6933
0.725 -1.28 5.47 1.2949
1.325 -0.92 6.09 2.2649
0.575 -2.01 4.6 0.6735
0 -1.25 7.39 0.9768
0 1.1 9.27 1.0145
0 0.67 13.09 1.6933
0 0.78 13.7 1.6156
0 1.38 15.59 1.053
0 2.13 14.95 1.6636
0 2.54 16.49 2.415
0 3.04 16.98 1.26
0.925 0.92 15.54 1.3109
4.5 2.04 10.56 2.5289
13.375 1.64 10.65 3.2412
6.35 -2.49 5.15 2.223
13.375 -2.27 7.6 3.6116
18.075 -0.23 7.82 2.8349
2.85 -0.36 7.29 0.7415
25.775 0.46 11.82 4.261
17.25 1.56 10.52 1.7218
1.275 -0.1 4.57 0.5615
0.675 -0.01 11.59 2.3028
6.15 2.65 13.73 2.6434
16.575 1.47 9.41 3.1788
7.875 -1.71 6.28 3.1451
0.075 -2.8 4.55 1.316
0.025 -1.47 9.04 2.5351
0.15 -1.44 9.23 1.0049
6.35 -0.33 10.74 2.4975
5 -5 5.64 3.9683
0.75 -3.62 4.62 2.2409
0 -4.04 4.27 0.3418
22.675 -1.61 12.18 1.9775
13.6 -1.34 9.49 2.5983
0 -1.87 7.06 2.5217
0 -1.36 13.79 3.6877
0 0.05 18.14 1.429
0 2.32 19.96 0.6736
0 3.79 19.43 2.8389
0 0.12 18.94 2.0642
0 3.57 20.94 1.9882
0 2.22 19.57 0.5796
0 1.7 17.85 1.4322
0 0.84 17.01 2.1815
0.625 0.92 18.74 2.0116
1.675 2.67 18.46 2.3347
0.775 -1.53 10.89 2.688
0 -0.11 9.64 2.7477
0 0.38 16.45 1.2266
3 2.36 18.96 2.3166
10.5 2.73 17.26 5.544
6 -0.48 6.56 3.1261
2.95 -4.65 5.22 0.968
6.875 -3.06 11.11 2.1451
1.75 -1.16 6.23 2.1004
16.9 -0.96 7.18 2.7417
10.275 -1.49 5 3.3268
0.075 -4.62 6.21 0.9535
0 -3.09 11.96 2.0859
0 -1.41 17.07 0.4669
0 1.62 18.15 0.9242
0.8 2.29 17.3 2.0117
11.95 2.53 12.21 4.0436
11.375 0.8 7.88 4.6349
2.7 -1.2 4.73 1.0674
0 -0.76 10.51 0.6852
0 0.55 12.35 0.8101
0 1.72 17.46 2.587
0 1.52 17.41 1.5089
0 2.51 19.32 1.0734
3.75 3.22 20.6 1.8095
15.4 3.93 18.8 2.636
9.25 -0.5 7.61 3.0658
0.8 0.06 3.23 1.736
0 0.42 6.85 1.5376
0 2.75 17.59 0.8345
0 4.11 19.68 1.3458
0 5.09 22.16 0.7623
5.2 6.44 22.67 3.8986
8 3.2 12.97 5.1033
4.025 -2.18 6.34 4.0577
0.65 -2.06 6.95 3.5192
0 -0.56 12.68 2.0392
0 1.74 15.97 2.1159
0 2.25 21.06 0.8704
0 4.26 22.61 2.0996
0 5.21 22.13 3.6567
0 3.03 18.71 2.1473
0 2.76 17.63 0.6824
0.075 3.61 19.35 2.8653
3.6 3.56 18.48 3.851
8.525 0.4 10.78 3.1843
3.875 -3.12 8.23 4.2913
0.025 -1.97 9.89 2.2428
0.05 2.88 16.35 0.9018
0.025 3.57 20.2 0.5444
0 5.78 21.82 0.4513
1.125 7.93 23.55 1.2797
4.225 8.99 23.67 1.8588
2.125 1.7 17.85 1.9166
0.075 5.42 16.06 1.7323
0.05 7.21 19.79 3.4482
0 3.29 19.75 4.4306
0.275 0.09 14.27 3.7872
0.775 -0.04 9.35 4.1393
1.6 0.8 10.99 2.3695
3.2 1.54 11.76 1.5282
6.225 4.27 15.73 2.9835
8.5 4.22 12.62 2.5551
3.375 1.24 10.73 3.6253
0 2.2 13.6 1.9794
0 5.71 21.07 0.5358
0 6.04 24.58 2.5805
0 10.26 23.72 2.9185
0 8.82 22.03 2.7371
0 9.84 23.6 2.8469
0 10.72 25.32 2.8303
0 10.62 24.99 2.1607
0 12.66 28.98 3.1645
0 11.58 29.79 3.1784
0 11.58 27.15 2.6154
0 10.6 26.6 3.8856
0 8.5 24.62 4.7107
0 7.02 20.17 5.0018
0 8.32 19.49 3.7598
0 9.04 24.12 1.0474
0 9.99 26.13 1.645
0 11.5 29.05 2.9694
0 6.74 26.76 3.0525
0 6.83 22.63 1.1432
0 7.93 25.85 2.4108
0 8.16 23.77 3.074
0 6.83 22.51 2.5249
0 7.44 24.63 1.5847
0 8.87 23.76 1.1719
0 10.71 27.62 1.7955
0 11.88 28.42 2.0764
0 13.3 25.39 2.6786
0 11.98 26.07 2.3768
0 13.95 28.06 0.96
0 15.94 32.49 1.5986
0 16.36 34.07 3.0624
0 13.56 30.54 2.9587
0 11.89 29.04 2.6305
0 10.35 27.42 2.7642
0 12.31 27.37 2.0062
0 10.21 26.54 0.8198
0 12.24 29.29 1.9766
0 12.73 30.66 2.597
0 14.18 29.97 2.3139
0 13.5 29.41 2.4513
0 16.08 31.49 2.236
0 14.57 31.11 1.8001
0 14.88 32.61 2.2685
0 16.96 31.93 3.2429
0 16.48 31.47 3.3607
0 14.82 28.38 1.9849
0 14.79 30.9 1.4722
0 16 33.67 2.6153
0 15.88 34.2 2.7504
0 16.78 33.69 2.5795
0 16.72 35.21 2.206
0 15.45 34.34 2.1133
0 15.11 32.37 2.4437
0 14.04 31.34 1.0643
0 14.41 30.85 2.2801
0 14.12 31.7 2.1041
0 15.77 32.77 2.5398
0 17.23 32.52 2.6501
0 13.56 31.62 1.8615
0 12.35 31.39 2.2415
0 12.63 30.14 1.931
0 13.22 31.08 2.167
0 13.57 31.27 2.3277
0 12.58 30.8 2.0646
0 12.52 30.14 2.3666
0 11.51 32.04 1.3971
0 12.35 31.43 1.913
0 13.05 31.14 1.9419
0 12.05 30.59 1.9606
0 12.58 30.01 2.4599
0.15 13.41 29.17 2.7642
0.075 13.06 25.9 1.9077
0 11.64 28.36 1.7706
0 13.05 29.59 2.2016
0 11.09 24.05 1.0951
0 11.82 28.55 1.4264
0 13.44 29.91 2.3969
0 13.38 30.32 2.7541
0 13.85 31.1 1.1724
0 13.38 32.77 1.5833
0 15.45 33.33 1.7221
0 13.46 31.05 1.8831
0 12.84 31.13 2.2235
0 12.89 31.89 1.8238
0 12.98 29.74 1.7237
0 11.02 27.84 2.2886
0 13.83 32.41 2.0021
0 15.85 35.89 0.628
0 17.43 37.1 2.2235
0 15.4 35.3 2.4847
0 10.8 30.38 2.7766
0 10.55 20.99 2.2907
0 7.51 19.79 2.4206
0 7.46 21.61 1.1405
0 8.74 25.16 0.4712
0 11.34 30.01 0.3256
0 13.38 33.38 1.1917
0 14.69 33.45 1.1999
0 13.53 32.82 1.9906
0 12.08 30.28 1.1658
0 11.74 30.48 2.3312
0 10.42 29.21 2.8718
0 5.11 16.67 2.0855
0 7.03 23.2 0.5588
0 7.51 24.45 0.6548
0 10.06 28.56 0.9348
0 10.32 28.43 1.6128
0 9.56 26.83 1.3935
0 9.08 26.78 0.8411
0 9.24 26.86 1.4861
0 8.58 27.98 1.5828
0 9.21 26.96 1.5063
0 9.11 26.69 1.4126
0 8.16 22.73 1.1586
0 6.92 24.94 1.0249
0 8.56 23.28 2.6903
0 7.54 21 1.0761
0 8.53 25.97 0.4576
0 11.65 28.99 0.9314
0 13.88 32.83 0.4369
0 14.86 33.44 1.026
0 17.09 34.77 0.5861
0 15.83 35.38 0.4931
0 14.56 34.74 0.3365
0.225 13.01 30.19 0.4164
6.175 13.07 27.38 1.2845
22.275 13.67 27.97 1.5442
21.375 10.85 18.55 1.5144
2.075 8.66 12.67 0.7932
6.1 4.99 13.18 0.8096
2.15 5.21 13.2 1.9982
0.075 3.66 13.73 0.9234
0 5.25 18.84 1.9163
0 5.81 21.65 1.5905
0 8.96 24.02 1.2687
0 9.3 25.49 2.2185
0 11.56 27.24 1.5953
0 11.28 27.1 0.7231
0 10.25 26.69 0.5547
0.05 10.08 26.22 1.1153
1.45 10.5 22.53 0.8441
0.75 8.05 18.6 1.011
0 7.3 16.41 1.6837
0.55 7.36 23.2 0.912
0.325 8.22 19.82 1.9943
1.75 5.79 17.5 1.7863
14.5 6.33 15.95 1.5881
27.85 8.32 11.14 4.4287
14.5 4.68 12.9 3.662
0.025 2.38 12.48 1.716
0 0.18 12.7 2.9052
0 -0.53 14.62 3.2399
3.6 4.14 17.24 2.1422
2.75 4.47 17.7 1.9182
0.35 2.63 9.02 0.9439
0 2.77 15.42 1.9271
0 3.91 18.6 3.1941
0 5.73 21.89 2.9652
0 8.84 23.83 2.0149
0 8.75 23.19 1.056
0.225 8.22 22.05 2.2381
20.325 6.15 18.04 2.8921
12.675 1.55 9.07 2.7572
2.1 -0.7 9.57 0.5774
1.6 -0.04 9.69 1.6316
0 -1.04 7.52 2.6142
0 0.55 11.91 1.453
0 1.01 14.25 3.0845
0 2.93 15 1.5746
0 4.45 17.57 2.3947
0 3.99 17.84 0.8526
0 2.78 16.54 2.1099
0 2.31 17.1 2.0411
18.7 3.56 16.71 2.8238
31.025 0.2 9.8 3.1936
22.3 -1.98 2.86 5.2515
9.175 -1.83 1.3 2.9285
11.225 -0.98 2.91 4.0749
5.775 -5.81 2 1.0285
0 -6.52 1.92 3.255
0 -6.3 2.43 3.3181
10.9 -2.51 4.29 2.7071
6.975 -4.74 3.16 2.8018
0 -8.33 1.17 2.272
0 -6.7 2.89 3.0476
0 -2.27 6.3 2.299
0.025 -1.77 9.95 2.5948
0.05 4.07 10.59 1.5076
0.575 3.39 10.94 1.9663
13.975 3.21 7.65 2.2171
7.75 2.51 11.33 3.2315
0 1.36 8.6 2.3487
2.525 1.94 12.97 1.7747
4.2 3.31 10.77 0.9538
1.1 4.28 9.47 1.235
0.025 4.42 12.08 0.4737
0 2.45 12.69 2.347
0 2.5 13.39 1.4539
22.375 3.04 14.76 1.6674
15.425 1.17 9.11 1.7712
4.725 -0.16 5.92 2.3637
61.475 -0.53 5.4 3.5925
90.975 1.33 5.86 5.3781
63.525 2.27 7.95 6.2126
26.375 0.29 8.97 1.9887
9.475 -0.11 1.58 2.2611
4.7 0.12 3.94 2.284
1.875 0.39 5.18 0.3333
0 -0.71 6.77 2.8007
19.225 -0.36 9.36 5.2559
12.05 -0.25 9.22 1.8029
0 -1.36 3.12 1.0605
26.225 -1.2 4.12 2.2484
18.425 0.77 5.48 4.37
1.675 -8.52 2.98 2.6535
1.975 -8.59 1.4 1.43
13.875 -8.16 0.56 4.011
20.425 -0.64 2.95 4.9803
15.975 -0.96 3.37 2.6364
0 -2.88 2.9 3.2981
0 -3.64 3.04 3.9618
0 -1.71 7.18 5.4941
0 -1.49 7.74 3.8177
0 -2.79 5.52 1.8822
0 -2.79 7.65 1.2262
0 -4.34 5.81 3.2302
1.85 -4.25 6.61 3.2941
6.25 0.3 6.48 1.7706
0.225 -0.53 9.46 1.6917
0.125 -0.7 9.47 1.4646
0 -0.53 10.99 2.5972
0 0.84 12.01 1.0912
0 1.43 13.12 0.7793
0 1.61 12.56 2.3588
0 0.93 14.5 1.3624
0 -0.72 15.33 4.316
0 -0.72 13.48 3.7941
0 -1.16 13.49 2.6553
0 1.3 15.69 3.8884
0 0.84 13.33 2.0679
0 1.3 14.17 2.2487
0 1.23 14.11 4.9995
0 1.23 15.04 3.2931
0 1.23 15.48 1.8185
5.325 0.98 15.29 0.5107
11.95 0.45 14.58 1.8599
4.275 -1.65 3.45 1.5297
0 -2.16 7.62 1.857
0 -3.82 9.03 3.0628
0 -3.56 9.59 2.1304
0 -2.13 11.05 2.8069
0 1.14 14.85 1.7589
0 1.01 15.56 1.9534
0 2.25 17.04 0.606
0 0.07 16.29 2.0634
0 -2.12 14.82 3.5839
0 -3.27 9.73 3.9019
0 -2.75 11.18 4.0413
0 -1.12 14.81 2.76
0 0.68 16.85 1.2606
0 0.56 16.47 3.2676
8.55 0.62 11.82 3.8386
31.925 0.85 12.23 5.8796
23.75 -2.17 2.03 4.3243
33.125 -1.3 1.47 3.2599
25.275 -1.4 3.5 3.9071
2.725 -5.65 2.92 0.9157
0.05 -5.65 4.18 1.1245
0.025 -5.55 3.73 0.3645
0 -4.83 7.35 0.333
5.125 -4.1 6.94 2.1673
13.975 -2.78 5.48 5.7969
12.325 -5.91 1.89 0.8276
0.025 -7.88 0.76 0.4299
0 -7.67 4.43 2.083
3.45 -6.23 8.95 1.6555
9.95 -1.33 10.44 3.469
10 1.22 8.39 1.407
1.625 -1.09 9.77 1.4829
3.05 -0.69 13.12 0.6496
18.9 0.61 14.92 1.7317
20.55 2.41 7.57 4.5531
0.075 -1.15 7.01 0.4366
0 -0.66 12.71 1.4785
0 0.34 17.42 0.8239
0.7 1.22 16.49 1.3277
0.425 1.23 13.7 0.7948
1.5 1.49 15.4 0.8173
1 2.76 12.33 0.9463
9.5 3.31 15.53 1.0479
23.075 2.6 16.95 2.4866
2.45 -1.08 11.3 1.0978
21.725 -1.87 11.57 3.1835
31.675 -1.2 5.39 4.855
59.5 -0.84 3.23 6.0302
20.525 -1.47 3.46 2.6041
4.9 -1.71 5.57 1.0141
16.5 -1.17 6.56 4.6888
43.4 -1.04 5.02 5.3287
30.7 -4.47 3.39 3.8753
15.3 -0.49 5.66 2.9168
7.55 0.32 2.69 1.4192
0.075 0.34 9.44 0.6467
0 0.33 12.6 1.427
0 0.92 14.83 2.3116
0 2.03 16.54 2.2731
0 4.61 21.69 1.5899
0 4.79 24.23 1.1529
0 2.7 19.87 1.1341
0.1 2.1 17.89 1.8818
0 2.8 20.09 1.4541
1 3.32 19.93 1.6941
7.225 0.41 18.35 3.4876
7.85 -4.7 2.77 1.3841
2.925 -4.97 1.46 1.494
0.225 -4.68 7.46 0.6166
0 -1.88 12.48 1.6573
0 -0.44 14.33 1.6071
0.275 1.3 14.99 2.8403
0.225 -1.5 7.53 0.6863
0 -0.32 14.39 0.7858
0 2.81 19.67 1.6584
0.05 3.93 21.25 2.4446
0.025 4.32 21.18 2.8757
0 5.11 17.43 1.8003
0.5 2.99 19.11 2.1958
9.825 5.35 12 2.3882
1.15 2.37 14.55 0.9173
0.575 2.06 14.36 1.4658
0.4 3.65 13.26 2.4123
1.025 3.22 11.81 2.3556
0.05 0.84 14.22 2.9374
0 2.19 16.19 0.8925
0 3.22 18.7 2.5299
0 1.37 18.35 4.7524
0 2.3 16.85 3.6786
0 2.1 16.85 1.9104
0 3.46 19.49 0.4303
0 5.74 21.96 0.8532
0 7.14 23.49 2.9612
0 9.42 26.08 0.6784
0 9.28 26.85 1.6318
0 8.35 25.5 2.1548
0.35 7.28 23.24 3.1322
2.975 3.15 13.35 3.3987
4.45 1.07 9.55 2.8011
0 2.62 17.17 1.8038
0 5.94 20.83 1.2386
0 7.26 23.54 0.6213
6.9 7.59 25.02 2.9241
11.5 0.14 16.45 2.7475
5.6 -0.02 5.98 1.126
17.025 1.05 9.63 3.5325
14.65 0.99 5.96 2.4173
1.325 1.42 9.84 3.4178
0.1 2.13 15.47 1.8977
0 5.4 20.69 2.0854
0 5.53 20.42 3.0384
0 4.72 19.77 4.542
0 3.49 17.95 2.5745
0 5.1 19.51 2.7191
0 4.39 18.08 2.6771
1.925 4.45 18.68 3.366
2.675 4.1 17.76 4.3412
6.8 1.44 13.07 4.9394
1.825 2.53 12.54 2.8369
0.425 5.07 17.13 2.5874
0.325 5.04 17.97 2.9905
0.65 1.34 11.77 1.7495
0.025 2.4 14.89 0.4763
3.575 3.87 15.37 2.9529
10.775 7.8 11.68 1.2061
5.8 4.44 16.45 3.348
0.025 4.17 13.35 2.0054
0 5.17 15.8 3.1367
0 6.82 21.95 1.7091
0 8.79 24.17 2.4244
0 9 24.94 3.0992
0 7.86 22.24 2.654
0 8.94 22.9 2.7286
0 10.18 25.65 1.7917
0 11.79 28.85 1.8747
0 12.36 28.56 2.7178
0 9.36 25.45 1.4333
0 10.65 25.14 2.8873
0 10.31 26.35 2.048
0 11.56 26.66 0.3372
0 12.68 29.45 0.5135
0 13.88 32.16 2.4519
0 14.26 31.65 2.7404
0 12.07 29.9 2.6665
0 10.4 28.7 2.7438
0 10.53 27.59 2.3493
0 11.06 27.93 2.3268
9.525 12.25 28.95 2.407
10.2 9.82 25.72 2.3832
2.15 7.27 17.83 2.2457
0 9.33 23.97 1.013
0 11.46 28.9 0.7974
0 14.17 31.44 0.5299
0 14.34 32.11 1.5322
0 15.16 32 1.9166
0 16.29 30.51 2.5518
0 16.96 31.09 2.7908
0 16.07 30.23 2.2687
0 15.12 30.67 2.5522
0 13.16 30.21 2.1663
0 12.23 29.66 2.265
0 10.79 26.14 2.336
0 10.96 26.54 3.0925
0 10.67 24.99 2.6719
0 11.25 23.11 3.2361
0 9.78 23 3.0558
0 10.11 23.85 1.9184
0 10.17 25.7 1.2591
0 10.6 27.92 1.8956
0 10.81 28.11 1.3604
0 11.81 28.97 2.3125
0 13.1 29.69 2.8058
0 13.63 29.48 1.8793
0 14.68 30.06 1.8193
0 12.8 31.38 2.1057
0 12.8 30.51 1.8851
0 12.65 29.5 1.7453
0 13.86 30.03 1.6179
0 15.77 31.76 2.3857
0 16.7 32.4 2.9538
0.35 18.08 32.31 2.048
1.275 14.39 29.28 1.4015
0 15.12 30.5 1.8753
0 14.8 31.97 2.055
0 12.08 30.93 2.9767
0 10.91 27.66 2.3043
0 12.34 28.66 2.9848
0 11.9 28.36 2.3117
0 13 29.26 1.7106
0 12.52 30.04 1.8003
0 12.45 29.95 2.2139
0 11.96 29.33 2.6358
0 11.82 29.45 1.6657
0 13.32 31.2 1.1815
0 13.82 31.49 1.9767
0 13.22 30.31 1.5494
0 12.17 29.67 1.2282
0 11.67 29.85 1.551
0 11.8 29.66 1.5157
0 12.68 30.59 2.581
0 12.11 28.71 1.9005
0 11.1 28.42 1.2545
0 10.01 28.45 0.9823
0 11.19 29.41 0.9813
0 12.54 30.74 2.0183
0 13.97 30.99 1.1955
0 14.29 31.33 0.7249
0 14.48 33.59 1.0268
0 15.17 33.41 1.3501
0 15.08 33.64 1.617
0 12.92 32.44 1.8061
0 11.07 30.29 1.7459
0 11.6 29.67 0.8158
0 11.78 29.56 0.6633
0 12.49 31.53 0.9047
0 13.47 30.78 0.9831
0 13.93 31.6 1.7835
0 13.48 30.24 0.7347
0 14.2 31.05 0.9138
0 14.38 32.37 0.886
0.575 14.69 31.26 1.4908
2.225 12.76 31.02 1.0005
2.575 13.19 28.01 1.5222
5.925 9.87 22.41 1.3927
1.85 10.83 25.56 0.5492
7.1 10.94 27.48 1.1895
0 11.08 25.55 2.3767
0 11.92 27.35 1.8416
0 10.58 24.72 1.6375
0 9.01 24.36 0.2564
0 10.5 27.71 0.2523
0 12.92 30.19 0.9366
0 13.91 30.42 0.4296
3.375 14.07 30.97 0.2146
0 14.64 31.27 0.5074
0 14.69 31.99 1.6346
5.875 11.67 28.07 2.2317
0.05 9.64 21.21 1.9053
0 9.79 24.71 0.4931
0 13.35 28.68 0.6338
0 13.44 28.68 1.125
0 12.66 30.47 1.3972
0 11.29 29.82 2.2176
0 11.48 27.28 1.8241
0 10.87 23.49 1.9548
12.2 8.08 20.5 2.2734
29.25 6.26 15.26 3.6693
13.375 1.5 11.22 0.8232
1.875 0.8 10.6 0.9196
0 1.02 13.6 1.239
0 3.16 17.87 1.1402
1.25 4.83 19.88 1.4666
3.275 5.81 16.38 1.5506
0 6.95 21.89 0.8998
0 7.53 24.12 0.5685
0 10.91 26.41 0.4107
0 9.15 25.96 0.9505
0 9.22 24.34 1.4575
0 9.62 23.99 1.6454
0 10.03 24.62 1.579
0 8.31 25.5 0.7791
0 7.58 22.81 0.6178
0 7.92 23.04 0.5344
0 8.32 22.83 2.1131
0 7.57 24.64 1.7241
0 7.91 24.11 2.1132
0 6.74 22.1 1.3125
0 4.27 17.65 3.2451
0 2.52 16.23 3.3646
0 2.71 16.35 2.0487
0 4.51 18.44 0.9072
0 4.7 20.21 2.0921
0 5.66 21.42 0.1298
0 5.29 20.52 3.0524
0 5.12 18.94 4.2192
3.6 1.83 18.87 3.6742
6.725 -0.67 16.31 1.784
3.1 -2.88 4.06 0.3474
5.8 -2.23 4.99 1.4336
0.125 -2.59 4.52 0.8752
0 -2.83 6.98 2.2786
0 -1.29 9.5 3.2574
0 -1.24 13.63 3.1149
3.2 1.11 14.04 3.6299
3.525 4.49 11.53 1.0589
0 3.55 11.82 0.2123
0 4.26 13.27 0.7232
0 1.29 13.35 0.5863
0 1.64 13.78 0.9118
0 1.49 14.3 0.8089
0.025 1.39 14.4 2.9995
0.95 0.47 8.61 2.1326
2.125 0.87 5.86 4.0722
2.275 -1.43 5.01 1.6488
0 -1.35 8.25 2.256
0 -0.61 11.43 3.4529
0 -0.22 17.14 2.1234
0 -0.23 14.26 0.8228
0 0.9 12.28 2.9386
0 1.7 15.19 2.3918
0 3.28 15.74 1.074
0 4.77 15.4 1.7174
0 1.03 16.77 3.3714
0 0.53 12.86 8.6387
0 0.43 8.72 3.6043
0 -1.94 12.47 4.3714
0 -2.95 10.69 2.7395
0 -2.4 9.23 3.4826
0 -3.53 9.44 3.1059
0 -2.74 9.31 3.6022
0 -1.95 10.93 3.5987
0 -1.49 11.07 4.2897
0 -0.98 11.74 3.2404
0 -1.73 11.05 1.0022
0 -3.07 9.66 1.6759
0 -3.28 6.69 1.4705
0 -2.95 7.32 1.2018
0 -2.64 7.77 0.902
0 -2.27 7.02 5.5363
0 -0.97 11.19 4.63
0 -2.68 11.48 2.7103
0 -3.27 11.27 4.563
0 -3.42 9.93 4.5043
0 -2.64 8.4 3.4572
0 -3.85 9.73 4.5572
0 -3.58 10.47 4.0483
0 -2.87 10.94 4.9618
0 -1.61 12 3.4417
0 -0.48 12.49 1.295
0 -0.38 13.39 1.1862
0 0.21 12.6 1.2854
0 2.82 16.54 0.9649
0 1.44 14.31 0.9429
0 -0.76 13.47 2.3917
