0.9 -17.5 2.96 1.6289
4.3 -6.68 0.04 1.3253
2.25 -9.18 1.9 1.6157
1.15 -12.22 -1.9 4.1932
2.325 -12.36 -1.4 1.7173
0.975 -7.71 -3.36 0.5405
0 -7.39 0.36 1.4366
0 -6.38 1.54 0.729
0 -8.25 6.34 4.5217
0 -6.86 6.29 3.3868
0 -5.41 5.66 2.3349
0 -3.19 9.14 5.494
0 -1.7 9.88 3.8846
0 -5.83 8.99 3.3764
0 -3.58 10.47 3.9502
0 -3.86 11.75 4.9505
0 -6.11 8.6 4.2609
0 -5.87 7.32 4.7613
0 -4.18 8.77 4.8598
0.175 -4.45 7.82 3.4089
17.4 -2.83 8.59 2.7487
32.075 -3.27 7.48 2.1521
38.475 -8.55 7.61 1.6397
51.6 -1.58 2.95 2.5384
15.2 -5.49 1.31 3.5555
1.375 -10.96 -4.69 0.7879
0.175 -11.7 -3.32 1.3075
0 -10.07 -0.28 1.5644
0 -6.73 2.76 4.2566
0 -5.76 7.99 4.5217
0 -3.64 9.11 3.1013
0 -4.03 8.5 3.1443
0 -5.51 7.36 3.8692
0 -6.04 9.56 3.7843
0 -2.2 11.25 2.9968
5.8 -2.52 10.05 2.5749
7.85 -5.18 2.11 2.9145
2.625 -6.47 -0.42 2.8043
18 -5.99 2.14 1.3716
10.8 -10.5 0.44 3.7111
3 -13.94 -5.13 0.4769
8.725 -10.72 -3.46 2.4628
4.2 -8.13 -2.91 1.4205
8.975 -8.61 -2.38 3.0144
5.225 -8.61 -2.99 3.2904
2.425 -7.32 -2.09 5.6464
27.05 -6.95 -2.82 5.5564
20.425 -6.7 -3.77 4.355
3.05 -9.14 -4.27 1.1827
0 -9.03 -1.24 3.4308
0 -8.5 3.11 2.6144
4.975 -8.29 5.6 3.8225
19.125 -6.52 3.84 3.5522
12.425 -4.13 -0.85 2.5598
4.075 -6.08 0.74 1.4632
2.1 -5.48 6.04 1.4353
0.225 -5.95 0.83 2.3992
0 -6.03 5.6 0.3494
0.025 -6.14 7.95 3.6879
12.375 -2.73 8.01 2.7363
29.3 -1.43 5.2 3.9046
29.75 -2.89 4.1 4.9012
21.9 -6.53 -1.52 3.0055
2.75 -10.43 -3.17 0.8453
1.125 -8.91 -0.02 1.8789
0 -10.41 -0.81 0.2718
0 -10.73 3.64 1.4584
0 -8.07 6.1 2.6705
0 -10.69 0.8 0.4039
0 -9.65 5.48 0.5567
0 -7.28 5.99 2.1359
0 -5.8 9 2.4453
0 -6.67 10.48 1.2918
0 -5.14 7.18 2.1797
0 -2.52 8.43 2.4878
0 -3.85 11.55 1.1366
0 -3.23 12.79 1.1273
0 -0.93 14.44 0.8575
0.075 -2.15 14.64 0.7153
18 -2.04 13.9 1.9085
23.55 -7.34 5.18 4.1971
1.65 -12.41 -4.04 2.275
0 -10.61 -0.21 1.8761
0 -7.18 8.02 0.5126
0 -4.98 9.81 2.0922
0 -4.8 12.44 2.0781
0 -3.32 11.86 1.3446
0 -3 13.37 3.2352
0 -5.5 9.06 1.9013
0 -4.95 8.7 0.3121
0 -3.69 10.48 2.603
0 -2.33 12.86 2.5275
0 -4.48 11 5.3202
0 -8.02 3.6 1.9092
0 -7.35 8.12 2.8259
0 -5.21 11.89 2.4145
10.25 -2.79 14.55 1.3605
17.825 -5.53 10.64 3.1824
11.5 -5.38 0.66 1.7039
3.25 -5.5 2.05 2.2708
0.325 -6 1.62 3.7983
0 -4.55 6.48 1.6677
0 -3.9 10.73 2.0303
0 -2.48 10.65 4.585
0 -9.63 4.25 6.1346
0 -8.4 0.53 3.2679
0 -6.23 8.31 1.4806
0 -3.82 13.45 2.9089
0 -0.97 16.7 2.8109
0 2.1 20.11 1.5666
0 4.08 22.19 1.1463
0 4.99 22.85 2.0501
0.1 2.95 21.69 2.7562
1.475 0.53 15.19 3.4533
0.85 -6.96 4.09 3.6341
0 -5.46 7.56 2.0267
0 -3.25 10.51 2.3393
0 -4.01 10.33 3.1965
0 -5.87 7.51 1.655
2.725 -3.64 10.68 2.001
53.975 1.35 13.83 1.9408
35.2 -0.56 9.85 2.5416
4.375 0.77 6.42 3.6167
2.25 -1.37 7.02 1.8408
0.275 2.32 11.61 3.5924
0 0.1 13.83 2.2658
0 0.71 17.15 2.8967
0 2.5 17.72 1.6744
0 1.53 18.13 1.251
0 2.2 18.69 0.9388
0 2.38 19.69 3.0285
0 -0.08 19 3.2841
0 1.01 16.71 2.5078
0 1.6 16.4 3.2804
0 2.86 18.01 1.7031
0 4.01 20.57 1.5411
0 7.6 24.95 0.2983
0.3 9.39 26.77 2.4066
0.175 7.32 26.29 2.7329
0 4.47 20.59 1.7957
0 3.6 19.33 0.9934
0 4.36 20.33 2.4944
0 4.11 20.11 2.9868
0 4.03 19.33 2.7818
0 2.77 18.88 1.917
0 3.37 18.92 1.29
0 4.52 20.73 0.8446
0.3 6.65 21.39 1.945
0.175 5.87 21.32 2.4709
6.925 5.21 20.53 3.2756
4.15 4.92 20.71 2.2176
0 5.75 19.55 2.0312
0 5.05 17.67 2.2858
0.125 5.33 16.22 0.6222
6.3 2.12 14.75 2.2177
5.175 -0.45 13.21 3.5769
1.875 -1.51 4.83 2.3964
0.6 -0.48 7.42 2.7535
0 0.29 13.05 2.5923
0 3.07 15.45 3.4426
0 3.03 14.74 3.0932
0 1.19 13.49 3.379
1.225 1.93 14.05 2.305
1.325 3.37 13.3 3.6235
0.35 1.26 13.26 2.5193
0 1.71 14.04 2.4581
0 2.84 14.41 2.4482
0 4.89 15.82 2.9864
0 4.78 18.26 1.7135
0 7.53 23.58 2.6669
0 4.36 22.11 3.279
0 2.17 17.52 3.2033
0 2.22 15.59 1.1147
0 3.6 18.73 0.6201
0 6.29 22.28 1.4179
0 7 24.66 2.6599
0 6.6 22.96 1.7806
0 7.39 23.25 0.8434
0 8.05 27.29 0.5763
0.225 11.2 28.59 2.9832
0.2 10.33 28.26 2.9835
0 9.57 25.65 2.2683
0 9.98 26 1.6837
0 8.46 24.41 2.8578
0 7.55 25.14 2.5042
0 7.08 23.96 2.7574
0 6.48 23.58 2.5729
0 5.15 21.81 2.8307
0 4.73 21.1 2.5871
0 4.6 20.96 2.5637
0 4.97 21.36 1.8753
0 6.63 22.7 1.8087
0 7.52 23.88 2.2452
0 7.63 23.48 1.3253
0 7.45 25.21 0.4987
0 8.76 26.27 1.6403
0 9.87 28.41 1.991
0 10.66 24.2 1.8575
0 11.17 28.59 2.0786
0 12.49 29.9 1.7058
0 13.37 30.6 2.4541
0 10.85 29.55 2.5108
0 9.78 27.47 2.2387
0 11.99 27.45 2.0407
0 10.45 26.93 2.0903
0 9.71 26.7 2.1467
0 9.75 27.01 1.9215
0 10.01 28.22 1.8819
0 11.53 28.47 2.1517
0 11.25 27.9 2.8671
0 11.8 26.97 2.5661
0 11.04 26.79 2.5493
0 9.94 26.83 2.4735
0 9.23 26.49 2.9584
0 7.34 23.71 2.586
0 7.08 23.41 2.1027
0 8.8 23.81 2.414
0 5.76 21.56 3.1319
0 2.99 14.18 1.9698
0 3.36 15.88 1.3346
0 5.33 20.68 0.2993
0 6.55 24.31 1.1983
0 9.94 26.13 2.9361
0 10.26 27.3 2.6759
0 8.63 25.66 2.9646
0 7.87 24.71 3.2096
0 5.37 22.52 1.3579
0 4.29 22.09 0.3088
0 5.82 23.97 0.66
0 6.82 25.55 0.8495
0 7.73 28.12 1.2671
0 9.62 29.18 2.0484
0 10.48 28.45 2.1976
0.975 10.45 29.23 2.3319
0.95 9.16 24.05 3.0677
0.2 7.32 22.77 1.5963
0 5.74 23.46 1.5807
0 5.9 23.63 0.5107
0 6.31 24.44 1.4157
0 8.66 24.6 1.1187
0 8.78 25.95 1.2671
0 8.89 27.4 2.871
0 9.88 25.15 1.9158
0 7.76 24.84 0.8591
0 7.7 26.41 0.2527
0 9.86 26.11 1.3871
0 9.45 25.89 2.1419
0 6.93 24.62 2.0719
0 4.44 22.92 1.973
0 4.33 20.35 1.4642
0 5.22 21.21 0.4383
0 5.2 21.59 0.9431
0 7.17 23.81 0.3646
0 8.57 25.21 0.9367
0.025 9.17 27.56 1.6831
0.35 8.04 23.75 2.2457
0.175 4.54 18.62 2.7021
0 2.46 19.39 1.5063
0 4 20.56 1.2728
0 6.05 22.35 0.3368
0 6.54 23.67 1.0957
0 8.3 26.22 2.2152
0 7.95 24.66 0.9891
0 10.06 20.25 2.4206
0 6.65 26.35 2.4488
0 8.66 26.29 1.4814
0 6.17 25.66 0.7194
0 6.97 25.14 0.7657
0 9.83 26.55 1.1837
0 8.08 27.56 0.3962
0 7.97 27.63 2.1032
0 7 23.77 2.5272
0 -2.35 13.12 2.3248
0 -2.85 12.41 2.5056
0 -0.18 16.41 0.7387
1.1 1.19 17.18 3.1765
0.75 -4.35 14.18 3.5228
0.05 -6.29 2.04 0.3069
0 -5.38 9.48 2.9548
0 -3.71 12.12 1.5798
0 -1.64 12.93 1.3866
0 -2.04 14.91 0.7617
0 0.27 16.29 0.4562
0 -1.21 16.08 1.931
10.35 -0.01 15.13 1.9048
34.425 0.14 9.07 6.457
17.225 0.29 6.34 4.3914
0.15 2.58 9.97 0.8461
0 2.77 16.03 2.2452
0 2.3 17.72 1.0878
0 3.67 20.11 1.8483
0.95 3.68 15.83 2.3646
0.55 -3.96 7.61 2.2869
0 -3.44 9.98 1.059
0 -1.61 12.88 0.5358
0 -1.21 14.03 0.9147
0 1.08 16 1.1415
0 0.79 13.19 1.7604
0 0.46 14.63 1.166
0 0.25 15.44 4.1303
0 -5.03 4.38 4.9837
0 -6.94 4.14 0.7622
0 -5.99 6.4 0.0301
0 -2.44 12.03 0.8411
0 -1.38 14.48 0.8183
0 1.32 16.07 1.1769
0 0.98 17.62 1.1078
0 1.2 17.7 1.6924
0 0.24 16.37 2.2292
0 -2.95 11.58 0.5705
0 -3.43 10.39 1.4981
0 -5.05 7.83 1.8392
0 -4.39 8.44 1.2325
0 -2.65 9.76 0.773
3.95 -0.06 10.74 0.4401
3.3 -2.25 9.79 2.0462
0.55 -6.34 1.32 1.1829
0 -6.77 2.77 1.1203
0 -7.33 3.92 2.8503
0 -5.5 6.97 2.1936
0 -3.5 8.94 1.6377
0 -3.69 10.35 1.4692
0.55 -5.88 5.57 2.3502
2.6 -5.22 7.66 3.6946
1.35 -4.89 6.65 1.0083
0 -4.92 3.23 0.4564
0 -6.1 6.19 2.3412
0 -5.23 5.68 3.8338
0 -4.02 7.17 4.1248
0.775 -3.98 8.42 2.7009
1.4 -2.98 9.39 1.165
0.55 -6.34 5.61 4.7883
0 -4.64 2.66 5.0896
0 -4.93 4.93 3.9561
0 -4.9 7.15 1.6038
0 -5.88 7.33 2.2407
0 -7.44 8.19 2.1553
0 -6.68 4.7 2.1501
0.075 -6.23 5.81 1.2743
22.975 -8.81 2.24 2.2189
20.125 -8.2 -1.06 0.9906
3.825 -16.81 -6.26 0.6502
0 -16.46 -6.67 1.9254
4.025 -13.45 -4.41 3.0557
39.85 -6.58 -0.96 2.8368
62.35 -4.18 -0.57 3.7185
32.575 -5.83 0 4.4896
2.05 -7.47 -2.37 0.676
0 -7.15 -2.51 3.056
0 -5.31 1.36 2.4491
0 -4.31 3.28 2.325
0 -3.89 3.95 2.8473
0 -4.37 3.88 4.1588
1.75 -4.45 4.28 2.9274
13.3 -3.88 6.1 1.8112
12.275 -6.92 3.06 3.6603
0.125 -11.31 -3 2.7547
0 -7.81 1.14 3.9077
0 -7.36 1.32 3.8265
7.2 -7.36 1.12 4.0572
4.425 -6.26 1.39 1.9391
3.075 -7.7 -1.01 3.1525
10.3 -7.41 -0.2 0.719
5.225 -6.25 -0.66 1.4967
0.075 -6.67 -1.01 2.4583
0 -6.29 2.37 1.8997
0 -6.01 2.46 1.2551
0 -5.86 4.03 4.0396
0 -6.07 5.63 2.9541
0 -4.67 5.18 2.5959
0 -4.98 5.66 3.0323
0 -5.44 5.45 2.8007
0.1 -3.16 7.15 3.098
1.725 -2.95 7.55 2.339
0.85 -1.75 6.08 2.4401
1.4 -1.87 4.57 3.1294
21.35 -4.06 7.23 4.3227
12.65 -3.65 3.64 2.0389
0.075 -6.91 0.93 1.4031
0 -6.49 2.73 3.3286
1.425 -6.28 5.41 1.9713
33.55 -6.08 5.55 2.5006
51.375 -5.26 1.96 4.6492
35.975 -6.32 -2.36 5.4055
39.25 -6.42 -3.4 6.3533
43.75 -8.26 -4.05 4.0703
23.025 -7.57 -4.79 4.1325
4.45 -9.72 -5.88 0.8767
1.925 -10.16 -3.66 2.1815
5.275 -8.32 -2.47 3.701
2.5 -6.06 -1.85 2.9575
0 -6.98 2.33 1.3366
0 -9.08 2.85 2.8291
1.75 -7.46 1.3 3.1923
1.05 -5.82 3.49 1.4208
0 -8.92 1.79 1.183
0 -14.01 2.04 1.7055
0 -6.95 3.42 1.9794
0 -6.34 3.3 0.6005
7.275 -5.89 3.91 2.5923
13.025 -4.97 3.68 3.4572
10.875 -4.41 0.64 1.7694
3.4 -6.21 -1.54 2.6064
0.7 -8.2 -0.52 1.3592
1.3 -8 0.04 2.3109
0.525 -8.4 -1.22 0.5988
0 -7.61 1.61 0.9892
0 -5.36 3.1 1.0476
0 -5.72 6.5 1.5866
0 -4.78 7.98 1.5833
0 -5.13 10.12 0.9822
0 -4.23 9.44 1.6849
0 -3.7 10.79 2.4377
0 -2.91 11.2 1.2593
1.45 -4.92 9.72 1.3212
4.175 -3.8 4.78 2.475
14.925 -4.8 4.69 3.1695
6.9 -9.16 -2.03 2.3266
14.175 -8.93 1.11 3.6216
18 -5.69 2 2.8593
2.075 -6.72 0.82 0.7037
23.6 -5.7 5.83 4.3407
15.35 -5.19 4.3 1.7016
1.1 -6.66 -1.46 0.5904
0.9 -5.99 5.65 2.3666
8.4 -3.73 8 2.6602
19.675 -5.26 4.62 3.212
8.975 -7.97 0.35 3.1662
0.1 -9.24 -1.45 1.312
0.05 -7.75 3.22 2.5958
0.1 -7.66 3.32 0.9126
5.45 -6.5 5.13 2.4506
4.575 -11.62 -0.55 3.927
0.8 -9.55 -1.01 2.1373
0 -9.73 -1.51 0.403
28.525 -7.77 5.69 2.0731
17.125 -7.87 5.02 2.5542
0 -8.41 1.78 2.6137
0 -8.05 7.62 3.7638
0 -6.17 12.15 1.472
0 -4.25 13.87 0.6668
0 -2.37 13.31 2.9024
0 -6.59 12.03 2.1063
0 -1.85 14.76 2.0466
0 -4.32 13.53 0.6676
0 -4.35 11.62 1.3464
0 -5.61 11.45 2.2617
0.95 -5.54 12.79 2.1114
2.575 -3.42 12.42 2.4167
1.2 -7.45 4.43 2.6199
0 -6.32 1.63 2.8271
0 -5.13 10.95 1.3156
4.55 -2.86 12.62 2.4777
11.5 -2.92 12.05 5.6629
5.375 -6.86 0.42 3.1703
2.025 -9.91 -0.41 0.9069
7.2 -8.87 7.25 2.2387
2.275 -6.55 0.98 2.1003
15.175 -7.19 1.42 2.7416
9.1 -8.24 -1.19 3.395
0 -9.76 -0.03 0.8594
0 -8.18 5.55 2.1622
0 -6.05 10.93 0.4043
0 -3.83 12.45 1.1486
0.95 -3.31 11.66 1.9817
12.425 -3.21 7.28 3.9536
9.3 -6.16 1.17 4.6498
1.3 -7.15 -1.15 1.0702
0 -6.51 5.23 0.6664
0 -5.33 6.81 0.8195
0 -3.44 11.85 2.5793
0 -4.1 11.84 1.4276
0 -3.07 13.99 1.0794
4.55 -2.09 15.68 1.8013
11.075 -0.66 13.1 2.7187
5.725 -6.6 2.25 2.9947
0.425 -5.71 -2.45 1.6444
0 -4.73 1.21 1.4812
0 -3.33 11.36 0.7523
0 -1.46 13.55 1.3488
0 0.32 16.43 0.7379
6.1 1.52 16.86 4.1098
7.175 -4.01 6.78 5.1649
2.2 -8.53 -0.32 4.0286
0.05 -7.97 1.26 3.4598
0 -5.6 7.08 1.9584
0 -3.58 10.97 2.0911
0 -2.73 15.35 0.9541
0 -0.41 16.67 2.0377
0 -0.07 15.89 3.6003
0 -2.84 12.05 2.1521
0 -3.09 11.3 0.7567
0.1 -1.59 13.63 2.8604
3 -2.14 12.59 3.8144
8.6 -5.45 3.04 3.2996
4.175 -8.96 2.4 4.3793
0.025 -7.29 3.84 2.2565
0.075 -2.27 10.56 0.9943
0.05 -1.41 13.78 0.6001
0 0.67 15.66 0.4964
1.45 3.21 17.59 1.3184
3.125 4.15 17.14 1.9822
1.35 -5.87 13.12 2.084
0.175 -0.21 10.26 1.7179
0.1 2.19 13.5 3.4111
0.125 -1.52 14.22 4.4102
0.175 -5.98 8.16 3.7552
0.175 -6.04 3.16 4.1046
1.7 -4.62 5.21 2.3599
4.125 -4.37 5.7 1.5602
7.925 -1.27 9.72 3.1317
9.25 -2.47 6.94 2.599
3.375 -4.97 4.39 3.6709
0 -4.21 6.71 1.8885
0 -0.41 14.21 0.5444
0 -0.39 18.09 2.59
0 4.8 17.33 2.9359
0 2.81 15.89 2.6908
0 4.25 17.43 2.8341
0 5.89 18.88 2.8533
0 5.75 18.99 2.1206
0 7.26 22.77 3.1189
0 6.99 23.17 3.1462
0 5.47 20.84 2.4815
0 4.98 20.29 3.9295
0 1.97 18.48 4.6609
0 1.1 13.89 5.084
0 4.72 13.7 3.903
0 3.5 17.82 1.0709
0 4.89 19.75 1.6402
0 5.96 22.17 3.0115
0 1.98 20.29 3.0925
0 1.23 15.81 1.0069
0 1.63 19.88 2.3486
0 1.99 17.56 3.1584
0 0.58 16.49 2.5149
0 1.37 18.52 1.5185
0 3.23 17.18 1.0488
0 5.57 20.84 1.7115
0 5.41 21.9 2.1062
0 7.14 18.39 2.6582
0 5.58 19.71 2.3393
0 8.3 21.8 0.8743
0 9.76 25.84 1.5228
0 10.35 27.12 3.1438
0 7.81 24.51 2.9709
0 5.67 22.94 2.6374
0 4.74 21.03 2.7418
0 6.77 21.27 1.9612
0 5.09 20.18 0.8831
0 6.46 23.07 1.9036
0 7.38 24.48 2.4916
0 7.96 23.79 2.2525
0 7.82 23.14 2.3291
0 9.7 24.69 2.1617
0 8.96 24.81 1.8092
0 9.38 26.63 2.3536
0 10.74 25.63 3.2903
0 10.96 25.11 3.4361
0 8.65 22.82 1.9082
0 9.49 24.35 1.34
0 11.36 27.35 2.6052
0 10.84 27.64 2.7727
0 11.11 27.49 2.5917
0 11.06 29.07 2.1392
0 9.29 28.37 2.0795
0 9.03 26.27 2.5579
0 7.96 25.49 1.055
0 8.47 24.76 2.2699
0 9.01 25.66 2.0545
0 10.75 26.89 2.4956
0 10.93 26.43 2.6867
0 7.29 25.27 1.9021
0 6.24 25.58 2.3106
0 7.91 24.27 1.9508
0 7.01 25.11 2.2401
0 7.32 24.95 2.3863
0 6.59 24.53 2.077
0 7.12 23.77 2.4121
0 6.25 24.82 1.4771
0 6.24 25.16 1.9388
0 7.01 24.79 1.9781
0 5.68 24.23 2.0342
0 6.59 23.83 2.4917
0.125 7.71 22.91 2.8417
0.075 7.05 18.8 2.0063
0 5.47 22.01 1.8852
0 6.83 22.79 2.2889
0 4.81 16.75 1.0553
0 5.58 22.24 1.3319
0 7.25 23.6 2.2985
0 7.18 23.98 2.7466
0 7.84 24.5 1.1383
0 7.29 26.21 1.6666
0 7.66 26.76 1.7976
0 6.8 25.27 1.885
0 6.5 25 2.2232
0 6.61 25.8 1.941
0 7.82 23.02 1.7229
0 5.24 21.7 2.4414
0 8.5 26.11 2.1142
0 10.93 29.37 0.6648
0 12.56 30.91 2.3511
0 8.8 29.46 2.5338
0 4.55 24.34 2.9005
0 4.54 13.48 2.2497
0 1.51 13.61 2.3972
0 1.43 15.83 1.1054
0 3.58 19.41 0.5266
0 5.19 23.83 0.4109
0 8.09 27.07 1.1823
0 8.69 27.14 1.2806
0 7.47 26.51 1.9487
0 5.65 24.02 1.254
0 5.19 24.26 2.469
0 5.81 22.66 2.9646
0 -0.35 8.7 2.0752
0 1.27 18.94 0.6195
0 2.5 18.81 0.7097
0 3.94 22.12 0.9906
0 4.07 22.3 1.7014
0 3.27 20.78 1.4224
0 2.79 20.47 0.7865
0 3 20.55 1.4262
0 1.87 21.72 1.6119
0 2.76 20.74 1.529
0 2.44 20.56 1.4814
0 1.99 15.99 1.0978
0 0.46 18.76 1.0148
0 2.74 17.15 2.7068
0 1.76 15.64 0.9801
0 2.46 19.36 0.4576
0 5.43 22.6 0.9377
0 6.75 26.39 0.4107
0 8.63 26.83 1.0743
0 11.11 28 0.537
0 9.78 28.62 0.5002
0 8.01 28.23 0.316
0.075 7.74 23.91 0.452
3.275 7.6 20.48 1.3476
21.725 7.09 21.66 1.6363
23.675 4.28 11.46 1.4884
1.1 2.31 6.1 0.9182
5.075 -1.13 7.58 0.8036
1.425 -0.77 6.97 2.1031
0.1 -3.13 7.73 0.8706
0 -1.07 12.7 1.8683
0 -0.36 15.38 1.6132
0 3.35 18.23 1.3282
0 3.02 19.31 2.3325
0 5.4 21.33 1.6657
0 5.15 20.96 0.7762
0 4.84 19.92 0.6489
0 4.68 20.23 1.2112
1.725 5.32 15.91 0.8638
0.65 1.6 11.75 1.0706
0 1.81 10.82 1.7672
0.15 0.89 17.17 0.9905
0.075 2.01 14 2.0047
1.975 -0.02 11.91 1.7947
19.1 0.82 10.38 1.6406
35.425 2.47 4.82 4.6005
12.375 -2.03 6.12 3.7283
0.05 -3.17 6.44 1.625
0 -5.84 6.68 2.981
0 -6.21 7.88 3.2765
1.65 -0.82 11.38 2.113
1.225 -1.21 12.26 1.9445
0.125 -3.02 3.62 0.891
0 -2.53 9.3 1.8975
0 -1.58 12.25 3.2461
0 0.52 15.28 3.0382
0 4.02 16.99 2.0673
0 4.12 16.86 1.1031
0.525 2.4 15.92 2.2888
20.175 0.04 12.51 3.0022
13.575 -4.75 3.19 2.754
2.45 -6.74 2.53 0.6062
2.35 -5.89 3.46 1.6138
0 -6.81 1.36 2.587
0 -4.81 5.59 1.4608
0 -5.41 7.83 3.1046
0 -2.97 8.29 1.5404
0 -1.32 11.51 2.4197
0 -1.91 11.47 0.8647
0 -3.17 10.06 2.1605
0 -2.86 10.73 2.1913
22.6 -2.42 10.61 2.924
36.475 -6.24 4.38 3.2855
27.025 -8.22 -3.76 5.3165
13 -8.04 -4.15 3.1011
13.075 -7.6 -2.81 4.254
6.45 -12.03 -4.22 1.0243
0 -13.06 -4.59 3.3244
0 -12.68 -4.7 3.3167
13.725 -8.37 -1.52 2.8219
9.1 -13.04 -2.65 2.8028
0 -14.48 -5.67 2.2569
0 -12.41 -4.48 3.0253
0 -8.45 -0.4 2.2591
0.05 -5.86 4.8 2.5642
0.025 -2.02 4.95 1.5722
0.725 -2.86 4.1 1.8953
12.2 -3.08 1.74 2.1262
5.575 -3.71 4.6 3.2295
0 -5.23 1.67 2.3438
3.9 -3.72 5.42 1.8044
6.425 -2.55 5.35 1.0047
0.9 -1.29 3.04 1.3193
0.05 -1.64 5.37 0.4745
0 -4.56 5.82 2.3
0 -4.2 5.63 1.4615
28.925 -3.3 6.8 1.8072
20.25 -5.69 2.74 1.745
6.8 -7.21 -0.16 2.4722
71.25 -7.25 -0.85 3.5162
106.65 -5.48 -1.18 5.3348
76.3 -4.36 1.35 6.2112
28.7 -6.07 3.01 2.0989
10.95 -6.85 -5.16 2.2147
5.85 -6.36 -2.61 2.28
2.975 -6.12 -1.23 0.3666
0 -7 -0.3 2.8052
22.975 -6.94 2.61 5.2248
15.1 -6.82 2.26 1.9039
0 -7.93 -3.93 1.0499
30.85 -7.72 -2.64 2.276
20.7 -5.81 -1.26 4.4653
1.425 -14.89 -3.18 2.6469
2.6 -14.85 -6.06 1.3988
14.3 -14.53 -6.03 3.9189
23.1 -7.04 -4.52 4.8289
25.075 -7.58 -3.93 2.6129
0 -10.19 -3.6 3.2313
0 -10.29 -3.98 3.9069
0 -8.29 -0.26 5.4613
0 -8.03 0.04 3.8722
0 -9.24 -1.64 1.8985
0 -9.26 1.21 1.1381
0 -10.75 -1.41 3.2751
2.125 -10.81 -0.08 3.2531
8.5 -6.25 -0.38 1.7386
0.25 -7.03 1.93 1.665
0.15 -7.14 2.44 1.4265
0 -7.21 4.23 2.5398
0 -5.59 5.46 1.0196
0 -4.99 6.72 0.7069
0 -4.88 5.16 2.2899
0 -5.37 7.33 1.3204
0 -7.17 8.66 4.3019
0 -7.15 6.5 3.7534
0 -9.06 6.12 2.7341
0 -4.49 10.05 3.8419
0 -5.87 6.53 2.0914
0 -5.44 7.71 2.2271
0 -5.52 6.95 4.9864
0 -5.52 8.15 3.2671
0 -5.52 8.33 1.815
3.925 -5.39 8.48 0.5606
16.225 -6.11 7.56 1.8279
5.825 -7.95 -2.83 1.5629
0 -8.9 1.06 1.9479
0 -10.26 2.83 3.0526
0 -10.01 3.52 2.1303
0 -7.84 5.53 2.8427
0 -5.91 8.77 1.7251
0 -5.33 9.7 1.9382
0 -2.93 11.21 0.5823
0 -6.4 10.08 2.1156
0 -8.78 8.2 3.6133
0 -10.28 3.74 3.8565
0 -9.48 5.11 3.9564
0 -7.36 8.47 2.7007
0 -5.82 10.64 1.3064
0.025 -5.98 9.88 3.3023
5.275 -6.71 6.91 3.959
34.95 -6.11 6.4 5.9898
25.1 -8.61 -4.92 4.3699
36 -7.57 -4.79 3.2037
29.175 -7.76 -2.74 3.9702
4.15 -12.1 -3.76 0.8662
0 -12.1 -2.03 1.1655
0 -11.9 -2.26 0.3646
0 -11.01 1.43 0.3191
3.625 -10.18 0.9 2.2771
14.975 -8.28 -1.21 5.8148
14.575 -12.22 -4.67 0.766
0 -13.97 -6.24 0.455
0 -13.68 -2.75 2.1099
2.95 -11.59 2.82 1.67
9.6 -6.72 4.4 3.4641
11.475 -4.89 2.34 1.5377
1.575 -7.1 3.66 1.4638
2.525 -6.48 7.19 0.6055
19.85 -5.9 9.11 1.7308
27.6 -3.99 1.46 4.4934
0.075 -7.57 0.81 0.5184
0 -6.85 6.91 1.4966
0 -5.69 11.56 0.9824
0.225 -5.02 10.71 1.215
0.125 -4.82 8.45 0.7264
1.1 -4.8 10.59 0.8559
0.85 -3 5.98 1.0168
9.275 -2.74 9.86 1.1432
30.975 -1.68 11.15 2.6481
1.575 -6.38 2.74 1.0388
26.45 -7.43 5.46 3.2631
38.925 -7.11 -1.62 4.8841
69.6 -6.96 -2.86 6.0734
19.125 -8.04 -2.18 2.6309
4.125 -8.26 0.29 0.9884
10.875 -7.86 1.16 4.6381
43.675 -7.92 -0.02 5.3709
35.325 -11.15 -1.89 3.9955
15.75 -6.92 -1.2 2.9426
9.9 -6.59 -3.8 1.5093
0.125 -5.86 3.31 0.5973
0 -5.99 6.94 1.2759
0 -5.89 8.77 2.1973
0 -4.76 10.7 2.2628
0 -1.88 15.11 1.6328
0 -1.83 18.54 1.1342
0 -3.37 15.02 1.2089
0.15 -4.22 13.13 1.9303
0 -3.45 13.69 1.408
0.9 -2.2 14.14 1.5458
5.9 -6.29 12.1 3.5063
6.7 -11.19 -3.57 1.3876
3.025 -10.76 -4.57 1.4606
0.2 -10.58 1.21 0.5703
0 -7.83 7.27 1.5738
0 -5.9 8.59 1.4679
0.325 -5.12 9.46 2.8553
0.325 -7.68 1.2 0.6305
0 -5.81 8.66 0.7602
0 -3.52 13.57 1.4913
0 -2.6 15.38 2.3615
0 -2.11 15.3 2.9335
0 -0.81 11.31 1.766
0.45 -3.18 13.94 2.1989
13.3 -0.56 5.79 2.3759
1.475 -3.84 8.67 0.8771
0.725 -4.06 8.49 1.4171
0.5 -2.12 7.01 2.4727
1.375 -2.86 5.19 2.4233
0.05 -5.29 7.86 2.7991
0 -3.49 9.89 0.842
0 -2.71 12.49 2.4934
0 -4.98 12.29 4.6429
0 -3.82 10.57 3.6504
0 -3.63 10.77 1.9476
0 -1.82 13.33 0.4777
0 0.13 15.74 0.8191
0 1.54 17.19 3.0137
0 4.15 19.92 0.7414
0 3.78 20.17 1.6038
0 2.44 19.12 2.1251
0.45 1.01 16.1 3.1206
1.625 -2.94 7.29 3.3607
5.1 -5.01 2.12 2.7744
0 -2.95 11.04 1.7494
0 0.17 14.57 1.1879
0 1.17 17.28 0.5837
5.15 1.37 18.89 2.9671
13.8 -6.47 10.47 2.8728
6.475 -6.46 0.07 1.122
16.425 -5 3.8 3.5191
17.025 -5.96 0.08 2.4114
2.25 -5.09 3.84 3.426
0.2 -4.13 10.35 1.8228
0 -0.34 14.83 2.0111
0 -0.16 14.04 2.9455
0 -1.66 13.76 4.4527
0 -2.33 11.32 2.4902
0.025 -1.02 13.77 2.7906
0 -1.86 12.11 2.6681
0.7 -1.84 12.15 3.3909
2.65 -1.78 12.22 4.3323
10.15 -4.91 7.71 4.8957
2.375 -4.38 5.55 2.8855
0.375 -1.48 10.56 2.6988
0.35 -0.64 11.98 3.0351
0.95 -4.82 5.89 1.7477
0 -3.8 8.93 0.56
1.725 -2.04 9.15 2.896
9.65 1.54 4.4 1.2953
5.8 -1.77 10.49 3.4898
0.05 -2.21 6.54 1.9263
0 -0.95 11.99 3.0728
0 1.14 15.68 1.6342
0 2.62 18.31 2.3142
0 2.91 18.76 3.0461
0 1.56 16.11 2.637
0 2.9 16.99 2.7272
0 4.57 19.39 1.6855
0 5.6 22.29 1.851
0 5.89 21.99 2.5798
0 3.08 19.29 1.2837
0 4.52 18.8 2.9105
0 3.77 19.83 2.0484
0 5.59 20.44 0.2962
0 6.51 22.87 0.4673
0 7.88 25.51 2.4633
0 7.95 25.01 2.8243
0 5.97 23.32 2.6584
0 3.77 21.93 2.7162
0 4.23 21.22 2.2903
0 5.82 21.57 2.2527
9.2 6.01 22.47 2.5494
10.75 3.39 18.92 2.448
2.625 1.25 10.13 2.2244
0 3.14 17.52 0.8979
0 5.08 22.38 0.7888
0 8.18 24.61 0.5994
0 7.7 25.14 1.5745
0 8.64 24.95 1.8842
0 9.94 23.3 2.5245
0 10.74 24.7 2.8448
0 9.98 23.78 2.2574
0 9.08 24.36 2.5352
0 6.99 23.94 2.1715
0 5.93 23.17 2.3267
0 5.33 20.25 2.4077
0 5.01 20.54 3.1306
0 4.58 18.5 2.6602
0 5.38 17.28 3.2149
0 3.82 16.91 3.1127
0 4.03 17.89 1.9699
0 3.91 19.61 1.3479
0 4.44 21.83 1.9237
0 4.73 21.88 1.2776
0 5.47 22.65 2.2968
0 7.1 23.41 2.8177
0 7.41 23.12 1.866
0 8.63 23.92 1.9212
0 6.67 25.33 2.1498
0 6.67 24.15 1.8362
0 6.26 23.36 1.7197
0 7.7 22.92 1.5196
0 9.15 25.63 2.3104
0.05 10.34 26.52 2.9899
0.125 12.11 26.39 2.0991
1.2 10.24 21.91 1.4919
0 9.08 24.72 1.9021
0 9.28 25.93 2.075
0 6.94 25.05 3.0327
0 5.82 21.44 2.2846
0 6.65 22.44 3.0336
0 6.23 21.99 2.3796
0 7.4 23.04 1.7491
0 6.7 24.08 1.8345
0 6.63 23.94 2.1888
0 7.13 23.22 2.6466
0 6.79 23.59 1.6056
0 7.8 25.27 1.2571
0 7.67 25.45 2.0275
0 6.86 23.92 1.5196
0 6.04 23.23 1.1075
0 5.72 23.62 1.5482
0 6.61 23.93 1.4423
0 7.45 24.78 2.5575
0 6.17 22.67 1.9768
0 5.38 22.24 1.3813
0 3.85 22.14 1.0411
0 5.17 23.45 0.9556
0 6.44 24.74 2.0375
0 8.79 25.26 1.2442
0 8.56 24.99 0.8048
0 7.92 27.36 1.0582
0 9.04 27.31 1.4093
0 8.78 27.6 1.6079
0 6.45 26.35 1.8617
0 5.62 24.22 1.7815
0 5.45 23.23 0.775
0 5.84 23.25 0.7484
0 6.2 25.35 0.8811
0 7.62 24.68 0.9328
0 8.24 25.42 1.806
0 7.41 23.99 0.6431
0 7.96 24.87 0.8945
0 8.22 26.27 0.8306
0.125 8.43 25.42 1.598
2.075 6.54 25.62 1.0523
1.925 6.63 21.64 1.5341
5.55 3.49 16.45 1.3988
1.75 5.06 19.26 0.571
6.85 4.76 21.25 1.1531
0 4.92 19.2 2.417
0 5.51 20.67 1.8523
0 4.4 18.31 1.6162
0 3.42 18.32 0.2729
0 4.12 21.54 0.243
0 7.05 23.88 0.9055
0 7.78 24.24 0.4263
3.8 7.99 24.79 0.2712
0 8.6 24.97 0.5724
0 8.43 25.99 1.6389
6.6 5.12 21.85 2.2788
0.075 3.6 14.73 1.8117
0 4.24 18.92 0.4314
0 7.72 22.3 0.6225
0 7.49 22.13 1.1044
0 5.85 23.98 1.4584
0 4.21 23.1 2.3443
0 4.66 19.64 1.9113
0 3.87 17.44 2.0532
9.525 1.76 14.44 2.3231
33 -0.3 9.3 3.798
15.975 -5.02 6.04 0.7896
2.875 -5.79 5.81 0.9097
0 -5.5 7.63 1.2822
0 -2.6 11.81 1.1924
1.15 -0.31 13.74 1.5511
5.05 0.97 8.98 1.6291
0 0.36 15.32 0.8945
0 0.76 17.48 0.5727
0 4.92 19.97 0.4451
0 2.47 19.61 1.0401
0 2.54 17.92 1.5389
0 3.16 17.51 1.7349
0 3.7 18.14 1.7186
0 1.94 19.37 0.7328
0 1.59 16.32 0.5805
0 2.05 17.21 0.4773
0 2.18 16.16 2.2122
0 1.06 17.98 1.8101
0 1.79 18.64 2.1861
0 0.19 15.96 1.3225
0 -1.4 11.73 3.4033
0 -3.89 10.41 3.4157
0 -3.9 10.1 2.0965
0 -1.01 12.74 0.8983
0 -0.29 14.37 2.1476
0 0.06 15.19 0.1187
0 -0.58 14.71 3.1997
0 -0.56 12.9 4.2021
2.4 -4.66 12.75 3.8093
8.325 -6.94 10.41 1.8234
3.25 -8.97 -1.93 0.4
7.725 -8.15 -0.87 1.4767
0.175 -8.6 -1.57 0.9216
0 -9.14 1.05 2.3055
0 -7.98 3.36 3.265
0 -7.12 6.92 3.031
1.175 -5.68 7.34 3.469
3.675 -1.94 5.22 1.0157
0 -3.26 5.37 0.1986
0 -2.55 6.96 0.6277
0 -5.38 7.1 0.5337
0 -5.12 7.22 0.8996
0 -5.14 7.74 0.9618
0 -5.31 7.91 3.2125
0.825 -5.99 2.2 2.1912
1.875 -5.65 -0.3 4.0133
3.2 -8 -0.88 1.6327
0 -7.99 2.12 2.2655
0 -7.24 4.66 3.4841
0 -7.3 11.09 2.2166
0 -7.08 5.57 0.8101
0 -6.19 5.54 2.9502
0 -4.89 8.22 2.3802
0 -3.76 8.1 1.0767
0 -1.67 8.58 1.7808
0 -5.91 9.35 3.3623
0 -6.1 6.56 8.7638
0 -6.02 2.48 3.7002
0 -7.96 6.49 4.4039
0 -9.37 4.07 2.771
0 -9.22 2.05 3.4984
0 -10.17 2.34 3.0888
0 -9.54 1.91 3.6407
0 -9.1 3.89 3.7331
0 -8.47 3.64 4.342
0 -7.74 4.32 3.2506
0 -8.75 4.27 1.0676
0 -10.15 3.44 1.6685
0 -10.19 0.43 1.4763
0 -9.52 1.06 1.1457
0 -9.16 1.3 0.8879
0 -9.12 0.63 5.6424
0 -8.28 3.68 4.7249
0 -9.65 4.19 2.7314
0 -9.64 4 4.6628
0 -10.66 2.13 4.575
0 -9.63 1.01 3.5049
0 -10.5 2.65 4.5574
0 -10.12 4.32 4.0232
0 -9.76 3.95 4.9811
0 -8.84 4.23 3.4064
0 -7.27 4.98 1.3286
0 -7.36 6.18 1.1523
0 -6.56 5.09 1.2115
0 -4.4 9.55 0.9514
0 -5.48 7.53 1.1036
0 -7.86 6.38 2.3944
