0.9 -0.99 13.41 1.4671
6.65 -0.99 5.62 1.2563
3.95 -0.38 11.58 1.8238
1.15 -2.65 8.45 3.6775
1.5 -2.78 9.92 1.9117
0.575 3.85 6.29 0.3628
0.075 2.04 6.94 1.4764
0.05 1.73 9.12 0.8399
0.025 1.99 11.97 4.0283
0 -0.51 10.7 3.4601
0 -1.24 17.13 2.5548
0 -0.4 14.65 5.3232
0 0.96 17.33 4.0868
0 0.03 20.69 3.8746
0 0.04 19.83 3.8702
0 0.58 21.3 4.892
0 0.66 20.21 4.2023
0 0.72 20.72 4.7415
0 0.67 21.22 4.9298
0 0.81 20.47 3.4723
3.6 1.31 20.09 2.6829
15.825 7.55 19.08 2.0681
8.975 10.09 11.87 1.6498
19.75 8.86 14.33 2.1816
9.25 4.06 13.12 3.2949
2.175 -0.96 6.13 1.0178
0.3 -2.9 9.32 1.1999
0.025 -2.97 9.45 1.4025
0 -1.02 12.73 4.0457
0.15 -1.24 14.46 4.4153
0.075 0.62 18.71 2.8756
0 1.14 18.38 2.985
0 1.2 16.34 4.0466
0 1.62 21.11 3.843
0.025 2.01 22.55 3.0272
2.375 3.82 21.62 2.7126
9.225 7.13 12.63 3.0664
3.975 4.09 14.1 2.7043
8.625 2.97 13.81 1.19
5.85 1.63 11.96 3.2396
5.075 -4.23 8.13 0.3804
8.625 -4.05 9.79 2.6858
5.6 -0.27 9.95 1.3237
17.425 -0.55 9.71 3.1388
8.975 1.3 6.89 3.8116
2.575 2.95 9.87 6.3608
13.7 4.39 10.9 5.4525
11.05 3.99 9.88 4.4677
2 1.37 7.44 1.5951
0 -0.66 13.05 3.529
0 -0.49 17.05 2.7078
3.475 -0.08 18.11 3.7039
11.6 1.6 16.08 4.0274
8.475 9.81 12.78 2.9557
2.275 6.61 13.9 1.6275
1.3 6.19 17.16 1.6128
1.2 5.13 15.39 2.5433
0.25 0.92 15.79 0.4482
0.275 1.15 15.69 3.6117
8.85 4.47 18.64 3.033
27.225 9.86 15.64 4.321
47.025 7.18 15.28 4.9892
21.7 3.04 11.64 2.6751
1.975 -0.87 11.67 1.033
0.1 -0.7 12.46 1.8739
0 -1.35 11.02 0.3797
0 -0.78 13.36 1.3833
0 0.23 14.24 2.6522
0 -2.57 10.71 0.6083
0 -2.38 12.45 0.6501
0 0.04 15.54 1.9062
0 0.5 16.74 1.9993
0 0.57 17.7 1.3925
0 2.08 15.12 2.5199
0 4.21 17.36 2.9788
0 4.72 18.4 1.0319
0 4.72 20.01 1.2493
0 4.96 20.8 1.3043
0.15 5.87 22.23 0.958
7.525 5.86 21.6 1.693
6.95 3.72 16.32 3.8908
1.2 -1.53 10.14 2.2598
0.1 -1.37 13.05 1.9485
0.05 -0.11 16.35 0.822
0 2.74 19.46 1.9275
0 5.38 21.15 1.9168
0 5.88 21.83 1.4486
0 5.73 22.98 3.6202
0 0.44 16.79 2.1359
0 0.06 16.46 0.529
0 2.72 19.53 2.889
0 4.21 22.59 2.6336
0 3.9 17.73 5.1293
0 -0.77 15.66 1.9557
0 -0.34 17.07 2.5739
0.175 1.53 22.52 1.9316
10.575 3.78 24.7 1.1255
7.225 5.14 18.58 2.8948
6.25 4.16 13.06 1.8293
4.975 5.64 13.62 2.3085
0.975 3.01 14.3 3.6232
0 3.13 16.22 1.5498
0 4.28 20.06 2.4715
0 6.09 19.82 5.0934
0 -1.9 11.3 5.665
0 -1.12 13.83 2.8913
0 1 18.66 1.6233
0 3.33 22.39 2.4729
0 3.9 25.75 2.5262
0 9.38 30.13 1.4868
0 10.1 30.76 1.2175
0 9.59 32.19 1.7976
0 8.68 31.44 2.391
0.1 8.35 23.09 3.1037
0.075 0.9 16.18 3.2618
0 1.47 18.99 1.9925
0 3.57 20 2.2793
0 1.03 18.29 3.0393
0 0.86 15.84 1.751
0.625 1.74 18.98 1.887
26.725 3.61 21.66 1.8451
15.125 11.06 18.88 2.5508
1.425 11.13 17.11 3.7056
1.525 9.59 18.88 1.9247
0.8 11.37 21.13 3.6922
0 10.09 24.02 1.9259
0 9.16 25.58 2.9801
0 8.17 24.15 1.9566
0 8.71 25.79 1.7393
0 8.83 27.24 1.3846
0 8.85 28.36 3.0473
0 6.63 26.66 3.3486
0 7.18 24.58 2.8204
0 7.77 27.6 3.043
0 9.34 26.31 2.1742
0 11.25 30.15 1.5065
0 14.05 35.09 0.3081
0 13.53 37.09 2.1332
0 14.72 35.81 2.3993
0 10.42 29.91 1.4219
0 9.44 29 1.0425
0 10.57 30.01 2.3977
0 10.89 30.38 2.9769
0 9.27 28.24 2.7441
0 8.71 26.8 2.161
0 11.48 28.48 1.7025
0 12.34 31.26 1.0328
0 13.82 34.34 2.096
0 14.73 34.52 2.5312
0 15.13 33.97 3.0046
0 14.01 28.46 2.3079
0 13.02 29.81 2.274
0.05 11.55 27.07 2.3376
0.725 12.08 26.11 0.4963
1.175 10.75 26.38 2.1519
1.85 9.53 23.1 3.189
2.225 6.97 19.59 2.0599
0.8 8.55 21.77 2.6193
0 9.77 25.51 2.5672
0 8.63 26.52 3.3725
0 9.21 24.93 3.0293
0 8.58 23.51 3.3391
0 9.69 25.35 2.4925
0 11.87 23.62 3.4561
0 9.2 23.92 2.3504
0 8.74 25.4 2.4687
0 9.86 25.18 2.6533
0 11.52 26.75 3.1609
0 12.48 29.7 2.1343
0 13.59 33.26 2.9071
0 9.39 32.01 3.2569
0 7.65 27.08 3.3636
0 8.83 25.86 1.623
0 10.32 30.19 0.8253
0 12.69 33.97 1.6614
0 14.09 35.39 2.7153
0 12.72 32.93 1.7621
0 14.02 34.04 1.0159
0 15.51 39.05 0.8128
0 16.64 40.37 2.7796
0 16.02 40.25 2.7053
0 15.47 36.88 2.2562
0 15.96 36.52 1.8768
0 14.46 36.48 2.7953
0 13.87 36.32 2.5309
0 13.19 33.27 2.7372
0 12.48 31.7 2.4896
0 10.02 31.09 2.6543
0 9.36 30.63 2.6655
0 10.55 30.09 2.6655
0 10.63 30.61 2.0812
0 11.86 31.65 1.8591
0 14.91 32.3 2.3101
0 13.35 32.96 1.7235
0 13.82 35.68 0.9147
0 14.9 36.79 1.481
0 15.92 38.37 1.8058
0 16.71 38.35 1.6751
0 17.88 39.92 1.9612
0 17.9 40.51 1.569
0 18.82 40.36 2.4222
0 16.03 38.2 2.5575
0 15.03 36.57 2.4536
0 14.74 36.07 2.1179
0 14.91 35.48 2.1622
0 13.82 34.54 2.2792
0 13.79 35.24 1.9923
0 17.18 37.84 1.8383
0 17.64 38.67 2.1927
0 17.99 36.99 2.9007
0 17.46 35.02 2.6567
0 15.63 34.89 2.8788
0 16.25 33.92 2.6699
0 15.51 34.27 3.017
0 12.92 32.08 2.5366
0 13.51 31.21 2.1468
0 14.27 32.34 2.3054
0 11.87 30.76 2.9638
0 9.23 24.32 1.8707
0 10.08 27.27 1.601
0 12.37 31.68 0.7762
0 14.58 33.98 1.2766
0 16.1 36.57 2.998
0 14.76 37.18 2.9108
0 13.91 36 3.1694
0 12.75 33.21 3.1097
0 9.82 30.74 1.6079
0 10.25 31.27 0.6689
0 13.4 33.86 0.921
0 14.44 35.08 0.8797
0 14.62 36.63 1.3309
0 15.45 35.63 2.3466
0 16.49 35.38 2.2026
0.05 15.94 37.72 2.2054
0.275 16.22 35.42 2.7976
0.075 14.12 31.04 1.6134
0 12.75 31.19 1.5068
0 12.3 32.86 0.4698
0 11.8 34.67 1.6421
0 12.1 36.55 1.6058
0 14.12 36.65 1.6031
0 14.14 38.09 2.5805
0 15.96 36.31 1.6405
0 15.14 33.97 0.7969
0 14.43 35.61 0.4759
0 15.43 37.21 1.7608
0 15.18 36.94 2.3662
0 11.41 33.61 2.1102
0 11.38 30.39 2.1523
0 10.34 27.96 1.8681
0 10.38 30.04 0.6142
0 11.04 30.74 1.0523
0 13.21 33.99 0.4974
0 13.34 36.14 1.0688
0.15 14.7 36.41 1.861
0.65 12.42 32.8 2.1516
2.1 12.87 26.05 2.6741
0.85 10.76 23.57 1.6674
0 10.46 28.51 1.7
0 12.57 31.24 0.7856
0 13.23 32.52 0.9013
0 14.79 35.92 1.9701
0 12.57 33.33 0.9179
0 12.23 32.93 2.047
0 13.8 34.63 2.1379
0 13.28 35.59 1.3041
0 12.72 35.51 0.7646
0 12.66 35 0.7743
0 13.28 36.18 1.1265
0 13.32 37.22 0.3937
0 14.22 36.97 1.9316
0 13.86 33.29 2.5493
0 4.2 19.67 2.4177
0 4.42 23.34 2.3646
0 5.09 25.71 0.8597
0.125 6.27 26.95 3.1862
0.175 5.61 22.03 3.3457
0 1.61 16.45 0.3424
0 1.21 19.45 2.6214
0 3.38 23.2 1.2635
0 4.5 23.26 1.3142
0 5.09 24.47 0.6534
0 6.19 24.99 0.5782
0 6.43 25.31 1.8298
2.525 6.66 23.66 2.0235
41.95 6.69 17.79 6.9145
25.45 11.76 16.37 4.3454
1.55 13.95 22.14 1.1049
0 11.94 25.97 2.2127
0 11.74 25.67 1.1465
0.05 13.86 26.32 1.6684
0.5 8.58 24.13 2.066
0.2 4.78 17.29 1.4875
0 4.97 18.55 1.0596
0 5.96 22.24 0.7752
0 7.6 23.41 1.2694
0 9.28 24.98 1.2985
0 7.73 24.39 1.6435
0 7.66 23.04 1.1106
0 8.41 24.66 4.7149
0 4.09 19.45 4.8372
0 0.5 16.9 0.7787
0 0.55 16.37 0.1845
0 2.8 20.85 0.8574
0 3.81 22.86 0.9236
0 6.35 23.56 1.2695
0 6.86 25.25 1.1868
0 5.88 27.15 1.8427
0 5.69 26.34 2.4896
0 4.91 19.98 0.7113
0.025 5.38 19.85 1.7093
0 2.58 18.66 1.9034
0 2.78 18.31 1.0963
0 3.05 19.33 0.7421
0.625 5.38 18.77 0.4738
2.1 6.66 16.35 2.0132
0.8 0.45 14.12 1.3221
0 0.51 14.76 1.0874
0 0.56 15.95 2.7093
0 0.4 16.24 1.973
1.95 1.72 19.95 1.349
1 1.77 20.23 2.033
0.325 0.59 15.25 2.258
12.225 0.72 15.78 3.6469
5.875 0.94 16.38 1.145
0 1.12 13.7 0.5137
0 0.96 16.24 2.0264
0 1.24 14.41 3.4841
0 1.43 17.9 3.7827
0.075 1.94 20.98 2.4205
2.325 2.41 21.36 1.1068
1.1 3.97 13 5.3152
0 0.57 16.71 4.8304
0 0.2 14.69 3.8741
0 0.69 17.83 1.6544
0 0.57 16.67 2.0726
0 -0.29 15.08 1.9498
0 -0.18 15.03 1.9646
0 -0.09 15.94 0.8878
5.575 -2.3 12.02 2.0396
9.35 -2.43 7.46 0.6969
2.925 -6.92 4.88 0.6699
0 -6.79 5.83 1.9134
7.175 -6.5 7.24 3.2576
18.5 0.19 10.53 2.944
24.525 6.23 11.11 3.8676
19.075 6.07 11.53 3.9125
5.15 5.47 9.05 0.7772
0 1.57 12.59 3.349
0 3.11 14.7 2.7797
0 2.63 15.04 2.1869
0 0.64 14.37 2.6999
0 1.2 8.13 4.0713
0.725 1.72 15.02 2.8585
12.575 3.78 17.93 1.8374
6.5 1.3 12.06 3.6474
0.225 -3.08 8.9 2.2027
0 -2.7 8.91 3.9457
0 -1.51 14 4.0331
3.475 -0.46 16.23 4.1228
3.3 -0.33 12.58 2.1589
1.375 1.83 12.83 3.041
2.3 1.39 10.99 0.8737
1.275 5.53 11.53 1.4581
0.125 3.05 11.52 2.7537
0.1 2.68 13.17 2.3531
0 2.6 14.69 1.1261
0 1.09 16.32 3.8772
0 0 17.04 2.9035
0 -0.34 18.81 2.8057
0 0.71 13.93 3.1021
0 0.76 14.41 2.612
1.025 2.34 14.22 2.9769
0.8 3.88 14.96 2.4433
0.175 3.77 10.2 2.4796
0.175 3.79 12.01 3.2419
11.125 4.46 18.07 4.7489
6.775 7.59 17.31 2.0927
0.375 -0.09 14.08 1.3338
0 0.14 14.44 3.303
0.35 1.58 16.74 2.519
10.925 1.78 18 2.8619
16.825 6.62 14.22 5.0128
16.725 9.08 11.03 5.7751
24.2 4.5 9.51 6.6607
24.15 2.32 9.45 3.8713
17.675 0.64 8.16 3.4821
5.25 0.17 4.86 1.1353
1.15 -0.87 10.42 2.5211
4 -0.09 9.49 4.4327
1.75 5.61 11.11 2.9324
0 1.61 13.01 1.2767
0.15 1.27 12.84 2.7299
1.275 2.47 13.95 3.2092
1.75 3.46 15.82 1.2894
0.525 -0.21 14.16 1.1493
0 -0.19 13.86 1.7916
0 1.03 14.82 2.1392
0.125 3.14 14.87 0.6941
7.575 3.11 15.42 3.1373
6.2 5.68 14.76 3.3182
12.025 8.12 13.1 1.6559
5.45 5.54 9.51 2.3614
2.65 5.98 9.51 1.337
3.625 5.43 10.95 1.7316
1.2 -0.11 10.46 0.5636
0 0 12.13 1.2999
0 3.57 12.46 1.525
0 1.99 17.03 1.2934
0 2.18 17.67 1.4686
0 2.25 17.36 1.1505
0 3.34 16.9 1.7564
0 4.33 18.87 2.4058
0 3.13 20.39 0.8275
0.575 3.23 18.17 1.0604
3 5.79 14.27 2.0612
5.375 5.44 11.04 2.702
2.45 -0.95 8.65 2.148
17.4 -0.69 12.63 3.9028
14 3.16 10.02 2.6417
2.625 0.89 10.85 0.8965
22.8 1.19 15.11 4.7441
13.4 5.55 16.81 1.1026
0.575 2.08 12.61 0.3662
0.2 2.25 15.2 2.1971
7 4.82 17.55 2.7435
19.825 5.98 10.39 3.3361
8.35 1.31 9.42 2.6572
0.125 -0.72 10.4 1.2982
0 0.02 12.84 2.4275
0 1.99 16.94 0.982
0.325 4.41 12.93 2.5951
3.075 -2.57 9.18 3.5836
1.625 -1.81 10.94 2.097
0.45 -1.42 10.73 0.4155
15.425 -1.12 13.82 2.2573
7.725 -0.25 13.35 2.3563
0 -1.22 13.24 2.5707
0 -0.5 14.82 3.6662
0 2.19 21.23 1.322
0 3.94 23.66 1.0191
0 4.87 23.26 2.9058
0 2.44 24.72 2.2774
0 3 24.81 1.8234
0 5.36 23.15 0.3729
0 4.19 21.41 1.6681
0 2.2 19.51 1.8304
0.35 1.9 19.18 1.8372
1.65 3.68 20.38 2.2883
0.7 0.76 14.54 2.0674
0 1.02 17.27 2.571
0 1.71 19.18 1.1094
1.675 3.81 22.02 2.6904
12.475 3.79 20.78 5.0987
7.65 1.75 11.22 2.6762
0.575 -0.92 11.57 0.7163
6.725 -0.76 13.1 2.1629
3.85 0.86 11.46 1.7106
17.15 0.76 11.58 2.8399
9.3 1.8 11.22 2.8071
0 1.47 11.88 0.6414
0 -0.06 15.58 2.195
0 2.53 19.46 0.8256
0 4.17 20.07 1.649
0.2 4.94 19.86 1.997
12.9 6.66 13.83 4.3975
21.2 5.47 11.34 4.3695
7.2 2.4 10.32 1.1064
0 2.54 14.91 0.6888
0 3.55 16.12 0.8504
0 3.76 19.53 1.8464
0 4.22 19.96 1.3454
0 4.81 21.77 1.2237
3.55 6.98 22.82 1.4412
19.475 7.19 21.36 2.4832
14.475 2.92 12.37 3.3017
3.3 4.54 8.59 2.0627
0.175 6.07 11.01 1.1619
0 7.07 21.39 1.0302
0 9.62 23.81 1.2421
0.35 7.2 25.61 0.8226
5.225 7.61 25.41 4.1848
2.55 2.52 15.31 4.6381
0.425 2.73 13.97 3.5347
0 0.79 13.33 3.2979
0 1.7 18.43 1.9674
0 3.83 21.63 1.8566
0 7.03 24.58 1.0775
0 7.14 25.95 2.2049
0 5.45 23.29 3.7328
0 2.66 20.06 2.38
0 2.72 20.19 0.8661
0 4.37 22.72 2.7206
0.15 5.3 20.92 3.5574
10.025 7.11 15.18 3.086
5.025 0.76 11.76 3.6197
0 1 17.19 2.0634
0.175 3.83 22.39 1.1363
0.325 6.51 24.6 0.8009
0 7.52 26.07 0.6871
0.05 8.37 27.12 1.2623
0.7 10.36 26.95 1.9788
0.375 10.78 19.28 1.596
0.025 10.1 20.97 1.5137
0.05 9.71 22.24 3.3901
0.225 3.86 21.14 4.2037
0.375 2.36 15.1 3.5048
0.125 2.92 14.87 4.1206
0.275 4.71 19.14 2.2537
6.4 3.76 18.24 1.5888
5.15 4.56 18.87 2.7787
8.7 8.15 18.06 2.2185
4.325 3.07 16.94 3.1548
0 3.68 18.34 1.8082
0 5.2 24.6 0.9092
0 10.44 28.19 2.4838
0 11.07 26.53 3.0037
0 10.83 24.63 2.2867
0 11.09 27.2 2.3436
0 13.6 27.26 2.502
0 13.55 28.5 1.8333
0 14.12 30.7 2.7157
0 12.94 31.01 3.124
0 11.85 28.44 2.6699
0 11.39 28.89 3.5914
0 6.04 24.9 4.6022
0 7.24 21.88 5.0599
0 8.6 27.71 3.6721
0 10.22 30.13 1.0025
0 11.25 30.18 1.8546
0 12.09 33.03 2.8033
0 8.61 28.86 3.1918
0 6.82 25.71 1.5346
0 7.59 28.8 2.4435
0 7.22 26.63 3.1538
0 6.61 24.54 2.7089
0 7.87 26.31 1.9485
0 9.39 28.56 1.1173
0 11.07 31.29 2.0388
1.525 12.42 32.08 2.25
0.8 12.87 29.85 2.8244
0 13.92 29.14 2.5826
0 14.83 32.53 1.2346
0 17.19 36.71 1.7427
0 15.99 38.66 3.0655
0 13.08 34.28 2.9603
0 10.07 31.73 2.7969
0 10.07 30.74 2.959
0 11.14 29.58 2.4415
0 11.23 31.25 1.159
0 11.92 33.84 1.9269
0 13.47 34.68 2.4842
0 13.89 31.74 2.4511
0 14.44 33.3 2.5203
0 15.82 34.42 2.2852
0 15.42 35.57 1.877
0 16.46 36.57 2.2488
0 16.93 35.38 3.1386
0 15.86 33.74 3.1164
0 15.87 32.41 1.7243
0 16.5 35.12 1.5015
0 17.33 38.23 2.6862
0 18.68 39.26 2.6995
0 17.15 38.28 2.549
0 15.03 38.26 2.0416
0 15.01 36.96 1.9846
0 14.82 35.24 2.359
0 13.21 33.56 1.0442
0 13.97 33.93 2.3243
0 15.49 35.04 2.1929
0 16.56 37.5 2.7202
0 16.37 35.8 2.8198
0 15.31 31.25 2.032
0 12.67 30.2 2.4247
0 13.26 31.83 2.2563
0 13.28 33.36 2.4545
0 12.81 33.31 2.3215
0 12.3 32.8 1.9822
0 12.81 32.85 2.3666
0 11.81 33.92 1.5366
0 12.36 34.35 1.9944
0 13.13 34.26 2.0816
0 12.69 32.78 2.143
0 12.66 32.25 2.5274
0 13.24 32.12 2.8484
0 13.61 30.56 2.0135
0 12.7 30.61 1.9455
0 12.49 30.85 2.218
0 11.05 29.04 1.1163
0 11.83 30.15 1.5484
0 14.18 32.14 2.4345
0 13.69 32.2 2.9015
0 13.72 32.86 1.2871
0 14.4 34.9 1.564
0 13.86 34.82 1.6321
0 11.71 32.94 1.9788
0 12.36 33.87 2.2649
0 12.69 35.07 1.8428
0 9.94 33.85 1.7997
0 10.28 30.05 2.4204
0 11.45 34.72 1.883
0 13.94 39.96 0.5088
0 17.71 39.81 2.1541
0 13.36 35.96 2.3307
0 9.47 32.11 2.7571
0 7.61 22.27 2.2743
0 8.2 23.84 2.5096
0 8.79 25.64 1.5632
0 9.32 28.98 1.0221
0 12.56 33.44 0.3883
0 13.53 36.57 1.2877
0 13.46 36.13 1.1931
0 17.14 34.76 2.1075
0 11.82 33.26 1.3613
0 12.2 32.66 2.1605
0 10.8 31.18 2.7463
0 6.54 19.41 1.9392
0 6.7 23.43 0.814
0 7.99 27.35 0.5793
0 10.67 32.08 1.0815
0 11.11 31.43 1.671
0 9.93 29.37 1.4519
0 10.02 29.4 1.2155
0 9.98 29.95 1.8006
0 10.15 29.92 1.5466
0 11.08 29.72 1.3995
0 11.02 28.22 1.3084
0 9.8 27.06 1.3534
0 9.33 27.18 1.2146
0 7.73 24.94 2.6812
0 7.66 22.41 1.2153
0 7.99 27.95 0.7364
0 9.41 30.78 1.0106
0 17.53 34.79 0.795
0 12.1 35.59 1.2731
0 13.25 37.24 0.6728
0 14.28 39.21 0.5599
0 14.61 37.08 0.3568
0 14.47 34.29 0.5775
3 15.94 33.21 1.0459
7.925 15.59 32.97 1.498
8.4 12.29 25.6 1.5712
0.675 12.16 18.28 1.3737
0.4 8.08 18.41 0.7099
4.825 8.06 21.06 2.0075
0 6.98 20.41 0.7152
0 7.6 23.94 1.934
0 8.6 26.05 1.7557
0 11.09 28.26 1.8364
0 11.68 28.45 2.2028
0 11.78 31.12 1.4478
0 11.91 32.63 0.5745
0 11.28 33.04 0.4818
0.025 11.13 31.82 1.0315
2.8 11.89 27.73 0.9393
1.4 8.64 21.08 1.1954
0 8.16 19.71 1.5882
0 8.26 23.22 0.8705
0.025 9.67 24.79 1.8102
2.325 8.64 21.59 1.4924
11.55 10.61 20.99 1.7813
40.5 11.73 16.55 4.9107
16.625 7.35 15.63 3.3519
0 3.17 17.1 1.6024
0 2.07 18.2 2.8606
0 1.98 19 3.4957
4.1 7.58 23.48 2.2077
5.35 9.01 22.87 1.8087
1.625 5.41 13.53 1.035
0 5.35 20.41 1.8395
0 6.01 21.71 2.9312
0 7.76 23.54 2.6437
0 8.95 28.68 1.7004
0 9.06 28.64 1.2254
0.5 9.27 28.36 2.0598
19.225 8.98 23.41 3.2369
9.55 3.07 12.84 2.4747
2.225 0.39 13.72 0.6334
1.4 1.2 14.87 1.6208
0.125 0.56 13.77 2.3601
0 0.79 15.67 1.4277
0 3.2 16.73 3.0188
0 3.58 17.57 1.7401
0 4.71 19.22 2.7462
0 5.03 20.7 1.3485
0 4.95 20.53 1.9107
0.35 3.45 20.97 1.781
20.525 3.42 20.59 2.2436
26.45 1.84 10.58 3.0584
22.275 0.86 9.11 4.7662
12.4 1.43 6.3 3.0259
19.175 3.76 9.27 3.9156
8.125 -2.69 5.61 1.327
0 -3.14 8.31 3.1637
1.325 -2.89 9.75 3.3406
15.125 -2.05 12.87 2.6234
7.675 -0.04 7.65 2.3149
0 -4.66 9.65 2.4514
0 -4.29 9.37 3.0607
0 -1.07 12.09 2.2899
0 -0.57 15.24 2.6661
0.275 4.78 12.06 1.4252
1.45 6.32 15.49 2.4445
11.075 6.85 15.86 2.5939
5.15 6.33 19.1 3.5389
0.25 2.64 16.34 2.1929
3.05 3.34 16.92 2.2543
3.5 5.93 13.44 1.2332
0.975 7.95 16.03 1.5362
0 5.85 17.37 0.4365
0 4.79 17.53 2.3371
0.6 2.89 17.9 1.3558
15.375 3.4 12.46 1.8914
7.625 3.3 13.04 1.3685
3.15 -0.28 12.04 2.4768
31.1 -0.16 11.6 3.5305
30.575 5.88 11.68 5.11
49.575 8.64 12.75 5.7201
7.55 4.41 12.16 2.6585
5.7 3.5 6.36 2.8572
5.45 3.6 11.54 2.187
1.95 6.02 10.57 0.5047
0.525 3.01 13.74 3.1157
16.5 2.56 15.87 5.4696
8.15 2 14.8 2.1546
0.375 1.47 12.32 0.827
40.775 1.56 12.9 2.3024
28.675 4.4 9.46 4.3741
3.525 -3.32 7.24 2.252
1.1 -5.27 6.93 1.5451
16.45 -4.45 7.67 4.4301
15.65 -3.83 7.76 4.7753
3.85 1.31 7.78 2.4387
0 -1.29 8.39 3.1041
0 -1.27 11.86 3.7488
0 -1.23 12.73 4.9256
0 -1.66 10.82 3.349
0 -1.66 12.82 1.6742
0 -1.73 5.84 1.4264
0 -3.07 3.46 3.0329
1.925 -1.18 6.64 3.4559
1.175 3.49 15.19 2.3416
0.975 2.09 15.33 1.6319
0.4 5.89 11.43 1.2177
0 0.44 12.91 2.6598
0 2.88 13.38 0.7986
0 3.91 13.67 0.7046
0 3.81 10.84 2.4755
0 1.1 9.83 1.5424
0 0.7 14.25 4.0805
0 1.15 17.74 3.6438
0 1.28 16.79 2.8611
0 0.24 17.98 4.0273
0 0.24 18.7 1.8067
0 1.27 16.8 2.1028
0 2.12 18.25 4.9328
0 1.67 20.67 3.5254
0 1.59 19.64 1.7739
7.025 0.58 17.63 0.5634
7.2 0.57 14.4 1.7559
2.075 -0.1 10.31 1.3119
0 -0.14 10.75 1.6847
0 -2.29 13.35 3.0021
0 -1.98 13.47 2.0108
0 0 13.52 2.5118
0 1.32 15.23 1.6796
0 1.91 17.55 1.9475
0 3.35 19.18 0.7165
0 -0.01 19.76 2.4248
0 -1.74 13.86 3.4157
0 -1.56 13.87 3.6529
0 -0.54 15.06 3.8092
0 -0.03 18.95 2.8795
0 0.02 21.54 1.1436
0.6 -0.01 20.36 3.9133
11.775 6.72 15.17 4.7904
12.05 5.34 14.15 5.6964
33.8 1.73 8.02 4.7942
31.625 0.82 7.05 2.5758
9.3 0.15 8.83 3.0264
0.525 -1.66 8.7 0.636
0 -1.44 10.33 1.1676
0 -2.04 9.91 0.5064
0.15 -1.92 13.5 0.7076
7.4 -1.68 11.46 2.3189
17.375 0.68 8.92 5.1252
6.7 -4.24 7.16 0.9603
5.25 -4.78 7.08 0.4216
0.225 -3.95 10.03 2.284
2.6 -3.9 13.71 1.8595
10.45 -1.91 14.01 3.9215
4.35 7.63 16.28 1.397
0 -0.02 16.28 1.4482
4.125 0.69 16.63 0.585
22.5 4.26 18.97 1.7265
10.95 6.07 11.15 4.1457
0.225 1.44 12.62 0.665
0.225 1.72 17.06 1.4977
0.05 4.79 18.77 0.96
0.025 3.21 18.55 1.2133
0.075 3.13 15.52 0.4963
7.225 4.17 16.59 1.3774
4.8 6.87 16.15 1.34
11.7 7.82 19.15 1.576
8.325 8.2 19.01 2.3987
1.9 -0.2 13.16 0.9415
16.3 -0.19 14.26 3.7079
28.975 0.89 11.93 4.7679
59.725 3.43 9.19 5.2978
29.5 1.39 7.32 2.2876
4.6 0.79 10.4 1.4668
13.45 0.95 12.61 5.1983
25.1 3.95 9.18 5.5298
19.6 1.23 6.95 3.8731
16.05 2.73 11.8 3.1345
5.175 4.51 9.05 1.502
0.275 5.04 13.67 0.7123
0 3.57 16.11 1.3689
0 3.77 18.5 1.9612
0 5.96 21.02 2.4509
0 6.59 24.67 1.8753
0 7.96 26.44 1.0452
0 3.08 20.54 1.7778
0 3.66 18.62 1.8106
0 5.33 22.31 1.455
1.575 4.72 22.6 1.7945
4.65 4.31 20.32 3.4525
2 0.43 8.95 1.6153
0 -1.5 10.1 1.3076
0 -1.37 14.47 0.4507
0 0.85 16.23 1.6251
0 2.45 17.34 1.5284
0.45 2.49 17.18 2.5968
0.2 0.22 12.85 0.5647
0 -0.12 16.94 0.7606
0 2.75 21.76 1.4173
0.075 3.42 22.94 2.137
0.45 8.09 23.22 2.5222
0.2 10.12 19.57 1.4469
0.6 10 20.07 1.9066
1.175 10.43 19.77 1.9564
0.425 4.09 17.83 0.8995
0.125 4.7 17.36 0.9325
0.375 6.36 18.73 2.0036
0.175 6.22 18.25 2.2105
0 2.99 18.84 2.5173
0 2.58 19.12 1.0073
0 3.21 21.19 2.2455
0 5.45 20.5 4.4971
0 1.43 17.57 3.443
0 1.75 21.19 1.7447
0 2.59 23.93 0.5023
0 6.01 25.93 1.0497
0 6.79 25.3 2.9553
0 8.06 28.53 0.8777
0 8.35 30.41 1.4638
0 7.71 27.65 1.9097
0 7.89 22.17 2.7543
2 3.57 14.06 3.0103
1 2.06 15.81 2.5128
0 2.97 22.68 1.7633
0 7.09 24.46 1.2271
0.075 7.2 25.64 0.774
11.1 8.16 25.8 2.7738
8.7 4.44 15.6 2.6298
2.4 2.41 12.59 1.4727
16.15 4.15 14.12 3.4318
8.325 6.62 12.15 2.1141
0.4 3.61 15.7 2.9072
0 4.24 22.25 1.6756
0 7.77 24.89 2.1909
0 7 24.31 3.2116
0 5.81 22.2 4.4958
0.075 5.81 20.23 2.4441
2.8 6.09 22.01 2.6929
1.3 4.19 19.44 2.1504
0.1 4.8 19.96 3.1063
1 4.89 20.34 4.0114
0.5 5.57 16.3 4.6165
0 4.3 17.81 2.7412
0.175 4.48 20.42 2.487
0.15 9.2 20.79 2.6428
0.025 4.13 16.08 1.592
0.5 4.22 18.27 0.707
8.225 4.63 18.8 3.3507
13.825 12.08 16.85 1.015
7.025 9.38 20.88 3.3375
0.125 6.44 19.28 2.1082
0 7.17 22.79 2.9532
0 10.18 26.12 1.6746
0 10.44 27.79 2.6954
0 9.85 27.15 3.1597
0 8.75 24.12 2.7616
0 9.43 26.81 2.7149
0 12.57 29.7 2.1719
0 13.32 32.29 2.106
0 12.15 32.05 2.5405
0 11.48 28.41 1.6042
0 12.1 29.41 2.8194
0 12.05 30.04 2.2659
0 13.22 30.16 0.6296
0 14.47 33.98 0.7495
0 17.07 36.63 2.5077
0 13.85 35.92 2.5427
0 11.15 32.17 2.4874
0 10.56 30.59 2.6322
0 11.08 30.06 2.4615
0.225 12.23 31.64 2.4687
13.375 12.63 31.34 2.3578
6.925 11.2 25.03 2.3813
0.075 9.58 21.98 2.3688
0 10.56 27.95 1.438
0 14.67 32.89 1.1027
0 15.51 36.07 0.9418
0 15.6 37.11 1.5617
0 16.65 36.62 1.7029
0 17.28 36.54 2.5068
0 17.62 36.49 2.7478
0 16.01 35.39 2.0189
0 14.96 34.87 2.4493
0 12.71 33.76 2.2411
0 11.61 32.58 2.4081
0 11.53 29.39 2.5591
0 11.98 28.29 3.1339
0 11.39 26.13 2.7492
0 10.99 26.12 3.3519
0 10.84 26.15 3.1605
0 10.87 26.78 2.0288
0 11.89 28.45 1.205
0 12.59 29.53 1.9512
0 13.24 31.21 1.5828
0 13.32 32.77 2.3128
0 13.72 33.39 2.7664
0 14.23 33.34 1.9239
0 15.14 33.32 1.9198
0 14.05 34.38 2.1339
0 12.05 32.85 1.9312
0 12.15 32.9 1.692
0 12.77 33.93 1.6225
0 14.34 35.53 2.4213
0 14.26 35.44 3.1072
0 17.8 34.97 2.0958
0 17.65 32.77 1.4696
0 15.38 33.97 1.8198
0 14.4 34.94 2.0892
0 13.22 34.28 3.0699
0 12.65 30.65 2.4173
0 13.31 31.69 3.0773
0 16.65 31.5 2.5133
0 12.62 32.33 1.8923
0 12.74 32.77 2.0095
0 12.35 32.88 2.2032
0 12.83 33.78 2.6612
0 13.1 32.36 1.8683
0 13.89 32.86 1.3977
0 14.93 34.48 2.111
0 11.9 33.87 1.5247
0 11.79 32.94 1.3165
0 12.22 33.44 1.8482
0 12.67 33.96 1.7967
0 12.73 33.76 2.6786
0 11.62 31.58 2.0386
0 11.53 30.62 1.5465
0 12.06 30.63 1.2354
0 12.89 32.34 0.979
0 14.48 34.45 1.9607
0 14.92 34.42 1.2032
0 15.5 35 0.7774
0 15.61 36.06 1.0344
0 16.06 36.57 1.3883
0 13.97 36.05 1.803
0 13.3 34.87 1.7965
0 12.14 32.78 1.7221
0 12.24 31.82 0.7524
0 12.97 32.36 0.7253
0 13.94 34.39 0.7856
0 14.88 34.32 0.9538
0 18.15 34.33 1.8618
0 12.75 34.53 0.7665
0 13.06 35.9 1.021
0.2 13.03 35.92 1.053
0.125 14.76 34.97 1.5696
0.025 14.81 35 0.8272
0.05 14.76 34.33 1.7223
0.05 13.08 27.7 1.6527
0.075 13.08 30.09 0.7955
0.05 13.63 31.58 1.5076
0 13.7 31.39 2.4402
0 12.4 30.28 1.6988
0 9.95 27.22 1.7602
0 10.06 28.32 0.6704
0 11.65 31.29 0.3839
0 13.33 34.5 1.0447
0 13.91 35.35 0.7284
0 14.51 35.89 0.5394
0 13.92 36.66 0.6433
0 15.18 36.39 1.5493
0 13.11 31.96 2.21
0 9.82 23.06 1.9883
0 9.89 27.4 0.822
0 12.27 31.33 0.6174
0 12.65 33.81 0.967
0 13.3 33.54 1.2499
0 11.1 29.36 2.2776
0 10.51 26.05 1.7927
0.125 9.75 25.94 1.9221
23.2 8.04 21.73 2.1572
16.2 8.37 19.75 3.6185
5.5 7.67 16.08 0.8006
1.9 3.11 13.92 0.9046
0 3.34 18.35 1.2166
0.225 3.64 22.14 1.2009
1.875 7.83 24.04 1.536
0.875 11.46 19.98 1.6844
0 8.72 24.87 1.0188
0 8.81 27.33 0.7489
0 11.19 29.42 0.5095
0 11.41 28.94 0.9602
0 11.11 29.22 1.1702
0 11.49 26.69 1.5753
0 11.07 28.32 1.3767
0 10.93 29.12 1.0654
0 12.67 25.46 0.7512
0 9.66 25.61 0.8453
0 9.83 26.06 2.2703
0 9.46 27.22 1.6038
0 8.92 28.72 1.6881
0 8.68 26.81 1.3848
0 3.94 21.53 2.8517
0 3.47 20.09 3.0979
0 5.54 21.61 1.8066
0 5.6 22.75 1.0592
0 5.78 23.44 2.0567
0 6.72 25.5 0.4953
0 5.92 24.9 3.5462
0.025 4.08 23.14 4.0626
3.55 3.85 22.21 3.3226
2.025 2.86 20.26 1.7084
5.75 -1.32 11.99 0.5556
3.1 -1.16 12.36 1.416
0.125 -0.87 11.51 0.8367
0 -0.68 12.13 2.029
0 0.57 15.54 3.0243
0.05 0.58 17.36 3.108
3.025 1.45 20.86 3.6938
1.5 8.35 19.11 0.7716
0 5.86 16.8 0.3129
0 7.91 18.14 0.866
0 4.27 17.15 0.6882
0 3.77 18.8 0.924
0.025 3.78 18.79 1.0164
0.475 3.3 18.59 3.1289
3.375 0.93 12.01 2.1269
1.75 1.09 11.99 4.0454
0.1 0.31 12.23 1.8935
0 0.03 13.76 2.7517
0 0.1 14.82 3.9902
0.275 0.27 15.57 2.0975
0.125 2.66 13.36 0.6841
0 1.79 17.06 2.7383
0 1.96 18.45 2.2719
0 2.87 23.84 1.0061
0 2.43 18.6 1.5919
0 0.66 19.51 3.9026
0 0.41 17.26 7.7364
0 -0.52 16 3.4491
0 -0.73 14.63 4.0847
0 -2.26 14.38 2.691
0 -2.84 12.82 3.4531
0 -2.77 13.83 2.9847
0 -2.79 14.31 3.2276
0 -1.98 15 3.1701
0 -1.94 14.13 4.1622
0 -1.92 16.72 3.0255
0 -2.2 16.89 0.686
0 -0.76 12.78 1.5142
0 -1.72 12.9 1.4128
0.025 -2.25 13.16 0.9486
1.2 -2.73 12.65 0.7668
0.6 -2.27 10.63 5.0579
0 -1.91 12.35 4.3976
0 -2.03 16.12 2.5633
0 -2.04 14.83 4.33
0 -2.12 12.95 4.1461
0 -2.8 12.86 3.3743
0 -4.89 13.78 4.4882
0 -4.52 13.94 3.9219
0 -3.97 12.09 4.8563
0 -3.86 16.7 3.3892
0 -2.41 17.68 1.241
0 -2.39 15.67 1.0878
0 -1.68 15.83 1.126
0 1.97 16.37 0.8448
0 1.46 16.3 1.2495
0 -0.88 15.43 2.3499
