0.2 4.36 9.38 1.5342
3.8 5.23 7.87 0.9749
0.825 1.09 10.59 1.8948
0 -2.06 10.62 3.2851
1.075 2.58 8.65 1.7877
0.15 3.15 9.1 0.3226
0 0.91 8.67 1.4559
0 1.77 10.73 1.0578
0 2.41 13.2 3.8817
0 0.46 13.86 3.5286
0 -0.05 16.15 2.5188
0 0.62 17 5.1807
0 1.61 19.5 4.1496
0 1.49 19.76 3.8028
0 1.17 20.11 3.8482
0 2.72 20.16 4.8749
0 2.16 20.07 4.0485
0 2.28 20.47 4.5262
0 1.33 21.19 4.7608
0 1.89 20.47 3.3359
2 5.05 15.73 2.6461
10.9 9.78 15.65 2.0887
16.05 11.26 13.51 1.688
3.5 10.34 16.14 1.9028
6.075 5.89 14 3.1782
0.475 3.5 11.27 1.1845
0 0.84 12.44 1.0896
0 0.41 13.46 1.5351
0 1.52 15.49 3.8523
0 1.64 17.44 4.2614
0 2.16 19.28 2.6673
0 2.88 18.13 2.7026
0 3.04 19.1 4.0501
0 2.84 20.63 3.8017
0 3 20.56 2.9734
5.775 8.65 17.4 2.9527
5.65 8.79 14.62 3.2504
1.275 7.08 16.29 2.5177
3.825 4.82 15.85 1.2332
1.525 4.26 12.61 3.0813
2.25 -0.26 12.19 0.3147
6.4 4.19 12.83 2.408
2.025 4.49 12.56 1.3096
15.4 4.77 10.98 2.9518
2.625 5.41 12.26 3.6871
3.825 7.82 12.16 6.5371
13.425 8.03 12.8 5.4625
7.875 7.47 11.85 4.4986
0.6 3.27 13.85 1.6837
0 3.03 17.19 3.5077
0 4.09 18.2 2.7243
1.325 3.94 16.55 3.6266
4.875 9.91 16.06 4.236
12 10.58 17.66 3.0787
0.75 8.24 17.75 1.4551
0.3 9.42 18.48 1.5744
0.875 8.74 18.71 2.1196
0.075 5.17 17.09 0.4997
0 5.76 17.4 3.4763
4.15 10.35 17.11 3.0593
9.15 11.45 18.55 4.2099
14.825 9.5 16.26 4.9472
7.575 5.69 14.11 2.5278
0.025 2.79 14.97 1.1345
0.075 3.82 14.74 1.864
0 2.79 15.56 0.3346
0 2.79 17.79 1.4488
0 4.18 13.69 2.7661
0 0.81 14.14 0.6935
0 0.96 16.67 0.4721
0 4.45 19.14 1.6883
0 4.18 20.53 1.7129
0 5.32 17.18 1.4143
0 6.67 19.45 2.1568
0 7.79 20.81 2.504
0 8.74 20.89 1.1485
0 8.74 22.12 1.5403
0 9.65 25.17 1.523
0 9.73 24.23 1.1956
3.825 8.59 19.92 1.5545
2.825 6.76 15.44 3.7839
0.325 3.5 14.73 2.4608
0 2.55 19.09 1.9116
0 4.81 21.55 1.1447
0 8.85 24.02 2.1814
0 10.32 24.54 1.7873
0 9.46 25.96 1.4768
0 9.85 20.96 3.6805
0 6.35 19.93 2.1267
0 4.65 21.98 0.7412
0 9.83 24.45 3.1326
0 8.22 22.57 2.7009
0 7.47 19.74 5.1193
0 5.08 19.26 1.8789
0 4.25 23.84 2.3653
0 6.75 27.23 1.7697
11.8 8.93 21.2 1.2083
2.8 9.18 18.72 2.6081
5.725 9.05 15.18 1.7438
3.075 9.14 17.28 2.3818
0.375 5.65 19.45 3.7351
0 7.51 22.69 1.8143
0 9.33 22.68 2.6264
0 8.39 17.47 5.2239
0 5.27 16.71 5.5048
0 4.21 20.47 2.9102
0 6.31 24.64 1.5843
0 9.4 27.5 2.2263
0 10.47 31.71 2.2591
0 13.97 34.25 1.4971
0 14.69 34.81 1.3504
0 14.68 35.61 1.6547
0 12.35 27.83 2.0793
0 9.04 22.14 3.0629
0 4.89 21.98 3.3205
0 5.17 22 2.2156
0 7.23 21.81 2.2635
0 4.61 18.72 2.9214
0 5.17 20.4 1.938
0 6.43 23.03 2.0228
22.875 11.85 22.21 1.697
5.725 13.39 20.42 2.436
0.425 14.1 21.79 3.3502
0.35 13.3 24.76 1.7749
0.35 16 26.55 3.3283
0 13.58 28.14 1.7166
0 12.63 27.92 3.2044
0 13.1 28.74 2.2533
0 12.39 30.4 2.148
0 12.75 31.64 1.7724
0 13.65 31.01 3.1924
0 11.27 27.88 3.416
0 12.03 28.38 3.1577
0 13.41 29.59 3.2433
0 14.21 31.83 2.5031
0 15.05 36.15 1.3353
0 18.69 39.69 0.2242
0 19.4 38.04 2.0115
0 17.32 33.3 2.2157
0 13.58 30.07 1.4992
0 13.07 32.28 1.2238
0 12.99 32.4 2.4032
0 12.4 29.48 2.9563
0 10.89 26.83 2.779
0 10.46 29.78 2.4112
0 14.26 33.18 1.9246
0 17.3 35.52 1.2228
0 17.94 35.98 2.2685
0 16.45 33.33 2.4357
0 14.24 31.36 2.796
0 14 30.3 2.3739
0 13.76 28.93 2.4505
0.125 14.97 28.16 2.3845
0.325 15.53 28.67 0.6228
0.55 13.23 26.74 2.1906
2.225 13.3 22.85 2.8475
1.1 11.83 24.88 1.8109
0.35 12.19 27.54 2.5846
0 12.87 28.67 2.6082
0 12.19 27.05 3.3418
0 13.66 25.94 2.9659
0 12.94 26.6 3.4167
0 13.3 26.69 2.625
0.7 15.25 26.88 3.3218
0 13.34 26.88 2.2943
0 13.22 26.38 2.473
0 13.62 29.57 2.8556
0 14.26 29.66 3.2383
0 15.33 34.73 2.3688
0 17.39 34.43 3.0467
0 12.51 30.44 3.3354
0 10.85 27.73 3.4527
0 13.42 31.27 1.7688
0 14.65 34.85 0.8603
0 16.99 37.16 1.6878
0 15.74 35.35 2.6214
0 14.78 33.88 1.9009
0 17.67 38.89 1.1027
0 20.91 42.28 0.9695
0 21.27 41.77 2.6373
0 18.27 38.61 2.6005
0 17.87 36.74 2.2212
0 16.69 37.05 1.8925
0 16.01 37.05 2.6456
0 16.21 34.88 2.4099
0 15.65 32.69 2.585
0 13.2 31.9 2.4197
0 13.19 32.64 2.5511
0 13.78 32.09 2.7054
0 14.57 31.69 2.7448
0 13.62 32.4 2.1265
0 17.46 32.21 1.814
0 18.62 33.48 2.2568
0 16.68 34.86 1.7937
0 17.39 38.11 0.8042
0 18.54 39.11 1.5432
0 19.73 39.15 1.6649
0 19.85 39.75 1.6326
0 21.56 40.55 1.9399
0 21.52 41.06 1.4515
0 20.62 39.36 2.404
0 18.47 36.71 2.5335
0 17.48 35.04 2.5271
0 16.61 35.35 2.1395
0 14.87 33.06 2.0935
0 14.19 34.12 2.1641
0 16.76 37.12 1.9537
0 19.54 38.6 2.0516
0 18.95 36.39 2.4394
0 17.18 34.45 2.9863
0 16.35 33.26 2.7869
0 16.42 33.81 3.038
0 17.52 34.59 2.7363
0 15.55 32.82 2.7511
0 14.94 31.35 2.2439
0 15.06 32.25 1.8371
0 16.05 32.06 2.0787
0 14.58 27.75 2.6845
0 13.5 27.91 1.9063
0 14.49 31.95 1.7931
0 16.44 35.25 1.078
0 18.38 37.32 1.3518
0 19.46 36.34 2.8889
0 17.28 37.33 2.8558
0 18.69 35.2 3.2027
0 17.03 31.87 3.1679
0 12.87 32.68 1.7639
0 14.53 34.7 0.8451
0 15.97 35.14 1.0989
0 16.33 35.55 0.8814
0 17.35 35.63 1.3765
0 15.43 33.06 2.4032
0 16.22 36.41 2.0734
0 19.02 36.7 2.1795
0.05 18.75 34.36 2.4547
0.025 14.04 31.97 1.5403
0 14.23 33.71 1.4556
0 15.53 34.51 0.3729
0 16.16 36.13 1.6898
0 16.2 37.92 1.8297
0 18.54 39.22 1.6691
0 18.46 38.76 2.3579
0 17.28 33.46 1.3327
0 16.73 35.46 0.6009
0 19.96 36.53 0.7173
0 20.2 38.64 1.9034
0 17.36 35.75 2.5417
0 13.23 31.39 2.0769
0 15.01 29.21 2.2026
0 14.02 30.06 2.1336
0 13.62 32.01 0.7808
0 14.89 33.27 1.1063
0 16.68 35.74 0.5704
0 16.99 37.37 1.1802
0.375 17.36 32.91 2.1297
0.1 14.66 27.96 1.9236
3.325 15.22 26.22 2.4559
0.175 13.86 28.38 1.8336
0 15.04 31.05 1.9811
0 15.25 32.96 1.0492
0 16.13 36.28 0.8052
0 18.07 35.55 1.777
0 16.4 33.44 1.0421
0 16.59 35.22 1.6866
0 17.12 36.73 1.9133
0 16.17 36.81 1.2087
0 15.89 36.1 0.7304
0 15.45 35.7 0.7991
0 15.73 37.25 1.0962
0 16.44 37.49 0.3713
0 17.63 33.58 1.7537
0 14.27 25.32 2.5541
0 8.66 23.3 2.5103
0 9.8 26.09 2.2607
0 8.38 28.15 0.9051
0 10.4 25.32 3.2701
0 7.48 20.6 3.3263
0 6.59 20.69 0.3886
0 6.07 23.03 2.2009
0 7.86 26.64 1.0803
0 9.09 24.47 1.3842
0 8.62 25.15 0.6398
0 9.3 25.7 0.444
0 9.58 23.5 1.679
0.425 9.14 21.39 1.9566
46.9 12.46 18.05 6.9396
6.325 15.41 23.33 4.1218
0.425 17.35 26.4 1.1905
0 15.57 26.81 2.3541
0 13.99 26.69 1.284
0 15.23 25.97 1.6116
0.2 10.62 20.21 1.8937
0.05 10.08 20.25 1.4545
0 8.94 22.35 1.1329
0 10.48 23.64 0.9283
0 10.85 25.34 1.3929
0 11.37 26.14 1.4929
0 11.91 25.42 1.5248
0 10.45 26.68 1.1991
0 11.37 20.33 4.7787
0 7.51 18.25 4.8065
0 4.45 18.48 0.7915
0 4.81 20.88 0.266
0 6 22.56 0.8913
0 7.43 23.76 1.0362
0 8.19 25.18 1.2291
0 8.59 25.43 1.1556
0 8.51 25.91 1.7942
0 8.62 23.03 2.4681
0 8.07 22.56 0.5163
0 9.49 19.95 1.909
0 5.41 19 1.9776
0 3.99 18.17 1.0245
0 6.99 18.41 0.8729
0.1 7.76 17.7 0.6569
0.525 8.21 17.37 2.1625
0.225 3.74 16.29 1.505
0 3.35 16.41 1.2075
0 1.33 17.52 2.4745
0 1.77 19.02 1.8365
0.55 2.45 19.99 1.0446
0.275 5.59 17.47 2.3309
0 1.06 15.55 2.0727
3.975 3.31 17.72 3.2496
1.75 3.04 13.74 1.3015
0 1.73 17.04 0.4427
0 3.9 15.47 1.7974
0 2.01 17.2 3.2975
0 1.73 19.63 3.4892
0 2.88 20.67 2.2334
4 5.45 16.41 1.1671
0.45 6.92 18.1 5.1786
0 1.49 16.31 4.5806
0 1.21 16.57 3.7334
0 1.33 17.45 1.3796
0 0.9 16.07 1.6895
0 0.86 14.99 1.6491
0 1.06 15.7 1.8148
0 1.65 13.02 1.0886
1.325 -3.33 10.32 1.7205
13.9 -1.31 7.73 0.6982
1.35 -4.02 7.72 0.429
0 -2.88 7.68 1.9036
3.475 0.47 9.23 3.3342
15.125 4.77 11.61 3.1431
15.125 8.99 12.96 3.9143
7.675 7.09 13.51 3.6487
1.825 5.86 14.09 0.5889
0 4.58 14.63 3.37
1.2 7.23 15.11 2.8227
0 6.4 12.9 2.1679
0 5.64 11.79 2.6196
0 4.29 10.81 3.9855
0.125 4.3 13.97 2.8169
7.9 6.48 14.1 1.6796
2.25 4.85 12.33 3.6986
0.025 1.32 10.46 2.0299
0 -1.16 11.48 3.8001
0 -0.48 14.43 3.9666
1.925 1.64 11.57 4.0742
5.85 4.53 13.62 2.1405
1.475 5.41 9.69 2.8536
1.725 3.43 12.25 0.7814
0.65 7.56 14.07 1.3673
0 6.24 11.94 2.6794
0 5.69 14.31 2.2122
0.075 4.66 12.78 1.1637
0 6.47 11.57 3.8346
0 3.5 14.02 2.9338
0 4.09 11.86 2.9526
0 4.18 10.09 3.091
0 2.44 9.35 2.424
0.5 4.54 10.41 2.8538
0.225 6.05 10.77 2.4734
0.025 5.34 7.5 2.3839
0.075 5.62 8.92 3.2265
4.775 6.37 16.02 4.7528
12.65 8.95 17.61 2.036
0.15 4.33 15.11 1.1158
0.075 3.9 11.79 3.1647
0.075 6.27 13.9 2.7118
11.65 6.16 14.1 2.821
16.475 9.11 14.99 5.0367
24.825 8.13 12.37 5.6287
19.525 7.59 12.59 6.5149
20.1 4.99 9.56 3.7577
6.575 3.04 10.5 3.3399
2.825 2.76 11.07 1.0349
0.225 1.92 10.23 2.5173
2.6 5.52 11.02 4.4936
2.275 7.44 11.66 3.0151
0.075 5.01 14.04 1.1203
0 3.31 13.91 2.4595
0.75 5.1 15.74 3.1408
1.15 6.09 15.95 1.0865
0.15 3.19 13.13 1.2902
0 2.95 15.74 1.7464
0 5.92 13.41 2.1404
0.65 3.91 17.01 0.6333
5.15 7.11 14.96 3.1235
2.275 9.73 16.3 3.3775
10.35 9.31 12.73 1.6235
1.9 7.17 12.59 2.5002
1.875 7.88 13.46 1.1524
10.375 7.44 11.5 1.3393
0.45 3.07 14.14 0.7444
0 5.95 14.5 1.1759
0 5.81 17.42 1.4615
0 4.86 17.93 1.3343
0 3.83 18.76 1.4869
0 4.42 19.5 1.3555
0 6.56 19.54 1.7947
0 6.8 20.3 2.304
0 6.68 19.68 0.8282
0 8.85 16 1.0057
0.7 7.17 15.31 2.088
7.975 7.28 11.66 2.7323
0.675 4.68 13.22 1.8622
31.775 4.8 11.15 3.7725
6.5 8.26 14.61 2.5481
0.7 6.74 16.03 0.8822
10.1 7.34 17.72 4.5437
5.075 8.81 15.75 1.0917
0.15 4.42 17.07 0.4125
0 6.16 17.72 1.9758
3.95 7.29 15.88 2.7298
15.575 6.97 10.94 3.2189
2.65 5.01 13.46 2.5514
0.025 2.08 13.59 1.1639
0 6.66 16.36 2.2843
0 5.01 18.79 1.211
0.075 5.59 14.47 2.6919
0.775 2.86 12.47 3.6534
2.2 3.41 12.52 2.2793
0 1.09 15.72 0.2424
11.25 4.13 14.16 2.0287
1.95 2.91 14.04 2.4883
0 2.67 16.21 2.2844
0 3.54 18.9 3.3329
0 6.16 23.99 1.2847
0 9.96 24.32 1.1491
0 8.46 23.6 2.7834
0 5.57 25.27 2.148
0 6.87 24.72 1.5899
0 7.72 22.46 0.3944
0 8.66 20.63 1.9429
0 7.74 22.16 1.6023
0.075 5.92 23.03 1.4714
0.425 6.52 19.05 2.1144
0.175 4.61 18.03 2.2354
0 4.18 20.65 2.2162
0 6.2 24.33 0.904
0.35 7.19 24.07 2.3819
3.675 7.11 18.02 4.7688
2.35 5.41 14.54 2.5308
0.2 4.37 15.37 0.8749
3.975 3.66 14.31 1.9377
1.275 4.34 13.95 1.7097
15.175 3.75 13.24 2.8079
8.575 5.84 14.54 2.6088
0 4.59 17.36 0.8862
0 4.09 20.44 1.9456
0 6.87 21.73 1.1994
0 8.5 21.69 1.3413
0 8.07 18.37 2.0312
16.8 8.08 14.59 4.6728
12.4 7.57 15.52 4.2186
2.775 5.25 16.62 1.0992
0 6.24 18.74 0.7501
0 6.8 20.84 0.9205
0 8.65 22.16 1.6452
0 8.5 23.15 1.5136
0 7.91 25.37 1.195
0.75 10.96 25.06 1.4204
28.3 8.08 16.84 2.3091
11.95 6.52 11.59 3.4426
1.5 7.16 14.64 2.2383
0.075 7.01 20.06 1.3328
0 9.27 24.13 1.3059
0 11.11 27.47 1.3301
0 9.19 28.11 0.9519
1.425 9.95 21.6 3.749
1.8 6.12 15.78 4.3928
0 5.83 17.94 3.5628
0 7.06 19.8 3.4737
0 7.89 23.93 2.2239
0 10.86 26.4 2.0368
0 9.58 29.88 1.1077
0 11.44 26.5 2.3775
0 9.61 23.56 3.935
0 8.14 22.83 2.4927
0 7.15 25.6 0.9993
0 8.78 24.03 2.7396
0.3 8.74 19.45 3.5628
6.525 8.24 16.69 2.7904
1.85 5.05 19.28 3.49
0 7.06 24.4 2.1499
0 9.29 26.79 1.1362
0 10.72 28.3 0.9225
0 10.96 29.1 0.7639
0 12.11 27.33 1.244
0 11.41 21.1 1.8169
0 13.23 23.16 1.2809
0 12.01 23.67 1.489
0 10.46 24.03 3.5179
0 8.81 20.31 4.2489
0 6.28 18.11 3.5491
0 7.39 20.72 4.2053
0 7.79 21.41 2.2334
9.375 8.81 20.62 1.5732
6.725 9.68 22.04 2.4825
8.425 10.06 19.31 2.1376
1.325 7.11 20.33 3.0397
0 11.14 25.79 2.0724
0 11.07 30.04 1.1374
0 15.01 29.27 2.5306
0 13.86 26.19 2.9876
0 13.15 29.88 2.3742
0 15.88 29.62 2.3464
0 17.04 30.49 2.3625
0 17.08 32.47 1.9293
0 17.63 33.27 2.8344
0 15.65 30.63 3.2331
0 13.95 30.46 2.9401
0 13.87 27.38 3.5165
0 11.03 25.23 4.7029
0 13.88 28.25 5.0166
0 14.56 31.91 3.4526
0 15.24 35.01 1.0495
0 15.52 35.76 1.8949
0 14.26 31.12 2.7659
0 12.08 29.12 3.1822
0 11.75 30.56 1.9103
0 12.27 28.72 2.5594
0 9.97 26.19 3.0027
0 9.42 27.28 2.7851
0 12.15 30.41 2.139
0 13.54 33.06 1.4057
0 16.74 34.22 2.237
0.725 15.57 31.58 2.2497
1.35 13.91 29.68 2.8732
0 15.46 32.75 2.7142
0 18.94 36.79 1.4781
0 20.45 39.07 1.8739
0 19.73 36.79 2.8973
0 16.56 33.81 2.9627
0 12.2 31.62 2.87
0 14.06 30.78 3.0568
0 15.44 32.71 2.6129
0 15.44 35.25 1.131
0 16.47 35.58 2.0334
0 15.06 32.35 2.6707
0 13.88 32.49 2.5495
0 14.87 33.88 2.724
0 15.39 34.83 2.4249
0 16.26 37.52 1.8645
0 17.25 36.03 2.0785
0 17.37 34.21 3.0112
0 15.55 32.54 2.9387
0 16.81 35.06 1.8999
0 20.56 37.83 1.8026
0 21.55 39.15 2.6987
0 20.77 38.81 2.6425
0 18.99 39 2.5432
0 17.32 37.26 2.2158
0 16.33 35 2.0391
0 15.58 33.06 2.1043
0 13.36 34 1.0925
0 15.46 35.14 2.3284
0 17.01 36.26 2.265
0 17.84 35.28 2.7409
0 15.51 32.16 2.6952
0 14.4 30.63 1.9184
0 13.08 30.39 2.238
0 13.64 32.92 2.2032
0 15.1 33.72 2.3243
0 14.5 33.56 2.2127
0 13.95 33.6 1.9338
0 14.82 34.47 2.2499
0 14.54 34.71 1.4502
0 15.69 34.4 1.9743
0 14.07 32.66 2.038
0 14.07 33.16 2.0204
0 14.23 32.93 2.4291
0 15.65 31.31 2.6368
0 14.47 31.53 1.7971
0 15.1 31.97 1.7511
0 13.79 29.05 2.0394
0 13 31.01 1.2844
0 16.27 32.28 1.7397
0 14.75 31.46 2.5462
0 14.19 32.02 2.8701
0 15.18 35.18 1.4287
0 15.89 33.53 1.4819
0 14.47 32.23 1.5173
0 13.67 33.6 1.993
0 15.41 34.28 2.2452
0 14.23 30.46 1.6566
0 12.32 31.08 1.9119
0 13.78 33.43 2.1902
0 15.8 37.87 1.6175
0 18.02 41.1 0.4558
0 19.07 36.91 1.8837
0 15.53 33.18 2.284
0 11.37 27.4 2.578
0 11.67 25.77 2.3642
0 11.68 26.72 2.5653
0 12.35 29.85 1.7009
0 14.05 32.12 1.0372
0 16.52 36.33 0.2402
0 16.79 37.49 1.2942
0 16.42 36.4 1.0932
0 16.69 33.99 2.2423
0 16.24 33.89 1.1939
0 15.11 33.09 1.8833
0 13.27 27.08 2.5924
0 10.11 23.94 1.9715
0 11.55 27.05 0.8591
0 12.48 30.47 0.5188
0 13.73 33.25 1.0226
0 13.78 30.24 1.5067
0 11.72 30.5 1.4013
0 11.91 30.8 1.4084
0 12.56 31.37 1.9718
0 13.95 30.32 1.5532
0 14.57 30.16 1.3007
0 13.64 27.82 1.1805
0 13.25 28.38 1.5508
0 12.69 27.59 1.4004
0 10.59 25.75 2.6177
0 10.08 26.03 1.4585
0 11.84 30.15 0.8553
0 13.54 33.86 1.1188
0 15.6 35.27 1.0871
0 15.11 36.97 1.2871
0 17.67 38.15 0.8243
0 18.04 38.43 0.6051
0 17.42 36.67 0.4793
0 17.03 33.87 0.6455
1.15 18.23 34.7 0.8341
3.7 17.52 34.22 1.2578
1.025 13.52 24.98 1.7383
0.975 13.88 20.84 1.2759
0.225 11.03 22.17 0.7235
1.775 12.24 22.49 1.6844
0 10.39 24.9 0.8054
0 10.88 26.88 2.0378
0 12.35 28.74 1.7922
0 14.92 30.09 1.8724
0 15.59 30.82 1.9397
0 14.81 32.97 1.2629
0 15.32 34.66 0.4854
0 14.85 33.88 0.313
0.125 15.57 31.05 0.8699
2.6 14.1 28.18 0.9333
0.7 10.91 21.91 1.2361
0 11.14 22.86 1.5242
0 11.18 26.06 0.7529
0.125 11.44 23.94 1.7362
1.975 11.14 22.18 1.4534
12.8 12.47 21.06 1.7383
18.125 13.74 18.96 4.5843
6.75 10.37 18.36 3.1777
0 7.57 19.15 1.8139
0 5.13 19.91 2.5981
0 7.01 23.33 3.4579
1.9 10.06 21.92 2.3291
3.775 11.51 22.28 1.7806
0.575 8.29 19.09 1.1021
0 8.02 22.23 1.8801
0 8.6 23.8 2.7509
0 10.06 25.71 2.3829
0 11.28 28.03 1.5557
0 12.28 28.62 1.1814
0 11.46 26.76 1.9091
10.1 9.73 19.14 2.9991
5.775 6.65 15.32 2.4935
1.125 3.65 16.89 0.4706
0.725 6.53 16.62 1.6604
0.025 5.18 16.58 2.3653
0 3.91 17.78 1.3712
0 5.62 17.66 2.9403
0 5.91 19.74 1.8456
0 7.36 21.5 2.7457
0 7.51 21.09 1.3906
0 6.97 21.6 1.6311
0 6.56 21.61 1.4491
11.975 6.98 17.9 1.9665
24.725 5.17 12.4 2.8054
12.85 4.57 12.01 4.4524
5.9 5.43 11.42 2.5748
9.975 5.17 11.82 3.4594
4.675 0.71 8.59 1.3873
0 -1.33 10.12 2.7927
0.875 -0.6 12.61 3.2312
10.275 3.15 11.58 2.3126
4.675 3.05 11.39 2.3079
0 -0.55 11.68 2.3418
0 -0.03 11.32 3.0045
0 1.08 12.57 2.2303
0 2.43 13.29 2.6913
0.1 5.67 12.76 1.2701
2.775 7.97 16.18 2.6689
11.325 8.59 17.15 2.8697
5.225 8.7 19.6 3.5808
0.075 4.91 17.59 2.0774
2.575 6.72 15.81 2.2355
1.75 9 16.09 1.2323
0.4 9.85 18.02 1.4021
0.025 10.6 17.07 0.4186
0 9.97 16.35 2.4127
0 8.96 15.47 1.3606
14.4 8.73 12.8 1.6225
6.3 4.67 13.2 1.3478
2.1 2.74 11.35 2.1776
23.45 5.17 12.45 3.6258
22.35 9.51 13.78 5.1575
13.425 10.5 15.04 5.6204
7.375 7.4 12.24 2.4859
5.625 5.24 10.99 2.9795
11.4 8.1 13.95 2.0624
2.525 7.8 14.11 0.4103
0 4.85 13.59 3.0875
17.2 6.17 15.02 5.4828
5.775 4.7 15.95 1.9388
0.025 4.47 13.71 0.6804
32.325 4.34 12.58 2.0702
23.675 6.08 11.67 4.1844
1.9 0.17 9.64 2.2788
0.35 -1.75 9.15 1.4352
13.95 2 10.4 4.5506
19.975 4.05 9.39 4.9095
2.65 2.88 10.32 2.341
0.075 0.97 9.21 3.0598
0 0.83 10.3 3.6786
0.05 1.58 8.12 4.711
0.05 1.68 6.92 2.924
0 1.98 7.94 1.4446
0 0.2 4.96 1.6693
0.475 -1.69 7.28 2.8045
1.825 1.71 8.59 3.5028
0.475 4.44 14.24 2.455
1.05 3.18 14.11 1.5021
0.225 6.27 12.84 1.2191
0 3.35 13 2.651
0 7.01 12.07 1.0879
0 7.69 12.14 0.9455
0 7.09 13.01 2.5783
0 3.66 11.1 1.7493
0 2.52 15.16 3.9394
0 2.58 17.48 3.4907
0 3.66 16.02 2.5946
0 3.47 17.06 3.9899
0 3.03 17.31 1.6074
0.1 4.24 13.54 1.9895
0 4.48 13.39 4.8191
0 3.93 13.97 3.4934
0.15 3.2 12.16 1.6596
6.45 3.25 12.07 0.4873
7.125 4.93 13.52 1.7639
1.575 2.99 13.06 1.2065
0 2.35 12.84 1.4528
0 1.27 14.67 3.0038
0 1.48 14.5 1.9458
0 2.28 15.8 2.3181
0 3.11 17.81 1.7527
0 4.44 19 2.0015
0 5.7 20.39 0.8746
0 4.37 20.05 2.4642
0 1.36 15.08 3.225
0 1.41 16.35 3.612
0 2.37 18.13 3.8406
0 2.86 20.43 2.9864
0 2.87 21.65 1.0181
0.225 5.85 18.81 3.8988
6.475 9.39 17.3 4.5863
10.025 7.72 16.05 5.3905
27.275 4.64 10.77 4.6556
26.95 4.34 8.59 2.564
9.475 2.26 11 2.6891
0.9 1.84 11.84 0.6866
0 2.74 12.13 1.0019
0 1.7 13.28 0.5729
0.55 1.29 14.84 0.7962
4.325 2.15 12.4 2.0584
13.9 4.13 11.28 4.9715
3.9 -0.79 9.69 1.0797
0.025 -1.46 10.94 0.3476
0 -0.11 13.92 2.1867
1.3 0.54 15.65 1.8558
3.975 5.34 16.75 3.9644
1.8 8.68 18.69 1.2018
0 4.08 18.52 1.3755
2.375 6.46 18.24 0.731
10.25 8.37 18.36 1.742
4.075 8.02 14.81 4.2238
0.5 6.37 17.12 0.4993
0.075 6.1 18.58 1.4077
0.05 7.72 19.92 0.6997
0 6.23 17.54 1.459
0.25 5.59 17.95 0.5491
3.225 7.71 18.81 1.3312
2.275 11.33 20.54 1.254
4.4 10.36 21.7 1.4362
3.8 10.4 21.18 2.0755
2.25 4.89 17.6 0.8842
11.575 4.09 15.81 3.5744
18.325 4.87 13.09 4.6911
34.275 6.41 11.58 5.0286
17.225 4.73 10.86 2.1959
2.6 3.36 14.02 1.5792
9.15 5.26 14.52 5.2428
21.125 6.48 11.9 5.3664
10.95 4.5 12.29 3.5503
14.125 6.89 13.05 3.0602
2.55 5.65 14.28 1.3186
0 7.93 16.51 0.8738
0 6.08 19.49 1.7447
0 8.23 22.05 2.2239
0 10 25.35 2.4192
0 11.17 27.26 1.7443
0 12.12 27 1.2541
0 8.01 20.55 1.766
0 6.66 23.43 1.6477
0 9.36 24.39 1.6738
0.875 9.06 23.38 2.1898
7.75 5.85 18.27 3.4415
2.55 2.79 12.64 1.6083
0 2.42 15.55 1.4106
0 3.37 18.23 0.5676
0 5.97 18.45 1.8204
0 5.62 19.45 1.8809
0.175 5.09 17.52 2.5538
0.075 4.17 17.24 0.7001
0 5.94 21.14 0.7844
0 8.87 24.04 1.7864
0 10.27 24.99 2.3209
0.175 11.87 22.81 2.4239
0.075 12.91 21.58 1.5177
0.325 12.77 22.55 1.9471
0.525 12.12 21.15 1.9788
0.725 7.92 20.1 1.0459
0.325 7.77 21.07 0.9771
0.15 9.57 21.09 1.8458
0.075 9.08 21.37 2.0617
0 6.96 21.02 2.8528
0 6.46 22.42 1.2739
0 8 22.61 2.3923
0 7.75 21.32 4.7619
0 6.18 21.68 3.5281
0 6.85 25.24 1.6776
0 8.64 28.23 0.5355
0 10.02 27.1 1.2333
0 11.84 29.4 2.876
0 12.83 32.17 0.9232
0 11.47 29.11 1.6451
0 8.98 25.48 2.0047
0 9.64 22.45 2.7816
1.025 6.24 18.71 3.1518
0.525 6.41 22.33 2.6594
0 7.88 25.4 1.899
0 9.61 26.62 1.4291
0 9.95 26.96 1.0492
10.625 9.12 22.18 2.6323
10.125 7.23 17.27 2.4064
2.075 6.06 16.09 1.5735
11.075 8.29 16.46 3.3554
7.825 9.22 17.3 2.1751
0.275 7.51 22.64 2.9407
0 9.69 25.92 1.8779
0 11.51 26.5 2.3765
0 9.9 25.13 3.398
0 8.4 22.36 4.6446
0 7.84 23.23 2.6215
1.375 9.78 22.31 2.5161
0.625 8.01 21.75 2.1874
0 9.06 22.02 2.9977
3.475 8.16 21.94 4.0113
0.65 7.79 20.52 4.704
0 8.05 21.89 2.6362
0 8.48 23.22 2.2822
0.85 11.4 21 2.5412
0.225 7.58 20.09 1.6027
0.5 7.83 21.34 0.565
22.425 9.69 19.82 3.5899
21.8 13.11 23.07 0.9369
15.625 12.19 22.2 3.0331
0.075 10.21 23.37 2.3098
0 11.07 27.3 3.0591
0 12.3 29.4 1.8861
0 12.82 29.26 2.9351
0 11.91 25.62 3.2673
0 11.73 28.05 2.7883
0 13.2 30.08 2.7574
0 15.68 32.95 2.4643
0 17.16 34.09 2.274
0 16.28 32.42 2.8082
0 14.3 30.86 1.9534
0 13.59 31.19 2.7355
0 14.7 31.93 2.3111
0 16.5 33.7 0.731
0 18.88 36.98 0.8576
0 20.34 38.27 2.4586
0 16.64 35.71 2.4484
0 13.8 32.63 2.5136
0 13.53 31.85 2.7009
0 14.11 31.97 2.5982
0 14.94 33.36 2.6556
17.275 15.56 31.89 2.1142
9.45 13.35 24.57 2.2824
0.025 12.42 27.23 2.4608
0 13.54 31.84 1.8029
0 16.39 34.82 1.3102
0 17.11 37.96 1.0559
0 18.63 39.13 1.5764
0 19.42 39.65 1.706
0 20.23 39.29 2.4706
0 19.71 39.02 2.5569
0 18.64 37.85 1.9911
0 17.39 37.42 2.4854
0 14.13 35.4 2.2979
0.025 13.18 32.99 2.3479
0 12.53 31.64 2.4735
0 13.48 31.01 3.0586
0 12.6 29.31 2.7633
0 12.27 28.86 3.3569
0 12.63 28.99 3.0117
0 12.73 29.32 1.9637
0 13.97 31.02 1.1106
0 14.98 31.91 1.9799
0 15.96 32.96 1.8055
0 16.54 35.79 2.3199
0 16.61 35.7 2.7127
0 17.1 35.21 1.9361
0 16.26 35.04 1.7141
0 15.47 35.15 2.092
0 14.03 34.62 2.0817
0 14.95 35.4 1.7357
0 15.6 36.45 1.8055
0 16.78 36.78 2.5071
0 15.7 36.09 2.9638
0 17.77 36.61 1.9714
0 17.4 34.27 1.2876
0 16.24 34.92 1.7517
0 16.05 34.86 2.0563
0 14.34 32.75 2.9391
0 13.92 32.89 2.4394
0 15.62 33.54 2.9406
0 15.71 32.42 2.4042
0 14.8 33.32 1.8682
0 14.45 34.27 1.9761
0 16 34.5 2.223
0 15.17 33.86 2.6162
0 15.29 33.12 2.013
0 17.19 34.53 1.3175
0 17.15 34.93 2.1135
0 15.47 34.17 1.6699
0 14.62 34.28 1.6147
0 15.22 34.8 1.8985
0 15.29 34.84 2.0087
0 15.18 33.52 2.7166
0 13.56 32.49 1.8726
0 13.27 32.33 1.3003
0 14.25 31.99 1.1911
0 15.53 35.35 1.0811
0 17.34 35.95 1.8917
0 16.18 35.2 1.1682
0 17.37 35.98 0.6867
0 17.91 35.77 1.0433
0 17.14 36.51 1.3072
0 16.22 35.68 1.8877
0 15.07 34.3 1.7148
0 14.2 32.96 1.6626
0 15.2 33.05 0.7834
0 16.16 34.75 0.4867
0 16.38 35.47 0.8803
0 16.1 34.42 1.0241
0 14.35 33.93 1.8017
0 14.74 35.24 1.0441
0 16.6 36.75 1.2031
0 16.04 35.9 1.2457
0 15.96 35.94 1.4777
0 18.55 36.56 0.7174
0.15 17.02 31.76 1.5815
0 15.53 30.94 1.647
0 15.48 32.91 0.8444
0 17.14 33.32 1.5768
0 15.54 32.46 2.3432
0 13.53 30.08 1.7068
0 11.94 29.85 1.8253
0 13.83 30.94 0.7059
0 15.56 33.48 0.4735
0 16.99 35.75 1.1328
0 16.54 36.49 0.8246
0 16.78 36.54 0.596
0 17.91 37.35 0.657
0.05 18.13 37.04 1.5227
0.025 14.13 27.82 2.0682
0 12.65 25.78 2.1963
0 13.3 30.28 1.1509
0 15.33 33.81 0.6625
0 16.03 34.58 0.9429
0 15.48 30.76 1.1061
0 13.05 28.16 2.0309
0 12.92 26.79 1.634
0 12.14 24.35 1.7586
11.15 11.93 23.31 2.0207
22.5 11.08 22.45 3.305
4.625 9.08 17.62 0.8091
1.325 7.08 18.61 0.967
0 8.29 21.89 1.0546
0 9.24 24.39 1.207
0.525 11.92 23.63 1.3886
0.25 14.77 24.18 1.5334
0 13.19 25.95 1.1091
0 12.13 28.67 0.9246
0 14.03 30.08 0.6227
0 14.88 30.01 0.9092
0 14.69 28.04 0.9957
0 13.33 29.01 1.4273
0 14.02 29.59 1.1344
0 13.39 27.03 1.2325
0 12.25 26.4 0.9414
0 11.67 26.51 1.093
0 12.48 28.41 1.9955
0 11.91 28.72 1.3357
0 11.87 28.65 1.4603
0 10.85 25.11 1.368
0 7.41 23.15 2.4785
0 7.3 22.02 2.8229
0 8.18 23.71 1.6388
0 8.21 24.29 1.0473
0 8.99 24.9 1.963
0 9.42 26.12 0.703
0 9.44 26.03 3.2413
0 7.7 23.23 3.9464
1.85 6.36 23.44 2.8883
1.75 6.01 18.12 1.6192
2.725 2.77 13.6 0.3448
3.125 4.71 14.07 1.2413
0.15 4.27 14.69 0.7465
0 2.9 15.18 1.8917
0 2.92 17.35 2.9391
0 3.2 19.6 3.2445
3.5 7.36 18.81 4.024
1.3 8.25 18.84 0.8533
0 8 18.39 0.4452
0 8.93 18.13 1.1431
0 6.33 18.81 0.8948
0 5.68 19.34 0.9643
0 6.42 20.32 0.8062
0.125 6.41 19.59 2.6858
2.425 4.25 14.43 1.9299
3.225 4.29 14.36 4.0541
0 3.14 13.82 1.8748
0 2.93 15.26 2.7065
0 3.6 15.4 3.9795
0.525 5.9 15.98 1.8146
1.375 4.73 15.62 0.5878
0 4.61 17.22 2.624
0 4.2 16.61 2.2341
0.125 4.52 19.72 1.0178
0 4.9 13.37 1.4896
0 5.39 16.95 3.9622
0 4.34 18.97 7.3672
0 2.65 16.87 3.2647
0 1.3 16.55 4.0163
0 0.08 15.5 2.4578
0 -0.84 14.36 3.4053
0 -0.39 14.82 2.8742
0 -0.35 14.87 2.8985
0 -0.1 15.15 2.7001
0 -0.28 15.2 3.8657
0 -0.21 16.21 2.8315
0 0.82 15.03 0.4993
0 2.49 12.78 1.3724
0 1.84 13.86 1.2945
0 -0.02 14.24 0.9563
1.8 1.79 12.63 0.8293
0.6 0.27 11.88 4.7128
0 -0.21 12.44 4.0684
0 0.26 12.39 2.2256
0 1.39 15.22 3.8017
0 -0.27 12.17 3.825
0 -1.33 12.85 3.0676
0 -1.65 14.88 4.4372
0 -1.81 12.87 3.7979
0 -2.37 13.06 4.5723
0 -1.54 15.26 3.2904
0 -1.65 15.4 1.1429
0.025 -0.64 14.34 1.1433
0 0.69 15.52 1.2479
0 3.88 15.43 0.8143
0 3.94 16.28 0.9784
0 2.71 13.8 2.2604
