0.375 2.84 7.32 1.3024
0.925 5.7 8.33 1.4222
9.2 1.79 11.04 2.1554
13.9 0.1 9.96 3.1946
4.675 1.68 9.47 2.2086
0.2 1.43 10.05 0.5605
1 4.67 10.13 1.3796
0.575 3.57 10.09 0.9423
0.325 3.04 12.87 3.5615
0.2 -0.79 13.79 3.506
0 1.75 13 2.7045
0 2.79 15.66 5.0717
0 2.63 17.58 4.2801
0 2.29 17.57 4.2747
0 1.92 16.36 3.7798
0 1.52 17.32 4.8495
0 0.19 16.68 4.1173
0 1.8 17.51 4.7622
0 0.42 18.69 5.0573
3.1 2.1 16.51 3.5516
7.55 4.27 14.01 2.6835
14.85 7.47 12.43 1.976
11.275 7.86 13.11 1.6262
4.725 3.98 15.3 1.8614
0.375 5.68 13.8 3.1966
4.5 0.22 12.71 1.4504
2.725 0.21 12.64 0.9984
0.3 0.1 13.35 1.2378
0.2 0.35 13.72 3.8251
1.45 1.13 15.74 4.3974
0.85 3.94 15.89 2.443
0 2.75 17.77 2.7911
0 2.93 19.81 4.1902
0.225 3.04 21.97 4.0897
0.9 5.64 18.69 3.2853
3.2 6.86 15.83 3.1266
2.9 7.91 15.35 3.2073
2.05 6.06 15.97 2.6265
2.225 4.46 15.34 1.0011
2.075 0.27 13.04 2.8827
4.425 0.12 12.49 0.4786
8.5 4.11 12.53 2.9205
9.3 3.36 12.08 1.1786
11.225 2.42 10.52 3.3343
3.225 5.2 13.72 4.2714
6.925 5.74 13.01 7.1315
15.55 4.43 13.28 5.4833
13.5 6.05 11.31 4.565
2.625 4.85 15.88 1.9977
0 3.43 18.65 3.7207
0.725 3.57 18.6 2.8112
3.975 4.76 17.45 3.6359
7.925 7.66 15.36 4.5765
3.425 11.11 17.54 3.533
0.85 6.59 18.07 1.9958
1.15 7.19 18.16 1.972
0.625 5.79 18.44 2.7912
0.15 3.92 16.21 0.5685
2.25 6.27 18.6 3.6893
10.35 10.14 16.54 3.7781
14.325 10.21 17.98 5.1853
11.725 8.16 15.73 5.3989
4.85 4.97 15.03 2.6221
0.025 3 15.14 1.3099
0 3.03 15.82 2.0209
0 1.81 16.38 0.4846
0 2.86 17.94 1.6569
0 1.4 14.58 2.9087
0 0.17 14.7 1.019
0 1.32 17 0.7466
0 2.84 19.39 1.7276
0 3.14 20.09 1.5998
0 4.75 15.24 1.5285
0 5.05 19.3 3.2398
0 6.29 20.88 3.7863
0 6.95 20.2 0.901
0 7.09 22.32 1.3065
0 6.74 25.05 1.9349
1.8 9.49 23.56 1.5339
7.4 7.07 18.03 1.6602
3.65 2.45 17.46 3.6593
0.125 1.77 15.85 2.4508
0 4.23 20.1 1.9667
0 5.72 21.44 1.2731
0 8.39 23.78 2.1625
0 8.89 24.97 1.6814
0 12.2 26.29 1.6162
0 9.28 20.54 4.3541
0 5.95 20.05 2.5706
0 6.75 22.12 1.0122
0 8.05 24.06 3.3529
0 8.5 21.66 2.929
0 5.22 18.73 5.1831
0 4.44 20.12 1.9647
0 6.33 25.5 2.4091
2.8 5.46 28.61 1.7259
5.025 7.35 23.67 1.0783
5.6 8.6 18.74 3.083
4.85 7.58 14.05 2.1386
2.8 8.55 16.65 2.3667
0.075 6.83 19.21 3.4607
0 7.66 22.63 1.4288
0.05 8.18 22.92 2.9423
0.075 6.08 20.16 5.8338
0.025 3.74 17.6 5.3955
0 4.35 22.06 2.7672
0 5.73 24.92 1.7742
0 8.12 28.06 1.9778
0 12.36 32.06 2.2344
0 11.53 33.99 1.4593
0 13.78 34.53 1.2834
0 14.99 34.1 1.5208
0.35 10.55 27.75 2.0721
0.375 7.72 20.06 2.8676
0 4.39 22.19 3.0826
0 5.24 22.23 2.0832
0 6.38 20.53 2.213
0 4.46 18.29 2.9603
0 3.84 20.64 1.8146
6.975 6 22.51 1.7937
13.1 10.76 20.28 2.1061
6.175 11.57 19.71 3.0955
3.95 8.46 21.5 4.1328
2.925 11.61 24.57 2.3114
1.775 9.37 25.9 4.0832
0 8.64 26.96 1.8478
0 12.33 26.95 3.095
0 10.8 28.52 2.374
0 10.58 30.06 2.3374
0 11.34 30.45 1.9861
0 11.59 29.66 3.0828
0 8.57 26.83 3.4989
0 10.2 28.37 3.0864
0 11.89 28.39 2.6778
0 12.57 31.67 2.6415
0 11.72 36.98 1.6032
0 17.67 39.26 0.2274
0 14.86 36.59 1.8099
0 13.86 32.4 2.2434
0 11.91 29.55 1.2213
0 10.87 32.42 1.1153
0 11.55 31.57 2.2665
0 8.9 28.47 2.9434
0 9.68 25.4 2.7855
0 10.5 29.88 2.5241
0 13.21 33.23 2.2875
0 15.65 35.89 1.2291
0 14.39 35.2 2.0929
0 13.38 29.34 2.5157
0 10.95 28.08 2.7191
0 11.35 27.68 2.449
0.325 10.97 26.62 2.6186
0.725 12.05 27.27 2.4389
0.85 13.81 29.81 0.8179
1.525 11.24 25.01 2.2721
0.075 11.87 22.77 2.9394
0 10.92 25.52 1.9288
0 10.22 28.34 2.5601
0 11.46 27.93 2.5321
0 10.23 25.2 3.3119
0 12.5 24.5 3.0319
0 10.9 26.72 3.2782
0 11.44 27.03 2.6218
0 12.95 25.97 3.3884
0 11.37 27.03 2.2758
0 11.26 26.38 2.4712
0 12.38 30.56 2.8582
0 13.23 29.68 3.3423
0 14.1 35.11 2.6801
0 15.41 34.22 3.5053
0 11.6 29.43 3.6382
0 10.24 27.3 3.7221
0 12.54 31.9 2.2811
0 15.39 35.99 1.2772
0 15.94 36.11 1.9703
0 13.13 33.08 2.7741
0 13.04 34.15 1.8099
0 15.65 39.37 1.3198
0 16.17 41.91 1.0784
0 15.24 40.85 2.4933
0 14.64 37.52 2.3555
0 14.56 35.31 2.2252
0 14.86 34.79 2.0514
0 14.49 35.82 2.7954
0 13.66 32.23 2.5999
0 11.59 29.66 2.7965
0 10.04 30.81 2.5111
0 11.35 31.09 2.5953
0 13.69 32.13 2.9682
0 13.02 32.53 2.8821
0 13.64 32.66 2.4895
0 16.21 32.05 2.0755
0 16.72 33.15 2.5759
0 13.24 35.91 2.3441
0 17.66 39.36 1.4828
0 17.6 39.16 1.3617
0 16.66 38.89 1.6831
0 18.54 39.41 1.5414
0 19.94 40.93 1.8712
0 21.37 41.33 1.6458
0 17.51 37.09 2.4271
0 16.32 34.74 2.5973
0 13.66 36.7 2.6215
0 13.68 34.56 2.2006
0 13.03 31.11 2.311
0 11.79 33.78 2.4503
0 16.09 37.47 2.1137
0 14.97 39.04 1.8814
0 15.49 35.81 2.2643
0 14.83 31.87 2.9589
0 13.98 30.98 2.7474
0 10.63 31.94 3.223
0 13.15 33.11 3.0102
0 12.87 30.86 3.188
0 11.15 30.09 2.6824
0 13.29 31.96 2.4316
0 15.75 30.56 2.3998
0 14.5 26.03 3.0318
0 13.29 28.68 1.8765
0 14.96 32.81 2.0079
0 17.78 35.46 1.5425
0 19.33 38.1 1.4703
0 17.18 35.97 3.0621
0 16.93 37.09 3.1927
0 18.24 35.66 3.4227
0 14.38 31.99 3.1423
0 15.34 34.42 1.9728
0 15.58 35.74 1.1446
0 17.2 35.47 1.1177
0 15.8 35.84 0.7683
0 16.04 35.09 1.3045
0 14.09 32.04 2.6174
0 14.63 37.41 2.2062
0 19.16 36.58 2.0896
0 15.26 33.14 2.5796
0 12.6 30.94 1.7008
0 13.09 33.66 1.6096
0 14.98 34.46 0.571
0 15.21 37.66 1.8444
0 18.29 38.66 2.1837
0 17.81 39.58 2.1614
0 18.93 36.1 2.4313
0 16.32 31.4 1.6646
0 15.8 34.93 0.8917
0 19 36.9 0.7444
0 19.17 38.18 2.2224
0 16.76 34.01 2.5658
0 13.27 32.74 2.2307
0 14.04 28.62 2.5066
0 14.12 30.53 2.514
0 12.77 33.08 1.1076
0 14.81 33.86 1.3875
0 16.68 37.33 0.7756
0.025 18.96 38.36 1.2411
0.875 16.7 31.17 2.0899
1.6 13.3 26.3 2.1898
2.225 15.08 25.63 2.6194
0 13.36 29.85 1.9447
0 14.76 31.54 2.2362
0 16.02 34.21 1.6324
0 16.88 37.55 0.677
0 18.68 35.17 1.8195
0 15.48 34.69 0.9697
0 17.1 35.89 1.7919
0 17.47 37.42 1.9561
0 17.81 36.62 1.1494
0 18.31 35.83 0.7699
0 15.58 36.59 0.6473
0 18.31 38.71 1.0039
0 17.96 38.14 0.1709
0 16.37 33.9 1.8123
0 13.36 23.78 2.8339
0 8.33 24.13 2.7121
0 9.67 27.47 2.4098
0.1 10.18 29.06 1.2528
0.125 9.82 24.21 3.5324
0.025 7.33 23.17 3.3585
0 6.87 21.3 0.5315
0 8.44 24.32 2.4176
0 9.4 26.88 0.9536
0 9.13 25.04 1.3218
0 9.19 25.78 0.558
0 9.87 25.29 0.7226
0.825 8.54 20.67 1.9035
10.6 10.36 20.16 2.2771
13.675 12.15 18.09 7.3793
4.85 16.08 24.39 4.5819
0 16.35 26.38 1.5926
0 14.82 26.69 2.3505
0 15.63 28.38 1.5093
0.45 13.14 26.19 1.6965
0.625 9.76 19.93 1.9893
0.075 7.88 21.19 0.8969
0 9.9 23.17 1.1031
0 10.38 24.14 1.2167
0 11.59 25.93 1.6402
0 12.13 25.29 1.4837
0 10.06 25.54 1.599
0 12.08 27.87 1.12
0 12.57 21.85 5.4268
0 9.76 17.47 4.9046
0 4.3 19.36 0.964
0 7.58 23.28 0.4708
0 7.78 22.88 0.967
0 8.74 24.37 1.0998
0 9.53 25.54 1.2963
0 9.45 26.02 1.3428
0 10.21 24.15 2.179
0 9.37 22.25 2.9966
0 9.17 21.96 1.0651
0 7.98 19.87 1.8247
0 4.91 18.93 1.9563
0 5.44 18.72 1.1806
0 7.74 18.72 0.8727
0.475 8.81 18.55 0.8903
0.275 8.02 17.12 2.2292
0 4.14 15.32 1.329
0 4.72 16.62 1.1323
0 3.07 18.19 2.5493
0 3.66 19.58 1.8405
0.5 3.84 19.32 1.2626
0.4 5.52 15.73 2.4297
1.775 2.53 17.03 2.2029
1.425 3.91 15.48 3.7618
0.075 2.39 13.22 1.0974
0.025 4.52 16.89 0.5656
0 3.26 15.15 1.7846
0 4.12 18.43 3.1388
0 4.33 19.98 3.4609
0.325 6.22 20.59 2.1641
0.775 5.35 18.51 1.508
0.375 6.29 19 5.9385
0 3.94 17.27 4.877
0 3.66 16.72 3.7585
0 2.58 17.15 1.6395
0 2.36 15.14 1.9825
0 2.43 14.16 1.6834
0 2.29 15.82 1.7581
0.025 2.26 11.83 0.7691
5.45 -0.48 10.31 1.5653
5.025 0.02 7.5 0.5472
0.075 -2.97 8.24 0.6623
0.325 -2.47 8 1.8031
3.65 1.64 9.55 3.3194
10.8 5.12 10.63 3.161
14.575 7.71 12.7 4.3342
10.5 7.37 12.68 3.4477
1 7.13 14.09 0.9587
0.1 7.38 15.32 3.8686
0.3 7.93 15.73 3.2323
0.075 5.82 12.41 2.1156
0.125 5.46 10.73 2.5932
0.025 5.46 11.83 4
1.075 5.53 15.04 2.9372
2.6 7.35 13.84 2.1193
1.05 2.76 12.72 3.8061
0 0.05 12.36 1.9016
0.175 0.08 13.26 3.9152
0.8 0.88 15.81 4.1614
1.55 4.32 10.77 4.1881
1.8 6.09 13.82 2.4693
1.4 2.27 9.7 3.0696
0.725 2.59 11.12 1.1509
0.3 5.34 13.48 1.4029
0 7.46 14.09 3.1675
0 9.45 14.38 2.95
0 6.74 15.15 0.9986
0 6.54 12.28 3.7865
0 5.22 12.66 3.0077
0 3.46 9.96 3.0087
0 5.18 9.68 3.1577
0.275 5.04 8.99 2.5658
0.35 5.22 11.13 2.9733
0.1 6.57 9.73 2.7182
0 5.25 9.2 2.6825
1.95 5.79 10.55 3.457
7.9 6.74 18.74 5.4428
6.5 6.9 17.26 2.4154
0 4.3 15.55 1.4468
0 6.13 13.83 3.3152
3.7 5.78 13.37 3.2644
10.7 8.02 14.6 3.4378
14 9.2 14.2 5.5973
13.575 6.67 12.33 6.277
17.225 8.04 12.53 6.9575
15.65 5.51 9.9 3.7113
8.775 3.95 9.05 2.9194
1.85 4.12 12.89 1.586
3.55 4.35 11.15 2.9285
5.475 7.98 11.92 5.1668
3 8.65 13.19 2.783
0.075 4.74 12.79 1.1915
1.55 4.09 14.78 2.6816
2.85 5.57 16.34 3.227
2.1 5.91 15.56 1.2421
0.75 4.11 15.06 1.1022
0.65 5.07 16.8 1.9683
0.475 6.14 14.18 2.4346
1.825 7.21 16.76 0.9581
5.65 6.78 15.45 3.7479
10.375 7.76 16.19 3.2745
3.7 7.28 13.16 1.751
1.575 7.17 14.16 2.1921
4.6 7.09 14.94 1.2818
5.55 7.07 13.44 1.1597
0.425 4.11 15.24 0.4775
0 7 15.6 1.743
0 7.63 18.35 2.238
0 6.43 17.59 1.0513
0 6.2 18.06 1.2611
0 6.51 19.18 1.3477
0 7.5 19.54 1.8741
0 7.95 21.22 2.3135
0 8.09 18.93 0.5257
0.05 7.58 16.05 0.9119
2.975 7.75 13.69 1.8772
3.075 6.59 11.92 2.3489
6.675 3.57 14.45 2.1384
8.5 5.42 12.84 4.1935
2.9 9.07 14 2.5483
3.5 6.44 16.83 1.1868
12.2 10.04 18.06 5.3717
4.6 8.95 15.62 1.008
0.125 4.86 17.92 0.3225
1.625 8.5 18.99 2.0286
10.25 7.29 15.3 3.1004
14.75 4.87 12.36 3.5387
2.9 4.31 14.58 2.3262
0 4.18 15.16 1.3306
0 5.77 18.24 2.3616
0.05 5.98 19.17 1.0298
0.425 5.46 14.32 2.7864
1.95 2.02 13.53 3.4121
1.55 3.5 12.95 2.1494
4.225 3.35 16.62 0.5759
5.85 7.06 14.44 2.6157
2.85 2.27 14.35 2.3084
0 3.49 17.47 2.6897
0 4.88 21.86 3.5815
0 8.62 23.81 1.3945
0 9.17 24.13 1.6353
0 7.13 25.21 3.1755
0 7.1 24.79 2.6808
0 8.59 24.02 1.7397
0 8.06 21.81 0.3425
0 8.59 21.08 2.0901
0.025 6.58 22.7 1.5581
0.15 7.94 23.96 1.6507
0.2 10.14 19.67 2.4797
0.075 7.91 18.94 1.6974
0 5.31 22.11 2.4209
0 8.54 25.06 1.2878
1.95 8.3 22.02 3.4039
6.275 10.41 16.48 4.8249
4.325 4.77 15.52 2.5063
0.95 4.67 16.74 0.6448
2.55 6.45 14.09 2.2503
7.3 6.25 15.31 1.4046
9.975 6.58 13.28 3.1634
5.125 5.73 16.43 2.4477
0.05 3.39 17.62 0.4896
0 4.73 21.57 2.2671
0 7.42 21.53 1.7719
0 6.62 22.41 2.5846
6.225 9.54 20.03 2.1813
12.975 7.77 15.64 5.1707
7.05 6 14.74 4.1926
2.9 7.25 17.81 1.2651
1.425 6.18 18.91 0.8331
0 6.63 22.33 0.9794
0 9.35 22.16 1.0444
0 8.11 23.12 1.1378
1.325 8.5 26.14 1.3567
9.5 9.05 24.76 1.1967
15.75 6.87 15.43 2.4969
7.05 7.81 12.59 3.9119
0.85 7.72 18.97 2.6938
0 8.34 23.07 1.0924
0 9.42 24.1 1.4722
0 10.01 27.9 1.1835
1 11.25 27.85 0.8586
7.15 8.21 19.32 4.6136
6.125 5.95 14.13 4.3316
1.375 4.63 17.93 3.2595
0 5.52 21.21 3.4518
0 6.29 23.97 2.2809
0 10.29 26.58 2.1557
0 10.67 29.96 1.4303
0 10.5 26.72 2.5425
0 8.69 22.26 4.0774
0 7.48 23.71 2.7802
0 7.44 25.41 1.1833
0.05 8.47 23.44 2.7113
1.275 8.57 20.56 3.4055
3.375 6.82 15.07 3.135
2.35 4.93 18.78 3.338
0 8.37 25.71 2.2626
0 8.68 27.38 1.4146
0 11.32 28.33 1.0768
0 10.5 29.27 1.0123
0.05 11.05 27.35 1.3246
0.25 10.81 19.26 2.166
0.2 13 23.66 1.4657
0.025 11.05 22.35 1.4264
0 9.2 23.71 3.3832
0 8.09 20.93 4.0461
0 6.41 20.41 3.3828
0 6.11 22.44 4.1499
3.375 6.74 20.16 2.2013
7.3 6.62 21.34 1.8243
7.6 9.97 21.22 2.6739
6.025 9.04 19.68 2.0946
1.825 6.5 20.64 2.7568
0 11.69 27.81 2.0151
0 11.45 30.77 1.6992
0 14.07 29.14 2.4555
0 13.68 25.27 3.1255
0 13.61 29.03 1.7795
0 16.25 29.62 1.8058
0 16.66 29.96 2.4454
0 16.03 32.69 1.4302
0 16.95 32.62 2.2219
0 13.96 29.98 3.2773
0 14.46 29.82 2.8624
0 15.08 25.25 3.2778
0 11.89 25.19 4.6579
0 15.84 28.83 5.2176
0 16.42 31.55 3.6688
0 17.1 36.01 1.1215
0 16.19 35.47 2.0298
0 12.75 30.2 2.9394
0 12.34 30.33 3.6893
0 12.83 31.83 2.2123
0 10.86 29.21 2.6175
0 10.16 25.79 3.2357
0 9.55 28.12 3.0661
0 12.8 31.71 2.4899
0 15.04 33.57 1.2817
0 16.34 34.6 2.4396
0.325 14.95 30.06 2.4728
0.175 12.92 29.07 3.0235
0 14.65 34.1 2.8165
0 18.28 38.03 1.7457
0 20.17 39.51 2.1043
0 16.69 36.61 3.152
0 16.19 32.34 3.1236
0 13.48 31.22 3.1546
0 14.53 31.59 3.3147
0 14.2 33.39 3.1374
0 14.13 36.64 1.6489
0 15.88 35.75 1.9173
0 13.26 29.8 2.4962
0 12.44 32.26 2.4501
0 13.29 33.14 2.8486
0 13.37 33.61 2.544
0 15.28 37.09 2.0219
0 15.72 35.78 2.2219
0 15.16 30.69 3.1028
0 14.01 32.26 2.9255
0 14.25 35.09 1.5748
0 18.73 38.38 1.585
0 20.1 38.01 2.7215
0 17.83 36.99 2.585
0 18.36 38.43 2.4774
0 16.51 37.14 2.0967
0 15.21 33.93 1.9597
0 13.18 31.56 2.2742
0 12.11 34.63 1.2034
0 15.01 34.42 2.5004
0 16.03 36.79 2.292
0 14.55 33.68 2.9062
0 12.9 27.51 2.9894
0 12.07 29.41 2.2989
0 12.03 30.31 2.5819
0 13.42 33.84 2.6017
0 13.28 33.14 2.7054
0 13.04 33.04 2.3752
0 14.84 33.59 1.9206
0 14.18 34.21 2.3563
0 14.52 34.42 1.7106
0 14.39 34.04 2.1632
0 11.72 31.27 2.2996
0 12.45 33.01 2.3741
0 13.19 32.35 2.6331
0 13.15 31.23 2.8527
0 13.02 30.78 2.081
0 14.19 31.46 2.1161
0 12.61 28.8 2.2499
0 12.35 31.59 1.1895
0 14.85 32.49 1.7743
0 13.89 30.63 2.5214
0 13.46 32.27 3.1132
0 14.82 35.98 1.6906
0 14.68 33.2 1.7199
0 14.79 31.25 1.6269
0 13.41 34.12 2.1158
0 14.73 33.97 2.3257
0.125 12.67 29.22 1.9339
0.075 11.52 29.58 2.1352
0 16.36 35.39 2.5578
0 16.91 40.2 1.634
0 20.07 41.3 0.3624
0 16.57 36.88 2.0112
0 14.61 31.15 2.4089
0 12.77 26.32 2.7944
0 11.03 26.23 2.4082
0 11.81 27.83 2.6235
0 12.02 31.62 2.0756
0 16.98 34.81 1.7952
0 18.26 37.77 0.3523
0 18.4 37.32 1.3639
0 18.68 36.91 1.2868
0 15.75 33.93 2.5355
0 14.3 34.41 1.7133
0 14.77 31.87 1.9234
0 14.39 26.12 2.6841
0 10.78 24.77 1.8911
0 12.6 29.34 1.2158
0 14.19 32.14 0.4258
0 14.58 32.23 1.2416
0 13.44 29.72 1.7866
0 11.54 29.03 1.5766
0 12.3 30.25 1.7509
0 14.22 30.96 1.9257
0 15.56 29.8 1.4391
0 15.59 28.04 1.1543
0 14.05 26.13 1.2215
0 13.12 28.02 1.5828
0 13.57 27.82 1.6962
0 11.77 25.5 2.6698
0 10.89 27.96 1.4811
0 13.54 31.67 1.1928
0 15.36 34.94 1.2728
0 16.98 37.23 1.6564
0 16.27 37.7 1.6555
0 19.85 38.76 0.8281
0 18.5 38.45 0.5261
0 17.77 36.45 0.3847
0 16.71 32.68 0.9987
0.925 17.7 34.2 0.5551
0.775 14.89 29.2 1.2538
0.575 12.46 23.87 1.946
0.175 12.21 22.56 2.4473
0.025 11.96 25.11 0.576
0 13.31 23.41 1.9027
0 10.8 25.96 0.4934
0 12.89 27.47 1.9895
0 14.01 30.36 2.1262
0 14.53 31.19 2.7755
0 15.83 33.02 2.1679
0 18.64 34.2 1.3711
0 16.98 35.44 0.3901
0 16.73 33.73 0.3159
0.625 14.45 31.2 0.862
0.9 12.76 25.43 0.9711
0.175 11.3 23.28 1.5075
0 12.64 24.65 1.4486
0 10.98 26.01 0.8112
0.2 10.59 23.97 1.6694
2.65 11.64 21.06 1.267
17.575 14.34 19.53 2.3668
24.35 12.14 17.78 5.3633
8.15 10.59 18.83 3.094
0 7.06 19.28 1.6055
0 5.72 19.74 2.8528
0.025 9.87 24.22 3.9026
0.675 10.02 22.47 2.4687
0.875 11.63 17.46 1.8008
0.075 11.43 21.14 1.5942
0 9.98 22.28 1.8284
0 9.75 24.88 2.7053
0 10.43 26.28 2.2953
0 12.33 28.48 1.3443
0.325 12.24 26.69 1.5741
3.375 11.24 23.59 1.9991
9.65 10.48 17.9 3.5317
2.05 6.58 15.13 2.2992
0.675 5.11 17.3 0.6341
0.75 7.68 16.7 1.6272
0 5.19 18.24 2.2749
0 6.99 19.16 1.3242
0 5.66 18.15 3.0236
0 7.41 20.85 2.1013
0 9.14 22.5 3.2726
0 7.86 22.02 1.9071
0 7.37 21.51 1.5413
4.625 8.93 19.81 1.5963
12.35 6.92 14.18 1.5108
12.25 4.79 12.16 3.0477
5.325 6.01 10.74 4.1597
7.8 6.29 12.55 3.009
6.6 2.48 11.48 3.7753
0.9 -0.3 11.48 1.6495
0 -0.98 11.19 2.8569
3.6 0.13 11.9 3.4182
5.775 4.69 9.83 2.5375
0.9 1.78 9.7 2.0272
0 -0.89 11 2.6098
0 1.94 12.46 3.1032
0.025 1.28 14.07 2.4254
0.425 3.78 13.28 2.8393
0.3 7.99 12.28 1.3801
5.05 8.61 16.85 3.186
9 9.55 19.1 3.2633
1.575 9.89 18.67 4.1168
3.125 7.4 18.54 2.1587
5.125 7.46 16.74 2.9779
3.125 10.62 17.28 1.8373
0.225 12.57 19.68 2.0442
0 10.6 17.72 0.5967
0.025 10.1 17.62 2.4389
4.825 10.69 14.86 1.4674
6.625 10.63 13.35 2.3405
2.175 4.9 12.78 1.0468
8.875 2.87 12.79 2.4835
17.2 3.43 12.58 3.5858
18.275 8.42 14.55 5.1043
10.175 7.86 15.16 5.4996
2.525 8.53 11.51 3.5321
3.2 8.73 13.72 3.6847
5.175 8.96 15.76 2.0096
0.175 6.85 13.96 0.7389
4.05 5.74 15.09 3.649
12.3 7.04 16.48 5.8291
2.625 7.38 15.74 2.6467
4.525 6.09 12.34 0.7517
14.1 7.83 12.79 2.4602
12.25 2.65 11.54 4.5221
0.625 -0.08 10.71 2.203
2.025 0.55 10.34 1.6428
10.25 2.89 10.56 4.8299
8.6 3.98 10.47 4.6247
1.325 4.24 11.12 2.246
14.75 1.94 11.44 2.7575
0 1.31 10.28 3.4801
0.05 0.36 6.12 4.2504
0.025 1.35 5.23 2.7431
0.075 1.45 5.01 1.0303
0.05 0.71 5.74 1.7609
0.075 -0.9 8.64 2.7662
0.425 2.46 10.36 3.7381
0.925 4.59 13.07 3.0974
1.875 4.04 13.31 1.7295
0.575 6.9 13.53 1.1181
0.025 6.21 14.14 2.7457
0.1 8.12 10.52 0.6534
0.025 6.8 11.43 0.5948
0.175 7.54 14.01 2.6041
0 4.8 12.99 1.9174
0 4.36 16.86 3.8341
0 3.11 17.93 3.3149
0 4.82 17.89 3.0309
0 5.26 17.37 4.1302
0 4.75 16.94 1.4808
0.075 4.79 16.51 1.8033
0.5 3.62 15.12 4.9259
0.075 3.01 12.45 3.8188
0.025 3.05 11.91 1.734
9.55 4.12 11.51 0.7553
10.375 5.32 12.44 1.6692
6.175 2.22 13.12 1.2597
0.025 2.64 15.3 1.5583
0 1.62 17.42 3.1296
0 3.22 15.75 1.9543
0 3.52 16.85 2.3617
0 4.08 21.29 1.7718
0 7.54 21.56 2.0288
0 7.92 21.52 1.1334
0 4.89 19.2 3.098
0 1.63 17.57 3.1489
0 3.68 16.68 3.453
0 3.56 19.27 3.6801
0 5.36 21.33 3.1502
0.125 5.08 20.82 1.1911
2.225 7.63 16.46 4.6807
15.325 9.46 17.67 5.7747
18.125 4.7 14.41 5.5209
19.975 3.41 10.74 5.1353
16.15 3.41 10.36 1.8628
4.725 1.17 11.98 2.0691
2.425 1.69 13.54 0.3682
0 3.47 13.57 1.2814
0.3 1.81 15.03 0.7166
3 2.04 13.59 1.1299
13.6 4.49 11.78 2.4731
19.15 1.41 12.27 4.2859
12.45 1.63 11.09 1.0558
0 0.15 12.9 0.4078
0 1.35 15.78 2.6171
1.2 0.49 17.22 2.3059
3.975 9.69 18.03 4.5235
1.125 7.94 18.57 1.7068
0 5.08 19.24 1.5219
4.3 8.76 20.03 0.6364
6.825 8.58 15.31 1.8654
3.975 7.58 15.72 3.9792
0 6.82 17.42 1.2157
2.925 7.83 18.43 1.6596
0.575 7.22 19.03 1.3758
0.25 6.52 18.23 1.2115
1.125 7.54 18.28 0.4831
4.45 8.42 19.06 2.265
4.4 10.28 21.53 2.0027
9.05 10.41 20.69 2.5624
9.65 8.08 19.27 2.5865
5.725 5.36 16.81 0.9135
19.325 5.73 15.93 4.4005
13.8 6.03 11.84 4.8499
9.6 9.01 15.12 4.83
3.4 5.47 13.94 2.1213
3.025 5.34 15.89 2.0107
13.675 7.41 13.05 5.7749
23.225 5.86 10.81 5.7467
21.25 5.21 13.66 4.0188
10.25 4.69 11.93 3.4128
2.35 6.48 17.05 1.7793
0.675 6.67 17.56 0.7773
0 6.84 20.47 1.2965
0 8.6 25.14 1.943
0 10.03 26.91 2.7142
0 12.62 27.95 2.1796
0 11.09 22.45 1.7636
0 7.24 20.28 2.4992
0 9.4 24.46 1.8031
0 10.88 22.97 1.9209
1.325 8.94 21.73 2.2045
1.275 4.22 15.78 3.634
0.15 1.96 15.45 2.051
0 3.09 18.24 1.3695
0 5.28 19.95 0.3926
0 7.35 19.98 1.6411
0.475 5.81 20.03 1.6876
0.7 5.73 18.25 2.5636
0 5.54 19.13 0.5655
0 7.93 23.25 0.8852
0 10.3 25.73 1.2576
0.95 11.15 25.7 2.0273
0.75 11.73 20.39 2.504
0.3 13.04 23.03 1.2286
1.25 11.95 23.66 2.0064
1.075 9.72 21.13 1.8416
0.025 8.08 23.01 0.8285
0.6 10.32 22.23 0.7393
1.5 10.91 21.28 1.863
1.85 9.91 22.16 2.3936
0.725 7.47 21.65 2.5048
0.15 7.45 23.77 1.2819
0 8.06 23.25 2.2123
0 5.93 20.95 4.6225
0 6.83 24.24 3.5156
0 9.25 27 1.5631
0 12.38 29.96 0.5462
0 10.13 26.3 1.5421
0 10.85 32.17 3.0213
0 13.05 33.71 1.1501
0 12.93 31.52 1.5882
0 9.67 25.22 1.7842
0.175 9.7 19.12 2.7162
0.3 6.81 20.05 3.0462
0.3 7.18 26.02 2.5647
0 8.6 27.16 1.7315
0 8.63 26.76 1.448
1.55 10.14 26.7 1.087
10.65 8.44 21.11 2.7357
11.825 9.71 15.96 2.7496
11.175 6.64 17.18 2.1963
11.525 9.87 15.04 3.3656
6.325 9.05 19.88 2.034
0.35 8.62 25.37 2.6704
0 11.01 26.8 1.7174
0 12.94 26.25 2.4437
0 10.38 24.97 3.557
0 8.68 22.47 4.6235
0.9 8.62 23.91 2.4833
3.075 10.2 21.81 2.7585
0.025 8.27 21.74 1.7521
1.375 9.49 22.36 2.9353
1.5 9.65 20.35 3.7866
2.95 7.83 21.32 4.5708
0 9.42 22.36 2.6305
1.8 10.29 21.72 2.5291
1.825 9.99 19.04 2.3886
1.625 10.03 21.47 1.5687
2.925 9.13 20.91 1.0265
12.075 12.98 18.99 3.9465
13.825 12.91 22.36 0.7569
4.875 12.1 20.68 3.4029
0.1 11.59 24.16 2.2729
0 12.52 27.5 2.8431
0 12.87 29.65 1.8009
0 14.18 29.25 3.0852
0 11.88 26.41 3.3138
0 12.12 28.72 2.8985
0 14.16 31.54 2.7208
0 16.59 34.5 2.7076
0 18.79 35.02 2.6881
0 16.34 33.16 2.8262
0 14.93 32.05 2.0699
0 15.65 31.54 2.8799
0 15.78 32.25 2.819
0 19.39 35.73 1.1704
0 21.14 38.43 1.0367
0 20.55 38.75 2.5511
0 16.68 34.58 2.4597
0 13.8 31.99 2.4588
0 14.25 32.43 2.6453
0 14.11 32.78 2.6992
3.95 16.08 33.75 2.7565
10.5 15.16 27.04 2.4734
3.875 12.95 23.94 2.6041
0 13.91 29.13 2.5507
0 15.72 34.31 2.0978
0 18.62 37.02 1.8242
0 18.9 37.92 1.8395
0 19.23 38.1 1.7655
0 19.29 38.84 1.4951
0 20.14 37.7 2.4014
0 19.11 36.95 2.6129
0 17.79 36.92 1.7887
0 15.77 35.05 2.4316
0 14.4 32.76 2.4873
0.05 13.21 31.45 2.6407
0.025 11.74 29.18 2.8125
0 13.74 27.19 3.1883
0 11.73 26.85 2.8346
0 12.19 27.95 3.4887
0 12.98 27.58 3.1774
0 14.48 27.97 2.1434
0 14 30.15 1.2503
0 14.67 31.2 2.196
0 16.98 34.61 2.1268
0 17.33 34.79 2.4967
0 18.36 35.54 2.8602
0 16.68 35.07 2.0176
0 14.58 34.69 2.0135
0 13.2 32.67 2.1888
0 16.19 33.91 2.192
0 15.06 35.01 1.7612
0 15.78 35.67 1.7145
0 17.53 34.72 2.4225
0 15.89 33.07 3.1917
0 14.11 31.78 2.0662
0 14.56 32.65 1.5621
0 14.79 34.25 1.8126
0 15.65 33.65 2.201
0 13.92 31.12 3.17
0 14.17 32.37 2.5583
0 15.31 32.82 3.1654
0 14.87 31.62 2.736
0 14.3 33.34 2.1605
0 14.88 34.38 2.27
0 16.35 34.11 2.2584
0 16.31 33.29 2.6864
0 14.7 33.29 2.1961
0 17.74 34.83 1.6332
0 15.96 34.17 2.3615
0 16.12 33.46 1.6374
0 15.36 34.38 1.6052
0 16.5 33.71 2.1213
0 17.06 35.13 2.1039
0 16.53 32.76 2.8258
0 13.21 29.59 2.2405
0 12.81 31.17 1.8595
0 13.67 32.33 1.5463
0 16.17 35.65 1.175
0 19.78 36.37 1.8972
0 17.07 34.77 1.2329
0 13.93 35.96 0.8508
0 15.42 34.25 1.1239
0 15.06 35.92 1.4509
0 14.77 35.18 2.1285
0 13.11 31.89 1.8424
0 14.47 32.56 1.9109
0 14.35 33.9 0.8852
0 16.9 36.18 0.6547
0 17.12 35.65 0.6475
0 15.23 33.83 1.0011
0 15.54 33.01 1.9347
0 15.85 35.72 0.957
0 18.03 36.29 1.1084
1.775 16.91 34.71 1.2778
0.925 16.01 36.32 1.625
0 18.89 37.12 0.5894
0 16.84 30.06 1.8176
0 15.09 30.68 1.8817
0 16.03 32.61 1.1478
0 14.9 32.82 1.823
0 13.57 31.74 2.4096
0 13.22 29.34 1.7423
0 12.04 29.84 2.0026
0 15.5 32.9 1.211
0 16.99 34.65 0.8418
0 17.02 36.79 1.3005
0 17.49 36.74 1.1934
0 16.98 35.88 1.1197
0 20.39 37.21 0.9613
0 16.67 33.85 1.4829
0.175 14.38 24.34 2.1633
0 12.59 26.85 2.0589
0 13.93 31.32 1.587
0 16.82 34.26 0.6797
0 16.84 34.91 0.6847
0 15.09 29.65 1.1287
0 14.5 26.45 2.5084
0 13.38 26.22 1.8108
1.175 11.9 23.38 2.0031
12.875 13.28 21.1 2.0548
10.8 11.31 20.25 3.6032
3.25 9.43 17.53 0.5993
0.075 7.52 22.27 1.118
0 9.91 22.98 1.0138
1.175 11.17 25.47 1.3802
3.725 14.3 21.97 1.6663
1.1 15.13 25.33 1.8219
0 12.1 26.28 1.1871
0 12.98 29.71 1.0313
0 16.42 30.57 0.893
0.025 16.12 30.18 0.8978
0 15.33 27.24 0.9432
0 14.62 27.3 1.4583
0 13.07 29.91 1.074
0 12.64 26.51 1.4678
0 11.7 26.16 1.0983
0 11.94 26.59 1.3452
0 12.58 28.25 2.32
0 14.33 29.48 1.2681
0 11.69 27.51 1.2672
0 9.48 22.21 1.5655
0 7.79 22.08 2.4375
0 8.5 23.68 2.6533
7.275 8.21 23.71 1.5256
0 10.51 25.47 1.2321
0 8.93 25.89 2.1009
0 10.91 26.33 1.2742
0 10.65 25.38 4.0431
0.425 7.03 24.1 3.9493
0.525 7.42 21.89 2.7792
3.025 6.07 18.23 1.6724
3.825 4.88 14.78 0.7529
0.9 4.98 13.7 1.2815
0.025 2.8 13.6 0.7933
0 5.21 16.85 1.7855
0 4.35 18.74 2.9
0.925 4.1 21.46 3.4741
0.875 5.33 18.15 3.9787
0.225 10.19 17.31 0.5525
0 6.39 18.41 0.5049
0 7.06 19.71 1.1812
0 8.12 19.18 0.9074
0 7.67 19.56 0.8244
0.325 6.58 20.55 1.2891
1.5 7.66 18.33 3.2024
2.75 4.04 14.26 2.1141
0.725 4.93 14.57 3.9917
0 4.66 15.5 2.2092
0 3.69 16.4 3.4118
0.175 5.48 16.05 4.7736
1.55 9.19 14.92 1.9054
0.2 7.47 15.46 0.7482
0 5.45 15.63 2.5165
0 6.07 15.7 2.2371
0.15 5.77 14.22 0.7466
0.15 1.88 11.33 1.3737
0.025 5.21 16.18 4.4115
0 3.8 19.14 7.0382
0 6.43 18.66 3.3719
0 3.49 17.8 3.901
0 2.01 16.94 2.4349
0 2.01 15.66 3.4081
0 1.32 15.41 2.8111
0 0.81 15.19 2.6967
0 0.79 15.59 2.6367
0 0.67 15.84 3.9397
0 1.63 15.44 2.7458
0.075 3.7 13.93 0.2584
0.05 3.27 13.16 1.3504
0 1.66 13.54 1.3135
0.75 1.36 13.61 0.7947
0.5 4.34 13.52 0.5728
0.05 2.75 13.34 4.5624
0 1.44 14.29 4.2623
0 4.25 14.84 2.2278
0 2.35 13.41 3.8923
0 1.1 12.68 3.7371
0 0.1 12.37 3.0135
0 1.04 12.87 4.5458
0 0.09 13.11 3.8151
0 0.71 14.12 4.6494
0 0.89 14.65 3.2531
0 -0.63 14.64 1.0693
0 0.36 13.79 1.1015
0 3.26 15.36 0.952
0 4.53 14.36 0.8485
0 8.55 17.52 1.5359
0 5.63 15.07 2.3195
