0.2 3.36 9.74 1.6111
3.125 3.99 7.22 0.9688
1.1 1.4 10.31 1.8167
0 -1.84 9.75 3.4904
0.7 0.98 9.53 1.7879
0.175 3.86 8.76 0.3423
0.05 0.59 8.51 1.4978
0.025 0.88 10.22 1.0157
0 2.76 11.94 4.0448
0 -0.29 12.9 3.5551
0 -0.64 15.99 2.5124
0 -0.11 15.98 5.2948
0 0.98 18.27 4.1259
0 0.92 20.02 3.7357
0 0.64 20.04 3.9288
0 1.67 20.31 4.9192
0 1.57 20.09 4.1097
0 1.54 20.38 4.5691
0 1.24 20.95 4.7687
0 1.71 20.75 3.3573
1.95 4.64 17.58 2.6815
8.575 8.88 16.61 2.1257
12.775 10.78 13.58 1.7015
3.875 10.19 15.57 2.0071
3.6 5.82 14.34 3.2555
0.6 2.94 11.13 1.108
0 0.22 11.85 1.1775
0 -0.39 12.49 1.6128
0 1.04 14.57 3.9682
0 0.64 16.6 4.3258
0 1.95 19.3 2.8251
0 2.27 17.97 2.8016
0 2.78 18.89 4.0504
0 2.31 20.64 3.7941
0 2.7 21.31 2.9682
2.75 6.26 19 2.8758
4.45 8.78 14.61 3.2492
1.6 6.1 15.74 2.5921
6.95 5 15.65 1.3159
4.075 3.86 13.12 3.2432
2 -1 11.49 0.3322
4.85 1.46 12.39 2.4045
2.725 3.38 12.53 1.3649
9.575 4.11 11.41 2.9572
4.375 4.27 11.07 3.5953
1.825 6.59 12.19 6.3832
8.9 7.36 12.64 5.5261
6.25 6.81 11.54 4.5272
0.875 2.68 12.51 1.5979
0 1.9 16.24 3.5193
0 2.84 18.26 2.7448
2.975 3.03 17.36 3.7015
4.675 7.41 15.89 4.1495
3.85 10.83 16.2 2.9797
0.85 7.48 17.29 1.4001
0.3 8.92 18.37 1.501
0.275 7.93 17.97 2.0704
0.05 4.49 17.53 0.4362
0 4.63 17.1 3.5022
3.85 8.79 17.79 2.9155
6.425 11.58 17.46 4.0363
16.3 9.14 17.11 4.9112
7.95 5.75 14.59 2.5901
0.025 2.08 14.35 1.0845
0.025 3.47 14.66 1.8681
0 1.75 14.65 0.3241
0 1.84 16.75 1.4282
0 2.93 14.98 2.7367
0 -0.22 13.22 0.5864
0 0.15 15.52 0.4358
0 2.59 18.35 1.7548
0 3.18 19.57 1.8447
0 4.04 18.33 1.3701
0 5.18 18.54 2.0438
0 7.33 19.89 2.3333
0 7.72 20.61 1.1966
0 7.72 21.53 1.5205
0 8.64 23.86 1.3452
0 8.86 24.28 1.0541
3.275 7.88 21.61 1.5895
2.95 6.32 16.91 3.8989
0.45 2.36 13.78 2.4535
0 1.93 17.05 1.908
0 3.9 20 1.0341
0 6.52 22.71 2.1759
0 9.17 23.89 1.8749
0 8.88 25.07 1.4596
0 9.21 22.72 3.5246
0 5.06 19.06 2.0287
0 3.89 20.38 0.6306
0 8.36 23.09 3.0227
0 7.21 23.04 2.6403
0 6.06 19.91 5.1698
0 3.81 18.69 1.9076
0 3.35 21.68 2.4427
0 5.56 25.86 1.8614
7.6 7.12 23.78 1.2427
3.925 8.31 19.48 2.5951
3.9 7.67 15.62 1.6851
2.45 9.09 16.5 2.4047
0.175 4.84 18.21 3.8036
0 6.31 20.86 1.8471
0 8.03 22.37 2.5046
0 8.15 18.99 5.0812
0 3.57 15.43 5.6316
0 2.48 18.52 2.9821
0 5.1 22.6 1.5263
0 8.07 26.72 2.3595
0 9 30.06 2.3608
0 12.86 33.24 1.5088
0 13.56 33.92 1.3303
0 13.47 34.71 1.7304
0 11.63 30.16 2.1784
0 10.01 23.91 3.1701
0 3.88 20.63 3.414
0 4.45 21.64 2.2411
0 6.53 21 2.3019
0 4.26 18.98 2.9654
0 4.49 19.06 1.9326
0 5.65 21.9 2.0562
13.9 9.43 22.95 1.6722
5.2 13.15 20.65 2.3359
0.35 12.4 20.74 3.2823
0.325 12.35 23.16 1.7207
0.225 15.15 25.5 3.2626
0 13.04 27.25 1.8022
0 12.44 27.4 3.1947
0 12.07 27.39 2.1568
0 12.04 29.06 2.0106
0 11.71 30.6 1.6352
0 12.63 30.58 3.188
0 9.77 28.15 3.404
0 11.62 27.15 3.0996
0 12.76 29.03 3.3496
0 13.06 30.11 2.3793
0 14.64 34 1.3133
0 17.67 38.11 0.2374
0 18.57 38.5 2.1054
0 17 35.37 2.2883
0 12.79 30.5 1.5835
0 12.57 31.62 1.2221
0 12.4 32.14 2.4662
0 12.35 30.56 2.995
0 10.69 28.09 2.8081
0 10.11 28.79 2.3562
0 13.82 32.37 1.8097
0 16.49 34.11 1.192
0 17.26 36.21 2.2787
0 16.5 34.37 2.4619
0 14.79 33.34 2.9048
0 14.06 30.22 2.3602
0 13.57 29.39 2.3786
0.05 14.39 28.22 2.375
0.2 14.82 28.02 0.5502
0.75 12.18 27.41 2.1803
1.15 12.47 23.98 2.9432
0.7 10.94 23.96 1.8746
0.225 11.49 26.18 2.621
0 12.1 28.06 2.6378
0 11.36 27.57 3.3855
0 13.21 26.12 2.9947
0 12.02 25.97 3.4521
0 12.6 26.65 2.6102
0.175 14.46 26.54 3.375
0 12.56 26.66 2.3438
0 12.37 26.71 2.4927
0 12.88 28.14 2.8235
0 13.78 29.32 3.2147
0 14.35 32.95 2.2509
0 16.92 34.22 2.9357
0 11.85 32.12 3.2995
0 10.43 27.97 3.411
0 12.68 29.43 1.5945
0 13.89 33 0.7332
0 16.29 36.28 1.6284
0 15.43 35.94 2.6211
0 14.62 33.67 1.9303
0 16.78 36.91 1.0341
0 19.68 40.75 0.9254
0 19.89 41.17 2.7434
0 17.97 39.69 2.7031
0 17.8 37.25 2.2434
0 17.11 36.95 1.86
0 15.92 37.19 2.6697
0 15.76 35.94 2.4104
0 15.33 33.47 2.5899
0 13.02 32.3 2.424
0 12.38 32.25 2.5898
0 12.68 32.07 2.6603
0 13.51 31.53 2.7077
0 13.33 32.22 2.0401
0 16.17 32.58 1.7571
0 17.88 33.5 2.1933
0 16.1 34.14 1.6438
0 17.04 36.96 0.6439
0 18.32 38.72 1.5849
0 19.11 39.48 1.7049
0 19.17 39.63 1.6827
0 20.54 40.42 1.9807
0 21 40.93 1.4369
0 20.25 40.47 2.4121
0 18.03 37.62 2.5307
0 16.77 36.08 2.4894
0 16.76 35.65 2.1218
0 15.14 34.22 2.0627
0 14.28 34.73 2.1261
0 15.86 36.16 1.9326
0 18.48 38.31 2.0628
0 19.17 37.55 2.4475
0 17.58 35.65 3.0004
0 16.79 33.95 2.7869
0 16.63 34.17 2.9673
0 17.28 34.69 2.6772
0 16 33.73 2.7335
0 14.85 32.17 2.2393
0 15.15 32.17 1.777
0 16.08 32.53 2.0729
0 14.27 29.9 2.705
0 12.45 27.18 1.9266
0 13.5 30.5 1.7089
0 15.49 34.09 0.9121
0 17.47 36.29 1.3481
0 18.63 36.83 2.8978
0 16.58 37.39 2.7782
0 17.3 35.64 3.1361
0 16.09 33.01 3.1949
0 12.72 32.21 1.689
0 13.92 33.78 0.7185
0 15.49 34.92 1.0208
0 16.07 35.67 0.8658
0 16.71 36.22 1.3642
0 15.69 34.34 2.355
0 16.15 35.55 2.0873
0 18.38 36.92 2.2311
0.075 18.1 34.85 2.5246
0.025 14.22 32.55 1.5292
0 13.9 33.43 1.4449
0 14.57 34.47 0.3395
0 15.04 36.1 1.634
0 15.46 37.57 1.6713
0 17.03 38.32 1.508
0 17.85 38.78 2.4126
0 17.13 35.59 1.3704
0 16.69 35.2 0.5533
0 18.21 36.47 0.6319
0 19.32 38.14 1.769
0 17.5 36.65 2.494
0 12.64 33.05 2.0458
0 14.43 30.08 2.1119
0 12.92 29.45 1.9785
0 12.84 31.43 0.6648
0 13.88 32.85 1.0473
0 15.6 35.18 0.5107
0 16.38 37.02 1.1151
0.2 17.29 35 2.0945
0.2 14.4 30.88 1.9334
2.475 14.96 26.9 2.4838
0.35 13.11 26.89 1.7654
0 14.18 30.25 1.8552
0 15.41 32.41 0.8418
0 15.75 35.06 0.8799
0 17.4 36.46 1.8348
0 15.28 34.25 1.0495
0 16.62 34.83 1.7662
0 16.56 36.24 1.9901
0 15.92 36.71 1.2138
0 15.72 36.47 0.6771
0 14.98 36.05 0.8111
0 15.54 37.04 1.1291
0 16.15 37.65 0.4098
0 16.7 35.9 1.8036
0 14.28 29.29 2.5024
0 7.71 22.47 2.4732
0 8.2 24.59 2.3023
0 8.06 28 0.8172
0.05 10.33 26.77 3.2335
0.025 7.31 22.13 3.367
0 5.05 19.83 0.3672
0 5.03 22.49 2.2905
0 7 25.64 1.1596
0 7.84 25.01 1.4005
0 8 25.37 0.6553
0 8.61 25.68 0.3982
0 8.93 24.72 1.6801
1.175 9.05 22.06 1.9044
24.425 11.66 18.83 6.8602
11.1 13.61 20.68 4.1098
0.25 16.59 25.65 1.108
0 15.24 27.04 2.326
0 14.25 26.12 1.1805
0 14.92 25.9 1.5988
0.25 10 22.48 1.9529
0.125 9.39 19.46 1.6368
0 8.4 21.13 1.1107
0 9.52 23.27 0.7996
0 10.56 24.77 1.293
0 11.24 26.06 1.4411
0 11.36 25.36 1.5506
0 10.35 25.85 1.1976
0 11.15 22.91 4.6256
0 7.22 18.74 4.8342
0 3.17 18.13 0.7561
0 3.99 19.68 0.1975
0 5.32 22.36 0.8651
0 6.88 23.57 0.9945
0 7.79 24.63 1.2312
0 8.21 25.57 1.1243
0 8.11 26.54 1.727
0 8.46 24.72 2.352
0 6.04 22.15 0.4597
0 8.71 20.53 1.8712
0 5.04 19.1 1.9524
0 4.08 18.76 1.0309
0 5.55 19.25 0.8298
0.225 6.96 18.18 0.5042
0.65 7.98 17.14 2.1203
0.25 2.56 16.36 1.5005
0 2.6 16.29 1.2187
0 1.24 17.28 2.5726
0 1.61 18.59 1.9128
0.65 2.6 20.44 1.1407
0.325 5.05 18.95 2.2151
0 1.13 15.67 2.125
4.25 2.56 17.25 3.2555
2.05 3.28 15.83 1.2922
0 1.66 15.69 0.4367
0 3.53 16.46 1.8863
0 1.64 15.7 3.4399
0 1.78 19.07 3.6333
0 2.72 20.93 2.3516
2.125 5.01 18.69 1.0963
0.45 6.58 16.7 5.0371
0 1.13 17 4.6413
0 0.93 15.97 3.8098
0 1.24 17.94 1.4417
0 0.86 16.72 1.7881
0 0 15.57 1.7718
0 0.79 15.68 1.9222
0 1.31 14.51 1.2055
1.475 -2.92 11.28 1.8656
8.275 -0.81 8.55 0.7467
1.975 -4.25 6.67 0.4734
0 -3.64 7.79 1.9475
4 -1.49 8.9 3.3295
10.85 3.7 11.37 3.1248
13.3 8.27 13.52 3.8691
9.175 7.4 13.21 3.8357
2.45 6.4 13.08 0.5678
0 3.81 14.32 3.3204
0.475 5.7 15.42 2.7573
0 5.41 13.96 2.2346
0 4.45 11.85 2.6982
0 3.93 10.02 4.0619
0.15 3.82 14.06 2.8513
6.1 5.38 14.88 1.6668
2.45 3.8 12.64 3.7059
0.025 0.39 10.69 2.1707
0 -1.5 10.75 3.8621
0 -0.77 14.06 3.9741
2.1 0.98 13.33 4.1035
2.975 3.21 12.67 2.0867
0.9 4.23 11.63 2.8889
1.125 3.82 11.55 0.7531
0.5 7.35 13.71 1.4053
0 6.1 12.47 2.6283
0 4.79 14.25 2.1269
0.1 4.15 13.78 1.2273
0.025 5.24 12.34 3.9117
0 3.77 13.79 2.9478
0 3.33 13.58 2.9349
0 3.68 11.18 3.1227
0 1.81 10.12 2.4819
0.45 3.6 10.47 2.9003
0.275 5 11.54 2.4498
0.025 4.39 7 2.3786
0.15 4.75 8.59 3.2288
5.2 6.24 14.81 4.627
6.675 9 17.59 2.0108
0.125 3.24 15.46 1.1345
0.1 3.48 14.21 3.2136
0.125 4.89 14.97 2.5536
8.35 5.04 14.75 2.7285
12.15 8.72 14.74 4.9498
15.85 8.76 12.39 5.5686
13.875 6.37 12.48 6.5099
14.275 4.6 10.36 3.8626
7.85 3.4 10.28 3.5417
3.175 2.46 9.99 0.9554
0.35 1.34 11.22 2.4759
1.675 4.14 10.88 4.3175
1.325 7.27 11.65 3.0672
0.05 4.56 13.89 1.1679
0 3.22 14.08 2.5344
0.55 4.41 15.18 3.1812
0.825 5.67 16.42 1.1499
0.175 2 14.26 1.3251
0 2.43 15.56 1.7344
0.05 4.15 14.58 2.1074
0.425 3.46 16.43 0.619
4.7 5.85 15.49 3.0019
2.875 8.61 16.07 3.4585
7.1 9.37 14.01 1.6525
2.125 7.28 11.74 2.5944
1.9 7.85 12.49 1.179
5.7 7.27 12.14 1.6027
0.6 2.9 13.6 0.7644
0 5.01 14.39 1.1298
0 5.56 16.17 1.3253
0 4.38 18.15 1.4702
0 3.86 18.57 1.5499
0 4.37 18.89 1.2982
0 6 18.85 1.7493
0 6.36 20.06 2.3403
0 6.22 20.37 0.9325
0.05 8.22 17.51 1.0751
0.85 7.4 15.39 2.199
4.975 7.13 12.9 2.8824
1.125 4.1 12.13 1.9034
17.95 3.82 12.56 3.7476
6.525 7.21 13.31 2.6165
0.775 5.6 14.99 0.857
9.975 6.24 17.04 4.4439
5.4 8.43 16.4 1.2171
0.2 4.25 15.93 0.4221
0 5.13 16.92 2.0507
3.2 6.97 17.08 2.6891
12.325 6.44 11.46 3.2081
5.4 4.56 12.24 2.6968
0 1.47 13.37 1.2123
0 5.13 15.2 2.3229
0.125 5.01 18.28 1.2099
0.225 5.51 14.84 2.6784
0.875 1.92 12.3 3.7582
0.5 2.47 12.65 2.3105
0 0.79 14.21 0.243
7.525 3.29 14.69 1.9813
3.6 2.76 14.64 2.531
0 1.66 15.39 2.3052
0 2.86 17.61 3.4117
0 5.5 22.67 1.2854
0 8.13 24.58 1.0069
0 7.36 23.76 2.7671
0 4.82 24.69 2.0821
0 6.07 24.84 1.6742
0 7.04 23.4 0.3778
0 7.96 21.59 1.8459
0 6.49 21.49 1.7187
0.025 5.6 22.03 1.5963
0.3 6.29 20.44 2.1294
0.125 4.39 17.49 2.3711
0 3.73 20.13 2.3326
0 5.34 22.66 0.9375
0.2 6.24 24.14 2.279
3.575 6.35 20.01 4.9253
2.175 5.1 14.76 2.6448
0.175 3.57 14.8 0.9275
2.725 2.46 14.75 1.961
1.2 4.4 13.83 1.8154
10.8 3.27 13.35 2.7821
6.125 4.85 14.14 2.7654
0 4.67 16.69 0.9424
0 3.29 18.98 1.9637
0 5.95 21.49 0.9897
0 7.7 21.65 1.1298
0.275 7.65 19.66 2.0242
10.2 7.96 14.69 4.5275
11.525 7.41 15.1 4.3398
3.275 4.79 15.79 1.0887
0 5.27 17.93 0.7416
0 6.28 19.64 0.8778
0 7.63 21.74 1.9331
0 7.57 22.54 1.5634
0 7.51 24.31 1.1697
1.775 9.82 24.82 1.5245
15.2 8.42 19.81 2.3603
8.675 6.21 12.57 3.3663
1.7 6.49 12.6 2.1494
0.05 7.47 17.09 1.4003
0 8.93 23.37 1.2086
0 10.52 26.7 1.3352
0 9.31 27.34 0.9233
1.25 9.96 24.07 3.6943
1.7 5.54 17.06 4.5478
0.4 5.59 17.54 3.6965
0 5.88 18.11 3.5003
0 6.67 22.24 2.1933
0 9.54 25.07 2.0188
0 9.02 28.09 0.9959
0 11.11 27.51 2.3232
0 10.17 24.22 3.8803
0 7.77 22.39 2.3992
0 6.18 23.91 0.8623
0 7.68 24.43 2.7714
0.6 8.18 20.98 3.6492
3.1 8.06 17.23 2.84
1.4 4.27 17.8 3.6385
0 6 22.12 2.148
0 8.43 25.61 1.0303
0 10.04 27.35 0.799
0 10.4 28.76 0.6534
0 11.6 28.26 1.2307
0.625 11.66 24.12 1.7668
0.375 12.73 22.32 1.3516
0 11.43 23.51 1.5579
0 10.78 24.09 3.5297
0 7.89 21.11 4.3171
0 5.31 18.12 3.626
0 6.71 19.38 4.2331
0 7.54 21.33 2.2756
3.275 7.64 20.62 1.5326
2.4 9.22 21.8 2.54
2.175 10.15 20.12 2.2088
0.9 6.85 19.85 3.1789
0 9.53 23.34 2.0543
0 10.11 28.35 0.9336
0 13.77 29.46 2.5399
0 13.61 27.19 2.9654
0 12.63 28.34 2.5131
0 14.97 29.36 2.5037
0 16.35 30.36 2.4689
0 16.76 31.85 2.0269
0 17.19 32.72 2.9604
0 15.08 31.39 3.2239
0 13.58 30.36 2.9113
0 13.82 28.77 3.6164
0 10.24 26.51 4.7348
0 12.22 25.67 4.9956
0 13.58 30.67 3.4772
0 14.4 33.64 1.0313
0 14.68 34.67 1.8542
0 13.86 32.98 2.787
0 11.39 29.77 3.1068
0 10.81 29.2 1.7616
0 11.28 29.69 2.5467
0 9.22 27.07 3.0009
0 8.79 26.83 2.7199
0 11.43 29.14 2.0285
0 13.73 31.74 1.3937
0 15.97 33.86 2.1545
0.475 15.32 32.61 2.1964
0.5 13.59 30.54 2.8364
0 15.2 32.17 2.6661
0 17.91 35.61 1.3745
0 20.39 38.43 1.828
0 18.99 38.01 2.9062
0 16.13 34.58 2.9521
0 11.9 32.32 2.7949
0 13.25 31.07 2.9874
0 14.6 31.83 2.4683
0 14.35 34 1.0227
0 15.57 35.54 2.0575
0 15.15 33.9 2.688
0 14.21 32.32 2.5417
0 15.26 33.88 2.6768
0 15.74 34.72 2.3894
0 16.15 37.19 1.8396
0 17.04 36.8 2.0953
0 17.6 34.83 3.0478
0 15.88 33.29 3.0116
0 16.83 34.24 1.9494
0 19.78 37.02 1.7795
0 20.46 39.24 2.6964
0 20.27 39.21 2.6825
0 18.88 38.72 2.5652
0 17.37 37.72 2.2316
0 16.28 36.25 2.0717
0 15.5 34.34 2.1553
0 13.74 34.1 1.0676
0 15.11 34.92 2.3044
0 17.43 36.15 2.2497
0 18.18 36.32 2.7114
0 16.04 33.88 2.6732
0 14.68 31.14 1.8724
0 13.17 30.4 2.2159
0 13.97 32.45 2.1265
0 14.99 33.86 2.2652
0 14.22 33.59 2.2218
0 13.66 33.55 1.9689
0 14.53 34.26 2.2684
0 14.02 34.66 1.4021
0 15.09 34.5 1.9443
0 14.35 33.97 1.9963
0 13.76 33.31 1.9758
0 14.03 33.4 2.4314
0 15.08 32.25 2.6594
0 14.89 31.6 1.7963
0 15.4 32.22 1.7131
0 13.78 30.65 2.0512
0 12.74 30.42 1.2609
0 15.02 32.17 1.6989
0 15.08 32.39 2.548
0 15.02 32.73 2.8434
0 15.62 34.67 1.3465
0 15.82 34.68 1.4504
0 14.51 34.05 1.5314
0 13.26 33.56 1.9644
0 14.72 34.42 2.2466
0 14.28 32.97 1.6463
0 12 32.11 1.8462
0 13.02 32.41 2.1565
0 15.29 36.48 1.6886
0 17.89 40.52 0.4871
0 19.14 38.65 1.9285
0 16.36 35.39 2.3014
0 11.98 30.49 2.5785
0 10.64 27.33 2.3635
0 10.97 26.15 2.5489
0 11.5 28.83 1.576
0 13.54 31.59 0.8411
0 16.17 35.89 0.2402
0 16.56 38.05 1.2789
0 16.4 37.31 1.0814
0 17.13 35.56 2.1766
0 15.81 34.44 1.1464
0 15.29 34.16 1.9602
0 13.21 30.39 2.6262
0 10 23.13 2.0105
0 10.79 26.5 0.7353
0 11.71 30.06 0.54
0 13.69 33.45 0.9724
0 14.08 32.04 1.491
0 12.71 31.45 1.3849
0 12.09 31.18 1.2703
0 12.76 31.85 1.9033
0 13.7 31.43 1.5558
0 14.62 31.15 1.3764
0 13.92 29.34 1.2202
0 13.3 28.77 1.4849
0 12.79 28.51 1.2789
0 10.84 26.98 2.6437
0 10.1 25.67 1.3957
0 11.2 29.73 0.737
0 13.55 33.92 1.0508
0 15.98 36.03 0.8747
0 15.21 37.34 1.1918
0 17.22 38.43 0.7848
0 17.86 39.13 0.589
0 17.3 37.84 0.451
0 17.37 35.35 0.5407
1.425 18.44 35.35 0.9727
4.575 18.45 35.59 1.3279
3.975 13.99 26.42 1.6715
1.075 14 20.97 1.0417
0.4 10.62 21.18 0.7577
1.45 11.62 22.19 1.744
0.05 10.23 24.1 0.8638
0 10.99 26.61 2.0212
0 11.68 28.1 1.708
0 14.6 30.28 1.6544
0 15.57 30.7 1.97
0 14.64 32.88 1.3101
0 14.87 34.34 0.5341
0 14.3 34.28 0.3497
0 15.74 32.49 0.904
1.675 15.77 30.01 0.9183
0.775 10.91 22.41 1.1444
0 11.24 22.52 1.5375
0 10.94 26.33 0.7632
0 12.04 25.72 1.8031
1.075 11.08 22.84 1.5367
9.125 12.69 22.17 1.6431
15.4 13.81 19.09 4.4917
9.775 9.95 18.35 3.2824
0.025 7.36 19.34 1.8328
0 4.67 20.01 2.6511
0 5.18 22.85 3.3814
1.475 10.31 23.43 2.2795
2.8 11.28 23.89 1.8008
0.45 7.77 17.84 1.041
0 7.97 22.39 1.8954
0 8.32 23.94 2.8489
0 10.17 26.12 2.5176
0 11.21 28.58 1.6659
0 12.12 29.21 1.1083
0 11.67 28.5 1.9643
7.025 9.54 21.58 2.9394
4.525 6.5 15.18 2.5703
1 3.31 16.39 0.5022
0.625 6.21 16.74 1.6788
0 4.73 16.2 2.4297
0 3.96 17.9 1.4087
0 5.2 18.29 2.9758
0 5.96 19.9 1.7808
0 7.48 21.77 2.6334
0 7.42 21.94 1.2459
0 6.99 21.92 1.7723
0 6.4 22.52 1.5412
9.975 7.35 20.25 2.1812
16.6 5.16 12.9 2.8675
10.55 4.14 12.13 4.6757
4.775 4.86 11.05 2.6298
7.35 5.63 12.05 3.5662
3.775 0.44 8.44 1.3065
0 -1.63 9.89 2.9263
0 -0.72 12.04 3.2572
6.375 2.92 13.13 2.3876
3.5 2.8 12.1 2.4334
0 -1.42 11.79 2.3341
0 -0.46 11.08 3.0381
0 1.14 12.2 2.2689
0 2.69 14.33 2.6748
0.05 5.65 13.47 1.3069
1.225 8.01 15.88 2.5011
7.95 8.36 16.35 2.7278
4.5 8.5 18.98 3.4856
0.05 4.73 17.71 2.1557
0.95 6.43 17.07 2.094
0.775 8.58 15.94 1.1086
0.175 9.5 17.15 1.3083
0.025 10.01 17.72 0.4256
0 9.48 17.09 2.4105
0 8.96 16.58 1.3676
9.45 8.77 13.95 1.5689
5.275 5.37 13.52 1.4687
1.2 3.13 12 2.199
15.05 4.41 11.95 3.6606
16.25 8.61 13.46 5.2333
11.95 10.77 14.82 5.7704
5.975 7.39 14 2.2909
4.675 4.92 9.71 2.8049
7.825 7.34 13.35 2.1436
2.725 7.72 13.5 0.3832
0 4.57 13.9 3.0169
10.575 6.07 15.34 5.4456
5 4.34 16.17 1.8666
0.05 4.09 13.58 0.7752
21.65 3.74 13.49 2.1223
16.55 6.92 11.89 4.2036
1.2 -0.24 9.94 2.3555
0.15 -2.54 8.86 1.4633
10.675 -0.15 9.88 4.477
16.7 3.12 9.57 5.0037
2.9 4.6 9.59 2.4322
0.1 0.75 9.53 3.186
0 0.89 11.3 3.794
0.05 1.98 9.92 4.956
0.05 2.26 9.02 3.1728
0 2.22 9.78 1.6252
0 1.06 6.67 1.5943
0.225 -1.42 8.13 2.9158
1.8 1.09 8.94 3.4768
0.675 4.38 14.05 2.2864
0.475 3.47 14.55 1.5765
0.275 6.25 13.65 1.2836
0 3.78 14.15 2.6682
0 6.92 13.85 1.1205
0 7.91 13.78 0.9486
0 7.8 14.35 2.559
0 4.27 12.9 1.6615
0 2.76 15.3 4.0583
0 3.26 18.33 3.6281
0 4.05 17.41 2.6008
0 4.09 17.49 3.995
0 3.45 18.09 1.738
0.1 4.66 15.22 2.1067
0 5.24 14.78 4.8765
0 4.89 16.39 3.4546
0.15 4.14 14.09 1.7211
3.6 3.74 13.75 0.4742
5 4.9 15.12 1.8223
0.925 3.14 13.04 1.2677
0 2.4 12.95 1.533
0 1.31 14.69 3.0085
0 1.22 14.22 1.9916
0 2.05 15.91 2.4261
0 3.68 17.76 1.7675
0 3.25 18.79 1.9972
0 5.79 20.86 0.8028
0 4.86 21.35 2.3183
0 1.15 15.28 3.3345
0 1.17 16.33 3.7112
0 2.07 18.04 3.9264
0 2.58 20.24 2.9501
0 2.69 22.27 1.0584
0.125 5.7 20.51 3.7327
6.175 8.79 17.42 4.3663
7.125 7.94 17.35 5.4942
17.9 4.55 10.64 4.5886
22.875 3.94 8.32 2.7961
8.425 2.58 10.75 3.0141
0.9 1.41 11.57 0.7828
0 1.88 11.95 1.0187
0 0.88 12.59 0.5222
0 0.87 15.3 0.691
2.875 1.83 13.26 2.0555
7.9 4.53 11.26 5.2217
2.925 -1.08 9.83 1.071
0.025 -1.91 9.71 0.3544
0 -1.12 13.38 2.1603
1.85 -0.08 15.77 1.7925
3.875 4.02 16.45 3.85
2.3 8.19 19.02 1.1622
0.025 3.36 18.1 1.4116
1.95 5.45 17.29 0.7339
9.225 6.91 19.62 1.734
5.1 7.47 14.65 4.3308
0.6 5.61 16.21 0.4103
0 5.67 18.64 1.4121
0 7.49 20.67 0.6405
0 6.24 18.12 1.4775
0 5.59 18 0.6356
2.725 7.22 18.9 1.1527
1.45 10.79 19.87 1.1204
6.325 10.04 21.68 1.2538
5.225 11.13 22.51 2.1008
0.55 5.41 17.77 0.9749
9.125 3.73 16.51 3.4375
17.6 4.37 13.93 4.7214
32.25 6.12 11.42 5.263
15.3 4.39 9.89 2.2894
3.15 3.14 13.22 1.4484
7.025 4.98 15.09 5.1413
17.075 6.53 11.9 5.3672
10.525 3.96 10.9 3.5863
9.525 6.05 13.48 3.0271
3.35 5.88 12.89 1.2982
0.05 7.64 15.99 0.8447
0 5.87 19.55 1.7418
0 8.03 21.45 2.2707
0 9.95 24.98 2.3907
0 10.6 27.35 1.7001
0 12.55 28.76 1.1613
0 8.31 21.2 1.5778
0 6.34 23.72 1.6899
0 8.68 24.94 1.5982
0.55 9.05 24.44 2.1162
5.675 6.08 20.64 3.4427
2.575 2.38 12.29 1.5453
0 1.74 14.07 1.4395
0 2.62 17.55 0.6012
0 5.17 18.3 1.8309
0 5.57 19.64 1.8635
0.075 4.92 18.93 2.6195
0.025 3.71 16.07 0.7181
0 5.36 20.61 0.8087
0 8.69 23.9 1.8432
0 9.87 25.29 2.3948
0.075 11.73 24.11 2.4894
0.025 12.77 22.48 1.6051
0.225 12.47 22.53 1.9678
0.325 12.26 21.63 2.0733
0.85 8.14 20.77 1.0487
0.425 7.24 20.99 1.0967
0.1 8.89 20.87 1.9476
0.05 8.63 20.88 2.0878
0 6.53 21.21 2.9083
0 6.27 22.17 1.1953
0 7.99 23.45 2.436
0 8.3 22.36 4.7914
0 5.91 21.27 3.5633
0 6.09 24.98 1.732
0 8.14 28.01 0.4959
0 9.77 27.98 1.1252
0 11.63 29.21 2.8866
0 12.57 31.92 0.8313
0 11.7 29.32 1.6364
0 9.38 26.65 2.0631
0 10.26 25.51 2.8615
0.475 6.24 18.43 3.2153
0.25 5.74 20.39 2.6932
0 7.73 25.15 1.916
0 10.03 26.97 1.3937
0 10.01 27.25 0.9469
7.05 9.75 25.26 2.6895
5.1 6.99 19.52 2.426
1.1 5.49 15.42 1.4169
6.825 7.64 16.98 3.4172
4.6 8.98 15.89 2.2352
0.175 7.08 20.86 3.0495
0 8.71 25.19 1.906
0 10.97 27.06 2.3337
0 9.95 26.22 3.3449
0 8.53 22.8 4.6625
0 7.93 22.98 2.6424
0.5 10.23 23.72 2.5439
0.225 8.1 22.43 2.3223
0 9.19 22.39 3.0875
1.6 8.3 23.29 4.1013
0.775 7.71 20.63 4.7802
0 7.5 20.91 2.6819
0 8.42 23.35 2.3061
0.15 11.72 22.47 2.6412
0.1 7.17 19.81 1.6401
0.325 7.68 21.68 0.5085
8.3 8.73 21.01 3.4348
10.625 13.11 21.92 0.9751
6.2 11.75 22.75 3.0522
0.025 9.97 22.21 2.2789
0 10.97 26.26 3.1185
0 12.55 29.48 1.8757
0 12.99 29.91 2.8547
0 12.37 26.49 3.2521
0 11.89 28.28 2.7693
0 12.98 29.6 2.7615
0 15.5 32.38 2.337
0 17.01 34.08 2.1552
0 16.52 33.35 2.8128
0 13.84 30.98 1.8809
0 13.84 31.42 2.7678
0 14.67 32.32 2.2274
0 16.08 33.1 0.6355
0 18.31 36.38 0.7988
0 20.11 38.62 2.4662
0 16.96 37.12 2.4889
0 14.36 33.79 2.5535
0 13.76 32.48 2.7232
0 14.39 32.11 2.5596
0 15.06 33.69 2.5933
8.125 16.35 33.73 2.1128
5.075 13.55 26.21 2.2624
0 11.86 26.72 2.425
0 13.72 30.61 1.6389
0 15.66 33.78 1.1369
0 16.61 37.57 0.8289
0 18.87 38.85 1.5326
0 19.49 39.28 1.7811
0 20.28 39.21 2.5122
0 20.28 39.38 2.6139
0 18.96 37.77 2.0781
0 17.92 37.79 2.5121
0 14.99 36.13 2.2554
0 14.43 34.43 2.2982
0 13.45 32.68 2.4121
0 13.98 32.23 3.0639
0 13.34 29.81 2.7566
0 12.97 29.04 3.3386
0 13.05 29.29 3.02
0 12.86 29.45 1.9376
0 14.33 31.21 1.1
0 15.54 32.16 1.9322
0 15.83 32.2 1.6964
0 16.65 35.56 2.3178
0 16.54 35.71 2.7286
0 17.27 35.29 1.9234
0 17.26 35.66 1.7002
0 16.24 35.87 2.0848
0 14.58 35.01 2.0379
0 15.05 35.23 1.7432
0 15.78 36.02 1.7938
0 16.76 37.38 2.5144
0 16.72 37.15 2.9592
0 19.15 37.49 1.9841
0 18.71 34.88 1.2804
0 16.74 35.41 1.7746
0 16.3 35.64 2.0484
0 14.95 34.47 2.9369
0 14.26 33.36 2.4246
0 15.54 34.03 2.9423
0 16.53 33.37 2.3595
0 15.14 33.66 1.8108
0 14.7 34.59 1.9243
0 15.69 34.75 2.2394
0 15.38 34.67 2.6295
0 15.63 33.95 1.9446
0 16.84 34.57 1.2552
0 17.21 35.62 2.0525
0 15.34 34.76 1.6463
0 14.66 34.49 1.5568
0 15.4 35.28 1.8239
0 15.26 35.23 1.9268
0 15.4 34.85 2.6943
0 14.13 33.67 1.8461
0 14.18 33.17 1.2347
0 14.48 32.48 1.1098
0 15.93 35.36 1.0489
0 16.59 36.32 1.9235
0 16.37 36.04 1.1583
0 17.44 36.02 0.6624
0 17.77 36.27 1.0213
0 17.45 37.03 1.2967
0 16.83 36.86 1.8172
0 15.6 35.66 1.7183
0 14.45 33.86 1.6615
0 15.36 33.24 0.7974
0 15.98 34.45 0.5215
0 16.17 35.81 0.9044
0 16.21 35.29 1.0274
0 15.27 35.42 1.7956
0 14.98 35.19 0.9961
0 16.66 37.22 1.1439
0 15.82 36.61 1.1867
0 16.34 36.02 1.4456
0 17.07 36.53 0.7766
0.4 17.34 33.87 1.5892
0.125 15.68 30.36 1.5846
0 15.24 33.04 0.7476
0 16.64 33.3 1.5051
0 15.82 32.94 2.3654
0 13.96 31.42 1.728
0 12.27 30.38 1.7833
0 12.62 30.51 0.5687
0 14.93 33.14 0.3906
0 16.43 35.77 1.0873
0 16.31 36.51 0.7125
0 18.03 36.71 0.4417
0 17.2 37.39 0.5683
0.05 19.29 38.25 1.5536
0.05 14.79 30.63 2.1061
0.025 12.77 25.41 2.1754
0 13.69 30.36 0.9659
0 16.36 34.45 0.6569
0 15.64 34.79 1.0179
0 16 32.71 1.1587
0 13.45 29.41 2.0109
0 13.5 27.59 1.6478
0 12.67 26 1.7602
8.4 11.6 24.31 2.0746
12.275 11.13 23.17 3.3547
2.925 8.62 17.74 0.8645
0.8 6.55 17.21 0.9489
0 7.3 20.95 1.1205
0 8.45 23.97 1.154
0.25 11.02 24.74 1.3772
0.125 13.73 23.55 1.5145
0 13.51 25.66 1.0544
0 12.16 28.64 0.8247
0 13.94 30.51 0.5085
0 14.76 30.33 0.8831
0 14.77 29.64 1.0768
0 13.3 29.36 1.4496
0 14.18 29.8 1.1969
0 13.57 29 1.1357
0 12.46 26.83 0.8576
0 11.56 26.99 0.9645
0 12.44 28.54 2.01
0 11.58 28.92 1.4359
0 11.63 29.56 1.6192
0 11.14 26.74 1.3539
0 7.84 23.37 2.6203
0 6.59 21.86 2.9726
0 7.7 23.6 1.7402
0 8.07 24.52 1.0245
0 8.78 25.03 1.9759
0 9.4 26.55 0.5207
0 9.75 26.65 3.1467
0 7.72 23.38 4.0279
1.675 6.31 23.89 3.0749
1.375 5.58 20.28 1.6546
2.3 2.11 13.28 0.3296
2.325 4.11 13.79 1.3068
0.05 3.86 14.31 0.7694
0 2.2 14.37 1.986
0 2.46 17.05 3.0191
0 3.11 18.86 3.2286
1.975 6.77 19.5 3.987
1 7.62 19.35 0.9376
0 7.65 18.16 0.3945
0 9.03 18.56 1.0701
0 6.05 18.85 0.8393
0 5.49 18.9 0.9758
0 6.21 20.38 0.7424
0.05 6.92 20.47 2.7017
2.775 4.14 14.71 1.9703
2.175 3.66 13.93 4.1028
0 2.49 13.27 1.8295
0 2.31 14.94 2.5876
0 3.33 15.56 3.8203
0.175 5.19 17.22 1.8901
0.975 4.45 15.57 0.6453
0 4.9 17.77 2.7125
0 4.7 17.94 2.2824
0.1 5.52 21.4 1.0642
0 5.7 15.1 1.5449
0 5.37 17.49 3.8402
0 4.17 18.85 7.6425
0 2.67 17.22 3.3147
0 1.1 17.11 4.0952
0 -0.24 16.18 2.5532
0 -0.89 14.38 3.4258
0 -0.68 14.78 2.9551
0 -0.31 15.14 3.0943
0 0.14 15.55 2.902
0 -0.06 15.42 3.9689
0 -0.06 16.96 2.9537
0 0.7 16.21 0.6304
0 1.92 13.31 1.4803
0 1.5 13.55 1.3499
0 -0.3 14.4 1.038
0.575 0.86 13.4 0.8666
0.325 0.26 12.02 4.8944
0 0.3 13 4.1676
0 0.17 13.76 2.3889
0 1.48 16.04 4.0143
0 -0.38 12.95 3.9853
0 -1.22 13.51 3.1951
0 -1.29 15.54 4.4555
0 -1.79 13.58 3.8705
0 -2.14 13.88 4.6825
0 -0.69 16.79 3.3655
0 -1.15 16.28 1.1939
0.025 -0.5 15.66 1.164
0 0.38 16.08 1.3143
0 4.33 16.75 0.8726
0 3.73 16.59 0.9223
0 3.06 15.47 2.2983
