0 5.15 7.38 1.6082
2.325 6.15 7.93 0.8929
0.25 1.5 9.14 1.8773
0 -2.26 10.01 3.2915
0.75 2.76 8.22 1.7397
0 3.39 9.28 0.3293
0.05 -0.42 8.85 1.478
0.025 0.45 10.49 1.1069
0 2.38 11.88 3.9392
0 -0.32 13.8 3.5628
0 -0.42 14.82 2.4978
0 0.13 16.34 5.2013
0 0.99 18.54 4.1478
0 1.11 18.73 3.7243
0 0.68 19.38 3.8856
0 2.11 18.95 4.8896
0 1.79 19.16 4.0292
0 1.8 19.38 4.4761
0 1.12 20.03 4.6995
0 1.81 19.74 3.296
1.675 5.82 14.81 2.6503
7.775 9.24 14.3 2.1204
19.575 10.59 13.63 1.7062
4.5 10.39 15.81 1.8807
4.75 5.94 13.87 3.1919
0.125 4.16 12.54 1.2009
0 1.26 12.38 1.1139
0 0.46 13.46 1.6258
0 1.69 15.01 3.864
0 1.33 17.14 4.2434
0 2.2 18.97 2.6989
0 2.56 17.16 2.6725
0 3.13 19.4 4.0408
0 2.34 19.72 3.7671
0 2.8 19.64 2.9376
4.375 7.82 16.23 2.9767
3.675 8.72 14.86 3.2916
0.7 6.76 15.8 2.5018
4.725 5.16 15.73 1.3042
2.275 4.25 12.54 3.1414
1.2 0.03 12.38 0.3193
4.625 4.39 12.84 2.314
1.975 4.79 12.86 1.3552
10.525 5.61 11.09 2.8938
2.325 5.35 12.69 3.5784
2.95 8 12.39 6.4871
9.725 8.15 12.62 5.4969
5.85 7.59 11.6 4.5192
0.425 2.9 14.57 1.6561
0 2.91 17.14 3.4966
0 4.33 17.95 2.7267
2.225 4.23 15.87 3.6331
3.075 10.4 15.15 4.2339
6.425 10.38 17.55 3.0428
0.375 7.45 18.17 1.3605
0.075 9.59 18.17 1.5148
0.35 8.8 18.58 1.9631
0 5.7 17.2 0.497
0 6.11 17.15 3.4408
3.25 10.79 16.31 2.9634
2.6 11.49 18.01 4.0534
7.95 9.38 16.66 4.9019
5.175 6.27 14.88 2.5169
0 3.02 15.03 1.1279
0.075 4.82 14.74 1.8678
0 2.91 15.8 0.3239
0 2.78 17.91 1.4578
0 3.99 13.91 2.79
0 0.56 14.02 0.6653
0 1.02 16.68 0.4122
0 3.98 19.14 1.6743
0 4.23 20.47 1.7214
0 5.56 17.34 1.4142
0 6.56 19.69 1.977
0 8.26 20.68 2.2496
0 8.8 20.95 1.2312
0 8.8 21.7 1.6324
0 10.12 25.1 1.4837
0 9.91 24.4 1.1835
2.5 8.46 20.13 1.5387
2.175 6.81 15.61 3.8297
0.15 3.8 15.03 2.5315
0 3.01 18.98 1.9143
0 5.46 21.56 1.1849
0 8.61 23.9 2.265
0 10.68 24.6 1.8031
0 9.81 26.15 1.4684
0 10.27 20.94 3.6037
0 7.01 19.7 2.066
0 5.36 22.12 0.7424
0 10.81 24.46 3.1468
0 8.34 22.21 2.6902
0 6.87 19.98 5.1531
0 5.68 19.5 1.8746
0 4.9 23.98 2.3454
0 7.22 27.24 1.7726
9.575 8.76 21.42 1.2644
2.875 9.35 18.89 2.5091
5 9.12 15.65 1.6795
2.475 9.86 17.17 2.4195
0 5.34 19.58 3.8238
0 7.57 22.89 1.9277
0 9.58 22.74 2.6063
0 8.39 17.16 5.1795
0 6 17.26 5.5472
0 4.22 20.55 2.9733
0 6.8 24.54 1.5498
0 10.13 28.18 2.2415
0 11.54 31.9 2.239
0 14.32 34.27 1.507
0 15.09 34.95 1.377
0 15.22 35.38 1.6658
0 12.59 27.75 2.0548
0 9.56 22.85 3.113
0 5 22.36 3.4049
0 5.46 22.19 2.3096
0 7.46 21.03 2.2948
0 5.26 18.41 2.9256
0 5.7 20.36 2.0063
0.025 7.15 22.91 2.0966
13.75 12.53 22.44 1.6327
1.75 13.39 20.54 2.3291
0.325 12.96 21.92 3.1903
0.05 13.25 24.9 1.6937
0.225 16.48 27.04 3.1724
0 13.82 28.28 1.7189
0 13.28 27.63 3.2798
0 13.58 28.69 2.3001
0 13.04 30.36 2.1942
0 12.82 31.71 1.8099
0 14.14 30.96 3.2439
0 11.22 27.89 3.4401
0 13.16 28.05 3.2352
0 14.62 29.05 3.3907
0 14.57 31.78 2.5356
0 15.82 35.87 1.274
0 19.23 39.35 0.2154
0 20.61 38.1 2.0387
0 17.49 33.41 2.2064
0 13.58 29.77 1.5787
0 13.6 32.29 1.2835
0 12.93 32.4 2.4432
0 12.39 29.35 2.9699
0 10.82 26.69 2.8069
0 10.27 29.37 2.4548
0 14.25 33.12 1.9217
0 18.14 35.24 1.2663
0 18.48 36.09 2.3257
0 16.62 32.91 2.4167
0 13.75 31.28 2.7962
0 13.39 30.3 2.3836
0 13.27 28.2 2.4558
0.15 15.27 27.86 2.3881
0 15.71 28.37 0.6146
0.725 12.58 26.68 2.1924
1.5 13.37 23.02 2.8016
0 12.38 25.49 1.7746
0 12.38 27.91 2.5955
0 12.81 28.61 2.6431
0 12.26 26.98 3.3568
0 14.49 25.76 2.9635
0 13.24 26.61 3.4642
0 13.49 26.62 2.6576
0.6 15.25 27.06 3.3103
0 13.7 27.18 2.3082
0 13.7 26.31 2.484
0 13.92 29.34 2.8955
0 14.38 29.84 3.2473
0 14.92 34.44 2.3681
0 17.92 33.95 3.0158
0 12.68 30.6 3.3338
0 11.25 27.43 3.4553
0 14.12 31.11 1.717
0 15.36 34.32 0.8023
0 17.58 36.92 1.6542
0 15.49 35.1 2.5938
0 14.96 33.39 1.9645
0 17.9 38.3 1.091
0 21.45 41.45 0.9912
0 21.34 40.94 2.661
0 18.39 38.12 2.6336
0 18.28 36.31 2.2229
0 16.86 36.38 1.8753
0 16.07 36.62 2.6103
0 16.26 34.45 2.3686
0 15.82 32.45 2.5396
0 12.71 31.65 2.4131
0 13.24 32.16 2.5508
0 14.02 31.97 2.6911
0 14.7 31.5 2.7497
0 14.15 32.27 2.0896
0 18.12 32.08 1.7743
0 18.92 33.29 2.2096
0 17.03 34.27 1.7264
0 18.04 37.33 0.6827
0 19.36 39.04 1.5916
0 20.15 39.09 1.6505
0 20.03 39.5 1.658
0 21.67 39.93 1.9634
0 22.06 40.4 1.412
0 20.49 39.23 2.4069
0 18.57 36.21 2.5314
0 17.34 34.66 2.5354
0 16.95 34.62 2.1446
0 14.61 32.44 2.0577
0 13.93 33.87 2.1085
0 16.58 36.34 1.9301
0 18.99 37.93 2.1251
0 19.17 35.77 2.5232
0 16.62 33.76 3.0212
0 15.72 32.51 2.827
0 16.28 32.95 3.0394
0 17.15 34.28 2.7104
0 15.29 32.32 2.6557
0 15.05 31.08 2.149
0 15.17 31.93 1.711
0 16.28 31.74 2.0122
0 14.8 27.72 2.6147
0 13.68 28.15 1.9388
0 14.91 31.78 1.8043
0 16.79 34.89 1.0655
0 18.67 37.02 1.3677
0 19.57 35.97 2.8531
0 17.04 36.72 2.7904
0 18.87 34.52 3.1737
0 17.43 31.66 3.2045
0 13.41 32.38 1.7716
0 15.35 34.57 0.8292
0 16.13 34.72 1.1185
0 16.38 35.17 0.8883
0 17.46 35.07 1.3866
0 15.17 32.56 2.3833
0 15.49 35.44 2.0448
0 19.13 35.73 2.2036
0 18.54 33.63 2.3939
0 13.59 32.19 1.5142
0 14.04 33.81 1.4351
0 15.47 34.49 0.3296
0 16.45 36.07 1.676
0 16.9 37.38 1.801
0 18.53 38.68 1.5869
0 19.33 38.26 2.3269
0 17.15 33.49 1.2677
0 16.71 35.15 0.5291
0 20.08 36.16 0.7415
0 20.8 38.03 1.8655
0 17.81 35.31 2.5754
0 12.81 31.25 2.0604
0 15.36 28.77 2.1716
0 13.9 29.69 2.1237
0 13.67 31.57 0.7674
0 15 33.27 1.0835
0 16.55 35.25 0.556
0 17.46 36.82 1.1846
0.325 17.82 32.69 2.1926
0.05 14.71 27.86 1.8623
3.25 15.27 26.21 2.4084
0.1 13.8 28.32 1.8491
0 15.58 30.68 1.9929
0 15.96 32.47 1.0071
0 16.47 36.09 0.8276
0 18.23 35.52 1.7553
0 16.33 33.55 1.0889
0 17.96 35.15 1.6359
0 17.46 36.48 1.8901
0 16.67 36.5 1.1974
0 16.58 35.97 0.7067
0 15.66 35.63 0.825
0 16.12 36.81 1.1097
0 17.01 37.05 0.4015
0 17.57 33.61 1.7327
0 14.07 24.91 2.5262
0 9.01 23.37 2.5245
0 9.98 25.3 2.2531
0 9.02 28.38 0.8632
0.025 11.69 25.24 3.2688
0 7.45 20.7 3.3549
0 6.65 20.8 0.3987
0 6.66 23.27 2.1278
0 8.45 26.33 1.0862
0 9.33 24.76 1.4212
0 9.04 24.95 0.6558
0 9.47 25.27 0.3835
0 9.69 23.11 1.6293
0.775 9.61 20.29 1.9075
31.5 13.6 18.21 6.8944
6.3 14.5 23.03 4.0442
0.025 17.34 26.69 1.155
0 16.16 26.62 2.3823
0 14.51 25.9 1.267
0 15.06 26.06 1.5949
0.175 10.25 19.95 1.8816
0.05 11.04 20.25 1.5728
0 9.58 22.11 1.1536
0 10.89 23.15 0.9103
0 11.37 24.91 1.3703
0 11.59 25.82 1.5303
0 12.67 25.05 1.5133
0 11.02 26.79 1.232
0 11.71 20.18 4.7123
0 8.04 17.51 4.8236
0 4.33 17.93 0.7818
0 5.33 20.99 0.2504
0 6.23 22.49 0.8904
0 8.13 23.27 1.0503
0 8.23 24.69 1.217
0 8.57 25.05 1.1203
0 8.9 25.29 1.729
0 9.27 22.46 2.3842
0 6.91 22.5 0.423
0 9.9 19.76 1.956
0 5.6 18.73 1.9939
0 4.14 17.97 1.0088
0 6.86 18.09 0.8929
0.125 7.44 16.96 0.6275
0.1 8.04 16.94 2.1872
0 3.44 16.4 1.5796
0 3.33 16.16 1.2646
0 1.12 17.15 2.4602
0 1.68 19.12 1.8406
0.05 2.48 19.73 1.0114
0.025 5.82 16.91 2.3613
0 0.9 15.17 2.0519
0.75 3.24 17.46 3.1234
0.2 3.61 13.83 1.3634
0 1.47 16.32 0.437
0 4.24 15.22 1.7924
0 1.57 16.41 3.3256
0 1.59 19.14 3.4851
0 2.79 20.05 2.2475
3.15 5.91 15.72 1.1478
0.225 7.15 18.22 5.0616
0 1.1 15.87 4.532
0 1.01 16.15 3.7224
0 1.12 17.08 1.3337
0 0.57 15.75 1.6331
0 -0.1 14.85 1.6311
0 0.79 15.27 1.8293
0 1.56 12.46 1.2253
0.25 -3.84 9.76 1.725
11.45 -0.92 7.78 0.7396
1.35 -3.62 7.11 0.392
0 -2.53 7.73 1.9239
2.4 1.06 9.04 3.3527
10.45 5 11.32 3.1905
11.4 8.65 13.55 3.8899
4.95 7.08 13.27 3.6841
0.925 5.83 14.57 0.5231
0 4.57 14.38 3.3264
1.1 6.87 14.74 2.7782
0 6.45 12.1 2.2024
0 6.11 10.03 2.643
0 4.52 10.8 3.9954
0.025 4.47 12.92 2.8103
3.875 6 12.39 1.6132
0.4 4.67 11.96 3.7308
0 1.66 10.63 2.0726
0 -1.3 11.36 3.7815
0 -0.74 13.58 3.9355
1.55 1.45 10.46 4.0646
4.2 4.88 13.2 2.0988
1.05 5.1 9.36 2.8104
1 4.07 11.33 0.7384
0.525 7.52 13.86 1.3658
0 6.83 11.86 2.6101
0 5.56 13.94 2.104
0.15 4.47 12.1 1.2213
0.025 7.01 9.5 3.8593
0 4.75 11.77 2.9417
0 4.81 9.67 2.9736
0 4.71 8.87 3.0995
0 2.13 7.27 2.3989
0.275 4.11 8.34 2.8374
0.025 5.44 9.06 2.4561
0 4.55 7.26 2.3416
0.225 5.01 8.82 3.2072
3.2 6.59 15.4 4.6577
10.6 8.81 16.81 1.999
0.1 4.57 14.98 1.0668
0.15 4.62 12.31 3.1419
0.2 6.34 13.09 2.6594
10.2 6.45 12.27 2.7402
13.85 9.04 14.26 4.9824
22.375 7.51 12.18 5.5337
13.85 6.99 13.07 6.4576
14.3 4.95 9.66 3.7817
3.7 3.73 10.48 3.4229
2.4 2.92 12.04 0.9508
0.125 1.91 10.34 2.4752
1.475 5.99 10.82 4.3862
1.875 7.36 11.16 3.076
0.1 5.48 13.48 1.1081
0 3.47 13.84 2.4159
0.45 4.91 15.25 3.1284
0.625 6.13 15.63 1.0599
0 2.88 12.99 1.3563
0 3.23 15.61 1.7159
0.05 5.73 13.2 2.107
0.8 3.24 16.57 0.6059
4.05 6.98 14.52 3.0326
1.675 9.67 15.92 3.4475
7.175 9.06 13.01 1.6279
0.85 7.26 12.35 2.6099
2.025 7.91 13.46 1.128
9.075 7.36 11.55 1.384
0.275 3.71 14.38 0.8262
0 7.03 14.62 1.1023
0 5.91 17.66 1.348
0 5.02 17.73 1.4326
0 4.05 18.27 1.5431
0 4.82 19.14 1.3901
0 6.9 19.35 1.7871
0 6.9 19.93 2.2932
0 7.15 19.29 0.8958
0.05 10.05 15.79 1.0339
0.125 7.38 15.05 2.1548
6.4 7.15 12.36 2.8348
0.625 5.82 13.46 1.8053
25.525 5.58 11.13 3.7031
3.95 8.8 14.55 2.559
0.025 7.47 16.57 0.8595
5.925 8.36 17.47 4.403
2.9 8.9 15.07 1.1625
0.025 4.7 17.02 0.4505
0 6.33 17.35 1.9479
2.925 7.34 15.55 2.6921
11.675 6.11 10.87 3.1705
2.925 5.48 13.22 2.6156
0 2.12 13.93 1.1477
0 7.45 16 2.256
0.075 5.71 18.24 1.29
0.15 5.72 14.78 2.7235
0.35 3.58 13.07 3.7532
1.05 4.13 12.51 2.3691
0 1.25 15.67 0.1989
7.1 5.02 14.08 1.9229
1.475 3.5 14.2 2.5683
0 2.78 15.9 2.2138
0 4.12 18.78 3.27
0 6.69 23.2 1.2731
0 10.2 24.05 1.1019
0 8.34 23.16 2.7367
0 5.55 24.11 2.057
0 7.34 24.03 1.5624
0 7.47 22.31 0.4024
0 9.25 20.43 1.9683
0 8.34 21.92 1.6147
0 6.92 23.03 1.4323
0.05 6.93 19.04 2.0713
0.025 5.38 18.27 2.3843
0 4.4 20.6 2.1754
0 6.78 24.22 0.8585
0 7.14 24.18 2.2168
1.35 6.94 17.94 4.766
1.025 5.94 15.44 2.5588
0 5.15 15.61 0.9686
1.4 3.77 14.42 1.891
0.25 5.28 14.06 1.7859
11.075 3.91 13.28 2.7731
6.925 5.9 14.84 2.6491
0 4.94 17.02 1.0094
0 4.56 20.32 1.8805
0 7.22 21.72 1.1838
0 8.92 21.62 1.1273
0.375 8.47 18.23 2.0366
13.375 7.83 14.28 4.6561
8.55 7.61 15.37 4.2429
1.275 5.36 17.83 1.0935
0 6.24 18.8 0.7715
0 7.03 20.91 0.9252
0 9.14 22.15 1.7658
0 8.8 23.15 1.6085
0 8.26 25.14 1.1693
1.5 10.91 25.05 1.4798
20.75 8.06 17 2.2933
7.875 7.05 11.33 3.4442
0.925 6.92 14.54 2.2427
0 7.16 20.38 1.4337
0 9.25 23.78 1.3363
0 10.9 27.11 1.3733
0 9.69 27.69 0.9906
0 10.31 21.64 3.5735
1.875 6.47 16.38 4.4134
0.55 5.82 17.72 3.6668
0 7.9 20.11 3.5536
0 8.8 23.88 2.2918
0 12 26.34 2.0849
0 9.56 29.66 1.0509
0 12.39 26.91 2.3983
0 11.35 23.56 3.9695
0 9.52 22.84 2.4819
0 7.56 25.55 0.9792
0 9.02 24.21 2.7731
1.175 9.04 19.5 3.6224
2.575 7.8 16.98 2.7322
0.425 5.46 20.26 3.5531
0 8.02 24.42 2.1829
0 10.24 26.8 1.0892
0 11.26 28.25 0.9033
0 11.26 29.28 0.7329
0 12.7 27.56 1.2367
0.475 11.52 20.77 1.7373
0.275 13.03 22.67 1.2284
0 11.57 23.85 1.535
0 10.5 24.09 3.5786
0 9.47 20.01 4.322
0 6.33 18.66 3.6246
0 7.92 21.03 4.2624
0 8.25 21.41 2.2599
5.675 9.23 20.85 1.543
4.35 10.94 22.39 2.4241
3.05 10.17 19.78 2.1544
0.2 7.94 20.4 3.0998
0 12.1 25.75 2.1516
0 12.15 29.99 1.087
0 15.14 29.09 2.5608
0 14.28 26.23 2.9741
0 13.02 29.9 2.5033
0 16.48 29.62 2.4616
0 17.16 30.97 2.3937
0 17.61 32.84 2.04
0 18.04 33.15 2.9666
0 15.58 30.44 3.2648
0 13.82 30.51 3.0082
0 14.27 27.37 3.5719
0 11.81 25.82 4.7631
0 14.55 27.73 5.005
0 15.7 31.68 3.4072
0 16.13 35.02 1.0594
0 16.1 36.36 1.8887
0 14.25 31.28 2.7704
0 12.25 29.11 3.1341
0 12.46 30.57 1.9352
0 12.69 28.88 2.5901
0 9.91 26.11 2.9641
0 9.47 27.28 2.7757
0 12.8 30.23 2.1323
0 14.96 33.01 1.4888
0 17.83 34.41 2.2453
0 16.03 31.57 2.2231
0.9 13.36 29.66 2.8712
0 15.15 33.05 2.7311
0 19.11 36.8 1.4885
0 21.27 38.71 1.8789
0 20.03 36.36 2.8497
0 17.02 33.56 2.9584
0 12.36 31.55 2.852
0 14.47 30.42 3.0498
0 15.92 32.48 2.5757
0 15.68 35.02 1.0611
0 17.12 35.51 2.0804
0 15.17 32.03 2.7316
0 13.5 31.94 2.573
0 14.73 33.39 2.748
0 14.95 34.16 2.4417
0 15.95 37.28 1.8461
0 16.81 35.78 2.0388
0 17.17 33.53 2.9909
0 15.17 31.98 2.9304
0 16.62 34.7 1.99
0 20.92 37.48 1.888
0 21.8 38.85 2.7085
0 20.58 38.2 2.6599
0 19.15 38.27 2.5645
0 17.85 36.53 2.2831
0 16.37 34.57 2.0797
0 15.27 32.56 2.0592
0 13.28 33.63 1.0895
0 15.27 34.72 2.3074
0 17.53 35.95 2.2752
0 18.18 34.54 2.7262
0 15.07 31.47 2.6417
0 13.72 30.2 1.8503
0 12.82 29.84 2.1652
0 13.62 32.26 2.1364
0 15.26 33.29 2.2502
0 14.42 33.18 2.1872
0 13.86 33.33 1.9402
0 14.89 34.27 2.2249
0 14.49 34.44 1.4025
0 15.75 34.05 1.9536
0 14.17 32.46 2.003
0 13.82 32.74 1.958
0 14.16 32.97 2.3968
0 15.58 31.11 2.5821
0 14.64 31.28 1.7311
0 15.87 32.08 1.6717
0 13.72 29.03 1.9966
0 13.04 30.59 1.3329
0 16.46 32.39 1.7751
0 14.73 31.33 2.5783
0 14.65 31.89 2.8433
0 15.65 34.94 1.425
0 15.94 33.33 1.4402
0 14.28 32.14 1.4962
0 13.61 33.17 1.9833
0 15.58 33.85 2.2431
0 14.4 30.07 1.6001
0 12.49 29.98 1.9123
0 14.13 33.13 2.1073
0 16.8 37.21 1.584
0 19.38 40.26 0.4688
0 19.18 36.59 1.8356
0 16.78 33.4 2.2836
0 12.31 27.67 2.5348
0 11.8 27.99 2.3968
0 11.91 26.61 2.5777
0 12.47 29.91 1.6706
0 13.85 32.17 0.9177
0 16.02 36.35 0.2037
0 16.53 37.46 1.2916
0 16.27 36.2 1.0643
0 16.48 34.09 2.2442
0 16.39 33.72 1.1133
0 14.97 33.3 1.8474
0 13.17 27.78 2.5717
0 10.13 24.59 2.0133
0 11.55 27.4 0.8059
0 12.35 30.58 0.5247
0 13.57 33.18 0.9779
0 13.61 30.47 1.4479
0 11.7 30.79 1.3784
0 11.44 30.93 1.3834
0 12.35 31.5 1.9943
0 13.78 30.79 1.5688
0 14.59 30.4 1.3304
0 13.49 28.16 1.1771
0 13.29 28.41 1.5835
0 12.8 27.81 1.391
0 10.46 26.53 2.6214
0 9.93 26.74 1.5013
0 11.57 29.52 0.8232
0 13.22 34.08 1.1163
0 14.81 34.91 1.042
0 14.62 36.79 1.2358
0 17.07 37.73 0.8515
0 17.67 37.87 0.6182
0 16.92 36.77 0.5091
0 16.99 34.16 0.6055
0.475 18.15 35.14 0.862
2.275 17.99 35.44 1.2313
1.85 13.55 25.6 1.753
1.075 13.92 20.82 1.1065
0.3 10.5 22.38 0.7567
0.875 12.32 22.69 1.6187
0 10.58 24.92 0.8786
0 10.8 26.74 2.0651
0 11.77 29 1.7534
0 14.83 30.23 1.7413
0 15.4 30.85 1.8738
0 14.39 32.5 1.2336
0 14.36 34.84 0.495
0 14.17 34.07 0.2902
0 16.04 31.17 0.8472
1.95 15.64 30.36 0.9293
0.575 10.54 22.13 1.2018
0 10.9 23.19 1.5287
0 10.99 26.58 0.7334
0 11.15 24.67 1.7553
0.425 10.92 22.25 1.4985
6.3 12.3 21.33 1.6616
9.825 13.68 19.35 4.4191
4.425 10.77 18.76 3.1998
0 7.64 19.44 1.9083
0 4.63 19.95 2.5481
0 6.53 23.87 3.3912
1.075 9.88 22 2.3311
2.85 11.34 22.66 1.7857
0.275 7.77 19.8 1.0697
0 7.77 22.49 1.9056
0 8.06 24.19 2.7559
0 9.47 26.05 2.3872
0 10.38 27.45 1.5817
0 11.89 28.55 1.1148
0 11.16 27.02 1.8927
6.55 9.1 19.22 2.8843
4.5 6.69 15.82 2.5576
0.75 3.49 17.38 0.4546
0.5 6.94 17.02 1.6963
0 5.71 16.94 2.411
0 3.18 18.28 1.3809
0 5.02 17.97 2.9366
0 5.22 20.25 1.8374
0 6.81 22.05 2.665
0 6.89 21.34 1.3107
0 6 21.97 1.6317
0 5.89 22.02 1.4028
8.45 6.95 17.8 2.0217
20.525 5.45 12.62 2.7655
9.9 4.65 12.97 4.4953
3.825 5.4 12.3 2.4735
6.5 5.56 12.3 3.3863
3.45 0.93 9.4 1.3717
0 -1.33 10.26 2.7609
0 -1.09 12.29 3.2021
7.55 3.56 11.23 2.2629
3.65 3.47 12.75 2.3973
0 -0.72 12.18 2.2995
0 -0.44 11.38 3.0012
0 0.45 12.21 2.2265
0 1.87 12.61 2.6741
0.025 4.78 12.88 1.2405
2.275 7.53 15.63 2.6299
8.7 8.08 16.49 2.8638
4.5 8.51 18.31 3.5168
0.1 4.48 17.6 2.0801
1.725 6.4 15.35 2.1264
0.925 8.33 15.74 1.1486
0.15 9.32 17.96 1.2984
0.05 11.01 16.96 0.4267
0 10.62 15.48 2.4317
0 9.8 14.68 1.3655
10.5 9.5 12.61 1.5043
4.9 4.6 13.12 1.4234
1.4 2.68 10.96 2.0941
16.225 5.56 11.61 3.6745
16.1 9.36 13.61 5.2133
12.775 11.03 14.81 5.6771
6.75 7.4 12.78 2.2979
4.625 4.93 11.03 2.9008
10.05 8.32 14.25 2.0692
2.25 7.62 14.58 0.3714
0 4.25 12.81 3.021
12.75 6.56 13.94 5.4533
3.95 4.26 15.79 1.8232
0.05 4.3 13.83 0.7021
22.275 3.95 12.4 2.0235
18.25 6.76 11.77 4.1446
1.025 0.32 10.15 2.3477
0.125 -2.04 9.5 1.4131
10.825 2.15 10.45 4.5356
21.9 4.93 9.29 5.0009
2.75 3.36 9.71 2.3602
0.125 0.48 8.89 3.1275
0 0.42 9.39 3.7251
0.05 2.01 7.12 4.7899
0.05 2.21 6.13 2.9416
0.025 2.37 6.72 1.4997
0 0.6 4.82 1.7057
0.5 -2.11 8.04 2.7996
1.65 1.54 8.25 3.4931
0.2 3.81 13.73 2.3718
0.675 2.55 13.37 1.5053
0.275 5.55 12.92 1.2705
0 3.11 12.35 2.6553
0 6.9 12.09 1.2112
0 8.15 11.83 1.0434
0 7.31 12.65 2.6004
0 3.82 11.85 1.773
0 1.81 14.88 3.9649
0 2.01 16.8 3.5208
0 3.22 15.43 2.5068
0 3.23 15.89 3.9736
0 2.57 16.96 1.6254
0.125 4.2 12.97 2.0279
0 4.03 11.58 4.8041
0 4.13 12.04 3.4501
0.2 3.32 9.99 1.6619
2.725 3.51 10.31 0.4675
5.325 5.3 13.34 1.8119
1.025 3.28 13.38 1.2206
0 2.17 13.1 1.4392
0 0.85 14.86 3.0081
0 0.99 14.36 1.9454
0 1.76 16.25 2.3164
0 2.69 17.6 1.783
0 3.86 19.01 2.0178
0 5.1 20.49 0.8756
0 5.52 20.83 2.3949
0 1.14 15.23 3.232
0 0.83 16.81 3.6557
0 1.91 17.97 3.8898
0 2.07 20.35 2.9832
0 2.09 21.73 1.0013
0.125 6.8 18.77 3.7839
4.475 8.86 17.88 4.3742
7.925 8.39 17.65 5.3549
20.725 4.8 10.95 4.5647
21.55 4.54 8.82 2.7132
8.05 2.47 10.64 2.792
0.925 2.05 12.4 0.7722
0 2.89 12.11 0.9594
0 1.74 13.61 0.5632
0 1.41 14.86 0.7695
2.9 2.24 12.73 1.9877
10.15 5.13 11.68 5.0881
2.775 -0.66 10.26 1.126
0.025 -1.55 11.29 0.3437
0 -0.47 14.47 2.1307
0.65 0.74 15.85 1.806
2.375 5.64 16.91 3.9026
1.125 8.13 19.26 1.1113
0 3.91 18.82 1.3744
0.725 6.61 18.17 0.7857
6.25 8.35 18.63 1.7453
2.55 7.74 16.08 4.3205
0.625 6.85 17.33 0.4039
0 6.3 18.89 1.3846
0 7.43 20.45 0.5915
0 6.03 17.28 1.5558
0 5.3 18.35 0.6233
1.875 7.63 19.18 1.1986
0.85 11.74 21.25 1.1422
1.925 10.23 22.23 1.2737
2.5 11.27 22.8 1.9958
0.275 5.59 18.81 0.9354
7.625 4.57 16.48 3.439
12.9 4.98 13.13 4.6799
27.4 6.65 11.89 5.0931
14.55 4.75 11.1 2.231
1.8 2.96 14.51 1.5272
5.25 5.1 15.36 5.1802
16.775 6.87 12.55 5.31
7.475 4.5 13.01 3.4673
11.7 7.33 13.55 3.0163
2.3 5.23 15.17 1.2538
0 8.05 16.69 0.9257
0 5.8 20.04 1.8756
0 8.67 22.17 2.3396
0 10.18 25.28 2.3823
0 10.98 27.47 1.6683
0 12.91 28.55 1.2504
0 9.06 20.64 1.6538
0 6.24 24.59 1.6187
0 8.77 25.13 1.6884
0.475 9.4 23.97 2.2737
6.8 6.13 19.06 3.4482
2.225 2.82 13.46 1.5714
0 2.42 16.48 1.4642
0 3.6 19.05 0.6347
0 6.27 18.8 1.897
0 5.6 19.95 1.9904
0.075 4.6 18.1 2.592
0.025 4.4 17.27 0.7688
0 6.36 21.9 0.8231
0 9.53 24.38 1.9555
0 11.05 25.42 2.441
0.075 11.87 23.33 2.4419
0.025 12.97 22.38 1.6029
0.2 12.97 22.86 1.9704
0.275 12.06 21.79 2.0478
0.675 8.93 20.82 1.114
0.325 7.67 21.8 1.0663
0.1 9.5 21.7 1.8614
0.05 9 22.11 2.0389
0 6.94 21.64 3.0017
0 6.56 23.1 1.3259
0 8.51 23.28 2.4768
0 8.27 21.76 4.8671
0 7.09 22.27 3.5807
0 6.87 25.93 1.6971
0 8.97 28.18 0.5328
0 10.41 27.84 1.2301
0 12.25 29.82 2.8554
0 13.33 32.86 0.885
0 11.67 29.15 1.7005
0 8.54 25.25 2.0847
0 10.11 24.27 2.8439
0.475 6.18 19.62 3.243
0.25 7.16 23.08 2.7332
0 8.3 25.48 1.9646
0 9.54 26.93 1.4765
0 9.83 27.15 1.0881
8.25 8.97 22.79 2.63
7.5 7.44 18.43 2.3532
1.425 6.23 16.61 1.5015
6.875 8.51 16.89 3.3706
5.7 9.34 17.87 2.2444
0.15 7.75 23.39 3.0306
0 9.87 26.62 1.9663
0 11.44 27.1 2.4135
0 9.91 25.72 3.4257
0 8.59 22.5 4.7055
0 7.62 23.76 2.6995
0.575 9.92 22.87 2.4863
0.25 8.2 22.54 2.3001
0 10.17 22.61 3.0327
2.95 8.49 22.8 4.0759
0.625 7.94 20.88 4.7889
0 8.3 22.65 2.6418
0 8.56 23.76 2.2356
0.75 11.47 21.44 2.5791
0.3 7.4 20.81 1.6397
0.375 8.05 22.01 0.4967
18.4 9.84 20.12 3.568
17.75 12.89 22.47 0.956
14 12.26 22.44 2.9454
0.025 10.28 23.79 2.3636
0 11.31 27.22 3.1364
0 12.09 29.91 1.9517
0 12.61 29.55 2.9627
0 11.85 25.47 3.2977
0 11.77 28.8 2.7866
0 13.31 30.35 2.779
0 15.66 33.13 2.4772
0 17.26 34.08 2.2517
0 16.44 32.9 2.889
0 14.01 31.38 2.0139
0 13.28 31.58 2.7298
0 14.69 32.21 2.2723
0 16.27 33.8 0.7002
0 18.95 37.17 0.857
0 20.23 38.55 2.4497
0 16.57 36.41 2.4526
0 14.11 32.86 2.5506
0 13.44 32.18 2.7405
0 14.13 32.14 2.6199
0 14.84 33.69 2.678
12.725 15.77 33.21 2.0422
7.85 13.44 24.71 2.2432
0 12.35 27.97 2.4737
0 13.54 30.89 1.8186
0 15.33 33.25 1.2672
0 16.05 37.18 0.9475
0 18.75 38.65 1.5539
0 19.37 39.42 1.7517
0 20.16 39.56 2.4811
0 19.86 39.47 2.5346
0 18.63 38 2.0421
0 17.38 37.86 2.5174
0 13.7 35.58 2.2958
0 13.03 33.25 2.3058
0 12.39 32.09 2.4175
0 13.52 31.86 3.0448
0 12.42 29.63 2.7702
0 11.94 28.6 3.348
0 12.47 29.05 2.977
0 12.17 29.27 1.9376
0 13.73 31.05 1.0884
0 15.05 31.67 1.9678
0 15.59 31.35 1.8056
0 16.77 35.64 2.3201
0 16.05 35.49 2.7015
0 16.95 34.69 1.9302
0 16.12 35.16 1.6448
0 15.22 34.9 2.0836
0 13.85 34.32 2.106
0 14.54 34.8 1.7541
0 15.17 36.12 1.8526
0 16.16 36.74 2.536
0 15.37 36.29 2.9151
0 17.57 36.6 1.9465
0 16.84 34.38 1.2312
0 15.63 34.62 1.7506
0 15.63 34.67 2.0445
0 13.93 32.84 2.9032
0 13.5 33.12 2.4428
0 15.28 33.77 2.8986
0 15.63 32.48 2.347
0 14.49 33.25 1.8312
0 13.96 34.13 1.9389
0 15.81 34.77 2.242
0 14.94 33.96 2.611
0 14.92 33.02 2.0155
0 16.82 34.43 1.2607
0 16.75 34.83 2.0819
0 15.2 34.22 1.7091
0 14.54 34.21 1.6734
0 15.07 34.63 1.8767
0 14.86 34.73 2.0319
0 14.8 33.65 2.7187
0 13.5 33 1.8048
0 13.35 32.26 1.1848
0 13.99 31.99 1.1345
0 15.17 34.97 1.0976
0 16.93 35.93 1.8955
0 15.7 35.17 1.1663
0 16.99 35.69 0.6585
0 17.5 35.24 1.0434
0 17.01 36.07 1.2842
0 16.1 35.23 1.8771
0 14.74 34.24 1.7002
0 14.07 32.9 1.6436
0 15.04 32.76 0.8005
0 15.73 34.67 0.4396
0 15.77 35.47 0.9331
0 15.32 34.39 1.0504
0 13.8 34.03 1.7846
0 14.48 34.86 1.1075
0 16.33 36.32 1.2352
0 15.74 35.52 1.2793
0 15.45 35.76 1.4512
0 18.08 36.55 0.7241
0.175 17.31 31.84 1.5344
0 15.57 30.7 1.606
0 15.09 33.35 0.8052
0 17.09 33.6 1.5548
0 15.22 32.91 2.3348
0 12.98 30.53 1.7285
0 11.47 30.39 1.8229
0 13.45 30.96 0.6316
0 14.86 33.55 0.4443
0 16.47 35.65 1.129
0 15.78 36.44 0.7869
0 16.79 36.16 0.5199
0 17.06 37.16 0.6089
0.075 18.73 37.99 1.536
0.025 13.75 27.93 2.0556
0 12.36 25.8 2.2599
0 13.18 29.92 1.14
0 15.03 33.55 0.6733
0 15.35 34.59 0.9859
0 15.38 31.12 1.0983
0 12.64 28.25 1.9363
0 12.8 27.21 1.6016
0 12.04 24.63 1.7102
6.225 12.19 24.04 2.0146
17.85 11.4 23.57 3.2373
3.325 8.73 17.98 0.8651
1.025 7.05 18.92 0.9823
0 8.04 22.39 1.0561
0 9.28 24.66 1.1798
0.2 11.61 24.24 1.3442
0.1 13.83 24.93 1.4867
0 13.36 25.78 1.1202
0 11.71 28.68 0.9243
0 13.79 30.2 0.5861
0 15 30.31 0.891
0 14.77 28.18 0.9955
0 12.95 29.47 1.4054
0 13.8 29.87 1.1112
0 13.15 27.27 1.2323
0 11.92 26.22 0.9575
0 11.16 26.52 1.0956
0 12.51 28.55 1.9197
0 11 29.08 1.3156
0 11.61 28.94 1.489
0 10.84 25.39 1.3582
0 8.04 23.12 2.4587
0 7.36 22.38 2.828
0 7.37 24.12 1.6485
0 7.69 24.59 1.0306
0 8.36 25.13 1.9422
0 8.84 26.12 0.6527
0 9.31 26.12 3.0881
0 7.54 22.98 3.9567
1.25 5.85 23.45 2.8677
1.6 5.89 18.36 1.6236
1.75 2.74 14.03 0.2863
2.975 5.42 14.51 1.2408
0.125 5.08 14.99 0.7486
0 2.32 15.57 1.9096
0 2.04 17.23 2.9534
0 2.57 18.98 3.2645
3.4 7.43 17.9 4.0938
1.25 7.13 18.63 0.9392
0 7.35 18.53 0.4695
0 8.21 17.94 1.1925
0 5.8 18.57 0.9317
0 4.93 19.07 0.9938
0 5.73 20.68 0.718
0.05 6.53 20.56 2.5703
2 4.25 15.09 1.9008
2.875 3.84 14.3 4.0823
0 2.83 13.37 1.8305
0 2.2 15.03 2.6022
0 3.19 15.25 3.861
0.475 5.69 15.82 1.7752
1.8 4.02 15.98 0.5989
0 4.55 16.9 2.6415
0 3.76 15.35 2.2463
0.175 4.5 18.11 1.0646
0 4.97 11.88 1.5056
0 6.05 15.94 3.9083
0 4.56 18.33 7.4341
0 2.37 17.1 3.2367
0 0.97 16.8 4.0407
0 -0.98 15.98 2.4377
0 -1.79 14.46 3.3974
0 -1.39 14.9 2.8883
0 -1.2 14.96 2.9122
0 -0.9 15.04 2.6777
0 -1.3 15.29 3.825
0 -1.24 16.13 2.8384
0 0.32 15.01 0.5344
0 2.42 12.25 1.3917
0 1.68 14.04 1.2926
0 -0.65 14.44 1.0084
1.35 1.48 12.48 0.8857
0.55 -0.59 12.09 4.7176
0 -0.99 11.82 4.0207
0 -0.71 11.09 2.2155
0 1.26 14.83 3.7579
0 -0.8 11.87 3.8159
0 -2.38 12.57 3.0445
0 -2.59 14.7 4.422
0 -2.77 12.76 3.7918
0 -3.46 13.01 4.5404
0 -2.19 14.54 3.297
0 -2.72 14.68 1.1557
0.05 -1.69 14.36 1.1756
0 -0.5 15.26 1.3385
0 3.24 15.43 0.8521
0 2.92 15.45 0.8821
0 2.75 13.61 2.2594
