0.1 6.04 8.27 1.5124
2.125 7.14 8.84 0.8442
0 0.58 10.48 2.1026
0 -2.23 11.09 2.7802
0.775 3.84 8.37 1.6406
0 1.68 9.91 0.317
0 0.51 9.41 1.3968
0 2.12 11.57 1.304
0 1.73 13.81 3.6372
0 0.53 14.95 3.5226
0 0 16.03 2.4729
0 1.06 17.74 4.9278
0 1.2 19.97 4.1904
0 1.19 19.39 3.7445
0 1.13 19.96 3.7057
0 3.26 19.91 4.7878
0 2.23 19.96 3.8273
0 2.72 20.48 4.2834
0 0.66 21.07 4.5831
0 1.73 20.45 3.1649
1.45 5.59 14.44 2.5569
7.8 10.47 14.41 2.0557
12.725 11.57 13.83 1.6885
1.175 10.53 17.08 1.6089
7.425 6.08 14.37 3.0501
0 4.43 12.76 1.4642
0 1.66 13.28 0.9336
0 1.11 14.39 1.5676
0 1.71 16.05 3.5841
0 2.19 18.25 4.0384
0 2.24 19.37 2.3387
0 2.81 18.26 2.3962
0 2.84 19.94 3.9919
0 2.8 20.47 3.7297
0 2.84 19.94 2.909
5.8 9.91 16.06 3.2252
2.825 8.9 15.46 3.2876
0.025 7.28 16.67 2.3108
1.5 4.52 16.57 1.2032
0 4.46 12.73 2.8417
1.2 0.56 13.26 0.3185
3.625 6.55 13.79 2.187
0.975 5.55 13.26 1.3021
11.125 6.06 11.07 2.8043
0.025 6.6 13.81 3.6452
3.6 8.87 12.25 6.7969
10.4 8.84 13.28 5.3625
4.875 8.29 12.2 4.4363
0 3.35 15.5 1.838
0 4.33 18.23 3.4615
0 5.03 18.28 2.6581
0.5 4.48 16.04 3.4409
1.8 12.18 16.03 4.43
11.2 9.87 18.84 3.2431
0 8.32 18.83 1.3836
0 9.97 18.81 1.6505
0.725 9.45 19.39 1.9015
0 6.09 17.19 0.6975
0 6.69 17.74 3.3403
2.4 12.15 16.6 3.2443
3.025 11.16 19.39 4.3299
2.525 9.93 16.12 4.9524
3.8 5.63 14.51 2.3756
0 3.37 15.53 1.2305
0 4.52 15.44 1.8792
0 3.84 16.66 0.3728
0 3.35 18.88 1.5808
0 4.99 13.35 2.9509
0 1.61 14.95 0.9615
0 1.66 17.71 0.4874
0 5.97 19.93 1.521
0 4.97 21.58 1.4451
0 6.61 16.71 1.5666
0 8.2 20.55 2.0536
0 8.38 21.63 2.3786
0 9.92 21.63 1.2137
0 9.91 22.7 1.8081
0 10.55 26.06 1.9214
0 10.54 24.43 1.5744
3.675 8.9 18.97 1.4637
1.25 7.2 15.48 3.6204
0 4.94 16.02 2.6783
0 2.86 20.97 1.9651
0 5.6 23.21 1.5603
0 10.47 25.43 2.4452
0 11.63 25.45 1.6462
0 10.02 27.13 1.5324
0 11.05 20.53 3.9574
0 7.78 20.97 2.3016
0 5.59 23.76 1.0777
0 12.06 25.95 3.491
0 8.88 22.7 2.8841
0 8.3 20.48 5.109
0 6.56 20.47 1.8024
0 5.03 25.96 2.1244
0 7.73 28.76 1.5875
6.9 10.44 20.04 1.2877
0.5 9.95 18.82 2.4689
4.125 10.47 15.56 1.7596
1.775 9.96 18.7 2.4198
0 6.1 20.98 3.7798
0 8.8 24.82 2.007
0 10.97 23.77 2.9134
0 8.84 17.16 5.5195
0 7.2 18.74 5.3263
0 5.99 22.62 2.9195
0 7.72 26.53 1.6953
0 11.07 29.27 1.9829
0 11.76 33.79 1.9774
0 14.55 35.92 1.5062
0 15.12 36.48 1.4693
0 15.61 37.04 1.5083
0 13.31 27.18 1.8201
0 8.94 22.16 2.9441
0 5.62 23.78 3.316
0 5.6 23.2 2.3952
0 7.81 22.66 2.274
0 5.1 18.85 2.8564
0 6.12 22.06 2.1133
0 7.74 24.28 2.1129
11.5 14.32 22.2 1.6623
0.6 13.83 20.97 2.5003
0.025 14.89 23.18 3.1841
0 14.36 26.52 1.7504
0.025 17.14 28.2 3.1657
0 14.34 29.82 1.5207
0 13.28 29.24 3.4132
0 14.36 30.39 2.6445
0 12.82 32.05 2.6216
0 14.31 33.18 2.2251
0 14.97 32.1 3.3498
0 12.71 28.72 3.5298
0 12.84 30.31 3.4802
0 15.01 30.41 3.3098
0 15.5 33.7 2.8996
0 15.6 38.14 1.3134
0 19.46 41.46 0.1984
0 21.03 38.29 1.8465
0 17.74 32.73 2.0516
0 14.32 30.43 1.5239
0 13.87 33.75 1.3826
0 13.81 33.22 2.341
0 12.73 29.36 2.8994
0 11.11 26.57 2.7956
0 11.05 30.91 2.6605
0 14.94 34.83 2.2246
0 18.33 37.06 1.4094
0 18.84 36.53 2.3416
0 16.65 33.23 2.2964
0 13.84 30.5 2.5127
0 13.84 30.98 2.4231
0 13.82 28.78 2.6439
0 16.02 28.74 2.4021
0.125 16.6 29.36 0.8454
0.075 14.31 27.12 2.236
1.225 14.38 22.73 2.5168
0 13.28 26.52 1.5853
0 13.25 29.27 2.5224
0 13.83 29.84 2.6158
0 13.25 27.19 3.2609
0 14.48 26.53 2.8865
0 13.84 27.65 3.4367
0 14.34 27.13 2.7266
0.6 16.05 27.69 3.1598
0 14.41 27.7 2.1977
0 14.39 26.65 2.4322
0 14.43 30.94 3.0144
0 14.97 30.48 3.3186
0 16.54 36.45 2.6821
0 17.83 34.89 3.3028
0 12.87 29.98 3.4853
0 11.23 28.22 3.5974
0 14.02 33.14 2.1361
0 15.58 36.49 1.1255
0 17.77 38.2 1.7711
0 16.05 35.46 2.5774
0 15.48 34.34 1.9914
0 18.33 40.37 1.2772
0 22.17 43.67 1.1311
0 22.71 42.59 2.4216
0 18.83 38.26 2.4169
0 18.31 36.59 2.1552
0 16.66 37.12 1.9209
0 16.59 37.13 2.5027
0 16.66 34.4 2.314
0 16.1 32.68 2.4807
0 13.26 32.1 2.4239
0 13.85 33.21 2.4905
0 14.95 32.65 2.828
0 16 32.11 2.8835
0 13.95 32.68 2.3014
0 18.85 32.18 1.9228
0 19.41 33.79 2.3651
0 17.24 35.93 2.0602
0 17.83 38.77 0.9773
0 18.49 39.43 1.5669
0 20.54 39.37 1.5566
0 20.47 39.94 1.5824
0 22.13 40.49 1.9074
0 22.61 41.5 1.4647
0 21.02 38.85 2.4137
0 18.39 36.09 2.5566
0 17.73 34.42 2.655
0 16.63 34.94 2.2237
0 14.48 32.19 2.1163
0 13.88 33.81 2.1521
0 17.67 37.66 1.9745
0 19.95 38.79 2.2048
0 18.87 35.54 2.6075
0 16.65 33.35 3.021
0 15.57 32.25 2.8687
0 16.1 33.28 3.2033
0 17.71 34.41 2.8247
0 15 32.19 2.5706
0 15 30.58 2.0444
0 15.01 32.19 1.7212
0 16.11 31.66 1.9692
0 14.5 26.66 2.5042
0 14.44 28.83 1.9492
0 15.54 33.23 2.0517
0 17.22 36.03 1.4936
0 18.9 38.23 1.4048
0 19.97 36.09 2.7778
0 18.2 37.16 2.9259
0 19.44 34.95 3.3321
0 17.32 31.15 3.2168
0 13.8 33.22 1.9964
0 15.06 35.49 1.1669
0 16.15 35.49 1.3758
0 16.64 35.51 0.972
0 17.77 34.99 1.4308
0 15 32.21 2.4531
0 16.05 36.57 1.9881
0 19.41 36.55 2.1206
0 18.41 33.86 2.1833
0 13.39 31.73 1.5369
0 14.4 33.88 1.4723
0 16.55 34.44 0.3995
0 17.17 36.58 1.798
0 16.72 38.23 2.1811
0 19.44 39.9 1.9457
0 18.49 38.36 2.202
0 17.21 32.24 1.1332
0 16.67 35.5 0.6198
0 21.09 36.61 1.0147
0 21.11 38.81 2.1878
0 16.8 35.02 2.7508
0 13.78 30.57 2.1462
0 15.57 28.83 2.3934
0 14.93 30.5 2.5377
0 13.94 32.19 1.0998
0 15.56 33.84 1.2278
0 17.22 36.06 0.7126
0 17.32 37.73 1.3908
0.6 17.3 31.18 2.3596
0.025 14.97 26.19 1.7879
4.225 15.53 26.08 2.2769
0 14.43 29.4 2.0582
0 16.07 31.61 2.324
0 15.55 33.28 1.5367
0 16.16 36.67 0.7021
0 18.36 34.54 1.6211
0 17.2 33.32 1.16
0 17.24 35.56 1.4054
0 17.29 37.16 1.685
0 15.72 37.15 1.2423
0 15.7 36.05 0.884
0 15.11 35.56 0.8558
0 15.15 37.19 1.0606
0 16.24 37.22 0.355
0 18.27 32.27 1.6096
0 13.86 22.85 2.6801
0 9.5 24.39 2.6701
0 11.11 26.65 2.1769
0 8.45 28.33 1.0958
0 10.19 24.48 3.4174
0 6.86 19.99 3.3357
0 7.75 21.62 0.4979
0 6.75 23.83 1.8454
0 8.44 27.18 0.9392
0 9.99 24.49 1.4434
0 9.41 24.99 0.6612
0 9.96 25.54 0.4442
0 9.99 22.77 1.5767
0 9.44 20.54 2.013
32.625 13.8 17.84 7.0282
0.125 16.04 24.91 4.0037
0 17.74 27.11 1.3138
0 16.13 26.59 2.5054
0 13.94 26.7 1.5626
0 16.01 26.14 1.672
0.025 11.04 18.93 1.7495
0 11.11 21.13 1.3181
0 9.53 23.27 1.2844
0 11.15 23.84 1.2831
0 11.17 25.53 1.6232
0 11.2 26.13 1.7454
0 11.83 25.54 1.4905
0 10.15 27.24 1.3269
0 11.7 18.96 5.0402
0 7.91 17.75 4.8265
0 5.53 18.81 0.9156
0 5.11 21.67 0.4394
0 6.19 22.8 0.9901
0 7.86 23.88 1.2152
0 7.88 25.5 1.2076
0 8.4 25.02 1.1589
0 8.45 25.02 1.8377
0 8.94 21.69 2.6073
0 8.39 23.28 0.4524
0 10.04 19.97 2.1213
0 5.63 18.86 2.1073
0 3.5 17.8 0.9955
0 7.79 17.77 1.0639
0 7.84 17.19 1.0702
0 8.34 17.72 2.3851
0 4.45 16.64 1.6975
0 3.41 16.66 1.3416
0 0.67 17.77 2.1857
0 1.21 18.95 1.6461
0 1.77 19.44 0.7384
0 6.62 16.64 2.6895
0 0.16 15.53 1.8915
0.375 3.85 17.8 2.9723
0 2.85 12.75 1.4794
0 1.19 17.78 0.4685
0 3.93 14.98 1.6146
0 1.71 17.76 3.0068
0 1.2 19.95 3.1159
0 2.32 20.04 1.9612
2.925 5.6 14.97 1.389
0 7.21 19.4 5.3088
0 0.71 16.07 4.3404
0 0.67 17.19 3.4872
0 0.68 17.17 1.0926
0 0.12 15.58 1.3015
0 1.06 14.48 1.2958
0 0.62 15.54 1.556
0 1.24 12.18 1.1344
0 -4.36 9.44 1.3707
10 -1.63 7.79 0.7389
0.025 -3.82 8.29 0.2367
0 -2.2 7.78 1.8305
0.975 1.67 9.42 3.3773
8.075 5.56 11.59 3.291
6.3 9.96 13.3 3.9698
1.425 7.2 13.87 3.2667
0 5.08 15.05 0.5022
0 5 14.97 3.3892
0.975 8.26 14.96 2.8571
0 7.22 12.19 2.0615
0 6.69 11.09 2.4501
0 5.02 11.63 3.7809
0 4.5 13.34 2.6932
2.75 7.17 12.77 1.5668
0 5.51 12.2 3.7937
0 1.77 10.59 1.822
0 -1.09 12.19 3.5685
0 -0.54 14.43 3.8339
0.3 1.7 10.02 3.9527
5.425 5.56 14.46 2.1686
1.375 6.07 8.35 2.668
0.95 3.36 12.24 0.7405
0.25 7.77 14.93 1.2546
0 6.68 11.67 2.6364
0 6.12 14.44 2.1541
0 4.98 12.16 1.1238
0 7.78 9.98 3.6746
0 3.85 12.8 2.9044
0 5.01 9.91 3.0014
0 4.96 8.87 2.9932
0 2.79 7.76 2.2208
0.25 4.99 8.91 2.6833
0 6.62 9.4 2.4765
0 5.55 8.27 2.2906
0 6.07 9.4 3.163
1.45 6.2 17.1 4.8488
14.05 8.39 17.15 2.0277
0 5.5 15.47 0.9704
0 4.96 11.06 2.9714
0.025 7.7 12.78 2.9791
10.5 7.21 12.74 2.8731
14.1 9.42 14.97 5.1405
23.9 7.27 12.74 5.5535
15.85 8.3 13.29 6.3739
14.825 5.55 9.45 3.5085
2.275 2.88 10.55 3.0371
1.3 2.82 12.77 1.0462
0 2.24 9.98 2.5187
2.475 6.69 11.12 4.6784
2.075 7.29 11.63 2.9896
0 5.58 13.85 0.9794
0 2.89 13.89 2.1512
0.5 5.53 16.05 2.9832
0.75 6.15 15.58 0.8555
0 3.87 12.29 1.333
0 2.89 16.02 1.7082
0 6.7 12.31 2.1333
0.1 3.91 17.17 0.5978
2.625 7.79 14.48 3.2251
0.95 10.55 16.11 3.3164
7.625 9.41 12.25 1.5643
0.275 6.73 13.32 2.5273
1.5 7.34 14.43 1.0589
9.65 7.29 11.64 0.7734
0 3.41 14.96 0.9039
0 7.23 14.97 1.1181
0 5.65 18.33 1.5451
0 5.06 17.8 1.1962
0 3.92 18.87 1.4556
0 4.5 19.99 1.5893
0 6.73 19.99 1.9266
0 6.74 20.51 2.1932
0 7.23 18.93 0.745
0 10.03 15.03 0.9188
0 6.74 15.07 1.9662
7.075 7.24 11.66 2.5976
0.05 5.62 14.45 1.6433
31.2 6.11 10.58 3.6618
3.475 9.42 15.54 2.4024
0 8.29 17.2 0.8872
4.7 8.87 18.29 4.4835
2.4 9.42 15.02 0.9622
0.075 4.49 18.29 0.5441
0.025 6.67 18.3 1.721
3.525 7.76 15 2.758
13.325 6.68 11.11 3.1356
0.7 5.53 14.35 2.3586
0 2.28 13.91 0.9856
0 8.3 17.18 2.1364
0 5.07 18.8 1.4235
0 5.54 14.35 2.8221
0 3.9 13.27 3.6472
2.75 4.44 12.77 2.4172
0 1.17 17.16 0.154
8.225 5.04 13.91 1.9199
0.025 3.34 13.9 2.5975
0 3.36 16.69 2.0991
0 3.94 19.94 2.9698
0 6.68 24.39 1.2798
0 11.55 23.9 1.4497
0 9.39 23.33 2.7522
0 5.69 24.95 2.114
0 7.28 23.95 1.3036
0 8.28 21.72 0.5229
0 9.42 20.03 2.2716
0 8.85 22.72 1.3966
0 6.22 24.33 1.0621
0 6.72 18.84 2.004
0 5.05 18.82 2.2719
0 4.48 21.64 1.8149
0 6.75 25.98 0.7384
0 8.23 24.42 2.2942
0.7 8.31 17.15 4.3995
0.5 6.1 15.5 2.3383
0 5.54 16.57 0.9885
2 4.47 14.44 1.7956
0 4.54 14.43 1.6486
8.675 3.95 13.35 2.8098
4.8 6.65 15.49 2.3389
0 4 18.24 1.0564
0 4.52 21.59 1.7752
0 7.29 22.18 1.7606
0 9.38 22.16 1.4652
0 8.37 17.79 2.0583
14.25 8.32 14.46 5.0162
3.375 7.76 16.07 3.9574
0 5.56 18.27 1.1282
0 7.18 19.43 0.8256
0 7.23 22.13 1.0585
0 9.95 22.73 1.1952
0 9.43 23.84 1.598
0 8.34 26.54 1.2089
0.05 12.1 25.53 1.3061
20.85 7.82 15.59 2.1816
6.075 7.21 11.14 3.6771
0.275 7.73 16.53 2.4953
0 6.23 22.67 1.4423
0 9.44 24.95 1.6542
0 11.64 28.27 1.4699
0 8.52 28.82 1.133
0 9.96 20.58 3.5233
1.05 6.72 16.08 4.0772
0 6.11 18.76 3.5053
0 8.32 21.54 3.632
0 9.47 25.45 2.5005
0 12.25 27.7 2.2738
0 9.54 31.53 1.336
0 12.22 26.66 2.5909
0 10.58 23.84 4.1961
0 9.46 23.78 2.7526
0 7.89 27.12 1.3929
0 9.97 24.4 2.7607
0.025 9.46 19.37 3.4936
3.575 7.84 16.68 2.5625
0 5.61 21.53 3.3379
0 8.36 26.51 2.2909
0 10.07 28.22 1.3817
0 11.64 29.37 1.2661
0 11.64 29.92 1.0258
0 12.78 27.22 1.2893
0 11.64 19.47 1.8086
0 13.85 24.28 1.0314
0 12.2 24.37 1.4296
0 10.05 24.88 3.6503
0 10.02 20.47 4.272
0 6.75 19.29 3.5555
0 8.34 22.61 4.2755
0 7.9 22.13 2.1935
7.45 9.98 21.11 1.6332
5.2 10.62 22.72 2.2382
7.4 10.01 19.43 2.0287
0 7.83 21.53 2.8552
0 12.79 28.12 2.3493
0 12.72 31.56 1.6102
0 16.54 29.89 2.613
0 14.41 26.07 3.0269
0 13.37 31.51 2.3287
0 17.14 30.43 2.2195
0 18.23 31.55 2.1694
0 17.77 33.76 1.9383
0 18.29 33.87 2.835
0 16.09 30.52 3.3708
0 14.37 31.03 3.176
0 13.94 27.18 3.4244
0 12.25 25.52 4.7852
0 15.56 30.35 5.1019
0 16.14 33.2 3.3499
0 16.17 36.48 1.1657
0 15.72 37.13 2.0064
0 14.44 30.55 2.791
0 12.77 29.34 3.3211
0 12.8 32.1 2.3556
0 13.33 28.36 2.6881
0 10.54 26.08 2.9597
0 9.99 28.23 2.965
0 12.83 31.56 2.4162
0 13.98 34.35 1.6306
0 18.29 35.41 2.4721
0 15.63 31.6 2.3535
0.65 13.87 29.42 2.9762
0 15.54 33.78 2.8796
0 19.47 38.14 1.7749
0 20.63 39.88 2.0101
0 20.52 36.56 2.8051
0 16.75 33.82 3.021
0 12.25 31.62 3.0641
0 14.93 31.02 3.2462
0 16.61 33.75 2.9173
0 16.6 36.53 1.2861
0 17.25 36.03 2.0727
0 15.01 31.64 2.7531
0 13.35 32.71 2.5959
0 14.45 33.83 2.8838
0 14.98 34.91 2.5555
0 16.58 38.19 1.8941
0 17.19 36.02 1.9547
0 17.21 33.84 2.8718
0 15.02 32.17 2.7473
0 17.13 35.97 1.9822
0 21.57 38.76 2.0477
0 22.7 39.39 2.729
0 21.06 38.79 2.583
0 18.94 39.32 2.5568
0 17.75 37.15 2.3671
0 16.13 34.37 2.0842
0 15.51 32.19 1.9142
0 12.82 34.31 1.1709
0 16.01 35.48 2.3392
0 17.19 36.57 2.3096
0 17.77 34.42 2.7664
0 14.97 31.06 2.623
0 13.87 30.49 1.8791
0 12.78 30.48 2.1223
0 13.34 33.23 2.2478
0 15.02 33.81 2.3268
0 14.93 33.78 2.1679
0 14.37 33.81 1.8802
0 14.98 34.91 2.1613
0 15.45 34.92 1.5071
0 16.58 34.37 2.0353
0 13.91 32.17 2.0909
0 14.4 33.27 2.0181
0 14.41 32.77 2.3672
0 16.07 31.06 2.4693
0 14.43 31.61 1.6658
0 15.51 32.16 1.6992
0 13.86 28.3 1.9333
0 13.31 31.54 1.4721
0 17.65 32.72 1.9102
0 14.46 31.08 2.5943
0 13.9 32.1 2.874
0 15.48 35.96 1.6648
0 16.09 32.79 1.5195
0 14.41 31.13 1.4727
0 14.34 33.78 2.0627
0 16.06 34.36 2.2464
0 14.41 28.9 1.5973
0 12.74 29.94 2.1268
0 14.43 34.33 2.1509
0 16.24 38.81 1.3941
0 18.41 41.54 0.4339
0 19.32 36.02 1.6857
0 15.55 32.22 2.3057
0 11.2 26.05 2.5368
0 12.72 27.1 2.4641
0 12.23 27.67 2.6456
0 13.27 30.99 1.9577
0 14.88 32.74 1.3088
0 16.82 36.84 0.1829
0 17.26 36.85 1.3237
0 16.81 35.18 1.105
0 16.57 33.44 2.4527
0 18.38 33.63 1.1779
0 15.77 32.89 1.6601
0 14.7 24.97 2.5031
0 11.13 25.12 1.9887
0 13.28 28.09 1.1084
0 13.62 31.39 0.5184
0 14.05 33.01 1.0725
0 13.82 29.19 1.4349
0 10.69 29.39 1.4107
0 11.67 30.73 1.7108
0 13.06 31.35 2.1855
0 14.88 30.23 1.6046
0 15.03 29.31 1.1828
0 13.55 26.82 1.0964
0 13.69 27.98 1.8039
0 13.01 27.39 1.7384
0 11.34 25.52 2.5624
0 10.61 27.79 1.7166
0 12.49 29.98 1.1166
0 13.91 33.82 1.3321
0 15.42 35 1.5767
0 15.25 36.32 1.4604
0 18.13 37.35 1.008
0 18.72 37.21 0.6988
0 17.44 35.97 0.6424
0 17.11 32.19 0.8686
0 18.52 34.06 0.5742
1.2 16.88 33.48 1.0401
0.25 13.15 23.72 1.9909
0.25 13.93 20.97 1.5683
0.05 11.1 24.54 0.7169
0 12.97 23.88 1.3858
0 11.1 25.78 0.8254
0 11.69 27.32 2.1393
0 13.61 30.09 1.9618
0 15.55 30.07 2.19
0 15.96 31.73 1.7474
0 14.88 32.65 1.0887
0 15.05 35.2 0.4107
0 15.1 33.53 0.2015
0.25 16.68 29.74 0.7714
2.375 13.54 28.11 0.9939
0.1 10.58 22.87 1.4474
0 11.65 24.34 1.5543
0 12.34 27.55 0.7157
0 10.62 22.72 1.6241
0.2 10.97 21.76 1.3572
6.725 12.86 20.51 1.8465
4.675 13.63 19.19 4.4516
0.55 11.52 19.21 2.9912
0 9.21 19.53 1.998
0 5.87 19.96 2.35
0 8.78 25.14 3.5153
0.725 10.32 19.92 2.4787
1.95 11.71 19.79 1.765
0 8.76 22.1 1.1911
0 8.58 22.8 1.8969
0 9.28 24.6 2.5414
0 9.9 26.47 2.0655
0 11.17 26.76 1.3666
0 12.74 27.95 1.2356
0.2 11.47 24.28 1.7386
2.525 9.39 17.53 2.8934
0.55 7.37 16.6 2.4828
0 4.89 18.26 0.3632
0.025 8.22 17.68 1.7203
0 7.45 17.71 2.3327
0 4.12 18.78 1.3283
0 6.19 17.8 2.8902
0 6.04 21.29 2.037
0 7.42 22.98 2.8873
0 7 21.04 1.6096
0 5.84 22.17 1.2687
0 5.94 21.8 1.1412
2.9 6.98 15.56 1.5741
14.9 5.95 13.02 2.584
3.4 5.53 13.33 4.0088
0.5 6.29 13.67 2.2215
1.725 4.96 11.86 3.0584
0.325 1.61 10.44 1.5941
0 -0.63 10.6 2.3674
0.175 -0.7 12.54 3.0693
4.625 4.27 9.23 2.0285
0.625 3.04 11.78 2.2448
0 0.59 11.41 2.2409
0 0.45 11.59 2.8914
0 1.26 13.04 2.103
0 2.32 11.78 2.6702
0.05 5.75 12.09 1.1208
3.925 7.83 16.25 3.0085
6.35 8.57 16.75 3.2282
0.675 6.31 16.49 3.6783
0.225 5.1 17.11 1.89
2.325 7.22 14.66 2.3476
0.825 9.92 17.86 1.3766
0 10.14 18.67 1.4088
0 12.39 15.8 0.4166
0 12.17 14.69 2.4493
0 11.08 13.86 1.3585
6.775 10.75 12.29 1.5086
0.675 3.66 12.91 1.2238
2.25 1.69 9.67 1.9287
8.275 5.84 12.1 3.6311
6.275 10.03 13.98 5.0959
9.2 11.18 15.82 5.3888
5.725 7.99 12.86 2.5786
1.5 5.27 13.18 3.2539
8.525 8.93 14.72 1.8438
0.075 7.25 15.53 0.4109
0.275 4.92 11.6 3.1412
10.075 7.27 12.75 5.499
0.1 4.73 15.77 1.8666
0.075 5.02 13.18 0.4885
11.275 5.17 10.9 1.8201
6.15 3.73 12.97 4.1002
0 0.88 10.61 2.3094
0.125 -1.2 9.78 1.2757
10.825 5.42 10.61 4.6536
18.2 6.68 8.93 4.8197
0.85 0.77 10.75 2.141
0.025 0.66 8.49 2.8615
0 0.17 7.77 3.4615
0.025 2.61 5.53 4.2413
0 3.09 5.03 2.3279
0 3.21 5.13 1.1362
0 0.08 4.72 1.9713
0.925 -1.4 7.74 2.5113
1.95 2.3 8.74 3.5391
0.1 4.21 13.14 2.6761
0.9 3.02 12.87 1.2881
0.075 5.92 12.4 1.1914
0.025 3.86 12.5 2.6047
0.025 8.25 11.35 1.3231
0 9.01 11.17 1.2057
0 6.85 15.58 2.7014
0 4.19 11.88 2.0771
0 2.28 15.77 3.6894
0 2.16 16.11 3.1796
0 3.81 14.94 2.3878
0 3.2 15.57 3.9097
0 2.77 16.96 1.3212
0.025 4.44 11.86 1.7731
0 4 11.19 4.6122
0 4.53 9.42 3.4664
0.05 3.66 8.29 1.4894
2.2 4.14 8.66 0.5047
3.625 6.26 12.73 1.7421
0.75 3.98 14.08 1.122
0 2.45 13.54 1.2658
0 2.21 15.9 3.0231
0 1.48 15.93 1.8356
0 2.34 16.59 2.0677
0 3.28 18.31 1.8281
0 5.27 20.13 2.0964
0 5.27 21.1 1.1052
0 6.26 20.82 2.7554
0 2.53 15.63 2.9761
0 1.36 17.08 3.4483
0 2.09 18.17 3.7076
0 3.33 21.02 3.0412
0 3.23 21.22 0.8819
0.6 7.2 17.31 4.0627
0.625 8.05 17.67 4.6527
6.025 4.1 16.43 5.0639
16.175 4.83 11.13 4.5916
14.075 3.62 8.71 2.3094
3.8 2.69 11.1 2.1195
0.425 2.8 13.07 0.6572
0 3.6 12.41 0.8579
1 2.39 14.9 0.7044
0 1.95 14.75 1.0342
2.825 3.18 11.82 1.9318
10.875 3.58 12.2 4.6231
0.4 -0.01 9.79 1.2203
0 -0.68 12.54 0.3619
0 0.24 14.99 2.128
0.475 2.21 15.75 1.933
0.8 8.58 18.04 4.1036
0.575 8.27 19.38 1.1389
0 5.59 20.34 1.264
0.825 9.07 20.61 0.8434
3.65 10.94 17.15 1.7762
0.25 9.38 17.1 4.1957
0.175 9.34 18.31 0.5466
0 7.6 18.85 1.3364
0 7.67 19.97 0.6489
0 6.43 17.89 1.635
0.075 6.24 18.9 0.5034
1.45 9.05 19.85 1.5003
0.65 12.82 21.88 1.3524
1.05 10.93 22.54 1.5515
1.35 10.8 22.63 1.8661
0.25 4.7 17.52 0.7547
7.975 6.14 16.09 3.6246
10.175 6.01 11.69 4.6013
15.075 7.75 12 4.5892
11.325 5.64 12.81 2.0756
1.225 3.57 15.61 1.8071
3.875 7.75 14.99 5.3236
17.675 7.72 14.05 5.2358
3.025 5.53 14.48 3.2855
11.175 8.21 12.75 3.0429
0.525 5.1 17.25 1.2492
0 8.83 16.61 1.0993
0 6.59 19.6 2.0699
0 10.06 23.46 2.4081
0 11.51 25.6 2.4271
0 11.9 28.21 1.6987
0 14.28 27.9 1.5688
0 9.58 19.88 2.0417
0 7.65 23.79 1.5059
0 9.64 25.11 1.9503
0 10.08 23.07 2.6004
3.525 6.5 17.44 3.5074
0.175 2.86 14.07 1.7216
0 3.35 18.25 1.5003
0 4.71 20.32 0.6536
0 7.4 19.83 1.9673
0 6.01 20.26 2.2002
0 5.5 17.29 2.4991
0 5.77 18.74 0.8279
0 7.52 23.34 0.804
0 10.69 25.06 2.0281
0 12.97 26.2 2.4208
0 13.14 22.97 2.3326
0 13.79 22.17 1.5152
0 13.72 23.25 1.9747
0 11.82 21.01 1.9455
0 8.97 19.88 1.2285
0 8.77 21.81 0.9007
0 10.96 21.68 1.6587
0.05 10.31 22.38 1.9787
0 8.09 21.61 3.089
0 7.72 23.89 1.628
0 9.03 23.09 2.52
0 7.74 21.37 4.961
0 8.9 23.56 3.6098
0 9.73 26.46 1.6322
0 10.92 28.93 0.6818
0 11.73 27.47 1.5514
0 14.34 30.82 2.8398
0 14.65 34.08 1.1378
0 12.88 30.28 1.852
0 9.64 25.9 2.0766
0 10.57 20.46 2.763
0 6.97 21.07 3.2441
0 9.07 24.74 2.7858
0 9.43 25.82 2.0196
0 9.72 26.27 1.6576
0 10.55 27.58 1.4578
2.825 9.45 19.97 2.4948
8.7 8.1 15.74 2.2751
1.325 7.8 17.13 1.8314
0.975 9.67 16.45 3.2207
2.075 9.8 18.82 2.2306
0 9.01 25.09 2.9224
0 11.16 27.47 2.04
0 12.34 26.68 2.5896
0 10.97 24.86 3.6108
0 9.67 23.03 4.7474
0 8.57 24.11 2.7609
0 11.12 22.26 2.398
0 9.31 21.56 2.1372
0 11.08 22.52 2.865
4.125 10.02 21.58 3.9608
0.1 8.37 22.18 4.749
0 9.58 23.66 2.5567
0.075 10.3 23.66 2.1545
1.275 11.54 19.94 2.404
0.075 8.34 21.16 1.6148
0.675 8.75 21.79 0.5711
15.25 11.94 19.04 3.9557
15.6 13.56 21.91 0.9498
13.475 12.92 22.28 2.8124
0 11.41 24.25 2.517
0 12.26 28.78 3.0971
0 12.17 29.72 2.0836
0 12.7 29.05 3.2134
0 11.86 25.78 3.3979
0 12.65 28.62 2.842
0 14.11 31.46 2.8268
0 16.26 33.68 2.8297
0 17.98 34.69 2.5823
0 16.27 32.61 3.0152
0 14.92 31.71 2.2812
0 13.4 31.89 2.6648
0 15.91 32.34 2.4685
0 17.96 35.26 0.9234
0 19.97 37.74 1.0134
0 20.95 38.55 2.4318
0 17 35.36 2.4254
0 13.67 31.91 2.5448
0 13.59 32.08 2.7738
0 14.45 32.07 2.7682
0.125 15.54 33.57 2.8795
7.75 16.45 31.83 1.9995
2.55 13.93 23.65 2.2746
0 13.15 28.37 2.5965
0 15.1 32.21 2.2762
0 17.02 35.86 1.7189
0 18.33 36.73 1.4729
0 20.44 38.58 1.6983
0 19.2 39.13 1.6401
0 21.34 39.37 2.3813
0 19.16 38.87 2.3669
0 17.96 37.99 1.9143
0 16.36 37.75 2.522
0 12.78 34.01 2.4473
0 12.86 31.63 2.4198
0 11.93 30.71 2.5294
0 14.35 30.39 3.0354
0 11.94 28.57 2.8061
0 11.97 27.43 3.3847
0 12.78 29.6 2.9122
0 13.69 29.23 1.9853
0 13.53 30.23 1.1219
0 14.42 31.52 2.1152
0 15.86 32.97 2.1099
0 16.33 35.6 2.35
0 16.3 35.55 2.6716
0 16.58 35.22 1.9646
0 15.49 34.41 1.61
0 13.72 33.81 2.1202
0 14.17 33.53 2.2875
0 15.09 34.52 1.7846
0 14.54 35.85 1.9391
0 17.01 35.77 2.5327
0 15.48 34.81 2.8476
0 15.44 34.32 1.8844
0 14.66 33.17 1.196
0 15.37 33.64 1.7127
0 16.06 34 2.0791
0 14.23 31.46 2.884
0 13.81 32.05 2.496
0 16.17 33.2 2.8526
0 15.67 32.38 2.415
0 14.41 33.16 1.9689
0 14.08 33.93 2.0563
0 16.51 34.94 2.2408
0 15.27 33.16 2.5836
0 14.84 32.22 2.2074
0 17.29 34.8 1.3885
0 17.29 34.33 2.2442
0 15.98 33.7 1.8554
0 15.27 33.79 1.9066
0 15.25 34.16 2.0498
0 15.81 34.23 2.2799
0 15.31 32.76 2.799
0 14.2 31.93 1.8056
0 13.9 31.85 1.221
0 14.35 31.92 1.292
0 15.43 34.69 1.2292
0 18.49 35.91 1.8273
0 16.37 34.67 1.2233
0 17.32 35.73 0.7275
0 18.07 34.99 1.1407
0 16.73 35.1 1.3194
0 16.02 34.4 2.0806
0 14.39 32.93 1.7223
0 14.14 32.11 1.6692
0 15.48 32.49 0.8168
0 16.52 35.4 0.2988
0 16.4 35 0.9488
0 15.58 33.92 1.0753
0 13.93 33.2 1.7789
0 14.53 34.83 1.3235
0 16.29 35.39 1.4589
0 16.66 34.67 1.4823
0 15.95 35.74 1.5599
0 19.87 36.17 0.6066
0.275 17.46 29.96 1.4338
0 15.86 31.11 1.7036
0 15.98 33.04 1.0329
0 17.73 33.74 1.7149
0 14.98 32.38 2.2929
0 13.06 29.13 1.7555
0 11.36 29.33 1.9515
0 14.16 31.68 0.9117
0 15.69 34.1 0.6509
0 17.01 35.7 1.2563
0 16.62 36.52 1.0511
0 16.78 36 0.8699
0 18.27 36.82 0.8307
0.025 17.75 36.63 1.4817
0 13.46 25.59 1.9432
0 12.99 26.74 2.3795
0 13.51 29.93 1.6297
0 15.49 33.94 0.7378
0 16.95 34.5 0.8427
0 15.46 29.64 0.9783
0 12.58 27.79 1.8931
0 12.99 27.1 1.5524
0.025 12.07 23.67 1.6765
1.125 13.1 23.24 1.8804
18.025 12.48 22.8 3.0531
3.475 9.15 17.91 0.8225
0.5 8.42 21.01 1.0837
0 9.32 23.81 0.9186
0 10.67 25.4 1.3391
0.025 13.19 23.99 1.3429
0 16.06 26.12 1.4878
0 14.46 26.48 1.3082
0 13.26 29.27 1.2296
0 14.23 30.06 0.8898
0 15.63 29.87 0.9745
0 15.34 27.51 0.817
0 14.21 29.1 1.3635
0 13.84 29.56 0.9797
0 12.94 25.49 1.4897
0 12.47 27.07 1.234
0 12.17 26.77 1.4514
0 12.55 28.48 1.8042
0 12.14 29.74 1.0497
0 13.11 29.01 1.1564
0 11.74 23.31 1.4171
0 10.22 25.78 2.1403
0 8.42 23.16 2.4555
0 8.15 24.41 1.4266
0 8.9 24.61 1.0855
0 9.36 25.37 1.9294
0 9.42 26.29 1.1107
0 11.84 26.39 3.1689
0 9.1 23.02 3.7436
0.025 6.59 23.63 2.3725
0.9 6.89 16.39 1.573
0.575 4.4 14.33 0.2624
1.225 7.25 14.96 1.1012
0.15 6.13 15.33 0.738
0 3.14 16.79 1.6953
0 3.03 17.61 2.7763
0.15 3.48 20.19 3.3415
3.575 9.27 16.59 4.2574
0.375 8.3 17.2 0.849
0 8.05 18.89 0.6781
0 8.21 17.93 1.4721
0 6.36 18.54 1.1549
0 5.7 20 1.0311
0 5.98 21.39 0.8212
0 8.09 19.57 2.4257
0.25 5.27 15.12 1.7699
3.025 5.46 14.3 3.9502
0 4.18 13.89 1.8657
0 3.66 15.45 2.7692
0.05 4.6 15.17 4.1293
1.05 7.71 15.6 1.527
0.6 4.88 16.45 0.4667
0 5.76 15.05 2.434
0 4.58 13.67 2.1198
0.075 6.32 13.56 1.0264
0 5.49 11.75 1.4425
0 7.21 16.21 4.1649
0 7.24 19.45 6.8824
0 4.84 16.98 3.1343
0 2.89 16.93 3.9209
0 0 15.32 2.1675
0 -0.52 15.08 3.3461
0 -0.85 14.57 2.6877
0 -0.59 14.76 2.4198
0 -0.43 15.21 2.149
0 -0.9 15.7 3.4877
0 -0.15 15.64 2.514
0.075 1.45 14.02 0.2854
0.075 4.09 12.1 1.159
0.025 2.13 13.98 1.1489
0.15 0.08 14.11 0.8596
2.05 3.27 11.26 0.8965
0.15 0.83 12.37 4.2883
0 0.2 12.25 3.7089
0 0.04 9.39 1.7526
0 2.29 14.71 3.1499
0 0.22 11.64 3.4077
0 -1.85 12.05 2.6875
0 -0.96 14.55 4.3665
0 -1.87 12.35 3.5841
0 -2.66 13.34 4.1875
0 -1.54 13.36 3.0713
0 -2.03 13.94 1.0686
0 -0.22 13.85 1.1752
0 1.62 15.33 1.2827
0 4.04 15.12 0.7541
0 4.83 15.59 0.9296
0 3.98 12.64 2.1745
