1.4 -4.19 5.14 1.4762
10.05 -5.42 5.05 1.5786
5.525 -8.48 2.32 1.6827
0.725 -11.24 -0.39 4.1851
3.4 -10.31 -1.11 1.8642
1.775 -5.78 -3.02 0.4709
0 -5.19 3.08 1.4504
0 -2.5 6.25 0.6762
0 -5.36 7.76 4.3636
0 -4.96 8.42 3.2606
0 -3.47 8.95 2.4042
0 0 11.18 5.4315
0 -0.02 11.69 3.8403
0 -3.9 11.95 3.5456
0 -2.77 13 3.8046
0 -3.46 13.14 4.8457
0 -2.83 11.44 4.2628
0 -2.69 10.77 4.8415
0 -2.41 10.4 4.9369
0.05 -1.96 9.66 3.4634
14.65 -1.5 10.52 2.6911
29.625 1.36 9.41 2.1068
66 1.26 4.48 1.606
50.425 -1.26 3.93 2.6191
14.5 -5.19 1.01 3.5048
3.325 -10.68 -4.36 0.7773
0.725 -11.14 -1.97 1.2921
0 -9.44 0.92 1.3327
0 -5.53 4.53 4.2409
0 -4.54 10.08 4.4922
0 -2.57 10.72 3.0934
0 -3.22 10.14 3.2493
0 -4.49 8.12 3.8619
0 -4.66 11.22 3.7511
0 -1.17 12.58 2.9621
5.675 -0.64 11.32 2.4324
9.55 -3.86 2.62 2.7267
3.25 -5.19 1.2 2.8744
22.625 -5.15 3.93 1.2199
13.65 -9.13 1.18 3.5991
4.175 -14.02 -3.18 0.4918
11.925 -12.32 -2.1 2.7456
7.675 -7.92 -1.42 1.4061
18.975 -8.6 -0.85 3.179
11.5 -8 -3.36 3.5928
3.825 -6 -0.55 5.7683
30.4 -5.63 -1.72 5.4026
26.35 -5.78 -2.28 4.3071
4.625 -8.01 -3.58 1.2834
0 -8.47 1.26 3.3995
0 -7.01 5.6 2.5309
8.5 -6.4 6.6 3.7295
34.75 -7.44 5.56 3.5288
24.7 -2.36 0.43 2.5796
5.75 -4.5 1.7 1.6904
2.3 -3.66 8.26 1.5637
0.875 -4.12 1.82 2.8807
0 -6.19 5.65 0.4613
0.025 -4.61 8.02 3.7236
20.45 -1.42 8.56 2.837
35.725 -1.23 4.32 4.1921
53.55 -2.54 4.29 4.923
29.975 -5.85 -0.29 2.9598
6.3 -9.72 -0.55 0.8125
1.5 -7.86 0.93 1.8719
0 -9.89 -0.07 0.3615
0 -10.99 4.83 1.3611
0 -6.03 7.17 2.5647
0 -10.31 1.76 0.4717
0 -9.83 5.8 0.8423
0 -5.93 6.49 2.2569
0 -5.94 9.37 2.4972
0 -4.88 10.83 1.4211
0 -4.49 7.56 2.6313
0 -3.17 8.83 3.1634
0 -2.52 11.52 1.0187
0 -1.74 12.51 0.9646
0 0 14.81 0.9155
0.35 -1.78 15.09 0.6496
28.075 -0.93 14.37 1.9571
20.1 -6.72 6.14 4.1279
2.025 -11.79 -2.28 2.115
0.2 -9.92 2.26 1.9569
0.1 -6.41 9.26 0.4463
0 -4.62 10.64 1.8081
0 -2.29 13.88 2.0805
0 -2.24 13.02 1.3299
0 -2.13 14.31 3.3964
0 -4.56 9.63 2.0351
0 -4.26 9.64 0.2724
0 -2.71 11.2 2.5706
0 -1.8 14.06 2.5469
0 -4.5 11 5.2132
0 -7.56 5.01 1.9626
0 -6.34 9.49 2.8532
0 -3.69 13.45 2.3074
17.75 -1.04 15.79 1.2036
16.575 -4.67 11.98 3.3356
14.15 -4.62 1.51 1.8342
6.925 -4.58 2.35 2.1735
0.3 -5.36 2.67 3.6306
0 -3.85 7.44 1.4216
0 -2.41 11.57 2.1421
0 -1.69 11.5 4.6666
0 -9.2 5.22 6.0717
0 -7.54 1.85 3.1066
0 -4.86 10.16 1.6309
0 -2.13 14.73 2.9351
0 1 17.67 2.8755
0 3.87 21.31 1.5183
0 5.69 23.45 1.0624
0 6.05 23.77 2.0836
0.25 3.35 22.39 2.9064
2.875 0.47 16.76 3.2581
1.625 -6.33 4.38 3.4041
0 -4.14 9.11 1.7955
0 -2.43 11.65 2.3443
0 -4.09 10.78 3.2649
0 -4.9 8.39 1.5563
2 -2.47 10.91 1.8417
64.45 2.62 14.25 2.0035
45.15 0.89 11.05 2.6407
13.3 1.07 5.56 3.9443
7.425 -0.27 8.45 1.9928
1.25 2.92 12 3.9723
0 0.87 14.79 2.2871
0 1.88 17.62 2.7556
0 3.33 18.12 1.6102
0 2.57 18.85 1.1257
0 3.8 18.97 0.8226
0 3.54 20.54 2.935
0 2.16 19.42 3.2796
0 2.04 17.17 2.365
0 2.64 17.44 3.0219
0 3.74 18.84 1.6864
0 5.97 21.07 1.7194
0 9.43 25.96 0.4089
1.1 10.39 27.97 2.4011
0.65 8.05 27.19 2.7515
0 5.06 21.55 1.5339
0 4.52 20.36 0.8356
0 5.3 21.52 2.3843
0 5.29 21.25 2.9342
0 4 20.54 2.6753
0 2.88 19.72 1.7917
0 4.64 20.16 1.2963
0 6.52 22.04 0.8047
0.425 7.92 23.7 1.8294
0.25 7.8 22.72 2.5077
10.375 8.79 22.22 3.2672
6.225 6.94 21.27 2.1591
0 6.8 20.74 1.9393
0 6.17 18.13 2.2264
0.775 6.16 17 0.4618
8.625 3.19 16.09 2.1278
7.425 -0.03 13.98 3.6844
5.325 -0.69 6.35 2.459
2.375 0.47 8.55 2.7073
0 1.96 14.74 2.5275
0 4.34 17.08 3.373
0 3.71 16.27 3.0733
0 2 15.03 3.2648
1.025 2.81 16.06 2.2169
1.525 4.3 14.11 3.6056
0.55 2.04 14.77 2.4583
0 2.66 15.47 2.4176
0 3.47 15.79 2.3472
0 5.61 17.2 2.9644
0 5.96 19.98 1.7109
0 8.15 24.23 2.6194
0 4.59 23.13 3.132
0 2.4 18.37 3.1458
0 3.18 16.44 1.3204
0 5.28 19.8 0.7665
0 7.71 23.49 1.4806
0 8.55 26.12 2.7719
0 7.55 24.23 1.6059
0 8.98 24.47 0.8865
0 9.66 28.82 0.5372
0.175 11.88 30.05 2.9591
0.1 11.18 29.74 2.9145
0 10.44 25.87 2.2546
0 11.04 27.5 1.7082
0 9.47 25.99 2.914
0 8.63 26.18 2.5799
0 8.1 25.11 2.8601
0 7.19 24.39 2.6515
0 5.8 22.94 2.8525
0 5.32 22.19 2.5738
0 5.63 22.04 2.5362
0 5.89 22.29 1.9317
0 7.31 23.66 1.9343
0 8.75 24.64 2.3804
0 8.69 24.61 1.4787
0 9.05 26.22 0.8837
0 9.57 26.71 1.503
0 10.68 29.2 2.0444
0 11.95 29.38 1.8112
0 12.87 30.15 2.0293
0 12.87 30.45 1.7899
0 12.95 31.53 2.4523
0 11.61 30.4 2.5665
0 10.69 28.4 2.2918
0 12.85 29.09 2.0863
0 11.42 28.11 2.195
0 10.47 27.69 2.317
0 10.9 28.8 1.982
0 11.54 29.6 1.6529
0 12.78 29.63 1.9358
0 12.2 29.03 2.7741
0 12.92 28.29 2.4646
0 12.19 28.18 2.4922
0 11.65 27.5 2.4337
0 10.47 26.89 3.1963
0 8.21 24.8 2.8035
0 8.46 24.65 2.4507
0 9.16 24.88 2.5967
0 6.17 23.17 3.312
0 2.51 14.9 1.9149
0 4.91 16.79 1.3001
0 7.34 21.84 0.255
0 9.3 25.06 1.1057
0 10.29 27.01 3.0003
0 10.04 28.09 2.8552
0 9.34 26.85 3.0494
0 7.8 25.02 3.076
0 5.37 23.31 1.3737
0 5.94 22.84 0.3789
0 7.65 24.42 0.7268
0 8.97 26.57 0.9756
0 10.74 28.71 1.2993
0 11.34 29.62 2.0619
0 11.74 28.95 2.3069
3.4 11.5 30.16 2.2649
3.825 8.58 25.12 3.2623
1.05 7.3 21.93 1.6699
0 7.33 23.01 1.5873
0 7.13 24.68 0.6215
0 7.71 25.94 1.4952
0 9.67 25.48 1.1798
0 9.83 26.02 1.4026
0 10.01 27.87 2.9361
0 10.31 26.8 2.0528
0 9.65 26.23 1.1195
0 10.33 26.65 0.198
0 10.91 27.5 1.4692
0 10.09 27.34 2.1034
0 7.9 25.89 2.1773
0 6.13 23.34 2.0651
0 6.05 21.04 1.4245
0 6.15 20.98 0.3975
0 7.1 22.59 0.9201
0 8.7 24.89 0.3564
0 9.7 26.57 0.9743
0.3 11.29 29.15 1.4907
0.85 8.64 25.44 2.4205
0.5 5.14 19.69 2.8862
0.05 4.06 15.26 1.4779
0 5.26 20.95 1.2379
0 7.77 23.63 0.3571
0 8.29 25.05 1.0882
0 9.27 27.51 2.2747
0 7.65 25.86 0.8622
0 9.22 24.59 2.6047
0 9.12 27.48 2.4562
0 8.83 27.56 1.5704
0 8.22 26.73 0.8895
0 8 26.42 0.7974
0 9.73 28.08 1.1746
0 8.87 29.22 0.4606
0 8.78 29.24 2.1859
0 8.43 24.23 2.5607
0 -2.23 11.89 2.3007
0 -1.3 14.64 2.467
0 1.64 17.72 0.7722
2.65 2.5 18.04 3.054
2.025 -3.78 13.79 3.4655
0.25 -5.37 3.29 0.3063
0 -4.96 10.4 3.1563
0 -1.97 13.18 1.6364
0 -0.52 14.19 1.3012
0 0.47 16.44 0.7742
0 1.49 17.06 0.6818
0 -0.36 17.1 2.0033
9.1 1.36 15.74 2.042
82.9 0.56 9.8 6.6195
47.55 2.15 8.17 4.5595
0.65 3.55 10.4 0.8204
0 3.66 16.97 2.1047
0 2.8 18.28 1.0502
0 5.69 21.5 1.8826
2.475 4.12 16.3 2.3716
1.475 -2.89 8.81 1.9761
0 -2.37 10.45 1.034
0 -0.1 13.87 0.5926
0 0.37 15.14 0.9832
0 2.58 16.81 1.0947
0 2.17 14.22 1.8251
0 1.91 15.95 1.1053
0 0.9 16.47 4.3726
0 -3.66 6.87 4.9562
0 -5.61 5.04 0.7889
0 -5.1 7.25 0.0583
0 -1.67 13.31 0.8334
0 0.72 15.55 0.7838
0 2.97 16.88 1.2443
0 2.64 18.6 1.1675
0 2.73 18.74 1.7957
0 0.91 16.99 2.3853
0 -1.99 11.83 0.8214
0 -2.07 11.07 1.4486
0 -3.65 8.31 1.8392
0 -3.08 9.6 1.229
0 -1.34 10.12 0.6998
6.1 0.5 10.56 0.4148
6.175 -2.39 10.09 1.9071
1.425 -6.06 1.26 1.1461
0 -5.92 3.69 1.021
0 -5.47 4.85 2.9063
0 -4.09 8.09 2.1577
0.1 -2.43 10.34 1.7157
0.05 -2.59 10.9 1.5047
0.425 -4.74 6.46 2.4118
5.475 -4.57 9.55 4.0182
3.125 -4.61 6.99 1.0165
0 -4.21 3.48 0.616
0 -4.96 6.07 2.3902
0 -3.38 7.25 3.7398
0 -2.2 8.83 4.1327
0.6 -2.35 9.99 2.6717
2.425 -1.68 10.78 1.108
1.225 -5.66 5.74 5.2375
0 -3.51 3.7 5.111
0 -3.43 5.68 3.9215
0 -3.4 8.9 1.7882
0 -4.74 8.45 2.4084
0 -6.72 10.9 2.243
0 -5.54 6.4 2.1174
0.025 -5.65 7.35 0.8463
18.375 -8.01 2.68 2.4079
18.725 -8.15 -1.49 0.8781
4.625 -15.73 -5.57 0.8464
0 -14.67 -5.75 1.8846
7.6 -12.01 -2.55 3.0595
41.4 -5.74 0.59 2.6883
78.5 -2.75 1.36 3.6709
38.925 -4.9 1.16 4.4089
3.625 -6.73 -2.06 0.9071
0 -6.41 -0.74 3.0577
0 -3.97 2.99 2.4785
0 -2.97 4.34 2.1903
0 -2.64 6.3 2.7551
0 -2.72 6.01 4.0666
0.9 -2.76 5.86 2.841
14.825 -2.7 7.03 1.9105
11.175 -6.34 3.65 3.6151
0.325 -10.61 -1.16 2.6104
0 -6 3.89 3.9228
0 -6.04 3.66 3.8494
7.575 -5.97 3.96 4.0303
4.55 -5.24 2.16 2.0342
3 -6.49 -0.25 3.1936
11.35 -6.43 1.19 0.8536
5.825 -4.94 0.45 1.5562
0.375 -5.69 -0.31 2.5787
0.225 -5.11 3.32 2.1654
0.025 -4.33 3.27 1.1198
0 -4.28 5.29 3.8881
0 -5.62 7.7 2.8318
0 -3.3 7.33 2.4544
0 -3.61 6.76 2.9535
0 -2.48 7.59 2.8081
0.375 -1.54 8.6 3.0699
1.625 -1.38 8.46 2.2767
0.825 -1 5.64 2.4631
1.95 -1 6.04 3.1012
25.725 -1.39 9.07 4.4703
15.375 -3.73 3.41 2.0802
0.375 -7.09 2.1 1.5237
0 -4.59 4.71 3.353
0.875 -3.93 7.6 2.0148
13.575 -3.79 6.72 2.6518
38 -4.01 2.97 4.7374
35.175 -4.73 -0.21 5.6356
40.525 -5.87 -2.21 6.5303
37.575 -7.37 -3 3.9825
20.4 -7.33 -3.42 3.9067
5.4 -8.49 -3.82 1.0507
1.15 -9.99 -1.16 2.2362
2.825 -8.24 -1.03 3.9364
1.3 -4.53 0.29 2.8723
0 -5.75 3.02 1.4349
0 -7.6 5.03 2.9283
1.9 -6.13 3.45 3.1594
1.15 -4.94 5.02 1.5008
0 -8.81 3.09 1.017
0 -11.38 3.55 1.739
0 -5.6 4.59 1.9694
0 -4.98 4.87 0.6559
8.525 -4.54 5.48 2.8037
14.325 -3.41 3.62 3.2783
14.425 -3.39 1.34 1.6878
5.525 -5.24 -0.74 2.3394
1.6 -6.98 -0.53 1.5221
1.575 -5.76 0.39 2.2532
0.425 -7.6 -0.48 0.454
0 -6.99 2.02 1.1703
0 -4.52 4.03 1.2907
0 -4.49 7.07 1.2968
0 -3.17 9.18 1.5089
0 -3.95 10.92 0.891
0 -2.2 10.24 1.7208
0 -1.98 10.67 2.4786
0 -2.69 12.26 1.0404
2.975 -3.97 10.59 1.2132
6.8 -2.74 5.45 2.1426
14.25 -4.49 2.26 2.826
6.75 -9.57 -1.76 2.4677
32.925 -8.51 4.39 3.7756
25.625 -4.65 2.47 2.809
3.3 -6.78 2.2 0.7396
30.65 -4.85 6.92 4.6301
20.2 -3.24 4.9 1.336
1.075 -5.36 -0.24 0.5173
0.65 -4.49 7.16 2.4387
12.1 -2.21 8.88 2.6732
23.15 -4.05 0.97 3.3312
9.675 -7.33 -0.58 2.9887
0.05 -8.94 -1.31 1.3307
0.025 -5.74 3.66 2.6188
0.45 -6.75 5.9 0.7603
4.475 -3.64 5.86 2.4316
5.725 -11.74 -1.06 3.6932
1.9 -8.78 0.91 1.9434
0 -9.01 -0.39 0.5501
28.275 -6.11 6.14 2.3266
16.85 -7.49 5.35 2.3687
0 -7.63 3.89 2.7988
0 -6.37 8.54 3.9155
0 -3.41 13.62 1.4385
0 -1.2 14.21 0.7258
0 -1.22 14.53 2.9875
0 -7.97 12.58 2.2355
0 -1.2 15.72 2.0715
0 -2.12 14.27 0.6231
0 -2.61 12.06 1.2724
0 -3.54 11.89 2.2446
1.3 -3.23 13.19 2.2249
4.375 -3.34 12.95 2.497
2.25 -7.26 5.2 2.2303
0 -5.01 8.55 2.9237
0 -4.03 12.3 1.361
6.25 -2.28 13.06 2.829
22.725 -1.97 12.94 5.6487
11.925 -6.41 1.24 3.0157
1.35 -9.32 1.14 0.7008
11.25 -7.39 2.36 2.4021
6.425 -5.57 1.07 1.9306
33.2 -6.47 1.91 2.7506
19.775 -7.52 0.28 3.2722
0.05 -9.07 0.67 0.5775
0 -6.24 6.28 2.3499
0 -3.96 11.53 0.2923
0 -2.64 13.17 1.7267
0.75 -1.85 13.19 1.9201
24.15 -3.66 6.9 3.8786
20 -5.39 1.78 4.5848
4.125 -6.45 -0.29 1.0882
0 -5.37 6.05 0.6394
0 -4.35 7.47 0.8289
0 -2.68 12.45 2.3396
0 -3.07 11.95 1.2672
0 -2.49 14.28 1.1586
5.625 -0.81 16.47 1.6261
22.875 0.65 13.54 2.7666
13.55 -6.23 2.65 2.9607
1.1 -4.79 -1.59 1.6363
0 -3.81 1.65 1.1907
0 -2.68 12.19 0.6663
0 -0.21 14.51 1.2868
0 1.63 17.97 0.7405
14.9 2.19 17.88 4.5178
17.05 -3.86 6.51 5.0619
5.175 -8.03 0.09 3.7577
0.125 -7.58 2.33 3.2286
0 -4.15 8.46 1.7497
0 -2.73 12.17 1.8268
0 -1.09 16.42 1.0763
0 0.95 17.66 1.9484
0 0.49 16.69 3.4908
0 -2.16 12.09 2.2254
0 -3.23 12.42 0.8549
0.075 -1.23 14.63 2.7753
3.475 -1.37 13.43 3.6276
20.625 -4.35 3.66 3.4304
11.25 -8.54 2.67 4.1572
0.05 -6.35 5.21 2.1244
0.4 -1.21 12.08 1.1739
0.225 0.02 15.22 0.7439
0 0.99 16.67 0.6162
1.1 4.21 18.65 1.3452
8.675 5.11 17.99 2.1719
4.8 -0.35 8.92 2.1508
0.45 1.01 11.45 1.6257
0.275 3.12 14.41 3.3263
1.15 -1.26 14.99 4.2906
1.225 -5.79 8.13 3.6006
0.675 -5.4 3.5 4.0667
1.45 -3.41 7.29 2.312
8.075 -3.57 6.96 1.5881
16.55 -0.09 9.82 3.2278
20.6 -2.28 5.99 2.4738
7.975 -4.53 4.99 3.5392
0 -3.5 7.38 1.6154
0 0.15 15.24 0.5742
0 3.69 18.77 2.5355
0 6.44 18.05 2.9894
0 3.59 16.86 2.4617
0 4.98 18.13 2.6391
0 6.34 19.5 2.762
0 7.02 19.73 1.9641
0 8.29 24.01 2.8769
0 7.46 24.22 3.026
0 6.51 21.98 2.2913
0 5.39 21.33 3.8869
0 1.3 18.01 4.5289
0 1.43 13.87 5.1972
0 6.09 15.93 4.0399
0 5.35 19.9 1.0462
0 6.47 21.73 1.7249
0 6.59 23.34 2.9311
0 3.1 21.76 3.139
0 2.16 17.08 0.9205
0 2.97 20.01 2.2522
0 2.81 18.87 3.317
0 1.69 16.3 2.5505
0 3.11 18.46 1.5584
0 4.19 18.57 0.8142
0 6.58 22.23 1.6682
0.2 7.07 23.19 2.2069
0.1 8.52 20.21 2.6917
0 6.29 20.44 2.3699
0 8.93 23.19 0.8339
0 10.74 26.94 1.4429
0 10.62 29.21 3.2402
0 8.29 25.71 2.9532
0 6.02 23.59 2.6692
0 5.69 22.41 2.7655
0 7.63 21.65 2.035
0 6.14 21.48 1.0956
0 7.64 23.95 1.7862
0 8.48 26.2 2.2659
0 8.84 24.43 2.2685
0 8.72 24.38 2.1512
0 10.26 25.66 2.0415
0 9.9 26.09 1.8433
0 10.49 27.69 2.4681
0 11.52 26.96 3.3026
0 11.56 26.04 3.4341
0 9.58 23.93 1.6689
0 10.3 25.37 1.1655
0 12.81 28.25 2.6373
0 12.36 29.46 2.8104
0 11.89 29.36 2.6048
0 10.33 29.95 1.9252
0 10.38 28.46 1.9554
0 9.86 26.58 2.6894
0 9.35 25.35 0.9893
0 9.95 25.72 2.2432
0 10.3 26.83 2.0271
0 11.74 28.21 2.5243
0 11.64 27.47 2.8252
0 10.21 25.39 2.0231
0 8.04 24.23 2.5118
0 9.04 25.47 2.1161
0 8.24 25.54 2.472
0 8.63 25.16 2.4555
0 7.77 24.77 2.0547
0 7.97 24.82 2.4778
0 7.46 25.41 1.633
0 7.96 25.7 1.9881
0 8.19 25.45 2.0759
0 7.5 24.77 2.2133
0 7.8 24.73 2.5684
0.375 8.03 23.91 3.0103
0.225 7.07 22.08 2.2075
0 6.91 22.6 2.1221
0 6.98 22.91 2.4341
0 6.07 20.57 0.9982
0 6.9 22.84 1.2449
0 8.29 23.91 2.1903
0 8.4 24.21 2.8054
0 8.3 24.77 1.0756
0 8.83 26.83 1.7141
0 9.1 27.42 1.8482
0 7.09 26.02 1.919
0 7.79 25.74 2.2485
0 8.37 26.41 2.1055
0 6.47 22.33 1.6979
0 6.51 21.94 2.6919
0 7.25 26.96 2.2508
0 12.65 30.65 0.6809
0 13.37 32.51 2.5301
0 10.22 29.09 2.479
0 5.77 25.2 3.0533
0 3.82 12.99 2.1721
0 2.39 13.93 2.4017
0 3.04 16.68 1.2189
0 5.38 20.43 0.7549
0 8.14 24.81 0.5939
0 8.97 27.48 1.2347
0 8.93 27.89 1.3735
0 7.87 27.06 1.8813
0 7.28 24.92 1.4309
0 7.34 25.03 2.5914
0.075 5.43 23.47 3.0296
0.05 0.61 8.52 1.9991
0 0.32 15.42 0.7462
0 2.3 19.38 0.7658
0 5.51 22.52 1.1216
0 5.85 23.31 1.8445
0 5.03 20.99 1.4854
0 4.91 21.08 0.8299
0 5.28 21.43 1.5239
0 5.43 22.32 1.6424
0 5.45 21.31 1.5886
0 5.15 21.13 1.5612
0 3 17.38 1.0936
0 2.96 19.38 0.9931
0 3.23 17.49 2.7514
0 2.31 14.85 0.8863
0 2.64 19.16 0.5186
0 6.77 23.28 0.9217
0 8.76 27.5 0.3563
0 8.36 27.5 1.1936
0 10.84 28.6 0.4852
0 10.9 29.57 0.5569
0 10.18 29.07 0.2904
0 9.92 25.99 0.4882
7.6 9.13 22.95 1.4099
36.1 7.39 22.87 1.8033
21.125 4.81 13.32 1.3961
1.575 2.84 7.57 1.2364
2.05 0.2 8.68 0.7813
2.575 0.17 10.03 2.3028
0.475 -0.64 8.82 0.7311
0 1.47 13.71 1.8024
0 3.57 15.54 1.6543
0 5.01 19.28 1.5293
0 6.03 20.07 2.4926
0 6.53 22.3 1.7026
0 6.55 21.52 0.7984
0 6.18 21.22 0.7659
0 6.02 21.43 1.3188
3.8 6.58 16.96 0.9458
2.325 1.65 13.01 1.1702
0 2.67 12.09 1.8352
0 2.37 18.62 1.0875
0 3.48 15.62 1.9452
5.575 1.15 13.21 1.6856
30.275 2.16 12.01 1.7169
90.4 3.11 5.75 5.0545
46.525 -1.9 6.33 3.7152
0.225 -2.34 7.52 1.4563
0 -4.87 8.25 3.0961
0 -5.44 8.69 3.3985
3.55 1.01 12.58 2.0436
3.25 -0.28 13.23 1.9172
0.55 -2 4.27 0.7823
0 -1.13 10.68 1.8074
0 -0.22 13.09 3.2089
0 2.61 16.43 3.0375
0 5.02 18.12 2.0154
0 4.86 18.34 1.1948
1 3.17 16.71 2.2822
27.025 1.05 13.32 3.3222
16.875 -4.37 3.43 2.6244
3.675 -6.15 2.91 0.753
2.625 -4.23 4.47 1.6013
0 -5.82 2.46 2.4273
0 -2.74 6.82 1.4787
0 -4.51 8.4 3.0831
0 -0.97 10 1.5285
0 0.29 12.58 2.5496
0 -0.46 12.62 1.0667
0 -1.24 11.25 2.2305
0 -1.99 11.95 2.2961
26.35 -1.54 10.91 2.8752
43.625 -6.04 4.06 3.3672
36.35 -7.53 -2.82 5.2689
20.575 -7.14 -2.26 3.4593
20 -6.6 -1.67 4.4721
8.65 -11.41 -3.8 1.1536
0 -12.2 -2.66 3.4835
3.35 -12.42 -4.09 3.3315
17.65 -7.56 1.31 2.9717
13.925 -12.24 -2.53 2.5895
0 -13.56 -3.89 2.3702
0 -10.14 -2.4 3.017
0 -6.17 1.64 2.2143
0.05 -3.42 6.56 2.5288
0.025 -1.97 3.37 1.6254
2.65 -1.96 4.81 1.9419
25.775 -2.36 2.92 2.093
13.5 -2.78 5.71 3.2825
0 -4.1 3.16 2.2774
9.35 -2.53 6.78 1.9956
11.05 -1.52 5.38 1.1218
2.675 -0.68 3.67 1.5428
0.175 -2.44 5.76 0.4657
0 -2.28 7.83 2.2056
0 -1.32 6.67 1.3914
30.25 -1.66 7.49 2.0838
19.425 -4.78 2.24 1.5527
6.075 -7.11 0.54 2.7143
76.325 -7.43 0.6 3.3885
116 -3.59 0.78 5.1284
83.95 -2.62 2.56 5.9746
33.675 -5.23 4.55 2.4881
12.125 -5.49 -4.08 2.3668
7.175 -5.28 -1.06 2.3001
3.475 -5.25 -0.34 0.5125
0 -5.85 1.38 2.8974
22.2 -5.54 4.24 5.2506
13.4 -6.16 3.74 2.1948
0 -7.05 -2.15 0.9896
70.65 -6.53 0.47 2.3784
47.05 -4.71 0.33 4.5954
2.7 -14.19 -1.48 2.4418
5.15 -14.35 -5.54 1.4724
27.5 -13.86 -4.4 3.9983
22.675 -7.47 -2.5 4.5555
7.1 -7.24 -2.5 2.5153
0 -9.4 -1.64 3.1362
0 -8.74 -0.19 3.7862
0 -6.15 1.74 5.2416
0 -5.71 3.19 3.8374
0 -6.91 2.78 1.9734
0 -6.96 2.69 1.0669
0 -9.7 0.01 3.2878
6.25 -9.07 1.41 3.2511
4.425 -4.38 1.82 1.8917
0.95 -3.62 5.24 1.6551
0.575 -4.65 2.83 1.286
0 -3.39 9.8 2.513
0 -2.12 8.23 0.7451
0 -1.52 8.4 0.5923
0 -1.62 9.68 2.2387
0 -3.66 9.02 1.2916
0 -4.03 8.29 4.2213
0 -4 8.52 3.714
0 -3.43 9.42 2.9602
0 -2.91 11.05 3.8672
0 -2.91 9.8 2.0627
0 -2.49 9.79 2.208
0 -2.77 9.76 4.939
0 -2.71 10.8 3.3339
0 -2.8 11.03 1.8317
10.325 -4.01 10.2 0.6569
11.1 -5.05 7.5 1.7785
3.1 -6.8 -0.69 1.5248
0 -7.11 2.46 2.0329
0 -6.75 4.45 2.9942
0 -7.16 5.28 2.0741
0 -6.54 6.16 2.7659
0 -2.09 10.76 1.6186
0 -3.88 11.43 1.8969
0 -1.54 12.75 0.5227
0 -5.22 11.19 2.2702
0 -7.93 5.25 3.6255
0 -8.68 4.82 3.6983
0 -7.62 6.41 3.7293
0 -4.92 9.7 2.635
0 -4.31 11.96 1.307
0.275 -4.18 12.1 3.6032
19.65 -4.21 5.07 4.5286
25.375 -5.43 6.09 6.0838
35.725 -7.98 -3.95 4.6728
57.525 -7.51 -4.47 2.8984
27.05 -7.62 -1.32 3.7576
1.35 -12.02 -2.32 0.7092
0 -11.83 -0.96 1.2609
0 -11.93 -1.11 0.4027
0 -10.57 2.41 0.4609
13.925 -8.28 2.17 2.5407
23.55 -6.59 -0.42 5.6066
9.7 -12.44 -3.95 0.7867
10.6 -13.65 -5.54 0.5257
0.475 -13.33 0.34 2.2331
10.3 -10.64 3.98 1.7189
21.9 -5.59 6.09 3.6347
10.425 -3.8 3.43 1.6341
0.475 -6.77 3.03 1.4504
8.925 -5.27 7.26 0.5094
35.625 -4.4 8.27 1.7104
21.325 -3.71 0.99 4.2124
0.375 -6.58 0.9 0.7227
0 -4 7.26 1.532
0 -2.7 10.85 1.2305
0.075 -3.22 9.36 1.0028
0.025 -3.63 6.77 0.5067
5.1 -3.53 8.34 1.0961
3.925 -2.12 5.82 1.2466
38.45 -1.63 8.85 1.4314
28.75 -0.6 10.47 2.8218
2.075 -6.81 2.25 0.9651
28.625 -7.27 5.35 3.5623
47.05 -7.07 0.94 4.8606
62.125 -6.63 -2.4 5.844
37.5 -7.09 -3.26 2.5359
12.4 -7.39 -1.09 1.1146
20.5 -5.45 2.85 4.7818
42.875 -6.18 -1.65 5.5398
26.725 -9.24 -3.65 4.1707
21.025 -8.61 -0.35 3.0836
11.6 -4.85 -2.26 1.6659
1 -4.78 1.75 0.5819
0 -4.86 7.03 1.0392
0 -2.79 9.02 1.8262
0 -0.15 11.97 2.3108
0 0.38 17.97 1.8116
0 0.5 19.11 0.8669
0 -2.59 12.67 1.5718
0 -2.95 11.56 1.9595
0 -2.6 15.07 1.2182
2.375 -1.87 14.7 1.315
11.475 -5.7 12.95 3.4914
7.8 -11.22 -2.02 1.4817
1 -10.69 -2.49 1.2909
0 -9.76 3.14 0.4321
0 -7.18 8.2 1.4533
0 -4.55 9.31 1.1894
1.2 -4.2 10.17 2.77
0.85 -7.37 1.17 0.5179
0 -6.98 9.56 0.7489
0 -1.88 13.18 1.1722
0 -0.23 16.21 2.1178
0.05 1.41 15.94 2.8245
0.1 1.56 13.41 1.5563
0.55 -0.53 13.16 1.998
9.55 0.09 7.83 2.1358
2.4 -3.33 9.05 0.8459
1.8 -3.15 8.68 1.0797
1.675 -1.14 6.18 2.3553
1.15 -2.45 5.95 2.4418
0.175 -5.24 8.57 2.369
0 -2.93 11.23 0.7774
0 -1.44 13.8 2.2782
0 -4.56 12.36 4.3172
0 -5.17 10.83 3.4551
0 -3.39 12.02 1.9327
0 -0.88 15.01 0.5492
0 0.26 16.62 0.7903
0 2.75 18.36 3.0535
0 5.45 21.18 0.8429
0 4.54 22.05 1.4118
0 3.32 20.62 1.9746
0.05 1.14 16.32 2.8987
1.925 -3.22 6.71 3.0753
1.625 -4.52 3.73 2.5479
0 -0.94 11.87 1.6738
0 1.26 15.66 1.0583
0 1.82 18.02 0.5392
17.95 2.56 19.47 2.978
21.375 -5.93 9.44 2.9781
12.2 -6.27 0.81 1.1764
37.325 -5.19 3.82 3.4978
20.625 -4.56 -0.04 2.2508
1.075 -4.59 4.91 3.1793
0.025 -4.13 11.25 1.5831
0 -0.13 15.56 1.9284
0 0.39 15.52 2.8627
0 -0.81 14.33 4.2906
0 -1.71 11.36 2.3087
0.45 0.17 14.21 2.8994
0.325 -1.77 11.58 2.4393
0 -1.14 11.83 3.3456
5.2 -1.78 11.51 4.1689
4.35 -4.3 8.1 4.6698
0.775 -3.84 6.95 2.9301
1.725 -0.57 10.71 2.7915
2.325 -0.02 10.84 2.9541
1.25 -4.29 5.93 1.6851
0.05 -2.78 9.15 0.7992
7.2 -1.53 10.27 2.9208
18 2.52 4.92 1.346
8.975 -1.59 11.01 3.6767
0.475 -1.2 6.28 1.8599
0.1 0.55 12.72 2.9075
0 2.84 16.81 1.4851
0 3.91 19.51 2.2524
0 3.87 19.47 2.9842
0 2.71 16.83 2.6595
0 3.39 17.93 2.7047
0 5 20.66 1.6528
0 6.63 23.7 1.8212
0 7.11 22.43 2.2352
0 3.2 20.4 1.0964
0 5.71 20.45 2.9034
0 4.67 21.4 2.0981
0 6 21.61 0.3337
0 7.84 24 0.5144
0 9.56 27.34 2.5155
0 9.39 26.85 2.8209
0 7.84 25.09 2.5365
0 5.23 22.76 2.6007
0 5.31 21.43 2.2298
0 6.92 22.41 2.175
34.925 7.07 22.88 2.7014
20.6 3.4 18.98 2.5161
1.6 1.67 11.18 2.2359
0 5.53 17.65 0.8583
0 6.3 23.26 0.7698
0 9.29 26.03 0.6998
0 9.97 26.36 1.5716
0 10.09 26.21 1.7499
0 11.3 25.9 2.4858
0 11.65 26.21 2.9397
0 10.26 24.48 2.1458
0 9.77 25.22 2.4492
0 7.85 24.8 2.1686
0 6.69 23.83 2.4512
0 6.36 21.32 2.6025
0 5.69 20.84 3.211
0 5.44 18.18 2.6926
0 5.92 17.8 3.2443
0 4.23 17.73 3.2818
0 4.99 18.73 2.1051
0 5.2 20.4 1.4372
0 6.22 22.07 1.9504
0 6.31 22.33 1.1865
0 7.18 22.84 2.2506
0 7.8 24.2 2.7929
0 8.32 24.17 1.8527
0 9.3 24.72 2.1163
0 7.64 25.86 2.2234
0 7.48 24.84 1.7401
0 7.58 24.16 1.6394
0 9 23.55 1.3712
0 9.55 27.04 2.239
0 10.91 27.14 3.1378
0 11.99 26.93 2.2244
0.275 11.06 24.24 1.6587
0 9.76 25.62 1.9195
0 9.5 26.69 2.104
0 8.19 26.48 3.1644
0 6.81 22.6 2.3169
0 7.72 22.93 3.15
0 7.54 23.2 2.5568
0 8.22 24.39 1.8577
0 7.59 24.67 1.9619
0 7.3 24.7 2.1503
0 8.32 24.47 2.677
0 7.8 25.17 1.5775
0 8.18 25.24 1.4417
0 9.55 26.53 2.1101
0 7.07 24.63 1.4316
0 6.72 23.92 0.9338
0 6.82 24.57 1.6833
0 7.84 25.58 1.4553
0 8.23 25.88 2.5604
0 7.42 23.66 2.1396
0 6.69 23.37 1.6925
0 6.04 22.76 1.2257
0 7.8 23.91 0.8779
0 7.96 25.97 2.057
0 9.81 26.44 1.322
0 9.73 25.91 0.9367
0 9.71 27.49 1.0834
0 10.48 27.53 1.5005
0 9.79 28.27 1.6379
0 7.98 26.99 1.9245
0 6.12 25.29 1.789
0 7.3 23.66 0.6814
0 8.04 23.91 0.954
0 8.58 25.78 0.8029
0 9.32 25.45 0.8533
0 9.41 26.36 1.89
0 8.82 25.72 0.485
0 9.45 25.72 0.8933
0 9.88 26.71 0.8227
0 9.84 25.3 1.7798
1.525 7.32 25.24 1.072
5.2 8.16 24.25 1.7001
5.4 5.22 16.64 1.5346
6.15 6.34 20.48 0.6682
4.125 5.75 21.58 1.2445
0 6.6 20.55 2.5264
0 6.43 20.8 1.7678
0 4.34 18.3 1.6159
0 3.79 17.84 0.4322
0.125 5.79 22.63 0.2023
0.075 7.76 25.25 0.8706
0 8.49 24.86 0.5084
1.05 9.19 25.42 0.3915
0 9.48 26.74 0.6392
0 9.88 27.01 1.6175
1.775 7.16 23.16 2.3755
0 4.56 15.66 1.7361
0 6.09 20.22 0.3558
0 8.52 23.62 0.5667
0 8.01 22.74 1.0527
0 8.12 23.81 1.4906
0 5.97 22.41 2.5183
0 6.31 18.76 2.0243
0 5.01 18.03 2.1577
33.825 0.95 14.04 2.3612
29.125 -0.3 9.59 3.9728
6.65 -3.94 2.93 0.8311
1.45 -4.53 2.63 0.8646
0 -4.39 7.97 1.4068
0 -1.49 11.95 1.2204
4.775 1.25 14.17 1.7028
3.5 3.42 9.56 1.8313
0 3.41 15.53 0.9304
0 3.56 19.01 0.583
0 6.14 20.71 0.4206
0 4.7 20.43 1.1551
0 5.17 20.45 1.5248
0 5.35 18.26 1.838
0 5.5 19.29 1.8315
0 4.41 20.09 0.7719
0 3.19 16.99 0.524
0 2.88 17.82 0.4727
0 2.41 16.41 2.4563
0 3.55 18.65 1.942
0 3.58 19.85 2.1273
0 2.5 16.53 1.3698
0 -0.36 12.29 3.4787
0 -2.15 11.41 3.4439
0 -0.99 11.75 2.0731
0 0.56 13.85 0.9545
0 1.59 15.23 2.1719
0 1.57 16.51 0.1277
0 0.19 16.16 3.6283
0 0.35 13.35 4.1509
7.55 -2.18 14.03 3.9279
7.55 -6.48 11.41 1.8664
8.55 -8.68 -1.15 0.6497
5.5 -7.85 -0.34 1.6002
0.05 -8.3 -0.7 1.0008
0 -8.42 0.87 2.2512
0 -5.85 4.3 3.1578
0 -4.27 7.77 2.8439
3 -2.63 9.14 3.219
2.6 -1.29 6.2 0.8523
0 -1.8 6.19 0.207
0 -0.43 7.81 0.5169
0 -3.23 7.85 0.4674
0 -2.8 8.55 0.9057
0 -3.18 9.35 1.2599
0.2 -2.17 8.41 3.6135
3 -5.38 2 2.3094
4.65 -5.34 0.61 3.9535
2.2 -7.57 0.64 1.7169
0 -6.33 3.27 2.4681
0 -4.57 3.93 3.6893
0.15 -4.94 8.45 2.4091
0.075 -4.38 4.95 0.7671
0 -2.92 7.02 2.8987
0 -0.29 11.87 2.3133
0 -0.3 11.58 1.0979
0 0.67 10.2 1.8221
0 -4.22 12.22 3.5722
0 -5.23 8.01 8.5616
0 -3.76 4.92 3.7392
0 -5.78 7.97 4.2912
0 -7.43 4.64 2.8735
0 -7.47 3.22 3.5036
0 -8.02 3.33 3.0537
0 -7.04 3.32 3.6081
0 -5.94 5.89 3.7958
0 -5.25 6.05 4.4009
0 -5.09 7.84 3.2175
0 -6.32 6.23 1.0688
0 -8.03 4.32 1.6378
0 -8.78 1.95 1.4975
0 -8.65 2.33 0.9744
0.2 -7.61 2.56 0.818
0.1 -6.65 2.03 5.6085
0 -3.77 7.03 4.7669
0 -6.64 7.45 2.8093
0 -6.9 5.01 4.8186
0 -7.54 3.78 4.5536
0 -7.21 5.11 3.6326
0 -6.98 4.59 4.5001
0 -7.11 4.66 3.9553
0 -6.51 6.87 5.0306
0 -5.42 7.81 3.3854
0 -4.13 8.24 1.3874
0 -4.3 8.54 1.0374
0 -2.97 8.12 1.0817
0 -0.96 11.64 0.9215
0 -1.97 8.88 1.5221
0 -4.71 7.5 2.3974
