0.75 -18.31 0.07 1.5637
5.7 -10.06 -0.24 1.7187
3.25 -14.28 1.31 1.665
0 -17.96 -6.02 4.3763
1.2 -17.36 -6.24 1.663
0.7 -9.29 -1.66 0.697
0 -10.29 1.97 1.2903
0 -8.93 1.7 0.7087
0 -12.98 5.29 4.6646
0 -12.76 2.5 3.1187
0 -10.5 3.17 2.121
0 -11.18 6.84 5.4067
0 -9.28 6.37 3.6471
0 -11.61 5.57 2.9893
0 -10.02 6.31 3.7144
0 -11.54 6.81 4.846
0 -11.94 5.41 4.1963
0 -12.49 4 4.7846
0 -10.95 5.63 4.8472
0.075 -10.16 3.39 3.3404
11.125 -8.29 5.9 2.7251
20.725 -7.33 3.94 2.1549
24.3 -8.71 1.33 1.5666
31.2 -5.15 0.14 2.8451
8.875 -8.69 -0.51 3.727
0.7 -14.75 -5.57 0.7603
0.025 -16.2 -4.9 1.1909
0 -12.14 -1.77 1.4264
0 -12.11 0.81 4.2692
0 -11.22 3.54 4.5084
0 -10.14 5 3.0561
0 -9.71 5.48 3.2726
0 -10.76 4.62 3.6675
0 -10.31 7.29 3.7658
0 -8.36 8.4 2.9972
4.875 -6.37 7.38 2.5427
18.4 -8.53 0.96 2.5374
10.25 -9.47 -3.65 2.9042
13.875 -10.53 -2.06 1.3047
8.55 -13.57 -0.99 3.9124
4.5 -19.38 -7.59 0.5667
7.65 -14.5 -4.83 2.4792
2.875 -13.83 -4.14 1.4428
6.275 -13.71 -4.24 3.0418
3.775 -13.02 -6.22 3.1454
3 -11.59 -3.43 5.3221
22.775 -9.51 -4.21 5.4717
17.275 -12.33 -6.05 4.1254
2.5 -15.08 -5.05 1.0013
0 -14.33 -3.46 3.3366
0 -13.89 0.04 2.407
3.825 -12.02 1.51 3.7694
14.75 -9.26 1.38 3.2215
8.575 -5.93 -1.06 2.3782
2.575 -6.65 2.59 1.6603
1.575 -7.26 5.71 1.5504
0.2 -6.76 1.59 2.7826
0 -10.26 3.37 0.4932
0 -9.49 6.1 3.8377
19.1 -4.23 5.48 2.9259
28.475 -5.26 5.78 4.174
15.175 -6.35 1.28 4.9934
14.475 -9.84 -3.68 3.2889
2.25 -16.6 -4.92 0.7024
0.85 -13.9 -2.22 1.9354
0 -14.32 -2.21 0.2436
0 -13.32 1.42 1.6472
0 -10.85 4.09 2.7542
0 -14.38 -1.79 0.5371
0 -12.37 3.31 0.8298
0 -11.28 3.31 2.4207
0 -11.12 4.95 2.768
0 -10.98 7.16 1.4551
0 -8.79 6.08 2.4967
0 -5.95 6.97 2.9367
0 -6.37 9.14 1.068
0 -6.55 9.35 0.9023
0 -5.22 11.91 0.7994
0 -6.37 12.34 0.7497
22.025 -4.98 11.85 2.1839
22.95 -10.32 3.48 4.3207
1.175 -16.58 -6.74 2.247
0 -15.03 -3.61 1.8667
0 -11.71 4.08 0.4273
0 -6.24 7.57 2.1611
0 -9.3 7.44 2.1207
0 -7.93 8.41 1.3273
0 -4.04 11.88 3.3714
0 -11.43 7.69 1.9965
0 -8.74 6.84 0.3583
0 -5.63 9.37 2.5451
0.025 -5.79 10.28 2.6366
0.025 -8.56 7.76 5.4523
0 -13.45 1.11 1.8163
0 -11.44 4.54 3.0075
0 -9.25 8.97 2.7645
7.3 -6.28 11.94 1.4691
10.925 -8.72 9.71 3.7655
6.5 -8.34 0.32 1.8204
4.625 -7.34 1.98 2.1462
2.025 -8.81 0.92 3.7858
0 -7.32 5.5 1.5465
0 -6.94 10.52 1.9327
0.4 -5.09 8.43 4.4161
0.275 -14.53 2.45 6.4899
0 -12.03 1.7 3.5206
0 -9.76 5.01 1.5569
0 -6.65 10.97 3.2075
0 -5.06 14.21 3.0049
0 -2.15 17.15 1.6098
0 -1.26 19.1 1.043
0 0.21 19.65 2.2607
0.05 1.4 18.23 3.1646
1.1 -2.63 12.27 3.5148
0.625 -10.59 2.87 3.7657
0 -8.49 5.95 1.9005
0 -7.35 8.25 2.3967
0 -6.37 10.06 3.4127
0 -8.93 6.98 1.4925
1.55 -5.5 10.32 1.9472
28.125 0.91 12.87 2.2665
18.775 -2.74 7.7 2.9132
4.575 -0.55 5.75 4.0032
2.925 -4.31 7.3 2.0724
0.65 -0.7 10.94 4.0032
0 -3.03 11.86 2.5733
0 -3.14 14.85 2.7465
0 -2.23 15.69 1.5854
0 -2.84 16.68 0.9406
0 -0.25 17.41 0.6883
0 -1.22 17.7 2.9991
0 -0.23 16.02 3.304
0 -2.83 15.16 2.1564
0 -2.06 14.7 3.167
0 -0.35 16.55 1.4576
0 0.07 18.55 1.8529
0 3.07 21.95 0.3519
0.175 4.87 23.58 2.5657
0.1 3.41 22.45 3.0647
0 0.97 17.75 1.8979
0 0.41 17.62 0.8192
0.4 1.13 18.9 2.4135
0.275 0.68 18.26 2.9096
0 0.35 16.65 2.721
0.15 -0.37 16.62 1.7229
0.1 -0.69 16.96 1.1542
0 0.81 17.71 0.7268
0.85 2.31 19.72 1.6096
1.55 1.83 18.91 2.3311
16.6 1.88 17.18 3.3794
12.75 2.64 16.02 2.0994
2.575 1.89 16.36 1.8208
0.075 0.54 14.96 2.1714
0.475 1.74 14.5 0.8253
7.225 -1.96 11.4 2.2168
6.025 -2.57 12.81 3.9461
2.075 -4.86 5.64 2.7519
0.775 -1.91 7.4 2.8294
1.35 -0.41 12.09 2.5369
0.85 0.41 13.77 3.3805
0 0.92 13.07 3.1148
0 -1.87 11.28 3.2947
2.225 -1.13 12.95 2.0149
2.725 0.48 12.1 3.7144
0.825 -2.09 11.64 2.5944
2.7 -1.06 13 2.3782
1.95 0.17 13.32 2.2378
0.275 2.54 13.19 2.8454
0.125 2.71 15.93 1.5406
0 4.76 20.42 2.6864
0 2.57 20.16 3.3389
0 0.31 15.71 3.1239
0 -1.26 14.43 1.1718
0 0.88 16.61 0.8813
0 2.87 20.59 1.3426
0.075 3.68 22.59 2.7357
0.05 2.11 20.01 1.6404
0 3.87 21.12 0.8883
0 4.99 24.33 0.3797
0.325 6.23 25.56 3.0181
0.2 6.57 24.53 3.0466
0.025 5.02 23.34 2.2192
0 6.64 23.2 1.4858
0 5.19 22.08 2.9339
0 4.02 22.31 2.5314
0 2.6 22.47 2.8817
0 2.72 22.59 2.7801
0 1.89 20.81 3.0339
0 2.34 20.15 2.6518
0 1.23 20.47 2.5558
0 1.09 20.49 1.9325
0 4.55 21.22 2.0552
0 4.74 22.06 2.5086
0 4.62 21.68 1.3603
0 3.18 22.55 0.7568
0 4.32 23.66 1.646
0 6.95 25.51 2.2088
0 6.52 23.81 1.9781
0 7.87 26.5 2.1301
0 9.94 26.64 2.0541
0 9.36 26.92 2.5088
0 7.25 26.51 2.5603
0.1 6.21 25.74 2.1591
0.175 7.28 26.12 2.0671
0.05 6.6 24.66 2.1929
0 6.75 25.15 2.249
1.025 6.89 25.31 1.9714
0.725 7.46 25.61 1.7638
0 9.3 25.57 1.9572
0.1 7.15 25.2 2.7631
0.05 6.1 24.03 2.4044
2.275 6.48 23.91 2.236
1.15 5.57 24.62 2.3428
0 6.5 23.44 3.1383
0 3.73 22.69 2.8637
0 5.24 22.21 2.5195
0 7.36 21.39 2.7573
0 4.27 19.58 3.5001
0 -1.22 11.36 2.039
0 -0.05 13.65 1.2248
0 1.33 17.82 0.152
0 2.87 20.62 1.0938
0 5.23 22.66 2.9042
0 5.38 23.36 2.7515
0 5.64 23.25 2.9813
0 3.23 22.05 3.208
0 0.6 19.81 1.3209
0 0.18 18.97 0.2874
0 1.42 21.34 0.6395
0 2.44 22.98 0.9902
0 5.19 25.36 1.2653
0 4.82 26.09 1.7747
1.6 6.13 26.11 2.3039
4.05 6.6 26.09 2.3525
4.725 6.23 21.2 3.459
1.375 2.23 17.89 1.6983
0 2.7 20.09 1.7374
0 2.7 21.84 0.747
0 2.97 22.59 1.3472
0 4.13 22.71 0.982
0 5.53 23.06 1.397
0 4.54 24.28 3.198
0 4.88 21.48 2.3239
0 4.08 20.91 1.3113
0 3.29 21.7 0.1759
0 6.08 22.4 1.3548
0 5.32 22.39 1.9781
0 2.2 21.38 2.2139
0 1.88 20.35 2.0614
0 2.08 18.68 1.3233
0 1.29 19.56 0.5213
0 3.01 19.24 0.9613
0 4.65 21.25 0.3741
0 4 22.51 0.9868
0 4.34 24.14 1.4062
1.1 3.62 21.82 2.5175
0.15 1.39 18.1 2.8442
0 -0.91 15.45 1.4778
0 1.58 17.87 1.0354
0 1.75 20.73 0.3976
0 1.27 22.29 1.2027
0 4.73 23.44 2.4963
0 2.24 20.87 1.0064
0 3.44 18.82 2.8809
0 0 21.27 2.6708
0 1.73 22.15 1.8067
0 0.97 22.45 0.9729
0 1.41 22.66 0.7767
0 2.89 23.21 1.1749
0 1.7 24.04 0.35
0 2.42 23.94 2.3162
0 5.29 20.13 2.7273
0 -7.43 11.09 2.342
0 -7.36 8.73 2.6319
0 -4.97 13.23 0.9361
2.675 -0.29 14.57 3.2376
1.7 -8.7 10.89 3.6859
0 -10.28 -0.49 0.366
0 -8.03 6.06 3.3864
0 -7.59 8.23 1.8645
0 -5.34 10.44 1.393
0 -4.57 12.48 0.8996
0 -4.1 14.92 0.6326
0 -4.58 13.37 2.1386
9.7 -3.62 13.58 2.0483
53.95 -1.84 7.85 6.2863
31.475 -2 4.22 4.6918
0.1 -1.16 9.04 0.7153
0 -1.45 13.91 2.2485
0 -1.66 15.24 1.2894
0 0.14 17.24 2.1929
1.7 2.09 14.58 2.6519
1.075 -5.93 7.11 2.6316
0 -6.45 8.29 1.0903
0 -5.08 11.9 0.6702
0 -4.76 12.3 0.8008
0 -2.93 14.35 1.0882
0 -2.84 12.78 1.9514
0 -4.05 11.05 1.2799
1.925 -4.7 13.29 4.0597
1.375 -9.92 -1.74 5.158
0 -11.93 -0.3 0.8628
0 -8.26 4.35 0.0447
0 -6.42 10.36 0.9156
0 -5.43 12.86 0.8199
0 -4.1 14.4 1.144
0 -3.96 15.46 1.1584
0 -4.54 15.07 1.7858
0 -1.83 14.24 2.3687
0 -6.09 11.23 0.7827
0 -7.79 9.5 1.3175
0 -9.97 7.74 1.8385
0 -9.16 6.01 1.4148
0 -8.02 8.86 0.886
0.95 -6.37 8.96 0.7799
6.45 -3.56 9.36 2.1045
4.05 -10.39 1.18 1.0324
0 -11.59 1.48 1.1104
0 -12.01 1.57 2.8678
0 -10.08 5.56 2.276
0 -9.36 7.99 1.9071
0 -8.54 9.8 1.0795
0 -11.31 4.49 2.3951
1.375 -9.01 6.14 4.0931
0.825 -8.51 5.1 0.8894
0 -8.76 2.01 0.5837
0 -11.12 5.74 2.5915
0 -10.89 3.68 3.8731
0 -9.9 5.22 4.255
0 -10.5 5.73 2.7969
4.725 -7.94 6.61 1.4601
2.9 -8.71 4.83 4.9967
0 -12.63 -4.04 5.3554
0 -12.4 -0.51 3.8515
0 -11.6 2.17 1.5691
0 -12.12 2.08 2.3858
0 -13.79 3.61 2.2182
0 -12.96 0.49 2.1408
0.025 -9.69 3.71 1.2055
10.05 -15.34 0.23 2.305
12.1 -11.43 -3.81 1.1723
3.875 -23.32 -10.11 0.6587
0 -24.11 -8.96 1.809
1.525 -21.21 -7.18 2.8565
18.8 -11.64 -2.98 2.6944
47.5 -8.48 -2.82 3.6774
24.225 -9.55 -2.7 4.7688
0.65 -16.34 -4.21 0.8586
0 -14.97 -5.37 2.9052
0 -13.85 -1.78 2.2593
0 -11.88 0.42 2.2324
0 -12.31 -1.5 2.7698
0 -13.81 -2.59 4.0319
0.8 -11.93 -3.51 2.8986
11.025 -9.69 3.46 1.9521
9.125 -13.88 1.37 3.7341
0.125 -18.93 -7.08 3.0024
0 -16.07 -3.29 3.7063
0 -15.54 -0.55 3.552
3.675 -15.42 -6.14 3.9229
2.2 -14.83 -3.2 1.9088
1.525 -15.1 -4.49 3.2714
8.525 -11.24 -4.57 0.7451
4.6 -9.3 -3.52 1.5182
0.075 -9.54 -2.96 2.376
0 -10.53 0 1.831
0 -12.71 1.02 1.135
0 -13.57 -1.8 3.9614
0 -13.27 -1.12 2.9142
0 -12.79 -0.02 2.2267
0 -12.13 -0.46 2.7813
0 -11.13 0.04 2.9297
0.05 -8.86 2.4 3.1385
1.275 -8.17 2 2.2429
0.675 -6.49 0.21 2.4536
0.475 -8.49 -0.54 3.0404
18.55 -9.17 0.14 4.33
10.825 -6.53 2.01 2.1468
0.125 -13.59 -0.8 1.5059
0 -13.26 -1.63 3.3146
0 -11.39 -0.12 1.7382
18.025 -11.68 2.44 2.4838
46.575 -9.16 0.17 4.5652
27.925 -10.66 -4.59 5.3648
34.15 -10.17 -5.66 6.2201
44.2 -14.32 -6.33 3.9983
20.55 -13.58 -8.91 4.3181
2.775 -14.49 -7.54 0.8903
0.675 -17.91 -8.09 1.9736
6.8 -15.3 -6.39 3.4431
3.6 -10.08 -3.58 2.8118
0 -11.4 -0.18 1.401
0 -15.98 -0.46 2.8405
0.675 -14.02 -4.64 3.0811
0.4 -11.22 -1.14 1.5513
0 -18.41 -0.96 1.0075
0 -17.79 -4.23 1.6967
0 -11.84 -2.03 1.8671
0 -12.79 -1.4 0.6126
6.75 -12.79 -2.23 2.4541
10.7 -7.42 0.37 3.3617
10.025 -8.52 -1.26 1.811
3.625 -9.33 -2.21 2.5438
0.35 -10.46 -2.54 1.465
1.95 -11.59 -3.58 2.4397
1.1 -12.53 -4.02 0.488
0 -11.56 -2.43 0.9241
0 -10.32 0.79 1.0465
0 -11.06 2.9 1.3837
0 -11.68 3.15 1.5162
0 -11.72 3.9 0.8313
0 -10.69 5.32 1.7633
0 -10.16 5.08 2.4487
0 -9.66 5.19 1.418
1.95 -9.79 5.07 1.436
3.675 -8.57 1.05 2.493
15.45 -7.89 0.9 3.1397
7.05 -15.49 -2.91 2.569
17.275 -14.83 -2.47 3.5243
18.85 -9.85 0.1 2.9727
1.7 -12.1 -1.51 0.5526
34.15 -10.57 1.36 4.4207
23.7 -8.86 2.81 1.9128
1.575 -8.98 -2.62 0.8163
0 -10.14 2.4 2.4956
3.55 -8.29 2.75 2.7455
14.875 -9.41 1.62 3.2413
7.775 -12.64 -0.98 3.3781
0 -14.18 -2.68 1.2446
0.075 -11.51 -0.21 2.7608
0.05 -10.22 -0.32 0.766
3.725 -10.06 2.14 2.3773
2.8 -15.05 -1.24 4.0254
0.325 -12.31 -2.79 1.9842
0 -14.86 -3.99 0.5438
21.55 -11.76 2.39 2.2365
13.175 -10.81 3.64 2.6009
0 -14.81 -2.52 2.7693
0 -13.38 2.63 3.8437
0 -10.93 7.22 1.6695
0 -8.05 9.09 0.6892
0 -7.13 9.35 3.1073
0 -11.45 6.18 2.1358
0 -7.96 9.68 2.1978
0 -8.23 9.41 1.0792
0 -8.33 8.77 1.181
0 -10.08 8.38 2.5481
0.375 -9.91 8.08 2.3328
1.35 -6.99 9.33 2.7001
0.675 -10.99 2.7 2.7206
0 -10.64 1.4 2.9688
0 -8.57 7.05 1.6374
0.575 -4.86 10.58 2.8732
8.775 -6.09 11.14 6.0939
5.275 -9.7 -0.1 3.4465
0.675 -13.39 -2.08 0.9119
4 -12.08 1.91 2.4929
1.625 -7.96 2.04 2.2555
14.325 -11.11 1.55 2.7561
9.15 -11.36 -1.17 3.7266
0.025 -14.95 -3.03 0.7963
0 -12.49 2.79 2.2693
0 -8.3 7.97 0.4379
0 -6.76 10.9 1.6741
0 -7.07 7.76 1.9388
11.325 -5.08 7.39 3.7685
9.375 -10.95 1.68 4.7168
1.3 -10.6 -1.65 1.1063
0 -9.27 3.91 0.6855
0 -8.5 5.98 0.8967
0 -5.13 10.66 2.7016
0 -7.58 10.4 1.2843
0 -6.82 13.3 1.0453
0.35 -5.82 14.46 1.9141
7.775 -2.62 13.06 3.0192
6.375 -9.67 1.03 2.8852
3.15 -7.51 -2.35 1.4521
1.35 -6.67 -2.11 1.5758
0 -6.61 8.6 0.6352
0 -4.95 12.2 1.4601
0 -4.8 12.29 0.7187
3.3 -0.21 15.06 4.5757
4.175 -6.41 5.92 5.4278
1.675 -11.96 -0.7 4.1727
0.225 -10.27 0.19 3.5232
0 -8.42 4.87 1.9427
0 -7.06 10.41 2.2981
0 -5.77 12.17 1.2496
0 -2.59 14.41 1.9578
0 -1.81 13.4 3.5808
0 -7.63 9.63 2.2244
0 -8.27 7.38 1.0842
0 -3.22 11.61 2.9383
0.775 -6.44 10.28 3.8213
6.825 -8.95 3.16 3.6213
4 -12.75 2.19 4.9208
0.05 -7.52 3.2 2.5081
0.1 -6.02 8.53 1.2873
0.05 -5.13 9.98 0.8189
0 -3.2 12.65 0.67
0 -0.96 15.28 1.4753
1.25 1.62 14.79 2.3031
0.75 -6.89 9.21 2.637
0.1 -3.69 9.06 1.7763
0.05 -0.57 12.35 3.4149
0 -2.3 12.5 4.4818
1.775 -8.45 6.45 3.8086
1.425 -9.02 1.51 4.105
0.1 -6.51 3.06 2.3767
0.45 -7.7 4.99 1.6952
4.075 -4.12 9.16 3.57
10.15 -5.66 6.65 2.8419
4.75 -7.52 3.72 3.9411
0 -8.21 4.64 1.8462
0 -5.17 12.14 0.6943
0 -2.17 15.61 2.7008
0 2.7 15.24 2.9837
0 -0.58 14.51 2.7237
0 3.33 17.17 2.9565
0 5.51 16.71 3.0506
0 4.68 16.18 2.1367
0 4.95 20.89 3.1651
0 7.27 21.25 3.1663
0 3.29 19.79 2.1811
0 4.85 19.7 4.1622
0 1.92 16.23 4.6439
0 -1 11.99 5.3925
0 1.29 8.88 4.3546
0 -1.12 13.87 1.2519
0 1.4 16.83 1.6199
0 2.93 19.76 3.2735
0 0.24 18.1 3.2799
0 -2.79 12.57 0.7117
0 -1.32 17.18 2.2374
0 -1.63 15.46 3.3749
0 -2.31 14.97 2.5303
0 -1.36 16.66 1.3593
0 -0.49 15.29 0.8586
0 2.53 19.37 1.5011
0 2.84 20.07 2.1858
0 4.79 17.63 2.5965
0 2.11 17.47 2.2688
0 4.56 19.7 0.6987
0 6.14 23.69 1.3587
0 6.72 24.29 3.3766
0 4.41 23.17 3.0592
0 0.92 19.62 2.7025
0 2.02 20.56 2.7114
0 3.38 19.72 1.8576
0 1.52 18.64 1.0594
0 1.62 19.71 1.7473
1.75 4.35 22.63 2.2804
1.2 3.78 21.88 2.0246
0 4.16 21.01 2.0188
0 6.33 22.71 2.0008
0 5.02 22.79 1.8312
0 5.71 23.43 2.576
0 7.23 22.71 3.4383
0 8.55 23.97 3.6946
0 5.99 22.06 1.8429
0.95 6.66 24.26 1.052
2.375 7.87 26.31 2.5725
1.2 6.53 21.05 2.8506
0 6.68 25.25 2.6557
0 6.63 26.05 2.1074
0 6.14 25.99 2.0606
0 5.93 25.11 2.8491
0 4.92 23.7 1.0793
0 5.87 23.36 2.244
0 6.57 24.64 1.8985
3.375 8.43 25.56 2.3052
2.175 6.72 23.13 2.707
0 4.83 22.2 1.9418
0 3.79 22.58 2.395
0 5.73 22.86 1.9057
0 4.96 23.14 2.3515
0 5.51 22.67 2.5639
0 3.28 22.75 2.1321
0 4.1 23 2.512
0 3.22 23.34 1.6907
0 3.4 23.3 2.0203
0 4.02 23.16 2.0599
0 2.76 22.7 2.1867
0 4.67 21.94 2.5385
0.6 3.66 21.02 2.9588
0.35 2.51 17.94 2.1993
0 2.09 20.01 2.1371
0 2.85 20.08 2.5074
0 1.26 16.37 1.0397
0 1.8 20.19 1.1057
0 3.72 21.66 2.0063
0 3.41 22.53 2.6681
0 4.37 22.32 1.119
0 4.28 23.72 1.9513
0 5.29 24.56 2.0448
0 4.06 22.59 1.8937
0 2.48 22.55 2.2156
0 4.18 23.17 2.2697
0 5.28 20.47 1.8213
0 2.4 18.64 2.8305
0 2.76 22.39 2.3757
0 4.62 26.04 0.8038
0 8.62 27.12 2.6726
0 6.82 25.95 2.7839
0 3.56 21.67 3.2632
0.225 1.2 11.11 2.2142
0.125 -2.34 10.74 2.3439
0 -2.08 14.21 0.9772
0 0.42 18.53 0.6343
0 1.31 21.68 0.6108
0 3.48 23.81 1.1333
0 3.98 24.28 1.5534
0 3.44 23.34 1.9245
0 0.07 21.45 1.4783
0 0.92 20.7 2.8527
0 4.5 19.51 3.259
0 -4.02 9.63 2.1371
0 -3.03 15.29 0.8254
0 -1.16 17.08 0.8896
0 0.14 19.09 1.1138
0 -0.06 19.58 1.915
0 -1.21 17.88 1.5005
0 -1.39 18.18 0.6228
0 -0.76 18.65 1.1825
0 -0.98 20.19 1.7109
0 -0.82 19.77 1.5873
0 -0.13 20 1.7073
0 -2.42 16.27 0.969
0 -3.15 17.37 1.0938
0 -0.29 17.71 2.7525
0 -2.4 13.37 0.7723
0 -1.99 17.27 0.4951
0 -0.47 20.07 1.0506
0 0.87 23.25 0.4869
0 1.4 23.45 1.2345
0 3.34 24.49 0.4549
0 3.67 24.76 0.5261
0 2.57 24.51 0.3149
0.125 3.62 21.72 0.6269
5.85 3.19 19.58 1.4941
32.425 2.49 18.17 1.82
43.425 0.32 10.93 1.5507
11.9 -1.69 3.53 1.2697
7.5 -4.8 5.73 0.8148
1.9 -4.53 3.78 2.2771
0.175 -6.02 6.38 0.795
0 -4.53 11.02 1.7476
0 -3.38 13.59 1.7111
0 -1.07 17.09 1.4837
0 -0.68 15.42 2.5969
0 -0.29 16.72 1.8708
0 -1.01 17.16 0.9632
0 -0.92 16.97 0.9089
0 -0.29 16.9 1.4871
2.975 0.78 13.1 0.9127
2.55 -1.31 9.65 1.2974
0 -1.43 8.91 2.0551
0.325 -3.15 12.5 1.2167
0 -2.42 11.68 2.0833
4.475 -3.81 10.9 1.9155
19.425 -0.98 8.29 1.8573
37.975 0.62 5.66 4.8876
23.25 -4.59 6.65 3.9898
0.05 -7.13 4.95 1.5085
0 -10.68 4.33 3.1427
0 -9.59 4.83 3.3519
2.375 -4.83 9.58 2.0857
1.675 -5.08 10.6 2.075
0.075 -6.68 4.44 0.8202
0 -6.23 8.26 1.8475
0 -5.49 11.42 3.4255
0 -3.88 13.92 3.257
0 -1.85 15.74 2.2604
0 -0.65 14.99 1.2256
0.325 -0.94 13.81 2.4599
16.675 -4.15 11 3.151
11 -8.83 4.04 2.8837
1.4 -11.85 -0.24 0.6042
1.8 -11.23 1.76 1.6197
0 -10.69 -0.45 2.6044
0 -9.81 2.21 1.4704
0 -10.14 5.87 3.1924
0 -8.45 4.08 1.4901
0 -6.34 8.15 2.4326
0 -7.36 9.25 0.8058
0 -9.84 8.71 2.2303
0 -3.96 9.72 2.627
22.425 -4.1 10.12 3.2641
39.5 -9.25 4.86 3.5398
25.3 -12.15 -2.21 5.5081
10.525 -11.62 -6.54 3.4434
11.7 -11.22 -3.04 4.7085
7.125 -17.72 -5.96 0.9977
0.325 -21.65 -6.95 3.3714
0 -18.19 -4.67 3.2573
15.05 -13.86 -1.69 3.0931
9.375 -18.17 -2.27 3.0141
0 -21.03 -8.09 2.0662
0 -18.12 -9.45 2.9385
0 -14.69 -0.36 2.135
0.075 -10.86 3.87 2.4599
0.025 -2.94 3.45 1.7467
0.575 -4.54 5.49 1.6879
13.7 -8.39 3.44 1.9288
8.975 -7.26 3.77 3.2179
0 -9.42 0.96 2.3572
2.45 -7.87 3.19 1.8263
3.975 -3.85 4.7 1.1828
0.65 -3.8 3.42 1.5193
0.025 -5.23 5.06 0.5525
0 -8.62 6.2 2.1976
0 -9.07 4.87 1.5579
14.775 -7.59 5.5 2.1547
11.3 -8.35 2.92 1.7924
5.675 -10.37 -2.16 2.6431
47.175 -9.8 -2.32 3.37
80.475 -8.12 -3.48 5.3483
73.625 -7.09 -0.54 6.3655
38.25 -9.42 -1.1 2.242
16.65 -11.5 -8.14 2.0014
5.775 -12.7 -4.5 2.2104
2.725 -10.31 -3.38 0.4267
0.225 -11.5 -2.45 2.7873
17.675 -14.83 -1.15 5.0948
8.925 -11.71 -1.27 2.1028
0 -13.36 -6.49 1.0493
39.4 -12.66 -5.12 2.2858
21.325 -10.45 -3.21 4.7604
1 -19.51 -4.02 2.8467
3.2 -20.23 -9.76 1.1758
12.25 -19.03 -10.28 3.5505
17.2 -14.36 -8.66 4.4445
20.65 -12.59 -8.97 2.5335
0 -14.63 -6.64 3.0131
0 -18.31 -9.19 3.7346
0 -16.53 -8.49 5.3898
0 -15.53 -7.69 3.9592
0 -15.82 -7.75 1.8219
0 -16.31 -4.43 0.9579
0 -15.3 -2.56 3.354
2.35 -15.83 -6.41 3.1455
4.925 -12.37 -3.81 1.5741
0.2 -12.38 -1.88 1.5882
0.125 -12.72 0.58 1.3913
0 -11.77 1.62 2.3196
0 -10.26 0.73 1.0499
0 -8.63 2.84 0.6148
0 -10.06 2.43 2.0806
0 -8.56 3.37 1.2996
0 -11.1 3.82 4.2633
0 -12.75 0.82 3.5575
0 -12.85 1.44 2.8101
0 -11.92 4.35 3.6122
0 -12.1 1 2.132
0 -11.47 2.32 2.1353
0 -11.55 2.94 4.9142
0 -11.94 2.99 3.1148
0 -11.75 2.32 1.7659
3.225 -11.21 3.39 0.7372
10.9 -10.18 4.91 1.7693
3.875 -12.89 -3.61 1.7229
0 -13.96 -1.58 2.2072
0 -18.08 -1.83 3.073
0 -16.33 -2.43 2.1337
0 -13.08 1.04 2.9692
0.05 -11.02 4.35 1.7014
0.025 -8.68 5.75 1.9368
0 -8.99 6.19 0.6372
0.075 -11.86 7.87 2.3064
0.05 -14.39 0.31 3.6694
0 -15.95 -1.5 3.7637
0 -14.37 0.4 3.7602
0 -12.38 3.45 2.5538
0 -10.31 6.85 1.4708
0.025 -8.65 6.66 3.2726
7.925 -5.72 4.31 4.0339
36.225 -8.66 4.52 6.2743
24.375 -13.06 -6.54 4.2971
39.975 -11.25 -7.05 3.2235
32.2 -10.55 -3.42 4.2718
3.1 -19.62 -5.7 0.8238
0 -19.42 -5.79 1.2212
0 -17.95 -6.31 0.389
0 -17.64 -2.65 0.256
5.4 -14.59 -3.41 2.5183
14.7 -11.12 -3.02 5.9643
17.55 -16.15 -6.5 0.6184
0 -19.41 -9.86 0.5072
0 -18.7 -5.25 2.1405
2.875 -15.98 -0.81 1.7265
5.05 -12.66 1.44 3.3875
7.525 -8.33 2.12 1.9524
0.775 -13.02 0.35 1.3974
2.15 -9.64 2.78 0.5873
11.275 -7.8 4.48 1.7835
20 -7.22 1.15 4.5287
0.075 -10.24 -0.55 0.7349
0 -8.73 5.69 1.5418
0 -7.11 8.28 1.4373
0.25 -6.9 7.5 1.034
0.15 -7.78 6.49 0.7045
1.425 -8.86 7.13 0.9121
1 -5.41 4.06 1.1891
11.75 -5.12 7.5 1.3906
27.975 -4.33 8.35 3.1587
4.25 -11.22 1.14 0.9139
24.3 -9.58 1.87 3.3701
45.325 -10.98 -2.6 4.9986
69.275 -9.22 -4 6.3626
12.1 -11.35 -5.1 2.8133
6.625 -13.34 -2.85 0.8569
13.3 -11.42 -2.71 4.3595
38.4 -12.47 -3.99 5.39
28.2 -13.77 -3.97 4.2938
13.825 -10.98 -1.72 2.9664
6.5 -9.18 -2.67 1.7705
0.125 -8.25 2.92 0.5183
0 -9.08 5.6 0.9795
0 -7.03 7.7 2.1136
0 -6.52 9.55 2.1843
0 -5.17 14.15 1.6581
0 -2.84 16.86 1.4004
0 -7.17 11.83 1.3349
0.1 -8.03 8.76 2.0602
0 -5.53 12.21 1.4801
2.55 -6.08 11.94 1.3187
5.15 -9.33 9.38 3.6509
5.125 -15.43 -4.82 1.4148
2.225 -13.14 -6.54 1.5326
0.1 -12.59 -0.84 0.5624
0 -9.58 5.73 1.4266
0 -8.89 7.48 1.2793
0.5 -7.72 7.71 3.035
0.375 -11.44 -1.19 0.5838
0 -8.16 6.48 0.7711
0 -6.16 11.74 1.2256
0.025 -4.89 13.67 2.3416
0 -2.98 13.2 3.2773
0 -4.41 8.57 1.8499
0.375 -3.68 11.05 2.3932
10.125 -3.06 4.77 2.5593
3.25 -7.96 6.13 0.8451
1.975 -6.74 6.05 1.5241
0.3 -4.23 5.26 2.792
0.95 -5.6 3.73 2.7195
0.05 -8.52 5.85 2.7156
0 -7.03 8.18 0.8472
0 -4.73 11.79 2.611
0 -8.26 9.06 4.5754
0 -10.14 4.83 3.7444
0 -8.87 5.94 2.0886
0 -6.02 9.63 0.6639
0 -3.45 12.84 0.8143
0 -3.59 14.75 3.1815
0 0.33 16.5 0.9739
0 -0.46 17.34 1.7352
0 0.08 16.44 2.1986
0.4 -1.82 13.02 3.2982
1.4 -7.79 5.49 3.5451
3.7 -9.07 -0.49 2.9465
0 -6.2 8 1.6785
0 -3.09 12.44 1.2036
0 -2.12 14.95 0.6196
4.575 -1.92 16.25 3.1258
10.025 -9.35 9.37 3.2801
3.575 -10.41 -1.36 1.1402
9.55 -7.62 2.52 3.4648
22.975 -8.49 1.06 2.5881
2.725 -7.19 2 3.6973
0.125 -7.12 7.29 1.8137
0 -2.48 12.92 1.8766
0 -2.76 12.48 2.7335
0 -4.84 11.44 4.3032
0 -6.39 9.07 2.383
0 -3.29 12.7 3.0011
0 -3.19 10.83 2.8609
0 -3.5 10.42 3.5478
2.675 -2.9 10.96 4.4424
6.55 -8.85 5.78 4.9774
1.4 -8.54 3.06 3.0382
0.55 -5.55 7.34 3.0421
1.05 -2.7 8.54 3.2651
1.275 -7.23 4.6 1.8397
0 -7.29 5.89 0.7675
11.775 -2.73 8.46 2.7433
19.3 -1.56 2.29 1.6131
8.05 -3.41 10.06 3.8422
0.55 -4.58 7.76 1.777
0.375 -3.39 11.72 3.0082
0 -1.61 13.59 1.5618
0 -0.48 16.55 2.0374
0 -0.01 16.46 2.9458
0 -0.16 14.7 2.586
0 0.54 16.28 2.7744
0 1.84 18.13 1.4221
0 2.74 21.18 1.8954
0 3.55 20.1 2.4112
0 -0.68 17.09 0.9951
0 0.37 16.1 3.0282
0 1.64 17.95 2.1134
0 0.7 16.43 0.1979
0 2.91 20.87 0.3385
0 4.72 23.12 2.4907
0 4.8 22.95 3.1725
0 2.43 20.45 2.7452
0 0.93 20.14 2.7309
0 0.79 18.9 2.1723
0 2.58 20.6 2.0897
17.75 4.01 20.87 2.963
22.275 0.98 16.68 2.6648
5.125 -1.71 8.32 2.198
0 1.47 18.08 0.6437
0 3.08 22.16 0.8858
0 5.36 23.97 0.8912
0 5.29 24.05 1.7691
0 5.84 23.24 1.8417
0 7.58 21.46 2.4162
0 6.68 22.56 2.9506
0 4.86 20.84 2.309
0 4.63 22.05 2.5615
0 2.59 21.81 2.253
0 3.09 20.92 2.4934
0 2.8 20.19 2.5632
0 2.31 19.43 3.2315
0 1.2 17.92 2.6216
0 3.17 17 3.1114
0 1.14 16.52 3.1934
0 1.4 17.16 2.094
0 1.18 18.73 1.6501
0 2.49 20.3 2.0705
0 2.16 20.56 1.1227
0 2.62 21.43 2.3055
0 4.24 22.21 2.8858
0 5.05 21.4 1.8202
0 5.4 22.97 2.1378
0 3.87 23.16 2.2986
0 2.24 22.11 1.7902
0 3.13 22.01 1.7016
0 5.31 20.9 1.2944
0 7.06 23.53 2.0766
6.075 5.35 24.21 2.9934
4.9 6.89 22.58 2.1932
2.375 6.67 18.25 1.7107
0 5.03 21.57 2.0031
0 5.73 22.64 2.1512
0 3.6 23.11 3.1486
0 3.29 20.66 2.2243
0 2.85 21.04 3.1148
0 2.62 21.7 2.5183
0 3.64 21.49 1.8525
0 3.12 22.5 1.9092
0 3.51 22.09 2.1515
0 3.73 22.56 2.6702
0 4.02 23.02 1.4564
0 4.91 22.78 1.4432
0 4.1 22.9 2.2076
0 4.13 21.42 1.5484
0 3.37 20.57 0.8754
0 3.02 21.96 1.4957
0 3.56 23.49 1.2484
0 4.73 24.34 2.4851
0 4.55 22.4 2.1259
0 3.2 21.28 1.6176
0 2.35 20.99 1.1783
0 1.22 21.01 0.9784
0 4.67 24.01 2.0996
0 5.55 23.98 1.4248
0 4.68 23.09 1.0469
0 4.99 24.61 1.2041
0 6.63 24.51 1.592
0 5.63 24.53 1.6235
0 4.36 23.97 2.0432
0 1.96 23.55 1.9416
0 2.99 21.25 0.7243
0 2.28 21.36 0.8985
0 3.48 22.23 0.9017
0 4.09 21.93 0.8248
0 6.42 22.41 1.8372
0 3.66 20.48 0.5057
0 3.25 21.77 0.9
0 4.99 22.56 0.7339
0.475 4.66 21.23 1.9306
3.9 3.16 19.88 1.2083
6.35 3.67 17.8 1.4101
16.575 1.13 13.68 1.3226
7.725 3.06 16.05 0.6354
14.85 0.96 17.54 0.9909
0 2.33 16.58 2.5015
0 3 17.7 1.9856
0 1.25 15.35 1.5815
0 0.54 16.65 0.2639
2.075 1.08 19.39 0.3067
1.425 2.88 21.23 0.8615
0.025 2.21 21.01 0.4349
7.125 2.79 21.67 0.4737
0 5.46 21.71 0.8159
0.3 4.08 22.62 1.676
11.65 1.78 18.23 2.3899
0.125 0.01 13.63 1.5866
0 1.13 18.05 0.4008
0 2.48 20.28 0.6436
0 4.05 19.26 1.0472
0.05 1.58 20.82 1.6499
0.025 1.83 20.19 2.6717
0 3.9 16.77 2.1611
0 1.01 15.96 2.3461
22.275 -1.04 12.54 2.4732
35.5 -4.25 8.83 4.1078
14.275 -6.99 2.34 0.6695
2.575 -9.06 2.24 0.9789
0 -7.2 6.22 1.325
0 -5.7 9.56 1.3969
1.275 -3.17 11.64 1.7782
4.6 -1.22 8.86 1.8091
0 -2.26 13.85 0.9186
0 -1.7 15.92 0.6729
0 -0.94 18 0.6617
0 -1.14 18.44 1.3088
0 -0.67 15.67 1.8285
0 -1.03 15.2 1.9834
0 -1.61 14.71 2.1183
0 -1.99 16.56 0.624
0 -1.77 13.87 0.5804
0 -3.35 14.83 0.3763
0 -1.9 13.67 2.366
0 -4.43 15.44 1.9797
0 -3.15 16.2 2.4597
0 -3.85 12.72 1.3914
0 -7.57 9.14 3.8697
0 -8.81 5.96 3.494
0 -8 7.83 2.2487
0 -6.48 10.77 0.8357
0 -5.92 12.13 2.3418
0 -5.7 12.97 0.1908
0 -5.41 13.15 3.4333
0 -6.45 7.48 4.1477
2.225 -10 7.91 4.132
10.4 -11.1 8.18 1.9626
6.15 -13.45 -4.17 0.4288
9.45 -11.22 -2.8 1.5562
0.175 -10.79 -3.11 1.061
0 -13.06 -1.84 2.3951
0 -12.59 0.71 3.3493
0 -10.89 3.66 2.9091
1.95 -7.66 3.51 3.1093
3.025 -5.39 0.9 1.0313
0 -7.16 3.57 0.2408
0 -6.02 5.81 0.4603
0 -9.32 6 0.4736
0 -9.28 6.93 0.8599
0 -8.36 5.97 1.3614
0 -9.65 6.9 3.7026
0.475 -8.84 1.38 2.3158
1.825 -9.01 -0.2 3.8047
2.775 -12.32 -3.09 1.5139
0 -12.16 0.5 2.1739
0 -10.44 4.07 3.4753
0 -8.26 7.45 2.3798
0 -9.46 3.29 0.7982
0 -9.31 4.21 2.9893
0 -7.7 7.29 2.386
0 -8.39 6.53 1.0961
0 -7.94 7.42 1.9934
0 -9.59 8.52 3.2316
0 -10 3.72 9.3111
0 -13.14 -3.45 3.9979
0 -14.18 2.05 4.5752
0 -15.39 -2.13 2.7179
0 -14.54 0.36 3.5235
0 -15.44 -1.87 3.0006
0 -14.23 -0.8 3.6794
0 -13.74 1.98 4.0518
0 -14.68 1.57 4.3784
0 -12.35 1.11 3.233
0 -14.13 0.45 1.2875
0 -15.36 0.18 1.6412
0 -15.36 -3.46 1.4482
0 -15.23 -2.27 1.0373
0 -13.31 -0.7 0.9187
0 -11.64 -2.67 5.9702
0 -11.75 -0.07 4.9685
0 -14.83 0.36 2.63
0 -12.45 2.55 4.7625
0 -15.76 -1.23 4.7364
0 -14.48 -1.62 3.4649
0 -17.73 0.71 4.5525
0 -17.28 -1.33 3.8835
0 -16.42 -0.57 4.8885
0 -15.43 0.87 3.2207
0 -13.85 2.77 1.3966
0 -12.83 4.66 1.1047
0 -11.06 3.34 1.0824
0 -8.81 8.13 0.9785
0 -9.32 6.23 1.4737
0 -11.95 6.02 2.3711
