0.525 1.78 12.87 1.5662
4.875 1.75 7.6 1.0918
2.225 0.36 11.71 1.7917
0.3 -2.03 9.55 3.6369
1.325 -0.64 9.82 1.8385
0.55 3.89 7.26 0.3503
0 2.16 8.31 1.4984
0 2.62 10.77 0.9222
0 2.79 13.37 4.0921
0 0.74 12.76 3.5165
0 0.3 17.72 2.5274
0 1.23 16.8 5.3436
0 2.46 18.97 4.0986
0 0.2 21.32 3.7736
0 0.07 21.07 3.9238
0 1.03 21.65 4.9223
0 2.14 20.88 4.1718
0 2.21 21.14 4.6602
0 2.01 21.76 4.846
0.025 2.15 21.06 3.4159
4.625 3.6 19.51 2.6936
14.25 8.89 18.52 2.1097
17.25 10.87 12.82 1.6823
16.675 9.34 15.22 2.1227
6.05 4.96 13.46 3.2975
1.45 0.55 7.91 1.0342
0.1 -1.49 10.48 1.2114
0 -1.32 11.28 1.5421
0 0.66 14.44 4.0366
0 0.73 16.7 4.3864
0 2.14 19.72 2.8976
0 2.53 18.88 2.9168
0 2.37 17.26 4.0473
0 1.74 21.36 3.8169
0 3.18 22.4 2.9967
2.925 6.19 20.8 2.7773
6.925 7.78 13.13 3.1661
2.8 5.3 14.84 2.6665
9.2 4.08 14.74 1.2815
5.575 2.64 12.44 3.2887
3.4 -2.91 9.64 0.3502
7.125 -1.16 10.89 2.5259
3.9 1.63 10.98 1.3562
13.625 1.69 10.58 3.037
6.625 2.79 8.52 3.6633
2 4.88 11.07 6.3198
13.2 5.84 11.51 5.5117
9.95 5.29 10.54 4.5059
1.675 2.18 9.42 1.5657
0 0.72 14.8 3.5285
0 1.52 17.88 2.7366
3.6 1.95 17.94 3.7308
10.225 4.07 16.42 4.0649
8.15 10.21 14.28 2.9367
1.9 7.3 14.97 1.4845
0.725 7.59 18.09 1.5277
0.625 6.54 16.21 2.2637
0.125 2.75 16.69 0.4151
0 3.34 16.71 3.5631
7.65 7.01 18.5 2.9276
18.15 10.56 16.44 4.1132
33.1 8.21 15.76 4.9356
13.95 4.2 12.34 2.6516
0.225 0.5 12.69 1.0445
0.1 1.3 13.32 1.8669
0 0.16 12.55 0.3404
0 0.2 15.31 1.4012
0 2.22 14.78 2.6863
0 -1.07 12.18 0.5583
0 -0.84 14.5 0.5159
0 2.01 17.11 1.8404
0 2.29 18.59 1.9525
0 2.71 18.41 1.3582
0 4 17.05 2.2115
0 5.81 18.85 2.5645
0 6.5 19.85 1.1274
0 6.73 21.3 1.3841
0 7.23 22.98 1.2688
0.05 7.19 23.6 0.9651
6.4 7.35 21.89 1.6467
5.525 4.93 16.41 3.9274
0.95 0.05 11.51 2.3556
0 0.24 14.91 1.9182
0 2.23 18.59 0.8987
0 4.87 21.34 2.0576
0 7.4 22.9 1.9236
0 7.48 23.42 1.4522
0 7.54 23.04 3.5155
0 3.05 18.31 2.0461
0 2.31 18.72 0.5478
0 5.69 21.55 2.924
0 6.25 23.25 2.6166
0 5.36 19.01 5.1634
0 1.56 16.87 1.9353
0 1.59 19.61 2.527
0 4.19 24.25 1.9283
8.925 6.18 24.23 1.1983
5.05 6.68 19.24 2.7305
4.4 5.99 13.88 1.73
3.125 6.95 14.91 2.3648
0.45 4.2 16.02 3.7384
0 4.97 18.7 1.7198
0 6.52 21.2 2.4454
0 7.4 19.64 5.0324
0 0.79 13.31 5.682
0 1.02 15.86 2.96
0 3.4 20.93 1.5478
0 6.12 24.63 2.4564
0 7 28.08 2.4699
0 11.68 31.76 1.5045
0 12.54 32.54 1.2745
0 12.11 33.78 1.7834
0 10.63 30.82 2.3057
0.225 9.07 23.42 3.1782
0.125 2.61 17.81 3.3725
0 3.56 20.15 2.1299
0 5.48 21.08 2.2988
0 2.93 19.09 3.0078
0 2.98 17.75 1.8399
0.075 4.05 20.8 1.9851
24 7.33 22.57 1.7433
12.9 12.02 19.98 2.4056
1.45 12.26 19.02 3.4527
1.125 10.91 21.19 1.7917
0.375 13.15 23.2 3.4342
0 11.55 25.57 1.8742
0 10.81 26.77 3.0864
0 10.56 26.39 2.0271
0 10.63 27.9 1.8374
0 10.77 29.12 1.473
0 11.12 29.84 3.1199
0 8.9 27.69 3.3685
0 9.52 26.36 2.9467
0 10.28 28.63 3.2356
0 11.6 28.65 2.2411
0 13.29 32.37 1.3953
0 16.27 36.89 0.2705
0.125 16.28 37.96 2.1465
0.075 16.17 35.68 2.3631
0 12.16 30.53 1.5398
0 11.33 30.45 1.1366
0 12.03 31.37 2.4543
0 12.17 30.67 2.9996
0 10.57 28.54 2.7878
0 9.94 28.39 2.2458
0 12.98 30.52 1.7193
0 14.44 33.01 1.1061
0 15.76 35.23 2.1967
0 15.9 34.45 2.4998
0.025 15.72 33.49 2.9842
0 14.65 29.71 2.3301
0 13.97 30.12 2.3071
0 13.34 27.95 2.3547
0.35 13.82 27.32 0.5069
1.85 11.99 26.82 2.1658
1.9 10.91 23.66 3.086
1.45 8.92 20.93 1.9789
0.525 10.18 23.21 2.632
0 11.31 26.67 2.6119
0 10.71 27.11 3.3928
0 11.39 25.73 3.0174
0 10.61 24.9 3.4104
0.3 11.44 25.93 2.5476
0.2 13.45 25.23 3.4284
0 11.02 25.38 2.3604
0 10.83 26.22 2.4862
0 11.66 26.82 2.7338
0 13.06 28.01 3.1796
0 14.02 31.47 2.1566
0 15.63 33.98 2.8874
0 11.2 32.14 3.2695
0 9.46 27.82 3.372
0 11.05 27.71 1.5456
0 12.38 31.73 0.733
0 14.87 35.15 1.6238
0 15.5 35.87 2.6629
0 14.04 33.66 1.86
0 15.92 35.92 1.0017
0 17.99 40.22 0.8558
0.05 18.82 41.2 2.7911
0.025 17.52 40.17 2.7374
0 16.96 36.94 2.2546
0 17.04 37.34 1.8538
0 15.65 37.11 2.7346
0 15.37 36.35 2.4652
0 14.74 33.74 2.6581
0 13.56 32.5 2.4505
0 11.9 32.28 2.6297
0 11.69 31.57 2.6468
0 12.58 31.24 2.6753
0 12.39 31.79 2.0291
0 14.32 32.57 1.7837
0 16.81 33.32 2.2241
0 15.23 34 1.6277
0 15.86 36.84 0.7089
0 16.97 37.88 1.551
0 18 39.07 1.7634
0 18.49 39.35 1.6924
0 19.81 40.67 1.9829
0 19.74 41.07 1.4943
0 20.08 40.83 2.4186
0 17.74 38.47 2.5389
0 16.7 36.81 2.4556
0 16.73 36.68 2.1107
0 15.96 35.57 2.096
0 14.98 35.22 2.181
0 15.88 36.6 1.952
0 18.7 38.74 1.9638
0 18.99 38.6 2.3309
0 18.57 37.02 2.9567
0 18.1 35.37 2.7252
0 17.13 35.5 2.9012
0 17.66 35.01 2.656
0 16.63 34.66 2.8538
0 14.61 32.71 2.3706
0 15.1 32.29 1.9209
0 15.72 32.92 2.1731
0 13.55 30.7 2.8267
0 11.16 25.58 1.9031
0 12.16 28.96 1.6284
0 14.39 33.22 0.794
0 16.47 35.52 1.3125
0 17.86 37.14 2.9467
0 16.4 37.76 2.814
0 16.27 36.3 3.1298
0 14.95 33.54 3.1642
0 11.61 31.93 1.6236
0 12.47 32.89 0.6511
0 14.95 34.76 0.9468
0 15.79 35.82 0.8652
0 16.36 37.09 1.3452
0 16.44 35.8 2.3333
0 17.25 36.4 2.1422
0.475 17.87 38.13 2.2364
0.55 17.12 35.45 2.6744
0.15 14.72 31.69 1.5627
0 13.91 32.62 1.4701
0 13.97 34.01 0.3872
0 14.06 35.53 1.6148
0 14.28 37.23 1.5892
0 16.27 37.64 1.5039
0 16.35 38.85 2.5089
0 17.1 36.1 1.5014
0 16.62 35.05 0.6448
0 17.1 36.36 0.5346
0 17.86 38.01 1.7222
0 16.9 37.13 2.415
0 13.1 33.75 2.0597
0 13.41 30.84 2.0965
0 12.45 29.3 1.8746
0 12.39 31.07 0.6017
0 13.3 32.06 1.0305
0 15.31 34.97 0.4847
0 15.53 36.91 1.0711
0.175 16.78 36.27 1.9726
0.525 14.27 32.31 2.0345
1.825 14.14 26.95 2.5764
0.525 12.42 25.52 1.6957
0 12.72 29.92 1.7388
0 14.4 32.42 0.7466
0 15.18 34.29 0.9133
0 16.68 36.52 1.9165
0 14.67 33.94 0.991
0 14.69 34.22 1.9167
0 15.79 35.97 2.083
0 15.25 36.58 1.2579
0 14.76 36.23 0.6984
0 14.62 35.74 0.7968
0 15.27 37.14 1.139
0 15.32 37.98 0.4103
0 16.2 36.75 1.8774
0 15.03 31.54 2.5082
0 6.23 21.21 2.4298
0 6.8 24.41 2.3429
0 7.28 27.07 0.8119
0.25 8.66 27.14 3.2025
0.2 6.63 22.21 3.3662
0.025 3.66 17.67 0.3434
0 3.41 20.99 2.4705
0 5.72 24.66 1.2306
0 6.68 24.21 1.3639
0 7.04 25.41 0.6572
0 7.94 25.89 0.4611
0 7.46 25.48 1.7502
1.45 8.22 23.75 1.9399
38.8 9.01 18.46 6.8549
20.375 13.29 19.21 4.2108
0.875 15.21 23.52 1.0785
0 13.51 26.85 2.2659
0 12.54 26.58 1.1339
0 15.45 27.58 1.6287
0.6 10.24 23.61 2.0218
0.325 6.91 18.22 1.6271
0 6.65 20.17 1.0785
0 8.2 23.24 0.7439
0 9.3 24.56 1.2496
0 10.71 25.95 1.3573
0 9.88 25.1 1.5995
0 9.39 24.85 1.1582
0 9.9 24.03 4.6067
0 5.67 18.73 4.8409
0 2.36 17.56 0.7531
0 2.65 18.07 0.1696
0 4.83 21.93 0.8525
0 5.97 23.89 0.9481
0 7.98 24.79 1.2492
0 8.31 26.06 1.1453
0 7.7 27.43 1.7618
0 7.46 25.81 2.3797
0 6.45 21.36 0.5491
0 7.2 20.46 1.7815
0 4.24 19.12 1.9203
0 3.91 18.88 1.0615
0 5.03 19.48 0.7769
1.85 7.04 19.01 0.4476
2.4 7.55 17.37 2.0591
0.675 2 14.76 1.4073
0 2.02 15.56 1.1565
0 1.56 16.67 2.6622
0 1.92 17.68 1.9624
1.2 2.97 20.54 1.261
0.6 3.82 19.91 2.0876
0.2 1.57 15.59 2.1966
8.8 2.09 17.46 3.438
4.4 2.37 16.01 1.2146
0 2.04 15.15 0.4588
0 2.72 16.48 1.9761
0 2.41 15.91 3.5044
0 2.5 19.01 3.7449
0.275 3.11 21.28 2.418
2.125 4.28 20.26 1.0788
0.775 5.15 15.18 5.1086
0 1.85 16.65 4.7489
0 1.52 15.23 3.8661
0 1.86 18.25 1.5497
0 1.5 17.07 1.9408
0 0.85 16.45 1.8891
0 1.22 15.89 1.9737
0 1.27 15.69 1.0952
5.925 -1.91 11.99 1.9834
9.075 -1.29 7.86 0.7397
2.375 -5.65 6.05 0.5664
0 -5.08 6.67 1.9467
5.3 -3.6 8.45 3.2944
17.575 2.65 11.47 3.0346
23.85 7.65 12.19 3.8518
15.25 6.54 12.52 3.9299
3.425 5.77 10.61 0.6503
0 2.82 13.17 3.3174
0.15 4.98 15 2.746
0 4.59 14.74 2.2303
0 3.23 14.32 2.719
0 3.1 10.07 4.0893
0.5 3.44 15.12 2.8677
9.425 5.2 17.04 1.7394
4.725 2.88 12.68 3.6739
0.075 -1.05 9.75 2.2272
0 -1.03 10.74 3.9184
0 -0.37 14.56 4.0028
3.275 0.93 15.18 4.1224
2.825 1.89 13.23 2.0987
1.15 3.44 12.1 2.9695
2.9 2.55 11.83 0.7909
1.4 6.4 12.5 1.4372
0 4.41 11.74 2.6683
0 4.08 13.99 2.1957
0.025 3.89 14.32 1.1954
0 3.55 15.18 3.9209
0 1.66 16.81 2.9339
0 2.06 17.21 2.8708
0 2.6 13.42 3.1207
0 2.28 13.72 2.5584
0.625 4.01 13.94 2.9497
0.675 5.37 14.47 2.4397
0.2 5.02 9.32 2.4225
0.375 5.08 11.07 3.2371
10.425 5.78 17.4 4.6443
6.725 8.19 17.33 2.0368
0.175 1.71 14.58 1.2229
0.025 2.18 14.16 3.2696
0.4 3.75 16.31 2.4872
10.15 3.83 16.96 2.7574
17.05 7.57 14.66 4.9469
17.55 8.81 11.6 5.6405
21.125 5.63 10.66 6.5718
21.15 3.4 9.29 3.8966
13.175 1.92 9.02 3.5804
4.1 1.35 7.1 1.0071
0.775 0.23 10.65 2.4824
2.2 1.97 10.15 4.3157
1.15 6.56 11.48 3.019
0.025 3.11 13.84 1.2269
0 2.41 13.88 2.6441
1.05 3.87 14.89 3.21
1.275 4.76 16.2 1.2308
0.325 0.9 14.19 1.2539
0 0.81 14.74 1.7579
0 3.26 14.75 2.1124
0.225 3.81 16 0.6413
6.775 4.83 15.66 3.0235
6.65 7.31 15.41 3.414
10.375 8.6 13.13 1.6612
3.95 6.26 10.48 2.5132
1.625 6.51 10.83 1.251
3.85 6.33 11.33 1.7378
0.875 1.3 11.8 0.6748
0 2.34 13.13 1.186
0 4.77 14.48 1.368
0 3.61 17.73 1.4271
0 3.5 18.58 1.5276
0 3.7 18.74 1.2095
0 5.08 18.4 1.7369
0 5.84 19.83 2.3826
0 4.93 20.82 0.92
0.1 5.46 18.12 1.0903
2.125 6.64 15.1 2.1757
7.575 6.33 11.7 2.8477
3.15 1.12 10.06 2.0223
19.4 1.35 12.92 3.8097
12.7 5.17 12.12 2.6497
1.975 3.08 12.8 0.8609
18.7 3.74 16.43 4.5489
10.7 7.1 16.59 1.204
0.475 3.32 13.92 0.3967
0 4.1 16.51 2.1429
5.175 6.18 17.62 2.7012
17.5 6.62 11 3.2611
7.7 2.8 10.9 2.7223
0.05 0.45 11.51 1.2625
0 2.77 14.33 2.3878
0.15 3.3 17.85 1.1026
0.475 5.62 14.24 2.6283
2.075 -0.61 10.21 3.7051
1.025 0.4 11.98 2.2127
0 -0.08 12.2 0.3123
13.375 1.4 14.57 2.0891
6.8 1.23 14.15 2.4602
0 0.62 14.76 2.4264
0 1.54 16.8 3.5507
0 4.33 22.69 1.3033
0 6.6 24.41 0.9652
0 6.67 23.94 2.8214
0 3.52 24.99 2.1501
0 5.03 25.39 1.768
0 6.58 23.52 0.3737
0 6.16 21.63 1.7331
0 4.65 20.95 1.8037
0.2 3.91 21.11 1.7422
1.15 5.13 20.69 2.2018
0.55 2.39 15.92 2.2739
0 2.79 18.85 2.4732
0 3.9 21.44 1.0232
1.075 5.48 23.23 2.4268
8.975 5.68 20.69 5.0516
5.225 3.36 12.44 2.6932
0.725 1.06 13.06 0.8434
5.525 1.23 13.53 2.0524
2.8 2.71 12.5 1.7989
15.825 2.35 12.37 2.7997
8.65 3.42 12.36 2.8334
0 2.64 14.94 0.8202
0 2.1 17.52 2.0714
0 4.8 20.74 0.8473
0 6.16 21.31 1.2876
0.325 6.53 20.29 2.0053
11.8 7.07 14.78 4.4226
15.8 6.18 13.81 4.3898
4.7 3.64 12.2 1.0895
0 4.14 16.7 0.7082
0 5.12 18.15 0.8489
0 5.89 21.1 1.9821
0 6.09 21.57 1.4755
0 6.23 23.44 1.1854
2.775 8.65 24.38 1.5195
16.775 8.41 20.7 2.4284
11.275 4.32 12.67 3.3016
2.15 5.64 10.47 2.0693
0.1 6.69 13.8 1.3127
0 8.36 23.46 1.0923
0 10.45 26.6 1.2937
0 8.64 27.07 0.8622
4.7 8.99 25.02 3.8987
4.075 4.29 15.93 4.6372
0.825 3.94 14.78 3.6604
0 3.14 15.54 3.411
0 4.3 20.42 2.0759
0 6.57 23.56 1.9398
0 8.24 26.69 1.0016
0 9.09 26.79 2.2494
0 7.58 24.24 3.7922
0 5.21 21.43 2.3548
0 4.17 22.47 0.818
0 6.38 23.8 2.7546
0.2 7 21.25 3.6315
6.05 7.57 16.05 2.9634
3.1 2.3 14.44 3.6763
0 3.45 19.56 2.1067
0 6.4 23.89 1.042
0 8.46 26.06 0.7582
0 9.15 27.45 0.6302
0 10.37 27.83 1.2392
0.9 11.48 25.69 1.8497
0.55 11.97 21.49 1.4875
0.025 11.07 22.32 1.5514
0 10.63 23.3 3.4641
0.05 6.11 21.75 4.2799
0.025 4.06 16.72 3.5879
0 4.75 16.78 4.1817
0 6.23 20.06 2.2741
4.075 5.81 19.17 1.5446
3.4 6.88 20.3 2.6704
4.525 9.03 18.53 2.2395
1.95 4.83 18.1 3.2108
0 6.56 20.81 1.9331
0 7.56 26.68 0.8563
0 12.41 28.99 2.516
0 12.8 27.07 2.9725
0 12.14 26.84 2.4506
0 13.19 28.43 2.476
0 15.11 28.94 2.5069
0 15.41 30.02 1.9628
0 16.04 32.29 2.8861
0 14.66 31.74 3.1746
0 13.42 29.86 2.7889
0 13 29.1 3.6319
0 8.33 25.68 4.6784
0 9.84 24.4 5.0138
0 11.42 29.08 3.574
0 12.59 31.88 1.0116
0 13.35 32.46 1.8376
0 13.48 33.04 2.8013
0 10.49 29.72 3.1184
0 9.11 27.74 1.6054
0 10.02 29.28 2.4927
0 8.91 27.22 3.0661
0 8.28 25.95 2.6885
0 10.02 28.25 1.9502
0 11.54 30.15 1.2614
0 13.69 32.53 2.0728
0.6 14.39 32.48 2.2009
0.375 14.34 30.24 2.8145
0 15.05 30.66 2.6077
0 16.8 34.12 1.2738
0 18.82 37.8 1.7726
0 17.92 38.66 2.982
0 15.16 34.7 2.952
0 11.64 32.28 2.7691
0 12.18 31.24 2.9477
0 13.2 31.16 2.4047
0 13.2 32.87 1.0451
0 14.2 34.82 2.0041
0 15.03 34.72 2.6029
0 14.96 32.71 2.4975
0 15.58 34.08 2.5896
0 16.48 35.12 2.3293
0 16.41 36.63 1.8469
0 17.45 36.92 2.1693
0 17.94 35.76 3.1012
0 16.78 34.25 3.0826
0 16.81 33.72 1.8616
0 18.39 36.27 1.6414
0 19.39 38.92 2.6859
0 20 39.62 2.6974
0 18.49 39.15 2.5619
0 16.55 38.68 2.1498
0 16.29 37.08 2.042
0 15.93 35.34 2.2652
0 14.29 34.15 1.0505
0 15.24 34.99 2.3069
0 16.76 36.1 2.2174
0 17.81 37.49 2.7025
0 17.05 35.5 2.7294
0 15.86 31.97 1.9288
0 13.72 31.13 2.3008
0 14.35 33.07 2.1587
0 14.76 34.16 2.3299
0 14.2 34.09 2.2695
0 13.57 33.74 1.9873
0 14.19 34.02 2.3194
0 13.43 34.78 1.4458
0 14.19 35.06 1.9557
0 14.34 34.44 2.019
0 13.84 33.61 2.0353
0 13.98 33.27 2.4761
0 14.81 32.56 2.7536
0 14.59 31.51 1.8936
0 14.18 31.73 1.8051
0 13.77 31.19 2.1279
0 12.45 30.19 1.1835
0 13.98 31.52 1.6126
0 15.08 32.63 2.4941
0 14.68 32.84 2.8574
0 14.95 34.22 1.2902
0 15.57 35.29 1.4938
0 14.9 34.95 1.5814
0 13.08 33.9 1.9597
0 14.13 34.64 2.2524
0 14.06 34.52 1.7303
0 11.71 33.35 1.8017
0 12.19 31.79 2.265
0 13.65 36.31 1.8006
0 16.4 40.8 0.5049
0 18.99 39.81 2.043
0 15.12 36.07 2.3217
0 11.09 31.56 2.6579
0 9.81 23.7 2.3185
0 10 25.09 2.5219
0 10.55 27.46 1.5243
0 11.95 30.16 0.86
0 14.86 34.72 0.3046
0 15.74 37.2 1.2734
0 15.6 36.85 1.1256
0 17.23 35.05 2.121
0 14.64 34.01 1.2263
0 14.32 33.66 2.0799
0 12.64 31.01 2.6918
0 8.6 20.45 1.9869
0 8.98 24.83 0.7301
0 10.15 28.61 0.564
0 12.75 32.78 1.005
0 13.17 31.83 1.5669
0 11.59 30.16 1.408
0 11.89 30.42 1.1979
0 12.02 30.84 1.8289
0 12.51 30.78 1.551
0 13.15 30.35 1.4043
0 12.83 28.94 1.268
0 11.7 27.63 1.3971
0 11.19 28 1.2083
0 9.88 25.78 2.6635
0 9.4 23.97 1.288
0 10.2 29.08 0.6964
0 12.18 32.17 1.01
0 16.85 35.41 0.7724
0 14.58 36.52 1.1975
0 16.06 38.02 0.7192
0 16.92 39.52 0.5694
0 16.79 37.76 0.3974
0 16.77 34.75 0.5234
2.7 17.7 33.7 1.0505
10.5 17.18 34.27 1.4273
7.225 13.62 25.39 1.6029
1.15 13.01 19.24 1.1096
0.6 9.5 19.69 0.7441
3.325 9.7 21.61 1.882
0.05 8.58 21.23 0.8118
0 9.51 24.86 1.9731
0 10.92 26.92 1.7022
0 13.24 29.03 1.6688
0 13.99 29.67 2.0883
0 13.67 32.02 1.3877
0 13.88 33.21 0.5679
0 13.41 33.23 0.4221
0 13.58 31.91 0.9742
2.825 13.95 28.91 0.9213
1.25 10.08 22.12 1.1371
0 9.8 21.12 1.5638
0 10.29 25.34 0.8129
0 11.05 25.46 1.827
1.9 10.16 22.38 1.5413
15.425 11.74 21.77 1.6731
37.875 12.76 17.69 4.6523
16.3 8.73 16.71 3.3426
0.025 5.47 17.95 1.7247
0 3.73 18.92 2.7598
0 3.75 20.24 3.4098
3.025 9.33 23.12 2.2338
4.3 10.11 23.78 1.8116
1.075 6.91 15.21 1.0172
0 7.07 21.28 1.8727
0 7.76 22.85 2.9183
0 9.67 25.13 2.6167
0 10.86 28.87 1.7195
0 11.3 29.17 1.1406
0.075 10.91 27.96 2.0257
13.825 10.17 22.83 3.0545
7.175 4.78 14.07 2.5484
1.75 2.2 14.59 0.5601
1.075 3.63 15.54 1.6517
0.05 2.83 14.49 2.4162
0 3.08 16.83 1.4287
0 4.84 17.69 3.0083
0 5.84 19.29 1.7406
0 6.95 20.97 2.6531
0 7 21.79 1.2465
0 6.51 21.4 1.8777
0 5.49 21.95 1.6813
15.725 5.89 20.42 2.2804
22 3.4 11.95 2.9723
16.35 2.41 9.99 4.7887
9.125 3.05 8.16 2.8216
13.35 4.65 9.95 3.7568
5.875 -1.35 6.72 1.2812
0 -2.2 9.08 3.0717
0 -1.65 10.06 3.3033
10.675 0.31 12.78 2.5171
5.65 0.69 8.62 2.4153
0 -3.05 9.86 2.3802
0 -2.09 10.06 3.0572
0 0.9 12.73 2.2871
0 1.38 15.2 2.6691
0.125 6.25 12.75 1.3745
1.275 7.51 16.16 2.4182
9.675 7.84 15.75 2.6183
4.75 7.51 18.82 3.4831
0 4.1 16.46 2.1981
2.125 5.31 17.15 2.1223
2.2 7.19 14.5 1.1252
0.6 8.69 16.37 1.3778
0 7.75 17.16 0.4228
0 6.87 17.79 2.3751
0 5.68 17.72 1.3634
12.5 5.98 13.86 1.6932
6.475 4.13 13.36 1.458
1.925 1.37 12.01 2.3314
23.95 1.89 11.79 3.6088
26.65 7.4 12.54 5.2014
20.525 9.5 13.59 5.7959
9.525 5.6 13.08 2.3963
4.85 4.59 7.76 2.7695
6.5 5.32 12.24 2.1872
2.35 6.61 11.62 0.4223
0 4.17 13.57 3.0407
13.025 4.28 15.78 5.4437
6.5 3.29 15.28 1.9692
0.025 2.91 12.3 0.8178
30.275 3.04 12.79 2.2145
20.075 5.79 10.54 4.2829
2.05 -2.01 8.65 2.3276
0.675 -4.03 7.32 1.5039
15.475 -2.27 8.32 4.4267
15.6 -0.65 8.42 4.927
3.3 2.81 8.61 2.4645
0.025 -0.08 8.72 3.1832
0 0.11 11.5 3.8072
0 1.07 12.4 5.0197
0 0.72 11.29 3.3303
0 0.64 12.66 1.7009
0 0.01 7.49 1.4892
0.1 -1.67 5.82 3.0049
2.05 0.61 8.38 3.4574
0.95 4.1 14.73 2.2569
0.525 3.57 15.59 1.6151
0.275 5.63 12.27 1.2665
0 2.39 14.14 2.6658
0 5.37 14.59 0.9839
0 6.19 15.08 0.8335
0 6.04 13.41 2.5131
0 3.16 12.46 1.5732
0 2.57 15.79 4.1045
0 2.91 18.27 3.6774
0 3.35 17.53 2.7211
0 2.74 18.68 4.0091
0 2.59 19.2 1.8102
0.025 3.66 16.93 2.139
0 4.21 18.26 4.9224
0 3.9 19.74 3.4718
0.05 3.63 18.88 1.7592
5.1 2.74 17.54 0.5024
5.9 2.81 15.34 1.8047
1.35 1.93 11.15 1.3026
0 1.51 11.82 1.6243
0 -0.29 14.04 3.0049
0 0.17 14.74 2.0184
0 1.7 14.88 2.5029
0 3.6 17.39 1.734
0 3.05 18.24 1.9743
0 5.27 20.73 0.7421
0 2.4 20.9 2.3154
0 0.22 14.81 3.4063
0 0.24 14.95 3.7158
0 1.1 16.13 3.9028
0 1.48 19.6 2.908
0 1.52 22 1.1088
0.275 2.8 20.74 3.7589
9.35 7.7 16.3 4.485
9.9 6.33 15.59 5.6211
25.1 2.89 8.67 4.6581
28.65 2.25 7.52 2.7657
10.45 1.6 9.66 3.123
0.675 -0.53 9.53 0.7423
0 -0.15 10.79 1.0877
0 -0.84 10.91 0.4988
0 -0.46 13.92 0.6573
5.475 0.46 12.12 2.1647
12.95 2.57 10.03 5.2595
4.85 -2.82 8.27 1.0083
0.025 -3.41 7.81 0.3804
0 -2.56 11.27 2.2067
2.9 -1.88 14.35 1.804
9.325 1.05 15.39 3.8409
3.925 7.84 16.87 1.2592
0.025 1.87 16.49 1.4338
3.5 3.23 17.81 0.6627
19.65 6.15 19.21 1.7236
10.325 7.16 12.23 4.2763
0.425 3.58 13.66 0.4851
0 3.95 17.91 1.4464
0 6.35 19.77 0.7591
0 4.95 18.91 1.3575
0 4.73 16.61 0.5916
5.25 5.91 17.74 1.1917
3.65 8.44 17.36 1.1716
14.475 8.96 19.95 1.3336
10.35 9.52 20.37 2.238
1.1 1.67 14.04 0.9725
16.45 1.82 15.06 3.5146
28.05 2.56 12.25 4.7539
50.675 4.6 9.89 5.3478
26.4 2.88 8.29 2.3163
4.75 1.99 11.19 1.4151
11.875 2.91 13.51 5.1318
23.3 5.22 10.03 5.4391
15.425 2.37 8.48 3.7256
12.95 3.8 11.94 3.0604
5.05 5.38 10.48 1.3778
0.05 6.24 14.21 0.7667
0 4.94 17.19 1.5665
0 5.91 19.17 2.1435
0 8.03 22.23 2.4104
0 8.53 26.14 1.7657
0 10.03 28.24 1.0827
0 5.59 20.86 1.603
0 5.03 20.94 1.7599
0 6.85 23.84 1.5115
1 6.82 23.7 1.9405
5.425 5.18 20.83 3.4425
2.675 1.19 10.38 1.5499
0.05 -0.11 11.65 1.3871
0 0.35 15.77 0.5388
0 2.81 17.32 1.735
0 4.02 18.52 1.6995
0.3 3.79 18.3 2.6225
0.15 1.86 14.09 0.6458
0 2.34 18.67 0.7802
0 5.62 22.75 1.6578
0 6.55 24.26 2.2907
0.175 9.92 23.97 2.5197
0.075 11.46 21.23 1.5578
0.325 11.06 21.36 1.9469
1.1 11.27 20.58 2.0494
0.775 6.01 19.26 0.9744
0.375 5.91 19.01 1.0577
0.3 7.63 19.54 2.0042
0.175 7.37 19.27 2.1439
0 4.61 19.91 2.7436
0 4.46 20.61 1.0776
0 5.6 22.46 2.3596
0 6.75 21.54 4.6634
0 3.57 19.37 3.5185
0 4.21 22.57 1.7565
0 5.42 25.23 0.4861
0 8.26 26.57 1.0522
0 9.87 26.94 2.9242
0 10.67 30.14 0.8267
0 10.63 31.05 1.5564
0 9.74 28.28 2.0067
0 9.4 22.96 2.8356
1.025 5.19 15.73 3.138
0.525 3.82 17.54 2.6195
0 5.67 23.5 1.8456
0 8.94 25.49 1.3033
0 9.29 26.91 0.8315
7.95 9.93 26.09 2.7404
6.6 5.48 16.64 2.5222
2.2 3.97 13.28 1.3909
11.475 5.62 14.85 3.4391
6.45 7.49 13.06 2.1947
0.275 5.27 17.44 3.0173
0 6.18 23.49 1.8063
0 9.64 25.68 2.2502
0 8.84 25 3.2618
0 7.54 23.2 4.5866
0 7.28 21.63 2.5523
1.175 8.28 23.16 2.6136
0.575 5.99 20.42 2.282
0 6.9 20.99 3.116
1.425 6.96 21.24 4.0866
0.675 6.64 17.91 4.7244
0.025 6.05 18.88 2.7197
0.15 6.82 21.37 2.396
0.225 10.14 21.09 2.6723
0.05 5.55 17.17 1.6243
0.225 5.96 19.35 0.5711
5 7.07 19.52 3.346
8.7 12.47 18.55 1.0045
4.175 10.27 21.5 3.1903
0.05 8.11 19.94 2.1842
0 9.21 24.29 3.0577
0 11.49 27.27 1.7774
0 12.06 28.79 2.7511
0 11.63 27.87 3.2004
0 10.71 25.73 2.7571
0 11.47 28.17 2.7409
0 14.25 31.09 2.2173
0 15.39 33.46 2.0941
0 14.3 32.54 2.6884
0 13.11 29.67 1.7278
0 13.64 30.43 2.7989
0 13.99 31.17 2.2131
0 15.04 31.62 0.5979
0 16.58 35.11 0.7532
0 18.92 37.57 2.485
0 16.04 36.43 2.5277
0 13.37 33.06 2.5364
0 12.71 31.64 2.6882
0 13.19 31.1 2.4995
0 14.22 32.55 2.5135
7.825 14.66 32.73 2.2228
4.3 12.42 25.95 2.3067
0.075 10.83 23.54 2.3841
0 12.43 28.68 1.4898
0 15.2 33.06 1.0665
0 16.45 36.62 0.8115
0 17.55 37.72 1.5357
0 18.38 37.46 1.772
0 19.07 37.46 2.5235
0 19.37 37.6 2.6908
0 17.85 36.21 2.0773
0 16.92 36 2.4911
0 14.63 34.95 2.2328
0 13.39 33.7 2.3298
0 13.25 30.99 2.4551
0 13.41 30.16 3.094
0 12.86 27.65 2.7462
0 12.64 27.25 3.3358
0 12.31 27.43 3.0816
0 12.29 28.02 1.9654
0 13.48 29.75 1.14
0 14.39 30.73 1.9221
0 14.73 31.48 1.6068
0 15.2 33.77 2.3123
0 15.34 34.39 2.7516
0 15.96 34.19 1.9197
0 16.82 34.58 1.7937
0 15.66 35.42 2.1015
0 13.92 34.06 1.9727
0 14.04 33.89 1.7221
0 14.79 34.68 1.7116
0 15.98 36.65 2.4727
0 16.27 36.65 3.0216
0 19.37 36.37 2.0354
0 18.52 33.89 1.3608
0 16.95 34.73 1.7993
0 16.13 35.62 2.0626
0 15.01 34.79 2.9924
0 14.25 31.8 2.4113
0 15.26 32.68 3.0028
0 16.88 32.43 2.4125
0 14.06 33.15 1.8268
0 14.48 33.77 1.9433
0 14.52 34.08 2.2251
0 14.83 34.37 2.6472
0 14.54 33.4 1.8856
0 15.87 34.12 1.298
0 16.93 35.42 2.0592
0 14.27 34.54 1.5811
0 13.97 33.86 1.426
0 14.11 34.44 1.8052
0 14.16 34.73 1.836
0 14.8 34.5 2.6771
0 13.77 32.53 1.9234
0 13.5 31.86 1.3522
0 13.88 31.64 1.1363
0 14.9 33.5 1.004
0 16.56 35.48 1.9471
0 16.7 35.31 1.1698
0 17.26 35.8 0.702
0 17.6 36.66 1.017
0 17.79 37.09 1.3322
0 16.07 36.73 1.7843
0 15.13 35.53 1.753
0 13.88 33.69 1.6879
0 14.36 32.79 0.7789
0 15.05 33.5 0.6211
0 15.89 35.27 0.8562
0 16.41 34.94 0.9915
0 16.54 34.77 1.8191
0 14.08 34.99 0.8731
0 15.35 36.38 1.0681
0 15.54 36.42 1.1009
0 15.85 35.57 1.4857
0.025 16.07 35.62 0.8203
0.55 16.54 33.97 1.6513
0.175 14.64 28.49 1.5938
0.3 14.2 31.42 0.7362
0.175 15.22 32.43 1.4795
0 15.24 31.93 2.4029
0 13.72 30.67 1.7205
0 11.63 28.19 1.7562
0 11.34 28.88 0.5689
0 13.29 32.25 0.3614
0 14.89 35.23 1.053
0 15.78 35.92 0.6813
0 16.5 36.31 0.4372
0 15.63 37.1 0.5765
0 17.47 37.56 1.56
0.025 14.67 31.88 2.1591
0.025 11.41 24.27 2.0756
0 12.16 28.81 0.8386
0 14.6 32.91 0.6387
0 14.88 34.34 1.0171
0 15.37 33.52 1.216
0 12.87 30.15 2.1269
0 12.57 27.05 1.7146
0 11.41 26.31 1.8347
18.2 9.76 23.02 2.1276
15.6 9.58 21.21 3.4904
4.375 8.15 16.05 0.8446
1.075 4.94 15.06 0.918
0 5.27 19.44 1.1811
0 6.16 23.02 1.1612
1.225 9.89 24.59 1.4409
0.65 13.39 21.21 1.5773
0 11.11 25.71 1.0138
0 10.65 28.1 0.7598
0 13.11 30.3 0.477
0 13.13 29.72 0.9101
0 13.28 29.79 1.1458
0 13.25 27.85 1.5132
0 13.12 29.28 1.2996
0 12.64 29.33 1.0661
0 12.49 25.87 0.7786
0 10.76 26.48 0.8657
0 11.34 26.93 2.1308
0 11.33 28.32 1.5455
0 11.05 29.5 1.7039
0 10.49 26.86 1.3593
0 6.12 22.3 2.7725
0 5.45 21.15 3.0783
0 7.24 22.51 1.805
0 7.71 23.66 1.0303
0 8.05 24.6 2.0185
0 8.55 26.33 0.451
0 7.96 26 3.2942
0 6.66 23.5 4.0661
3.025 5.74 23.29 3.248
1.8 4.06 20.44 1.6856
4.25 0.27 12.43 0.4125
2.45 1.18 12.75 1.3694
0.075 1.32 12.19 0.8013
0 0.89 12.96 2.0345
0 2.23 16.29 3.0504
0 2.53 18.51 3.1688
2.275 4.32 20.68 3.8424
1.1 8.13 19.15 0.8857
0 7.17 17.74 0.3359
0 9.02 18.46 0.9492
0 5.69 18.04 0.7509
0 5.34 19.56 0.9542
0 5.36 19.71 0.8395
0.2 5.41 19.59 2.8943
3.2 2.81 12.9 2.0477
2.45 2.42 12.47 4.0894
0.2 1.34 12.62 1.8432
0 1.82 14.31 2.6244
0 2.34 15.24 3.8494
0.225 2.78 16.7 2.0056
0.625 4.15 14.52 0.6715
0 3.79 17.79 2.7523
0 4.52 19.11 2.2923
0 4.96 23.77 1.0495
0 5.16 18.49 1.583
0 3.35 20.6 3.8247
0 2.34 18.04 7.772
0 1.33 16.62 3.3972
0 0.39 15.94 4.122
0 -1.09 15.26 2.6486
0 -1.64 13.59 3.4492
0 -1.6 14.31 2.9919
0 -1.3 14.78 3.2177
0 0.13 15.81 3.0893
0 0.26 15.39 4.0922
0 0.26 17.56 3.026
0 -0.55 16.82 0.6957
0 0.6 13.22 1.5283
0 0.09 13.73 1.3932
0 -0.57 13.63 1.0213
0.75 -0.88 13.07 0.8307
0.275 -0.73 11.4 5.0292
0 0.65 14.1 4.3039
0 -0.03 16.1 2.516
0 0.18 15.55 4.2255
0 -0.12 13.6 4.114
0 -1.69 13.45 3.3196
0 -2.66 14.74 4.481
0 -1.94 14.52 3.9196
0 -1.58 13.87 4.7967
0 -1.18 17.22 3.3992
0 -0.11 18 1.2279
0 0.2 16.69 1.1344
0 1.07 16.91 1.243
0 4.42 17.79 0.8678
0 3.7 17.31 1.0387
0 1.52 15.88 2.3303
