1.15 -1.17 8.76 1.4974
8.925 -2.45 8.2 1.4627
4.85 -5.44 5.57 1.7033
0.725 -8.04 2.84 4.0957
3.275 -7.09 2.51 1.8732
1.675 -2.46 0.07 0.4317
0 -2.14 6.19 1.4797
0 0.53 9.54 0.7098
0 -2.15 10.7 4.3194
0 -1.79 11.21 3.3438
0 -0.42 12.69 2.4611
0 2.88 14.32 5.4472
0 2.76 14.8 3.9207
0 -1.7 15.37 3.6439
0 -0.76 16.54 3.8626
0 -0.67 16.34 4.8838
0 0.12 14.79 4.2723
0 0.34 14.1 4.8283
0 0.5 14 4.9437
0.05 0.71 13.17 3.4788
13.525 1.43 14.13 2.7011
27.85 4.32 12.53 2.1024
59.425 4.5 7.41 1.6254
48.35 2.06 7.17 2.512
13.55 -1.98 4.49 3.4642
3.275 -7.61 -1.11 0.8268
0.7 -8.17 1.4 1.3051
0 -6.52 4.15 1.3884
0 -2.5 8.14 4.2248
0 -1.75 13.33 4.4931
0 0.16 14.21 3.0919
0 -0.39 13.49 3.2065
0 -1.51 10.67 3.9267
0 -2 14.63 3.7785
0 1.62 15.98 2.9834
5.225 2.22 14.64 2.4892
8.775 -0.64 5.96 2.8379
3.275 -2.02 4.68 2.8495
20.075 -2.06 7.15 1.2428
12.075 -5.81 4.45 3.537
3.975 -10.94 0.18 0.4591
10.8 -9.23 1.36 2.7291
7.225 -4.95 2.19 1.4009
18.25 -5.63 2.54 3.1704
10.925 -4.85 -0.28 3.6394
3.475 -2.77 2.86 5.9137
27.25 -2.34 1.78 5.4408
23.3 -2.6 1.22 4.3707
4.225 -4.85 -0.25 1.3597
0 -5.45 4.88 3.4542
0 -3.84 9.45 2.6044
7.8 -3.18 10.33 3.7528
32.25 -4.62 9.16 3.6635
22.75 1.1 4 2.6681
5.1 -1.24 4.79 1.6432
1.95 -0.19 11.58 1.5508
0.825 -0.96 5.38 2.7479
0.025 -3.14 8.86 0.4304
0.025 -1.48 10.91 3.6954
19.6 1.74 11.84 2.8432
37.875 2.02 7.66 4.1656
53.3 0.68 7.5 4.928
22.9 -2.64 3.12 2.8828
2.15 -6.74 2.9 0.8653
1.05 -4.77 4.14 1.8703
0 -6.87 3.13 0.3726
0 -7.97 7.98 1.3563
0 -3.01 10.1 2.5807
0 -7.28 5.06 0.4779
0 -6.75 8.81 0.7693
0 -2.8 9.62 2.1626
0 -2.78 12.39 2.3825
0 -1.92 13.88 1.3902
0 -1.55 10.51 2.547
0 -0.13 12.01 3.0343
0 0.55 14.58 1.0335
0 1.36 15.46 1.0499
0 2.83 17.74 0.979
0.35 0.97 18.06 0.6942
24.275 2.11 17.39 1.8767
17.525 -3.54 9.38 4.0898
1.875 -8.7 1.35 2.1529
0 -6.79 5.56 1.9613
0 -3.37 12.33 0.5248
0 -1.87 13.77 1.8346
0 0.91 16.83 2.0721
0 1.06 16.07 1.3698
0 1.03 17.49 3.4097
0 -1.75 12.33 2.0394
0 -1.47 12.67 0.312
0 0.28 14.31 2.6338
0 1.13 17.26 2.5532
0 -1.65 13.72 5.2002
0 -4.52 8.29 1.9779
0 -3.41 12.63 2.7871
0 -0.3 16.64 2.2123
16.025 1.67 19.08 1.1843
15.475 -1.34 15.06 3.1717
12.05 -1.43 4.81 1.8083
5.6 -1.22 5.57 2.2303
0.3 -2.27 6.02 3.6486
0 -0.87 10.65 1.4715
0 0.88 14.42 2.2081
0 1.39 14.68 4.7607
0 -6.25 8.28 5.9744
0 -4.5 5.2 3.0507
0 -1.74 13.45 1.6128
0 1.04 17.95 2.8399
0 4.08 20.8 2.8034
0 6.93 24.55 1.5129
0 8.88 26.52 1.1082
0 8.79 26.93 2.015
0.2 6.29 25.56 2.7721
2.375 3.43 19.95 3.253
1.35 -3.36 7.6 3.3854
0 -0.92 12.34 1.8684
0 0.5 14.91 2.3398
0 -1.26 13.8 3.2034
0 -1.94 11.52 1.6168
1.775 0.42 14.02 1.8646
64.65 4.86 17.34 1.9383
43.9 4.11 14.19 2.5661
11.575 4.07 8.7 3.8373
6.475 2.99 12.07 1.9447
1.075 6.02 15.11 3.8496
0 4.21 18 2.1857
0 4.96 20.78 2.8227
0 6.16 21.18 1.6844
0 5.58 21.99 1.2783
0 6.64 22.01 0.9548
0 6.56 23.74 2.9704
0 5.04 22.45 3.2952
0 5 20.33 2.4949
0 5.62 20.81 3.0618
0 6.74 22 1.8004
0 9.22 24.27 1.6439
0 12.32 29.22 0.3865
1.125 13.17 31.28 2.3451
0.675 11.12 30.39 2.6576
0 8.02 24.7 1.5295
0 7.45 23.6 0.9071
0 8.34 24.81 2.4183
0 8.36 24.56 2.9712
0 6.96 23.74 2.7153
0 5.86 22.77 1.8917
0 7.83 23.46 1.3844
0 9.48 25.44 0.8652
0.3 10.92 27.26 1.9251
0.175 10.89 26.26 2.5311
7.075 11.98 25.76 3.2222
4.25 9.97 24.39 2.2042
0 9.82 24.06 2.0266
0 9.13 21.39 2.2603
0.725 9.14 20.11 0.439
6.75 6.25 19.33 2.1313
5.85 3.09 17.28 3.5517
4.4 2.36 10.03 2.3425
1.875 3.7 12.09 2.6886
0 5.35 18.11 2.5516
0 7.18 20.22 3.3929
0 6.53 19.41 3.0695
0 5.01 18.2 3.3034
0.85 5.83 19.48 2.3098
0.975 7.36 17.28 3.5757
0.275 5.07 18.16 2.4366
0 5.7 18.85 2.442
0 6.49 19.07 2.4349
0 8.58 20.52 3.024
0 9.01 23.26 1.8071
0 10.74 27.21 2.6735
0 7.44 26.39 3.1629
0 5.29 21.49 3.2065
0 6.18 19.74 1.3525
0 8.44 23.16 0.7374
0 10.59 26.91 1.5229
0 11.64 29.4 2.7567
0 10.46 27.55 1.6715
0 12.06 27.84 0.9011
0 12.84 32.26 0.6134
0.15 14.66 33.48 2.9434
0.075 14.12 33.16 2.8862
0 13.29 28.86 2.2645
0 13.94 30.88 1.7582
0 12.39 29.48 2.8856
0 11.68 29.48 2.5675
0 11.02 28.37 2.8229
0 10.12 27.56 2.5934
0 8.7 26.24 2.8004
0 8.19 25.45 2.5881
0 8.6 25.3 2.5681
0 8.82 25.53 1.9508
0 10.21 26.91 1.8865
0 11.92 27.79 2.3306
0 11.72 27.87 1.504
0 12.03 29.69 0.8325
0 12.63 30.27 1.5115
0 13.74 32.61 1.9793
0 14.88 32.71 1.7829
0 15.95 33.62 2.0233
0 15.95 33.91 1.7109
0 16.08 34.98 2.4477
0 14.49 33.52 2.5645
0 13.65 31.64 2.334
0 15.71 32.18 2.0921
0 14.3 31.34 2.1745
0 13.3 30.82 2.2932
0 13.79 31.89 1.9806
0 14.68 32.91 1.7162
0 15.83 32.95 2.0199
0 15.26 32.19 2.8192
0 15.78 31.43 2.5276
0 15.01 31.47 2.6006
0 14.55 30.67 2.494
0 13.46 30.19 3.1293
0 11.21 27.9 2.7098
0 11.63 27.54 2.3193
0 12.11 28.08 2.4916
0 8.96 26.34 3.1987
0 5.5 18.31 1.9019
0 7.9 20.09 1.3668
0 10.33 25.18 0.362
0 12.28 28.32 1.163
0 13.36 30.56 3.0085
0 12.97 31.5 2.848
0 12.21 30.17 3.0679
0 10.72 28.25 3.1
0 8.2 26.49 1.4202
0 8.91 26.09 0.4272
0 10.79 27.78 0.7613
0 12.07 29.87 0.9386
0 13.69 31.96 1.3046
0 14.32 32.74 2.145
0 14.67 32.09 2.2806
2.125 14.42 33.46 2.2681
2.375 11.42 28.61 3.1379
0.65 10.29 24.85 1.6498
0 10.3 26.19 1.557
0 10.12 27.86 0.5575
0 10.69 29.28 1.5233
0 12.32 28.95 1.2623
0 12.76 29.33 1.4126
0 12.8 31.31 2.8412
0 13.25 30.12 1.9253
0 12.71 29.4 0.9893
0 13.17 30 0.2566
0 13.81 30.82 1.5182
0 13.1 30.71 2.1747
0 10.79 29.18 2.1395
0 9.07 26.52 2.0562
0 8.92 24.19 1.5138
0 9 24.25 0.4232
0 10.06 25.87 0.9419
0 11.75 28.25 0.3812
0 12.53 29.97 0.9801
0.25 14.15 32.41 1.6002
0.65 11.64 28.56 2.3341
0.475 8.19 22.55 2.8267
0.075 7.11 18.58 1.5096
0 8.27 24.19 1.3405
0 10.8 26.88 0.4165
0 11.55 28.06 1.0598
0 12.38 30.66 2.1963
0 10.64 28.85 0.8803
0 12.05 27.86 2.4449
0 12.05 30.69 2.3796
0 11.87 30.85 1.4871
0 11.22 30.03 0.8333
0 11.28 29.55 0.7995
0 12.74 31.37 1.1773
0 12.08 32.47 0.4591
0 12.12 32.48 2.1212
0 11.4 27.55 2.5362
0 0.73 14.96 2.3217
0 1.68 18.13 2.4521
0 4.62 20.95 0.7693
2 5.52 21.27 3.0871
1.625 -0.57 16.82 3.4376
0.25 -2.32 6.69 0.3067
0 -1.86 13.44 3.0138
0 1.15 16.36 1.5439
0 2.39 17.44 1.3082
0 3.48 19.68 0.7373
0 4.44 20.19 0.6311
0 2.25 20.26 1.943
8.525 4.4 18.91 2.0174
72.325 3.48 12.87 6.6921
41.275 5.46 11.57 4.4789
0.825 6.83 13.7 0.8835
0 6.82 20.22 2.1253
0 5.75 21.34 1.0364
0 9.05 24.55 1.8033
2.075 7.09 19.38 2.2872
1.225 0.26 12.09 1.8712
0 0.74 13.54 1.038
0 3.05 17.14 0.6044
0 3.66 18.35 1.0478
0 5.76 19.93 1.1431
0 5.19 17.71 1.7799
0 4.95 19.1 1.1054
0 3.87 19.65 4.4303
0 -0.68 10.36 4.9242
0 -2.57 8.36 0.7744
0 -2.12 10.42 0.075
0 1.3 16.53 0.8321
0 3.88 18.73 0.8177
0 5.94 19.99 1.26
0 5.7 21.71 1.1621
0 5.67 21.99 1.7874
0 3.99 20.08 2.377
0 1.06 14.86 0.7561
0 1.08 14.27 1.5232
0 -0.57 11.55 1.8532
0 -0.02 12.88 1.1818
0 1.65 13.24 0.6915
5.55 3.44 13.73 0.3708
5.475 0.69 13.1 1.9272
1.25 -3.1 4.67 1.2017
0 -2.89 7.01 1.0454
0 -2.35 8.18 2.882
0 -1.05 11.24 2.1231
0.275 0.52 13.85 1.6255
0.125 0.37 14.14 1.6428
0.4 -1.7 9.69 2.3831
6.575 -1.64 13.02 3.8972
3.625 -1.75 10.08 1.0555
0 -1.31 6.7 0.5755
0 -1.86 9.2 2.308
0 -0.23 10.73 3.7135
0 0.9 12.39 4.0734
0.575 0.7 13.62 2.63
1.85 1.31 14.27 1.0771
0.875 -2.45 8.73 5.2095
0 -0.69 7.07 5.0392
0 -0.48 9.33 3.9413
0 -0.41 12.34 1.772
0 -1.7 11.66 2.3346
0 -3.23 14.19 2.1984
0 -2.08 9.93 2.1067
0.025 -2.64 10.72 0.8971
17 -5.07 5.85 2.3491
18.875 -5.24 1.14 0.8384
5.125 -12.54 -2.33 0.8095
0 -11.41 -2.42 1.9159
9.25 -8.98 1.06 3.1295
42.325 -2.72 4.13 2.7613
76.725 0.55 4.85 3.7138
39.85 -1.53 4.55 4.3072
4.125 -2.59 1.07 0.8539
0 -3.34 2.85 3.1386
0 -0.88 6.25 2.5542
0 0.02 7.45 2.2148
0 0.17 9.7 2.7661
0 0.19 9.03 4.0989
0.85 0.26 9.07 2.8573
16.35 0.38 10.3 1.8773
11.225 -3.34 6.61 3.6246
0.075 -7.11 2.3 2.5257
0 -3.01 7.25 3.9637
0 -3 7.42 3.9235
7.85 -2.86 7.82 4.0769
4.95 -2.21 5.73 2.054
3.05 -3.28 3.46 3.1568
11.2 -3.23 4.47 0.8453
5.7 -1.6 3.79 1.5343
0.025 -2.49 3.04 2.6212
0 -1.91 6.58 2.1948
0 -1.16 6.64 1.1449
0 -1.26 8.68 3.9142
0 -2.78 11.29 2.8587
0 -0.44 11.08 2.5699
0 -0.62 9.91 3.0204
0 0.5 10.89 2.7637
0.35 1.52 11.8 3.0559
1.475 1.78 11.5 2.3224
0.75 1.79 8.13 2.4671
1.825 1.79 8.88 3.1509
24.1 1.75 12.44 4.5123
13.85 -0.45 6.88 2.0689
0.1 -4.09 5.48 1.4678
0 -1.46 8.34 3.3573
0.925 -0.91 10.95 2.1227
13.8 -0.7 9.98 2.6876
38.1 -0.76 6.3 4.7974
34.325 -1 3.22 5.6625
39.575 -2.59 1.04 6.5779
36.55 -4.17 0.53 3.982
20.125 -4.31 -0.08 3.8374
5.4 -5.43 -0.6 1.0489
1.075 -6.91 2.52 2.3243
1.975 -4.82 2.22 4.0455
0.775 -1.09 3.7 2.907
0 -2.64 6.26 1.402
0 -4.35 8.35 2.8941
1.9 -2.28 7.25 3.1956
1.3 -1.89 8.28 1.45
0.075 -5.2 6.39 1.0713
0 -7.49 6.88 1.7543
0 -2.39 7.77 2.0162
0 -1.73 8.19 0.6588
7.975 -1.47 8.79 2.878
13.025 -0.26 6.75 3.3157
13.075 -0.06 4.7 1.6838
4.725 -1.92 2.29 2.3774
1.15 -3.52 2.5 1.4766
1.65 -2.36 3.56 2.1807
0.55 -4.57 2.79 0.4982
0 -3.93 5.15 1.1995
0 -1.52 7.15 1.3158
0 -1.51 10.25 1.3476
0 -0.15 12.27 1.5203
0 -0.63 13.82 0.9552
0 0.74 13.22 1.7171
0 1.09 13.65 2.4741
0 0.18 15.4 1.0038
1.35 -0.92 13.48 1.188
5.025 0.39 8.46 2.1549
13.1 -1.33 5.34 2.841
6.3 -6.64 1.56 2.3763
29.5 -5.53 7.75 3.8167
22.975 -1.51 5.4 2.7744
3.225 -3.81 5.34 0.786
26.225 -1.81 9.98 4.6352
17.05 -0.11 8.11 1.2911
0.925 -2.19 3.18 0.4676
0.625 -1.28 10.3 2.3889
11.8 0.89 11.95 2.6769
22.275 -0.83 4.13 3.3297
9.125 -4.26 2.48 2.9263
0.075 -5.88 1.98 1.3412
0.025 -2.75 6.78 2.5701
0.45 -3.54 9.17 0.8358
3.8 -0.25 9.05 2.4816
5.25 -8.63 2.29 3.687
1.825 -5.74 4.35 2.0018
0 -5.8 2.71 0.5034
26.25 -3.08 9.24 2.287
15.55 -4.52 8.42 2.3735
0 -4.61 7.16 2.7358
0 -3.26 11.52 3.8658
0 -0.19 16.74 1.3925
0 1.83 17.35 0.7716
0 1.81 17.66 2.9514
0 -4.47 16.02 2.2287
0 1.64 18.9 2.0168
0 1.02 17.39 0.5231
0 0.3 15.24 1.3678
0 -0.47 14.91 2.1534
1.1 -0.16 16.13 2.141
4.1 -0.37 15.96 2.424
2.05 -4.24 8.31 2.2153
0 -1.91 11.76 2.8498
0 -0.99 15.37 1.2798
5.725 0.76 16.17 2.734
21.375 1.08 15.97 5.5153
11.325 -3.36 4.38 2.9368
1.45 -6.38 4.42 0.7194
10.625 -4.41 5.48 2.3267
5.975 -2.69 4.16 1.8915
30.75 -3.31 4.82 2.7714
18.2 -4.19 3.53 3.1684
0 -5.84 3.77 0.6137
0 -3.03 9.45 2.3138
0 -0.81 14.53 0.3829
0 0.39 16.16 1.6178
0.75 1.27 16.06 1.9375
21.85 -0.69 9.67 3.9938
19.85 -1.97 4.58 4.5529
4.1 -3.31 2.65 1.088
0 -2.18 9.15 0.6443
0 -1.18 10.59 0.8151
0 0.32 15.49 2.2812
0 0.02 14.91 1.3094
0 0.47 17.24 1.1755
4.35 2.31 19.42 1.598
21.975 3.64 16.59 2.6844
13.925 -3.14 5.74 3.0448
1.475 -1.7 1.34 1.7441
0.025 -0.77 4.54 1.1984
0 0.51 15.32 0.7479
0 3.09 17.62 1.274
0 4.57 21.12 0.754
13.55 5.08 21.01 4.3836
15.475 -1 9.51 4.9767
4.6 -4.9 3.3 3.7262
0.1 -4.49 5.66 3.2513
0 -1.08 11.75 1.802
0 0.22 15.4 1.8207
0 1.97 19.48 1.0328
0 3.93 20.81 2.013
0 3.39 19.76 3.5484
0 0.66 15.08 2.2389
0 -0.51 15.57 0.8025
0.075 1.63 17.8 2.7655
3.275 1.61 16.57 3.636
20.475 -1 7.13 3.331
11 -5.51 5.72 4.018
0.025 -3.21 8.74 2.0916
0.175 1.75 15.31 1.1239
0.1 3.07 18.51 0.7147
0 3.77 19.9 0.5954
1.225 6.98 21.88 1.3087
7.5 8.07 21.18 2.0878
4.05 2.97 12.11 1.9827
0.45 4.24 14.73 1.6087
0.275 6.11 17.38 3.3477
0.675 1.57 18.02 4.2834
0.5 -2.78 11.1 3.5923
0.275 -2.33 6.74 4.088
1.5 -0.18 10.75 2.3064
8.525 -0.47 10.35 1.5701
15.75 2.72 12.95 3.0951
17.775 0.89 9.33 2.41
6.475 -1.46 8.31 3.4563
0 -0.48 10.72 1.6687
0 2.96 18.56 0.6038
0 6.83 22.07 2.5197
0 9.38 21.26 2.9852
0 6.68 20.01 2.45
0 8.03 21.39 2.5909
0 9.3 22.62 2.702
0 10.08 22.79 1.9496
0 11.27 27.14 2.8639
0 10.13 27.35 3.0558
0 9.44 25.02 2.4104
0 8.42 24.58 3.8198
0 3.94 20.78 4.5625
0 4.32 17.07 5.137
0 8.7 19.36 3.9227
0 8.43 23.32 1.0205
0 9.27 24.97 1.7573
0 9.47 26.74 2.8949
0 5.9 24.97 3.1251
0 5.04 20.37 1.0677
0 5.94 23.22 2.3159
0 5.71 22.07 3.2632
0 4.61 19.47 2.5782
0 6.05 21.73 1.6455
0 7.22 21.82 0.9055
0 9.45 25.43 1.7627
0.25 10.07 26.56 2.2016
0.125 11.5 23.54 2.7241
0 9.46 23.76 2.4193
0 11.82 26.56 0.9253
0 13.77 30.3 1.528
0 13.57 32.62 3.1874
0 11.27 28.88 2.9533
0 8.86 26.87 2.6835
0 8.65 25.77 2.8043
0 10.03 24.85 2.1146
0 9.06 24.9 1.0722
0 10.7 27.35 1.8442
0 11.54 29.53 2.3454
0 11.82 27.75 2.3284
0 11.84 27.71 2.2582
0 13.19 28.93 2.11
0 12.91 29.45 1.8453
0 13.53 30.88 2.3978
0 14.52 30.31 3.2579
0 14.43 29.28 3.3504
0 12.6 27.26 1.7002
0 13.26 28.74 1.2668
0 15.71 31.58 2.6528
0 15.38 32.85 2.7847
0 14.79 32.82 2.5947
0 13.27 33.3 1.9692
0 13.33 31.65 1.9826
0 12.84 29.81 2.6017
0 12.2 28.65 0.998
0 12.81 29.02 2.2614
0 13.34 30.13 2.0776
0 14.67 31.56 2.5841
0 14.56 30.81 2.817
0 13.19 28.46 2.0107
0 11.05 27.29 2.4758
0 11.92 28.63 2.1391
0 11.27 28.74 2.4478
0 11.53 28.46 2.4154
0 10.66 28.02 2.0474
0 10.83 28.07 2.4509
0 10.43 28.7 1.5832
0 10.93 29.03 1.9807
0 11.17 28.77 2.0632
0 10.4 28.02 2.1739
0 10.72 27.95 2.5604
0.15 11.06 27.14 2.9712
0.1 10.22 25.37 2.1443
0 9.97 25.85 2.0495
0 9.96 26.12 2.3641
0 9.06 23.89 1.023
0 10.05 25.94 1.3289
0 11.21 27.14 2.2773
0 11.35 27.46 2.8303
0 11.24 28.02 1.1138
0 11.85 30.13 1.6504
0 12.11 30.61 1.779
0 10.05 29.15 1.9302
0 10.82 28.91 2.2559
0 11.27 29.71 2.0103
0 9.15 25.58 1.7026
0 9.41 25.18 2.5911
0 10.25 30.17 2.1596
0 15.43 33.94 0.6349
0 16.27 35.73 2.42
0 13.06 32.27 2.4365
0 8.63 28.38 2.9531
0 6.35 16.18 2.2051
0 5.3 17.19 2.4324
0 5.97 19.93 1.2875
0 8.41 23.63 0.7743
0 11.2 28.09 0.5251
0 11.88 30.72 1.2463
0 11.82 31.14 1.3058
0 11.34 30.38 1.9314
0 10.32 28.14 1.393
0 10.33 28.28 2.4799
0.05 8.07 26.63 2.9457
0.025 3.58 11.72 1.9889
0 3.43 18.46 0.7208
0 5.17 22.38 0.7133
0 8.51 25.79 1.0904
0 8.9 26.53 1.7794
0 7.95 24.15 1.468
0 7.9 24.3 0.9066
0 8.21 24.7 1.593
0 8.38 25.45 1.6105
0 8.46 24.42 1.5538
0 8.14 24.22 1.4861
0 6.06 20.57 1.1534
0 5.99 22.57 1.017
0 6.1 20.56 2.7355
0 5.17 18 0.9698
0 5.58 22.33 0.545
0 9.76 26.45 0.9225
0 12.51 30.51 0.415
0 11.62 30.74 1.1843
0 13.69 31.82 0.5342
0 13.89 32.9 0.5532
0 13.15 32.25 0.3002
0 12.88 29.15 0.4744
7.2 12.33 26.26 1.348
29.9 10.6 26.31 1.7325
18.075 7.86 16.88 1.4255
1.2 6.08 10.96 1.1908
1.675 3.3 11.96 0.7679
2.45 3.21 13.5 2.2318
0.425 2.42 12.23 0.747
0 4.65 17.07 1.8401
0 6.71 18.77 1.6573
0 8.06 22.14 1.5525
0 9.18 23.31 2.412
0 9.51 25.44 1.633
0 9.67 24.84 0.7407
0 9.12 24.7 0.6862
0 9.01 24.72 1.2366
3.5 9.55 20.35 0.9415
2.075 4.62 16.19 1.1412
0 5.65 15.28 1.7559
0 5.36 21.59 1.0172
0 6.62 18.97 1.9259
4.975 4.3 16.37 1.6474
28.275 5.42 15.37 1.6968
76.775 6.12 8.88 4.9713
41.775 1.25 9.47 3.6278
0.2 0.57 10.79 1.5067
0 -1.82 11.63 3.0385
0 -2.17 11.55 3.4018
3.575 4.21 15.9 2.0791
3.2 2.86 16.42 1.8858
0.625 1.07 7.39 0.8404
0 1.98 14.01 1.8242
0 2.91 16.32 3.1555
0 5.76 19.77 2.9566
0 7.84 21.55 1.9535
0 7.65 21.71 1.1755
0.85 6.2 19.99 2.2247
24.4 4.19 16.51 3.274
15.65 -1.36 6.64 2.5992
3.375 -3.22 6.11 0.7282
2.275 -1.2 7.72 1.6144
0.025 -2.77 5.85 2.4301
0 0.32 10.06 1.4845
0 -1.34 11.6 3.0839
0 2.21 13.35 1.579
0 3.43 15.72 2.5807
0 2.62 15.93 1.1151
0 1.92 14.52 2.1821
0 1.17 15.28 2.1524
24.05 1.66 14.04 2.7429
36.85 -3.01 6.93 3.2865
31.6 -4.44 0.7 5.1917
19.15 -3.99 1.04 3.3364
19.325 -3.26 1.72 4.3254
8.425 -8.38 -0.74 1.1852
0 -9.03 0.89 3.4362
3.55 -8.45 -0.19 3.3463
16.15 -4.58 5.16 2.8838
12.475 -8.61 0.66 2.5378
0 -10.42 -0.19 2.4027
0 -6.87 1.3 3.0465
0 -3 5.19 2.2554
0.025 -0.22 9.55 2.5681
0.075 1.26 6.49 1.5713
2.775 1.31 8.38 2.0457
26.625 1.03 5.74 2.2044
13.775 0.46 9.31 3.3303
0 -1.1 6.95 2.2822
9.475 0.52 10.41 2.0265
10.725 1.67 8.32 1.1034
2.675 2.33 6.8 1.4961
0.175 0.71 9.03 0.4484
0 0.67 11.28 2.2463
0 1.63 10.23 1.3744
31.25 1.39 10.49 1.9898
19.95 -1.74 5.51 1.5331
5.825 -4.12 3.83 2.646
78.925 -4.47 3.84 3.4459
115.95 -0.34 4.23 5.1432
89.575 0.65 5.77 5.9407
35.025 -2 7.81 2.4756
12.45 -2.31 -0.72 2.4705
7.525 -1.73 2.41 2.2922
3.575 -1.91 2.96 0.5011
0 -2.59 5.04 2.9504
23.65 -2.28 7.8 5.312
14.425 -3.06 7.02 2.1502
0 -3.87 1.61 0.9702
72.75 -3.39 4.15 2.3751
48.65 -1.41 3.68 4.5275
3 -10.76 1.76 2.4004
4.95 -11.3 -2.11 1.5127
27.2 -10.7 -1.04 4.1178
23.175 -4.84 0.82 4.6661
6.775 -4.1 0.82 2.5295
0 -6.28 1.7 3.1777
0 -5.58 3.57 3.8221
0 -3.11 5.49 5.2348
0 -2.75 6.78 3.7784
0 -3.87 6.47 1.9617
0 -3.93 5.6 1.1618
0 -6.72 2.9 3.2503
5.975 -5.84 4.5 3.3101
4.15 -1.2 5.53 1.9777
0.975 -0.69 8.49 1.6704
0.55 -1.18 6.11 1.2866
0 -0.11 12.35 2.5749
0 0.95 11.33 0.7639
0 1.57 11.58 0.6312
0 1.46 12.61 2.3227
0 -0.66 11.99 1.3415
0 -0.95 11.21 4.2242
0 -0.88 11.79 3.7532
0 -0.33 12.68 2.9382
0 0 13.96 3.9308
0 0 13.06 2.0321
0 0.52 12.95 2.224
0 0.28 13.21 4.9621
0 0.32 13.99 3.3867
0 0.21 14.18 1.8345
10.525 -1.05 13.3 0.6147
10.95 -2.02 10.51 1.7938
2.9 -3.7 2.62 1.4748
0 -3.98 5.6 1.9476
0 -3.66 7.5 2.9983
0 -4.14 8.43 2.0738
0 -3.44 9.03 2.7268
0 0.95 13.87 1.6484
0 -1.22 13.76 1.9181
0 1.44 15.82 0.556
0 -2.31 14.28 2.2669
0 -4.95 8.28 3.6044
0 -5.27 7.95 3.7236
0 -4.48 9.49 3.7913
0 -1.8 12.86 2.6989
0 -1.37 15.16 1.262
0.2 -1.29 15.25 3.6453
17.775 -0.76 8.3 4.5347
21.675 -2.15 9.04 5.9923
32.825 -4.78 -0.56 4.6919
52.3 -4.54 -1.28 2.8695
24.2 -4.56 1.93 3.634
1.175 -8.87 1.05 0.721
0 -8.65 2.4 1.2363
0 -8.94 2.28 0.418
0 -7.48 5.83 0.5071
12.5 -5.06 5.4 2.4644
21.275 -3.58 2.77 5.5431
9.075 -9.51 -0.66 0.8424
11.55 -10.54 -2.11 0.499
0.525 -10.12 3.62 2.2395
9.55 -7.68 7.12 1.7434
20.125 -2.9 9.12 3.6835
9.775 -0.4 6.31 1.5327
0.475 -3.82 6.42 1.4626
8.425 -2.35 10.38 0.5254
33 -1.27 11.5 1.7052
19.3 -0.54 4.18 4.2236
0.35 -3.51 4.19 0.665
0 -1.07 10.42 1.5188
0 0.36 13.85 1.1077
0.05 -0.25 12.43 1.075
0.025 -0.66 9.81 0.5275
5.125 -0.49 11.32 1.1213
3.875 0.99 9.01 1.2194
35.025 1.52 12 1.4012
25.675 2.48 13.49 2.6757
1.925 -3.89 5.49 0.9882
26.3 -4.29 8.42 3.5594
43.4 -4.03 4.24 4.8378
58.7 -3.42 0.89 5.737
34.925 -3.98 -0.07 2.4851
11.25 -4.34 2.13 1.1879
19.025 -2.51 6.06 4.8873
39.225 -2.93 1.53 5.5401
24.475 -5.99 -0.48 4.0811
19.825 -5.36 2.99 3.0862
10.475 -1.66 1.05 1.597
0.925 -1.58 5.03 0.6145
0 -1.76 10.12 1.1497
0 0.19 12.05 1.8842
0 2.82 15.05 2.3561
0 3.42 21.11 1.8243
0 3.66 22.01 0.8779
0 0.23 15.23 1.572
0 0.03 14.53 1.9315
0 0.43 18.47 1.2619
2.225 1.08 17.61 1.4434
10.925 -2.48 15.99 3.4778
7.2 -7.97 1.42 1.5038
0.825 -7.69 1.07 1.3027
0 -6.82 6.58 0.4455
0 -4.09 11.35 1.5097
0 -1.52 12.46 1.2916
1.175 -1.16 13.3 2.7269
0.775 -4.39 4.5 0.5345
0 -4.15 12.37 0.7511
0 1.03 16.14 1.267
0 2.57 19.31 2.1384
0.075 4.5 19.05 2.7318
0.125 4.84 16.56 1.5465
0.575 2.28 15.27 1.9627
8.225 3.29 11.29 2.1044
2.075 -0.28 12.34 0.8642
1.55 -0.12 11.78 1.0665
1.575 1.91 9.62 2.267
1.075 0.64 9.38 2.3629
0.15 -2.17 11.84 2.4286
0 -0.03 14.4 0.8162
0 1.39 16.99 2.2748
0 -1.34 15.48 4.3803
0 -2.02 13.97 3.4611
0 -0.49 15.28 1.8952
0 1.95 18.26 0.5185
0 3.19 19.84 0.835
0 5.75 21.43 3.0263
0 7.99 24.27 0.8216
0 7.2 25.2 1.419
0 6.21 23.72 1.969
0.025 4.16 19.3 2.8713
1.975 -0.32 9.67 3.0617
1.575 -1.54 7.07 2.5355
0 1.86 15.22 1.7067
0 4.25 18.93 1.0936
0 4.8 21.18 0.5745
19.15 5.64 22.54 2.9266
21.525 -2.66 12.47 2.8581
12.75 -3.21 4.09 1.2129
39.375 -2.02 7.09 3.498
21.125 -1.14 3.21 2.2192
1.025 -1.55 8.26 3.1176
0 -1.06 14.62 1.6168
0 3.1 18.79 2.0001
0 3.39 18.72 2.9629
0 2.16 17.47 4.3651
0 1.36 14.62 2.357
0.775 3.31 17.46 2.8363
0.475 1.03 14.63 2.3821
0 1.8 14.86 3.2928
4.775 1.49 14.82 4.148
4.1 -1.06 11.62 4.6745
0.7 -0.77 9.82 2.883
1.875 2.65 13.91 2.6947
1.875 3.11 14.09 2.8815
0.875 -1.22 9.25 1.6614
0.1 0.17 12.39 0.7402
5.6 1.54 13.48 3.0073
14.3 5.75 8.23 1.2489
7.15 1.63 14.2 3.5691
0.3 1.86 9.63 1.928
0 3.77 15.92 2.9435
0 5.9 20.11 1.5398
0 6.99 22.75 2.3753
0 6.92 22.68 3.0402
0 5.76 19.94 2.6887
0 6.32 21.21 2.7107
0 8.09 23.85 1.7809
0 9.98 26.93 1.871
0 10 25.59 2.3367
0 6.34 23.52 1.2348
0 8.87 23.77 2.8868
0 8.17 24.76 2.1174
0 9.18 24.97 0.3973
0 10.94 27.41 0.5724
0 12.85 30.77 2.5182
0 12.27 30.17 2.7414
0 10.46 28.06 2.5379
0 8.39 25.96 2.6226
0 8.52 24.65 2.296
0.175 9.95 25.73 2.2513
25.65 10.07 26.15 2.5805
15.55 6.49 22.04 2.4571
1.025 4.36 14.56 2.2651
0 8.45 20.93 0.9888
0 9.43 26.57 0.8141
0 12.27 29.36 0.692
0 13.13 29.72 1.5542
0 13.32 29.65 1.7698
0 14.58 29.32 2.5162
0 14.7 29.65 2.901
0 13.19 27.89 2.1395
0 12.68 28.57 2.4619
0 10.78 28.06 2.1772
0 9.61 27.16 2.4185
0 9.4 24.63 2.5637
0 8.71 24.06 3.1874
0 8.48 21.3 2.7098
0 8.89 21.03 3.2778
0 7.22 21.04 3.2444
0 8.01 22.01 2.066
0 8.25 23.68 1.347
0 9.37 25.22 1.9285
0 9.5 25.6 1.2793
0 10.36 26.24 2.2721
0 10.82 27.61 2.7925
0 11.35 27.58 1.8755
0 12.37 28.09 2.0453
0 10.75 29.23 2.188
0 10.45 28.12 1.7885
0 10.5 27.53 1.6632
0 11.9 26.96 1.4535
0 12.44 30.37 2.3077
0 13.88 30.45 3.1283
0 14.98 30.26 2.1862
0.125 13.81 27.46 1.5906
0 12.69 28.86 1.8951
0 12.29 29.92 2.0982
0 11.17 29.74 3.134
0 9.81 25.85 2.3473
0 10.74 26.21 3.1298
0 10.96 26.34 2.5272
0 11 27.62 1.8498
0 10.56 27.9 1.9614
0 10.23 28.02 2.1767
0 11.21 27.84 2.6796
0 10.72 28.52 1.6524
0 11.18 28.45 1.405
0 12.52 29.8 2.0864
0 10.11 27.91 1.4509
0 9.73 27.23 1.0383
0 9.84 27.94 1.7117
0 10.87 28.64 1.5401
0 11.1 29.13 2.5975
0 10.27 26.91 2.0981
0 9.61 26.6 1.6191
0 9.09 25.96 1.1953
0 10.99 27.14 0.8972
0 11.26 29.25 2.0365
0 12.78 29.68 1.2746
0 12.8 29.17 0.8724
0 12.86 30.71 1.057
0 13.63 30.78 1.4597
0 12.7 31.46 1.6681
0 10.97 30.24 1.886
0 9 28.5 1.7665
0 10.23 26.86 0.7141
0 11.05 27.14 0.8938
0 11.62 28.98 0.8013
0 12.19 28.77 0.8884
0 12.74 29.74 1.8774
0 11.65 28.97 0.5561
0 12.34 29.08 0.9119
0 12.67 30 0.8727
0.175 12.8 28.66 1.6945
0.875 10.13 28.37 1.014
3.625 11.17 27.68 1.7175
3.325 8.43 19.85 1.5527
3.75 9.25 23.74 0.675
2.725 8.86 24.92 1.3118
0 9.79 23.95 2.5101
0 9.35 24.02 1.7534
0 7.35 21.5 1.6501
0 6.25 20.92 0.464
0 8.85 25.95 0.229
0 10.74 28.66 0.9127
0 11.51 28.21 0.5387
0.6 12.23 28.76 0.3807
0 12.34 30.13 0.6058
0 12.88 30.33 1.6048
1.05 10.2 26.47 2.3314
0 7.49 18.8 1.8093
0 9.01 22.89 0.4323
0 11.15 26.74 0.5866
0 11.02 26.54 1.0546
0 11.18 27.1 1.429
0 8.95 25.39 2.4266
0 9.2 21.78 1.9486
0 7.91 21.23 2.0753
30.225 3.89 17.09 2.3114
25.95 2.72 12.77 3.8734
5.85 -0.62 6.39 0.8496
1.325 -1.46 5.95 0.8659
0 -1.29 11.16 1.3769
0 1.45 15.2 1.1961
4.175 4.22 17.42 1.6391
2.9 6.55 12.87 1.7699
0 6.6 18.63 0.9392
0 6.8 22.23 0.5989
0 9.06 23.99 0.4033
0 7.83 23.62 1.0781
0 8.31 23.73 1.4321
0 8.32 21.43 1.7607
0 8.52 22.56 1.7047
0 7.49 23.35 0.8311
0 6.5 20.25 0.5662
0 5.97 21.04 0.5462
0 5.62 19.64 2.4076
0 6.74 21.88 1.874
0 6.62 23.11 2.0421
0 5.59 19.83 1.3703
0 2.28 15.41 3.3263
0 0.79 14.45 3.3929
0 2.15 15.03 2.0259
0 3.61 17.05 0.9872
0 4.58 18.37 2.1417
0 4.61 19.78 0.1794
0 3.43 19.16 3.5726
0 3.24 16.47 4.1531
6.85 0.87 17.15 3.7969
6.25 -3.41 14.3 1.8263
7.775 -5.69 2.34 0.6155
4.9 -4.78 3.06 1.5691
0.05 -5.25 2.85 0.9569
0 -5.35 4.13 2.2131
0 -2.63 7.85 3.1437
0 -1.23 11.28 2.9248
2.925 0.3 12.65 3.3625
2.275 1.88 9.64 0.8506
0 1.25 9.63 0.2214
0 2.77 11.05 0.6058
0 -0.08 10.96 0.519
0 0.27 11.88 0.9223
0 0 12.52 1.1492
0.25 0.9 11.66 3.4555
3 -2.5 5.3 2.2645
4.15 -2.44 3.91 4.0026
1.825 -4.53 4.05 1.7605
0 -3.23 6.49 2.5234
0 -1.57 7.34 3.7328
0.175 -1.88 11.51 2.3331
0.075 -1.26 7.99 0.7573
0 0.16 10.42 2.8795
0 2.44 14.89 2.3129
0 2.67 15.49 1.0873
0 3.41 13.49 1.7716
0 -1.26 15.62 3.6441
0 -2.45 11.3 8.3819
0 -0.81 8.44 3.666
0 -2.94 10.89 4.2559
0 -4.47 7.88 2.8622
0 -4.55 6.49 3.4988
0 -5.05 6.67 3.0675
0 -4.01 6.84 3.5644
0 -2.86 9.23 3.6678
0 -2.26 9.42 4.3682
0 -2.16 11.28 3.2033
0 -3.35 9.7 0.9934
0 -4.86 7.51 1.6453
0 -5.65 5.32 1.4951
0 -5.61 5.62 0.9979
0.325 -4.63 5.79 0.8176
0.15 -3.57 5.23 5.4952
0 -0.71 10.5 4.6809
0 -3.62 10.83 2.7987
0 -3.88 8.37 4.749
0 -4.42 7.24 4.4866
0 -4.13 8.34 3.611
0 -4.07 8.02 4.5086
0 -4.12 8.03 3.9822
0 -3.51 10.21 5.0247
0 -2.48 11.39 3.4197
0 -1.31 11.64 1.3627
0 -1.42 11.9 1.0617
0 -0.11 11.52 1.1174
0 2.05 14.56 0.9092
0 1 12.02 1.3998
0 -1.7 10.7 2.4022
