1.1 -19.04 -1.35 1.5345
8.675 -12.01 -1.56 1.7496
4.9 -15.6 -0.56 1.6657
0 -19.45 -7.05 4.361
1.75 -18.21 -7.44 1.719
1.05 -10.12 -3.4 0.6618
0 -11.66 0.22 1.3072
0 -10.28 0.44 0.7055
0 -14.23 3.88 4.6101
0 -13.76 1.73 3.0986
0 -11.29 2.06 2.1528
0 -12.19 5.51 5.395
0 -10.03 5.35 3.6441
0 -12.6 4.68 3.0518
0 -11.12 5.26 3.6889
0 -12.39 6.16 4.8203
0 -13.11 4.35 4.1971
0 -13.68 3.34 4.7981
0 -11.35 4.41 4.859
0.1 -10.85 2.79 3.3556
15.275 -9.63 4.7 2.7106
28.55 -8.67 3.46 2.1548
37.1 -9.2 0.26 1.5689
44.975 -6.52 -1.07 2.8485
13.225 -10.19 -2.08 3.6975
1.1 -16.02 -7.49 0.7503
0.05 -16.97 -6.17 1.1896
0 -13.56 -3.24 1.3764
0 -13.22 -0.78 4.2627
0 -12.4 2.32 4.4976
0 -11.21 3.89 3.0596
0 -11 4.34 3.2876
0 -11.81 3.79 3.6808
0 -11.58 6.22 3.7534
0 -9.33 7.4 2.9797
5.775 -8.11 6.22 2.5057
19.6 -9.74 -0.61 2.5243
10.475 -10.77 -4.84 2.9152
18.4 -11.68 -2.94 1.2701
11.2 -14.83 -2.36 3.8725
5.2 -20.74 -8.89 0.5545
9.6 -16.88 -6.03 2.5486
3.825 -15.19 -5.83 1.4357
8.625 -15.1 -5.69 3.079
5.175 -14.33 -7.37 3.2321
3.7 -12.74 -4.98 5.3712
29.1 -10.65 -5.7 5.4407
22.65 -13.38 -7.32 4.1395
3.675 -16.19 -6.73 1.0369
0 -15.61 -4.75 3.3268
0 -15.02 -0.98 2.396
4.875 -13.03 0.19 3.7492
18.4 -11.11 0.19 3.2428
10.975 -7.31 -2.65 2.3918
3.75 -8.08 0.42 1.705
2.3 -9.15 4.27 1.568
0.325 -8.23 0.33 2.876
0 -11.78 2.07 0.5083
0 -10.99 4.94 3.8337
23.55 -6.08 3.9 2.9252
36.725 -6.57 4.04 4.2154
20.425 -7.54 0.1 4.9867
18.675 -11.15 -5.01 3.2558
3.275 -17.78 -6.23 0.7044
1.25 -15.73 -3.57 1.9269
0 -15.59 -3.72 0.2573
0 -15.01 0.01 1.5962
0 -12.51 2.81 2.7091
0 -15.53 -3.29 0.5262
0 -14 1.94 0.874
0 -12.75 2.03 2.4326
0 -12.65 3.78 2.7535
0 -12.31 5.91 1.4771
0 -10.06 4.36 2.5708
0 -7.98 5.36 3.0637
0 -7.91 7.62 1.0515
0 -7.65 8.09 0.8802
0 -6.52 10.6 0.8033
0 -7.79 11.05 0.7153
26.925 -6.76 10.45 2.177
26.8 -11.49 1.89 4.298
1.7 -17.87 -8.18 2.2078
0 -16.56 -4.57 1.8763
0 -13.34 2.94 0.4161
0 -8.42 6.16 2.078
0 -10.51 6.48 2.1106
0 -9.12 7.35 1.3133
0 -5.95 10.41 3.3885
0 -11.95 6.19 2.0046
0 -9.83 5.4 0.3345
0 -7.18 7.7 2.534
0.05 -7.28 8.99 2.6224
0.025 -9.77 6.68 5.4099
0 -14.46 -0.35 1.8341
0 -12.78 3.48 3.0015
0 -10.75 7.87 2.7058
9.075 -7.54 10.67 1.4196
12.875 -10.37 8.35 3.7558
7.75 -9.92 -1.28 1.8384
4.775 -8.88 0.24 2.1261
1.775 -10.14 -0.66 3.7505
0 -8.67 3.8 1.5002
0 -8.68 8.72 1.9629
0.25 -6.48 6.83 4.4278
0.175 -15.38 0.91 6.4518
0 -13.65 0.55 3.4618
0 -11.24 3.91 1.5777
0 -8.07 9.55 3.187
0 -6.48 12.92 3.0031
0 -3.14 15.88 1.5913
0 -2.5 17.92 1.0277
0 -0.96 18.48 2.2562
0.05 -0.61 17 3.1751
1.4 -3.94 10.94 3.4523
0.8 -12.01 1.41 3.6974
0 -10.21 4.4 1.8464
0 -8.52 6.7 2.3921
0 -8.16 8.14 3.4152
0 -10.29 5.11 1.4815
1.85 -7.32 8.46 1.9136
38.2 -0.83 11.11 2.2411
25.675 -4.01 6.57 2.8928
7.025 -2.26 4.1 4.0445
3.975 -5.71 5.18 2.0824
0.65 -2.42 9.09 4.0625
0 -4.77 10.28 2.5568
0 -4.36 13.33 2.723
0 -3.6 14.09 1.5723
0 -4.24 14.92 0.9223
0 -1.43 16.01 0.6714
0 -2.89 16.17 2.9756
0 -1.95 14.69 3.3
0 -4.25 13.65 2.1477
0 -3.56 13.11 3.1214
0 -1.94 14.94 1.4746
0 -1.44 17.08 1.8643
0 1.9 20.66 0.3724
0.275 3.88 22.29 2.559
0.15 1.89 21.52 3.0444
0 -0.6 16.4 1.8142
0 -1.16 16.07 0.7838
0.325 -0.42 17.37 2.3861
0.225 -0.83 16.85 2.8945
0 -0.89 15.28 2.6881
0.125 -2.24 15.33 1.7026
0.075 -2.24 15.39 1.1634
0 -0.51 16.38 0.7361
1.075 1.06 18.27 1.6116
1.9 0.41 17.42 2.3478
22.4 0.43 16.04 3.3695
15.45 1.44 14.88 2.0896
1.725 0.82 15.07 1.8022
0.05 -0.61 13.57 2.1637
0.3 0.22 13.13 0.7499
8.65 -3.08 10.5 2.1878
7.2 -4.25 11.01 3.9473
2.25 -6.27 3.68 2.7416
0.7 -3.68 5.48 2.8132
0.9 -2.45 10.52 2.526
0.575 -1.16 12.36 3.3635
0 -0.59 11.62 3.1041
0 -3.35 9.83 3.2723
2.6 -2.69 11.34 2.0067
3.375 -0.86 10.55 3.6995
1.075 -3.49 10.11 2.5736
2.35 -2.73 11.4 2.3741
1.675 -1.71 11.8 2.2317
0.2 0.9 12.03 2.8459
0.075 1.08 14.64 1.5479
0 2.89 19.28 2.6519
0 0.79 18.58 3.2719
0 -1.53 14.19 3.0991
0 -2.6 12.77 1.2149
0 -0.5 14.95 0.8811
0 1.65 19.05 1.3566
0.05 2.01 21.16 2.7572
0.025 0.82 18.55 1.6003
0 2.33 19.73 0.8931
0 3.6 23.11 0.384
0.3 4.91 24.32 3.0088
0.225 5.42 23.39 3.0258
0.05 3.65 22.2 2.2195
0 5.22 21.92 1.4988
0 3.69 20.67 2.9383
0 2.5 20.98 2.5431
0 1.43 20.8 2.8942
0 1.07 20.88 2.787
0 0.32 18.96 3.0212
0 0.47 18.3 2.6308
0 -0.4 18.88 2.5402
0 -0.32 18.67 1.928
0 2.07 19.6 2.0605
0 2.95 20.45 2.5146
0 3.08 20.09 1.382
0 1.65 21.03 0.8243
0 2.53 22.05 1.6086
0 5.54 23.97 2.2047
0 4.98 22.68 1.9551
0 6.35 25.07 2.1105
0 8.34 25.16 2.0383
0 7.98 25.62 2.4989
0 5.95 25.24 2.5679
0.075 4.82 24.15 2.1767
0.15 5.94 24.59 2.0735
0.05 5.18 23.21 2.2052
0 5.21 23.66 2.2785
0.975 5.36 23.86 1.9761
0.675 6.05 24.29 1.7118
0 7.86 24.2 1.9201
0.2 5.61 24.12 2.7494
0.125 5.01 22.84 2.3926
3.625 4.9 22.49 2.2339
1.4 4.22 23.13 2.3302
0 5.22 21.88 3.1831
0 2.17 21.1 2.8947
0 3.21 20.68 2.5752
0 5.18 19.96 2.7755
0 2.5 18.11 3.5164
0 -2.76 9.84 2.0213
0 -1.48 12.22 1.2184
0 -0.14 16.43 0.1408
0 1.45 19.24 1.0701
0 3.64 21.15 2.918
0 3.76 22.1 2.7852
0 4.36 21.73 2.9951
0 1.72 20.78 3.1647
0 -1.01 18.35 1.3264
0 -1.42 17.53 0.2982
0 -0.31 19.79 0.6611
0 0.96 21.51 1.0158
0 4.22 23.84 1.2802
0 3.23 24.71 1.7916
1.975 4.6 24.67 2.3203
4.7 5.07 24.71 2.3309
5.525 4.7 19.71 3.4775
1.55 0.82 17.56 1.7019
0 1.19 18.72 1.717
0 1.02 20.37 0.7485
0 1.35 21.16 1.3702
0 2.82 21.16 1.0003
0 4.37 21.51 1.4018
0 2.97 22.74 3.1816
0 3.6 20.28 2.3175
0 2.6 19.76 1.3374
0 1.97 20.34 0.1664
0 4.88 21.36 1.3666
0 3.88 21.22 1.9768
0 1.18 20.17 2.2294
0 0.08 18.86 2.0716
0 0.85 16.89 1.3063
0 -0.31 17.91 0.485
0 1.69 17.66 0.9419
0 3.29 19.73 0.3606
0 2.95 21.22 0.9901
1.95 2.77 22.88 1.3731
2.025 2.18 20.47 2.539
0.475 0 16.38 2.8839
0 -2.39 13.44 1.4736
0 0.19 16.25 1.0433
0 0.11 19.25 0.3766
0 0.29 20.78 1.1894
0 3.1 22.22 2.4857
0 0.46 19.6 0.9713
0 1.73 17.76 2.8932
0 -1.24 20.05 2.6493
0 0 20.95 1.795
0 -0.48 21.17 0.9863
0 0.12 21.38 0.7832
0 1.18 21.9 1.1689
0 0.63 22.98 0.3734
0 1.01 22.97 2.3194
0 3.79 18.81 2.7106
0 -8.92 9.45 2.33
0 -8.4 7.61 2.5982
0 -6.06 12.14 0.9123
4.075 -2.07 13.03 3.1812
2.525 -9.95 9.5 3.6551
0 -11.5 -1.89 0.3577
0 -9.58 5.04 3.4014
0 -8.66 7.43 1.8549
0 -6.49 9.2 1.3721
0 -5.67 11.09 0.8934
0 -5.22 13.28 0.6732
0 -5.78 12.18 2.1375
16.075 -4.94 11.88 2.0645
77.6 -3.48 6.24 6.3413
43.35 -3.69 2.66 4.7069
0.2 -2.25 7.25 0.7059
0 -2.6 12.44 2.2077
0 -2.89 13.85 1.2514
0 -1.16 15.97 2.1685
2.825 0.17 12.86 2.6298
1.725 -7.37 5.16 2.5311
0 -7.82 6.82 1.0721
0 -6.35 10.06 0.6581
0 -6.08 10.73 0.8161
0 -4.05 12.76 1.0778
0 -3.88 10.69 1.9426
0 -4.99 9.96 1.2509
1.8 -5.55 11.7 4.1181
1.275 -10.54 -2.63 5.1348
0 -12.82 -0.95 0.8515
0 -9.75 2.73 0.0448
0 -7.61 8.89 0.8995
0 -6.52 11.49 0.7997
0 -4.76 12.85 1.1609
0 -4.85 14.14 1.1686
0 -5.31 13.6 1.7982
0 -3.59 12.72 2.387
0 -7.53 9.24 0.8287
0 -8.84 7.64 1.3186
0 -10.99 5.67 1.834
0 -10.18 4.72 1.3956
0 -9.53 7.2 0.8556
1.6 -8.1 7.53 0.7279
6.85 -5.38 7.66 2.0489
3.975 -11.74 -0.51 1.0401
0 -12.95 0.02 1.0831
0 -13.22 0.18 2.881
0 -11.12 4.27 2.2608
0 -10.56 6.69 1.9042
0 -9.84 8.08 1.1184
0 -12.48 2.85 2.4016
2.3 -10.69 4.71 4.1438
1.375 -9.97 3.5 0.9087
0 -9.93 0.35 0.6178
0 -12.39 3.86 2.5756
0 -12.08 2.33 3.8424
0 -11.1 3.73 4.2462
0 -11.57 4.37 2.7853
7 -9.58 5.68 1.4006
4.25 -10.27 3.12 5.094
0 -13.6 -4.69 5.3337
0 -13.58 -2.12 3.8491
0 -12.76 1.11 1.6184
0 -13.42 1.14 2.4147
0 -15.09 2.75 2.2355
0 -14.2 -0.6 2.1374
0.05 -11.98 2.63 1.0983
13.125 -16.37 -1.55 2.3539
15.025 -13.07 -4.87 1.118
4.45 -24.85 -11.67 0.7058
0 -25.08 -10.24 1.8069
2.2 -22.11 -8.9 2.8751
24.275 -13.23 -4.54 2.6707
57.625 -9.5 -4.09 3.6631
28.675 -10.9 -4.06 4.7385
0.95 -17.59 -5.59 0.9041
0 -16.67 -6.39 2.9071
0 -15.39 -2.65 2.2774
0 -12.95 -0.51 2.2011
0 -13.09 -2.25 2.75
0 -14.5 -2.95 4.0156
1.025 -12.9 -3.54 2.8776
13.525 -11.41 2.34 1.9624
11.275 -15.28 0.09 3.7123
0.175 -19.95 -8.33 2.9398
0 -17.29 -3.79 3.7219
0 -16.89 -2.06 3.5716
5.075 -16.76 -6.54 3.9235
3.025 -16.03 -4.45 1.9331
2.1 -16.29 -6.11 3.2653
11.2 -12.36 -5.17 0.7788
5.925 -10.37 -4.66 1.5406
0.1 -10.69 -4.62 2.4064
0 -11.93 -1.25 1.9016
0 -13.88 -0.52 1.1091
0 -14.52 -2.6 3.9246
0 -14.42 -1.77 2.8826
0 -13.68 -1.08 2.2146
0 -13.27 -1.21 2.7747
0 -12.73 -1.13 2.9166
0.075 -10.09 1.38 3.1251
1.8 -9.28 1.18 2.2284
0.925 -7.7 -0.66 2.451
0.675 -9.34 -1.14 3.0364
24.125 -10.6 -0.15 4.3638
13.725 -7.84 0.37 2.1454
0.225 -15.16 -2.31 1.5204
0 -14.54 -3.06 3.3215
0 -12.9 -1.21 1.7608
19.6 -13.08 1.05 2.5156
54.225 -10.56 -0.95 4.5852
33.225 -12.07 -5.73 5.4246
41.85 -11.64 -6.76 6.2754
51.225 -15.7 -7.75 3.9891
24.2 -15.02 -9.88 4.2544
3.875 -15.11 -8.92 0.9246
0.825 -19.73 -9.29 1.9927
8.525 -16.84 -7.18 3.5132
4.35 -11.64 -4.91 2.8174
0.025 -12.66 -1.46 1.4211
0 -17.45 -1.8 2.8654
1 -15.47 -5.35 3.0813
0.6 -12.4 -1.93 1.5684
0 -19.35 -2.04 0.9849
0 -19.74 -4.82 1.7021
0 -13.38 -2.76 1.8659
0 -14.34 -2.41 0.6232
7.95 -14.07 -2.97 2.5065
12.525 -8.69 -0.65 3.3292
12.625 -9.75 -2.49 1.783
4.825 -10.57 -3.49 2.4824
0.55 -11.97 -3.89 1.4894
2.25 -12.95 -5.05 2.4204
1.2 -13.9 -5.44 0.4593
0 -13.01 -3.52 0.968
0 -11.72 -0.35 1.099
0 -12.4 1.94 1.3221
0 -12.72 2.33 1.5039
0 -13.5 2.92 0.8134
0 -12.1 4.12 1.7579
0 -11.77 4.19 2.4552
0 -11.09 4.24 1.3495
2.925 -11.23 4.42 1.3945
5.525 -9.99 0.2 2.3987
19 -9.28 -0.47 3.0495
7.825 -16.77 -4.28 2.5797
23.475 -16.25 -3.12 3.5644
23.875 -11.68 -1.13 2.9551
2.35 -13.57 -2.85 0.5648
38.325 -12.18 0.39 4.4759
26.325 -10 1.62 1.7974
1.95 -10.44 -4.02 0.7726
0 -11.47 1.23 2.5072
5.325 -9.71 1.85 2.7379
18.65 -10.56 -0.11 3.2686
9.375 -13.99 -2.54 3.3185
0 -15.66 -4.07 1.25
0.05 -13.41 -1.38 2.7535
0.025 -11.66 -1.16 0.7358
4.75 -11.34 0.78 2.3743
3.75 -16.38 -2.97 3.9608
0.525 -13.9 -4.19 1.9446
0 -16.06 -5.24 0.5656
25.5 -13.51 1.21 2.2802
15.5 -12.18 2.2 2.5512
0 -15.86 -3.38 2.7918
0 -15.1 1.51 3.8763
0 -12.74 6.26 1.6427
0 -9.52 8 0.6826
0 -8.6 8.14 3.1038
0 -13.28 5.13 2.1533
0 -9.34 8.73 2.1945
0 -9.83 8.27 1.0338
0 -9.61 7.46 1.1704
0 -11.37 7.07 2.5119
0.625 -11.37 7.02 2.3478
2.15 -8.82 7.93 2.6971
1.05 -12.4 1.06 2.62
0 -12.02 0.54 2.9839
0 -10.17 5.95 1.6214
0.925 -7.02 8.98 2.9221
12.275 -7.77 9.4 6.0608
7.2 -11.11 -2.04 3.3817
0.775 -14.58 -3.21 0.8624
4.95 -13.38 0.23 2.5127
2.275 -9.76 0.04 2.2028
16.475 -12.42 -0.4 2.7483
10.275 -12.89 -3.01 3.6745
0.025 -16.04 -4.3 0.7336
0 -14.28 1.44 2.2974
0 -9.97 6.79 0.3839
0 -7.99 9.35 1.7564
0 -8.34 6.73 1.924
13 -7.05 5.51 3.7562
11.1 -11.97 -0.13 4.7063
1.8 -11.93 -3.31 1.1051
0 -10.93 2.4 0.6814
0 -10.09 4.3 0.8938
0 -7 9.15 2.6451
0 -9.08 8.74 1.2634
0 -8.26 11.64 1.0634
0.475 -7.4 12.95 1.8648
9.4 -4.26 11.31 3.0089
7.275 -11.06 -0.83 2.8677
3.125 -9.07 -4.19 1.4507
1.3 -8.15 -3.17 1.4954
0 -8.03 7.31 0.6153
0 -6.36 10.56 1.4317
0 -5.87 11.36 0.7241
4.6 -2.32 13.57 4.6353
5.8 -7.56 4.22 5.378
2.175 -13.11 -2.65 4.0923
0.225 -11.93 -1.52 3.4578
0 -10 3.48 1.8865
0 -8.44 8.61 2.2005
0 -7 11.15 1.2467
0 -4.06 12.93 1.9312
0 -3.8 12.04 3.5452
0 -8.63 8.18 2.2316
0 -9.52 6.23 1.0702
0 -4.94 10.1 2.908
1.225 -7.78 8.85 3.768
10 -10.39 1.28 3.6244
5.8 -14.15 0.39 4.8226
0.1 -9.6 1.27 2.4517
0.175 -7.41 7.09 1.2936
0.1 -6.44 8.9 0.8327
0 -4.56 11.4 0.6788
0 -2.18 13.85 1.4678
1.975 -0.18 13.38 2.321
1.175 -8.01 7 2.6094
0.175 -5.19 7.46 1.7478
0.1 -2.36 10.73 3.3949
0 -4.42 10.93 4.4467
1.425 -9.96 4.77 3.766
1.3 -10.28 -0.14 4.1038
0.15 -8.21 1.77 2.3629
0.725 -9.35 3.32 1.6847
6.375 -5.47 7.55 3.5594
15.775 -7.06 5.05 2.7901
7.325 -9.06 2.01 3.8932
0 -9.59 3.06 1.7674
0 -6.57 10.61 0.6683
0 -3.47 14.17 2.6761
0 1.1 13.74 2.9909
0 -2.14 13.01 2.6761
0 1.3 15.23 2.9128
0 3.38 15.11 3.0134
0 2.63 14.85 2.1088
0 3.35 19.32 3.1126
0 5.12 19.64 3.124
0 1.9 17.98 2.1469
0 2.78 17.96 4.141
0 0.12 14.86 4.6084
0 -2.4 10.31 5.3994
0 0.29 8.21 4.3517
0 -2.54 12.67 1.2286
0 0.57 15.69 1.6385
0 1.68 18.17 3.2186
0 -1.41 16.55 3.261
0 -4.08 11.3 0.7044
0 -2.91 15.69 2.2107
0 -3.13 14.04 3.3944
0 -3.85 13.34 2.5289
0 -2.99 14.96 1.3775
0 -1.9 13.84 0.8142
0 1.05 17.82 1.4994
0 1.4 18.57 2.2009
0 3.15 16.11 2.605
0 0.53 15.78 2.2871
0 3.14 18.31 0.6999
0 4.64 22.33 1.3396
0 5.14 22.98 3.374
0 2.85 21.48 3.0387
0 -0.27 18.42 2.6948
0 0.4 18.75 2.7116
0 2.53 18.09 1.8738
0 0.08 17.05 1.0948
0 0.37 18.52 1.7299
2 2.77 21.09 2.2376
1.325 2.28 20.26 2.0595
0 2.68 19.59 1.9862
0 4.71 21.3 1.9733
0 3.39 21.4 1.8344
0 4.21 22.23 2.5898
0 5.7 21.38 3.4306
0 7 22.33 3.6759
0 4.43 20.4 1.7917
1.65 4.98 22.4 1.035
3.325 6.6 24.8 2.5834
1.5 5.36 20.08 2.86
0 5.53 23.91 2.6561
0 4.83 24.54 2.0484
0 4.47 24.41 2.0209
0 4.29 23.48 2.8567
0 3.41 22.05 1.0527
0 4.35 21.81 2.2328
0 4.85 23.02 1.9042
4.7 6.87 24.03 2.3204
2.975 5.49 21.8 2.7367
0 3.6 20.82 1.9609
0 2.08 20.97 2.4383
0 4.19 21.36 1.9425
0 3.23 21.59 2.396
0 4.02 20.91 2.5626
0 1.61 21.12 2.1187
0 2.49 21.26 2.5181
0 1.39 21.67 1.707
0 1.7 21.68 2.0182
0 2.38 21.55 2.0717
0 1.24 21.13 2.2155
0 3.22 20.27 2.5498
0.9 1.93 19.68 2.9913
0.525 0.81 16.59 2.2346
0 0.58 18.52 2.174
0 1.38 18.56 2.5289
0 -0.35 14.98 1.0325
0 -0.01 18.74 1.1014
0 2.09 19.81 1.9963
0 1.78 20.96 2.6832
0 2.67 20.74 1.0888
0 2.68 22.28 1.9296
0 3.33 23.01 2.0351
0 2.29 21.13 1.8963
0 0.87 21.13 2.22
0 2.31 21.38 2.283
0 3.36 19.03 1.8
0 1.18 17.16 2.8531
0 0.92 21.04 2.3881
0 3.82 24.92 0.7967
0 7.04 26.14 2.6942
0 5.41 24.49 2.7381
0 1.83 20.23 3.2703
0.325 -0.05 9.33 2.1929
0.175 -3.77 9.33 2.3469
0 -3.46 12.71 1.0097
0 -0.99 16.86 0.6585
0 -0.25 20.1 0.6443
0 2.06 22.53 1.1513
0 2.32 22.92 1.5506
0 2.15 21.96 1.895
0 -1.34 20.15 1.4888
0 -0.64 19.32 2.8527
0 2.68 17.9 3.2516
0 -5.46 7.46 2.1166
0 -4.83 13.55 0.8272
0 -2.83 15.85 0.8889
0 -1.42 17.79 1.1326
0 -1.67 18.22 1.9312
0 -2.69 16.55 1.5069
0 -2.99 16.77 0.6383
0 -2.17 17.15 1.2371
0 -2.41 18.82 1.7143
0 -2.3 18.4 1.6082
0 -1.78 18.36 1.716
0 -4.03 14.66 0.9786
0 -4.65 15.87 1.0689
0 -2.06 15.93 2.7638
0 -3.9 11.79 0.7621
0 -3.65 15.91 0.4963
0 -2.07 18.74 1.0293
0 -0.66 22.28 0.4446
0 -0.45 22.23 1.2405
0 1.87 23.26 0.4432
0 2.1 23.56 0.5418
0 1.23 23.31 0.3093
0.125 1.87 20.55 0.6084
8.025 1.72 18.38 1.507
47.925 0.86 16.98 1.8533
55.4 -1.04 9.99 1.5113
14.75 -2.75 2.16 1.2855
9.075 -6.03 4.42 0.8155
2.95 -5.74 2.86 2.3139
0.3 -7.34 4.94 0.7703
0 -6.15 9.68 1.7377
0 -4.86 12.2 1.6985
0 -2.46 15.91 1.4926
0 -2.09 13.98 2.6114
0 -1.6 15.66 1.8617
0 -2.33 16.08 0.9574
0 -1.97 15.79 0.9193
0 -1.6 15.75 1.4921
4.2 -0.53 11.81 0.9274
3.375 -2.8 8.33 1.2959
0 -3 7.44 2.0505
0.325 -4.58 11.6 1.2217
0 -3.95 10.45 2.0594
6.975 -5.1 9.56 1.8822
33.375 -2.66 6.71 1.8421
57.675 -0.97 3.58 4.9826
34.65 -6.11 4.81 3.9695
0.125 -8.52 3.43 1.4761
0 -11.85 2.94 3.156
0 -11.39 3.94 3.3709
3.525 -6.31 8.23 2.066
2.5 -6.62 9.11 2.0587
0.175 -8.11 2.94 0.7781
0 -7.67 6.71 1.8246
0 -7.01 9.93 3.3968
0 -5.15 12.37 3.2406
0 -2.98 14.46 2.233
0 -2.03 13.83 1.2316
0.55 -2.46 12.65 2.4452
22.05 -5.38 9.47 3.2196
14 -10.12 1.87 2.843
2.125 -13.01 -1.53 0.6377
2.725 -12.19 0.66 1.6151
0 -12.13 -1.94 2.5542
0 -11.01 1.11 1.4674
0 -11.56 4.3 3.166
0 -9.72 3.04 1.4778
0 -7.99 6.78 2.4493
0 -8.62 7.7 0.8475
0 -10.66 7.37 2.2489
0 -7.01 8.23 2.6243
30.075 -7.05 8.48 3.2433
51.9 -10.56 2.88 3.5382
34.2 -13.32 -3.76 5.4882
15.45 -12.81 -7.75 3.512
15.6 -12.57 -4.9 4.7294
8.6 -18.93 -7.43 1.0225
0 -22.27 -8.56 3.4097
0 -20.03 -6.48 3.2635
20.125 -15.55 -3.51 3.1105
12.45 -19.78 -4.45 2.9448
0 -22.54 -9.42 2.1045
0 -19.98 -10.62 2.9422
0 -15.67 -1.97 2.1284
0.125 -12.55 2.37 2.4598
0.025 -5.14 1.27 1.7478
0.925 -6.31 3.1 1.7058
16.475 -9.88 2.35 1.9279
10.6 -8.93 2.07 3.2278
0 -10.69 -0.66 2.3347
3.775 -9.29 1.74 1.8659
6.125 -5.49 2.97 1.1924
1 -5.36 1.48 1.5588
0.05 -6.79 3.41 0.5459
0 -9.86 4.52 2.1786
0 -10.29 3.53 1.5334
19.575 -8.74 4.36 2.1963
15.075 -9.7 1.17 1.7409
7.05 -11.8 -3.88 2.6928
56.35 -11.48 -3.76 3.354
92.2 -9.4 -4.53 5.301
78.9 -8.37 -1.84 6.2938
38.75 -10.64 -1.93 2.3107
16.375 -12.87 -9.37 2.0429
6.6 -13.64 -5.9 2.2326
4.2 -11.68 -4.77 0.4528
0 -12.77 -3.84 2.7975
19.45 -15.56 -2.33 5.1068
10.625 -13.43 -2.27 2.1577
0 -14.57 -7.52 1.0271
51.525 -14.11 -6.58 2.3052
26.95 -11.55 -4.32 4.7652
1.375 -20.8 -5.72 2.7725
4.125 -21.4 -11.05 1.2127
17 -20.83 -11.68 3.6035
23.15 -15.83 -9.49 4.4089
19.825 -13.78 -10.01 2.5093
0 -15.86 -8.04 3.0128
0 -20.1 -10.56 3.7168
0 -18.39 -9.71 5.341
0 -17.32 -8.71 3.9411
0 -17.27 -8.69 1.8493
0 -17.79 -5.02 0.9436
0 -16.76 -4.14 3.3504
3.525 -17.45 -7.46 3.1509
5.775 -13.6 -4.63 1.6205
0.375 -13.62 -2.6 1.5948
0.225 -14.07 -0.61 1.349
0 -13.09 1.33 2.3216
0 -11.66 -0.26 0.9879
0 -9.94 1.64 0.5961
0 -10.99 1.78 2.0681
0 -9.58 2.29 1.2831
0 -11.74 2.88 4.2439
0 -14.02 -0.18 3.5651
0 -14.06 0.47 2.8553
0 -12.77 3.71 3.6323
0 -13.38 0.29 2.1222
0 -12.74 1.3 2.1423
0 -12.74 1.95 4.9051
0 -13.12 2.39 3.1378
0 -12.99 1.75 1.7765
4.925 -12.66 2.42 0.7467
13.075 -11.85 3.65 1.7645
4.8 -14.42 -4.95 1.6961
0 -15.6 -2.91 2.2084
0 -19.24 -2.78 3.0503
0 -17.9 -3.47 2.1168
0 -14.5 0 2.9336
0.075 -12.47 2.97 1.6704
0.025 -10.5 4.87 1.919
0 -10.1 5.31 0.6126
0.05 -12.96 6.66 2.3108
0.05 -15.49 -0.75 3.6668
0 -17.47 -2.45 3.7283
0 -15.78 -0.52 3.7152
0 -13.86 2.54 2.5517
0 -11.68 6.05 1.4597
0.05 -10.34 5.68 3.348
10.95 -7.59 2.68 4.1695
40.8 -9.92 3.1 6.2826
30.675 -14.59 -8.16 4.3868
48.55 -12.79 -8.21 3.1635
35.475 -11.72 -5 4.2084
3.325 -21.39 -7.18 0.7891
0 -21.13 -7.07 1.2382
0 -19.75 -7.75 0.3944
0 -19.38 -4.17 0.2875
7.775 -16.93 -4.88 2.5624
17.45 -12.39 -4.53 5.9147
17.6 -17.41 -7.74 0.6418
0 -20.79 -11.25 0.5087
0 -20.79 -6.56 2.1688
4.35 -17.98 -2.38 1.7228
6.35 -14.2 0.36 3.4388
9.075 -9.61 0.81 1.9332
0.825 -14.56 -1.2 1.3982
3.45 -11.37 1.56 0.5772
14.6 -9.76 2.7 1.7748
24.85 -8.49 -0.16 4.4539
0.15 -11.46 -1.73 0.7494
0 -9.93 4.48 1.5435
0 -8.39 6.95 1.4543
0.275 -8.17 6.15 0.9981
0.15 -9.02 4.82 0.6506
2.275 -10.11 5.7 0.9461
1.525 -6.68 2.66 1.2249
18.9 -6.4 6.06 1.4238
34.025 -5.63 7.01 3.1629
4.475 -12.67 -0.52 0.9026
31.05 -11.25 0.61 3.4279
55.775 -12.26 -3.89 4.9859
82.625 -10.54 -5.49 6.2865
14.975 -12.86 -6.27 2.7746
9.15 -14.65 -4.2 0.8921
16.675 -12.3 -3.64 4.4148
46.4 -13.84 -5.26 5.4333
34.15 -15.03 -5.45 4.3128
17.3 -12.66 -3.13 3.0016
8.025 -10.33 -3.92 1.7847
0.2 -9.59 1.42 0.5191
0 -10.34 4.41 0.9441
0 -7.94 6.86 2.0184
0 -7.61 8.49 2.1909
0 -6.53 13 1.6907
0 -4.73 15.67 1.2875
0 -8.21 10.61 1.4075
0.075 -9.32 7.63 2.0469
0 -7.1 10.53 1.4113
2.65 -7.46 10.58 1.2684
5.65 -10.57 8.06 3.627
5.225 -16.6 -6.54 1.4248
2 -14.45 -8 1.48
0.075 -13.97 -2.14 0.5303
0 -11.33 4.42 1.417
0 -10.35 5.92 1.218
0.6 -9.45 6.21 3.0013
0.425 -12.83 -2.63 0.5618
0 -9.89 5.29 0.7758
0 -7.73 10.32 1.1769
0 -6.26 12.2 2.2902
0 -4.12 11.81 3.2225
0.025 -5.73 7.34 1.7923
0.4 -4.97 9.7 2.3208
10.1 -4.45 3.5 2.481
3.375 -9.38 4.54 0.8431
2.1 -8.17 4.63 1.4238
0.4 -5.6 3.59 2.7346
0.9 -7.11 2.33 2.696
0.075 -10.02 4.6 2.6125
0 -8.56 6.7 0.8316
0 -6.11 10.2 2.5475
0 -9.46 7.7 4.4949
0 -11.57 3.8 3.6791
0 -10.28 4.8 2.0706
0 -7.41 8.48 0.6635
0 -4.98 11.47 0.7912
0 -5.02 13.4 3.1757
0 -0.32 15.43 0.9704
0 -1.84 16.15 1.6714
0 -1.42 15.11 2.1576
0.35 -3.26 11.6 3.2261
1.675 -9.04 3.99 3.4598
3.675 -10.49 -1.74 2.8777
0 -7.47 6.73 1.67
0 -4.54 10.83 1.1682
0 -3.73 13.48 0.6003
6.7 -3.47 14.89 3.1163
12.775 -10.61 7.7 3.2768
4.425 -11.72 -2.87 1.135
13.15 -9.25 1 3.4689
25.725 -9.92 -0.6 2.5344
2.65 -8.73 0.36 3.6166
0.125 -8.65 5.91 1.7528
0 -4.21 11.39 1.8602
0 -4.45 11.02 2.7177
0 -6.46 10.02 4.2688
0 -7.84 7.58 2.3444
0 -4.84 11.21 3.0118
0.025 -4.78 9.2 2.7981
0 -5.09 8.87 3.5257
3.875 -4.82 9.18 4.3905
6.925 -10.1 3.88 4.9102
1.475 -9.88 2.24 3.0389
0.725 -6.81 6.2 3.0366
1.25 -3.74 7.16 3.2326
1.3 -8.77 2.92 1.8192
0 -8.64 4.45 0.8118
12.4 -5.05 6.87 2.7516
20.275 -2.6 1.28 1.602
8.6 -4.84 8.66 3.86
0.65 -5.99 6.14 1.7737
0.35 -4.97 10.19 2.9717
0 -2.99 12.2 1.53
0 -1.93 15.11 2.0317
0 -1.31 14.88 2.9297
0 -1.75 13.14 2.5931
0 -0.99 14.72 2.7631
0 0.23 16.7 1.4239
0 0.9 19.69 1.8648
0 2.23 18.45 2.32
0 -2.2 15.88 0.9664
0 -0.78 15.08 3.0108
0 -0.08 16.48 2.1115
0 -0.8 15.05 0.2039
0 1.43 19.38 0.3605
0 3.14 21.64 2.4988
0 3.41 21.57 3.1402
0 1.25 19.27 2.698
0 -0.68 18.53 2.6925
0 -0.92 17.32 2.1565
0 1.1 18.93 2.0732
23.675 2.3 19.21 2.9646
21.8 -0.4 15.1 2.6613
4.6 -3.12 7 2.2033
0 0.05 16.44 0.6447
0 1.49 20.54 0.8479
0 3.79 22.43 0.8622
0 3.58 22.6 1.7388
0 4.21 21.73 1.8049
0 6 20.07 2.4091
0 5.32 21.09 2.9651
0 3.47 19.46 2.2729
0 3.18 20.53 2.5315
0 1.09 20.28 2.236
0 1.39 19.37 2.5048
0 1.1 18.29 2.5984
0 0.54 17.75 3.2434
0 -0.4 16.34 2.6323
0 1.56 15.36 3.1216
0 -0.44 14.81 3.2347
0 -0.31 15.53 2.1219
0 -0.51 17.07 1.6503
0 0.76 18.78 2.0594
0 0.49 18.91 1.0934
0 0.92 19.67 2.2828
0 2.58 20.53 2.8658
0 3.57 19.59 1.8138
0 3.69 21.34 2.1678
0 2.16 21.54 2.3065
0 0.61 20.48 1.7569
0 1.57 20.27 1.6741
0 3.95 19.12 1.2704
0 5.44 21.97 2.0751
8.525 3.89 22.7 3.03
6.65 5.53 21.27 2.2212
2.275 5.45 17.32 1.7344
0 3.69 20.18 1.9955
0 4.64 21.36 2.1454
0 2.12 21.68 3.1694
0 1.47 18.9 2.2338
0 1.3 19.46 3.1343
0 1.06 19.9 2.5476
0 2.08 19.98 1.8627
0 1.43 20.87 1.9284
0 1.82 20.44 2.1401
0 2.17 20.84 2.6743
0 2.43 21.05 1.4509
0 3.01 21.16 1.4685
0 2.64 21.51 2.2073
0 1.98 19.89 1.5206
0 1.35 19.16 0.8442
0 0.97 20.44 1.5328
0 1.95 21.84 1.2668
0 3 22.64 2.4824
0 2.65 20.79 2.1491
0 1.27 19.72 1.6728
0 0.3 19.46 1.2114
0 0.2 19.86 0.9479
0 2.74 22.36 2.0996
0 4.05 22.26 1.4305
0 3.29 21.47 1.0565
0 2.94 23.17 1.193
0 4.64 23.04 1.5945
0 3.66 23.09 1.6181
0 2.52 22.45 2.0372
0 0.26 21.81 1.9214
0 1.81 19.52 0.6914
0 0.55 20.06 0.9404
0 2.41 20.85 0.8871
0 2.43 20.52 0.808
0 4.64 21 1.8574
0 1.95 19.21 0.4751
0 1.69 20.44 0.9024
0 3.2 21.29 0.7449
0.55 3.02 19.86 1.9476
4.375 1.63 18.84 1.2046
8.225 2.17 16.56 1.4683
17.8 -0.43 12.45 1.3646
11.075 1.7 14.98 0.6445
16.975 -0.48 16.16 1.019
0 1.02 15.19 2.5215
0 1.68 16.23 1.9431
0 -0.2 13.83 1.5748
0 -1.15 15.23 0.2885
2.575 -0.64 18.01 0.276
1.725 1.17 19.84 0.8472
0.025 0.69 19.63 0.446
8.3 1.13 20.31 0.4695
0 4.27 20.57 0.7994
0.35 2.38 21.34 1.6689
12.475 0.12 17.2 2.4101
0.125 -1.59 12.04 1.5909
0 -0.48 16.9 0.3696
0 1.26 19.09 0.6156
0 2.79 17.43 1.0429
0.075 0.03 19.58 1.6427
0.05 0.17 18.77 2.6846
0 2.01 15.27 2.1699
0 -0.77 14.38 2.3485
31.7 -2.58 11.21 2.4743
45.05 -5.23 7.29 4.1276
17.675 -8.5 0.6 0.6936
3.075 -10.6 0.48 0.9577
0 -8.93 4.85 1.3538
0 -7.32 8.18 1.373
2.4 -4.87 10.28 1.7971
6.425 -2.69 7.21 1.849
0 -3.33 12.08 0.9184
0 -2.91 14.32 0.6606
0 -2.36 16.47 0.6205
0 -2.52 16.91 1.3183
0 -2.13 14.31 1.8036
0 -2.39 13.91 1.9861
0 -2.96 13.57 2.1115
0 -3.54 15.44 0.6386
0 -2.81 12.36 0.5538
0 -4.98 13.56 0.3764
0 -3.12 12.09 2.4104
0 -5.91 14.16 2.0051
0 -4.8 15.14 2.4281
0 -5.26 11.47 1.3913
0 -8.59 7.63 3.8486
0 -10.3 5.02 3.4987
0 -9.52 6.48 2.2295
0 -7.78 9.44 0.8452
0 -7.08 10.74 2.3219
0 -6.94 11.75 0.1635
0 -6.87 11.83 3.5107
0 -6.87 6.88 4.139
3.6 -11.5 7.2 4.1487
11.85 -12.74 7.22 1.9616
8.5 -14.89 -5.4 0.4802
9.925 -12.71 -4.16 1.5794
0.175 -12.32 -4.55 1.0666
0 -14.75 -3.14 2.3745
0 -14.2 -0.62 3.3143
0 -12.35 2.39 2.8594
2.95 -8.78 2.5 3.0728
3.6 -6.76 -0.19 0.9993
0 -8.46 2.15 0.2348
0 -7.26 4.43 0.4368
0 -10.81 4.48 0.4584
0 -10.64 5.33 0.8609
0 -9.45 4.53 1.4001
0 -11.15 5.5 3.7671
0.8 -10.21 -0.32 2.3333
2.625 -10.6 -1.88 3.8141
3.175 -13.9 -4.24 1.5441
0 -13.64 -0.52 2.222
0 -11.83 2.61 3.5153
0 -9.89 5.62 2.4269
0 -10.57 1.52 0.7835
0 -10.16 2.44 2.9749
0 -8.8 6.57 2.3731
0 -9.73 5.54 1.1069
0 -9.19 6.18 1.9819
0 -11.11 7.39 3.287
0 -10.85 2.44 9.2205
0 -14.37 -4.38 3.9774
0 -15.13 1.18 4.5285
0 -16.63 -3.02 2.7505
0 -15.86 -1.07 3.524
0 -16.79 -3.13 2.9955
0 -15.64 -2.06 3.6681
0 -15.21 0.84 4.0447
0 -15.9 0.16 4.3883
0 -12.84 0.2 3.2297
0 -15.43 -0.39 1.2732
0 -16.71 -0.87 1.6313
0 -16.89 -4.37 1.4515
0 -16.73 -3.43 0.9996
0 -15.01 -1.84 0.8969
0 -12.82 -3.78 5.9369
0 -12.32 -1.04 4.9556
0 -16.11 -0.47 2.6619
0 -14.31 1.18 4.7984
0 -17.09 -2.7 4.7155
0 -16.07 -2.32 3.5023
0 -18.85 -0.69 4.5307
0 -18.51 -2.47 3.869
0 -17.82 -1.68 4.9057
0 -16.71 -0.17 3.2345
0 -15.12 1.93 1.4038
0 -14.27 3.53 1.0724
0 -11.86 2.57 1.0696
0 -10.33 7.06 0.9756
0 -10.88 4.99 1.5581
0 -13.54 4.48 2.3634
