1.225 -1.9 7.56 1.5009
9.5 -3.47 7.55 1.4836
5.2 -6.96 4.17 1.6867
0.625 -9.52 1.42 4.1317
3.575 -8.35 1 1.8607
1.9 -4 -1.56 0.4478
0 -3.45 5.16 1.4702
0 -0.4 8.77 0.7
0 -3.38 9.77 4.3485
0 -2.77 10.48 3.3217
0 -1.06 11.6 2.4369
0 2.69 13.74 5.448
0 2.12 13.71 3.8933
0 -2.73 14.33 3.5972
0 -1.65 15.57 3.8527
0 -1.57 14.89 4.8776
0 -0.83 13.41 4.2698
0 -0.54 12.6 4.8271
0 -0.36 12.58 4.9348
0.05 -0.03 11.7 3.4694
14.075 0.61 12.83 2.7014
28.775 3.1 11.12 2.1091
64.675 3.09 5.91 1.6219
49.7 0.34 5.57 2.5475
13.75 -3.43 2.78 3.4816
3.6 -9.34 -2.68 0.8038
0.85 -9.66 -0.14 1.3029
0 -7.8 2.86 1.3848
0 -3.54 6.97 4.2329
0 -2.72 12.47 4.495
0 -0.66 12.93 3.0959
0 -1.46 12.16 3.2155
0 -2.85 9.29 3.9038
0 -3.37 13.28 3.7692
0 0.62 14.55 2.9766
5.625 1.19 12.96 2.4747
9.25 -2.35 3.96 2.8131
3.475 -3.64 2.92 2.8534
21.925 -3.42 5.61 1.2451
13.175 -7.53 2.87 3.5679
4.3 -12.68 -1.31 0.4676
11.975 -10.62 -0.21 2.7151
7.9 -6.41 0.61 1.4025
19.45 -6.83 1.16 3.1613
11.275 -6.43 -2.05 3.6008
3.7 -4.15 1.55 5.8485
31.525 -3.9 0.04 5.4381
26.05 -4.21 -0.52 4.3539
4.7 -6.44 -1.98 1.3225
0 -6.96 3.75 3.4345
0 -5.05 8.11 2.5836
8.75 -4.26 8.76 3.7519
36.7 -6.49 7.66 3.6149
27.125 -0.57 2.21 2.6317
5.7 -2.9 2.97 1.6417
2.075 -1.64 10.17 1.543
0.9 -2.55 3.32 2.7604
0 -4.51 7.53 0.4305
0.025 -2.53 9.59 3.7019
21.525 0.71 10.18 2.8272
39 0.33 5.68 4.1485
53.275 -0.93 5.66 4.9217
23.025 -4.27 1.14 2.9139
2.275 -8.34 1.17 0.8473
1.15 -5.98 2.52 1.8687
0 -8.46 1.47 0.3602
0 -9.93 6.77 1.3592
0 -4.22 8.64 2.5775
0 -8.74 3.61 0.4639
0 -8.04 7.75 0.7719
0 -3.97 8.24 2.1883
0 -3.97 11.25 2.4209
0 -3.1 12.78 1.389
0 -2.83 9.3 2.538
0 -1.57 10.52 3.0273
0 -0.76 13.22 1.0363
0 0.32 14.27 1.0293
0 1.81 16.71 0.9462
0.425 -0.4 16.91 0.6763
24.475 0.84 16.25 1.9021
17.775 -5.19 7.84 4.109
1.925 -10.44 -0.32 2.1476
0 -8.27 3.95 1.9524
0 -4.26 11.18 0.4959
0 -3.13 12.49 1.8404
0 -0.41 15.74 2.0753
0 -0.28 14.57 1.3533
0 -0.3 16.24 3.3861
0 -2.91 11.2 2.0238
0 -2.53 11.41 0.2941
0 -0.71 13.04 2.6087
0 0.08 16.08 2.5448
0 -3.21 12.49 5.2096
0 -5.88 6.68 1.9701
0 -4.64 11.32 2.8095
0 -1.22 15.22 2.2537
16.25 0.77 17.6 1.2012
14.375 -2.89 13.71 3.2173
11.625 -2.88 3.09 1.8062
5.65 -2.83 4.03 2.2146
0.2 -3.76 4.43 3.6537
0 -2.22 9.44 1.4714
0 -0.23 12.92 2.1719
0 -0.02 13.23 4.7134
0 -7.64 6.76 6.0126
0 -5.79 3.52 3.0802
0 -2.83 12.14 1.6066
0 0.25 16.89 2.8734
0 3.4 19.57 2.8261
0 5.9 23.12 1.5177
0 8 25.22 1.0968
0 7.86 25.69 2.0375
0.2 5.16 24.22 2.8108
2.575 1.97 18.55 3.2687
1.45 -4.8 5.62 3.4071
0 -1.96 10.84 1.8548
0 -0.72 13.53 2.3398
0 -2.4 12.56 3.2199
0 -3.11 10.22 1.6004
1.65 -0.58 12.85 1.8674
66.55 4.43 16.18 1.9515
46.075 2.47 12.94 2.58
12.925 2.4 6.89 3.8489
7.175 1.31 10.91 1.9458
1.2 4.55 13.76 3.8637
0 2.71 16.5 2.2185
0 3.65 19.35 2.8063
0 5.14 20.23 1.6566
0 4.47 20.91 1.2257
0 5.68 20.87 0.9096
0 5.48 22.61 2.9621
0 3.99 21.28 3.287
0 3.91 19.24 2.4567
0 4.5 19.46 3.0661
0 5.61 20.91 1.7575
0 8.23 22.97 1.6555
0 11.24 27.9 0.3857
1.325 12.22 29.99 2.3665
0.775 9.79 29.08 2.6894
0 6.86 23.46 1.5475
0 6.3 22.31 0.8897
0 7.2 23.65 2.4131
0 7.2 23.29 2.9606
0 5.77 22.61 2.7063
0 4.67 21.67 1.8606
0 6.61 22.37 1.347
0 8.19 24.19 0.8448
0.275 9.69 25.88 1.9006
0.15 9.74 24.68 2.5216
6.6 10.86 24.15 3.2403
3.95 8.72 23.27 2.1911
0 8.59 22.76 1.9987
0 7.97 20.09 2.2527
0.875 7.97 18.76 0.4528
7.425 4.9 17.81 2.1363
6.475 1.46 16.04 3.5936
5.375 1.01 8.01 2.3799
2.375 2.36 10.01 2.6984
0 4.11 16.55 2.5472
0 6.18 18.71 3.391
0 5.34 17.99 3.0715
0 3.74 16.83 3.2971
0.775 4.64 17.75 2.2817
0.95 6.01 16.13 3.588
0.275 3.75 16.94 2.4483
0 4.53 17.6 2.4361
0 5.25 17.59 2.4093
0 7.41 19.1 3.0023
0 7.82 21.81 1.7681
0 9.86 25.78 2.6501
0 6.34 25.09 3.1559
0 4.15 20.24 3.1836
0 5.06 18.21 1.32
0 7.38 21.57 0.7296
0 9.54 25.35 1.5007
0 10.56 27.94 2.7537
0 9.24 26.18 1.6577
0 10.96 26.55 0.8895
0 11.82 30.75 0.5867
0.15 13.61 32.14 2.9513
0.075 12.96 31.75 2.903
0 12.09 27.08 2.2625
0 12.88 29.69 1.7383
0 11.27 28.15 2.8923
0 10.54 28.07 2.5666
0 9.8 27.14 2.8289
0 9.02 26.47 2.6078
0 7.71 25.15 2.8168
0 7.2 24.08 2.5796
0 7.61 24.17 2.5556
0 7.77 24.34 1.9349
0 9.07 25.81 1.8912
0 10.83 26.63 2.3347
0 10.56 26.62 1.4779
0 11 28.27 0.8175
0 11.54 28.8 1.5175
0 12.66 31.18 1.9985
0 13.85 31.49 1.795
0 14.84 32.39 2.0279
0 14.84 32.59 1.7302
0 14.91 33.86 2.4483
0 13.43 32.32 2.5599
0 12.64 30.45 2.3131
0 14.91 30.96 2.0852
0 13.29 30.25 2.1729
0 12.28 29.77 2.2882
0 12.97 30.77 1.9749
0 13.6 31.82 1.7074
0 14.79 31.65 2.0034
0 14.04 31.05 2.8089
0 14.68 30.35 2.5116
0 13.99 30.29 2.5635
0 13.46 29.44 2.4727
0 12.32 28.87 3.1368
0 10.14 26.61 2.728
0 10.66 26.29 2.3404
0 11.08 26.78 2.5151
0 7.72 25.03 3.2261
0 4.25 16.61 1.9092
0 6.75 18.65 1.3412
0 9.31 23.88 0.3193
0 11.17 27.12 1.1459
0 12.2 29.38 3.0011
0 11.83 30.06 2.8358
0 11.18 28.87 3.0529
0 9.6 27.09 3.0985
0 7.04 25.17 1.3984
0 8 24.89 0.3991
0 9.71 26.52 0.7411
0 10.96 28.68 0.9423
0 12.66 30.84 1.301
0 13.25 31.79 2.1136
0 13.52 30.96 2.2812
2.6 13.36 32.16 2.2715
2.975 9.97 26.98 3.1703
0.825 8.92 23.32 1.65
0 9.11 25 1.5652
0 8.97 26.66 0.5702
0 9.72 27.88 1.5058
0 11.35 27.42 1.2236
0 11.69 27.76 1.393
0 11.83 29.95 2.8708
0 12.02 28.85 1.9597
0 11.6 28.05 1.0146
0 12.2 28.54 0.2361
0 12.78 29.3 1.4897
0 11.97 29.19 2.1492
0 9.85 27.84 2.1441
0 7.94 25.19 2.0495
0 7.87 22.92 1.4778
0 7.93 22.71 0.409
0 9.14 24.53 0.9321
0 10.78 26.82 0.3689
0 11.59 28.5 0.9727
0.325 13.22 31.12 1.5716
0.775 10.64 27.25 2.3523
0.425 6.76 21.3 2.8362
0.025 5.84 17.04 1.4979
0 7.18 22.87 1.3029
0 9.78 25.58 0.3834
0 10.63 26.77 1.0704
0 11.26 29.23 2.2195
0 9.51 27.41 0.8802
0 11.08 26.61 2.4903
0 11.04 29.44 2.4068
0 10.86 29.5 1.5079
0 10.26 28.59 0.8375
0 10.31 28.12 0.7961
0 11.82 30.04 1.1771
0 11.09 31.15 0.4562
0 11.06 31.16 2.1383
0 10.22 26 2.5388
0 -0.59 13.47 2.3124
0 0.58 16.43 2.4567
0 3.84 19.61 0.7615
2.35 4.59 20.03 3.0783
1.925 -2.13 15.5 3.449
0.3 -3.59 4.86 0.3035
0 -2.95 12.14 3.0518
0 0.35 14.94 1.5735
0 1.27 16.17 1.3111
0 2.5 18.59 0.7488
0 3.36 18.99 0.6313
0 0.95 19.02 1.9589
7.675 3.28 17.74 2.0134
80.8 2.18 11.54 6.6531
46.95 4.07 10.5 4.4935
0.85 5.17 11.98 0.8581
0 5.41 18.95 2.126
0 4.22 19.96 1.0382
0 7.78 23.27 1.8269
2.425 6.05 17.9 2.3167
1.45 -1.19 10.09 1.9325
0 -0.67 12.15 1.0363
0 1.97 15.75 0.5887
0 2.5 16.96 1.0164
0 4.69 18.63 1.1262
0 4 16.2 1.7895
0 3.85 17.86 1.106
0 2.43 18.21 4.3863
0 -2.08 7.84 4.936
0 -3.76 6.76 0.7753
0 -3.24 8.92 0.0645
0 0.53 15.17 0.83
0 3.03 17.61 0.8038
0 5.08 18.85 1.2491
0 4.68 20.54 1.1591
0 4.72 20.67 1.7811
0 2.98 18.57 2.3646
0 -0.23 13.64 0.7589
0 -0.27 12.97 1.4983
0 -1.7 10.03 1.8468
0 -1.15 11.62 1.1977
0 0.53 11.76 0.697
5.9 2.33 12.23 0.3809
5.875 -0.84 11.89 1.9254
1.375 -4.44 2.75 1.1832
0 -4.15 5.48 1.0412
0 -3.47 6.62 2.8884
0 -2.01 9.85 2.1385
0.125 -0.35 12.51 1.6516
0.05 -0.66 12.67 1.5887
0.35 -2.82 8 2.3892
6.25 -2.91 12.15 3.9177
3.55 -2.92 8.57 1.0407
0 -2.48 5.33 0.5767
0 -2.95 7.79 2.3339
0 -1.16 9.48 3.7312
0 -0.03 11.13 4.096
0.5 -0.31 12.11 2.6485
1.725 0.31 12.81 1.0847
0.85 -4.13 7.53 5.1828
0 -1.65 5.32 5.0632
0 -1.41 7.22 3.9388
0 -1.38 10.97 1.7663
0 -2.82 10.28 2.3507
0 -4.4 13.41 2.2111
0 -3.08 8.62 2.1147
0.025 -3.79 9.38 0.9065
16.45 -6.3 4.41 2.3599
18.925 -6.39 -0.46 0.8581
5.4 -13.99 -3.85 0.8101
0 -12.73 -3.95 1.9087
9.675 -10.07 -0.13 3.1043
43.475 -3.43 2.88 2.7435
81.625 -0.87 3.56 3.6983
42.25 -3.22 3.05 4.3536
4.05 -4.32 -0.7 0.8549
0 -4.84 1.08 3.1052
0 -2.09 4.64 2.5224
0 -1.07 5.9 2.2152
0 -0.71 8.5 2.7694
0 -0.75 8.2 4.0946
0.675 -0.76 7.64 2.8572
16.5 -0.89 8.62 1.8801
11.325 -4.8 5.21 3.62
0.05 -8.43 0.81 2.567
0 -3.66 6.5 3.95
0 -4.07 6.05 3.8959
8 -4 6.28 4.0618
4.9 -3.35 4.07 2.0381
3.1 -4.68 1.79 3.1664
11.925 -4.66 3.06 0.8373
6.125 -3.25 2.21 1.5397
0.025 -3.96 1.32 2.5948
0 -3.21 5.23 2.1624
0 -2.33 5.02 1.1458
0 -2.32 7.11 3.9155
0 -4.18 10.02 2.8565
0 -1.34 9.62 2.5387
0 -1.71 8.58 3.003
0 -0.4 9.71 2.7794
0.3 0.6 10.72 3.0628
1.475 0.72 10.26 2.3086
0.775 0.56 7.34 2.4626
2.075 0.56 7.77 3.133
25.6 0.52 10.92 4.4827
14.7 -2.26 4.95 2.0669
0.075 -5.49 3.88 1.4793
0 -2.33 7.11 3.354
0.775 -2.1 9.55 2.0769
13.1 -1.81 8.23 2.6597
40.925 -2.46 4.62 4.7651
36.2 -2.86 1.58 5.6349
41.575 -4.25 -0.7 6.5478
38.15 -5.83 -1.59 3.9912
20.4 -5.82 -1.86 3.8821
5.425 -6.96 -1.97 1.0347
0.85 -8.51 0.98 2.2856
1.55 -6.27 0.59 3.9868
0.6 -2.59 2.1 2.9033
0 -4.03 4.84 1.4071
0 -5.79 7.08 2.9022
2.025 -3.54 5.83 3.1859
1.275 -3.29 6.73 1.464
0.025 -6.46 4.9 1.0644
0 -9.55 5.37 1.7453
0 -3.54 6.24 1.9986
0 -3.12 6.82 0.6512
8.325 -2.85 7.21 2.8322
13.85 -1.69 5.04 3.3143
13.825 -1.84 2.99 1.6897
5.025 -3.64 0.42 2.3812
1.05 -5.52 0.75 1.4807
1.525 -3.97 1.96 2.2148
0.525 -6.01 1.2 0.4912
0 -5.23 3.6 1.1733
0 -2.82 5.85 1.2843
0 -2.63 8.83 1.3504
0 -1.21 10.95 1.5223
0 -1.7 12.63 0.9363
0 -0.39 12 1.7131
0 -0.03 12.3 2.4734
0 -1.1 13.92 1.0322
1.475 -2.29 12.04 1.2036
5.575 -1.08 6.97 2.173
13.55 -2.97 3.93 2.8601
6.425 -8.25 -0.22 2.399
31.975 -6.99 6.48 3.7895
25.2 -2.92 4.24 2.7912
3.625 -5.28 3.88 0.7649
27.65 -2.87 8.7 4.6087
18.25 -1.39 6.27 1.3313
1.05 -3.58 1.39 0.4876
0.5 -2.43 9.05 2.4033
11.825 -0.36 10.56 2.6716
22.225 -2.49 2.71 3.3213
9.125 -5.82 0.92 2.9613
0.05 -7.46 0.29 1.3364
0.025 -3.85 5.43 2.5868
0.525 -5.05 7.74 0.8167
3.775 -1.72 7.39 2.4614
5.275 -10.23 0.41 3.7036
1.9 -6.89 3.09 1.992
0 -7.18 0.97 0.5074
26.8 -4.1 7.79 2.2804
15.975 -5.94 7.09 2.3831
0 -5.85 5.98 2.7449
0 -4.25 10.5 3.8752
0 -1.16 15.37 1.4096
0 0.84 15.99 0.7433
0 0.64 16.38 2.9542
0 -6.35 14.24 2.2203
0 0.62 17.55 2.0356
0 -0.3 16.02 0.5594
0 -1.03 13.61 1.3347
0 -1.64 13.67 2.1867
1.075 -1.26 15.08 2.1646
4.225 -1.69 14.75 2.4416
2.125 -5.74 6.75 2.248
0 -2.98 10.55 2.872
0 -1.96 14.32 1.3027
5.675 -0.43 14.85 2.7366
22.075 -0.04 14.75 5.5645
11.85 -4.85 2.79 2.9751
1.375 -7.89 3.04 0.726
10.675 -5.69 3.43 2.3399
6.075 -3.7 2.59 1.917
30.225 -4.63 3.16 2.76
18.025 -5.69 1.93 3.2154
0 -7.59 2.31 0.6197
0 -3.96 8.1 2.3122
0 -1.69 13.25 0.3463
0 -0.85 15.08 1.6044
0.6 0.05 15.1 1.9341
20.925 -2.64 8.47 3.9528
18.525 -3.67 3.03 4.5723
3.675 -4.83 0.95 1.0847
0 -3.58 7.96 0.6428
0 -2.52 9.46 0.8181
0 -0.88 14.42 2.323
0 -1.31 13.72 1.3068
0 -0.94 15.99 1.1629
3.475 0.93 18.38 1.6206
20.725 2.66 15.34 2.7092
13.2 -4.7 4.4 3.0085
1.25 -3.25 -0.29 1.6975
0 -2.42 2.89 1.2137
0 -0.98 13.87 0.7192
0 1.39 16.31 1.2811
0 3.46 19.96 0.7473
13.85 3.82 19.91 4.3997
16.05 -2.23 8.05 5.0152
4.825 -6.64 1.53 3.7555
0.1 -5.98 4.21 3.2554
0 -2.23 10.31 1.7929
0 -1.11 14.08 1.8356
0 0.57 18.17 1.0341
0 2.64 19.58 1.9913
0 2.32 18.73 3.5298
0 -0.37 13.8 2.2243
0 -1.48 14.41 0.8071
0.05 0.43 16.63 2.7736
3.025 0.36 15.46 3.6453
21.05 -2.86 5.67 3.3559
11.525 -7.18 4.39 4.0813
0.025 -4.41 7.26 2.1081
0.2 0.68 13.76 1.1228
0.1 1.88 17.03 0.7098
0 2.47 18.56 0.5892
1 5.89 20.61 1.3181
8.3 6.89 19.8 2.1027
4.6 1.47 10.43 2.0374
0.5 2.72 13.42 1.6197
0.3 4.83 15.98 3.3438
0.8 0.4 17.03 4.2929
0.55 -4.24 10.05 3.6051
0.275 -3.79 5.17 4.0811
1.25 -1.51 9.2 2.3114
8.25 -1.84 8.77 1.5713
16.35 1.53 11.57 3.1361
17.925 -0.75 7.57 2.442
6.425 -2.84 6.73 3.4964
0 -1.79 9.24 1.6641
0 1.7 17.24 0.5812
0 5.6 20.71 2.5277
0 8.33 20.03 2.9815
0 5.35 18.85 2.4722
0 6.81 20.09 2.6244
0 7.91 21.54 2.7277
0 8.9 21.27 1.9674
0 10.11 25.96 2.8875
0 9.22 26.11 3.0499
0 8.32 23.83 2.3783
0 7.28 23.31 3.8468
0 2.84 19.58 4.5568
0 2.93 15.94 5.1477
0 7.87 17.72 3.953
0 7.43 21.83 1.0283
0 8.14 23.78 1.7366
0 8.23 25.44 2.9087
0 4.74 23.75 3.1203
0 3.99 19.2 1.0146
0 4.91 21.69 2.2964
0 4.6 20.94 3.2694
0 3.49 18.3 2.5609
0 4.99 20.67 1.6063
0 6.15 20.3 0.8867
0 8.43 24.01 1.7284
0.175 8.95 25.13 2.194
0.1 10.46 22.03 2.708
0 8.09 22.36 2.397
0 10.54 25.13 0.8914
0 12.5 28.94 1.4989
0 12.41 31.39 3.1969
0 10.18 27.45 2.9517
0 7.84 25.56 2.6719
0 7.64 24.41 2.7846
0 8.87 23.72 2.0742
0 7.94 23.64 1.0606
0 9.68 26.02 1.8308
0 10.48 28.19 2.3322
0 10.68 26.49 2.3086
0 10.68 26.49 2.2303
0 11.99 27.7 2.0914
0 11.75 28.19 1.841
0 12.34 29.61 2.4148
0 13.39 29.13 3.2731
0 13.4 28.34 3.3812
0 11.36 25.99 1.7059
0 12.02 27.33 1.2423
0 14.6 30.18 2.644
0 14.14 31.55 2.7915
0 13.63 31.67 2.597
0 12.22 32.24 1.9655
0 12.24 30.5 1.9797
0 11.72 28.7 2.6243
0 11.18 27.29 0.9975
0 11.76 27.93 2.2555
0 12.2 29.04 2.0616
0 13.52 30.35 2.5597
0 13.46 29.66 2.8094
0 11.94 27.48 2.0055
0 9.95 26.34 2.4746
0 10.98 27.74 2.1171
0 10.28 27.61 2.4381
0 10.52 27.37 2.4232
0 9.57 26.92 2.0512
0 9.71 26.95 2.4559
0 9.53 27.54 1.5874
0 9.89 27.93 1.9775
0 10.05 27.57 2.0589
0 9.21 26.92 2.1738
0 9.6 26.89 2.5575
0.175 9.95 25.97 2.9745
0.1 8.96 24.2 2.153
0 8.84 24.73 2.0574
0 8.89 25.14 2.3789
0 7.89 22.63 1.0165
0 9.02 24.87 1.3033
0 9.93 25.97 2.2536
0 10.19 26.37 2.8166
0 10.13 26.92 1.0994
0 10.67 29.04 1.6669
0 11.03 29.61 1.7993
0 8.94 28.1 1.9218
0 9.78 27.74 2.2507
0 10.15 28.59 2.0312
0 8.37 24.03 1.6985
0 8.35 24.11 2.6064
0 9.23 29.11 2.1837
0 14.84 32.7 0.6498
0 15.15 34.67 2.4471
0 12.12 31.27 2.4523
0 7.68 27.38 2.977
0 5.44 14.8 2.1961
0 4.15 15.81 2.4195
0 4.77 18.75 1.2506
0 7.42 22.55 0.7427
0 10.2 26.95 0.5365
0 10.74 29.47 1.2379
0 10.71 29.92 1.3207
0 9.75 29.04 1.9124
0 9.26 27.03 1.3886
0 9.31 27.28 2.5117
0.075 6.9 25.49 2.971
0.05 2.41 10.16 1.9975
0 2.24 17.34 0.7151
0 3.89 21.32 0.7275
0 7.33 24.51 1.0909
0 7.76 25.39 1.7919
0 6.82 22.91 1.4685
0 6.75 23.17 0.8723
0 7.19 23.59 1.5628
0 7.27 24.35 1.6205
0 7.31 23.32 1.5639
0 6.92 23.18 1.5075
0 4.76 19.22 1.1298
0 4.73 21.47 1.0039
0 5.07 19.45 2.7381
0 4.09 16.96 0.9438
0 4.3 20.94 0.5258
0 8.89 25.35 0.9188
0 10.88 29.35 0.3878
0 10.73 29.67 1.1737
0 12.9 30.58 0.5174
0 12.95 31.63 0.5501
0 12.11 31.08 0.2973
0 11.75 27.91 0.4712
8.2 11.08 24.79 1.3694
33.175 9.2 24.95 1.7482
18.875 6.53 15.27 1.4162
1.175 4.53 9.35 1.171
1.65 1.99 10.65 0.7757
2.25 1.77 11.93 2.2445
0.525 1.04 10.77 0.7522
0 3.57 15.48 1.8311
0 5.69 17.25 1.6485
0 6.95 20.92 1.5196
0 8.08 22.11 2.4292
0 8.39 24.15 1.6551
0 8.6 23.29 0.76
0 7.96 23.12 0.7065
0 7.86 23.23 1.2578
3.8 8.64 18.77 0.9357
2.35 3.3 15 1.1393
0 4.53 14 1.7787
0 4.14 20.72 1.0348
0 5.46 17.49 1.9364
5.725 2.99 15.13 1.6693
30.2 4.06 13.97 1.6909
86.975 4.6 7.21 4.9679
48.8 -0.33 7.93 3.6604
0.25 -0.47 9.51 1.4982
0 -3.07 10.38 3.0506
0 -3.75 9.95 3.3888
3.65 3.08 14.37 2.0697
3.025 1.3 14.97 1.8987
0.5 -0.23 6.02 0.8207
0 0.91 12.74 1.8241
0 1.88 15.06 3.1773
0 4.88 18.77 2.9871
0 7.01 20.11 1.9808
0 6.5 20.24 1.1732
1.025 5.06 18.23 2.2461
26.125 2.94 14.83 3.2682
16.95 -2.74 5.08 2.6166
3.65 -4.5 4.58 0.7266
2.4 -2.29 6.17 1.6082
0 -4.09 4.3 2.4394
0 -0.37 8.64 1.4802
0 -2.83 10.25 3.0823
0 1.17 12.05 1.5571
0 2.38 14.49 2.5567
0 1.51 14.54 1.0793
0 0.83 13.09 2.1978
0 0.14 13.93 2.1979
24.9 0.61 12.49 2.8001
38.4 -4.4 5.84 3.3098
33.75 -5.95 -0.87 5.2276
20.35 -5.5 -0.17 3.3558
19.625 -4.92 0.24 4.3632
8.75 -9.82 -2.34 1.1604
0 -10.52 -0.58 3.445
2.775 -10.16 -2.41 3.3401
16.75 -5.82 3.97 2.9055
13.625 -10.3 -0.91 2.5706
0 -12 -1.93 2.3846
0 -7.87 -0.2 3.0361
0 -3.94 3.96 2.2427
0.025 -1 8.32 2.5567
0.025 0.17 5.24 1.5876
2.95 0.01 6.99 1.9999
26.95 -0.44 3.82 2.161
14.75 -1.1 7.41 3.3061
0 -2.38 5.38 2.2845
10.1 -0.59 9.25 1.997
11.05 0.47 6.91 1.0964
2.925 0.81 4.91 1.4932
0.2 -0.69 7.42 0.4524
0 -0.61 10.11 2.2375
0 0.75 8.79 1.3843
32.275 0.34 9.61 2.0006
20.7 -2.99 3.95 1.5543
5.875 -5.49 2.04 2.6547
82.75 -5.89 2.18 3.4338
123.53 -2.01 2.61 5.1528
89.875 -1.15 4.14 5.9698
36.95 -3.44 6.4 2.4462
12.85 -3.83 -2.31 2.417
7.675 -3.12 0.62 2.2976
3.525 -3.64 1.29 0.4918
0 -4.07 3.42 2.9196
23.4 -3.68 6.24 5.2863
14.425 -4.48 5.31 2.1417
0 -5.44 -0.2 0.9803
72.05 -4.92 2.64 2.3673
47.8 -2.92 2.3 4.5396
2.725 -12.46 0.41 2.4267
5.275 -12.9 -3.8 1.4958
28.05 -12.4 -2.89 4.0691
23.775 -6.2 -0.7 4.6479
6.375 -5.56 -0.7 2.5323
0 -7.75 0.24 3.1729
0 -6.94 2.21 3.8198
0 -4.12 4.24 5.2569
0 -3.66 5.91 3.8061
0 -5.01 5.29 1.9656
0 -5.04 4.91 1.1281
0 -7.96 1.99 3.2651
6.675 -7.35 3.51 3.2864
4.35 -2.54 3.73 1.9316
1.025 -1.64 7.1 1.665
0.6 -2.66 4.73 1.2954
0 -0.98 11.94 2.5544
0 -0.15 10.49 0.7758
0 0.43 10.39 0.6242
0 0.37 11.94 2.2936
0 -1.74 11.31 1.3199
0 -1.98 9.93 4.23
0 -1.94 10.34 3.7452
0 -1.39 11.48 2.9298
0 -0.89 12.52 3.9067
0 -0.89 11.76 2.0479
0 -0.4 11.72 2.2217
0 -0.76 11.92 4.9579
0 -0.73 12.41 3.3614
0 -0.79 12.74 1.8334
11.1 -2.16 11.99 0.6203
11.175 -3.21 9.25 1.7928
2.95 -5.11 1.07 1.4949
0 -5.31 4.24 1.9731
0 -4.52 5.92 2.9997
0 -5.37 7.05 2.0791
0 -4.75 7.59 2.7476
0 0.04 12.88 1.6441
0 -2.64 12.72 1.9121
0 0.42 14.59 0.5433
0 -3.53 12.84 2.249
0 -6.24 6.84 3.6122
0 -6.52 6.57 3.7267
0 -5.83 8.18 3.7861
0 -2.73 11.29 2.6795
0 -2.36 13.55 1.2777
0.175 -2.28 13.82 3.6047
18.875 -2.38 6.34 4.4872
23.175 -3.76 7.77 6.0208
34.375 -6.41 -2.19 4.6646
56.675 -6.13 -3.13 2.9059
26.475 -6.01 0.45 3.6997
1.15 -10.58 -0.36 0.728
0 -10.47 0.91 1.2384
0 -10.74 0.8 0.4072
0 -9.09 4.47 0.4757
14.225 -6.26 4.08 2.4704
23.075 -4.96 1.21 5.5872
9.75 -11.09 -2.41 0.8196
6.1 -12.06 -3.8 0.5017
0.275 -11.85 2.31 2.2264
10.575 -8.95 5.9 1.7264
20.6 -3.52 8.01 3.651
10.15 -2.19 4.43 1.5582
0.475 -5.07 4.49 1.4589
9.1 -3.52 8.96 0.5262
33.225 -2.73 9.81 1.707
19.15 -2.06 2.54 4.2378
0.35 -4.94 2.52 0.6646
0 -2.1 8.97 1.5194
0 -0.83 12.65 1.1288
0.025 -1.39 11.11 1.0627
0 -1.85 8.43 0.5331
4.8 -1.77 10.04 1.0859
3.3 -0.46 7.44 1.2067
36.8 0.06 10.61 1.3813
26.45 1.11 12.45 2.7125
1.925 -5.09 3.99 0.9835
26.7 -5.59 7.14 3.5345
42 -5.45 2.76 4.8481
57.3 -5.15 -0.79 5.7936
35.775 -5.45 -1.78 2.5097
12.55 -5.64 0.42 1.1491
20.175 -3.61 4.53 4.8375
39.525 -4.66 -0.13 5.5281
24.575 -7.59 -2.25 4.0996
19.2 -7.2 1.33 3.0735
10.975 -3.2 -0.73 1.607
0.75 -3.15 3.25 0.6016
0 -3.23 8.82 1.1255
0 -0.91 11.39 1.8869
0 2.01 14.02 2.3344
0 2.27 19.94 1.8042
0 2.38 20.49 0.8822
0 -1.03 13.37 1.5399
0 -1.25 13.05 1.9378
0 -1 17.3 1.2525
2.175 -0.1 16.19 1.4068
11.175 -4.14 14.54 3.4798
7.35 -9.85 -0.18 1.4833
0.8 -9.36 -0.65 1.3071
0 -8.38 4.93 0.4493
0 -5.53 9.91 1.498
0 -2.86 11.02 1.2701
1.25 -2.44 11.96 2.7463
0.825 -5.86 2.68 0.5351
0 -5.46 11.07 0.7489
0 0 14.51 1.2548
0 1.63 18.02 2.1466
0.025 3.34 17.66 2.7703
0.1 3.47 15.42 1.5635
0.525 0.64 14.05 1.9863
8.125 1.56 9.55 2.1304
2.1 -1.67 10.87 0.8584
1.6 -1.56 10.23 1.0924
1.65 0.52 7.7 2.3054
1.1 -0.89 7.54 2.3859
0.15 -3.68 10.19 2.4351
0 -1.25 13.05 0.8022
0 0.27 15.69 2.2882
0 -3.01 13.98 4.3773
0 -3.4 12.64 3.4695
0 -1.56 13.98 1.9099
0 1.01 17.09 0.521
0 1.99 18.53 0.8145
0 4.75 20.4 3.032
0 7.05 23.21 0.8165
0 6.09 23.99 1.4258
0 5.13 22.65 1.9801
0.025 2.97 18.28 2.8944
1.8 -1.61 8.55 3.0828
1.375 -2.85 5.31 2.5524
0 0.78 13.71 1.6991
0 3.03 17.7 1.0858
0 3.58 19.99 0.5593
19.675 4.46 21.51 2.9438
22.05 -4.29 11.48 2.8925
13.95 -4.73 2.45 1.1894
41.4 -3.64 5.76 3.5017
22.875 -2.8 1.5 2.2396
1 -3.07 6.85 3.156
0 -2.57 12.91 1.619
0 1.56 17.45 1.9767
0 2.08 17.41 2.9284
0 0.91 16.24 4.3468
0 -0.04 13.14 2.3509
0.425 2.13 16.37 2.8497
0.275 -0.1 13.48 2.4193
0 0.69 13.64 3.314
4.975 0.29 13.65 4.1663
4.175 -2.65 10.65 4.6856
0.7 -2.4 7.76 2.8969
2.175 1.84 12.55 2.7219
2.4 1.88 12.64 2.9146
1.1 -2.68 7.9 1.6734
0.05 -1.13 11.14 0.7411
6.1 0.23 12.25 2.9702
15.375 4.12 6.66 1.28
7.7 -0.1 12.75 3.5943
0.4 0.48 7.77 1.9057
0 2.59 14.44 2.9409
0 4.67 18.84 1.5279
0 5.73 21.56 2.3308
0 5.7 21.53 3.0215
0 4.56 18.82 2.6751
0 4.99 19.95 2.7086
0 6.65 22.3 1.7317
0 8.88 25.64 1.8469
0 8.96 24.05 2.3184
0 4.71 22.32 1.1938
0 7.69 22.57 2.8904
0 7.04 23.57 2.1012
0 7.89 23.91 0.3669
0 9.65 26.05 0.5459
0 11.57 29.58 2.5118
0 11.21 28.87 2.7678
0 9.4 26.91 2.5435
0 7.36 24.83 2.6206
0 7.42 23.39 2.2731
0 8.84 24.43 2.2261
29.6 8.95 24.92 2.6116
18.475 5.04 20.78 2.4717
1.175 3.06 12.64 2.2518
0 7.35 19.4 0.9383
0 8.1 25.18 0.7899
0 10.97 27.96 0.6764
0 12 28.18 1.5563
0 12.09 28.28 1.7722
0 13.46 27.89 2.5084
0 13.48 28.28 2.9082
0 11.99 26.39 2.1489
0 11.46 27.24 2.4617
0 9.63 26.76 2.1704
0 8.49 25.93 2.4189
0 8.28 23.51 2.5621
0 7.48 23 3.1894
0 7.31 20.1 2.7005
0 7.8 19.86 3.2632
0 5.94 19.82 3.2469
0 6.82 20.66 2.0699
0 6.97 22.32 1.3718
0 8.22 24.19 1.9311
0 8.28 24.37 1.246
0 9.22 24.91 2.2643
0 9.62 26.18 2.7921
0 10.15 26.16 1.8674
0 11.18 26.7 2.0564
0 9.53 27.83 2.1941
0 9.39 26.77 1.7735
0 9.46 26.14 1.6583
0 10.95 25.37 1.4331
0 11.32 28.98 2.2887
0 12.97 29.04 3.1213
0 13.71 28.91 2.1916
0.125 12.61 26.07 1.602
0 11.46 27.67 1.9012
0 11.08 28.75 2.096
0 10.05 28.62 3.1346
0 8.58 24.73 2.3323
0 9.56 24.95 3.1282
0 9.4 25.02 2.5234
0 9.86 26.28 1.8417
0 9.47 26.86 1.9495
0 9.08 26.88 2.1683
0 10.13 26.55 2.6759
0 9.61 27.37 1.6239
0 10.06 27.42 1.4018
0 11.33 28.65 2.0854
0 8.92 26.45 1.4473
0 8.5 25.79 1.0096
0 8.78 26.6 1.6899
0 9.87 27.28 1.5064
0 10.07 28.03 2.5822
0 9.15 25.81 2.1006
0 8.49 25.61 1.6218
0 7.9 24.83 1.1901
0 10 25.97 0.892
0 10.12 28.09 2.0422
0 11.69 28.59 1.2841
0 11.65 27.87 0.8835
0 11.63 29.47 1.0619
0 12.52 29.5 1.4653
0 11.66 30.36 1.6503
0 9.72 29.14 1.8932
0 7.54 27.44 1.7706
0 9.08 25.61 0.7052
0 9.95 25.97 0.9011
0 10.51 27.78 0.8072
0 10.98 27.57 0.8803
0 11.13 28.39 1.8759
0 10.64 27.54 0.539
0 11.43 27.77 0.9038
0 11.7 28.79 0.8533
0.225 11.71 27.09 1.7089
1.275 9.1 26.8 1.035
4.625 9.86 26.64 1.7028
3.625 7 18.16 1.5372
4.4 7.89 22.2 0.6617
2.9 7.54 23.51 1.2785
0 8.47 22.47 2.5073
0 8.35 22.61 1.7616
0 6.2 20.19 1.6345
0 5.09 19.39 0.4361
0 7.73 24.56 0.2162
0 9.58 27.25 0.8966
0 10.45 26.82 0.5173
0.5 11.09 27.38 0.3687
0 11.27 28.61 0.6077
0 11.75 28.78 1.6109
0.875 9.01 24.9 2.3405
0 6.33 17.48 1.7881
0 8.27 21.6 0.4019
0 10.04 25.37 0.5801
0 10.34 25.27 1.0593
0 10.01 25.54 1.4489
0 7.83 24.19 2.4453
0 8.24 20.67 1.9669
0 6.82 19.81 2.0965
35.4 2.66 15.65 2.3271
28.25 1.28 11.24 3.8972
5.9 -2.39 4.83 0.8418
1.25 -2.84 4.4 0.8652
0 -2.75 9.61 1.3808
0 0.25 13.75 1.1982
4.95 2.83 15.98 1.6493
3.275 5.04 11.43 1.7762
0 5.8 17.23 0.9301
0 5.9 20.84 0.5876
0 7.94 22.73 0.4045
0 6.65 22.15 1.097
0 7.13 22.37 1.467
0 7.05 20.16 1.7805
0 7.34 21.23 1.742
0 6.26 21.95 0.8034
0 4.95 18.79 0.5493
0 4.69 19.67 0.5153
0 4.39 18.2 2.4073
0 5.69 20.61 1.8915
0 5.51 21.78 2.0791
0 4.43 18.29 1.3626
0 0.96 13.96 3.3773
0 -0.36 12.98 3.4132
0 0.99 13.62 2.0455
0 2.56 15.75 0.9693
0 3.61 17.02 2.1478
0 3.62 18.45 0.1504
0 2.31 17.68 3.5583
0 2.21 15.04 4.1569
7.675 -0.37 15.85 3.8402
6.65 -5.06 12.58 1.8367
8.325 -7.11 0.41 0.6083
5.05 -5.98 1.33 1.5709
0.025 -6.65 1.09 0.9663
0 -6.73 2.48 2.2321
0 -3.71 6.27 3.1561
0 -2.12 10.07 2.9044
2.85 -0.69 10.98 3.327
2.4 0.26 7.72 0.8635
0 -0.09 7.86 0.2116
0 1.39 9.5 0.577
0 -1.41 9.51 0.5021
0 -0.95 10.37 0.9153
0 -1.19 11.08 1.1637
0.225 -0.17 10.09 3.4827
2.8 -3.81 3.98 2.2714
4.625 -3.78 2.31 3.9923
2.075 -5.98 2.33 1.738
0 -4.42 5 2.4851
0 -2.52 5.83 3.698
0.15 -2.95 10.26 2.35
0.075 -2.56 6.64 0.7631
0 -0.87 9 2.8914
0 1.84 13.9 2.318
0 1.78 13.95 1.0907
0 2.58 12.2 1.7853
0 -2.49 14.47 3.5996
0 -3.73 9.81 8.4638
0 -1.62 6.87 3.6889
0 -4.08 9.54 4.2772
0 -5.54 6.26 2.8635
0 -5.58 4.95 3.5018
0 -6.12 5.04 3.0663
0 -4.91 5.24 3.5867
0 -3.81 7.85 3.7136
0 -3.18 8.13 4.3785
0 -3.08 9.89 3.2137
0 -4.25 8.1 1.0219
0 -6.09 6.04 1.6449
0 -6.97 3.35 1.4949
0 -6.9 4.01 1.0024
0.15 -5.66 4.14 0.8219
0.075 -4.45 3.77 5.5412
0 -1.26 9.51 4.7094
0 -4.65 9.44 2.8021
0 -5.01 6.91 4.7686
0 -5.61 5.7 4.5157
0 -5.01 7.13 3.615
0 -4.71 6.63 4.5101
0 -4.99 6.47 3.9794
0 -4.4 9.41 5.0272
0 -3.33 10.08 3.4121
0 -2.09 10.16 1.3676
0 -2.2 10.71 1.0601
0 -0.76 10.25 1.1143
0 1.15 13.46 0.9148
0 0.11 10.74 1.4113
0 -2.62 9.47 2.3997
