1.175 -10.84 2.51 1.552
8.15 -6.21 1.57 1.5968
4.45 -9.49 2.29 1.6441
0.775 -13.09 -1.83 4.3007
2.675 -12.13 -2.85 1.7333
1.325 -6.85 -1.89 0.5937
0 -6.83 1.7 1.3684
0 -4.75 2.85 0.6952
0 -7.54 7.11 4.5569
0 -7.71 6.63 3.207
0 -5.79 5.2 2.2436
0 -3.66 9.43 5.437
0 -2.62 10.26 3.7422
0 -5.5 9.38 3.2228
0 -3.88 9.94 3.788
0 -4.01 11.7 4.8663
0 -5.2 9.33 4.233
0 -5.35 8.4 4.7986
0 -4.21 8.27 4.8744
0.075 -4.37 7.39 3.3905
14.5 -3.53 8.32 2.7201
26.775 -0.84 8.2 2.1457
50.925 -3.58 5.98 1.5938
48.825 -1.89 3.06 2.7313
15.075 -5.68 0.69 3.6279
2.025 -10.91 -4.55 0.7485
0.275 -11.54 -3.2 1.2453
0 -9.7 -0.13 1.4229
0 -7.42 2.27 4.2635
0 -5.52 7.72 4.5092
0 -3.49 8.42 3.0846
0 -3.83 8.4 3.2456
0 -5.84 7.94 3.7616
0 -5.82 9.55 3.7599
0 -2.72 11.34 2.9811
5.425 -1.46 10.37 2.5012
8.875 -4.61 2.24 2.6681
3.375 -5.96 -0.12 2.8758
17.9 -6.15 2.66 1.2918
10.775 -10.18 0.85 3.7867
3.625 -14.08 -4.44 0.5207
9.8 -11.39 -3.28 2.5531
4.9 -8.31 -2.88 1.4239
11.475 -8.68 -2.02 3.074
6.65 -8.63 -3.21 3.2979
2.9 -7.42 -1.53 5.4937
23.4 -6.42 -2.41 5.468
18.7 -6.58 -3.72 4.227
3.35 -9.62 -3.66 1.1057
0 -8.99 -1 3.3637
0 -9.13 2.61 2.48
5.85 -8.3 4.48 3.7704
21.675 -6.11 3.43 3.3615
14.625 -3.63 -0.61 2.4571
4.575 -5.78 1.84 1.6246
2.35 -5.02 7.09 1.5207
0.475 -4.76 1.2 2.7369
0 -6.35 5.55 0.4464
0.025 -5.95 8.44 3.7735
17.225 -2.67 7.96 2.8414
26.825 -1.62 4.93 4.1064
34.825 -3.19 4.15 4.9449
19.75 -6.68 -1 3.1407
3.875 -10.74 -1.97 0.7561
1.575 -9.51 0.85 1.8983
0 -10.3 0.08 0.2741
0 -10.43 4.27 1.51
0 -6.92 7.09 2.6665
0 -10.73 0.8 0.4704
0 -9.78 5.57 0.7706
0 -7.25 6.22 2.3215
0 -6.73 8.91 2.6336
0 -6.01 10.39 1.4037
0 -4.81 7.71 2.4559
0 -2.88 8.56 2.9013
0 -3.22 11.32 1.0666
0 -3.02 12.69 0.9557
0 -0.72 14.74 0.8222
0.1 -2.3 15.03 0.6914
24.1 -1.38 14.24 2.0658
21.475 -6.98 5.85 4.2433
2.25 -12 -3.99 2.2015
0 -10.53 0.76 1.8879
0 -7.79 8.17 0.4274
0 -4.27 10.3 2.0282
0 -4.19 13.04 2.0996
0 -3.63 12.33 1.3193
0 -2.47 14.05 3.3262
0 -5.39 10.19 1.9713
0 -4.77 8.97 0.3015
0 -3.44 10.81 2.5436
0 -2.33 13.27 2.5731
0 -4.2 11.74 5.3485
0 -8.12 4.05 1.8782
0 -7.24 8.35 2.9332
0 -5.81 12.14 2.567
14.475 -2.2 14.6 1.367
15.25 -5.84 11.79 3.5255
10.2 -5.42 1.75 1.7952
4.9 -5.33 3.02 2.1702
0.7 -5.69 2.51 3.7416
0 -4.2 6.7 1.5316
0 -3.89 11.77 1.994
0.05 -2.28 10.82 4.4935
0.025 -9.62 4.49 6.3003
0 -8.52 2.45 3.3477
0 -6.07 8.41 1.5557
0 -3.86 13.48 3.0766
0 -1.34 17.08 2.9363
0 2.31 20.16 1.5731
0 3.92 22.44 1.0638
0 5.18 22.99 2.1725
0.125 3.28 21.67 3.0167
2.325 0.63 15.4 3.4281
1.35 -6.79 4.72 3.6319
0 -5.51 8.07 1.8803
0 -3.04 10.55 2.365
0 -3.75 10.82 3.3265
0 -5.56 7.81 1.535
2.05 -2.96 11.23 1.9258
41.775 3.71 14.31 2.113
29 0.12 10.11 2.7462
7.95 1.14 6.23 3.9038
4.025 -1.17 6.65 1.991
0.45 2.37 11.95 3.9089
0 0 14.01 2.4304
0 0.98 17.01 2.7682
0 2.46 17.69 1.5879
0 1.33 18.36 1.0274
0 2.96 19.49 0.7512
0 2.27 19.86 2.9777
0 1.56 19.1 3.2825
0 0.97 16.81 2.273
0 1.58 16.63 3.1484
0 3.18 18.23 1.5546
0 3.58 20.72 1.7456
0 8.08 24.94 0.3544
0.475 9.66 26.64 2.4929
0.275 7.01 26.21 2.9104
0 4.34 20.84 1.7661
0 3.78 19.74 0.8464
0 4.22 20.73 2.4183
0 4.07 20.45 2.9276
0 3.69 19.5 2.7114
0 2.91 19.17 1.7637
0 2.94 19.05 1.2004
0 5.47 20.5 0.7627
0.625 6.7 21.94 1.7389
0.375 6.17 21.38 2.4138
14.55 6.55 20.54 3.3346
8.725 5.95 20.3 2.1352
0.225 5.9 19.42 1.8837
0 5.03 17.41 2.2094
0.225 5.35 16.99 0.6645
6.025 2.27 15.31 2.1892
5.175 -0.08 13.74 3.8094
2.4 -1.35 5.68 2.6033
0.85 -0.38 7.63 2.7799
0.1 0.39 13.55 2.5432
0.075 3.78 16.17 3.3914
0 3.52 15.28 3.0977
0 1.47 13.94 3.2999
0.8 2.16 14.84 2.1233
1.725 3.78 14.1 3.6684
0.725 1.42 13.58 2.5417
0.15 1.88 14.67 2.4051
0.125 2.89 15.26 2.3026
0.025 5.23 16.13 2.8993
0 5.11 18.58 1.6036
0 7.9 23.94 2.6387
0 4.75 22.42 3.2466
0 2.5 17.88 3.1277
0 2.26 15.97 1.1798
0 3.6 18.81 0.7733
0 6.92 22.25 1.3868
0 7.52 24.85 2.7287
0 6.54 22.85 1.6476
0 7.43 23.35 0.8665
0 8.05 27.14 0.4527
0.15 11.13 28.56 2.998
0.075 10.44 28.16 3.0037
0 9.61 26.51 2.2414
0 10.34 26.01 1.5857
0 8.73 24.49 2.9163
0 7.4 25.33 2.5408
0 7.43 24.09 2.8517
0 6.37 24.05 2.7008
0 5.35 21.8 2.9401
0 5.03 21.3 2.6022
0 4.59 21.62 2.54
0 5.2 21.46 1.9043
0 6.78 22.96 1.9613
0 7.66 23.94 2.4079
0 7.73 23.51 1.3661
0 7.9 24.78 0.7245
0 8.63 25.34 1.6014
0 9.74 27.96 2.1201
0 11.13 26.56 1.9045
0 11.37 28.65 2.0886
0 12.23 29.25 1.9016
0 12.36 29.92 2.478
0 11.07 29.6 2.548
0 9.84 27.43 2.2044
0 12.03 27.95 2.061
0 10.41 27.1 2.1683
0 9.98 27.17 2.2442
0 9.94 27.42 1.9586
0 10.11 28.06 1.746
0 11.65 28.37 1.9813
0 10.93 28.3 2.7833
0 11.6 27.23 2.4493
0 11.54 26.66 2.3608
0 10.64 26.67 2.3851
0 9.63 25.86 3.1232
0 7.48 23.84 2.7951
0 7.23 24.15 2.4177
0 9.02 23.98 2.6436
0 6.34 21.98 3.3753
0 2.65 13.74 1.9858
0 3.75 16.13 1.2515
0 6.19 20.73 0.1827
0 7.82 24.09 1.1065
0 9.62 25.28 2.9381
0 9.64 26.62 2.7591
0 8.85 25.67 2.9882
0 7.58 24.31 3.1618
0 5.26 22.46 1.3277
0 4.84 21.96 0.2969
0 6.22 23.56 0.6556
0 7.4 25.49 0.9561
0 8.98 27.84 1.276
0 10.07 28.86 1.906
0 10.98 28.29 2.2818
2.375 10.74 28.86 2.3222
2.675 8.78 23.8 3.3327
0.725 7.12 22.38 1.6647
0 6.55 22.74 1.6575
0 6.09 24.13 0.6591
0 6.38 24.85 1.3969
0 8.95 24.49 1.0468
0 8.98 25.59 1.3521
0 8.73 26.85 3.0607
0 9.83 25.3 2.1655
0 8.38 25 1.1621
0 9 25.48 0.1836
0 10.03 26.09 1.376
0 9.42 25.85 2.0351
0 6.81 24.4 2.1712
0 5.51 22.63 2.0339
0 5.27 20.47 1.3554
0 5.64 20.74 0.4451
0 5.92 21.55 0.9336
0 7.5 23.72 0.3543
0 8.77 25.01 0.9633
0.075 10.11 27.69 1.4722
0.55 7.83 24.24 2.4369
0.3 4.72 19.41 2.8338
0 3.17 15.87 1.4737
0 4.39 20.13 1.1248
0 6.5 22.58 0.3401
0 6.14 24.27 1.1484
0 8.48 26.47 2.3777
0 7.09 25.34 0.9523
0 8.86 22.4 2.7202
0 7.4 25.96 2.5706
0 7.71 26.05 1.6691
0 6.63 25.54 0.8882
0 6.29 25.46 0.7777
0 8.61 26.63 1.1763
0 7.35 27.63 0.3928
0 7.24 27.62 2.2379
0 7.81 23.21 2.6271
0 -2.6 12.28 2.3134
0 -2.44 12.21 2.5505
0 -0.05 16.31 0.8298
2.5 1.48 17.21 3.1536
1.625 -4.48 13.88 3.5824
0.075 -6.16 2.48 0.3265
0 -5.59 9.96 3.2434
0 -3.75 12.21 1.7466
0 -1.32 13.02 1.3619
0 -1.12 15.2 0.835
0 0.49 16.52 0.6075
0 -0.69 16.18 2.0597
8.2 0.23 15.14 2.0085
49.625 0.5 9.48 6.4061
27.35 0.94 6.28 4.5898
0.3 2.55 10.17 0.756
0 2.73 16.04 2.2004
0 2.22 17.78 1.164
0 3.58 20.16 2.0299
2.1 3.68 16.15 2.5166
1.25 -3.77 7.99 2.3834
0 -3.27 10.06 1.0597
0 -1.63 13 0.5975
0 -1.37 14.24 0.8605
0 1.03 16.31 1.0878
0 0.99 13.06 1.8715
0 0.54 14.61 1.1956
0 0.33 15.75 4.1409
0 -4.52 3.79 5.0591
0 -6.86 3.9 0.8117
0 -5.81 6.74 0.0348
0 -2.69 12.12 0.8681
0 -1.67 14.44 0.7947
0 1.2 16.1 1.1761
0 0.85 17.6 1.1484
0 1.13 17.71 1.7629
0 0 16.86 2.3315
0 -2.69 12.03 0.7462
0 -3.37 10.62 1.3817
0 -4.95 8.23 1.8329
0 -4.36 8.31 1.3235
0 -3.3 10.51 0.8018
4.55 -0.3 10.38 0.5859
4.825 -1.91 10.49 2.0206
1.25 -6.28 2.58 1.0874
0 -7.21 3.46 1.0768
0 -7.41 4.24 2.882
0 -5.65 7.19 2.2301
0 -4.31 9.21 1.8019
0 -4.14 11 1.2643
0.425 -6.52 6.18 2.3942
3.95 -5.4 7.52 3.9966
2.2 -4.9 7.31 0.9454
0 -4.71 3.2 0.5629
0 -6.75 6.83 2.4858
0 -6.02 5.33 3.8338
0 -4.96 6.92 4.2034
0.6 -4.95 8.04 2.7494
2.5 -3.58 9.37 1.2782
1.275 -6.08 6.28 5.008
0 -5.66 1.94 5.2342
0 -6.09 3.52 3.8992
0 -5.81 6.43 1.6448
0 -6.84 6.8 2.3723
0 -8.51 8.07 2.2236
0 -7.66 4.11 2.1429
0.05 -6.72 6.15 1.1058
14.75 -9.6 2.48 2.3288
16.025 -8.41 0.3 1.0445
4.35 -17.86 -6.48 0.714
0 -17.66 -6.27 1.8556
5.15 -14.45 -4.97 2.9511
32 -7.3 -1.11 2.711
64.05 -4.29 -0.34 3.6716
31.775 -6.14 0.04 4.6264
2.125 -9.2 -2.29 0.8331
0 -8.66 -2.63 2.9627
0 -6.88 2.31 2.3498
0 -5.33 3.91 2.2389
0 -5.04 3.51 2.7851
0 -5.81 3.24 4.0706
0.9 -5.51 3.57 2.8872
15.15 -4.75 6.24 1.9076
11.1 -7.93 4.03 3.6715
0.2 -12.3 -2.9 2.8448
0 -9.29 0.54 3.8135
0 -9.04 0.99 3.692
7.05 -9 -0.26 3.979
4.225 -8.12 0.89 1.9444
2.85 -9.02 -2.19 3.2263
9.725 -7.62 -0.35 0.7676
5.05 -6.24 -0.63 1.5307
0.125 -6.7 -0.76 2.4412
0 -6.68 2.73 1.9304
0 -6.92 2.92 1.1554
0 -6.89 3.31 3.9573
0 -7.01 4.21 2.8952
0 -5.88 4.12 2.3618
0 -6.08 4.88 2.8824
0 -4.62 5.32 2.8738
0.075 -3.97 6.52 3.1132
1.825 -3.69 7.08 2.2653
1.025 -1.34 4.59 2.4504
1.125 -2.28 4.04 3.0682
22.3 -3.48 6.79 4.3544
13.4 -3.86 3.28 2.0975
0.225 -7.41 1.43 1.492
0 -7.6 1.74 3.3294
0.975 -5.48 5.45 1.846
19.975 -5.75 6.35 2.5206
41.575 -4.89 2.25 4.6145
32.75 -6.62 -1.71 5.4432
37.375 -6.55 -3.04 6.3318
38.725 -8.26 -4.07 4.018
20.825 -7.76 -4.57 4.1769
4.775 -9.47 -4.98 0.9255
1.45 -10.46 -3.75 2.0765
4.625 -9 -2.34 3.6212
2.25 -6.1 -1.02 2.8647
0 -6.88 2.48 1.4002
0 -9.19 3.27 2.8731
1.375 -8.73 0.35 3.1276
0.825 -5.73 3.72 1.5172
0 -9.8 2.35 1.0454
0 -13.92 1.44 1.7059
0 -7.72 3.35 1.9126
0 -6.52 3.3 0.6157
7.625 -5.76 3.76 2.5653
13.375 -4.26 3.79 3.3542
12.6 -4.31 0.75 1.7642
4.4 -6.16 -0.41 2.492
0.9 -7.87 -0.04 1.4595
1.425 -7.44 0.29 2.3764
0.525 -8.15 -0.95 0.4935
0 -7.61 1.72 0.9972
0 -5.03 3.42 1.1001
0 -5.43 6.42 1.4004
0 -5.53 8.11 1.53
0 -5.89 10.26 0.8687
0 -3.59 9.75 1.7275
0 -3.43 10.45 2.4573
0 -3.18 11.09 1.28
2.75 -5.25 10.29 1.3481
6.2 -4.09 5.3 2.3876
14.75 -4.66 3.2 3.057
7.125 -9.44 -2.21 2.4957
24.075 -8.99 1.85 3.6096
21.325 -6.01 2.87 2.9071
2.525 -6.99 1.45 0.6279
24.975 -6.39 6 4.4517
16.675 -4.47 4.93 1.7029
1.125 -6.33 -0.88 0.6769
0.65 -6.34 5.82 2.4612
10.175 -3.4 8.14 2.6985
21.375 -5.03 2.65 3.2592
9.275 -7.79 0.32 3.2279
0.05 -9.29 -1.3 1.284
0.025 -6.7 3.3 2.6913
0.15 -7.47 4.06 0.7805
5.65 -5.97 5.23 2.3936
5.25 -11.8 -0.98 3.9048
1.15 -9.04 -0.45 1.9926
0 -9.93 -0.82 0.5134
27.7 -7.28 5.57 2.2231
16.625 -7.56 5.54 2.5184
0 -9.33 2.14 2.7469
0 -7.88 7.64 3.8586
0 -5.48 12.32 1.5613
0 -3.03 13.67 0.6698
0 -2.16 13.67 3.022
0 -7.93 10.72 2.1529
0 -1.82 14.67 2.1382
0 -3.5 13.64 0.8617
0 -3.28 11.67 1.2215
0 -5.13 11.73 2.4049
1.175 -4.94 12.66 2.2675
3.7 -3.18 12.76 2.5803
1.8 -7.37 4.83 2.5591
0 -6.23 5.19 2.9394
0 -5.23 11.11 1.4895
4.275 -2.83 13.02 2.7671
17.2 -3.03 13.18 5.8878
8.95 -6.74 0.97 3.2693
0.95 -9.32 0.59 0.8439
8.05 -8.12 4.2 2.4133
4.175 -5.29 2.43 2.132
23.875 -7.39 2.36 2.7408
14.325 -8.54 -0.55 3.5378
0.025 -9.56 0.31 0.7401
0 -8.56 5.76 2.2686
0 -5.34 11.42 0.3493
0 -3.32 13.24 1.5554
0.725 -3.26 12.45 1.9374
18.075 -2.66 8.58 3.8144
15.15 -6.62 2.44 4.6762
2.725 -7.04 -0.12 1.0872
0 -6.4 6.1 0.6631
0 -5.39 7.59 0.8574
0 -2.93 12.53 2.5883
0 -4.04 12.49 1.3094
0 -2.94 14.95 1.0802
3.95 -2 16.66 1.8112
16.2 0.13 14.21 2.8855
9.625 -6.46 2.83 2.8998
0.8 -5.21 -1.41 1.5138
0 -3.99 1.78 1.4369
0 -3.14 11.69 0.6459
0 -1.11 14.11 1.3808
0 0.29 16.6 0.7226
9.65 2.15 17.41 4.4622
11.525 -3.47 7.48 5.2763
3.675 -8.36 0.21 4.0221
0.15 -7.74 1.95 3.4115
0 -5.26 7.65 1.8712
0 -3.28 12 2.1014
0 -2.09 15.65 1.124
0 0.3 17.1 1.9529
0 0.35 16.15 3.5384
0 -2.92 12.28 2.1933
0 -3.1 11.21 0.9325
0.05 -1.13 14.04 2.8718
2.725 -2.24 12.87 3.7624
11.85 -5.41 3.47 3.5023
6.3 -8.8 3.44 4.5925
0.075 -6.54 4.29 2.3341
0.175 -2.02 11.08 1.1782
0.1 -0.96 13.86 0.7369
0 1.05 15.83 0.6044
0.925 3.58 17.87 1.4025
3.85 4.5 17.53 2.198
1.975 -2.64 10.46 2.3924
0.275 -0.15 10.95 1.7185
0.15 2.56 14.08 3.381
0.15 -0.74 14.69 4.4086
0.15 -5.7 8.39 3.7343
0.3 -5.74 3.6 4.0869
1.175 -4.27 6.05 2.354
3.575 -4.49 6.53 1.6286
9.95 -0.4 10.09 3.3907
16.05 -2.43 6.64 2.6903
6.675 -4.85 5.17 3.7788
0 -4.32 6.79 1.7705
0 -0.55 14.3 0.5983
0 1.51 17.94 2.6267
0 5.81 17.43 2.9716
0 2.71 16.49 2.6483
0 4.59 18.02 2.8509
0 6.95 19.04 2.9269
0 6.4 19.3 2.0896
0 7.62 22.86 3.0792
0 8.82 23.25 3.1089
0 5.74 21.23 2.2583
0 5.64 20.86 4.0396
0 2.74 18.94 4.6038
0 1.54 13.6 5.2663
0 5.88 13.95 4.1717
0 3.81 18.03 1.1467
0 5.81 20.22 1.6427
0 6.29 22.03 3.1093
0 2.88 20.44 3.1823
0 1.29 15.66 0.8032
0 2.1 19.6 2.25
0 2.31 17.92 3.3108
0 1.17 16.28 2.5167
0 2.31 17.98 1.4278
0 3.24 17.51 0.871
0 5.99 21.16 1.5753
0 6.15 22.03 2.1677
0 7.75 19.21 2.6277
0 5.53 19.54 2.3015
0 8.68 21.93 0.7543
0 10.09 25.82 1.3987
0 10.38 27.36 3.2854
0 7.71 24.89 3.0014
0 5.29 22.62 2.665
0 4.87 21.59 2.718
0 8.28 21.25 1.9045
0 5.29 20.35 1.0188
0 5.95 22.72 1.7849
0 7.5 24.65 2.3135
0 8.04 23.37 2.1436
0 7.74 23.31 2.1076
0 9.72 24.9 2.034
0 8.72 25.02 1.8263
0 9.36 26.84 2.5041
0 10.91 25.5 3.373
0 11.33 25.45 3.5748
0 9.11 23.12 1.8047
0 9.82 24.95 1.1347
0 11.9 27.84 2.5944
0 11.09 26.7 2.8258
0 11.06 27.61 2.6268
0 10.46 28.72 2.0497
0 9.77 28.24 2.0266
0 9.34 26.3 2.7485
0 8.78 24.96 1.0419
0 9.38 24.79 2.2448
0 9.32 26.05 1.9646
0 11.29 27.39 2.4011
0 11.01 26.13 2.7355
0 8.75 24.86 1.9543
0 7.07 24.5 2.4135
0 8.63 24.74 1.9674
0 7.51 25.05 2.358
0 8.03 24.48 2.493
0 7.28 24.26 2.0974
0 7.5 24.27 2.4829
0 6.79 24.77 1.6245
0 7.02 24.92 1.9871
0 7.55 24.69 2.0417
0 6.76 24.13 2.1593
0 7.33 23.97 2.5353
0.525 7.54 23.05 2.9537
0.3 6.5 20.16 2.1656
0 5.89 21.82 2.0804
0 6.54 22.33 2.4446
0 5.16 18.63 1.0237
0 5.52 22.31 1.182
0 7.89 23.45 2.1134
0 7.67 23.63 2.7195
0 8 24.09 1.093
0 7.86 25.76 1.8195
0 8.24 26.7 1.9383
0 6.82 25.34 1.8924
0 6.67 25.12 2.2234
0 7.78 25.76 2.1552
0 7.98 22.61 1.7515
0 5.7 21.25 2.707
0 7.17 25.86 2.2943
0 10.53 29.4 0.7411
0 12.43 30.98 2.5733
0 9.53 28.67 2.6366
0 5.44 24.34 3.129
0 4.87 13 2.1988
0 1.99 13.43 2.3646
0 2.3 16.04 1.0552
0 3.9 19.61 0.6211
0 6.24 23.92 0.5668
0 8.36 26.77 1.1698
0 8.62 26.96 1.441
0 6.64 26.26 1.8966
0 5.72 24.06 1.4054
0 5.99 23.91 2.7059
0 6.59 22.79 3.1358
0 -0.25 9.55 2.0829
0 0.3 17.11 0.7446
0 2.36 19.96 0.8174
0 4.51 21.82 1.0874
0 4.61 22.4 1.8521
0 4.02 20.6 1.4764
0 3.66 20.39 0.6987
0 4.05 20.59 1.3275
0 3.65 21.88 1.6736
0 3.97 21.15 1.5819
0 3.94 21 1.6229
0 2.26 17.02 1.019
0 1.65 18.86 1.0288
0 3.17 17.75 2.7438
0 2.11 14.98 0.8342
0 2.33 18.97 0.4764
0 5.15 22.44 0.9766
0 6.08 26.91 0.4018
0 6.75 26.42 1.1742
0 10.03 27.71 0.4684
0 9.44 28.32 0.527
0 8.53 28.1 0.3027
0.05 8.83 24.82 0.5357
4.65 7.77 21.55 1.4518
32.95 6.67 21.37 1.7863
23.975 4.33 11.69 1.4754
2.025 2.1 6.39 1.1523
3.575 -0.72 7.9 0.8065
2.05 -0.42 7.9 2.2574
0.2 -1.9 8.04 0.794
0 -0.2 12.84 1.7853
0 1.14 15.41 1.6601
0 3.64 19.53 1.4333
0 3.97 19.09 2.5157
0 5.42 21.43 1.7851
0 4.86 20.7 0.8812
0 4.55 19.97 0.8186
0 4.42 20.5 1.385
2.475 5.24 15.97 0.9064
1.375 1.64 11.94 1.2005
0 2.02 10.98 1.9342
0.075 1.41 17.24 1.1349
0 2.14 14.35 2.0277
3.6 -0.05 13.02 1.8289
23.25 1.11 10.62 1.7526
55.95 2.95 5.56 4.8772
21.4 -2.1 7.15 3.8637
0.1 -3.13 7 1.5073
0 -6.12 7 3.0997
0 -6.16 8.24 3.3396
1.675 -0.91 12.11 2.0706
1.25 -1.19 13.06 2.003
0.125 -2.99 5.12 0.8031
0 -2.56 10.05 1.845
0 -1.88 12.89 3.3306
0 0.37 15.28 3.1595
0 3.57 17.44 2.1582
0 4.01 17.48 1.1842
0.6 2.33 16.62 2.3785
22.65 -0.15 13.37 3.1702
12.425 -4.96 4.07 2.781
2.25 -7.06 2.73 0.6474
2.575 -6.03 4.14 1.6054
0 -6.92 1.78 2.5468
0 -5.2 5.72 1.4672
0 -6 7.95 3.1345
0 -3.75 7.83 1.4928
0 -2.12 11.42 2.4479
0 -2.55 11.48 0.8746
0 -3.68 10.42 2.2286
0 -3.13 11.3 2.4549
23.35 -3.06 11.59 3.1072
43.05 -6.2 5.4 3.4423
32.55 -8.26 -2.64 5.4171
13.225 -7.99 -3.61 3.3866
12.25 -7.8 -2.02 4.5576
6.25 -12.47 -3.46 1.0316
0 -13.93 -5.3 3.4067
0 -13.47 -4.98 3.2921
16.05 -9.18 -1.01 3.0099
9.875 -14.65 -1.84 2.8486
0 -15.43 -5.63 2.1933
0 -13.35 -5.43 2.977
0 -9.13 -0.3 2.1785
0.1 -5.7 5.76 2.4994
0 -2.28 4.4 1.6808
1.175 -2.79 4.41 1.7803
17.625 -3.73 4.08 1.9917
8.075 -3.98 5.01 3.2254
0 -4.88 1.42 2.3295
6.725 -3.94 4.86 1.854
10 -2.15 6.33 1.1146
1.2 -0.84 3.83 1.4774
0.075 -2.41 5.9 0.5062
0 -3.42 6.47 2.2171
0 -3.27 5.27 1.489
23.15 -3.51 7.48 2.0591
17.025 -5.2 2.75 1.7177
6.725 -7.34 0.13 2.6363
63.675 -7.3 -0.29 3.4005
97.25 -4.82 -0.93 5.2818
70.35 -3.52 1.95 6.2251
30.575 -6.05 3.19 2.2648
12.35 -6.55 -5.24 2.1254
5.925 -7.1 -2.64 2.2613
3.25 -6.5 -0.83 0.4302
0 -7.02 -0.66 2.8034
19.7 -7.86 2.13 5.157
11.65 -6.72 2.61 2.0801
0 -8.47 -3.94 1.0317
50.225 -7.54 -2 2.3067
34.025 -6.22 -0.83 4.6464
1.975 -15.2 -2.77 2.6814
4.625 -15.23 -6.55 1.3104
18.35 -15.22 -6.25 3.7457
18.625 -7.26 -4.38 4.5563
12.65 -7.94 -4.14 2.5483
0 -10.32 -3.11 3.101
0 -10.3 -3.69 3.7903
0 -7.99 -1.44 5.3774
0 -7.51 -0.54 3.9236
0 -8.77 -1.26 1.8929
0 -8.82 1 1.0056
0 -10.39 -0.68 3.3283
3.25 -10.57 -0.39 3.1867
5.3 -6.02 -0.39 1.6802
0.4 -7.1 2.63 1.6219
0.25 -6.79 2.24 1.3657
0 -6.7 6.33 2.416
0 -4.41 6.01 0.9518
0 -3.76 6.64 0.6185
0 -4.4 6.81 2.1553
0 -4.93 7.1 1.2805
0 -6.47 8.09 4.2636
0 -6.42 6.7 3.6503
0 -6.83 6.78 2.837
0 -5.47 10.13 3.7307
0 -5.07 7.28 2.1134
0 -4.8 7.96 2.1799
0 -4.95 7.06 4.9388
0 -5 8.93 3.2023
0 -4.95 8.94 1.7985
4.7 -5.2 8.74 0.6719
11.15 -5.87 7.37 1.7834
3.975 -7.82 -1.7 1.6331
0 -8.47 1.55 2.1089
0 -9.55 3.6 3.0412
0 -9.07 3.77 2.1183
0 -8.38 5.88 2.8894
0 -4.76 8.96 1.6741
0 -5.04 10.81 1.9173
0 -3.52 11.15 0.5748
0 -6.23 10.75 2.2312
0 -8.88 5.83 3.6499
0 -11.01 3.84 3.7669
0 -9.12 5.43 3.7928
0 -6.88 8.61 2.601
0 -5.52 10.93 1.3922
0.05 -4.98 10.81 3.3569
8.175 -5.43 5.96 4.1447
30.525 -6.07 6.71 6.1727
30.05 -8.54 -4.58 4.4204
45.8 -7.25 -4.47 3.1411
26.3 -7.81 -1.88 4.0883
2.975 -12.35 -3.36 0.7988
0 -12.35 -1.99 1.2227
0 -11.65 -2.28 0.3783
0 -11.05 1.32 0.3091
6.25 -9.6 1.21 2.4723
17.1 -7.24 -0.88 5.8524
10.975 -12.27 -4.46 0.6876
0 -14.15 -6.45 0.4965
0 -13.66 -1.5 2.1537
4.65 -11.97 2.98 1.6971
11.475 -7.86 4.69 3.4614
9.025 -4.58 3.86 1.7716
0.85 -8.21 3.44 1.4255
3.85 -6.22 6.88 0.5666
21.55 -5.26 8.22 1.7481
21.85 -3.85 2.79 4.4263
0.15 -7.1 1.04 0.6713
0 -5.48 7.33 1.5273
0 -4.2 11.54 1.2772
0.175 -3.99 10.45 1.0537
0.1 -4.22 8.5 0.6452
2.025 -4.35 9.98 0.9261
1.325 -2.55 6.32 1.1548
16.9 -1.98 10.25 1.3258
27.4 -1.23 11.35 2.9577
2.25 -6.51 3.54 0.9496
25.25 -6.76 5.48 3.3893
41.675 -7.13 -0.21 4.937
62.8 -6.73 -2.21 6.1689
22.475 -7.95 -2.04 2.6975
7.05 -8.85 0.26 0.9407
14.75 -7.3 1.4 4.5255
40.125 -7.44 -0.82 5.4278
28.7 -10.37 -2.28 4.1994
14.05 -7.86 0.15 2.9897
8.575 -5.91 -1.48 1.6809
0.225 -5.23 4.3 0.5418
0 -5.61 8.13 1.0455
0 -4.83 9.89 2.0362
0 -2.92 12.36 2.2264
0 -0.89 16.49 1.6875
0 -0.38 19.33 1.161
0 -2.96 14.88 1.3551
0.1 -3.72 11.86 2.0018
0 -2.82 13.55 1.3669
1.775 -2.2 14.85 1.3362
7.225 -6.27 12.54 3.5637
6.2 -11.53 -3.05 1.4095
2 -10.42 -3.96 1.4378
0.1 -9.62 1.83 0.5219
0 -7.34 7.69 1.4597
0 -5.13 8.99 1.2728
0.55 -4.67 9.68 2.9194
0.45 -7.53 0.94 0.5684
0 -5.61 9.55 0.7569
0 -2.68 13.73 1.2565
0 -1.15 15.67 2.2759
0 -0.13 15.47 3.0769
0 -0.04 11.94 1.7458
0.375 -1.25 13.68 2.2348
11 -0.16 6.69 2.395
2.35 -3.87 8.36 0.8443
1.6 -3.52 8.55 1.3702
0.9 -1.58 6.21 2.6033
1.05 -2.67 5.34 2.5731
0.125 -5.37 7.98 2.6207
0 -3.22 10.42 0.8095
0 -1.82 13.05 2.4823
0 -5.08 12.02 4.5006
0 -5.32 9.8 3.6314
0 -3.78 10.69 2.0157
0 -1.49 13.59 0.5842
0 0.23 15.91 0.7854
0 1.56 17.61 3.1073
0 5.22 20.15 0.8729
0 4.63 20.89 1.6018
0 3 19.66 2.1143
0.25 0.98 15.96 3.1417
1.45 -3.15 7.25 3.3622
2.375 -4.98 2.73 2.7874
0 -1.75 10.99 1.6857
0 0.64 14.81 1.144
0 1.41 17.39 0.5688
6.05 1.62 18.96 3.053
13.65 -6.55 9.95 3.1128
5.9 -6.46 0.67 1.1252
18.2 -5.11 3.78 3.4909
14.575 -5.77 0.63 2.4494
1.575 -4.64 4.15 3.4928
0.1 -4.22 10.45 1.7387
0 -0.53 15.11 1.9037
0 0.29 14.74 2.7949
0 -1.15 13.91 4.3175
0 -2.2 10.91 2.3751
0.025 -0.79 13.7 2.9282
0.025 -1.16 12.06 2.705
0 -1.29 12.17 3.4592
4.025 -2.25 11.55 4.3407
5.95 -5.02 6.9 4.8627
1.275 -4.36 7.14 2.9785
0.45 -2.29 10.39 2.902
0.65 -0.08 11.1 3.1359
0.925 -4.41 5.77 1.7743
0 -3.22 8.65 0.7275
3.925 -1.47 9.72 2.8055
10.825 1.91 4.52 1.4747
5.7 -1.57 10.99 3.7277
0.2 -1.7 6.79 1.8194
0.075 -0.68 12.9 2.9869
0 2.06 15.82 1.5421
0 3.01 18.65 2.134
0 3.09 18.77 2.9649
0 2.13 16.42 2.6109
0 3.35 17.29 2.7391
0 4.81 20.09 1.5175
0 5.24 22.84 1.8375
0 6.55 22.34 2.3714
0 2.9 19.68 1.06
0 4.26 19.09 2.9618
0 3.01 20.01 2.0764
0 5.13 20.08 0.2371
0 6.85 22.81 0.4031
0 8.1 25.62 2.4872
0 8.61 25.46 2.997
0 7.35 24.28 2.6595
0 3.67 22.14 2.6818
0 3.98 20.94 2.1982
0 5.83 21.92 2.1329
20.15 6.5 22.29 2.8052
12.325 3.15 18.61 2.5747
2.325 1.67 10.72 2.2058
0 4.61 17.73 0.7292
0 5.75 22.71 0.802
0 8.84 25.15 0.744
0 8.43 25.51 1.6602
0 8.75 24.95 1.8225
0 9.8 24.1 2.4583
0 10.77 24.86 2.9292
0 9.87 23.53 2.2499
0 9.29 24.33 2.5176
0 7.21 24.1 2.199
0 6.38 22.93 2.4403
0 5.48 20.8 2.5382
0 5.44 20.46 3.203
0 4.85 18.37 2.6455
0 5.67 17.51 3.1663
0 4.13 17.1 3.2064
0 4.43 18.01 2.0713
0 4.59 19.68 1.5281
0 5.16 21.76 1.9962
0 5.19 21.86 1.1483
0 5.85 22.3 2.277
0 7.29 23.24 2.8387
0 7.67 23.07 1.8346
0 8.62 23.79 2.0897
0 6.88 24.89 2.2438
0 6.65 23.99 1.7688
0 6.83 23.24 1.6795
0 8.16 22.7 1.3535
0 9.33 25.87 2.1686
1.225 9.78 26.24 3.0357
0.95 11.18 25.67 2.1866
1.2 10.77 22.34 1.6514
0 9.29 24.7 1.9559
0 9.55 25.76 2.1154
0 7.18 25.48 3.1275
0 6.17 22 2.2556
0 6.98 22.37 3.1074
0 6.37 22.63 2.496
0 8.05 23.47 1.8224
0 7.07 24.13 1.8989
0 7.01 23.8 2.1519
0 7.48 23.76 2.6649
0 7.31 23.67 1.5062
0 8.06 24.84 1.3961
0 8.56 25.45 2.1325
0 6.8 23.95 1.4985
0 6.36 23.02 0.9225
0 6.34 23.53 1.5512
0 6.86 24.74 1.3335
0 7.78 25.47 2.513
0 7.33 23.04 2.0979
0 6.4 22.49 1.5894
0 5.29 22.24 1.1561
0 5.39 23.42 0.9328
0 6.42 25.37 2.0756
0 9.11 25.38 1.3547
0 8.7 25.05 0.9614
0 8.54 27.03 1.1324
0 9.49 27.03 1.5231
0 9.36 27.52 1.6081
0 7.39 26.22 1.9667
0 5.74 24.83 1.8554
0 6.34 23.21 0.7095
0 6.81 23.17 0.8878
0 7.05 25.15 0.8685
0 8.84 24.46 0.8498
0 8.87 25.3 1.8462
0 8.22 24.42 0.5152
0 8.41 24.7 0.8894
0 9.3 25.84 0.7687
0.25 9 24.43 1.8137
2.65 7.29 24.69 1.144
4.2 7.44 22.15 1.5241
7.875 4.14 16.52 1.3977
6.275 6.13 19.39 0.6187
6.825 5.04 20.78 1.084
0 5.34 19.39 2.4889
0 6 20.42 1.8872
0 3.98 17.92 1.5863
0 3.82 18.59 0.2962
0.45 4.8 21.5 0.245
0.3 7.15 23.78 0.8605
0 7.57 24.04 0.4374
4 8.1 24.59 0.3878
0 8.88 25.2 0.7016
0.05 8.95 25.94 1.6524
6.925 6.03 21.79 2.3665
0.075 4.02 15.13 1.6699
0 4.9 20.47 0.3657
0 8.33 22.79 0.6066
0 7.2 20.8 1.0659
0 6.54 23.35 1.5687
0 5.05 22.67 2.5605
0 5.89 18.97 2.0724
0 4.52 17.55 2.2332
17.2 1.5 14.28 2.4146
28.225 -0.49 9.82 4.012
10.35 -4.49 3.92 0.7398
2.05 -5.2 3.82 0.9209
0 -4.8 7.97 1.3441
0 -2.03 11.7 1.2925
1.925 0.84 13.8 1.708
4 2.44 9.2 1.778
0 1.11 15.76 0.9059
0 1.33 18.12 0.6106
0 5.19 19.93 0.5302
0 3.21 19.98 1.2115
0 3.41 18.91 1.6899
0 4.19 17.63 1.8929
0 4.11 18.1 1.9616
0 2.99 19.28 0.6734
0 2 16.46 0.5448
0 1.96 16.98 0.4047
0 1.47 16.07 2.3613
0 1.4 17.85 1.9445
0 2.3 18.82 2.3188
0 0.94 15.84 1.3586
0 -0.67 12.2 3.6741
0 -3.24 10.78 3.4779
0 -2.91 10.71 2.1729
0 -1.53 13.34 0.8736
0 -0.57 14.79 2.2467
0 -0.52 15.68 0.1264
0 -1.02 15.53 3.4318
0 -0.93 12.61 4.1634
3.25 -3.86 12.78 4.029
8.5 -6.59 11.63 1.905
6.05 -9.02 -1.94 0.4817
6.2 -8.23 -0.73 1.5517
0.1 -8.46 -1.71 1.0132
0 -8.85 0.8 2.3433
0 -7.73 2.91 3.2786
0 -6.02 6.07 2.8977
1.7 -4.32 7.33 3.2004
2.8 -1.82 5.16 0.9777
0 -2.74 5.23 0.208
0 -1.93 7.44 0.4906
0 -4.66 7.82 0.4701
0 -4.32 7.88 0.8774
0 -4.81 8.65 1.2448
0 -4.19 8.16 3.582
1.3 -5.46 1.97 2.2895
3.2 -5.29 0.5 3.8961
2.625 -7.93 -0.46 1.5911
0 -7.65 2.64 2.2607
0 -6.2 3.84 3.5205
0.025 -6.26 9.44 2.3677
0 -6.02 5.21 0.7901
0 -5.29 5.93 2.9619
0 -3.5 10.37 2.3661
0 -2.64 8.08 1.095
0 -0.88 8.96 1.8991
0 -5.27 9.85 3.3388
0 -5.62 6.85 9.0036
0 -5.81 2.54 3.8633
0 -7.05 7.16 4.4603
0 -8.92 3.44 2.7843
0 -8.78 2.42 3.5157
0 -9.46 2.17 3.0378
0 -8.89 1.72 3.6678
0 -8.31 4.25 3.9343
0 -7.75 4.04 4.3891
0 -7.27 4.97 3.243
0 -8.14 4.33 1.1877
0 -9.74 3.4 1.6448
0 -10.06 0.54 1.4698
0 -9.58 1.39 1.043
0 -8.66 1.86 0.8806
0 -8.48 0.93 5.8154
0 -7.22 3.51 4.87
0 -8.82 4.73 2.7177
0 -8.29 4.03 4.778
0 -9.89 1.87 4.665
0 -9.13 2.68 3.5352
0 -9.62 2.95 4.5382
0 -9.72 3.35 3.9373
0 -9.14 3.87 4.9605
0 -8.2 4.5 3.3142
0 -6.35 5.8 1.3815
0 -6.45 6.44 1.0914
0 -5.79 5.87 1.1078
0 -3.38 10.63 0.955
0 -4.12 8.03 1.4101
0 -6.77 6.87 2.3816
