1.125 -14.6 1.93 1.5791
6.975 -7.12 0.17 1.5266
3.775 -9.72 1.26 1.6342
0.8 -12.98 -2.57 4.2881
2.575 -12.99 -3.08 1.7084
1.25 -8.3 -3.55 0.5941
0 -7.64 0.58 1.3776
0 -6.12 1.52 0.6998
0 -8.62 6.21 4.5714
0 -7.94 5.88 3.2531
0 -6.53 4.47 2.2515
0 -4.32 8.35 5.4557
0 -2.62 9.29 3.7734
0 -5.91 8.45 3.2338
0 -4.04 9.31 3.8339
0 -4.66 10.94 4.8948
0 -6.4 8.31 4.2411
0 -6.43 7.15 4.7875
0 -5.01 7.6 4.8683
0.1 -5.15 6.68 3.3902
15.525 -3.66 7.4 2.7322
28.3 -2.62 7.18 2.1469
45.725 -6.56 6.07 1.6025
50.95 -2.41 2.17 2.6909
15.525 -6.29 0.34 3.6231
1.75 -11.62 -5.25 0.7554
0.225 -12.3 -3.95 1.2609
0 -10.47 -0.88 1.4708
0 -7.69 1.48 4.2663
0 -6.37 6.99 4.5176
0 -4.31 7.86 3.0894
0 -4.59 7.65 3.2201
0 -6.22 7.1 3.7798
0 -6.37 8.8 3.7692
0 -2.93 10.3 2.9904
7.425 -2.53 9.57 2.5262
11.55 -5.51 1.71 2.726
4.25 -6.82 -0.93 2.8565
22.925 -6.65 1.75 1.3215
13.8 -10.98 0.16 3.7858
4.65 -14.69 -5.38 0.5152
12.2 -11.56 -4.02 2.5089
5.925 -8.96 -3.49 1.4249
13.375 -9.36 -2.78 3.0475
7.8 -9.32 -3.77 3.2634
3.7 -8.02 -2.68 5.5033
34.525 -7.52 -3.51 5.4982
26.75 -7.33 -4.46 4.2493
4.325 -9.78 -4.8 1.1061
0 -9.72 -1.85 3.3804
0 -9.41 1.69 2.5129
7.35 -9.04 4.14 3.79
26.475 -6.94 2.78 3.3905
17.1 -4.5 -1.32 2.4707
5.675 -6.58 0.34 1.5719
2.95 -5.84 6.09 1.4936
0.5 -5.83 0.56 2.6307
0 -6.85 5.01 0.4174
0.025 -6.71 7.69 3.7564
17.675 -3.4 7.28 2.8143
29.325 -2.13 4.52 4.0434
33.3 -3.75 3.56 4.9358
21.4 -7.33 -2.04 3.1242
3.95 -10.87 -3.04 0.7732
1.625 -9.44 -0.24 1.8956
0 -10.9 -1.07 0.2675
0 -11.04 3.23 1.514
0 -8 6.18 2.6805
0 -11.34 0.22 0.456
0 -10.25 4.94 0.7067
0 -7.98 5.56 2.2778
0 -7.06 8.26 2.6008
0 -6.97 9.78 1.3684
0 -5.58 6.93 2.3675
0 -3.19 7.99 2.764
0 -4.07 10.85 1.0867
0 -3.82 12.06 0.9976
0 -1.28 13.8 0.8236
0.1 -2.78 14.29 0.7042
22.35 -2.16 13.54 2.0344
23.175 -7.89 4.82 4.2418
2.3 -12.78 -4.6 2.2278
0 -11.18 -0.31 1.8812
0 -7.94 7.43 0.4433
0 -5.01 9.32 2.0678
0 -5.17 12.14 2.0991
0 -4.08 11.4 1.3278
0 -3.42 12.89 3.2947
0 -6.17 9.39 1.9502
0 -5.53 8.21 0.3071
0 -4.2 10.05 2.5551
0 -2.91 12.28 2.5651
0 -4.81 10.76 5.3561
0 -8.51 3.16 1.8789
0 -7.79 7.48 2.9143
0 -6.19 11.15 2.5571
14.6 -3.02 13.86 1.3824
16.9 -6.3 10.34 3.4553
11.2 -6.02 0.37 1.768
4.95 -6.24 1.7 2.1976
0.725 -6.54 1.22 3.7652
0 -4.97 5.95 1.5757
0 -4.46 10.49 1.986
0.05 -3.03 10.09 4.504
0.05 -10.36 3.75 6.2784
0 -8.96 0.28 3.3507
0 -6.7 7.5 1.5308
0 -4.61 12.74 3.0502
0 -1.83 16.09 2.9125
0 1.51 19.42 1.5784
0 3.58 21.53 1.0857
0 4.65 22.14 2.1488
0.125 2.56 20.95 2.9581
2.35 -0.08 14.55 3.457
1.35 -7.37 3.95 3.6561
0 -6.07 7.01 1.928
0 -3.81 9.82 2.3596
0 -4.47 10.06 3.2969
0 -6.34 7.06 1.5623
2.3 -3.85 10.1 1.9533
51.225 3.09 13.27 2.0838
35.2 -0.83 9.26 2.7075
7.85 0.42 5.6 3.827
3.975 -1.92 6 1.9533
0.45 1.68 11.21 3.8189
0 -0.46 13.14 2.4015
0 0.2 16.34 2.8012
0 2.09 16.88 1.6052
0 0.93 17.45 1.0755
0 2.07 18.66 0.7911
0 1.84 18.94 2.9948
0 0.36 18.42 3.2815
0 0.43 15.81 2.3226
0 1.05 15.67 3.1923
0 2.47 17.52 1.5745
0 3.15 19.8 1.6963
0 7.4 24.14 0.3345
0.475 8.87 25.93 2.4778
0.275 6.63 25.39 2.8799
0 3.86 19.98 1.8022
0 3.16 18.72 0.8889
0 3.65 19.63 2.4448
0 3.5 19.39 2.9456
0 3.19 18.75 2.7375
0 2.35 18.39 1.7996
0 2.6 18.13 1.2105
0 4.44 19.88 0.7726
0.625 6.15 20.77 1.7818
0.375 5.39 20.55 2.4219
14.35 5.34 19.91 3.3282
8.6 4.79 19.7 2.1557
0.45 5.13 18.71 1.9202
0 4.47 16.68 2.2287
0.45 4.81 15.81 0.6809
12.125 1.57 14.24 2.2059
10.275 -0.87 12.57 3.7621
4.475 -2.02 4.29 2.5644
1.575 -1.1 6.92 2.7803
0.225 -0.32 12.74 2.557
0.15 2.91 15 3.4095
0 2.59 14.17 3.1011
0 0.75 12.95 3.3243
1.85 1.49 13.63 2.1646
3.375 2.92 12.9 3.6657
1.35 0.74 12.53 2.545
0.325 1.22 13.48 2.4181
0.25 2.38 14.01 2.3333
0.05 4.43 15.09 2.9163
0.025 4.23 17.56 1.6192
0 7.34 23.21 2.6529
0 3.92 21.5 3.2754
0 1.76 17.1 3.1501
0 1.58 15.24 1.1435
0 2.86 18.09 0.7358
0 6.07 21.54 1.3864
0 6.87 23.88 2.7053
0 6.08 22.16 1.6889
0 6.85 22.39 0.8564
0 7.3 26.42 0.4747
0.35 10.8 27.72 2.9997
0.2 9.69 27.43 3.009
0 9.19 25.67 2.2479
0 9.61 25.12 1.6023
0 8.05 23.57 2.9035
0 6.88 24.48 2.5296
0 6.64 23.35 2.8274
0 5.98 22.96 2.6697
0 4.6 21.09 2.9209
0 4.28 20.57 2.604
0 4.06 20.3 2.5484
0 4.44 20.74 1.8966
0 6.47 21.96 1.9241
0 6.92 23.22 2.368
0 7 22.78 1.3451
0 7.04 24.28 0.6473
0 8.04 25.05 1.623
0 9.15 27.49 2.0943
0 10.29 24.86 1.9027
0 10.69 27.69 2.0934
0 11.69 28.85 1.8639
0 12.09 29.49 2.4759
0 10.31 28.86 2.5361
0 9.1 26.72 2.2029
0 11.6 26.8 2.0525
0 9.88 26.18 2.1461
0 9.27 26.07 2.2118
0 9.18 26.31 1.948
0 9.35 27.34 1.7921
0 10.9 27.65 2.0288
0 10.59 27.21 2.8051
0 11.3 26.28 2.4772
0 10.72 26.03 2.4007
0 9.69 26.14 2.4077
0 8.86 25.47 3.0727
0 6.94 22.77 2.74
0 6.55 22.95 2.3296
0 8.37 23.27 2.5877
0 5.42 20.96 3.3175
0 2.23 13.24 1.9876
0 3.01 15.2 1.2676
0 5.33 20.06 0.2052
0 6.67 23.52 1.1329
0 9.15 24.89 2.9334
0 9.27 26.18 2.7273
0 8.09 24.94 2.9758
0 7.08 23.8 3.1867
0 4.77 21.89 1.3277
0 4.03 21.38 0.2905
0 5.46 23.09 0.6442
0 6.53 24.87 0.9223
0 7.83 27.29 1.2677
0 9.22 28.33 1.9301
0 10.17 27.77 2.2575
4.725 9.97 28.33 2.3321
5.175 8.26 23.28 3.2708
1.4 6.59 22.09 1.648
0 5.64 22.41 1.6478
0 5.51 23.06 0.6262
0 5.8 23.78 1.391
0 8.43 23.64 1.0508
0 8.23 25.05 1.3283
0 8.43 26.38 3.0271
0 9.21 24.51 2.1154
0 7.44 24.26 1.0863
0 7.74 25.15 0.1979
0 9.26 25.35 1.3702
0 8.97 25.08 2.0556
0 6.08 23.7 2.1428
0 4.49 22.13 2.0144
0 4.29 19.86 1.3802
0 4.89 20.38 0.4526
0 5.02 20.94 0.9407
0 6.81 23.12 0.3592
0 7.98 24.31 0.9535
0.125 9.06 26.97 1.5268
1.1 7.47 23.12 2.3883
0.6 4.01 18.17 2.7921
0 2.27 16.68 1.4791
0 3.67 19.67 1.1491
0 5.7 21.89 0.3399
0 5.67 23.12 1.1421
0 7.82 25.53 2.3473
0 6.77 24.44 0.9707
0 8.72 20.84 2.6538
0 6.32 25.34 2.5549
0 7.38 25.42 1.6324
0 5.69 24.9 0.845
0 6.15 24.48 0.7718
0 8.41 25.9 1.1805
0 7.29 26.76 0.385
0 7.2 26.75 2.2082
0 6.87 22.59 2.609
0 -3.08 12.04 2.3169
0 -3.26 11.49 2.5527
0 -0.85 15.58 0.8151
2.65 0.71 16.49 3.1762
1.725 -5.17 13.24 3.579
0.075 -6.91 1.7 0.3227
0 -6.11 9.12 3.1785
0 -4.52 11.44 1.7153
0 -2.12 12.27 1.3737
0 -2.15 14.43 0.8209
0 -0.28 15.77 0.5592
0 -1.45 15.42 2.0332
10.525 -0.54 14.43 1.9784
55.4 -0.24 8.71 6.3938
30 0.11 5.55 4.541
0.325 1.83 9.46 0.7766
0 2.01 15.32 2.2237
0 1.53 17.06 1.1581
0 2.85 19.42 1.9985
2.2 2.99 15.41 2.4926
1.325 -4.51 7.26 2.4008
0 -4.02 9.34 1.0648
0 -2.37 12.28 0.5836
0 -2.09 13.49 0.8632
0 0.28 15.55 1.0994
0 0.21 12.4 1.8502
0 -0.23 13.87 1.197
0 -0.41 14.99 4.1118
0 -5.37 3.13 5.0495
0 -7.63 3.19 0.8032
0 -6.56 5.98 0.0311
0 -3.4 11.38 0.8667
0 -2.41 13.72 0.8044
0 0.43 15.38 1.1694
0 0.1 16.87 1.1352
0 0.37 16.99 1.7418
0 -0.66 16.08 2.3
0 -3.45 11.27 0.6906
0 -4.13 9.89 1.4035
0 -5.73 7.49 1.8344
0 -5.12 7.59 1.311
0 -3.34 9.36 0.8045
4.925 -0.89 9.97 0.5693
5.025 -2.77 9.26 2.0438
1.225 -7 1.74 1.1021
0 -7.48 2.26 1.0935
0 -7.92 3.3 2.8726
0 -6.39 6.42 2.2295
0 -4.41 7.89 1.7693
0 -4.46 9.82 1.2896
0.525 -6.75 5.08 2.3844
4.075 -5.75 6.44 3.9141
2.25 -5.43 6.29 0.9494
0 -5.47 2.52 0.5258
0 -7.02 5.75 2.462
0 -6.21 4.39 3.8477
0 -5.05 6.02 4.1929
0.725 -4.96 7.27 2.7453
2.55 -3.65 8.3 1.2718
1.25 -6.87 5.14 4.9199
0 -5.38 1.73 5.2123
0 -5.79 3.22 3.9148
0 -5.73 6.03 1.62
0 -6.75 6.38 2.3366
0 -8.37 7.27 2.2058
0 -7.62 3.54 2.1475
0.05 -6.71 4.94 1.1793
15.25 -9.62 1.75 2.2896
15.625 -8.87 -0.87 1.052
3.925 -17.54 -6.87 0.6844
0 -18.21 -7.3 1.8721
4.65 -15 -5.51 2.9655
31.1 -7.9 -1.82 2.7435
60.4 -5.02 -1.41 3.6844
29.45 -6.66 -0.79 4.611
1.925 -8.4 -3.24 0.7818
0 -7.84 -3.36 2.9793
0 -6.02 1.09 2.3627
0 -5.09 3.07 2.2701
0 -4.77 2.94 2.8078
0 -5.32 2.7 4.0975
1 -5.35 3.18 2.904
13.8 -4.51 5.5 1.8827
11.125 -7.57 3.2 3.6739
0.175 -12.06 -3.54 2.8502
0 -8.76 -0.18 3.8303
0 -8.36 0.3 3.7152
6.7 -8.36 -0.46 3.9961
4.025 -7.39 0.29 1.933
2.725 -8.66 -2.43 3.2142
9.25 -8.32 -1.1 0.744
4.775 -6.98 -1.37 1.5158
0.125 -7.43 -1.58 2.4323
0 -7.07 1.7 1.8958
0 -6.84 1.86 1.1872
0 -6.69 2.98 3.99
0 -6.76 4.07 2.9193
0 -5.59 3.82 2.4166
0 -5.86 4.59 2.9187
0 -5.72 4.52 2.8651
0.075 -4.1 6.03 3.1164
1.9 -4.01 6.65 2.2858
0.975 -2.14 4.56 2.4496
1.225 -2.45 3.4 3.0816
22.4 -4.49 6 4.3315
13.425 -4.4 2.66 2.0836
0.175 -7.92 0.64 1.4691
0 -7.42 1.46 3.3275
1.025 -6.53 4.62 1.8604
26.175 -6.76 5.67 2.5016
47.55 -5.75 1.51 4.6112
34.775 -7.27 -2.64 5.4114
39.25 -7.21 -3.87 6.3153
42.5 -8.92 -4.67 4.035
22.6 -8.41 -5.39 4.1935
4.8 -10.32 -6.01 0.9015
1.575 -11.03 -4.52 2.09
5.2 -8.61 -3.27 3.6096
2.575 -6.83 -1.96 2.8825
0 -7.68 1.8 1.38
0 -9.98 2.45 2.8575
1.45 -8.44 -0.01 3.1424
0.875 -6.54 2.9 1.4913
0 -10.38 1.25 1.0827
0 -14.22 1.04 1.7031
0 -7.83 2.76 1.9268
0 -7.19 2.56 0.6075
10.025 -6.58 3.02 2.5487
17.45 -5.23 3.16 3.3873
15.9 -5.07 0.08 1.7755
5.425 -6.89 -1.37 2.5375
1.05 -8.68 -0.76 1.4297
1.875 -8.43 -0.39 2.3737
0.75 -8.92 -1.61 0.5249
0 -8.27 1.07 0.9778
0 -5.87 2.67 1.0664
0 -6.29 5.72 1.4647
0 -5.51 7.4 1.5467
0 -6.37 9.56 0.8976
0 -4.59 9.05 1.719
0 -4.26 9.92 2.4517
0 -3.76 10.44 1.3013
3.3 -5.47 9.37 1.358
7.45 -4.36 4.32 2.4421
19.225 -5.35 3.18 3.1156
9.1 -10.09 -2.84 2.4575
25.7 -9.72 0.78 3.5969
26.6 -6.17 1.64 2.904
3.025 -7.57 0.56 0.6388
31.875 -6.45 5.29 4.4056
21.175 -5.5 4.11 1.7454
1.575 -7.12 -1.65 0.6724
0.675 -6.83 5.06 2.4385
9.75 -4.22 7.42 2.6909
22.25 -5.87 3.04 3.2384
9.975 -8.53 -0.15 3.2375
0.075 -9.96 -1.89 1.2894
0.025 -7.72 2.66 2.6745
0.125 -8.15 2.8 0.8165
5.975 -6.78 4.65 2.4036
5.275 -12.41 -1.33 3.9314
1.025 -9.77 -1.62 2.0359
0 -10.26 -1.87 0.4815
30.275 -8.1 4.93 2.1741
18.175 -8.33 5.01 2.5422
0 -9.34 1.24 2.7116
0 -8.69 6.92 3.8295
0 -6.42 11.56 1.5516
0 -4.22 13.06 0.6667
0 -2.91 12.86 2.9959
0 -8.25 10.05 2.1365
0 -2.44 13.98 2.1218
0 -4.5 12.94 0.8351
0 -4.33 11.03 1.2473
0 -6.05 11.08 2.3888
1.1 -5.88 12.03 2.2313
3.4 -3.84 12.03 2.5452
1.625 -7.95 3.91 2.608
0 -6.95 2.93 2.9133
0 -5.76 10.33 1.4575
4.225 -3.32 12.14 2.6845
15.575 -3.55 11.96 5.8534
7.975 -7.49 -0.06 3.2729
1.125 -10.16 -0.82 0.8732
8.4 -9 5.09 2.3681
3.65 -6.13 0.93 2.1444
21.45 -7.93 1.14 2.7422
12.875 -9.09 -1.81 3.5278
0.025 -10.01 -0.54 0.7865
0 -8.77 4.91 2.2363
0 -6.3 10.46 0.3722
0 -4.28 12.11 1.4326
0.775 -3.94 11.58 1.9517
16.475 -3.3 7.25 3.843
13.55 -7.07 0.98 4.6759
2.35 -7.71 -1.4 1.0825
0 -7.05 4.89 0.6633
0 -5.95 6.4 0.8487
0 -3.76 11.33 2.61
0 -4.62 11.47 1.3418
0 -3.48 13.71 1.0727
4.05 -2.5 15.4 1.8274
14.725 -0.72 12.83 2.8528
8.55 -7.17 2.05 2.9212
0.7 -6.18 -2.73 1.5366
0 -5.02 0.86 1.4729
0 -3.81 10.79 0.6707
0 -1.79 13.06 1.3822
0 -0.18 15.76 0.7217
8.65 1.45 16.34 4.3645
10.3 -4.22 6.39 5.2729
3.275 -9.13 -0.8 4.0523
0.125 -8.48 0.84 3.4419
0 -6.03 6.61 1.9056
0 -3.97 10.76 2.1307
0 -2.93 14.86 1.0846
0 -0.53 16.16 1.977
0 -0.37 15.21 3.56
0 -3.49 11.44 2.1772
0 -3.76 10.53 0.8951
0.075 -1.9 13.06 2.8795
3.05 -2.7 11.94 3.7934
12.15 -5.98 2.28 3.4584
6.35 -9.34 2.16 4.5822
0.075 -7.62 3.26 2.3343
0.175 -2.66 10.05 1.1327
0.1 -1.71 13.08 0.6976
0 0.44 14.97 0.5742
1.125 2.92 16.94 1.3861
4 3.84 16.59 2.1443
2 -4.69 11.14 2.3378
0.275 -0.73 9.79 1.7285
0.15 1.94 12.98 3.3922
0.15 -1.65 13.67 4.4204
0.175 -6.49 7.53 3.7533
0.3 -6.6 2.68 4.088
1.4 -5.15 4.86 2.3602
3.975 -4.96 5.29 1.6161
10.35 -1.26 9.45 3.3406
16.075 -3.13 6.32 2.6902
6.6 -5.59 3.98 3.7742
0 -4.99 6.08 1.8211
0 -1.18 13.59 0.5896
0 0.01 17.28 2.6265
0 4.93 16.77 2.9603
0 2.19 15.34 2.675
0 3.85 16.9 2.8642
0 5.9 18.22 2.9249
0 5.49 18.45 2.1064
0 6.78 21.95 3.1069
0 7.97 22.38 3.1299
0 4.76 20.24 2.316
0 4.57 19.68 4.0235
0 1.93 18.2 4.6265
0 0.83 13.12 5.2211
0 4.73 13.09 4.1141
0 3.08 17.24 1.1361
0 4.92 19.35 1.6325
0 5.52 21.33 3.106
0 1.85 19.57 3.1664
0 0.7 14.94 0.8429
0 1.29 19.14 2.2785
0 1.56 17.17 3.2698
0 0.33 15.82 2.5133
0 1.36 17.62 1.4355
0 2.65 16.49 0.9218
0 5.22 20.11 1.6016
0.025 5.21 21.33 2.1468
0 6.92 18.23 2.6293
0 4.9 19 2.2992
0 7.98 21.25 0.7745
0 9.33 25.14 1.4293
0 9.77 26.5 3.2553
0 7.19 23.89 3.0004
0 4.86 21.86 2.6586
0 4.17 20.42 2.7197
0 7.14 20.7 1.905
0 4.66 19.35 0.9725
0 5.54 21.98 1.8157
0 6.84 23.69 2.3667
0 7.36 22.94 2.1534
0 7.21 22.34 2.1659
0 9.07 24.16 2.0699
0 8.38 24 1.8207
0 8.82 25.98 2.4674
0 10.21 24.88 3.359
0 10.49 24.36 3.5535
0 8.34 22.53 1.8448
0 9.16 23.74 1.1823
0 11.06 26.66 2.5918
0 10.43 26.64 2.8108
0 10.51 26.59 2.6181
0 10.14 28.22 2.088
0 8.98 27.72 2.0515
0 8.63 25.74 2.7056
0 7.86 24.63 1.0536
0 8.46 24.2 2.254
0 8.58 24.92 1.9812
0 10.39 26.25 2.4155
0 10.29 25.59 2.7143
0 7.54 24.35 1.9363
0 6.17 24.36 2.3761
0 7.63 23.59 1.9492
0 6.73 24.51 2.3151
0 7.15 24.05 2.4698
0 6.44 23.76 2.0978
0 6.83 23.14 2.4657
0 6.09 23.88 1.5852
0 6.13 24.4 1.9761
0 6.76 24.12 2.0223
0 5.71 23.56 2.1208
0 6.48 23.32 2.5214
1 7.05 22.37 2.9184
0.6 6.09 18.91 2.1189
0 5.1 21.26 2.0244
0 5.93 21.78 2.4033
0 4.3 17.16 1.03
0 4.8 21.57 1.2134
0 6.94 22.8 2.1567
0 6.75 23.05 2.7194
0 7.23 23.52 1.1109
0 6.92 25.19 1.7937
0 7.24 26.06 1.9115
0 6.17 24.75 1.8885
0 5.94 24.46 2.2211
0 6.75 25.19 2.1039
0 7.46 22.11 1.7495
0 4.93 20.79 2.6407
0 7.14 25.27 2.2531
0 10.17 28.54 0.7274
0 12.04 30.11 2.519
0 8.58 28.37 2.6296
0 4.54 23.72 3.0765
0 4.15 12.43 2.2152
0 1.19 12.87 2.3688
0 1.35 15.42 1.0499
0 3.1 18.85 0.5875
0 5.18 23.28 0.5208
0 7.71 26.21 1.1653
0 8.03 26.38 1.4062
0 6.3 25.7 1.9146
0 4.94 23.4 1.3672
0 4.97 23.37 2.656
0.025 5.79 22.06 3.1017
0.025 -0.84 8.31 2.0876
0 0.11 17.49 0.7136
0 1.93 18.5 0.7942
0 3.66 21.25 1.0588
0 3.75 21.73 1.814
0 3.06 20.06 1.4616
0 2.67 19.79 0.7082
0 2.98 19.95 1.3264
0 2.27 21.21 1.6588
0 2.83 20.41 1.5631
0 2.7 20.3 1.5891
0 1.52 16.04 1.0289
0 0.52 18.24 1.0304
0 2.47 17.04 2.7315
0 1.39 14.75 0.8662
0 1.67 18.42 0.4681
0 4.48 21.77 0.9728
0 5.62 25.92 0.4126
0 6.69 25.82 1.1471
0 9.67 27.08 0.4847
0 8.8 27.68 0.514
0 7.55 27.4 0.3057
0.075 7.91 23.82 0.5212
4.9 7.13 20.45 1.4263
37.7 6.13 20.78 1.7432
32.825 3.62 10.86 1.4883
2.225 1.47 5.61 1.0907
5.95 -1.53 7.24 0.8056
2.625 -1.18 6.84 2.2131
0.2 -3.09 7.36 0.8196
0 -1.2 12.2 1.8064
0 -0.08 14.81 1.6521
0 2.9 18.6 1.402
0 2.92 18.52 2.4721
0 4.7 20.72 1.7643
0 4.24 20.13 0.8609
0 4.24 19.08 0.7787
0 4.09 19.64 1.3462
2.775 4.78 15.13 0.8903
1.325 0.94 11.17 1.1696
0 1.27 10.22 1.8993
0.125 0.52 16.49 1.1022
0.075 1.41 13.63 2.032
3.825 -0.68 11.57 1.8343
26.9 0.35 9.86 1.7306
61.575 2.02 4.28 4.7821
22.575 -2.78 5.76 3.8431
0.1 -3.68 5.9 1.5418
0 -6.53 6.02 3.0709
0 -6.82 7.47 3.3168
2.45 -1.41 10.93 2.0847
1.825 -1.64 11.93 1.9959
0.2 -3.57 3.33 0.835
0 -3.15 8.8 1.865
0 -2.31 11.61 3.3246
0 -0.17 14.24 3.1421
0 3.36 16.15 2.1504
0 3.68 16.22 1.1631
0.7 1.76 15.44 2.3658
26.85 -0.69 12.25 3.1088
15.55 -5.45 2.83 2.789
2.75 -7.39 1.88 0.6271
3.175 -6.72 3.3 1.6069
0 -7.41 0.76 2.574
0 -5.62 4.86 1.4667
0 -6.21 7.08 3.1369
0 -3.92 7.2 1.504
0 -2.14 10.76 2.4328
0 -2.73 10.66 0.8535
0 -4.33 9.63 2.2101
0 -3.25 10.06 2.4013
29.2 -3.04 10.3 3.0789
51.425 -6.95 4.1 3.4101
38.725 -8.89 -4.49 5.4061
16.3 -8.71 -4.74 3.3015
15.8 -8.37 -3.24 4.4866
7.7 -12.62 -4.54 1.0174
0 -14.51 -5.97 3.3787
0 -14.02 -5.66 3.2964
19.25 -9.03 -2.32 2.9646
11.825 -14.45 -2.95 2.8635
0 -15.11 -6.55 2.1944
0 -13.1 -5.72 2.9862
0 -9.77 -1.1 2.1984
0.075 -6.44 4.86 2.5132
0 -2.69 4.18 1.6579
0.825 -3.6 3.26 1.7935
13.775 -4.31 2.94 2.0152
6.675 -4.36 3.92 3.2192
0 -5.74 0.84 2.3411
5.25 -4.39 4.06 1.8251
7.95 -3.2 5.13 1.084
1.05 -1.64 2.58 1.427
0.05 -2.71 5.12 0.5004
0 -4.64 5.59 2.2416
0 -4.42 4.6 1.4916
24.675 -4.19 6.69 1.9883
17.45 -6.1 2.23 1.7435
6.5 -7.95 -0.64 2.5845
60.4 -7.9 -1.45 3.4297
92.25 -5.78 -1.8 5.3095
68.275 -4.52 1.07 6.2493
28.575 -6.81 2.3 2.201
11.575 -7.41 -5.93 2.1245
5.825 -7.71 -3.4 2.2591
2.95 -6.89 -1.81 0.4054
0 -7.75 -1.33 2.7966
19.325 -8.44 1.43 5.1656
11.35 -7.45 1.7 2.0201
0 -8.68 -4.92 1.0455
40.6 -8.32 -2.97 2.2935
26.55 -6.88 -1.64 4.604
1.55 -15.56 -3.9 2.6994
3.6 -15.47 -7.07 1.3175
16.475 -15.09 -6.61 3.7612
21.175 -7.91 -5.34 4.629
18.725 -8.56 -4.94 2.5734
0 -11.1 -3.98 3.1312
0 -11.09 -4.66 3.8244
0 -8.9 -1.83 5.4185
0 -8.5 -1.19 3.9249
0 -9.74 -2.28 1.887
0 -9.78 0.27 1.0349
0 -11.26 -1.68 3.321
2.575 -11.41 -1.07 3.1966
6.675 -6.88 -1.16 1.6715
0.325 -7.94 1.45 1.629
0.175 -7.71 1.6 1.3952
0 -7.79 4.56 2.4425
0 -5.65 4.99 0.9861
0 -5.01 5.9 0.6414
0 -5.38 5.43 2.1873
0 -5.79 6.49 1.2902
0 -7.55 7.58 4.2809
0 -7.51 5.84 3.6724
0 -8.63 5.62 2.7988
0 -5.41 9.53 3.748
0 -6.2 6.12 2.1149
0 -5.88 7.08 2.1886
0 -6 6.15 4.9539
0 -6.04 7.77 3.2074
0 -6 7.77 1.7993
4.65 -6.01 7.82 0.6426
13.35 -6.64 6.71 1.794
4.975 -8.55 -2.72 1.628
0 -9.38 0.64 2.0744
0 -10.68 2.6 3.0511
0 -10.18 2.94 2.1279
0 -8.52 5.21 2.8942
0 -6.04 8.21 1.6944
0 -5.47 9.73 1.9264
0 -3.68 10.53 0.5805
0 -7.05 9.88 2.1992
0 -9.63 5.92 3.6445
0 -11.57 3.1 3.8008
0 -10.02 4.61 3.846
0 -7.78 7.82 2.6216
0 -6.36 10.12 1.3781
0.05 -6.01 9.72 3.3131
9.15 -6.56 5.95 4.0508
44.525 -6.81 6.07 6.1321
37.4 -9.24 -5.38 4.3758
54.825 -7.98 -5.2 3.1786
37.3 -8.44 -2.76 4.0912
5.025 -12.98 -4.18 0.8258
0 -12.98 -2.67 1.205
0 -12.4 -2.91 0.3708
0 -11.7 0.74 0.2956
6.7 -10.4 0.45 2.4137
21.525 -8.17 -1.65 5.8657
17.35 -12.9 -5.19 0.6925
0 -14.75 -7.12 0.4872
0 -14.23 -2.76 2.1322
4.075 -11.96 2.45 1.6896
10.625 -8.03 3.83 3.4394
11.425 -5.46 2.47 1.728
1.45 -7.91 2.97 1.434
3.4 -6.75 6.4 0.5765
21.075 -5.91 8.35 1.7464
26.65 -4.6 1.13 4.4672
0.1 -8.03 0.28 0.6314
0 -6.89 6.49 1.5202
0 -5.65 10.91 1.2062
0.2 -5.19 9.96 1.0991
0.125 -5.22 7.93 0.681
1.55 -5.29 9.72 0.8943
1.125 -3.43 5.51 1.1089
13.075 -3.12 9.29 1.27
31.4 -2.02 10.62 2.8892
2.05 -7.09 2.45 0.9732
27.6 -7.69 4.82 3.3381
42.375 -7.79 -1.63 4.93
71.45 -7.49 -3.15 6.1798
20.575 -8.47 -3.01 2.6974
5.65 -8.97 -0.52 0.9341
13.075 -8.36 0.59 4.5269
44.425 -8.41 -1.01 5.399
34.225 -11.47 -2.64 4.1492
16.55 -8.08 -1.1 2.9651
10.125 -6.98 -3.75 1.6377
0.175 -6.24 2.88 0.5505
0 -6.48 6.55 1.1047
0 -6.1 8.71 2.1034
0 -4.56 10.5 2.2303
0 -1.97 15.29 1.6624
0 -1.53 18.52 1.1902
0 -3.77 14.55 1.2914
0.15 -4.59 11.88 1.9918
0 -3.64 12.98 1.3961
1.55 -2.81 13.71 1.3934
6.9 -6.97 11.74 3.5574
6.7 -12.1 -3.82 1.3976
3.05 -11.08 -4.77 1.4593
0.175 -10.52 0.96 0.5425
0 -8.04 7.07 1.4852
0 -5.94 8.34 1.3327
0.5 -5.46 9.1 2.9168
0.425 -8.21 0.44 0.588
0 -6.31 8.23 0.7537
0 -3.63 13.12 1.3217
0 -2.37 15.02 2.3106
0 -1.53 14.85 3.0658
0 -0.97 11.05 1.7702
0.45 -2.88 12.87 2.2529
13.425 -0.87 5.76 2.4183
2.275 -4.51 7.92 0.8493
1.4 -4.32 7.98 1.417
0.8 -2.33 5.96 2.597
1.325 -3.32 4.65 2.5484
0.1 -5.94 7.31 2.6934
0 -3.87 9.62 0.8169
0 -2.73 12.28 2.5051
0 -5.7 11.52 4.5569
0 -5.3 9.44 3.6571
0 -4.34 10.02 2.0076
0 -2.16 12.8 0.559
0 -0.34 15.21 0.7965
0 0.94 16.8 3.0882
0 4.23 19.38 0.8421
0 3.76 19.89 1.6219
0 2.23 18.79 2.1297
0.425 0.37 15.25 3.1621
1.525 -3.72 6.71 3.3897
3.95 -5.62 1.7 2.8065
0 -2.77 10.37 1.7002
0 -0.1 14.11 1.1624
0 0.72 16.73 0.5734
6.4 0.89 18.31 3.0385
15.875 -7.21 9.63 3.0621
6.925 -7.14 -0.07 1.1225
19.45 -5.62 3.27 3.4965
18 -6.56 0 2.4587
2.3 -5.43 3.47 3.5069
0.175 -4.79 9.93 1.776
0 -0.96 14.46 1.9294
0 -0.38 13.86 2.8295
0 -1.97 13.27 4.3567
0 -2.84 10.41 2.4118
0.025 -1.47 13.21 2.8943
0.025 -1.98 11.56 2.7198
0.6 -2.08 11.55 3.453
4.05 -2.57 11.35 4.3577
9.45 -5.66 6.73 4.8921
2.1 -5.12 5.81 2.9584
0.45 -2.7 9.76 2.8604
1.05 -1.37 10.58 3.1268
2.075 -5.15 5.3 1.7749
0 -4.08 8.16 0.6733
5.475 -2.12 8.95 2.8173
21.325 0.92 3.46 1.44
12 -2.22 10.28 3.671
0.275 -2.53 6.15 1.8401
0.075 -1.39 12.35 3.0173
0 1.16 15.14 1.57
0 2.24 17.96 2.1706
0 2.4 18.16 2.9859
0 1.32 15.73 2.6125
0 2.62 16.65 2.739
0 4.21 19.25 1.5476
0 4.77 22 1.8462
0 5.64 21.59 2.4458
0 2.34 18.9 1.1129
0 3.65 18.01 2.9562
0 2.64 19.28 2.0667
0 4.67 19.52 0.2436
0 6.08 22.17 0.4055
0 7.41 24.88 2.4781
0 7.62 24.54 2.9704
0 6.09 23.17 2.6751
0 3 21.42 2.7016
0 3.33 20.34 2.2209
0 5.15 21.18 2.1619
31.95 5.61 21.65 2.7498
24.8 2.55 18.03 2.5477
5.6 0.84 9.82 2.2052
0 3.46 17.12 0.7584
0 4.89 22 0.8071
0 8.02 24.3 0.7175
0 7.49 24.7 1.6504
0 8.05 24.24 1.8497
0 9.21 23.03 2.4761
0 10.09 24.16 2.9069
0 9.25 22.96 2.2647
0 8.58 23.72 2.5311
0 6.48 23.43 2.1964
0 5.6 22.37 2.4099
0 4.78 19.6 2.4956
0 4.73 19.95 3.1822
0 4.14 17.84 2.6436
0 5.02 16.93 3.1726
0 3.46 16.5 3.1714
0 3.7 17.45 2.0383
0 3.74 19.11 1.4887
0 4.31 21.22 1.9822
0 4.43 21.3 1.1826
0 5.07 21.86 2.2879
0 6.64 22.73 2.8407
0 6.96 22.49 1.8433
0 8.04 23.29 2.043
0 6.21 24.48 2.2193
0 6.01 23.44 1.7924
0 5.96 22.73 1.6971
0 7.36 22.08 1.3965
0 8.62 25.18 2.1997
0.95 9.28 25.78 3.0131
1.15 11.02 25.13 2.1579
3.85 9.62 21.42 1.6085
0 8.58 24.11 1.9468
0 8.88 25.18 2.1076
0 6.5 24.41 3.099
0 5.51 20.87 2.2567
0 6.28 21.81 3.0844
0 5.83 21.41 2.4589
0 7.26 22.72 1.8006
0 6.36 23.56 1.8756
0 6.32 23.29 2.1628
0 6.84 22.58 2.6588
0 6.51 22.94 1.5266
0 7.48 24.44 1.3548
0 7.58 24.83 2.1073
0 6.25 23.31 1.5104
0 5.69 22.44 0.9699
0 5.57 22.97 1.5343
0 6.19 23.42 1.346
0 7.11 24.2 2.5221
0 6.39 22.37 2.0632
0 5.52 21.82 1.5242
0 4.22 21.61 1.1171
0 4.54 22.38 0.9465
0 5.71 24.14 2.0675
0 8.34 24.64 1.3274
0 7.94 24.33 0.923
0 7.68 26.53 1.1188
0 8.76 26.53 1.4966
0 8.54 26.93 1.6067
0 6.43 25.67 1.9451
0 5.34 23.64 1.845
0 5.36 22.6 0.7343
0 5.85 22.57 0.8434
0 6.05 24.58 0.8755
0 7.81 23.92 0.8733
0 8.14 24.71 1.8299
0 7.31 23.58 0.5505
0 7.56 24.11 0.8864
0 8.3 25.34 0.7741
0.45 8.15 24.19 1.7589
6.25 6.59 24.4 1.1268
7.525 6.47 21.23 1.5056
17.4 3.27 15.91 1.3817
10.1 5.19 18.66 0.6024
17.95 4.29 20.3 1.0861
0 4.54 18.67 2.4652
0 5.09 19.81 1.8938
0 3.43 17.36 1.5929
0 3.15 17.57 0.2792
0.275 3.91 20.9 0.2524
0.2 6.52 23.17 0.873
0 6.96 23.47 0.4271
10.7 7.4 24.03 0.3601
0 8.14 24.42 0.6771
0.05 8.11 25.33 1.6522
18.65 5.01 21.13 2.3407
0.2 3.26 14.38 1.6967
0 4.11 18.67 0.3848
0 7.49 21.95 0.6188
0 6.66 20.63 1.0771
0 5.53 22.91 1.5484
0 4.02 22.15 2.5094
0 4.81 18.42 2.0346
0 3.58 16.96 2.1934
18 1 13.77 2.3951
40.125 -1.15 9.13 3.9599
16.95 -5.31 4.28 0.7408
3.45 -6.1 4.19 0.9237
0 -5.66 7.3 1.321
0 -2.8 11.16 1.2777
2.05 -0.03 13.19 1.6666
6.15 1.47 8.43 1.7307
0 0.08 15 0.9011
0 0.36 17.23 0.6027
0 4.41 19.31 0.5237
0 2.2 19.26 1.1706
0 2.36 17.87 1.6681
0 3.09 16.92 1.8583
0 3.23 17.4 1.9136
0 1.91 18.67 0.6769
0 1.2 15.76 0.5581
0 1.36 16.49 0.4152
0 1.06 15.45 2.3135
0 0.51 17.2 1.9083
0 1.45 18.19 2.3036
0 -0.05 15.25 1.3484
0 -1.6 11.47 3.6263
0 -4.19 9.99 3.4663
0 -4.02 9.85 2.1651
0 -1.72 12.22 0.8742
0 -0.87 13.81 2.2317
0 -0.66 14.55 0.1286
0 -1.24 14.27 3.3519
0 -1.52 11.98 4.1766
3.675 -4.9 12.03 3.9798
11 -7.34 10.6 1.8872
6.125 -9.63 -2.52 0.4455
8.825 -8.78 -1.33 1.5271
0.175 -9.07 -2.23 0.9908
0 -9.59 0.32 2.345
0 -8.57 2.45 3.2892
0 -7.07 5.64 2.9416
1.475 -5.57 6.57 3.2684
4.35 -2.53 4.48 0.9965
0 -3.68 4.66 0.2044
0 -2.92 6.67 0.5242
0 -5.65 6.98 0.4855
0 -5.38 7.04 0.8811
0 -5.68 7.66 1.1681
0 -5.37 7.47 3.4794
1.275 -6.31 1.49 2.2626
3.175 -6.07 -0.3 3.919
3.875 -8.64 -1.21 1.588
0 -8.5 1.83 2.2412
0 -7.31 3.52 3.4944
0 -7.35 9.51 2.3199
0 -7.16 4.44 0.8005
0 -6.48 5.14 2.9665
0 -4.8 8.22 2.3743
0 -3.9 7.2 1.0867
0 -1.97 8.12 1.8775
0 -6.25 8.85 3.3196
0 -6.55 6.08 8.9893
0 -6.71 1.73 3.8358
0 -8.13 6.22 4.4656
0 -9.86 2.86 2.7721
0 -9.74 1.56 3.5121
0 -10.5 1.44 3.0526
0 -9.93 0.98 3.6712
0 -9.45 3.35 3.899
0 -8.9 3.09 4.3793
0 -8.31 3.84 3.249
0 -9.22 3.51 1.1685
0 -10.73 2.75 1.6541
0 -10.89 -0.19 1.4713
0 -10.3 0.6 1.0803
0 -9.54 0.99 0.8894
0 -9.48 0.13 5.7942
0 -8.56 2.64 4.8467
0 -9.97 3.63 2.7135
0 -9.42 3.27 4.7453
0 -11.04 1.1 4.6574
0 -10.12 1.16 3.5186
0 -10.84 2.09 4.551
0 -10.72 3 3.9639
0 -10.24 3.03 4.963
0 -9.37 3.46 3.3314
0 -7.55 4.62 1.368
0 -7.63 5.55 1.1163
0 -6.67 4.47 1.1339
0 -4.61 9.49 0.9544
0 -5.41 7.15 1.3114
0 -7.98 6.01 2.3881
