0.175 4.33 9.28 1.5792
3.65 5.2 7.82 0.9389
0.775 1.35 10.48 1.8704
0 -2.07 10.59 3.3284
1.025 2.61 8.57 1.7679
0.15 3.42 9.05 0.3265
0 0.86 8.61 1.4735
0 1.67 10.64 1.069
0 2.5 13.1 3.9373
0 0.46 13.81 3.5473
0 -0.01 16.03 2.5089
0 0.59 16.94 5.2121
0 1.71 19.48 4.1438
0 1.59 19.68 3.7579
0 1.21 20.07 3.8791
0 2.69 20.04 4.8897
0 2.2 20 4.0534
0 2.25 20.36 4.5146
0 1.46 21.11 4.7379
0 1.95 20.36 3.3243
1.9 5.13 15.62 2.6548
10.35 9.72 15.58 2.1089
16.075 11.19 13.48 1.6982
4.1 10.39 15.96 1.915
5.225 5.9 13.89 3.1981
0.425 3.52 11.23 1.1732
0 0.86 12.38 1.1166
0 0.42 13.45 1.5869
0 1.6 15.47 3.8798
0 1.65 17.38 4.2669
0 2.2 19.2 2.7126
0 2.95 18.02 2.7105
0 3.14 19.05 4.0468
0 2.87 20.55 3.786
0 3.06 20.47 2.9572
4.975 8.65 17.29 2.9454
3.775 8.79 14.53 3.2675
0.625 7.15 16.26 2.5261
4.675 4.92 15.76 1.2778
2.125 4.3 12.54 3.1368
1.275 -0.24 12.14 0.3176
4.7 4.18 12.75 2.3691
1.5 4.51 12.5 1.338
11.2 4.76 10.94 2.9288
1.975 5.36 12.23 3.6254
3.075 7.85 12.2 6.4854
10.675 8.01 12.74 5.4885
6.125 7.45 11.82 4.5127
0.3 3.31 13.85 1.6549
0 2.95 17.14 3.5051
0 4.15 18.16 2.7297
1.775 4.02 16.46 3.6447
2.825 9.92 15.99 4.2174
7.975 10.64 17.65 3.0435
0.35 8.24 17.7 1.4052
0.075 9.43 18.41 1.5346
0.475 8.76 18.68 2.0456
0 5.19 17.05 0.4845
0 5.81 17.37 3.4669
2.65 10.32 17.02 2.9901
2.525 11.52 18.49 4.1102
7.225 9.48 16.25 4.9203
5.125 5.8 14.11 2.5348
0 2.84 14.99 1.1216
0.05 3.9 14.65 1.865
0 2.77 15.55 0.3269
0 2.84 17.77 1.4462
0 4.19 13.64 2.7676
0 0.79 14.12 0.6585
0 0.98 16.66 0.4394
0 4.38 19.12 1.695
0 4.19 20.48 1.7416
0 5.31 17.16 1.4039
0 6.6 19.44 2.0585
0 7.84 20.79 2.3649
0 8.69 20.83 1.1906
0 8.69 22.06 1.5726
0 9.7 25.19 1.4699
0 9.75 24.23 1.1601
2.975 8.63 19.93 1.5539
2.2 6.77 15.29 3.8243
0.15 3.46 14.69 2.4854
0 2.66 19.02 1.9106
0 4.89 21.48 1.1371
0 8.85 23.94 2.211
0 10.31 24.48 1.8111
0 9.5 25.91 1.4696
0 9.8 20.83 3.6158
0 6.38 19.85 2.0808
0 4.7 21.92 0.7175
0 9.78 24.38 3.1144
0 8.27 22.46 2.6828
0 7.45 19.65 5.141
0 5.08 19.18 1.8826
0 4.34 23.78 2.3726
0 6.81 27.15 1.7884
9.15 8.89 21.13 1.2363
2.1 9.19 18.65 2.5637
4.35 9.01 15.15 1.7049
1.975 9.12 17.13 2.4009
0 5.66 19.38 3.7837
0 7.46 22.6 1.866
0 9.26 22.55 2.5927
0 8.36 17.31 5.1747
0 5.28 16.61 5.5456
0 4.14 20.38 2.948
0 6.31 24.58 1.5575
0 9.4 27.4 2.2592
0 10.6 31.61 2.2715
0 14.09 34.11 1.5033
0 14.84 34.67 1.3572
0 14.78 35.46 1.6742
0 12.34 27.66 2.0886
0 9.03 22.03 3.104
0 4.94 21.92 3.3717
0 5.25 21.88 2.2568
0 7.28 21.68 2.2827
0 4.69 18.65 2.9306
0 5.19 20.3 1.9633
0 6.42 22.95 2.0584
19.25 11.83 22.17 1.6641
4.65 13.36 20.32 2.3705
0.375 14.05 21.72 3.2704
0.275 13.26 24.69 1.7293
0.325 15.99 26.48 3.2507
0 13.56 28 1.7322
0 12.64 27.73 3.2314
0 13.09 28.63 2.2506
0 12.47 30.3 2.1373
0 12.64 31.53 1.7582
0 13.65 30.89 3.2115
0 11.23 27.72 3.4218
0 12.12 28.17 3.1761
0 13.41 29.46 3.3236
0 14.2 31.73 2.4903
0 15.13 36.05 1.3051
0 18.78 39.55 0.223
0 19.4 37.97 2.0414
0 17.33 33.17 2.2256
0 13.56 29.93 1.5472
0 13.08 32.13 1.2466
0 12.94 32.31 2.4318
0 12.37 29.37 2.9695
0 10.9 26.71 2.7952
0 10.4 29.66 2.4165
0 14.24 33.07 1.8987
0 17.36 35.41 1.2335
0 17.96 35.88 2.2941
0 16.45 33.18 2.4336
0 14.19 31.26 2.818
0 13.96 30.2 2.3745
0 13.72 28.81 2.4373
0.125 14.92 28.03 2.3838
0.25 15.48 28.61 0.6028
0.45 13.11 26.6 2.1883
1.8 13.26 22.77 2.8477
0.875 11.79 24.81 1.8082
0.275 12.14 27.47 2.596
0 12.82 28.55 2.6277
0 12.14 26.98 3.3563
0 13.71 25.81 2.9701
0 12.96 26.52 3.4427
0 13.26 26.63 2.6347
0.575 15.23 26.83 3.3273
0 13.33 26.83 2.3092
0 13.21 26.31 2.4813
0 13.64 29.49 2.865
0 14.24 29.6 3.2367
0 15.21 34.62 2.3434
0 17.47 34.33 3.0098
0 12.59 30.35 3.3251
0 10.92 27.59 3.4435
0 13.54 31.17 1.711
0 14.7 34.74 0.8093
0 17.04 37.07 1.6617
0 15.71 35.24 2.6099
0 14.72 33.77 1.9315
0 17.72 38.82 1.0831
0 20.94 42.13 0.9686
0 21.23 41.61 2.6682
0 18.25 38.49 2.6348
0 17.88 36.66 2.2262
0 16.69 36.98 1.8785
0 15.95 36.98 2.6359
0 16.21 34.79 2.3931
0 15.66 32.58 2.5671
0 13.16 31.79 2.4166
0 13.2 32.55 2.5576
0 13.77 31.99 2.6888
0 14.49 31.63 2.7381
0 13.7 32.37 2.0925
0 17.49 32.17 1.785
0 18.64 33.41 2.2233
0 16.72 34.7 1.7344
0 17.47 38.06 0.721
0 18.72 39.11 1.5706
0 19.75 39.08 1.6666
0 19.87 39.71 1.6521
0 21.61 40.5 1.9569
0 21.47 40.92 1.4313
0 20.59 39.31 2.4061
0 18.57 36.65 2.5314
0 17.52 34.99 2.5221
0 16.64 35.3 2.1371
0 14.89 33 2.0719
0 14.22 34.07 2.1333
0 16.71 37.06 1.9393
0 19.55 38.53 2.0828
0 18.98 36.33 2.4741
0 17.16 34.42 3.0027
0 16.36 33.26 2.8027
0 16.44 33.76 3.0238
0 17.49 34.58 2.7133
0 15.57 32.76 2.7084
0 14.98 31.36 2.2036
0 15.09 32.24 1.7724
0 16.09 32.04 2.0492
0 14.68 27.68 2.6589
0 13.52 27.89 1.9223
0 14.51 31.91 1.7792
0 16.49 35.23 1.0375
0 18.46 37.26 1.3565
0 19.5 36.3 2.8763
0 17.19 37.29 2.8134
0 18.78 35.11 3.177
0 17.18 31.84 3.187
0 12.82 32.62 1.7506
0 14.65 34.68 0.8117
0 16.04 35.08 1.0906
0 16.33 35.5 0.8811
0 17.4 35.61 1.3784
0 15.45 33 2.3854
0 16.18 36.38 2.0643
0 19.07 36.59 2.1993
0.05 18.88 34.31 2.444
0.025 14.09 32 1.5267
0 14.23 33.75 1.444
0 15.48 34.54 0.3477
0 16.18 36.07 1.6725
0 16.31 37.85 1.7854
0 18.59 39.17 1.6024
0 18.67 38.78 2.3554
0 17.32 33.43 1.3119
0 16.76 35.46 0.5607
0 20.02 36.5 0.7095
0 20.26 38.6 1.8603
0 17.53 35.73 2.5448
0 13.17 31.33 2.0627
0 15.06 29.12 2.1702
0 14 30.03 2.0963
0 13.7 32.01 0.7497
0 14.94 33.25 1.0839
0 16.72 35.71 0.5515
0 17.11 37.3 1.168
0.375 17.46 32.94 2.147
0.1 14.67 27.91 1.8999
3.4 15.22 26.18 2.4422
0.175 13.87 28.4 1.825
0 15.07 31.02 1.9592
0 15.29 32.93 0.9877
0 16.23 36.36 0.829
0 18.15 35.63 1.7793
0 16.42 33.4 1.0616
0 16.68 35.22 1.6812
0 17.23 36.7 1.9189
0 16.37 36.74 1.2046
0 16.06 36.06 0.7094
0 15.62 35.7 0.8121
0 15.93 37.24 1.1084
0 16.61 37.48 0.3915
0 17.64 33.55 1.7548
0 14.26 25.21 2.5308
0 8.71 23.26 2.5064
0 9.83 26.1 2.2646
0 8.53 28.19 0.8691
0.025 10.65 25.3 3.2603
0.025 7.64 20.54 3.3442
0 6.62 20.67 0.3867
0 6.2 23.01 2.1888
0 7.98 26.65 1.0979
0 9.15 24.47 1.4015
0 8.64 25.14 0.6489
0 9.31 25.7 0.4096
0 9.62 23.44 1.6586
0.525 9.18 21.33 1.9251
36.425 12.49 18.04 6.9049
5.125 15.42 23.36 4.0865
0 17.4 26.42 1.1584
0 15.61 26.81 2.3588
0 14.06 26.69 1.2547
0 15.15 26.04 1.601
0.2 10.59 20.14 1.8992
0.075 10.14 20.23 1.5373
0 9.02 22.34 1.1357
0 10.57 23.6 0.893
0 10.92 25.34 1.363
0 11.47 26.13 1.4966
0 12.12 25.39 1.5241
0 10.62 26.72 1.2114
0 11.41 20.26 4.719
0 7.59 18.2 4.8169
0 4.44 18.41 0.7787
0 4.96 20.93 0.2449
0 6.11 22.56 0.8848
0 7.54 23.72 1.0326
0 8.33 25.15 1.2248
0 8.69 25.45 1.1351
0 8.65 25.92 1.7539
0 8.7 22.99 2.4099
0 8.15 22.5 0.4657
0 9.58 19.88 1.92
0 5.49 18.96 1.9785
0 4.12 18.15 1.0183
0 7.04 18.39 0.8713
0.1 7.83 17.65 0.6124
0.475 8.16 17.3 2.1621
0.2 3.76 16.26 1.5331
0 3.45 16.38 1.2311
0 1.46 17.49 2.4882
0 1.9 19.13 1.8531
0.5 2.57 20.01 1.0492
0.25 5.63 17.37 2.3194
0 1.21 15.5 2.0741
3.6 3.32 17.75 3.1996
1.6 3.14 13.67 1.3243
0 1.82 17.02 0.4378
0 4.01 15.42 1.812
0 2.07 17.21 3.3371
0 1.82 19.59 3.5161
0 3.01 20.69 2.2625
3.725 5.56 16.3 1.1422
0.425 6.96 18.09 5.1011
0 1.65 16.22 4.5719
0 1.34 16.51 3.7452
0 1.46 17.41 1.3732
0 1.02 16.05 1.6854
0 0.82 15.01 1.6665
0 1.15 15.7 1.8423
0 1.78 12.93 1.1653
1.15 -3.25 10.3 1.7518
12.25 -1.25 7.65 0.7232
1.2 -3.95 7.69 0.4216
0 -2.83 7.68 1.9211
2.975 0.6 9.23 3.3413
13.3 4.82 11.52 3.1578
13.375 8.8 12.93 3.8938
6.6 7.05 13.48 3.7
1.55 5.95 14.15 0.5571
0 4.62 14.59 3.3417
1.1 7.22 15.07 2.7914
0 6.42 12.81 2.1946
0 5.7 11.7 2.6443
0 4.36 10.79 4.0049
0.1 4.37 13.95 2.8211
6.95 6.46 14.03 1.6493
1.925 4.87 12.29 3.7109
0.025 1.43 10.46 2.0733
0 -1.12 11.46 3.8054
0 -0.45 14.39 3.9562
1.75 1.72 11.49 4.0766
4.9 4.58 13.37 2.1122
1.2 5.42 9.66 2.8427
1.5 3.5 12.24 0.7572
0.575 7.56 13.98 1.3742
0 6.29 11.93 2.6409
0 5.73 14.28 2.1504
0.075 4.67 12.69 1.199
0 6.5 11.49 3.86
0 3.58 13.98 2.9395
0 4.15 11.7 2.9579
0 4.19 10.02 3.1008
0 2.44 9.27 2.4249
0.475 4.55 10.4 2.8563
0.2 6.02 10.7 2.4611
0.025 5.34 7.37 2.3652
0.075 5.59 8.88 3.2191
4.625 6.47 15.65 4.6886
11.825 9.05 17.6 2.0144
0.15 4.32 15 1.0977
0.075 3.88 11.7 3.1654
0.075 6.23 13.87 2.6582
11.075 6.18 14.03 2.7687
15.625 9.11 14.95 4.9959
23.675 8.15 12.3 5.5777
18.425 7.57 12.57 6.4906
19.25 4.96 9.51 3.7884
6.1 3.14 10.53 3.4134
2.7 2.83 11.07 0.9835
0.2 1.96 10.19 2.4917
2.35 5.58 11.01 4.4154
2.2 7.51 11.62 3.0507
0.075 5.06 14.03 1.1244
0 3.45 13.91 2.4567
0.725 5.1 15.71 3.1446
1.1 6.16 15.93 1.088
0.15 3.2 13.15 1.3238
0 3.09 15.71 1.7314
0 6.01 13.46 2.12
0.675 3.91 17.01 0.618
4.525 7.16 14.94 3.062
1.875 9.75 16.32 3.421
8.925 9.28 12.72 1.6299
1.625 7.26 12.57 2.5621
1.6 8.01 13.45 1.1466
9.1 7.51 11.42 1.4094
0.4 3.15 14.12 0.7807
0 6.01 14.48 1.1358
0 5.91 17.48 1.387
0 4.93 17.92 1.4005
0 3.87 18.72 1.522
0 4.49 19.48 1.3572
0 6.67 19.55 1.7818
0 6.91 20.27 2.3073
0 6.72 19.69 0.8759
0 8.91 15.97 1.0302
0.6 7.26 15.33 2.1365
6.875 7.32 11.62 2.8028
0.6 4.78 13.21 1.846
27.125 4.83 11.1 3.7396
5.45 8.28 14.63 2.5659
0.6 6.74 16.06 0.8668
8.55 7.37 17.69 4.4662
4.225 8.83 15.73 1.1428
0.125 4.49 17.03 0.4278
0 6.24 17.69 1.9801
2.85 7.3 15.85 2.7053
13.1 7 10.87 3.1967
2.95 5.06 13.45 2.6052
0 2.15 13.63 1.1666
0 6.7 16.34 2.2808
0.075 5.12 18.79 1.2418
0.075 5.68 14.68 2.7004
0.15 2.92 12.45 3.7126
1.425 3.47 12.49 2.3197
0 1.16 15.68 0.2232
8.425 4.22 14.15 1.9756
1.6 2.95 14.03 2.5274
0 2.72 16.21 2.2583
0 3.66 18.88 3.3235
0 6.24 23.99 1.2792
0 9.96 24.34 1.0995
0 8.45 23.59 2.7595
0 5.68 25.26 2.0969
0 6.99 24.77 1.5954
0 7.69 22.47 0.3931
0 8.71 20.61 1.9327
0 7.8 22.13 1.629
0 6.07 22.95 1.4803
0 6.6 18.93 2.0981
0 4.69 18.01 2.3212
0 4.26 20.6 2.2225
0 6.31 24.26 0.8905
0 7.14 24.04 2.2919
1.4 6.97 17.93 4.7975
1.05 5.42 14.48 2.5629
0.15 4.39 15.29 0.9217
3.25 3.71 14.28 1.9218
1.1 4.45 13.92 1.7607
12.925 3.82 13.24 2.7875
7.425 5.86 14.48 2.6552
0 4.8 17.17 0.9462
0 4.21 20.43 1.9222
0 6.99 21.7 1.1478
0 8.52 21.63 1.2088
0 8.15 18.32 2.0308
13.85 8.05 14.58 4.6351
10.75 7.61 15.44 4.2522
2.35 5.29 16.62 1.0936
0 6.22 18.76 0.7556
0 6.84 20.8 0.9128
0 8.65 22.13 1.7516
0 8.52 23.13 1.5618
0 7.95 25.29 1.1794
0.625 10.91 25.03 1.4647
24.15 8.11 16.73 2.311
10.2 6.53 11.53 3.4248
1.275 7.13 14.58 2.2196
0.05 7.13 20.05 1.3853
0 9.27 23.93 1.2969
0 11 27.27 1.3476
0 9.38 28.06 0.9611
1.175 10.14 21.5 3.6655
1.525 6.17 15.68 4.4309
0 5.84 17.83 3.6295
0 7.13 19.77 3.5086
0 7.93 23.89 2.2426
0 10.97 26.35 2.0492
0 9.68 29.81 1.0612
0 11.49 26.42 2.3734
0 9.63 23.46 3.936
0 8.16 22.75 2.4674
0 7.23 25.56 0.9614
0 8.77 23.97 2.7581
0.375 8.76 19.29 3.603
2.75 8.3 16.69 2.7751
0.425 5.13 19.22 3.5425
0 7.13 24.34 2.1602
0 9.41 26.72 1.0941
0 10.74 28.26 0.8885
0 10.98 29.05 0.7276
0 12.16 27.29 1.2374
0.55 11.38 20.98 1.7738
0.325 13.12 22.88 1.2724
0 12.01 23.61 1.5198
0 10.52 23.9 3.5436
0 8.84 20.17 4.2906
0 6.36 17.99 3.5931
0 7.41 20.61 4.2326
0 7.9 21.32 2.2516
6.375 8.84 20.59 1.5517
4.7 9.78 22.02 2.4696
4.3 10.09 19.28 2.1576
0.225 7.16 20.21 3.0909
0 11.21 25.7 2.0982
0 11.07 30 1.0732
0 14.93 29.14 2.5437
0 13.87 26.11 2.9769
0 13.19 29.81 2.4541
0 15.87 29.53 2.4241
0 16.95 30.4 2.3941
0 17.09 32.39 1.9932
0 17.64 33.25 2.913
0 15.66 30.55 3.2426
0 13.92 30.4 2.9609
0 13.94 27.26 3.558
0 11.06 25.12 4.7319
0 13.92 28.16 5.0057
0 14.59 31.83 3.4378
0 15.33 34.93 1.0484
0 15.7 35.75 1.8836
0 14.3 31.02 2.7698
0 12.09 29.01 3.145
0 11.81 30.49 1.8887
0 12.29 28.71 2.568
0 9.99 26.11 2.9855
0 9.43 27.19 2.7664
0 12.23 30.36 2.1126
0 13.66 33.02 1.4358
0 16.74 34.1 2.2228
0.575 15.68 31.47 2.2271
1.15 13.91 29.63 2.864
0 15.46 32.7 2.7107
0 19.02 36.72 1.46
0 20.56 38.98 1.8655
0 19.75 36.63 2.8789
0 16.67 33.69 2.9575
0 12.27 31.54 2.8458
0 14.07 30.68 3.0384
0 15.43 32.63 2.5669
0 15.43 35.17 1.0792
0 16.56 35.51 2.0572
0 15.09 32.25 2.6989
0 13.9 32.42 2.5584
0 14.89 33.84 2.7234
0 15.38 34.76 2.4235
0 16.19 37.43 1.8513
0 17.24 35.92 2.0654
0 17.36 34.12 3.01
0 15.57 32.45 2.9494
0 16.74 34.97 1.9457
0 20.55 37.75 1.8321
0 21.54 39.08 2.7017
0 20.78 38.69 2.657
0 19.06 38.89 2.5557
0 17.33 37.14 2.2449
0 16.4 34.91 2.061
0 15.58 33 2.0956
0 13.42 33.89 1.0854
0 15.4 35.08 2.3146
0 17.01 36.19 2.266
0 17.87 35.22 2.7287
0 15.5 32.05 2.6686
0 14.38 30.55 1.8808
0 13.11 30.31 2.2037
0 13.66 32.85 2.1603
0 15.17 33.65 2.2819
0 14.48 33.46 2.2033
0 13.92 33.53 1.9431
0 14.86 34.4 2.2432
0 14.48 34.64 1.42
0 15.67 34.32 1.9588
0 14.1 32.57 2.0143
0 14.04 33.09 1.9852
0 14.23 32.92 2.4161
0 15.66 31.22 2.6193
0 14.47 31.5 1.7698
0 15.1 31.93 1.7105
0 13.79 28.99 2.0235
0 13 30.95 1.2985
0 16.23 32.25 1.7451
0 14.78 31.42 2.5593
0 14.22 31.91 2.8531
0 15.15 35.09 1.4087
0 15.9 33.51 1.4572
0 14.47 32.2 1.5105
0 13.61 33.53 1.9826
0 15.42 34.2 2.244
0 14.23 30.38 1.6303
0 12.33 31.01 1.8969
0 13.83 33.37 2.1487
0 15.95 37.82 1.6184
0 18.17 41 0.4668
0 19.04 36.82 1.8727
0 15.6 33.12 2.2855
0 11.47 27.29 2.559
0 11.66 25.65 2.3759
0 11.72 26.63 2.5663
0 12.34 29.8 1.6624
0 13.53 32.15 0.9476
0 15.81 36.36 0.225
0 16.42 37.64 1.2896
0 16.19 36.44 1.0776
0 16.07 33.96 2.2278
0 16.14 33.97 1.1501
0 14.89 33.53 1.884
0 13.22 28.41 2.5897
0 9.97 24.31 1.9952
0 11.25 27.29 0.811
0 12.08 30.53 0.525
0 13.46 33.38 0.9938
0 13.54 30.84 1.4789
0 11.66 30.87 1.3878
0 11.52 31.07 1.3694
0 12.32 31.62 1.9675
0 13.6 30.99 1.5597
0 14.41 30.63 1.3275
0 13.42 28.45 1.1859
0 13.11 28.54 1.5496
0 12.62 28.04 1.3699
0 10.38 26.62 2.6236
0 9.94 26.6 1.4621
0 11.07 29.53 0.8171
0 12.93 33.96 1.1026
0 15.3 35.19 1.0236
0 14.51 36.94 1.2459
0 16.83 37.97 0.8267
0 17.48 38.34 0.6072
0 16.89 37.1 0.4852
0 16.94 34.43 0.6063
0.825 18.14 35.17 0.8739
2.925 17.75 35.07 1.2615
2.675 13.3 25.74 1.7287
1.025 13.62 21.01 1.1561
0.35 10.47 22.3 0.7436
1.3 12.1 22.88 1.6701
0 10.23 24.73 0.8465
0 10.87 26.9 2.0449
0 11.65 29.03 1.7579
0 14.65 30.3 1.7734
0 15.18 30.89 1.9189
0 14.18 32.61 1.26
0 14.26 34.93 0.4988
0 14.07 34.25 0.311
0.075 15.67 31.49 0.8675
2.125 15.65 28.84 0.9283
0.6 10.57 22.34 1.2023
0 10.82 23.11 1.5279
0 10.96 26.5 0.7463
0.075 11.21 24.93 1.7569
1.35 10.92 22.48 1.4877
7.45 12.39 21.56 1.6856
13.775 13.73 19.3 4.4988
5.525 10.7 18.67 3.2063
0 7.38 19.48 1.8542
0 4.6 20.07 2.5879
0 6.26 23.66 3.4148
1.55 9.86 22.42 2.3192
3.2 11.49 22.41 1.786
0.425 7.77 19.43 1.0748
0 7.77 22.59 1.8929
0 8.1 24.22 2.772
0 9.52 26.06 2.4113
0 10.46 27.9 1.5884
0 11.79 28.88 1.139
0 11.18 27.4 1.913
8.275 8.95 20.46 2.9406
5.175 6.51 15.8 2.5335
0.975 3.4 17.31 0.469
0.625 6.49 17.09 1.6775
0.025 5.38 16.9 2.3952
0 3.1 18.29 1.3825
0 5.07 18.12 2.9451
0 5.25 20.25 1.8277
0 6.76 22.03 2.6896
0 6.92 21.54 1.3284
0 6.09 22.14 1.6601
0 5.82 22.2 1.4482
10.45 6.73 18.33 2.0323
22.025 5.29 12.69 2.8004
11.525 4.47 12.85 4.5146
4.975 5.19 11.89 2.5442
8.275 5.56 12.2 3.4502
4.125 0.79 9.27 1.3629
0 -1.22 10.37 2.807
0.55 -0.71 12.64 3.2249
8.625 3.09 11.67 2.3069
4.15 3.34 12.37 2.3671
0 -0.9 12.18 2.3229
0 -0.68 11.47 3.0099
0 0.52 12.62 2.2359
0 1.82 13.24 2.6815
0.075 5.08 13.08 1.2654
2.275 7.66 15.98 2.618
9.675 8.21 16.74 2.8372
4.875 7.37 18.28 3.5352
0.075 4.53 17.75 2.0937
1.9 6.29 15.81 2.1621
1.225 8.78 16.01 1.1719
0.25 9.44 18.1 1.3398
0.025 10.69 17.3 0.4214
0 10.22 16.03 2.4196
0 9.19 15.37 1.363
11.925 9 12.85 1.562
5.6 4.69 13.45 1.4017
1.65 2.52 11.33 2.1483
18.975 5.16 11.95 3.6519
18.8 9.25 13.68 5.1943
13.15 10.66 15 5.6722
7.05 7.64 13.06 2.3695
4.875 5.07 10.8 2.9113
10.25 8.07 14.28 2.0819
2.5 7.7 14.44 0.3876
0 4.38 13.17 3.0455
14.15 6.44 14.65 5.4631
4.95 4.13 16.01 1.8762
0.05 4.22 13.98 0.7063
26.3 3.94 12.72 2.0609
20.275 6.01 11.92 4.1702
1.4 0.17 10.11 2.319
0.225 -2.15 9.54 1.4318
12.225 1.73 10.42 4.53
21.85 4.06 9.38 4.9659
2.95 3.3 10.16 2.3674
0.1 0.51 9.07 3.113
0 0.45 9.93 3.7209
0.075 1.92 8.12 4.7929
0.05 1.99 7 2.9813
0 2.12 7.48 1.504
0 0.54 5.21 1.6676
0.475 -1.95 7.67 2.8251
1.7 1.52 8.3 3.4932
0.375 4.09 14.31 2.387
0.725 2.76 13.94 1.517
0.275 5.67 12.78 1.251
0 3.32 12.78 2.6558
0 6.64 12.52 1.1436
0 7.89 12.28 0.9849
0 6.95 13.23 2.5828
0 3.72 11.78 1.7391
0 1.89 15.12 3.9735
0 2.11 17.1 3.5314
0 3.57 15.84 2.5602
0 3.53 16.5 3.9846
0 2.48 17.52 1.6409
0.125 4.07 13.67 2.0289
0 3.98 12.66 4.8249
0 4.08 13.35 3.468
0.175 3.41 11.49 1.6725
5.15 3.4 11.47 0.4746
6.425 5.05 13.44 1.7939
0.85 3.11 13.46 1.2224
0 2.15 13.11 1.462
0 0.72 15.03 3.005
0 0.84 14.64 1.9548
0 1.81 16.23 2.3383
0 2.74 17.58 1.7669
0 3.9 19.15 2.0062
0 5.13 20.63 0.8591
0 4.51 21 2.4038
0 1.06 15.4 3.2499
0 0.76 16.79 3.6495
0 1.63 17.78 3.8781
0 2.1 20.52 2.9781
0 2.09 22.01 1.0186
0.15 6.26 19.2 3.8182
5.5 8.9 17.82 4.4559
8.425 6.79 17.16 5.3967
22.275 4.7 10.9 4.606
23.275 3.39 8.68 2.6708
8.55 2.47 10.72 2.7957
0.9 1.89 12.31 0.7399
0 2.65 12.23 0.9872
0 1.58 13.54 0.5583
0.325 1.07 15.08 0.7627
3.375 2.05 12.87 2.0275
10.925 4.88 11.67 5.0693
3.175 -0.81 10.15 1.0956
0.025 -1.65 11.18 0.346
0 -0.63 14.3 2.1583
0.975 0.47 15.91 1.8219
3.2 5.04 16.91 3.9156
1.4 8.41 19.28 1.1555
0 3.72 18.86 1.3814
1.65 6.18 18.47 0.753
8 8.26 18.95 1.7404
3.25 7.91 15.81 4.2826
0.575 6.74 17.08 0.4392
0.05 6.03 19.03 1.3981
0.025 7.38 20.57 0.6411
0 5.93 17.81 1.5009
0.15 5.3 18.33 0.5944
2.475 7.52 19.22 1.2394
1.5 11.45 20.97 1.1799
3.075 10.25 22.22 1.3305
3.075 11.21 22.4 2.0457
1.5 5.04 18.39 0.921
8.7 4.3 16.52 3.491
14.6 4.76 13.21 4.6919
31.15 6.52 11.67 5.0997
16.425 4.62 11 2.2274
2.075 2.96 14.38 1.5314
6.175 5.32 14.7 5.1971
17.825 6.99 12.64 5.3434
8.525 4.39 12.64 3.5227
11.975 7.11 13.66 3.035
2.275 5.4 14.82 1.2863
0 7.99 16.66 0.8875
0 5.8 19.86 1.7966
0 8.35 22.15 2.2782
0 10.02 24.84 2.398
0 10.72 27.46 1.7043
0 12.53 27.34 1.2299
0 8.59 20.89 1.6809
0 6.21 24.09 1.6439
0 8.6 25.13 1.6623
0.65 9.1 24.1 2.2069
7 6.23 19.45 3.4421
2.45 2.85 13.23 1.5786
0 2.24 16.1 1.4364
0 3.29 18.86 0.6003
0 5.92 18.85 1.8528
0 5.5 19.95 1.9198
0.1 4.63 18.25 2.5803
0.05 4.11 17.11 0.73
0 5.82 21.66 0.8029
0 8.96 24.39 1.8652
0 10.39 25.45 2.3823
0.1 11.69 23.63 2.4416
0.05 12.94 22.34 1.5684
0.25 12.94 22.83 1.9588
0.375 12.14 21.84 2.0237
0.75 8.63 20.71 1.073
0.35 7.63 21.55 1.0352
0.125 9.48 21.67 1.8707
0.05 9 21.99 2.0548
0 6.74 21.6 2.9216
0 6.37 22.96 1.2773
0 8.14 23.31 2.4333
0 8.18 21.87 4.8081
0 6.73 22.04 3.5543
0 6.54 25.68 1.6959
0 8.5 27.98 0.5259
0 10.18 27.9 1.208
0 11.88 29.57 2.8693
0 12.96 32.7 0.8885
0 11.53 29.77 1.664
0 8.72 25.91 2.0473
0 10.15 24.15 2.8206
0.675 6.15 19.28 3.1987
0.35 6.91 22.58 2.6939
0 7.69 25.48 1.9281
0 9.47 26.92 1.4396
0 9.78 27.31 1.0425
8.875 9.14 23.22 2.6414
7.9 7.38 18.21 2.3868
1.6 6.09 16.49 1.5108
8.425 8.27 16.84 3.3733
6.225 9.31 17.56 2.213
0.2 7.54 22.86 2.9968
0 9.48 26.47 1.9174
0 11.26 27.14 2.3815
0 9.83 25.82 3.3971
0 8.56 22.84 4.6714
0 7.68 23.66 2.6555
0.875 9.87 22.35 2.508
0.375 7.97 22.45 2.2586
0 9.84 22.61 3.0282
2.825 8.56 22.6 4.0542
0.65 7.92 20.91 4.7513
0 8.11 22.42 2.6468
0 8.34 23.67 2.2668
0.65 11.5 21.59 2.5754
0.225 7.28 20.56 1.6236
0.425 7.87 21.85 0.524
17.55 9.51 20.18 3.5487
17.775 12.9 22.18 0.9515
12.9 12.33 22.6 3.0008
0.025 10.08 23.62 2.3243
0 11.06 27.02 3.1014
0 12.12 29.74 1.9093
0 12.58 29.62 2.9289
0 11.85 26.05 3.2752
0 11.67 28.5 2.7832
0 13.1 30.27 2.7664
0 15.56 33.04 2.4428
0 17.05 34.2 2.2389
0 16.14 33.08 2.8396
0 13.99 31.36 1.9618
0 13.4 31.66 2.7385
0 14.68 32.26 2.2761
0 16.18 33.72 0.6975
0 18.68 37.15 0.8447
0 20.12 38.64 2.456
0 16.5 36.63 2.4568
0 13.44 32.95 2.5353
0 13.34 32.3 2.7203
0 14 32.2 2.598
0 14.78 33.75 2.651
13.6 15.67 32.18 2.0831
8 13.47 24.98 2.2606
0 12.32 27.58 2.4579
0 13.28 30.74 1.7747
0 15.84 34.18 1.2554
0 16.27 37.04 0.9636
0 18.47 38.71 1.5573
0 18.86 39.11 1.7396
0 19.81 39.24 2.4835
0 19.39 39.17 2.5592
0 17.9 37.72 2.0285
0 16.88 37.6 2.5027
0 13.69 35.54 2.2868
0 13.08 33.09 2.3195
0 12.23 32.03 2.4373
0 13.33 31.43 3.0532
0 12.19 29.33 2.764
0 11.92 28.05 3.3491
0 12.35 28.9 2.999
0 12.4 28.87 1.9469
0 13.63 30.46 1.0978
0 14.71 31.44 1.9635
0 15.19 31.7 1.7816
0 15.88 35.37 2.3182
0 15.76 35.41 2.7105
0 16.41 34.91 1.9308
0 16.2 34.99 1.6826
0 15.19 34.77 2.0862
0 13.61 34.27 2.081
0 14.22 34.64 1.7438
0 14.41 35.81 1.822
0 15.95 36.55 2.5205
0 15.34 36.27 2.9432
0 17.58 36.37 1.9637
0 17.15 34.43 1.2625
0 15.85 34.8 1.7549
0 15.73 35 2.0488
0 14.09 33.28 2.9231
0 13.66 33.09 2.4369
0 15.32 33.79 2.9235
0 15.56 32.48 2.3711
0 14.52 33.44 1.8403
0 14.06 34.28 1.9494
0 15.65 34.88 2.2331
0 14.93 34.24 2.6164
0 14.95 33.2 1.9993
0 16.74 34.59 1.281
0 16.8 35.08 2.0872
0 15.02 34.47 1.6797
0 14.46 34.34 1.6257
0 14.61 34.5 1.8739
0 14.88 34.93 2.0007
0 14.81 33.93 2.7119
0 13.53 33.1 1.8387
0 13.42 32.17 1.2394
0 14.02 32.11 1.1507
0 14.96 34.67 1.0798
0 16.98 36.06 1.899
0 15.9 35.36 1.164
0 17.08 35.93 0.6689
0 17.54 35.65 1.0375
0 17.2 36.43 1.2947
0 15.76 35.4 1.8676
0 14.77 34.58 1.7083
0 14.08 33.18 1.6531
0 14.94 32.94 0.7919
0 15.62 34.72 0.4745
0 15.81 35.67 0.9064
0 15.53 34.67 1.0346
0 13.54 33.66 1.7929
0 14.54 35.15 1.0591
0 15.58 36.17 1.2038
0 15.25 35.65 1.2464
0 15.66 35.99 1.4589
0 18.04 36.69 0.7322
0.15 16.95 32.1 1.5645
0 15.43 30.68 1.6179
0 15.14 33.22 0.8078
0 16.97 33.71 1.553
0 15.28 33.06 2.3438
0 13.19 30.77 1.7182
0 11.5 30.26 1.8147
0 13.31 31.02 0.6471
0 14.73 33.62 0.4433
0 16.36 35.85 1.1212
0 15.8 36.66 0.7854
0 16.83 36.43 0.5323
0 16.96 37.43 0.6183
0.05 18.09 37.65 1.5339
0.025 13.91 28.6 2.07
0 12.31 25.8 2.2171
0 12.88 29.78 1.1068
0 15.33 33.9 0.6652
0 15.34 34.83 0.9759
0 15.36 31.69 1.1129
0 12.67 28.71 1.9875
0 12.75 27.4 1.6225
0 12.02 25.07 1.7383
8.675 12 24.02 2.0286
18.85 11.36 23.44 3.2868
3.8 8.93 18.11 0.8421
1.125 6.87 18.71 0.9676
0 7.73 22.3 1.0682
0 8.83 24.74 1.1843
0.325 11.44 24.57 1.367
0.15 13.87 24.7 1.5094
0 13.03 26.07 1.101
0 11.61 28.86 0.9035
0 13.73 30.45 0.5835
0 14.86 30.47 0.8962
0 14.39 28.5 1.0112
0 13.08 29.44 1.4223
0 13.71 30.03 1.1372
0 13.13 27.75 1.2116
0 12.11 26.3 0.9292
0 11.29 26.71 1.0668
0 12.41 28.43 1.9674
0 11.07 29.21 1.3485
0 11.57 29.24 1.5035
0 10.81 25.18 1.3599
0 7.6 23.97 2.4979
0 7.2 22.46 2.8557
0 7.42 24.17 1.6631
0 7.71 24.7 1.0353
0 8.28 25.26 1.9563
0 8.81 26.37 0.6437
0 9.75 26.29 3.1591
0 7.36 23.35 3.9665
1.625 5.85 23.6 2.918
1.675 5.82 18.77 1.6268
2.3 2.55 14.14 0.3158
3 4.92 14.64 1.2533
0.125 4.6 14.92 0.7504
0 2.22 15.54 1.9177
0 2.14 17.35 2.9609
0 2.59 19.15 3.248
3.425 7.49 18.47 4.0446
1.25 7.66 18.95 0.9042
0 7.45 18.65 0.4433
0 8.45 18.27 1.1469
0 5.79 18.57 0.8975
0 5.06 19.45 0.9786
0 5.74 20.82 0.7557
0.1 6.54 19.76 2.6408
2.4 4.12 15.06 1.9252
2.95 4.03 14.27 4.0758
0 2.84 13.55 1.8479
0 2.22 15.23 2.6401
0 3.08 15.52 3.8989
0.45 5.98 15.97 1.8141
1.525 4.12 16.01 0.6018
0 4.51 17.04 2.649
0 3.76 15.92 2.2486
0.15 4.37 19.24 1.0462
0 4.89 12.98 1.5066
0 5.65 16.77 3.9152
0 4.36 18.73 7.4473
0 2.3 17.27 3.2627
0 1.11 16.8 4.0416
0 -0.88 16.05 2.4699
0 -1.66 14.58 3.4065
0 -1.31 15.12 2.8962
0 -1.14 15.2 2.9441
0 -0.82 15.36 2.7317
0 -1.17 15.47 3.8708
0 -1.11 16.5 2.8595
0 0.28 15.55 0.5395
0 2.38 12.59 1.4015
0 1.52 14.25 1.3047
0 -0.58 14.61 0.9933
1.375 1.31 12.75 0.8591
0.525 -0.53 12.25 4.7509
0 -0.86 12.15 4.0685
0 -0.65 11.94 2.255
0 1.4 15.19 3.8276
0 -0.68 12.26 3.8538
0 -2.17 12.9 3.0852
0 -2.67 15.1 4.4345
0 -2.79 13.21 3.8104
0 -3.33 13.18 4.5822
0 -1.64 15.06 3.309
0 -2.46 15.36 1.158
0.025 -1.54 14.82 1.1599
0 -0.39 15.63 1.2977
0 3.29 15.84 0.8397
0 3.63 15.97 0.9261
0 2.73 13.62 2.2668
