0 5.74 7.94 1.5134
2.525 6.83 8.52 0.8956
0 0.59 10.09 2.0041
0 -2.35 10.8 2.9906
0.875 3.75 7.97 1.715
0 1.62 9.63 0.3146
0 0.31 9.08 1.4176
0 1.71 11.15 1.1896
0 1.85 13.4 3.7279
0 0.39 14.63 3.5259
0 -0.01 15.6 2.4959
0 0.82 17.43 5.0346
0 1.39 19.78 4.1769
0 1.34 19.05 3.7848
0 1.07 19.76 3.7685
0 3 19.53 4.826
0 2.16 19.66 3.9269
0 2.46 20.09 4.3945
0 0.91 20.77 4.6683
0 1.73 20.06 3.2463
1.45 5.61 14.03 2.5975
8.675 10.16 14.15 2.0691
15.8 11.3 13.65 1.6887
1.7 10.34 16.68 1.7301
6.75 5.97 13.93 3.0961
0 4.28 12.43 1.3339
0 1.45 12.92 0.9926
0 0.95 14.25 1.5422
0 1.7 15.89 3.6953
0 2.06 17.99 4.1393
0 2.2 19.08 2.4719
0 2.81 17.82 2.5234
0 3.01 19.66 4.0252
0 2.74 20.23 3.7697
0 2.88 19.59 2.9424
5.725 9.73 15.77 3.1073
3.2 8.82 15.04 3.2842
0.05 7.35 16.42 2.3952
1.575 4.67 16.17 1.2055
0 4.43 12.41 2.9302
1.075 0.44 12.97 0.3071
4 6.23 13.37 2.2884
0.825 5.44 12.92 1.2916
11.6 5.84 10.94 2.87
0.125 6.3 13.54 3.6757
3.475 8.77 12.2 6.6938
10.625 8.62 12.97 5.4077
5.5 8.07 12.02 4.4682
0 3.41 15.34 1.7739
0 3.93 17.99 3.4822
0 4.91 18.09 2.6926
0.475 4.57 15.79 3.5242
2 11.96 15.7 4.3544
10.575 10.15 18.69 3.1803
0.05 8.21 18.5 1.422
0 9.81 18.52 1.619
0.675 9.23 19.18 1.9994
0 5.88 16.96 0.6011
0 6.65 17.53 3.4006
2.4 11.85 16.25 3.1717
2.625 11.24 19.12 4.2882
3.1 9.73 15.95 4.9537
3.475 5.76 14.32 2.4379
0 3.31 15.44 1.1959
0.05 4.62 15.06 1.8689
0 3.6 16.45 0.3471
0 3.27 18.6 1.5151
0 4.81 13.11 2.8607
0 1.38 14.78 0.8367
0 1.52 17.49 0.4679
0 5.48 19.73 1.5827
0 4.79 21.25 1.544
0 6.45 16.48 1.4891
0 7.86 20.31 2.1061
0 8.41 21.4 2.4454
0 9.52 21.25 1.1769
0 9.54 22.41 1.6833
0 10.51 25.95 1.7488
0 10.32 24.3 1.4085
3.175 8.94 18.8 1.4964
1.425 7.03 14.92 3.6797
0 4.54 15.77 2.5727
0 3.03 20.62 1.9288
0 5.66 22.82 1.3728
0 10.24 25.04 2.3188
0 11.26 25.21 1.6934
0 9.89 26.83 1.5043
0 10.7 20.04 3.8363
0 7.64 20.62 2.2189
0 5.51 23.4 0.9266
0 11.61 25.62 3.3289
0 8.92 22.26 2.7964
0 8 20.06 5.103
0 6.33 20.06 1.8314
0 5.04 25.62 2.2286
0 7.64 28.4 1.6591
8.6 10.05 19.76 1.2428
0.575 9.88 18.52 2.5287
4.7 10.16 15.31 1.7559
1.85 9.73 18.15 2.3983
0 6.06 20.62 3.7487
0 8.47 24.36 1.9124
0 10.53 23.27 2.7862
0 8.6 16.65 5.3901
0 6.93 18.27 5.3876
0 5.55 22.16 2.9013
0 7.44 26.2 1.6383
0 10.77 28.85 2.0692
0 11.9 33.27 2.0924
0 14.6 35.37 1.4991
0 15.28 35.93 1.4165
0 15.59 36.43 1.5629
0 13.04 26.56 1.9192
0 8.72 21.64 2.9847
0 5.56 23.37 3.3041
0 5.71 22.69 2.3057
0 7.81 22.02 2.2562
0 5.2 18.5 2.8729
0 5.95 21.58 2.0296
0 7.44 23.93 2.0663
13.875 14.01 21.93 1.6755
0.725 13.6 20.57 2.4768
0.15 14.52 22.77 3.2634
0 13.96 26.13 1.7643
0.125 16.89 27.79 3.2418
0 14.08 29.21 1.5991
0 13.1 28.53 3.3147
0 14.11 29.94 2.4659
0 12.84 31.56 2.414
0 13.78 32.69 2.0282
0 14.66 31.56 3.2716
0 12.25 28.1 3.472
0 12.93 29.54 3.3361
0 14.64 29.89 3.266
0 15.22 33.27 2.726
0 15.66 37.72 1.3137
0 19.5 40.9 0.2016
0 20.7 37.87 1.91
0 17.5 32.29 2.1144
0 14.13 29.89 1.4981
0 13.63 33.1 1.3072
0 13.4 32.79 2.3625
0 12.44 28.91 2.9202
0 11.01 26.1 2.7813
0 10.65 30.47 2.5507
0 14.69 34.34 2.0963
0 18.27 36.58 1.3252
0 18.63 36.13 2.3123
0 16.45 32.62 2.3619
0 13.65 30.07 2.6336
0 13.6 30.53 2.4037
0 13.55 28.35 2.5637
0.05 15.65 28.25 2.399
0 16.25 29.1 0.7468
0.075 13.78 26.54 2.2166
1.1 14.05 22.41 2.6568
0 12.94 26.17 1.6809
0 12.92 28.93 2.5476
0 13.52 29.34 2.608
0 12.92 26.81 3.2947
0 14.47 26 2.9204
0 13.75 27.29 3.4237
0 14.03 26.88 2.682
0.6 15.8 27.39 3.2299
0 14.15 27.41 2.2387
0 14.11 26.25 2.4519
0 14.26 30.57 2.9477
0 14.76 30.14 3.2831
0 15.96 36.03 2.5473
0 17.84 34.48 3.1915
0 12.93 29.59 3.4133
0 11.29 27.69 3.5299
0 14.19 32.72 1.9739
0 15.51 36.05 1.0024
0 17.71 37.77 1.7374
0 15.75 35.02 2.5929
0 15.05 33.95 1.9445
0 18.27 40.06 1.1992
0 22.03 43.15 1.0616
0 22.25 41.97 2.5091
0 18.51 37.79 2.4905
0 18.1 36.23 2.1851
0 16.45 36.78 1.9126
0 16.23 36.81 2.5662
0 16.45 33.96 2.3578
0 15.88 32.15 2.5254
0 12.97 31.68 2.4142
0 13.72 32.77 2.5071
0 14.73 32.26 2.77
0 15.5 31.85 2.8174
0 13.97 32.51 2.2224
0 18.63 31.96 1.8672
0 19.28 33.5 2.3109
0 17.02 35.37 1.9448
0 17.81 38.54 0.9015
0 18.79 39.32 1.5497
0 20.25 39.05 1.5975
0 20.32 39.76 1.5967
0 22.09 40.31 1.9149
0 22.36 41.07 1.449
0 20.73 38.62 2.4035
0 18.45 35.8 2.54
0 17.71 34.2 2.594
0 16.56 34.73 2.1793
0 14.45 31.93 2.1025
0 13.82 33.65 2.1555
0 17.29 37.41 1.9624
0 19.74 38.54 2.1332
0 18.8 35.27 2.5309
0 16.52 33.17 3.0054
0 15.54 32.2 2.8327
0 16.02 33.07 3.1369
0 17.42 34.3 2.7924
0 14.98 31.96 2.6551
0 14.96 30.54 2.1351
0 14.96 32.08 1.7746
0 16.12 31.5 2.0141
0 14.7 26.42 2.5792
0 14.35 28.65 1.9237
0 15.44 32.99 1.9379
0 17.2 35.87 1.3176
0 18.97 37.99 1.3817
0 19.91 35.82 2.8293
0 17.72 37 2.8957
0 19.57 34.68 3.2731
0 17.53 30.97 3.1871
0 13.45 32.99 1.892
0 15.18 35.34 1.0238
0 16.19 35.19 1.2473
0 16.48 35.31 0.9213
0 17.69 34.83 1.4055
0 14.98 31.96 2.4392
0 15.77 36.45 2.0214
0 19.38 36.17 2.14
0 18.59 33.55 2.2919
0 13.37 31.67 1.5335
0 14.23 33.87 1.4601
0 16.18 34.45 0.3827
0 16.99 36.32 1.7513
0 16.9 37.99 2.0319
0 19.43 39.66 1.8256
0 18.98 38.29 2.2587
0 17.11 32.06 1.2132
0 16.62 35.41 0.6014
0 21.02 36.42 0.8826
0 21 38.65 2.0643
0 17.1 34.86 2.6549
0 13.54 30.34 2.1095
0 15.54 28.52 2.3076
0 14.66 30.34 2.3618
0 13.99 32.15 0.9564
0 15.47 33.67 1.1757
0 17.13 35.91 0.65
0 17.48 37.41 1.2928
0.575 17.48 31.22 2.2588
0.05 14.86 26.01 1.8435
4.225 15.46 25.87 2.3538
0 14.28 29.37 1.9586
0 15.97 31.45 2.179
0 15.51 33.11 1.3246
0 16.36 36.82 0.7348
0 18.44 34.72 1.6802
0 17.03 33.16 1.1019
0 17.3 35.48 1.518
0 17.43 37.02 1.7797
0 16.16 36.9 1.211
0 16.03 35.87 0.8011
0 15.46 35.48 0.8204
0 15.63 37.15 1.0696
0 16.66 37.15 0.3521
0 18.14 32.03 1.665
0 13.58 22.58 2.6183
0 9.43 24.1 2.5942
0 10.9 26.57 2.206
0 8.71 28.38 1.0077
0 10.87 24.35 3.347
0 7.24 19.78 3.3193
0 7.54 21.47 0.4438
0 6.92 23.69 1.992
0 8.59 27.15 0.9859
0 9.94 24.35 1.4123
0 9.3 24.9 0.644
0 9.81 25.44 0.4413
0 9.94 22.46 1.6225
0 9.4 20.34 1.9848
38.575 13.77 17.68 6.9943
0.2 15.99 24.88 4.055
0 17.76 27.08 1.2697
0 16.05 26.57 2.4375
0 14.04 26.59 1.437
0 15.5 25.99 1.6342
0.075 10.84 18.67 1.805
0 11.09 20.91 1.356
0 9.57 23.09 1.2068
0 11.24 23.69 1.1189
0 11.26 25.46 1.5208
0 11.36 26.01 1.6268
0 12.27 25.36 1.4919
0 10.5 27.27 1.2602
0 11.67 18.65 4.9264
0 7.91 17.58 4.8054
0 5.24 18.59 0.8519
0 5.45 21.72 0.361
0 6.36 22.7 0.9409
0 8.03 23.67 1.1294
0 8.13 25.34 1.2141
0 8.56 25.05 1.1609
0 8.69 24.94 1.8223
0 9.02 21.57 2.5498
0 8.46 22.92 0.4855
0 10.06 19.66 2.0232
0 5.68 18.69 2.0428
0 3.69 17.7 1.005
0 7.71 17.7 0.9752
0 7.95 17.02 0.8818
0 8.16 17.43 2.279
0 4.37 16.45 1.6025
0 3.61 16.47 1.2721
0 0.89 17.53 2.3086
0 1.49 19.17 1.728
0 2.02 19.47 0.8674
0 6.25 16.3 2.5318
0 0.53 15.4 1.9673
0.45 3.77 17.78 3.0941
0 2.98 12.58 1.3908
0 1.39 17.56 0.4479
0 4.17 14.8 1.6784
0 1.77 17.7 3.1262
0 1.36 19.78 3.273
0 2.62 20.03 2.0754
3.5 5.83 14.7 1.282
0.1 7.2 19.22 5.2492
0 1.15 15.77 4.4437
0 0.96 16.88 3.5992
0 0.93 17 1.2185
0 0.38 15.44 1.4689
0 0.82 14.5 1.4436
0 0.74 15.44 1.6684
0 1.44 11.83 1.1022
0 -4.18 9.37 1.5086
12.325 -1.46 7.39 0.7043
0.175 -3.75 8.11 0.3154
0 -2.23 7.66 1.8608
1.15 1.94 9.35 3.358
10.225 5.56 11.31 3.2284
8.45 9.73 13.11 3.9532
2.3 7.09 13.62 3.4228
0 5.3 14.98 0.5396
0 5.05 14.76 3.3908
1.25 8.09 14.76 2.856
0 7.08 11.83 2.1074
0 6.67 10.77 2.5239
0 5.01 11.47 3.8746
0 4.62 13.24 2.7549
3.575 7 12.63 1.6215
0 5.39 12 3.7412
0 1.85 10.51 1.8965
0 -1.1 12.02 3.6745
0 -0.56 14.22 3.9018
0.625 1.84 9.76 4.0115
5.725 5.56 14.28 2.1628
1.525 5.99 8.21 2.7507
1.125 3.42 12.06 0.7628
0.35 7.68 14.48 1.3032
0 6.69 11.62 2.6652
0 6.21 14.25 2.1938
0.05 4.9 11.95 1.1369
0 7.7 9.8 3.7468
0 3.99 12.64 2.9222
0 4.89 9.53 2.9904
0 4.86 8.65 3.041
0 2.7 7.53 2.3083
0.275 4.9 8.89 2.7612
0 6.45 9.22 2.4835
0 5.48 7.97 2.3374
0.05 5.87 9.25 3.1977
1.95 6.36 17 4.821
14 8.61 17.13 2.0338
0.05 5.31 15.06 1.0312
0.05 4.73 10.79 3.0597
0.05 7.41 12.59 2.8768
10.775 7.13 12.58 2.8593
14.275 9.3 14.73 5.1009
24.375 7.27 12.41 5.5954
16.1 8.09 13.07 6.4408
15.975 5.47 9.2 3.6204
2.1 3.03 10.61 3.1555
1.475 2.91 12.56 1.0485
0 2.25 9.8 2.525
2.375 6.74 10.99 4.6123
2.225 7.37 11.47 3.0004
0.05 5.51 13.82 1.0353
0 3.16 13.79 2.2882
0.55 5.44 15.87 3.0589
0.775 6.22 15.46 0.9572
0 3.7 12.25 1.3139
0 3.2 15.89 1.7286
0.025 6.84 12.33 2.145
0.45 3.89 17.1 0.6173
3 7.81 14.35 3.1892
0.95 10.44 16.14 3.3407
7.725 9.15 12.13 1.5903
0.35 6.97 13.11 2.5039
1.4 7.53 14.22 1.0884
10.225 7.35 11.39 1.0061
0.05 3.46 14.78 0.8228
0 7.25 14.78 1.1499
0 5.9 18.38 1.5212
0 5.2 17.66 1.251
0 3.96 18.62 1.4605
0 4.57 19.73 1.4845
0 6.97 19.88 1.8622
0 6.87 20.36 2.238
0 7.2 18.82 0.7711
0 9.94 14.86 0.9489
0 6.87 15 2.0162
7.1 7.23 11.42 2.6461
0.05 5.68 14.25 1.7357
30.425 6.01 10.31 3.7175
3.025 9.35 15.46 2.4638
0 8.11 17.1 0.8888
4.775 8.82 18.07 4.5203
2.05 9.25 14.9 1.0127
0 4.57 17.94 0.4704
0 6.82 18.07 1.8311
3.125 7.62 14.9 2.7501
12.5 6.6 10.81 3.1743
0.575 5.58 14.2 2.4295
0 2.35 13.94 1.0658
0 8.21 17 2.2002
0 5.23 18.77 1.3201
0 5.51 14.2 2.7572
0 3.85 13.11 3.6348
2.375 4.4 12.58 2.3479
0 1.26 16.85 0.1897
8.3 5.13 13.72 1.9717
0 3.29 13.82 2.5374
0 3.31 16.62 2.1745
0 4.17 19.8 3.1313
0 6.8 24.26 1.28
0 11.4 23.89 1.3181
0 9.11 23.31 2.7625
0 5.81 24.86 2.1368
0 7.43 23.97 1.4301
0 8.02 21.67 0.4555
0 9.38 19.93 2.1266
0 8.82 22.56 1.4686
0 6.47 23.93 1.2373
0 6.8 18.35 2.0503
0 5.15 18.67 2.238
0 4.6 21.32 1.9894
0 6.9 25.6 0.8102
0 7.92 24.11 2.3414
0.7 8.14 16.85 4.5501
0.75 5.99 15.21 2.4134
0 5.41 16.17 0.926
2.25 4.52 14.18 1.8524
0.05 4.7 14.22 1.6609
10.925 4.04 13.21 2.8113
5.95 6.57 15.21 2.444
0 4.24 17.97 0.9683
0 4.67 21.45 1.8448
0 7.48 21.96 1.5169
0 9.21 21.9 1.4113
0 8.46 17.53 2.0484
15.275 8.11 14.37 4.8744
4.85 7.66 15.84 4.0681
0.05 5.54 18.11 1.1132
0 6.93 19.32 0.7903
0 7.18 21.88 0.9952
0 9.71 22.53 1.3743
0 9.23 23.65 1.5532
0 8.27 26.17 1.2024
0 11.76 25.27 1.3487
24.875 7.81 15.19 2.2288
7.5 7.1 10.91 3.5707
0.3 7.51 16.22 2.3814
0 6.56 22.43 1.3809
0 9.4 24.76 1.4989
0 11.48 28.14 1.3949
0 8.98 28.47 1.0456
0.075 9.85 20.19 3.6264
1.35 6.67 15.62 4.2041
0 5.92 18.42 3.5131
0 8.34 21.35 3.5518
0 9.26 25.21 2.3715
0 12.3 27.46 2.1592
0 9.65 31.17 1.2303
0 12.23 26.3 2.4947
0 10.41 23.42 4.0749
0 9.37 23.47 2.6324
0 7.79 26.85 1.2069
0 9.8 24.05 2.7433
0.2 9.35 18.85 3.5153
3.525 7.86 16.55 2.6573
0 5.57 21.2 3.3841
0 8.29 26.2 2.2191
0 10.21 27.86 1.2611
0 11.48 29.05 1.1042
0 11.45 29.68 0.9051
0 12.74 26.98 1.2646
0 11.45 19.12 1.8092
0 13.65 23.95 1.1338
0 12.06 24.03 1.4478
0 10.13 24.41 3.5819
0 9.83 19.92 4.2474
0 6.77 18.85 3.5396
0 8.19 22.21 4.2359
0 8.15 21.68 2.2057
8 9.76 20.87 1.6066
5.65 10.75 22.51 2.3409
6.975 9.94 19.25 2.07
0 7.71 21.07 2.9217
0 12.67 27.74 2.2181
0 12.39 31.35 1.4026
0 16.1 29.36 2.5668
0 14.3 25.74 3.0069
0 13.29 31.15 2.3324
0 16.96 30.06 2.2595
0 17.82 31.17 2.2481
0 17.59 33.4 1.9208
0 18.12 33.65 2.8176
0 15.9 30.19 3.3024
0 14.18 30.72 3.0691
0 14.02 26.68 3.4485
0 12.08 25.09 4.7391
0 15.48 29.96 5.0523
0 15.95 32.89 3.3835
0 16.15 36.2 1.1073
0 16.01 36.98 1.9525
0 14.43 30.14 2.7683
0 12.59 28.98 3.2567
0 12.76 31.75 2.1643
0 13.21 28.17 2.6257
0 10.51 25.72 2.9696
0 9.86 27.86 2.8814
0 12.84 31.35 2.2967
0 14.1 34.1 1.53
0 17.95 34.94 2.3715
0 15.76 31.08 2.3041
0.725 13.79 29.2 2.9281
0 15.39 33.57 2.8054
0 19.48 37.86 1.6483
0 20.76 39.53 1.953
0 20.27 36.1 2.8406
0 16.9 33.35 2.989
0 12.37 31.28 2.9741
0 14.83 30.64 3.1599
0 16.42 33.42 2.788
0 16.35 36.17 1.2177
0 17.28 35.72 2.0542
0 14.94 31.25 2.7189
0 13.31 32.39 2.5784
0 14.38 33.6 2.8211
0 14.86 34.59 2.5007
0 16.23 37.82 1.8812
0 17.03 35.57 2.0074
0 17.01 33.43 2.9336
0 15 31.85 2.827
0 16.78 35.62 1.9407
0 21.26 38.4 1.9381
0 22.39 39.08 2.7121
0 20.83 38.35 2.6029
0 18.97 38.95 2.5423
0 17.57 36.73 2.2917
0 16.15 34.03 2.0546
0 15.37 31.93 1.9885
0 12.88 34 1.1356
0 15.65 35.16 2.3389
0 17.01 36.28 2.2932
0 17.67 34.15 2.7588
0 14.81 30.65 2.6576
0 13.75 30.14 1.9018
0 12.78 30.19 2.1768
0 13.27 32.97 2.2327
0 15.04 33.5 2.3248
0 14.64 33.37 2.181
0 14.11 33.52 1.8981
0 14.91 34.63 2.1969
0 15.12 34.63 1.476
0 16.31 34.05 2.0038
0 13.85 31.81 2.0647
0 14.11 32.99 2.0173
0 14.28 32.66 2.3925
0 15.9 30.72 2.5399
0 14.28 31.42 1.7212
0 15.34 31.98 1.719
0 13.7 28.09 1.9757
0 13.17 31.35 1.3839
0 17.29 32.53 1.8379
0 14.43 30.87 2.5755
0 13.85 31.71 2.874
0 15.22 35.64 1.5595
0 15.9 32.64 1.4971
0 14.26 30.99 1.485
0 13.98 33.57 2.029
0 15.85 34.08 2.2428
0 14.3 28.62 1.617
0 12.59 29.78 2.0275
0 14.47 34.19 2.1584
0 16.47 38.57 1.4818
0 18.73 41.22 0.4349
0 19.11 35.72 1.7657
0 15.68 31.96 2.2847
0 11.46 25.67 2.5435
0 12.44 26.63 2.4143
0 12.25 27.29 2.6066
0 13.02 30.81 1.8479
0 14.81 32.59 1.1951
0 16.75 36.71 0.2021
0 17.17 36.77 1.3104
0 16.72 35.14 1.0918
0 16.51 33.36 2.3577
0 18 33.55 1.1813
0 15.66 32.78 1.7453
0 14.22 25.26 2.5331
0 11.03 25.03 1.9734
0 12.95 27.64 0.9951
0 13.43 30.99 0.5075
0 14.01 32.9 1.0488
0 13.81 29.08 1.4651
0 10.77 29.45 1.404
0 11.53 30.58 1.5832
0 12.94 31.33 2.0902
0 14.71 30.24 1.5742
0 15.05 29.46 1.2248
0 13.56 26.94 1.1253
0 13.69 27.9 1.689
0 12.99 27.23 1.5866
0 11.23 25.43 2.5826
0 10.4 27.25 1.603
0 12.12 29.91 1.002
0 13.88 33.81 1.2335
0 15.19 35.06 1.3677
0 15.14 36.18 1.3814
0 18.08 37.27 0.9234
0 18.76 36.98 0.6511
0 17.4 35.93 0.5652
0 17.09 32.51 0.7693
0.275 18.61 34.2 0.672
2.025 17.31 34.38 1.1267
0.425 13.3 23.91 1.8748
0.425 13.94 20.7 1.4427
0.1 10.94 23.81 0.7146
0.5 12.93 23.53 1.5146
0 10.8 25.26 0.8094
0 11.28 27.08 2.0932
0 12.96 29.65 1.8849
0 15.54 29.77 2.0564
0 16.11 31.28 1.8269
0 14.64 32.71 1.1632
0 14.9 35.02 0.4348
0 15.03 33.4 0.2418
0.05 16.57 29.88 0.8053
2.55 14.04 29.81 0.9598
0.25 10.61 22.21 1.3483
0 11.31 23.91 1.5273
0 12.01 27.31 0.7239
0 10.76 22.84 1.6674
0.425 10.95 21.65 1.3919
8.25 12.59 20.65 1.8025
8.7 13.88 19.22 4.5176
2.2 11.37 19.06 3.0608
0 9.1 19.39 1.9067
0 5.43 20 2.4582
0 8.05 24.81 3.4952
0.975 10.26 20.21 2.414
2.525 11.44 21.49 1.7674
0.15 8.6 21.79 1.1614
0 8.44 22.63 1.8878
0 8.9 24.41 2.6238
0 9.83 26.31 2.1954
0 11.1 27.03 1.4374
0 12.65 28.42 1.2168
0 11.49 25.05 1.8128
3.425 9.48 17.92 2.9447
2.15 7.18 16.29 2.4737
0.35 4.33 17.9 0.4026
0.225 8.27 17.54 1.6841
0 7.33 17.33 2.3378
0 3.8 18.41 1.3371
0 5.86 17.68 2.9018
0 5.98 20.81 1.9488
0 7.32 22.57 2.828
0 6.98 20.88 1.5161
0 5.91 21.88 1.4202
0 5.99 21.68 1.2698
5.6 7.08 15.6 1.7282
18.025 5.82 12.92 2.6757
4.75 5.15 13.09 4.1855
1.975 6.21 13.51 2.3714
2.675 5.34 11.92 3.2247
1.625 1.51 10.16 1.4957
0 -1.07 10.52 2.5477
0 -0.76 12.41 3.1475
6.975 3.97 9.86 2.147
1.875 3.3 11.71 2.2539
0 0.51 11.5 2.2902
0 0.39 11.44 2.944
0 1.04 12.45 2.1631
0 2.23 11.5 2.6888
0.025 5.18 12.12 1.1852
3.675 7.78 16.23 2.8692
7.575 8.33 16.53 3.0769
1.525 6.25 17.36 3.6465
0.075 4.9 17.08 1.9707
2.425 7.12 14.52 2.3123
0.825 8.92 17.17 1.3222
0.125 9.83 18.31 1.4149
0.025 11.93 15.98 0.4169
0 11.5 15.18 2.4355
0 11 13.73 1.36
9 10.65 12.18 1.5633
2.375 4.04 13 1.2679
1.55 2.07 9.62 2.0399
10.075 6.08 11.69 3.6297
8.525 10.33 13.9 5.1203
11.525 10.81 15.45 5.4819
7.125 7.8 12.59 2.5512
2 5.14 12.88 3.1432
11.075 8.96 14.37 1.941
0.925 7.48 15.05 0.4075
0 4.71 11.83 3.1212
12.9 6.93 13.56 5.4979
1.925 4.48 15.65 1.9049
0 4.71 13.53 0.5668
15.725 4.62 11.33 1.9318
12.525 5.08 12.68 4.1264
0.625 0.69 10.32 2.2788
0.1 -1.5 9.5 1.3509
12.525 4.32 10.61 4.6197
20.475 5.76 8.95 4.8637
1.425 1.51 10.88 2.2271
3.175 0.58 8.32 2.943
0 0.22 7.85 3.5544
0.025 2.51 5.33 4.4388
0.025 2.94 4.87 2.5768
0 2.83 6.06 1.2482
0 0.26 4.66 1.8334
0.775 -1.92 7.75 2.6341
2.075 2.14 8.42 3.5276
0.15 3.99 12.9 2.5953
1.075 2.78 12.67 1.385
0.1 5.82 12.44 1.1937
0 3.74 12.42 2.6252
0 7.77 11.67 1.2065
0 8.61 11.41 1.0748
0.025 6.99 14.63 2.6406
0 4.1 11.69 1.9244
0 2.08 15.16 3.7943
0 2.13 16.21 3.3131
0 3.66 15.11 2.4793
0 4.1 15.96 3.9502
0 2.76 16.7 1.4386
0.05 4.41 11.5 1.86
0.1 4.14 10.58 4.7087
0 4.45 10.42 3.4872
0.075 3.54 9.1 1.5632
2.825 3.85 9.64 0.4909
4.55 5.7 13.08 1.7412
0.85 3.84 13.73 1.1482
0 2.49 13.26 1.3342
0 1.92 15.4 3.0114
0 1.55 15.22 1.883
0 2.11 16.35 2.1708
0 3.11 18.28 1.7866
0 4.92 19.56 2.0455
0 5.07 20.72 1.0021
0 5.13 20.87 2.6216
0 2.33 15.35 3.0765
0 1.33 16.9 3.5171
0 2.06 17.93 3.7685
0 3.04 20.78 3.028
0 2.76 21.43 0.9416
0.075 7.04 17.57 4.0016
2.125 8.16 17.54 4.6419
6.175 5.07 17.21 5.2013
16.575 4.94 11.06 4.6281
15.525 3.66 8.65 2.4058
5.125 2.72 10.93 2.3468
0.575 2.42 12.61 0.6571
0 3.43 12.15 0.9225
0.85 2.29 14.43 0.6447
0.3 1.66 14.75 0.9258
2.875 3.09 11.8 1.9813
11.975 4.14 11.86 4.7538
1.475 -0.28 9.74 1.1501
0 -1.01 12.14 0.3445
0 0.06 14.76 2.1586
0.575 1.63 15.72 1.9012
1.625 7.42 17.68 4.0517
0.95 8.17 19.25 1.168
0 5.29 19.98 1.3147
0.875 8.04 19.98 0.7924
5.15 10.36 17.77 1.7602
1.75 8.82 16.89 4.1964
0.25 8.53 17.98 0.5257
0.025 7.45 18.74 1.3694
0 7.86 19.97 0.6697
0 6.44 17.35 1.5517
0.1 5.76 18.6 0.5179
2.15 8.6 19.61 1.4384
0.9 12.7 21.77 1.3188
1.625 10.79 22.42 1.5148
1.875 11.61 22.5 1.9548
0.125 5.12 18.07 0.8057
8.65 5.45 16.06 3.6126
11.775 5.6 12.05 4.6396
20.8 7.97 13.6 4.7703
13.45 5.57 12.28 2.1168
1.275 3.24 15.23 1.7122
3.775 6.39 14.91 5.3013
17.275 7.48 13.38 5.2944
3.125 5.35 14.33 3.402
11.95 8.26 12.97 3.0528
0.95 5.13 16.32 1.2783
0 8.7 16.57 0.9889
0 6.21 19.59 1.9147
0 9.38 22.86 2.3159
0 11.03 25.35 2.4237
0 11.85 28.05 1.7207
0 13.15 26.86 1.4295
0 9.26 20.04 1.9203
0 7.18 23.98 1.5624
0 9.61 25 1.8281
0.275 10.06 23.03 2.4145
5.15 6.35 17.29 3.4674
0.925 2.82 13.77 1.6685
0 3.09 17.65 1.4517
0 4.37 19.92 0.6075
0 7.34 19.58 1.8976
0 5.98 20.08 2.0512
0.05 5.36 17.37 2.5139
0.025 5.18 18.16 0.7634
0 7.31 22.9 0.7912
0 10.6 24.72 1.9096
0 12.82 25.84 2.365
0.05 12.91 22.96 2.3651
0.025 13.63 22.04 1.5049
0.1 13.63 23.04 1.9608
0.175 12.06 21.08 1.9477
0.25 8.96 20.06 1.1345
0.1 8.59 21.79 0.9255
0.05 10.75 21.54 1.7323
0.075 9.89 22.24 2.01
0 7.98 21.48 2.9728
0 7.49 23.5 1.4648
0 9.15 22.97 2.4509
0 7.88 21.19 4.8644
0 8.69 23.08 3.5627
0 9.13 26.19 1.6387
0 10.11 28.44 0.6074
0 11.59 27.3 1.4078
0 13.86 30.16 2.8496
0 14.47 33.82 1.0361
0 12.34 29.95 1.7512
0 9.43 25.45 2.0308
0 10.42 21.5 2.7604
0.325 6.84 20.82 3.1921
0.15 8.74 24.57 2.7204
0 8.86 25.71 1.9577
0 9.69 26.27 1.552
0 10.46 27.38 1.2683
5.2 9.43 20.75 2.5497
8.9 7.96 15.95 2.3283
1.4 7.58 16.98 1.7269
1.15 9.51 16.45 3.2781
2.95 9.68 18.69 2.1917
0.075 8.85 24.97 2.9139
0 11.08 27.29 1.9593
0 12.1 26.73 2.4918
0 10.6 25.01 3.5149
0 9.47 22.74 4.6967
0 8.38 23.98 2.6921
0.525 10.79 22.28 2.4446
0.2 9.17 21.55 2.1416
0 10.93 22.39 2.9133
4.45 9.47 21.62 3.9703
0.65 8.22 21.59 4.7146
0 9.4 23.48 2.5823
0 10.07 23.6 2.2053
1.1 11.49 19.95 2.4529
0.1 8 21.02 1.6015
0.125 8.66 21.74 0.568
15.25 11.71 19.03 3.7988
15.075 13.43 21.94 0.926
13.15 12.74 22.31 2.9085
0 11.26 24.16 2.4216
0 11.86 28.45 3.0713
0 12.11 29.69 1.9908
0 12.65 28.98 3.0901
0 11.83 25.43 3.3339
0 12.53 28.61 2.8164
0 14.03 31.24 2.7882
0 16.19 33.57 2.6712
0 17.9 34.5 2.445
0 16.38 32.41 2.9198
0 14.81 31.54 2.1392
0 13.28 31.69 2.6908
0 15.58 32.21 2.4008
0 17.11 34.74 0.8423
0 19.89 37.59 0.9453
0 20.88 38.4 2.4402
0 16.96 35.22 2.4206
0 13.67 32.18 2.5195
0 13.59 31.92 2.7318
0 14.42 31.95 2.6894
0 15.35 33.56 2.7797
9.55 16.26 31.71 2.0451
3.7 13.81 23.57 2.2759
0 13.02 28.35 2.5332
0 14.08 31.3 2.0708
0 16.03 35.1 1.5395
0 17.45 36.88 1.2924
0 19.36 38.74 1.6377
0 19.21 39.27 1.6607
0 20.76 39.45 2.4193
0 19.4 39.08 2.4459
0 17.46 37.74 1.9363
0 16.69 37.75 2.4973
0 13.21 35.16 2.3745
0 12.86 32.91 2.3826
0 12.06 31.83 2.5019
0 13.66 31.29 3.0398
0 12.02 29.33 2.783
0 11.99 27.68 3.3719
0 12.36 29.32 2.9535
0 13.16 28.98 1.9725
0 13.59 30.28 1.1104
0 14.67 31.51 2.0504
0 15.44 32.4 1.978
0 16.08 35.53 2.3334
0 15.97 35.57 2.6865
0 16.47 35.19 1.9511
0 15.92 34.6 1.6542
0 14.75 33.96 2.1011
0 13.82 34.1 2.1911
0 14.68 34.66 1.7581
0 14.37 35.78 1.8808
0 16.52 36.13 2.5233
0 15.46 35.7 2.9021
0 16.57 35.55 1.9202
0 15.14 33.38 1.2343
0 15.35 33.63 1.7238
0 16.01 34.33 2.0637
0 14.04 31.4 2.9032
0 13.61 32.29 2.4673
0 15.97 33.23 2.8894
0 15.74 32.29 2.4073
0 14.41 32.8 1.9197
0 13.94 33.87 2.0166
0 16.4 34.67 2.2277
0 15.18 33.21 2.5943
0 14.84 32.17 2.1219
0 17.25 34.64 1.3525
0 17.16 34.32 2.1813
0 15.87 33.58 1.7662
0 15.07 33.74 1.7773
0 15.02 34.21 1.9818
0 15.54 34.17 2.1586
0 15.19 32.71 2.7581
0 14.04 32.32 1.8345
0 13.7 31.99 1.2586
0 14.26 31.67 1.2475
0 15.28 34.73 1.1604
0 17.91 35.74 1.8511
0 16.01 34.56 1.1904
0 17.15 35.42 0.7006
0 17.97 34.71 1.0896
0 16.58 35.07 1.3065
0 16.06 34.56 1.9911
0 14.47 33.06 1.7085
0 14.13 32.06 1.66
0 15.5 32.39 0.7972
0 16.27 35.18 0.3772
0 16.24 34.88 0.9128
0 15.46 33.8 1.0516
0 13.76 33.05 1.7877
0 14.42 34.69 1.1979
0 16.17 35.56 1.3394
0 16.38 34.9 1.3756
0 15.65 35.49 1.5102
0 19.43 35.97 0.6473
0.275 17.44 30.27 1.5029
0 15.79 30.95 1.6834
0 15.73 32.96 0.949
0 17.65 33.58 1.655
0 15.03 32.32 2.3059
0 12.92 29.22 1.7228
0 11.34 29.52 1.8926
0 14.2 31.36 0.8249
0 15.63 33.91 0.5754
0 16.96 35.56 1.2026
0 16.4 36.24 0.9533
0 16.77 36.15 0.7504
0 18.02 36.63 0.7506
0.025 17.64 37.07 1.4962
0 13.44 25.5 1.9944
0 12.86 26.57 2.2965
0 13.45 29.87 1.4245
0 15.33 34.09 0.6982
0 16.52 34.21 0.8813
0 15.47 29.47 1.0275
0 12.51 27.64 1.9557
0 12.96 26.93 1.5824
0 12.07 23.49 1.7094
3.775 12.98 23.25 1.9374
21.2 11.95 23.26 3.1588
3.625 8.88 17.68 0.8008
0.65 8.22 20.17 1.0263
0 9.09 23.38 0.9651
0 10.58 25.17 1.2734
0.15 12.83 23.91 1.3584
0.075 15.65 25.57 1.5049
0 14.44 26 1.2124
0 13.07 28.77 1.0898
0 14.13 29.8 0.7716
0 15.55 29.76 0.9373
0 15.16 27.51 0.8874
0 13.71 29.52 1.3812
0 13.89 29.3 1.032
0 12.95 25.38 1.3769
0 12.33 26.79 1.1001
0 12.05 26.6 1.2941
0 12.4 28.39 1.8844
0 11.92 29.43 1.1668
0 12.89 28.78 1.2761
0 11.08 23.54 1.3899
0 8.64 25.27 2.2697
0 8.15 22.76 2.6083
0 8.07 24.27 1.5105
0 8.73 24.45 1.0653
0 9.25 25.19 1.9358
0 9.21 26.17 0.9339
0 10.98 26.26 3.2013
0 9.01 22.69 3.8331
0.575 6.39 23.42 2.5895
1.075 6.74 16.36 1.5832
0.825 4.19 14.12 0.2937
1.725 6.39 14.85 1.1498
0.175 5.91 15.26 0.7285
0 2.98 16.35 1.7755
0 2.71 17.3 2.8453
0 3.26 19.75 3.3018
4 8.15 16.99 4.1603
0.575 8.33 17.77 0.8411
0 7.94 18.79 0.5655
0 8.09 17.6 1.3219
0 6.26 18.59 1.0342
0 5.6 20.06 0.9908
0 5.92 20.98 0.8071
0.025 7.2 20.73 2.5313
0.775 4.92 15.05 1.8351
3.65 4.21 14.16 4
0 3.59 13.59 1.8791
0 3.17 15.33 2.754
0 4.16 15.16 4.0753
1.25 7.11 15.79 1.6502
0.8 4.61 16.41 0.5167
0 5.08 16.36 2.5135
0 4.43 14.62 2.1731
0.075 5.13 17.03 1.0103
0 5.43 11.37 1.4455
0 7.17 15.63 4.0763
0 5.48 19.52 7.0702
0 4.23 16.69 3.1804
0 2.16 16.63 3.9512
0 -0.18 15.21 2.2904
0 -0.84 14.78 3.3704
0 -1.07 14.31 2.7667
0 -0.76 14.51 2.6218
0 -0.58 14.86 2.3793
0 -1.02 15.33 3.6556
0 -0.57 15.96 2.6523
0 1.12 14.29 0.3618
0 3.45 12.12 1.2441
0 2.15 13.72 1.2091
0 -0.21 14.08 0.8989
2.3 2.93 11.25 0.8537
0.3 0.49 12.05 4.462
0 -0.1 12.13 3.866
0 -0.08 10.04 1.957
0 1.73 14.78 3.4289
0 -0.2 11.3 3.5835
0 -2.18 11.97 2.8478
0 -1.8 15.18 4.3983
0 -2.04 12.22 3.6796
0 -2.79 13.23 4.3586
0 -1.73 13.83 3.1715
0 -2.04 14.4 1.0889
0.025 -0.51 14.03 1.1564
0 1.02 15.32 1.2586
0 3.86 15.36 0.7743
0 4.36 15.59 0.946
0 3.51 12.92 2.2062
