0.825 -11.57 4.9 1.6268
5.025 -4.53 2.99 1.2953
2.7 -7.45 3.3 1.6204
1.875 -10.44 0.03 4.1575
2.775 -10.2 0.06 1.7422
0.975 -5.53 -1.9 0.514
0 -5.31 2.73 1.455
0 -3.6 4.42 0.7403
0 -5.79 8.44 4.4865
0 -5.02 8.39 3.4069
0 -3.68 7.82 2.3667
0 -0.81 10.78 5.4947
0 0.08 11.71 3.9093
0 -3.61 11.33 3.4327
0 -1.81 12.54 3.961
0 -1.99 13.81 4.9524
0 -3.47 10.94 4.2631
0 -3.33 9.97 4.7593
0 -2.27 10.79 4.8632
0.2 -2.3 10.13 3.4179
18.65 -1.27 10.55 2.7459
33.2 -0.04 9.76 2.1524
53.725 -3.74 8.26 1.6485
52.7 0.21 4.83 2.5036
14.925 -3.75 2.71 3.5297
1.875 -9.18 -3.21 0.7992
0.25 -9.88 -1.37 1.3131
0 -8.58 1.41 1.5658
0 -5.05 4.45 4.2485
0 -3.66 10.12 4.5161
0 -1.56 11 3.1023
0 -2.1 10.54 3.1335
0 -3.81 9.07 3.895
0 -4.15 11.59 3.7858
0 -0.55 13.19 2.9947
5.35 -0.23 12.02 2.5787
6.525 -3.12 3.62 2.9492
1.975 -4.46 1.58 2.7986
17.4 -4.2 4.25 1.3677
10.45 -8.53 2.18 3.6758
2.25 -12.27 -2.98 0.4621
8.675 -9.65 -1.54 2.4816
4.475 -6.35 -1.13 1.4166
10 -6.79 -0.42 3.0239
5.775 -6.79 -1.4 3.3367
2.375 -5.42 -0.29 5.7105
25.35 -5.07 -1 5.5571
19.325 -4.84 -1.77 4.3838
2.975 -7.18 -2.71 1.2205
0 -7.17 0.97 3.4427
0 -6.68 5.31 2.6337
4.95 -6.23 7.21 3.8217
20.15 -4.73 5.8 3.6052
14.025 -2.05 0.99 2.5928
3.65 -4.13 2.12 1.4613
1.9 -3.46 8.24 1.435
0.275 -3.75 2.49 2.3864
0 -4.46 7.2 0.3441
0.05 -4.13 9.75 3.6741
11.075 -1.33 9.65 2.732
30.975 0.29 6.52 3.9045
40.25 -1.21 5.7 4.8974
22.125 -4.88 0.31 2.9662
2.3 -8.48 -0.9 0.8637
0.95 -7.31 1.84 1.874
0 -8.74 0.88 0.2803
0 -9.32 5.37 1.4339
0 -5.78 8.07 2.6567
0 -8.99 2.5 0.3974
0 -8.15 7.24 0.5461
0 -5.3 7.73 2.1084
0 -4.32 10.81 2.4013
0 -4.47 12.24 1.2887
0 -3.58 8.61 2.1727
0 -1.27 10.03 2.4852
0 -1.86 13.07 1.1382
0 -1.17 14.51 1.1497
0 0.66 15.93 0.8773
0.1 -0.61 16.48 0.7142
24.875 -0.17 15.69 1.8785
22.925 -5.53 6.88 4.1765
1.425 -10.56 -2.24 2.2739
0 -8.87 2.11 1.8807
0 -5.6 9.81 0.5342
0 -3.2 11.49 2.0698
0 -2.5 14.55 2.0708
0 -1.5 13.7 1.3495
0 -1.6 15.03 3.2415
0 -3.67 10.81 1.9027
0 -3.44 10.25 0.3138
0 -2.23 12.02 2.6191
0 -0.82 14.65 2.5215
0 -2.85 12.59 5.2984
0 -6.27 5.42 1.9225
0 -5.75 9.94 2.8005
0 -3.57 13.76 2.3587
8.55 -0.79 16.36 1.3364
18.45 -3.88 12.2 3.1202
11.85 -3.78 2.32 1.6999
2.75 -3.85 3.58 2.2814
0.25 -4.38 3.35 3.7923
0 -2.99 8.08 1.6704
0 -2.3 12.13 2.0619
0 -0.87 12.23 4.6174
0 -7.89 5.66 6.0867
0 -6.9 2.34 3.2269
0 -4.6 10.22 1.4813
0 -2.18 15.16 2.8683
0 0.6 18.39 2.7851
0 3.9 21.88 1.5575
0 5.84 23.92 1.1562
0 6.58 24.63 2.0248
0.075 4.14 23.47 2.7144
1.25 2.05 16.84 3.4275
0.725 -5.39 5.79 3.6024
0 -3.94 9.29 2.0308
0 -1.64 12.15 2.3357
0 -2.84 11.68 3.1764
0 -4.34 8.92 1.6727
2.8 -2.31 12 1.9975
53.8 3.1 15.21 1.9038
34.525 1.56 11.94 2.5035
5.125 2.53 8.05 3.5906
2.65 0.36 8.63 1.8238
0.325 4.11 13.08 3.569
0 1.71 15.43 2.2248
0 2.41 18.68 2.9114
0 4.09 19.11 1.6936
0 3.17 19.54 1.2937
0 4.2 20.52 0.9757
0 3.87 21.27 3.0311
0 2.29 20.81 3.2873
0 2.55 18.19 2.5503
0 3.11 18.1 3.2795
0 4.7 19.88 1.7482
0 5.68 22.16 1.5168
0 9.36 26.72 0.2984
0.35 10.92 28.59 2.3855
0.2 8.86 28.18 2.6925
0 5.9 22.31 1.7623
0 5.03 20.95 1.0043
0 5.82 21.98 2.4946
0 5.66 21.83 2.9919
0 5.65 21.29 2.7814
0 4.36 20.85 1.9421
0 5.01 20.58 1.3212
0 6.75 22.61 0.8697
0.325 8.34 23.36 1.9808
0.175 7.96 23.23 2.4852
7.525 7.78 22.37 3.2558
4.525 7.15 22.43 2.2286
0 7.44 21.37 2.0523
0 6.73 19.31 2.2948
0.1 6.86 17.89 0.5834
5.65 3.91 16.78 2.2088
4.5 1.06 14.7 3.532
1.45 0.11 6.45 2.352
0.45 1.01 9.1 2.7406
0 1.77 14.89 2.5964
0 4.54 17.23 3.4424
0 4.43 16.44 3.0866
0 2.73 15.21 3.3833
1.25 3.49 15.74 2.3335
1.15 5.02 14.97 3.6066
0.225 2.85 15 2.5035
0 3.17 15.78 2.4644
0 4.2 16.08 2.4755
0 6.3 17.68 3.0055
0 6.28 20.11 1.747
0 9.24 25.39 2.6672
0 5.56 23.76 3.2603
0 3.37 19.18 3.2115
0 4.1 17.41 1.1386
0 5.17 20.4 0.6051
0 7.91 24.04 1.4356
0 8.61 26.4 2.6616
0 8.19 24.67 1.7873
0 8.96 25 0.8488
0 9.68 29.21 0.6041
0.225 12.77 30.53 2.9735
0.175 11.88 30.26 2.9662
0 11.13 27.5 2.2715
0 11.52 27.87 1.7058
0 9.94 26.29 2.8486
0 9.06 26.98 2.5031
0 8.65 25.57 2.748
0 7.93 25.04 2.5558
0 6.47 23.36 2.8074
0 5.92 22.61 2.5813
0 6.06 22.5 2.5667
0 6.41 22.88 1.8766
0 7.69 24.26 1.7919
0 8.95 25.42 2.2275
0 9.02 25.1 1.3385
0 9.55 26.89 0.502
0 10.52 27.72 1.6293
0 11.63 30.04 1.9664
0 12.7 27.38 1.8381
0 12.75 30.42 2.0682
0 14.17 31.47 1.6699
0 14.76 32.27 2.4477
0 12.31 31.26 2.5117
0 11.21 29.08 2.2587
0 13.45 29.04 2.0445
0 11.9 28.58 2.0864
0 11.05 28.25 2.1477
0 11.14 28.63 1.9208
0 11.6 30.02 1.8837
0 13.03 30.26 2.1668
0 12.8 29.71 2.8769
0 13.53 28.71 2.5832
0 13.02 28.66 2.5841
0 12.13 28.49 2.4868
0 11.17 28.02 2.9508
0 8.83 25.18 2.5641
0 8.44 24.9 2.0768
0 10.54 25.69 2.3835
0 7.03 23.25 3.0981
0 4.44 15.83 1.9592
0 4.96 17.63 1.3536
0 7.35 22.54 0.3278
0 8.96 26.07 1.2068
0 11.53 27.77 2.9427
0 11.72 28.93 2.6837
0 10.09 27.39 2.9741
0 9.48 26.39 3.2002
0 6.9 24.23 1.3744
0 6.3 23.85 0.3267
0 7.79 25.6 0.6795
0 8.94 27.37 0.8469
0 10.19 29.84 1.2748
0 11.71 30.9 2.0822
0 12.46 30.1 2.1929
0.65 12.4 30.96 2.3241
0.6 10.41 25.72 3.0309
0.125 8.92 23.97 1.5891
0 7.82 24.88 1.5607
0 7.37 25.27 0.4879
0 7.78 26.16 1.4331
0 10.11 26.31 1.151
0 10.73 27.61 1.2669
0 10.42 29.05 2.8311
0 11.62 27.21 1.8682
0 9.97 26.79 0.8227
0 10.28 27.89 0.2683
0 11.41 28.06 1.4048
0 10.97 27.8 2.1652
0 8.5 26.4 2.0648
0 6.63 24.54 1.9729
0 6.51 22.06 1.4853
0 7.1 22.59 0.4292
0 7.33 23.35 0.9409
0 9.04 25.58 0.3654
0 10.14 27.05 0.9395
0.025 11.5 29.51 1.7075
0.3 9.5 25.48 2.2234
0.15 6.14 20 2.6968
0 4.54 19.42 1.5155
0 5.88 22.14 1.3104
0 8.08 24.21 0.3428
0 8.41 25.24 1.0807
0 10.22 27.99 2.1827
0 9.38 26.7 0.982
0 11.26 23.21 2.3707
0 8.97 28.13 2.4134
0 10.18 28.16 1.4465
0 8.42 27.48 0.7028
0 8.64 26.88 0.7691
0 11.19 28.52 1.1823
0 9.8 29.46 0.4065
0 9.61 29.55 2.0816
0 9.11 25.6 2.51
0 -0.81 14.33 2.3267
0 -1.1 14.32 2.4844
0 1.47 18.23 0.7232
1.225 2.49 18.85 3.1625
0.85 -2.63 15.7 3.5009
0.05 -4.65 3.99 0.3034
0 -3.72 11.46 2.9103
0 -1.93 14.16 1.5448
0 -0.05 14.78 1.3818
0 0.27 16.91 0.7467
0 1.87 17.84 0.4524
0 0.62 17.87 1.9084
15.875 1.56 16.65 1.9002
46.175 1.47 10.6 6.5009
22.325 2.04 8.09 4.367
0.2 4.47 11.58 0.8613
0 4.51 17.74 2.2362
0 4.13 19.27 1.0652
0 5.7 22.05 1.8103
1.075 4.86 17.28 2.3269
0.625 -2.36 8.98 2.2162
0 -1.84 11.53 1.0534
0 0.06 14.37 0.5311
0 0.51 15.65 0.9402
0 2.87 17.57 1.1536
0 2.49 14.7 1.7401
0 2.24 16.41 1.1531
0 2.04 17.05 4.1686
0 -3.04 6.38 4.9637
0 -5.15 6.32 0.7527
0 -4.53 7.98 0.0351
0 -0.89 13.66 0.8326
0 0.26 16.15 0.8197
0 3.11 17.58 1.1878
0 2.71 19.24 1.1085
0 2.9 19.37 1.6919
0 1.53 18 2.2295
0 -1.4 12.92 0.5637
0 -1.63 11.88 1.5241
0 -3.28 9.28 1.842
0 -2.66 10.23 1.2083
0 -1.09 11.23 0.7582
5.7 1.68 12.15 0.4014
4.45 -0.91 11.05 2.0302
0.6 -4.88 3.03 1.2064
0 -5.14 4.52 1.1183
0 -5.51 5.73 2.8469
0 -3.82 8.68 2.1757
0 -1.84 10.69 1.6044
0 -2.11 11.83 1.5316
0.875 -4.17 7.06 2.3422
3.475 -3.84 9.31 3.6694
1.775 -3.46 8.19 1.0311
0 -3.37 4.83 0.4556
0 -4.4 7.59 2.3067
0 -3.44 7.3 3.8133
0 -2.3 8.92 4.1009
1.225 -2.19 10.33 2.6824
1.775 -1.47 11.4 1.1274
0.625 -4.74 6.93 4.811
0 -2.8 5.01 5.0548
0 -3.17 7.69 3.9614
0 -3.14 9.16 1.6166
0 -4.17 9.26 2.226
0 -5.69 10.2 2.1469
0 -4.9 6.65 2.1456
0.1 -5 7.66 1.2522
27.35 -7.05 3.75 2.2184
22.1 -6.86 0.56 0.9563
3.425 -14.98 -4.5 0.6571
0 -14.45 -4.79 1.9357
3.925 -11.49 -2.59 3.0865
44.775 -4.64 1.01 2.8522
66.3 -2.25 1.35 3.7252
31.875 -3.99 1.82 4.4454
1.875 -5.25 -0.76 0.6731
0 -5.43 -0.3 3.0804
0 -3.42 3.53 2.4793
0 -2.4 5.3 2.3211
0 -2.01 6.16 2.8435
0 -2.32 5.83 4.1627
2.225 -2.55 6.71 2.9237
12.275 -2.25 8.03 1.8016
13.35 -5.17 4.95 3.6535
0.1 -9.36 -0.98 2.7039
0 -5.94 3.29 3.9276
0 -5.61 3.38 3.8578
7.775 -5.54 3.79 4.0714
4.75 -4.49 3.54 1.9531
3.3 -5.73 0.83 3.1354
10.95 -5.67 1.95 0.7278
5.525 -4.3 1.28 1.4991
0.05 -4.89 0.67 2.4809
0 -4.57 4.17 1.9332
0 -4.06 4.18 1.2556
0 -3.9 6.21 4.0333
0 -4.4 7.93 2.9497
0 -2.85 7.44 2.6305
0 -3.22 7.62 3.0523
0 -2.95 7.63 2.7792
0.075 -1.46 8.94 3.0866
1.8 -1.18 9.42 2.347
1 0.17 7.85 2.4379
1.575 -0.08 6.59 3.1419
23.475 -1.71 9.4 4.345
13.8 -2.07 5.35 2.0322
0.1 -5.28 2.83 1.3902
0 -4.64 4.71 3.331
2.35 -3.93 7.57 2.014
30.075 -3.69 7.2 2.5207
45.625 -3.23 3.82 4.6737
37.75 -4.43 -0.21 5.4344
40.175 -4.62 -1.51 6.3881
40.575 -6.47 -2.38 4.0683
21.825 -5.88 -2.67 4.0875
4.675 -7.68 -3.62 0.8871
2.525 -8.5 -1.54 2.2153
4.5 -6.6 -0.41 3.7604
1.825 -4.08 0.28 2.9742
0 -4.96 4.14 1.3332
0 -7 4.93 2.8278
1.825 -5.52 3.62 3.2035
1.1 -3.79 5.53 1.4101
0 -6.98 3.78 1.1948
0 -9.61 4.29 1.711
0 -5.27 5.56 1.9928
0 -4.43 5.3 0.6039
6.675 -3.84 5.91 2.6328
12.975 -2.81 5.32 3.4583
10.25 -2.48 2.41 1.7566
2.925 -4.32 0.4 2.5969
0.9 -6.25 1.17 1.3526
1.15 -5.72 1.79 2.2807
0.35 -6.49 0.51 0.6044
0 -5.79 3.34 1.013
0 -3.35 5 1.0718
0 -3.76 8.37 1.5825
0 -2.88 9.99 1.584
0 -3.35 11.98 0.9971
0 -1.95 11.25 1.6795
0 -1.61 12.43 2.4377
0 -1.21 13.03 1.221
1.175 -3.25 11.66 1.2958
3.35 -2.04 6.65 2.4424
14.9 -3.02 5.65 3.1409
7.55 -7.42 -0.3 2.2987
17.975 -7.05 3.59 3.6472
16.55 -4.12 3.61 2.8412
1.675 -5.05 2.87 0.7235
22.35 -4.14 7.74 4.3574
14.375 -2.89 6.15 1.6425
0.75 -4.69 0.37 0.5571
1.425 -4.25 7.65 2.3534
11.175 -1.68 9.88 2.6559
20.125 -3.23 5 3.2201
8.35 -6.11 1.77 3.1231
0.15 -7.47 0.15 1.317
0.075 -5.52 4.95 2.5758
0.125 -5.85 5.59 0.9269
5.7 -4.1 6.76 2.465
5.175 -9.93 0.74 3.9005
1.075 -7.68 0.9 2.1436
0 -7.96 0.32 0.3938
27.55 -5.74 7.47 2.0725
16.525 -6 6.49 2.5381
0 -6.62 3.97 2.6
0 -5.93 9.56 3.7584
0 -3.9 14.13 1.4449
0 -1.72 15.63 0.675
0 -0.43 15.3 2.8853
0 -4.9 13.96 2.1085
0 -0.09 16.66 2.0257
0 -2.07 15.37 0.6156
0 -2.14 13.34 1.3736
0 -3.42 13.17 2.2169
1.35 -3.29 14.58 2.0874
3.475 -1.71 14.26 2.3887
1.6 -5.9 5.98 2.5797
0 -4.37 5.5 2.808
0 -3.6 12.77 1.2792
6.825 -1.63 14.19 2.4581
15.3 -1.46 13.57 5.6043
6.875 -5.3 1.86 3.1185
2.025 -8.2 1.52 0.8961
6.725 -6.85 6.92 2.2186
2.775 -4.66 2.31 2.0678
19.6 -5.54 2.76 2.7429
11.725 -6.6 0.39 3.3408
0 -7.83 1.86 0.8509
0 -6.49 7.26 2.1581
0 -4.35 12.62 0.4077
0 -2.14 13.96 1.1328
1.425 -1.58 13.72 1.9821
16.45 -1.9 8.45 3.9854
11.875 -4.28 2.98 4.637
1.5 -5.46 0.38 1.069
0 -4.93 6.86 0.6669
0 -3.73 8.33 0.814
0 -2.08 13.33 2.5411
0 -2.48 13.27 1.4368
0 -1.5 15.37 1.0909
6.775 -0.41 17.17 1.7737
14.625 0.9 14.49 2.6859
7.225 -4.98 3.77 3.0127
0.525 -4.1 -1.01 1.6767
0 -3.06 2.94 1.454
0 -1.43 13.27 0.7709
0 0.48 15.46 1.3339
0 2.1 18.39 0.7456
7.875 2.74 18.48 4.0818
9.2 -2.21 8.13 5.1168
2.775 -6.7 1.42 3.9889
0.05 -6.51 2.94 3.4424
0 -4.05 8.89 1.9544
0 -2 12.57 2.0503
0 -0.74 17.18 0.9343
0 1.13 18.33 2.0474
0 1.14 17.49 3.6038
0 -1.18 13.54 2.1578
0 -1.27 13.11 0.7304
0.15 -0.31 15.27 2.8453
4.475 -0.5 14.22 3.7966
11.4 -3.6 4.59 3.265
5.35 -7.31 3.79 4.2945
0.025 -5.99 5.54 2.2226
0.1 -0.7 12.35 0.9758
0.05 0.32 15.71 0.5935
0 2.21 17.47 0.4902
2.325 4.77 19.28 1.3023
4.3 5.53 18.84 1.958
1.725 -2.36 13.12 2.0148
0.225 1.52 11.94 1.7017
0.125 3.66 14.98 3.4107
0.15 -0.43 15.7 4.3946
0.25 -4.49 9.51 3.7375
0.25 -4.38 4.79 4.1113
2.675 -3.06 7.29 2.3531
6.2 -2.85 7.42 1.5475
10.825 0.67 11.38 3.0807
11.15 -0.68 8.16 2.5577
3.8 -3.49 6.05 3.6257
0 -2.36 8.57 1.8764
0 1.38 16.11 0.5387
0 2.24 19.77 2.5749
0 6.79 19.15 2.936
0 4.36 17.46 2.6718
0 5.49 18.85 2.8046
0 7.1 20.42 2.8186
0 7.12 20.65 2.1086
0 8.73 24.29 3.098
0 8.71 24.67 3.1384
0 6.96 22.23 2.5087
0 6.14 21.74 3.8995
0 3.75 20.24 4.658
0 2.85 15.47 5.0644
0 6.32 16.06 3.8596
0 5.45 19.87 1.0521
0 6.91 21.89 1.6558
0 7.46 23.92 2.975
0 3.41 21.91 3.0766
0 2.78 17.63 1.0518
0 3.63 21.4 2.3582
0 3.89 19.51 3.1455
0 2.58 18.01 2.5214
0 3.5 20 1.5528
0 4.78 18.91 1.0633
0 7.04 22.48 1.7416
0 7.56 23.77 2.1085
0 9.13 20.57 2.6715
0 7.36 21.39 2.3619
0 10.07 23.65 0.9049
0 11.66 27.72 1.5417
0 12.06 29.3 3.1217
0 9.2 26.07 2.9613
0 7.48 24.6 2.6372
0 6.12 22.53 2.7533
0 8.95 22.94 1.9909
0 6.61 21.88 0.8857
0 8.24 24.79 1.9169
0 8.87 26.2 2.5026
0 9.82 25.36 2.2887
0 9.38 24.88 2.3534
0 11.51 26.59 2.1737
0 10.46 26.58 1.81
0 10.95 28.46 2.3337
0 12.6 27.49 3.271
0 12.31 26.66 3.4
0 10.55 24.49 1.901
0 10.94 25.85 1.3703
0 12.97 29.01 2.6141
0 12.63 29.85 2.7678
0 12.73 29.36 2.5882
0 12.41 30.78 2.131
0 11.23 29.98 2.0727
0 10.87 27.94 2.5298
0 10.04 26.86 1.0469
0 10.54 26.52 2.2703
0 10.45 27.25 2.0739
0 12.16 28.62 2.5206
0 12.83 28.18 2.6935
0 9.75 26.94 1.9034
0 8.32 26.76 2.3137
0 9.34 25.82 1.9702
0 8.95 26.77 2.2463
0 9.37 26.53 2.3704
0 8.57 26.15 2.0686
0 8.53 25.28 2.4041
0 8.17 26.33 1.4643
0 8.32 26.83 1.9338
0 8.95 26.51 1.977
0 7.92 25.96 2.0303
0 8.57 25.64 2.4924
0.075 9.31 24.77 2.8397
0.025 8.57 21.4 1.997
0 7.46 23.73 1.8727
0 8.32 24.3 2.2728
0 6.53 19.34 1.0616
0 7.19 23.88 1.3589
0 9.05 25.07 2.325
0 8.96 25.41 2.7602
0 9.4 25.97 1.1379
0 9.12 27.78 1.6341
0 9.94 28.59 1.7697
0 8.59 27.01 1.8884
0 8.46 26.81 2.227
0 8.79 27.5 1.9124
0 8.66 24.58 1.7152
0 7.17 23.32 2.4122
0 9.56 27.92 2.0872
0 12.67 31.28 0.6471
0 13.98 32.84 2.3212
0 10.95 30.87 2.4996
0 6.59 26.14 2.8679
0 6.29 15.18 2.2522
0 3.45 15.27 2.4081
0 3.55 17.56 1.1389
0 5.09 21.03 0.5354
0 7.56 25.64 0.4002
0 9.84 28.79 1.1934
0 10.39 28.91 1.2548
0 8.95 28.23 1.9518
0 7.7 25.88 1.24
0 7.49 26.02 2.4295
0 6.94 24.25 2.9328
0 1.21 9.94 2.0649
0 2.49 19.33 0.6079
0 3.58 20.39 0.6916
0 5.98 23.85 0.986
0 6.16 24.15 1.6843
0 5.46 22.44 1.4181
0 5.03 22.24 0.817
0 5.33 22.37 1.4732
0 4.6 23.53 1.6035
0 5.19 22.6 1.5273
0 4.93 22.36 1.4601
0 3.89 18.11 1.1218
0 2.84 20.52 1.0107
0 4.52 18.91 2.7057
0 3.59 16.88 1.0049
0 3.91 20.77 0.4639
0 7.07 24.25 0.9277
0 9.29 28.27 0.4082
0 9.65 28.53 1.0693
0 12.42 29.72 0.5485
0 11.41 30.47 0.5056
0 10.09 30.04 0.3182
0.075 9.81 26.14 0.4368
4.75 9.41 22.84 1.3333
25.125 8.78 23.48 1.6252
19.575 6.16 13.55 1.4812
1.35 4.08 8.07 0.8995
3.225 0.85 9.35 0.8016
1.85 1.1 9.34 2.0916
0.175 -0.68 9.53 0.8691
0 1.2 14.46 1.8782
0 2.23 17.05 1.6062
0 5.37 20.18 1.3311
0 5.39 21.07 2.3086
0 7.34 23.21 1.6377
0 7.05 22.67 0.7546
0 6.61 21.91 0.6249
0 6.35 22.18 1.1841
2.325 7.02 17.78 0.8673
0.95 3.02 13.51 1.0568
0 3.23 12.46 1.7385
0.175 3 19.2 0.9682
0.1 3.95 15.88 1.9883
2.775 1.7 13.61 1.77
26.95 2.43 12.11 1.6223
46.1 3.98 6.21 4.6047
19.325 -0.52 7.44 3.6916
0.075 -1.59 8.14 1.6315
0 -4.09 8.56 2.9644
0 -4.44 9.75 3.2816
2.5 0.93 13.23 2.1169
2.025 0.49 13.97 1.9277
0.3 -1.37 5.11 0.8909
0 -0.85 11.04 1.8944
0 0.06 13.82 3.2158
0 2.32 16.82 3.0042
0 5.7 18.78 2.0361
0 5.6 18.76 1.0966
0.575 3.91 17.79 2.2636
18.725 1.82 14.18 3.0095
14.3 -3.15 4.4 2.7306
2.8 -5.06 4.29 0.6117
2.3 -3.9 5.39 1.6159
0 -5.23 3.15 2.5689
0 -3.05 7.44 1.4603
0 -3.75 9.35 3.0915
0 -1.22 10.17 1.5507
0 0.23 13.13 2.4331
0 -0.17 13.07 0.8937
0 -1.13 12.01 2.152
0 -1.92 12.39 2.1413
22.25 -1.47 12.11 2.8749
34.825 -4.69 5.49 3.2567
25.75 -6.51 -2.13 5.2844
13.325 -6.3 -2.27 3.0836
13.2 -5.78 -1.2 4.2102
6.45 -10.2 -2.66 1.0423
0 -11.18 -2.55 3.3224
0 -10.87 -2.89 3.3224
14.575 -6.87 0.43 2.7973
9.925 -11.19 -1.38 2.7602
0 -12.68 -3.59 2.2834
0 -10.67 -2.29 3.0354
0 -6.37 1.68 2.2693
0.075 -3.62 6.84 2.5768
0.025 -0.54 6.08 1.5536
1.275 -1.37 5.39 1.9348
17.75 -1.18 3.59 2.1611
8.975 -2.08 6.37 3.2456
0 -3.17 3.48 2.3353
5.925 -2.1 7.24 1.8253
8.8 -1.06 6.68 0.9982
1.5 0.25 4.51 1.3152
0.075 -0.3 7.21 0.4654
0 -2.06 7.95 2.306
0 -1.66 7.58 1.4458
30.175 -1.31 8.67 1.7877
21.35 -3.61 4.23 1.7201
7.05 -5.77 1.49 2.4664
74.175 -5.95 0.93 3.5298
111.28 -3.31 0.95 5.3226
76.85 -2.2 3.36 6.1723
28.65 -4.16 5.04 2.1141
11 -4.78 -3.27 2.262
5.925 -4.41 -0.63 2.2885
3.425 -4.26 0.52 0.3709
0 -5.24 1.7 2.8218
23.7 -5 4.61 5.2479
15.8 -4.94 4.4 1.9054
0 -6.05 -1.97 1.0354
45.575 -5.75 -0.33 2.2796
30.475 -3.91 0.72 4.4415
2.025 -13.01 -1.57 2.6056
3.85 -13.06 -4.17 1.4281
19.35 -12.88 -3.95 3.9792
25.175 -5.31 -2.21 4.8546
19.325 -5.79 -1.82 2.6082
0 -8.18 -1.49 3.2477
0 -8.22 -1.51 3.9129
0 -6.17 1.87 5.4416
0 -5.88 2.45 3.845
0 -7.07 1.2 1.9078
0 -7.07 3.2 1.1632
0 -8.88 0.26 3.2605
3.5 -8.87 1.84 3.2727
7.475 -4.09 1.89 1.7816
0.475 -4.53 4.49 1.6724
0.275 -4.86 4.23 1.412
0 -4.47 7.24 2.5613
0 -3.15 7.79 1.0052
0 -2.57 8.53 0.7161
0 -2.36 7.97 2.312
0 -3.33 9.16 1.3292
0 -4.81 10.13 4.2952
0 -4.79 8.75 3.7701
0 -5.66 8.74 2.741
0 -2.65 11.99 3.8703
0 -3.33 9.12 2.0782
0 -2.95 9.91 2.236
0 -3.07 9.28 4.989
0 -3.07 10.65 3.2913
0 -3.07 10.89 1.8202
6.675 -3.34 10.69 0.5488
15 -4.14 9.37 1.8333
5.3 -6.04 -0.64 1.5364
0 -6.92 2.99 1.92
0 -7.65 5.01 3.0451
0 -7.58 5.6 2.1238
0 -6.14 7.28 2.8156
0 -3.16 10.81 1.7238
0 -3.62 11.79 1.9384
0 -1.15 13.11 0.5821
0 -4.34 12.08 2.1113
0 -6.8 9.15 3.6042
0 -8.37 5.67 3.8516
0 -7.31 7.14 3.9602
0 -5.13 10.47 2.7203
0 -3.72 12.63 1.2861
0.025 -3.74 12.22 3.3413
7.775 -4.37 7.71 4.0061
27.25 -4.21 8.04 5.9613
23.925 -6.79 -2.97 4.4091
37.775 -5.8 -3.02 3.1764
24.7 -6.03 -0.75 3.9076
3.025 -10.37 -1.74 0.8591
0 -10.37 -0.17 1.1628
0 -10.13 -0.46 0.3706
0 -9.25 3.18 0.3445
5.425 -8.19 2.84 2.2657
14.425 -6.24 0.67 5.7781
11.475 -10.55 -2.84 0.7947
0 -12.26 -4.38 0.447
0 -12.07 -0.14 2.1208
4.825 -10.19 4.69 1.6728
11.375 -4.96 6.44 3.4981
11.4 -2.89 4.36 1.4916
1.4 -5.54 5.16 1.4684
4.275 -4.91 8.81 0.6089
22.9 -4.11 10.47 1.7252
25.35 -2.29 2.8 4.4688
0.15 -5.82 2.46 0.5009
0 -4.8 8.48 1.4914
0 -3.56 12.87 0.9432
0.3 -3.2 11.93 1.2274
0.175 -3.1 9.39 0.7133
2.3 -2.96 11.41 0.8702
1.5 -1.37 7.53 1.0167
15.525 -0.97 11.16 1.1375
29.125 -0.33 12.55 2.5971
1.8 -5.16 4.59 1.0434
26.675 -6.14 6.94 3.2788
46.2 -5.64 0.7 4.8711
65.25 -5.4 -1.21 6.0099
24.275 -6.26 -0.95 2.5996
6.375 -6.38 1.44 1.0239
14.825 -5.62 3 4.6923
44.625 -5.85 1.04 5.386
32.725 -9.07 -0.96 3.9696
12.475 -5.61 0.92 2.9552
10.1 -4.52 -1.98 1.4886
0.2 -4.03 4.47 0.6101
0 -4.2 8.42 1.3027
0 -3.46 10.74 2.1818
0 -2.07 12.53 2.2781
0 0.44 17.59 1.6455
0 0.5 20.36 1.0894
0 -1.43 16.05 1.2323
0.1 -2.18 14.01 1.9131
0 -1.55 15.47 1.3929
1.225 -0.78 15.61 1.5687
6.85 -4.45 14 3.4906
6.575 -9.55 -1.66 1.3956
2.425 -9.11 -2.58 1.4436
0.15 -8.65 3.26 0.5639
0 -6.09 8.93 1.5916
0 -4 10.27 1.4789
0.475 -3.21 11.09 2.8278
0.375 -5.92 2.74 0.6302
0 -4.89 10.19 0.7632
0 -1.38 15.14 1.5092
0 -0.12 17.12 2.3514
0 0.59 17 2.8805
0 1.34 13.44 1.7412
0.45 -1.01 14.95 2.1582
10.85 1.18 7.88 2.3355
1.625 -2.08 10.18 0.8844
0.975 -2.16 10.09 1.374
0.7 -0.29 8.21 2.4199
1.125 -1.15 6.97 2.386
0.075 -3.67 9.63 2.7827
0 -1.76 11.85 0.8487
0 -0.69 14.39 2.4684
0 -3.26 13.86 4.6342
0 -2.53 12.24 3.6267
0 -1.94 12.66 1.9285
0 -0.02 15.37 0.4652
0 1.76 17.6 0.8232
0 3.36 19.19 3.0004
0 6.27 21.91 0.7285
0 5.73 22.42 1.5808
0 4.32 21.22 2.1088
0.35 2.73 18.01 3.0837
2 -1.27 8.86 3.3234
3.95 -3.25 4.37 2.7437
0 -0.76 12.8 1.7587
0 2.04 16.43 1.1853
0 2.97 19.09 0.5874
8.25 3.28 20.7 2.9458
15.2 -4.68 11.8 2.8299
7.4 -4.69 1.86 1.1281
21.15 -3.48 5.35 3.5227
17.3 -3.96 1.63 2.3809
1.8 -3.22 5.64 3.3755
0.15 -2.5 11.9 1.8118
0 1.11 16.57 2.0283
0 1.56 16.09 2.9714
0 0.29 15.51 4.4638
0 -0.59 12.93 2.4931
0.025 0.82 15.36 2.7721
0.025 0 13.62 2.6279
0.85 0.06 13.84 3.365
3.65 -0.4 13.43 4.3054
8.25 -3.13 9.01 4.8716
1.9 -2.49 7.97 2.8699
0.625 0.15 12.27 2.6624
0.45 1.13 13.22 2.9997
0.675 -3.02 7.4 1.7329
0.025 -1.8 10.53 0.555
2.175 -0.39 11.05 2.9267
8.075 3.44 6.28 1.2594
4.525 -0.1 12.24 3.4579
0.05 -0.25 8.15 1.9483
0 0.94 13.42 3.0713
0 3.2 17.54 1.6406
0 4.56 20.15 2.3514
0 4.76 20.52 3.0575
0 3.51 17.92 2.6485
0 4.69 18.73 2.724
0 6.2 21.34 1.727
0 7.27 24.31 1.8513
0 8 23.82 2.5779
0 4.71 21.23 1.3188
0 6.37 20.8 2.8958
0 5.37 21.79 2.0513
0 7.2 22.25 0.3177
0 8.45 24.71 0.4948
0 9.77 27.53 2.4656
0 9.81 27.02 2.7833
0 8.1 25.48 2.6395
0 5.69 23.81 2.7079
0 5.78 22.72 2.305
0 7.69 23.43 2.2713
10.9 7.67 23.98 2.5072
8.925 4.82 20.25 2.4263
1.75 3.18 12.08 2.2356
0 5.5 19.16 0.9406
0 7.08 24.2 0.7832
0 10.12 26.65 0.5776
0 9.91 27.14 1.5535
0 10.56 26.91 1.8769
0 11.76 25.68 2.5315
0 12.6 26.61 2.8358
0 11.74 25.51 2.2411
0 10.93 26.13 2.5271
0 8.89 25.75 2.1658
0 7.83 24.9 2.3181
0 6.74 21.69 2.4067
0 6.8 22.15 3.1264
0 6.43 20.09 2.6701
0 7.12 18.93 3.2298
0 5.57 18.62 3.116
0 5.87 19.55 1.9674
0 5.91 21.27 1.3173
0 6.48 23.49 1.9109
0 6.67 23.55 1.2948
0 7.47 24.19 2.2932
0 8.85 25.04 2.8076
0 9.26 24.84 1.8704
0 10.34 25.54 1.9071
0 8.47 26.85 2.1402
0 8.47 25.83 1.8383
0 8.31 24.98 1.7164
0 9.69 24.69 1.5387
0 10.98 27.48 2.3335
0 12.07 28.08 2.9991
0.075 13.62 27.9 2.0967
0.425 11.47 24.22 1.4763
0 10.93 26.45 1.8899
0 11 27.68 2.069
0 8.48 26.76 3.0288
0 7.23 22.97 2.2976
0 8.47 24.11 3.0324
0 8.21 23.89 2.3785
0 9.26 24.94 1.7479
0 8.53 25.78 1.8392
0 8.41 25.6 2.1925
0 8.61 24.82 2.6479
0 8.21 25.07 1.6269
0 9.42 26.79 1.2516
0 9.84 27.25 2.0168
0 8.49 25.69 1.5151
0 7.8 24.96 1.131
0 7.6 25.34 1.5712
0 8.1 25.51 1.4778
0 8.8 26.3 2.5679
0 8.19 24.47 1.9698
0 7.34 24.1 1.3748
0 6.08 23.91 1.0417
0 7.34 25.1 0.9491
0 7.88 26.33 2.0303
0 10.24 26.85 1.2298
0 10.11 26.63 0.7851
0 9.99 28.98 1.0439
0 10.94 28.93 1.3944
0 10.73 29.35 1.6133
0 8.55 28.06 1.8447
0 7.02 25.71 1.764
0 7.62 24.96 0.7724
0 8.01 25.02 0.7431
0 8.48 27.06 0.8763
0 9.78 26.39 0.9386
0 10.02 27.19 1.8093
0 9.49 26.03 0.6561
0 10.05 26.63 0.9025
0 10.4 27.94 0.8523
0.15 10.48 26.74 1.5738
1.475 8.48 27.07 1.0324
1.75 8.79 23.93 1.5635
3.775 5.54 18.1 1.4214
1.95 7.08 21.17 0.5742
4.15 6.66 22.87 1.1849
0 6.91 21.11 2.4176
0 7.32 22.27 1.8298
0 5.76 19.81 1.6235
0 4.9 19.76 0.2891
0 6.22 23.3 0.2362
0 8.79 25.7 0.912
0 9.58 25.95 0.4382
2.25 9.88 26.51 0.2605
0 10.49 26.97 0.5507
0 10.48 27.74 1.6323
3.9 7.37 23.71 2.2715
0.025 5.49 16.6 1.84
0 5.91 20.48 0.4416
0 9.68 24.3 0.6164
0 9.24 23.54 1.1051
0 8.16 25.52 1.4345
0 6.49 24.71 2.3152
0 6.93 21.35 1.8881
0 6.01 19.1 2.0249
14.95 3.3 15.96 2.3065
30 1.47 11 3.7703
12.65 -3.1 6.53 0.8087
2.25 -3.73 6.23 0.9016
0 -3.53 9.34 1.2846
0 -0.72 13.43 1.1711
1.825 1.61 15.45 1.5351
4.175 3.02 10.9 1.6229
0 2.8 17.15 0.8967
0 3.12 19.54 0.5707
0 6.91 21.75 0.4193
0 4.77 21.42 1.0172
0 4.89 20.21 1.4979
0 5.5 19.38 1.7091
0 5.84 20.06 1.6718
0 4.27 21.13 0.7574
0 3.57 18.15 0.5822
0 3.79 18.81 0.5004
0 3.75 17.91 2.2098
0 3.31 19.82 1.7964
0 3.88 20.4 2.1455
0 2.49 17.67 1.3206
0 0.64 13.52 3.3432
0 -1.69 12.33 3.4011
0 -1.47 12.15 2.0725
0 0.71 14.48 0.9112
0 1.49 16 2.1261
0 1.83 17 0.1198
0 1.01 16.43 3.205
0 1.25 14.69 4.1997
3.65 -2.33 14.74 3.772
7.75 -5.12 12.48 1.8095
4.5 -7.26 -0.28 0.4078
6.4 -6.5 0.77 1.4745
0.125 -6.94 0.04 0.9093
0 -7.28 2.57 2.2849
0 -5.81 4.98 3.2455
0 -4.77 8.62 3.0366
1.875 -3.09 9.37 3.504
3.3 -0.12 7.03 1.0057
0 -1.09 7.06 0.2008
0 -0.29 8.82 0.6481
0 -3.12 9 0.5451
0 -2.76 9.18 0.906
0 -2.98 9.9 0.9361
0.025 -2.77 9.69 3.1808
1.15 -4.03 3.74 2.1813
2.6 -3.77 1.54 4.0354
2.7 -6.17 0.99 1.6575
0 -5.88 4.06 2.2985
0 -4.8 6.04 3.5093
0.025 -4.92 11.96 2.2097
0 -4.63 7.53 0.8022
0 -3.59 7.52 2.9381
0 -2.41 10.71 2.3748
0 -1.06 10.46 1.0789
0 0.74 10.66 1.7578
0 -3.68 11.74 3.4045
0 -3.99 8.51 8.6701
0 -3.73 4.61 3.6656
0 -5.6 8.61 4.3739
0 -7.13 5.86 2.7809
0 -6.95 4.1 3.4971
0 -7.82 4.3 3.0914
0 -7.14 3.93 3.6218
0 -6.54 6.08 3.6868
0 -5.87 5.94 4.3333
0 -5.3 6.9 3.2447
0 -6.29 6.39 1.0374
0 -7.82 5.25 1.667
0 -8.11 2.33 1.4765
0 -7.59 3.01 1.1408
0 -7.05 3.31 0.88
0 -6.76 2.64 5.5908
0 -5.33 6.08 4.6887
0 -7.1 6.72 2.7411
0 -7.26 5.97 4.6529
0 -8.1 4.22 4.544
0 -7.26 4 3.513
0 -7.78 4.79 4.5513
0 -7.69 5.85 4.0267
0 -7.21 6.28 4.9858
0 -6.18 6.78 3.4242
0 -4.64 7.57 1.3229
0 -4.76 8.42 1.148
0 -3.84 7.53 1.2217
0 -1.74 11.97 0.9476
0 -2.79 9.6 1.0932
0 -5.25 8.43 2.3921
