0.175 3.87 8.96 1.6404
3.15 4.56 7.39 0.9214
1.05 1.71 9.81 1.8211
0.025 -1.85 9.63 3.456
0.725 1.23 9.4 1.7645
0.15 3.88 8.97 0.3468
0.075 0.12 8.71 1.5023
0.05 0.47 10.27 1.0508
0 2.79 11.55 4.0466
0 -0.51 13.04 3.5738
0 -0.7 15.54 2.5037
0 -0.19 15.85 5.2871
0 0.79 18.01 4.1327
0 0.84 19.66 3.7071
0 0.53 19.83 3.9396
0 1.56 19.89 4.9215
0 1.52 19.8 4.0885
0 1.47 20.03 4.534
0 1.19 20.57 4.7339
0 1.75 20.54 3.3325
2.2 5.06 17.18 2.6794
9.125 8.8 16.07 2.1376
16.65 10.62 13.72 1.7102
5.2 10.32 15.53 1.9722
3.9 5.93 14.39 3.2496
0.575 3.35 11.8 1.1348
0 0.52 11.96 1.1755
0 -0.24 12.64 1.6521
0 1.2 14.51 3.9549
0 0.65 16.62 4.3064
0 2.04 19.15 2.8127
0 2.23 17.68 2.7646
0 2.89 19.14 4.0481
0 2.2 20.35 3.7797
0 2.69 20.97 2.9527
3.175 6.12 18.51 2.9083
4.625 8.83 14.83 3.2784
1.6 6.08 15.65 2.5693
7.8 5.19 15.73 1.3424
4.55 3.95 13.17 3.2484
2.025 -0.75 11.71 0.3334
5.175 1.81 12.53 2.352
3 3.65 12.77 1.3801
10.275 4.61 11.54 2.9244
4.65 4.41 11.43 3.5508
2.1 6.82 12.37 6.3876
9.725 7.55 12.68 5.5386
6.75 6.99 11.55 4.5372
0.925 2.63 13 1.6
0 2.04 16.37 3.5144
0 3.08 18.25 2.7464
3.45 3.27 17.13 3.6942
4.8 7.86 15.61 4.17
3.95 10.8 16.32 2.9825
0.825 7.26 17.61 1.3572
0.275 9.11 18.36 1.4816
0.25 8.09 18.06 1.9867
0.025 4.84 17.65 0.4437
0 4.92 17.1 3.4781
4.125 9.18 17.52 2.8911
5.625 11.66 17.39 3.9814
16.075 9.2 17.32 4.8958
8.25 6.05 14.99 2.5735
0.025 2.3 14.49 1.0932
0.025 3.99 14.79 1.8717
0 1.96 14.91 0.3197
0 1.96 16.96 1.4399
0 3.01 15.1 2.7583
0 -0.17 13.32 0.5903
0 0.31 15.68 0.4037
0 2.61 18.49 1.7319
0 3.35 19.71 1.8219
0 4.32 18.42 1.376
0 5.34 18.79 1.9646
0 7.64 19.99 2.2185
0 7.92 20.76 1.2362
0 7.92 21.49 1.5785
0 8.98 23.99 1.3572
0 9.07 24.43 1.0766
3.475 7.93 21.68 1.5733
3.125 6.45 17.04 3.9047
0.425 2.67 14.07 2.4993
0 2.22 17.23 1.9086
0 4.3 20.21 1.0801
0 6.64 22.85 2.2303
0 9.49 24.06 1.8661
0 9.14 25.31 1.4591
0 9.54 22.73 3.512
0 5.5 19.12 2.0121
0 4.32 20.64 0.6545
0 8.99 23.28 3.0537
0 7.39 22.97 2.6458
0 5.97 20.13 5.1827
0 4.24 18.95 1.9
0 3.75 21.98 2.4171
0 5.91 26.06 1.846
9.475 7.25 23.83 1.2698
4.85 8.52 19.62 2.5403
5 7.88 15.9 1.6604
3.025 9.51 16.64 2.4247
0.15 4.83 18.45 3.8429
0 6.51 21.18 1.9072
0 8.33 22.55 2.5164
0 8.26 18.91 5.087
0 4.08 15.87 5.6322
0 2.7 18.79 3.0062
0 5.47 22.79 1.5147
0 8.56 27.19 2.3381
0 9.6 30.37 2.3283
0 13.13 33.44 1.5121
0 13.84 34.17 1.35
0 13.84 34.8 1.7202
0 11.87 30.13 2.142
0 10.27 24.24 3.1802
0 4.06 20.98 3.4472
0 4.67 21.87 2.2944
0 6.74 20.84 2.312
0 4.63 18.94 2.9582
0 4.84 19.24 1.9747
0.025 6.11 22.04 2.0936
14.3 9.97 23.11 1.6421
4.925 13.26 20.81 2.2959
0.4 12.1 20.97 3.2038
0.3 12.49 23.42 1.687
0.225 15.51 25.89 3.1849
0 13.27 27.5 1.79
0 12.82 27.46 3.2425
0 12.43 27.58 2.2043
0 12.41 29.24 2.0679
0 11.93 30.82 1.6875
0 12.99 30.71 3.2186
0 9.94 28.28 3.4213
0 12.2 27.24 3.1587
0 13.42 28.96 3.4148
0 13.38 30.32 2.4235
0 15.06 34.13 1.2793
0 18.02 38.19 0.2279
0 19.24 38.6 2.1017
0 17.18 35.42 2.2686
0 12.93 30.47 1.6146
0 12.92 31.81 1.2594
0 12.52 32.27 2.4788
0 12.44 30.57 2.9969
0 10.76 28.09 2.8207
0 10.16 28.8 2.3961
0 13.99 32.66 1.8342
0 16.97 34.2 1.2251
0 17.62 36.36 2.3123
0 16.66 34.26 2.4474
0 14.64 33.31 2.8847
0 13.88 30.35 2.371
0 13.46 29.17 2.399
0.075 14.66 28.22 2.3813
0.2 15.05 28.03 0.5621
1.125 12.09 27.48 2.1856
1.525 12.65 24.1 2.8972
0.7 11.34 24.39 1.8413
0.225 11.71 26.54 2.6214
0 12.22 28.2 2.6535
0 11.54 27.62 3.3875
0 13.67 26.17 2.9895
0 12.28 26.13 3.4742
0 12.82 26.73 2.6346
0.25 14.6 26.75 3.3597
0 12.85 26.92 2.3442
0 12.73 26.77 2.4973
0 13.13 28.24 2.8559
0 13.95 29.52 3.2263
0 14.35 33.05 2.2765
0 17.24 34.14 2.9432
0 12.02 32.21 3.3097
0 10.69 27.96 3.424
0 13.08 29.59 1.5977
0 14.32 33.01 0.7225
0 16.66 36.34 1.6221
0 15.44 35.92 2.6044
0 14.82 33.59 1.9644
0 17 36.88 1.0412
0 20.07 40.62 0.9497
0 20.11 40.98 2.7373
0 18.14 39.54 2.7017
0 18.07 37.14 2.2412
0 17.24 36.77 1.8585
0 16.05 37.11 2.6454
0 15.9 35.8 2.3871
0 15.51 33.44 2.5627
0 12.91 32.29 2.4182
0 12.53 32.18 2.5815
0 12.94 32.14 2.6627
0 13.75 31.56 2.7187
0 13.64 32.27 2.0367
0 16.61 32.6 1.7433
0 18.13 33.53 2.1769
0 16.36 34.06 1.6351
0 17.41 36.79 0.6024
0 18.72 38.8 1.6056
0 19.41 39.55 1.6876
0 19.37 39.62 1.6879
0 20.72 40.26 1.9867
0 21.37 40.78 1.4149
0 20.31 40.45 2.412
0 18.15 37.45 2.5291
0 16.82 35.96 2.5012
0 16.98 35.41 2.1273
0 15.09 33.98 2.0473
0 14.24 34.69 2.1002
0 15.94 35.98 1.9228
0 18.38 38.14 2.1061
0 19.33 37.32 2.498
0 17.4 35.37 3.0206
0 16.57 33.66 2.8126
0 16.63 33.87 2.9852
0 17.23 34.64 2.6769
0 15.94 33.56 2.6818
0 14.97 32.08 2.1859
0 15.27 32.12 1.7143
0 16.25 32.45 2.0348
0 14.43 29.86 2.6604
0 12.67 27.42 1.9426
0 13.82 30.62 1.7344
0 15.77 34.09 0.9419
0 17.71 36.33 1.3622
0 18.8 36.74 2.8765
0 16.64 37.22 2.7541
0 17.51 35.43 3.1314
0 16.35 32.95 3.2127
0 13.07 32.21 1.7095
0 14.36 33.87 0.7342
0 15.65 34.85 1.0449
0 16.19 35.6 0.8676
0 16.87 36.03 1.3708
0 15.64 34.15 2.3558
0 15.94 35.27 2.0672
0 18.53 36.6 2.2357
0.075 18.09 34.6 2.4723
0.025 14.08 32.69 1.5159
0 13.92 33.57 1.4352
0 14.71 34.54 0.3189
0 15.32 36.18 1.6369
0 15.86 37.46 1.6864
0 17.19 38.24 1.4904
0 18.28 38.64 2.3822
0 17.15 35.57 1.3258
0 16.76 35.16 0.5164
0 18.44 36.41 0.6623
0 19.7 38 1.7728
0 17.72 36.5 2.5236
0 12.6 33 2.0408
0 14.69 29.95 2.1113
0 13.02 29.42 2.0056
0 12.96 31.36 0.6813
0 14.06 32.97 1.048
0 15.68 35.1 0.5154
0 16.66 36.91 1.1288
0.25 17.55 34.85 2.1419
0.225 14.53 30.76 1.8949
2.95 15.08 26.95 2.4497
0.375 13.21 27.03 1.7887
0 14.55 30.23 1.8897
0 15.79 32.32 0.8601
0 15.97 35.11 0.8771
0 17.58 36.45 1.8096
0 15.4 34.35 1.0766
0 17.28 34.91 1.7182
0 16.79 36.25 1.9617
0 16.17 36.69 1.2008
0 16.06 36.49 0.6673
0 15.12 36.09 0.8206
0 15.74 36.95 1.1293
0 16.45 37.54 0.4168
0 16.81 35.87 1.7807
0 14.12 29 2.4963
0 7.99 22.65 2.4911
0 8.45 24.42 2.2922
0 8.39 28.18 0.81
0.05 10.91 26.74 3.243
0.025 7.33 22.19 3.3769
0 5.24 20.03 0.3786
0 5.4 22.72 2.2286
0 7.36 25.65 1.1446
0 8.08 25.19 1.4201
0 8.3 25.36 0.6598
0 8.81 25.58 0.3697
0 9.09 24.58 1.6513
1.4 9.34 21.64 1.8855
28 12.29 18.94 6.8512
12.525 13.4 20.78 4.0683
0.2 16.7 25.91 1.1088
0 15.59 27.03 2.3492
0 14.52 25.89 1.1903
0 14.99 26.07 1.589
0.3 9.97 22.34 1.9353
0.15 9.92 19.6 1.6703
0 8.78 21.19 1.1255
0 9.81 23.17 0.8129
0 10.86 24.7 1.2992
0 11.39 26.01 1.4724
0 11.74 25.3 1.5373
0 10.63 26.02 1.2161
0 11.39 22.8 4.6183
0 7.53 18.49 4.8399
0 3.29 18.02 0.7574
0 4.3 19.87 0.2022
0 5.51 22.43 0.8692
0 7.27 23.46 1.0106
0 7.87 24.54 1.2233
0 8.27 25.47 1.1101
0 8.35 26.31 1.7028
0 8.81 24.46 2.3259
0 5.71 22.26 0.4181
0 8.99 20.52 1.9055
0 5.26 18.94 1.9651
0 4.19 18.73 1.0212
0 5.65 19.15 0.8491
0.275 6.93 17.93 0.5139
0.6 7.93 17.08 2.144
0.225 2.58 16.5 1.5442
0 2.69 16.29 1.2509
0 1.19 17.23 2.5472
0 1.62 18.71 1.9021
0.55 2.64 20.38 1.1048
0.275 5.46 18.74 2.2553
0 1.09 15.6 2.1035
3.725 2.66 17.24 3.1793
1.8 3.57 15.85 1.3276
0 1.6 15.54 0.433
0 3.75 16.39 1.8646
0 1.53 15.53 3.4308
0 1.77 18.99 3.605
0 2.74 20.72 2.3389
2.35 5.29 18.37 1.1002
0.425 6.78 16.93 4.9946
0 1.01 16.88 4.6041
0 0.9 15.93 3.7911
0 1.19 17.85 1.4046
0 0.76 16.63 1.7386
0 -0.28 15.55 1.7377
0 0.75 15.58 1.9125
0 1.33 14.29 1.2687
1.325 -3.11 11.06 1.837
9.45 -0.6 8.64 0.7604
2.275 -4 6.56 0.4443
0 -3.37 7.89 1.9513
4.3 -1.07 8.92 3.3413
11.55 3.93 11.2 3.1598
14.55 8.22 13.85 3.8699
9.775 7.48 13.22 3.8212
2.525 6.41 13.42 0.5335
0 3.92 14.33 3.3112
0.575 5.72 15.33 2.7495
0 5.57 13.66 2.245
0 4.79 11.19 2.6996
0 4.29 10.16 4.0571
0.15 3.98 13.69 2.8452
5.925 5.33 14.19 1.634
2.2 3.86 12.56 3.7252
0.025 0.65 10.84 2.1704
0 -1.47 10.84 3.8428
0 -0.79 13.81 3.9581
2.325 0.99 12.85 4.0953
3.275 3.51 12.5 2.0749
0.975 4.24 11.47 2.859
1.15 4.14 11.27 0.7357
0.525 7.41 13.76 1.3975
0 6.44 12.49 2.6017
0 4.86 14.19 2.0856
0.15 4.19 13.54 1.2506
0.05 5.63 11.49 3.9151
0 4.37 12.91 2.9533
0 3.76 12.65 2.9549
0 4.03 10.68 3.125
0 1.79 9.27 2.4574
0.45 3.55 9.63 2.8842
0.25 4.9 10.86 2.4488
0.025 4.19 7 2.3579
0.25 4.63 8.66 3.2215
5.5 6.39 14.54 4.6001
7.65 8.99 17.33 1.9978
0.125 3.5 15.5 1.1046
0.15 3.92 14.42 3.1937
0.2 5.11 14.65 2.5582
9.625 5.32 14.02 2.7033
13.775 8.8 14.53 4.9394
18.55 8.53 12.41 5.5283
14.725 6.27 12.8 6.4806
15.075 4.72 10.46 3.8601
8.125 3.74 10.36 3.5522
3.575 2.61 10.56 0.9249
0.375 1.44 11.31 2.4642
1.675 4.5 10.89 4.2904
1.475 7.3 11.54 3.0932
0.075 4.86 13.74 1.1514
0 3.34 14.13 2.4968
0.55 4.45 15.1 3.1693
0.8 5.77 16.34 1.1242
0.125 2.02 14.21 1.3589
0 2.62 15.61 1.7212
0.075 4.22 14.49 2.0982
0.55 3.28 16.36 0.6096
5.125 5.94 15.35 2.9747
3.125 8.73 15.99 3.4885
7.45 9.36 14.15 1.6531
2.075 7.37 11.78 2.6431
2.325 7.91 12.64 1.1578
6.675 7.3 12.23 1.5811
0.625 3.26 13.83 0.8076
0 5.61 14.54 1.1001
0 5.67 16.42 1.2896
0 4.54 18.14 1.5058
0 4.03 18.46 1.5696
0 4.62 18.86 1.33
0 6.23 18.89 1.7516
0 6.48 20.01 2.3259
0 6.53 20.24 0.9523
0.075 8.85 17.42 1.0792
0.75 7.54 15.35 2.2214
5.575 7.15 13.23 2.9171
1.25 4.69 12.39 1.863
20.25 4.3 12.58 3.7147
6.725 7.59 13.44 2.6112
0.625 6.07 15.37 0.8527
10.175 6.83 17.07 4.3843
5.525 8.67 16.16 1.2416
0.175 4.45 16.08 0.441
0 5.32 16.9 2.0198
3.475 7.15 16.96 2.6785
13.35 6.17 11.51 3.1839
5.875 4.86 12.3 2.708
0 1.59 13.61 1.1967
0 5.64 15.2 2.2989
0.15 5.37 18.15 1.2567
0.275 5.68 15.18 2.7012
0.825 2.36 12.67 3.7991
0.5 2.91 12.74 2.3605
0 0.94 14.38 0.2187
7.775 3.79 14.72 1.9302
3.7 3.1 14.76 2.5709
0 1.83 15.39 2.261
0 3.21 17.73 3.3614
0 5.83 22.49 1.2795
0 8.43 24.53 1.0087
0 7.47 23.65 2.7451
0 4.91 24.3 2.0448
0 6.37 24.59 1.6445
0 7.07 23.36 0.3824
0 8.33 21.54 1.8813
0 6.89 21.52 1.7031
0.025 6.09 22.21 1.5508
0.225 6.54 20.48 2.1042
0.1 4.8 17.72 2.4336
0 4 20.31 2.2888
0 5.69 22.82 0.9082
0.15 6.37 24.28 2.2071
3.325 6.46 19.97 4.8955
2.05 5.43 15.25 2.6428
0.15 4.04 15.06 0.9736
2.725 2.65 14.87 1.9302
1.175 4.86 13.99 1.8395
13.075 3.43 13.45 2.7707
7.625 5.01 14.4 2.7601
0.025 4.89 16.62 1.0041
0 3.59 19.1 1.9222
0 6.2 21.59 1.026
0 8.01 21.73 1.0457
0.5 7.92 19.63 2.0322
12.925 7.95 14.64 4.5517
13.675 7.54 15.14 4.3337
3.675 4.94 16.46 1.0891
0 5.42 18.09 0.7578
0 6.48 19.84 0.8882
0 7.99 21.86 1.9501
0 7.84 22.67 1.6087
0 7.76 24.38 1.1598
2.525 9.97 24.93 1.541
18.425 8.46 19.82 2.3428
10.15 6.54 12.5 3.388
2 6.52 12.79 2.175
0.05 7.55 17.5 1.4491
0 9 23.27 1.2478
0 10.48 26.6 1.3574
0 9.54 27.3 0.9494
1.1 10.32 24.06 3.6034
2.275 5.8 17.37 4.5324
0.725 5.69 17.58 3.7341
0 6.38 18.45 3.5461
0 7.21 22.42 2.243
0 10.17 25.23 2.055
0 9.09 28.21 0.982
0 11.62 27.74 2.3489
0 10.99 24.3 3.9136
0 8.48 22.53 2.4114
0 6.48 24.09 0.8724
0 7.94 24.59 2.786
0.85 8.43 21.05 3.67
3 7.94 17.41 2.7984
1.275 4.55 18.43 3.6485
0 6.55 22.37 2.1703
0 8.94 25.8 1.0192
0 10.4 27.49 0.8071
0 10.65 28.97 0.6547
0 11.96 28.41 1.2285
0.775 11.8 23.92 1.7281
0.45 12.73 22.19 1.3073
0 11.36 23.71 1.5739
0 10.84 24.25 3.5628
0 8.31 21.06 4.3469
0 5.45 18.49 3.6572
0 7.07 19.72 4.2623
0 7.81 21.46 2.2844
3.575 7.97 20.82 1.5242
2.675 9.86 22.07 2.4943
2 10.27 20.38 2.2065
0.8 7.3 20.03 3.1869
0 10.11 23.59 2.1076
0 10.73 28.53 0.9454
0 14.01 29.5 2.5546
0 13.89 27.26 2.9619
0 12.67 28.55 2.56
0 15.38 29.5 2.5393
0 16.56 30.7 2.4715
0 17.1 32.16 2.0708
0 17.48 32.8 3.0111
0 15.17 31.37 3.2458
0 13.65 30.5 2.9594
0 14.06 28.81 3.6275
0 10.71 26.82 4.7661
0 12.69 25.72 4.9914
0 14.22 30.76 3.4442
0 14.9 33.84 1.0409
0 15.01 35.09 1.8579
0 13.95 33.06 2.7874
0 11.59 29.86 3.0964
0 11.24 29.4 1.8095
0 11.6 29.79 2.5693
0 9.32 27.1 2.9774
0 8.94 26.98 2.7284
0 11.82 29.24 2.049
0 14.39 31.9 1.4482
0 16.58 34.09 2.1785
0.475 15.59 32.67 2.1907
0.65 13.45 30.58 2.8432
0 15.16 32.44 2.686
0 18.1 35.8 1.4047
0 20.8 38.43 1.8447
0 19.24 37.89 2.877
0 16.4 34.55 2.9528
0 12.05 32.36 2.7997
0 13.56 31.01 2.9983
0 14.95 31.9 2.4784
0 14.61 34.09 1.0036
0 15.97 35.62 2.0819
0 15.27 33.78 2.7231
0 14.1 32.2 2.5568
0 15.26 33.76 2.7052
0 15.61 34.55 2.4098
0 16.13 37.23 1.8347
0 16.95 36.77 2.0682
0 17.59 34.61 3.0301
0 15.77 33.12 2.9929
0 16.86 34.25 1.9939
0 20.08 37.03 1.8353
0 20.72 39.21 2.7025
0 20.3 39.04 2.6843
0 19.02 38.54 2.5722
0 17.69 37.5 2.2699
0 16.36 36.1 2.0901
0 15.45 34.15 2.1178
0 13.74 34.05 1.0722
0 15.16 34.85 2.2993
0 17.72 36.13 2.2603
0 18.38 36.04 2.7107
0 15.91 33.6 2.6473
0 14.46 31.03 1.8434
0 13.12 30.27 2.1781
0 14.02 32.29 2.1034
0 15.13 33.78 2.2324
0 14.29 33.41 2.2049
0 13.74 33.45 1.966
0 14.67 34.25 2.25
0 14.2 34.56 1.3819
0 15.35 34.31 1.9383
0 14.45 33.92 1.9842
0 13.77 33.22 1.9477
0 14.09 33.48 2.4128
0 15.17 32.22 2.6222
0 15.02 31.58 1.757
0 15.8 32.35 1.6724
0 13.83 30.65 2.0235
0 12.86 30.38 1.2935
0 15.27 32.32 1.7305
0 15.13 32.37 2.5694
0 15.25 32.76 2.8349
0 15.9 34.71 1.3628
0 15.93 34.61 1.4317
0 14.51 34 1.5155
0 13.37 33.48 1.9644
0 14.92 34.33 2.2458
0 14.43 32.76 1.6142
0 12.18 31.67 1.8606
0 13.29 32.44 2.1113
0 15.8 36.38 1.6521
0 18.53 40.3 0.4867
0 19.28 38.52 1.8896
0 16.92 35.47 2.2985
0 12.41 30.55 2.5509
0 10.85 28.35 2.3848
0 11.19 26.25 2.5598
0 11.7 29.03 1.584
0 13.14 31.71 0.8106
0 15.55 35.85 0.2164
0 16 37.77 1.2807
0 15.83 36.7 1.0661
0 16.84 35.44 2.194
0 15.29 33.89 1.1097
0 14.54 33.52 1.9214
0 12.52 29.59 2.6064
0 9.57 24.17 2.0283
0 10.67 26.79 0.7267
0 11.68 30.16 0.5361
0 13.18 33.18 0.9548
0 13.32 31.41 1.4595
0 12.04 31.28 1.3752
0 11.14 30.87 1.2844
0 11.97 31.63 1.9272
0 13.13 31.18 1.5615
0 14.21 30.76 1.3778
0 13.34 28.82 1.2099
0 12.92 28.68 1.517
0 12.55 28.16 1.2981
0 10.04 27.08 2.6413
0 9.57 26.16 1.4348
0 11.3 29.61 0.7419
0 12.75 33.94 1.0627
0 15.57 35.83 0.8933
0 14.23 36.88 1.1801
0 16.25 37.83 0.8088
0 17.02 38.24 0.5971
0 16.4 37.21 0.4726
0 16.52 35.01 0.5387
1.325 17.85 35.71 0.9585
4.575 18.59 35.72 1.2959
4.175 13.81 26.51 1.6953
1.475 13.92 21.13 0.9916
0.5 10.12 21.6 0.7697
1.225 11.71 22.4 1.6932
0.05 10.49 24.52 0.8948
0 11.18 26.81 2.0409
0 10.98 28.58 1.7026
0 14.18 30.31 1.6224
0 14.86 30.57 1.9245
0 14.72 32.77 1.2845
0 13.99 34.74 0.5284
0 13.53 34.51 0.3264
0 15.56 32.08 0.8811
1.775 15.69 30.24 0.9171
0.85 10.34 22.07 1.1404
0 10.61 22.67 1.5333
0 10.34 26.07 0.7476
0 11.17 25.77 1.8024
1 10.63 22.47 1.5476
5.625 12.15 21.82 1.6214
11.825 13.56 19.41 4.4119
9.925 10.27 18.71 3.275
0.025 6.87 19.43 1.8857
0 4.12 19.95 2.6132
0 5.47 23.17 3.359
1.3 9.64 23.24 2.2921
3.125 11.38 23.56 1.8002
0.375 7.34 18.84 1.0421
0 7.34 22.4 1.9081
0 7.53 24.04 2.8331
0 9.09 25.82 2.4942
0 9.96 27.87 1.658
0 11.38 28.74 1.0851
0 10.95 28.37 1.9459
7.05 8.97 21.09 2.8832
5 6.31 15.49 2.5933
1.05 2.92 17.01 0.4871
0.675 6.32 17.1 1.6962
0 4.99 16.8 2.4462
0 2.76 18.17 1.4059
0 4.52 18.18 2.9675
0 4.76 19.87 1.791
0 6.48 21.72 2.6096
0 6.42 21.6 1.2276
0 5.86 21.99 1.7453
0 5.47 22.21 1.4958
10.6 6.54 19.23 2.1685
18.675 5.15 12.45 2.8338
11.625 4.27 12.83 4.6571
4.925 4.93 11.71 2.5589
7.45 5.7 12.38 3.5025
4.1 0.58 9.23 1.3127
0 -1.49 10.11 2.8819
0 -1.28 12.14 3.238
6.65 3.13 12.25 2.3441
3.875 3.52 13.24 2.4628
0 -1.36 12.54 2.3131
0 -1 11.29 3.0323
0 0.02 11.78 2.2643
0 1.54 13.12 2.6709
0.025 4.35 13.15 1.2828
1.375 7.41 15.36 2.5147
8.8 7.97 16.54 2.7561
5.275 8.54 18.33 3.471
0.075 4.22 17.96 2.146
0.9 5.88 16.05 2.0618
0.65 8.55 15.94 1.0872
0.125 9.07 17.63 1.2689
0.025 10.31 17.68 0.4323
0 9.91 15.86 2.4242
0 9.18 15.38 1.3712
10.175 8.97 12.85 1.5129
5.925 4.98 13.3 1.4913
1.225 2.85 11.77 2.1456
15.8 4.85 11.28 3.6862
17.6 8.71 13.44 5.2556
11.9 10.87 14.83 5.7792
6.3 7.44 13.9 2.2209
5.475 4.62 10.26 2.7967
9.2 7.61 13.97 2.1336
3.225 7.73 14.21 0.367
0 4.01 13.55 2.9955
11.425 6.25 14.83 5.4389
5.375 4.43 16.12 1.8156
0.075 4 14.05 0.7736
22.775 3.51 13.18 2.0896
18.425 7.01 11.82 4.1773
1.125 0.03 10.01 2.384
0.1 -2.43 9.49 1.4482
9.45 0.62 10.33 4.4857
20.825 4.07 9.53 5.0439
3.45 4.79 9.46 2.4279
0.15 0.41 9.47 3.2022
0 0.35 10.36 3.8012
0.075 1.43 7.95 4.9573
0.075 1.85 6.78 3.1366
0 2.49 8.54 1.6177
0 0.77 5.05 1.6315
0.3 -2.26 8.08 2.8916
1.9 0.83 8.13 3.4797
0.625 3.55 13.59 2.2744
0.5 2.43 13.56 1.5704
0.35 6.12 13.63 1.3036
0 3.85 13.66 2.6704
0 6.26 12.49 1.185
0 7.76 12.25 1.0023
0 8.16 14.15 2.5762
0 3.7 12.14 1.6929
0 1.65 14.52 4.0528
0 3.19 18.04 3.6211
0 4.12 17.04 2.5493
0 4.33 16.61 3.987
0 2.34 17.13 1.7239
0.15 3.86 14.11 2.1071
0 3.91 12.29 4.8603
0 5.02 15.06 3.4402
0.225 4.1 12.39 1.7129
3.45 3.25 11.15 0.4663
5.725 5.33 14.76 1.8403
1.35 3.39 13.23 1.2658
0 1.92 13.12 1.509
0 0.26 14.63 3.0127
0 0.57 13.76 1.9844
0 1.37 16.06 2.407
0 2.44 17.14 1.784
0 3.19 18.69 2.0078
0 4.77 20.31 0.82
0 5.5 21.13 2.3073
0 0.58 15.14 3.3176
0 0.55 16.61 3.7204
0 2.2 18.24 3.9428
0 1.47 20.12 2.9591
0 1.67 22 1.043
0.1 6.03 19.63 3.6996
6.6 8.54 17.92 4.2864
7.875 8.15 17.55 5.4536
19.3 4.69 10.89 4.5482
23.875 4.22 8.28 2.8399
9.65 2.31 10.48 3.0115
1.1 1.76 12.21 0.8145
0 2.46 12.11 0.9928
0 1.31 13.11 0.5262
0 1.1 15.25 0.696
2.925 1.58 13.14 2.0147
8.2 4.94 11.49 5.239
3.1 -0.95 10.52 1.1001
0.025 -1.93 10.68 0.3498
0 -0.91 14.01 2.1357
1.7 0.07 15.93 1.7787
3.45 4.29 16.4 3.8389
2.05 7.88 19.16 1.1186
0.025 3.25 18.81 1.4075
1.7 5.55 17.11 0.7661
8.275 7.04 19.27 1.7399
4.7 7.13 15.99 4.3705
0.85 5.94 16.61 0.3759
0 5.63 18.7 1.4002
0 7.09 20.57 0.5905
0 5.79 17.36 1.5325
0 5.01 18.16 0.6682
2.325 6.98 18.91 1.1154
1.225 11.26 20.83 1.0848
5.675 9.89 22.05 1.2012
5 11.31 22.79 2.0522
0.475 5.76 19.07 0.9924
7.05 3.9 16.74 3.3874
13.575 4.5 13.84 4.7112
31.325 6.4 11.57 5.2608
15.125 4.41 10.63 2.2933
2.125 2.8 14.09 1.4446
5.55 5.36 15.2 5.1284
15.25 6.79 12.13 5.3357
9.725 4.24 12.05 3.5337
11.125 6.84 14 3.0095
3.55 5.35 14.28 1.2666
0.05 7.71 16.56 0.8795
0 5.51 20.04 1.8176
0 8.1 21.71 2.333
0 10.27 25.35 2.3771
0 10.33 27.02 1.6658
0 13.19 28.74 1.1856
0 8.75 21.08 1.5481
0 5.72 24.71 1.6658
0 8.28 24.88 1.6262
0.575 8.98 24.37 2.1834
7.4 6.05 20.33 3.4482
3.35 2.62 13.34 1.5389
0 1.91 15.63 1.4678
0 3.04 18.57 0.6349
0 5.48 18.33 1.8745
0 5.22 19.84 1.9337
0.05 4.14 18.58 2.6318
0.025 3.92 16.42 0.7557
0 5.68 21.12 0.8295
0 8.88 24.15 1.9321
0 10.12 25.14 2.4535
0.05 11.36 23.67 2.491
0.025 12.58 22.36 1.6395
0.25 12.58 22.73 1.9813
0.325 12.04 22.19 2.0988
1.1 8.82 21.21 1.0858
0.6 7.13 21.61 1.131
0.125 8.65 21.82 1.9401
0.075 8.44 21.95 2.0735
0 6.48 21.76 2.9893
0 5.91 22.66 1.2408
0 7.89 23.52 2.4785
0 8.56 22.21 4.8519
0 6.4 21.63 3.5901
0 5.9 25.6 1.7307
0 8.78 28.41 0.4985
0 9.65 28.31 1.1463
0 11.12 29.49 2.8721
0 12.63 32.34 0.8241
0 11.18 28.82 1.6719
0 8.07 25.5 2.0989
0 9.97 26.03 2.8864
0.425 5.8 19.14 3.2608
0.225 6.36 22.06 2.7326
0 8.15 25.32 1.9511
0 9.39 27.02 1.4301
0 9.36 26.91 0.9881
8.05 9.47 24.82 2.679
5.6 7.22 19.73 2.3927
1.175 5.62 16.32 1.4096
7.075 8.07 17.08 3.4166
5.075 9.22 17.22 2.2654
0.175 7.27 22.16 3.0824
0 9.17 26.1 1.9553
0 10.92 27.35 2.3657
0 9.48 26.29 3.3747
0 8.2 22.34 4.6981
0 7.38 23.42 2.6867
0.375 10.08 24.01 2.5224
0.175 7.91 22.87 2.3621
0 9.7 22.63 3.092
1.875 8.48 23.62 4.1226
0.925 7.78 21.04 4.8181
0 7.77 22.14 2.6752
0 7.94 23.71 2.2746
0.225 11.4 22.4 2.6444
0.175 7.07 20.62 1.656
0.45 7.66 22.09 0.4808
12.35 8.85 20.8 3.4532
14.25 12.95 22.26 0.9736
8.925 11.92 22.73 2.9975
0 9.95 23.33 2.3175
0 11.26 26.45 3.1538
0 12.02 29.86 1.9179
0 12.49 29.77 2.8891
0 11.69 25.58 3.2744
0 11.39 28.7 2.7728
0 12.83 29.84 2.7726
0 15.28 32.68 2.3717
0 16.78 33.81 2.1684
0 16.16 33.47 2.8662
0 13.5 31.18 1.936
0 13.15 31.46 2.7605
0 14.11 32.21 2.2258
0 15.7 33.16 0.6405
0 18.29 36.71 0.8117
0 19.71 38.58 2.4601
0 16.15 37.14 2.482
0 14.47 33.72 2.5682
0 13.06 32.3 2.7428
0 13.8 32.08 2.5816
0 14.49 33.76 2.6203
11 16.2 33.86 2.0709
7.325 13.24 25.43 2.2453
0 11.97 27.32 2.4399
0 13.82 30.74 1.6826
0 15.16 33.17 1.148
0 16.04 37.3 0.8114
0 18.99 38.73 1.5276
0 19.55 39.36 1.7936
0 20.28 39.35 2.5112
0 20.25 39.57 2.5896
0 19.11 37.84 2.0916
0 18.02 37.91 2.5264
0 14.89 36.13 2.2632
0 14.05 34.16 2.2826
0 13.17 32.86 2.3902
0 13.76 32.61 3.0546
0 13.04 30.12 2.7623
0 12.7 29.04 3.3381
0 12.95 29.36 2.9973
0 12.57 29.43 1.9265
0 14.29 31.24 1.088
0 15.63 32.1 1.935
0 15.82 31.56 1.722
0 16.84 35.69 2.3212
0 16.54 35.69 2.7211
0 17.32 35.08 1.9233
0 17.05 35.65 1.6614
0 16.1 35.58 2.0803
0 14.43 34.88 2.0624
0 15.01 35.14 1.7539
0 15.71 36.02 1.8257
0 16.55 37.18 2.5314
0 16.42 36.92 2.9323
0 18.72 37.48 1.9661
0 17.55 34.78 1.2485
0 15.53 34.94 1.7699
0 15.42 34.98 2.0436
0 13.78 33.64 2.9163
0 13.34 33.25 2.4304
0 14.75 33.95 2.9178
0 16.35 33.3 2.3342
0 14.29 33.24 1.8002
0 13.75 34.09 1.9125
0 15.24 34.62 2.2488
0 14.64 34.35 2.6243
0 14.72 33.33 1.9614
0 16.26 34.06 1.2325
0 16.24 35 2.0451
0 14.69 34.52 1.6741
0 14.11 34.34 1.6053
0 15.56 35.23 1.8251
0 14.38 34.86 1.9566
0 14.38 34.19 2.7006
0 13.16 33.44 1.8123
0 14.2 33.17 1.1796
0 13.66 32.12 1.092
0 16.05 35.54 1.0667
0 15.94 35.94 1.9198
0 15.31 35.49 1.1577
0 16.64 35.59 0.6488
0 16.98 35.42 1.0247
0 16.73 36.34 1.2842
0 16.9 36.51 1.8256
0 14.68 34.83 1.7081
0 13.91 33.17 1.6525
0 14.66 32.81 0.8079
0 15.34 34.34 0.4859
0 15.25 35.46 0.9296
0 15.08 34.79 1.0441
0 14.84 35.29 1.7871
0 14.29 34.67 1.0437
0 16.88 37.06 1.1712
0 15.66 36.31 1.2184
0 15.2 35.72 1.4324
0 17.02 36.49 0.7668
0.075 17.41 33.23 1.5613
0 15.8 30.6 1.5727
0 14.71 33.53 0.7434
0 16.56 33.44 1.5072
0 15.11 33.12 2.3547
0 12.87 31.29 1.7373
0 11.4 30.71 1.7913
0 12.84 30.5 0.5528
0 14.27 33.17 0.3936
0 15.94 35.51 1.0962
0 15.31 36.39 0.7138
0 17.86 36.83 0.4276
0 16.16 37.15 0.5566
0.075 19.61 38.12 1.5558
0.075 13.73 29.6 2.0914
0.05 12.03 25.29 2.2172
0 13.89 30.54 0.9992
0 15.88 34.03 0.6645
0 14.39 34.75 1.0274
0 15.14 32.22 1.1436
0 12.57 28.6 1.9609
0 12.6 27.32 1.6256
0 11.8 25.42 1.7317
8.725 11.65 24.31 2.0607
14.675 11.31 23.71 3.3055
3.325 8.6 18.25 0.8846
0.95 6.4 18.1 0.9635
0 7.35 21.73 1.1061
0 8.53 24.28 1.1468
0.175 10.77 24.54 1.3531
0.075 12.73 24.42 1.4905
0 12.86 25.32 1.0703
0 11.33 28.39 0.8419
0 13.44 30.23 0.5096
0 14.52 30.33 0.8727
0 15.05 29.24 1.0606
0 12.43 29.47 1.4295
0 13.43 29.76 1.1661
0 12.91 28.3 1.1557
0 12.23 26.55 0.8843
0 10.65 26.51 0.9922
0 12.53 28.66 1.962
0 10.44 28.88 1.4022
0 10.95 29.16 1.6048
0 11.08 26.48 1.3523
0 8.14 23.17 2.5788
0 6.71 22.13 2.9459
0 6.86 23.92 1.7258
0 7.09 24.57 1.02
0 7.8 24.93 1.961
0 8.59 26.16 0.5295
0 10.02 26.47 3.0751
0 6.9 23.05 4.0217
1.775 5.44 23.41 3.0256
1.625 5.47 19.81 1.65
2.375 2.08 14.01 0.2999
2.85 4.62 14.31 1.2928
0.05 4.41 14.58 0.7648
0 1.81 15.1 1.9783
0 1.56 17.1 3.0142
0 2.1 18.36 3.25
2.225 7.38 18.85 4.0395
1.225 6.56 19.27 0.9724
0 7.01 18.39 0.4177
0 8.06 18.25 1.1147
0 5.9 18.77 0.8717
0 4.55 18.55 0.988
0 5.45 20.48 0.7008
0.05 7.2 20.43 2.6287
3.175 3.78 15.08 1.9461
2.55 3.64 13.9 4.1121
0 2.34 13.29 1.8151
0 1.59 14.89 2.5533
0 2.54 15.38 3.785
0.2 5.75 17.07 1.8517
1.425 3.68 15.69 0.6452
0 4.93 17.38 2.7062
0 3.33 16.02 2.283
0.15 5.25 20.08 1.0788
0 4.54 12.67 1.5397
0 5.34 15.49 3.8321
0 4.43 18.57 7.6294
0 1.75 17.4 3.2876
0 0.25 16.9 4.0939
0 -1.44 16.46 2.5223
0 -2.17 14.45 3.4169
0 -1.68 14.84 2.9491
0 -1.57 15.12 3.0652
0 -1.19 15.07 2.849
0 -1.67 15.13 3.9263
0 -1.61 16.34 2.9357
0 -0.2 15.63 0.6229
0 1.74 12.45 1.473
0 1.25 13.84 1.3389
0 -1.08 14.61 1.0552
0.6 0.37 13.08 0.8899
0.4 -1.09 11.98 4.8618
0 -1.5 11.73 4.1229
0 -1.08 12.05 2.3532
0 1.73 15.86 3.9488
0 -1.33 12.36 3.9497
0 -2.63 12.74 3.1554
0 -1.46 15.29 4.4452
0 -3.27 13.1 3.8556
0 -3.83 12.91 4.6449
0 -0.61 16.35 3.357
0 -3.05 15.09 1.1889
0.025 -2.37 14.71 1.1798
0 -1.42 15.34 1.3543
0 2.86 15.6 0.8859
0 3.51 16.09 0.875
0 3.34 14.97 2.2911
