1.225 -9.86 3.13 1.5758
8.675 -5.54 1.95 1.4904
4.75 -7.79 2.61 1.6324
0.9 -11.21 -0.69 4.2584
2.825 -11.1 -1.81 1.7328
1.35 -6.35 -2.1 0.5637
0 -5.59 1.76 1.4003
0 -4.02 3.23 0.7019
0 -6.47 7.65 4.5359
0 -6.17 8.34 3.279
0 -4.82 5.91 2.289
0 -1.18 9.86 5.4619
0 -0.55 11.15 3.8025
0 -3.31 10.33 3.3031
0 -1.72 10.85 3.853
0 -1.92 12.98 4.8997
0 -3.96 10.27 4.2491
0 -4.07 9.62 4.7894
0 -2.91 9.1 4.8751
0.1 -2.75 8.55 3.4039
16.55 -1.92 8.81 2.7301
30.8 0.23 9.52 2.1451
54.475 -2.51 7.51 1.6116
55.9 -0.73 3.86 2.6541
17.625 -4.83 1.3 3.5934
2.05 -9.59 -3.79 0.7585
0.25 -10.22 -2.22 1.274
0 -8.68 0.74 1.471
0 -5.91 2.61 4.2619
0 -4.3 8.67 4.5156
0 -2.12 9.41 3.0951
0 -2.66 9.32 3.2103
0 -4.26 8.82 3.8089
0 -4.23 10.4 3.7691
0 -0.9 11.97 2.9869
6.35 -0.68 11.3 2.5203
10.4 -3.57 2.76 2.7662
3.925 -5.03 0.83 2.8488
22.6 -4.76 3.86 1.3174
13.55 -9.24 1.46 3.7468
4.15 -12.84 -3.66 0.5006
12.4 -10.95 -2.58 2.5312
6.175 -7.07 -2.51 1.4195
14.325 -7.54 -1.43 3.0579
8.375 -7.54 -2.12 3.3126
3.65 -6.19 -1.17 5.5639
31.875 -5.71 -1.99 5.4982
25.15 -5.43 -2.74 4.2813
4.375 -7.76 -3.29 1.1425
0 -7.77 -0.35 3.3911
0 -7.61 3.06 2.5355
7.05 -7.34 5.36 3.7901
26.55 -5.15 4.25 3.4404
18.025 -2.91 -0.19 2.5005
5.875 -5.13 1.52 1.5645
3.125 -4.61 7.53 1.4881
0.55 -4.17 1.63 2.6164
0 -5.44 6.26 0.406
0.025 -5.21 9.29 3.7383
17.9 -2.04 8.87 2.7969
28.6 -0.37 5.3 4.031
37 -2.18 5.09 4.9254
22.5 -5.65 -0.29 3.0794
4.625 -8.79 -1.28 0.7917
1.85 -7.75 1.64 1.8866
0 -8.98 0.67 0.2773
0 -9.24 4.96 1.4777
0 -6.24 7.86 2.6583
0 -9.7 1.46 0.4407
0 -9.16 6.27 0.6906
0 -6.38 7.02 2.247
0 -5.76 9.95 2.5561
0 -5 11.27 1.357
0 -3.74 8.61 2.3572
0 -2.35 9.06 2.7564
0 -2.53 11.99 1.087
0 -2.11 13.69 1.0174
0 0.66 15.5 0.8368
0.1 -0.95 15.8 0.6931
26.675 -0.81 14.9 1.9991
24.575 -6.04 6.5 4.2184
2.6 -10.91 -3.36 2.219
0 -9.62 1.83 1.8872
0 -6.33 9.3 0.4528
0 -3.23 11.02 2.0335
0 -3.14 14.23 2.0921
0 -2.27 13.37 1.3286
0 -1.97 14.52 3.2893
0 -4.01 10.51 1.9466
0 -3.65 9.91 0.2974
0 -2.58 11.66 2.5621
0 -1.19 13.99 2.5506
0 -2.75 12.85 5.3273
0 -6.39 4.88 1.8967
0 -5.91 9.33 2.8893
0 -4.7 12.88 2.4957
15.9 -0.95 15.58 1.3529
17.375 -4.77 12.08 3.3832
11.375 -4.41 2 1.7617
5.025 -4.74 3.22 2.207
0.6 -4.76 2.8 3.7541
0 -3.15 7.49 1.574
0 -2.9 12.05 2.0113
0 -1.29 11.69 4.5335
0 -8.37 5.42 6.2216
0 -7.27 2 3.3001
0 -4.95 9.21 1.531
0 -3.1 14.32 3.0076
0 -0.27 17.8 2.8883
0 3.38 21.14 1.5676
0 5.51 23.3 1.0941
0 6.69 23.89 2.1207
0.15 4.02 22.7 2.9118
2.5 1.71 16.24 3.4299
1.425 -5.51 5.37 3.6172
0 -4.53 8.57 1.9263
0 -1.96 11.38 2.3519
0 -2.9 11.61 3.2718
0 -4.58 8.55 1.578
2.45 -2.2 11.47 1.9477
54.45 3.71 14.72 2.0391
37.5 0.99 11.01 2.6601
9.425 1.78 6.4 3.7972
4.75 -0.18 7.03 1.9308
0.5 3.85 12.75 3.7911
0 1.14 14.66 2.3567
0 2.03 17.89 2.8117
0 4.03 18.3 1.6141
0 2.72 18.85 1.1107
0 4.04 20.28 0.8193
0 3.49 20.44 2.9917
0 1.94 19.95 3.2788
0 2.19 17.22 2.3632
0 2.77 17.13 3.1879
0 3.88 18.73 1.6124
0 4.67 21.33 1.6654
0 9.49 25.77 0.3351
0.525 10.8 27.55 2.4546
0.325 8.31 27.2 2.8332
0 5.53 21.69 1.7631
0 4.88 20.27 0.8991
0 5.24 21.1 2.4459
0 5.16 20.93 2.9514
0 4.64 20.25 2.7359
0 3.46 19.96 1.8184
0 4.21 19.57 1.2331
0 6.4 21.27 0.7903
0.8 8.05 22.31 1.822
0.475 7.61 22.07 2.444
18.55 7.28 21.4 3.3111
11.125 6.81 21.39 2.1675
0 7 20.33 1.9417
0 6.39 18.17 2.2401
0.25 6.55 17.55 0.6342
11.225 3.5 16.22 2.1974
9.725 0.78 13.9 3.7167
4.05 -0.24 5.54 2.517
1.325 0.35 8.39 2.7654
0 0.92 14.43 2.56
0 4.74 16.69 3.4116
0 4.28 15.77 3.0951
0 2.53 14.6 3.3271
1.55 3.22 15.21 2.1978
3.25 4.72 14.52 3.6498
1.375 2.53 13.98 2.5282
0 2.85 14.96 2.426
0 3.94 15.63 2.3574
0 6.08 16.8 2.9349
0 5.8 19.18 1.646
0 9.02 24.75 2.6445
0 5.5 23.05 3.2506
0 3.3 18.8 3.1549
0 3.33 16.55 1.1553
0 4.43 19.63 0.7089
0 7.99 23.08 1.4027
0 8.71 25.41 2.7047
0 7.97 23.71 1.6935
0 8.54 23.88 0.8547
0 8.87 28.08 0.5009
0.3 12.78 29.32 2.9915
0.2 11.5 29.13 2.9932
0 11.14 27.71 2.2536
0 11.44 26.68 1.6312
0 9.83 25.07 2.8963
0 8.52 26.16 2.5311
0 8.53 24.85 2.8178
0 7.69 24.38 2.6472
0 6.22 22.43 2.893
0 5.77 22.02 2.5925
0 5.71 21.71 2.5469
0 6.13 22.15 1.8921
0 7.91 23.38 1.899
0 8.34 24.74 2.3412
0 8.58 24.3 1.3523
0 8.76 25.41 0.6425
0 9.37 25.91 1.6099
0 10.48 28.63 2.0668
0 11.99 27.19 1.8803
0 12.4 29.12 2.081
0 12.87 29.95 1.8195
0 13.24 30.68 2.4673
0 12.08 30.58 2.5339
0 10.74 28.21 2.22
0 13.55 28.29 2.0529
0 11.63 27.71 2.1398
0 11 27.6 2.2113
0 10.82 27.82 1.9454
0 10.96 28.9 1.7896
0 12.52 29.24 2.0399
0 12.27 28.97 2.8132
0 13.36 27.99 2.4932
0 12.41 27.36 2.4399
0 11.63 27.27 2.4219
0 10.42 26.53 3.0666
0 8.72 24.07 2.7177
0 7.92 24.55 2.299
0 9.76 24.78 2.553
0 7.03 22.54 3.2793
0 3.5 14.49 1.9729
0 4.85 16.8 1.2812
0 6.89 21.46 0.2239
0 8.65 24.92 1.1394
0 10.45 25.96 2.9429
0 10.53 27.52 2.7321
0 9.86 26.49 2.9813
0 8.51 25.09 3.1742
0 6.11 23.15 1.3362
0 5.55 22.7 0.3001
0 6.89 24.19 0.6554
0 8.23 26.14 0.9141
0 9.84 28.51 1.2728
0 10.96 29.6 1.97
0 11.86 28.91 2.2512
4.525 11.58 29.62 2.3231
5.05 9.7 24.49 3.2308
1.375 8.17 23.77 1.6386
0 7.29 23.54 1.6242
0 7.21 24.66 0.5997
0 7.46 25.35 1.4078
0 10.47 25.02 1.0772
0 9.91 26.42 1.3199
0 10.4 27.57 2.9838
0 10.91 26.24 2.065
0 9.22 26 1.042
0 10.05 26.45 0.2061
0 11.05 27.17 1.3819
0 10.81 26.8 2.0765
0 7.86 25.33 2.1316
0 6.1 23.31 2.0093
0 6.05 20.95 1.3959
0 6.42 21.25 0.4345
0 6.58 22.17 0.935
0 8.11 24.39 0.356
0 9.86 25.91 0.9502
0.1 11.04 28.54 1.5502
1.025 9.28 24.74 2.3635
0.575 5.78 19.66 2.7876
0 3.98 16.47 1.4824
0 5.05 20.77 1.1826
0 7.26 23.13 0.3319
0 7.51 24.68 1.1253
0 9.88 27.25 2.3107
0 8.01 26.35 0.9576
0 9.85 23.16 2.6015
0 8.64 27.03 2.5207
0 8.73 27.04 1.5909
0 7.64 26.4 0.8214
0 7.94 26.16 0.7732
0 9.6 27.47 1.1801
0 9.25 28.52 0.3974
0 8.97 28.52 2.184
0 8.47 24.27 2.5828
0 -1.64 12.92 2.3126
0 -1.33 13.16 2.5284
0 0.9 17.33 0.7884
3.225 2.18 18.05 3.1548
2.05 -3.45 14.88 3.5501
0.075 -5.13 3.5 0.3139
0 -4.95 11 3.1321
0 -2.81 13.45 1.6776
0 -0.24 13.99 1.3658
0 -0.32 15.87 0.8019
0 1.55 17.35 0.5526
0 0.47 17.19 2.0085
11.15 1.18 15.91 1.969
61.55 1.42 10.39 6.4357
33.525 1.76 6.98 4.5114
0.35 3.65 11 0.7916
0 3.78 16.91 2.2107
0 3.49 18.75 1.1246
0 4.43 21.14 1.951
2.65 4.35 17.03 2.4508
1.575 -2.83 8.78 2.3231
0 -2.3 11 1.0567
0 -0.72 13.71 0.5679
0 -0.53 15.1 0.8858
0 1.99 17.19 1.1045
0 2.08 13.6 1.8264
0 1.63 15.63 1.1753
0 1.6 16.63 4.144
0 -3.12 5.3 5.0223
0 -5.71 5.18 0.7898
0 -4.91 7.64 0.0317
0 -1.78 12.99 0.8541
0 -0.82 15.32 0.8002
0 2.35 16.94 1.1802
0 1.91 18.52 1.1338
0 2.27 18.58 1.7376
0 0.68 17.86 2.2934
0 -1.74 12.77 0.6809
0 -2.3 11.35 1.4268
0 -3.89 8.94 1.8344
0 -3.3 9.22 1.2833
0 -1.58 10.95 0.7821
5.35 0.71 11 0.5158
5.675 -1.26 10.72 2.0215
1.475 -5.26 2.74 1.1224
0 -5.68 3.89 1.0864
0 -6.06 4.97 2.874
0 -4.67 8.19 2.2133
0 -2.61 9.24 1.7352
0 -2.69 11.27 1.3517
0.55 -4.94 6.64 2.3809
4.55 -4.04 7.64 3.8849
2.525 -3.65 7.98 0.9695
0 -3.63 4.03 0.5213
0 -5.3 7.2 2.4272
0 -4.48 5.65 3.8317
0 -3.34 7.29 4.1729
0.775 -3.11 8.65 2.7282
3.05 -1.97 9.91 1.2215
1.55 -5.21 6.67 4.9316
0 -3.24 3.85 5.1746
0 -3.86 5.13 3.9264
0 -3.83 7.71 1.64
0 -4.94 8.25 2.3278
0 -6.57 9.06 2.2032
0 -5.83 5.13 2.146
0.05 -5.28 6.55 1.1514
15.6 -7.62 3.31 2.2935
16.55 -7.26 1.44 1.0132
4.3 -15.71 -5.15 0.6983
0 -15.9 -5.6 1.8854
4.825 -12.68 -4.26 2.9966
31.925 -5.99 -0.58 2.7536
62.325 -3.24 0.12 3.6868
31.875 -4.99 0.8 4.5648
2.15 -6.4 -1.7 0.7756
0 -5.95 -1.58 3.0015
0 -4.07 3.19 2.3934
0 -3.05 5.2 2.27
0 -2.6 4.82 2.8093
0 -3.1 4.71 4.1067
0.975 -3.36 5.51 2.9006
15.5 -2.77 7.37 1.8704
11.95 -5.59 4.74 3.6592
0.225 -9.96 -1.69 2.7989
0 -6.87 1.56 3.8597
0 -6.52 1.27 3.7557
7.225 -6.52 1.35 4.0131
4.375 -5.51 2.33 1.9459
2.975 -6.76 -1.21 3.1985
9.8 -6.6 0.89 0.7522
5.05 -5.15 0.42 1.5191
0.15 -5.65 -0.02 2.4549
0 -5.38 3.39 1.9296
0 -4.94 3.42 1.1914
0 -4.63 4.89 3.9867
0 -4.67 5.8 2.9141
0 -3.52 5.37 2.4577
0 -3.94 6.53 2.9469
0 -3.63 6.48 2.8453
0.075 -2.36 7.71 3.1069
2.05 -2.31 8.62 2.2939
1.125 -0.21 6.51 2.4484
1.175 -0.26 5.44 3.0926
23.575 -2.46 8.62 4.3461
14.2 -2.93 4.06 2.0717
0.25 -6.18 2.05 1.4616
0 -5.64 2.84 3.3315
1.125 -4.46 6.67 1.9
21.125 -4.59 7.03 2.5178
43.225 -3.87 3.07 4.6317
34.5 -5.66 -0.88 5.4392
39.325 -5.59 -2.25 6.3517
40.65 -7.07 -3.32 4.0381
21.975 -6.55 -3.38 4.1473
5.05 -8.06 -4.29 0.9132
1.65 -9.21 -2.77 2.1247
5.1 -6.51 -1.35 3.6693
2.475 -5.23 -0.35 2.8995
0 -5.78 3.28 1.3783
0 -7.89 4.04 2.8636
1.55 -6.75 1.74 3.1562
0.925 -4.43 5 1.4802
0 -7.56 3.11 1.0951
0 -12.23 3.09 1.7074
0 -6.22 4.9 1.9418
0 -5.4 4.44 0.6099
8.95 -4.41 5.23 2.5877
15.9 -3.38 4.86 3.3866
14.875 -3.2 1.55 1.7614
5.125 -5.18 0.3 2.5237
1.1 -7.04 0.78 1.4258
1.675 -6.47 1.19 2.3487
0.6 -7.13 -0.19 0.5283
0 -6.69 2.81 1.0025
0 -3.92 4.25 1.0875
0 -4.29 7.55 1.4666
0 -3.49 9.48 1.5494
0 -4.94 11.59 0.9112
0 -2.37 10.72 1.7097
0 -2.36 11.82 2.4532
0 -1.93 12.43 1.2585
3.55 -3.63 11.65 1.3304
8.075 -2.52 6.4 2.4084
18.425 -3.74 4.17 3.0879
8.65 -7.98 -1.49 2.4318
28.725 -7.73 2.99 3.6244
26.2 -4.49 3.47 2.8838
3.2 -5.83 2.27 0.6623
29.6 -4.8 7.31 4.4192
19.6 -3.42 5.77 1.6807
1.3 -5.59 -0.3 0.6317
0.75 -5.17 7.01 2.4263
11.125 -2.43 9.42 2.6805
22.925 -3.87 3.22 3.2455
9.9 -6.68 0.94 3.1904
0.075 -8.18 -0.67 1.2994
0.05 -6.05 4.24 2.6528
0.125 -6.71 4.95 0.8254
6.25 -4.62 6.01 2.413
5.7 -10.79 -0.55 3.8971
1.2 -7.89 -0.04 2.0405
0 -8.29 0.01 0.472
29.6 -6.6 6.57 2.1716
17.75 -6.64 5.95 2.5197
0 -7.43 3.24 2.7019
0 -6.98 8.78 3.8301
0 -4.79 13.52 1.5194
0 -2.21 14.84 0.667
0 -1.21 14.66 2.9725
0 -6.62 12.38 2.1415
0 -0.73 15.91 2.1015
0 -2.67 14.69 0.7712
0 -2.27 12.55 1.267
0 -4.13 12.53 2.3425
1.325 -4.04 13.79 2.2084
4.05 -2.46 13.58 2.5106
1.95 -6.12 5.5 2.5601
0 -5.34 6 2.8997
0 -4.14 12.19 1.414
4.7 -1.92 13.78 2.6564
18.525 -1.97 13.66 5.789
9.575 -5.79 1.33 3.2172
1.25 -8.12 0.99 0.8557
8.8 -7.28 5.07 2.3443
4.275 -4.39 2.45 2.1068
25.025 -6.18 2.61 2.7403
15.025 -7.54 -0.5 3.4687
0.05 -7.81 1.28 0.7722
0 -7.18 6.61 2.2346
0 -4.63 12.34 0.3574
0 -2.44 13.8 1.4034
0.825 -2.16 13.69 1.9519
19.2 -1.55 8.89 3.8662
15.975 -5.23 2.53 4.6627
2.85 -5.9 0.22 1.0786
0 -5.44 6.58 0.6593
0 -4.33 7.94 0.8388
0 -2.19 12.91 2.5719
0 -2.88 13.11 1.3502
0 -1.62 15.33 1.0843
4.425 -0.72 17.1 1.796
17.05 1.01 14.38 2.8135
10.025 -5.4 3.66 2.9325
0.825 -4.55 -1.21 1.5628
0 -3.24 2.91 1.4351
0 -2.01 12.56 0.6812
0 0.08 14.6 1.3607
0 1.83 17.69 0.7255
9.95 3.08 17.96 4.3312
11.9 -2.52 7.98 5.2237
3.825 -7.25 0.59 4.0069
0.15 -6.85 2.38 3.4135
0 -4.34 8.33 1.8907
0 -2.1 12.32 2.0766
0 -1 16.81 1.0523
0 1.3 17.83 1.9806
0 1.16 16.85 3.5537
0 -1.51 13.12 2.174
0 -1.45 12.3 0.8547
0.075 -0.24 14.66 2.8604
3.45 -0.85 13.55 3.7747
14.15 -4.21 3.49 3.4212
7.45 -7.42 3.72 4.4835
0.1 -6.26 4.57 2.287
0.225 -0.8 11.72 1.1038
0.125 0.22 14.91 0.679
0 2.45 16.69 0.5589
1.2 4.94 18.55 1.3654
4.5 5.49 18.28 2.1139
2.25 -1.82 10.98 2.2617
0.325 1 11.35 1.7106
0.175 3.66 14.52 3.3854
0.15 -0.13 15.24 4.3996
0.175 -4.79 9.03 3.7318
0.375 -4.79 4.28 4.0872
1.525 -3.61 6.65 2.3531
4.25 -3.32 6.82 1.5982
12 0.36 10.52 3.2846
19.8 -1.47 7.04 2.6439
8.3 -3.96 5.53 3.7237
0 -3.1 7.52 1.8021
0 0.92 14.99 0.5693
0 2.39 18.8 2.6058
0 6.3 18.07 2.9579
0 3.86 16.91 2.652
0 5.27 18.24 2.831
0 7.47 19.74 2.8867
0 6.96 20.23 2.0918
0 8.41 23.38 3.081
0 9.36 23.82 3.1159
0 6.35 21.63 2.3427
0 5.91 21.07 3.9868
0 3.18 19.78 4.6177
0 2.28 14.1 5.1884
0 6.94 15.19 4.0605
0 4.63 18.97 1.1081
0 6.81 21.07 1.6434
0 7.36 22.79 3.0595
0 3.6 21.07 3.1415
0 2.55 16.55 0.8801
0 2.77 20.32 2.2854
0 3.14 18.54 3.252
0 1.9 16.75 2.5138
0 2.93 18.41 1.4636
0 4.41 18.05 0.9307
0 7.02 21.57 1.629
0.025 6.89 22.62 2.1444
0 8.31 19.75 2.6411
0 6.31 20.09 2.315
0 9.54 22.58 0.7987
0 10.91 26.53 1.4456
0 11.16 28.14 3.2286
0 8.86 25.35 2.9856
0 6.61 23.38 2.6516
0 5.77 21.76 2.7262
0 9.48 21.71 1.9272
0 6.47 20.73 0.9661
0 7.16 23.49 1.8287
0 8.49 25.12 2.378
0 8.92 23.84 2.1915
0 8.91 23.85 2.194
0 10.86 25.55 2.0819
0 10.05 25.52 1.8202
0 10.55 27.75 2.445
0 11.7 26.23 3.3383
0 12.16 25.73 3.5151
0 9.8 23.38 1.8344
0 10.89 25.04 1.2111
0 12.99 28.13 2.5996
0 12.41 28.52 2.8036
0 12.42 28.06 2.6109
0 11.19 29.34 2.0738
0 10.44 28.83 2.0423
0 10.01 26.71 2.6744
0 9.51 25.42 1.0434
0 10.04 25.22 2.2547
0 10.18 26.29 2.0022
0 12.1 27.73 2.4447
0 12.05 26.88 2.7227
0 9.55 25.65 1.9396
0 7.61 25.13 2.381
0 9.38 25.06 1.9695
0 7.98 25.58 2.319
0 8.65 24.98 2.4496
0 7.97 24.74 2.0877
0 8.61 24.51 2.4568
0 8.12 25.19 1.5672
0 7.61 25.39 1.9678
0 8.2 25.18 2.0185
0 7.53 24.62 2.114
0 7.97 24.45 2.5214
1.05 8.23 23.69 2.9166
0.625 7.3 20.73 2.1085
0 6.64 22.4 2.0082
0 7.52 23.13 2.3845
0 6.08 19.37 1.0295
0 6.3 23.14 1.2397
0 8.88 24.14 2.1888
0 8.62 24.33 2.7353
0 8.91 24.84 1.1063
0 8.75 26.55 1.7548
0 8.86 27.3 1.8793
0 7.47 25.97 1.8898
0 7.45 25.8 2.2243
0 8.3 26.24 2.0698
0 9.05 23.47 1.7332
0 6.49 21.94 2.6045
0 7.97 26.7 2.2258
0 12.21 30.24 0.7078
0 13.78 31.91 2.487
0 10.24 29.39 2.5872
0 5.88 24.99 3.0369
0 5.87 13.77 2.2136
0 2.88 14.19 2.3774
0 3.17 16.52 1.0793
0 4.76 20.38 0.5891
0 6.95 24.45 0.5077
0 9.24 27.63 1.177
0 9.49 27.72 1.3738
0 7.54 27.08 1.9113
0 6.77 24.8 1.3476
0 6.85 24.68 2.6109
0.025 7.56 23.6 3.0646
0.025 0.94 9.58 2.0729
0 1.01 17.66 0.6933
0 3.62 20.35 0.7725
0 5.3 22.66 1.0519
0 5.41 23.11 1.7947
0 4.96 21.39 1.4554
0 4.49 21.05 0.7361
0 4.9 21.14 1.3739
0 4.43 22.49 1.6478
0 4.8 21.7 1.5612
0 4.62 21.36 1.5638
0 3.14 17.4 1.0487
0 2.49 19.37 1.0165
0 3.77 17.94 2.7293
0 2.98 15.47 0.8888
0 3.33 19.86 0.4674
0 6.13 23.31 0.9545
0 7.9 27.88 0.3958
0 7.64 27.35 1.1336
0 11.21 28.69 0.4923
0 10.47 29.32 0.5163
0 9.63 29.1 0.3043
0.075 9.46 25.61 0.4976
5.75 8.55 22.24 1.4118
42.225 7.59 22.25 1.7318
30.2 5.34 12.44 1.4713
2.7 3.22 7.18 1.0611
4.4 0.21 8.49 0.8031
3.05 0.57 8.88 2.2044
0.275 -0.99 8.56 0.8188
0 0.46 13.49 1.8178
0 1.77 16.12 1.6397
0 5.08 20.33 1.3942
0 4.75 19.92 2.4465
0 6.55 22.54 1.7361
0 5.97 21.74 0.8359
0 6.28 20.75 0.751
0 5.97 21.47 1.3148
3.1 6.63 16.78 0.8905
1.525 2.59 12.88 1.1451
0 2.88 11.85 1.8636
0.075 2.35 18.37 1.0768
0.05 2.98 15.05 2.0144
4.5 1.08 13.3 1.8072
29.875 1.91 11.43 1.7035
69.45 3.67 5.49 4.7819
28.3 -1.2 7.2 3.8032
0.125 -1.85 7.46 1.5444
0 -4.66 7.62 3.0558
0 -4.93 9.2 3.317
2.725 0.29 12.66 2.0839
2.075 0.17 13.66 1.9751
0.25 -1.8 4.91 0.8326
0 -1.45 10.35 1.8634
0 -0.7 13.1 3.2936
0 1.56 15.51 3.1089
0 5.33 17.66 2.1174
0 5.61 17.91 1.1528
0.85 3.41 17.29 2.3397
27.55 1.08 14 3.1157
16.875 -3.65 4.11 2.7594
3.175 -5.45 3.62 0.6378
3.4 -4.66 4.93 1.605
0 -5.66 2.36 2.5556
0 -3.87 6.64 1.4659
0 -4.49 8.58 3.1205
0 -2.23 8.85 1.5095
0 -0.56 12.41 2.4421
0 -0.94 12.13 0.8795
0 -2.25 11.25 2.206
0 -2.27 11.54 2.3471
29.6 -2.1 11.92 3.0276
52.375 -5.23 5.53 3.3795
39.3 -7.04 -3.22 5.3749
16.425 -6.9 -3.03 3.2831
15.3 -6.68 -1.84 4.4391
7.45 -10.62 -2.76 1.0317
0 -12.29 -4.13 3.3845
0 -11.86 -4.3 3.3057
20.5 -7.3 -1.17 2.9381
12.95 -13.1 -1.6 2.8138
0 -13.2 -5.03 2.2305
0 -11.52 -4.17 2.9981
0 -7.66 0.33 2.2115
0.125 -3.82 6.77 2.5264
0 -2.13 4.7 1.6374
1.2 -2.22 4.12 1.8286
17.675 -2.22 4.13 2.0426
8.275 -2.74 5.33 3.2281
0 -3.81 1.78 2.3327
6.825 -2.66 5.26 1.8398
9.9 -1.75 6.78 1.0687
1.425 0.12 3.95 1.4176
0.075 -1.6 6.39 0.4879
0 -2.29 6.69 2.248
0 -2.19 5.92 1.4719
27 -2.23 7.95 1.9621
18.775 -4.32 3.08 1.7187
7.125 -6.29 0.95 2.5807
64.05 -6.31 0.13 3.4416
95.95 -3.91 -0.01 5.2919
66.6 -2.59 2.76 6.2062
27.725 -5.07 4.25 2.2126
11 -5.45 -4.31 2.1693
5.95 -5.69 -1.65 2.2725
3.2 -5.15 -0.13 0.4082
0 -6.05 0.13 2.8074
20.625 -6.33 3.14 5.1877
12.8 -5.76 3.79 2.0168
0 -6.87 -3.31 1.0364
51.675 -6.46 -1.37 2.2995
34.15 -5.05 -0.12 4.5723
2.15 -13.7 -2.56 2.6508
4.65 -13.47 -5.45 1.3562
20.525 -13.32 -4.68 3.8244
21.675 -5.81 -3.07 4.6616
13.725 -6.73 -2.82 2.5743
0 -9.11 -2.32 3.1549
0 -9.05 -2.74 3.8376
0 -6.85 -0.32 5.4075
0 -6.4 0.56 3.9064
0 -7.62 -0.18 1.9043
0 -7.64 2.25 1.055
0 -9.32 0.05 3.3098
3.5 -9.55 0.78 3.2132
5.85 -4.83 0.67 1.7107
0.475 -5.47 3.75 1.639
0.275 -5.7 3.14 1.3845
0 -5.2 7.21 2.4703
0 -3.38 7.09 0.9609
0 -2.78 7.61 0.646
0 -2.98 7.82 2.2113
0 -4.07 7.93 1.2906
0 -5.35 9.31 4.2782
0 -5.33 7.92 3.6972
0 -5.78 8 2.8071
0 -3.38 11.79 3.783
0 -3.86 8.7 2.1057
0 -3.63 9.19 2.2008
0 -3.71 8.13 4.9599
0 -3.71 10.45 3.2347
0 -3.71 10.58 1.8078
6.125 -4.09 10.05 0.6253
12.525 -5.03 8.33 1.7991
4.875 -6.83 -1.14 1.5999
0 -7.46 2.51 2.0439
0 -8.18 4.88 3.0423
0 -7.96 5.07 2.1225
0 -6.71 7.35 2.868
0 -3.77 9.8 1.6892
0 -3.48 12.27 1.9232
0 -1.74 12.53 0.5691
0 -4.94 11.58 2.1836
0 -7.55 7.52 3.6369
0 -10 5.1 3.7995
0 -8.06 6.65 3.8541
0 -5.99 9.94 2.6393
0 -4.54 12.14 1.3546
0.05 -4.34 11.87 3.3463
10.95 -5.23 6.59 4.0924
35.775 -5.14 7.4 6.1004
35.4 -7.54 -3.94 4.4161
54 -6.3 -3.52 3.1509
31.3 -6.86 -1.42 4.0292
4.225 -11.04 -2.7 0.818
0 -11.04 -1.07 1.2044
0 -10.48 -1.43 0.3715
0 -9.89 2.1 0.3168
8.25 -9.16 2.09 2.4
19.775 -6.44 -0.18 5.8282
13.225 -11.15 -3.63 0.7181
0 -13.01 -5.46 0.482
0 -12.89 -0.67 2.1397
5.55 -10.13 4.39 1.6857
13.075 -5.81 5.92 3.4684
11.75 -3.64 4.17 1.6742
1.325 -6.02 4.53 1.4417
4.675 -4.86 8.22 0.574
25.3 -4.08 9.94 1.7372
26.3 -2.81 2.67 4.4373
0.175 -6.16 1.98 0.6125
0 -4.74 8.24 1.5154
0 -3.54 12.6 1.1591
0.2 -3.21 11.56 1.1082
0.1 -3.28 9.38 0.6645
2.15 -3.33 11.18 0.9038
1.45 -1.6 7.17 1.1027
18.025 -1.26 10.88 1.256
31.725 -0.22 12.34 2.8292
2.075 -5.36 4.1 0.9823
29.3 -6.01 6.59 3.3489
46.825 -6.03 0.39 4.9129
72.125 -5.79 -1.46 6.1159
26.075 -6.62 -1.45 2.6622
7.3 -7 0.97 0.9657
15.175 -6.22 2.57 4.5821
45.475 -6.47 0.49 5.4129
33.9 -9.51 -1.25 4.1204
15.125 -6.31 0.42 2.975
10.725 -5.02 -2.01 1.612
0.25 -4.4 4.26 0.5605
0 -4.59 8.28 1.1286
0 -3.85 10.64 2.0824
0 -2.11 12.45 2.2455
0 -0.04 17.13 1.6737
0 -0.02 20.12 1.1265
0 -1.85 15.95 1.3056
0.125 -2.74 12.85 1.9735
0 -2.15 13.91 1.3686
1.775 -0.98 15.46 1.4069
7.85 -5.27 13.39 3.5345
6.95 -10.34 -2.62 1.4006
2.725 -9.57 -3.37 1.4343
0.15 -8.86 2.54 0.532
0 -6.84 8.25 1.499
0 -4.42 9.45 1.3363
0.575 -4.03 10.19 2.8831
0.5 -6.56 1.73 0.5851
0 -4.81 10.05 0.7524
0 -2.02 14.49 1.335
0 -0.4 16.22 2.2937
0 0.5 16.14 3.0051
0 0.77 12.69 1.7398
0.45 -0.64 14.25 2.2056
12 0.61 7.31 2.3701
2.375 -2.91 8.95 0.8521
1.6 -2.73 9.3 1.3695
0.95 -0.9 6.8 2.5387
1.1 -1.9 6.04 2.505
0.15 -4.54 8.77 2.6688
0 -2.44 11.02 0.8125
0 -1.14 13.45 2.4699
0 -4.08 12.89 4.5394
0 -3.51 11.43 3.6258
0 -2.76 11.76 1.9856
0 -0.67 14.51 0.5382
0 1.01 16.7 0.7933
0 2.46 18.33 3.0683
0 6.39 21.09 0.8172
0 5.6 21.78 1.5868
0 3.65 20.43 2.1066
0.35 1.76 16.86 3.1168
2.1 -1.99 7.89 3.3391
3.075 -4.04 3.74 2.7632
0 -0.93 11.82 1.7054
0 1.4 15.35 1.15
0 2.15 18.04 0.5654
8.325 2.34 19.69 3.0156
17.275 -5.62 10.35 3.0122
7.15 -5.4 1.25 1.123
22.85 -4.41 4.27 3.5032
17.075 -4.97 0.88 2.4194
2.025 -3.86 4.67 3.4464
0.15 -3.4 11.15 1.7572
0 -0.04 15.67 1.9421
0 0.88 15.34 2.8527
0 -0.38 14.58 4.3644
0 -1.31 11.63 2.4117
0.025 -0.21 14.1 2.8726
0.025 -0.57 12.54 2.6727
0.575 -0.72 12.83 3.425
5.3 -2.03 11.84 4.3268
8.55 -3.99 7.05 4.8602
1.875 -3.24 8.49 2.9401
0.45 -1.39 11.34 2.8182
1.025 0.41 11.85 3.087
1.8 -3.69 6.17 1.7563
0 -2.3 9.38 0.6636
5.25 -1.4 10.12 2.8427
19.275 2.84 5.13 1.3979
10.4 -0.86 11.48 3.6357
0.275 -0.93 7.15 1.8575
0.05 -0.13 13.06 3.0126
0 2.78 16.46 1.569
0 3.78 19.17 2.2053
0 3.9 19.37 2.9946
0 2.69 16.91 2.6222
0 4.05 17.65 2.7308
0 5.45 20.7 1.5839
0 5.68 23.37 1.8359
0 7.35 23.03 2.4383
0 3.81 20.44 1.1408
0 5.33 19.76 2.9374
0 3.41 20.57 2.0616
0 6.05 20.88 0.2609
0 7.67 23.41 0.4299
0 8.73 26.23 2.4784
0 9.59 26.29 2.9194
0 8.51 25.32 2.6509
0 4.51 22.79 2.6889
0 4.76 21.75 2.2324
0 6.83 22.39 2.1784
36.3 7.29 23.01 2.7018
22.35 4.07 19.44 2.5216
4.4 2.77 11.5 2.2115
0 5.23 18.04 0.7934
0 6.37 23.09 0.7893
0 9.55 25.64 0.6808
0 8.98 26.13 1.6208
0 9.37 25.57 1.8431
0 10.35 24.82 2.4872
0 11.7 25.46 2.8988
0 10.95 24.32 2.2465
0 10.25 24.94 2.5194
0 8.14 24.71 2.1839
0 7.05 23.53 2.3962
0 6.35 20.84 2.4904
0 6.01 20.81 3.175
0 5.57 18.83 2.6524
0 6.22 17.78 3.1896
0 4.82 17.35 3.1752
0 5.01 18.36 2.0328
0 5.23 20.04 1.4522
0 5.62 22.27 1.9628
0 5.74 22.29 1.1955
0 6.43 22.67 2.2813
0 7.91 23.63 2.8277
0 8.37 23.51 1.8482
0 9.26 24.17 2.0278
0 7.47 25.4 2.2046
0 7.47 24.53 1.7897
0 7.56 23.61 1.6918
0 8.86 23.32 1.4163
0 10.02 26.44 2.2273
0.475 10.73 26.81 3.0251
0.625 12.54 26.49 2.1555
2.65 11.47 23.56 1.5905
0 10.25 25.41 1.9326
0 10.54 26.57 2.0983
0 8.27 25.98 3.0933
0 7.16 22.26 2.2683
0 7.72 22.84 3.0825
0 7.61 22.76 2.4542
0 8.84 24.01 1.7946
0 7.75 24.55 1.8759
0 7.66 24.23 2.1646
0 8.66 23.96 2.6583
0 8.21 24.23 1.5456
0 8.53 25.38 1.3435
0 9.39 26.1 2.0885
0 7.23 24.65 1.499
0 6.82 23.77 0.9892
0 6.74 24.04 1.5547
0 7.88 24.87 1.3776
0 8.8 25.59 2.5321
0 7.73 23.32 2.0551
0 6.81 22.87 1.5161
0 5.58 22.72 1.1132
0 6.41 23.91 0.9353
0 7.01 25.57 2.0598
0 10.02 26.1 1.3077
0 9.6 25.85 0.8982
0 9.02 27.76 1.0989
0 9.86 27.74 1.4769
0 9.91 28.23 1.6062
0 7.91 26.8 1.9233
0 7.17 25.04 1.8216
0 7.16 23.77 0.7309
0 7.44 23.83 0.8389
0 7.91 25.95 0.8669
0 9.58 25.13 0.8807
0 9.3 26.03 1.833
0 8.95 25.32 0.5579
0 9.3 25.48 0.8877
0 9.94 26.71 0.7901
0.425 9.76 25.33 1.7259
5.6 8.84 26.07 1.106
7.45 8.26 23 1.5403
14.3 4.79 17.42 1.4059
11.95 6.84 20.38 0.6007
12.275 5.91 21.65 1.1176
0 6.09 20.14 2.4629
0 6.95 21.36 1.8656
0 4.91 18.82 1.5972
0 5.02 19.06 0.2926
0.175 5.43 22.14 0.2382
0.125 7.89 24.47 0.8759
0 8.58 24.83 0.433
8.2 8.99 25.39 0.3394
0 9.78 26.11 0.6461
0.025 9.76 26.8 1.6449
14.3 6.76 22.81 2.333
0.15 4.78 15.63 1.7245
0 6.18 20.49 0.3828
0 9.51 23.59 0.6093
0 7.97 21.22 1.0807
0 7.45 24.3 1.5227
0 5.74 23.55 2.476
0 6.25 19.91 2.0077
0 5.22 18.06 2.1599
21.925 2.29 15.02 2.3768
36.875 0.72 10.29 3.9299
14.075 -3.77 4.57 0.7625
3.05 -4.37 4.41 0.9095
0 -4.24 8.62 1.3256
0 -1.37 12.42 1.2487
2.7 1.4 14.52 1.6464
5.7 2.97 9.68 1.722
0 1.87 16.36 0.8996
0 2.04 18.72 0.5898
0 6.3 20.52 0.4878
0 4.09 20.53 1.1419
0 4.18 19.6 1.624
0 5.19 18.41 1.8299
0 5.2 19.05 1.8633
0 3.82 20.16 0.697
0 2.97 17.21 0.5523
0 2.89 17.69 0.4308
0 2.41 16.83 2.3116
0 2.38 18.67 1.8956
0 3.16 19.58 2.2594
0 1.85 16.74 1.3417
0 0.73 12.92 3.5633
0 -2.23 11.98 3.457
0 -2.07 11.43 2.1403
0 0.1 13.91 0.8871
0 1.07 15.5 2.2044
0 1.19 16.24 0.1173
0 0.52 16 3.3541
0 0.5 14.05 4.1789
4.625 -2.82 14.1 3.9439
10.55 -5.66 12.68 1.8703
7.25 -8.01 -1.14 0.4593
7.325 -7.51 -0.05 1.5253
0.15 -7.8 -1.14 0.9765
0 -8.03 1.67 2.3263
0 -6.89 3.61 3.2675
0 -5.3 6.88 2.9426
1.8 -3.51 8.4 3.3011
4.075 -0.87 6.32 0.982
0 -1.69 5.9 0.1992
0 -0.96 8.07 0.539
0 -3.76 8.39 0.4898
0 -3.33 8.29 0.887
0 -3.87 9.37 1.1347
0 -3.3 8.8 3.4427
1.575 -4.56 2.37 2.2534
3.9 -4.41 0.83 3.9459
3.6 -6.96 0.31 1.6136
0 -6.74 3.46 2.2726
0 -5.4 4.37 3.5145
0.025 -5.74 10.19 2.3144
0 -5.12 6.16 0.7961
0 -4.26 6.41 2.9559
0 -2.3 10.53 2.3682
0 -1.63 8.83 1.087
0 0.36 9.62 1.8493
0 -4.36 10.48 3.3581
0 -4.34 7.69 8.8906
0 -4.51 3.83 3.7956
0 -5.66 8.4 4.4311
0 -7.7 4.93 2.7893
0 -7.63 3.17 3.5102
0 -8.35 3.29 3.0609
0 -7.93 2.63 3.6608
0 -7.36 5.07 3.8566
0 -6.51 4.75 4.3777
0 -5.94 6.01 3.2484
0 -7 5.5 1.1363
0 -8.61 4.39 1.6545
0 -9 1.73 1.4756
0 -8.45 2.37 1.0796
0 -7.87 2.74 0.8785
0 -7.69 1.92 5.7425
0 -6.15 4.45 4.8127
0 -7.7 5.9 2.7345
0 -7.75 4.74 4.7442
0 -8.77 2.78 4.6306
0 -8.23 3.8 3.5356
0 -8.28 3.64 4.5462
0 -8.44 4.55 3.9762
0 -7.96 4.83 4.9791
0 -6.93 5.49 3.3569
0 -5.09 6.82 1.3624
0 -5.39 7.16 1.112
0 -4.37 6.38 1.1429
0 -2.49 11.47 0.9484
0 -3.32 8.74 1.2946
0 -5.93 7.35 2.3893
