1.45 -8.41 2.39 1.4538
10.15 -7.6 2.45 1.6797
5.55 -10.75 -0.21 1.6827
0.8 -13.65 -2.89 4.233
3.175 -12.77 -3.63 1.8697
1.625 -8.28 -5.23 0.4975
0 -7.7 0.81 1.4278
0 -5.11 3.46 0.6613
0 -7.98 5.5 4.3765
0 -7.72 5.44 3.1943
0 -6.46 5.9 2.3658
0 -3.88 8.03 5.4087
0 -2.84 9.02 3.7825
0 -6.11 8.81 3.4821
0 -4.95 10.12 3.7491
0 -6.13 10.71 4.8094
0 -5.23 8.72 4.2498
0 -5.14 7.91 4.8521
0 -5.12 7.68 4.9347
0.075 -4.91 7.01 3.453
14.6 -4.26 7.69 2.6798
29.5 -1.37 6.76 2.1064
64.1 -2.49 2.4 1.5902
50 -3.55 1.63 2.6917
14.8 -7.45 -1.31 3.5301
3.025 -12.8 -6.75 0.7575
0.6 -13.4 -4.47 1.2751
0 -11.61 -1.68 1.2812
0 -8.18 1.63 4.2446
0 -7.11 7.13 4.4852
0 -4.69 8.15 3.0864
0 -5.2 7.63 3.281
0 -6.83 6.17 3.817
0 -6.83 8.51 3.7329
0 -3.7 9.98 2.9465
6.375 -3.22 8.99 2.3972
10.15 -6.24 0.89 2.6357
3.3 -7.4 -1.48 2.897
23.775 -7.6 1.53 1.1948
14.4 -11.48 -1.21 3.6333
4.3 -15.94 -5.96 0.5161
11.85 -14.14 -4.8 2.7733
7.725 -10.18 -4.02 1.4117
19.2 -10.92 -3.61 3.1955
11.8 -10.29 -5.43 3.5823
4.125 -8.51 -3.28 5.6896
29.95 -8.03 -4.12 5.3664
24.925 -8.07 -4.57 4.2571
4.575 -10.31 -5.86 1.2455
0 -10.44 -2.11 3.3639
0 -9.6 2.66 2.474
8.525 -9.16 3.94 3.7049
34 -8.99 2.87 3.4447
22.6 -5.06 -2.07 2.5296
5.975 -6.67 -0.12 1.7445
2.575 -6.28 5.69 1.5887
0.775 -6.46 -0.48 3.0034
0 -8.11 3.17 0.4982
0.025 -6.96 5.93 3.7477
18.375 -3.85 6.4 2.8557
31.875 -3.52 2.52 4.2439
51.5 -4.84 2.18 4.9281
32.875 -8.11 -2.38 3.0087
8.425 -11.89 -2.97 0.7781
1.625 -10.43 -1.43 1.8788
0 -12.1 -2.37 0.3614
0 -12.85 2.18 1.3713
0 -8.57 4.92 2.5576
0 -12.61 -0.72 0.4856
0 -11.87 3.51 0.9176
0 -8.15 4.18 2.3284
0 -7.99 7.04 2.5734
0 -7.05 8.51 1.4614
0 -6.9 5.04 2.7283
0 -5.45 6.46 3.3043
0 -4.99 9.13 1.0044
0 -4.21 10.3 0.9029
0 -2.57 12.16 0.889
0.275 -4 12.79 0.6295
28.825 -3.1 12.04 2.0159
20.525 -9 3.73 4.149
2 -13.91 -4.82 2.0888
0.3 -12.26 -0.14 1.9593
0.175 -9.25 6.64 0.4075
0 -7.04 8.06 1.7851
0 -4.76 11.38 2.0837
0 -4.94 10.7 1.3085
0 -4.64 11.67 3.4159
0 -7.15 7.34 2.0483
0 -6.7 7.36 0.26
0 -5.4 8.64 2.5393
0 -4.42 11.35 2.5551
0 -6.66 8.63 5.2216
0 -10.11 2.61 1.9507
0 -8.79 6.97 2.8969
0 -6.79 11.02 2.3641
16.075 -3.79 13.43 1.2102
15.8 -7.1 9.57 3.4613
13.6 -7.06 -0.78 1.8636
6.65 -6.98 -0.08 2.1331
0.375 -7.69 0.21 3.6118
0 -6.23 4.76 1.3759
0 -5.31 9.5 2.1175
0 -3.92 9.31 4.6216
0 -11.54 3.01 6.1388
0 -9.98 -0.5 3.1406
0 -7.68 7.53 1.6547
0 -5.12 11.92 2.9971
0 -1.97 15.06 2.9227
0 1.25 18.93 1.5199
0 2.54 20.98 1.0292
0 3.47 21.14 2.1327
0.225 0.81 19.84 3.0055
2.575 -1.8 14.34 3.246
1.45 -8.61 2.51 3.4064
0 -7.03 6.72 1.7411
0 -4.78 9.32 2.3518
0 -6.55 8.24 3.3141
0 -7.21 6.25 1.5147
1.925 -5.07 8.25 1.8178
64.975 0.06 11.61 2.0606
45.525 -1.49 8.59 2.7074
13.6 -1.03 3.69 4.0415
7.625 -2.54 5.46 2.0444
1.3 0.97 9.49 4.0849
0 -1.71 12.44 2.3604
0 -0.45 15.33 2.7091
0 0.75 15.33 1.573
0 -0.04 16.12 1.0318
0 1.34 16.67 0.7425
0 0.92 17.8 2.9122
0 -0.08 17.11 3.2775
0 -0.54 14.42 2.2746
0 0.08 14.76 2.9824
0 1.62 16.35 1.6213
0 3.15 18.48 1.7875
0 6.91 23.35 0.4329
0.975 7.81 25.3 2.4384
0.575 5.61 24.59 2.8183
0 2.55 18.92 1.5235
0 2.02 17.75 0.7822
0 2.73 18.75 2.3536
0 2.7 18.56 2.9056
0 2.11 17.97 2.6437
0 0.92 17.3 1.7279
0 2.03 17.32 1.2532
0 4.4 19.4 0.772
0.55 5.45 20.96 1.7552
0.325 4.91 20.15 2.487
13.15 6.08 19.51 3.2915
7.875 4.37 18.89 2.1258
0 4.31 18.08 1.8784
0 3.66 15.5 2.1972
0.775 3.63 14.49 0.4757
10.6 0.75 13.65 2.1173
9.1 -2.28 11.27 3.7751
5.75 -3.13 4.14 2.5407
2.55 -2.07 6.45 2.7179
0 -0.74 12.28 2.5085
0 1.66 14.76 3.3516
0 1.33 13.89 3.0739
0 -0.5 12.54 3.2332
1.425 0.25 13.78 2.1476
2.225 1.86 11.35 3.6209
0.875 -0.39 12 2.4689
0 0.1 12.7 2.3977
0 0.97 13.33 2.2878
0 3.08 14.65 2.9265
0 3.4 17.53 1.6587
0 5.67 21.98 2.5933
0 2.08 20.5 3.1104
0 -0.09 15.76 3.1094
0 0.61 14.03 1.3312
0 2.59 17.38 0.8131
0 5.39 21.2 1.4607
0 5.67 23.69 2.7912
0 5.12 21.66 1.5556
0 6.37 21.76 0.8893
0 7.06 26.32 0.4892
0.25 9.36 27.34 2.9652
0.15 8.69 27.1 2.924
0 8.03 23.8 2.2442
0 8.47 24.71 1.672
0 6.95 23.24 2.9327
0 6.06 23.61 2.5899
0 5.68 22.43 2.8901
0 4.63 21.64 2.6998
0 3.18 20.1 2.8908
0 3.1 20 2.571
0 2.95 19.26 2.519
0 3.3 19.58 1.9317
0 4.83 20.86 1.9834
0 6.04 21.96 2.4327
0 6.16 21.95 1.4842
0 6.4 23.6 0.9571
0 6.95 24.1 1.4897
0 8.06 26.64 2.0924
0 9.78 26.12 1.8298
0 10.26 27.33 2.0316
0 10.87 27.87 1.8549
0 11.01 28.82 2.457
0 9.06 27.76 2.5749
0 8.05 25.69 2.2726
0 9.91 26.6 2.0898
0 8.84 25.33 2.2178
0 7.93 24.93 2.3459
0 8.1 26.2 1.99
0 8.85 26.77 1.6017
0 10.12 26.97 1.8717
0 9.69 26.31 2.7404
0 10.41 25.56 2.4181
0 9.65 25.47 2.416
0 9.09 24.93 2.3919
0 7.92 24.31 3.2534
0 5.46 22.45 2.8781
0 5.57 22.32 2.5644
0 6.53 22.32 2.6814
0 3.86 20.66 3.4005
0 0.58 12.84 1.9246
0 2.38 14.24 1.2632
0 5.09 19.21 0.198
0 6.97 22.51 1.0664
0 8.26 24.25 2.9962
0 7.56 25.52 2.8762
0 6.76 24.19 3.048
0 5.92 22.56 3.0548
0 2.98 20.79 1.3561
0 3.71 20.36 0.3656
0 5.33 21.88 0.7208
0 6.67 24.01 1.0147
0 8.47 26.2 1.3
0 9.21 27.24 2.0044
0 9.7 26.75 2.3334
5.175 8.93 27.55 2.2582
5.775 6.4 22.77 3.3551
1.525 5.41 20.09 1.6908
0 5.21 20.75 1.6108
0 4.6 22.01 0.6756
0 5.03 23.39 1.4853
0 7.21 22.92 1.1403
0 7.84 23.7 1.4171
0 7.41 25.29 3.0017
0 8.37 24.03 2.147
0 7.01 23.73 1.2312
0 7.68 24.16 0.1664
0 8.42 25.05 1.453
0 7.38 24.82 2.0595
0 5.23 23.33 2.2141
0 3.59 20.84 2.0847
0 3.49 18.52 1.3746
0 3.63 18.62 0.3925
0 4.38 20.03 0.9094
0 5.99 22.35 0.3466
0 7.14 24.08 0.9812
0.325 8.63 26.55 1.4106
1.15 5.81 22.98 2.4905
0.75 2.77 17.42 2.9358
0.1 1.56 12.98 1.4628
0 2.66 18.41 1.1761
0 5.08 21.04 0.341
0 5.24 22.67 1.1068
0 6.59 25.12 2.3325
0 5.13 23.55 0.8497
0 6.7 21.87 2.7208
0 6.46 24.88 2.5036
0 6.18 24.98 1.6382
0 5.49 24.22 0.9475
0 4.91 24.05 0.8008
0 7.04 25.48 1.1706
0 5.83 26.63 0.4646
0 5.73 26.68 2.2354
0 5.91 21.8 2.5883
0 -4.59 9.64 2.2939
0 -3.9 12.32 2.4782
0 -1.1 15.18 0.7904
3.05 -0.21 15.36 3.0329
2.225 -6.14 11.31 3.4875
0.225 -7.86 1.01 0.314
0 -7.13 7.94 3.2607
0 -4.92 10.69 1.7008
0 -3.04 11.54 1.2939
0 -1.9 13.76 0.8034
0 -1.06 14.43 0.7347
0 -2.37 14.48 2.0486
11.175 -1.22 13.05 2.074
90.95 -1.8 7.32 6.5869
51.575 -0.41 5.28 4.6296
0.625 1.24 8.09 0.7827
0 1.22 14.32 2.0856
0 0.38 16.02 1.0703
0 2.86 19.29 1.9445
2.675 1.83 14.27 2.4285
1.6 -5.26 6.91 2.0247
0 -4.75 8.02 1.0329
0 -2.69 11.67 0.6049
0 -2.24 12.9 0.9514
0 -0.16 14.27 1.0687
0 -0.35 11.66 1.8623
0 -0.69 13.41 1.1121
0 -1.46 14.31 4.3642
0 -6.01 5.02 4.9808
0 -8.15 2.6 0.8044
0 -7.45 5.16 0.0553
0 -4.56 10.8 0.8398
0 -2.12 12.83 0.7679
0 0.22 14.24 1.2394
0 -0.02 15.98 1.1773
0 0.08 16.16 1.8122
0 -1.79 14.64 2.4105
0 -4.46 9.25 0.8878
0 -4.54 8.48 1.4013
0 -6.28 5.88 1.8333
0 -5.69 6.92 1.2626
0 -3.87 7.73 0.7086
6.425 -2.02 8.22 0.4595
6.425 -4.69 7.57 1.8921
1.5 -8.42 -0.34 1.1129
0 -8.39 1.2 1.0048
0 -8.12 2.38 2.9199
0 -6.84 5.79 2.1755
0.175 -5.18 7.61 1.7807
0.1 -5.2 8.43 1.4214
0.5 -7.33 4.24 2.4303
5.55 -6.95 6.47 4.1211
3.125 -7.06 4.64 0.9964
0 -6.68 0.89 0.6607
0 -7.64 3.57 2.4454
0 -6.2 4.53 3.7436
0 -4.96 6.01 4.1654
0.7 -5.02 7.34 2.6939
3.075 -4.34 8.15 1.1393
1.575 -7.89 3.2 5.3014
0 -6.12 1.34 5.1584
0 -6.12 2.94 3.8978
0 -6.07 6.25 1.8044
0 -7.33 5.95 2.4607
0 -9.81 7.73 2.2691
0 -8.76 3.6 2.1178
0.025 -8.2 4.71 0.7908
18.3 -10.45 0.23 2.4535
17.525 -10.67 -3.51 0.9011
3.925 -18.17 -8 0.8776
0 -17.24 -8.26 1.8577
6.075 -14.63 -5.47 3.0144
37.6 -8.75 -2.24 2.6376
71 -5.29 -1.41 3.6461
34.45 -7.24 -1.36 4.4648
3.2 -10 -4.03 0.9626
0 -8.7 -3.17 3.0113
0 -6.54 0.58 2.4343
0 -5.56 1.98 2.162
0 -5.3 3.52 2.7359
0 -5.39 3.23 4.0334
0.975 -5.4 3.39 2.8242
13.225 -5.19 4.72 1.943
10.425 -8.64 1.28 3.6168
0.45 -13.67 -3.88 2.6524
0 -8.99 0.78 3.8865
0 -8.66 0.84 3.7941
6.9 -8.57 1.19 3.996
4.15 -7.79 -0.46 2.0312
2.775 -8.97 -2.86 3.2187
10.175 -8.87 -1.35 0.871
5.225 -7.29 -1.98 1.5732
0.55 -8.09 -2.65 2.5623
0.325 -7.67 0.72 2.1691
0.025 -6.99 0.83 1.0913
0 -6.92 2.81 3.8572
0 -7.85 4.87 2.807
0 -5.96 4.54 2.3638
0 -6.17 4.27 2.8959
0 -4.82 5.04 2.8341
0.45 -4.3 5.87 3.0747
1.7 -4.1 5.95 2.2435
0.85 -2.86 2.47 2.4617
1.775 -3.35 4.21 3.07
25.025 -3.74 6.55 4.4631
15.325 -5.85 0.96 2.0974
0.575 -8.95 -0.55 1.5631
0 -7.45 1.82 3.3503
0.95 -6.23 5 1.9548
13.875 -6.19 4.45 2.6466
35.05 -6.36 0.55 4.7122
34.55 -7.19 -2.68 5.6366
39.25 -8.18 -4.22 6.5108
37.6 -9.52 -5.1 3.9697
20.05 -9.58 -5.69 3.9311
5 -10.79 -6.36 1.0654
1.35 -12.2 -3.87 2.1852
3.675 -11.21 -3.35 3.8842
1.725 -7.08 -2.17 2.8425
0 -7.91 0.52 1.4619
0 -10.1 2.35 2.9476
1.775 -9.45 0.48 3.1297
1.075 -7.22 2.45 1.538
0 -11.72 0.57 0.9696
0 -14.18 1.05 1.7329
0 -8.28 2.19 1.9379
0 -7.27 2.21 0.662
9.05 -6.96 3.08 2.7753
15.925 -5.85 1.45 3.2445
15.525 -5.76 -1.06 1.6864
6.15 -7.55 -2.71 2.3016
2.075 -9.34 -2.48 1.561
1.775 -8.48 -1.88 2.2867
0.425 -9.65 -2.88 0.4197
0 -9.08 -0.22 1.1667
0 -6.82 1.66 1.3002
0 -6.83 4.61 1.2384
0 -5.81 6.66 1.4942
0 -6.31 8.77 0.8466
0 -4.47 8.1 1.7311
0 -4.34 8.56 2.4819
0 -5.04 9.9 1.0517
4.05 -6.36 8.32 1.2236
7.825 -5.11 3.13 2.111
15.375 -6.65 0.43 2.7896
7.275 -11.45 -3.81 2.5335
33.175 -10.79 1.65 3.7594
26.85 -7.07 -0.1 2.8283
3.175 -9.02 -0.19 0.7113
34 -7.51 4.4 4.6527
22.275 -5.89 2.62 1.3436
1.125 -7.56 -2.78 0.5527
0.7 -7.17 4.58 2.4732
11.7 -4.5 6.55 2.6788
22.85 -6.36 -0.7 3.3412
9.65 -9.4 -2.61 3.0191
0.075 -10.87 -3.62 1.3203
0.025 -8.08 1.32 2.6512
0.35 -8.93 3.25 0.7086
5.1 -6.38 3.58 2.4062
5.675 -13.75 -2.84 3.6894
1.8 -11.52 -1.86 1.8971
0 -11.68 -2.53 0.5937
28.725 -8.79 3.79 2.3742
17.225 -9.48 3.24 2.3599
0 -10.13 1.12 2.8477
0 -8.82 6.19 3.9502
0 -6.28 11.16 1.4713
0 -3.74 11.8 0.7138
0 -3.42 12.02 3.025
0 -10.85 10.04 2.2465
0 -3.13 13.25 2.1067
0 -4.52 11.91 0.6966
0 -4.97 9.8 1.2157
0 -5.83 9.66 2.3025
1.375 -5.51 11 2.2844
4.25 -5.34 10.64 2.5583
2.15 -9.58 2.95 2.2196
0 -7.35 5.05 2.9705
0 -6.79 9.58 1.4251
6.25 -4.82 10.53 2.9288
21.95 -4.58 10.36 5.7372
11.35 -8.7 -0.94 3.0586
1.15 -11.55 -1.45 0.6814
9.95 -9.84 0.65 2.4681
5.375 -8.31 -1.24 1.9488
28.8 -9.04 -0.03 2.7427
17.275 -10.01 -1.93 3.3325
0.05 -11.45 -1.74 0.5412
0 -9.13 3.73 2.3846
0 -6.88 9.04 0.2516
0 -5.16 10.51 1.8601
0.75 -4.42 10.39 1.9067
22.725 -5.53 4.46 3.8093
18.4 -7.81 -0.22 4.5968
3.175 -8.83 -2.25 1.0942
0 -7.83 3.39 0.6407
0 -6.86 4.74 0.8434
0 -5.2 9.75 2.3569
0 -5.52 9.38 1.2289
0 -4.8 11.78 1.1536
6.225 -3.26 13.8 1.6347
21.175 -2.09 10.99 2.8292
12.05 -8.51 0.12 2.9186
0.95 -7.04 -3.57 1.5813
0 -5.96 -0.39 1.176
0 -5.17 9.77 0.6203
0 -2.62 12.01 1.2975
0 -0.92 15.3 0.7386
13.175 -0.18 15.15 4.6396
14.85 -6.29 4.17 5.1082
4.6 -10.12 -1.59 3.7647
0.125 -9.91 -0.22 3.2105
0 -6.73 5.94 1.7155
0 -5.09 9.56 1.8269
0 -3.26 13.91 1.1285
0 -1.45 15.03 1.9098
0 -2.07 13.95 3.4591
0 -4.72 9.6 2.2335
0 -5.8 9.74 0.9143
0.075 -3.66 11.93 2.7795
3.875 -3.84 10.71 3.6092
21.025 -6.53 1 3.5064
11.375 -10.69 0.17 4.244
0.075 -8.97 2.54 2.1513
0.5 -3.93 9.71 1.2328
0.3 -2.67 12.71 0.7886
0 -1.32 14.08 0.651
1.25 1.76 16.01 1.3763
8.9 2.62 15.47 2.2451
4.875 -2.95 6.77 2.2693
0.425 -1.38 8.81 1.634
0.25 0.66 12.18 3.3145
1.35 -3.7 12.24 4.2924
1.625 -8.11 5.44 3.5995
0.9 -7.76 1.09 4.0596
1.65 -5.95 4.73 2.3129
8.325 -6.01 4.48 1.6086
17.05 -1.99 7.56 3.3222
22.975 -4.51 3.85 2.5081
9.25 -6.94 2.53 3.5862
0 -5.95 4.84 1.5712
0 -2.17 12.59 0.5774
0 0.98 16.27 2.5472
0 4.3 15.56 2.9989
0 1.13 14.18 2.4558
0 2.47 15.5 2.6584
0 4.01 16.75 2.8007
0 4.41 17.46 1.9649
0 5.73 21.46 2.8715
0 5.77 21.72 3.0057
0 4.04 19.49 2.204
0 2.8 18.72 3.9335
0 -0.48 15.94 4.5055
0 -0.31 11.49 5.2566
0 3.51 13.48 4.134
0 3.11 17.27 1.0714
0 4.46 19.06 1.7167
0 4.18 20.62 2.9598
0 0.64 19.14 3.164
0 -0.38 14.31 0.8324
0 0.34 17.67 2.209
0 0.86 16.3 3.3678
0 -0.37 13.96 2.5448
0 0.92 16.02 1.5163
0 1.45 16.22 0.7467
0 3.93 19.84 1.6096
0.075 4.49 20.63 2.223
0.05 5.9 17.72 2.6763
0 3.83 17.9 2.349
0 6.57 20.63 0.7814
0 8.64 24.36 1.3881
0 8.65 26.32 3.2861
0 5.65 23.34 2.9574
0 4.09 21.27 2.6707
0 3.05 19.81 2.7498
0 5.94 19.22 2.0018
0 3.62 18.71 1.1382
0 5.58 21.35 1.7421
0 5.74 23.63 2.1992
0 6.3 21.78 2.2277
0 6 21.65 2.0684
0 7.8 22.96 1.9906
0 7.35 23.36 1.8459
0 7.95 25.08 2.5232
0 9.4 24.32 3.3329
0 8.98 23.1 3.4884
0 7.45 21.51 1.6346
0 7.84 22.78 1.0907
0 10.31 25.66 2.6317
0 9.86 26.74 2.8317
0 9.42 26.48 2.6154
0 8.52 27.27 1.8887
0 8.32 25.98 1.9311
0 7.81 23.99 2.7552
0 7.28 23.23 0.9818
0 7.91 23.1 2.2297
0 7.73 23.99 1.9909
0 9.25 25.44 2.4847
0 9.59 24.85 2.8392
0 7.95 23.11 2.0377
0 5.88 22.16 2.5472
0 6.37 22.55 2.1133
0 5.98 23.11 2.507
0 6.53 22.64 2.4906
0 5.73 22.28 2.0584
0 5.49 22.04 2.4992
0 4.46 22.64 1.6823
0 5.8 23.07 2.0002
0 6.09 22.87 2.0941
0 5.36 22.24 2.2544
0 5.73 22.19 2.5787
0.7 6.04 21.35 3.0444
0.425 5.05 19.11 2.2621
0 4.66 20.09 2.1893
0 4.85 20.26 2.4915
0 3.98 17.82 0.9866
0 4.66 20.36 1.1874
0 6.21 21.4 2.1221
0 6.24 21.68 2.7912
0 6.18 22.24 1.0542
0 6.63 24.21 1.7648
0 6.87 24.81 1.8999
0 5.15 23.62 1.9175
0 5.65 23.26 2.2464
0.05 6.27 23.75 2.184
0.025 3.76 19.92 1.7036
0 4.58 19.43 2.7818
0 5.6 24.41 2.3177
0 9.78 27.93 0.7143
0 10.87 29.7 2.615
0 8.14 26.75 2.5101
0 3.67 22.67 3.134
0 1.98 10.69 2.1512
0 0.27 11.48 2.3855
0 0.88 14.1 1.1904
0 2.7 17.63 0.7712
0 5.77 22.19 0.6544
0 7.09 24.98 1.2317
0 7.06 25.44 1.4316
0 5.41 24.42 1.8546
0 5.13 22.31 1.4765
0 5 22.39 2.6741
0.075 3.08 20.75 3.0915
0.075 -1.91 6.12 2.0046
0 -1.54 13.66 0.7835
0 0 16.61 0.8074
0 3.42 19.98 1.1537
0 3.66 20.72 1.898
0 2.86 18.63 1.5036
0 2.69 18.54 0.7892
0 2.97 18.78 1.4856
0 3.01 19.85 1.6664
0 3.08 18.71 1.6146
0 2.8 18.66 1.6188
0 0.86 14.75 1.0615
0 0.62 16.88 0.9888
0 1.23 15.1 2.7658
0 0.24 12.59 0.8312
0 0.82 16.96 0.5166
0 4.73 20.8 0.9312
0 5.49 24.88 0.3346
0 6.4 24.89 1.2196
0 9.02 26.12 0.4563
0 8.86 26.91 0.5671
0 7.93 26.55 0.2871
0 7.82 23.35 0.5108
7.3 6.89 20.2 1.4505
41.575 5.2 20.2 1.8589
25.225 2.62 10.45 1.3825
2.075 0.44 5.14 1.3101
2.75 -2.11 6.12 0.7882
3.125 -2.16 7.46 2.3584
0.45 -3.06 6.12 0.7101
0 -1.27 11.3 1.7717
0 0.99 13.19 1.663
0 2.17 16.84 1.5456
0 3.55 17.59 2.5565
0 4.43 19.84 1.7501
0 4.34 19.06 0.8402
0 3.69 18.69 0.8283
0 3.49 18.93 1.3838
3.875 3.82 14.48 0.9591
2.525 -0.75 10.34 1.2093
0 0.35 9.73 1.8971
0 0.21 16.26 1.1427
0 0.84 13.11 1.9547
5.8 -1.35 10.59 1.7042
33.025 -0.05 9.71 1.7493
99.625 0.89 3.72 5.1446
44.65 -4.19 3.98 3.7729
0.225 -4.95 4.85 1.4188
0 -7.38 5.48 3.14
0 -7.81 6.59 3.4116
3.8 -1.68 10.09 2.0196
3.35 -2.6 10.76 1.9384
0.625 -4.48 1.78 0.7452
0 -3.85 7.98 1.7889
0 -2.98 10.46 3.2399
0 -0.26 13.52 3.0871
0 2.29 15.5 2.0508
0 2.46 15.78 1.219
0.9 0.58 14.45 2.3188
28.6 -1.52 11.06 3.3762
16.375 -6.74 1.08 2.6372
3.45 -8.57 0.49 0.7759
2.8 -6.85 2.06 1.5985
0.025 -8.24 -0.03 2.4139
0 -5.71 4.33 1.4765
0 -6.86 5.88 3.0844
0 -3.69 7.37 1.5031
0 -2.37 10.01 2.5435
0 -3.09 10.09 1.0553
0 -3.95 8.74 2.2597
0 -4.72 9.33 2.3978
27.825 -4.27 8.57 2.9516
48.95 -8.43 1.47 3.4247
39.325 -9.84 -5.39 5.3074
21.525 -9.49 -4.98 3.5642
21.275 -8.96 -4.24 4.5834
8.65 -13.77 -6.04 1.1496
0 -14.59 -5.3 3.5152
4.35 -15.11 -6.29 3.3194
18.6 -10 -1.79 3.0387
13.825 -14.75 -4.88 2.6141
0 -15.83 -6.43 2.3473
0 -12.98 -5.11 2.9964
0 -9 -1.23 2.1834
0.075 -6.68 4.47 2.4998
0.05 -4.22 1.26 1.6642
2.125 -4.56 2.08 1.887
22.5 -5.11 1.4 2.0307
11.175 -5.13 3.39 3.2631
0 -6.28 0.19 2.2692
8.175 -5.14 3.8 1.9986
10.025 -4.17 3.04 1.1544
2.125 -2.97 1.82 1.5977
0.15 -4.4 3.26 0.4832
0 -4.68 4.86 2.173
0 -3.82 3.84 1.4015
26.15 -4.32 4.68 2.173
17 -7.22 -0.04 1.5513
5.75 -9.45 -1.67 2.772
67.925 -9.7 -1.6 3.3448
103.22 -5.87 -1.81 5.1076
76.7 -5.02 0.22 5.9811
29.575 -7.73 1.97 2.5322
10.975 -7.79 -6.47 2.3178
6.5 -8.16 -3.4 2.2996
3.25 -7.55 -2.67 0.5348
0 -8.3 -1.21 2.8779
19.625 -8.03 1.65 5.2147
11.5 -8.33 1.28 2.2525
0 -9.14 -5.09 0.9953
61.2 -8.63 -2.69 2.3877
40.95 -7.14 -2.25 4.657
2.55 -16.69 -3.95 2.4626
4.675 -16.57 -7.96 1.4411
25.1 -16.01 -6.64 3.9254
21.225 -8.77 -5.15 4.4571
8.075 -9.39 -5.06 2.4929
0 -11.56 -4.26 3.0942
0 -11.01 -3.58 3.7463
0 -8.52 -1.35 5.2182
0 -8.09 0 3.8601
0 -9.21 -0.62 1.9741
0 -9.28 0.3 1.0092
0 -11.91 -2.17 3.3063
5.25 -11.26 -0.92 3.2183
4.5 -6.92 -0.67 1.855
0.8 -6.45 2.56 1.6441
0.475 -7.26 0.25 1.2737
0 -7.09 6.75 2.4658
0 -4.59 5.47 0.7243
0 -4.04 6.19 0.5659
0 -4.14 7.16 2.1808
0 -5.85 6.99 1.2699
0 -6.49 6.44 4.2082
0 -6.49 6 3.6755
0 -6.28 6.64 2.988
0 -5.61 8.8 3.8212
0 -5.25 6.93 2.073
0 -4.9 7.34 2.1914
0 -5.21 6.97 4.9156
0 -5.05 8.16 3.3034
0 -5.21 8.4 1.8278
8.9 -6.09 7.79 0.6985
11.025 -7.15 5.37 1.7641
3.2 -8.82 -3.39 1.555
0 -9.39 0.06 2.094
0 -9.66 2.19 2.9882
0 -9.38 2.91 2.0666
0 -9 3.9 2.7808
0 -4.6 8.5 1.5947
0 -6 9.11 1.8828
0 -4.19 10.22 0.5111
0 -7.24 8.88 2.2991
0 -9.97 3.53 3.6367
0 -11.05 2.42 3.6656
0 -9.87 3.96 3.6677
0 -7.74 7.38 2.5923
0 -6.97 9.65 1.3385
0.225 -6.81 9.65 3.6064
20.8 -6.91 3.66 4.575
27.775 -7.85 3.88 6.1483
38.5 -10.16 -6.58 4.6802
59.75 -9.39 -6.62 2.8929
28.8 -9.63 -3.85 3.814
1.7 -14.11 -5.08 0.6918
0 -13.81 -3.6 1.2811
0 -13.8 -3.72 0.4031
0 -12.54 -0.33 0.4499
13 -10.62 -0.39 2.6137
24.725 -8.97 -2.77 5.6245
11.675 -14.57 -6.2 0.7576
18.7 -15.74 -8.13 0.5479
0.85 -15.23 -2.59 2.2428
8.65 -13.07 1.23 1.7154
21.2 -8.51 3.34 3.623
9.7 -6.11 1.24 1.7149
0.5 -9.21 0.88 1.4393
7.6 -7.78 4.8 0.4989
34.275 -6.82 6.02 1.7167
22.3 -6.1 -1.25 4.1907
0.325 -8.96 -1.44 0.7824
0 -6.73 4.79 1.5442
0 -5.37 8.27 1.3387
0 -5.84 6.83 0.9464
0 -6.19 4.37 0.4838
4.825 -6.07 5.91 1.1105
4.375 -4.53 3.46 1.2923
36.8 -4.08 6.33 1.4888
29.15 -3.1 7.65 2.939
2.15 -9.28 -0.24 0.9446
28.475 -9.71 2.77 3.5934
47.825 -9.41 -1.68 4.8748
62.7 -8.79 -4.74 5.8945
33.125 -9.46 -5.42 2.5648
10.925 -9.93 -3.31 1.0826
18.8 -8.13 0.38 4.7242
40.05 -8.42 -3.86 5.5517
27.05 -11.42 -5.22 4.2438
22.85 -10.68 -2.8 3.0965
11.275 -7.25 -4.51 1.7295
0.4 -7.15 -0.44 0.5661
0 -7.24 4.47 0.9563
0 -5.5 5.69 1.7692
0 -3.22 9.07 2.2853
0 -2.22 15.3 1.8188
0 -2.07 16.94 0.8645
0 -4.93 11.06 1.6114
0.025 -5.39 9.39 1.9806
0 -4.93 12.28 1.1925
2.1 -4.5 12.44 1.2313
9.775 -7.97 10.61 3.5077
6.9 -13.31 -4.5 1.4846
1.025 -12.8 -4.96 1.2809
0.025 -11.94 0.7 0.419
0 -9.54 5.8 1.4127
0 -6.96 6.91 1.1146
0.975 -6.66 7.71 2.7993
0.675 -9.63 -1 0.5044
0 -9.22 7.29 0.7545
0 -4.49 11.08 1.096
0 -2.86 13.73 2.0966
0.05 -1.25 13.53 2.8853
0.075 -1.01 10.74 1.5541
0.45 -2.7 11.18 2.0147
9.275 -2.1 5.45 2.1471
2.225 -5.7 6.59 0.8387
1.625 -5.49 6.42 1.0701
1.375 -3.53 4.03 2.4093
1.025 -4.73 3.68 2.5036
0.15 -7.51 6.26 2.3094
0 -5.34 8.73 0.7625
0 -3.92 11.25 2.2768
0 -6.81 10.05 4.2635
0 -7.89 8.13 3.4454
0 -5.38 9.48 1.9567
0 -2.81 12.29 0.5849
0 -1.65 14.09 0.7717
0 0.7 15.87 3.0788
0 3.59 18.65 0.8783
0 2.73 19.38 1.407
0 1.34 18.04 1.9755
0.075 -1.01 14.01 2.9092
2.075 -5.17 4.52 3.0788
2 -6.91 1.42 2.5539
0 -2.97 9.37 1.653
0 -0.8 13.09 1.0393
0 -0.12 15.64 0.5294
16.15 0.42 17.07 3.0133
21.65 -8.21 7.31 3.0695
11.2 -8.32 -1.65 1.1668
35.25 -7.16 1.3 3.4909
19.7 -7.08 -2.35 2.2695
1.275 -6.63 2.3 3.2104
0.025 -6.4 8.93 1.5534
0 -2.01 13.1 1.8831
0 -1.62 12.96 2.7983
0 -2.98 11.99 4.2368
0 -3.76 9.21 2.269
0.525 -1.99 11.73 2.952
0.4 -3.83 9.32 2.4663
0 -3.33 9.55 3.3799
5.45 -3.86 9.14 4.1737
4.7 -6.54 5.47 4.6602
0.9 -5.76 4.99 2.9651
1.4 -3 8.27 2.8647
2.4 -2.55 8.66 2.9966
1.425 -6.42 3.48 1.7006
0.075 -4.92 6.69 0.8626
9.275 -3.45 7.74 2.8746
22.775 0.19 2.5 1.4172
11.75 -3.75 8.62 3.7608
0.575 -3.38 3.99 1.8188
0.175 -1.76 10.46 2.8769
0 0.46 14.21 1.4487
0 1.73 16.98 2.1753
0 1.77 17.03 2.9482
0 0.54 14.45 2.6449
0 1.5 15.44 2.7045
0 3.02 18.43 1.5778
0 4.28 21.17 1.803
0 4.9 20.16 2.1559
0 1.35 17.93 1.0047
0 3.48 17.73 2.9193
0 2.22 18.72 2.1013
0 3.89 18.89 0.3031
0 5.69 21.38 0.4857
0 7.2 24.51 2.5208
0 7.23 24.14 2.8809
0 5.83 22.55 2.5321
0 2.49 20.02 2.5828
0 3.04 19.02 2.1881
0 4.32 19.74 2.1248
42.9 4.86 20.36 2.7948
23.5 1.06 16.5 2.5633
2.275 -0.65 9.1 2.2239
0 3.25 15.37 0.7846
0 3.92 20.79 0.7575
0 7.24 23.4 0.7329
0 7.61 23.79 1.5916
0 7.83 23.48 1.7259
0 9.03 23.01 2.4587
0 9.55 23.48 2.9701
0 8.3 21.95 2.1435
0 7.85 22.66 2.4382
0 5.86 22.3 2.1709
0 4.67 21.28 2.4864
0 3.77 18.51 2.6461
0 3.61 18.39 3.2346
0 3.29 15.9 2.6856
0 3.89 15.33 3.2229
0 2.19 15.24 3.3167
0 2.47 16.19 2.1431
0 2.72 17.85 1.5078
0 3.86 19.63 1.9747
0 3.99 19.86 1.129
0 4.85 20.34 2.2384
0 5.29 21.64 2.7947
0 5.8 21.59 1.8363
0 6.75 22.14 2.1767
0 5.09 23.3 2.2571
0 4.88 22.3 1.7097
0 4.99 21.59 1.6211
0 6.35 21.09 1.3088
0 7.07 24.47 2.1854
0 8.21 24.62 3.152
0 9.59 24.36 2.2576
0.675 8.55 21.61 1.7175
0 7.77 23.14 1.9391
0 7.7 24.18 2.1135
0 5.64 23.71 3.1947
0 4.33 19.82 2.3024
0 5.66 20.49 3.171
0 4.9 20.75 2.5922
0 5.82 21.85 1.8766
0 5.51 22.08 1.9771
0 5.35 22.19 2.1332
0 5.8 21.76 2.6786
0 5.6 22.79 1.5322
0 6.16 22.81 1.4861
0 7.38 24.01 2.1405
0 5.23 22.3 1.4213
0 4.83 21.62 0.8613
0 4.63 22.14 1.679
0 5.04 23.27 1.4074
0 5.65 23.08 2.5373
0 5.45 21.08 2.1777
0 4.62 20.76 1.7639
0 3.73 20.29 1.2657
0 5.35 21.45 0.8672
0 5.23 23.2 2.0719
0 7.23 23.64 1.365
0 7.15 23.28 0.9939
0 7.5 25.1 1.1091
0 8.23 25.1 1.5391
0 7.76 25.77 1.6292
0 5.92 24.46 1.9583
0 3.93 22.48 1.8111
0 5.16 21.32 0.6583
0 5.83 21.4 1.0068
0 6.26 23.31 0.8032
0 7.19 22.87 0.825
0 7.02 23.7 1.9041
0 6.26 23.22 0.4358
0 7.32 23.07 0.8889
0 7.86 24.15 0.7979
0.025 7.27 22.9 1.8584
2.075 4.7 22.87 1.1099
7.125 5.96 20.97 1.6926
8.95 2.94 14.42 1.5305
9.375 4 18.07 0.6777
6.975 3.48 19.14 1.2102
0 4.34 17.89 2.5476
0 4.04 18.43 1.7771
0 2.35 15.93 1.5992
0 1.56 15.55 0.4299
0.475 3.17 20.08 0.1931
0.3 5.24 22.65 0.8467
0 6.35 22.28 0.5039
2.275 7.08 22.83 0.4212
0 6.97 24.23 0.677
0.05 7.32 24.58 1.625
3.85 4.84 20.89 2.4117
0.025 2.07 13.17 1.6854
0 2.89 18.12 0.3187
0 6.18 21.16 0.5551
0 5.57 19.9 1.0446
0.025 5.86 21.6 1.5337
0 3.73 20.31 2.594
0 4.06 16.5 2.0846
0 2.47 15.59 2.2225
33.125 -1.03 12.12 2.3969
34.975 -2.44 7.28 4.0492
9.875 -6.31 0.71 0.8191
1.8 -6.76 0.78 0.8692
0 -6.48 5.69 1.4307
0 -3.42 9.58 1.2474
4.55 -0.73 11.76 1.7601
3.9 1.19 7.02 1.8898
0 0.59 13.19 0.9338
0 0.62 16.51 0.5871
0 4.07 18.22 0.4439
0 2.06 18.02 1.2181
0 2.76 17.78 1.5848
0 3.09 15.83 1.8974
0 3.3 16.78 1.9235
0 2.02 17.7 0.7444
0 0.73 14.49 0.5044
0 0.39 15.33 0.436
0 0.21 14.06 2.5038
0 1.03 16.19 1.9918
0 1.36 17.38 2.1769
0 0.07 14.13 1.3819
0 -2.04 10.01 3.5804
0 -4.35 9.2 3.4696
0 -3.54 9.15 2.1004
0 -2.1 11.26 0.9388
0 -1.07 12.75 2.1992
0 -1.13 13.91 0.1134
0 -2.7 13.94 3.6997
0 -1.55 10.96 4.1411
7 -4.49 11.62 4.0144
8.525 -8.66 9.38 1.8987
8.85 -11 -3.38 0.6873
6.175 -9.94 -2.83 1.6296
0.075 -10.65 -3.09 1.0364
0 -10.55 -1.35 2.2679
0 -8.36 1.78 3.1602
0 -6.82 5.08 2.786
1.925 -4.98 6.48 3.1122
2.8 -3.57 3.99 0.8459
0 -4.11 3.99 0.2094
0 -2.93 5.39 0.4616
0 -5.63 5.52 0.4384
0 -5.2 6.02 0.8967
0 -5.62 6.84 1.3632
0.2 -4.7 6.07 3.7489
3.1 -7.38 -0.47 2.3469
4.7 -7.26 -1.89 3.9104
2.25 -9.88 -1.72 1.6951
0 -8.63 0.75 2.452
0 -7.03 1.58 3.6831
0.125 -7.31 6.71 2.4678
0.05 -6.83 2.71 0.7687
0 -5.42 4.39 2.9041
0 -3.31 8.98 2.3094
0 -2.77 8.31 1.1079
0 -1.43 7.6 1.8623
0 -6.27 9.43 3.5468
0 -7.54 5.54 8.6612
0 -6.57 2.35 3.7917
0 -8.26 5.62 4.3063
0 -10.04 2.32 2.8763
0 -10.09 0.8 3.5041
0 -10.65 0.95 3.0357
0 -9.86 0.78 3.621
0 -8.4 3.26 3.8729
0 -7.64 3.4 4.416
0 -7.35 5 3.2164
0 -9.09 3.72 1.1172
0 -10.66 1.91 1.6286
0 -11.01 -0.15 1.4967
0 -10.72 -0.12 0.9427
0.25 -10.25 0.26 0.8164
0.125 -9.51 -0.4 5.6736
0 -6.6 4.33 4.821
0 -9.07 4.69 2.8067
0 -9.18 2.49 4.8597
0 -9.95 1.35 4.5851
0 -10.06 2.37 3.6415
0 -9.96 1.94 4.4863
0 -9.38 2.5 3.9218
0 -8.8 4.04 5.0229
0 -7.66 4.84 3.3522
0 -6.41 5.44 1.4069
0 -6.61 5.91 1.0139
0 -5.39 5.41 1.0525
0 -3.37 9.36 0.9322
0 -4.43 6.53 1.6413
0 -7.17 4.99 2.391
