0.625 1.14 14.12 1.5791
5.35 0.79 8.76 1.1099
2.675 0.41 11.92 1.7703
0.325 -2.03 8.9 3.7079
1.4 -2.07 9.67 1.8396
0.65 4.16 6.55 0.3599
0 2.24 9.03 1.5061
0 3.6 11.53 0.9006
0 2.86 13.96 4.1427
0 1.37 12.72 3.5141
0 1.13 17.92 2.523
0 1.81 16.79 5.3757
0 3.84 18.96 4.085
0 1.61 21.16 3.7525
0 1.65 21.1 3.9396
0 2.15 22.34 4.9319
0 2.86 20.95 4.1921
0 2.89 21.01 4.6798
0 2.95 21.16 4.8548
0.025 2.44 20.52 3.4249
5.55 3.65 20.54 2.7028
15.325 8.85 19.3 2.1166
19.05 10.56 12.3 1.6822
29.875 8.94 13.87 2.1673
8.65 4.31 12.55 3.3253
1.6 -0.71 5.99 1.0064
0.125 -2.36 8.89 1.2365
0 -1.86 9.98 1.5525
0 0.79 13.51 4.0731
0 0.64 16.13 4.408
0 2.75 19.71 2.9436
0 2.99 19.12 2.9555
0 2.73 16.64 4.0413
0 2.48 21.13 3.8156
0 4.2 22.71 2.9979
3.175 5.62 20.87 2.7464
6.925 6.93 13.01 3.1488
2.75 4.45 13.26 2.6939
11.25 3.6 13.97 1.2981
6.875 1.57 11.84 3.3384
3.375 -4.04 7.66 0.3599
7.5 -3.55 9.18 2.5358
4.325 0.74 9.61 1.3697
13.7 0 9.56 3.0457
7.25 1.7 7.2 3.6417
1.975 3.28 9.65 6.2645
14.325 4.52 10.12 5.5234
10.975 4.26 9.34 4.5049
1.95 1.62 7.12 1.5356
0 0.11 12.15 3.5296
0 0.6 16.57 2.7362
4.15 1.14 17.13 3.751
11.55 2.02 16.04 4.0252
8.375 9.16 12.1 2.9021
2.125 6.24 13.42 1.4811
0.875 6.42 17.39 1.5135
0.575 5.51 14.48 2.2772
0.125 1.95 15.73 0.4
0 2.44 16.44 3.5777
7.8 5.87 18.16 2.8946
20.925 9.61 15.51 4.0804
37.975 7.33 15.05 4.9296
15.95 3.6 11.31 2.68
0.25 -0.26 11.34 1.0244
0.1 0.14 12 1.8681
0 -0.78 10.7 0.34
0 -0.65 13.76 1.3967
0 1.56 14.83 2.676
0 -1.81 11.13 0.531
0 -1.6 13.45 0.5203
0 1.36 15.86 1.8715
0 1.65 17.55 2.0047
0 2.09 18.81 1.3479
0 3.21 15.86 2.2041
0 5.07 17.92 2.5512
0 5.65 19.26 1.1306
0 5.81 20.8 1.3603
0 6.51 22.04 1.2149
0.05 6.67 23.17 0.9211
9.675 6.98 22.55 1.6672
7.35 3.74 16.49 3.9617
1 -1.19 9.72 2.3432
0 -0.63 13.29 1.9192
0 0.79 17.25 0.8541
0 3.95 19.78 2.0464
0 6.17 21.94 1.9529
0 6.62 22.4 1.4462
0 6.52 23.56 3.4768
0 2.32 17.48 2.0263
0 1.86 17.67 0.512
0 4.11 20.04 2.8849
0 5.43 23.09 2.601
0 4.57 18.87 5.178
0 0.67 15.6 1.9442
0 0.83 17.83 2.5587
0 3.27 22.94 1.9667
8.325 5.37 24.32 1.2059
7.225 5.27 19.93 2.7534
5.525 4.57 12.72 1.7218
3.075 5.69 13.19 2.3635
0.425 3.63 13.75 3.748
0 4.18 16.48 1.7132
0 5.43 20.39 2.4051
0 6.81 19.59 4.9877
0 -0.96 12.81 5.7258
0 0.07 13.16 2.9811
0 2.5 19.43 1.5382
0 4.55 23.02 2.5077
0 5.92 26.29 2.5114
0 10.99 30.57 1.5085
0 12.05 31.56 1.2619
0 11.61 32.7 1.8119
0.025 10.31 31.86 2.3525
0.25 9.24 24.63 3.2092
0.15 1.92 16.25 3.395
0 2.94 18.97 2.1222
0 4.96 20.31 2.3092
0 2.65 19.19 3.0274
0 2.33 16.7 1.8252
0.4 3.63 19.51 1.9852
29.225 6.52 22.55 1.7508
17.35 11.16 19.68 2.3957
2.625 11.17 16.87 3.46
1.8 9.8 18.53 1.7888
0.425 12.14 21.36 3.4424
0 10.55 24.31 1.9086
0 10.09 25.98 3.0691
0 9.84 25.35 1.9866
0 9.93 26.72 1.7773
0 10.11 27.73 1.4153
0 10.39 29.04 3.1109
0 8.49 27.61 3.3613
0 8.78 25.36 2.9086
0 9.39 27.54 3.2472
0 10.8 27.02 2.1888
0 12.72 30.34 1.4049
0 15.77 35.33 0.279
0.175 15.76 37.44 2.1772
0.1 15.98 36.45 2.3961
0 12.03 30.48 1.5607
0 11.18 29.43 1.1247
0 12.17 30.45 2.4674
0 12.47 30.72 3.0082
0 10.98 29.04 2.7925
0 10.16 27.69 2.2152
0 12.56 28.87 1.676
0 13.72 31.42 1.0855
0.075 15.22 34.14 2.1837
0.05 15.48 34.13 2.5075
2.225 16.48 33.63 3.0216
1.325 14.49 29.36 2.3209
0 14.41 30.22 2.2776
0 13.14 27.5 2.3482
0.45 13.44 26.36 0.4907
2.9 11.64 26.43 2.1636
2.825 9.81 23.44 3.1328
2.05 7.75 18.71 2.013
0.725 9.24 20.9 2.6436
0 10.52 25.31 2.615
0 10.34 26.46 3.4035
0 10.8 25.03 3.0271
0 9.88 23.92 3.4127
0.425 10.7 25.87 2.5319
0.45 12.75 23.63 3.4491
0.1 10.17 24.14 2.3756
0 10.05 25.35 2.4883
0 11.07 25.42 2.7105
0 12.88 26.91 3.1664
0 13.32 29.95 2.1122
0 14.83 33.17 2.8545
0 11.12 32.5 3.2603
0 9.25 27.5 3.3558
0 10.25 26.09 1.4956
0 11.84 30.07 0.706
0 14.36 33.89 1.6063
0 15.27 35.24 2.668
0 14.42 33.43 1.8576
0 15.65 34.05 0.9812
0 16.98 38.91 0.8329
0.075 18.29 40.26 2.8227
0.05 17.84 40.17 2.7683
0 17.2 36.76 2.2601
0 17.67 36.86 1.8419
0 16.12 36.31 2.7489
0 15.5 36.4 2.4717
0 14.98 33.96 2.6688
0 14.14 32.58 2.4582
0 11.91 31.65 2.648
0 11.19 30.87 2.6355
0 12.15 30.65 2.6625
0 12.32 31.12 2.0072
0 13.66 32.26 1.777
0 16.13 33.05 2.2162
0 15.26 33.46 1.5886
0 15.43 35.75 0.6787
0 16.48 36.72 1.559
0 17.38 38.31 1.7841
0 18.37 38.64 1.7082
0 19.54 39.93 1.9945
0 19.54 40.46 1.5043
0 20.24 40.77 2.4226
0 17.93 39.02 2.5394
0 16.9 37.23 2.4398
0 17.05 36.46 2.1054
0 17.22 36.41 2.0938
0 16.17 35.56 2.1786
0 15.68 36 1.9495
0 18.61 38.31 1.9541
0 19.42 39.11 2.316
0 19.6 37.73 2.9524
0 19.45 36.17 2.7145
0 17.37 35.37 2.8704
0 17.63 34.72 2.6364
0 16.73 34.51 2.8645
0 14.5 32.5 2.3881
0 14.84 31.99 1.9279
0 15.89 33.33 2.1886
0 13.28 30.82 2.8516
0 10.32 24.7 1.907
0 11.67 27.01 1.596
0 13.87 31.63 0.7355
0 16.06 34.2 1.3052
0 17.47 36.68 2.9531
0 16.04 37.13 2.7991
0 15.65 36.33 3.1124
0 14.45 33.84 3.1687
0 11.3 31.3 1.5958
0 11.93 31.68 0.6109
0 14.72 33.99 0.918
0 15.94 35.51 0.8636
0 16.66 37.32 1.3392
0 17.57 36.96 2.3131
0 18.4 36.54 2.1526
1.1 17.58 37.85 2.2506
1.3 17.08 35.63 2.7158
0.35 15.34 31.42 1.5656
0 14.31 31.74 1.474
0 13.9 33.4 0.3893
0 13.71 35.15 1.5963
0 14.52 36.25 1.5368
0 15.96 36.48 1.4657
0 16.07 38.09 2.5407
0 17.5 36.57 1.5335
0 16.39 34.54 0.6516
0 16.53 35.66 0.501
0 17.3 37.22 1.6822
0 16.85 36.75 2.3909
0 13.02 33.73 2.056
0 12.97 30.74 2.074
0 12.08 28.73 1.8222
0 12.15 30.28 0.5681
0 12.89 31.23 1.0146
0 14.83 34.13 0.4671
0 15.3 36.07 1.0513
0.15 16.76 36.59 1.9453
0.6 14.24 32.77 2.0531
1.4 13.6 26.78 2.5951
0.55 11.84 24.21 1.6702
0 12.02 29.15 1.6891
0 14.05 31.79 0.6845
0 14.78 33.44 0.9384
0 15.92 36.26 1.9455
0 14.11 33.8 0.9875
0 14.34 33.51 1.9621
0 15.49 35.34 2.1175
0 14.97 35.95 1.2717
0 14.48 35.65 0.6931
0 14.41 35.22 0.7988
0 15.14 36.58 1.1489
0 15.15 37.55 0.4196
0 15.7 36.93 1.902
0 15.01 32.3 2.5002
0 5.5 20.35 2.4161
0 5.75 24.05 2.3604
0 7.02 26.36 0.7929
0.275 8.3 27.39 3.1921
0.225 5.95 22.73 3.3798
0.025 2.54 15.45 0.3366
0 2.3 19.64 2.5206
0 4.61 23.18 1.2647
0 6.12 23.55 1.3646
0 6.79 25.04 0.6641
0 7.93 25.68 0.4589
0 7.47 26.04 1.7619
4.925 8.23 24.46 1.9331
41.675 7.97 18.55 6.8284
23.225 11.86 16.79 4.2235
0.85 13.93 21.61 1.0516
0 12.55 26.33 2.2532
0 11.91 26.26 1.1074
0 14.54 28.23 1.6365
0.625 10.02 24.02 2.0502
0.35 5.7 18.28 1.6815
0 5.9 19.21 1.072
0 7.38 22.6 0.7084
0 8.49 23.91 1.2175
0 10.26 25.65 1.3343
0 9.25 24.49 1.6159
0 9.03 24.08 1.1556
0 9.35 24.39 4.5623
0 4.89 18.85 4.8525
0 1.77 16.32 0.7477
0 2.07 17 0.1504
0 4.37 21.78 0.8464
0 6.01 23.75 0.9328
0 8.45 24.67 1.2506
0 8.77 26.4 1.1401
0 8.12 27.82 1.7503
0 7.34 26.8 2.3557
0 5.93 20.54 0.5468
0 6.28 20.34 1.7583
0 3.82 18.65 1.911
0 4.08 18.75 1.0703
0 4.91 19.72 0.7632
2.425 6.8 18.83 0.4121
3.125 7.12 17.68 2.0452
0.9 1.66 13.51 1.3924
0 1.68 14.45 1.1527
0 1.8 15.61 2.6962
0 1.85 17.02 1.9884
1.275 3.54 20.16 1.3024
0.625 3.63 20.72 2.0362
0.25 2.11 15.93 2.2182
9.75 2.31 17.01 3.4651
4.95 2.44 16.8 1.2012
0 2.64 13.57 0.461
0 2.3 16.26 2.0147
0 2.93 15.42 3.5487
0 3.5 18.22 3.7954
0.35 3.77 20.78 2.4557
2.05 4.33 21.34 1.0662
0.95 4.31 13.83 5.0806
0 2.46 15.84 4.7809
0 2.25 14.86 3.8889
0 2.6 18.31 1.5743
0 2.11 17.43 1.9836
0 0.55 16.43 1.9333
0 1.08 15.22 2.0048
0 1.42 16.64 1.1128
7.05 -0.82 12.39 2.0329
9.2 -0.99 7.98 0.7575
2.75 -6.53 4.76 0.588
0 -6.11 5.3 1.9552
5.825 -5.15 7.24 3.2843
19.25 1.2 10.49 3.0162
28.325 6.68 11.16 3.8363
18.1 5.9 11.51 3.9922
3.75 5.03 9.17 0.6555
0 2.28 11.53 3.2996
0 4.03 14.16 2.7225
0 4.08 14.98 2.245
0 2.81 15.15 2.7392
0 3.16 10.77 4.1078
0.55 3.57 15.36 2.8765
10.55 5.02 17.92 1.7455
6.225 2.22 12.71 3.6729
0.1 -1.79 8.9 2.2765
0 -0.69 10.39 3.9359
0 0.29 13.93 4.0015
3.775 1 15.7 4.1277
2.975 1.32 12.59 2.0841
1.375 2.49 12 2.9889
3.625 2.25 11.1 0.7864
1.775 5.54 11.23 1.4496
0 3.51 11 2.6559
0 3.33 13.21 2.1766
0 3.56 14.36 1.2063
0 2.56 16.17 3.9393
0 1.59 17.41 2.9347
0 1.95 18.62 2.8521
0 2.63 15.11 3.1233
0 3 15.72 2.5834
0.6 4.35 15.77 2.9669
0.825 5.47 16.37 2.4299
0.3 5.65 8.35 2.4253
0.425 5.65 10.38 3.2349
11.675 5.91 17.99 4.6113
6.625 7.39 16.22 2.034
0.175 0.96 13.49 1.2405
0 1.7 14.52 3.2862
0.425 3.14 17.11 2.4341
9.725 3.17 17.84 2.7346
18 6.57 13.97 4.9211
17.05 7.81 10.6 5.6293
22.1 4.55 9.37 6.5713
21.7 2.58 9.05 3.9245
14.35 1.43 7.99 3.6403
4.225 0.73 5.71 0.9924
0.875 -0.52 9.69 2.4668
2.45 1.06 9.28 4.2636
1.05 5.64 10.68 3.0226
0 2.51 13.12 1.2461
0 1.75 13.33 2.6749
1.075 2.99 13.75 3.2198
1.225 4.01 15.67 1.2565
0.325 0.49 13.83 1.2515
0 0.18 13.79 1.7564
0 2.09 14.82 2.1018
0 3.8 14.88 0.6388
7.225 4.03 15.19 2.99
8.175 5.98 14.51 3.4264
11.1 7.83 12.66 1.6702
4.5 5.46 9.66 2.5269
1.65 5.23 9.64 1.2679
2.7 5.11 10.85 1.8204
0.925 0.76 10.17 0.6691
0 0.93 12.16 1.1771
0 4.1 12.87 1.3357
0 3.07 17.07 1.4538
0 3.67 18.23 1.54
0 3.43 18.6 1.183
0 4.75 18.04 1.726
0 5.49 19.52 2.3962
0 4.46 20.69 0.949
0.5 4.17 19.25 1.1123
3.05 6.35 14.84 2.2027
8.525 5.66 11.53 2.8829
3.95 -0.36 8.66 2.0507
20.025 0.32 12.7 3.8058
15.425 3.92 10.74 2.6722
2.35 1.99 11.65 0.852
21.525 2.3 15.65 4.5337
12.75 5.89 16.44 1.2398
0.6 3 11.7 0.4031
0.25 3.21 15.8 2.1734
6.575 5.81 18.14 2.6927
18.9 6.21 10.66 3.263
8.575 1.88 9.44 2.7664
0.1 -0.02 9.89 1.278
0 1.3 13.03 2.4079
0.175 2.46 16.63 1.0882
1.05 5.19 14.21 2.617
2.575 -2.2 9.39 3.7273
1.075 -0.62 10.9 2.2076
0 -0.55 10.76 0.3219
15.075 0.65 14.31 2.09
8.325 0.76 14.1 2.4651
0 -0.03 13.33 2.4486
0 0.66 15.87 3.5857
0 3.6 22.03 1.3094
0 5.42 23.88 0.9252
0 6.16 23.67 2.8261
0 2.39 24.1 2.1421
0 4.8 25.19 1.8009
0 6.22 23.64 0.3788
0 5.48 21.35 1.6929
0 3.64 20.3 1.8498
0.4 3.42 20.43 1.7916
1.525 4.68 21.35 2.2177
0.7 1.69 14.91 2.3015
0 2.24 17.59 2.5197
0 2.88 20.06 1.0459
2.175 5.1 22.42 2.4216
10.5 5.19 21.65 5.1124
5.675 2.55 11.3 2.7334
0.8 -0.33 11.34 0.8484
6.525 0.5 12.74 2.0717
3.4 1.98 11.4 1.8274
18.275 1.76 11.68 2.7948
9.975 2.29 10.98 2.8873
0 2.24 11.66 0.8215
0 0.99 15.75 2.0894
0 3.45 20.16 0.779
0 5.26 21.03 1.2582
0.4 5.96 20.07 2.0006
13.55 6.86 14.86 4.3701
17.45 5.23 11.96 4.426
5.2 2.89 10.62 1.0873
0 3.3 15.17 0.7019
0 4.3 16.37 0.837
0 4.9 20.42 2.0619
0 5.17 20.54 1.4759
0 5.76 22.58 1.1796
3.225 7.75 24.01 1.5476
17.075 8.28 22.26 2.454
12.15 3.29 12.52 3.2722
2.3 4.77 8.91 2.0325
0.1 6.19 12.06 1.3231
0 7.39 22 1.0528
0 10.17 24.34 1.294
0 8.58 26.38 0.8481
6 9.28 26.27 3.9141
5.475 3.71 15.89 4.6919
1.3 2.96 12.62 3.6945
0.025 1.41 12.87 3.4094
0 3.02 18.38 2.0556
0 4.99 21.75 1.9333
0 7.7 25.16 0.9801
0 8.47 26.59 2.226
0 7.12 24.45 3.7682
0 4.34 20.71 2.3276
0 4.13 20.83 0.7864
0 5.83 23.34 2.7626
0.725 6.43 21.82 3.652
7.025 6.89 14.71 2.9951
3.525 1.09 11.92 3.7298
0 1.75 16.38 2.107
0 5.75 22.49 1.0229
0 7.74 24.93 0.7275
0 8.68 26.25 0.6033
0.325 10.33 27.7 1.24
1.4 12.09 27.47 1.8525
0.7 10.67 18.83 1.5314
0.05 10.53 21.13 1.5691
0.025 10.93 22.65 3.4594
0.075 5.48 22.43 4.2944
0.05 3.08 15.97 3.6049
0.025 3.57 14.36 4.1808
0.375 5.35 18.57 2.2849
4.575 4.67 17.83 1.5381
4.175 6.35 19.2 2.7076
4.975 8.18 17.52 2.2667
2.05 3.92 16.27 3.255
0 4.62 17.92 1.9169
0 6.82 24.72 0.7997
0 11.51 28.47 2.5184
0 12.87 27.09 2.968
0 11.84 25.27 2.4797
0 12.38 27.5 2.515
0 14.59 27.88 2.5405
0 14.71 29 1.9809
0 15.47 31.61 2.9113
0 13.92 31.52 3.168
0 13.06 29.31 2.763
0 12.77 29.88 3.6628
0 7.71 25.98 4.6795
0 8.75 22.38 5.0151
0 10.9 27.13 3.5991
0 11.79 30.04 1.0088
0 12.9 30.57 1.8238
0 13.67 33.24 2.8139
0 10.03 29.31 3.1044
0 8.49 26.01 1.5441
0 9.39 28.89 2.4818
0 9.16 27.38 3.0762
0 8.34 25.01 2.6685
0 9.54 26.85 1.9091
0 11.04 28.76 1.24
0 12.98 31.42 2.0386
0.725 14.02 31.98 2.189
0.375 14.32 29.72 2.8014
0 14.54 29.55 2.5856
0 16.26 32.81 1.2326
0 18.35 36.74 1.7512
0 17.59 38.88 2.9966
0 14.85 34.26 2.9515
0 12.02 32.46 2.749
0 11.9 31.4 2.9251
0 13.31 30.15 2.3578
0 12.79 31.16 1.0223
0 13.77 33.85 2.0011
0 14.87 34.51 2.5943
0 15.07 32.17 2.4854
0 15.54 33.64 2.5634
0 17.44 34.81 2.3112
0 16.97 35.66 1.8417
0 17.88 36.95 2.185
0 18.58 36 3.1183
0 17.87 34.4 3.1135
0 17.18 32.9 1.8638
0 17.8 35.19 1.6151
0 19.16 38.27 2.6825
0 19.96 39.35 2.7092
0 18.75 38.61 2.5678
0 16.76 38.76 2.1454
0 16.82 37.47 2.0478
0 16.62 35.69 2.2958
0 15.35 34.24 1.044
0 15.97 34.43 2.3007
0 17.17 35.54 2.2064
0 18.4 37.77 2.6898
0 18.29 36.5 2.7291
0 17.2 32.63 1.924
0 14.59 31.46 2.305
0 15.13 32.89 2.1411
0 14.86 34.04 2.323
0 14.74 33.87 2.2804
0 14.1 33.37 1.9994
0 14.51 33.43 2.3313
0 13.17 34.34 1.4426
0 14.18 34.72 1.9513
0 14.95 34.69 2.0126
0 14.37 33.37 2.0331
0 14.45 33.02 2.4824
0.1 14.89 32.73 2.7711
0.05 14.9 31.01 1.9069
0 14.08 31.21 1.8099
0 14.02 31.48 2.143
0 12.84 29.42 1.1684
0 13.45 30.91 1.5878
0 15.69 32.73 2.4834
0 15.36 32.82 2.8504
0 15.25 33.37 1.2642
0 15.92 35.54 1.4971
0 15.65 35.68 1.5959
0 13.54 33.89 1.9521
0 14.12 34.46 2.2529
0 14.71 35.63 1.7432
0 11.37 33.49 1.7829
0 12.33 30.54 2.2756
0 13.27 35.24 1.836
0 16.5 40.11 0.5183
0 19.71 40.8 2.0726
0 15.7 37.05 2.3344
0 11.55 33.16 2.6742
0 9.55 22.47 2.3128
0 9.55 23.82 2.5132
0 10.22 25.81 1.4833
0 11.19 29.23 0.8139
0 14.27 33.73 0.3153
0 15.32 36.83 1.2675
0 15.27 36.73 1.1329
0 17.21 34.75 2.0982
0 13.63 33.73 1.2264
0 13.87 33.4 2.1198
0 12.36 32.18 2.7136
0 7.88 19.06 1.9955
0 7.82 23.9 0.7027
0 9.33 27.77 0.5762
0 12.29 32.19 0.9985
0 12.73 32.12 1.5752
0 11.68 29.93 1.4079
0 11.67 29.9 1.152
0 11.7 30.34 1.7981
0 11.87 30.71 1.5537
0 12.53 30.2 1.427
0 12.44 29.19 1.2873
0 10.93 27.16 1.3678
0 10.57 27.88 1.1722
0 9.54 25.77 2.6721
0 9.14 23.02 1.2564
0 9.54 28.34 0.6626
0 11.74 31.47 0.9911
0 16.35 34.85 0.7092
0 14.08 36.09 1.1767
0 15.57 37.64 0.7007
0 16.39 39.35 0.5638
0 16.41 37.79 0.3851
0 16.38 34.93 0.499
3.075 17.06 33.18 1.0967
15.8 16.38 33.09 1.4586
11.65 13.25 25.04 1.5803
1.075 12.64 17.76 1.0645
0.9 8.75 18.35 0.7519
3.775 9.01 20.83 1.9142
0.075 7.81 19.77 0.8205
0 8.77 23.95 1.962
0 10.12 25.87 1.6829
0 12.43 28.2 1.6178
0 13.11 28.9 2.114
0 13.28 31.45 1.4122
0 13.31 32.28 0.5878
0 12.84 32.52 0.4442
0 12.78 31.87 0.9959
2.925 13.38 27.83 0.9187
1.375 9.68 21.74 1.1173
0 9.44 20.53 1.5764
0 9.66 24.9 0.8256
0 10.56 24.4 1.8479
2.5 9.5 22.15 1.5654
18.025 11.07 20.94 1.6557
47.6 12.13 16.37 4.6488
18.65 7.73 15.95 3.3807
0.025 4.58 17.19 1.7157
0 3.04 18.12 2.7871
0 3.28 19.26 3.3939
3.25 8.7 23.33 2.2164
4.525 9.34 23.24 1.8209
1.15 6.23 13.64 0.9977
0 6.43 20.46 1.8738
0 7.13 22.15 2.9544
0 9.22 24.41 2.6653
0 10.77 28.56 1.7575
0 11 28.68 1.128
0.1 10.55 28.13 2.0497
14.725 9.68 23.79 3.053
7.575 3.98 13.17 2.5684
1.85 1.54 13.45 0.5744
1.325 2.61 14.82 1.6529
0.05 1.8 13.33 2.4328
0 2.69 16.12 1.4408
0 4.09 17.37 3.0228
0 5.38 18.47 1.7197
0 6.55 20.4 2.6276
0 6.5 21.52 1.2088
0 6.13 20.86 1.9251
0 4.86 21.44 1.728
17.8 5.12 21.05 2.3525
23.325 2.61 11.7 3.0043
18.35 1.46 8.57 4.8611
10.3 1.96 6.68 2.8605
14.3 3.88 8.97 3.8118
6.475 -2.23 5.92 1.2572
0 -2.79 8 3.1205
0 -2.52 9.02 3.3123
10.9 -0.57 12.34 2.554
5.975 -0.7 7.71 2.4504
0 -4.23 8.58 2.3798
0 -3.08 8.8 3.0645
0 0.45 11.84 2.2952
0 0.77 14.5 2.6614
0.1 5.81 12.5 1.3941
1.25 6.9 15.25 2.3618
10.5 7.01 14.76 2.5656
5.075 6.76 18.22 3.4564
0 3.71 15.3 2.2222
2.275 4.63 16.87 2.0875
2.575 6.69 14.13 1.098
0.625 8.3 15.4 1.3634
0 6.44 16.94 0.4245
0 5.73 17.6 2.3682
0 4.65 17.63 1.3662
13.375 4.98 14.08 1.6975
7.575 3.93 12.89 1.489
2.175 0.56 11.05 2.3528
26.7 1.09 11.23 3.6078
31.875 6.17 11.48 5.2167
23.975 8.5 12.82 5.8396
10.875 4.66 12.74 2.3597
5.925 3.93 6.18 2.7165
6.225 4.4 11 2.2102
2.55 5.75 10.34 0.4201
0 3.45 13.01 3.0234
13.25 3.24 15.44 5.4298
6.775 2.6 14.64 1.963
0.025 2.07 10.95 0.847
32.825 2.28 12.17 2.2355
22.075 4.92 9.83 4.3012
2.175 -3.17 7.63 2.3503
0.95 -4.92 6.18 1.5104
15.6 -3.34 7.33 4.3926
14.1 -1.7 7.74 4.9341
3.025 1.85 7.74 2.4897
0 -0.61 8.38 3.2096
0 -0.38 11.17 3.8338
0 0.48 12.57 5.0867
0 0.27 11.67 3.4112
0 -0.04 12.98 1.7539
0 -0.1 8.11 1.4554
0.075 -1.9 5.58 3.0438
2.1 -0.35 8.14 3.4446
1.2 3.92 14.07 2.2053
0.525 2.89 14.82 1.6342
0.275 5.03 11.59 1.2822
0 1.75 13.59 2.6655
0 4.54 15.02 0.9788
0 5.45 15.5 0.8218
0 5.33 13.78 2.5001
0 2.87 12.92 1.5415
0 2.4 15.69 4.1384
0 2.75 18.14 3.7123
0 3.01 17.75 2.7355
0 2.45 19.2 4.0067
0 2.45 19.17 1.852
0.025 3.3 17.92 2.1692
0 3.87 18.95 4.9391
0 3.63 21.04 3.4593
0.05 3.51 20.42 1.7764
5.1 2.43 18.75 0.5048
5.825 2.03 15.61 1.8166
1.35 1.15 10.06 1.3264
0 0.93 11.32 1.6601
0 -0.56 13.7 3.0071
0 -0.37 14.16 2.0335
0 1.18 14.5 2.5422
0 3.5 16.99 1.7351
0 3.09 18.36 1.9721
0 4.98 20.46 0.7183
0 1.65 20.48 2.2822
0 -0.41 14.43 3.4422
0 -0.62 14.2 3.7396
0 0.43 15.45 3.918
0 1.37 19.13 2.8896
0 1.48 21.42 1.1268
0.275 2.16 20.28 3.7163
11.5 6.48 15.53 4.4385
11.625 5.23 14.9 5.6653
25.775 1.97 7.43 4.644
32.1 1.49 6.75 2.8215
12.05 1.05 8.79 3.2232
0.725 -1.64 8.31 0.7621
0 -1.41 9.89 1.0997
0 -1.85 9.53 0.4837
0 -1.33 13.13 0.6252
5.7 -0.56 11.75 2.179
13.175 1.73 9.21 5.3304
5.35 -3.52 6.88 0.9955
0.025 -4.34 6.18 0.388
0 -3.65 10.02 2.2036
3.375 -2.73 13.5 1.7894
13.15 0.21 14.55 3.8067
4.425 6.93 15.91 1.2678
0.05 1.02 15.47 1.4435
3.95 2.34 16.9 0.6544
25.175 5.19 18.38 1.7206
11.4 6.25 11.28 4.2983
0.45 2.63 12.61 0.4754
0 3.14 17.04 1.4512
0 5.54 18.99 0.7649
0 4.17 18.14 1.3456
0 3.95 15.75 0.6077
5.6 5.04 16.89 1.1499
3.925 7.5 16.37 1.1449
16.45 8.06 19.02 1.2982
11.7 8.65 19.51 2.2674
1.2 0.84 13.07 0.9919
17.95 0.94 14.25 3.4878
34.35 1.67 11.4 4.7668
58.125 3.68 8.92 5.4218
29.7 2 7.31 2.3473
5.4 1.16 10.18 1.3749
13 2.09 12.65 5.0966
25.15 4.29 9.08 5.4453
16.9 1.42 7.43 3.7539
16.375 2.77 11.02 3.0541
5.625 4.56 9.42 1.3852
0.075 5.32 13.21 0.7504
0 4.09 16.31 1.5422
0 5.07 18.27 2.1421
0 7.23 21.32 2.4037
0 7.97 25.75 1.7606
0 9.21 27.45 1.0573
0 4.73 20.75 1.5592
0 4.74 19.58 1.7808
0 6.17 23.1 1.4849
1.15 5.97 22.92 1.8983
5.925 4.4 20.28 3.4459
3.25 0.18 8.88 1.5344
0.05 -0.9 10.04 1.3905
0 -0.47 14.49 0.5407
0 1.94 16.88 1.7237
0 3.48 17.86 1.6739
0.325 3.5 17.68 2.6424
0.15 1.29 12.84 0.6425
0 1.41 17.79 0.7814
0 4.79 22.23 1.6469
0 5.91 23.86 2.2972
0.175 9.35 23.63 2.5463
0.075 10.72 20.63 1.5767
0.35 10.11 20.51 1.9546
1.675 10.42 19.19 2.0755
1.025 5 18.01 0.967
0.55 5.47 17.96 1.0867
0.375 7.36 18.05 2.0426
0.225 6.85 17.85 2.1621
0.025 3.8 18.78 2.7403
0 4.13 19.89 1.0447
0 5.11 21.71 2.3652
0 5.51 20.76 4.6564
0 2.7 18.52 3.5255
0 3.23 21.39 1.7771
0 4.59 24.14 0.4787
0 7.44 26.19 1.018
0 8.77 26.11 2.9337
0 10.38 29.25 0.8073
0 10.44 30.98 1.5489
0 9.65 28.69 2.0173
0 9.03 23.65 2.8571
1.175 4.68 14.78 3.1491
0.625 3.35 16.04 2.6234
0 4.97 22.42 1.8404
0 8.55 24.81 1.2845
0 8.81 26.44 0.7946
8.925 9.75 27.23 2.7631
7.575 4.43 16.87 2.5454
2.65 2.93 11.99 1.3489
13.7 4.45 14.01 3.4558
7.7 6.34 11.35 2.2097
0.3 4.3 15.23 3.0477
0 5.18 22.32 1.8029
0 8.58 25.14 2.2276
0 8.21 24.78 3.2349
0 6.98 22.96 4.5793
0 6.75 20.68 2.5461
1.2 7.47 22.82 2.6313
0.6 5.46 20.07 2.3163
0 6.1 20.54 3.1445
1.65 6.04 20.75 4.1105
0.825 5.75 16.7 4.7397
0.025 5.08 17.8 2.7381
0.175 5.92 20.49 2.4185
0.225 9.41 20.96 2.706
0.075 4.68 15.93 1.6341
0.275 5.23 18.5 0.566
5.9 5.89 19.31 3.2945
10.35 12.44 16.37 1.0254
4.625 9.2 21.02 3.2163
0.075 7.25 18.34 2.1621
0 8.26 22.74 3.0646
0 11.06 26.27 1.7624
0 11.63 28.34 2.7135
0 11.27 27.99 3.189
0 10.1 24.92 2.7494
0 10.8 27.09 2.7404
0 13.47 30.09 2.1661
0 14.34 32.76 2.0584
0 13.73 32.36 2.6741
0 12.25 29.02 1.6861
0 13.32 29.69 2.8119
0 12.91 30.45 2.1907
0 14.14 30.42 0.5674
0 15.57 33.91 0.7301
0 17.92 36.8 2.4886
0 15.71 36.33 2.5496
0 13.42 33.17 2.5473
0 12.08 31.27 2.6912
0 12.49 30.48 2.4809
0 13.78 31.89 2.4864
11 14.14 32.03 2.2428
5.375 11.87 25.54 2.3111
0.1 9.97 22.51 2.3693
0 12.17 27.8 1.4267
0 15.15 32.97 1.0176
0 16.8 36.04 0.7588
0 17.05 36.92 1.5296
0 17.82 36.43 1.7902
0 18.6 36.34 2.5332
0 19.05 36.43 2.7146
0 17.44 35.14 2.1007
0 16.65 35.02 2.4966
0 14.51 34.17 2.2216
0 13.34 33.08 2.324
0 13.23 30.04 2.4467
0 13.29 29.13 3.1
0 12.82 26.79 2.7422
0 12.67 26.62 3.329
0 12.04 26.68 3.0909
0 11.6 27.21 1.9637
0 12.74 28.94 1.1478
0 13.82 30.24 1.9124
0 14.23 31.48 1.5672
0 14.57 32.74 2.3113
0 14.63 33.53 2.7593
0 15.25 33.34 1.9156
0 16.11 33.74 1.8041
0 14.92 34.6 2.104
0 13.28 33.26 1.9546
0 13.4 33.06 1.7222
0 14.18 33.77 1.696
0 15.34 35.83 2.4655
0 15.69 35.83 3.0257
0 18.68 35.55 2.0452
0 17.85 33.09 1.3712
0 16.94 34.45 1.8097
0 16.15 35.51 2.0636
0 14.95 35.1 2.9994
0 14.11 31.21 2.4044
0 14.81 32.09 3.0106
0 16.86 31.76 2.4089
0 14.07 32.68 1.8159
0 14.34 33.26 1.9332
0 13.95 33.43 2.2268
0 14.65 34.05 2.6524
0 14.36 32.74 1.8589
0 15.25 33.52 1.29
0 16.53 35.15 2.048
0 13.65 34.25 1.5691
0 13.51 33.34 1.393
0 13.67 33.87 1.7823
0 14.11 34.07 1.801
0 14.54 34.48 2.6687
0 13.66 32.26 1.9278
0 13.34 31.44 1.3518
0 13.44 31.27 1.1207
0 14.45 32.73 0.9921
0 15.57 34.9 1.9586
0 16.56 35.04 1.172
0 16.91 35.28 0.705
0 17.02 36.53 1.0143
0 17.55 36.89 1.3368
0 15.91 36.76 1.7631
0 14.98 35.6 1.7618
0 13.67 33.57 1.694
0 13.95 32.4 0.7805
0 14.59 32.73 0.6424
0 15.45 34.81 0.8574
0 16.39 34.69 0.9868
0 17.47 34.34 1.8201
0 14.17 34.67 0.8452
0 15.03 35.82 1.0455
0 15.26 36.16 1.074
0 15.97 34.87 1.4882
0.025 15.2 34.74 0.8441
0.95 15.99 34.28 1.6566
0.85 13.91 27.42 1.5772
1.2 14.02 30.2 0.7118
0.5 14.3 31.6 1.4546
0 14.76 31.2 2.413
0 13.65 30.6 1.7288
0 11.42 27.56 1.742
0 11.08 28.22 0.5338
0 12.92 31.64 0.3385
0 14.57 34.56 1.0366
0 15.33 35.17 0.6493
0 16.06 35.73 0.4017
0 15.69 36.47 0.5602
0 16.76 36.69 1.5692
0.05 14.55 32.81 2.1754
0.025 11.16 23.85 2.0544
0 11.47 28 0.7771
0 13.98 32.1 0.6364
0 14.14 33.38 1.0349
0 15.01 33.96 1.2394
0 12.73 30.5 2.1402
0 12.4 26.94 1.7299
0 11.24 25.86 1.8488
19.5 8.95 22.72 2.1493
15.85 8.87 19.82 3.5231
4.8 7.28 15.02 0.8552
1.1 3.92 13.39 0.9118
0 4.09 18.21 1.2055
0 5.18 22.07 1.1533
1.325 8.99 24.29 1.4485
0.7 12.22 19.79 1.5815
0 10.1 25.11 0.9967
0 10.14 27.73 0.7295
0 12.79 29.87 0.4503
0 12.56 29.17 0.9123
0 12.47 29.84 1.1798
0 12.85 27.2 1.5314
0 12.58 28.67 1.3353
0 12.12 29.69 1.0311
0 12.6 26.13 0.7493
0 10.6 26.01 0.8202
0 10.64 26.22 2.1492
0 10.71 27.7 1.5852
0 10.45 29.22 1.7588
0 9.99 26.98 1.3573
0 6 21.89 2.8353
0 4.81 20.6 3.129
0 6.6 21.66 1.8407
0 7.2 23.11 1.0236
0 7.6 24.1 2.03
0 8.2 25.89 0.3989
0 7.25 25.16 3.2888
0 6.17 23.24 4.0893
3.25 5.22 22.87 3.3187
2.4 3.34 19.83 1.7008
4.9 -0.28 11.17 0.4182
2.775 -0.14 11.59 1.3936
0.05 0.42 11.15 0.8142
0 0.03 11.75 2.0655
0 1.62 15.2 3.0753
0 2.12 17.35 3.1554
2.275 3.27 20.47 3.8098
1.15 8.3 17.97 0.9018
0 6.64 16.82 0.318
0 8.54 18.15 0.9148
0 5.11 17.44 0.7263
0 4.9 18.79 0.9547
0 4.73 19.05 0.8409
0.2 4.78 18.76 2.9268
3.6 2.21 11.98 2.0678
2.525 2.27 11.58 4.0949
0.225 0.96 11.7 1.8293
0 1.16 13.59 2.5946
0 1.73 14.59 3.8106
0.2 1.7 16.67 2.0386
0.6 3.65 13.9 0.689
0 3.51 17.15 2.7792
0 3.93 18.52 2.3043
0 5.17 23.42 1.06
0 5.19 19.37 1.6056
0 2.46 20.55 3.7876
0 1.63 17.2 7.8679
0 1.38 15.49 3.4255
0 0.73 15.48 4.1497
0 -1.03 14.21 2.6822
0 -1.51 12.84 3.4577
0 -1.66 13.59 3.0144
0 -1.33 13.83 3.2809
0 -0.02 15.39 3.1665
0 0.23 14.82 4.1314
0 0.28 17.25 3.0635
0 -0.57 16.18 0.7406
0 0.19 12.85 1.56
0 -0.73 12.93 1.4113
0 -1.03 13.01 1.0391
0.675 -0.95 12.25 0.8377
0.25 -0.76 10.91 5.0963
0 0.6 13.92 4.348
0 -0.31 16.76 2.5675
0 -0.34 15.05 4.3023
0 -0.54 13.45 4.1721
0 -1.59 13.17 3.3644
0 -3.16 13.9 4.4894
0 -2.14 14.42 3.9416
0 -1.53 13.58 4.8348
0 -1.07 17.22 3.4171
0 0.28 18.08 1.2458
0 0.22 16.78 1.136
0 1 16.69 1.2491
0 4.31 18.29 0.8814
0 3.5 17.22 1.0418
0 1.08 16.24 2.3434
