1.825 -0.9 12.36 1.4343
9.35 -0.96 8.25 1.4293
4.05 -1.45 9.5 1.7974
0.1 -3.93 6.78 3.8779
1.625 -3.59 7.64 1.9453
0.775 2.2 5.02 0.3925
0 1.34 7.88 1.4809
0 1.74 10.23 0.7441
0 0.89 11.36 4.1113
0 -0.03 11.46 3.3976
0 -0.36 15.62 2.5456
0 1.4 13.77 5.3744
0 2.1 16.38 4.0246
0 1.19 17.61 3.8568
0 1.39 18.3 3.8524
0 1.7 19.37 4.8759
0 1.09 18.06 4.2548
0 1.21 18.1 4.8282
0 1 18.3 4.9857
0 1.49 17.27 3.5132
5.975 1.84 17.59 2.6856
21.35 6.79 16.31 2.058
24.325 8.45 10.69 1.6245
26.625 7.12 11.89 2.3411
11.675 2.26 10.3 3.3618
2.3 -2.59 3.61 0.9417
0.15 -4.12 6.47 1.2551
0 -4.11 7.44 1.329
0 -0.9 11.24 4.1358
0 -1.95 12.85 4.4664
0 0.39 17.23 2.973
0 0.96 16.93 3.1233
0 1.39 15.35 4.0086
0 2.04 18.81 3.8276
0.05 2.74 20.07 3.0209
2.725 2.96 19.12 2.5777
8.25 4.66 12.47 2.9224
2.55 2.67 10.76 2.7949
11.25 1.34 11.53 1.1729
8.275 -0.38 9.14 3.3389
4.225 -5.8 4.97 0.435
6.7 -5.4 6.74 2.8076
7.175 -1.76 7.55 1.3536
17.3 -3.07 6.65 3.2184
10.725 -0.48 4.99 3.8386
3.3 1.16 6.95 6.2205
11.925 2.26 7.94 5.4174
13.225 2.08 7.4 4.4161
1.95 -0.12 5.6 1.5309
0 -1.47 8.98 3.5086
0 -0.83 14.34 2.658
4.45 -1.19 15.69 3.7111
15.4 0.74 14.11 3.8712
8.225 6.87 10.5 2.854
2.475 4.34 11.45 1.7101
1.925 4.16 15.16 1.6321
1.7 3.53 12.92 2.7815
0.15 0.09 12.44 0.4628
0.3 0.71 13.77 3.6686
8.15 3.39 16.49 2.9981
20.75 7.23 14.19 4.3576
43.2 5.09 12.87 4.988
36.725 2.06 9.83 2.7558
10.7 -2.42 9.33 0.9599
0.65 -1.87 9.04 1.8813
0 -2.54 8.31 0.4143
0 -1.92 10.98 1.356
0 -1.15 12.49 2.6027
0 -4.13 8.89 0.5837
0 -3.58 10.79 0.7833
0 -0.16 13.22 2.0484
0 -0.04 14.68 2.1842
0 0.35 15.68 1.4181
0 1.18 13.08 2.7082
0 2.86 15.57 3.2285
0 3.26 16.76 0.9917
0 3.37 17.76 1.1068
0 4.21 19.3 1.1888
0.025 5.01 20.13 0.8354
11.55 4.88 19.8 1.7838
10.125 1.23 13.58 3.9575
0.8 -3.55 7.78 2.1664
0.6 -2.88 11.05 1.9853
0.35 -1.7 14.81 0.6645
0 2.21 17.05 1.809
0 4.43 18.81 1.989
0 4.45 20.05 1.4204
0 4.37 20.17 3.5907
0 -0.6 15.04 2.1467
0 -0.55 15.02 0.4275
0 1.95 17.44 2.7671
0 2.89 19.92 2.6106
0 1.96 15.56 5.1403
0 -2.14 13.57 1.9877
0 -0.57 15.86 2.6838
0.45 0.35 20.78 2.0278
12.8 2.59 22.87 1.1021
10.95 3.43 17.93 3.0672
12.775 2.7 10.19 1.8705
9.025 3.87 10.27 2.259
0.825 1.65 11.29 3.5762
0 2.17 13.9 1.4267
0 2.9 18.22 2.3918
0 4.26 18.1 5.0091
0 -3.04 12.05 5.7798
0 -1.54 10.64 2.9096
0 -0.14 16.9 1.666
0 2.38 20.43 2.6342
0 4.74 23.89 2.6727
0 8.41 28.2 1.485
0 9.54 29.11 1.1435
0 9.52 29.9 1.8958
0.15 8.04 29.16 2.5905
0.9 6.7 23.02 3.1213
0.6 0.04 14.18 3.2474
0 0.32 16.97 1.8786
0 2.27 18.1 2.3049
0 0.48 16.26 3.1266
0 -0.38 14.28 1.6617
0.55 1.73 16.79 1.8262
40 3.12 19.67 1.9287
28.125 8.92 16.99 2.6113
6.55 9.11 14.02 3.886
4.825 8.11 16.07 2.0034
2.325 10.16 18.71 3.8896
0 8.2 22.05 2.0603
0 7.76 23.73 2.8687
0 7.32 22.68 1.8167
0 7.68 24.26 1.5121
0 8.44 24.97 1.1685
0 8.48 26.27 2.9821
0 6.4 24.67 3.3253
0 6.81 22.72 2.6338
0 7.54 24.76 2.9603
0 8.78 24.49 1.9964
0 11.29 27.96 1.6203
0 14.09 32.99 0.3734
0.1 13.91 34.71 2.216
0.05 13.98 33.3 2.5157
0 9.95 27.57 1.3969
0 9.35 27.06 0.9472
0 10.5 27.76 2.3854
0 10.36 27.83 2.9724
0 8.91 26.05 2.7163
0 8.07 24.94 2.0148
0 10.7 26.35 1.5727
0 12.29 29.22 0.9345
0 13.39 31.81 1.9845
0 13.74 31.26 2.5576
0.025 14.05 30.84 3.1079
0 12.88 26.71 2.257
0 12.14 27.38 2.1582
0.025 11.1 24.67 2.2954
0.85 11.46 23.67 0.4419
1.775 9.41 23.55 2.1251
2.15 7.76 20.39 3.3824
2.875 5.7 17.89 2.2066
1.55 7.22 19.89 2.6374
0 8.81 23.12 2.543
0 7.57 24.39 3.3736
0 8.03 22.94 3.0541
0 7.17 21.76 3.2919
0 8.28 24.95 2.4026
0.025 10.52 20.1 3.5171
0.05 8.07 21.68 2.3779
0 8 22.48 2.4529
0 9.1 23.51 2.5273
0 10.78 24.75 3.1059
0 11.1 27.7 1.9969
0 12.14 31.17 2.8186
0 9 29.56 3.2069
0 7.07 24.43 3.3048
0 8.29 24.53 1.5618
0 10.75 28.36 0.8372
0 11.81 31.87 1.632
0 12.89 33.25 2.7665
0 12.56 31.41 1.6839
0 14.16 31.85 0.9777
0 14.39 37.04 0.7197
0 16.01 37.53 2.8519
0 15.87 37.31 2.7641
0 15.17 33.83 2.2633
0 15.38 34.02 1.8498
0 14.24 33.65 2.8632
0 13.76 33.34 2.5823
0 12.97 31.22 2.8132
0 11.64 29.75 2.551
0 9.85 28.84 2.7252
0 8.52 28.87 2.6436
0 10.08 28.05 2.6233
0 10.47 28.53 2.057
0 12.19 29.39 1.9071
0 14.23 30.38 2.3607
0 13.66 31.21 1.6888
0 12.99 33.77 0.9975
0 13.97 34.8 1.4551
0 14.8 36.48 1.8964
0 16.41 36.08 1.7113
0 18.01 37.32 1.9785
0 18.05 38.04 1.6567
0 18.54 37.84 2.4363
0 15.77 35.97 2.5774
0 14.99 34.38 2.4173
0 14.12 34.43 2.1187
0 15.06 33.46 2.2037
0 13.98 32.79 2.3423
0 13.13 33.86 2.013
0 16.81 35.65 1.7214
0 17.33 36.23 2.0531
0 17.36 34.44 2.842
0 16.89 33.34 2.5732
0 14.56 33.21 2.7639
0 15.08 32.4 2.6049
0 14.11 32.44 3.1493
0 11.75 30.27 2.6893
0 12.27 29.76 2.329
0 13.53 31.07 2.4445
0 10.64 28.77 3.1249
0 8.15 23.85 1.8666
0 10.05 24.7 1.4964
0 12.15 29.12 0.5993
0 14.46 31.65 1.2182
0 15.73 34.09 3.0355
0 13.71 35.26 2.9392
0 13.59 33.63 3.1523
0 12.5 30.87 3.0788
0 8.9 29.24 1.5298
0 10.26 29.26 0.587
0 13.1 31.42 0.8525
0 14.21 33.01 0.918
0 15.08 34.5 1.3138
0 15.57 34.02 2.2829
0 16.28 34.49 2.2741
0.4 15.03 35.99 2.2172
0.725 15.27 33.61 2.9969
0.2 13.2 28.65 1.6581
0 12.5 29.12 1.5406
0 12.27 30.78 0.5446
0 11.99 33.32 1.6173
0 13.04 33.98 1.4785
0 14.49 34.27 1.5714
0 14.53 35.34 2.7151
0 15.46 33.36 1.8224
0 13.85 32.34 0.9503
0 13.67 33.79 0.3555
0 14.48 35.23 1.6854
0 14.08 34.74 2.2745
0 10.52 31.66 2.1506
0 10.21 28.63 2.1415
0 9.35 26.5 1.7226
0 9.51 28.16 0.5391
0 10.26 29.1 1.0151
0 12.3 32.18 0.4568
0 12.78 34.19 1.0322
0.125 13.88 34.85 1.7034
0.65 11.39 30.71 2.2859
1.625 11.25 24.43 2.7944
0.5 9.36 21.72 1.5859
0 9.45 26.92 1.5374
0 11.57 29.64 0.651
0 12.37 31.07 0.9669
0 13.52 33.98 2.0877
0 11.45 31.78 0.8636
0 11.62 31.31 2.2723
0 13.03 33.13 2.26
0 12.57 33.82 1.4013
0 12 33.61 0.8334
0 11.89 33.2 0.7831
0 12.68 34.49 1.1473
0 12.74 35.49 0.429
0 13.12 35.32 2.0391
0 12.44 31.41 2.5583
0 2.89 18.1 2.3758
0 3.78 23.63 2.4154
0 4.66 24.08 0.8417
0.575 6.62 24.21 3.1322
0.775 3.84 19.6 3.3738
0.025 0.77 13.2 0.3318
0 0.67 16.76 2.8578
0 2.46 20.38 1.395
0 4.32 20.79 1.2843
0 4.96 22.25 0.6855
0 6.17 22.86 0.6682
0 6.05 22.87 1.9085
2.05 6.43 21.24 2.0682
50.725 6.31 15.91 6.8729
34.05 9.65 14.31 4.4674
0.875 12.02 19.41 1.0312
0 10.62 23.46 2.138
0 10.01 24.2 1.0918
0.05 12.04 26.25 1.7301
0.55 7.49 22.52 2.1698
0.2 4.04 18.24 1.5489
0 4.51 17.07 1.0428
0 4.78 20.43 0.7228
0 6.32 21.69 1.1983
0 8.14 22.96 1.2086
0 7.46 22.41 1.7272
0 6.74 21.61 1.0844
0 6.78 22.97 4.6772
0 2.59 18.63 4.8682
0 -0.04 13.49 0.7885
0 -0.27 14.68 0.1461
0 2.01 19.98 0.8497
0 5.07 21.08 0.8727
0 6.77 22.28 1.287
0 7.34 24.12 1.1956
0 6.74 25.21 1.8571
0 5.73 23.76 2.4972
0.025 4.17 17.57 0.8187
0.1 4.57 17.45 1.6072
0 1.68 15.88 1.8778
0 2.29 16.15 1.1412
0 3.69 17.05 0.6924
1.1 4.49 16.96 0.4188
2.45 4.7 15.34 1.9455
0.65 -0.16 11.03 1.2464
0 -0.05 11.71 1.0397
0 0.07 13.07 2.8179
0 -0.36 14.62 2.0407
1.525 1.46 17.87 1.512
0.85 1.91 17.8 1.8682
0.525 0.39 14.53 2.3511
9.175 0.99 14.71 3.8561
4.025 0.18 13.84 1.0884
0 0.76 10.58 0.5832
0 0.23 12.81 2.1713
0 1.29 14.26 3.5732
0 2.3 16.24 3.9283
0.15 2.49 18.68 2.5118
2.95 2.76 18.92 1.0952
1.425 2.45 11.3 5.4
0 0.27 12.86 4.948
0 0.58 14 3.9121
0 0.88 16.23 1.7802
0 0.36 15.04 2.2622
0 -1.46 13.86 2.0968
0 -1.07 13.21 2.0253
0 -0.52 14.05 0.7805
13.35 -2.75 9.55 2.2245
14.35 -3.35 4.48 0.7284
2.425 -8.37 2.18 0.8016
0 -7.71 2.46 1.9053
5.625 -6.74 4.97 3.2007
26.15 -2.06 8.09 2.8234
43.975 4.39 8.82 3.8111
26.425 3.91 9.09 4.0557
4.875 3.32 6.95 0.8843
0 0.78 9.49 3.2903
0 1.9 11.3 2.713
0.025 1.9 11.5 2.1809
0 0.67 12.58 2.7235
0 1.22 9.44 4.0801
1.325 1.83 12.98 2.8499
11.75 3.31 15.12 1.904
7.025 0.06 9.63 3.6332
0.8 -4.53 6.91 2.3133
0 -3.02 8.51 3.9829
0 -1.2 12.3 4.0199
3.75 -0.5 13.29 4.1137
3.325 0 10.59 2.1538
2.025 0.44 9.4 3.1247
4.5 0.49 8.44 0.9147
3.1 3.54 8.8 1.5057
1.025 1.72 8.75 2.7558
0.7 1.66 10.35 2.3891
0.075 1.56 11.69 1.1052
0 0.6 13.43 3.8707
0 -0.01 14.88 2.8639
0 0.17 15.6 2.682
0 1.15 12.73 3.0689
0 1.42 13.19 2.6995
1.275 2.65 13.7 3.0226
1.05 3.8 13.6 2.3944
0.35 3.56 11.26 2.5049
0.8 3.6 13.6 3.2135
15.575 4.48 16.72 4.7062
11.575 5.17 13.71 2.1116
1.025 -0.73 10.64 1.4512
0 -0.05 12.3 3.3505
0.4 1.28 15 2.3774
13.025 1.65 15.22 2.8544
18.95 4.47 11.53 4.9703
21 6.25 8.77 5.8146
28.5 2.44 7.29 6.6968
26.2 0.68 8.02 3.9073
19.575 -0.97 5.74 3.5656
4.875 -1.4 3.3 1.172
1.65 -2.44 8.06 2.4797
6.125 -1.3 7.51 4.3504
2.8 3.65 9.09 2.8829
0 1 10.05 1.3665
0 -0.34 11.16 2.8504
1.45 0.9 11.88 3.2078
1.9 1.64 12.85 1.3876
0.375 -1.13 10.94 1.0654
0 -1.21 11.5 1.7966
0 0.33 12.07 2.1047
0 2.16 12.19 0.7155
6.45 1.75 13.39 3.1091
7 3.72 11.8 3.2744
13.475 5.55 10.27 1.6611
6.375 3.53 7.8 2.2934
3.8 3.55 7.57 1.4554
2.825 2.83 8.21 1.929
0.725 -0.91 7.76 0.4876
0 -0.67 9.58 1.3373
0 1.73 10.62 1.5325
0 0.66 14.16 1.2561
0 1.67 15.3 1.4689
0 1.92 15.88 1.0425
0 2.85 15.61 1.7515
0 3.49 16.7 2.4531
0 2.03 18.56 0.8401
3.475 2.46 16.27 1.0939
4.8 4.43 11.94 2.027
4.6 3.25 8.8 2.6782
2.15 -2.53 7.53 2.3074
16.475 -2.04 10.79 3.9333
14.15 2.2 7.65 2.6876
1.9 -0.59 9.22 0.8837
28.95 0.49 13.04 4.8118
19.375 3.12 13.67 1.1025
0.675 1.41 9.53 0.3851
0.475 1.63 13.47 2.307
6.15 3.88 15.07 2.7335
17.725 3.91 7.81 3.3789
7.525 -0.09 6.91 2.7282
0.075 -1.59 7.5 1.3456
0 -0.58 10.45 2.4985
0.075 0.83 13.72 0.87
0.625 2.99 11.95 2.5476
3.025 -4.12 8.43 3.5626
1.825 -2.84 8.13 2.0088
1.2 -2.76 8.65 0.5162
15.175 -2.03 12.1 2.366
7.975 -1.27 11.46 2.3062
0 -1.96 10.37 2.7221
0 -1.19 13.41 3.8176
0 1.23 19.6 1.3478
0 3.53 20.79 0.9495
0 4.15 20.79 2.9706
0 0.69 22.2 2.3221
0 3.1 22.23 1.9305
0 4.39 20.7 0.4101
0 2.87 19.3 1.5157
0 1.94 17.55 1.978
0.575 2.12 17.85 2.0193
1.5 2.59 18.12 2.3862
0.7 -0.77 12.64 2.0073
0 0.2 14.91 2.743
0 0.88 17.56 1.2174
2.675 3.25 19.31 2.8466
12.05 3.22 18.13 5.2855
8.275 -0.01 9.22 2.7609
0.7 -2.59 8.65 0.6506
7.8 -2.04 10.7 2.2953
5 -0.34 8.55 1.7355
20.425 -0.68 9.51 2.8357
14.05 -0.11 9.07 2.9299
0.075 -0.44 7.86 0.5355
0 -1.1 13.05 2.3224
0 0.85 17.33 0.6236
0 3.04 18.02 1.8373
0 4.25 17.79 1.9688
17.875 4.87 11.54 4.215
23.325 3.31 8.58 4.4323
7.025 0.77 8.42 1.112
0.05 1.54 12.04 0.6625
0 2.22 13.34 0.8318
0 2.89 17.5 1.9618
0 3.25 17.4 1.2685
0 3.83 19.85 1.2319
7.85 5.84 20.91 1.4585
23.325 4.97 18.87 2.5898
14.025 1.21 8.96 3.2165
2.725 2.69 6.52 1.9557
0.125 4.18 9.16 1.088
0 4.46 18.76 0.8867
0 8.22 20.5 1.2265
1.025 6.56 23.67 0.7824
9.675 7.23 23.45 4.4133
5.625 1.27 12.81 4.7715
2 0.53 10.37 3.5425
0.1 -0.56 10.45 3.2157
0 1.36 16.17 1.8402
0 3.23 19.05 1.7767
0 6.05 22.66 1.089
0 6.68 23.57 2.1078
0 4.89 21.32 3.6294
0 1.98 17.96 2.3391
0 2.54 18.34 0.8567
0 3.8 20.43 2.7201
0.725 4.19 18.55 3.5515
14.2 5 11.76 3.2495
7.55 -0.8 9.03 3.7291
0 -0.13 14.16 2.039
1.075 2.92 20.35 1.1823
1.55 5.34 22.71 0.7873
0 6.26 23.6 0.6787
0.225 8.32 24.89 1.2893
5.55 9.98 24.9 2.0813
3.2 8.45 15.76 1.7889
0.125 8.51 18.31 1.5393
0.225 8.7 20.45 3.3402
1.875 3.47 19.35 4.2021
2.775 0.81 12.96 3.4998
1.125 1.36 11.48 4.0873
0.2 3.41 15.89 2.2685
9.225 2.98 15.54 1.5994
10.875 4.67 16.55 2.9481
15.525 5.64 15.05 2.267
8.55 1.91 13.42 3.2404
0 2.59 15.23 1.6794
0 5.37 22.55 0.801
0 9.7 25.77 2.4785
0 10.85 24.16 3.0157
0 9.8 22.78 2.2704
0 10.68 24.89 2.3749
0 12.43 24.92 2.5844
0 12.1 26.72 1.8175
0 12.79 29.14 2.6862
0 11.38 29.3 3.0694
0 10.58 26.9 2.5122
0 10.42 27.42 3.6662
0 5.24 22.57 4.5534
0 7.24 19.72 5.1134
0 8.79 25.01 3.8171
0 10.32 28.15 0.9992
0 11.13 28.19 1.8381
0 11.61 30.24 2.8357
0 7.42 27.15 3.2005
0 6.73 23.57 1.3173
0 6.49 26.92 2.375
0 7.27 24.5 3.2505
0 6.36 22.35 2.6743
0 7.73 24.35 1.838
0 8.55 26.63 0.9569
0 10.18 29.46 1.9163
1.725 11.17 30.07 2.2594
1.075 11.66 27.78 2.798
0 12.23 27.45 2.513
0 13.75 30.79 1.0925
0 16.65 34.44 1.6474
0 15.54 35.95 3.1593
0 12.03 32.28 2.9615
0 10.06 30.16 2.7655
0 10.06 29.51 2.9088
0 10.95 27.57 2.3373
0 11.09 28.93 1.1874
0 12.45 31.37 1.8617
0 12.23 32.54 2.3646
0 12.56 30.11 2.3859
0 13.01 31.01 2.3794
0 15.1 32.12 2.1919
0 14.95 33.16 1.8803
0 15.81 34.09 2.3478
0 16.22 33.12 3.201
0 15.34 31.02 3.2199
0 15.28 30.79 1.637
0 15.73 33.16 1.3397
0 17.46 35.7 2.6828
0 17.88 36.57 2.7418
0 16.73 35.98 2.566
0 14.84 35.85 1.9535
0 14.95 34.11 1.9569
0 14.47 32.23 2.505
0 13.07 32.36 1.0156
0 14.09 31.73 2.304
0 15.35 32.84 2.1375
0 16.39 34.63 2.686
0 15.81 33.32 2.8735
0 15.15 29.82 2.0772
0 12.64 28.68 2.516
0 12.76 30.03 2.2688
0 12.79 31.27 2.5256
0 12.77 31.06 2.3878
0 12.28 30.58 2.0074
0 12.61 30.79 2.4271
0 11.98 31.68 1.6036
0 12.54 31.78 2.0106
0 12.77 31.72 2.1091
0 12.39 30.54 2.2147
0 12.36 30.17 2.5721
0 12.95 29.8 2.9539
0 12.87 28.31 2.132
0 12.15 28.53 2.0622
0 11.54 27.91 2.3245
0 11.04 27.38 1.0451
0 12.02 28.17 1.4329
0 13.47 29.83 2.3502
0 13.18 29.95 2.9027
0 12.97 30.69 1.2128
0 14.13 32.58 1.6235
0 13.76 32.34 1.7116
0 11.79 31.23 1.9736
0 12.54 31.61 2.2739
0.075 12.68 31.94 1.9651
0.05 9.47 29.99 1.7539
0 10.96 27.66 2.5712
0 12.04 32.83 2.0422
0 14.97 37.39 0.5637
0 17.72 37.58 2.3208
0 13.62 33.77 2.3701
0 9.44 30.39 2.883
0 6.53 19.99 2.2287
0 7.34 21.23 2.4798
0 8.21 23.17 1.4839
0 10.11 26.41 1.0084
0 13.01 31.13 0.493
0 13.85 33.95 1.2868
0 13.6 34.15 1.2716
0 15.6 32.51 2.0318
0 12.12 30.7 1.4516
0 11.85 30.23 2.3286
0 9.54 28.44 2.8484
0 5.81 16.62 1.9341
0 6.21 20.99 0.8151
0 8.14 25.06 0.6433
0 10.78 29.28 1.1246
0 11.01 28.88 1.7655
0 9.65 27.05 1.4831
0 9.94 26.99 1.103
0 9.63 27.4 1.7172
0 10.31 27.62 1.5685
0 10.69 26.61 1.4724
0 10.57 25.92 1.4021
0 8.99 24.24 1.2587
0 8.72 24.91 1.1301
0 7.37 22.65 2.7191
0 6.83 20.32 1.0843
0 8.28 26.16 0.6796
0 10.7 28.97 0.9702
0 16.25 32.79 0.6349
0 13.18 33.25 1.277
0 14.13 34.97 0.5983
0 15.19 36.36 0.5578
0 14.8 34.72 0.313
0 14.67 31.9 0.5538
3.1 15.28 30.66 1.1782
8.475 14.11 30.12 1.6393
8.65 10.71 22.19 1.4897
0.925 9.91 16.12 1.4396
0.425 6.67 15.9 0.7173
3.575 6.58 18.88 2.1735
0.05 5.84 17.17 0.681
0 6.39 21.96 1.8769
0 8.87 23.4 1.7405
0 10.68 25.64 1.8068
0 11.47 26.41 2.348
0 11.65 28.71 1.5501
0 12.02 29.77 0.6443
0 11.31 29.92 0.5961
0.075 11.05 28.78 1.1447
2.475 10.53 24.66 0.9585
1.225 7.51 18.93 1.2003
0 7 18.24 1.665
0 7.83 22.44 0.9595
0.05 8.22 22.51 1.8509
2.775 7.51 19.27 1.5259
9.55 8.76 18.85 1.7984
56.7 9.88 14.27 5.0753
17.225 5.76 13.74 3.4681
0.025 2.17 14.32 1.5093
0 1.04 15.29 2.9923
0 2.68 16.83 3.5022
3.375 6.68 20.3 2.1334
4.3 7.28 19.93 1.8315
1.225 4.36 11.36 0.9642
0 4.17 17.62 1.8158
0 5.06 19.59 3.0291
0 7.17 22.01 2.7873
0 8.44 25.93 1.7908
0 9.37 25.99 1.242
1.325 8.38 25.16 2.1383
19.35 7.17 20.82 3.3538
10.225 1.91 11.06 2.4853
2.375 -0.52 10.71 0.7314
1.475 0.92 12.28 1.6151
0.1 0.3 10.92 2.3584
0 0.84 13.97 1.4619
0 2.66 15.01 3.0569
0 4.22 16.87 1.6799
0 5.37 18.4 2.7271
0 4.84 19.58 1.3157
0 4.3 18.46 2.053
0.925 3.32 18.84 1.973
21.6 3.68 17.73 2.4199
31.625 0.33 8.5 3.1939
28.85 -0.31 5.96 4.934
15.225 0.27 4.44 3.2732
19.625 1.69 6.41 4.1679
7.6 -4.68 3.69 1.31
0 -4.81 5.94 3.3451
5.175 -3.33 6.69 3.3672
15.125 -1.92 9.31 2.7885
7.95 -2.48 5.2 2.3472
0 -5.84 6.32 2.4838
0 -4.51 6.83 3.0667
0 -1.35 9.18 2.2889
0 -1.35 13.25 2.6213
0.3 3.72 9.39 1.5063
2.25 4.86 13 2.3018
16.725 5.32 12.56 2.4278
6.2 5.08 16.14 3.4786
0.7 1.73 12.93 2.2321
4.825 2.85 13.89 2.2322
5.275 4.75 11.6 1.2266
1.2 6.25 13.71 1.6007
0.025 4.55 13.9 0.4531
0 3.56 14.56 2.2804
1.75 2.68 14.72 1.3504
18.6 3.25 11.27 2.0335
9.175 1.01 10.07 1.3887
4.725 -1.71 9.63 2.6278
39.775 -1.44 9.38 3.4617
52 4.8 9.58 5.0684
84.875 6.17 10.62 5.7614
16.3 1.64 10.56 2.7259
7.575 1.95 4.58 2.76
5.9 2.04 9.14 2.2369
2 3.69 8.33 0.5606
1.4 1.65 10.98 3.0978
18.5 1.57 13.06 5.4274
9.55 0.73 12.26 2.2583
1.025 0.59 8.62 0.9042
50.675 0.88 9.42 2.3971
38.5 2.69 7.57 4.489
3.7 -5.39 5.32 2.266
2.075 -6.75 3.66 1.5694
20.45 -5.24 5.17 4.3252
17 -2.32 5.53 4.6624
4 -0.18 5.56 2.4692
0 -2.28 6.24 3.1128
0 -2.09 8.47 3.7615
0 -1.65 9.34 5.0147
0 -1.83 8.42 3.5515
0.025 -1.75 9.78 1.8106
0 -2 5.13 1.2974
0 -4.21 3.66 3.142
2.3 -1.57 6.16 3.4052
1.975 1.84 12.41 2.2441
1.025 1.38 12.7 1.6728
0.775 3.6 8.85 1.2256
0 -0.51 11.61 2.6369
0 3.01 11.91 0.6775
0 3.83 13.67 0.6171
0 3.4 12.02 2.4097
0 1.02 11.48 1.4511
0 0.87 13.58 4.1367
0 1.1 15.78 3.6924
0 1.6 15.42 2.9789
0 0.8 17.01 4.0127
0 0.8 16.26 1.9042
0 1.62 15.56 2.1526
0 1.85 16.57 4.9536
0 1.86 17.98 3.5083
0 1.47 17.32 1.8173
9.4 0.64 15.9 0.6205
8.4 0.35 12.76 1.7556
2.825 -0.34 7.37 1.381
0 -0.79 9.12 1.8252
0 -3.25 11.42 2.9968
0 -1.52 11.93 2.0288
0 -0.29 12.14 2.5993
0 1.98 15.61 1.6381
0 2.87 16.85 1.9229
0 3.04 18.33 0.6326
0 -0.13 17.54 2.4197
0 -2.2 11.79 3.5094
0 -1.62 11.55 3.6531
0 -0.95 12.82 3.7547
0 -0.95 17.06 2.7897
0.025 -0.79 19.35 1.2049
0.6 -0.86 18.17 3.897
15.025 4.66 14.31 4.8649
16.675 2.68 11.39 5.8532
33.925 -0.05 4.74 4.8404
34.1 -0.39 4.5 2.5978
11.225 -1.12 6.32 3.2202
0.525 -3.78 5.57 0.6245
0 -2.89 7.16 1.2425
0 -3.66 7.11 0.477
0.4 -2.99 9.96 0.6693
8.35 -2.08 8.76 2.4737
20.175 -0.98 6.97 5.2227
6.925 -5.88 4.95 0.9081
31.775 -6.3 3.91 0.4867
1.45 -4.65 7.49 2.3148
3.2 -4.46 10.63 1.843
14.975 -2.21 11.97 3.8766
4.3 5.12 12.43 1.5049
0.075 -0.71 12.76 1.4707
4.775 0.52 14.28 0.5186
25.875 3.12 15.98 1.7167
12.525 3.82 9.07 4.1066
0.2 0.42 9.58 0.7651
0.625 1.39 14.47 1.5376
0.125 3.7 16.42 1.1201
0.05 2.47 15.47 1.0875
0.15 2.18 13.18 0.4643
6.225 2.89 14.12 1.3803
5.85 5.22 13.82 1.3797
21.1 5.78 15.81 1.6335
13.25 5.91 15.51 2.5869
2.55 -1.28 10.15 0.9688
15.2 -1.15 11.57 3.7548
31.825 -0.23 8.96 4.7959
50.875 1.78 6.2 5.4411
24.875 0.2 5.14 2.3498
4.7 -0.8 7.36 1.389
12.35 -0.36 10.39 5.1238
24.3 2.4 6.21 5.5937
20.125 -0.74 5.16 4.0354
21.975 0.28 8.3 3.164
5.65 2.87 7.15 1.6077
1.075 3.1 10.57 0.6572
0 2.35 13.67 1.1887
0 3.03 13.64 1.8267
0 4.85 17.91 2.442
0 5.52 23.21 1.9241
0 6.39 24.26 0.9281
0 1.79 18.61 1.7976
0 2.34 17.18 1.8898
0 3.91 20.58 1.3325
1.975 3.26 20.62 1.5838
5.975 2.09 18.14 3.4706
2.925 -1.89 6.94 1.6187
0.075 -3.25 8.03 1.261
0 -2.88 12.38 0.4043
0 -0.61 14.5 1.5275
0.05 0.96 15.62 1.3472
0.625 1.08 15.27 2.6359
0.3 -1.32 10.79 0.5161
0 -1.45 15.35 0.7602
0 1.87 19.95 1.243
0.225 2.77 21.37 2.0611
0.55 6.75 21.21 2.5929
0.45 8.37 17.99 1.4271
1.45 7.75 18.42 1.8885
2.55 8.19 17.27 1.9581
0.75 2.53 15.94 0.8582
0.7 3.19 15.61 0.9117
0.975 4.86 16.28 2.0983
0.65 4.44 15.93 2.304
0.175 1.37 16.72 2.3529
0.025 1.37 17.57 0.8946
0 2.18 19.46 2.1922
0 3.25 18.5 4.3569
0 0.06 16.21 3.4049
0 1.33 18.96 1.8001
0 3.09 21.43 0.5189
0 5.43 23.24 0.9629
0 7.09 23.57 2.998
0 8.36 26.57 0.8778
0 8.28 27.91 1.3853
0 7.58 25.47 1.8851
0.025 6.39 20.46 2.7493
2.25 2.27 11.95 2.9518
1.125 0.84 14.02 2.4538
0 3.3 19.99 1.7073
0 6.61 22.19 1.1311
0.25 7.08 23.85 0.6632
14.525 7.8 23.62 2.8544
14.775 2.33 13.83 2.7652
4.7 0.87 9.4 1.403
21.775 2.78 10.78 3.46
9.05 4.33 9.02 2.1093
0.55 2.42 13.08 2.9201
0 2.82 20.19 1.5794
0 7.56 22.38 2.0907
0 6.17 21.93 3.098
0 4.67 20.19 4.4057
0.2 4.76 18.87 2.3554
3.45 5.83 19.62 2.7976
1.375 2.84 17.06 2.1696
0.3 3.76 17.54 3.1825
1.875 4.43 17.66 4.0252
1.05 3.62 14.36 4.5844
0.05 3.72 15.9 2.8129
0.65 3.96 17.61 2.6091
0.775 6.08 17.97 2.7156
0.6 2.66 13.35 1.6029
0.9 3.11 15.69 0.7993
10.05 4.77 16.46 3.2146
23.05 10.08 13.52 1.1109
10.55 7.06 18.11 3.5008
0.225 5.32 16.19 2.0068
0 6.62 20.32 2.9021
0 8.58 23.71 1.5685
0 9.83 25.67 2.5531
0 9.35 25.12 3.1003
0 8.14 22.45 2.7422
0 9.15 24.78 2.7025
0 11.71 28.35 2.0022
0 12.81 30.32 2.0162
0 11.49 29.72 2.3814
0 10.86 26.34 1.3962
0 11.51 26.98 2.8623
0 11.3 27.93 2.235
0 12.47 27.92 0.5597
0 14.08 31.73 0.6875
0 16.28 34.2 2.5335
0 13.62 33.49 2.6233
0 11.24 30.02 2.4818
0 10.36 28.5 2.6008
0 10.84 27.96 2.3828
0.725 12.02 29.34 2.3626
19.975 12.04 28.83 2.5064
10.8 9.43 23.3 2.4435
0.225 7.85 20.15 2.3242
0 10.22 25.86 1.2377
0 12.94 30.8 0.9952
0 15.08 33.59 0.8899
0 15.53 34.54 1.5642
0 16.38 34.01 1.6987
0 17.24 33.85 2.5103
0 17.13 33.79 2.8497
0 15.43 32.66 2.0429
0 14.82 32.34 2.4346
0 12.57 31.37 2.2202
0 11.36 30.16 2.4532
0 11.21 27.24 2.6183
0 11.14 26.17 3.1815
0 10.56 24.01 2.7439
0 10.55 23.87 3.3387
0 9.85 24.18 3.2447
0 9.57 25.05 2.0799
0 10.41 26.71 1.2879
0 11.81 27.36 1.9536
0 12.51 29.01 1.4501
0 12.95 30.34 2.3014
0 12.51 31.48 2.7857
0 12.96 31.37 1.9083
0 13.59 31.35 2.0375
0 12.49 32.35 2.1747
0 10.94 31.05 1.8543
0 11.2 31.13 1.667
0 11.97 31.92 1.5129
0 13.3 33.56 2.3574
0 13.21 33.34 3.1707
0 16.06 33.01 2.1701
0 16 30.91 1.5775
0 14.87 31.9 1.8649
0 14.13 32.65 2.1099
0 12.91 32.06 3.1436
0 12.17 28.61 2.404
0 13.05 29.56 3.143
0 15.13 29.14 2.5761
0 11.55 30.58 1.9132
0 12.37 30.26 2.0323
0 12.35 30.97 2.1893
0 12.8 31.41 2.6813
0 11.87 30.73 1.7794
0 13.4 30.7 1.4571
0 14.65 32.52 2.125
0 12.5 31.93 1.4636
0 12.17 31.4 1.1502
0 11.74 31.75 1.8277
0 11.66 32.11 1.6843
0 12.37 31.43 2.6543
0 11.64 29.28 2.1232
0 11.21 28.58 1.6804
0 11.44 28.57 1.2744
0 12.92 30.16 0.9316
0 14.13 32.2 2.0029
0 14.51 32.17 1.2522
0 15.1 32.71 0.8569
0 15.66 33.75 1.0526
0 15.8 34.09 1.4499
0 14.09 33.77 1.7642
0 13.3 32.54 1.8577
0 12.05 30.69 1.7576
0 12.16 30.06 0.7323
0 13.16 30.2 0.8616
0 13.76 31.94 0.7552
0 14.29 31.83 0.9122
0 16.72 32.24 1.8957
0 11.89 32.7 0.6254
0 13.36 32.91 0.9521
0.4 13.57 33.1 0.9611
0.275 13.54 32.91 1.6677
0.15 13.32 33.15 0.9046
0.6 13.91 30.14 1.7704
0.725 12.19 25.12 1.648
1 11.7 28.21 0.7784
0.425 12.23 29.07 1.4586
0 13.01 28.45 2.5012
0 10.72 27.63 1.7073
0 9.54 24.93 1.7242
0 9.82 25.8 0.6459
0 10.69 29.61 0.3266
0 12.39 32.59 0.9886
0 13.45 32.35 0.6782
0 14.46 32.87 0.5201
0 13.13 34.63 0.653
0 13.72 34 1.5674
0 12.44 30.35 2.2941
0 8.65 21.61 1.8809
0 8.95 25.83 0.6451
0 11.55 29.77 0.5972
0 11.37 31.2 0.9855
0 13.3 31.19 1.3391
0 10.87 27.44 2.4078
0 10.16 23.77 1.8953
0.25 8.53 23.8 2.0209
16.85 6.5 20.39 2.2362
18.45 6.35 16.96 3.7876
5.375 5.17 11.68 0.8202
1.475 1.99 11.18 0.8824
0 2.77 15.87 1.3176
0.475 4.03 19.48 1.2137
2.975 7.58 21.15 1.6302
1.5 10.59 17.37 1.7833
0 7.65 22.19 0.9962
0 7.79 25.58 0.6773
0 11.02 27.26 0.4658
0 10.05 27.07 1.0272
0 10.87 27.03 1.2794
0 10.84 24.56 1.6831
0 10.79 26.14 1.5465
0 10.14 26.7 0.9787
0 10.66 23.31 0.6628
0 8.15 23.81 0.7155
0 8.78 23.69 2.4127
0 9 25.07 1.7541
0 8.73 26.44 1.8204
0 7.89 24.03 1.4032
0 4.24 19.1 3.08
0 3.21 18.23 3.2376
0 4.89 19.11 1.8977
0 5.44 20.45 1.0573
0 6.02 21.75 2.1109
0 6.31 23.29 0.3842
0 4.72 22.81 3.704
0.075 4.56 20.27 4.1055
3.775 3.56 20.18 3.5578
2.575 0.98 17.87 1.7738
6.1 -2.7 9.4 0.6787
3.25 -1.99 8.85 1.5244
0.1 -2.4 9.09 0.9112
0 -1.74 9.42 2.1012
0 -0.02 13.3 3.0556
0.15 0.03 15.19 3.0019
2.875 1.9 18.16 3.4834
1.475 6.35 16.39 0.7446
0 4.59 15.43 0.2709
0 6.37 15.5 0.7249
0 3.32 14.77 0.5889
0 3.03 16.39 0.9194
0.075 2.93 16.4 1.1656
1.1 2.92 16.01 3.3924
4.05 0.13 9.03 2.2356
1.925 0.53 8.92 4.0126
0.275 -1.13 10.09 1.8741
0 -0.45 10.93 2.7381
0 -0.13 12.07 3.9609
0.275 0.39 13.98 2.2498
0.125 1.91 11.22 0.7291
0 1.94 14.62 2.7909
0 2.83 17.1 2.2766
0.025 3.32 20.77 1.0276
0.025 3.24 16.37 1.6767
0 1.02 18.24 3.8588
0 -0.72 15.33 7.9622
0 -1.23 13.73 3.5569
0 -1.87 13.09 4.1246
0 -3.22 12.26 2.7965
0 -3.79 10.88 3.4698
0 -3.67 11.68 3.0266
0 -3.65 12.01 3.3815
0 -1.46 13.09 3.4167
0 -1.24 12.96 4.2896
0 -1.2 15.25 3.1043
0 -3 14.33 0.812
0 -2.1 10.85 1.577
0 -2.31 11.73 1.4683
0.075 -2.68 10.53 0.9342
1.2 -3.55 10.42 0.7601
0.575 -3.19 8.8 5.2447
0 -1.23 12.79 4.5581
0 -1.82 14.62 2.7075
0 -1.73 12.5 4.5769
0 -1.88 11.92 4.3009
0 -3.69 11.13 3.5175
0 -5.42 11.64 4.4938
0 -3.25 12.56 3.953
0 -2.59 11.44 4.9687
0 -1.98 15.22 3.4075
0 -1.34 15.81 1.3094
0 -1.31 14.56 1.0534
0 -0.44 14.95 1.075
0 2.96 15.81 0.8707
0 2.09 14.97 1.4355
0 -0.49 13.34 2.3914
