1.25 -1.76 8 1.5045
9.475 -2.83 8 1.5073
5.225 -6.49 4.66 1.6731
0.5 -9.06 1.89 4.1656
3.575 -7.86 1.44 1.8467
1.95 -3.64 -1.13 0.4664
0 -2.89 5.62 1.4577
0 0.13 9.21 0.6927
0 -2.91 10.49 4.3781
0 -2.16 11.3 3.298
0 -0.32 12.09 2.4096
0 3.75 14.51 5.4467
0 2.9 14.31 3.8649
0 -1.76 14.99 3.545
0 -0.59 16.14 3.84
0 -0.51 15.36 4.871
0 -0.29 13.83 4.2657
0 0.01 12.96 4.8252
0 0.33 13 4.9257
0.05 0.76 12.13 3.4588
13.85 1.31 13.29 2.7019
28.375 3.53 11.7 2.1156
64.975 3.12 6.36 1.6175
49.175 0.71 5.98 2.5833
13.625 -2.91 3.22 3.5011
3.6 -8.95 -2.25 0.7844
0.9 -9.17 0.28 1.2973
0 -7.25 3.39 1.3814
0 -2.92 7.46 4.2396
0 -2.06 13.09 4.4965
0 0.14 13.38 3.0973
0 -0.77 12.62 3.2241
0 -2.33 9.86 3.8797
0 -2.72 13.78 3.7616
0 1.28 15 2.9714
5.45 1.82 13.33 2.4647
8.875 -1.97 4.06 2.7857
3.35 -3.26 3.27 2.8577
21.075 -2.9 6.05 1.2473
12.65 -7.21 3.37 3.6002
4.15 -12.26 -0.81 0.4763
11.825 -9.95 0.22 2.6991
7.6 -5.93 0.97 1.4044
18.475 -6.06 1.72 3.1516
10.225 -6.01 -1.67 3.5601
3.525 -3.67 2.05 5.7843
31.05 -3.48 0.37 5.436
25.25 -3.79 -0.19 4.3345
4.55 -6.01 -1.62 1.2854
0 -6.5 4.42 3.4159
0 -4.51 8.52 2.5619
8.475 -3.69 9.1 3.7509
35.625 -6.12 8.02 3.5665
27.05 -0.21 2.48 2.5966
5.575 -2.54 3.29 1.6425
2 -1.21 10.64 1.5377
0.85 -2.18 3.48 2.7733
0 -3.95 8.24 0.4328
0 -1.91 10.28 3.7108
22.325 1.3 10.57 2.8181
38.775 0.72 5.93 4.1376
51.125 -0.53 6 4.9188
22.8 -3.87 1.38 2.9476
2.4 -7.9 1.53 0.8294
1.2 -5.41 2.96 1.8692
0 -8.01 1.88 0.3471
0 -9.62 7.34 1.3684
0 -3.66 9.14 2.5788
0 -8.26 4.05 0.4551
0 -7.39 8.52 0.7766
0 -3.44 8.86 2.2149
0 -3.34 12 2.4598
0 -2.56 13.54 1.3906
0 -2.27 9.9 2.532
0 -1.11 10.97 3.023
0 -0.25 13.71 1.0389
0 1 15.05 1.009
0 2.49 17.38 0.917
0.45 0.23 17.66 0.664
24.125 1.41 17 1.9295
17.75 -4.78 8.28 4.1289
2 -10.05 0 2.1451
0 -7.82 4.37 1.943
0 -3.57 11.77 0.4714
0 -2.35 13.04 1.8517
0 0.02 16.51 2.0781
0 0.21 15.04 1.3393
0 0.2 16.8 3.368
0 -2.3 11.72 2.011
0 -1.89 11.95 0.2817
0 -0.06 13.6 2.5872
0 0.73 16.66 2.5405
0 -2.71 13.13 5.2224
0 -5.33 7.07 1.9597
0 -4.06 11.85 2.8322
0 -0.62 15.68 2.2987
17.75 1.47 18.04 1.2204
14.65 -2.48 14.21 3.2683
12.1 -2.41 3.47 1.8055
6.125 -2.45 4.49 2.1998
0.2 -3.28 4.85 3.6604
0 -1.68 10.01 1.472
0 0.32 13.38 2.1379
0 0.46 13.7 4.6686
0 -7.11 7.2 6.0547
0 -5.25 3.9 3.1141
0 -2.23 12.63 1.6008
0 0.94 17.5 2.9078
0 4.13 20.14 2.8483
0 6.51 23.58 1.5234
0 8.67 25.74 1.086
0 8.57 26.25 2.0611
0.225 5.77 24.74 2.8508
2.875 2.47 19.02 3.2858
1.625 -4.3 5.87 3.4321
0 -1.36 11.26 1.8439
0 -0.16 14 2.3409
0 -1.77 13.14 3.238
0 -2.52 10.74 1.5843
1.65 0.06 13.44 1.8709
68.725 5.28 16.77 1.9702
48.1 2.86 13.52 2.6
14 2.81 7.13 3.8636
7.7 1.69 11.43 1.9508
1.25 5.03 14.3 3.8804
0 3.16 16.94 2.2537
0 4.18 19.82 2.7911
0 5.82 20.9 1.6328
0 5.09 21.52 1.1764
0 6.4 21.5 0.868
0 6.09 23.2 2.9561
0 4.59 22 3.2809
0 4.53 19.85 2.4181
0 5.1 19.96 3.071
0 6.25 21.62 1.7162
0 8.83 23.5 1.6704
0 11.87 28.4 0.3844
1.425 12.92 30.5 2.3885
0.85 10.31 29.61 2.724
0 7.45 24.02 1.5689
0 6.9 22.83 0.873
0 7.78 24.21 2.4082
0 7.78 23.82 2.9503
0 6.41 23.28 2.6986
0 5.31 22.4 1.832
0 7.15 22.96 1.3129
0 8.67 24.76 0.8258
0.3 10.26 26.32 1.873
0.175 10.38 25.07 2.509
7.275 11.35 24.56 3.2578
4.35 9.3 23.97 2.178
0 9.15 23.28 1.9716
0 8.56 20.61 2.2443
0.825 8.56 19.3 0.4725
6.55 5.42 18.26 2.1416
5.775 1.88 16.58 3.636
5.025 1.53 8.19 2.4192
2.25 2.86 10.21 2.7093
0 4.61 16.96 2.5431
0 6.83 19.14 3.3886
0 5.93 18.45 3.074
0 4.29 17.31 3.2914
0.575 5.23 18.06 2.2518
0.8 6.53 16.74 3.6007
0.275 4.29 17.46 2.461
0 5.12 18.13 2.4296
0 5.82 18.04 2.3844
0 8.01 19.56 2.9809
0 8.37 22.24 1.7317
0 10.48 26.22 2.6324
0 6.98 25.61 3.1538
0 4.77 20.8 3.1635
0 5.66 18.62 1.292
0 7.97 21.97 0.7281
0 10.18 25.74 1.4794
0 11.18 28.36 2.7513
0 9.82 26.66 1.6452
0 11.55 27.05 0.8806
0 12.41 31.16 0.5601
0.1 14.28 32.62 2.9588
0.05 13.56 32.21 2.9193
0 12.69 27.49 2.2597
0 13.52 30.23 1.7158
0 11.88 28.62 2.8988
0 11.12 28.55 2.5652
0 10.37 27.69 2.8353
0 9.64 27.07 2.6241
0 8.37 25.74 2.8351
0 7.85 24.55 2.5746
0 8.26 24.75 2.5454
0 8.41 24.9 1.9226
0 9.67 26.4 1.8997
0 11.42 27.21 2.3432
0 11.13 27.15 1.455
0 11.62 28.7 0.8061
0 12.12 29.19 1.5247
0 13.24 31.6 2.0192
0 14.52 31.89 1.809
0 15.43 32.91 2.0338
0 15.46 33.17 1.7539
0 15.54 34.54 2.4502
0 14.07 32.9 2.5566
0 13.28 31.01 2.2929
0 15.65 31.48 2.0794
0 13.95 30.85 2.1725
0 12.95 30.39 2.284
0 13.66 31.33 1.9705
0 14.2 32.4 1.7009
0 15.4 32.16 1.9884
0 14.59 31.64 2.7993
0 15.31 30.96 2.4959
0 14.63 30.81 2.5254
0 14.08 29.97 2.4522
0 12.9 29.35 3.1439
0 10.76 27.09 2.7468
0 11.27 26.83 2.3636
0 11.72 27.29 2.5409
0 8.28 25.52 3.2556
0 4.93 16.86 1.918
0 7.34 19.12 1.3179
0 9.95 24.48 0.2815
0 11.7 27.79 1.1304
0 12.84 30 2.9928
0 12.41 30.49 2.8249
0 11.84 29.39 3.0396
0 10.28 27.79 3.099
0 7.63 25.66 1.3795
0 8.7 25.55 0.3746
0 10.3 27.16 0.7231
0 11.51 29.32 0.9472
0 13.19 31.54 1.2976
0 13.82 32.58 2.0798
0 14.11 31.62 2.2827
2.175 13.98 32.65 2.2756
2.5 10.53 27.32 3.2038
0.725 9.49 24 1.6515
0 9.66 25.73 1.5759
0 9.56 27.23 0.5852
0 10.37 28.34 1.4884
0 12.04 27.83 1.1875
0 12.3 28.25 1.3785
0 12.54 30.52 2.9024
0 12.63 29.45 1.9965
0 12.19 28.54 1.0435
0 12.87 28.97 0.2185
0 13.41 29.72 1.4644
0 12.57 29.61 2.1245
0 10.5 28.32 2.1501
0 8.54 25.68 2.0451
0 8.51 23.43 1.4453
0 8.55 23.12 0.4006
0 9.79 25 0.9249
0 11.39 27.25 0.3593
0 12.26 28.93 0.9675
0.275 13.89 31.62 1.5438
0.6 11.29 27.74 2.3715
0.3 7.25 21.84 2.8447
0 6.38 17.41 1.4883
0 7.78 23.35 1.2665
0 10.39 26.08 0.3582
0 11.25 27.29 1.0817
0 11.95 29.69 2.2449
0 10.07 27.9 0.8828
0 11.71 27.15 2.5369
0 11.68 29.95 2.4348
0 11.46 29.98 1.5322
0 10.9 29.03 0.845
0 10.95 28.58 0.7928
0 12.44 30.52 1.1764
0 11.74 31.63 0.4511
0 11.66 31.64 2.1565
0 10.79 26.41 2.5458
0 -0.07 13.92 2.3056
0 1.2 16.73 2.4642
0 4.52 20.1 0.76
2.175 5.24 20.58 3.0744
1.8 -1.7 16.06 3.4636
0.275 -3.05 5.18 0.3024
0 -2.28 12.82 3.0909
0 1.05 15.44 1.6042
0 1.88 16.71 1.315
0 3.11 19.27 0.7618
0 3.98 19.56 0.6327
0 1.67 19.58 1.9765
5.7 3.88 18.33 2.0117
70.975 2.74 12.07 6.6138
41.7 4.55 11.07 4.5108
0.7 5.56 12.36 0.8342
0 5.9 19.48 2.1292
0 4.81 20.46 1.0463
0 8.16 23.65 1.8551
2.225 6.66 18.37 2.3485
1.325 -0.73 10.32 1.997
0 -0.19 12.66 1.0358
0 2.54 16.22 0.5788
0 3.02 17.44 0.9862
0 5.29 19.17 1.1117
0 4.58 16.61 1.801
0 4.44 18.39 1.1106
0 2.92 18.68 4.3446
0 -1.55 7.83 4.9506
0 -3.19 7.18 0.778
0 -2.65 9.37 0.0558
0 1.26 15.66 0.8305
0 3.67 18.2 0.7929
0 5.77 19.44 1.2379
0 5.29 21.12 1.157
0 5.37 21.18 1.7768
0 3.61 19.04 2.3558
0 0.29 14.23 0.7632
0 0.21 13.5 1.4738
0 -1.11 10.48 1.8414
0 -0.55 12.15 1.2157
0 1.12 12.25 0.7061
5.475 2.92 12.66 0.3994
5.5 -0.38 12.47 1.9277
1.325 -3.9 3.03 1.1645
0 -3.6 5.93 1.039
0 -2.89 7.05 2.8927
0 -1.38 10.33 2.1538
0 0.33 12.97 1.6789
0 -0.03 13.13 1.5332
0.275 -2.22 8.37 2.3941
5.275 -2.36 12.76 3.9399
3.05 -2.31 9.04 1.0253
0 -1.87 5.85 0.5786
0 -2.35 8.31 2.3604
0 -0.53 9.95 3.7476
0 0.59 11.6 4.1174
0.375 0.29 12.49 2.6665
1.525 0.94 13.24 1.1
0.775 -3.75 8.12 5.1595
0 -0.96 5.69 5.0894
0 -0.74 7.49 3.934
0 -0.73 11.43 1.7571
0 -2.22 10.77 2.3646
0 -3.84 14.07 2.2212
0 -2.47 9.08 2.1213
0.025 -3.2 9.86 0.9191
16.275 -5.73 4.9 2.3674
19.425 -5.77 0.07 0.8806
5.775 -13.52 -3.39 0.8068
0 -12.24 -3.51 1.8999
10.25 -9.46 0.35 3.0781
45.075 -2.66 3.37 2.7276
86.6 -0.42 4.05 3.6855
44.95 -2.86 3.48 4.4003
4.175 -3.97 -0.36 0.8569
0 -4.38 1.38 3.0735
0 -1.52 5.07 2.4909
0 -0.46 6.38 2.2151
0 0 9.02 2.7713
0 -0.08 8.88 4.089
0.55 -0.14 8.12 2.8577
17.425 -0.36 9.01 1.8846
11.825 -4.3 5.76 3.6191
0.075 -7.9 1.24 2.6093
0 -2.89 7.16 3.9325
0 -3.46 6.44 3.865
8.35 -3.43 6.62 4.046
5.05 -2.76 4.45 2.0229
3.225 -4.21 2.11 3.1766
12.625 -4.19 3.55 0.8294
6.5 -2.87 2.63 1.5437
0.025 -3.51 1.69 2.5689
0 -2.7 5.74 2.1298
0 -1.76 5.42 1.1453
0 -1.7 7.51 3.9168
0 -3.65 10.49 2.8557
0 -0.65 10.02 2.5052
0 -1.11 9.09 2.9828
0 0.14 10.21 2.7956
0.275 1.24 11.31 3.07
1.45 1.31 10.82 2.2957
0.775 1.16 7.77 2.4587
2.1 1.15 7.82 3.1164
25.6 0.94 11.35 4.4567
14.725 -1.88 5.29 2.0677
0.075 -4.95 4.37 1.4891
0 -1.67 7.59 3.3503
0.625 -1.59 9.97 2.0325
12.8 -1.29 8.64 2.6341
41.95 -2.1 5.03 4.735
36.15 -2.59 1.95 5.6073
41.4 -3.86 -0.54 6.5164
38.275 -5.44 -1.54 3.9981
20.05 -5.36 -1.51 3.927
5.225 -6.5 -1.48 1.0205
0.7 -8.09 1.35 2.2469
1.425 -5.75 0.98 3.9279
0.6 -2.18 2.49 2.8978
0 -3.58 5.43 1.4112
0 -5.32 7.59 2.907
2 -3.04 6.24 3.1752
1.225 -2.74 7.21 1.4776
0 -5.67 5.36 1.0568
0 -9.54 5.82 1.7369
0 -2.99 6.71 1.9812
0 -2.67 7.37 0.6445
7.875 -2.34 7.62 2.7873
13.275 -1.2 5.55 3.3136
13.15 -1.5 3.4 1.6969
4.8 -3.31 0.73 2.3869
0.875 -5.34 1.19 1.4837
1.325 -3.61 2.49 2.2463
0.475 -5.53 1.7 0.4847
0 -4.67 4.14 1.1468
0 -2.2 6.46 1.2547
0 -1.96 9.43 1.3514
0 -0.59 11.5 1.5232
0 -1.12 13.32 0.9184
0 0.19 12.65 1.7115
0 0.55 12.98 2.4721
0 -0.55 14.38 1.0633
1.5 -1.78 12.57 1.2212
5.575 -0.62 7.47 2.1936
12.675 -2.51 4.66 2.8802
5.975 -7.74 0.03 2.4216
30.45 -6.5 6.99 3.7617
24.5 -2.43 4.87 2.8088
3.6 -4.8 4.35 0.7425
26.25 -2.25 9.26 4.5843
17.475 -0.8 6.67 1.3758
1.075 -3.13 1.75 0.5112
0.4 -1.87 9.6 2.4172
11.525 0.16 11.17 2.6696
21.9 -2.12 3.53 3.3131
9.075 -5.36 1.54 2.9985
0.025 -7.02 0.76 1.3299
0.025 -3.25 6.08 2.6044
0.55 -4.61 8.25 0.7994
3.825 -1.24 7.78 2.443
5.225 -9.75 0.65 3.7238
1.875 -6.25 3.59 1.9829
0 -6.66 1.35 0.512
27 -3.48 8.27 2.2752
16.2 -5.4 7.74 2.3954
0 -5.28 6.55 2.7529
0 -3.59 11.25 3.8822
0 -0.55 15.87 1.4298
0 1.43 16.65 0.72
0 1.25 17.02 2.9608
0 -5.9 14.57 2.2118
0 1.33 18.16 2.0546
0 0.14 16.62 0.6014
0 -0.48 14.01 1.3045
0 -1.13 14.36 2.2213
1.05 -0.74 15.84 2.1877
4.175 -1.07 15.46 2.4626
2.125 -5.26 7.18 2.2839
0 -2.33 10.91 2.892
0 -1.3 14.95 1.3296
5.4 0.13 15.39 2.7442
21.875 0.55 15.34 5.6167
11.85 -4.38 3.2 3.0164
1.375 -7.39 3.53 0.7348
11.45 -5.15 3.66 2.3549
6.475 -3.01 3.06 1.9448
31.575 -4.11 3.56 2.7508
18.95 -5.26 2.3 3.2648
0 -7.19 2.79 0.6274
0 -3.32 8.63 2.3102
0 -1.01 13.82 0.3198
0 -0.28 15.73 1.5988
0.5 0.59 15.83 1.9313
21.525 -2.3 9.11 3.9157
18.675 -3.3 3.49 4.591
3.575 -4.38 1.34 1.0826
0 -3.1 8.55 0.6428
0 -2.02 10.07 0.8226
0 -0.3 15.06 2.3639
0 -0.79 14.33 1.3035
0 -0.42 16.58 1.1501
3.075 1.44 19.04 1.6451
20.975 3.34 15.92 2.7369
13.425 -4.25 4.95 2.9764
1.15 -2.81 0.1 1.6542
0 -2.01 3.33 1.2336
0 -0.52 14.34 0.6942
0 1.77 16.83 1.2908
0 4.09 20.55 0.7414
14.825 4.39 20.52 4.419
17.35 -1.63 8.57 5.055
5.275 -6.27 1.88 3.7875
0.1 -5.51 4.67 3.2644
0 -1.65 10.78 1.7886
0 -0.57 14.61 1.8577
0 1.08 18.72 1.0414
0 3.18 20.14 1.9728
0 2.96 19.37 3.5159
0 0.28 14.38 2.2132
0 -0.46 14.99 0.8186
0.05 1.03 17.21 2.7836
2.9 0.93 16.07 3.6559
21.475 -2.56 6.12 3.3827
11.925 -6.76 4.95 4.1516
0.025 -3.86 7.69 2.1309
0.2 1.31 14.17 1.127
0.125 2.45 17.47 0.7096
0 3.06 19.07 0.5872
0.85 6.54 21.15 1.3297
8.8 7.47 20.31 2.1206
4.95 1.95 10.78 2.0963
0.55 3.16 13.94 1.6317
0.325 5.39 16.46 3.3423
0.875 1.01 17.69 4.3046
0.575 -3.74 10.71 3.6194
0.275 -3.3 5.61 4.0764
1.1 -1.02 9.61 2.3167
7.925 -1.33 9.18 1.5756
16.8 2.12 12.2 3.18
18.575 -0.28 8.06 2.4768
6.675 -2.33 7.17 3.5387
0 -1.25 9.69 1.6636
0 2.28 17.74 0.5668
0 6 21.27 2.5382
0 8.97 20.68 2.9789
0 5.86 19.44 2.4951
0 7.37 20.61 2.6584
0 8.44 22.17 2.7558
0 9.46 21.72 1.9851
0 10.68 26.48 2.9121
0 9.86 26.62 3.0475
0 8.9 24.37 2.3468
0 7.88 23.83 3.876
0 3.65 20.39 4.5538
0 3.44 16.68 5.1633
0 8.63 18.1 3.9878
0 8.05 22.24 1.04
0 8.77 24.38 1.7176
0 8.82 25.94 2.9282
0 5.34 24.27 3.1206
0 4.63 19.77 0.9647
0 5.52 22.11 2.2787
0 5.22 21.62 3.2776
0 4.11 19.05 2.5467
0 5.62 21.44 1.5695
0 6.76 20.72 0.8701
0 9.07 24.46 1.6954
0.075 9.54 25.57 2.1883
0.05 11.08 22.46 2.6925
0 8.57 22.81 2.3766
0 11.09 25.57 0.8597
0 13.06 29.48 1.4717
0 13.06 31.95 3.2092
0 10.79 27.91 2.9529
0 8.55 26.13 2.6636
0 8.28 24.88 2.7673
0 9.58 24.44 2.0374
0 8.55 24.15 1.0527
0 10.28 26.6 1.8174
0 11.09 28.65 2.3193
0 11.25 26.98 2.2859
0 11.25 27.02 2.2017
0 12.58 28.24 2.0737
0 12.34 28.7 1.8374
0 12.91 30.15 2.4331
0 14.03 29.75 3.2895
0 14.06 28.99 3.4135
0 11.95 26.55 1.7128
0 12.6 27.78 1.2174
0 15.22 30.66 2.6354
0 14.71 32.05 2.7987
0 14.23 32.21 2.6003
0 12.96 32.97 1.965
0 12.87 31.27 1.9785
0 12.35 29.47 2.6482
0 11.84 27.84 0.9988
0 12.39 28.63 2.2503
0 12.78 29.63 2.0447
0 14.12 30.9 2.5339
0 14.12 30.32 2.8014
0 12.38 28.27 2.0002
0 10.51 27.23 2.4726
0 11.68 28.42 2.0951
0 10.97 28.33 2.4293
0 11.17 28.11 2.433
0 10.2 27.66 2.056
0 10.33 27.53 2.4614
0 10.27 28.1 1.594
0 10.49 28.67 1.9762
0 10.66 28.24 2.0559
0 9.76 27.65 2.1748
0 10.22 27.62 2.5547
0.15 10.6 26.65 2.9772
0.075 9.55 24.75 2.1619
0 9.44 25.43 2.0668
0 9.6 25.98 2.3945
0 8.43 23.16 1.012
0 9.6 25.62 1.2777
0 10.49 26.67 2.2277
0 10.78 27.09 2.802
0 10.81 27.65 1.0882
0 11.2 29.74 1.6873
0 11.6 30.4 1.8217
0 9.57 28.84 1.9145
0 10.39 28.44 2.2456
0 10.73 29.35 2.0545
0 9.17 24.67 1.6983
0 8.95 24.89 2.6253
0 9.96 29.84 2.2079
0 15.64 33.24 0.6654
0 15.77 35.28 2.475
0 12.79 32.11 2.4725
0 8.38 28.16 3.0038
0 6.39 15.43 2.1889
0 4.82 16.43 2.4074
0 5.35 19.46 1.2152
0 8.05 23.17 0.7162
0 10.74 27.65 0.5482
0 11.35 30.16 1.2288
0 11.36 30.55 1.3388
0 10.12 29.54 1.8972
0 9.82 27.76 1.388
0 9.92 28.06 2.5458
0.075 7.56 26.09 2.9985
0.05 3.01 10.61 2.0074
0 2.92 18.34 0.7143
0 4.45 22 0.743
0 7.87 25.17 1.0924
0 8.3 26.09 1.8056
0 7.41 23.6 1.4698
0 7.28 23.89 0.8391
0 7.81 24.32 1.5298
0 7.75 25.09 1.6308
0 7.82 24.13 1.5727
0 7.4 23.97 1.5299
0 5.3 19.81 1.1072
0 5.21 22.2 0.996
0 5.79 20.22 2.7408
0 4.82 17.82 0.9185
0 4.84 21.52 0.5103
0 9.52 26.06 0.9192
0 11.43 29.92 0.3691
0 11.39 30.41 1.1676
0 13.71 31.24 0.5022
0 13.57 32.25 0.5474
0 12.68 31.76 0.2954
0 12.28 28.51 0.473
7.375 11.6 25.22 1.3892
29.85 9.71 25.49 1.7628
16.6 7.13 15.65 1.4119
1.025 4.96 9.74 1.1594
1.4 2.54 11.27 0.7827
1.875 2.25 12.34 2.2561
0.475 1.48 11.33 0.7566
0 4.16 15.87 1.8215
0 6.16 17.81 1.6432
0 7.6 21.53 1.4937
0 8.57 22.78 2.4474
0 9 24.81 1.6781
0 9.19 23.81 0.7806
0 8.56 23.51 0.7281
0 8.45 23.69 1.2808
3.275 9.33 19.18 0.9307
2.1 3.85 15.56 1.1425
0 5.12 14.51 1.8041
0 4.68 21.49 1.0537
0 6.01 17.92 1.9479
5.125 3.51 15.69 1.6923
25.9 4.54 14.43 1.691
77.35 5.06 7.57 4.9657
44.425 0.09 8.39 3.6943
0.225 0.17 10.04 1.491
0 -2.51 10.91 3.0627
0 -3.31 10.43 3.3783
3.125 3.66 14.82 2.0624
2.55 1.74 15.45 1.9133
0.4 0.29 6.53 0.8044
0 1.52 13.26 1.8242
0 2.5 15.59 3.2002
0 5.55 19.37 3.0178
0 7.74 20.56 2.0089
0 7.12 20.69 1.1732
1 5.66 18.6 2.2683
24.9 3.48 15.23 3.2623
16.2 -2.22 5.51 2.6364
3.5 -3.93 5.04 0.7224
2.275 -1.68 6.61 1.6035
0 -3.57 4.72 2.4497
0 0.36 9.12 1.4763
0 -2.38 10.75 3.0832
0 1.75 12.53 1.5378
0 2.97 15.04 2.5349
0 2.1 15 1.0448
0 1.42 13.56 2.211
0 0.73 14.42 2.2452
23.35 1.19 12.95 2.8566
36.325 -3.89 6.51 3.3341
32.225 -5.49 -0.48 5.262
19.075 -5.05 0.35 3.3749
18.05 -4.54 0.69 4.4025
8.15 -9.31 -1.9 1.137
0 -10.06 -0.18 3.4503
0 -9.83 -2.48 3.3332
15.975 -5.27 4.44 2.9278
13.05 -9.97 -0.47 2.6064
0 -11.57 -1.62 2.362
0 -7.27 0.16 3.0253
0 -3.3 4.46 2.2294
0.025 -0.07 8.83 2.5452
0 0.85 6.04 1.6047
3.15 0.51 7.43 1.9562
26.975 0.03 4.12 2.121
15.75 -0.68 7.67 3.2852
0 -1.82 5.78 2.2873
10.675 0 9.76 1.9706
11.55 1.02 7.44 1.0942
3.15 1.28 5.21 1.4931
0.225 -0.1 7.95 0.4583
0 -0.09 10.73 2.2292
0 1.4 9.29 1.3965
34.05 0.96 10.31 2.0146
21.725 -2.32 4.52 1.5759
6.175 -4.97 2.39 2.6623
87.125 -5.39 2.55 3.4221
130.82 -1.74 2.94 5.1643
91.95 -0.86 4.54 6.0015
39.2 -2.97 6.87 2.4196
13.55 -3.4 -1.91 2.3648
8.025 -2.65 0.93 2.2995
3.625 -3.29 1.67 0.4833
0 -3.62 3.76 2.8922
24.25 -3.21 6.62 5.2612
14.95 -3.96 5.67 2.1356
0 -5.05 0.07 0.9891
72 -4.53 3.02 2.3591
47.45 -2.49 2.77 4.5551
2.725 -12.08 0.87 2.4568
5.65 -12.46 -3.43 1.474
26.775 -12.03 -2.57 4.0179
23.275 -5.69 -0.31 4.6267
5.95 -5.04 -0.27 2.5336
0 -7.31 0.68 3.1641
0 -6.48 2.61 3.8148
0 -3.52 4.78 5.2759
0 -3.01 6.57 3.8306
0 -4.5 5.73 1.9641
0 -4.5 5.76 1.0967
0 -7.37 2.66 3.2787
6.825 -7.02 4.17 3.2641
4.275 -2.04 4.02 1.8872
1.025 -0.91 7.63 1.6585
0.6 -2.23 5.22 1.3035
0 -0.1 12.78 2.5316
0 0.3 11.21 0.7912
0 0.87 10.86 0.6177
0 0.89 12.54 2.2643
0 -1.15 12 1.3022
0 -1.47 10.57 4.2346
0 -1.45 10.78 3.7333
0 -1.05 11.94 2.9207
0 -0.2 13.03 3.88
0 -0.29 12.24 2.0618
0 0.16 12.24 2.2171
0 -0.21 12.33 4.9531
0 -0.23 12.8 3.3354
0 -0.23 13.18 1.8307
11.1 -1.58 12.51 0.6282
10.9 -2.64 9.9 1.7908
2.85 -4.69 1.51 1.516
0 -4.85 4.76 1.999
0 -3.85 6.38 3.0021
0 -4.96 7.54 2.084
0 -4.24 8.12 2.7685
0 0.54 13.46 1.6411
0 -2.04 13.73 1.9073
0 1.06 15.15 0.5356
0 -2.98 13.38 2.237
0 -5.71 7.57 3.6194
0 -6.1 7.16 3.7291
0 -5.4 8.79 3.78
0 -2.1 11.73 2.661
0 -1.72 13.97 1.2951
0.15 -1.63 14.3 3.5659
18.075 -2.08 6.65 4.4415
23.2 -3.31 8.54 6.05
32.425 -5.99 -1.73 4.6354
54.375 -5.66 -2.77 2.9411
25.4 -5.48 0.95 3.7645
1.025 -10.15 0.18 0.7349
0 -10.15 1.45 1.2398
0 -10.36 1.32 0.3985
0 -8.67 5.1 0.4458
14.05 -5.77 4.7 2.4775
22.1 -4.45 1.63 5.6301
9.675 -10.64 -2.05 0.7965
0 -11.56 -3.37 0.5036
0 -11.53 2.81 2.2145
10.95 -8.38 6.51 1.7133
20.025 -2.65 8.67 3.6198
10.225 -1.89 4.69 1.5891
0.45 -4.49 4.77 1.4542
9.3 -2.91 9.47 0.5284
32.3 -2.23 10.2 1.7105
18.9 -1.6 2.94 4.255
0.375 -4.44 2.92 0.6666
0 -1.41 9.47 1.5205
0 -0.22 13.26 1.1546
0.025 -0.75 11.67 1.0514
0 -1.24 8.95 0.5408
4.65 -1.2 10.6 1.0548
3.05 0.02 7.88 1.1977
37.3 0.55 11.13 1.3676
26.55 1.65 13.14 2.754
1.9 -4.49 4.46 0.9772
26.675 -5.03 7.72 3.5123
40.125 -4.95 3.25 4.8599
57.05 -4.79 -0.4 5.8514
35.525 -4.97 -1.41 2.5361
13.05 -5.07 0.8 1.1117
20.6 -2.98 4.99 4.7868
39.3 -4.3 0.25 5.5158
24.45 -7.17 -1.91 4.1198
18.225 -6.89 1.75 3.0616
11.1 -2.75 -0.39 1.6198
0.55 -2.71 3.6 0.5889
0 -2.75 9.39 1.1015
0 -0.26 12.28 1.8927
0 2.8 14.72 2.3132
0 2.86 20.51 1.7853
0 2.9 20.97 0.8977
0 -0.47 13.77 1.5113
0 -0.71 13.5 1.9456
0 -0.52 17.81 1.2502
2.325 0.47 16.69 1.3746
11.95 -3.75 15.03 3.4855
7.85 -9.53 0.19 1.4656
0.85 -8.94 -0.32 1.3155
0 -7.91 5.3 0.4544
0 -5.06 10.38 1.4865
0 -2.34 11.49 1.2521
1.325 -1.91 12.46 2.7686
0.9 -5.37 3 0.5362
0 -4.93 11.62 0.748
0 0.62 14.93 1.243
0 2.32 18.54 2.1571
0 3.92 18.14 2.8133
0.075 3.95 15.98 1.5831
0.55 1.14 14.77 2.0146
8.6 1.94 9.89 2.1604
2.275 -1.18 11.3 0.8531
1.75 -1.07 10.66 1.1221
1.8 1.01 7.97 2.3474
1.15 -0.45 7.86 2.4127
0.175 -3.23 10.57 2.4451
0 -0.69 13.54 0.7924
0 0.89 16.19 2.306
0 -2.63 14.43 4.3784
0 -2.82 13.23 3.4819
0 -0.84 14.57 1.9255
0 1.73 17.75 0.5271
0 2.65 19.16 0.798
0 5.39 21.14 3.0405
0 7.82 23.94 0.8171
0 6.79 24.62 1.4382
0 5.77 23.36 1.9936
0.025 3.66 19.05 2.9218
1.775 -0.95 9.38 3.1102
1.3 -2.33 5.67 2.5751
0 1.38 14.22 1.6923
0 3.6 18.33 1.0823
0 4.16 20.65 0.5489
20.425 5.01 22.28 2.9619
22.45 -3.86 12.34 2.9302
14.6 -4.23 2.95 1.1699
42.85 -3.18 6.46 3.5034
24.45 -2.45 2.02 2.2638
1 -2.59 7.41 3.199
0 -2.12 13.27 1.6245
0 1.95 18.06 1.9553
0 2.66 18 2.8956
0 1.52 16.9 4.3303
0 0.47 13.63 2.3459
0.3 2.68 17.11 2.8646
0.2 0.65 14.28 2.4588
0 1.38 14.39 3.3363
5.25 0.87 14.43 4.1868
4.275 -2.21 11.41 4.7005
0.725 -2.04 7.97 2.9115
2.3 2.6 13.21 2.7519
2.25 2.62 13.3 2.9492
1.025 -2.15 8.55 1.6868
0.025 -0.56 11.84 0.7438
5.45 0.74 12.89 2.9353
13.6 4.54 7.08 1.3132
6.825 0.3 13.33 3.6213
0.375 1 8.16 1.8847
0 3.13 15.03 2.9397
0 5.28 19.46 1.5187
0 6.27 22.21 2.2877
0 6.27 22.2 3.0042
0 5.14 19.52 2.6621
0 5.54 20.57 2.7084
0 7.16 22.71 1.6849
0 9.46 26.21 1.829
0 9.65 24.55 2.3042
0 5.09 22.98 1.1555
0 8.25 23.19 2.8965
0 7.59 24.17 2.089
0 8.44 24.62 0.3386
0 10.16 26.59 0.5199
0 12.05 30.18 2.5063
0 11.84 29.41 2.7988
0 10.03 27.59 2.552
0 7.96 25.42 2.6209
0 7.98 24.03 2.2519
0 9.44 24.94 2.2023
27.275 9.55 25.57 2.6458
17.1 5.51 21.31 2.4884
1.05 3.83 12.99 2.2402
0 7.94 19.9 0.891
0 8.67 25.71 0.7733
0 11.51 28.48 0.6703
0 12.49 28.64 1.5633
0 12.57 28.81 1.7746
0 13.98 28.32 2.4993
0 14.05 28.81 2.9153
0 12.63 26.89 2.1594
0 12.04 27.82 2.4635
0 10.23 27.36 2.167
0 9.12 26.57 2.4217
0 8.88 24.08 2.5618
0 8.08 23.76 3.1923
0 7.93 20.82 2.6912
0 8.47 20.57 3.2476
0 6.55 20.44 3.2483
0 7.38 21.13 2.0744
0 7.51 22.79 1.399
0 8.78 24.98 1.9368
0 8.81 25.03 1.216
0 9.76 25.52 2.2586
0 10.17 26.6 2.7938
0 10.71 26.59 1.8595
0 11.73 27.14 2.0682
0 10.06 28.27 2.202
0 10 27.24 1.7614
0 10.08 26.59 1.6548
0 11.6 25.76 1.4126
0 11.92 29.44 2.2677
0 13.61 29.49 3.1131
0 14.23 29.36 2.1965
0.075 13.21 26.59 1.6145
0 12.06 28.33 1.9085
0 11.74 29.44 2.0956
0 10.66 29.2 3.1359
0 9.15 25.31 2.3177
0 10.14 25.59 3.1271
0 9.82 25.51 2.521
0 10.47 26.76 1.8359
0 10.12 27.65 1.9396
0 9.69 27.54 2.1607
0 10.76 27.05 2.6729
0 10.21 27.9 1.5969
0 10.73 28.22 1.4012
0 11.87 29.3 2.0883
0 9.47 26.95 1.4467
0 9.03 26.27 0.9827
0 9.44 27.13 1.6684
0 10.5 27.76 1.4733
0 10.72 28.63 2.5673
0 9.76 26.52 2.1038
0 9.11 26.36 1.6253
0 8.43 25.54 1.1868
0 10.55 26.68 0.8896
0 10.67 28.66 2.0483
0 12.31 29.18 1.2956
0 12.23 28.39 0.8971
0 12.09 30.16 1.0694
0 13.09 30.17 1.4732
0 12.3 31.09 1.6357
0 10.22 29.87 1.9027
0 8.04 28.05 1.778
0 9.63 26.24 0.6977
0 10.49 26.67 0.9076
0 11.05 28.47 0.814
0 11.57 28.24 0.8719
0 11.54 28.87 1.8742
0 11.28 28 0.5241
0 12.12 28.4 0.8976
0 12.35 29.49 0.8353
0.2 12.32 27.47 1.7268
1.25 10.06 27.27 1.0559
3.875 10.38 27.38 1.6842
2.875 7.41 18.63 1.5201
3.625 8.43 22.62 0.6509
2.2 8.11 24.09 1.2452
0 8.94 22.97 2.5053
0 9.13 23.21 1.773
0 6.84 20.84 1.6207
0 5.93 19.92 0.4103
0 8.32 25.01 0.2083
0 10.16 27.68 0.8828
0 11.12 27.43 0.4988
0.3 11.66 27.98 0.3627
0 11.89 29.03 0.6149
0 12.33 29.19 1.6173
0.55 9.54 25.27 2.3495
0 6.92 17.98 1.766
0 9.05 22.15 0.3781
0 10.68 25.87 0.5761
0 11.28 25.83 1.0623
0 10.49 26.03 1.4697
0 8.4 24.93 2.4667
0 8.92 21.47 1.9869
0 7.43 20.27 2.1201
32.4 3.39 16.2 2.3433
25.225 1.87 11.81 3.922
5.45 -2.05 5.62 0.8306
1.025 -2.34 5.12 0.8673
0 -2.32 10.14 1.3823
0 0.79 14.35 1.205
4.525 3.3 16.55 1.6614
2.925 5.43 11.97 1.7831
0 6.51 17.87 0.9227
0 6.52 21.32 0.5813
0 8.55 23.35 0.4121
0 7.21 22.6 1.118
0 7.6 22.84 1.5037
0 7.55 20.79 1.8016
0 7.87 21.79 1.7814
0 6.76 22.51 0.7773
0 5.38 19.25 0.5365
0 5.2 20.14 0.4877
0 5 18.76 2.4068
0 6.25 21.24 1.9077
0 6.08 22.36 2.1172
0 4.97 18.79 1.3574
0 1.49 14.54 3.4297
0 0.2 13.51 3.4307
0 1.49 14.14 2.0656
0 3.18 16.28 0.9517
0 4.26 17.53 2.1575
0 4.26 18.96 0.1288
0 2.9 18.14 3.5457
0 2.85 15.67 4.159
7.45 0.08 16.44 3.8822
6.35 -4.64 13.02 1.8481
7.875 -6.61 0.68 0.5985
4.7 -5.34 1.78 1.572
0.025 -6.17 1.4 0.9761
0 -6.2 2.98 2.2508
0 -3.15 6.67 3.1702
0 -1.45 10.67 2.8873
2.5 -0.15 11.32 3.2923
2.275 0.67 8 0.8772
0 0.41 8.13 0.2046
0 1.84 10 0.5508
0 -0.96 10.08 0.4877
0 -0.45 10.84 0.9081
0 -0.66 11.59 1.1818
0.175 0.33 10.57 3.5117
2.275 -3.23 4.67 2.2784
4.425 -3.22 2.81 3.979
2.025 -5.5 2.68 1.7149
0 -3.88 5.54 2.4478
0 -1.9 6.4 3.6659
0.1 -2.42 11.04 2.3649
0.05 -2.12 7.28 0.7678
0 -0.37 9.48 2.903
0 2.72 14.61 2.3237
0 2.33 14.19 1.0935
0 3.25 12.75 1.8013
0 -2.02 14.94 3.5561
0 -3.15 10.25 8.5484
0 -0.93 7.26 3.7146
0 -3.47 10.08 4.3005
0 -4.93 6.67 2.8605
0 -4.94 5.38 3.5045
0 -5.5 5.43 3.063
0 -4.25 5.62 3.6057
0 -3.29 8.3 3.7581
0 -2.64 8.56 4.3864
0 -2.5 10.21 3.222
0 -3.58 8.49 1.0507
0 -5.55 6.49 1.6436
0 -6.5 3.48 1.4931
0 -6.37 4.45 1.0056
0.075 -5.04 4.54 0.8271
0.025 -3.8 4.24 5.5878
0 -0.59 9.92 4.7385
0 -4.13 9.78 2.7999
0 -4.53 7.38 4.7836
0 -5.21 5.98 4.5434
0 -4.36 7.69 3.6139
0 -3.94 7.08 4.5117
0 -4.44 6.87 3.9737
0 -3.9 10.05 5.0252
0 -2.83 10.4 3.4009
0 -1.47 10.48 1.3722
0 -1.58 11.19 1.0592
0 -0.09 10.62 1.1104
0 1.65 14.05 0.9207
0 0.67 11.28 1.4243
0 -2.07 10.08 2.3964
