0.8 0.61 13.16 1.5907
6.6 0.17 8.43 1.1284
3.325 -0.51 10.89 1.7499
0.525 -3.01 7.91 3.7753
1.875 -2.94 8.5 1.8389
0.85 3.1 5.64 0.371
0 1.2 8.44 1.5118
0 2.98 11.01 0.8798
0 2 13.33 4.1913
0 0.73 12.01 3.5101
0 0.68 16.95 2.5167
0 1.26 16.21 5.4047
0 3.49 18.21 4.0704
0 0.45 20.15 3.7292
0 0.68 20.24 3.9532
0 1.08 21.37 4.9402
0 2.3 19.93 4.2102
0 2.34 19.91 4.6974
0 2.42 19.99 4.8621
0.05 1.71 19.34 3.4323
7.75 3.15 19.45 2.7113
19.75 8.08 18.23 2.123
27.625 9.57 11.55 1.6815
37.625 8.02 12.73 2.2107
10.8 3.3 11.29 3.3523
2.05 -1.76 4.87 0.9797
0.2 -3.27 7.71 1.2591
0 -2.87 9.01 1.5616
0 0.15 12.54 4.1068
0 -0.25 15.33 4.4279
0 2.23 18.75 2.9847
0 2.37 18.17 2.9909
0 2 15.67 4.0336
0 1.34 20.06 3.814
0 3.68 21.61 2.999
3.575 4.13 20.42 2.7177
7.125 5.77 11.92 3.1308
2.75 3.43 11.94 2.7187
12.6 2.68 12.89 1.3134
7.675 0.42 10.69 3.3862
3.4 -5.09 6.48 0.3702
7.95 -4.48 7.95 2.5431
4.625 -0.44 8.67 1.3819
14.3 -0.92 8.43 3.0527
7.65 0.47 5.94 3.6183
2.15 2.3 8.53 6.2084
15.725 3.43 8.83 5.5338
12.075 3.13 8.11 4.502
2.125 0.6 5.98 1.5048
0 -0.77 10.94 3.529
0 -0.18 15.37 2.734
4.6 0 16.38 3.7691
12.9 1.04 14.9 3.9847
9.325 7.9 10.84 2.8678
2.325 4.77 12.26 1.478
0.925 5.28 16.54 1.5005
0.575 4.49 13.11 2.2905
0.1 1.11 14.64 0.3865
0 1.71 15.56 3.5917
8.475 4.81 17.45 2.8643
22.225 8.45 14.32 4.0499
40.125 6.27 14.34 4.9243
17 2.6 10.06 2.709
0.3 -1.46 9.97 1.0047
0.125 -0.68 10.8 1.8694
0 -1.73 9.54 0.3389
0 -1.73 12.8 1.3938
0 0.37 14.62 2.6673
0 -2.98 9.93 0.5059
0 -2.46 12.65 0.5246
0 0.61 14.86 1.9019
0 0.86 16.69 2.0556
0 1.38 17.96 1.3383
0 2.41 14.98 2.1975
0 4.09 16.74 2.539
0 4.63 18.52 1.1335
0 5.02 19.93 1.3367
0 5.85 21.29 1.164
0.075 5.48 22.31 0.8809
11.275 6.16 21.69 1.6883
8.375 2.62 15.37 3.9944
1.025 -2.44 8.38 2.3319
0 -1.88 11.7 1.9196
0 0.03 16.41 0.8113
0 2.24 18.8 2.0379
0 5.28 21.09 1.9797
0 5.55 21.33 1.4395
0 5.61 22.56 3.4406
0 1.31 16.33 2.0079
0 1.04 16.54 0.4788
0 3.41 19.1 2.8478
0 4.68 22.12 2.5868
0 3.62 18.05 5.1925
0 -0.38 14.59 1.9515
0 0.1 16.96 2.5895
0 2.19 21.72 2.006
10.15 4.07 24.45 1.2148
9.5 4.21 19.11 2.7794
7.225 3.59 11.51 1.7147
3.675 4.59 12.02 2.3609
0.45 2.68 12.54 3.7568
0 3.34 15.51 1.707
0 4.46 19.67 2.3653
0 5.95 19.52 4.944
0 -1.81 12.05 5.7689
0 -0.7 11.94 3.0034
0 1.51 17.99 1.5293
0 3.85 22.13 2.5571
0 5.44 25.38 2.5511
0 9.77 29.63 1.5128
0 10.87 30.79 1.2494
0 11.07 31.75 1.8394
0.025 9.6 30.85 2.3982
0.4 8.33 23.82 3.2392
0.225 1.07 14.9 3.4177
0 1.92 18.14 2.1142
0 3.96 19.32 2.3184
0 1.96 18.3 3.0465
0 1.47 15.67 1.8102
0.65 3.02 18.6 1.9856
44.275 5.34 21.67 1.7599
26.825 10.06 18.77 2.3896
4.5 9.44 15.58 3.4686
2.9 8.73 17.42 1.787
0.625 11.07 20.36 3.4516
0 9.52 23.4 1.9431
0 9.32 25.32 3.0519
0 9.18 24.59 1.9477
0 9.17 25.89 1.7185
0 9.35 26.74 1.3593
0 9.69 28.14 3.1019
0 7.85 26.74 3.3542
0 8.1 24.49 2.8705
0 8.71 26.44 3.2574
0 10.08 26.15 2.1374
0 12.03 29.35 1.4152
0 15.13 34.33 0.2866
0.35 15.24 36.42 2.2065
0.2 15.16 35.46 2.4292
0 11.32 29.53 1.582
0 10.51 28.46 1.1126
0 11.47 29.49 2.4787
0 11.73 29.7 3.0151
0 10.27 28.14 2.7963
0 9.41 26.85 2.1848
0 11.74 27.93 1.6337
0 12.99 30.41 1.0646
0.15 14.47 33.01 2.1693
0.1 14.74 32.88 2.5134
3.925 15.68 32.38 3.0568
2.35 13.69 28.5 2.3115
0 13.62 29.2 2.249
0 12.43 26.49 2.342
0.7 12.69 25.36 0.4791
5.45 10.75 25.32 2.1629
5.075 8.76 22.42 3.1791
3.425 6.86 17.37 2.0475
1.25 8.31 19.57 2.655
0 9.61 24.17 2.6173
0 9.62 25.81 3.4131
0 10 24.44 3.0362
0 8.84 23.01 3.4141
0.875 9.88 24.84 2.5152
0.9 11.86 22.59 3.4692
0.2 9.33 23.13 2.3906
0 9.29 24.27 2.4894
0 10.29 24.39 2.6868
0 12.14 25.87 3.1524
0 12.45 28.57 2.0687
0 13.99 32.11 2.8238
0 10.46 31.49 3.2529
0 8.56 26.52 3.34
0 9.52 25.06 1.4476
0 11.18 28.97 0.6818
0 13.5 32.72 1.5887
0 14.55 34.68 2.6723
0 13.73 32.45 1.8544
0 14.97 33.02 0.9618
0 15.92 37.59 0.81
0.15 17.64 39.15 2.8518
0.1 17.17 39.04 2.7976
0 16.52 35.59 2.2648
0 17 35.85 1.8295
0 15.45 35.19 2.7627
0 14.81 35.29 2.4777
0 14.29 33.01 2.6792
0 13.43 31.71 2.4664
0 11.29 30.71 2.6663
0 10.34 30.18 2.6253
0 11.48 29.73 2.6503
0 11.67 30.18 1.9868
0 13.02 31.34 1.7718
0 15.36 32.15 2.21
0 14.6 32.51 1.5517
0 14.65 34.41 0.6503
0 15.51 35.57 1.5669
0 16.56 37.63 1.8047
0 17.72 37.64 1.7237
0 18.86 38.87 2.0055
0 18.86 39.37 1.5158
0 19.49 39.77 2.4264
0 17.3 38.1 2.5393
0 16.28 36.29 2.4234
0 16.7 35.77 2.1
0 16.65 35.52 2.0918
0 15.61 34.72 2.176
0 15 34.95 1.947
0 17.88 37.38 1.9448
0 18.75 38.09 2.3009
0 18.84 36.8 2.9474
0 18.8 35.34 2.7033
0 16.84 34.71 2.8394
0 16.97 33.98 2.6174
0 16.16 34.04 2.875
0 13.82 31.88 2.406
0 14.19 31.17 1.9365
0 15.2 32.44 2.2051
0 12.3 30.84 2.877
0 9.51 23.67 1.9114
0 10.99 25.91 1.5648
0 13.21 30.57 0.6794
0 15.38 33.21 1.2973
0 16.73 35.63 2.9582
0 15.35 36.21 2.7846
0 15.02 35.31 3.0954
0 13.78 32.9 3.1731
0 10.86 30.42 1.5687
0 11.33 30.73 0.5723
0 13.99 32.96 0.8896
0 15.23 34.55 0.862
0 16.08 36.4 1.3331
0 16.95 36.18 2.2921
0 17.73 35.75 2.1621
0.875 16.7 37.19 2.2638
1 15.61 34.5 2.7561
0.25 14.51 30.42 1.5685
0 13.6 30.8 1.4789
0 13.21 32.47 0.3929
0 13.11 34.17 1.5779
0 14.07 35.08 1.4862
0 15.36 35.36 1.4303
0 14.95 36.98 2.5726
0 16.77 35.51 1.5666
0 15.65 33.58 0.6605
0 15.29 34.74 0.4688
0 16.39 36.06 1.6438
0 15.99 36.05 2.3667
0 12.37 33.56 2.0532
0 12.09 30.36 2.0535
0 11.16 27.76 1.7726
0 11.16 29.09 0.5377
0 11.92 30.28 1.0001
0 13.77 33.01 0.4506
0 14.41 35.05 1.0329
0.175 16.08 36.4 1.9182
0.675 13.63 33 2.0718
1.325 12.69 26.35 2.6125
0.5 10.81 22.75 1.6463
0 11.14 28.06 1.6409
0 13.53 30.78 0.6267
0 13.88 32.02 0.962
0 15 35.5 1.974
0 13.06 33.38 0.9845
0 13.9 32.52 2.0075
0 14.54 34.42 2.1517
0 13.95 35.16 1.2863
0 13.59 34.93 0.6889
0 13.35 34.45 0.8
0 14.18 35.6 1.1578
0 14.23 36.71 0.4273
0 14.72 36.95 1.9259
0 14.26 32.85 2.494
0 4.39 19.34 2.4033
0 5.02 23.06 2.3773
0 6.21 25.42 0.7757
0.3 7.72 26.38 3.1832
0.275 4.91 21.78 3.3936
0.05 1.71 14.13 0.3305
0 1.54 18.65 2.5696
0 3.92 22.11 1.2984
0 5.45 22.55 1.3656
0 6.15 24.12 0.6714
0 7.28 24.77 0.457
0 6.34 25.08 1.7744
5.35 7.53 23.52 1.9269
40 7.21 17.62 6.8004
22.125 10.82 15.86 4.2369
0.7 12.82 20.4 1.0258
0 11.61 25.33 2.2424
0 11.11 25.15 1.0845
0 13.61 27.94 1.6462
0.6 9.23 24.05 2.079
0.35 4.8 17.31 1.7367
0 5.04 18.29 1.0665
0 6.24 21.6 0.6757
0 7.53 22.78 1.1858
0 9.45 24.71 1.3119
0 8.53 23.38 1.6321
0 8.06 22.94 1.1534
0 8.44 24.52 4.5184
0 3.99 17.85 4.8646
0 1.01 15.1 0.7437
0 0.91 15.58 0.1325
0 3.75 20.89 0.8411
0 5.49 22.88 0.9181
0 7.91 23.86 1.2507
0 8.16 25.58 1.1352
0 7.6 26.85 1.7398
0 6.69 25.76 2.3335
0 5.11 19.61 0.5452
0 5.41 19.35 1.7347
0 3.04 17.54 1.902
0 3.34 17.77 1.0801
0 4.29 18.7 0.7519
3.15 5.72 18.11 0.3824
3.675 6.11 16.9 2.0336
0.975 0.86 12.44 1.3767
0 0.9 13.28 1.1491
0 1.05 14.45 2.7273
0 0.93 15.82 2.0134
1.2 2.94 19.1 1.3424
0.6 3 19.67 1.9844
0.325 1.41 14.94 2.2385
9.75 1.62 16.21 3.4914
4.975 1.72 15.76 1.187
0 1.95 12.47 0.4628
0 1.54 15.16 2.0524
0 2.28 14.56 3.5905
0 2.93 17.21 3.843
0.475 3.16 19.61 2.4912
2.175 3.73 20.19 1.057
1 3.25 12.98 5.0525
0 1.87 14.51 4.8127
0 1.69 13.64 3.9091
0 2 17.3 1.5957
0 1.41 16.48 2.0237
0 -0.5 15.99 1.9741
0 0.13 14.27 2.0333
0.025 0.69 15.65 1.1302
11.65 -1.56 11.35 2.0776
14.1 -1.73 6.98 0.7763
3.975 -7.51 3.65 0.6077
0 -7.01 4.09 1.9619
8.2 -5.85 6.17 3.2722
29.575 0.47 9.41 2.9979
44.675 5.37 10.09 3.8215
27.075 4.74 10.39 4.0525
5.075 3.92 7.71 0.6601
0 1.37 10.19 3.2809
0 3.19 12.95 2.6985
0 3.36 13.83 2.2585
0 2.27 14.2 2.7579
0 2.57 10.32 4.1242
0.9 2.93 14.35 2.8847
15 4.22 16.75 1.7516
9.275 1.33 11.75 3.6718
0.125 -3.06 8.02 2.3257
0 -1.22 9.71 3.9503
0 -0.33 12.81 3.9977
5.75 0.29 14.41 4.1311
4.35 0.66 10.59 2.0696
2.15 1.54 10.65 3.0078
5.95 1.34 10.04 0.7817
2.925 4.42 10.06 1.4609
0.025 2.54 9.77 2.6423
0 2.44 12.14 2.1563
0 2.73 13.16 1.2163
0 1.86 14.99 3.9562
0 0.86 16.36 2.9356
0 1.44 17.38 2.8324
0 2.01 14.24 3.124
0 2.47 14.87 2.6078
0.65 3.76 15.03 2.9833
1.075 4.77 15.55 2.4203
0.425 4.99 9.87 2.4278
0.65 4.99 9.62 3.2313
15.25 5.16 16.01 4.5789
8.7 6.2 14.82 2.0317
0.2 0.13 12.25 1.2582
0 1.06 13.45 3.3008
0.675 2.42 16.1 2.3823
12.425 2.45 16.64 2.7117
23.475 5.44 12.79 4.8953
22.275 6.62 9.65 5.6166
28.075 3.07 8.31 6.5675
27.25 1.53 7.76 3.9504
17.575 0.6 6.73 3.6985
5.1 -0.37 4.62 0.9784
1.15 -1.73 9.04 2.4493
2.925 -0.24 8.18 4.211
1.225 4.44 9.65 3.0247
0 1.65 12.03 1.2637
0 0.56 12.56 2.7035
1.35 1.87 12.54 3.2276
1.45 3.07 14.52 1.2807
0.35 -0.88 12.67 1.2484
0 -0.95 12.69 1.7544
0 1.29 13.72 2.0911
0 2.87 13.79 0.6362
7.6 2.68 14.35 2.9557
9.35 4.98 13.34 3.4374
11.775 6.62 11.44 1.6793
4.625 4.31 8.57 2.5397
1.675 3.92 8.56 1.2838
2.625 3.94 9.72 1.8977
0.9 -0.1 9.02 0.6632
0 0.11 11.07 1.1668
0 3.19 11.94 1.304
0 2.28 15.99 1.4784
0 2.97 17.27 1.5511
0 2.66 17.8 1.1576
0 4.04 17.23 1.7159
0 4.71 18.58 2.4083
0 3.6 19.97 0.978
0.65 3.33 18.34 1.134
3.375 5.39 13.85 2.2295
9.85 4.58 10.55 2.9169
4.675 -1.33 7.56 2.0789
22.05 -0.75 12.43 3.7997
16.875 3.02 9.87 2.6941
2.475 0.9 10.45 0.8423
23.05 1.56 14.73 4.5179
13.825 4.92 15.2 1.2772
0.65 2.13 10.4 0.4116
0.35 2.4 14.88 2.2022
7.275 4.98 17.16 2.6849
20.05 5.12 9.62 3.2639
9.075 0.91 8.37 2.8097
0.1 -0.95 8.67 1.2916
0 0.58 12.03 2.4278
0.225 1.49 15.29 1.0733
1.325 4.36 14.15 2.605
2.775 -3.21 8.28 3.7491
1.125 -1.72 9.81 2.2023
0 -1.56 9.26 0.3313
16.375 -0.29 13.67 2.0905
9.175 -0.09 13.18 2.4706
0 -0.81 12.3 2.4701
0 -0.06 15.11 3.618
0 2.63 20.63 1.3169
0 4.74 22.84 0.8874
0 5.4 22.69 2.8311
0 1.24 22.64 2.135
0 4.2 24.18 1.8324
0 5.35 22.64 0.3874
0 4.48 20.73 1.6537
0 2.9 19.41 1.8952
0.45 2.75 19.68 1.8382
1.7 3.84 20.47 2.2342
0.8 0.73 13.86 2.3297
0 1.49 16.62 2.5637
0 2.17 19.24 1.069
2.65 4.34 21.42 2.418
11.325 4.45 20.72 5.1721
6.025 1.64 10.63 2.7741
1.1 -1.27 10.24 0.8536
8.175 -0.72 11.88 2.0905
4.3 1.17 10.29 1.8555
23.475 0.68 10.74 2.7898
13.025 0.99 9.93 2.9406
0 1.04 10.04 0.8233
0 0.22 14.73 2.1057
0 2.66 19.25 0.7154
0 4.43 20.2 1.2314
0.625 5.14 19.8 1.9964
17.525 5.75 14.03 4.3196
21.025 4.24 10.71 4.4601
5.95 1.77 9.5 1.0852
0 2.39 14.19 0.6961
0 3.39 15.41 0.8267
0 4.12 19.57 2.1372
0 4.31 19.63 1.4755
0 4.9 21.71 1.1733
4.4 6.85 23.22 1.5751
21.075 7.48 21.34 2.4798
14.525 2.28 11.45 3.2432
2.575 3.61 7.33 1.9955
0.125 5.12 10.21 1.3345
0 6.1 20.38 1.0149
0 8.65 22.68 1.2952
0 7.87 25.49 0.8345
8.1 8.56 25.37 3.9302
7.8 2.93 14.9 4.7453
2 1.79 10.97 3.7285
0.025 0.46 11.72 3.4088
0 2.29 17.32 2.0371
0 4.2 20.72 1.9304
0 6.42 24.23 0.9615
0 7.7 25.64 2.2033
0 6.44 23.63 3.7453
0 3.68 19.8 2.3021
0 2.92 19.93 0.7592
0.025 5.12 22.41 2.7708
1.325 5.62 20.93 3.6717
10.15 5.69 13.5 3.0266
5.1 0.08 10.93 3.7849
0 0.9 15.15 2.1097
0 4.74 21.25 1.0063
0 6.85 23.77 0.6997
0 7.89 25.22 0.579
0.625 9.72 26.73 1.2419
2.4 11.38 26.46 1.8569
1.2 9.33 17.2 1.577
0.075 9.52 20.09 1.5863
0.05 10.12 22.11 3.4545
0.125 4.8 21.65 4.3083
0.125 2.14 15.14 3.6217
0.05 2.63 13.19 4.1788
0.7 4.43 17.34 2.2952
6.675 3.81 16.66 1.5329
6.475 5.71 18.2 2.7454
7.075 7.06 16.27 2.2948
2.8 3.03 15.04 3.2987
0 3.77 16.78 1.9029
0 6.15 23.7 0.7479
0 10.7 27.42 2.5216
0 12.22 26.12 2.9638
0 10.98 24.38 2.5074
0 11.62 26.49 2.5529
0 13.73 26.98 2.5735
0 13.92 28.12 1.9982
0 14.67 30.7 2.9356
0 12.99 31.14 3.1621
0 12.32 28.67 2.7369
0 12.01 28.98 3.6929
0 7.07 25.14 4.68
0 8.01 21.47 5.0173
0 10.45 25.92 3.6249
0 11.14 28.95 1.0073
0 12.26 29.62 1.8093
0 12.95 32.16 2.8275
0 9.14 28.97 3.0925
0 7.85 25.05 1.4841
0 8.48 28.35 2.4705
0 8.52 26.47 3.086
0 7.67 24.08 2.6494
0 8.89 25.95 1.8685
0 10.46 27.41 1.2191
0 12.32 30.66 2.0049
1.05 13.13 31.65 2.1778
0.525 13.55 29.15 2.7882
0 13.58 28.62 2.5631
0 15.08 31.65 1.1925
0 17.57 35.69 1.7296
0 16.88 37.83 3.0111
0 13.94 33.82 2.9515
0 11.42 31.52 2.7304
0 11.28 30.45 2.9034
0 12.77 29.25 2.3122
0 12.12 30.11 1.001
0 13.16 32.78 1.9971
0 14.23 34.28 2.5854
0 14.43 31.37 2.4718
0 14.93 32.64 2.5379
0 16.71 33.83 2.2937
0 16.25 34.63 1.8368
0 17.12 35.95 2.2007
0 17.86 35.03 3.1354
0 17.24 33.5 3.1445
0 16.4 31.94 1.8663
0 17.03 34.13 1.5889
0 18.52 37.19 2.6784
0 19.18 38.28 2.7201
0 18.06 37.61 2.5732
0 16.11 37.8 2.1416
0 16.17 36.5 2.0533
0 15.93 34.71 2.3258
0 14.76 33.3 1.0388
0 15.37 33.49 2.2949
0 16.47 34.6 2.1948
0 17.73 36.73 2.6762
0 17.61 35.53 2.7283
0 16.49 31.87 1.9197
0 13.93 30.7 2.3087
0 14.51 32.11 2.1234
0 14.19 33.14 2.3159
0 14.13 32.93 2.2912
0 13.47 32.45 2.0109
0 13.85 32.51 2.3426
0 12.51 33.38 1.4404
0 13.56 33.75 1.9473
0 14.27 33.7 2.0067
0 13.67 32.45 2.0314
0 13.78 32.13 2.488
0.075 14.19 31.79 2.787
0.05 14.09 30.05 1.9198
0 13.34 30.29 1.8151
0 13.3 30.55 2.158
0 12.16 28.44 1.1539
0 12.79 30.06 1.5631
0 14.93 31.79 2.4717
0 14.65 31.89 2.843
0 14.54 32.45 1.2404
0 15.19 34.6 1.5025
0 14.99 34.8 1.6112
0 12.89 33.06 1.9447
0 13.49 33.52 2.253
0 14.08 34.63 1.7572
0 10.68 32.28 1.7662
0 11.76 29.62 2.2871
0 12.67 34.36 1.8701
0 16.15 39.09 0.5319
0 19.08 39.91 2.1017
0 15.16 36.2 2.3483
0 10.98 32.32 2.6915
0 8.98 21.46 2.3071
0 8.82 22.76 2.504
0 9.49 24.82 1.4429
0 10.62 28.28 0.7705
0 13.65 32.77 0.3258
0 14.69 35.82 1.2613
0 14.63 35.79 1.1414
0 15.83 35.09 2.0768
0 12.99 32.78 1.2269
0 13.21 32.5 2.1588
0.025 11.66 31.24 2.736
0 7.14 17.93 2.004
0 7.05 23 0.6782
0 8.25 26.61 0.5886
0 11.6 31.14 0.993
0 12.03 31.17 1.5843
0 11 28.97 1.4082
0 10.99 28.95 1.1077
0 11.06 29.38 1.7667
0 11.23 29.82 1.5569
0 11.8 29.24 1.4479
0 11.69 28.33 1.3068
0 10.11 26.1 1.339
0 9.79 26.97 1.1393
0 8.91 24.89 2.6799
0 8.44 22.15 1.2255
0 8.85 27.37 0.6309
0 11.26 30.6 0.9743
0 15.68 34.14 0.6511
0 13.51 35.17 1.1574
0 15.12 36.68 0.6826
0 15.86 38.29 0.5582
0 15.78 36.86 0.3738
0 15.73 33.97 0.4776
3.175 16.24 32.08 1.1396
16.525 15.43 31.98 1.4879
12.6 12.36 23.75 1.5598
1.775 11.4 17.33 1.0241
1.075 7.85 17.31 0.7594
3.4 7.81 19.46 1.9443
0.1 6.92 18.58 0.8286
0 8 22.85 1.9512
0 9.45 24.76 1.6656
0 11.27 27.37 1.5701
0 12.38 27.95 2.1391
0 12.6 30.47 1.4367
0 12.62 31.11 0.6074
0 12.17 31.29 0.466
0 12.1 30.74 1.0174
2.75 12.68 26.66 0.9158
1.35 8.84 20.8 1.0998
0 8.62 19.37 1.5899
0 8.92 24.25 0.8389
0 9.9 24.44 1.868
2.525 8.63 21.19 1.5893
18.475 10.05 20.42 1.6406
46.8 11.15 15.45 4.6452
19.275 6.71 14.93 3.4183
0.05 3.87 16.14 1.7068
0 2.21 17.05 2.813
0 1.65 17.78 3.3786
3.025 7.9 22.17 2.2002
4.1 8.32 22.16 1.8307
1 5.36 12.64 0.9797
0 5.63 19.4 1.8751
0 6.36 21.18 2.9892
0 8.54 23.56 2.7121
0 10.19 27.43 1.7943
0 10.39 27.56 1.1171
0.125 9.78 26.9 2.0736
15.6 8.77 22.67 3.0511
8.9 3.11 12.13 2.5882
2.05 0.75 12.31 0.5873
1.45 1.91 13.71 1.6533
0.05 1.02 12.15 2.4494
0 2.14 15.13 1.4513
0 3.19 16.42 3.0364
0 4.74 17.58 1.6995
0 5.92 19.59 2.603
0 5.79 20.58 1.1718
0 5.36 19.83 1.9687
0 4.16 20.43 1.7746
19.15 4.44 19.96 2.4223
25.2 1.7 10.9 3.0358
19.825 0.52 7.33 4.9293
11.125 1 5.72 2.8972
14.95 2.75 7.82 3.8651
6.825 -3.2 4.89 1.2335
0 -3.79 6.84 3.1648
0 -3.52 7.69 3.3199
11.45 -1.27 11.12 2.5892
7 -1.95 6.61 2.4856
0 -5.21 7.21 2.378
0 -3.81 7.57 3.07
0 -0.23 10.72 2.3014
0 0.21 13.57 2.6534
0.15 4.99 11.52 1.4135
1.55 5.96 14.12 2.3072
15.85 5.94 13.48 2.5146
8.4 5.75 16.86 3.4303
0.025 2.9 13.96 2.2445
3.5 3.9 15.76 2.0538
3.9 5.83 13.21 1.0737
0.95 7.15 13.9 1.3506
0.05 5.5 15.72 0.4266
0 4.9 16.53 2.3612
0 4.05 16.43 1.3701
19.975 4.3 13.4 1.7029
11.525 3 11.74 1.519
3.25 0.14 10.55 2.3728
40.4 -0.02 9.66 3.6055
49.9 5.14 10.33 5.2316
37.325 7.31 11.73 5.8823
16.7 3.75 12.9 2.3249
8.825 2.93 5.08 2.6642
9.275 3.07 9.6 2.2309
4.025 4.57 9.2 0.4175
0 2.47 11.74 3.0054
19.325 2.32 14.22 5.4149
10.175 1.68 13.47 1.9569
0.075 1.12 9.51 0.8749
48.325 1.36 10.88 2.2539
32.45 3.9 8.82 4.3193
3.025 -4.32 6.68 2.3742
1.525 -5.91 4.9 1.5145
19.825 -5.39 6.19 4.3566
18.85 -2.24 6.64 4.9384
4.475 0.89 6.64 2.5127
0.05 -1.53 7.3 3.2323
0 -1.25 9.92 3.8573
0.025 -0.19 11.38 5.1488
0.025 -0.32 10.75 3.4864
0 -0.74 11.85 1.8011
0 -0.8 7.56 1.422
0.075 -2.7 5.03 3.0802
2.85 -1.26 7.45 3.4307
1.7 2.72 12.37 2.1547
0.575 1.99 13.65 1.6508
0.375 4.1 11.36 1.2979
0 1.13 13.02 2.6634
0 3.86 14.31 0.9751
0 4.73 14.78 0.8104
0 4.62 13.4 2.4859
0 2.21 12.57 1.5114
0 1.75 14.93 4.1696
0 2.06 17.11 3.7424
0 2.36 16.87 2.7478
0 1.92 18.37 4.0021
0 1.92 18.16 1.891
0.05 2.72 17.07 2.1957
0 3.19 17.97 4.9539
0 2.99 19.95 3.4457
0.075 2.87 19.42 1.7915
6.6 1.78 17.85 0.5077
7.425 1.31 14.77 1.8272
2.15 0.34 8.89 1.3503
0 0.09 10.38 1.6951
0 -1.54 12.54 3.0098
0 -1.05 13.22 2.0479
0 0.39 13.64 2.5802
0 2.95 16.36 1.7363
0 1.69 17.22 1.9701
0 4.32 19.66 0.6963
0 0.95 19.5 2.2518
0 -1.18 13.46 3.4751
0 -1.46 13.2 3.7614
0 -0.4 14.49 3.9313
0 0.24 17.95 2.8711
0 0.58 20.61 1.1448
0.275 1.32 20.03 3.6741
12.4 5.33 14.43 4.3919
12.85 4.08 13.96 5.7076
26.825 0.91 6.19 4.628
34.925 0.56 5.55 2.8745
13.45 0.15 7.7 3.3193
0.975 -2.74 7.15 0.7806
0 -2.51 8.71 1.111
0 -2.91 8.37 0.4691
0 -2.3 11.96 0.5935
6.1 -1.36 10.72 2.1926
13.9 1.01 8.18 5.3977
5.625 -4.49 6.22 0.9814
0.025 -5.32 4.9 0.3957
0 -4.66 8.98 2.1997
4.15 -3.89 12.63 1.7751
14.45 -1.16 13.27 3.7726
5.075 5.76 14.7 1.2791
0.075 -0.19 14.3 1.4521
4.6 0.97 14.75 0.6468
27.225 3.15 17.77 1.7182
13 4.59 10.49 4.3197
0.5 1.12 11.19 0.468
0 2.07 15.83 1.4559
0 4.5 18.22 0.7731
0 3.32 16.92 1.3335
0 2.95 14.72 0.6232
5.9 3.7 15.75 1.11
4.225 6.39 15.24 1.1203
19.225 6.82 17.89 1.2659
13.65 7.62 18.48 2.2981
1.325 0.71 12.68 1.0091
18.825 -0.24 13.61 3.4618
38 0.57 11.05 4.7797
61.225 2.58 7.72 5.4943
31.625 0.95 5.98 2.3779
6.45 0.19 8.84 1.3352
14.1 1 11.86 5.0599
27.65 3.2 7.9 5.4496
20.375 0.31 6.23 3.7815
17.175 1.43 10.33 3.047
6.95 3.67 7.84 1.3934
0.125 4.11 12.05 0.7344
0 2.98 15.6 1.5177
0 4.07 16.93 2.1419
0 6.42 20.28 2.396
0 6.9 24.67 1.7543
0 8.32 26.55 1.0371
0 4.16 20.23 1.5171
0 3.6 19.34 1.8007
0 5.03 22.15 1.4611
1.4 5.08 21.98 1.8572
7.675 3.32 20.53 3.4498
4.3 -1.08 7.96 1.5192
0.1 -2.14 8.41 1.3945
0 -1.59 13.17 0.5428
0 0.64 15.63 1.7121
0 2.48 16.99 1.6491
0.425 2.35 17.34 2.6625
0.225 0.04 11.35 0.6398
0 0.45 16.82 0.7822
0 4.04 21.19 1.6354
0 5.03 22.89 2.3037
0.175 8.32 23.04 2.5746
0.1 9.56 20.02 1.5955
0.425 8.99 19.54 1.9647
2.35 9.38 18.49 2.1023
1.375 4.39 17.64 0.9595
0.8 4.23 17.13 1.1162
0.525 5.83 17.09 2.0817
0.3 5.47 16.71 2.1815
0.025 2.69 18 2.7386
0 3.03 18.82 1.0138
0 4.25 21.22 2.372
0 4.92 20.33 4.6504
0 1.8 17.63 3.5335
0 2.56 20.38 1.7973
0 4.05 23.16 0.4723
0 6.71 25.16 0.9861
0 8.17 25.3 2.943
0 9.91 28.39 0.7898
0 9.87 30.02 1.5435
0 9.02 27.83 2.0279
0 8.21 22.89 2.8793
1.65 3.86 13.92 3.1618
0.875 2.11 14.37 2.629
0 4.39 21.28 1.8346
0 7.81 23.83 1.267
0 8.1 25.55 0.7602
13.925 9.01 26.41 2.7854
11.35 3.32 16.09 2.5701
4.2 1.96 10.78 1.3101
20.25 3.43 12.9 3.4711
11.425 5.16 10.12 2.2255
0.475 3.37 14.11 3.0792
0 3.98 20.96 1.8005
0 7.68 24.11 2.2052
0 7.4 23.79 3.2078
0 6.17 22.05 4.5711
0 5.87 19.69 2.5402
1.525 6.72 21.89 2.6486
0.8 4.72 19.17 2.3508
0 5.35 19.61 3.1722
2.6 5.22 19.75 4.134
1.325 4.67 15.77 4.755
0.075 4.16 16.66 2.7559
0.325 5.24 19.44 2.4419
0.475 8.39 19.87 2.7396
0.225 3.74 14.85 1.6442
0.45 4.4 17.49 0.5617
9.175 5.13 18.34 3.245
16.675 10.96 15.29 1.0473
7.425 8.05 19.94 3.2426
0.125 6.37 17.03 2.1399
0 7.46 21.67 3.0704
0 10.19 25.25 1.7477
0 10.83 27.4 2.6757
0 10.51 27.08 3.1771
0 9.34 24.06 2.7412
0 10.05 26.11 2.7399
0 12.59 29.1 2.1154
0 13.53 31.79 2.0251
0 13.05 31.3 2.6606
0 11.31 28.1 1.6449
0 12.53 28.7 2.8243
0 12.04 29.48 2.1698
0 13.29 29.47 0.5376
0 14.77 32.84 0.7067
0 17.04 35.77 2.4911
0 15.07 35.31 2.5723
0 12.88 32.31 2.5583
0 11.38 30.36 2.6941
0 11.75 29.51 2.4623
0 13.08 30.87 2.4599
18.525 13.41 31.05 2.2644
9.6 10.89 25.42 2.3171
0.2 8.98 21.34 2.3545
0 11.5 26.71 1.3654
0 14.22 31.93 0.9727
0 16.03 34.96 0.7118
0 16.33 35.78 1.5251
0 17.02 35.32 1.8072
0 17.85 35.21 2.5411
0 18.29 35.32 2.7366
0 16.71 33.99 2.1228
0 15.95 33.96 2.5018
0 13.84 33.16 2.2113
0 12.67 32.09 2.3193
0 12.53 29.1 2.4391
0 12.51 28.24 3.1055
0 12.06 25.88 2.7377
0 11.99 25.67 3.3216
0 11.23 25.72 3.0991
0 10.85 26.27 1.9624
0 11.92 28 1.1576
0 13.03 29.37 1.9044
0 13.4 30.49 1.5294
0 13.81 31.67 2.3103
0 13.88 32.5 2.7667
0 14.49 32.32 1.9114
0 15.35 32.75 1.8147
0 14.12 33.62 2.1068
0 12.62 32.32 1.9376
0 12.75 32.07 1.7223
0 13.6 32.66 1.6801
0 14.69 34.86 2.457
0 15.12 34.86 3.0286
0 17.91 34.6 2.0544
0 17.02 32.15 1.3819
0 16.21 33.51 1.8199
0 15.48 34.56 2.0646
0 14.27 34.17 3.006
0 13.36 30.29 2.3967
0 14.08 31.11 3.0175
0 16.02 31.42 2.4055
0 13.35 31.78 1.8058
0 13.65 32.34 1.9232
0 13.28 32.49 2.2276
0 14.02 33.02 2.6567
0 13.57 32.22 1.8325
0 14.52 32.63 1.2828
0 15.82 34.23 2.0382
0 13 33.22 1.5583
0 12.83 32.34 1.3608
0 12.97 32.87 1.7595
0 13.12 33.25 1.766
0 13.91 33.56 2.66
0 13.04 31.34 1.9323
0 12.67 30.58 1.3521
0 12.68 30.36 1.1063
0 13.77 31.79 0.9814
0 14.78 33.94 1.9695
0 15.87 34.12 1.175
0 16.18 34.27 0.7091
0 16.28 35.57 1.0127
0 16.83 35.88 1.3417
0 15.3 35.86 1.7428
0 14.27 34.67 1.7707
0 12.9 32.69 1.7005
0 13.28 31.47 0.782
0 13.93 31.79 0.662
0 14.75 33.84 0.8587
0 15.67 33.7 0.9821
0 16.73 34.52 1.8207
0 13.5 33.47 0.8185
0 14.48 34.72 1.0241
0 14.74 35.14 1.0476
0 15.05 33.77 1.492
0.05 14.24 33.66 0.8674
1.2 15.18 33.17 1.6596
1.1 13 26.27 1.5607
1.525 12.94 29.58 0.6891
0.625 13.4 30.52 1.429
0 13.91 30.04 2.4216
0 12.9 29.55 1.7378
0 10.69 26.57 1.728
0 9.84 26.74 0.5003
0 11.82 30.42 0.3176
0 13.56 33.43 1.0208
0 14.63 34.05 0.619
0 15.36 34.61 0.3696
0 14.37 35.38 0.5465
0.025 16.03 35.63 1.5781
0.05 13.79 31.79 2.1907
0.025 10.3 22.65 2.0328
0 10.86 27.14 0.7198
0 13.41 31.19 0.6342
0 13.5 32.21 1.0509
0 14.31 32.88 1.2626
0 12.04 29.65 2.1546
0 11.79 26.07 1.7457
0 10.48 25.56 1.8639
18.2 8.11 21.81 2.1704
15.125 7.9 18.72 3.555
4.45 6.07 13.69 0.8636
1.225 3.03 12.23 0.9066
0 3.21 17.11 1.2276
0 4.51 20.98 1.147
1.3 8.2 23.2 1.4565
0.7 11.3 18.69 1.5859
0 9.4 24.08 0.9807
0 9.29 26.55 0.7014
0 12.12 28.88 0.4275
0 11.52 28.29 0.9161
0 11.72 28.83 1.214
0 12.08 26.25 1.55
0 11.86 27.66 1.3712
0 11.33 28.67 0.9971
0 11.34 24.77 0.7219
0 9.32 25.11 0.7766
0 9.77 25.17 2.1656
0 9.97 26.73 1.6223
0 9.75 28.22 1.8118
0 9.21 25.86 1.3551
0 5.38 20.87 2.8973
0 4.1 19.63 3.1763
0 5.81 20.59 1.8746
0 6.52 22.12 1.0162
0 7 23.16 2.0412
0 7.52 24.89 0.3504
0 6.52 24.16 3.283
0 5.6 22.18 4.1107
3.625 4.46 21.94 3.3859
2.775 2.1 20.11 1.7157
5.3 -1.5 9.94 0.4231
3 -0.94 10.29 1.4154
0.05 -0.52 9.86 0.827
0 -0.85 10.58 2.0953
0 0.84 14.01 3.0991
0 1.46 16.31 3.1422
2.3 2.69 19.24 3.7772
1.525 6.48 17.23 0.9173
0 5.75 15.69 0.3011
0 7.59 17.04 0.8815
0 4.24 16.42 0.7027
0 4.1 17.69 0.9542
0 3.9 18.02 0.8439
0.2 4.06 17.65 2.9587
3.875 1.43 10.9 2.0866
2.85 1.49 10.39 4.0984
0.3 -0.26 10.47 1.8145
0 0.38 12.48 2.5646
0 1.09 13.43 3.773
0.2 1.03 15.81 2.0693
0.65 2.81 12.95 0.7059
0 2.86 16.06 2.8045
0 3.11 18.05 2.3156
0.05 4.63 22.12 1.0691
0 4.77 18.39 1.6272
0 1.79 19.67 3.7498
0 0.9 16.19 7.9628
0 0.43 14.69 3.4538
0 -0.58 14.91 4.1771
0 -2.1 13.74 2.7123
0 -2.48 11.87 3.4658
0 -2.54 12.44 3.0345
0 -2.21 12.84 3.3398
0 -0.61 14.37 3.2403
0 -0.3 13.89 4.1677
0 -0.23 16.25 3.0979
0 -1.52 15.45 0.7835
0 -1.12 12 1.5885
0 -1.57 11.77 1.4275
0 -1.81 11.86 1.0558
0.725 -2.43 11.72 0.8444
0.5 -1.79 9.9 5.1613
0 0.18 13.2 4.3909
0 -0.95 15.77 2.6136
0 -1 13.97 4.3728
0 -1.25 12.42 4.2275
0 -2.46 12.4 3.4047
0 -3.59 12.88 4.4977
0 -2.62 13.38 3.9617
0 -2 12.87 4.8693
0 -1.47 16.21 3.4321
0 -0.13 17.03 1.2621
0 -0.2 15.91 1.1375
0 0.64 15.78 1.2537
0 3.8 17.61 0.894
0 2.96 16.35 1.0456
0 0.5 15.31 2.3552
