0.7 1.56 11.9 1.6212
5.875 1.19 8.05 1.0724
3 0.21 10.49 1.7476
0.575 -2.76 7.96 3.7438
1.775 -2.46 8.81 1.8211
0.8 3.42 6.02 0.3727
0 0.52 8.52 1.5172
0 2.19 10.74 0.911
0 2.23 12.71 4.195
0 0.1 12.07 3.5344
0 0.33 16.35 2.5119
0 0.86 16.21 5.4032
0 2.78 17.78 4.0825
0 0.09 20.33 3.7088
0 0.13 20.09 3.9719
0 0.66 20.97 4.9489
0 1.96 19.81 4.1959
0 2 19.83 4.6682
0 2.17 19.87 4.8345
0.05 1.6 19.69 3.4141
7.7 3.75 19.4 2.7142
18.35 8.12 18.11 2.1347
28.05 9.63 11.81 1.6924
28.8 8.27 13.06 2.1749
7.475 3.9 12.06 3.3463
1.85 -0.77 6.72 0.9996
0.2 -2.47 8.57 1.2577
0 -2.14 9.69 1.6046
0 0.3 12.56 4.0959
0 0.45 15.99 4.416
0 2.74 18.59 2.9766
0 2.25 17.91 2.9565
0 1.95 15.98 4.0389
0 0.98 20.08 3.8093
0 3.43 21.63 2.9923
3.325 4.64 20.61 2.7519
5.625 6.38 12.1 3.1726
2.125 3.46 12.45 2.6987
11.5 3.38 13.58 1.3402
6.95 0.86 11.52 3.3897
2.65 -4.4 7.66 0.3642
6.375 -3.74 8.95 2.4922
3.8 0.31 9.3 1.3903
11.525 0.73 9.46 3.021
6.35 1.09 6.7 3.5783
1.85 3.01 9.58 6.217
12.95 4.16 9.54 5.5541
9.675 3.77 8.53 4.5187
1.575 0.69 7.12 1.5073
0 -0.44 12.28 3.5316
0 0.16 15.92 2.7462
4.325 0.75 16.66 3.7727
9.275 1.76 14.72 4.0138
6.325 8.42 11.32 2.8773
1.65 5 12.9 1.4355
0.625 5.89 17.07 1.4793
0.325 4.98 13.55 2.1972
0.05 1.86 15.82 0.3802
0 2.24 16.1 3.5721
6.075 5.69 17.78 2.8434
13.475 9.12 14.21 3.9959
28.325 6.82 15 4.9134
13.025 3.18 11.05 2.6939
0.175 -0.77 10.48 1.0179
0.075 0.53 11.94 1.8712
0 -1.21 10.57 0.3287
0 -1.52 13.77 1.4043
0 1.01 15.39 2.6855
0 -2.39 10.5 0.5004
0 -1.95 13.35 0.4784
0 0.51 15.65 1.871
0 1.17 17.48 2.0245
0 1.82 18.81 1.331
0 2.85 15.98 2.1106
0 4.89 17.33 2.4144
0 5.36 19.25 1.1674
0 5.71 20.48 1.3901
0 6.65 21.87 1.1711
0.05 6.1 23.22 0.9003
8.525 6.37 22.58 1.6677
6.325 3.35 16.46 3.9983
0.75 -1.73 8.98 2.3727
0 -1.16 12.27 1.911
0 1.21 17.14 0.8523
0 3.1 19.66 2.0899
0 5.95 22.11 1.9709
0 6.29 22.05 1.4423
0 6.49 23.56 3.423
0 2.29 16.92 1.9862
0 2.05 17.33 0.4989
0 4.78 19.96 2.874
0 5.31 22.82 2.5874
0 3.78 19.2 5.2038
0 0.54 15.27 1.9441
0 0.79 17.6 2.5658
0 3.05 22.37 1.9925
8.675 4.83 25.13 1.2383
7.575 4.83 19.55 2.7203
5.85 4.2 12.71 1.6881
2.925 5.69 13.17 2.3831
0.225 2.86 13.66 3.7931
0 3.86 16.66 1.7648
0 5.27 20.38 2.3714
0 6.61 20.11 4.947
0 -0.74 12.46 5.7635
0 -0.34 12.98 3.0221
0 2.41 18.61 1.5077
0 5.02 23.61 2.5308
0 6.24 26.39 2.5187
0 10.56 30.33 1.5167
0 11.71 31.59 1.2712
0 11.69 32.55 1.8246
0.025 10.15 31.78 2.3536
0.25 9.28 24.53 3.2539
0.15 1.42 15.96 3.4493
0 2.7 18.84 2.1665
0 4.73 19.74 2.3225
0 2.74 18.83 3.0313
0 2.38 16.39 1.8474
0.425 3.85 19.42 2.0196
40.2 6.58 22.6 1.7282
24.725 10.69 19.62 2.3495
4.45 9.75 16.76 3.388
2.75 9.14 18.55 1.7508
0.55 11.94 21.71 3.3687
0 10.22 24.12 1.9237
0 10.21 25.97 3.0961
0 10.08 25.36 1.9875
0 10.07 26.62 1.7745
0 9.8 27.77 1.411
0 10.39 29 3.1288
0 8.13 27.68 3.3661
0 9.21 25.21 2.9276
0 9.97 27.04 3.318
0 10.73 26.98 2.1776
0 12.7 30.03 1.3742
0 15.65 34.95 0.2712
0.35 16.41 37.29 2.2001
0.2 15.56 36.44 2.4069
0 11.62 30.23 1.6141
0 11.11 29.34 1.1501
0 11.65 30.38 2.4943
0 12.01 30.52 3.0207
0 10.4 28.9 2.8114
0 9.65 27.4 2.2266
0 12.22 29.03 1.6579
0 13.77 31.01 1.0966
0.175 15.15 33.96 2.2077
0.1 15.06 33.56 2.5032
4.15 15.68 33.21 3.0396
2.475 13.44 29.28 2.3247
0 13.59 29.46 2.273
0 13.03 27.17 2.352
0.55 13.28 26.01 0.4906
5.1 10.85 26.26 2.1705
4.575 9.41 23.5 3.1312
2.85 7.87 18.29 2.0119
1.05 8.98 20.36 2.6564
0 9.96 24.99 2.6328
0 10.45 26.4 3.4183
0 10.99 25.05 3.0321
0 9.63 23.68 3.4377
0.875 10.66 24.85 2.5419
0.875 12.36 24.02 3.456
0.2 10.09 24.19 2.3918
0 10.07 25.24 2.4967
0 10.86 24.83 2.7226
0 12.63 26.72 3.1654
0 13.07 29.11 2.0938
0 14.86 32.49 2.8328
0 10.79 32.47 3.2656
0 9.12 27.33 3.3535
0 10.27 25.49 1.4402
0 11.75 29.23 0.6608
0 14.44 33.23 1.5841
0 15.22 35.22 2.6533
0 14.12 32.64 1.8907
0 15.2 33.37 0.9652
0 16.8 37.95 0.835
0.15 18.2 39.53 2.8465
0.1 17.47 39.62 2.7971
0 17.09 36.2 2.2643
0 17.47 36.16 1.8296
0 15.81 35.76 2.7399
0 14.98 35.89 2.4558
0 14.58 33.6 2.651
0 13.44 32.33 2.4524
0 11.58 31.21 2.6532
0 11.23 30.8 2.6261
0 12.05 30.38 2.6593
0 12.24 30.82 1.9797
0 13.63 32.05 1.7493
0 15.93 32.77 2.1851
0 14.83 32.84 1.5372
0 15.59 34.75 0.5948
0 16.42 36.08 1.5877
0 17.43 38.21 1.7837
0 18.15 38.21 1.7255
0 18.99 39.21 2.0098
0 19.49 39.75 1.4869
0 19.6 40.49 2.4242
0 17.47 38.46 2.5333
0 16.29 36.73 2.4304
0 17.67 36.19 2.0999
0 16.48 35.73 2.072
0 15.45 35.21 2.1456
0 15.8 35.39 1.9354
0 17.65 37.67 1.9909
0 19.09 38.35 2.3537
0 18.61 37.06 2.9698
0 18.52 35.26 2.7313
0 17.57 35.09 2.8611
0 17.63 34.55 2.6226
0 16.79 34.52 2.8213
0 14.59 32.4 2.3495
0 14.93 31.74 1.8635
0 15.72 32.57 2.1594
0 13.05 31.48 2.8268
0 10.09 23.94 1.9234
0 11.48 26.65 1.5881
0 13.72 31.13 0.7098
0 15.72 33.85 1.3157
0 17.01 36.11 2.9409
0 16.08 36.6 2.7572
0 15.35 35.57 3.0877
0 14.14 33.5 3.1917
0 11.85 31 1.5854
0 12.12 31.37 0.5813
0 14.26 33.47 0.9054
0 15.46 34.98 0.8529
0 16.14 36.64 1.3371
0 16.75 36.44 2.2981
0 17.32 35.36 2.1393
1.225 17.49 37.55 2.2695
1.325 15.99 34.31 2.6992
0.35 14.37 31.32 1.5519
0 13.64 31.56 1.4668
0 13.4 33.12 0.3654
0 13.48 34.61 1.5768
0 14.5 35.42 1.499
0 15.37 35.67 1.409
0 15.86 37.31 2.5378
0 16.85 36.43 1.5153
0 16.35 34.12 0.6079
0 16.11 35.22 0.4976
0 17.34 36.45 1.6442
0 16.8 36.46 2.3926
0 13.06 34.15 2.0394
0 12.93 30.9 2.0453
0 11.92 28.32 1.7967
0 11.92 29.53 0.5487
0 12.72 30.92 1.0016
0 14.46 33.45 0.4543
0 15.31 35.47 1.0393
0.2 16.98 36.93 1.9681
0.75 14.44 33.6 2.0286
1.275 13.36 27.04 2.5752
0.45 11.47 23.31 1.6657
0 12.05 28.6 1.6741
0 14.49 31.27 0.6387
0 14.68 32.57 0.9566
0 15.75 36.04 1.9461
0 13.77 34.1 1.011
0 15.13 33.12 1.9503
0 15.37 35.01 2.124
0 14.76 35.72 1.2623
0 14.49 35.5 0.6643
0 14.09 35.03 0.8036
0 14.98 36.07 1.1574
0 15.11 37.18 0.4278
0 15.44 37.59 1.9001
0 14.8 33.32 2.484
0 5.19 20.04 2.4166
0 5.52 22.15 2.3682
0 7.15 26.1 0.7661
0.275 8.55 27.17 3.1953
0.225 5.15 22.7 3.3991
0.025 2.13 15.14 0.3369
0 2.23 19.83 2.5039
0 4.8 22.73 1.275
0 5.81 23.58 1.3836
0 6.72 24.72 0.6695
0 7.59 25.13 0.4198
0 6.69 25.58 1.7457
4.525 8.06 23.43 1.9031
36 8.4 18.38 6.7926
20.025 10.71 16.24 4.1928
0.4 13.28 21.4 1.0325
0 12.48 25.96 2.2654
0 11.85 25.55 1.0891
0 13.85 27.88 1.6286
0.55 9.88 24.62 2.058
0.325 5.77 16.85 1.765
0 5.66 18.63 1.0745
0 7.04 22.07 0.6779
0 8.32 23.26 1.1898
0 9.97 25.11 1.3382
0 9.06 23.62 1.6125
0 8.87 23.63 1.1683
0 9.2 25.11 4.5033
0 4.86 16.84 4.8649
0 1.23 15.71 0.7389
0 1.74 16.21 0.1348
0 4.31 21.1 0.842
0 5.74 23.14 0.9312
0 7.84 23.98 1.243
0 7.99 25.65 1.123
0 7.67 26.86 1.7174
0 7.29 26.02 2.3062
0 4.35 20.5 0.4988
0 5.93 20.03 1.7657
0 3.81 17.82 1.9097
0 3.57 18.3 1.0685
0 4.07 19.12 0.7671
3.375 6.33 18.5 0.3823
3.65 6.43 17.02 2.0548
0.9 0.88 13.14 1.4112
0 1.01 14.01 1.1757
0 0.96 15.02 2.7049
0 1.58 16.42 2.0047
0.95 3.08 19.41 1.3059
0.475 3.67 19.96 2.0202
0.375 1.25 14.79 2.2157
8.4 1.6 16.35 3.4138
4.3 2.44 16.63 1.2132
0 1.85 12.9 0.4472
0 2.02 16.04 2.0243
0 1.97 13.93 3.5858
0 2.57 17.32 3.8179
0.525 2.89 19.62 2.4814
2.025 4.04 20.44 1.0551
0.9 3.77 13.78 4.9964
0 1.61 15.3 4.7794
0 1.41 13.43 3.9009
0 1.76 17.47 1.5591
0 1.15 16.69 1.974
0 -0.1 16.67 1.9422
0 0.72 14.71 2.0292
0.025 0.67 15.79 1.1991
10.875 -1.87 11.61 2.0429
12.35 -1.07 8.09 0.7846
3.275 -6.8 3.99 0.5728
0 -6.45 5.12 1.9697
6.55 -5.26 6.68 3.2868
25.9 1.58 9.68 3.0367
39.9 5.86 11.33 3.8287
23.1 5.32 10.91 4.0397
3.95 4.36 8.37 0.6198
0 1.59 10.82 3.2829
0 3.41 13.67 2.7004
0 3.76 14.29 2.273
0 2.84 13.35 2.763
0 3.21 10.14 4.1287
0.825 3.08 14.1 2.8884
12.25 4.06 16.1 1.7227
7.125 1.57 12.27 3.6857
0.1 -2.32 8.64 2.3226
0 -1.01 9.93 3.94
0 -0.55 12.56 3.9919
5 0.15 14.22 4.1317
3.675 0.94 10.86 2.0581
1.875 1.69 11.22 2.9814
5.475 2.05 10.03 0.7618
2.7 4.86 10.67 1.4521
0.025 3.4 10.46 2.6228
0 2.67 12.76 2.1191
0 2.99 13.51 1.2399
0 2.61 14.08 3.9684
0 1.9 15.05 2.9482
0 2.05 16.47 2.8633
0 2.46 13.61 3.134
0 2.18 13.53 2.5856
0.525 3.47 13.47 2.9722
1 4.43 14.6 2.4267
0.425 4.49 7.15 2.4123
0.675 4.7 9.17 3.2337
14.3 5.26 15.34 4.5588
8.175 6.54 15.05 2.02
0.175 0.63 13.26 1.2238
0 1.97 14.61 3.2875
0.725 2.75 15.92 2.3934
11.5 2.88 15.88 2.6902
21.95 5.94 12.93 4.8884
20.9 6.8 10.14 5.5812
25.7 3.43 9.01 6.5435
24.7 2 8.04 3.9548
15.575 1.42 7.21 3.712
4.45 0.26 5.58 0.9474
1.1 -1.14 9.57 2.4464
2.55 0.58 8.65 4.1902
1.05 4.92 10.04 3.0524
0 2.23 12.44 1.2438
0 1.14 13.16 2.6703
1.225 2.42 12.92 3.2262
1.225 3.61 15.1 1.2566
0.275 -0.36 13.45 1.2854
0 -0.64 13.32 1.7457
0 1.34 14.28 2.0894
0 2.62 14.24 0.6267
7.025 3.27 14.76 2.9321
9.325 5.55 13.82 3.471
10.95 7.11 12.43 1.6832
4.175 4.75 8.84 2.589
1.475 4.29 9.16 1.2527
2.25 4.48 10.67 1.8798
0.75 0.63 10.05 0.7021
0 1.27 11.99 1.1396
0 3.81 12.74 1.2698
0 2.88 16.72 1.5205
0 3.42 17.67 1.5675
0 3.1 18.1 1.1871
0 4.5 17.56 1.7122
0 5.04 19.05 2.3953
0 4.46 20.45 0.9991
0.725 4.58 18.76 1.1384
3.25 5.85 14.29 2.2619
9.925 5.02 11.9 2.9573
4.8 0.01 8.03 2.0335
21.2 0.16 13.06 3.7734
16.1 3.8 10.68 2.6913
2.275 1.83 11.26 0.8403
21.625 2.81 15.3 4.4633
13.125 5.97 15.44 1.3077
0.6 2.5 11.27 0.4202
0.225 2.75 15.23 2.1745
5.55 5.48 17.65 2.6777
17.4 4.88 10.45 3.2416
8.3 1.68 8.99 2.8204
0.05 -0.74 9.73 1.2802
0 1.58 12.57 2.4072
0.25 2.28 16.03 1.118
0.95 4.66 14.54 2.6236
1.775 -2.2 8.89 3.7868
0.7 -0.54 10.71 2.2489
0 -0.88 9.82 0.3007
12.6 0.71 14.29 2.0391
7.25 0.71 13.93 2.5063
0 -0.44 12.99 2.4215
0 0.68 15.68 3.5725
0 3.49 21.02 1.3105
0 5.3 23.48 0.8861
0 5.68 23.14 2.8068
0 1.85 22.73 2.1008
0 4.64 24.31 1.8076
0 5.53 23.23 0.383
0 5.36 21.24 1.6892
0 3.52 19.94 1.8742
0.275 3.48 20.41 1.7953
0.975 4.52 21.35 2.2068
0.45 1.61 14.54 2.3908
0 2.35 17.58 2.5228
0 2.98 19.94 1.0401
1.625 4.67 22.42 2.3431
7.6 4.78 21.61 5.1417
4.075 2.45 11.53 2.7726
1.1 -0.07 11.5 0.8963
7.7 0 12.46 2.0533
4.1 2.22 11.31 1.8763
22.725 1.37 11.33 2.783
12.775 1.6 10.58 2.9346
0 2.06 11.96 0.8826
0 0.96 15.47 2.0622
0 3.52 20.03 0.7501
0 5.21 21.02 1.1297
0.7 5.7 19.74 2.0064
17.125 6.03 14.62 4.3498
19.275 4.75 11.91 4.459
5.125 2.4 10.47 1.0839
0 2.75 15.21 0.7089
0 3.97 16.54 0.8308
0 4.95 20.38 2.1584
0 4.91 20.58 1.5178
0 5.51 22.35 1.1632
4.525 7.28 23.99 1.5936
19.725 8.25 22.37 2.4577
13.2 3.24 12.35 3.2634
2.2 4.14 7.91 2.02
0.1 5.67 10.97 1.383
0 7.02 21.25 1.0514
0 8.73 24.02 1.3102
0 8.38 25.9 0.8522
8.125 9.21 26.3 3.8359
8.175 3.69 16.31 4.7317
2.175 2.41 11.86 3.7635
0.05 1.54 12.96 3.4525
0 3.27 18.06 2.0848
0 5.32 21.6 1.9651
0 6.93 24.84 0.9407
0 8.67 26.85 2.2292
0 8.23 24.48 3.7761
0 5.23 20.68 2.3053
0 3.73 20.65 0.7513
0.025 5.67 23.43 2.7823
0.975 6.3 21.96 3.6935
6.35 5.69 14.72 2.9816
3.225 0.79 12.76 3.7901
0 2.11 16.2 2.1278
0 5.76 21.85 0.9799
0 7.73 24.37 0.6923
0 8.66 26.24 0.5689
0.4 10.37 27.67 1.2348
2.1 11.72 27.03 1.8125
1.1 9.92 18.48 1.529
0.05 9.61 21.16 1.5988
0.025 10.44 22.84 3.4817
0.075 5.62 22.26 4.3313
0.075 2.58 16.62 3.6482
0.025 3.56 14.58 4.2024
0.475 5.09 18.39 2.3018
4.825 4.45 17.66 1.5229
4.55 6.78 19.29 2.698
4.25 7.79 17.51 2.2941
1.675 4.08 16.32 3.3036
0 4.94 17.76 1.954
0 7.22 24.41 0.7522
0 11.25 28.18 2.531
0 12.79 27.02 2.9567
0 11.17 25.19 2.5504
0 12.39 27.37 2.5836
0 14.4 28.38 2.5744
0 14.79 28.92 2.0346
0 15.52 31.34 2.9814
0 13.63 31.78 3.183
0 13.02 29.4 2.7873
0 12.65 29.55 3.6964
0 8.19 26.64 4.7088
0 8.64 21.93 5.0021
0 11.67 26.6 3.5841
0 11.93 29.66 1.0119
0 12.74 30.87 1.8084
0 13.15 33.22 2.8258
0 9.93 29.67 3.0789
0 8.63 25.94 1.5322
0 9.38 29 2.4934
0 8.58 27.23 3.055
0 7.93 24.99 2.6531
0 9.56 26.61 1.8872
0 11.63 27.98 1.2763
0 13.48 31.38 2.0304
0.75 13.96 32.29 2.1665
0.375 14.12 29.73 2.7918
0 14.12 29.36 2.5797
0 15.83 32.29 1.223
0 18.39 36.23 1.7513
0 17.37 38.48 2.9804
0 14.8 34.39 2.9508
0 11.66 32.03 2.7303
0 11.8 30.63 2.9105
0 13.53 29.91 2.3208
0 12.57 30.81 0.9743
0 13.6 33.57 2.0249
0 14.98 34.8 2.6283
0 15.02 31.86 2.4893
0 15.58 33.01 2.5748
0 16.65 34.1 2.3183
0 16.33 35.33 1.8306
0 17.04 36.7 2.1702
0 18 35.25 3.1192
0 17.17 34.08 3.1245
0 16.67 32.3 1.9114
0 17.71 34.56 1.6446
0 18.89 37.78 2.681
0 19.35 38.72 2.7167
0 18.37 37.86 2.5751
0 16.78 38.14 2.1804
0 16.28 37.17 2.0714
0 15.88 35.32 2.2848
0 14.79 33.5 1.0447
0 15.45 33.98 2.2937
0 17.05 35.2 2.2078
0 18.13 37.05 2.6778
0 17.52 35.8 2.7018
0 16.01 32.17 1.8911
0 13.77 30.96 2.2692
0 14.81 32.36 2.0995
0 14.55 33.6 2.2781
0 14.37 33.12 2.2715
0 13.69 32.83 2.0085
0 14.31 33.01 2.3233
0 12.91 33.73 1.4119
0 14.09 34.02 1.9377
0 14.51 34.42 1.9903
0 13.72 32.96 1.9985
0 13.94 32.9 2.4702
0.125 14.33 32.49 2.7496
0.075 14.48 30.63 1.8767
0 14.28 31.14 1.7679
0 13.65 31.59 2.1253
0 12.29 28.95 1.1811
0 13.11 30.95 1.5958
0 15.17 32.49 2.4983
0 15.25 32.7 2.8347
0 15.35 33.16 1.2546
0 15.42 35.2 1.479
0 14.98 35.58 1.5905
0 13.05 33.44 1.9421
0 13.74 34.03 2.2506
0 14.34 35.33 1.7175
0 11.14 32.51 1.7758
0 11.98 30.28 2.2317
0 13.33 34.62 1.8296
0 17.17 39.36 0.5258
0 19.34 40.48 2.0559
0 16.22 37.2 2.3426
0 11.83 33.41 2.6537
0 9.76 24.25 2.3269
0 9.38 23.62 2.5124
0 9.93 25.82 1.4466
0 11.02 29.05 0.7354
0 14.05 33.31 0.2942
0 14.8 36.61 1.2605
0 14.8 36.37 1.1184
0 15.49 34.64 2.0938
0 12.98 33.29 1.1865
0 13.52 33.07 2.1161
0.025 11.77 32.01 2.7109
0 7.63 19.33 2.0189
0 7.56 23.85 0.6599
0 8.9 27.63 0.5771
0 11.83 31.66 0.9699
0 12.31 31.93 1.5489
0 11.77 30.08 1.3958
0 10.88 29.51 1.12
0 11.28 30.18 1.7842
0 11.48 30.55 1.5552
0 12.39 30.13 1.4428
0 12.17 29.08 1.289
0 10.76 27.04 1.3645
0 10.51 27.59 1.1517
0 9.24 26.03 2.6739
0 8.72 22.99 1.2629
0 8.92 27.59 0.6309
0 11.64 31.62 0.9812
0 15.56 34.34 0.668
0 13.48 35.84 1.1402
0 15.29 37.07 0.7045
0 15.92 38.4 0.5605
0 15.74 37.27 0.39
0 15.72 34.88 0.4701
3.025 16.42 33.37 1.1222
18.6 15.99 32.91 1.4522
12.225 12.52 24.97 1.5807
1.975 11.95 17.6 0.9628
1.1 8.29 17.88 0.768
3.05 8.56 19.75 1.8935
0.1 7.68 19.84 0.8576
0 8.84 23.4 1.9693
0 9.38 25.3 1.6567
0 11.98 28.05 1.5358
0 12.9 28.5 2.0926
0 12.95 31.02 1.4112
0 12.9 31.79 0.5973
0 12.27 32.18 0.4367
0 13 31.63 0.9888
2.825 13.72 27.36 0.9096
1.325 9.21 21.05 1.0867
0 9.41 19.99 1.5748
0 8.89 24.64 0.8157
0 10.61 25.15 1.8682
2.55 8.96 21.69 1.5989
20.5 10.6 20.97 1.618
49.825 11.75 16.1 4.5623
19.05 7.1 15.84 3.4056
0.05 4.6 17.07 1.7539
0 2.48 17.81 2.7754
0 2.16 18.99 3.3576
2.675 8.31 23.1 2.215
3.925 8.87 22.52 1.829
0.85 5.61 13.73 0.99
0 5.96 20.12 1.8876
0 6.44 21.81 2.9744
0 8.64 24.07 2.6891
0 10.26 27.54 1.7861
0 10.52 27.73 1.0952
0.075 10.12 27.95 2.0573
11.475 8.21 22.85 2.9928
6.725 3.86 12.57 2.6072
1.65 1.08 13.27 0.5646
1.15 3.01 14.5 1.6652
0.025 1.62 13.12 2.4662
0 2.44 15.69 1.4468
0 2.99 16.9 3.0289
0 4.39 17.62 1.7094
0 5.89 19.84 2.5816
0 5.71 20.72 1.1512
0 5.53 20.18 1.9437
0 4.38 20.87 1.7277
16.05 4.9 20.67 2.407
21.025 2.55 11.54 3.001
15.925 1.24 8.51 4.9127
8.525 1.71 7.1 2.8205
11.275 3.3 9.19 3.798
5.35 -2.3 5.8 1.2293
0 -3.53 7.23 3.1218
0 -2.88 8.06 3.308
8.125 -0.14 11.94 2.5444
5.15 -0.81 8.87 2.5104
0 -4.71 8.48 2.3595
0 -3.25 8.07 3.0696
0 -0.34 10.34 2.3044
0 0.96 13.5 2.6581
0.05 4.43 12.23 1.3907
1.2 6.17 13.86 2.3219
12.875 6.19 13.9 2.5443
7.025 6.02 16.26 3.4235
0.025 3.12 14.89 2.2421
1.9 4.23 16.18 2.0262
2.1 6.12 13.68 1.0519
0.475 7.64 14.18 1.3093
0.025 6.37 16.55 0.4291
0 6.03 16.48 2.3785
0 5.6 16.22 1.3748
15.475 5.55 13.69 1.6432
9.1 4.03 12.02 1.5415
2.2 1.13 11 2.319
28.3 0.91 9.79 3.6355
35.45 5.35 10.71 5.2605
24.1 7.85 12.15 5.8978
11.575 4.68 12.36 2.2552
7.325 2.93 5.74 2.6583
9.35 3.78 9.99 2.2257
4.15 5.21 10.05 0.3961
0 2.5 12.28 2.9901
15.25 3.06 13.85 5.4147
8.25 2.29 13.69 1.904
0.1 1.51 10.35 0.8722
36.075 1.41 11.74 2.2261
24.125 4.37 9.11 4.2871
1.925 -3.64 7.32 2.3979
0.85 -5.3 5.83 1.5043
14.575 -4.02 6.9 4.3701
17.725 -0.76 7.41 4.9901
4.15 1.81 7.1 2.5155
0.075 -1.16 8.08 3.252
0 -0.93 10.38 3.871
0.025 0 10.5 5.1606
0.025 0.35 9.91 3.4577
0 -0.16 10.69 1.789
0 -0.16 7.33 1.4559
0.125 -2.63 6.34 3.0592
2.55 -1.53 7.69 3.4387
1.525 3.06 12.2 2.1474
0.5 1.98 13.38 1.6494
0.325 4.04 11.67 1.3152
0 1.91 13.33 2.6701
0 4.29 14.23 1.0356
0 5.41 14.11 0.8546
0 5.41 13.02 2.5035
0 2.71 12.83 1.5345
0 1.68 14.46 4.1698
0 2.14 16.89 3.7438
0 2.62 16.38 2.6993
0 2.42 17.41 4.0001
0 2.22 17.72 1.8799
0.05 3.04 16.71 2.1988
0 3.64 16.33 4.9481
0 3.26 18.22 3.4367
0.1 3.08 17.37 1.7857
5.45 2.14 16.17 0.492
6.525 2.16 14.57 1.8423
1.925 0.88 9.74 1.3443
0 0.38 11.07 1.6658
0 -0.77 12.97 3.0142
0 -0.83 12.64 2.0462
0 0.27 14.16 2.5671
0 2.76 16.24 1.7548
0 1.41 17.29 1.9794
0 4.43 19.62 0.7145
0 1.95 19.78 2.2313
0 -1.01 13.75 3.4608
0 -1.28 13.99 3.7772
0 0.05 15.32 3.96
0 0.84 18.36 2.8887
0 1.29 21.04 1.131
0.125 2.49 20.55 3.6406
9.575 5.71 14.85 4.3108
10.725 4.95 15.11 5.6691
21.525 1.75 7.35 4.5887
30.325 1.29 5.94 2.9204
12.575 0.58 8.3 3.319
1.05 -1.81 8.34 0.8105
0 -1.71 9.48 1.0856
0 -2.22 9.14 0.4713
0 -1.65 12.56 0.5905
4.525 -1.03 11.7 2.1426
10.275 1.94 8.79 5.4148
4.225 -3.7 7.01 1.004
0.05 -4.71 5.73 0.3826
0 -4.25 10.05 2.1793
3.625 -3.02 13.47 1.7649
10.025 0.66 14.11 3.7618
4.25 5.93 15.23 1.2345
0.075 0.6 15.14 1.4505
3.85 2.16 15.27 0.6766
19.725 4.03 17.78 1.7225
9.15 5.15 11.45 4.3606
0.575 2.27 12.67 0.424
0 2.92 16.39 1.4433
0 5.07 18.7 0.713
0 3.85 16.92 1.3876
0 3.37 15.5 0.6581
4.575 4.52 16.56 1.0722
2.575 7.53 16.5 1.0814
12.8 7.49 19 1.2105
9.625 8.27 19.21 2.2435
1.05 1.98 14.18 1.0244
16.2 0.73 14.26 3.4118
30.55 1.42 11.56 4.7729
51.925 3.25 8.26 5.4958
25.8 1.6 6.87 2.3802
5.475 0.76 10.04 1.3321
11.525 1.86 12.44 5.0538
23.875 3.87 8.49 5.4206
16.2 1 7.13 3.7296
12.075 2.59 10.97 3.0286
5.45 3.77 9.15 1.3567
0.125 4.84 13.01 0.7591
0 3.4 16.68 1.5892
0 5.06 18.94 2.206
0 7.35 21.01 2.387
0 7.75 25.29 1.7219
0 9.32 27.2 1.0661
0 5.35 20.85 1.4761
0 4.23 20.63 1.7789
0 5.78 22.75 1.4923
1.025 6.06 22.48 1.9236
7.725 3.82 21.24 3.4498
4.425 -0.59 8.74 1.5094
0.05 -1.43 9.05 1.4225
0 -0.72 13.77 0.5734
0 1.46 16.12 1.7533
0 3.22 17.64 1.7172
0.25 2.93 18.05 2.6705
0.125 0.76 11.96 0.6714
0 1.67 17.64 0.7963
0 5.27 21.8 1.7205
0 6.31 23.51 2.3578
0.075 9.11 23.54 2.5724
0.05 10.15 20.81 1.628
0.325 9.58 20.22 1.9806
1.6 9.92 19.11 2.1285
1.5 5.39 18.53 0.9863
0.875 4.82 18.01 1.1544
0.375 6.3 17.68 2.0745
0.225 5.99 17.33 2.1627
0.025 3.46 18.69 2.8193
0 3.82 19.52 1.0492
0 5.28 21.96 2.4103
0 5.74 21.05 4.7125
0 2.79 18.47 3.5599
0 3.13 21.66 1.7925
0 5.33 24.34 0.4661
0 7.16 26.34 1.0023
0 8.48 26.55 2.9287
0 10.68 29.28 0.7758
0 10.23 29.07 1.5772
0 8.53 27.21 2.0584
0 8.69 25.37 2.9043
0.95 4.3 15.39 3.2059
0.525 2.87 15.14 2.6663
0 5.13 22.21 1.8647
0 8.28 24.81 1.3008
0 8.18 25.7 0.791
11.475 8.72 26.86 2.7721
8.95 4.04 18.52 2.532
2.95 2.49 11.96 1.303
14.5 4.27 14.38 3.4722
8.4 5.9 11.49 2.2504
0.35 4.1 15.51 3.108
0 4.87 21.53 1.8481
0 7.96 25.13 2.2353
0 7.77 24.88 3.2377
0 6.55 21.84 4.6082
0 6.05 20.23 2.5821
0.7 7.45 22.28 2.6219
0.35 5.86 20.66 2.3847
0 6.47 20.6 3.1716
2.4 5.65 21.34 4.1528
1.275 5.25 16.79 4.7907
0.025 4.55 17.49 2.7437
0.2 5.84 20.67 2.4066
0.275 9.46 21.23 2.7397
0.15 4.47 16.36 1.6554
0.425 5.17 18.99 0.5246
8.225 5.42 19.64 3.2617
12.3 11.26 17.04 1.0333
5.75 8.77 20.35 3.187
0.05 7.21 18.11 2.1746
0 8.15 22.37 3.1048
0 10.81 26.58 1.7883
0 11.23 28.24 2.7098
0 10.78 26.47 3.1972
0 9.77 25.55 2.7439
0 10.57 26.73 2.7478
0 13.02 29.54 2.1497
0 14.11 32.07 2.0368
0 14.19 32.1 2.7214
0 11.29 28.86 1.704
0 12.53 29.32 2.8171
0 12.03 30.2 2.1669
0 13.53 30.11 0.5432
0 15.32 33.37 0.7179
0 17.35 36.48 2.4838
0 15.35 36.18 2.5592
0 13.31 33.12 2.5719
0 11.7 31.02 2.7127
0 12.16 30.15 2.4834
0 13.32 31.63 2.4863
13.65 14.06 31.63 2.2163
7.35 11.51 26.13 2.2959
0.1 9.64 22.31 2.3657
0 11.92 27.29 1.4066
0 13.95 31.41 0.9802
0 15.29 35.15 0.6889
0 16.58 36.15 1.5176
0 17.19 36.05 1.8231
0 17.88 36.03 2.5439
0 18.45 36.25 2.7111
0 17.26 34.7 2.1353
0 16.25 34.76 2.5148
0 13.94 33.83 2.2145
0 12.73 32.45 2.2968
0 12.36 30.04 2.4093
0 12.48 29.52 3.0919
0 11.94 26.95 2.7401
0 11.89 26.27 3.3209
0 11.45 26.29 3.0717
0 11.38 26.83 1.9438
0 12.58 28.6 1.1356
0 13.49 30.01 1.9009
0 13.64 30.06 1.5559
0 14.26 32.46 2.3148
0 14.57 33.01 2.7617
0 15.22 32.71 1.9125
0 15.95 33.31 1.7712
0 14.74 34.02 2.0961
0 13.32 32.84 1.9602
0 13.5 32.56 1.7339
0 14.37 33.13 1.716
0 15.3 35.32 2.4774
0 15.77 35.32 3.0015
0 18.39 35.18 2.0321
0 17.39 32.74 1.345
0 15.99 34.15 1.8119
0 15.45 34.86 2.0573
0 14.11 34.52 2.9805
0 13.23 31.34 2.3998
0 13.91 32.03 2.992
0 15.59 31.59 2.3749
0 14.1 32.27 1.7895
0 13.65 32.96 1.9063
0 13.58 32.87 2.2368
0 14.14 33.47 2.651
0 14.29 32.84 1.8496
0 14.77 32.85 1.2529
0 15.66 34.52 2.0249
0 13.16 33.52 1.5816
0 12.84 32.72 1.4105
0 13.58 33.06 1.7543
0 13.77 33.75 1.7915
0 14.04 34.17 2.6642
0 13.01 32.35 1.8956
0 13.02 31.12 1.2912
0 12.8 31.02 1.0809
0 14.11 32.61 0.9967
0 14.2 34.52 1.9631
0 15.47 34.83 1.1647
0 16.05 34.44 0.6845
0 15.96 35.55 1.0089
0 16.43 36.11 1.3226
0 15.66 35.89 1.7462
0 14.39 35.18 1.7543
0 13.02 33.06 1.6906
0 13.58 31.81 0.795
0 14.17 32.28 0.6219
0 14.58 34.29 0.8804
0 15.42 34.22 0.9992
0 15.4 34.07 1.8086
0 14.24 33.77 0.8641
0 15.16 35.11 1.0437
0 14.44 35.57 1.0737
0 15.57 34.14 1.4631
0 14.87 34.07 0.8551
0.925 15.78 32.86 1.6358
0.85 13.43 27.11 1.5474
1.175 13.54 30.42 0.6789
0.5 13.95 31.01 1.4298
0 14.08 30.81 2.4059
0 13.13 30.47 1.7442
0 10.98 28.06 1.7341
0 10.39 27.54 0.4811
0 12.56 30.87 0.322
0 14.31 33.82 1.031
0 14.68 34.5 0.6166
0 15.8 34.99 0.3493
0 15.05 35.71 0.5294
0.025 16.94 36.09 1.5797
0.1 13.81 31.85 2.1717
0.05 11.06 23.21 2.0705
0 11.84 27.85 0.7501
0 14.41 31.94 0.6417
0 13.62 32.58 1.0608
0 14.43 33 1.2448
0 12.29 29.54 2.1038
0 12.24 26.62 1.717
0 11.26 26.04 1.8319
15.475 8.96 22.65 2.1549
14.425 8.7 20.29 3.5041
4.175 6.25 14.99 0.875
0.9 3.58 13.1 0.9176
0 3.88 17.71 1.2074
0 5.3 21.43 1.1351
0.775 8.3 23.55 1.4255
0.425 10.8 19.83 1.5532
0 10.57 23.97 0.9865
0 10.07 26.95 0.7122
0 12.37 29.1 0.4255
0 12.26 28.8 0.8949
0 12.45 28.5 1.1955
0 11.8 27.2 1.5223
0 12.19 27.98 1.3309
0 11.69 29.07 1.012
0 11.26 25.02 0.7431
0 9.77 25.6 0.8001
0 10.34 25.74 2.1148
0 9.78 27.07 1.5875
0 9.68 28.43 1.7981
0 9.38 26.33 1.3507
0 5.75 21.14 2.8499
0 4.39 19.96 3.1528
0 5.76 21.19 1.8617
0 6.36 22.71 1.0109
0 7.07 23.34 2.025
0 7.88 25.1 0.3566
0 7.39 24.61 3.2052
0 5.77 22.3 4.1094
2.95 4.46 22.33 3.3377
2.225 2.72 20.84 1.7055
4.15 -0.77 10.31 0.3831
2.4 0.27 10.87 1.3947
0.025 0.45 10.35 0.8129
0 -0.4 11.2 2.0884
0 0.7 14.33 3.1007
0 1.58 16.25 3.1728
1.7 4.01 18.73 3.839
1.2 6.4 17.62 0.9507
0 5.85 15.69 0.3156
0 7.5 17.32 0.9226
0 4.22 16.9 0.7315
0 3.96 17.11 0.9619
0 4.2 18.38 0.788
0.075 4.75 18.18 2.8738
4.125 1.92 12.07 2.0583
2.85 1.62 11.01 4.1135
0.175 0.28 10.83 1.8056
0 0.29 12.88 2.5367
0 1.31 13.74 3.7425
0.1 2.21 15.87 2.029
0.575 2.75 13.51 0.7055
0 3 16.18 2.8013
0 3.13 17.34 2.3211
0.05 4.3 20.9 1.0767
0 4.8 16.93 1.6142
0 2.42 17.65 3.7375
0 1.75 16.55 7.947
0 1.17 15.17 3.4257
0 -0.13 15.71 4.1782
0 -1.54 14.44 2.6859
0 -1.89 12.39 3.4596
0 -1.89 12.8 3.0321
0 -1.54 13.2 3.3175
0 -0.87 14.26 3.1896
0 -0.79 13.78 4.1332
0 -0.7 15.96 3.0875
0 -0.8 15.66 0.7707
0 -0.56 12.39 1.5858
0 -1.08 11.35 1.4177
0 -1.96 12.43 1.0775
0.325 -1.78 12.26 0.8613
0.275 -1.17 10.37 5.1302
0 -0.3 12.36 4.3501
0 -1.1 14.88 2.5854
0 -0.46 14.09 4.316
0 -1.81 12.15 4.1981
0 -1.93 12.82 3.3701
0 -2.84 13.26 4.4935
0 -2.94 12.93 3.9562
0 -2.69 12.85 4.8406
0 -1.55 15.43 3.4317
0 -0.96 16.23 1.2514
0 -1.04 15.46 1.1544
0 -0.27 15.26 1.2918
0 3.41 17.12 0.904
0 2.64 15.93 0.9808
0 1.09 14.85 2.3475
