1.325 -8.86 1.9 1.5481
10.05 -6.46 1.39 1.56
5.55 -9.1 1.6 1.6421
0.725 -12.71 -1.78 4.2727
2.9 -12.14 -3.41 1.7552
1.475 -7.1 -2.8 0.5634
0 -6.56 1.2 1.3917
0 -4.57 2.59 0.6942
0 -7.36 6.87 4.522
0 -7.54 7.33 3.2348
0 -5.96 4.72 2.2819
0 -2.17 8.88 5.4445
0 -1.99 10.18 3.7729
0 -4.4 9.34 3.295
0 -2.99 9.55 3.8094
0 -2.97 11.9 4.8725
0 -4.8 9.41 4.2426
0 -5.06 8.84 4.8017
0 -3.97 7.9 4.8827
0.075 -3.52 7.42 3.4052
15.425 -3.32 7.72 2.7184
28.7 -0.09 8.63 2.1421
58.075 -2.04 5.68 1.6021
54.15 -1.95 2.82 2.6937
17.25 -5.97 0.05 3.5979
2.275 -10.75 -4.95 0.7506
0.275 -11.28 -3.32 1.2608
0 -9.76 -0.37 1.4231
0 -7.25 1.43 4.2601
0 -5.35 7.46 4.5082
0 -3.21 8.06 3.091
0 -3.7 8.17 3.2361
0 -5.52 7.83 3.7909
0 -5.35 9.31 3.7596
0 -2.23 10.97 2.978
5.575 -1.4 10.32 2.4934
10 -4.48 1.79 2.7082
3.975 -5.94 -0.15 2.8674
20.6 -5.96 2.89 1.288
12.375 -10.22 0.57 3.7469
4.125 -13.99 -4.5 0.5075
11.725 -12.17 -3.58 2.5757
5.9 -8.25 -3.52 1.4186
14.05 -8.66 -2.36 3.0845
8.2 -8.64 -3.28 3.3467
3.525 -7.35 -2.1 5.5528
28.175 -6.64 -2.95 5.4673
22.675 -6.51 -3.86 4.258
4.2 -9.11 -4.23 1.1414
0 -8.87 -1.35 3.3747
0 -8.94 1.94 2.5034
6.8 -8.45 3.89 3.7706
25.125 -6.1 3.01 3.4094
17.175 -3.82 -1.14 2.4859
5.575 -6.25 0.74 1.6154
2.95 -5.49 6.84 1.5146
0.625 -4.82 0.74 2.7222
0 -6.61 5.2 0.4342
0.025 -6.22 8.4 3.7546
19.45 -3.2 7.72 2.822
27.675 -1.66 4.2 4.0919
38.2 -3.37 4.05 4.9333
21.575 -6.81 -1.25 3.095
4.925 -10.11 -1.94 0.7743
1.975 -9.22 0.75 1.8887
0 -10.12 -0.19 0.2854
0 -10.38 4.02 1.4727
0 -6.91 7.15 2.6439
0 -10.8 0.41 0.4553
0 -10.23 5.25 0.7545
0 -7.46 6.04 2.2899
0 -7.16 8.83 2.5899
0 -5.88 10.16 1.3904
0 -4.81 7.53 2.4465
0 -3.48 8.09 2.8933
0 -3.37 10.87 1.0659
0 -3.13 12.57 0.9745
0 -0.47 14.49 0.8353
0.1 -2.16 14.88 0.6797
28.6 -1.62 13.97 2.0294
23.675 -7.04 5.54 4.219
2.775 -11.86 -4.39 2.1912
0 -10.66 1.05 1.8956
0 -7.73 8.21 0.4341
0 -4.3 10.04 1.9922
0 -4.05 13.33 2.0936
0 -3.51 12.39 1.3202
0 -2.99 13.62 3.3195
0 -5.05 9.86 1.9684
0 -4.74 8.82 0.2904
0 -3.69 10.56 2.5492
0 -2.36 13.01 2.5581
0 -3.86 11.92 5.319
0 -7.61 3.87 1.8969
0 -7.07 8.3 2.9084
0 -6.03 11.89 2.5055
17.325 -1.86 14.46 1.3368
16.4 -6.03 11.33 3.4523
10.875 -5.58 1.21 1.789
5.6 -5.8 2.39 2.1796
0.75 -5.8 1.96 3.7288
0 -4.23 6.36 1.5283
0 -4.09 11.22 2.018
0.025 -2.4 10.57 4.5241
0 -9.45 4.31 6.2417
0 -8.51 1.59 3.2956
0 -6.09 8.17 1.557
0 -4.24 13.19 3.0346
0 -1.52 16.81 2.9132
0 2.3 20.02 1.5624
0 4.25 22.28 1.0718
0 5.54 22.83 2.144
0.15 2.9 21.58 2.9696
2.8 0.6 15.19 3.4017
1.6 -6.66 4.26 3.5918
0 -5.74 7.61 1.8778
0 -3.04 10.24 2.3567
0 -4.03 10.5 3.3003
0 -5.66 7.42 1.55
2.2 -3.21 10.51 1.9196
53.55 3.51 13.73 2.0688
37.65 0.14 10 2.6988
11.625 0.63 5.12 3.8746
5.825 -1.29 5.78 1.9687
0.6 2.36 11.63 3.8809
0 -0.09 13.6 2.3853
0 0.95 16.73 2.7776
0 2.79 17.18 1.5948
0 1.47 17.79 1.0615
0 3.1 19.25 0.7777
0 2.24 19.38 2.9737
0 1.47 18.91 3.2787
0 1 16.18 2.3127
0 1.58 16.09 3.1423
0 2.94 17.76 1.59
0 3.39 20.28 1.7147
0 8.43 24.67 0.3556
0.65 9.74 26.4 2.4688
0.375 7.03 26.12 2.8628
0 4.3 20.64 1.7273
0 3.74 19.28 0.8574
0 4.04 20.13 2.4202
0 3.97 19.96 2.9341
0 3.45 19.23 2.7105
0 2.49 18.98 1.7811
0 2.9 18.5 1.2208
0 5.63 20.12 0.7772
1 6.89 21.38 1.7789
0.6 6.62 20.98 2.4377
23.15 6.65 20.33 3.3183
13.875 6.1 20.17 2.1473
0.15 5.92 19.18 1.9062
0 5.22 17.01 2.2212
0.275 5.36 16.67 0.6189
9.55 2.4 15.31 2.1815
8.4 -0.28 12.96 3.7643
3.8 -1.36 4.7 2.5558
1.3 -0.79 7.25 2.7646
0.075 -0.24 13.36 2.5457
0.05 3.74 15.79 3.3944
0 3.27 14.83 3.0923
0 1.43 13.61 3.3023
1.075 2.1 14.32 2.1581
3.05 3.7 13.64 3.6532
1.425 1.41 12.99 2.5248
0.1 1.71 14.04 2.4132
0.075 2.72 14.77 2.3252
0 5.01 15.83 2.918
0 4.75 18.2 1.6289
0 7.91 23.86 2.6305
0 4.44 22.01 3.2234
0 2.18 17.71 3.1333
0 2.2 15.4 1.1891
0 3.29 18.49 0.7459
0 6.96 21.93 1.4033
0 7.61 24.38 2.7276
0 6.77 22.56 1.6523
0 7.37 22.84 0.8635
0 7.74 26.93 0.4782
0.2 11.53 28.24 2.9904
0.125 10.4 28 2.9883
0 9.93 26.7 2.2475
0 10.36 25.61 1.6167
0 8.72 24.01 2.9099
0 7.3 25.1 2.5433
0 7.46 23.71 2.8424
0 6.43 23.41 2.677
0 5.1 21.25 2.9119
0 4.64 20.88 2.5907
0 4.51 20.84 2.5385
0 5.03 21 1.9
0 6.6 22.35 1.9355
0 7.2 23.6 2.3802
0 7.45 23.15 1.3734
0 7.83 24.21 0.7191
0 8.26 24.55 1.5882
0 9.37 27.42 2.0923
0 11.07 26.88 1.882
0 11.28 28.07 2.0763
0 11.73 28.68 1.8569
0 11.83 29.38 2.4696
0 10.99 29.46 2.5455
0 9.62 27.06 2.2208
0 12.34 27.35 2.0609
0 10.44 26.66 2.1622
0 9.89 26.65 2.2439
0 9.72 26.86 1.9562
0 9.83 27.75 1.743
0 11.4 28.09 1.9911
0 10.98 28.02 2.7906
0 12.1 26.98 2.4646
0 11.51 26.25 2.4017
0 10.77 26.17 2.4006
0 9.49 25.27 3.1176
0 7.54 23.06 2.773
0 6.76 23.66 2.3864
0 8.59 23.63 2.6084
0 6.02 21.56 3.3366
0 2.34 13.28 1.9704
0 3.78 15.77 1.2643
0 6.14 20.41 0.1999
0 7.99 23.77 1.1132
0 9.28 24.6 2.9485
0 9.26 26.21 2.7637
0 8.77 25.35 2.9932
0 7.34 23.89 3.1497
0 5.02 22.08 1.3343
0 4.68 21.59 0.3055
0 5.97 23 0.6645
0 7.35 25.06 0.9465
0 9.18 27.36 1.2797
0 10.03 28.42 1.9475
0 10.95 27.82 2.2755
4.15 10.6 28.42 2.3132
4.8 8.4 23.35 3.2925
1.375 7.02 22.57 1.6557
0 6.5 22.24 1.6343
0 6.05 23.7 0.6331
0 6.28 24.38 1.4137
0 9.33 23.91 1.0722
0 8.89 25.22 1.344
0 9.06 26.31 3.018
0 9.8 25.19 2.1162
0 8.34 24.96 1.1172
0 9.37 25.05 0.1901
0 9.96 26.06 1.3875
0 9.59 25.7 2.0556
0 6.74 24.18 2.1593
0 5.41 22.17 2.0283
0 5.3 19.96 1.3716
0 5.51 20.07 0.4274
0 5.76 21.1 0.9283
0 7.18 23.3 0.3514
0 8.78 24.76 0.959
0.1 10.26 27.5 1.4956
0.925 8.01 23.8 2.4119
0.5 4.68 18.77 2.8291
0 3.15 14.28 1.4755
0 4.14 19.57 1.1569
0 6.35 22.17 0.3313
0 6.28 23.76 1.1317
0 8.78 26.23 2.3411
0 6.64 25.49 0.9382
0 8.38 22.79 2.6681
0 7.8 25.82 2.5379
0 7.32 25.86 1.6279
0 6.68 25.28 0.8647
0 6.54 25.17 0.7789
0 8.11 26.41 1.1767
0 7.84 27.46 0.4053
0 7.53 27.46 2.2135
0 7.68 22.96 2.6002
0 -2.79 11.6 2.3082
0 -2.38 12.02 2.5273
0 -0.19 16.21 0.8026
3.675 1.05 16.91 3.1329
2.35 -4.59 13.71 3.5526
0.075 -6.23 2.43 0.317
0 -6.06 10.08 3.1973
0 -3.93 12.38 1.7092
0 -1.31 12.88 1.3534
0 -1.09 14.91 0.8154
0 0.47 16.23 0.6008
0 -0.52 16.09 2.0352
9 0.09 14.75 1.9989
64.025 0.32 9.3 6.4465
35.85 0.7 5.82 4.5596
0.4 2.53 9.87 0.772
0 2.66 15.77 2.1873
0 2.32 17.63 1.1299
0 3.29 20.02 1.9817
3.025 3.18 15.92 2.4745
1.8 -3.93 7.66 2.3049
0 -3.4 9.88 1.0524
0 -1.85 12.56 0.5813
0 -1.69 13.99 0.8832
0 0.87 16.09 1.0916
0 1 12.39 1.8483
0 0.55 14.52 1.1728
0 0.52 15.53 4.172
0 -4.12 4.19 5.0309
0 -6.8 4.07 0.7988
0 -6.03 6.54 0.035
0 -2.93 11.87 0.8557
0 -1.98 14.19 0.7906
0 1.26 15.8 1.1869
0 0.79 17.39 1.1463
0 1.18 17.44 1.7584
0 -0.5 16.8 2.3244
0 -2.84 11.66 0.7361
0 -3.4 10.22 1.4042
0 -4.98 7.81 1.8328
0 -4.4 8.07 1.2958
0 -3.01 10.04 0.7784
5.15 -0.45 9.85 0.5321
5.95 -2.32 9.82 1.9989
1.7 -6.38 1.87 1.1063
0 -7.01 3 1.069
0 -7.25 3.95 2.8843
0 -5.8 7.1 2.2144
0 -4.03 8.33 1.7681
0 -4 10.36 1.3255
0.45 -6.29 5.7 2.3924
4.825 -5.33 6.59 3.9665
2.725 -4.84 7.02 0.9639
0 -4.71 2.87 0.5574
0 -6.65 6.24 2.4525
0 -5.87 4.55 3.8193
0 -4.78 6.17 4.1846
0.625 -4.57 7.49 2.7325
3.375 -3.4 8.92 1.2281
1.8 -6.29 5.74 5.0168
0 -4.78 2.52 5.1968
0 -5.44 3.62 3.9119
0 -5.31 6.41 1.666
0 -6.44 6.99 2.3651
0 -8.11 7.96 2.2222
0 -7.32 3.89 2.1415
0.025 -6.75 5.63 1.0774
13.45 -9.05 2.19 2.3328
15.625 -8.51 0.67 1.0066
4.55 -17.31 -6.42 0.7296
0 -17.05 -6.57 1.8695
5.275 -13.82 -5.55 2.9815
31.025 -7.16 -1.77 2.7191
64.225 -4.36 -0.85 3.6732
32.275 -6.21 -0.27 4.5789
2.2 -8.22 -2.74 0.8261
0 -7.78 -2.7 2.9847
0 -5.91 2.38 2.3803
0 -4.59 4.2 2.2401
0 -4.15 3.62 2.788
0 -4.75 3.5 4.0811
0.75 -4.87 4.27 2.8838
16.325 -4.33 6.28 1.8951
11.875 -7.18 3.95 3.6557
0.25 -11.49 -2.82 2.7948
0 -8.57 0.4 3.8447
0 -8.3 0.24 3.7346
7.3 -8.28 -0.06 3.9965
4.375 -7.32 1.18 1.957
2.95 -8.39 -2.66 3.2118
9.825 -7.74 -0.19 0.7753
5.1 -6.26 -0.68 1.5331
0.15 -6.77 -1.09 2.4637
0 -6.66 2.41 1.9636
0 -6.42 2.44 1.1607
0 -6.15 3.59 3.9551
0 -6.2 4.34 2.8901
0 -5.09 3.99 2.4042
0 -5.48 5.21 2.9125
0 -4.47 5.29 2.8551
0.05 -3.77 6.45 3.1044
2.05 -3.64 7.37 2.2738
1.15 -1.16 4.81 2.45
1.075 -1.57 4.23 3.0788
23.75 -3.38 7.26 4.3668
14.4 -4.07 2.85 2.0847
0.3 -7.46 1.17 1.4866
0 -7.2 1.44 3.3335
0.9 -5.3 5.55 1.8845
16.25 -5.62 6.3 2.536
39.85 -4.85 2.1 4.6344
33.1 -6.86 -1.75 5.4699
38.5 -6.73 -3.35 6.3676
38.9 -8.17 -4.37 4.0212
21.175 -7.69 -4.4 4.1302
5.15 -9.11 -5.06 0.9382
1.425 -10.42 -3.91 2.1117
4.875 -8.07 -2.36 3.6808
2.425 -6.33 -1.13 2.8797
0 -6.86 2.27 1.399
0 -9.07 3.11 2.8804
1.425 -8.36 0.41 3.1416
0.85 -5.53 3.95 1.5053
0 -8.63 2.19 1.057
0 -13.66 1.83 1.7101
0 -7.65 3.76 1.9282
0 -6.58 3.32 0.618
8.3 -5.5 4.03 2.6043
14.525 -4.23 3.82 3.3524
14.35 -4.27 0.53 1.7504
5.175 -6.26 -0.35 2.4772
1.075 -8.01 -0.09 1.4574
1.6 -7.39 0.21 2.3523
0.55 -8.14 -1.15 0.4967
0 -7.77 1.77 1.0223
0 -4.91 3.29 1.1208
0 -5.3 6.42 1.4041
0 -4.93 8.4 1.5332
0 -6.3 10.53 0.8826
0 -3.28 9.75 1.7185
0 -3.38 10.6 2.4594
0 -3.13 11.27 1.2369
3.75 -4.95 10.71 1.321
8.175 -3.82 5.46 2.355
16.825 -4.76 2.61 3.0305
7.875 -9.22 -2.62 2.4716
30.575 -8.87 2.1 3.6375
25.3 -5.86 2.63 2.8861
3.1 -7.02 1.41 0.6527
27.75 -6.24 6.22 4.4652
18.55 -4.29 4.92 1.6385
1.225 -6.55 -1.14 0.6361
0.6 -6.41 5.93 2.4487
11.625 -3.41 8.35 2.6869
23.5 -4.91 1.57 3.2656
10.05 -7.72 -0.08 3.1804
0.05 -9.29 -1.65 1.2953
0.025 -6.75 3.2 2.6693
0.125 -7.7 4.43 0.7885
6.3 -5.52 5 2.4022
5.925 -11.94 -1.71 3.869
1.325 -8.96 -0.96 1.9972
0 -9.55 -0.91 0.5045
29.225 -7.49 5.44 2.2207
17.525 -7.61 5.15 2.4947
0 -8.88 2.24 2.7396
0 -8.02 7.68 3.8603
0 -5.63 12.47 1.5287
0 -2.9 13.67 0.6703
0 -2.23 13.69 2.9983
0 -7.87 11.09 2.1595
0 -1.81 14.76 2.118
0 -3.48 13.64 0.7964
0 -2.99 11.5 1.2396
0 -5.07 11.57 2.3601
1.375 -4.94 12.65 2.2447
4.425 -3.43 12.64 2.5447
2.15 -7.27 4.48 2.5096
0 -6.4 6.06 2.9268
0 -5.36 11.12 1.4451
4.425 -3.16 12.74 2.7381
20.5 -3.19 12.81 5.8225
10.875 -6.89 0.34 3.214
0.85 -9.12 0.23 0.8248
9.075 -8.09 3.06 2.3892
5.025 -5.38 1.72 2.0936
28.375 -7.39 1.74 2.739
17.05 -8.77 -1.41 3.4778
0.05 -8.97 0.26 0.7244
0 -8.54 5.55 2.2687
0 -5.61 11.36 0.3328
0 -3.41 12.89 1.526
0.7 -3.29 12.73 1.9378
21.275 -2.66 8.1 3.8356
18.275 -6.48 1.78 4.6616
3.45 -7.02 -0.59 1.0829
0 -6.59 5.71 0.6576
0 -5.52 7.04 0.8467
0 -3.25 12.01 2.5492
0 -4.05 12.15 1.3168
0 -2.79 14.48 1.0922
4 -1.91 16.27 1.7789
18.95 -0.02 13.59 2.845
11.575 -6.5 2.58 2.9111
0.975 -5.54 -2.04 1.5397
0 -4.17 1.94 1.3971
0 -3.13 11.54 0.655
0 -1 13.64 1.3587
0 0.65 16.65 0.7253
11.325 1.98 17.01 4.4287
13.575 -3.63 7.05 5.2278
4.4 -8.32 -0.39 3.9762
0.2 -7.95 1.44 3.3812
0 -5.42 7.37 1.8545
0 -3.2 11.47 2.0465
0 -1.93 15.75 1.0904
0 0.26 16.82 1.9561
0 0.06 15.83 3.5309
0 -2.68 12.06 2.1886
0 -2.54 11.16 0.8913
0.05 -1.33 13.66 2.8524
3.525 -2.07 12.52 3.7444
16.425 -5.37 2.54 3.4655
8.85 -8.58 2.88 4.492
0.15 -7.21 3.56 2.2846
0.275 -1.92 10.75 1.1494
0.15 -0.83 13.83 0.7165
0 1.35 15.64 0.5883
1.025 3.86 17.52 1.3813
5.075 4.37 17.27 2.1672
2.675 -1.85 9.11 2.3159
0.375 -0.16 10.43 1.7007
0.225 2.53 13.58 3.3727
0.175 -1.14 14.26 4.3869
0.175 -5.86 7.96 3.7123
0.45 -5.82 3.26 4.0834
1.375 -4.66 5.79 2.347
4.225 -4.56 5.95 1.6105
13.6 -0.38 9.63 3.3343
24.075 -2.54 5.95 2.6435
10.3 -5.07 4.63 3.7272
0 -4.22 6.37 1.7516
0 -0.19 13.83 0.5773
0 1.79 17.59 2.6054
0 5.62 17.05 2.969
0 2.65 15.99 2.6235
0 4.13 17.28 2.8158
0 6.54 18.66 2.8883
0 5.93 19.19 2.0735
0 7.35 22.31 3.0514
0 8.35 22.74 3.0948
0 5.34 20.61 2.2855
0 4.94 20.14 4.0013
0 2.43 18.88 4.5941
0 1.38 12.97 5.2309
0 6.12 14.18 4.1168
0 3.67 17.95 1.1173
0 6.06 20.14 1.6529
0 6.29 21.62 3.0625
0 2.68 20 3.1574
0 1.4 15.4 0.8388
0 1.87 19.18 2.2573
0 2.18 17.61 3.2924
0 1.04 15.66 2.5167
0 2.2 17.21 1.4544
0 3.24 17.05 0.8783
0 5.96 20.58 1.6024
0.025 6.06 21.61 2.1647
0 7.47 18.97 2.6394
0 5.23 18.99 2.3149
0 8.61 21.57 0.7767
0 9.95 25.46 1.4153
0 10.11 27.13 3.2588
0 7.65 24.35 2.9864
0 5.35 22.21 2.6576
0 4.64 20.82 2.724
0 8.9 20.68 1.9256
0 5.34 19.7 1.0109
0 5.86 22.3 1.7975
0 7.35 24.08 2.3248
0 7.87 22.67 2.1801
0 7.71 22.82 2.1372
0 9.73 24.4 2.0467
0 8.76 24.51 1.8259
0 9.36 26.7 2.4812
0 10.69 25.12 3.3521
0 11.11 24.75 3.5363
0 8.91 22.48 1.7934
0 9.77 24.12 1.1623
0 11.98 27.21 2.6019
0 11.31 27.09 2.8177
0 11.25 27.04 2.6186
0 9.95 28.17 2.035
0 9.56 27.74 2.0181
0 9.07 25.7 2.7172
0 8.73 24.22 1.0322
0 9.3 24.2 2.246
0 9.08 25.33 1.9855
0 11.09 26.8 2.4316
0 10.98 25.72 2.7445
0 8.96 24.44 1.9588
0 6.85 23.74 2.4187
0 8.42 24.12 1.9884
0 7.12 24.53 2.3618
0 7.84 23.78 2.4726
0 7.15 23.62 2.0874
0 7.5 23.56 2.474
0 7.06 24.09 1.6062
0 6.82 24.27 1.979
0 7.33 24.11 2.038
0 6.83 23.55 2.1524
0 7.17 23.46 2.5353
1.05 7.12 22.68 2.9519
0.625 6.06 20.11 2.155
0 5.72 21.29 2.0639
0 6.3 21.82 2.4251
0 5.02 18.72 1.021
0 5.11 21.98 1.2077
0 7.91 22.88 2.1468
0 7.61 23.02 2.7362
0 7.79 23.53 1.0892
0 7.75 25.25 1.781
0 7.97 26.22 1.9059
0 6.42 24.95 1.8937
0 6.44 24.79 2.2266
0 7.65 25.2 2.1207
0 7.75 22.26 1.7342
0 5.58 20.74 2.6709
0 6.48 25.53 2.2676
0 10.95 29.18 0.7215
0 12.52 30.86 2.5412
0 9.42 28.07 2.5942
0 5.15 23.93 3.0887
0 4.91 12.53 2.1968
0 1.97 13.07 2.3728
0 2.39 15.57 1.0838
0 3.67 19.25 0.6237
0 6.23 23.44 0.5532
0 8.27 26.46 1.1815
0 8.4 26.59 1.4081
0 6.18 25.92 1.8931
0 5.68 23.75 1.3865
0 6.02 23.5 2.6602
0.025 6.52 22.47 3.0981
0.05 -0.21 8.69 2.0671
0 -0.35 16.07 0.7243
0 2.31 19.87 0.7955
0 4.42 21.48 1.0805
0 4.52 22.08 1.833
0 4.13 20.27 1.4702
0 3.71 19.97 0.7264
0 4.17 20.11 1.3733
0 3.94 21.5 1.6619
0 4.13 20.8 1.5789
0 4.05 20.49 1.5964
0 2.15 16.72 1.0376
0 1.81 18.37 1.0143
0 2.88 17.15 2.741
0 2.04 14.25 0.8563
0 2.15 18.58 0.4754
0 4.94 22.1 0.9577
0 6.76 27.02 0.3843
0 5.98 26.09 1.1602
0 9.83 27.48 0.4756
0 9.27 28.11 0.5283
0 8.7 27.94 0.3005
0.05 8.8 24.84 0.512
6.65 7.55 21.52 1.4364
44.725 6.36 21.07 1.7744
28.825 4.26 11.43 1.4574
2.975 2.04 6.2 1.1248
3.575 -0.73 7.56 0.8032
3.05 -0.38 8.09 2.2493
0.35 -1.68 7.63 0.7928
0 -0.31 12.49 1.7973
0 1.21 15.08 1.6483
0 4.05 19.39 1.4263
0 3.99 18.77 2.4906
0 5.45 21.47 1.7575
0 4.76 20.56 0.8554
0 5 19.69 0.7904
0 4.69 20.44 1.3534
3.2 5.42 15.7 0.9062
1.875 1.46 11.78 1.1749
0 1.77 10.74 1.8975
0.05 1.44 17.29 1.1096
0 1.95 14.12 2.0104
4.9 -0.06 12.54 1.8012
29.375 0.79 10.31 1.7256
74.075 2.66 4.6 4.8754
33.275 -2.35 6.39 3.8235
0.15 -3.03 6.52 1.509
0 -5.9 6.62 3.0853
0 -6.05 8.1 3.3391
2.425 -0.92 11.78 2.069
1.85 -1.04 12.76 1.9815
0.225 -2.96 4.31 0.8022
0 -2.63 9.47 1.8441
0 -1.96 12.23 3.3004
0 0.37 14.47 3.1268
0 4 16.77 2.1252
0 4.35 17.05 1.1738
0.875 2.22 16.41 2.3524
26.875 -0.11 13.11 3.1767
16.25 -4.87 3.21 2.7503
3.15 -6.73 2.57 0.6598
3.325 -5.77 3.85 1.6028
0 -6.87 1.37 2.5296
0 -5.14 5.59 1.4671
0 -5.85 7.51 3.119
0 -3.62 7.65 1.4985
0 -2.03 11.26 2.4575
0 -2.31 11.03 0.9009
0 -3.38 10.14 2.2248
0 -3.72 10.65 2.3999
28.55 -3.64 11.09 3.054
51.8 -6.33 4.68 3.4118
39.075 -8.18 -3.86 5.3856
15.925 -8.01 -3.95 3.3675
14.4 -7.88 -2.73 4.5095
7.175 -11.97 -3.68 1.046
0 -13.43 -5.28 3.4139
0 -13.01 -5.48 3.3022
20.25 -8.82 -2.08 2.9831
12.9 -14.74 -2.55 2.7981
0 -14.79 -6.08 2.2316
0 -13.1 -5.54 2.989
0 -8.8 -0.79 2.1924
0.15 -4.78 5.85 2.5122
0 -3.21 3.54 1.66
1.6 -3.34 3.11 1.8148
19.6 -3.39 3.28 2.0177
9.6 -4.03 4.35 3.2324
0 -4.8 0.65 2.3214
7.85 -3.91 4.07 1.8674
11.35 -2.74 5.92 1.0979
1.625 -0.92 3.06 1.4669
0.125 -2.92 5.53 0.4928
0 -3.03 5.88 2.2238
0 -3.01 4.71 1.4685
26 -3.35 6.79 2.0315
18.5 -5.25 2.08 1.6932
7.25 -7.47 -0.13 2.6326
63.1 -7.5 -0.78 3.411
95.3 -4.78 -1.03 5.2622
66.4 -3.39 1.89 6.1815
29.175 -6.17 3.23 2.277
11.8 -6.46 -5.43 2.17
6.075 -6.84 -2.76 2.2743
3.375 -6.43 -1.12 0.4333
0 -7.17 -1.05 2.8139
20.75 -7.49 1.98 5.1788
12.7 -6.82 2.79 2.0757
0 -8.24 -4.37 1.0249
58.525 -7.51 -2.24 2.3135
39 -6.19 -1.23 4.6137
2.325 -14.97 -3.53 2.6327
5.4 -14.78 -6.7 1.3503
21.425 -15.09 -6.04 3.8079
20.325 -7.01 -4.19 4.5893
9.65 -7.97 -4.05 2.551
0 -10.28 -3.23 3.1252
0 -10.18 -3.77 3.8051
0 -7.84 -1.7 5.3685
0 -7.33 -0.63 3.9075
0 -8.56 -1.12 1.9116
0 -8.58 1.16 1.0253
0 -10.33 -0.93 3.318
4.35 -10.61 -0.36 3.2023
4.925 -5.83 -0.42 1.7181
0.6 -6.26 3.15 1.6318
0.35 -6.69 1.92 1.3573
0 -5.76 7.17 2.4458
0 -4.14 6.18 0.9236
0 -3.54 6.47 0.622
0 -3.84 7.14 2.1811
0 -4.97 6.84 1.2801
0 -6.22 8.07 4.262
0 -6.2 6.92 3.6763
0 -6.2 7.06 2.8459
0 -4.85 10.68 3.767
0 -4.74 7.78 2.1051
0 -4.55 8.14 2.1921
0 -4.67 7.03 4.9454
0 -4.69 9.54 3.2304
0 -4.67 9.59 1.8072
6.575 -5.14 9 0.6537
10.7 -6.03 7.17 1.7881
4.1 -7.88 -1.8 1.6056
0 -8.46 1.5 2.0781
0 -9.1 4.02 3.0327
0 -8.77 4.03 2.1133
0 -8.1 6.27 2.8642
0 -4.51 8.78 1.6685
0 -4.69 11.54 1.914
0 -3.11 11.39 0.5612
0 -6.02 10.74 2.2153
0 -8.73 5.57 3.6427
0 -11.37 4.02 3.7666
0 -9.05 5.64 3.8019
0 -6.92 8.86 2.6173
0 -5.54 11.12 1.3679
0.075 -5.06 11.08 3.3881
12 -5.83 5.28 4.184
30.75 -6.22 6.47 6.1398
34.55 -8.6 -4.89 4.459
53.5 -7.26 -4.49 3.1118
27.45 -7.96 -2.16 4.0257
3.1 -12.25 -3.63 0.7909
0 -12.25 -2.14 1.2227
0 -11.49 -2.51 0.3779
0 -11 1 0.3301
9.4 -10 1.12 2.4587
18.95 -7.14 -1.14 5.8136
10.525 -12.26 -4.63 0.7113
0 -14.17 -6.63 0.4937
0 -13.93 -1.35 2.1601
6.8 -11.71 3.22 1.6927
14.2 -7.14 5.02 3.4882
10.5 -4.61 3.64 1.7178
0.875 -7.87 3.17 1.4337
5.65 -6.05 6.94 0.5613
26.25 -5.23 8.13 1.7382
23.8 -3.91 2.21 4.3958
0.225 -7.09 0.86 0.6547
0 -5.2 7.2 1.523
0 -3.97 11.39 1.2301
0.175 -3.88 10.2 1.0616
0.1 -4.14 8.03 0.628
2.85 -4.22 9.61 0.9367
1.825 -2.58 6.07 1.1482
23.75 -2 9.91 1.3121
30.4 -1.24 11.22 2.8965
2.35 -6.59 3.17 0.9601
28.575 -6.99 5.43 3.3995
48.4 -7.2 -0.1 4.9187
67.85 -6.91 -2.46 6.1053
27.925 -7.87 -2.44 2.6619
9.375 -8.53 -0.13 0.9715
17.925 -6.95 1.6 4.5801
44.675 -7.35 -1.12 5.4406
31.175 -10.29 -2.78 4.1703
14.875 -8.2 -0.14 2.9985
10.325 -5.82 -1.94 1.655
0.325 -5.28 3.54 0.5515
0 -5.55 7.84 1.0685
0 -4.4 9.91 2.0152
0 -2.27 12.33 2.2422
0 -0.8 16.53 1.6992
0 -0.56 19.35 1.0963
0 -2.81 14.88 1.3679
0.075 -3.67 11.39 1.9846
0 -2.99 12.83 1.3385
2.125 -2.11 14.69 1.3484
8.25 -6.36 12.47 3.5403
6.675 -11.56 -3.48 1.4124
1.975 -10.51 -4.21 1.4116
0.075 -9.58 1.69 0.5105
0 -7.69 7.38 1.4713
0 -5.2 8.57 1.2754
0.65 -4.93 9.25 2.8845
0.6 -7.58 0.59 0.5648
0 -5.99 9.45 0.7536
0 -2.79 13.51 1.2676
0 -0.98 15.29 2.2568
0 0.1 15.15 3.0154
0.025 -0.03 11.83 1.7144
0.425 -1.15 13.11 2.1873
11.2 -0.3 6.57 2.346
2.725 -3.99 7.81 0.8459
1.95 -3.61 8.28 1.3233
1.1 -1.75 5.51 2.5449
0.975 -2.89 5.03 2.5294
0.175 -5.62 7.75 2.5947
0 -3.4 10.15 0.8025
0 -1.89 12.62 2.4454
0 -5.2 11.73 4.4815
0 -5.19 10.1 3.5997
0 -3.9 10.64 1.9937
0 -1.61 13.5 0.5624
0 0 15.69 0.7823
0 1.4 17.41 3.0864
0 5.67 20.08 0.8469
0 4.82 20.93 1.565
0 2.79 19.54 2.0898
0.25 0.69 15.71 3.0953
2.1 -3.16 6.84 3.3091
2.3 -5.1 2.82 2.7415
0 -1.58 10.74 1.6895
0 0.51 14.39 1.1297
0 1.18 17.03 0.5589
10.1 1.36 18.65 3.03
18.35 -6.73 9.17 3.0615
7.4 -6.49 0.43 1.1261
24.8 -5.49 3.25 3.4976
17.45 -5.99 0.09 2.4086
1.75 -4.77 3.74 3.4307
0.1 -4.49 10.16 1.7185
0 -1.12 14.74 1.9159
0 0.01 14.53 2.8183
0 -1.27 13.58 4.3248
0 -2.33 10.43 2.3746
0.025 -1.18 13.06 2.906
0.05 -1.37 11.51 2.6561
0 -1.58 11.79 3.4311
6.1 -3.18 10.63 4.3097
6.975 -5.13 5.79 4.8299
1.475 -4.34 7.9 2.9599
0.5 -2.79 10.12 2.8592
1.075 -0.39 10.51 3.095
1.5 -4.6 5.12 1.7548
0 -3.18 8.24 0.717
6.3 -2.17 9.29 2.8302
17.275 1.89 4.12 1.432
8.875 -1.83 10.63 3.6921
0.35 -1.82 6.22 1.8354
0.1 -1.08 12.44 2.9815
0 2.04 15.46 1.5395
0 2.85 18.26 2.1688
0 2.89 18.33 2.9737
0 1.84 15.98 2.6204
0 3.16 16.74 2.7301
0 4.51 19.9 1.5531
0 4.53 22.51 1.8269
0 6.5 22.09 2.3644
0 2.68 19.51 1.0861
0 4.13 18.8 2.943
0 2.12 19.58 2.0703
0 4.82 19.68 0.2543
0 6.71 22.33 0.4263
0 7.75 25.2 2.4873
0 8.64 25.25 2.9449
0 7.81 24.47 2.6354
0 3.33 21.63 2.6691
0 3.51 20.47 2.2098
0 5.68 21.23 2.1497
38.65 6.24 21.74 2.757
20.6 2.84 18.16 2.5483
3.275 1.74 10.45 2.2108
0 4.67 17.1 0.7628
0 5.55 22.18 0.7843
0 8.72 24.78 0.7077
0 8.17 25.2 1.6306
0 8.35 24.5 1.8168
0 9.25 24 2.4707
0 10.63 24.46 2.9216
0 9.82 23.17 2.232
0 9.24 23.88 2.5059
0 7.13 23.72 2.1862
0 6.15 22.4 2.4263
0 5.22 19.91 2.5323
0 5.13 19.77 3.1952
0 4.6 17.76 2.654
0 5.29 16.86 3.1841
0 3.88 16.41 3.2097
0 4.11 17.39 2.0649
0 4.41 19.06 1.4909
0 4.83 21.21 1.9762
0 4.85 21.26 1.1619
0 5.5 21.53 2.2708
0 6.94 22.55 2.826
0 7.4 22.46 1.8402
0 8.21 23.11 2.0747
0 6.5 24.22 2.2281
0 6.39 23.44 1.7663
0 6.69 22.55 1.6747
0 7.96 22.18 1.3735
0 9.02 25.48 2.197
2.075 9.45 25.68 3.0481
1.625 11.1 25.18 2.1838
1.575 10.83 22.69 1.6333
0 9.24 24.35 1.942
0 9.56 25.44 2.1063
0 7.15 25.02 3.1218
0 6.03 21.31 2.2671
0 6.78 21.79 3.1057
0 6.43 21.85 2.491
0 8.01 23.12 1.8163
0 6.82 23.55 1.8987
0 6.75 23.16 2.1538
0 7.54 23.02 2.6641
0 7.14 23.05 1.5253
0 7.6 24.2 1.3844
0 8.61 25.04 2.1128
0 6.18 23.6 1.4862
0 5.91 22.63 0.9412
0 5.94 22.97 1.5708
0 6.75 24.03 1.3635
0 7.68 24.71 2.5237
0 7.11 22.44 2.0902
0 6.14 21.93 1.5816
0 5.05 21.72 1.1515
0 5.37 22.89 0.9216
0 5.84 24.66 2.0679
0 8.93 24.95 1.3343
0 8.49 24.71 0.9365
0 8.18 26.59 1.1124
0 8.99 26.59 1.5034
0 9.06 27.15 1.6076
0 7.19 25.71 1.945
0 5.95 24.11 1.8317
0 6.39 22.72 0.7074
0 6.71 22.75 0.8834
0 7.11 24.81 0.8586
0 8.93 24 0.8581
0 8.5 24.93 1.8491
0 8.17 24.38 0.5214
0 8.36 24.35 0.8887
0 9.26 25.49 0.7825
0.45 8.89 23.93 1.7797
4.4 7.84 24.72 1.123
7.325 7.45 22.07 1.5584
12.3 3.95 16.39 1.4215
12.7 6.15 19.33 0.6171
8.725 4.93 20.42 1.1158
0 5.16 19.14 2.486
0 5.95 20.13 1.8594
0 3.63 17.54 1.5908
0 3.92 18.03 0.3106
0.55 4.6 21.08 0.2308
0.375 6.87 23.38 0.8633
0 7.41 23.7 0.4428
5.375 7.94 24.26 0.3671
0 8.8 25.1 0.6705
0.075 8.87 25.72 1.645
9.475 5.99 21.7 2.3584
0.1 3.86 14.73 1.6967
0 5.28 20.25 0.3624
0 8.62 22.68 0.5978
0 6.81 19.73 1.0698
0 6.58 23.01 1.543
0 4.95 22.33 2.527
0 5.63 18.58 2.0451
0 4.37 17.07 2.199
25.75 1.15 13.92 2.3958
32.65 -0.45 9.45 3.9817
10.875 -4.65 2.85 0.7615
2.325 -5.25 2.76 0.906
0 -5.05 7.7 1.3491
0 -2.22 11.33 1.2639
3.175 0.78 13.49 1.6873
4.8 2.45 8.71 1.7687
0 1.03 15.47 0.9046
0 1.14 17.88 0.5963
0 5.29 19.46 0.4946
0 3.25 19.62 1.1819
0 3.38 18.87 1.6457
0 4.43 17.38 1.8648
0 4.23 17.94 1.9118
0 3.08 19.05 0.6925
0 2.02 16.2 0.5387
0 1.79 16.57 0.4189
0 1.09 15.73 2.3599
0 1.38 17.54 1.9315
0 2.25 18.59 2.2737
0 1 15.62 1.3516
0 -0.13 12.03 3.6117
0 -3.11 11.01 3.4693
0 -2.83 10.58 2.1484
0 -1.25 12.99 0.8874
0 -0.2 14.51 2.2195
0 -0.18 15.32 0.1149
0 -0.81 15.15 3.4344
0 -0.75 12.82 4.1666
4.975 -3.66 12.98 3.9925
10 -6.61 12.02 1.8878
7.95 -9.11 -2.19 0.4979
6.3 -8.58 -1.04 1.5503
0.1 -8.8 -2.22 0.9992
0 -9 0.53 2.3252
0 -7.9 2.4 3.2566
0 -6 5.51 2.8985
2.1 -4.15 7.28 3.2321
3.2 -1.91 5.19 0.9613
0 -2.62 4.8 0.2018
0 -1.86 7.19 0.5049
0 -4.62 7.6 0.4731
0 -4.17 7.48 0.8836
0 -4.87 8.61 1.2108
0 -4.03 7.83 3.5444
1.675 -5.46 1.27 2.2808
4.175 -5.37 0.09 3.9227
3 -8.02 -0.59 1.6163
0 -7.72 2.57 2.2919
0 -6.14 3.06 3.54
0.05 -6.46 8.59 2.3613
0.025 -5.86 4.91 0.7871
0 -5.09 5.5 2.9516
0 -2.71 10.69 2.3594
0 -2.38 7.71 1.0943
0 -0.5 8.67 1.8708
0 -5.24 9.56 3.3767
0 -5.3 6.71 8.9048
0 -5.59 2.71 3.8229
0 -6.49 7.52 4.4256
0 -8.67 3.56 2.8023
0 -8.61 2.21 3.5134
0 -9.24 2.11 3.0475
0 -8.82 1.46 3.6594
0 -8.22 4.1 3.893
0 -7.42 3.79 4.3891
0 -6.93 5.08 3.2431
0 -7.94 4.39 1.1553
0 -9.61 3.29 1.6459
0 -10.08 0.66 1.4754
0 -9.59 1.39 1.0436
0 -8.79 1.85 0.8696
0 -8.57 0.93 5.7641
0 -6.96 3.25 4.8372
0 -8.56 4.93 2.7403
0 -8.35 3.67 4.7779
0 -9.65 1.57 4.6397
0 -9.17 3.21 3.5535
0 -9.15 2.66 4.5343
0 -9.45 3.11 3.952
0 -8.9 3.67 4.979
0 -7.88 4.43 3.3404
0 -5.94 5.96 1.3765
0 -6.22 6.16 1.0879
0 -5.29 5.59 1.1155
0 -3.27 10.74 0.9478
0 -3.96 7.84 1.3914
0 -6.67 6.47 2.3847
