0.1 -17.28 -1.63 1.5977
4.025 -10.4 -0.52 1.7797
2.375 -17.22 0.02 1.6947
0 -21.1 -9.91 4.4369
0.15 -22.66 -9.83 1.5442
0.075 -13.84 0.08 0.8168
0 -11.79 3.65 1.2169
0 -10.73 1.37 0.7195
0 -15.65 3.84 4.7945
0 -17.12 -2.52 3.0828
0 -14.93 -1.16 2.0051
0 -14.7 3.99 5.3931
0 -14.49 2.96 3.5898
0 -15.78 1.95 2.7686
0 -14.6 2.48 3.6908
0 -15.31 1.89 4.8578
0 -15.7 2.61 4.166
0 -16.68 0.07 4.7584
0 -16.11 2.01 4.8166
0 -14.35 -2.2 3.2876
5.675 -11.41 2.38 2.7418
11.225 -8.67 -1.24 2.1509
13.575 -9.42 -4.1 1.5414
11.95 -7.8 -3.08 2.913
3.125 -11.25 -2.53 3.8297
0.7 -17.54 -7.05 0.7969
0 -20.68 -8.79 1.1611
0 -15.06 -4.85 1.4824
0 -16.28 -0.94 4.2768
0 -15.57 0.54 4.5155
0 -15.19 1.45 3.0234
0 -13.58 2.74 3.2715
0 -14.66 0.4 3.5828
0 -13.42 4.35 3.782
0 -12.67 4.24 3.0313
2.025 -7.37 4.42 2.6167
28.825 -11.68 -0.52 2.4497
18.875 -11.89 -6.41 2.91
8.25 -14.37 -6.18 1.3508
4.725 -16.57 -2.98 4.0378
4.4 -23.38 -9.81 0.628
3.725 -14.6 -7 2.3548
0.85 -17.94 -5.02 1.4679
1.25 -17.32 -6.2 2.9819
0.8 -16.97 -9.49 2.9486
2.75 -15.59 -5.71 5.1565
16.675 -14.07 -6.75 5.4995
13.1 -15.24 -9.64 4.0288
0.3 -19.41 -6.48 0.8975
0 -18.7 -5.76 3.333
0 -18.02 -4.05 2.3673
0.8 -16.7 -1.82 3.7838
7.125 -9.49 -1.23 3.1005
4.475 -8.3 -1.08 2.3154
0.425 -9.07 2.58 1.6395
0.25 -7.84 4.59 1.5631
0 -8.32 0.06 2.7215
0 -12.97 0.95 0.5206
0 -11.69 3.4 3.8843
17.475 -5.49 3.17 2.9991
16.85 -8.81 5.03 4.1915
10.925 -9.88 -2.31 5.0388
8.05 -12.8 -6.64 3.4269
0.55 -24.08 -6.68 0.665
0.2 -15.08 -5.07 1.9745
0 -17.61 -4.69 0.2242
0 -15.49 -1.11 1.809
0 -11.64 1.83 2.8777
0 -18.89 -4.24 0.6165
0 -14.73 1.1 0.839
0 -14.09 0.6 2.4769
0 -15 1.3 2.8797
0 -14.33 3.91 1.4737
0 -11.6 4.03 2.4694
0 -8.01 5.62 2.846
0 -8.45 6.95 1.0827
0 -10.16 6.36 0.8901
0 -8.24 8.95 0.7996
0 -9.4 9.84 0.8458
32.075 -6.02 9.66 2.275
25.825 -13.66 1.25 4.3949
0.35 -19.64 -9.13 2.3283
0 -17.97 -6.62 1.8564
0 -13.7 0.73 0.4495
0 -6.39 4.5 2.3539
0 -12.51 3.02 2.1521
0 -11.5 4.92 1.3567
0 -5.22 9.22 3.4066
0 -16.4 5.29 2.0295
0 -12.29 3.88 0.4401
0 -8.14 7.02 2.5734
0.275 -8.55 7 2.71
0.225 -12.28 4.11 5.5751
0 -17.47 -1.68 1.7588
0 -14.54 0.67 3.0621
0 -11.98 5.19 2.9657
3.1 -8.85 8.51 1.5983
2.025 -10.74 6.6 3.9514
0.725 -10.59 -1.62 1.8278
6.075 -9.81 0.5 2.1536
4 -11.98 -1.38 3.8482
0 -10.23 3.15 1.6027
0 -8.7 8.92 1.869
1.575 -7.93 6.39 4.3764
1.35 -18.67 -0.11 6.6586
0.125 -14.21 -2.36 3.7048
0 -12.12 1.21 1.5521
0 -9.39 8.1 3.3218
0 -7.98 11.21 3.0543
0 -5.88 13.89 1.6571
0 -4.77 15.71 1.0466
0 -3.22 16.22 2.3231
0 0.66 14.91 3.2561
0.3 -5.55 9.26 3.6448
0.175 -13.34 0.04 3.9315
0 -10.25 3.68 1.9786
0 -10.42 5.8 2.4275
0 -7.62 8.43 3.4721
0 -11.61 5.19 1.4768
0.175 -7.1 9.22 1.9956
5.025 -0.74 11.21 2.4161
3.625 -5.56 5.26 3.0716
0.425 -2.16 3.35 4.0423
2 -6.99 5.88 2.1315
1.2 -2.12 9.12 4.0175
0 -4.95 9.99 2.6919
0 -6.09 12.25 2.7593
0 -5.43 13.65 1.6098
0 -5.76 15.22 0.9142
0 -3.31 14.74 0.6746
0 -3.74 15.46 3.0419
0 -0.17 13.17 3.329
0 -6.03 12.78 2.0886
0 -4.54 12.82 3.216
0 -2.32 15.68 1.3765
0 -2.29 16.37 1.9287
0 -0.49 18.99 0.3371
0.075 1.29 20.46 2.616
0.075 1.13 17.85 3.1945
0 -1.52 14.94 2.0858
0 -1.95 15.55 0.8476
1.1 -1.26 16.75 2.4395
0.775 -1.51 15.49 2.9152
0 -3.57 14.24 2.77
0.55 -1.45 14.27 1.7215
0.425 -3.06 14.84 1.1215
0 -2 15.16 0.6895
0.875 -1.22 17.13 1.5126
1.6 -0.78 16.52 2.2549
12.05 0.3 13.63 3.4141
15 0.19 11.91 2.0872
6.075 -1.73 13.24 1.8069
0.2 -3.3 12.22 2.1533
1.225 -0.9 11.45 1.0389
1.525 -5.96 7.41 2.2747
2.05 -4.34 10.95 4.0363
2.575 -7.69 4.85 2.8655
1.7 -3.78 5.54 2.8787
3.95 -1.47 9.32 2.542
2.475 -1.71 11.07 3.3899
0 -1.42 10.37 3.1389
0 -4.5 8.85 3.312
0.375 -3.46 10.91 1.9548
0.975 -2.33 9.7 3.7603
0.55 -4.99 9.37 2.6501
5.5 -2.84 10.96 2.3611
4.6 -0.95 11.02 2.1959
1.425 0.65 9.81 2.8107
0.725 0.58 13.05 1.4996
0 3.75 16.86 2.7767
0 0.78 17.88 3.4974
0 -0.93 13.08 3.1633
0 -4.44 12.71 1.136
0 -1.98 14.7 0.9811
0 -0.13 17.84 1.3055
0.225 1.57 19.81 2.7197
0.15 -1.26 17.66 1.6835
0 1.57 18.55 0.9063
0 2.27 20.77 0.3299
0.3 2.8 22.2 3.0363
0 3.19 21.05 3.0911
0 1.94 19.74 2.2005
0 3.81 20.03 1.4114
0 2.47 19.38 2.942
0 1.29 19.42 2.5157
0 -0.22 20.22 2.8919
0 0.94 20.73 2.8304
0 0.09 19 3.1161
0 1.43 18.41 2.7223
0 -0.73 18.32 2.5933
0 -1.02 18.56 1.9731
0 5.66 19.22 2.1271
0 3.63 19.73 2.5849
0 2.56 19.22 1.3558
0 0.78 20.6 0.728
0 2.18 21.83 1.7174
0 3.75 23.25 2.2759
0 3.95 23.2 2.0543
0 5.14 23.8 2.1808
0 7.47 23.8 2.1894
0 5.1 23.39 2.5448
0 4.47 23.29 2.5633
0.2 3.77 23.22 2.1124
0.725 4.61 23.61 2.0701
0.45 3.69 22.08 2.2047
0 4.46 22.77 2.2276
2.175 4.32 22.68 1.9818
1.55 4.65 22.3 1.8332
0.125 6.45 22.63 1.9767
0.15 4.85 21.34 2.7598
0.025 2.17 20.64 2.3825
1.525 3.96 21.63 2.1604
1.025 2.49 22.62 2.3357
0 3.28 20.99 3.1023
0 1.07 20.5 2.8817
0 4.41 19.95 2.5378
0 6.87 18.57 2.8227
0 2.71 16.93 3.5737
0 -4.39 9.41 2.0972
0 -3.01 10.79 1.2236
0 -1.03 15.44 0.1591
0 0.33 17.76 1.1163
0 2 20.18 2.8672
0 2.28 19.88 2.7192
0 2.73 20.76 2.97
0 0.56 19.06 3.2937
0 -2.2 17.7 1.3178
0 -2.23 16.79 0.2849
0 -0.64 19.41 0.6108
0 -0.4 20.99 0.9883
0 1.6 23.12 1.237
0 2.22 23.46 1.671
1.475 3.17 23.93 2.3037
5.35 3.91 23.31 2.3964
6.4 4.01 18.61 3.528
2.05 -1.59 10.3 1.7258
0 0.56 17.13 1.8242
0 0.47 19.42 0.8186
0 0.55 20.02 1.2926
0 0.78 20.48 0.9298
0 2.19 21.01 1.4456
0 2.21 22.04 3.3178
0 1.2 18.35 2.4521
0 1.99 17.41 1.4008
0 0.96 18.07 0.1869
0 2.94 18.52 1.3422
0 2.48 18.96 1.9456
0 -1.33 17.93 2.233
0 1.25 18.45 2.0826
0 -0.73 17.83 1.3411
0 -1.15 18.09 0.636
0 0.28 17.53 1.0133
0 1.44 19.27 0.4137
0 0.62 19.12 1.0086
0.025 1.97 21.2 1.4007
0.275 0.61 18.97 2.5563
0 -1.62 16.57 2.8071
0 -3.31 12.81 1.4899
0 -0.95 15.73 0.972
0 -0.32 19.46 0.486
0 -2.74 20.23 1.257
0 2.57 20.45 2.5933
0 -0.64 18.07 1.0861
0 -0.56 17.24 2.9803
0 -4.29 17.47 2.7653
0 -1.88 18.64 1.927
0 -2.09 19.61 1.0338
0 -1.98 19.62 0.7717
0 -1.12 20.56 1.1831
0 -2.34 20.26 0.2961
0 -0.06 19.93 2.3696
0 3.55 17.25 2.8283
0 -11.12 9.29 2.3854
0 -10.68 5.18 2.7346
0 -8.07 9.27 1.0528
2.725 -1.61 12.29 3.3741
1.9 -11.48 7.86 3.7972
0 -13.23 -2.96 0.4119
0 -10.74 2.46 3.4709
0 -11.3 3.43 1.9601
0 -8.67 6.87 1.4386
0 -7.67 10.32 0.9524
0 -7.24 12.55 0.6143
0 -7.49 9.69 2.1974
0.075 -6.28 11.41 2.07
57.525 -3.68 5.38 6.1459
40.875 -3.54 1.77 4.7541
0.025 -4.79 7.08 0.7102
0 -4.67 11.07 2.3294
0 -4.67 12.28 1.4324
0 -2.69 13.93 2.3419
1.275 0.89 12.51 2.7721
0.85 -8.87 5.65 2.9065
0 -9.22 5.28 1.1445
0 -8.13 10.14 0.7559
0 -7.62 9.78 0.7571
0 -6.36 11.94 1.1066
0 -6.66 11.69 2.0284
0 -7.93 7.32 1.376
4.85 -8.78 11.12 3.9584
3.45 -14.8 -6.16 5.2584
0.05 -15.79 -5.6 0.9278
0.05 -10.85 2.44 0.064
0 -9.64 7.34 0.9753
0 -9.06 9.34 0.8711
0 -8.78 11.67 1.1065
0 -7.93 11.99 1.1562
0 -8.63 12.47 1.7969
0 -3.62 11.82 2.3897
0 -8.44 9.94 0.7673
0 -11.33 7.85 1.2739
0 -13.33 6.62 1.8535
0 -12.62 2.52 1.5031
0 -10.52 7.14 0.9834
0 -9.36 6.7 0.9961
13.325 -4.94 7.47 2.2399
9.5 -12.81 -0.81 0.9862
0 -14.42 -1.09 1.1691
0 -15.62 -0.54 2.8401
0 -13.6 1.73 2.3205
0 -12.55 5.08 1.9838
0 -11.15 7.83 0.916
0 -15.12 2.46 2.391
0 -10.74 3.28 4.1076
0 -10.94 3.19 0.8289
0 -11.96 -0.42 0.5669
0 -14.87 4.52 2.6914
0 -14.55 1.12 3.9306
0 -13.6 3.07 4.2954
0 -14.71 3.16 2.835
3 -10.22 2.42 1.6745
2.075 -10.89 2.86 4.8957
0.025 -16.43 -8.95 5.4649
0 -16.19 -3.39 3.8135
0 -15.3 -1.04 1.4617
0 -15.56 -1.6 2.3638
0 -16.78 -0.7 2.1915
0 -16.43 -2.89 2.1343
0 -9.61 0.14 1.391
0.6 -19 -1.21 2.2288
6.625 -13.29 -7.6 1.3339
4.3 -25.38 -11.99 0.579
0 -28.98 -11.71 1.776
0.35 -26.19 -8.21 2.7669
5.975 -13.63 -4.85 2.7051
36.775 -12.22 -5.65 3.7015
23.2 -12.85 -5.6 4.8845
0.15 -19.91 -6.61 0.831
0 -16.51 -9.8 2.8707
0 -15.68 -6.35 2.1794
0 -15.37 -4 2.2597
0 -16.97 -5.53 2.7758
0 -18.98 -7.81 4.0155
0 -16.09 -10.47 2.9246
9.725 -11.54 -0.53 1.9769
6.8 -16.33 -1.05 3.8084
0.025 -22.4 -9.72 3.1864
0 -19.4 -9.39 3.6128
0 -18.64 -2.52 3.4331
0.525 -18.56 -11.25 3.8792
0.3 -18.43 -6.31 1.8606
0.2 -18.77 -6.09 3.3121
3.775 -14.83 -10.08 0.6942
2.7 -13.38 -7.36 1.4789
0 -13.41 -4.44 2.3028
0 -13.28 -2.66 1.6922
0 -16.42 -1.11 1.1478
0 -17.89 -5.99 3.9986
0 -16.85 -6.14 2.9595
0 -16.87 -3.8 2.1441
0 -15.79 -4.73 2.7157
0 -13.21 -3.05 2.9814
0.025 -12.41 -1.29 3.1673
0.75 -12.09 -1.93 2.2442
0.475 -10.5 -5.66 2.4611
0.025 -13.1 -6.28 3.0238
14.175 -11.61 -7.17 4.2795
10.525 -9.85 1.04 2.1876
0 -17.33 -2.2 1.5129
0 -16.55 -3.87 3.2926
0 -13.97 -3.8 1.6477
6.4 -14.87 0.02 2.4333
41.325 -11.92 -2.46 4.5197
27.05 -13.96 -7.19 5.2489
30.35 -12.94 -8.65 6.08
47.25 -18.21 -8.62 3.9822
19.425 -17.42 -12.94 4.4718
0.475 -20.39 -8.56 0.8429
0.35 -21.32 -11.12 1.8899
5.475 -16.96 -10.4 3.2532
3.4 -12.39 -4.98 2.7529
0 -14.61 -2.53 1.3813
0 -19.18 -2.96 2.7888
0.075 -16.52 -9.06 3.0416
0.025 -15.53 -5.67 1.5498
0 -21.47 -4.53 0.9982
0 -18.35 -9.43 1.6872
0 -14.01 -6.82 1.8409
0 -16.58 -5.66 0.603
4.1 -16.67 -7.91 2.3321
6.975 -10.8 -3.42 3.3937
4.825 -11.79 -3.81 1.8757
1.425 -13.07 -3.64 2.6419
0.075 -12.02 -4.6 1.4539
1.9 -14.43 -5.73 2.492
1.3 -16.07 -5.9 0.5182
0 -14.13 -5.71 0.8356
0 -13.52 -1.74 0.9669
0 -14.7 -0.77 1.4348
0 -15.77 -1.11 1.5165
0 -14.17 -0.91 0.8314
0 -14.29 1.9 1.803
0 -13.45 -0.11 2.4344
0 -13.32 0.31 1.5828
0.525 -12.44 0.11 1.5431
0.925 -11.08 -3.44 2.6647
12.575 -10.26 -3.03 3.2903
8.75 -19.68 -4.35 2.6155
16.75 -18.02 -7.08 3.4249
15.475 -11.14 -2.84 3.0315
1.05 -15.37 -3.26 0.4976
42.175 -12.23 -2.43 4.3513
31 -11.69 0.26 2.1836
1.05 -10.87 -3.95 0.9736
0 -13.61 -1.59 2.5004
0.2 -11.38 -2.27 2.79
6.825 -13.37 -1.24 3.1999
4.475 -15.86 -2.43 3.5416
0 -17.72 -4.75 1.2114
0.25 -11.95 -3.72 2.8151
0.225 -13.2 -4.37 0.7927
1.175 -13.31 -0.69 2.3756
0.725 -18.53 -2.28 4.1753
0 -14.54 -5.77 2.0264
0 -18.55 -7.24 0.5495
12.025 -13.5 -0.77 2.2082
8.1 -13.44 1.38 2.7141
0 -19.21 -6.52 2.7753
0 -15.9 -0.98 3.7931
0 -12.59 2.82 1.7767
0 -10.11 4.89 0.7329
0 -9.91 5.67 3.1796
0 -13.4 2.43 2.1193
0 -12.25 5.01 2.2361
0 -10.14 5.71 1.2867
0 -11.16 5.98 1.1727
0 -13.1 5.42 2.6967
0 -12.55 3.78 2.3539
0 -8.62 6.89 2.7913
0 -13.73 0.82 2.9355
0 -13.92 0.64 2.9682
0 -10.99 3.22 1.7606
0.125 -5.35 8.26 2.9117
6.35 -7.91 9.32 6.2671
4.425 -12.56 -1.46 3.6408
0 -17.23 -5.17 1.0128
0.8 -15.17 -2.87 2.5323
0 -9.14 1.02 2.3947
17 -14.61 0.48 2.7832
12.225 -13.63 -2.69 3.9083
0 -18.54 -5.66 0.902
0 -14.39 0.02 2.2504
0 -10.61 4.71 0.5833
0 -10.2 8.42 1.7036
0 -10.56 4.16 1.9589
12.925 -5.84 6.06 3.7601
9.15 -15.09 0.23 4.7427
0 -13.5 -3.66 1.1267
0 -11.18 1.36 0.7055
0 -10.55 3.99 0.9316
0 -6.41 8.13 2.8209
0 -9.94 8.44 1.2812
0 -9.77 11.43 1.0068
0 -8.16 11.83 2.032
6.875 -4.47 10.44 3.1263
8.575 -12.45 -0.31 2.9149
6.775 -10.47 -3.44 1.4286
2.85 -8.89 -5.15 1.7602
0 -9.27 5.64 0.6619
0 -7.62 10.15 1.5537
0 -8.88 8.12 0.7133
0 -1.01 11.94 4.6043
0.2 -9.58 3.76 5.5857
1.25 -15.3 -1.77 4.3649
0.825 -12.14 -1.64 3.6757
0 -10.64 2.38 2.0623
0 -10.21 8.83 2.5584
0 -8.59 8.07 1.3581
0 -5.1 11.86 2.0016
0 -2.75 10.26 3.66
0 -11.81 6.81 2.2531
0 -11.32 3.87 1.2287
0 -5.05 9.06 3.0196
0 -9.18 7.3 3.9188
2.55 -11.62 2.02 3.708
1.825 -14.8 0.69 5.2558
0 -7.98 2.16 2.6979
0 -8.8 5.95 1.38
0 -8.19 6.28 0.8788
0 -6.1 9.41 0.7226
0 -4.45 12.62 1.5393
0 0.19 11.65 2.3674
0 -7.7 6.93 2.8406
0 -5.93 7.31 1.8483
0 -2.29 10.23 3.4599
0 -2.77 10.06 4.5694
4.3 -10.8 4.59 3.908
3.2 -12.3 -0.36 4.1139
0 -8.37 0.34 2.4078
0.1 -9.8 2.92 1.7613
0 -6.06 8.3 3.7066
0.55 -8.51 5.21 3.0026
0.4 -10.08 1.99 4.0976
0 -11.15 2.52 1.9983
0 -8.01 9.82 0.8167
0 -3.34 13.72 2.7822
0 1.4 13.41 2.9881
0 -2.73 11.97 2.8125
0 2.65 15.99 3.0609
0 5 14.58 3.175
0 3.88 13.24 2.188
0 2.81 18.59 3.267
0 7.15 19.1 3.2609
0 0.44 18.27 2.1714
0 4.13 17.89 4.2643
0 2.02 14.03 4.7123
0 -3.16 10.52 5.4777
0 -2.87 3.76 4.4911
0 -4.08 10.59 1.3581
0 -3.15 13.72 1.59
0 -0.03 17.57 3.4593
0 -1.77 15.73 3.3888
0 -5.84 9.49 0.6685
0 -2.92 14.75 2.2665
0 -3.82 13.48 3.4056
0 -4.01 13.37 2.5547
0 -2.57 15.06 1.3024
0 -3.19 12.62 0.8975
0 0.03 16.99 1.4607
0 1.06 18.38 2.1905
0 3.6 16.87 2.5728
0 0.05 16.02 2.225
0 1.91 17.49 0.6672
0 3.95 21.42 1.3614
0 4.52 21.95 3.4513
0 2.26 21.23 3.1313
0 -3.73 16.89 2.7512
0 -0.22 19.05 2.7185
0 -0.73 18.59 1.8242
0 -1.06 16.56 1.0644
0.35 -4.32 17.5 1.737
3.3 1.82 20.36 2.3004
2.125 1.45 20.23 1.8947
0 1.8 18.43 2.0016
0 4.23 19.97 2.0149
0 2.96 19.97 1.8353
0 3.02 20.11 2.6096
0 4.66 20.16 3.4886
0 6.23 21.93 3.7939
0 4.05 21.39 1.9181
0.325 4.51 23.12 1.0103
3.05 4.66 23.68 2.5454
2.05 3.07 17.39 2.8521
0 3.09 22.32 2.6744
0 4.18 23.78 2.2169
0 4.37 24.17 2.1337
0 3.9 23.94 2.9151
0 3.19 22.1 1.142
0 3.96 22.08 2.2592
1.1 4.62 22.72 1.8447
5.05 5.95 23.09 2.2266
2.9 3.21 20.06 2.6583
0 2.36 19.5 1.9211
0 2.45 20.07 2.3384
0 3.21 20.48 1.8331
0 3.79 21.38 2.308
0 3.22 21.22 2.6212
0 1.89 21.15 2.1722
0 2.07 21.18 2.5272
0 1.95 21.37 1.7307
0 2.35 21.71 2.0552
0 2.55 21.66 2.0697
0 1.36 21.15 2.1842
0 2.75 20.42 2.5334
0.125 1.64 18.68 2.9282
0.075 0.13 16.95 2.188
0 0.03 18 2.1455
0 0.27 17.99 2.5305
0 -0.24 16.07 1.0578
0 0.71 18.41 1.058
0 2.39 21.16 1.945
0 1.92 21.12 2.6218
0 3.02 20.62 1.1878
0 3.01 21.44 2.0791
0 5.64 22.83 2.1356
0 2.98 20.26 1.8986
0 0.51 20.26 2.2082
0 4.1 21.97 2.3438
0 4.4 18.08 1.906
0 -0.74 15.89 2.907
0 -0.2 19.4 2.4205
0 0.02 22.35 0.8585
0 6.54 22.96 2.7199
0 5 22.72 2.948
0 2.89 19.1 3.3582
0.1 -1.79 10.06 2.2539
0.05 -4.83 8.15 2.3291
0 -4.37 12.35 0.8993
0 -2 16.02 0.6462
0 -0.66 20.3 0.61
0 0.05 20.73 1.0907
0 1.16 21.63 1.6447
0 -1.06 20.31 1.9919
0 -3.59 18.89 1.5359
0 -1.52 17.88 2.9559
0 3.07 17.84 3.3564
0 -6.94 9.62 2.1962
0 -5.85 12.37 0.8996
0 -3.81 14.94 0.9455
0 -2.08 16.32 1.1209
0 -2.51 17.07 1.9478
0 -3.89 15.17 1.5168
0 -3.58 16.14 0.5669
0 -3.43 17.16 1.0198
0 -2.63 18.31 1.7335
0 -2.97 18.22 1.5626
0 -1.36 19.28 1.7571
0 -5.19 16.47 0.9289
0 -5.38 16.01 1.1838
0 -1.42 17.6 2.7443
0 -5.55 11.56 0.7459
0 -4.48 15.31 0.5226
0 -3.78 18.04 1.1377
0 -2.01 19.65 0.6165
0 -2.23 20.37 1.2858
0 -1.43 21.33 0.4649
0 0.62 21.37 0.5112
0 -0.82 21.29 0.3341
0.175 1.77 19.15 0.7282
6.7 -0.07 17.3 1.5018
26.7 0.11 14.68 1.8047
42.975 -2.58 7.9 1.659
19.95 -5.98 1.42 1.3821
5.65 -8.14 3.36 0.8166
2.475 -8.1 0.87 2.2498
0.125 -8.22 5.29 0.8181
0 -5.95 9.38 1.7339
0 -4.77 11.5 1.7777
0 -3.6 13.46 1.5423
0 -3.08 12.84 2.644
0 -4.49 12.66 1.9419
0 -5.39 13.29 1.0256
0 -4.64 13.47 0.9622
0 -3.6 13.27 1.5561
3.625 -2.28 9.89 0.908
4.025 -3.65 6.24 1.3805
0 -3.23 6.03 2.1484
0.6 -5.8 7.86 1.2737
0.275 -5.16 8.85 2.1472
4.2 -7.15 7.94 2.0069
5.675 -2.63 6.34 1.9669
38.8 -1.48 4.91 4.7966
24.75 -6.9 5.36 4.0977
0 -9.76 2.52 1.5465
0 -14.04 1.43 3.1591
0 -10.83 0.53 3.3482
2.975 -7.76 6.78 2.1224
2.1 -7.27 8.03 2.1439
0.025 -9.52 2.4 0.8948
0 -8.99 6.4 1.8742
0 -8.02 9.41 3.5227
0 -7.18 11.93 3.3374
0 -5.31 12.45 2.3574
0 -3.3 11.31 1.2585
0.075 -3.62 10.23 2.5315
13.425 -7.8 8.61 3.0692
9.65 -11.79 3.63 2.9982
0.375 -15.69 -2.83 0.5477
0.375 -15.63 -1.33 1.6382
0 -13.73 -2.47 2.7038
0 -13.55 -0.99 1.4812
0 -12.63 3.63 3.271
0 -11.56 0.42 1.5195
0 -7.69 5.54 2.4231
0 -10.42 7.21 0.7341
0 -15.31 5.82 2.2024
0 -1.85 7.3 2.7468
15.975 -2.14 8.01 3.3771
30.025 -12.2 3.82 3.6129
17.55 -15.52 -4.78 5.5801
2.45 -15.13 -9.53 3.4094
8.25 -14.48 -4.59 4.7906
7.225 -21.34 -8.09 0.9642
0.725 -27.25 -9.31 3.2985
0 -19.11 -7.22 3.2222
11.975 -15.41 -3.45 3.1306
8.2 -19.92 -2.58 3.2042
0 -23.46 -10.01 1.943
1.025 -19.52 -11.68 2.9039
0 -19.74 -2.68 2.1122
0.075 -12.64 0.88 2.4286
0 -2.72 3.66 1.7898
0 -6.12 5.68 1.6188
19.3 -10.69 -0.57 1.8978
13.65 -8.92 2.29 3.205
0 -12.4 -0.07 2.4004
0.825 -10.47 0.52 1.775
1.35 -6.46 3.09 1.2319
0.275 -6.04 2.68 1.5144
0 -7.42 4.9 0.5929
0 -11.49 6.78 2.2034
0 -12.23 3.72 1.6305
7.025 -11.62 2.27 2.1845
5.3 -10.52 2.45 1.8954
4.375 -12.99 -3.65 2.5933
38.4 -11.81 -4.94 3.3592
80.275 -10.12 -6.24 5.4362
82.675 -9.21 -2.67 6.5329
57.975 -12.74 -5.73 2.1776
26.775 -14.22 -11.11 1.8897
3.45 -17.28 -7.36 2.1403
1.85 -13.01 -6.19 0.4079
0.375 -14.06 -5.75 2.7776
18.425 -20.17 -4.79 5.0398
9 -14.04 -4.78 2.068
0 -17.8 -7.7 1.0918
29.4 -15.37 -6.72 2.2528
26.425 -14.31 -6.34 4.8439
0.875 -22.44 -5.97 3.054
3.6 -23.47 -12.72 1.0418
12.325 -21 -12.47 3.3536
13.725 -17.97 -12.86 4.3904
24.475 -16.45 -12.58 2.5461
0 -18.72 -8.33 2.9395
0 -21.56 -11.21 3.7063
0 -19.27 -12.91 5.4336
0 -18.13 -12.29 3.9926
0 -18.9 -11.5 1.7391
0 -19.32 -10.43 0.9526
0 -18.49 -3.25 3.3696
3.45 -18.37 -10.41 3.1118
1.675 -16.59 -7.6 1.4592
0.05 -16.17 -5.65 1.5529
0.025 -16.1 -1.71 1.4643
0 -14.69 -2.93 2.2553
0 -11.97 -2.63 1.1781
0 -10.17 0.01 0.6384
0 -15.52 -0.68 2.0553
0 -12.01 -0.62 1.3473
0 -16.32 -0.69 4.2789
0 -15.95 -2.96 3.4735
0 -14.12 -2 2.7479
0 -16.54 -0.4 3.5071
0 -15.73 -3.53 2.1501
0 -15.06 -1.61 2.0882
0 -15.65 -0.34 4.8996
0 -16.24 -1.7 3.0315
0 -15.61 -2.76 1.7269
2.8 -14.03 -0.63 0.7797
6.05 -11.87 2.14 1.765
1.95 -15.23 -4.88 1.8225
0 -15.64 -4.01 2.2791
0 -22.88 -5.95 3.1264
0 -18.95 -6.29 2.1621
0 -15.69 -2.32 3.0651
0 -12.98 1.48 1.7622
0 -8.74 1.65 1.9802
0 -11.95 1.91 0.7177
0.2 -15.89 5.33 2.383
0.15 -19.37 -6.01 3.6821
0 -19.54 -5.73 3.7935
0 -17.53 -3.6 3.7773
0 -15.23 -0.74 2.5172
0 -13.49 2.49 1.5344
0.025 -9.46 3.14 3.1431
8.575 -4.38 1.82 3.8226
20.675 -11.27 2.4 6.3276
12.375 -15.75 -7.4 4.1099
37.65 -13.27 -9.56 3.3236
29.375 -13.94 -4.2 4.4457
0.975 -23.19 -6.88 0.8769
0 -23.11 -8.46 1.2042
0 -19.84 -9.09 0.3972
0 -20.71 -4.89 0.2022
4.775 -14.15 -5.6 2.5133
12.05 -13.65 -4.53 6.0731
18.65 -19.64 -9.01 0.5459
0.025 -22.95 -11.34 0.5317
0 -20.06 -6.26 2.1036
1.45 -17.77 -2.64 1.7624
2.75 -17.18 -2.3 3.284
3.2 -10.97 0.79 2.1109
0.4 -17.06 -1.61 1.3763
0.45 -11.26 -0.63 0.6036
4.55 -7.96 2.53 1.8187
6.925 -10.25 -0.63 4.677
0 -12.98 -3.59 0.7933
0 -10.78 2.83 1.5525
0 -8.74 5.3 1.5484
0.1 -8.99 4.36 1.056
0.05 -10.45 4.8 0.8023
0.85 -11.67 3.79 0.8934
0.6 -8.12 1.9 1.1913
6.725 -7.61 5.16 1.4273
20.475 -6.55 5.86 3.2995
7.85 -14.09 0.76 0.9037
12.925 -10.71 -1.36 3.3078
44.225 -14.12 -4.06 5.0517
52.8 -11.84 -5.63 6.5685
12.225 -13.36 -8.46 2.9371
7.225 -16.77 -5.6 0.7728
18.675 -14.4 -6.26 4.1861
31.875 -14.75 -8.05 5.3155
16.75 -16.08 -6.7 4.3422
4.625 -13 -3.23 2.914
1.7 -11.83 -3.17 1.8279
0 -10.44 2.02 0.512
0 -12.08 3.27 0.9725
0 -9.8 4.29 2.276
0 -8.05 7.12 2.1581
0 -6.83 12.37 1.6123
0 -2.21 14.26 1.7143
0 -10.9 8.01 1.2672
0.025 -10.8 3.68 2.1223
0 -6.88 11.01 1.6479
4.4 -9.16 9.56 1.3724
4.875 -12.28 6.92 3.7495
4.35 -19.21 -5.44 1.4253
2.275 -15.76 -8.31 1.6601
0.05 -14.46 -3.09 0.6253
0 -10.42 3.2 1.4073
0 -11.05 6.05 1.3547
0.175 -8.74 5.72 3.1515
0.4 -14.25 -3.48 0.6215
0 -9.67 3.64 0.7721
0 -7.49 9.62 1.2476
0.025 -6.34 11.78 2.4368
0.025 -4.51 10.85 3.478
0 -6.98 5.93 1.9811
0.15 -4.73 7.88 2.5855
3.95 -5.36 2.91 2.7611
4.9 -10.78 4.06 0.853
3.325 -8.81 3.62 1.7395
0.075 -6.46 3.46 2.9861
0.375 -7.68 1.82 2.8569
0 -10.9 3.22 2.8949
0 -9.33 6.61 0.8963
0 -6.63 10.86 2.7708
0 -11.57 6.07 4.7171
0 -14.19 0.04 3.9012
0 -12.43 2.03 2.1633
0 -9.39 6.6 0.7285
0 -6.43 10.68 0.8813
0 -6.96 12.73 3.2415
0 -5.04 13.01 1.0631
0 -3.61 14.95 1.9039
0 -1.47 14.12 2.3015
0.4 -4.23 10.72 3.4865
1.725 -11.52 3.5 3.7641
2.15 -11.89 -2.65 3.1314
0 -8.71 5 1.6812
0 -5.41 11 1.2873
0 -3.96 12.93 0.6901
2.55 -3.88 13.7 3.1872
4.025 -12.26 7.85 3.4053
1.025 -13.45 -2.86 1.1778
3.675 -9.44 0.7 3.4371
24.625 -10.46 0.7 2.7457
2.85 -8.83 0.43 3.9246
0.025 -9.31 4.36 1.9337
0 -3.97 11.15 1.8831
0 -4.14 11.01 2.7179
0 -6.35 9.15 4.3319
0 -9.15 6.91 2.4329
0 -4.99 10.8 3.044
0 -4.21 9.4 3.0296
0.3 -4.68 8.86 3.6325
1.625 -3.62 9.49 4.5679
2.65 -12.17 4.43 5.133
0.425 -11.35 -0.1 3.0792
0.475 -9.14 4.01 3.1506
0.175 -6.39 5.14 3.3859
0.325 -8.95 3.26 1.9095
0 -9.8 3.2 0.7581
18.75 -1.37 7.53 2.706
16.2 -5.27 -0.23 1.7277
2.725 -5.4 8.43 3.9068
0.7 -6.58 7.42 1.7525
0.575 -5.03 10.06 3.0599
0 -3.79 11.38 1.6114
0 -2.66 14.6 1.9879
0 -2.95 14.49 2.9574
0 -1.34 13.27 2.5642
0 -1.17 14.96 2.8138
0 -0.01 16.61 1.3662
0 1.47 19.89 1.9908
0 0.82 19.44 2.5509
0 -3.14 14.55 0.9865
0 -2.67 13.81 3.0979
0 -0.23 16.6 2.1571
0 -2.52 13.91 0.18
0 0.45 19.46 0.2759
0 2.8 21.23 2.4876
0 2.78 21.16 3.3362
0 -0.39 18.24 2.8629
0 -1.64 18.09 2.8127
0 -1.21 17.49 2.1807
0 -0.25 18.75 2.0869
10.35 2.99 20.09 3.0803
25.175 -1.19 15.26 2.7406
8.9 -4.15 7.31 2.1895
0 -0.34 17.95 0.5984
0 1.61 21.77 1.0128
0 3.38 23.44 1.0611
0 4.15 22.97 1.8918
0 4.05 21.99 1.8959
0 5.38 19.98 2.3944
0 3.74 20.67 2.9488
0 1.09 18.38 2.3896
0 1.31 20.31 2.6286
0 -0.47 20.11 2.3212
0 1.39 19.2 2.5296
0 0.61 19.12 2.5513
0 0.84 18.58 3.2416
0 -0.97 17.02 2.5964
0 1.27 16.35 3.0677
0 -1.01 16.22 3.1387
0 -0.15 16.27 2.0828
0 -0.23 17.9 1.7404
0 1.21 18.71 2.146
0 0.51 19.62 1.1558
0 1.38 20.39 2.3587
0 2.19 21.32 2.9458
0 2.52 20.54 1.8216
0 3.55 21.99 2.1443
0 2.07 21.47 2.3318
0 -0.35 20.7 1.8544
0 1.11 21.21 1.7537
0 2.46 19.97 1.2814
0 5.48 21.81 2.0128
6.975 1.96 22.22 2.9238
6.1 1.25 19.1 2.1664
1.55 2.47 14.81 1.7317
0 1.58 18.94 2.0484
0 1.29 19.39 2.1902
0 0.76 20.45 3.146
0 1.44 19.16 2.197
0 0.3 19.7 3.1022
0 0.09 20.24 2.5108
0 0.94 20.09 1.875
0 1.01 21.37 1.9065
0 1.48 20.78 2.1671
0 1.2 20.75 2.6707
0 2.23 21.57 1.4379
0 3.82 20.92 1.461
0 1.68 20.48 2.2714
0 3.69 19.64 1.6193
0 2.54 18.41 0.8826
0 2.99 20.15 1.424
0 1.49 21.31 1.1743
0 2.58 22.62 2.4775
0 4.1 21.74 2.1289
0 2.41 20.2 1.5887
0 2.7 19.65 1.1688
0 -3.41 18.46 1.0531
0 3.21 22.09 2.1161
0 3.48 21.83 1.4736
0 2.41 20.8 1.1068
0 5.49 22.11 1.2754
0 6.06 22.07 1.6458
0 4.72 22.04 1.6541
0 3.71 22.06 2.113
0 -0.19 21.9 2.035
0 -0.15 20.04 0.7835
0 0.56 18.88 0.8621
0 -0.03 19.36 0.9363
0 2.23 19.45 0.8303
0 5.5 19.77 1.8099
0 1.76 17.75 0.5348
0 0.55 18.98 0.9085
0 4.31 19.09 0.6995
0.35 2.52 17.71 2.0048
2.175 1.19 14.61 1.256
5.275 1.66 14.97 1.2646
15.225 -0.22 10.58 1.2279
5 1.13 12.46 0.6517
4.25 -1.49 14.45 0.9058
0 -0.31 14.12 2.4906
0 0.8 15.34 2.1103
0 -1.25 13.09 1.5959
0 -0.47 14.64 0.2356
2.775 0.09 17.02 0.3982
1.975 0.99 18.72 0.8863
0 -0.79 18.22 0.4361
1.925 0.52 18.82 0.5612
0 2.16 18.3 0.9303
0.475 1.97 19.54 1.6995
3.625 0.08 14.39 2.3822
0.025 -2.15 12.78 1.5205
0 -0.51 15.7 0.4769
0 -1.14 17.65 0.7095
0 0.53 17.33 1.0328
0 -0.73 17.6 1.7155
0 1.82 17.67 2.7436
0 4.42 14.64 2.2174
0 0.89 14.54 2.4269
27.8 -3.18 9.91 2.5102
27.3 -8.43 7.64 4.1556
5.8 -8.77 -0.17 0.5998
1.525 -10.94 -0.05 1.0516
0 -7.95 4.74 1.2838
0 -7.44 7.14 1.5098
0.1 -4.59 9.2 1.8131
1.3 -3.33 8.31 1.7928
0 -5.27 13.08 0.9402
0 -4.26 14.8 0.741
0 -4.57 16.49 0.8184
0 -3.79 17.31 1.3704
0 -2.36 13.87 1.95
0 -3.33 12.63 2.0504
0 -4.68 11.28 2.2397
0 -3.61 13.04 0.5831
0 -5.5 11.82 0.6493
0 -5.98 11.77 0.3684
0 -5.87 11.82 2.3268
0 -7.08 12.71 1.9711
0 -5.16 12.57 2.5838
0 -6.08 9.51 1.426
0 -11.99 7.22 4.0324
0 -11.14 1.56 3.4913
0 -10.14 6.29 2.3191
0 -9.79 8.17 0.8087
0 -9.62 9.68 2.4373
0 -9.17 9.86 0.2918
0 -7.82 9.98 3.3699
0 -13.32 1.48 4.1421
1.2 -12.77 2.71 4.1712
10.375 -12.96 4.99 2.009
4.8 -16.73 -6.93 0.3556
9.9 -14.02 -5.07 1.5391
0.225 -13.28 -5.08 1.0981
0 -14.69 -4.95 2.4477
0 -14.54 -2.17 3.4312
0 -13.55 0.53 2.9777
1.85 -10.31 -0.49 3.082
1.95 -8.07 -2.69 1.0957
0 -10.21 1.73 0.2829
0 -8.8 4.14 0.477
0 -11.21 5 0.5
0 -11.84 6.57 0.8515
0 -12.12 4.54 1.4165
0 -11.37 5.12 3.7242
0.1 -11.18 0.8 2.3182
1.8 -11.05 -0.68 3.7179
1.775 -15.07 -5.44 1.4279
0 -14.39 -2.63 2.0744
0.1 -12.29 2.06 3.4163
0 -8.96 4.91 2.3291
0 -12.04 2.81 0.8259
0 -13.23 4.07 3.0167
0 -10.36 4.71 2.4056
0 -11.01 4.28 1.0819
0 -11.96 5.95 2.0767
0 -11.22 5.95 3.1089
0 -14.28 0.38 9.6141
0 -17.1 -8.07 4.1204
0 -18.94 -2.65 4.7071
0 -19.3 -7.26 2.6326
0 -17.93 -1.21 3.5264
0 -18.64 -4.5 2.9767
0 -16.87 -2.74 3.6882
0 -15.82 -0.37 4.1305
0 -18.55 0.4 4.3523
0 -18.24 -1.87 3.2184
0 -17.46 -3.62 1.3694
0 -18.65 -3.66 1.6507
0 -18.32 -7.54 1.4311
0 -18.58 -5.1 1.0723
0 -15.05 -3.61 0.9709
0 -14.19 -5.79 6.1049
0 -16.55 -3.62 5.0486
0 -17.86 -3.01 2.5227
0 -12.56 0.53 4.7004
0 -18.74 -2.9 4.8026
0 -16.3 -4.91 3.3699
0 -22.34 -0.85 4.589
0 -21.7 -5.48 3.8615
0 -19.86 -3.63 4.8138
0 -19.03 -1.48 3.1298
0 -17.4 0.12 1.4018
0 -15.36 2.62 1.1516
0 -16 0.33 1.0708
0 -10.33 5.84 0.9956
0 -10.6 4.37 1.4362
0 -13.17 5.65 2.3789
