1.65 -2.74 8.77 1.4576
9.675 -3.29 7.05 1.491
5 -5.02 5.59 1.7455
0.55 -7.64 3.02 4.0356
2.4 -7.21 3.15 1.913
1.175 -1.83 1.08 0.413
0 -1.93 5.79 1.4833
0 -0.45 8.6 0.7077
0 -2.39 9.48 4.2383
0 -2.45 9.6 3.3512
0 -2.08 12.47 2.4994
0 0.43 12.22 5.4229
0 1 14.15 3.9529
0 -1.29 14.31 3.7394
0 -0.91 15.8 3.8477
0 -0.71 16.61 4.8719
0 -0.73 14.92 4.2731
0 -0.66 14.43 4.8463
0 -0.7 14.26 4.9742
0.05 -0.53 13.46 3.5021
10.35 0.16 14.19 2.6906
27.15 3.83 12.24 2.0778
44.875 4.69 7.57 1.6187
43.7 2.98 7.74 2.4696
13.2 -1.74 5.45 3.4297
2.75 -6.64 -0.62 0.8657
0.425 -7.91 1.8 1.296
0 -6.81 3.9 1.341
0 -3.18 8.03 4.2026
0 -3.39 11.14 4.4865
0 -1.44 14.33 3.062
0 -1.25 13.59 3.2022
0 -1.32 11.68 3.9541
0 -1.04 14.64 3.7919
0 0.77 16.17 2.993
4.175 1.1 14.94 2.4943
8.75 0.2 8.32 2.835
2.3 -1.25 5.66 2.8475
16.5 -2.17 7.54 1.205
10.35 -4.72 4.9 3.4651
4.05 -9.97 0.32 0.4596
7.7 -9.21 1.89 2.7975
7.175 -4.94 3 1.3901
18.05 -6.54 2.44 3.2124
11.4 -4.29 0.77 3.7444
3.25 -2.71 2.58 6.0274
16.225 -1.78 2.84 5.4141
18.775 -1.89 2.53 4.3752
3 -4.21 0.82 1.4291
0 -5 3.94 3.4736
0 -4.01 9.67 2.6141
6.025 -3.78 11.05 3.7301
23.575 -3.32 9.84 3.7225
12.025 1.93 5.38 2.7288
4.025 -0.23 6.4 1.6953
1.7 0.22 11.61 1.5951
0.85 -0.32 7.54 2.827
0.075 -3.06 8.4 0.4565
0 -2.19 10.44 3.6941
9.625 0.99 12.37 2.9047
24.425 2.74 9.62 4.264
52.775 1.12 8.38 4.9506
44.225 -1.67 5.08 2.8362
13.775 -6.08 4.47 0.8896
1.025 -5.21 4.44 1.8764
0 -6.27 3.72 0.4059
0 -6.29 7.31 1.3471
0 -3.69 9.56 2.5773
0 -7.35 5.24 0.5259
0 -7.01 7.77 0.8193
0 -3.06 9.44 2.1458
0 -3.09 11.5 2.3347
0 -2.29 12.93 1.4171
0 -1.85 9.76 2.6703
0 -0.28 12.07 3.1925
0 0.29 13.88 1.0046
0 0.42 14.58 1.0445
0 1.68 16.56 1.0521
0.15 1.43 17.12 0.7288
19.275 1.89 16.5 1.8533
13 -2.91 9.74 4.0423
0.925 -7.73 2.82 2.1348
0.75 -6.41 6.77 1.9869
0.45 -4.91 11.63 0.557
0 -1.15 13.28 1.7877
0 0.98 15.64 2.0546
0 1.18 16.46 1.3889
0 1.03 16.91 3.4907
0 -2.69 11.91 2.0961
0 -2.42 12.25 0.3434
0 -0.75 13.86 2.6696
0 0.08 16.49 2.5771
0 -1.45 12.83 5.1715
0 -4.85 9.27 1.9909
0 -3.73 12.53 2.7621
0 -1.7 17.08 2.1417
15.55 0.28 19.4 1.1366
14.775 -0.72 15.22 3.1585
16.7 -1.16 5.67 1.8464
9.25 -0.37 5.69 2.2318
0.575 -1.94 6.47 3.6027
0 -0.95 10.01 1.4197
0 0.25 14.67 2.2822
0 1.09 14.83 4.859
0 -6.27 9.2 5.9088
0 -4.56 5.97 2.9848
0 -2.5 13.48 1.6538
0 -0.5 16.98 2.7863
0 2.52 20.29 2.7778
0 6.15 24.66 1.4986
0 7.79 26.13 1.1074
0 7.49 26.38 1.9852
0.25 5.66 25.29 2.739
1.6 3.56 20.47 3.1908
0.875 -3.12 9.49 3.3127
0 -1.93 12.95 1.8446
0 -0.21 14.72 2.3339
0 -1.97 13.21 3.1909
0 -2.76 11.26 1.6184
1.2 -0.44 13.25 1.83
59.65 2.16 16.61 1.9516
39.9 4.81 13.81 2.5957
9.65 4.88 9.26 3.9021
6.725 4.02 11.53 1.9903
1.775 6.48 14.81 3.9171
0 4.51 18.3 2.1551
0 4.78 20.48 2.8183
0 5.01 19.89 1.7173
0 4.83 21.14 1.3361
0 5.74 21.29 1.0045
0 5.91 22.95 2.9623
0 4.22 21.68 3.3065
0 4.31 19.45 2.5168
0 5.05 20.61 2.995
0 6.14 21.12 1.8548
0 8.56 23.95 1.6654
0 11.63 29.06 0.4034
0.475 12.07 31.03 2.3063
0.275 11.14 30.06 2.6181
0 7.51 24.16 1.4576
0 6.98 23.34 0.9035
0 7.95 24.15 2.3994
0 7.92 24.18 2.971
0 6.58 22.95 2.7077
0 5.45 21.82 1.9142
0 7.62 22.62 1.4439
0 9.41 25.17 0.8782
0 10.64 27.43 1.9264
0 10.55 26.82 2.5482
0.1 11.46 26.45 3.1908
0.05 9.63 23.6 2.2142
0 9.5 23.81 2.0577
0.025 8.62 21.1 2.2627
0.85 8.6 19.81 0.4195
5.525 6.17 19.55 2.1159
4.925 3.79 16.77 3.5153
4.15 2.28 12.37 2.3101
2.25 3.74 14.41 2.6667
0 5.35 18.67 2.5415
0 5.8 20.53 3.381
0 5.71 19.39 3.0656
0 4.49 18.31 3.286
1.1 5.22 21.07 2.3311
0.575 7.28 16.15 3.5582
0.075 4.9 17.76 2.4119
0 5.19 18.34 2.4416
0 6.17 19.48 2.4477
0 8.04 20.7 3.0499
0 8.41 23.6 1.8657
0 9.6 27.48 2.7174
0 6.68 26.1 3.1653
0 4.62 20.87 3.2373
0 5.59 20.4 1.4451
0 7.96 23.88 0.7939
0 9.74 27.66 1.5687
0 10.67 29.46 2.7772
0 10.17 27.72 1.6574
0 11.6 27.62 0.9307
0 12.01 32.93 0.6426
0.175 13.6 33.32 2.9186
0.1 13.64 33.18 2.8421
0 12.84 29.59 2.2636
0 13.09 30.35 1.7937
0 11.79 29.36 2.8887
0 11.28 29.44 2.5853
0 10.73 27.93 2.8359
0 9.36 26.68 2.59
0 7.69 25.4 2.7824
0 6.8 25.45 2.6079
0 7.6 24.54 2.5845
0 8.04 24.96 1.9959
0 9.78 26.03 1.9116
0 11.3 27.09 2.3603
0 11.49 27.55 1.5859
0 10.98 29.94 0.9401
0 11.7 30.7 1.4773
0 12.6 32.73 1.9631
0 13.97 32.28 1.7582
0 15.49 33.22 2.0065
0 15.49 33.83 1.7085
0 15.81 34.31 2.4466
0 13.67 32.88 2.5786
0 12.81 31.07 2.3692
0 13.33 31.51 2.1086
0 13.46 30.49 2.1999
0 12.42 29.85 2.3346
0 11.88 31.17 2.0025
0 14.1 32.07 1.6875
0 15.12 32.69 1.9996
0 15.01 31.33 2.8137
0 15.01 30.59 2.5274
0 13.06 30.46 2.6475
0 13.16 29.72 2.5261
0 12 29.38 3.1694
0 9.83 27.2 2.7345
0 10.21 26.98 2.3689
0 11.17 28.02 2.5027
0 8.21 25.64 3.2014
0 5.11 19.77 1.8837
0 7.46 20.18 1.4035
0 9.45 24.89 0.4304
0 11.72 27.72 1.1729
0 12.92 30.14 3.0296
0 11.65 31.53 2.9018
0 11.26 29.92 3.1068
0 10.13 27.56 3.0804
0 6.93 26.16 1.4565
0 7.76 25.52 0.4885
0 10.21 27.44 0.7975
0 11.58 29.34 0.9485
0 13.01 31.21 1.3085
0 13.73 31.49 2.193
0 14.2 31.53 2.298
1.75 13.14 32.88 2.2466
2 11.65 29.66 3.1226
0.275 10.34 24.93 1.6663
0 9.92 25.59 1.5557
0 9.68 27.26 0.5713
0 9.8 29.57 1.5646
0 11.31 29.45 1.3368
0 12.14 29.85 1.483
0 12.08 31.28 2.8136
0 12.93 29.71 1.9172
0 11.6 29.17 1.0142
0 11.99 30.1 0.2776
0 12.58 31.3 1.5831
0 11.99 30.85 2.2027
0 9 28.5 2.1571
0 8.04 25.69 2.0951
0 7.55 23.63 1.5763
0 7.68 24.41 0.4591
0 8.6 25.76 0.9643
0 10.39 28.47 0.407
0 11.2 30.32 1.0006
0.175 12.54 32.13 1.6083
0.6 9.85 27.65 2.345
0.875 8.07 21.72 2.8433
0.275 6.61 18.75 1.526
0 7.27 23.79 1.3936
0 9.56 26.53 0.4953
0 10.38 27.95 1.0353
0 11.19 30.51 2.1747
0 9.33 28.69 0.8592
0 10.19 28.05 2.4187
0 11.08 30.19 2.3483
0 10.6 30.55 1.4774
0 10.11 30.03 0.8616
0 10.02 29.66 0.8011
0 11.04 31.19 1.1705
0 10.95 32.22 0.4618
0 10.99 32.34 2.1105
0 10.18 28.06 2.5489
0 0.17 14.81 2.3369
0 0.96 19.86 2.4449
0 3.17 20.82 0.8008
0.825 4.56 20.73 3.0909
0.675 -0.02 16.38 3.4139
0.1 -2.55 7.82 0.3171
0 -2.51 12.84 2.9975
0 -0.43 16.24 1.509
0 1.79 17.03 1.2885
0 2.55 18.8 0.7235
0 3.78 19.55 0.6763
0 2.75 19.71 1.9424
7.05 3.87 18.18 2.0552
68.025 3.35 12.63 6.7708
38.55 5.52 10.84 4.5014
0.725 7.7 14.56 0.9308
0 7 19.8 2.1081
0 6.25 21.13 1.0477
0 8.99 24.38 1.7847
0.75 5.6 19.5 2.2529
0.425 0.73 14.68 1.7271
0 1.12 13.56 1.0389
0 2.29 17.03 0.653
0 3.36 18.32 1.1064
0 4.98 19.6 1.1565
0 4.85 18.32 1.7789
0 4.33 18.71 1.0934
0 3.69 19.79 4.5445
0 -0.74 13.88 4.9043
0 -2.94 8.75 0.7846
0 -2.65 10.98 0.1006
0 -0.45 16.72 0.8398
0 3.05 17.97 0.8346
0 4.77 19.36 1.2811
0 5.09 21.21 1.1799
0 4.84 21.86 1.8228
0 3.22 20.27 2.4367
0 0.96 14.11 0.8123
0 1.24 13.95 1.5427
0 -1.16 11.78 1.8617
0 -0.58 12.53 1.1692
0 1.32 13.37 0.6792
4.1 2.37 13.52 0.3806
4.525 1.04 12.65 1.9171
0.775 -3.15 6.07 1.2111
0 -3.08 7.24 1.0327
0 -2.88 8.53 2.8761
0 -2.29 11.29 2.0964
1.125 -0.75 13.96 1.6078
0.6 -0.33 14.34 1.7168
0.275 -2.23 10.91 2.3883
6.925 -1.67 11.96 3.9301
3.6 -2.36 10.27 1.0656
0 -1.85 6.36 0.6028
0 -2.51 8.89 2.2798
0 -1.15 10.99 3.6649
0 0.18 12.38 4.0368
0.4 0.09 14.26 2.5928
2.85 0.54 14.59 1.08
1.475 -1.46 8.05 5.3318
0 -1.85 7.82 5.0171
0 -1.47 10.48 3.932
0 -1.31 12.57 1.8069
0 -2.23 11.75 2.3427
0 -3.98 12.18 2.185
0 -3.18 9.74 2.0801
0.025 -3.11 10.79 0.8074
23.1 -5.39 5.9 2.3443
19.3 -5.95 1.06 0.7948
3.075 -12.27 -2.1 0.8405
0 -11.3 -2.22 1.9093
6.55 -9.64 0.81 3.153
40.95 -4.96 3.89 2.759
67.625 0.75 4.7 3.7389
33.8 -0.53 4.92 4.2166
5.05 -1.34 2.35 0.898
0 -2.85 4.04 3.1923
0 -1.32 6.59 2.6097
0 -0.7 7.5 2.1916
0 -1.14 9.4 2.7453
0 -0.86 8.03 4.0856
1.475 -0.4 9.18 2.845
11.9 0.36 11.06 1.902
9.45 -3.14 6.32 3.6264
1.05 -7.42 2.9 2.4451
0 -4.97 5.92 3.9782
0 -3.55 7.93 3.9629
6 -3.23 8.63 4.0895
4.2 -2.58 6.41 2.0996
2.4 -3.06 4.41 3.1575
8.2 -2.85 4.46 0.8872
4.125 -0.69 4.27 1.5322
1.375 -2.08 3.93 2.6843
0.875 -1.97 6.31 2.2956
0.1 -1.63 7.21 1.1178
0 -2.04 9.2 3.8849
0 -2.61 11.25 2.8451
0 -1.56 11.51 2.5871
0 -1.07 9.94 3.029
0 -0.41 10.63 2.7483
1.3 0.6 11.25 3.0455
1.325 1.27 11.15 2.3383
0.325 1.43 8.72 2.486
1.525 1.43 10.43 3.1708
21.575 1.74 12.81 4.5911
14.05 0.74 8.33 2.0899
1.2 -3.91 5.9 1.4843
0 -2.63 8.22 3.3633
0.625 -1.25 11.21 2.2062
15.5 -1.19 10.92 2.7642
24.425 0.16 7.1 4.8675
28.6 0.73 4.27 5.744
34.875 -1.77 2.48 6.644
33.275 -3.31 3.14 3.9481
20.2 -4.29 1.08 3.7222
5.7 -4.97 -0.17 1.1141
1.525 -6.24 3.46 2.3879
5.175 -4.44 3.21 4.1728
2.5 -0.43 4.73 2.8833
0 -2.39 6.17 1.4091
0 -3.97 8.01 2.898
1.75 -2.38 7.74 3.1975
1.5 -1.94 8.61 1.4419
0.25 -4.69 6.5 1.0452
0 -5.64 7.21 1.7745
0 -2.79 7.96 2.0451
0 -1.44 8.09 0.6885
7.725 -1.39 9.35 2.9842
10.575 -0.18 7.36 3.281
13.125 1.04 5.6 1.668
6.4 -0.83 3.63 2.3183
3.3 -1.62 3.4 1.5
2.525 -1.71 3.93 2.1045
0.55 -4.3 3.23 0.4773
0 -4.03 5.44 1.2742
0 -1.92 6.82 1.4205
0 -2.34 10.13 1.2875
0 -0.93 11.87 1.4969
0 -1.1 13.14 0.9698
0 0.1 12.7 1.7349
0 0.49 13.31 2.4767
0 -0.45 15.2 0.9245
4.25 -0.83 13.45 1.1485
5.8 0.75 8.52 2.0747
8.1 -0.67 5.25 2.7495
3.6 -6.15 3.07 2.3796
24.85 -5.28 7.5 3.8804
19.2 -1.3 4.39 2.7403
1.875 -3.78 5.71 0.8275
33.025 -2.62 9.48 4.7355
20.525 -0.6 9.17 1.1851
0.775 -1.9 4.25 0.4347
0.525 -1.68 9.92 2.3762
7.5 0.7 11.73 2.6969
19.725 0 4.04 3.3626
8.925 -3.75 2.73 2.8443
0.075 -5.21 2.7 1.3512
0.025 -3.48 6.48 2.5509
0.2 -3.01 9.28 0.8285
2.825 -0.23 9.29 2.5049
4.525 -8.03 4.18 3.6196
1.775 -6.1 4.01 1.9819
0 -5.82 4.12 0.5341
22.275 -4.11 8.91 2.3517
12.7 -4.42 8.19 2.3274
0 -4.93 6.4 2.7643
0 -4.22 10.38 3.8765
0 -1.03 16.5 1.3732
0 0.86 17.01 0.8407
0 1.31 17.17 2.9747
0 -3.51 17.28 2.279
0 0.73 18.63 1.9962
0 1.05 17.22 0.4783
0 0.08 15.45 1.4027
0 -0.77 14.32 2.1054
0.95 -0.61 15.08 2.1243
2.35 -0.58 15.25 2.4264
1.575 -4.06 8.8 2.0962
0 -2.69 11.12 2.8352
0 -2.11 14.36 1.2706
5.425 0.38 15.74 2.8227
15.95 0.52 15.23 5.4458
7.9 -3.36 5.12 2.8649
1.05 -6.2 4.25 0.6696
10.15 -4.78 6.05 2.345
5.525 -3.47 4.37 1.8222
29.175 -3.63 5.47 2.7974
16.65 -3.87 4.57 3.0794
0.1 -4.73 3.93 0.5498
0 -4.18 9.18 2.3511
0 -2.28 14 0.4451
0 0.04 15.04 1.7765
0.575 1.03 14.58 1.94
22.425 0.79 8.68 4.0491
20.55 -1.04 4.78 4.5042
5.95 -2.84 4.03 1.1004
0 -1.93 8.28 0.6454
0 -1.18 9.53 0.8191
0 -0.12 14.41 2.1555
0 0.01 14 1.2727
0 0.57 16.62 1.2064
9.975 2.4 18.21 1.532
24.15 2.21 15.97 2.6633
13.325 -2.66 5.21 3.1049
1.75 -1.14 2.11 1.8201
0.075 0.09 5.09 1.1243
0 0.64 15.14 0.7802
0 4.04 17.06 1.2516
0 3.81 20.43 0.7628
11.2 4.85 20.06 4.453
9.95 -1.59 9.44 4.9051
3.3 -3.88 4.7 3.6361
0.075 -4.16 5.71 3.2099
0 -1.51 11.86 1.786
0 0.18 15.04 1.7724
0 2.47 19.11 1.0674
0 3.83 20.27 2.0341
0 2.53 18.62 3.5619
0 -0.35 14.56 2.2806
0 -0.5 14.87 0.8339
0.05 1.15 17.07 2.7418
2.625 1.22 15.61 3.5895
20.425 0.48 7.21 3.3293
10.825 -4.76 5.25 3.8998
0 -3.62 8.99 2.057
0.85 0.85 16.17 1.1718
0.5 2.71 18.94 0.7563
0 3.33 19.67 0.6389
0.85 6.22 21.49 1.3067
9.175 7.7 21.03 2.1114
5.2 4.23 11.77 1.9327
0.175 4.73 14.41 1.5799
0.1 5.85 17.19 3.3347
2.625 0.99 16.79 4.2452
3.6 -2.61 9.85 3.5454
1.625 -2.13 6.99 4.0829
1.2 -0.14 11.15 2.2905
11.75 -0.35 10.87 1.5851
14.375 2.3 12.77 3.063
18.275 1.52 10.27 2.3473
7.775 -1.41 8.56 3.372
0 -0.65 10.89 1.6377
0 2.72 18.43 0.6711
0 6.58 22 2.4997
0 8.6 20.75 3.0033
0 6.68 19.32 2.3621
0 7.79 21.1 2.4958
0 9.28 21.54 2.6595
0 9.43 23.13 1.8853
0 10.38 26.37 2.7734
0 8.92 26.48 3.0477
0 8.31 24.21 2.4196
0 7.79 24.43 3.7677
0 2.87 19.79 4.5458
0 4.53 16.28 5.1436
0 7.05 20.11 3.9101
0 7.66 23.76 1.0111
0 8.6 24.41 1.7982
0 9.11 26.49 2.8722
0 5.11 24.24 3.1607
0 4.22 19.71 1.1343
0 4.57 23.27 2.3275
0 5.15 21.28 3.2846
0 4.01 18.74 2.6173
0 5.26 20.79 1.713
0 6.39 22.56 0.8887
0 8.32 25.74 1.8061
0.975 8.96 26.47 2.2344
0.5 9.83 23.9 2.7544
0 9.09 23.89 2.4514
0 11.25 27.02 0.9703
0 13.58 30.26 1.5597
0 13.07 32.18 3.1976
0 10.04 28.75 2.957
0 7.95 26.81 2.7156
0 7.81 26 2.8431
0 9.1 24.06 2.1968
0 8.46 24.59 1.1385
0 10.09 27.23 1.8367
0 10.18 29.08 2.3212
0 10.42 27.09 2.3432
0 10.68 27.28 2.2743
0 12.74 28.46 2.1217
0 12.44 29.11 1.862
0 13.16 30.43 2.3983
0 13.92 29.82 3.2425
0 13.48 27.83 3.3102
0 12.28 27.11 1.6458
0 12.91 28.97 1.2628
0 15.15 31.61 2.6687
0 15.06 32.6 2.7768
0 14.25 32.27 2.5885
0 12.49 32.37 1.9381
0 12.67 30.75 1.963
0 12.28 28.83 2.5923
0 11.28 28.85 0.9958
0 12.02 28.18 2.2725
0 12.95 29.29 2.0917
0 14.2 30.96 2.6236
0 13.83 30.19 2.8566
0 13.06 27.3 2.0504
0 10.56 26 2.5175
0 10.66 27.16 2.2052
0 10.31 27.95 2.5066
0 10.66 27.62 2.4198
0 9.96 27.14 2.0348
0 10.2 27.32 2.4548
0 9.54 28.04 1.613
0 10.21 28.16 1.9997
0 10.61 28.2 2.0926
0 9.99 27.14 2.2127
0 10.13 26.98 2.5772
0 10.54 26.45 2.9908
0 10.1 24.71 2.1691
0 9.41 25.1 2.0872
0 9.11 24.73 2.3722
0 8.76 24.06 1.0193
0 9.44 24.9 1.3491
0 10.94 26.45 2.2886
0 10.84 26.58 2.8633
0 10.47 27.14 1.1398
0 11.51 29.29 1.6504
0 11.49 29.38 1.7658
0 9.52 28.18 1.9511
0 10.14 28.18 2.2673
0.075 10.7 28.76 2.0199
0.025 7.1 25.67 1.7153
0 8.83 24.18 2.6238
0 9.61 29.2 2.1461
0 13.4 33.44 0.6173
0 15.7 34.75 2.4162
0 12 31.07 2.4129
0 7.53 27.18 2.9529
0 4.58 16.03 2.2052
0 4.6 17.05 2.4495
0 5.52 19.2 1.3656
0 7.71 22.56 0.8851
0 10.46 27.3 0.5414
0 11.44 30.17 1.2672
0 11.26 30.7 1.3107
0 11.62 29.38 1.9589
0 9.77 27.19 1.4446
0 9.45 27.09 2.4523
0.025 7.15 25.78 2.9244
0 3.04 12.01 1.9611
0 3.09 17.4 0.7696
0 5.2 21.43 0.7012
0 8.2 25.34 1.1196
0 8.5 25.7 1.7954
0 7.35 23.6 1.4832
0 7.46 23.48 0.973
0 7.3 23.78 1.6395
0 7.85 24.5 1.5992
0 7.99 23.23 1.5377
0 7.86 23.04 1.4708
0 5.96 20.27 1.1847
0 5.8 21.65 1.0497
0 5.15 19.57 2.7375
0 4.25 16.86 0.9925
0 5.54 22.35 0.5971
0 8.82 25.56 0.9365
0 12.49 29.54 0.4763
0 10.92 29.73 1.2329
0 12.3 31.31 0.5493
0 13.1 32.49 0.5615
0 12.44 31.52 0.2992
0 12.48 28.6 0.5054
4.425 12.25 26.47 1.3064
21.75 10.82 26.28 1.7285
15.25 7.65 17.53 1.4344
1.475 6.13 11.81 1.3254
1.125 3.14 11.63 0.7471
3.15 3.33 14.5 2.2459
0.2 2.47 12.28 0.7077
0 3.92 17.8 1.8421
0 6.11 19 1.6925
0 7.74 21.7 1.6667
0 8.73 22.74 2.4186
0 8.94 24.95 1.6155
0 9.12 25.2 0.7144
0 8.64 25.22 0.6761
0.075 8.57 24.85 1.2254
3.05 8.14 20.87 0.9605
1.5 4.41 15.59 1.1747
0 4.73 15.13 1.7365
0 5.08 20.15 1.014
0.05 5.69 18.84 1.8991
4.125 4.2 15.82 1.5955
16.15 5.36 15.27 1.7455
70.15 6.33 9.78 5.0647
25.875 1.89 9.85 3.5791
0.1 -0.44 10.34 1.4864
0 -2.18 11.12 3.0466
0 -0.48 12.49 3.451
3.275 3.69 16.13 2.084
3.925 3.37 16.43 1.8641
0.925 0.94 7.22 0.8725
0 1.16 13.6 1.8113
0 2.04 15.94 3.1169
0 4.56 18.84 2.909
0 6.24 21.7 1.8983
0 7.14 21.96 1.209
1.575 5.57 20.9 2.1983
23.325 3.81 17.26 3.3433
12.45 -1.34 7.19 2.5474
2.95 -3.52 6.27 0.7563
2.05 -1.86 8.07 1.6173
0.075 -2.71 6.24 2.3909
0 -1.33 10.24 1.4863
0 -0.74 11.56 3.0814
0 1.8 13.57 1.6137
0 2.99 15.47 2.6463
0 2.13 16.26 1.2079
0 1.3 14.66 2.1566
0 0.53 15.29 2.1108
23.7 1.23 14.33 2.6326
37.65 -3.03 5.74 3.2722
29.8 -3.98 1.26 5.1096
18.325 -3.5 0.63 3.3708
20.95 -2.36 1.93 4.3117
8.575 -8.37 -0.2 1.2473
0 -8.7 1.37 3.4383
6.075 -7 1.58 3.3584
15.675 -4.7 4.79 2.8781
10 -7.51 1.11 2.4521
0 -9.74 0.93 2.4476
0 -7.56 1.95 3.056
0 -3.95 4.8 2.2663
0.025 -2.71 9.39 2.5782
0.25 0.65 5.87 1.5585
3.1 1.26 8.55 2.1318
24.7 1.48 7.4 2.2696
10.45 1.21 10.94 3.3821
0.775 -1.37 7.62 2.2644
7.975 -0.03 9.86 2.1175
8.725 1.3 8.19 1.157
1.95 2.72 8.57 1.5595
0.1 0.89 9.37 0.4518
0 0.34 10.63 2.2445
1.875 0.35 10.42 1.356
26.775 0.68 9.01 2.0429
16.075 -2.36 5.83 1.4655
5.05 -4.54 4.97 2.6756
64.25 -4.48 4.87 3.4342
90.85 0.71 5.08 5.0898
93.125 1.85 6.48 5.856
28.45 -2.08 7.29 2.612
10.825 -1.85 0 2.5853
7.175 -1.47 4.03 2.2762
3.2 -0.85 3.79 0.546
1.65 -2.16 5.93 3.0161
23.175 -2 8.43 5.3537
12.175 -2.92 7.91 2.2276
1.2 -3.13 2.93 0.9524
69.4 -2.73 4.57 2.406
47.8 -0.88 3.8 4.5388
3.8 -9.74 1.73 2.3353
3.45 -10.73 -1.34 1.5427
25.4 -9.2 0.45 4.1923
20.3 -4.6 1.29 4.6302
4.675 -3.86 1.29 2.5039
0 -5.88 1.98 3.1487
0 -5.42 3.66 3.7928
0 -3.94 5.3 5.146
0 -3.9 5.53 3.7158
0 -4.27 6.09 1.9341
0 -4.45 3.66 1.1981
0 -7.11 1.74 3.2234
3.975 -5.08 3.57 3.3426
3.275 -1.33 7.09 2.0806
1.075 -1.46 8.59 1.6761
0.575 -0.55 5.47 1.2549
0 -2.18 9.97 2.5962
0 0.49 9.8 0.693
0 1.21 11.51 0.6107
0 0.84 11.04 2.3507
0 -1.28 10.62 1.3749
0 -1.58 10.94 4.1932
0 -1.42 12.07 3.7362
0 -0.84 12.34 2.9878
0 -1.07 14.16 3.9646
0 -1.07 12.77 1.9932
0 -0.43 12.67 2.2048
0 -0.42 13.27 4.9571
0 -0.22 14.44 3.4381
0 -0.59 14.25 1.8342
10.35 -1.58 13.14 0.6321
9.95 -2.37 10.08 1.7761
2.6 -3.29 2.98 1.4439
0 -3.92 5.52 1.924
0 -5.01 7.83 2.9922
0 -4.2 8.48 2.0531
0 -3.34 9.03 2.6815
0 0.07 13.17 1.6322
0 0.01 13.67 1.916
0 0.56 15.54 0.5715
0 -2.59 14.32 2.3413
0 -5.05 8.28 3.5835
0 -5.04 7.77 3.6849
0 -4.29 9.09 3.7527
0 -2.95 13.31 2.7159
0.025 -2.6 15.5 1.2451
0.5 -2.59 14.9 3.7646
17.85 0.08 10.29 4.7162
20.625 -1.57 8.31 5.9622
35.025 -4.05 -0.02 4.7775
44.025 -3.97 -0.06 2.7424
17.475 -4.33 2.1 3.4797
0.675 -8.03 1.01 0.6734
0 -7.29 2.54 1.2544
0 -7.81 2.49 0.442
0.35 -6.71 5.57 0.5818
10.775 -5.2 5.04 2.5106
22.925 -3.93 3.16 5.414
8.1 -9.29 0.43 0.8675
35.625 -10.11 -1.34 0.5128
1.625 -8.84 3.3 2.2823
5.875 -7.67 6.51 1.7854
19.725 -4.61 8.4 3.7651
6.925 0.58 7.29 1.5393
0.275 -3.95 7.61 1.4678
6.45 -2.43 10.26 0.5051
31.975 -0.59 11.57 1.7051
16.2 -0.28 4.84 4.1526
0.25 -3.13 4.89 0.7343
0.05 -1.45 10.35 1.5335
0.025 0.34 12.78 1.1506
0 -0.61 11.44 1.0496
0.175 -1.02 9.28 0.4835
5.7 -0.59 10.32 1.2447
6.425 1.35 9.54 1.3039
30.825 1.79 11.46 1.5216
19.5 2.07 11.66 2.6749
2.725 -4.52 5.7 0.9828
21.025 -4.48 7.66 3.6641
40.775 -3.82 4.58 4.8196
55.875 -2.37 1.57 5.6182
29.975 -3.48 0.75 2.4331
7.275 -4.44 2.67 1.2681
15.475 -3.13 6.45 4.9813
31.4 -1.71 1.7 5.5817
23.3 -5.02 0.94 4.0955
24.9 -4.32 3.52 3.1314
7.825 -1.04 2.67 1.6265
1.325 -0.97 5.79 0.6278
0 -1.32 9.73 1.1292
0 -0.05 9.47 1.8176
0 1.92 13.97 2.3948
0 2.99 20.54 1.8864
0 3.4 21.29 0.8607
0 -0.57 15.24 1.6939
0 -0.38 14.13 1.9301
0 0.63 17.65 1.26
2.225 0.5 17.26 1.4592
9.575 -1.97 15.17 3.4787
5.675 -6.65 2.49 1.5612
0.325 -7.06 2.94 1.2693
0 -6.35 7.81 0.4142
0 -3.94 11.2 1.4956
0.05 -1.91 12.31 1.2732
0.925 -1.67 12.41 2.6899
0.55 -4.47 5.99 0.5144
0 -4.33 12.21 0.7549
0 -0.06 16.39 1.2145
0.2 1.26 18.6 2.0809
0.4 4.11 18.25 2.6747
0.25 4.93 15.52 1.4832
0.9 3.32 15.18 1.9127
5.425 3.99 12.5 2.0296
1.7 -0.53 12.33 0.8592
1.525 -0.04 12.02 0.9783
1.5 1.77 11.12 2.2025
0.675 0.86 10.94 2.3524
0.1 -2.04 12.54 2.3454
0 -0.95 14.34 0.8299
0 0.23 16.46 2.2207
0 -0.81 15.16 4.3289
0 -2.6 13.42 3.4207
0 -1.34 14.99 1.8661
0 0.89 17.53 0.5302
0 2.74 19.48 0.8752
0 4.98 20.29 3.024
0 6.61 23.23 0.8552
0 6.36 24.53 1.3821
0 5.52 22.67 1.9237
0.025 3.55 18.16 2.8053
2.45 -0.69 8.61 2.9885
1.325 -1.91 9.11 2.4779
0 1.17 15.52 1.6967
0 3.97 18.46 1.0877
0.275 4.55 20.61 0.5955
19 5.33 21.4 2.9088
19.25 -1.92 11.24 2.8424
8.7 -2.82 4.56 1.2819
33.25 -1.25 6.66 3.4832
14.225 -0.23 3.86 2.1642
0.7 -1.13 8.25 3.0218
0 -0.67 15.69 1.5725
0 3.99 18.56 2.0197
0 3.25 18.39 2.9996
0 1.77 16.96 4.3605
0.25 1.54 15.06 2.3326
2.75 3.04 16.58 2.8431
1.05 0.09 13.7 2.2838
0.325 1.01 14.11 3.2574
3.85 1.39 14.13 4.0909
2.05 -0.42 10.65 4.6205
0.25 0.15 11.51 2.8686
1.025 1.29 13.6 2.6817
1.625 2.33 14.14 2.8175
0.65 -1.02 9.02 1.6351
0.65 -0.02 11.84 0.7938
10.25 1.67 12.97 3.0737
24.075 6.15 9.05 1.2127
11.7 2.61 14.21 3.5747
0.35 1.91 10.85 1.9439
0 3.5 16.06 2.9114
0 5.38 19.73 1.5283
0 6.84 22.19 2.4278
0 6.68 22.02 3.0554
0 5.38 19.15 2.7108
0 6.31 20.87 2.7065
0 8.39 24.43 1.8479
0 9.6 26.68 1.9182
0 9.02 25.94 2.3118
0 7.3 22.88 1.2594
0 8.57 23.2 2.8846
0 7.96 24.27 2.1641
0 9.15 24.03 0.4572
0 10.91 27.41 0.616
0 12.9 30.28 2.5346
0 11.45 29.92 2.7067
0 9.53 27.12 2.5091
0 7.76 25.17 2.6044
0 8.1 24.27 2.3191
0.7 9.43 25.47 2.2779
32.975 9.48 25.68 2.579
16.375 6.22 20.82 2.4622
0.65 4.37 15.78 2.2847
0 7.72 21.36 1.0612
0 9.23 26.63 0.8727
0 12.16 29.39 0.7718
0 12.8 30.15 1.5604
0 13.31 29.61 1.7349
0 14.33 29.48 2.5142
0 14.45 29.61 2.9036
0 12.74 28.23 2.1002
0 12.4 28.41 2.4454
0 10.31 27.77 2.1934
0 9.01 26.72 2.4478
0 8.87 23.92 2.6072
0 8.39 23.09 3.1982
0 7.97 20.66 2.7266
0 8.2 20.33 3.3035
0 6.96 20.63 3.2678
0 7.13 21.75 2.0875
0 7.68 23.42 1.3392
0 8.94 24.08 1.9411
0 9.29 25.13 1.3256
0 10 26.12 2.2814
0 10.04 27.73 2.7921
0 10.51 27.65 1.8862
0 11.18 27.85 2.0712
0 9.86 28.88 2.1943
0 9.02 27.77 1.8004
0 9.29 27.55 1.658
0 10.37 27.7 1.4539
0 11.28 30.13 2.3153
0 11.79 29.96 3.1648
0 13.65 29.73 2.1991
0 13.18 27.34 1.6118
0 12.37 28.3 1.8922
0 11.8 29.22 2.1097
0 10.61 28.99 3.1582
0 9.52 25.1 2.3731
0 10.4 25.87 3.1529
0 11.31 25.75 2.5686
0 9.69 27.36 1.8876
0 9.87 26.77 2.0044
0 9.76 27.44 2.1798
0 10.52 27.62 2.6867
0 9.71 27.83 1.6917
0 10.59 27.35 1.4495
0 12.14 29.17 2.1108
0 10 28.18 1.4431
0 9.68 27.58 1.0499
0 9.06 28.02 1.7671
0 9.7 28.64 1.5861
0 10.15 28.25 2.6197
0 9.66 26.03 2.1302
0 9.01 25.45 1.6827
0 8.71 25.17 1.2459
0 10.3 26.45 0.9007
0 10.97 28.6 2.0312
0 12.09 28.8 1.2797
0 12.37 28.88 0.8885
0 12.85 30.2 1.0615
0 13.17 30.36 1.4733
0 11.95 30.54 1.7068
0 10.84 29.36 1.89
0 9.39 27.53 1.7698
0 9.76 26.51 0.7163
0 10.56 26.45 0.9166
0 11.09 28.35 0.7745
0 11.7 28.2 0.888
0 12.94 28.97 1.895
0 10.24 29.14 0.5544
0 11.19 28.76 0.9203
0.35 11.7 29.36 0.8961
0.3 11.52 28.93 1.7136
0.225 10.11 29.22 0.9828
2.075 11.03 26.35 1.7555
2.075 8.81 20.58 1.5985
2.9 8.93 24.3 0.7225
1.25 8.69 24.94 1.3739
0 9.89 24.16 2.5263
0 8.05 23.97 1.7323
0 6.88 21.17 1.6772
0 6.62 21.38 0.547
0 8.26 26.07 0.258
0 10.03 28.84 0.9348
0 10.73 28.07 0.5949
0 11.83 28.62 0.4435
0 11.23 30.64 0.6319
0 11.57 30.23 1.591
0 9.82 27.25 2.3352
0 6.46 18.57 1.8191
0 7.25 22.67 0.487
0 9.92 26.62 0.5883
0 8.92 26.55 1.0282
0 10.91 27.65 1.4076
0 8.39 24.71 2.4461
0 8.06 20.76 1.9488
0.275 6.58 20.59 2.0723
19.475 3.3 17.33 2.2946
22.025 2.73 12.96 3.873
6.05 0.48 6.52 0.8492
1.275 -1.41 6.31 0.8671
0 -0.86 11.48 1.3797
0.475 1.24 15.25 1.2096
3.05 4.43 17.47 1.6594
1.575 7.07 12.95 1.8033
0 5.05 18.38 0.9649
0 5.69 22.21 0.6237
0 8.46 23.64 0.4213
0 7.34 23.6 1.0756
0 8.04 23.69 1.3832
0 8.09 21.01 1.7536
0 8.18 22.4 1.6747
0 7.21 23.37 0.8827
0 6.79 19.85 0.5918
0 5.35 20.61 0.5971
0 5.38 19.71 2.4491
0 6.07 21.49 1.8589
0 6.09 22.95 1.968
0 5.12 20.22 1.3938
0 2.19 15.41 3.2652
0 0.29 14.58 3.3534
0 1.72 15.01 1.987
0 2.9 16.73 1.0222
0 3.68 18.3 2.1412
0 3.64 19.62 0.249
0 2.47 19.21 3.6795
0.075 2.53 16.32 4.1366
5.45 0.75 16.82 3.7411
4.6 -2.84 14.31 1.8191
7.325 -5.77 4.08 0.6788
4.1 -5.19 3.88 1.5805
0.075 -5.49 4.14 0.9572
0 -5.3 4.76 2.174
0 -3.21 8.64 3.1051
0.2 -2.51 10.95 2.9285
2.6 -0.49 13.55 3.364
1.8 2.42 11.19 0.7936
0 1.17 11.07 0.2401
0 2.86 11.41 0.6303
0 -0.05 10.97 0.5309
0 0 12.21 0.9255
0.1 -0.33 12.56 1.1983
0.4 0.28 12.15 3.4951
4.2 -2.71 4.94 2.278
3.45 -2.52 4.32 3.9957
0.9 -4.4 5.4 1.8086
0 -3.57 6.59 2.6226
0 -2.62 7.67 3.8328
0.225 -2.46 11.12 2.3332
0.1 -1.32 7.68 0.7488
0 -0.47 10.61 2.8476
0 1.05 14.03 2.2927
0.025 1.62 16.34 1.072
0.025 2.07 13.27 1.7536
0 -1.35 15.3 3.7429
0 -3.07 11.59 8.2277
0 -2.57 9.31 3.6406
0 -3.93 10.38 4.2008
0 -5.35 8.3 2.8591
0 -5.7 6.99 3.4888
0 -5.82 7.44 3.0563
0 -5.38 7.61 3.5115
0 -3.65 9.36 3.6047
0 -3.18 9.47 4.3581
0 -3.11 11.65 3.1717
0 -4.68 10.1 0.9416
0 -5.04 7.41 1.6288
0 -5.58 7.35 1.4957
0.1 -5.67 6.2 0.9589
0.925 -5.59 6.36 0.7931
0.425 -4.96 5.31 5.4174
0 -2.68 10.15 4.6548
0 -4.29 11.16 2.7883
0 -4.24 8.64 4.7262
0 -4.52 8.17 4.4319
0 -5.48 8.12 3.6048
0 -6.24 7.99 4.4977
0 -5.06 8.85 3.9701
0 -4.32 8.93 5.0207
0 -3.35 11.64 3.415
0 -2.67 12.11 1.3585
0 -2.74 11.67 1.0458
0 -1.84 11.64 1.0869
0 1.2 13.83 0.8958
0 -0.03 11.79 1.4698
0 -2.65 10.22 2.4063
