0.125 -18.46 0.28 1.5479
5.575 -12 0.62 1.8826
2.875 -17.67 0.32 1.6995
0 -23.19 -8.83 4.4231
0.2 -21.79 -7.2 1.6568
0.125 -11.37 1.3 0.7766
0 -11.16 4.46 1.2212
0 -11.42 3.01 0.7386
0 -15.22 4.43 4.7175
0 -17.21 -0.48 3.0006
0 -13.72 1.09 2.0236
0 -14.96 5.01 5.3542
0 -15.03 4.75 3.5418
0 -15.8 4.33 2.7977
0 -14.78 4.7 3.6009
0 -15.45 3.85 4.7941
0 -16.31 4.22 4.1482
0 -17.25 2.23 4.7757
0 -15.15 3.54 4.8248
0 -13.56 0.42 3.2974
6.55 -12.3 3.71 2.7147
14.225 -10.08 1.35 2.1696
14.725 -8.73 -1.79 1.5433
16.1 -7.13 -1.77 2.9652
5.125 -11.4 -1.78 3.8055
1.15 -17.24 -6.59 0.7821
0 -19.27 -6.6 1.1221
0 -14.02 -3.36 1.3842
0 -16.7 0.2 4.2616
0 -15.95 2.09 4.4902
0 -15.28 3.67 3.0205
0 -13.74 4.6 3.3114
0 -14.44 2.04 3.5819
0 -13.75 6.4 3.7648
0 -12.89 5.9 3.0021
2.975 -8.75 5.5 2.5705
25.925 -11.64 -0.12 2.3879
15.425 -11.34 -5.14 2.9486
10.625 -14.39 -4.79 1.2836
5.175 -16.27 -2.07 4.0062
4.375 -24.04 -9.26 0.6025
3.675 -16.42 -5.24 2.4697
1.475 -18.76 -4.58 1.4561
1.65 -17.91 -5.9 3.0468
1.075 -17.58 -7.94 3.0774
2.225 -15.69 -4.99 5.2119
13.7 -13.95 -5.82 5.4493
13.775 -15.67 -7.98 4.0366
0.6 -20.5 -5.28 0.9383
0 -19.64 -4.62 3.305
0 -18.59 -2.06 2.3194
1.05 -16.92 -0.43 3.7485
7.5 -10.63 0.7 3.1164
4.425 -8.52 0.42 2.3253
0.875 -7.19 3.46 1.7544
0.525 -9.23 4.82 1.6098
0 -9.25 2.02 2.9238
0 -12.81 2.57 0.5654
0 -11.69 4.69 3.9071
19.175 -5.13 3.85 3.0398
21.15 -8.73 5.12 4.3115
13.625 -8.84 -1.48 5.0525
10.85 -12.03 -5.66 3.4173
1.2 -24.51 -6.3 0.6544
0.45 -16.84 -4.35 1.9735
0 -17.51 -3.88 0.2258
0 -16.31 -0.33 1.7579
0 -12.44 2.3 2.8153
0 -19.13 -3.43 0.6088
0 -15.14 2.2 0.9412
0 -14.48 1.62 2.5368
0 -15.47 2.31 2.8858
0 -15.12 4.84 1.5434
0 -11.35 4.66 2.6192
0 -10.31 6.03 3.1098
0 -9.24 7.5 1.0558
0 -9.53 7.65 0.833
0 -8.47 9.93 0.7949
0 -9.65 10.68 0.7954
34 -6.89 10.28 2.3066
28.725 -12.45 1.73 4.3825
0.8 -19.44 -8.48 2.2727
0 -18.62 -4.84 1.8507
0 -14.73 1.63 0.4436
0 -8.13 4.72 2.2395
0 -12.27 3.91 2.131
0 -11.44 6.38 1.3297
0 -5.36 10.2 3.4606
0 -15.19 5.9 2.0422
0 -11.39 5.07 0.4164
0 -7.42 7.98 2.5574
0.8 -9.04 7.59 2.703
0.65 -12.48 5.24 5.5294
0 -17.34 -1.7 1.7661
0 -14.95 1.93 3.0744
0 -12.66 6.7 2.9138
5.225 -8.79 9.87 1.5342
3.3 -11.19 8.1 4.0164
1.675 -10.78 -0.51 1.8695
7.5 -9.37 1.47 2.1056
4.525 -11.56 -0.4 3.8049
0 -9.51 4.19 1.5257
0 -9.57 9.43 1.9153
1.975 -7.12 7 4.3604
1.975 -17.62 0.8 6.6579
0.35 -15.01 -0.01 3.6535
0 -12.29 2.57 1.5787
0 -8.8 8.98 3.3176
0 -8.54 12.25 3.0666
0 -5.16 14.96 1.6313
0 -5.71 16.8 1.0112
0 -3.46 17.26 2.3464
0.025 -0.07 15.6 3.3302
0.675 -4.83 10.04 3.5431
0.4 -13.57 0.89 3.8468
0 -10.91 4.27 1.8807
0 -10.1 6.46 2.4318
0 -8.08 9.07 3.5108
0 -11.23 5.94 1.444
0.4 -7.95 9.84 1.9393
8.5 -1.26 11.49 2.4088
6.125 -5.92 6.94 3.0811
0.275 -1.98 4.58 4.1515
1.3 -6.48 6.91 2.1751
0.775 -2.83 9.85 4.1662
0 -5.94 10.79 2.7066
0 -5.83 13.18 2.7114
0 -6.46 14.18 1.5929
0 -6.39 15.56 0.8539
0 -2.41 15.7 0.6302
0 -5.41 16.21 3.0075
0 -0.12 14.09 3.3341
0 -6.89 13.84 2.0387
0 -4.97 13.75 3.1446
0 -2.57 16.28 1.3955
0 -2.72 17.64 1.9829
0 -0.77 19.98 0.3685
0.2 1.8 21.37 2.6339
0.175 0.85 18.99 3.211
0 -2.33 15.64 1.9576
0 -2.61 16.39 0.7596
0.775 -1.65 17.82 2.3789
0.55 -1.56 16.4 2.8751
0 -3.23 15.04 2.7013
0.6 -2.25 15.2 1.6778
0.475 -3.81 15.47 1.1392
0 -2.56 16.43 0.7199
0.625 -1.61 17.93 1.4774
2.1 -0.95 17.15 2.2502
10.125 -0.02 15.02 3.4066
10.975 0.71 12.94 2.0538
4.25 -0.8 14.14 1.7409
0.2 -3.42 13.16 2.1236
0.725 -1.63 12.16 0.9274
1.675 -5.79 9.39 2.2183
2.625 -4.31 11.02 4.0833
2.75 -7.71 5.75 2.895
1.75 -3.27 6.68 2.8669
4.225 -1.43 10.58 2.5223
2.65 -2.06 11.96 3.348
0 -1.07 11.08 3.1197
0 -4.74 9.6 3.2699
1.225 -3.87 11.54 1.8908
2.225 -1.75 10.25 3.743
1.15 -5.11 10.19 2.628
5.8 -3.19 11.71 2.3446
5.125 -1.89 11.86 2.1759
2.025 0.64 11.31 2.7939
1.025 0.59 14.36 1.5028
0 2.46 17.99 2.7189
0 0.27 18.08 3.3788
0 -1.24 13.94 3.1043
0 -4.51 13.56 1.2328
0 -1.2 15.26 1.0109
0 0.15 19.07 1.3172
0.125 0.18 20.53 2.7692
0.1 -1.75 18.22 1.5995
0 1.12 19.82 0.931
0 2.76 22.17 0.3188
0.2 1.65 23.09 3.0234
0.05 3.97 22 3.0634
0.05 1.16 21.31 2.1923
0 3.5 20.99 1.3878
0 1.83 20.2 2.9517
0 0.58 20.22 2.529
0 -0.36 20.98 2.9244
0 0.25 21.16 2.8769
0 -0.33 19.65 3.1235
0 0.57 18.96 2.6931
0 -1.13 19.43 2.5659
0 -1.48 19.35 1.9684
0 3.43 19.82 2.1695
0 2.79 20.49 2.6322
0 2.51 20.09 1.3904
0 0.04 21.65 0.8715
0 0.9 23.05 1.6573
0 3.59 24.17 2.2975
0 3.01 24.04 2.0326
0 4.33 24.64 2.1548
0 7.18 24.57 2.2059
0 4.98 24.26 2.533
0 4.73 24.28 2.5847
0.15 3.82 24.21 2.1367
1.225 4.34 24.22 2.0859
0.925 3.18 22.75 2.234
0 4.5 23.71 2.2852
1.55 4.03 23.53 1.9922
1.1 5.41 23.6 1.7391
0.375 7.39 23.49 1.9059
0.475 4.28 22.71 2.7336
0.1 1.69 21.65 2.3516
3.225 2.84 22.58 2.1029
1.85 1.86 23.46 2.2884
0 3.31 21.78 3.1953
0 -0.04 21.56 2.9644
0 3.27 20.84 2.6856
0 5.32 19.01 2.8968
0 2.72 17.74 3.6503
0 -4.68 10.27 2.0834
0 -3.57 11.28 1.2056
0 -1.34 16.24 0.1347
0 -0.84 18.5 1.0635
0 1.26 21.31 2.8789
0 1.86 21.29 2.7834
0 3.63 21.38 2.9964
0 0.89 20.42 3.2181
0 -2.78 18.51 1.3381
0 -3.32 17.82 0.3061
0 -1.97 20.31 0.6616
0 -1.23 21.83 1.0573
0 1.7 23.88 1.2742
0 0.99 24.59 1.6511
2.675 1.83 25.03 2.344
5.525 3.01 24.23 2.3634
6.875 4.37 19.45 3.6081
1.975 -2.01 13.93 1.7391
0 -0.21 18.59 1.8036
0 -0.75 20.29 0.8419
0 -0.52 20.98 1.3211
0 -0.07 21.34 0.9492
0 3.3 21.94 1.4623
0 1.79 22.65 3.3238
0 1.62 19.27 2.4801
0 1.58 18.46 1.4984
0 0.51 19.01 0.1746
0 3.44 19.82 1.357
0 1.75 19.9 1.925
0 -0.75 19.16 2.2798
0 -0.16 19.56 2.1101
0 -0.76 18.44 1.2875
0 -2.3 18.82 0.579
0 0.12 18.36 0.9785
0 1.19 20.15 0.3886
0 0.95 20.52 1.0256
1.95 0.38 22.23 1.3117
1.2 -0.4 20.06 2.6251
0 -1.6 17.4 2.892
0 -4.13 14.05 1.4917
0 -0.06 16.4 0.9668
0 -1.15 20.67 0.4626
0 -2.14 21.48 1.2463
0 2.13 21.96 2.6104
0 -1.54 18.35 1.0392
0 -1.57 17.99 3.055
0 -5.56 18.35 2.7451
0 -3.2 19.85 1.9403
0 -3.11 20.79 1.0796
0 -2.85 20.81 0.7842
0 -2.12 21.48 1.1645
0 -2.97 21.52 0.3257
0 -0.76 21.56 2.4018
0 3.48 18.24 2.8299
0 -11.68 10.04 2.3744
0 -10.51 6.29 2.685
0 -8.12 10.9 1.0398
2.925 -1.23 12.66 3.2817
1.975 -11.31 8.78 3.7735
0 -12.93 -2.21 0.4097
0 -10.91 3.71 3.5457
0 -10.32 5.41 1.975
0 -8.04 8.36 1.411
0 -7.29 11.14 0.964
0 -7.04 13.46 0.7022
0 -7.02 11.2 2.2202
0.225 -6.19 12.17 2.1141
59 -3.14 6.38 6.23
41.75 -4.06 2.45 4.8207
0.05 -3.66 7.92 0.6697
0 -4.15 12.15 2.2639
0 -4.25 13.35 1.3967
0.05 -2.25 15.07 2.3481
1.65 0.81 13.22 2.7736
1.05 -7.7 6.14 2.792
0 -8.66 6.73 1.1073
0 -7.51 10.74 0.7512
0 -7.13 10.67 0.7637
0 -5.64 12.73 1.0929
0 -5.52 12.09 2.0279
0.05 -7.08 8.53 1.3508
4.325 -7.86 11.47 4.0523
3.1 -13.43 -5.56 5.2503
0.175 -15.15 -3.23 0.9127
0.15 -10.13 3 0.0664
0 -8.95 8.73 0.9539
0 -8.12 11.25 0.8348
0 -7.58 12.84 1.1293
0 -7.12 13.62 1.1843
0 -8.11 13.11 1.8312
0 -3.1 12.34 2.4402
0 -8.35 10.29 0.8724
0 -10.67 8.36 1.26
0 -13.13 6.97 1.8437
0 -12.22 4.09 1.4937
0 -11.88 7.96 0.9542
0 -10.97 7.9 0.9486
9.15 -4.86 8.3 2.1467
6.55 -12.91 -0.03 0.9915
0 -14.77 -0.03 1.1281
0 -16.01 1.02 2.8579
0 -13 3.91 2.3041
0 -12.7 7.32 2.0112
0 -10.86 8.2 0.9377
0 -15.59 3.13 2.3924
0 -11.46 4.71 4.248
0 -10.94 3.81 0.8578
0 -11.41 0.79 0.645
0 -15.68 4.77 2.6801
0 -15.08 3.03 3.8727
0 -14.38 4.47 4.2892
0 -15.52 4.62 2.8285
6.75 -11.93 4.73 1.6075
4.425 -10.58 3.21 5.1052
0.075 -16.94 -7.83 5.4622
0 -17.85 -3.25 3.7901
0 -16.35 0.4 1.5291
0 -16.91 -0.12 2.416
0 -17.57 0.6 2.218
0 -17.43 -1.49 2.1298
0 -12.23 2.31 1.2134
1.425 -19 -1.44 2.3185
8.25 -13.55 -6.33 1.2541
4.775 -26.82 -12.07 0.6398
0 -29.1 -10.08 1.7544
0.775 -26.33 -7.5 2.7809
7.875 -14.68 -3.8 2.6687
45.125 -11.27 -4.07 3.683
27.7 -12.98 -4.78 4.8851
0.325 -22.4 -4.68 0.9361
0 -19.14 -7.61 2.8598
0 -18.24 -4.49 2.1905
0 -15.93 -2.14 2.1881
0 -17.35 -3.33 2.7242
0 -19.95 -4.81 3.9666
0 -16.71 -7.96 2.8909
11.9 -13.8 1.32 2.0148
8.1 -17.55 0.75 3.7913
0.05 -22.69 -8.88 3.0999
0 -21.14 -6.38 3.5988
0 -20.85 -0.92 3.4152
1.15 -20.63 -8.47 3.8634
0.675 -20.25 -6.23 1.9014
0.45 -20.08 -5.4 3.3071
5.1 -13.72 -7.6 0.76
4.475 -11.61 -5.71 1.5277
0.025 -11.71 -3.73 2.3447
0 -13.49 -0.82 1.8067
0 -17.46 -0.17 1.082
0 -18.74 -4.42 3.9229
0 -17.81 -4.75 2.9052
0 -17.18 -2.97 2.071
0 -16.81 -2.98 2.6591
0 -14.48 -1.41 2.9679
0.1 -13.09 -0.04 3.1471
0.95 -12.09 -0.17 2.2087
0.525 -10.74 -3.18 2.4536
0.05 -13.2 -3.42 3.0143
15.15 -12.1 -4.14 4.3591
11.125 -9.49 1.33 2.2078
0 -18.46 -1.84 1.5268
0 -17.88 -3.35 3.3051
0 -15.35 -2.45 1.6658
8.45 -15.89 0.61 2.4909
42.3 -12.41 -0.73 4.5485
25.25 -14.18 -5.91 5.3537
29.6 -13.28 -7.05 6.1636
42.425 -18.81 -7.99 3.9623
16.95 -18.43 -11.58 4.3986
0.65 -19.73 -7.67 0.8905
0.325 -23.83 -9.61 1.8924
6.375 -18.56 -7.7 3.338
3.35 -12.78 -3.77 2.7655
0.025 -14.21 -1.17 1.4179
0 -19.92 -2.35 2.8217
0.15 -17.89 -7.08 3.0316
0.075 -15.86 -3.52 1.6048
0 -22.6 -2.93 0.9485
0 -20.02 -7.9 1.6975
0 -14.69 -5.47 1.8211
0 -18.04 -4.33 0.6246
4.15 -16.98 -6.1 2.4014
6.75 -11.89 -1.91 3.3435
6.65 -11.3 -2.47 1.8343
3.025 -13.23 -2.76 2.5437
0.175 -11.31 -3.86 1.4873
1.85 -15.1 -5.44 2.4735
1.225 -16.95 -4.83 0.4579
0 -13.9 -3.77 0.8978
0 -14.22 0.05 1.0554
0 -15.5 1.44 1.296
0 -16.66 0.34 1.4844
0 -14.71 0.29 0.7783
0 -15.67 2.82 1.7986
0 -15.28 1.63 2.4418
0 -13.53 1.81 1.4944
1.2 -13.23 1.88 1.4855
1.925 -11.53 -1.7 2.5067
11.525 -9.85 -1.94 3.1308
7.65 -20.01 -2.76 2.6484
15.675 -18.47 -4.76 3.4774
16.55 -12.64 -1.18 3.0261
1.525 -15.73 -1.89 0.4867
36.925 -12.89 -1.32 4.454
27.775 -10.88 1.12 2.0214
1.9 -10.14 -2.8 0.926
0 -14.13 -0.19 2.5396
0.3 -12.06 -1.06 2.8002
8.35 -13.45 -0.09 3.2547
5.325 -15.9 -1.65 3.4761
0 -18.87 -3.86 1.2022
0.2 -13.81 -2.64 2.8269
0.3 -13.76 -2.66 0.733
1.4 -14.07 -0.06 2.3693
0.8 -18.77 -1.88 4.0971
0 -14.73 -4.65 1.9423
0 -19.19 -6.15 0.5973
13.95 -14.86 0.61 2.2984
9.2 -13.5 2.1 2.6479
0 -20 -4.85 2.8074
0 -17.73 0.46 3.8496
0 -14.39 4.27 1.7602
0 -11.14 6.09 0.719
0 -10.21 5.79 3.2017
0 -14.01 3.39 2.1351
0 -13.04 6.42 2.2532
0 -11.36 6.62 1.2722
0 -11.45 6.72 1.1483
0 -12.97 6.04 2.657
0 -13.24 5.01 2.4096
0 -10.18 7.17 2.8318
0 -13.68 1.22 2.7979
0 -14.14 1.18 3.0038
0 -11.87 3.81 1.785
0.425 -7.03 8.19 3.0482
5.85 -8.29 9.58 6.2783
3.85 -12.21 -1.83 3.5668
0 -17.26 -2.82 0.9459
1.8 -15.38 -1.59 2.5989
0 -9.74 1.48 2.3348
16.375 -14.91 0.56 2.7729
11.825 -13.41 -2 3.8735
0 -18.45 -4.32 0.803
0 -16.52 0.86 2.2926
0 -11.69 5.92 0.5112
0 -9.66 8.64 1.8992
0 -10.66 4.97 1.9281
12.4 -6.69 6.4 3.7358
8.525 -14.45 0.87 4.7505
0 -13 -2.88 1.1312
0 -11.34 2.24 0.7145
0 -10.7 4.63 0.9426
0 -6.8 9.16 2.7577
0 -10 8.83 1.2396
0 -10.46 12.05 1.0286
0 -9.08 12.25 1.9756
6.4 -4.64 9.9 3.1569
9.9 -12.02 -0.37 2.8705
9.75 -10.95 -2.64 1.4047
3.825 -8.11 -3.06 1.6584
0 -9.19 6.61 0.6241
0 -7.66 10.48 1.5232
0 -9.15 9.41 0.7271
0.075 -2.84 11.76 4.7608
0.7 -8.2 3.82 5.5322
2.125 -14.11 -1.79 4.2557
1.325 -12.09 -1.23 3.5947
0 -10.67 3.4 1.9838
0 -10.65 8.81 2.4282
0 -8.07 9.64 1.396
0 -4.71 12.16 1.9506
0 -3.79 10.78 3.6088
0 -11.34 7.13 2.2827
0 -11.44 4.75 1.2457
0 -4.81 9.38 2.9823
0 -9.13 7.54 3.828
3.7 -11.73 2.84 3.7495
2.6 -14.11 1.07 5.1785
0 -8.33 2.13 2.655
0 -8.71 6.6 1.419
0 -7.91 7.32 0.9368
0 -6.39 10.4 0.7609
0 -4.71 13.27 1.5493
0 -0.42 11.76 2.438
0 -8.38 7.91 2.8669
0 -5.96 8.28 1.8091
0 -3.53 10.95 3.4404
0 -3.56 10.26 4.5288
2.925 -10.37 4.92 3.8496
2.35 -11.56 -0.06 4.1372
0 -8.24 1.64 2.3867
0.275 -10.57 3.67 1.7622
0.025 -5.25 8.77 3.7476
0.7 -8.71 6.11 2.9531
0.475 -10.17 2.64 4.0647
0 -11.44 2.98 1.8599
0 -8.78 10.43 0.7937
0 -3.6 14.55 2.7599
0 1.07 13.86 3.0072
0 -2.87 12.93 2.7573
0 2.81 16.22 3.0239
0 4.33 14.93 3.145
0 3.24 14.03 2.1588
0 3 19.26 3.2054
0 6.01 19.63 3.1944
0 1.44 18.5 2.0727
0 3.96 18.56 4.2739
0 1.42 14.38 4.6608
0 -2.74 10.77 5.5514
0 -1.7 5.55 4.5531
0 -4 11.43 1.3529
0 -1.53 14.8 1.6242
0 0.87 18.23 3.403
0 -1.66 16.26 3.3791
0 -5.54 10.45 0.6333
0 -3.2 15.3 2.2049
0 -3.98 14.06 3.4673
0 -4.26 13.85 2.5561
0 -3.21 15.52 1.3254
0 -3.06 13.57 0.8163
0 0.14 17.87 1.4341
0 1.13 18.9 2.2286
0 3.24 17.04 2.5779
0 -0.04 16.08 2.269
0 1.94 18.31 0.663
0 3.79 22.35 1.3081
0 4.35 22.7 3.4734
0 2.12 21.73 3.1083
0 -3.27 18.22 2.7471
0 -0.68 19.48 2.717
0 -0.15 19.3 1.8462
0 -1.27 17.36 1.1557
0.95 -4.02 18.85 1.6944
3.425 1.08 20.98 2.206
1.8 1.65 20.91 1.9403
0 1.72 19.5 1.8947
0 3.63 20.94 1.943
0 2.02 20.94 1.8424
0 2.34 21.1 2.6651
0 4.11 21.43 3.4982
0 6.34 22.5 3.7986
0 3.57 22.28 1.8366
1.325 3.59 23.82 0.9578
4.475 4.79 24.54 2.5623
2.625 3.52 17.91 2.8872
0 3.36 23.43 2.6912
0 3.28 24.54 2.1196
0 3.4 24.71 2.0598
0 3.08 24.49 2.9632
0 2.86 22.99 1.0959
0 3.37 23.14 2.2329
2.875 3.89 23.64 1.8365
8.3 5.65 23.76 2.2171
3.975 3.71 21.09 2.7049
0 2.11 20.52 1.9459
0 1.29 20.96 2.4168
0 2.97 21.34 1.88
0 3.08 22.06 2.3935
0 2.53 21.74 2.6419
0 1.09 21.63 2.1568
0 1.77 21.78 2.5488
0 0.94 22.02 1.7827
0 1.58 22.19 2.058
0 2.05 22.13 2.096
0 0.77 21.72 2.2496
0 3.42 20.95 2.5565
0.275 1.13 19.72 2.9966
0.175 -0.21 17.38 2.2707
0 -0.05 18.76 2.2375
0 0.47 18.57 2.5975
0 -0.82 16.09 1.0629
0 -0.17 18.95 1.0291
0 1.49 20.64 1.8806
0 1.14 21.76 2.6291
0 2.3 21.13 1.1249
0 2.49 22.35 2.0726
0 4.11 23.25 2.1496
0 2.39 20.8 1.9019
0 0.1 20.89 2.2136
0 2.56 21.59 2.4078
0 3.44 18.73 1.8894
0 0.34 16.79 2.9873
0 -0.67 20.17 2.4671
0 0.77 23.65 0.8619
0 6.03 24.42 2.7951
0 5.62 23.77 2.902
0 3.15 19.98 3.4176
0.425 -1.29 10.23 2.2184
0.25 -4.93 8.84 2.3307
0 -4.49 13 0.942
0 -1.98 17.24 0.6854
0 -1.78 20.98 0.6923
0 -0.28 21.92 1.1141
0 -0.04 22.6 1.6753
0 -1.29 20.84 1.9391
0 -4.43 19.99 1.5722
0 -3.13 18.86 3.0081
0 3 17.37 3.385
0 -7.55 10.06 2.1809
0 -6.69 13.7 0.9233
0 -4.74 15.97 0.9662
0 -2.88 17.59 1.1634
0 -3.96 17.87 1.9984
0 -5.03 16.35 1.5359
0 -5.04 17.29 0.5707
0 -4.45 18.24 1.0929
0 -3.86 19.58 1.7552
0 -4.1 19.46 1.6145
0 -3.2 19.65 1.8088
0 -6.63 16.99 0.9379
0 -6.82 17.12 1.154
0 -2.08 17.36 2.7748
0 -6.62 13.09 0.7066
0 -5.71 16.9 0.5291
0 -5.02 19.54 1.1195
0 -2.74 20.97 0.5592
0 -3.24 21.9 1.3169
0 -2.16 22.56 0.4379
0 0 22.62 0.5467
0 -1.63 22.42 0.3287
0.1 -0.12 19.96 0.7164
5.625 -0.47 17.49 1.5485
27 -0.22 16.03 1.8862
44.025 -2.45 10.02 1.6083
20.5 -4.98 2.1 1.4247
6.825 -7.87 4.6 0.8259
1.55 -7.81 3.14 2.3273
0.15 -8.67 6.91 0.7708
0 -6.62 11.27 1.697
0 -5.17 12.42 1.7605
0 -3.87 14.82 1.565
0 -3.54 13.59 2.6953
0 -5.06 13.9 1.9475
0 -5.74 14.85 1.0452
0 -4.45 14.79 1.0149
0 -4.38 14.03 1.5993
4.075 -2.73 10.68 0.9395
4.25 -3.28 7.71 1.4119
0 -3.67 7.15 2.182
0.525 -6.34 9.55 1.307
0 -5.67 9.94 2.1166
5.875 -7.15 9.27 1.9733
13.5 -2.14 6.93 1.9662
40.825 -1.07 5.27 5.0033
27.175 -6.4 6.23 4.1008
0.025 -9.74 3.12 1.486
0 -13.69 2.31 3.1962
0 -11.84 2.49 3.3955
3.3 -8.84 7.89 2.094
2.25 -7.67 8.8 2.1402
0.05 -9.83 4.77 0.8042
0 -9.37 7.72 1.8244
0 -8.67 11.22 3.4914
0 -7.42 13.35 3.3344
0 -5.37 14.3 2.3367
0 -3.67 13.11 1.2826
0.15 -4.18 11.65 2.5296
14.2 -7.92 9.1 3.2025
9.65 -11.41 3.63 2.9584
0.725 -16.14 -1.32 0.5847
0.95 -15.33 0.94 1.6369
0 -14.49 -1.2 2.6132
0 -14.16 0.76 1.4698
0 -12.92 4.25 3.2295
0 -11.86 1.84 1.488
0 -8.31 6.19 2.4464
0 -10.69 8.02 0.7879
0 -14.41 7.53 2.2413
0 -6.1 8.51 2.8048
20.4 -6.01 8.62 3.4039
32.625 -11.36 4.17 3.6414
21.125 -14.74 -2.44 5.5774
6.225 -14.52 -7.99 3.5706
9.75 -14.56 -4.62 4.8873
5.65 -22.1 -6.92 0.9962
0 -27.04 -8.61 3.3573
0 -21 -5.9 3.2231
14.825 -16.94 -2.74 3.1967
9.65 -20.66 -2.89 3.1251
0 -25.27 -7.66 1.9626
0 -22.19 -9.71 2.9015
0 -19.05 -0.69 2.0823
0.1 -13.96 1.58 2.4224
0 -2.83 4.72 1.8179
0.35 -6.13 5.37 1.6272
20.775 -11.12 1.72 1.8851
14.2 -9.34 3.36 3.2398
0 -12.09 0.68 2.3652
1.55 -10.56 1.64 1.8552
2.55 -6.72 3.67 1.2817
0.5 -6.05 3.58 1.6137
0.025 -6.36 5.36 0.6007
0 -12.1 7.85 2.1585
0 -12.46 5.95 1.6118
10.55 -10.72 4.47 2.308
8 -10.24 2.7 1.8148
6 -12.54 -3.44 2.6954
43.25 -12.07 -3.83 3.3306
84.2 -9.29 -4.3 5.3826
85.425 -8.73 -2.11 6.4449
54.475 -11.85 -4.29 2.2986
23.225 -14.36 -10.04 1.9309
3.425 -16.77 -5.93 2.1747
2.55 -12.88 -5.23 0.4539
0.3 -14.26 -4.12 2.7968
14.475 -19.82 -3.57 5.05
7.2 -15.61 -3.51 2.1926
0 -17.66 -5.71 1.036
41.775 -15.72 -6.5 2.282
27.325 -13.7 -4.24 4.896
0.975 -22.34 -5.25 2.956
4.15 -23.41 -12 1.0647
14.2 -22.07 -11.57 3.4071
16.725 -18.94 -11.12 4.2866
17.575 -15.66 -10.89 2.4826
0 -19.3 -7.48 2.9103
0 -24.36 -10.1 3.6462
0 -22.06 -10.98 5.3331
0 -20.65 -9.99 3.9568
0 -19.76 -9.23 1.7608
0 -20.38 -7.87 0.9073
0 -19.78 -3.36 3.3683
2.025 -19.69 -8.4 3.1186
2.575 -17.06 -4.64 1.5273
0.125 -16.72 -3.34 1.5601
0.075 -16.54 0.32 1.3674
0 -15.42 -0.31 2.2137
0 -11.96 -0.92 1.1072
0 -9.63 1.66 0.6023
0 -15.37 0.87 1.9898
0 -10.69 0.29 1.3201
0 -15.95 1.35 4.2356
0 -16.14 -1.29 3.4563
0 -14.34 -0.87 2.827
0 -16.9 1.2 3.5024
0 -16.57 -1.58 2.133
0 -15.65 -0.27 2.0911
0 -16.24 1.74 4.8749
0 -16.97 0.53 3.046
0 -16.24 -0.6 1.7381
3.1 -14.14 0.64 0.8241
8.325 -12.62 3.17 1.7533
3.075 -15.32 -4.06 1.7913
0 -16.35 -3.89 2.3137
0 -23.92 -5.13 3.0876
0 -20.69 -4.75 2.1321
0 -16.43 -1.17 3.0151
0.075 -13.83 1.74 1.7101
0.05 -9.67 2.39 1.948
0 -11.4 2.9 0.7022
0.15 -15.28 6.14 2.4109
0.1 -19.59 -4.46 3.6824
0 -20.07 -3.97 3.7182
0 -18.3 -1.81 3.6754
0 -15.95 1.1 2.512
0 -13.92 4.6 1.5465
0.025 -10.26 3.93 3.2806
9.325 -4.93 2.68 4.0738
24.05 -10.36 2.91 6.3913
13.925 -16.41 -7.32 4.2641
34.7 -13.49 -7.9 3.2464
29.85 -12.98 -4.1 4.3892
1.45 -25.87 -6.07 0.8157
0 -25.6 -7.16 1.2341
0 -21.82 -8.86 0.4171
0 -22.81 -4.23 0.244
5.7 -16.91 -5.25 2.6121
13.325 -13.33 -4.33 6.0266
14.85 -19.29 -7.94 0.582
0 -23 -9.44 0.5133
0 -22.63 -5.41 2.1663
2.525 -19.96 -2.72 1.7683
3.425 -17.2 -0.87 3.3799
5.275 -10.63 0.85 2.1297
0.425 -18.23 -0.87 1.367
1.525 -12.44 0.59 0.6125
9.325 -9.76 2.45 1.8176
13.65 -9.74 -0.01 4.5674
0.05 -12.17 -1.88 0.8178
0 -10.39 4.36 1.5583
0 -8.5 5.96 1.63
0.2 -8.5 5.23 0.9864
0.125 -9.94 4.96 0.7197
1.425 -11.54 4.65 0.9442
1 -7.33 2.6 1.2737
11.625 -7.03 5.66 1.5078
28.1 -5.85 6.64 3.3823
8.125 -14.35 0.32 0.86
21.875 -11.21 -0.67 3.4211
48.075 -13.56 -3.62 5.0588
65.075 -10.95 -5.12 6.4816
13.875 -13.47 -6.92 2.8998
9.05 -16.5 -4.15 0.8202
19.7 -12.9 -4.75 4.2515
41.55 -15.25 -6.77 5.4011
24.275 -15.67 -5.62 4.4147
9.675 -13.36 -2.45 2.9856
3.75 -10.99 -1.96 1.8853
0.075 -10.06 3.1 0.5021
0 -11.78 4.44 0.8838
0 -8.04 6.68 2.1092
0 -7.31 8.27 2.1521
0 -6.28 13.38 1.6649
0 -3.58 15.18 1.57
0 -9.86 8.84 1.4085
0.05 -10.54 5.6 2.1068
0 -7.1 11.41 1.5517
5.475 -8.76 10.11 1.2722
5.875 -11.4 7.41 3.7304
5.6 -18.28 -5.72 1.443
2.35 -15.15 -7.96 1.5928
0.05 -14.36 -2.34 0.5794
0 -10.95 4.27 1.3942
0 -11.11 6.42 1.2401
0.6 -9.42 6.29 3.13
0.4 -14.17 -2.73 0.5848
0 -9.94 4.6 0.8012
0 -7.91 10.13 1.1563
0.025 -6.51 12.34 2.3707
0 -3.86 11.6 3.4382
0 -6.76 6.75 1.9073
0.4 -4.47 8.96 2.4929
6.975 -5 3.78 2.6634
6.175 -10.62 4.43 0.853
4 -8.69 4.19 1.5863
0.2 -5.92 3.97 2.9344
0.625 -7.58 2.58 2.8566
0.025 -10.74 4.33 2.7284
0 -9.48 6.92 0.892
0 -6.34 11.14 2.6972
0 -10.53 6.83 4.5913
0 -13.85 1.25 3.8094
0 -12.49 3.11 2.1489
0 -9.6 8.15 0.7564
0 -7.05 11.74 0.8371
0 -7.08 13.71 3.2631
0 -4.54 14.26 1.0927
0 -4.37 15.94 1.8299
0 -1.09 14.7 2.2555
0.25 -3.82 11.11 3.4015
1.45 -11 4.07 3.6716
2.225 -11.73 -2.19 3.0636
0 -8.58 5.97 1.6711
0 -5.34 11.07 1.2484
0 -4.29 13.41 0.6749
3.425 -3.99 14.49 3.1926
5.6 -11.3 8.49 3.4607
1.85 -13.05 -2.66 1.165
5.625 -9.5 1.43 3.4395
26.05 -10.07 1.06 2.6919
2.95 -8.35 0.97 3.8417
0.05 -9.19 5.02 1.8455
0 -4 11.48 1.8438
0 -4.66 11.31 2.6638
0 -6.93 9.78 4.2626
0 -9.11 7.61 2.3602
0 -4.77 11.83 3.0914
0 -4.39 9.75 2.9677
0 -4.74 9.15 3.6175
1.95 -3.63 10.02 4.4991
3.35 -11.43 4.72 5.0419
0.625 -11.18 0.79 3.1026
0.45 -8.29 5.56 3.1888
0.825 -3.62 6.7 3.3712
0.55 -9.01 3.59 1.8942
0 -9.69 3.9 0.8623
17.625 -3.33 7.81 2.7038
16.625 -3.53 2 1.7496
4.3 -4.82 9.33 3.982
0.975 -6.28 8.07 1.7414
0.525 -4.92 10.66 2.9994
0 -3.64 12.2 1.5659
0 -2.53 15.27 1.9419
0 -1.97 15.14 2.9165
0 -1.41 13.64 2.5724
0 -1.23 15.6 2.8075
0 -0.15 17.02 1.3414
0 1.19 20.34 1.9457
0 0.62 20.85 2.3755
0 -3.1 15.89 0.9214
0 -1.84 15.53 3.0849
0 -0.17 17.72 2.1693
0 -2.59 15.42 0.1779
0 0.21 20.64 0.3059
0 2.77 21.79 2.5058
0 2.81 21.72 3.3343
0 -0.91 19.12 2.7944
0 -2.48 18.62 2.7508
0 -2.13 18.11 2.1381
0 -0.71 19.57 2.0355
12.175 2 20.63 3.134
17.85 -0.24 15.89 2.7628
4.45 -4.47 9.34 2.2063
0 -1.18 19.04 0.5785
0 0.99 22.63 0.9567
0 2.65 24.25 1.039
0 3.13 23.85 1.8638
0 3.61 22.94 1.8227
0 5.4 20.54 2.3581
0 4.11 21.23 2.9828
0 0.61 19.4 2.3348
0 0.5 20.99 2.5825
0 -1.44 20.53 2.3041
0 0.2 19.93 2.5682
0 -0.21 19.65 2.632
0 -0.39 19.38 3.278
0 -1.67 18.16 2.6113
0 0.88 17.32 3.0638
0 -1.64 16.99 3.221
0 -1.14 17.06 2.151
0 -1.38 18.59 1.7831
0 0.03 19.68 2.148
0 -0.22 20.27 1.0797
0 0.93 20.65 2.3186
0 1.37 22.07 2.9195
0 2.34 21.04 1.7991
0 2.94 22.99 2.2171
0 1.09 22.21 2.371
0 -1.22 21.18 1.7894
0 0.34 21.71 1.7013
0 2.18 20.43 1.2122
0 5.78 22.4 1.9755
8.275 2.03 23.23 2.9818
6.75 1.4 20.11 2.2274
1.65 2.68 16.24 1.7978
0 1.31 19.87 2.0459
0 1.37 20.19 2.1878
0 0.07 21.22 3.1938
0 0.07 19.67 2.206
0 -0.27 20.51 3.143
0 -0.88 20.82 2.5771
0 -0.34 20.64 1.9026
0 -0.13 22.08 1.9482
0 0.31 21.4 2.1442
0 0.22 21.24 2.6835
0 1.84 22.03 1.4075
0 2.7 21.57 1.5261
0 0.81 21.43 2.2982
0 1.64 20.07 1.5845
0 0.48 19.52 0.8082
0 1.31 20.87 1.4831
0 1.23 22.3 1.1922
0 1.28 23.41 2.4562
0 2.15 22.55 2.1805
0 0.28 21.09 1.7043
0 0.32 20.5 1.243
0 -2.55 20.29 1.0034
0 2.16 22.91 2.1238
0 3.21 22.59 1.5097
0.1 2.12 21.48 1.1501
0 4.35 22.92 1.2743
0 4.39 22.79 1.6707
0 2.52 22.65 1.6451
0 1.97 22.85 2.1226
0 -1.65 22.4 2.0217
0 -0.19 20.56 0.7103
0 -1.21 20.16 0.9484
0 0.03 20.18 0.927
0 0.4 20.46 0.7806
0 4.74 20.38 1.8491
0 0.04 18.52 0.4778
0 -0.62 20.05 0.9263
0 2.89 20.23 0.7239
0.35 1.15 19 2.0783
2.275 -0.39 15.92 1.2706
5.6 0.93 15.79 1.3492
12.2 -0.44 11.57 1.2893
5.575 1.33 13.86 0.6707
7.875 -1.5 15.23 0.9276
0 0.59 14.93 2.5383
0 1.48 16.03 2.0528
0 -0.51 13.75 1.5767
0 -1.44 15.42 0.2625
3.35 -0.78 17.96 0.3541
2.3 0.26 19.59 0.8568
0.05 -1.1 18.95 0.4575
3.425 -0.31 19.65 0.5743
0 3.26 19.45 0.9302
0.5 0.42 20.53 1.6939
5.05 -1.46 16.04 2.434
0.05 -3.06 13.26 1.5094
0 -1.17 16.79 0.4307
0 -1.1 18.76 0.6582
0 1.72 17.94 1.017
0.075 -1.99 19.09 1.727
0.05 2.13 18.43 2.8056
0 3.23 15.13 2.2654
0 0.45 15.05 2.4724
29.55 -2.98 11 2.5364
30.875 -6.92 8.07 4.229
8.35 -9.13 1.55 0.621
1.75 -11.56 1.77 1.0302
0 -8.78 6.32 1.3304
0 -7.9 8.09 1.4897
0.725 -5.82 9.99 1.8752
2.625 -4.02 8.33 1.8849
0 -4.16 13.27 0.9372
0 -3.33 15.16 0.7427
0 -5.44 17.37 0.7704
0 -4.41 17.9 1.424
0 -2.6 14.15 1.9465
0 -3.73 13.62 2.0795
0 -4.85 12.54 2.2695
0 -4.45 14.61 0.6
0 -4.23 12.45 0.6044
0 -6.66 13.13 0.3654
0 -4.59 12.35 2.4132
0 -7.54 13.83 2.0372
0 -6.14 14.36 2.5767
0 -6.31 10.52 1.4352
0 -11.78 7.2 4.0481
0 -11.84 2.83 3.5036
0 -11.31 7.58 2.3052
0 -10.77 9.64 0.8075
0 -10.34 10.85 2.4263
0 -10.07 11.44 0.2536
0 -8.35 11.37 3.5188
0 -11.02 3.43 4.1157
1.775 -14.09 4.97 4.2471
8.575 -13.87 6.05 2.0256
6.9 -17.18 -5.42 0.4166
8.6 -14.16 -4.08 1.5821
0.125 -13.76 -3.96 1.1186
0 -15.55 -3.96 2.4214
0 -15.14 -0.95 3.39
0 -14.72 2.37 2.8847
2.25 -10.39 0.38 2.991
2.375 -7.75 -1.16 1.0641
0 -10.56 3.01 0.2825
0 -8.55 5.03 0.4195
0 -11.56 5.44 0.4773
0 -12.24 7.12 0.8423
0 -11.94 5.22 1.5299
0 -12.18 5.96 3.8963
0.25 -11.2 1.64 2.3574
1.775 -11.91 -0.96 3.7155
2 -16.31 -3.37 1.4691
0 -14.63 -0.92 2.144
0 -12.39 3.59 3.4856
0 -9.18 5.53 2.4361
0 -11.41 3.48 0.7882
0 -12.95 5.08 2.9981
0 -10.71 6.65 2.3955
0 -11.82 7.39 1.1097
0 -12.99 8 2.0822
0 -11.53 6.84 3.1882
0 -13.27 0.2 9.5372
0 -16.97 -6.49 4.1237
0 -18.78 -1.74 4.6533
0 -19.67 -5.4 2.6725
0 -18.53 -0.88 3.5348
0 -19.51 -3.14 2.9466
0 -17.41 -0.79 3.6608
0 -16.42 1.28 4.1518
0 -19.35 1.44 4.3625
0 -17.58 -0.2 3.2095
0 -18.12 -1.42 1.3747
0 -19.42 -2.32 1.626
0 -19.54 -5.57 1.4214
0 -19.56 -3.61 0.9876
0 -16.26 -2.74 0.9383
0 -13.46 -4.34 6.0898
0 -16.32 -2.24 5.0496
0 -18.28 -0.68 2.5528
0 -13.97 1.16 4.767
0 -19.58 -2.15 4.7781
0 -17.11 -3.3 3.4158
0 -23.2 0 4.5452
0 -22.5 -3.48 3.8003
0 -21.14 -1.62 4.8126
0 -19.82 0.76 3.1274
0 -18.33 2.59 1.4161
0 -16.34 4.77 1.0847
0 -15.01 3.14 1.0475
0 -11.17 7.02 1.0057
0 -11.59 5.71 1.6344
0 -13.95 6.55 2.3452
