0.775 0.31 11.9 1.5471
6.4 -0.41 8.7 1.2888
3.325 -1.9 9.33 1.7223
0.625 -4.45 6.44 3.9534
2.075 -4.08 6.68 1.8623
0.975 1.46 3.9 0.3973
0 0.81 7.99 1.5029
0 2.45 10.82 0.785
0 0.85 12.74 4.2677
0 0.17 12.27 3.4397
0 0.62 15.73 2.5005
0 2.5 15.85 5.4444
0 3.59 17.34 4.0059
0 0.17 18.75 3.704
0 0.82 19.23 3.9242
0 1.01 19.92 4.9248
0 1.88 18.43 4.2565
0 1.97 18.17 4.776
0 2.09 18.17 4.9163
0.05 1.93 17.46 3.4681
8.925 2.88 17.86 2.713
20.275 7.09 16.53 2.1119
34.525 8.11 10.87 1.6551
37.1 6.46 11.37 2.3648
10.475 1.76 9.2 3.4135
2.15 -3.48 3.08 0.8971
0.3 -4.65 5.79 1.2946
0 -3.74 7.61 1.4829
0 -0.44 11.28 4.1803
0 -0.07 15.17 4.4747
0 1.85 17.45 3.0585
0 1.74 16.83 3.1136
0 1.11 13.98 3.9918
0 0.69 18.44 3.8062
0 3.32 19.93 3.0015
3.6 4.22 18.99 2.5978
7.175 3.83 10.18 2.9945
2.75 1.84 9.68 2.7947
13.425 1.33 11.19 1.2838
8.175 -1.44 8.8 3.4681
3.275 -6.81 4.56 0.4115
8.275 -5.82 5.93 2.6471
4.9 -1.61 6.51 1.3917
14.175 -2.26 6.64 3.1203
7.55 -1.01 4.03 3.6384
2.2 0.83 6.83 6.0686
17.975 1.71 6.65 5.4988
14.2 1.37 5.92 4.4471
2.6 -0.98 4.1 1.4351
0 -2.07 9.06 3.5056
0 -1.14 13.55 2.6848
4.775 -0.73 14.7 3.7765
17.625 -0.57 13.18 3.832
13.25 5.8 8.73 2.7727
3.275 3.17 9.68 1.5585
1.425 3.57 15.13 1.5219
0.675 2.9 10.7 2.5139
0.1 -0.04 12.9 0.3938
0.025 0.91 14.26 3.65
13.1 3.98 16.05 2.8497
31.5 6.54 12.31 4.1032
48.075 4.73 12.16 4.9301
19.925 1.09 7.95 2.7968
1.35 -2.96 7.57 0.9361
0.6 -1.8 8.76 1.8697
0 -3.2 7.6 0.3584
0 -3.57 11.41 1.3722
0 -0.35 13.39 2.6205
0 -3.92 8.66 0.4829
0 -3.64 11.62 0.6395
0 -0.25 13.33 2.0299
0 -0.08 15.49 2.2213
0 0.56 16.84 1.3517
0 1.36 13.73 2.3687
0 3.11 15.58 2.7786
0 3.58 17.66 1.0782
0 4.05 18.67 1.1886
0 5.12 20.37 1.0619
0.175 4.26 21.14 0.7769
18.325 5.07 20.49 1.7784
13.325 0.77 13.58 4.047
1.475 -4.41 5.97 2.2364
0 -3.25 9.7 1.9417
0 -0.85 15.3 0.6568
0 1.08 17.34 1.9279
0 4.07 19.9 2.0381
0 4.25 19.68 1.4118
0 4.32 21.08 3.4164
0 0.5 15.36 2.0216
0 0.47 15.48 0.3853
0 2.63 17.73 2.7326
0 3.76 20.71 2.5651
0 2.11 16.86 5.1984
0 -1.62 12.44 1.9727
0 -0.78 15.76 2.6929
0 1.63 20.18 2.1105
12.25 3.57 22.77 1.1939
13.15 2.57 18.03 2.9647
9.675 2.15 9.46 1.7588
4.475 2.86 10.05 2.3031
0.55 1.27 10.55 3.7022
0 2.2 14.1 1.5842
0 3.4 18.04 2.2815
0 4.71 18.19 4.8537
0 -3.03 11.08 5.8698
0 -1.7 9.87 3.0202
0 0.56 16.67 1.5661
0 3.17 20.96 2.7044
0 5.29 24.08 2.6863
0 9.08 28.08 1.5132
0 10.5 29.53 1.1792
0 10.61 30.36 1.9262
0.1 8.77 29.29 2.5836
1.275 6.94 22.8 3.2573
0.725 -0.13 12.46 3.4011
0 1.26 16.2 1.9926
0 3.13 18.29 2.3302
0 1.17 17.04 3.1217
0 0.51 14.53 1.7106
1.375 2.45 17.3 1.9223
42.6 5.2 20.46 1.8471
26.95 8.29 17.48 2.4699
5.45 8.29 13.67 3.6519
3.25 7.04 15.81 1.8628
0.625 9.49 18.83 3.6453
0 7.89 21.71 2.0597
0 7.92 24.17 2.934
0 8.46 23.7 1.8052
0 8.24 24.83 1.4944
0 8.71 25.32 1.1509
0 8.93 26.89 3.0339
0 7.21 25.55 3.3214
0 7.35 23.33 2.6815
0 7.96 24.75 3.1578
0 9.24 25 1.9618
0 11.36 27.87 1.5257
0 14.49 32.84 0.3359
0.475 14.86 34.91 2.2767
0.275 14.08 33.98 2.5422
0 10.5 28.14 1.5584
0 9.78 27.06 1.012
0 10.71 28.14 2.4587
0 10.88 28.19 3.0047
0 9.45 26.89 2.7645
0 8.5 25.73 2.0387
0 10.69 26.66 1.5049
0 12.11 28.95 0.9611
0.175 13.56 31.27 2.0536
0.1 13.61 30.84 2.533
4.175 14.7 30.34 3.1497
2.5 12.94 27.37 2.2619
0 12.62 27.69 2.141
0 11.61 25 2.3049
0.6 11.78 23.83 0.4483
5.525 9.5 23.52 2.1472
4.875 7.1 20.9 3.367
3.2 5.61 15.1 2.1924
1.25 7.01 17.26 2.673
0 8.43 22.35 2.5876
0 9.08 24.05 3.412
0 8.99 22.93 3.0578
0 7.8 21.54 3.3635
0.9 8.78 23.29 2.4204
0.9 10.61 21.01 3.5291
0.2 8.16 21.67 2.4158
0 8.36 22.65 2.4708
0 9.29 22.84 2.5629
0 11.22 24.3 3.0931
0 11.69 26.98 1.935
0 13.02 30.81 2.7478
0 9.75 30 3.2117
0 7.75 25.06 3.278
0 8.68 23.51 1.3858
0 10.55 27.24 0.696
0 12.66 30.98 1.5592
0 13.87 33.14 2.717
0 12.93 31.04 1.7688
0 14.29 31.49 0.925
0 15.06 36.17 0.7127
0.15 16.94 37.44 2.9083
0.1 16.44 37.26 2.8492
0 15.74 33.56 2.2697
0 16.26 34.39 1.7997
0 14.72 33.46 2.8301
0 14.05 33.55 2.5283
0 13.49 31.68 2.7542
0 12.6 30.55 2.5223
0 10.72 29.43 2.7327
0 10.01 28.82 2.6064
0 10.8 28.47 2.6097
0 11.01 28.85 1.9662
0 12.39 30.08 1.8204
0 14.47 30.93 2.2613
0 13.94 31.19 1.5199
0 14.08 33.35 0.7271
0 14.91 34.14 1.5405
0 16.02 36.26 1.8908
0 17.06 36.21 1.7532
0 18.17 37.31 2.017
0 18.17 37.74 1.6073
0 18.63 38.37 2.4384
0 16.65 36.8 2.5522
0 15.69 34.96 2.3784
0 16.78 35.06 2.094
0 16.17 34.35 2.132
0 15.15 33.66 2.2346
0 15.11 34.45 1.9651
0 17.08 36.1 1.8315
0 18.05 36.58 2.1615
0 17.92 35.48 2.8872
0 18.08 34.28 2.6192
0 16.87 34.27 2.7271
0 16.73 33.46 2.5622
0 15.85 33.34 3.0039
0 13.32 31.03 2.5577
0 13.67 30.36 2.1172
0 14.45 31.23 2.3415
0 11.58 29.54 3.0348
0 8.43 22.12 1.9022
0 10.24 24.16 1.4617
0 12.53 28.97 0.5145
0 14.63 31.79 1.2369
0 15.88 34.12 2.9925
0 15.24 35.14 2.8143
0 14.37 33.8 3.0802
0 13.05 31.56 3.141
0 10.42 29.59 1.4886
0 10.82 29.4 0.4903
0 13.19 31.43 0.8147
0 14.45 33.2 0.8902
0 15.59 35.14 1.3156
0 16.37 35.28 2.2277
0 17 34.79 2.2245
0.975 16.47 36.6 2.2721
1.05 14.8 32.74 2.9497
0.275 13.37 28.79 1.6096
0 12.78 29.49 1.5168
0 12.47 31.16 0.4677
0 12.6 32.76 1.548
0 13.82 33.22 1.3677
0 14.79 33.55 1.4138
0 14.63 35.28 2.7082
0 15.87 33.91 1.7433
0 15.09 32.62 0.8085
0 14.97 33.64 0.355
0 15.79 34.68 1.575
0 15.38 34.59 2.2695
0 12.48 32.42 2.088
0 11.42 29.63 2.0445
0 10.93 27.12 1.6365
0 11.04 28.03 0.4708
0 11.8 29.15 0.9707
0 13.7 31.86 0.4139
0 14.15 33.72 0.9967
0.125 15.83 35.5 1.7615
0.425 13.44 31.76 2.2009
0.6 11.49 25.39 2.7213
0.2 9.96 22.23 1.5697
0 10.52 27.32 1.4851
0 12.88 29.98 0.5076
0 13.43 31.07 1.0158
0 14.49 34.19 2.0867
0 12.93 32.15 0.9292
0 13.7 31 2.2217
0 14.06 33.62 2.2709
0 13.86 34.11 1.3781
0 13.12 33.62 0.749
0 13.14 33.08 0.7981
0 14.43 34.63 1.172
0 13.9 35.68 0.4431
0 14.31 35.7 2.025
0 13.92 31.45 2.5099
0 3.62 18.4 2.3582
0 4.18 21.67 2.4225
0 5.96 24.15 0.7681
1 7.29 24.88 3.1389
0.775 3.3 20.36 3.4141
0.1 0.62 11.81 0.3137
0 0.67 17.13 2.7965
0 3.25 20.39 1.419
0 4.72 21.05 1.3348
0 5.55 22.85 0.6983
0 6.62 23.47 0.5382
0 5.17 23.69 1.8582
7.45 6.76 22.21 1.9688
48.725 6.25 16.27 6.7523
26.875 9.24 14.64 4.356
0.825 11.04 18.35 0.9577
0 10.25 23.83 2.1799
0 9.52 24.51 1.0472
0 12.66 28.2 1.7152
1.125 9.14 22.85 2.1823
0.65 3.54 15.85 1.7987
0 3.87 16.95 1.0479
0 5.43 20.51 0.6268
0 6.41 21.69 1.1165
0 8.47 23.35 1.2219
0 7.69 21.69 1.7068
0 7.28 21.96 1.1249
0 7.16 23.14 4.4697
0 2.68 15.66 4.8927
0 0.08 13.02 0.7546
0 0.2 14.06 0.099
0 3.2 19.68 0.8338
0 5.26 21.73 0.8661
0 7.56 22.82 1.2605
0 7.63 24.54 1.1489
0 7.27 25.45 1.7635
0 6.07 24.08 2.3507
0 4.02 18.26 0.6444
0 4.22 17.87 1.6274
0 2.1 15.74 1.8744
0 2.49 16.35 1.1281
0 3.71 17.1 0.7114
3.8 5.68 17.32 0.3541
3.925 4.53 15.89 1.9763
0.925 -0.18 9.85 1.2841
0 -0.09 11.37 1.0943
0 0.17 12.54 2.8185
0 0.82 14.56 2.0743
0.775 2.42 17.55 1.49
0.375 2.42 18.03 1.8117
0.375 0.65 13.44 2.3185
7.675 0.83 15.38 3.6968
3.975 0.84 14.08 1.1145
0 1.14 10.74 0.5108
0 0.67 13.37 2.184
0 1.72 13.53 3.667
0 2.56 15.8 3.9727
0.525 2.63 17.79 2.57
1.875 3.22 18.4 1.058
0.85 1.58 11.81 5.1224
0 1.31 12.19 4.9344
0 1.26 12.69 3.9431
0 1.49 15.86 1.6973
0 0.65 15.1 2.1916
0 -0.69 15.76 2.102
0 -0.03 13.23 2.082
0.025 -0.13 14.22 1.0194
13.2 -2.45 9.73 2.2248
14.675 -2.63 5.27 0.8043
3.85 -8.96 1.85 0.7143
0 -8.23 2.09 1.9477
7.55 -6.62 4.65 3.2082
31.35 -0.35 7.83 2.8805
50.5 4.1 8.54 3.7718
28.15 2.84 8.64 4.1879
4.225 1.93 5.64 0.7548
0 0.05 7.9 3.2223
0 2.08 10.89 2.6345
0 2.51 11.89 2.2462
0 1.88 12.92 2.7728
0 2.07 10.21 4.1276
0.925 2.33 12.81 2.8802
13.8 3.21 14.79 1.8177
9.175 0.02 10.26 3.6463
0.1 -4.14 6.12 2.4297
0 -1.53 9.14 3.9766
0 -0.93 11.2 3.979
5.95 -0.48 12.36 4.118
4.175 0 10.03 2.0627
2.275 0.16 8.39 3.09
7.075 0.06 8.38 0.8134
3.55 2.62 8.16 1.4988
0.025 1.09 7.71 2.6415
0 1.23 10.48 2.182
0 1.68 11.16 1.1851
0 1.09 13.07 3.9485
0 -0.05 14.86 2.9034
0 1.13 15.44 2.714
0 1.43 13.04 3.0875
0 2.12 13.78 2.6934
0.475 3.31 14.22 3.0282
1.1 4.05 14.45 2.3786
0.5 4.22 12.14 2.4551
0.925 4.22 11.52 3.2029
16.275 4.3 16.49 4.5482
9.325 4.18 12.32 2.0506
0.15 -1 10.16 1.3652
0 0.49 11.93 3.3411
0.8 1.58 14.6 2.2534
12.125 1.67 14.61 2.704
25.2 3.58 10.82 4.8516
23.675 4.26 7.59 5.6494
28.5 1.6 5.84 6.5884
27.025 -0.14 5.55 3.978
16.425 -0.81 4.57 3.7766
4.625 -1.8 2.75 1.0142
1.125 -3.06 6.82 2.4016
2.4 -1.61 6.41 4.1362
0.975 2.83 7.9 2.9679
0 0.47 10.3 1.3364
0 -0.81 11.44 2.8121
1.375 0.8 11.08 3.2262
1.25 1.65 12.63 1.3705
0.225 -1.99 10.76 1.1629
0 -2.61 10.95 1.7603
0 0.31 11.94 2.0621
0 1.58 12.12 0.6491
6.5 1.69 12.82 2.9249
9.175 3.45 11.34 3.3831
10.25 4.58 9.38 1.6854
3.825 2.44 6.71 2.4622
1.25 1.61 6.77 1.3816
1.9 2.02 7.87 2.062
0.625 -1.33 7.14 0.5779
0 -0.97 9.31 1.1916
0 1.86 10.57 1.3097
0 1.27 14.28 1.4271
0 2.2 15.82 1.5384
0 1.82 16.73 1.0529
0 3.22 16.15 1.7117
0 3.76 17.17 2.449
0 2.87 18.92 0.9922
0.75 2.17 16.97 1.1651
3.2 3.96 12.28 2.2036
9.625 2.82 9.04 2.8909
4.675 -2.85 5.78 2.2293
20.675 -2.21 10.97 3.8223
15.8 1.75 8.61 2.7378
2.2 -0.46 8.84 0.8209
20.35 0.7 13.37 4.5853
12.575 3.45 13.02 1.2876
0.6 0.94 8.16 0.4287
0.6 1.42 13.59 2.3041
9.675 3.87 15.64 2.6821
19.925 3.35 8 3.3029
8.2 -0.57 6.62 2.8716
0.125 -2.34 6.63 1.3284
0.025 -0.25 10.49 2.503
0.2 0.04 13.47 0.9543
2.8 3.33 13.23 2.5442
4.325 -4.78 6.52 3.7182
1.525 -2.96 8.18 2.1013
0 -2.69 7.15 0.4166
21.175 -1 12.61 2.1921
12.075 -1.31 11.83 2.4173
0 -1.81 10.79 2.609
0 -0.87 14.17 3.7564
0 1.9 19.93 1.3502
0 4.05 21.22 0.824
0 4.47 21.23 2.8917
0 -0.09 20.8 2.1866
0 3.65 22.63 1.9336
0 4.16 21.11 0.4371
0 3.25 19.27 1.5075
0 2.05 18.15 2.0282
0.9 2.06 18.76 2.002
3.125 2.69 19.2 2.3265
1.5 -0.79 12.14 2.2683
0 0.61 15.21 2.7196
0 1.37 18.19 1.1744
4.55 3.42 19.88 2.5704
16.825 3.6 19.37 5.3482
8.775 0.13 8.41 2.8578
1.2 -2.73 8.49 0.783
8.3 -1.57 10.5 2.2072
4.475 -0.11 8.45 1.8723
24.375 -0.29 8.96 2.7867
13.925 -0.45 7.77 3.0571
0 -1.51 7.81 0.7134
0 -0.61 13.18 2.2185
0 1.74 17.91 0.5362
0 3.34 19.09 1.4089
0.725 4.11 18.81 1.9675
18.125 3.84 12.83 4.1567
19.2 2.36 8.7 4.5164
4.8 0.32 6.93 1.0857
0 1.11 12.72 0.6652
0 2.1 14.01 0.8114
0 3.12 18.45 2.2248
0 3.13 18.28 1.391
0 3.68 20.46 1.1777
4.575 5.58 22.2 1.5893
20.1 6.44 19.98 2.58
13.225 0.7 9.75 3.146
2 2.12 5.48 1.872
0.075 3.32 8.43 1.2634
0 4.58 19.34 0.8747
0 7.3 21.45 1.2777
0 7.05 24.26 0.7847
9.325 7.69 24.14 4.1555
9.8 1.88 13.33 4.8703
2.7 -0.48 7.89 3.7277
0.05 -0.94 9.89 3.326
0 1.43 15.66 1.913
0 3.14 19.15 1.8674
0 5.22 22.88 0.9836
0 6.72 24.25 2.1077
0 5.71 22.58 3.6435
0 2.96 18.46 2.2602
0 1.97 18.71 0.7562
0.05 4.24 21.1 2.7673
2.225 4.54 19.7 3.661
13.9 3.65 11.54 3.1807
7.1 -1.54 9.41 3.8946
0.025 -0.22 13.18 2.0912
0.075 3.85 19.32 1.0502
0.05 5.65 22.19 0.6869
0 6.79 23.65 0.5721
1 9.11 25.33 1.269
3.65 10.56 24.91 1.9653
1.825 6.76 16.76 1.7738
0.2 7.99 18.5 1.5977
0.125 9.05 20.72 3.3968
0.275 4.01 20.69 4.2943
0.225 0.74 14.03 3.6059
0.15 1.21 11.22 4.1307
1.175 3.12 15.31 2.3023
6.85 2.64 14.74 1.5481
9.65 5.01 16.67 2.9191
11.9 5.21 14.13 2.3527
4.575 1.78 12.96 3.3772
0 2.61 14.95 1.781
0 5.39 22.2 0.6596
0 9.66 25.84 2.5161
0 11.57 24.72 2.9731
0 9.8 23.15 2.4774
0 10.7 25 2.5693
0 12.51 25.75 2.6386
0 12.72 26.43 1.9675
0 13.76 29.89 2.8961
0 12.36 30.26 3.1096
0 11.8 27.74 2.5784
0 11.07 27.75 3.7522
0 6.32 23.94 4.6229
0 7.07 20.23 5.0669
0 10.19 23.91 3.7678
0 10.52 27.27 1.0061
0 11.56 28.29 1.7834
0 12.07 30.55 2.8611
0 8.3 27.87 3.1045
0 7.21 23.7 1.2723
0 8.01 26.97 2.3984
0 7.88 25.23 3.1729
0 6.94 22.76 2.6103
0 8.23 24.76 1.7541
0 9.37 25.7 1.0616
0 11.38 29 1.8851
0.6 12.44 30.16 2.1855
0.3 13.57 27.41 2.7563
0 12.7 27.21 2.4879
0 14.5 30.16 1.0552
0 16.57 34.09 1.6353
0 16.06 36.28 3.1014
0 13.43 32.43 2.9534
0 10.87 30.2 2.7021
0 10.69 29.12 2.8512
0 12.18 28 2.2095
0 11.38 28.57 1.0266
0 12.63 31.16 1.926
0 13.7 32.96 2.4718
0 14.22 30.75 2.403
0 14.34 31.21 2.4047
0 15.82 32.41 2.2056
0 15.41 33.1 1.841
0 16.19 34.48 2.2971
0 17.02 33.67 3.1989
0 16.59 32.3 3.2474
0 15.4 30.6 1.7818
0 16.04 32.54 1.4259
0 17.88 35.52 2.6659
0 18.18 36.66 2.751
0 17.26 36.21 2.5829
0 15.45 36.51 2.0562
0 15.51 35.09 2.0234
0 15.18 33.28 2.4667
0 14.2 31.98 1.018
0 14.82 32.21 2.2818
0 15.71 33.32 2.1401
0 17 35.2 2.6377
0 16.88 34.16 2.7766
0 15.68 30.99 1.9678
0 13.26 29.81 2.3943
0 13.94 31.18 2.1342
0 13.49 31.89 2.3811
0 13.56 31.66 2.3537
0 12.82 31.19 2.0339
0 13.14 31.25 2.4006
0 12.16 32.03 1.505
0 12.98 32.38 1.9629
0 13.52 32.26 2.0329
0 12.87 31.19 2.0999
0 13.05 30.96 2.5294
0.075 13.43 30.45 2.8861
0.05 13.06 28.7 2.0328
0 12.49 29.03 1.9279
0 12.45 29.28 2.2586
0 11.42 27.06 1.0802
0 12.16 28.92 1.4468
0 13.97 30.45 2.3838
0 13.83 30.63 2.8413
0 13.71 31.19 1.1727
0 14.36 33.32 1.5706
0 14.31 33.62 1.6909
0 12.24 31.99 1.9372
0 12.89 32.21 2.2566
0 13.44 33.19 1.8766
0 10.87 30.22 1.726
0 11.29 28.35 2.4329
0 12.17 33.18 2.0179
0 16.24 37.57 0.5788
0 18.44 38.74 2.2579
0 14.77 35.12 2.3916
0 10.5 31.23 2.8149
0 8.4 19.91 2.2567
0 7.92 21.1 2.4688
0 8.59 23.4 1.3611
0 10.18 26.94 0.7661
0 13.13 31.41 0.4193
0 14.06 34.33 1.2527
0 14 34.46 1.2163
0 15.56 34.32 2.0031
0 12.39 31.44 1.3112
0 12.53 31.31 2.3213
0.025 10.75 29.93 2.8374
0 6.22 16.05 1.9942
0 6.1 21.71 0.6862
0 7.71 25.56 0.6454
0 10.86 29.55 1.0366
0 11.27 29.84 1.6791
0 10.27 27.58 1.4369
0 10.24 27.61 1.0021
0 10.39 28.02 1.6747
0 10.57 28.59 1.5768
0 10.97 27.84 1.5009
0 10.79 27.19 1.3904
0 9.02 24.46 1.2396
0 8.79 25.72 1.0665
0 8.26 23.68 2.7083
0 7.63 20.99 1.0939
0 8.05 25.91 0.5798
0 11.08 29.44 0.9396
0 16.36 34.24 0.5194
0 13.18 33.91 1.1641
0 14.97 35.27 0.6061
0 15.51 36.69 0.5499
0 15.2 35.54 0.329
0.025 15.08 32.58 0.4656
4.35 15.19 30.33 1.2514
18.475 14.05 30.28 1.614
14.425 11.11 21.62 1.4866
1.05 10.27 15.14 1.0928
1.575 6.57 15.72 0.7606
2.85 6.55 17.69 2.0968
0.175 5.67 16.63 0.7875
0 7.05 21.14 1.8953
0 8.82 22.96 1.6571
0 10.46 25.76 1.5552
0 11.59 26.62 2.2793
0 11.85 29.01 1.5364
0 11.91 29.21 0.6711
0 11.44 29.26 0.5732
0 11.36 28.92 1.1232
2.625 11.9 24.74 0.9263
1.375 7.69 19.49 1.1085
0 7.98 18.3 1.6626
0 8.01 23.64 0.9219
0 9.21 22.71 1.902
2.925 7.43 19.8 1.6182
19.75 8.77 18.9 1.6643
49.125 9.76 13.29 4.8063
23.175 5.12 13.33 3.522
0.075 3.04 14.55 1.6019
0 1.12 15.43 2.9333
0 0.6 15.86 3.3901
3.2 6.92 20.26 2.1389
3.375 6.72 20.45 1.8563
0.875 4.18 11.11 0.916
0 4.67 17.8 1.8517
0 5.46 19.78 3.0803
0 7.88 22.52 2.8424
0 9.7 25.65 1.8786
0 9.79 25.8 1.1432
0.35 8.85 24.78 2.1514
19.475 7.48 20.83 3.1636
11 1.87 10.52 2.5923
2.425 -0.3 10.44 0.6602
1.675 1.15 11.91 1.6329
0.05 0.02 10.23 2.445
0 1.82 13.66 1.4747
0 1.93 15.04 3.0696
0 4.18 16.41 1.64
0 5.38 18.55 2.5947
0 5.01 19.26 1.1426
0 4.47 18.27 2.0892
0 3.43 18.92 1.9628
19.85 3.79 18.2 2.5867
29.8 0.37 9.83 3.1655
24.375 -0.88 5.28 5.0782
13.225 -0.41 4.37 3.1211
16 0.95 5.97 4.1011
7.2 -4.69 3.24 1.2048
0 -5.31 5.04 3.319
2.15 -4.96 5.28 3.3444
13.325 -2.09 9.27 2.7429
8.575 -4 4.84 2.51
0 -6.71 4.88 2.4009
0 -4.57 5.65 3.0687
0 -0.88 9.05 2.2915
0.025 0.48 12.93 2.6173
0.15 3.99 10.06 1.4947
1.825 4.64 12.38 2.1732
17.9 4.67 11.05 2.3564
8.875 4.22 14.5 3.3845
0 1.82 11.76 2.277
5.725 3.04 14.14 2.0404
7.5 4.68 11.82 1.0798
1.55 5.94 11.83 1.4166
0.075 4.14 13.67 0.4332
0 3.75 14.96 2.3074
0 3.53 14.53 1.3704
22.675 3.61 12.7 1.8411
13.625 1.65 9.85 1.5301
4.175 -1.11 8.5 2.5149
55.625 -1.3 8.21 3.5319
75.4 3.54 8.49 5.1935
57.075 5.29 9.96 5.9225
23.725 2.02 11.72 2.3989
9.375 1.41 3.35 2.57
6.1 1.65 7.28 2.2701
3.1 2.6 7.32 0.4591
0 1.01 9.67 2.9881
19.8 1.02 12.25 5.3729
11.425 0.34 11.52 2.0526
0.025 -0.29 7 0.9305
54.675 0.02 8.78 2.3292
36.575 2.34 7.32 4.4232
3.225 -6.43 5.18 2.3833
2.775 -7.47 2.73 1.5271
20.075 -6.86 3.77 4.2455
17.75 -2.76 4.9 4.8197
5.875 -0.53 4.9 2.5356
0 -2.86 5.63 3.2197
0 -2.44 7.95 3.8563
0 -0.88 9.57 5.2174
0 -0.84 9.62 3.661
0 -1.5 10.22 1.8998
0 -1.56 7.2 1.2906
0 -3.78 4.63 3.179
3.325 -2.53 6.74 3.3772
2.65 1.99 10.61 2.0662
0.65 1.57 12.42 1.6724
0.4 2.78 10.1 1.2949
0 1.07 13.42 2.6316
0 3.17 13.57 0.858
0 3.96 13.99 0.7114
0 3.84 13.47 2.4135
0 1.54 12.72 1.4182
0 1.13 13.97 4.2127
0 1.36 15.56 3.7708
0 1.75 15.71 2.8555
0 1.59 17.17 3.9804
0 1.59 16.67 1.9753
0 2.29 15.94 2.2243
0 2.5 16.6 4.9742
0 2.39 18.17 3.4256
0 2.27 17.9 1.822
7.425 1.13 16.57 0.5553
8.375 0.47 13.6 1.8144
2.25 -0.73 6.99 1.4132
0 -1 9.02 1.8237
0 -1.93 11.27 3.0063
0 -1.79 11.86 2.0695
0 -0.61 12.36 2.6672
0 2.59 15.82 1.6967
0 1.19 16.49 1.9464
0 3.64 18.64 0.6212
0 0.15 17.99 2.2495
0 -2.16 11.96 3.5536
0 -2.48 11.67 3.7563
0 -1.5 13.05 3.8781
0 0.12 16.68 2.7895
0 0.51 19.15 1.2055
0.275 0.56 18.73 3.6583
12.7 3.49 12.62 4.4622
15.225 2.2 12.55 5.8583
26.8 -0.76 4.11 4.6659
36.9 -0.88 3.47 2.8781
14.025 -1.17 5.98 3.4925
0.975 -4.57 5.29 0.7539
0 -4.33 6.78 1.1793
0 -4.68 6.52 0.4397
0 -3.78 10.08 0.5455
7.35 -2.34 9.15 2.3264
15.8 -0.43 6.63 5.4828
6.2 -5.87 3.85 0.9107
0 -6.83 2.73 0.4451
0 -6.24 7.39 2.2248
5.55 -4.83 10.95 1.7629
15.05 -1.39 12.27 3.7266
7.15 4.23 11.82 1.4004
0.35 -0.97 11.8 1.4648
5.65 0.13 14.24 0.5789
27.05 2.19 16.05 1.709
15.775 3.47 8.38 4.2761
0.25 -0.18 8.88 0.5587
0 1.2 14.44 1.4897
0 3.3 17.23 0.9291
0.075 2.38 16.33 1.2026
0.05 2.16 13.55 0.5798
5.6 2.65 14.92 1.1129
3.975 4.66 13.2 1.1616
22.975 5.35 16.22 1.3258
18.15 6.17 17.03 2.4799
1.675 -1.01 9.83 1.0065
21.35 -1.27 12.13 3.5108
38.05 -0.67 8.52 4.813
56.325 0.76 5.57 5.6254
30.275 -0.49 4.31 2.4334
7.35 -1 6.88 1.2617
14.875 -0.05 9.91 4.9842
32.225 1.2 6.12 5.5041
21.375 -1.88 3.9 3.9362
16.4 -0.63 7.81 3.068
7.825 2.13 5.52 1.4911
0.725 2.4 9.92 0.666
0 1.72 13.82 1.3299
0 2.8 15.57 2.0133
0 5.04 18.55 2.3867
0 5.94 23.79 1.7977
0 6.67 25.47 0.9494
0 2.88 19.29 1.5329
0 2.87 17.8 1.8751
0 3.77 21.32 1.3568
1.775 3.75 21.02 1.6466
8.025 1.69 19.32 3.4626
4.725 -3.14 5.66 1.5117
0.5 -3.71 5.8 1.3477
0 -3.21 10.96 0.4905
0 -0.72 14.74 1.6082
0 1.49 15.85 1.4674
0.725 1.71 16.39 2.6918
0.425 -1.06 9.21 0.5805
0 -1.23 15.4 0.7624
0 3.06 19.96 1.4462
0 4.21 22.21 2.2152
0.2 7.14 22.27 2.6461
0.125 8.22 19.13 1.5699
0.525 6.59 18.49 1.959
4.175 7.62 15.98 2.1037
1.425 2.92 15.96 0.9034
0.95 3.21 15.48 1.095
0.9 5.1 14.72 2.1749
0.525 4.33 14.25 2.2671
0.075 1.35 16.05 2.5791
0 2.5 17.62 0.9003
0 3.56 20.07 2.3171
0 2.84 19.04 4.5147
0 0.77 16.74 3.498
0 1.82 18.89 1.8474
0 3.66 21.73 0.4854
0 5.82 23.59 0.9027
0 7.66 24.25 2.9871
0 9.6 27.25 0.7962
0 9.29 28.63 1.4741
0 8.38 26.69 1.9941
0.025 7.11 21.95 2.8749
1.75 2.72 12.74 3.1057
0.95 1.32 11.71 2.5745
0 3.86 19.45 1.7671
0 6.9 22.41 1.1732
0 7.29 24.32 0.6513
12.95 8.16 25.36 2.8573
12.725 1.53 15.13 2.7068
6.15 0.48 8.73 1.2559
24.05 1.84 11.15 3.4914
13.45 3.25 7.99 2.2163
0.7 1.98 12.35 3.0926
0 2.46 19.02 1.705
0 6.41 22.54 2.1022
0 6.33 22.31 3.0899
0 5.1 20.75 4.4739
0 4.62 18.23 2.4472
1.45 5.85 20.63 2.7412
0.8 3.76 17.88 2.36
0 4.44 18.26 3.232
2.8 4.23 18.31 4.143
2.325 2.97 14.59 4.7152
0.35 2.77 14.62 2.8186
0.725 4.64 17.79 2.5653
0.95 6.83 18.14 2.8091
0.475 2.32 13.17 1.6486
0.25 3.25 15.99 0.6418
5.65 4.21 16.94 3.1205
13.925 9.99 12.4 1.1363
6.5 6.11 18.23 3.4067
0.2 5.11 14.74 2.0305
0 6.48 19.96 3.0099
0 9 23.74 1.6404
0 9.81 26.07 2.529
0 9.59 25.84 3.1117
0 8.42 22.93 2.7174
0 9.09 24.69 2.7245
0 11.35 27.58 1.9472
0 12.6 30.39 1.9433
0 12.32 29.61 2.5047
0 9.9 26.8 1.4408
0 11.57 27.26 2.8597
0 10.98 28.11 2.14
0 12.17 28.17 0.468
0 13.76 31.22 0.639
0 15.89 34.3 2.5077
0 14.43 33.8 2.6521
0 12.4 31.14 2.5513
0 10.66 29.11 2.6613
0 10.94 28.11 2.3816
0.225 12.32 29.36 2.3556
19.975 12.57 29.63 2.4158
10.925 9.87 24.79 2.3813
0.7 7.71 18.92 2.3068
0 10.77 24.99 1.1699
0 12.85 30.35 0.8837
0 15.05 33.29 0.6866
0 15.53 33.95 1.5367
0 16.05 33.61 1.7979
0 17.02 33.43 2.5393
0 17.36 33.61 2.8252
0 15.82 32.14 2.1369
0 15.15 32.36 2.4848
0 13.11 31.67 2.1913
0 11.94 30.65 2.364
0 11.76 27.83 2.4947
0 11.51 27.07 3.1462
0 11.13 24.58 2.7244
0 11.24 24.34 3.3042
0 10.16 24.37 3.1718
0 10.58 25.3 2.0073
0 11.11 26.97 1.2397
0 12.07 28.21 1.9083
0 12.35 29.07 1.404
0 12.92 30.05 2.2958
0 13.39 31.26 2.7856
0 13.91 31.22 1.8975
0 14.97 31.57 1.9278
0 13.51 32.72 2.142
0 12.53 31.41 1.8619
0 12.54 31.01 1.6965
0 13.63 31.05 1.5709
0 14.66 33.8 2.3899
0 15.51 33.92 3.0835
0 17.73 33.58 2.1195
0 16.55 30.85 1.4831
0 15.32 32.18 1.858
0 14.71 33.23 2.0825
0 13.52 32.91 3.0713
0 12.45 29.03 2.3743
0 13.25 29.69 3.0783
0 15.01 30.17 2.4646
0 13.17 30.87 1.8249
0 12.9 31.07 1.941
0 12.56 31.22 2.2068
0 13.38 31.49 2.6723
0 12.99 31.27 1.7445
0 13.68 31.46 1.3381
0 15 32.97 2.0555
0 12.33 31.67 1.4986
0 12.09 30.86 1.1983
0 12.2 31.44 1.7315
0 12.84 32.01 1.6499
0 13.26 32.3 2.6325
0 12.42 30.08 2.0165
0 11.94 29.48 1.482
0 11.75 29.11 1.1416
0 13.12 30.45 0.9358
0 13.86 32.59 2.0042
0 15.12 32.85 1.2157
0 15.32 32.78 0.7817
0 15.41 34.16 1.0281
0 16.03 34.39 1.3972
0 14.73 34.61 1.7024
0 13.46 33.41 1.8269
0 11.89 31.52 1.7345
0 12.56 30.16 0.7537
0 13.26 30.45 0.7804
0 13.99 32.43 0.824
0 14.79 32.26 0.9373
0 16.95 33.68 1.8485
0 13.5 32.52 0.6811
0 14.07 33.02 0.9565
0 14.37 33.62 0.9523
0.075 15.01 32.63 1.5791
0.35 13.06 32.36 0.9399
1.55 14.11 31.5 1.6992
1.25 11.72 24.33 1.5557
1.775 12.22 27.62 0.6754
0.775 12.13 28.85 1.3736
0 12.79 28.19 2.4685
0 11.97 27.91 1.7456
0 9.86 25.09 1.6895
0 8.98 25.28 0.4787
0 11.24 29.39 0.2711
0 13.15 32.29 0.968
0 13.87 32.29 0.5726
0.5 14.6 32.84 0.3637
0 14.38 34.03 0.567
0 15.25 34.23 1.592
0.875 12.86 30.24 2.2609
0 9.87 21.86 1.918
0 10.34 25.91 0.5625
0 13.11 29.93 0.6129
0 12.94 30.48 1.0572
0 13.55 31.16 1.346
0 11.3 28.48 2.2888
0 11.22 24.88 1.8427
0 10.1 24.65 1.9652
21 6.96 20.49 2.2423
16.75 6.41 16.94 3.7179
4.45 4.03 11.39 0.8583
1.3 1.78 10.32 0.8816
0 1.96 15.33 1.3078
0 3.79 19.25 1.1668
2.125 7.15 21.47 1.5429
1.6 9.97 16.94 1.671
0 8.72 22.48 0.9515
0 8.76 25.61 0.6385
0 11.38 27.46 0.4031
0 10.54 27.17 0.9843
0 10.85 27.34 1.3218
0 11.1 24.86 1.651
0 11.03 26.17 1.5331
0 10.31 27.1 0.908
0 10.62 24.32 0.6365
0 8.88 24.32 0.6531
0 8.63 23.53 2.2941
0 9.16 25.33 1.7564
0 8.99 26.73 1.9353
0 8.27 24.04 1.362
0 4.66 19.26 3.1156
0 3.28 18.13 3.2997
0 4.85 18.94 1.9586
0 5.83 20.65 1.0071
0 6.49 21.8 2.0946
0 6.82 23.4 0.2554
0 5.76 22.81 3.4295
0 5.12 20.48 4.1431
4.4 3.54 20.57 3.6026
3.7 0.55 18.34 1.7697
6.05 -2.5 7.55 0.5194
3.4 -1.96 8.04 1.4975
0.05 -2.03 7.62 0.889
0 -2.1 8.62 2.1612
0 -0.05 12.14 3.1309
0 0.83 14.83 3.0425
2.65 2.19 17.22 3.5764
1.725 5.89 14.82 0.8821
0 4.5 13.88 0.2517
0 6.21 15.24 0.7392
0 3.04 14.82 0.6052
0 3.09 15.95 0.9387
0 2.85 16.4 0.9829
0.275 3.28 15.86 3.2025
2.85 0.39 9.22 2.1794
2.925 0.45 8.41 4.0607
0.9 -1.18 8.59 1.794
0 -0.55 10.68 2.551
0 0.49 11.58 3.7553
0.175 0.34 14.62 2.2056
0.075 1.71 11.53 0.7368
0 2.24 14.38 2.8507
0 3.33 17.47 2.3192
0 4.28 20.05 1.0756
0 4.65 16.97 1.6995
0 1.07 18.55 3.6986
0 0.15 15.02 8.1792
0 0.59 12.68 3.5637
0 -0.66 13.85 4.2227
0 -2.28 11.91 2.8043
0 -2.52 10.35 3.4874
0 -2.87 10.88 3.0644
0 -2.28 11.09 3.4751
0 -1.07 12.87 3.4708
0 -0.65 12.63 4.2866
0 -0.56 14.81 3.1667
0 -1.64 13.92 0.8922
0 -1.99 11.06 1.6325
0 -2.67 9.84 1.4702
0 -2.81 9.97 1.0357
0.75 -2.57 9.95 0.8287
0.375 -1.82 8.76 5.3404
0 0.18 12.57 4.5469
0 -1.55 14.34 2.7315
0 -1.67 12.3 4.5909
0 -2.02 10.92 4.3755
0 -2.37 11.31 3.529
0 -3.19 11.62 4.5124
0 -2.8 11.82 3.9907
0 -2.18 12.24 4.9694
0 -1.46 14.81 3.4417
0 -0.19 15.44 1.3152
0 -0.28 14.81 1.1031
0 0.72 14.6 1.1853
0 3.53 16.88 0.9007
0 2.62 15.15 1.2065
0 0.06 13.99 2.3871
