1.65 -2.5 8.26 1.4146
9.15 -3.08 8.08 1.6794
4.9 -5.32 4.86 1.7309
0.5 -8.07 2.47 4.1631
2.2 -7.48 2.22 1.9263
1.125 -2.45 0.76 0.4546
0 -2.06 6.28 1.4597
0 -0.26 9.12 0.6518
0 -2.71 9.54 4.2755
0 -2.21 10.23 3.2423
0 -1.59 11.87 2.4472
0 1.5 12.14 5.4057
0 1.73 14.03 3.8543
0 -0.27 13.29 3.6567
0 0.51 15.33 3.7699
0 0.27 16.13 4.8122
0 -0.33 14.26 4.2703
0 -0.28 13.58 4.8844
0 -0.32 13.18 4.9837
0.025 0.02 12.35 3.4987
10.55 0.61 13.31 2.6717
24.575 3.71 11.28 2.0709
48.55 4.14 7.4 1.5896
36.975 2.15 7.11 2.6147
11.35 -2.34 4.37 3.477
2.3 -7.12 -1.45 0.8079
0.4 -8.23 0.73 1.2994
0 -6.67 3.26 1.2438
0 -2.95 7.47 4.234
0 -2.61 12.11 4.4872
0 -1.2 13.87 3.082
0 -1.04 13.13 3.2829
0 -1.08 11.75 3.8772
0 -0.59 13.78 3.7499
0 1.3 15.3 2.9583
4.35 1.44 14.79 2.3897
8.025 -0.63 8.24 2.6651
1.625 -1.69 4.39 2.8999
17.625 -2.64 6.79 1.1654
11 -5.44 3.94 3.5358
3.375 -10.45 -0.84 0.5153
6.75 -9.62 0.71 2.8736
7.375 -5.02 2.05 1.4089
16.8 -7.27 1.35 3.2562
11.375 -4.81 0.11 3.7379
3.375 -3.31 1.49 5.8643
15.1 -2.51 1.67 5.3428
19.625 -2.43 1.43 4.2878
2.975 -4.7 0.1 1.3548
0 -5.16 2.33 3.4081
0 -4.07 8.49 2.5152
6.35 -4.02 10.13 3.6898
24.775 -3.48 9.04 3.5485
11.175 0.8 4.41 2.6193
4.225 -1.18 5.3 1.787
1.8 -0.52 11.25 1.6291
0.725 -0.81 6.51 3.0705
0 -3.21 7.29 0.5136
0 -2.24 9.96 3.7328
9.175 1.14 11.62 2.8968
16.725 1.82 9.08 4.3252
42.225 0.77 7.97 4.9418
45.25 -1.96 4.38 2.9173
16.85 -6.59 3.05 0.8185
1.475 -5.52 3.27 1.8823
0 -6.58 2.78 0.4221
0 -6.61 6.55 1.3351
0 -3.56 10.02 2.5412
0 -7.39 4.83 0.5287
0 -7.34 7.35 0.9652
0 -3.03 8.71 2.2864
0 -3.19 10.93 2.498
0 -2.18 12.42 1.4773
0 -1.99 9.22 2.8579
0 -0.25 11.89 3.4587
0 0.18 14.31 0.9764
0 0.08 13.99 0.9162
0 1.66 16.25 0.9735
0.15 1.49 16.59 0.6508
21.6 1.7 15.93 1.9564
14.475 -3.72 8.86 4.0868
0.925 -8.35 1.35 2.062
0.875 -6.89 5.57 2.0062
0.525 -5.36 11.22 0.4447
0 -0.99 12.51 1.7054
0 0.7 15.01 2.0798
0 0.98 16.1 1.3407
0 0.65 16.07 3.4952
0 -2.3 11.75 2.1129
0 -1.84 12.25 0.2834
0 -0.85 13.22 2.5802
0 -0.17 15.66 2.572
0 -1.9 12.39 5.1744
0 -4.73 8.54 1.99
0 -3.67 12.23 2.854
0 -1.81 16.63 2.2381
11.2 0.5 19.16 1.1339
11.15 -1.34 15.17 3.3723
13.225 -1.63 4.66 1.8958
7.25 -1.03 4.53 2.1556
0.275 -2.32 5.35 3.5551
0 -1.12 9.23 1.3168
0 0.22 14.29 2.2186
0 0.8 15.04 4.767
0 -6.5 9.6 6.0249
0 -4.57 4.88 3.026
0 -2.31 13.09 1.7043
0 -0.76 16.34 2.9201
0 2.93 19.71 2.8878
0 6.39 24.2 1.4982
0 8.35 25.95 1.0372
0 7.77 25.67 2.0811
0.225 5.67 24.49 2.9344
1.7 3.19 20.6 3.1719
0.925 -3.25 8.76 3.3007
0 -1.78 12.28 1.7264
0 -0.08 14.28 2.3485
0 -1.9 12.69 3.2818
0 -2.58 11.11 1.534
1.125 -0.21 12.58 1.7762
50.325 3.44 16.07 2.0428
36 4.1 13.28 2.6921
11.025 4.23 8.1 4.0828
7.05 3.51 10.38 2.077
1.65 6.15 14.04 4.1279
0 4.03 17.76 2.2941
0 4.7 20.14 2.7164
0 4.99 19.54 1.6149
0 4.63 20.72 1.1272
0 5.83 20.55 0.8168
0 5.95 22.31 2.9043
0 4.4 21.17 3.2913
0 4.38 18.9 2.3334
0 5.17 19.6 2.9128
0 6.13 20.56 1.7036
0 8.64 23.21 1.7887
0 11.86 28.34 0.4632
0.475 12.5 30.23 2.3816
0.275 11.05 29.32 2.7381
0 7.57 23.45 1.4275
0 7.17 22.71 0.8011
0 8.09 23.4 2.3497
0 7.93 23.33 2.9253
0 6.69 22.31 2.6497
0 5.43 21.31 1.7712
0 7.44 21.88 1.3331
0 9.56 24.4 0.7965
0.225 10.66 26.44 1.7945
0.125 10.36 25.61 2.5332
5.45 11.24 25.29 3.2537
3.25 9.67 23.11 2.1499
0 9.4 23.01 1.9349
0.025 8.68 20.33 2.2094
0.4 8.53 19.04 0.413
4.6 5.84 18.63 2.093
3.925 3.24 15.88 3.6978
2.725 1.95 11.52 2.4634
1.625 3.33 13.56 2.6819
0 5 17.79 2.5041
0 6.23 19.85 3.349
0 5.94 18.85 3.0703
0 4.52 17.92 3.2224
0.9 4.89 20.89 2.211
0.9 6.95 14.99 3.5933
0.35 4.65 16.95 2.4302
0 5.1 17.29 2.4074
0 6.06 18.89 2.3194
0 7.97 20 2.977
0 8.38 23.23 1.7421
0 9.72 27.02 2.6384
0 6.8 25.33 3.1077
0 4.66 20.06 3.1613
0 5.57 19.91 1.4315
0 8.19 23.17 0.8524
0 10.14 26.89 1.5286
0 10.86 28.76 2.816
0 10.36 27.2 1.5598
0 11.8 26.8 0.9163
0 12.15 32.22 0.5467
0.125 13.66 32.28 2.9464
0.075 13.84 32.13 2.872
0 13 28.66 2.2507
0 13.14 29.49 1.7429
0 11.94 28.29 2.9332
0 11.42 28.44 2.6145
0 10.91 27.3 2.8971
0 9.33 26.12 2.672
0 7.88 24.66 2.8511
0 7.31 25.04 2.5881
0 7.63 23.88 2.5403
0 8.2 24.29 1.9799
0 10.1 25.31 1.9865
0 11.16 26.53 2.4389
0 11.81 26.97 1.5778
0 11.19 29.33 1.0627
0 11.88 29.97 1.4479
0 12.99 32.31 2.0538
0 14.07 31.49 1.7901
0 15.69 32.25 2.0107
0 15.69 32.89 1.8155
0 15.84 33.43 2.4535
0 13.85 32.26 2.5921
0 13.02 30.4 2.3284
0 14.19 31.22 2.1113
0 13.83 29.91 2.2408
0 12.81 29.37 2.3914
0 12.54 31.08 2.0161
0 14.09 31.32 1.5733
0 15.22 31.9 1.8605
0 15.01 30.58 2.7422
0 15.14 30.16 2.4324
0 14.23 30.78 2.508
0 13.85 30.11 2.4431
0 12.82 29.73 3.2881
0 10.14 26.8 2.8811
0 10.35 26.89 2.5783
0 11.14 27.69 2.658
0 8.39 25.16 3.367
0 4.9 19.55 1.8929
0 7.63 19.23 1.3145
0 9.53 23.97 0.283
0 11.84 26.91 1.0931
0 12.93 29.2 3.0343
0 12.37 31.2 2.9359
0 11.39 29.12 3.0944
0 10.27 26.83 3.0351
0 7.67 26.09 1.4
0 7.93 24.84 0.4388
0 10.2 26.57 0.7655
0 11.64 28.63 1.0159
0 13.41 30.54 1.3021
0 14.04 31.11 2.097
0 14.39 31.34 2.3529
2.2 13.66 32.97 2.2359
2.475 12.01 29 3.3068
0.45 10.22 24.27 1.7058
0 10.03 24.94 1.5924
0 9.85 26.61 0.6684
0 10.06 29.1 1.5437
0 11.97 28.47 1.2363
0 12.47 28.99 1.483
0 12.46 30.29 2.9392
0 12.98 28.73 2.0995
0 11.97 29.05 1.2141
0 12.27 29.78 0.191
0 12.99 30.66 1.5311
0 12.28 30.1 2.112
0 9.51 28.04 2.2198
0 8.43 26.14 2.1173
0 8.16 23.73 1.4571
0 8.3 24.19 0.4196
0 9.06 25.47 0.9311
0 10.81 27.96 0.3749
0 11.84 29.67 0.9968
0.2 13.2 31.91 1.4455
0.625 10.34 27.13 2.4812
0.625 7.88 21.59 2.9507
0.15 6.66 18.56 1.4749
0 7.54 23.77 1.2533
0 9.94 26.4 0.4141
0 10.69 27.77 1.0795
0 11.02 30.01 2.2842
0 10 28.72 0.8198
0 11.23 27.26 2.6483
0 11.2 30.15 2.4493
0 11.01 30.42 1.599
0 10.26 29.78 0.9634
0 10.44 29.2 0.8108
0 11.75 30.93 1.1733
0 11.51 31.83 0.4882
0 11.24 32.11 2.2089
0 10.83 27.47 2.5787
0 0.43 14.92 2.3083
0 0.9 19.89 2.4664
0 3.8 20.52 0.8037
1.5 4.89 19.86 3.0304
1.075 -0.59 15.72 3.4446
0.1 -2.74 6.56 0.3209
0 -2.62 12 3.2094
0 -0.66 15.3 1.6385
0 1.94 16.21 1.2661
0 2.69 18.09 0.7724
0 3.98 18.93 0.7774
0 2.95 19 2.0239
6.75 3.96 17.48 2.1086
67.775 3.39 12.12 6.7069
38.675 4.76 10.17 4.6277
0.275 7.01 13.55 0.8522
0 6.61 18.99 2.0517
0 5.74 20.98 1.0457
0 7.91 24.17 1.8796
1.075 5.92 19.78 2.3559
0.65 0.56 15.05 1.8056
0 1.04 13.14 1.0336
0 2.37 16.6 0.6445
0 3.22 17.97 1.0371
0 4.66 19.01 1.087
0 4.93 17.57 1.8529
0 4.55 18.61 1.0854
0 3.54 18.86 4.5159
0 -1.1 13.67 4.9385
0 -2.99 7.52 0.8077
0 -2.35 10.6 0.0817
0 -0.54 16.49 0.8415
0 3.61 17.46 0.7905
0 5.13 19.06 1.2793
0 5.43 20.96 1.1919
0 5.37 21.27 1.8431
0 3.38 19.53 2.465
0 0.82 13.41 0.9355
0 1.03 13.21 1.4444
0 -1.33 10.85 1.8447
0 -0.62 11.82 1.2239
0 1.73 12.69 0.6696
4.35 2.78 13.65 0.4133
4.5 0.47 12.5 1.8679
0.75 -3.19 4.91 1.1434
0 -3.14 6.15 0.991
0 -2.94 7.5 2.9289
0 -1.93 11 2.1404
0.5 -0.62 13.18 1.7431
0.3 -0.07 13.6 1.5548
0.275 -2.14 10.72 2.445
2.975 -1.39 11.61 4.1282
1.675 -2.38 9.53 1.0249
0 -1.76 5.3 0.6887
0 -2.62 7.79 2.4009
0 -1.01 10.9 3.6966
0 0.63 11.72 4.1246
0.375 0.43 13.33 2.6475
2.875 0.85 13.61 1.1033
1.575 -1.94 7.61 5.4349
0 -1.69 6.42 5.1065
0 -1.12 9.9 3.9097
0 -1.04 12 1.8728
0 -2.14 11.28 2.4752
0 -3.9 12.34 2.2681
0 -2.91 9.19 2.0969
0 -3.07 10.2 0.6869
20.7 -5.34 5.14 2.4709
15.725 -6.04 0.34 0.8348
1.975 -12.74 -3.03 0.9364
0 -11.61 -3.44 1.8708
3.175 -9.59 -0.1 3.0715
32.975 -5.59 2.94 2.6417
60.325 0.26 3.83 3.6745
27.125 -1.33 4.04 4.3289
3.175 -2.26 1.57 1.0044
0 -3.04 2.76 3.0986
0 -1.63 5.39 2.5221
0 -0.76 6.39 2.1496
0 -0.83 8.82 2.7261
0 -0.62 8.73 4.0386
1.2 -0.17 8.53 2.8115
7.6 0.32 10.14 1.9602
7.15 -3.41 5.67 3.6144
1.05 -7.46 2.22 2.5355
0 -4.86 5.81 3.9437
0 -3.27 7.14 3.8852
4.75 -3.11 7.4 4.0344
2.925 -2.31 5.66 2.0901
2 -3.48 3.03 3.213
7.6 -3.09 3.6 0.9221
3.9 -1.41 3.28 1.5717
1.45 -2.51 2.89 2.6557
0.975 -2.3 5.35 2.3074
0.1 -1.91 6.14 1.0766
0 -2.05 8.19 3.8345
0 -2.37 10.45 2.7903
0 -1.1 10.29 2.4246
0 -0.72 9.69 2.9408
0 0.04 10.34 2.8062
1 0.9 11.22 3.0615
1.3 1.37 10.91 2.2697
0.4 1.67 7.81 2.486
1.55 1.67 10.04 3.1082
20.075 1.87 12.03 4.5499
13.65 -0.09 6.95 2.1091
1.275 -3.99 4.64 1.5824
0 -2.59 7.34 3.3693
0.55 -1.17 10.61 2.0718
12.125 -1.12 9.99 2.7446
20.75 -0.58 6.15 4.8093
25.6 -0.73 3.23 5.7498
30.15 -2.46 1.45 6.6218
28.375 -3.84 2.51 3.9417
16.325 -4.33 0.2 3.7752
4.45 -5.45 -0.95 1.1459
1.325 -6.78 2.26 2.2985
4.975 -4.37 2.48 4.0694
2.525 -1.3 3.65 2.8267
0 -2.52 5.21 1.4773
0 -4.61 7.77 2.9666
1.4 -2.73 6.88 3.1503
0.9 -2.46 7.59 1.5192
0.025 -4.76 5.36 0.9532
0 -6.45 6.36 1.7619
0 -2.96 7.06 1.986
0 -1.75 7.15 0.7001
7.175 -1.75 8.76 2.9293
11.1 -0.81 6.39 3.2139
12.55 0.13 4.56 1.6615
6.325 -1.55 3.13 2.2372
3.375 -2.59 2.81 1.597
1.8 -2.68 3.02 2.2095
0.2 -4.46 2.27 0.4086
0 -4.17 4.61 1.278
0 -2.45 6.24 1.43
0 -2.64 9.19 1.1985
0 -0.94 11.18 1.4802
0 -1.19 12.86 0.8745
0 0.12 12.44 1.744
0 0.32 12.72 2.4946
0 -0.15 15.27 0.9354
6 -0.98 13.06 1.1666
7.375 0.35 7.88 2.0089
8.45 -1.35 4.6 2.6849
3.7 -6.53 2.62 2.5214
25.4 -5.62 7.16 3.8618
19.55 -1.56 3.75 2.7753
1.525 -3.86 5.17 0.7877
33.675 -2.76 8.88 4.7754
21.625 -1.36 8.12 1.1797
0.85 -2.06 3.05 0.487
0.5 -1.85 9.39 2.4551
6.625 0.49 11.03 2.6885
16.7 -0.66 3.24 3.383
7.725 -4.13 1.93 2.9004
0.025 -5.41 1.65 1.352
0.025 -3.54 5.7 2.6122
0.175 -3.39 7.96 0.7181
3.175 -1.44 8.63 2.4488
4.3 -8.49 3.88 3.5951
1.525 -6.33 2.98 1.8908
0 -5.87 3.39 0.6259
20.95 -3.94 9.07 2.4458
12.25 -4.6 7.68 2.2934
0 -5.04 5.41 2.8826
0 -4.38 10.04 3.9714
0 -1.25 16.42 1.4182
0 0.87 16.1 0.793
0 1.21 16.4 3.0354
0 -4.71 15.94 2.3077
0 0.99 17.83 2.0713
0 0.8 16.49 0.5827
0 0.02 15.37 1.2685
0 -0.71 13.8 2.2304
1.05 -0.41 14.82 2.2569
2.35 -0.8 14.68 2.5316
1.575 -4.2 8.3 2.0545
0 -2.85 10.34 2.9538
0 -2.29 13.91 1.3791
5.35 0.33 14.91 2.9959
14.875 0.48 14.52 5.6133
7.225 -3.66 4.48 2.9402
0.6 -6.62 3.21 0.6161
7.175 -4.8 6.45 2.4724
4 -3.76 3.44 1.849
21.4 -3.73 4.86 2.776
12.5 -4.4 3.68 3.1913
0.1 -5.4 3.09 0.4649
0 -4.48 8.38 2.4389
0 -2.78 13.42 0.3013
0 -0.19 14.51 2.0052
0.4 0.87 14 1.9109
16.975 0.31 8.17 3.88
12.35 -1.79 4.02 4.5326
3.375 -3.18 3.42 1.1075
0 -2.21 7.37 0.6345
0 -1.57 8.63 0.8321
0 -0.27 13.86 2.2104
0 -0.2 13.28 1.1977
0 0.39 16.12 1.2014
7.9 2.09 17.77 1.5417
15.875 1.65 15.31 2.773
7.4 -3.17 4.15 3.0103
0.425 -1.64 2.08 1.7027
0 -0.48 4.92 1.0673
0 -0.15 14.35 0.6641
0 3.36 16.19 1.2582
0 3.77 19.86 0.7508
9 4.98 19.39 4.6826
8.7 -1.8 8.76 5.0029
2.875 -4.49 4.35 3.6405
0.075 -4.54 4.63 3.1447
0 -1.5 11.05 1.6868
0 0.14 14.16 1.7302
0 2.24 18.56 1.132
0 3.85 19.56 1.9418
0 2.58 18.13 3.473
0 -0.32 13.98 2.2722
0 -0.13 14.3 0.907
0.05 1.18 16.37 2.7414
2.75 1.01 14.95 3.5552
17.075 -0.28 5.95 3.4792
9.325 -5.21 4.46 4.035
0.025 -3.95 7.75 2.0702
0.925 1.25 15.48 1.2624
0.55 2.83 18.42 0.8103
0 3.14 18.84 0.68
0.7 6.5 20.81 1.3543
9.45 7.81 20.28 2.2381
5.4 2.87 11.4 2.1464
0.2 4.22 13.51 1.5977
0.125 5.68 16.86 3.2964
2.65 1.1 16.38 4.241
3.675 -3.01 9.28 3.5387
1.75 -2.55 5.87 4.0534
1.075 -0.55 9.92 2.295
8.625 -0.53 9.85 1.6087
13.6 2.6 12.05 3.2362
18.85 0.71 9.18 2.3994
8.175 -1.69 7.29 3.4556
0 -0.89 9.86 1.5289
0 3.01 17.69 0.6249
0 6.42 21.2 2.5085
0 8.75 20.02 3.0164
0 6.45 18.75 2.3465
0 7.79 20.33 2.5304
0 9.05 20.83 2.7319
0 9.39 22.77 1.884
0 10.48 26.2 2.7539
0 9.3 26.23 2.993
0 8.44 24.08 2.2476
0 7.64 24.03 3.8498
0 2.92 19.28 4.4888
0 4.74 15.64 5.2281
0 7.48 19.05 4.0726
0 7.82 22.99 1.0358
0 8.8 23.73 1.7761
0 9.19 25.54 2.9062
0 5.34 23.95 3.1858
0 4.4 18.95 0.9348
0 5.13 23.18 2.2403
0 5.43 20.64 3.3793
0 4.16 18.04 2.5922
0 5.42 20.13 1.6135
0 6.75 21.92 0.7375
0 8.8 25.21 1.6824
0.4 9.39 26.25 2.255
0.2 10.69 23.38 2.7235
0 9.15 23.43 2.3924
0 11.46 26.25 0.8459
0 13.52 29.43 1.4457
0 13.13 31.24 3.2817
0 10.39 28.19 2.9549
0 8.21 26.33 2.7004
0 8.02 25.59 2.8006
0 9.49 23.42 2.1089
0 8.6 23.69 1.1989
0 10.43 26.32 1.754
0 10.38 28.41 2.1881
0 11.2 27.18 2.2701
0 10.73 26.49 2.1182
0 12.75 27.7 2.0193
0 12.47 28.23 1.8635
0 13.11 29.64 2.5008
0 13.91 29.09 3.2975
0 13.62 26.98 3.4113
0 12.17 26.55 1.5665
0 12.83 28.23 1.1099
0 15.43 30.72 2.6585
0 14.95 31.65 2.8167
0 14.34 31.44 2.6044
0 12.64 31.55 1.8513
0 12.87 29.87 1.9152
0 12.4 27.88 2.7228
0 11.55 28.46 0.9728
0 12.34 27.43 2.2431
0 13.09 28.55 2.0235
0 14.39 29.99 2.5596
0 13.93 29.41 2.8913
0 13.27 26.99 2.0838
0 10.79 25.65 2.5955
0 10.75 26.65 2.2042
0 10.31 27.31 2.5744
0 10.89 26.88 2.4826
0 10.19 26.42 2.0429
0 10.37 26.65 2.4991
0 9.86 27.29 1.6983
0 10.47 27.28 2.0171
0 10.73 27.37 2.1235
0 10.13 26.42 2.2896
0 10.27 26.34 2.6025
0.175 10.63 25.72 3.068
0.1 9.99 23.95 2.2791
0 9.37 24.43 2.2136
0 9 23.82 2.4817
0 8.97 23.27 0.9765
0 9.62 24.32 1.2316
0 10.94 25.72 2.1723
0 10.91 25.87 2.8444
0 10.44 26.42 1.0828
0 11.6 28.55 1.7304
0 11.66 28.65 1.8577
0 9.77 27.71 1.9446
0 10.38 27.48 2.2655
0.075 10.98 27.78 2.1623
0.05 7.65 24.37 1.7009
0 9.29 23.41 2.7887
0 9.97 28.56 2.2884
0 14.04 32.54 0.6834
0 15.98 34.12 2.5847
0 12.4 30.48 2.456
0 7.8 26.59 3.0972
0 4.61 15.28 2.1567
0 4.51 16.14 2.4144
0 5.53 18.34 1.298
0 8.13 21.69 0.8934
0 10.75 26.5 0.6605
0 11.77 29.31 1.2659
0 11.54 30.07 1.4099
0 11.19 28.82 1.8894
0 10.05 26.36 1.5263
0 9.53 26.33 2.6106
0.025 7.06 25.03 3.0355
0 2.97 11.03 1.9626
0 3.01 16.66 0.815
0 5.46 20.55 0.7795
0 8.42 24.39 1.177
0 8.64 24.93 1.8961
0 7.49 22.89 1.5161
0 7.63 22.71 0.8801
0 7.41 22.93 1.5685
0 8.11 23.84 1.6405
0 8.03 22.28 1.5998
0 7.88 22.42 1.5784
0 5.82 19.34 1.1092
0 5.74 20.96 1.0074
0 5.28 18.94 2.7668
0 4.19 16.21 0.8752
0 5.82 21.78 0.5697
0 9.46 25.01 0.9293
0 11.7 28.66 0.3759
0 11.37 28.97 1.2605
0 12.85 30.57 0.4838
0 13.61 31.51 0.5771
0 12.7 30.82 0.2825
0 12.78 27.89 0.5195
4.75 12.11 25.57 1.4048
24.125 10.4 25.29 1.8501
14.375 7.28 16.25 1.3779
1.45 5.48 10.96 1.4374
1.825 2.73 10.73 0.7622
2.475 3.06 13.36 2.3744
0.225 2.19 11.05 0.672
0 3.8 17.05 1.784
0 6.29 18.07 1.6928
0 7.79 20.79 1.6642
0 8.77 22.06 2.5484
0 9.06 24.18 1.7109
0 9.25 24.16 0.792
0 8.84 24.05 0.7955
0 8.74 23.85 1.3481
2.8 7.89 19.85 0.9847
1.5 4.19 14.94 1.2207
0 4.96 14.94 1.8434
0 5.11 20.09 1.1179
0 5.94 18.75 1.9206
3.525 3.9 15.12 1.6278
15.55 4.93 14.65 1.7808
73.7 5.95 8.86 5.2336
28.65 1.4 9.27 3.6916
0.1 -0.57 9.39 1.4054
0 -2.41 10.07 3.1451
0 0.05 11.73 3.4622
2.7 3.46 15.04 2.0196
3.125 2.83 15.54 1.8954
0.675 0.67 6.49 0.79
0 0.87 12.62 1.7783
0 1.8 15.25 3.1843
0 4.47 18.35 3.0186
0 6.32 20.7 1.9712
0 7.52 21.03 1.2421
1.875 5.42 19.84 2.2698
20.775 3.28 16.5 3.4525
12.375 -1.6 6.62 2.5609
2.8 -3.65 5.24 0.8294
2 -1.81 7.19 1.6087
0.025 -2.67 5.18 2.3684
0 -1.16 9.69 1.4921
0 -0.86 11.05 3.0854
0 2.14 13.34 1.5541
0 3.34 15.31 2.624
0 2.2 15.92 1.1792
0 1.16 13.98 2.2425
0.85 0.58 14.59 2.3046
21.675 1.43 13.5 2.7899
37.525 -3.42 5.26 3.3881
28.825 -4.31 0.06 5.2091
16.85 -3.85 -0.01 3.5902
18.025 -3.07 0.88 4.5351
6.875 -8.95 -0.77 1.2354
0 -9.23 0.42 3.5411
7.4 -6.99 0.23 3.3467
15.475 -4.5 3.34 3.0153
9.625 -8.54 0.3 2.4873
0 -10.1 -0.44 2.4366
0 -7.62 0.85 3.0253
0 -3.94 3.66 2.2198
0.025 -2.74 8.88 2.5194
0.15 0.35 5.06 1.6324
2.6 0.77 7.55 2.0057
20.575 1.02 6.11 2.1214
8.3 0.8 9.74 3.3189
0.05 -1.53 6.18 2.2577
6.95 -0.07 8.71 2.1023
7.625 0.94 7.73 1.1873
1.625 2.42 7.5 1.6477
0.1 0.5 8.17 0.4772
0 0.07 9.56 2.178
0.225 0.48 9.24 1.3604
22.225 0.78 8.82 2.2004
13.525 -3.01 4.82 1.4677
5.45 -4.53 4.01 2.8017
52.9 -4.45 3.96 3.3458
80.1 0.33 4.26 5.0347
72.925 1.01 5.77 5.8631
21.925 -2.91 6.54 2.687
8.425 -2.34 -0.71 2.4825
5.375 -1.82 2.87 2.2949
2.125 -1.71 2.97 0.5942
1.5 -2.61 4.77 2.9687
18.2 -2.31 7.34 5.2827
11.275 -3.28 7.04 2.3311
0.05 -3.38 1.38 0.99
55.15 -2.91 3.19 2.4439
38.1 -1.42 3.15 4.6487
2.45 -10.46 1.14 2.3618
3.225 -11.17 -2.58 1.5147
22.05 -9.77 -0.66 4.0585
17.2 -3.78 0.48 4.4589
6.4 -4.31 0.48 2.4828
0 -6.15 1.19 3.0987
0 -5.62 2.27 3.7432
0 -3.89 4 5.1409
0 -3.73 4.7 3.8082
0.05 -4.13 4.96 1.9891
0.025 -4.36 3.73 1.0729
0 -7.32 2.07 3.2802
3.65 -5.17 3.55 3.2721
3.25 -1.59 5.7 1.991
0.9 -1.62 7.63 1.6702
0.5 -1.56 4.74 1.2458
0 -1.66 10.28 2.5266
0 0.69 9.51 0.6185
0 1.32 11.69 0.5527
0 0.86 11.76 2.2505
0 -1.1 11.5 1.31
0 -1.38 10.94 4.1902
0 -1.3 11.44 3.6994
0 -0.59 11.95 3.0586
0 -0.64 14.06 3.8985
0 -0.64 12 2.0377
0 -0.1 12.38 2.1975
0 -0.32 12.7 4.9241
0 0.05 13.63 3.388
0 -0.4 13.62 1.8413
9.05 -1.33 12.73 0.7022
8.7 -2.28 9.74 1.7558
3.875 -3.24 1.94 1.5049
0 -4.04 5.03 2.0492
0 -4.85 7.55 2.9784
0 -3.89 8.04 2.0444
0 -3.33 8.77 2.7227
0 0.5 13.43 1.5807
0 0.73 13.97 1.8848
0 0.64 15.41 0.5155
0 -2.41 13.72 2.3682
0 -5.03 7.71 3.6242
0 -5.1 7.05 3.6363
0 -4.36 8.4 3.6455
0 -2.85 12.86 2.6205
0 -2.26 15.22 1.2997
0.475 -2.16 15.03 3.7554
18.6 -0.73 10.04 4.7937
22.675 -2.49 7.58 6.0895
32.2 -4.62 -1.23 4.8002
44.525 -4.26 -0.93 2.7407
18.575 -4.62 1.23 3.611
1.225 -8.72 -0.13 0.6474
0 -7.78 1.38 1.3044
0 -8.28 1.43 0.4291
0.475 -7 4.29 0.5537
10.85 -5.28 4.16 2.6588
22.05 -3.83 2.76 5.4625
7.825 -9.35 -0.38 0.8112
43.3 -10.57 -2.58 0.5745
2 -9.09 2.4 2.2981
6.025 -7.77 5.31 1.7622
19.65 -4.81 7.67 3.7271
7.25 -0.38 5.61 1.6709
0.325 -4.1 6.27 1.4603
6.275 -2.47 9.56 0.4656
30.35 -1.15 11.11 1.704
17.2 -0.97 4.16 4.0983
0.225 -3.39 3.6 0.8494
0.95 -1.61 9.61 1.5604
0.15 -0.14 12.43 1.3418
0.075 -0.76 10.85 0.9297
0 -1.15 8.81 0.4342
4.7 -0.97 9.94 1.2569
6.275 0.74 8.6 1.3715
31.5 1.08 10.43 1.6044
19.475 1.65 10.9 2.8822
2.725 -4.55 4.49 0.9684
19.225 -4.57 7.02 3.7112
38.375 -4.09 3.4 4.8373
47.425 -2.86 0.49 5.7233
25.875 -3.85 -0.07 2.4866
6.4 -5 1.57 1.1941
12.525 -3.04 5.75 4.8724
31.275 -2.19 0.97 5.6113
21.5 -5.69 0.5 4.2377
24.85 -5.14 2.2 3.1534
7.85 -1.53 1.6 1.7408
1.85 -1.63 4.66 0.5944
0 -1.63 8.91 0.9616
0 -0.32 7.3 1.6887
0 1.27 12.64 2.3508
0 2.76 20.43 1.9045
0 3.17 22.07 0.7912
0 -0.1 16.05 1.7491
0 -0.36 14.53 1.9773
0 0.28 17.71 1.167
1.525 0.58 16.85 1.2673
6.775 -2.32 15.84 3.4968
4.6 -7.44 1.38 1.5604
0.65 -7.42 1.18 1.2295
0 -6.72 6.61 0.379
0 -4.25 11.15 1.4067
0.05 -1.84 12.26 1.1042
0.675 -1.57 12.95 2.7341
0.425 -4.46 4.89 0.4843
0 -4.17 12.11 0.759
0 0.23 16.38 1.0558
0.175 1.63 18.88 2.0223
0.25 3.81 18.79 2.7687
0.175 4.45 15.85 1.4662
0.65 2.51 15.32 1.9184
5.925 3.56 11.48 2.0338
1.375 -0.5 12.15 0.84
1.375 -0.26 11.81 0.9474
1.25 1.67 10.16 2.2954
0.675 0.65 9.73 2.4591
0.075 -2.2 11.97 2.2025
0 -0.48 14.05 0.7665
0 0.76 16.55 2.1911
0 -1.16 15.42 4.1976
0 -2.41 13.55 3.3833
0 -1.3 14.22 1.915
0 1.29 16.68 0.5802
0 2.75 18.61 0.8173
0 5.3 19.79 3.0612
0 7.1 22.65 0.8919
0 6.7 23.77 1.3365
0 5.75 22.09 1.9119
0.05 3.22 17.82 2.8044
1.75 -0.93 8.02 2.9562
1.575 -1.88 7.33 2.4515
0 1.56 14.54 1.6491
0 4 17.7 1.0206
0 4.7 20.09 0.5415
13.975 5.39 20.9 2.9784
16.25 -2.65 10.82 3.0017
7.625 -3.25 3.41 1.2375
26.725 -1.69 5.52 3.4836
10.7 -1.1 2.7 2.1794
0.95 -1.43 7.23 3.0562
0.025 -1.09 14.78 1.492
0 3.94 17.73 1.9205
0 3.14 17.65 2.8689
0 1.56 16.38 4.2496
0 1.31 14.6 2.2468
1.825 3.07 15.87 2.9439
0.55 -0.12 13 2.3223
0.35 0.84 13.41 3.3262
3.5 1.28 13.25 4.094
3.575 -1.07 9.89 4.5859
0.575 0.05 10.99 2.9364
0.975 1.19 12.67 2.8123
1.375 1.34 13.22 2.893
1.275 -1.44 8.03 1.657
0.275 -0.24 10.97 0.9084
6.15 1.82 12.24 2.9626
16.775 5.52 7.83 1.3424
8.25 1.81 13.31 3.7342
0.275 1.63 9.67 1.8521
0 3.37 15.21 2.8477
0 4.97 18.89 1.4364
0 6.75 21.51 2.2721
0 6.67 21.43 2.9819
0 5.33 18.67 2.6809
0 6.4 20.15 2.6962
0 8.21 24 1.6846
0 9.43 26.04 1.8508
0 9.02 25.22 2.1416
0 7.17 22.26 1.0561
0 8.47 22.37 2.9109
0 7.65 23.53 2.1477
0 8.96 23.21 0.3871
0 10.88 26.56 0.5548
0 12.65 29.39 2.5462
0 11.63 29.12 2.8029
0 9.95 26.59 2.4923
0 7.8 24.53 2.5625
0 8.11 23.58 2.2311
0.575 9.52 24.68 2.1725
24.825 9.46 24.92 2.7473
14.15 6.34 21.57 2.5426
1.15 4.37 15.19 2.2486
0 7.82 20.58 0.8906
0 8.69 25.87 0.8057
0 12.18 28.5 0.7825
0 12.89 29.22 1.5765
0 13.28 28.62 1.6988
0 14.36 28.48 2.4786
0 14.45 28.62 2.9759
0 12.75 27.22 2.1
0 12.58 27.53 2.4189
0 10.5 27 2.1815
0 9.16 25.93 2.5054
0 8.96 23.22 2.6835
0 8.29 22.45 3.2418
0 7.88 20.04 2.7145
0 8.27 19.61 3.2711
0 6.8 19.98 3.3439
0 7.45 21.63 2.156
0 7.82 23.3 1.46
0 8.79 23.43 1.9701
0 9.1 24.36 1.1976
0 9.96 25.21 2.2538
0 10.28 27.31 2.792
0 10.78 27.26 1.8567
0 11.79 27.73 2.1903
0 10.21 28.89 2.2498
0 9.67 27.74 1.7284
0 9.72 27.17 1.6209
0 10.97 26.9 1.3338
0 11.82 30 2.2241
0 12.86 30.15 3.2045
0 14.59 29.86 2.2693
0 13.07 26.89 1.7247
0 12.43 27.62 1.9305
0 11.99 28.5 2.1236
0 10.73 28.32 3.2196
0 9.55 24.43 2.3467
0 10.48 25.15 3.1981
0 10.59 24.91 2.6323
0 10.45 27.24 1.9146
0 9.94 25.96 2.027
0 9.95 26.79 2.1474
0 10.75 26.8 2.6902
0 9.96 27.56 1.5968
0 10.57 26.66 1.5247
0 12.25 28.55 2.1483
0 10.37 27.55 1.4034
0 9.99 27.05 0.8932
0 9.05 27.42 1.7549
0 10.06 28.16 1.4823
0 10.28 27.53 2.5782
0 9.97 25.31 2.2055
0 9.16 24.82 1.8216
0 8.66 24.53 1.312
0 10.4 25.72 0.8656
0 10.87 27.84 2.0635
0 12.16 28.09 1.3528
0 12.38 28.11 0.9903
0 12.98 29.46 1.099
0 13.21 29.54 1.5413
0 12.24 29.85 1.6758
0 11.05 28.64 1.9505
0 9.6 26.9 1.8024
0 9.95 25.96 0.6775
0 10.79 25.72 1.0345
0 11.19 27.56 0.7646
0 11.74 27.37 0.8378
0 12.54 28.39 1.9247
0 10.85 28.72 0.4382
0 11.52 27.7 0.8918
0.45 12.18 28.42 0.8299
0.45 12.08 28.62 1.8497
0.775 10.42 28.82 1.0612
2.45 10.92 24.91 1.7642
4.1 8.57 19.68 1.5951
4.025 9 23.68 0.7262
3.45 8.29 24.05 1.3106
0 9.75 23.1 2.5703
0 7.69 23.14 1.7399
0 6.92 20.43 1.6385
0 6.83 20.45 0.5335
0 8.13 25.61 0.2144
0 10.14 28.32 0.8773
0 10.72 27 0.5672
1.175 11.97 27.56 0.4668
0 11.64 29.95 0.6765
0 12.22 30.24 1.6062
2.05 9.78 26.81 2.4114
0 6.91 18.41 1.7177
0 7.83 22.54 0.3656
0 10.61 26.42 0.5609
0 8.65 25.41 1.028
0 11.1 26.93 1.4926
0 8.51 24.28 2.5831
0 8.21 20.15 2.0607
0 7.23 21 2.1858
15.075 2.94 17.04 2.3651
21.525 2.15 12.06 4.0251
5.75 -0.42 4.88 0.8501
1.325 -1.69 5.27 0.861
0 -0.99 10.62 1.4503
0 1.53 14.33 1.2408
4.3 4.49 16.55 1.7639
3.2 6.85 12.01 1.916
0 4.79 17.55 0.9636
0 5.63 21.92 0.597
0 8.6 22.93 0.429
0 7.19 23.46 1.183
0 8.07 23.02 1.4946
0 8.06 20.35 1.8698
0 8.26 21.67 1.8534
0 7.08 22.64 0.8147
0 6.09 19.26 0.5298
0 5.55 20.72 0.4986
0 5.06 18.93 2.5564
0 5.98 20.81 1.9744
0 6.19 22.23 2.069
0 5 19.32 1.4124
0 2.66 14.68 3.4718
0 0.35 14.05 3.4341
0 1.57 14.15 2.0477
0 3 15.98 0.9981
0 3.95 17.81 2.184
0 3.64 18.9 0.1788
0 2.68 18.67 3.8222
0.075 2.95 15.4 4.1367
4.775 0.8 16.24 3.9306
5.425 -3.22 14.67 1.8826
6.375 -5.85 2.83 0.7816
4.425 -5.37 2.59 1.657
0.075 -5.45 3.04 1.0313
0 -5.58 3.79 2.2177
0 -3.37 7.72 3.108
0.25 -2.54 10.08 2.8009
2.075 -0.15 12.52 3.1428
1.9 1.98 10.15 0.7735
0 0.84 10.53 0.2282
0 2.39 10.53 0.506
0 -0.3 10.23 0.454
0 -0.14 11.36 0.9151
0.125 -0.56 11.8 1.3842
2.075 0.3 11.31 3.7602
3.85 -2.77 3.91 2.3628
3.15 -2.53 3.23 3.9268
1.375 -4.66 4.22 1.7696
0 -3.65 5.62 2.5902
0 -2.54 6.67 3.8037
0.25 -2.31 10.75 2.4625
0.1 -1.49 7.07 0.7683
0 -0.27 9.74 2.8682
0 1.61 13.76 2.2828
0.025 2.03 15.08 1.0958
0.025 2.72 12.61 1.831
0 -1.01 14.91 3.6892
0 -2.78 11.12 8.4227
0 -2 8.31 3.7366
0 -3.54 10.62 4.2241
0 -5.23 7.95 2.901
0 -5.36 6.41 3.4908
0 -5.83 6.72 3.0459
0 -5.11 6.74 3.5775
0 -3.3 8.71 3.7839
0 -2.73 9.06 4.4174
0 -2.63 11.12 3.1932
0 -4.41 9.62 1.0462
0 -5.44 7.34 1.6339
0 -5.7 6.91 1.5146
0.1 -5.68 5.28 0.9132
0.475 -5.46 5.91 0.7889
0.2 -4.7 5.03 5.5567
0 -2.23 10.3 4.773
0 -4.06 10.66 2.8341
0 -3.97 7.85 4.8591
0 -4.31 7.79 4.5194
0 -5.26 7.68 3.6678
0 -5.57 7.62 4.4755
0 -4.42 8.38 3.9361
0 -3.63 8.77 5.0496
0 -2.44 11.07 3.3772
0 -1.99 11.47 1.4084
0 -2.08 11.35 0.9998
0 -1.14 11.34 1.0338
0 1.76 13.93 0.9181
0 0.36 11.45 1.6947
0 -2.33 9.62 2.4114
