0.825 -0.75 12.36 1.5601
7.05 -1.09 6.74 1.1874
3.5 -1.39 10.18 1.7537
0.4 -3.82 7.13 3.8071
1.825 -3.88 7.98 1.857
0.85 2.41 4.82 0.3717
0 1.05 7.09 1.5062
0 1.71 9.6 0.8487
0 1.06 12.08 4.1866
0 -0.51 10.9 3.4855
0 -0.8 16.18 2.5211
0 0.09 14.94 5.4052
0 1.85 17.12 4.0579
0 -0.14 19.47 3.7491
0 0.24 19.33 3.934
0 0.3 20.57 4.9302
0 0.94 19.2 4.2232
0 0.97 19.3 4.7263
0 1.02 19.49 4.8886
0.025 0.68 18.85 3.4496
7.025 1.71 18.84 2.7076
19.875 7.01 17.59 2.1113
23.9 8.8 11.2 1.6703
39.1 7.35 12.29 2.2463
11.275 2.55 10.87 3.3585
2.1 -2.49 4.27 0.9623
0.15 -4.17 7.21 1.261
0 -3.71 8.23 1.5174
0 -1.1 11.75 4.1179
0 -1.02 14.55 4.439
0 0.84 17.93 2.9916
0 1.09 17.35 3.0249
0 0.83 14.83 4.0271
0 0.87 19.42 3.817
0 2.25 21 3.0042
3.25 3.58 20.3 2.6833
7.9 5.21 11.18 3.0866
3.175 2.67 11.61 2.7383
11.65 1.82 12.23 1.2868
7.175 -0.16 10.14 3.3837
3.875 -5.82 6 0.3793
8.475 -5.35 7.52 2.5947
4.825 -1.27 7.91 1.3755
15.45 -1.75 7.88 3.085
8.025 -0.19 5.13 3.6576
2.125 1.53 7.97 6.199
15.875 2.78 8.46 5.5124
12.375 2.45 7.67 4.4841
2.3 -0.15 5.39 1.5027
0 -1.71 10.56 3.5252
0 -1.24 14.92 2.7197
4.225 -0.89 16.17 3.763
13.775 0.18 14.32 3.954
10.275 7.49 10.42 2.8574
2.525 4.57 11.61 1.5213
1.05 4.51 15.86 1.5225
0.725 3.73 12.8 2.3871
0.15 0.12 14.05 0.3959
0 0.59 14.65 3.6104
9.45 3.86 16.79 2.8847
27.025 7.94 13.75 4.1043
46.075 5.73 13.61 4.9347
18.6 1.79 9.58 2.7241
0.325 -2.25 9.24 0.991
0.125 -1.66 10.33 1.8689
0 -2.59 9 0.351
0 -2.46 12.02 1.384
0 -0.41 13.71 2.6502
0 -3.54 9.35 0.5138
0 -3.41 11.65 0.5739
0 -0.49 14.12 1.9348
0 -0.18 15.78 2.0887
0 0.21 17.02 1.3487
0 1.37 14.08 2.2892
0 3.35 16.18 2.6679
0 3.78 17.82 1.1016
0 4.01 19.03 1.2843
0 4.64 20.23 1.1577
0.075 4.78 21.38 0.8624
11.275 5.15 20.78 1.7102
8.625 2.01 14.77 3.9915
1.2 -3.28 7.62 2.2929
0 -2.68 10.9 1.9304
0 -0.99 15.46 0.7714
0 1.83 18.04 1.987
0 4.36 20.17 1.988
0 4.74 20.55 1.4356
0 4.73 21.83 3.4601
0 0.25 15.69 2.0308
0 -0.13 15.71 0.4598
0 2.26 18.28 2.8228
0 3.61 21.36 2.5871
0 2.78 17.06 5.1823
0 -1.35 13.82 1.9592
0 -1.03 16.02 2.6133
0 1.27 21.06 2.0189
11.375 3.33 23.09 1.1923
10.125 3.52 18.08 2.84
7.725 2.79 11.03 1.7425
4.35 3.94 11.52 2.3388
0.7 1.83 12.07 3.7212
0 2.34 14.74 1.6494
0 3.52 18.71 2.3607
0 5.09 18.32 4.9431
0 -2.78 10.89 5.7762
0 -1.77 11.48 2.9864
0 0.52 17.46 1.553
0 2.73 21.26 2.5836
0 4 24.53 2.5835
0 8.97 28.79 1.5085
0 10 29.78 1.2267
0 9.7 30.96 1.8553
0.025 8.44 30.13 2.4446
0.425 7.44 22.76 3.2231
0.225 0.09 14.29 3.3867
0 1.04 17.26 2.0626
0 3.07 18.71 2.3158
0 0.77 17.41 3.0637
0 0.41 14.85 1.7747
0.625 1.73 17.76 1.9524
40.2 4.11 20.77 1.7929
23.75 9.42 17.91 2.4306
3.5 9.41 15.04 3.551
2.425 8.04 16.87 1.8255
0.6 10.21 19.63 3.537
0 8.74 22.53 1.9662
0 8.24 24.37 3.0092
0 7.97 23.54 1.9102
0 8.1 24.93 1.6633
0 8.3 25.94 1.3082
0 8.52 27.29 3.0756
0 6.59 25.83 3.3439
0 6.91 23.58 2.814
0 7.51 25.85 3.1979
0 8.94 25.25 2.0979
0 10.86 28.6 1.4575
0 13.86 33.6 0.3036
0.25 13.82 35.72 2.2135
0.15 14.14 34.71 2.4521
0 10.16 28.73 1.5494
0 9.28 27.67 1.0755
0 10.29 28.71 2.4626
0 10.61 29 3.0087
0 9.1 27.29 2.7807
0 8.3 25.91 2.143
0 10.74 27.13 1.6104
0 11.84 29.69 1.0331
0.1 13.35 32.46 2.13
0.05 13.77 32.47 2.5231
2.775 14.66 31.97 3.0738
1.65 13.2 27.58 2.2981
0 12.56 28.49 2.2246
0 11.27 25.77 2.3314
0.75 11.59 24.63 0.468
4.475 9.83 24.72 2.155
4.425 8.04 21.73 3.2278
3.35 5.94 17.01 2.0843
1.2 7.45 19.2 2.6534
0 8.73 23.61 2.6022
0 8.52 24.92 3.4073
0 8.84 23.49 3.0406
0 7.96 22.18 3.3901
0.625 8.89 24.06 2.4885
0.65 10.94 21.95 3.4823
0.15 8.35 22.41 2.3898
0 8.2 23.66 2.482
0 9.23 23.66 2.6504
0 11.03 25.18 3.1395
0 11.61 28.08 2.0442
0 12.93 31.63 2.8151
0 9.24 30.77 3.2403
0 7.38 25.77 3.3271
0 8.39 24.32 1.4577
0 9.95 28.34 0.7053
0 12.41 32.15 1.5933
0 13.59 33.78 2.6917
0 12.53 31.66 1.818
0 13.76 32.33 0.9596
0 14.97 37.21 0.7855
0.125 16.41 38.57 2.8571
0.075 15.95 38.49 2.7977
0 15.31 35.04 2.2653
0 15.8 35.14 1.8298
0 14.23 34.63 2.7854
0 13.62 34.7 2.4996
0 13.09 32.2 2.7077
0 12.28 30.81 2.4825
0 10.01 29.91 2.6806
0 9.27 29.26 2.6253
0 10.28 28.9 2.6419
0 10.43 29.37 1.9949
0 11.74 30.52 1.7962
0 14.29 31.28 2.2369
0 13.35 31.69 1.5683
0 13.51 34.16 0.7098
0 14.49 35.11 1.5461
0 15.6 37.02 1.8265
0 16.49 36.91 1.723
0 17.65 38.24 2.0016
0 17.65 38.76 1.5458
0 18.38 39.06 2.4289
0 16.04 37.25 2.5461
0 15.01 35.48 2.4175
0 15.29 35 2.1014
0 15.3 34.64 2.1128
0 14.24 33.77 2.2076
0 13.9 34.34 1.959
0 16.75 36.58 1.898
0 17.55 37.38 2.2477
0 17.75 35.99 2.9249
0 17.57 34.38 2.6749
0 16.06 34.38 2.8174
0 16.22 33.46 2.6114
0 15.51 33.66 2.9301
0 12.75 31 2.464
0 13.14 30.34 2.0129
0 14.03 31.53 2.2533
0 11.42 29.56 2.9291
0 8.49 22.9 1.9008
0 9.79 25.31 1.5425
0 11.99 29.92 0.6498
0 14.18 32.47 1.2788
0 15.61 34.99 2.9749
0 14.71 35.91 2.8125
0 13.76 34.6 3.1035
0 12.57 32.1 3.1544
0 9.81 29.85 1.5533
0 10.04 29.93 0.565
0 12.86 32.28 0.8754
0 14.08 33.76 0.8726
0 14.74 35.57 1.3291
0 15.66 35.15 2.2856
0 16.51 34.71 2.1856
0.95 15.84 36.93 2.2577
1.125 15.35 33.89 2.8134
0.325 13.5 29.66 1.586
0 12.43 29.98 1.4915
0 12.01 31.65 0.4221
0 11.81 33.37 1.5804
0 12.54 34.56 1.4739
0 14.05 34.77 1.4518
0 13.92 36.4 2.608
0 15.63 34.87 1.6203
0 14.81 33 0.7168
0 14.21 34.35 0.44
0 15.31 35.58 1.644
0 14.99 35.32 2.3418
0 11.34 32.41 2.0693
0 11.05 29.88 2.0639
0 10.28 27.24 1.7499
0 10.37 28.79 0.5286
0 10.98 29.6 0.999
0 13.04 32.6 0.4473
0 13.34 34.47 1.0279
0.125 14.94 35.82 1.8683
0.475 12.49 31.64 2.1166
1.125 11.85 25.24 2.651
0.45 10.03 22.7 1.6279
0 10.07 27.6 1.6086
0 12.34 30.29 0.6167
0 12.9 31.53 0.9677
0 14.08 34.69 2.0023
0 12.44 32.52 0.9584
0 12.61 31.51 2.067
0 13.47 33.79 2.1794
0 13.16 34.57 1.312
0 12.45 34.32 0.7159
0 12.49 33.62 0.7969
0 13.48 35.09 1.158
0 13.2 35.98 0.428
0 13.86 35.67 1.9525
0 13.69 32.4 2.5047
0 3.59 18.77 2.3917
0 3.89 22.21 2.3867
0 5.08 24.58 0.7856
0.3 6.39 25.67 3.1706
0.25 4.18 20.98 3.3896
0.05 0.71 13.8 0.3261
0 0.46 17.91 2.6363
0 2.78 21.47 1.3235
0 4.23 21.83 1.3484
0 4.91 23.3 0.6745
0 6.03 23.92 0.4966
0 5.55 24.29 1.8033
5.225 6.35 22.71 1.9521
43.675 6.1 16.77 6.8083
24.3 10.13 15.04 4.2825
1.05 12.19 19.92 1.0193
0 10.75 24.61 2.2192
0 10.15 24.61 1.0806
0 13.33 27.64 1.6649
0.65 8.31 22.81 2.1012
0.35 3.87 16.38 1.7093
0 4.05 17.42 1.0596
0 5.41 20.96 0.676
0 6.62 22.2 1.182
0 8.45 23.89 1.2863
0 7.38 22.76 1.6531
0 7.11 22.2 1.139
0 7.53 23.22 4.5364
0 3.08 17.35 4.8656
0 -0.07 14.67 0.7501
0 0.05 15.04 0.1308
0 2.52 19.96 0.8409
0 4.06 21.97 0.9054
0 6.53 22.86 1.2583
0 6.86 24.58 1.1469
0 6.17 26.05 1.7616
0 5.46 25.06 2.3612
0 4.09 18.79 0.5944
0 4.46 18.6 1.704
0 1.99 16.94 1.895
0 2.23 17.01 1.0925
0 2.99 17.97 0.7372
2.5 5.18 17.9 0.3838
3.3 5.35 15.84 2.013
0.975 -0.19 11.83 1.3445
0 -0.16 12.77 1.1241
0 -0.04 13.93 2.7499
0 0.08 15.17 2.0223
1.45 1.66 18.44 1.3803
0.725 1.72 18.98 1.9495
0.25 0.24 14.11 2.2624
10.8 0.41 15.21 3.5693
5.475 0.58 15.06 1.1625
0 0.77 11.88 0.482
0 0.46 14.57 2.0819
0 1.05 13.59 3.5949
0 1.57 16.48 3.8683
0.325 1.86 19.09 2.5011
2.225 2.41 19.65 1.0605
1.05 2.53 12.04 5.1122
0 0.57 14.21 4.8456
0 0.33 13.15 3.9152
0 0.7 16.55 1.6335
0 0.24 15.65 2.0752
0 -1.08 14.88 2.006
0 -0.65 13.63 2.0368
0 -0.44 14.89 1.061
9.925 -2.7 10.65 2.114
13.325 -2.85 6.22 0.769
4.05 -8.31 3.05 0.6454
0 -7.91 3.64 1.9529
8.675 -7.02 5.54 3.2566
27.925 -0.55 8.79 2.9587
40.825 4.88 9.45 3.8142
26.475 4.18 9.8 4.065
5.6 3.39 7.18 0.7026
0 0.45 9.89 3.2776
0 2.22 12.5 2.6956
0 2.23 13.29 2.244
0 0.89 13.39 2.7528
0 1.26 8.8 4.1184
0.8 1.67 13.61 2.8795
15.6 3.16 16.22 1.7809
9.1 0.4 10.94 3.6599
0.15 -3.78 7.23 2.3302
0 -2.57 8.55 3.9595
0 -1.6 12.22 4.0018
5.475 -0.86 14.06 4.1289
4.375 -0.57 10.98 2.0817
2 0.7 10.38 3.034
5.175 0.43 9.38 0.8033
2.5 3.81 9.53 1.4704
0 1.73 9.31 2.6612
0 1.53 11.51 2.1947
0 1.75 12.68 1.1935
0 0.7 14.48 3.9426
0 -0.3 15.69 2.9217
0 0.01 16.98 2.7995
0 0.71 13.3 3.1129
0 1.07 13.92 2.63
0.8 2.45 13.92 2.9938
1.075 3.6 14.55 2.4129
0.375 3.75 10.41 2.4429
0.525 3.75 9.89 3.2274
15.125 4.04 17.53 4.5978
8.575 5.68 14.59 2.0443
0.25 -0.88 11.84 1.2952
0 -0.15 12.81 3.3133
0.5 1.27 15.36 2.3702
12.6 1.3 16.13 2.7335
23.35 4.84 12.28 4.9025
22.075 6.45 9 5.6519
28.825 2.75 7.39 6.5912
28.4 0.82 7.31 3.9455
18.9 -0.33 6.13 3.6841
5.6 -1.14 3.3 1.0109
1.1 -2.3 8.29 2.4512
3.225 -1 7.6 4.23
1.4 3.87 9.16 2.9967
0 0.67 11.42 1.2851
0 -0.13 11.81 2.7367
1.4 1.23 12.1 3.227
1.625 2.24 13.98 1.3053
0.425 -1.4 12.16 1.2109
0 -1.74 12.08 1.7626
0 0.27 13.11 2.0916
0 2 13.17 0.6472
7.45 2 13.89 2.979
8.225 4.22 12.8 3.4042
11.425 6.13 10.98 1.6755
4.7 3.72 7.89 2.4909
1.725 3.55 7.87 1.3176
2.825 3.42 9.13 1.9162
0.975 -1.07 8.47 0.6252
0 -0.9 10.43 1.195
0 2.32 11.11 1.3394
0 1.25 15.36 1.4361
0 1.81 16.48 1.5354
0 1.6 16.77 1.1286
0 2.89 16.22 1.7206
0 3.66 17.74 2.4205
0 2.67 19.5 0.9565
0.475 2.34 17.44 1.1297
3.1 4.56 13.08 2.1951
8.525 3.91 9.78 2.8757
3.925 -2.16 6.89 2.1266
20.425 -1.86 11.53 3.825
15.775 2.1 8.98 2.6965
2.45 -0.13 9.44 0.8453
22.1 0.46 13.89 4.5723
13.05 4.16 14.75 1.2468
0.625 1.17 10.05 0.4053
0.325 1.38 14.02 2.2292
7.675 3.99 16.39 2.692
20.55 4.47 8.93 3.2863
9.025 0.08 7.71 2.7997
0.125 -1.85 8.2 1.3032
0 -0.54 11.29 2.4473
0.15 0.67 14.88 1.0288
1.25 3.77 13.75 2.5879
3.25 -3.99 7.59 3.7129
1.35 -2.63 9.21 2.1577
0 -2.37 8.84 0.3648
17.525 -1.54 13.03 2.143
9.55 -1.07 12.32 2.4363
0 -1.87 11.63 2.5209
0 -1.17 14.06 3.6632
0 1.51 20.28 1.3236
0 3.56 22.17 0.8899
0 4.31 21.93 2.8568
0 0.93 22.58 2.1695
0 2.89 23.46 1.857
0 4.41 21.9 0.3931
0 3.35 20.22 1.618
0 1.77 18.52 1.9179
0.5 1.54 18.61 1.8814
2.025 2.85 19.58 2.2635
0.925 -0.23 13.09 2.2691
0 0.41 15.85 2.6053
0 1.05 18.27 1.0993
2.8 3.25 20.69 2.4961
13.05 3.34 19.9 5.2037
7.05 0.69 9.52 2.7767
1 -2.13 9.65 0.8118
8.35 -1.55 11.87 2.1304
4.35 0.08 9.69 1.8355
23.175 -0.08 9.99 2.7964
12.6 0.42 9.21 2.9473
0 0.31 9.54 0.7644
0 -0.81 14.02 2.1503
0 1.67 18.39 0.6817
0 3.44 19.25 1.339
0.45 4.12 18.69 1.987
17.125 5.08 13.07 4.2884
22.5 3.52 10.11 4.4605
6.8 1.07 8.57 1.0876
0 1.49 13.45 0.6849
0 2.5 14.65 0.8241
0 3.07 18.64 2.1158
0 3.35 18.79 1.4335
0 3.92 20.79 1.1835
3.95 5.94 22.21 1.5566
21.875 6.5 20.51 2.5037
15.7 1.51 10.82 3.2255
3.025 3.02 6.92 1.9734
0.15 4.47 9.79 1.2862
0 5.68 20.33 0.9794
0 8.59 22.56 1.2812
0 6.72 24.61 0.8187
7.525 7.4 24.51 4.0264
6.75 1.88 14.14 4.7593
1.575 1.09 10.24 3.6948
0.025 -0.38 11.18 3.3665
0 1.16 16.66 1.9906
0 3.13 20.03 1.8965
0 5.85 23.38 0.9832
0 6.6 24.85 2.178
0 5.24 22.66 3.7155
0 2.47 18.94 2.3014
0 2.07 19.06 0.7706
0.025 3.96 21.6 2.7604
1.125 4.6 20.07 3.6503
11.65 5.17 13.06 3.0735
5.825 -0.68 10.18 3.7813
0 -0.04 14.73 2.093
0 3.66 20.65 1.0359
0 5.82 23.12 0.7099
0 6.84 24.52 0.5916
0.55 8.41 25.95 1.2502
1.925 10.21 25.73 1.9023
0.95 7.66 18.1 1.6265
0.075 8.76 19.42 1.5758
0.05 9.09 21.04 3.4288
0.125 3.59 20.63 4.2871
0.1 1.28 14.2 3.5971
0.025 1.78 12.68 4.1571
0.625 3.56 16.92 2.2897
7.1 2.84 16.15 1.5436
6.6 4.44 17.45 2.7933
8.375 6.46 15.84 2.2953
3.45 2.1 14.62 3.2946
0 2.8 16.23 1.8528
0 4.91 22.99 0.7457
0 9.68 26.74 2.513
0 10.98 25.35 2.972
0 10.02 23.5 2.4649
0 10.52 25.77 2.5231
0 12.76 26.13 2.5753
0 12.86 27.18 1.9634
0 13.62 29.87 2.8902
0 12.18 30.06 3.1414
0 11.35 27.63 2.6861
0 10.93 28.09 3.6912
0 5.82 24.18 4.6523
0 6.86 20.62 5.0349
0 8.96 25.45 3.6672
0 9.9 28.32 1.004
0 11 28.82 1.8112
0 11.79 31.54 2.83
0 8.18 27.82 3.1078
0 6.59 24.27 1.4366
0 7.42 27.71 2.448
0 7.25 25.62 3.1188
0 6.46 23.26 2.6473
0 7.65 25.1 1.8512
0 9.05 26.88 1.1615
0 10.95 29.72 1.9794
1.25 12.11 30.9 2.1905
0.625 12.98 28.39 2.7856
0 13.06 27.79 2.5474
0 14.31 30.9 1.1626
0 16.5 35.02 1.7076
0 15.71 37.18 3.0426
0 12.93 32.83 2.9525
0 10.11 30.68 2.7318
0 10.01 29.62 2.8976
0 11.37 28.4 2.3049
0 10.9 29.45 1.0304
0 11.86 32.14 1.9688
0 13.16 33.23 2.5407
0 13.87 30.97 2.4534
0 13.93 31.91 2.5
0 15.58 33.07 2.2688
0 15.11 33.95 1.8436
0 16.03 35.21 2.2323
0 16.72 34.27 3.1515
0 15.99 32.68 3.1651
0 15.34 31.14 1.821
0 15.95 33.46 1.5332
0 17.25 36.55 2.6769
0 18.12 37.65 2.7248
0 16.88 36.89 2.5722
0 14.87 37.03 2.1026
0 14.92 35.75 2.035
0 14.74 33.99 2.3674
0 13.45 32.45 1.0327
0 14.05 32.69 2.2956
0 15.29 33.8 2.1813
0 16.51 36.07 2.6746
0 16.41 34.77 2.7556
0 15.31 30.81 1.949
0 12.7 29.65 2.3492
0 13.24 31.11 2.1478
0 13 32.29 2.3551
0 12.84 32.13 2.3117
0 12.2 31.63 2.0131
0 12.62 31.68 2.3619
0 11.39 32.6 1.4709
0 12.28 33.01 1.958
0 13.07 32.97 2.0243
0 12.48 31.63 2.0658
0 12.57 31.26 2.5057
0.075 13.02 30.99 2.8242
0.05 13.06 29.27 1.9639
0 12.23 29.46 1.8639
0 12.18 29.76 2.1923
0 10.95 27.6 1.1279
0 11.57 29.14 1.5307
0 13.83 30.99 2.4445
0 13.49 31.07 2.8519
0 13.39 31.63 1.2273
0 14.04 33.8 1.527
0 13.76 33.94 1.6331
0 11.64 32.11 1.948
0 12.23 32.71 2.256
0 12.8 33.93 1.7991
0 10.05 31.84 1.7581
0 10.4 28.8 2.3445
0 11.35 33.48 1.9112
0 14.53 38.39 0.5394
0 17.8 39.04 2.1494
0 13.77 35.29 2.3546
0 9.64 31.4 2.7315
0 7.66 20.73 2.2882
0 7.7 22.11 2.4962
0 8.36 24.09 1.4406
0 9.27 27.51 0.8073
0 12.36 32 0.3593
0 13.41 35.11 1.2632
0 13.36 34.98 1.1665
0 16.76 35.17 2.0606
0 11.72 32 1.269
0 11.99 31.66 2.2016
0 10.5 30.44 2.7622
0 6.03 17.36 1.99
0 5.98 22.16 0.6988
0 7.44 26.03 0.6015
0 10.39 30.48 1.0172
0 10.85 30.38 1.6209
0 9.79 28.18 1.4216
0 9.79 28.16 1.0963
0 9.82 28.61 1.7502
0 9.97 28.96 1.5597
0 10.66 28.48 1.4547
0 10.58 27.43 1.3268
0 9.09 25.45 1.3151
0 8.72 26.13 1.1288
0 7.65 24.01 2.6872
0 7.28 21.26 1.189
0 7.63 26.58 0.6323
0 9.77 29.7 0.9686
0 16.37 34.24 0.6348
0 12.16 34.36 1.176
0 13.62 35.9 0.6612
0 14.45 37.65 0.5568
0 14.5 36.04 0.3586
0 14.47 33.18 0.4867
3.225 15.23 31.47 1.157
14.775 14.59 31.4 1.5241
14.425 11.45 23.4 1.5399
1.425 11.35 16.3 1.0904
2.025 6.95 16.64 0.7515
4.05 6.94 19.02 1.9954
0.075 5.99 18.12 0.7999
0 6.87 22.23 1.9336
0 8.23 24.17 1.6755
0 10.47 26.58 1.6057
0 11.25 27.15 2.1857
0 11.4 29.71 1.4628
0 11.43 30.59 0.6182
0 10.95 30.86 0.4962
0 10.9 30.17 1.0468
2.825 11.56 26.15 0.9229
1.325 7.85 19.98 1.1148
0 7.62 18.69 1.6068
0 7.8 23.04 0.8638
0 9.09 23.56 1.8678
2.475 7.69 20.4 1.5802
16.975 9.37 19.48 1.6651
45.65 10.41 14.66 4.729
18.675 5.95 14.19 3.4328
0.025 2.74 15.48 1.6617
0 1.21 16.44 2.8515
0 1.1 17.3 3.3996
3.475 6.88 21.65 2.1846
4.525 7.57 21.52 1.8325
1.25 4.41 11.9 0.9692
0 4.61 18.76 1.8627
0 5.3 20.4 3.0038
0 7.38 22.64 2.7353
0 8.89 26.87 1.8019
0 9.07 26.97 1.1391
0.15 8.71 26.45 2.0901
18.275 7.91 22.06 3.1102
9.65 2.16 11.41 2.5701
2.25 -0.29 11.76 0.6132
1.575 0.75 13.1 1.643
0.075 -0.06 11.65 2.433
0 0.8 14.35 1.4558
0 2.25 15.6 3.0435
0 3.47 16.66 1.6901
0 4.63 18.57 2.6238
0 4.63 19.72 1.193
0 4.29 19.12 1.9937
0 3 19.7 1.8222
20.65 3.23 19.32 2.4373
27.125 0.81 9.91 3.0715
21.775 -0.33 6.92 4.9451
12.55 0.16 4.93 2.9761
17.55 2.14 7.29 3.9336
7.8 -4 4.15 1.2406
0 -4.56 6.31 3.2082
1.65 -4.31 7.35 3.3308
13.975 -2.46 10.73 2.6347
7.7 -2.37 5.98 2.4622
0 -6.02 6.96 2.3969
0 -4.92 7.13 3.0699
0 -1.4 10.17 2.298
0 -0.6 13.43 2.6469
0.225 4 10.77 1.436
1.6 5.13 13.57 2.2931
15.8 5.33 13.19 2.4851
7.65 4.97 16.57 3.4356
0 1.87 13.69 2.2459
4.175 2.78 15.2 2.0814
4.675 4.9 12.34 1.0966
1.2 6.58 13.69 1.3938
0.025 4.64 15.27 0.4268
0 3.91 15.91 2.3433
0 2.77 15.97 1.3656
20.75 3.1 12.25 1.765
11.6 2.17 11.2 1.4971
3.625 -1.19 9.71 2.4272
43.675 -0.96 9.59 3.5753
51.725 4.38 9.76 5.2015
44.325 6.79 11.08 5.8658
19.125 2.98 11.74 2.3955
8.925 2.15 4.45 2.6706
7.975 2.42 9.26 2.2357
3.25 4.04 8.62 0.4414
0 1.68 11.36 3.0199
20.35 1.44 13.77 5.4141
10.55 0.81 12.93 2.0116
0.025 0.26 9.36 0.8799
52 0.45 10.55 2.2823
35.1 3.15 8.09 4.3535
3.725 -5.02 5.9 2.3528
1.725 -6.71 4.53 1.5246
20.3 -6.07 5.43 4.3426
18.5 -3.7 6.01 4.8846
5.95 0.06 6.01 2.5087
0 -2.42 6.65 3.2122
0 -2.2 9.56 3.8426
0 -1.38 10.94 5.1351
0 -1.61 9.96 3.514
0 -1.92 11.31 1.8132
0 -1.97 6.23 1.3889
0.05 -3.72 3.66 3.1004
2.825 -2.19 6.28 3.4221
1.975 2.39 12.67 2.1616
0.725 1.38 13.57 1.6533
0.25 3.8 11 1.2823
0 0.02 12.45 2.6564
0 2.65 13.2 0.9146
0 3.57 13.62 0.7677
0 3.47 11.8 2.4679
0 0.98 10.92 1.4903
0 0.51 13.83 4.1687
0 0.88 16.39 3.7394
0 1.11 15.95 2.7961
0 0.52 17.36 4.0032
0 0.52 17.43 1.9015
0 1.39 16.11 2.1922
0 1.99 17.19 4.9579
0 1.72 19.32 3.4545
0 1.62 18.66 1.7976
7.175 0.53 16.95 0.5263
8.6 0.16 13.81 1.8131
2.225 -0.7 8.37 1.3582
0 -0.9 9.54 1.7258
0 -2.63 12.04 3.0061
0 -2.28 12.37 2.0484
0 -0.66 12.68 2.5922
0 1.57 15.09 1.7171
0 1.2 16.73 1.9607
0 3.1 18.62 0.6782
0 -0.24 18.72 2.2751
0 -2.28 12.66 3.4889
0 -2.46 12.45 3.7443
0 -1.41 13.7 3.9001
0 -0.45 17.52 2.8518
0 -0.21 20.13 1.1588
0.425 -0.19 19.35 3.7083
12.3 4.76 13.72 4.4743
12.775 3.52 13.15 5.7455
29.075 0.21 5.78 4.6671
34.525 -0.31 5.04 2.8285
12.3 -0.75 7.08 3.319
0.925 -3.38 6.64 0.7512
0 -3.18 8.22 1.1372
0 -3.63 7.85 0.4671
0 -3.14 11.48 0.5989
6.625 -2.4 10.03 2.2459
15.475 -0.16 7.5 5.3794
6.25 -5.33 5.25 0.9608
0 -6.12 4.53 0.4114
0 -5.45 8.31 2.22
3.775 -4.77 11.97 1.785
13.65 -2.25 12.74 3.7841
5.675 5.62 13.97 1.3247
0.15 -0.9 13.84 1.4544
4.55 -0.04 15.15 0.6178
26.4 2.82 17.43 1.7152
14.375 4.49 9.49 4.2793
0.225 0.28 10.44 0.517
0 0.96 15.49 1.4698
0 3.6 17.76 0.8374
0 2.38 17.25 1.2801
0 2.27 14.29 0.5898
6.55 3.04 15.53 1.1503
5.125 5.41 14.35 1.162
18.85 6.26 17.43 1.325
12.8 6.95 17.79 2.3559
1.425 -0.94 11.17 0.9967
19.425 -1.07 12.94 3.5128
35.775 -0.22 9.92 4.7857
61.85 1.83 7.13 5.4938
31.6 0.1 5.52 2.3763
5.875 -0.48 8.38 1.3381
14.25 0.12 10.96 5.065
29.35 2.31 7.48 5.4783
22.175 -0.6 5.49 3.8346
17.125 0.82 9.56 3.0664
6.8 3.02 6.91 1.4328
0.575 3.42 11.56 0.7123
0 2.33 14.63 1.4465
0 2.84 16.53 2.0776
0 4.95 19.35 2.4041
0 5.77 23.83 1.7866
0 6.94 25.88 1.0082
0 2.66 19.87 1.5613
0 2.89 17.96 1.8223
0 4.16 21.5 1.4297
1.7 4.03 21.42 1.7915
7.175 2.8 19.72 3.4516
3.825 -1.55 6.95 1.5312
0.275 -2.89 7.53 1.3669
0 -2.64 12.36 0.5133
0 -0.29 15.2 1.6714
0 1.64 16.31 1.5817
0.525 1.75 16.59 2.6566
0.275 -0.71 10.73 0.6103
0 -0.77 16 0.7713
0 2.45 20.63 1.5514
0 3.3 22.29 2.2517
0.3 7.15 22.59 2.5791
0.15 8.81 19.03 1.5639
0.55 8.13 19.09 1.9491
2.55 8.83 17.63 2.0765
1.125 3.2 16.63 0.9352
0.6 3.61 16.14 1.0784
0.575 5.39 16.54 2.0899
0.325 5 15.97 2.2033
0.025 1.86 17.2 2.6585
0 2.2 18 0.9807
0 3 20.34 2.3348
0 3.94 19.59 4.5885
0 0.91 16.81 3.5077
0 1.36 19.66 1.8022
0 2.66 22.42 0.4797
0 5.58 24.47 0.9717
0 6.86 24.33 2.9568
0 8.42 27.48 0.8046
0 8.52 29.24 1.5101
0 7.75 26.92 1.9988
0.025 7.22 21.84 2.855
2.025 2.85 13 3.1188
1.05 1.31 13.29 2.5927
0 3.04 20.73 1.8058
0 6.69 23.07 1.2342
0 6.92 24.66 0.7315
13.225 7.88 25.44 2.8003
11.25 2.7 15.07 2.6104
4.2 1.14 10.32 1.3182
21.5 2.67 12.33 3.4703
11.9 4.63 9.68 2.2024
0.625 2.49 13.54 3.0516
0 2.98 20.34 1.7537
0 6.74 23.41 2.176
0 6.37 23.04 3.1783
0 5.15 21.19 4.5343
0 4.93 18.9 2.4995
2.175 5.61 21.07 2.6777
1.125 3.63 18.32 2.3186
0 4.27 18.79 3.1752
2.175 4.2 19.03 4.1159
1.65 4 14.97 4.7205
0.2 3.24 16.02 2.7693
0.3 4.08 18.78 2.4784
0.475 7.71 19.25 2.7403
0.25 2.89 14.23 1.6348
0.45 3.4 16.78 0.6025
7.625 4.01 17.57 3.2285
17 11.13 13.51 1.0633
7.825 7.48 19.3 3.2987
0.15 5.44 16.68 2.1065
0 6.43 21.02 3.0365
0 9.26 24.55 1.7076
0 9.78 26.59 2.642
0 9.41 26.23 3.1578
0 8.25 23.13 2.7389
0 8.93 25.35 2.7322
0 11.65 28.31 2.0815
0 12.52 31 2.0144
0 11.86 30.62 2.5993
0 10.41 27.25 1.5855
0 11.48 27.97 2.8322
0 11.12 28.71 2.1745
0 12.32 28.7 0.5331
0 13.72 32.19 0.6965
0 16.1 35.09 2.4989
0 13.81 34.6 2.5865
0 11.48 31.38 2.5448
0 10.22 29.51 2.6757
0 10.64 28.73 2.4416
0 11.91 30.16 2.4339
19.05 12.28 30.3 2.3146
10.125 10.28 24.71 2.3402
0.475 8.35 20.15 2.3443
0 10.29 26.07 1.3253
0 13.38 31.24 0.9664
0 14.94 34.33 0.7361
0 15.19 35.22 1.5326
0 15.97 34.73 1.79
0 16.75 34.65 2.5376
0 17.19 34.73 2.7627
0 15.58 33.45 2.1107
0 14.75 33.31 2.4892
0 12.62 32.43 2.2094
0 11.46 31.36 2.3434
0 11.35 28.29 2.4711
0 11.45 27.37 3.1204
0 10.98 25.03 2.7363
0 10.8 24.88 3.3226
0 10.2 24.93 3.1279
0 10.37 25.74 1.9831
0 11.17 27.41 1.1824
0 11.99 28.48 1.9099
0 12.4 29.74 1.5037
0 12.73 31.03 2.3063
0 13.18 32.02 2.7716
0 13.7 31.99 1.9102
0 14.79 32.19 1.8595
0 13.48 33.33 2.1191
0 11.93 31.85 1.9157
0 11.92 31.63 1.7107
0 12.76 32.18 1.6435
0 14.12 34.4 2.4359
0 14.55 34.49 3.0563
0 17.6 34.05 2.0779
0 16.7 31.25 1.4205
0 15.07 32.71 1.829
0 14.25 33.77 2.0728
0 13.07 33.35 3.0329
0 12.24 29.46 2.3947
0 12.93 30.35 3.0434
0 15.63 30.48 2.4375
0 12.55 31.29 1.8235
0 12.46 31.53 1.9414
0 12.06 31.68 2.2189
0 12.75 32.33 2.6624
0 12.61 31.22 1.8156
0 13.39 31.77 1.3145
0 14.65 33.4 2.0526
0 11.74 32.5 1.536
0 11.6 31.57 1.3112
0 11.81 32.11 1.7665
0 12.3 32.5 1.7415
0 12.65 32.74 2.6563
0 11.74 30.52 1.9701
0 11.46 29.68 1.4151
0 11.59 29.51 1.1339
0 12.58 30.99 0.9672
0 13.73 33.16 1.9769
0 14.69 33.3 1.1879
0 15.05 33.55 0.7365
0 15.15 34.79 1.0182
0 15.69 35.16 1.3625
0 14 35.01 1.7409
0 13.09 33.85 1.7886
0 11.77 31.82 1.7112
0 12.06 30.64 0.7694
0 12.7 30.99 0.7037
0 13.57 33.08 0.8376
0 14.52 32.97 0.9656
0 18.1 34.56 1.834
0 12.69 33.2 0.7734
0 13.11 34.13 1.0055
0 13.31 34.45 1.0231
0 14.53 33.58 1.5244
0.225 13.7 33.44 0.8798
0.875 14.14 32.65 1.6827
0.775 12.1 25.71 1.5744
1.1 12.3 28.53 0.7008
0.45 12.51 29.89 1.4287
0 12.93 29.51 2.4383
0 11.84 28.88 1.7321
0 9.55 25.82 1.7227
0 9.14 26.5 0.5207
0 10.95 29.99 0.3136
0 12.79 33.07 1.0106
0 13.47 33.49 0.6228
0.4 14.18 34.05 0.3916
0 13.7 35.03 0.5645
0 14.92 35.17 1.5768
0.725 12.7 31.03 2.2114
0 9.48 22.09 1.9963
0 9.62 26.27 0.6908
0 12.27 30.28 0.6264
0 12.32 31.73 1.0409
0 13.12 32.23 1.2813
0 10.85 28.71 2.2063
0 10.52 25.17 1.7763
0 9.58 25.15 1.8971
21.125 7.14 20.91 2.1865
16.05 7.1 18.11 3.6066
4.925 5.57 13.43 0.8542
1.525 2.1 11.7 0.8973
0 2.25 16.49 1.2488
0 3.27 20.36 1.1593
1.65 7.12 22.58 1.4896
1.175 10.4 18.09 1.6216
0 8.29 23.38 0.9775
0 8.26 26.14 0.6913
0 10.9 28.12 0.4302
0 10.56 27.78 0.939
0 10.61 28.09 1.2331
0 11 25.45 1.5792
0 10.71 26.93 1.4129
0 10.29 27.96 0.9838
0 11.7 25.3 0.7022
0 8.95 24.71 0.7541
0 8.83 24.49 2.2174
0 8.87 25.95 1.6569
0 8.57 27.48 1.8249
0 8.15 25.27 1.361
0 4.05 20.15 2.9457
0 2.94 18.82 3.1989
0 4.76 19.94 1.8869
0 5.32 21.38 1.0218
0 5.7 22.32 2.0576
0 6.34 24.15 0.3452
0 5.46 23.46 3.363
0 4.24 21.53 4.1121
3.925 3.35 21.11 3.434
2.825 1.44 19.22 1.7276
5.9 -2.27 9.56 0.4675
3.3 -1.98 9.95 1.4382
0.1 -1.76 9.32 0.8436
0 -1.78 10.06 2.102
0 -0.19 13.5 3.0961
0 0.26 15.64 3.1104
2.75 1.36 18.79 3.7131
1.625 6.86 16.8 0.8844
0 4.83 15.07 0.2886
0 6.76 16.44 0.8414
0 3.3 15.7 0.6746
0 3.06 17.08 0.947
0 2.91 17.32 0.9036
0.3 2.92 17.04 3.0472
3.525 0.36 10.29 2.1168
2.575 0.41 9.9 4.0822
0.475 -0.8 10.08 1.8229
0 -0.68 11.89 2.5919
0 -0.13 12.9 3.8027
0.25 -0.17 14.87 2.1104
0.1 1.82 12.14 0.7082
0 1.62 15.44 2.8071
0 2.1 17.58 2.3096
0 3.24 21.79 1.0624
0 3.22 17.62 1.6412
0 0.54 18.76 3.763
0 -0.09 15.84 7.9796
0 -0.46 14.03 3.4814
0 -1.09 13.93 4.1746
0 -2.74 12.92 2.7372
0 -3.13 11.28 3.4706
0 -3.33 12.08 3.0365
0 -3.04 12.42 3.3608
0 -1.94 13.64 3.2905
0 -1.7 13.04 4.2005
0 -1.65 15.49 3.1069
0 -2.43 15.22 0.7971
0 -1.82 11.67 1.5908
0 -2.57 11.16 1.4376
0 -2.88 11.3 1.0337
1.05 -3.15 11.08 0.8284
0.525 -2.54 9.39 5.1918
0 -1.32 12.05 4.4317
0 -2.21 14.99 2.6409
0 -2.24 13.32 4.4281
0 -2.43 11.67 4.2552
0 -3.09 11.68 3.4377
0 -4.6 12.42 4.5004
0 -4.1 12.65 3.9652
0 -3.5 11.75 4.8966
0 -3.08 15.47 3.4309
0 -1.69 16.33 1.2739
0 -1.74 14.98 1.1203
0 -0.97 14.89 1.2164
0 2.37 16.41 0.8862
0 1.58 15.42 1.116
0 -0.82 14.47 2.3634
