0.125 4.74 8.84 1.5626
3.425 5.69 8.01 0.9257
0.55 1.21 10.29 1.9002
0 -2.11 10.68 3.2449
1.025 3.01 8.35 1.7559
0.1 3.06 9.2 0.3209
0 0.69 8.73 1.4599
0 1.63 10.74 1.0972
0 2.46 13.13 3.8834
0 0.49 14.04 3.5423
0 0.06 15.84 2.506
0 0.68 17.06 5.1685
0 1.74 19.57 4.1522
0 1.66 19.46 3.7665
0 1.25 19.98 3.8525
0 2.82 19.81 4.8741
0 2.28 19.85 4.0232
0 2.34 20.21 4.4856
0 1.47 20.96 4.7212
0 2.01 20.21 3.3061
1.8 5.41 15.11 2.6407
10.075 9.84 15.15 2.0996
17.35 11.19 13.54 1.6961
3.7 10.44 16.13 1.8685
5.75 5.96 13.85 3.1704
0.3 3.81 11.57 1.2091
0 1.11 12.53 1.0852
0 0.64 13.68 1.5742
0 1.76 15.6 3.8339
0 1.83 17.53 4.2358
0 2.28 19.13 2.6532
0 3.04 17.9 2.6634
0 3.24 19.2 4.0429
0 2.92 20.41 3.7817
0 3.12 20.18 2.9523
5.625 9 16.78 2.9831
3.85 8.82 14.63 3.2743
0.45 7.32 16.32 2.4923
3.8 4.99 15.83 1.2587
1.425 4.42 12.47 3.0835
1.2 0 12.37 0.3124
4.925 4.8 12.88 2.3495
1.275 4.84 12.61 1.325
12.175 5.11 10.92 2.9137
1.4 5.62 12.6 3.6388
3.5 8.17 12.28 6.5365
11.4 8.21 12.78 5.4686
6.275 7.66 11.87 4.5031
0.2 3.39 14.31 1.6837
0 3.2 17.37 3.4979
0 4.48 18.15 2.7208
1.4 4.3 16.21 3.6149
2.65 10.56 15.88 4.251
9.5 10.59 17.97 3.0763
0.275 8.27 17.93 1.4084
0.05 9.61 18.42 1.5534
0.575 8.97 18.85 2.0335
0 5.47 17.03 0.5112
0 6.15 17.43 3.4494
2.65 10.77 16.76 3.0313
2.575 11.53 18.64 4.1508
6.075 9.57 16.21 4.9264
4.7 5.94 14.22 2.5087
0 3.06 15.16 1.1402
0.075 4.21 14.72 1.8643
0 3.05 15.83 0.3296
0 3.06 18.05 1.4589
0 4.44 13.47 2.7866
0 0.99 14.32 0.6986
0 1.19 16.94 0.4434
0 4.7 19.32 1.6656
0 4.44 20.7 1.6905
0 5.66 17.01 1.4228
0 6.92 19.71 2.0678
0 8.06 20.99 2.3828
0 8.95 20.95 1.1872
0 8.95 22.14 1.5994
0 10.04 25.47 1.5361
0 10 24.3 1.2179
2.875 8.78 19.68 1.5376
2.075 6.91 15.08 3.7869
0.1 3.79 14.98 2.5039
0 2.91 19.45 1.913
0 5.24 21.84 1.1921
0 9.31 24.22 2.2331
0 10.66 24.67 1.7794
0 9.73 26.18 1.4758
0 10.07 20.53 3.6659
0 6.81 20.03 2.1106
0 5.04 22.31 0.7652
0 10.32 24.7 3.1638
0 8.54 22.35 2.7073
0 7.66 19.72 5.1285
0 5.5 19.39 1.8694
0 4.69 24.29 2.3369
0 7.18 27.48 1.7538
9.8 9.27 20.71 1.2354
1.6 9.44 18.58 2.5516
4.625 9.35 15.2 1.7162
1.975 9.32 17.31 2.3991
0 5.8 19.7 3.7739
0 7.76 23.06 1.8764
0 9.62 22.68 2.6386
0 8.46 16.99 5.2246
0 5.81 17.03 5.5037
0 4.54 20.84 2.9334
0 6.69 25.01 1.5753
0 9.86 27.75 2.2096
0 11.15 32.03 2.2262
0 14.42 34.37 1.5013
0 15.18 34.93 1.3713
0 15.16 35.65 1.6459
0 12.57 27.24 2.0444
0 8.99 21.87 3.0719
0 5.2 22.31 3.3522
0 5.49 22.04 2.2663
0 7.51 21.73 2.274
0 4.93 18.58 2.9142
0 5.47 20.61 1.979
0 6.77 23.2 2.0599
20.2 12.5 22.12 1.6632
3.9 13.46 20.35 2.3927
0.375 14.2 22 3.2665
0.225 13.48 25.09 1.7357
0.325 16.3 26.84 3.2465
0 13.77 28.26 1.6979
0 12.86 27.83 3.2507
0 13.44 28.94 2.3007
0 12.71 30.61 2.2033
0 12.91 31.8 1.8226
0 14 31.01 3.2245
0 11.57 27.72 3.4321
0 12.47 28.41 3.215
0 13.83 29.51 3.3096
0 14.55 32.11 2.5474
0 15.41 36.47 1.3038
0 19.13 39.85 0.2163
0 19.86 37.94 2.0086
0 17.47 32.84 2.1956
0 13.77 29.84 1.5314
0 13.33 32.31 1.26
0 13.09 32.41 2.4141
0 12.43 29.18 2.9563
0 10.96 26.48 2.7897
0 10.47 29.82 2.4479
0 14.4 33.38 1.9454
0 17.74 35.69 1.2549
0 18.25 35.91 2.3
0 16.52 32.94 2.4174
0 14.03 30.9 2.7729
0 13.86 30.27 2.3816
0 13.7 28.62 2.4679
0.1 15.15 28.01 2.388
0.125 15.7 28.73 0.6344
0.25 13.24 26.5 2.194
1.325 13.48 22.63 2.7998
0.475 12.12 25.17 1.7757
0.15 12.37 27.87 2.5835
0 13.01 28.71 2.6224
0 12.37 26.91 3.3411
0 14.01 25.79 2.9575
0 13.25 26.69 3.4377
0 13.48 26.67 2.6464
0.5 15.43 26.98 3.3031
0 13.6 26.98 2.2917
0 13.52 26.27 2.4746
0 13.89 29.78 2.8855
0 14.4 29.76 3.2477
0 15.38 34.97 2.3918
0 17.71 34.32 3.0508
0 12.79 30.1 3.3421
0 11.13 27.53 3.4619
0 13.86 31.55 1.7728
0 15.04 35.05 0.8524
0 17.34 37.25 1.6792
0 15.76 35.12 2.6045
0 14.84 33.77 1.9329
0 17.98 39.14 1.1097
0 21.34 42.31 0.9907
0 21.57 41.61 2.6289
0 18.37 38.23 2.5995
0 18.02 36.52 2.2168
0 16.68 36.91 1.8874
0 16.03 36.91 2.6186
0 16.36 34.54 2.3842
0 15.8 32.43 2.556
0 13.15 31.71 2.4143
0 13.41 32.57 2.5429
0 14.08 32.02 2.7058
0 14.78 31.67 2.7553
0 13.9 32.43 2.1216
0 17.92 32.12 1.8021
0 18.89 33.42 2.2416
0 16.95 34.78 1.7832
0 17.71 38.17 0.7628
0 18.96 39.22 1.5642
0 20 39.05 1.6482
0 20.08 39.73 1.6373
0 21.87 40.45 1.9454
0 21.73 40.87 1.4319
0 20.68 39.11 2.404
0 18.72 36.41 2.5323
0 17.67 34.75 2.5389
0 16.72 35.14 2.1459
0 14.83 32.69 2.0778
0 14.19 33.95 2.1377
0 16.9 37.14 1.9436
0 19.69 38.5 2.0939
0 19.03 36.02 2.4876
0 17.01 34.08 3.0034
0 16.18 33.01 2.8102
0 16.41 33.55 3.052
0 17.51 34.54 2.7321
0 15.46 32.52 2.6955
0 15.06 31.18 2.1861
0 15.14 32.24 1.7718
0 16.17 31.93 2.0389
0 14.83 27.3 2.6373
0 13.81 28.13 1.9212
0 14.84 32.21 1.8164
0 16.79 35.43 1.1038
0 18.74 37.45 1.3613
0 19.73 36.17 2.8648
0 17.33 37.2 2.8323
0 19.13 34.93 3.199
0 17.48 31.62 3.1846
0 13.01 32.7 1.7834
0 14.97 34.88 0.8614
0 16.21 35.08 1.1274
0 16.44 35.45 0.8898
0 17.59 35.42 1.3853
0 15.38 32.69 2.3996
0 16.09 36.4 2.0528
0 19.26 36.4 2.1835
0.025 19 34.11 2.4043
0 14 31.97 1.5266
0 14.3 33.86 1.4457
0 15.7 34.58 0.3541
0 16.5 36.11 1.6919
0 16.64 37.86 1.8448
0 18.93 39.28 1.654
0 19 38.72 2.3286
0 17.36 33.05 1.2848
0 16.8 35.49 0.5677
0 20.43 36.48 0.7505
0 20.6 38.62 1.9085
0 17.62 35.51 2.571
0 13.25 31.02 2.0727
0 15.28 28.91 2.202
0 14.24 30.12 2.159
0 13.9 32.07 0.7968
0 15.2 33.37 1.1044
0 16.95 35.76 0.5739
0 17.36 37.3 1.1968
0.425 17.6 32.51 2.1739
0.075 14.77 27.35 1.8843
3.75 15.33 26.09 2.4205
0.125 14.05 28.73 1.8566
0 15.39 31.15 2.0127
0 15.45 32.98 1.0664
0 16.41 36.6 0.8038
0 18.35 35.48 1.7526
0 16.67 33.31 1.0694
0 16.99 35.33 1.6393
0 17.44 36.79 1.8835
0 16.55 36.75 1.2028
0 16.26 36 0.7287
0 15.79 35.65 0.813
0 16.07 37.24 1.098
0 16.82 37.4 0.3816
0 17.86 33.14 1.7309
0 14.18 24.39 2.5486
0 9.01 23.48 2.5254
0 10.23 26.27 2.2472
0 8.76 28.31 0.8991
0.025 10.95 25.03 3.2774
0 7.7 20.3 3.3348
0 6.98 20.91 0.3984
0 6.56 23.21 2.1382
0 8.31 26.83 1.0681
0 9.48 24.46 1.4029
0 8.89 25.1 0.6466
0 9.53 25.65 0.4163
0 9.81 23.16 1.6488
0.35 9.34 21.02 1.9375
39.4 12.92 17.96 6.9267
3.5 15.64 23.87 4.0766
0 17.59 26.67 1.1849
0 15.84 26.76 2.3771
0 14.15 26.68 1.2963
0 15.24 26.07 1.6056
0.15 10.68 19.68 1.8737
0.05 10.51 20.43 1.4895
0 9.3 22.57 1.1506
0 10.88 23.62 0.9445
0 11.13 25.41 1.3999
0 11.57 26.13 1.5264
0 12.41 25.37 1.5129
0 10.79 26.95 1.2205
0 11.56 19.76 4.7678
0 7.79 18 4.8106
0 4.71 18.42 0.7932
0 5.26 21.23 0.2711
0 6.33 22.63 0.8965
0 7.83 23.7 1.0539
0 8.44 25.2 1.2214
0 8.8 25.38 1.141
0 8.84 25.71 1.769
0 8.9 22.58 2.4418
0 8.35 22.61 0.4697
0 9.85 19.77 1.9448
0 5.65 18.86 1.9929
0 4.16 18.04 1.0135
0 7.34 18.2 0.8949
0.05 7.96 17.44 0.6737
0.325 8.21 17.3 2.1871
0.125 3.97 16.32 1.5496
0 3.63 16.4 1.239
0 1.47 17.51 2.444
0 1.94 19.27 1.8224
0.325 2.58 19.91 1.0031
0.15 5.9 17.01 2.3717
0 1.2 15.45 2.0477
2.525 3.5 17.83 3.172
1.05 3.24 13.32 1.3403
0 1.82 17.18 0.439
0 4.19 15.22 1.7761
0 2.09 17.39 3.2844
0 1.82 19.65 3.4558
0 3.05 20.55 2.2163
3.675 5.77 15.75 1.171
0.35 7.11 18.44 5.1349
0 1.67 16.05 4.5382
0 1.39 16.59 3.7103
0 1.47 17.28 1.3361
0 0.99 15.9 1.6321
0 0.84 14.91 1.6116
0 1.18 15.65 1.8001
0 1.86 12.57 1.1467
0.825 -3.4 10.03 1.6919
12.975 -1.23 7.55 0.7146
1 -3.78 7.82 0.3949
0 -2.56 7.71 1.9066
2.5 1.15 9.3 3.3459
13.1 5.12 11.56 3.1747
12.65 9.07 12.98 3.9071
5.35 7.03 13.54 3.6309
1.125 5.87 14.48 0.552
0 4.81 14.65 3.3525
1.25 7.49 14.98 2.8078
0 6.67 12.48 2.1735
0 6.07 11.37 2.6156
0 4.54 10.99 3.9741
0.075 4.54 13.76 2.8052
6.375 6.63 13.57 1.6411
1.4 5.08 12.2 3.7154
0.025 1.72 10.49 2.0263
0 -1.05 11.63 3.7743
0 -0.41 14.34 3.9445
1.55 1.84 10.96 4.0613
5.225 4.96 13.68 2.1249
1.25 5.64 9.25 2.8194
1.45 3.59 12.24 0.7589
0.55 7.63 14.08 1.3574
0 6.48 11.85 2.6467
0 5.92 14.26 2.1613
0.1 4.77 12.4 1.1841
0 6.9 10.96 3.8327
0 3.82 13.61 2.9352
0 4.48 10.96 2.9678
0 4.44 9.6 3.0877
0 2.55 8.73 2.3959
0.425 4.69 10.01 2.8333
0.15 6.15 10.24 2.4667
0.025 5.41 7.52 2.3583
0.1 5.68 8.98 3.2135
4.05 6.57 16.04 4.7203
12.75 9.04 17.48 2.0175
0.15 4.63 14.96 1.0801
0.1 4.16 11.37 3.1397
0.1 6.57 13.53 2.7117
11.4 6.5 13.57 2.7898
15.85 9.22 14.89 5.02
25.075 7.93 12.3 5.5816
18.3 7.74 12.74 6.4787
19.125 5.12 9.42 3.7486
5 3.24 10.61 3.3486
2.45 2.96 11.53 0.9987
0.15 2.11 10.06 2.499
2.3 5.99 11.05 4.4642
2.3 7.56 11.56 3.0402
0.1 5.28 13.99 1.102
0 3.53 13.9 2.4158
0.7 5.24 15.76 3.1244
1.05 6.29 15.82 1.0559
0.1 3.41 12.93 1.3222
0 3.28 15.76 1.73
0 6.35 13.22 2.1261
0.775 3.9 17.07 0.6174
4.45 7.43 14.79 3.0924
1.625 10 16.33 3.4011
9.225 9.26 12.56 1.6192
1.35 7.29 12.74 2.5463
1.65 8.05 13.68 1.1308
10.2 7.56 11.36 1.3093
0.325 3.35 14.32 0.7898
0 6.46 14.57 1.1385
0 6.02 17.82 1.4191
0 5.1 17.88 1.364
0 3.94 18.7 1.5071
0 4.62 19.57 1.3879
0 6.89 19.69 1.7999
0 7.05 20.29 2.29
0 6.95 19.52 0.8484
0 9.32 15.67 1.0085
0.425 7.29 15.3 2.1056
7.425 7.36 11.56 2.7629
0.475 5.16 13.52 1.8177
29.875 5.23 10.86 3.7342
4.95 8.64 14.92 2.5402
0.425 7.17 16.42 0.8717
7.775 7.84 17.82 4.4779
3.725 8.99 15.51 1.1078
0.1 4.62 17.29 0.4344
0 6.52 17.82 1.9434
2.9 7.43 15.59 2.7148
13.3 6.97 10.8 3.1906
2.15 5.28 13.68 2.5598
0 2.32 13.78 1.1422
0 7.21 16.54 2.26
0.05 5.3 18.82 1.2591
0.05 5.72 14.56 2.7124
0.1 3.29 12.66 3.6909
1.7 3.85 12.51 2.3252
0 1.29 16.01 0.2139
8.825 4.61 14.07 1.9733
1.05 3.14 13.99 2.5274
0 2.98 16.36 2.2356
0 3.94 19.16 3.2769
0 6.52 24.13 1.2778
0 10.42 24.27 1.1499
0 8.68 23.51 2.7575
0 5.86 25.18 2.1056
0 7.28 24.64 1.5547
0 7.82 22.29 0.405
0 9.01 20.42 1.9783
0 8.21 22.26 1.5858
0 6.37 23.2 1.4203
0 6.76 18.7 2.084
0 4.93 18.21 2.298
0 4.46 20.78 2.1653
0 6.64 24.62 0.8684
0 7.37 24.09 2.3011
1.175 7.29 17.57 4.734
0.95 5.64 14.67 2.5235
0.125 4.75 15.5 0.9204
2.975 4.01 14.26 1.9029
0.85 4.66 14.01 1.7342
13.05 3.99 13.27 2.7915
7.65 6.11 14.67 2.6007
0 4.81 17.38 0.9497
0 4.5 20.74 1.9015
0 7.28 21.79 1.2335
0 8.81 21.67 1.2535
0 8.35 18.08 2.0346
14.8 8.06 14.54 4.6918
9.9 7.67 15.58 4.2067
1.8 5.45 17.08 1.0971
0 6.46 18.97 0.7634
0 7.03 21.1 0.9321
0 9 22.26 1.6579
0 8.81 23.29 1.5602
0 8.14 25.5 1.1844
0.475 11.18 25.12 1.4349
25.95 8.08 16.23 2.288
10.05 6.75 11.33 3.457
1.05 7.26 15.01 2.2566
0.025 7.11 20.75 1.3805
0 9.39 24.18 1.344
0 11.19 27.51 1.3563
0 9.49 28.17 0.981
0.875 10.14 21.06 3.6532
1.55 6.4 15.6 4.3727
0 5.93 17.94 3.5976
0 7.57 20.21 3.5157
0 8.4 24.27 2.2707
0 11.5 26.65 2.0704
0 9.83 30.17 1.0986
0 11.79 26.36 2.4008
0 9.92 23.38 3.9669
0 8.56 22.88 2.5048
0 7.55 25.93 1.0172
0 9.08 23.97 2.7527
0.4 8.97 19.05 3.5801
3.15 8.28 16.68 2.7437
0.3 5.41 19.76 3.4982
0 7.57 24.85 2.1704
0 9.81 27 1.1308
0 11.03 28.48 0.9379
0 11.19 29.2 0.7684
0 12.43 27.2 1.2424
0.4 11.4 20.36 1.78
0.225 13.28 23.14 1.2352
0 12.07 23.73 1.501
0 10.5 23.96 3.5516
0 9.2 20 4.2781
0 6.6 18.16 3.5777
0 7.7 21 4.2323
0 8.08 21.38 2.2396
7.8 9.2 20.68 1.5633
5.75 10.16 22.18 2.4359
5.45 10.14 19.26 2.1337
0.15 7.43 20.38 3.0474
0 11.77 26.23 2.124
0 11.53 30.38 1.1494
0 15.25 29.12 2.5473
0 14.05 25.96 2.9833
0 13.31 30.17 2.4238
0 16.22 29.63 2.3833
0 17.17 30.58 2.3568
0 17.3 32.64 1.9756
0 17.86 33.37 2.8889
0 15.8 30.41 3.2543
0 14.01 30.47 2.9865
0 14.07 27.04 3.5293
0 11.42 25.04 4.7315
0 14.43 28.61 5.0136
0 15.06 32.08 3.4207
0 15.72 35.25 1.0598
0 16.02 36.14 1.899
0 14.42 30.74 2.7647
0 12.3 28.93 3.1682
0 12.18 30.81 1.9547
0 12.61 28.59 2.58
0 10.16 25.96 2.9792
0 9.61 27.33 2.792
0 12.55 30.62 2.1563
0 13.94 33.32 1.4579
0 17.17 34.27 2.2582
0.325 15.86 31.32 2.2442
0.9 13.9 29.5 2.8787
0 15.49 32.93 2.7333
0 19.3 37 1.5047
0 20.77 39.08 1.8854
0 20 36.36 2.8669
0 16.89 33.54 2.9624
0 12.4 31.44 2.8744
0 14.36 30.6 3.0661
0 15.74 32.8 2.6189
0 15.74 35.42 1.1104
0 16.91 35.56 2.0565
0 15.14 31.93 2.7041
0 13.8 32.39 2.5649
0 14.83 33.78 2.7474
0 15.26 34.69 2.4417
0 16.19 37.49 1.8579
0 17.24 35.76 2.0506
0 17.32 33.91 2.9909
0 15.46 32.24 2.9185
0 16.75 35.11 1.9442
0 20.83 37.88 1.8584
0 21.85 39.05 2.7041
0 20.88 38.54 2.6436
0 19.15 38.85 2.5512
0 17.47 36.95 2.2537
0 16.45 34.62 2.0571
0 15.57 32.69 2.0667
0 13.36 33.85 1.0962
0 15.47 35.08 2.3202
0 17.07 36.19 2.2734
0 17.92 34.91 2.7366
0 15.34 31.62 2.666
0 14.23 30.41 1.8856
0 13.08 30.25 2.1972
0 13.63 32.86 2.1776
0 15.26 33.58 2.2911
0 14.57 33.38 2.1955
0 14.01 33.5 1.9306
0 14.97 34.44 2.2308
0 14.67 34.61 1.4313
0 15.91 34.22 1.9678
0 14.11 32.32 2.0249
0 14.09 33.02 1.9913
0 14.3 32.88 2.4089
0 15.8 31.05 2.5988
0 14.46 31.48 1.7568
0 15.24 31.95 1.7108
0 13.82 28.72 2.0104
0 13.1 31.03 1.3184
0 16.57 32.34 1.7681
0 14.75 31.25 2.564
0 14.19 31.79 2.8579
0 15.2 35.19 1.4431
0 15.96 33.28 1.4639
0 14.46 31.86 1.502
0 13.73 33.5 1.9927
0 15.64 34.13 2.2429
0 14.3 29.84 1.6245
0 12.47 30.63 1.9257
0 14.09 33.56 2.1476
0 16.29 38.01 1.5833
0 18.51 40.99 0.4577
0 19.09 36.45 1.8451
0 15.73 32.77 2.281
0 11.57 26.78 2.552
0 11.94 25.85 2.3834
0 11.95 26.77 2.5754
0 12.57 30.07 1.707
0 13.95 32.4 1.0052
0 16.1 36.62 0.2182
0 16.72 37.47 1.2948
0 16.44 36.17 1.0783
0 16.27 33.77 2.2565
0 16.75 33.86 1.1543
0 15.14 33.4 1.847
0 13.55 27.43 2.5733
0 10.3 24.58 1.9883
0 11.76 27.62 0.8531
0 12.47 30.76 0.5189
0 13.69 33.37 1.006
0 13.72 30.34 1.4741
0 11.53 30.63 1.3904
0 11.67 31.09 1.421
0 12.54 31.55 1.9988
0 13.97 30.78 1.5625
0 14.65 30.43 1.302
0 13.53 28.09 1.1696
0 13.35 28.4 1.5831
0 12.8 27.85 1.4199
0 10.63 26.35 2.6132
0 10.14 26.92 1.4963
0 11.44 29.68 0.8602
0 13.24 34.07 1.1319
0 15.42 35.17 1.1042
0 14.74 36.89 1.2761
0 17.3 37.9 0.849
0 17.86 38.1 0.617
0 17.17 36.85 0.5038
0 17.2 33.99 0.6432
0.7 18.31 34.9 0.823
2.75 17.74 34.98 1.2274
0.875 13.34 25.16 1.7611
0.85 13.77 20.91 1.2205
0.2 10.69 22.71 0.7363
1.075 12.46 23 1.6317
0 10.45 24.95 0.8375
0 11.08 26.99 2.057
0 12.08 29.25 1.7862
0 15.02 30.26 1.8384
0 15.51 31.03 1.8942
0 14.36 32.66 1.2353
0 14.49 34.98 0.4817
0 14.42 34.02 0.2924
0.075 15.99 31.01 0.8503
2.35 14.49 28.53 0.9343
0.525 10.68 22.35 1.235
0 11 23.39 1.5253
0 11.3 26.78 0.7392
0.075 11.21 24.37 1.7338
1.275 11.09 22.35 1.4633
8 12.47 21.3 1.7107
12.6 13.8 19.31 4.5027
4.625 10.98 18.73 3.1688
0 7.83 19.49 1.8659
0 4.88 20.07 2.5555
0 6.84 24.05 3.4331
1.425 10.01 21.76 2.3409
3.1 11.6 22.2 1.7799
0.35 8 19.98 1.0939
0 8 22.63 1.8917
0 8.37 24.31 2.7338
0 9.73 26.19 2.3572
0 10.68 27.64 1.5497
0 12.08 28.76 1.1565
0 11.3 26.69 1.8875
7.225 9.15 19.59 2.9412
4.25 6.75 15.98 2.5163
0.75 3.72 17.52 0.452
0.5 6.9 17.05 1.6775
0.025 5.81 17 2.3791
0 3.34 18.35 1.3696
0 5.34 18.01 2.9312
0 5.5 20.45 1.8541
0 6.95 22.21 2.7206
0 7.16 21.4 1.3721
0 6.17 22.11 1.6013
0 6.06 22.1 1.4024
8.7 6.99 17.57 1.9565
21.175 5.48 12.79 2.7676
9.475 4.71 12.96 4.432
3.975 5.49 12.27 2.5005
7 5.52 12.13 3.3922
3.325 1.01 9.39 1.3932
0 -1.15 10.44 2.7438
0.55 -0.62 12.69 3.207
8.1 3.41 11.13 2.2661
3.45 3.36 12.21 2.3358
0 -0.53 12.03 2.3158
0 -0.34 11.52 2.9943
0 0.74 12.76 2.2181
0 2.02 12.9 2.684
0.05 5.26 12.94 1.2448
2.8 7.72 16.07 2.6787
9.65 8.27 16.69 2.8944
4.25 7.24 18.16 3.5613
0.075 4.67 17.57 2.0622
2.275 6.59 15.41 2.1978
1.225 9.04 16.21 1.2067
0.225 9.57 18.25 1.3572
0.025 11.11 16.91 0.4197
0 10.66 15.77 2.4239
0 9.62 14.93 1.3616
12.075 9.37 12.71 1.5603
4.85 4.51 13.33 1.3679
1.7 2.49 10.89 2.1218
18.55 5.59 12.08 3.6466
17.275 9.61 13.77 5.1749
13.25 10.73 15.14 5.6232
7.35 7.7 12.89 2.4118
4.275 5.22 11.23 2.9666
10.85 8.48 14.43 2.0486
2.075 7.66 14.66 0.3908
0 4.5 12.77 3.0613
14.875 6.49 14.3 5.4714
4.15 4.27 15.91 1.8819
0.025 4.4 13.86 0.6713
25.625 4.18 12.31 2.0286
18.975 5.9 12.13 4.1556
1.25 0.36 10.2 2.3044
0.2 -1.92 9.55 1.4134
12.775 2.57 10.51 4.5542
22.375 4.65 9.27 4.9434
2.575 3.08 10.33 2.3332
0.1 0.56 8.77 3.073
0 0.5 9.39 3.6813
0.05 2.24 7.56 4.707
0.05 2.22 6.55 2.8816
0 2.38 7.01 1.4404
0 0.49 5.05 1.7062
0.575 -1.88 7.73 2.7779
1.875 1.89 8.37 3.5012
0.325 4.19 14.29 2.4382
0.75 2.8 13.77 1.485
0.175 5.75 12.69 1.2355
0 3.42 12.73 2.6484
0 7.03 12.27 1.1571
0 8.15 12.02 1.0049
0 7.04 13.58 2.5954
0 3.82 11.67 1.7814
0 1.98 15.27 3.9292
0 2.14 16.82 3.479
0 3.7 15.5 2.5392
0 3.72 16.45 3.9774
0 2.64 17.35 1.5907
0.1 4.28 13 1.9874
0 4.08 12.15 4.7971
0 4.23 12.34 3.4735
0.15 3.47 10.7 1.6463
5.125 3.57 10.88 0.4765
6.075 5.38 13.22 1.7795
0.875 3.38 13.57 1.2015
0 2.29 13.11 1.4276
0 1.06 15.13 3.0048
0 1.1 14.9 1.9363
0 2.01 16.35 2.2948
0 2.87 17.83 1.7686
0 4.23 19.29 2.0129
0 5.31 20.71 0.8907
0 4.75 20.99 2.452
0 1.37 15.44 3.2063
0 0.94 16.9 3.6171
0 1.81 17.87 3.852
0 2.41 20.62 2.9913
0 2.32 21.85 0.9988
0.15 6.75 18.72 3.8622
4.7 9.07 17.83 4.5013
8.725 6.55 17.23 5.3473
23.225 4.8 10.97 4.6128
22.85 3.58 8.67 2.6058
8.15 2.57 10.8 2.684
0.8 2.09 12.43 0.7183
0 2.93 12.23 0.971
0 1.84 13.82 0.5779
0.35 1.3 14.98 0.8006
3.45 2.43 12.66 2.0143
12.1 5.04 11.78 4.9908
2.9 -0.62 10.06 1.1079
0 -1.43 11.51 0.3434
0 -0.37 14.57 2.1573
0.95 0.87 15.88 1.8386
2.825 5.83 17.18 3.9488
1.3 8.5 19.34 1.1556
0 4.1 18.87 1.3653
1.525 6.8 18.94 0.7628
7.55 8.93 18.6 1.7444
2.75 8.2 15.91 4.2593
0.5 7.32 17.41 0.4572
0.05 6.42 19.11 1.3909
0.025 7.57 20.51 0.6449
0 6.1 17.69 1.5129
0.175 5.47 18.44 0.5741
2.275 7.88 19.37 1.2858
1.35 11.76 21.24 1.2122
2.7 10.44 22.33 1.3728
2.825 11.35 22.48 2.0204
1.45 5.08 18.36 0.8925
9.1 4.69 16.41 3.5193
14.425 5.06 12.88 4.6777
29.375 6.66 11.74 5.0171
16.3 4.83 11.26 2.1976
1.9 3.06 14.63 1.5745
6.05 5.63 14.75 5.2236
19.025 7.14 12.84 5.3307
7.4 4.56 13.19 3.4913
12.625 7.4 13.44 3.0389
1.975 5.34 15.32 1.2821
0 8.19 16.75 0.9106
0 5.96 19.91 1.8248
0 8.71 22.4 2.2845
0 10.38 25.08 2.4024
0 11.1 27.7 1.7068
0 12.73 27.26 1.2719
0 8.85 20.65 1.7362
0 6.49 24.14 1.6216
0 8.9 25.27 1.6989
0.575 9.38 23.9 2.2551
7.05 6.27 18.77 3.4445
2.075 2.97 13.34 1.5976
0 2.55 16.59 1.4371
0 3.64 19.14 0.6008
0 6.39 19.09 1.8637
0 5.72 20.02 1.9501
0.1 4.88 18 2.5619
0.05 4.49 17.48 0.7371
0 6.28 22.1 0.7997
0 9.4 24.52 1.876
0 10.98 25.6 2.3767
0.1 11.99 23.43 2.4201
0.05 13.16 22.37 1.551
0.225 13.16 22.92 1.9571
0.35 12.16 21.65 2.0013
0.6 8.75 20.56 1.0864
0.275 7.91 21.7 1.0059
0.1 9.92 21.63 1.8339
0.05 9.3 22.1 2.0408
0 7.03 21.57 2.9311
0 6.75 23.21 1.3212
0 8.52 23.2 2.4345
0 8.08 21.65 4.8189
0 7.14 22.41 3.5526
0 7.1 25.9 1.6793
0 9.07 28.19 0.5434
0 10.61 27.68 1.2536
0 12.53 29.79 2.8621
0 13.38 33 0.9209
0 11.81 29.83 1.6816
0 8.94 25.68 2.0408
0 10.23 23.33 2.8024
0.65 6.37 19.58 3.1934
0.325 7.35 23.17 2.6972
0 8.11 25.57 1.9345
0 9.58 26.9 1.4649
0 10.04 27.41 1.0946
8.75 9.24 22.42 2.6176
9.275 7.52 17.64 2.3696
1.775 6.44 16.66 1.5615
8.05 8.55 16.78 3.3502
6.375 9.4 17.94 2.2044
0.175 7.83 23.57 2.9729
0 9.91 26.76 1.9252
0 11.56 27.03 2.4069
0 10.07 25.54 3.4244
0 8.78 22.87 4.6763
0 7.81 23.85 2.6631
0.9 10.17 22.29 2.4908
0.375 8.17 22.32 2.2277
0 10.14 22.62 2.9987
3.625 8.85 22.32 4.0316
0.55 8.03 21.15 4.7389
0 8.42 22.72 2.6296
0 8.7 23.73 2.2491
0.675 11.55 21.12 2.5434
0.175 7.49 20.72 1.6165
0.25 8.11 21.85 0.5333
14.65 10.06 19.86 3.6085
14.375 13.11 22.17 0.9423
11.2 12.48 22.5 2.9762
0.025 10.3 23.89 2.3475
0 11.34 27.52 3.0929
0 12.17 29.81 1.9276
0 12.67 29.52 2.9671
0 11.95 25.91 3.2879
0 11.9 28.62 2.7905
0 13.39 30.55 2.7699
0 15.79 33.29 2.4975
0 17.34 34.33 2.2853
0 16.36 32.79 2.8558
0 14.27 31.47 2.0038
0 13.46 31.71 2.7247
0 14.98 32.27 2.3035
0 16.49 34.06 0.7308
0 19.07 37.4 0.8684
0 20.41 38.63 2.4511
0 16.74 36.25 2.4438
0 13.57 32.72 2.5282
0 13.56 32.24 2.7205
0 14.22 32.24 2.6186
0 14.98 33.72 2.6814
10.35 15.84 32.1 2.0709
5.6 13.59 24.6 2.2621
0 12.54 27.98 2.4753
0 13.5 30.94 1.8455
0 16.05 34.5 1.3206
0 16.54 37.07 1.0386
0 18.71 38.77 1.5732
0 18.99 39.22 1.7189
0 20.07 39.35 2.468
0 19.46 39.23 2.531
0 17.88 37.79 2.004
0 16.91 37.7 2.4992
0 13.64 35.52 2.3053
0 13.15 33 2.3325
0 12.24 32.06 2.4516
0 13.44 31.49 3.0485
0 12.21 29.42 2.7679
0 11.97 28.08 3.3543
0 12.4 29.07 2.9878
0 12.58 28.97 1.9524
0 13.68 30.51 1.099
0 14.77 31.52 1.9822
0 15.3 31.9 1.8273
0 16 35.48 2.3198
0 15.87 35.5 2.7025
0 16.5 35.03 1.935
0 16.18 34.96 1.6746
0 15.14 34.65 2.0882
0 13.7 34.29 2.1053
0 14.37 34.72 1.7454
0 14.47 35.87 1.8363
0 16.12 36.52 2.5222
0 15.41 36.2 2.9338
0 17.41 36.28 1.953
0 16.78 34.24 1.2544
0 15.88 34.63 1.7458
0 15.84 34.81 2.0505
0 14.16 32.83 2.9168
0 13.73 33.05 2.4434
0 15.59 33.72 2.9141
0 15.65 32.43 2.3782
0 14.64 33.43 1.8573
0 14.17 34.29 1.9637
0 15.98 34.95 2.2304
0 15.1 34.01 2.6099
0 15.07 33.03 2.028
0 17.05 34.76 1.2961
0 17.07 34.97 2.1074
0 15.33 34.29 1.6987
0 14.71 34.27 1.6617
0 14.79 34.43 1.8997
0 15.13 34.85 2.0387
0 15.03 33.64 2.7218
0 13.71 32.89 1.8362
0 13.53 32.14 1.2429
0 14.2 32.05 1.1731
0 15.11 34.75 1.0975
0 17.47 36.06 1.8867
0 16.07 35.19 1.1687
0 17.26 35.95 0.6743
0 17.81 35.51 1.0479
0 17.32 36.25 1.2954
0 15.9 35.13 1.8954
0 14.82 34.25 1.7054
0 14.18 33.02 1.6513
0 15.17 32.9 0.7906
0 15.85 34.89 0.4501
0 16.08 35.65 0.9076
0 15.64 34.44 1.0385
0 13.65 33.49 1.7915
0 14.64 35.21 1.0922
0 15.84 36.01 1.2357
0 15.65 35.44 1.2773
0 15.77 35.99 1.4684
0 18.58 36.71 0.7102
0.2 17.14 31.46 1.5502
0 15.58 30.81 1.6344
0 15.34 33.18 0.8405
0 17.27 33.78 1.5773
0 15.34 32.94 2.333
0 13.23 30.38 1.7159
0 11.55 30.15 1.832
0 13.66 31.25 0.6888
0 15.07 33.81 0.4728
0 16.65 35.9 1.1397
0 16.05 36.67 0.8246
0 16.98 36.29 0.5823
0 17.44 37.41 0.6474
0.05 18.1 37.58 1.5241
0.025 13.92 27.69 2.0513
0 12.51 26.06 2.2375
0 13.11 29.86 1.1821
0 15.51 34.06 0.671
0 15.83 34.73 0.9534
0 15.5 31.07 1.0905
0 12.72 28.48 1.9776
0 12.88 27.32 1.611
0 12.17 24.62 1.7291
7.45 12.31 23.91 2.0054
21.075 11.53 23.46 3.2534
3.9 8.98 17.97 0.8306
1.05 7.24 19.17 0.9793
0 8.14 22.65 1.0414
0 9.3 24.92 1.2028
0.3 11.9 24.38 1.3632
0.15 14.43 25.01 1.5075
0 13.36 26.26 1.1265
0 11.84 28.98 0.9465
0 13.94 30.4 0.626
0 15.14 30.44 0.9049
0 14.69 28.15 0.9792
0 13.33 29.47 1.4102
0 13.93 30.07 1.1089
0 13.28 27.18 1.2511
0 12.27 26.5 0.9683
0 11.54 26.7 1.1207
0 12.53 28.44 1.9458
0 11.35 29.3 1.3032
0 11.92 29.1 1.4454
0 11 24.67 1.3647
0 7.9 24.26 2.4381
0 7.56 22.58 2.7948
0 7.69 24.28 1.6242
0 8.03 24.7 1.0412
0 8.59 25.35 1.9483
0 8.96 26.33 0.7107
0 10.06 26.33 3.1669
0 7.73 23.26 3.9342
1.25 6.08 23.61 2.8369
1.475 6.06 18.02 1.614
1.8 2.92 14.15 0.3092
2.65 5.42 14.73 1.2262
0.15 5.08 15.06 0.7425
0 2.51 15.79 1.8826
0 2.38 17.41 2.9314
0 2.84 19.44 3.2591
3.65 8.04 18.08 4.0732
1.075 7.87 18.6 0.8876
0 7.62 18.71 0.4704
0 8.5 18.08 1.1877
0 5.96 18.61 0.9289
0 5.24 19.65 0.9804
0 5.9 20.9 0.7654
0.075 6.69 19.72 2.6114
1.8 4.4 15.08 1.9023
3.05 4.33 14.41 4.0594
0 3.1 13.58 1.8562
0 2.54 15.28 2.667
0 3.44 15.43 3.9403
0.55 6.44 15.85 1.7741
1.375 4.29 16.16 0.58
0 4.74 16.94 2.6158
0 3.99 15.52 2.2306
0.125 4.56 18.83 1.0369
0 5.14 12.43 1.4888
0 6.09 16.86 3.9536
0 4.69 18.89 7.3506
0 2.64 17.11 3.2389
0 1.45 16.78 4.0163
0 -0.64 15.82 2.4258
0 -1.48 14.58 3.3969
0 -1.16 15.13 2.8649
0 -0.95 15.09 2.8654
0 -0.67 15.3 2.6444
0 -0.99 15.53 3.819
0 -0.92 16.35 2.8096
0 0.57 15.17 0.4938
0 2.73 12.45 1.3611
0 1.78 14.33 1.281
0 -0.36 14.51 0.9702
1.75 1.9 12.44 0.8563
0.5 -0.27 12.29 4.6783
0 -0.61 12.15 4.0181
0 -0.45 11.34 2.1833
0 1.64 15.08 3.7296
0 -0.42 11.97 3.7864
0 -2.07 12.77 3.0271
0 -2.41 15.16 4.4245
0 -2.52 12.98 3.7786
0 -3.14 13.21 4.5286
0 -1.53 14.65 3.2774
0 -2.32 15.06 1.1398
0.025 -1.21 14.59 1.1582
0 0.05 15.55 1.2883
0 3.49 15.7 0.823
0 3.88 15.95 0.9294
0 2.97 13.22 2.251
