2.325 0.1 13.02 1.392
9.375 0.25 10.78 1.4616
7.25 -0.79 9.57 1.8437
4.875 -3.37 7.15 3.7947
2.75 -2.36 7.61 1.9946
0.55 2.58 5.62 0.4059
0.4 2.14 9.36 1.4672
0.225 2.78 11.4 0.7441
0.125 1.54 11.62 4.0081
0.075 1.35 12.51 3.4009
0 1.28 15.09 2.5734
0 3.51 13.58 5.3262
0 3.65 16.26 4.0575
0 2.82 16.44 3.9479
0 3.02 17.46 3.8329
0 3.21 18.36 4.8612
0 2.14 17.14 4.2455
0 2.37 17.24 4.8396
0 2.03 17.31 5.0137
0 2.89 15.82 3.533
6.125 3.05 16.37 2.6789
21.6 7.52 15.89 2.0343
24.625 8.81 11.37 1.616
19.525 7.61 12.13 2.2831
10.8 2.81 10.17 3.3243
4.125 -2.1 3.6 0.9932
1.3 -2.98 6.48 1.2203
0.125 -2.99 7.43 1.2731
0.075 0.21 10.89 4.0932
0.625 -1.07 11.73 4.461
0.375 1.4 16.55 2.896
0 2 16.95 3.0895
0 2.72 16.1 4.0345
0 3.55 18.92 3.8576
0.175 4.44 19.61 3.0482
2.55 4.06 17.5 2.6178
6.075 4.77 13.67 2.9387
1.7 3.31 10.39 2.7722
9.725 1.82 11.5 1.1241
8.55 -0.21 8.75 3.2525
4 -5.04 4.79 0.4442
5.375 -4.39 6.57 2.8638
10.35 -0.96 7.47 1.3229
16.975 -3.06 6.11 3.2556
10.375 0.2 5.92 3.9354
5.275 1.64 6.8 6.345
10.725 2.29 7.86 5.4003
13.35 2.55 7.33 4.4251
1.3 0.67 6.48 1.5993
0 -0.37 8.54 3.5236
0 0.46 14.04 2.6654
4.8 0.12 15.39 3.6836
14.825 2.24 14.14 3.9461
6.075 6.78 10.91 2.9385
1.825 4.49 11.83 1.7751
3.175 4.4 14.85 1.6896
2.75 3.99 13.08 2.854
0.075 0.88 11.83 0.4864
1.425 1.86 14.11 3.67
8.3 4.83 16.09 3.1014
16.9 7.21 14.77 4.4952
33.925 5.02 12.25 5.0368
37.675 2.77 10.17 2.7241
12.225 -1.39 9.71 1.0019
0.675 -1 8.64 1.8946
0 -1.67 8.45 0.4313
0 -0.76 11.06 1.368
0 -0.81 11.74 2.6179
0 -3.56 9.35 0.6438
0 -2.7 11.16 0.8093
0 1.01 13.27 2.0173
0 0.95 14.76 2.1133
0 1.47 15.3 1.4396
0 2.07 13.35 2.8513
0 3.99 15.93 3.4015
0 3.94 16.66 0.9616
0 3.8 17.72 1.1027
0 5.17 19.67 1.2899
0.55 5.9 20.03 0.9112
11.825 5.48 19.84 1.7668
11.675 1.09 12.9 3.8982
0.35 -3.07 8.48 2.1672
0.675 -1.75 11.97 1.9919
0.4 -0.84 15.25 0.7144
0 3.4 17.14 1.7996
0 5.27 18.82 1.9363
0 5.58 20.52 1.4327
0 4.74 19.27 3.6996
0 0.28 15.22 2.2107
0 1.21 15.7 0.4844
0 2.85 17.66 2.8225
0 3.44 19.41 2.6439
0 2.11 15.37 5.1196
0 -1.45 14.05 1.9893
0 1.13 16.51 2.6551
0.975 1.61 21.68 1.9687
10.1 3.55 23.58 1.0688
13.375 3.94 18.32 3.0883
14.075 3.42 9.88 1.9249
9.625 4.27 9.98 2.2547
0.55 2.27 11.3 3.5258
0 2.95 14.22 1.3802
0.025 3.68 18.36 2.4686
0.05 3.95 18.81 5.1273
0.025 -2.31 13.66 5.7093
0 -0.4 10.35 2.8573
0 0.85 17.57 1.7
0 3.37 20.73 2.5421
0 6.86 24.33 2.6234
0 9.74 28.34 1.4722
0 11.41 29.34 1.1451
0 10.78 29.82 1.8479
0.175 8.56 29.03 2.5322
0.875 6.73 23.49 3.0515
0.75 0.84 14.79 3.1809
0 1.09 17.33 1.8601
0 2.72 17.89 2.2811
0 1.35 16.07 3.1051
0 0.17 14.84 1.6621
3.225 2.84 16.99 1.7962
33 4.8 19.53 1.9599
27 9.02 16.87 2.6882
7.65 9.35 13.88 3.9698
5.6 8.64 16.14 2.0678
3.725 10.85 18.87 3.9714
0 8.44 22.3 2.0399
0 8.55 23.53 2.8696
0 7.94 23.04 1.8644
0 8.37 24.64 1.59
0 9.31 25.01 1.2452
0 9.41 26.24 2.9717
0 7.27 24.53 3.3369
0 7.74 22.91 2.6623
0 8.54 24.45 2.8789
0 9.59 24.86 2.0617
0 12.56 28.41 1.6332
0 15.5 33.28 0.3653
0 15.25 34.4 2.1575
0 14.48 32.54 2.4734
0 10.66 27.31 1.3261
0 10.36 27.35 0.9431
0 11.56 27.72 2.3514
0 10.84 27.4 2.9572
0 9.51 25.67 2.7047
0 8.72 25.13 2.0516
0 11.41 26.66 1.6524
0 13.73 29.61 0.9475
0 14.34 31.69 1.9787
0 14.28 30.34 2.5665
0 14.05 29.93 3.0605
0 13.02 26.86 2.2751
0.075 12.51 26.9 2.208
0.25 11.87 24.31 2.3092
0.55 12.28 23.77 0.4709
0.825 9.83 23.04 2.1322
0.675 8.16 19.84 3.3425
1.025 6.42 18.76 2.1819
0.775 7.7 20.71 2.6183
0 9.46 23.26 2.5284
0 7.9 23.98 3.3582
0 8.71 22.63 3.0514
0 7.63 22.22 3.2689
0 8.74 25.87 2.4216
0.025 10.94 19.57 3.502
0.05 8.73 21.77 2.3581
0 8.76 22.21 2.4517
0 9.93 24.07 2.5469
0 11.54 25.06 3.1312
0 11.66 27.54 2.0722
0 12.78 31.08 2.8953
0 9.87 29.03 3.2384
0 7.83 24.11 3.3472
0 9.23 25.39 1.6677
0 12.51 29.04 0.9056
0 13.02 32.23 1.6811
0 13.22 32.72 2.7749
0 13.47 31.78 1.669
0 15.46 32.3 1.0175
0 15.61 37.62 0.7529
0 16.99 37.22 2.8004
0 16.64 36.72 2.7007
0 16 33.4 2.2607
0 16.01 33.64 1.888
0 15.3 33.34 2.8666
0 14.71 32.64 2.5999
0 13.64 30.98 2.8259
0 11.93 29.66 2.55
0 10.83 28.68 2.7036
0 9.51 29.11 2.6777
0 11.06 28.19 2.6453
0 11.64 28.62 2.1168
0 13.67 29.24 1.9376
0 15.09 30.47 2.3991
0 14.63 31.61 1.7919
0 14.32 34.23 1.1096
0 15.3 35.38 1.4198
0 15.57 36.72 1.8731
0 17.51 36.12 1.6801
0 19.25 37.17 1.9541
0 19.35 38.03 1.6573
0 19.43 37.28 2.431
0 16.53 35.54 2.5821
0 15.98 34.07 2.4442
0 14.32 34.21 2.1283
0 15.65 33.08 2.2297
0 14.63 32.81 2.3793
0 14 34.42 2.0324
0 17.74 35.73 1.7034
0 17.91 35.69 2.0416
0 17.55 33.76 2.84
0 17.07 33.14 2.5769
0 14.22 32.66 2.8224
0 15.08 32.29 2.6559
0 13.56 31.78 3.1945
0 11.75 29.73 2.7241
0 12.37 29.99 2.3938
0 14.1 31.21 2.4646
0 11.09 27.56 3.135
0 8.86 24.99 1.8547
0 11.29 25.05 1.5501
0 13.53 29.28 0.7058
0 15.87 31.9 1.2336
0 16.79 33.83 3.0505
0 14.38 35.27 2.9933
0 14.63 33.39 3.1923
0 13.45 30.49 3.0623
0 9.79 29.8 1.5758
0 11.81 29.65 0.6589
0 14.33 31.4 0.8797
0 15.21 33.16 0.9039
0 16.38 34.29 1.3093
0 16.17 33.85 2.3351
0 16.82 35.18 2.2774
0 15.91 35.78 2.1855
0.125 15.76 33.38 2.9598
0.025 13.64 28.66 1.6711
0 13.51 29.27 1.5489
0 13.51 30.93 0.5644
0 13.21 33.88 1.6589
0 14.91 33.94 1.5725
0 16.02 34.47 1.662
0 16.11 34.87 2.6811
0 16.18 32.52 1.8254
0 13.96 32.58 0.9759
0 14.88 34.15 0.3869
0 15.36 35.37 1.7619
0 14.41 34 2.3019
0 10.96 30.67 2.1724
0 10.65 27.97 2.2
0 9.9 26.96 1.8191
0 10.4 28.41 0.6058
0 11.36 29.67 1.0593
0 13.28 32.65 0.4954
0 14.33 34.44 1.0557
0.05 15.03 35.69 1.7255
0.975 11.38 28.95 2.2949
1.95 11.49 24 2.7969
0.325 9.81 22.01 1.6212
0 10.56 27.38 1.6177
0 12.34 29.99 0.7746
0 13.58 31.97 0.9181
0 14.6 33.45 2.0544
0 12.11 31.92 0.8493
0 12.94 31.76 2.2365
0 14.36 33.58 2.2283
0 14.11 33.84 1.3736
0 13.43 33.52 0.84
0 13.1 33.34 0.7605
0 14.1 34.73 1.1243
0 14.4 35.5 0.3981
0 13.78 36 2.0155
0 12 32.22 2.587
0 3.68 18.78 2.406
0 4.82 24.98 2.4067
0.05 6.53 24.54 0.8884
0.8 7.84 23.54 3.1587
1.275 4.11 19.12 3.3524
0 1.89 13.24 0.3505
0 2.06 16.91 2.8258
0 3.56 20.25 1.3388
0 5.49 20.65 1.2706
0 6.12 22.2 0.6656
0 7.34 22.78 0.705
0 6.96 22.2 1.9203
4.475 7.43 20.57 2.109
46.275 7.56 15.91 6.9503
36.225 10 14.46 4.5033
0.45 12.42 19.63 1.1066
0 11.29 23.14 2.146
0 10.44 24.66 1.1369
0.3 10.74 25.48 1.7199
0.575 7.82 23.16 2.1435
0.05 4.79 19.82 1.4094
0 5.73 17.62 1.042
0 5.77 20.45 0.7858
0 7.54 21.93 1.257
0 8.87 22.89 1.2232
0 8.41 22.38 1.7116
0 8.18 22.29 1.0664
0 6.92 23.81 4.7997
0 3.08 19.12 4.8544
0 0.95 13.09 0.8065
0 1.5 15.59 0.1837
0 3 20.6 0.861
0 6.94 21.11 0.889
0 8.15 22.62 1.2913
0 8.69 24.53 1.2197
0 8.33 24.98 1.9081
0 7.01 23.08 2.5772
0.075 5.18 17.54 0.8898
0.225 5.42 17.09 1.6195
0 2.31 15.54 1.8828
0 3.4 16.08 1.1469
0 5.3 16.9 0.6993
1.05 5.6 16.76 0.4695
2.075 4.79 15.69 1.956
0.35 0.79 10.74 1.2406
0 1.01 11.42 1.0267
0 1.18 12.96 2.7942
0 0.84 15.08 2.0135
1.275 2.48 17.76 1.4925
0.85 3.08 17.06 1.9363
1.925 1.51 15.2 2.3501
7.725 2.49 14.84 3.8833
2.25 0.89 13.27 1.0794
0 1.88 10.32 0.5985
0 0.92 11.97 2.1243
0 2.5 15.29 3.5059
0 3.88 16.47 3.8717
0.5 4.07 18.53 2.4638
3.225 4.1 18.81 1.1314
1.3 2.8 11.54 5.5154
0 1.24 12.12 4.9394
0 1.91 14.96 3.8929
0 2.1 16.3 1.7942
0 1.41 15 2.2596
0 -0.68 13.5 2.057
0 0.02 13.33 1.9852
0 0.3 13.54 0.7077
16.05 -1.86 9.15 2.1586
15.825 -2.77 3.96 0.6811
1.1 -7.58 2.13 0.8135
0.025 -6.75 2.1 1.8842
3.675 -5.28 5.01 3.208
25.1 -1.88 8.06 2.8361
45.3 4.74 8.86 3.8695
25.55 4.08 8.94 3.9572
3.45 3.69 7.77 0.923
0.025 1.93 9.53 3.3606
0.025 2.6 10.96 2.7861
0.075 2.59 10.51 2.1607
0 1.7 12.23 2.704
0 2.31 10.91 4.0652
2.55 2.89 13.11 2.8506
9.2 4.21 14.4 1.9467
5.425 0.5 9.28 3.6383
0.9 -3.96 7.16 2.2367
0 -2.09 9.4 3.9838
0 0.08 12.61 4.0517
2.7 0.73 12.43 4.121
2.85 1.54 10.74 2.2092
2.525 0.81 8.55 3.1298
4.125 1.12 8.27 0.9664
4 3.71 8.76 1.4995
1.25 2.46 8.79 2.8253
0.85 2.72 10.1 2.5007
0.1 2.32 11.25 1.0774
0 1.58 12.81 3.8446
0 1.15 14.36 2.8668
0 1.45 14.15 2.7105
0 2.45 12.64 3.0802
0.05 2.7 12.79 2.6909
1.175 3.76 14.11 3.0186
0.95 4.74 13.26 2.4308
0.55 4.29 11.42 2.5367
1.2 4.39 13.47 3.237
14.675 5.56 16.67 4.8147
13 5.06 13.19 2.1539
1.15 0.3 10.12 1.4778
0 1.19 12.28 3.3496
2 2.11 15.2 2.4955
15.175 3 14.75 2.9473
18.725 4.64 11.27 5.0588
21.625 5.75 8.8 5.9013
27.4 2.81 7.63 6.7507
23.775 1.08 8.45 3.8751
19.65 -0.61 5.45 3.4411
3.275 -0.6 4.54 1.2561
3.1 -1.3 7.98 2.5408
8.3 0.27 8.1 4.4865
3.425 4.12 9.56 2.8526
0 2.15 9.4 1.3582
0.675 0.44 11.28 2.8492
1.775 1.69 12.23 3.2051
2 2 12.39 1.3774
0.2 -0.13 10.52 1.0438
0 -0.08 11.63 1.8197
0 1.27 11.84 2.1485
0.525 3.01 12.01 0.7576
5.075 2.88 13.31 3.2163
7.975 4.14 11.59 3.2437
14.3 5.37 10.07 1.6627
6.05 3.77 8.3 2.2332
5.375 3.76 8.04 1.4577
2.45 2.8 8.11 1.8185
0.4 0.11 7.84 0.4599
0 0.56 9.59 1.4148
0 2.36 11.25 1.6601
0 1.28 13.86 1.1947
0 2.59 15.05 1.4318
0 3.03 16.04 1.0702
0 3.96 16.01 1.7707
0 4.36 16.69 2.4402
0 3.04 18.14 0.7644
4.175 3.48 15.82 1.0536
5.2 5.05 11.61 1.963
3.4 3.18 8.69 2.5872
3.2 -2.02 8.55 2.3131
11.625 -0.68 10.36 3.987
11.6 3.11 7.67 2.6583
2.175 0.31 10.13 0.9314
28.675 1.82 13.31 4.9224
21.6 3.16 13.08 1.0394
0.525 2.33 9.63 0.3578
1.175 2.85 13.93 2.2799
8.075 4.65 14.55 2.7777
15.4 3.79 7.52 3.413
5.275 0.47 7.1 2.6463
0.025 -0.6 7.53 1.3524
0 0.57 10.72 2.4804
0.075 1.69 13.3 0.855
0.525 2.96 11.7 2.5651
2.8 -3.49 9.36 3.4985
2.075 -1.96 7.81 1.9964
2.525 -1.85 9.47 0.5492
11.975 -0.71 11.9 2.4346
6.425 -0.59 11.47 2.2702
0 -1.07 10.21 2.7498
0 0 14.13 3.8162
0 2.66 19.84 1.3494
0 4.67 20.37 1.0416
0 4.97 20.65 3.0061
0 2.24 21.76 2.3943
0 4.61 21.81 1.9127
0 5.18 20.29 0.3867
0 3.66 18.67 1.5653
0 2.95 17.65 1.9167
0.575 3.71 18.34 1.9893
1.025 3.36 17.58 2.4069
0.325 -0.07 13 1.8998
0 1.06 15.05 2.7229
0 2.07 18.11 1.2307
2.65 4.19 18.88 2.9706
10.025 4.04 17.23 5.2173
9.15 0.12 9.7 2.7067
0.775 -2.03 8.63 0.6068
5.9 -1.14 10.31 2.312
5.025 0.22 8.33 1.6616
17.8 -0.11 9.44 2.8767
17.2 0.24 9.65 2.8422
0.1 -0.22 8.43 0.4777
0 -0.21 12.92 2.343
0 1.36 17.38 0.7441
0 3.57 18.04 2.0137
0.95 5.31 17.24 1.9932
18.8 5.2 11.33 4.3146
22.9 3.58 8.7 4.3858
4.625 1.58 9.68 1.1312
0.125 2.27 11.87 0.677
0 2.7 13.4 0.8487
0 3.77 17.58 1.7972
0 3.97 17.3 1.2226
0 4.68 20.07 1.2567
12.2 6.56 20.81 1.3937
23.625 4.67 18.03 2.576
11.025 1.72 8.12 3.2967
2.1 3.17 6.76 2.0455
0.05 4.55 9.49 1.0283
0 4.72 18.8 0.9389
0 8.1 20.65 1.1987
2.675 7.6 23.71 0.7876
13.2 7.9 23.4 4.4964
6.175 1.85 12.29 4.6977
4.125 0.65 11.37 3.4573
0.225 0.05 10.73 3.1984
0 2.53 16.58 1.8534
0 4.31 19.09 1.7739
0 6.96 23 1.1372
0 7.64 23.14 2.1426
0 5.64 20.98 3.6586
0 2.72 18.12 2.393
0 3.84 18.72 0.9032
0 4.75 20.22 2.7027
1.125 4.78 17.92 3.5061
10.475 5.08 11.11 3.2527
5.5 -0.1 8.8 3.6325
0 0.85 14.44 2.0338
1.725 4.13 20.94 1.2283
2.975 6.46 23.18 0.8298
0 6.91 23.58 0.7319
0.525 9.37 24.59 1.2942
6.375 10.53 24.87 2.1131
3.525 8.66 16.22 1.7548
0.225 8.84 18.06 1.5121
0.45 9.18 20.36 3.3237
2.2 4.47 19.13 4.1567
3.45 1.19 13.08 3.4546
1.3 1.74 10.98 4.0747
1.4 4.01 15.49 2.2523
9.775 3.94 15.62 1.6304
13.775 5.98 16.6 2.9231
16.075 5.44 14.8 2.2203
10.175 2.58 13.13 3.1505
0 3.36 14.93 1.6768
0 6.97 23.01 0.9145
0 10.58 25.48 2.4603
0 11.72 23.79 3.0363
0 10.35 23.16 2.1634
0 11.75 24.88 2.2647
0 13.04 24.93 2.5568
0 12.44 27.19 1.7391
0 13.13 29.25 2.5813
0 11.35 28.75 3.0708
0 10.8 26.9 2.5263
0 10.82 27.25 3.5993
0 6.15 22.25 4.5382
0 8.46 19.77 5.1212
0 10.27 25.22 3.803
0 11.83 28.64 0.9983
0 12.54 28.63 1.8641
0 12.39 29.52 2.8258
0 7.98 26.82 3.2643
0 8.13 23.94 1.4093
0 7.04 26.83 2.3865
0 8.22 24.29 3.2627
0 7.24 22.55 2.7233
0 8.95 24.72 1.9183
0 9.98 27.44 0.9552
0 11.29 30.03 1.9719
1.025 11.39 29.65 2.2944
0.85 11.43 27.48 2.8289
0 12.25 28.24 2.5429
0 14.87 31.81 1.1593
0 17.78 34.67 1.6901
0 16.31 35.4 3.1668
0 12.58 31.74 2.971
0 11.17 30.23 2.8127
0 11.17 29.89 2.9582
0 12.06 27.82 2.442
0 12.44 29.38 1.2659
0 13.98 31.36 1.8486
0 12.23 31.44 2.3488
0 12.23 30.23 2.3881
0 12.69 30.93 2.4226
0 15.47 32.04 2.2226
0 15.66 33.25 1.9034
0 16.4 33.89 2.3477
0 16.52 32.58 3.1916
0 15.62 30.48 3.182
0 16.11 31.2 1.5898
0 16.5 33.58 1.3398
0 18.7 35.58 2.691
0 18.54 36.2 2.7231
0 17.61 35.77 2.5479
0 15.89 35.56 1.932
0 15.95 33.43 1.9329
0 15.01 31.42 2.4847
0 13.65 32.85 1.031
0 15.21 31.74 2.3297
0 16.18 32.85 2.153
0 17.1 33.95 2.7239
0 16.05 32.41 2.9131
0 15.54 29.84 2.1299
0 13.3 28.87 2.557
0 13.49 30.14 2.3372
0 13.65 31.24 2.578
0 13.76 30.9 2.389
0 13.45 30.54 1.9866
0 13.73 30.87 2.424
0 13.27 31.71 1.6339
0 13.82 31.49 2.0335
0 13.24 31.23 2.1443
0 13.22 30.44 2.2568
0 13.07 30.07 2.5849
0 13.72 29.47 2.9577
0 13.31 28.28 2.1505
0 13.02 28.56 2.0987
0 11.87 27.14 2.3316
0 11.89 27.84 1.0442
0 13.36 28.41 1.4633
0 13.96 29.57 2.3626
0 13.71 29.79 2.9413
0 13.6 30.82 1.2668
0 15.08 32.19 1.6402
0 14.65 31.7 1.7037
0 12.86 31.43 1.9943
0 13.82 31.52 2.2821
0.1 13.4 30.66 1.9802
0.05 10.19 28.87 1.7895
0 12.55 27.52 2.5972
0 13.8 33.43 2.0052
0 17.08 37.36 0.5373
0 18.49 36.9 2.3048
0 14.49 33.14 2.3555
0 10.36 30.42 2.8828
0 7.12 20.22 2.2329
0 8.15 21.27 2.4939
0 9.1 23.42 1.5709
0 12.05 26.64 1.1427
0 14.76 31.38 0.4952
0 15.33 33.74 1.3047
0 14.9 34.13 1.2805
0 15.4 32.13 2.0809
0 13.42 30.48 1.5065
0 12.78 29.76 2.2799
0 9.94 27.06 2.8276
0 6.63 16.86 1.9086
0 7.44 21.23 0.8807
0 9.81 25.37 0.6151
0 12.09 29.02 1.1564
0 12.02 28.2 1.7882
0 10.48 26.85 1.5017
0 11.01 26.83 1.1919
0 10.55 27.24 1.7497
0 11.66 27.28 1.5507
0 11.69 25.91 1.4312
0 11.47 25.46 1.3834
0 9.71 23.99 1.2917
0 9.62 24.7 1.1939
0 8.24 22.38 2.7163
0 7.63 20.68 1.1203
0 9.9 26.64 0.7506
0 12.69 29.4 1.0004
0 16.23 32.83 0.7554
0 15 33.26 1.3351
0 16.04 35.01 0.6138
0 16.94 35.86 0.5518
0 16.14 34.28 0.3119
0 15.69 31.47 0.6136
3.075 16 30.55 1.0899
5.625 14.13 29.3 1.6038
7.525 10.78 21.27 1.5246
0.9 9.88 16.37 1.623
0.25 7.38 16.23 0.6908
2.475 7.49 19.03 2.1675
0.025 6.56 17.15 0.6338
0 7.27 22.44 1.8858
0 10.5 23.52 1.7946
0 11.75 25.56 1.958
0 12.52 26.68 2.3432
0 13 28.81 1.5365
0 13.65 29.72 0.6072
0 12.78 29.53 0.568
0.25 12.12 27.97 1.1168
2.1 10.72 23.34 0.9622
1.025 8.17 18.79 1.2451
0 7.78 19.03 1.6366
0 8.79 23.1 0.9523
0.175 8.44 21.54 1.8168
3.825 8.17 19.07 1.4734
10.125 8.78 18.2 1.8824
60.075 10.02 14.19 5.1717
16.1 6.21 14.06 3.4133
0 2.85 14.11 1.4913
0 1.92 15.08 2.995
0.025 4.87 17.4 3.5655
2.875 7.31 19.55 2.158
3.725 7.73 18.88 1.8163
0.925 5.31 12 1.0382
0 4.79 17.35 1.8093
0 5.91 19.69 2.9804
0 8.07 22.26 2.7237
0 9.5 25.58 1.7185
0 10.79 25.54 1.2977
3.375 9.07 24.21 2.1202
18.875 7.34 19.82 3.4207
9.15 2.58 11.34 2.43
2.325 0.3 10.59 0.7447
1.4 2.2 12.18 1.6065
0.075 1.5 10.93 2.3243
0 2.19 14.28 1.4395
0 3.65 15.14 3.0409
0 5.7 17.54 1.7227
0 6.9 19 2.806
0 5.95 19.84 1.4116
0 5.28 18.47 1.9936
2.9 4.6 18.49 1.9342
22.2 4.8 16.59 2.2789
31.575 0.76 8.4 3.1823
31.225 0.48 5.45 4.8118
16.075 1.13 4.89 3.285
18.025 1.57 6.23 4.1403
5.7 -4.38 4.03 1.365
0 -4.26 6.08 3.3086
11.7 -2.11 6.63 3.3814
13.4 -0.43 8.27 2.7721
6.6 -2.26 5.11 2.2627
0 -4.91 5.94 2.5245
0 -3.12 6.91 3.07
0.025 -0.32 8.97 2.3032
0.025 -0.19 12.59 2.6441
0.375 4.29 9.01 1.4938
3.7 5.33 12.99 2.4195
15.375 5.88 12.55 2.522
5.05 5.72 15.8 3.5583
1.85 2.62 12.53 2.2083
5.875 3.96 13.15 2.3513
5.75 5.56 11.91 1.3203
0.925 6.84 14.2 1.6929
0.025 5.27 13.26 0.4733
0.025 4.32 13.99 2.2912
4.575 3.87 13.84 1.3552
16.3 4.42 11.45 2.1116
7.575 0.93 9.61 1.3172
6.975 -1.14 9.34 2.6443
36.025 -0.2 9.52 3.4527
48.65 5.75 9.86 5.0327
77.325 5.88 10.78 5.6864
10.475 1.82 9.96 2.8887
6.85 2.45 5.43 2.897
5.825 3.06 9.4 2.2101
1.525 3.8 8.66 0.602
3.7 2.27 10.95 3.1704
17.725 2.36 12.73 5.4793
8.875 1.57 12.07 2.348
2.75 1.52 8.07 0.8876
45.9 1.99 8.66 2.4218
36.95 2.62 7.64 4.4987
2.9 -5.02 5.33 2.218
3.05 -5.89 3.39 1.594
19.4 -3.7 5.35 4.3985
14.125 0.2 5.67 4.6224
3.275 0.36 5.76 2.4337
0 -1.36 6.54 3.0551
0 -1.24 7.81 3.7142
0.025 -1.02 7.91 4.8914
0 -0.98 7.36 3.446
0.075 -0.75 8.46 1.7053
0.05 -1.18 5.18 1.3373
0 -3.74 4.81 3.0956
1.725 -0.45 7.07 3.4408
2.375 2.19 11.79 2.3726
1.375 2.13 12.3 1.682
0.775 3.83 8.75 1.2003
0 0.49 11.56 2.6538
0.025 4.25 11.57 0.6191
0 4.9 14.05 0.5824
0 4.22 13.23 2.4239
0 1.96 12.88 1.4959
0 2.16 14.24 4.0878
0 2.15 15.75 3.6372
0 2.96 15.54 3.0136
0 2.19 17.4 4.0378
0 2.19 15.79 1.8431
0.025 2.84 15.69 2.098
0 2.55 16.23 4.9479
0.025 2.75 17.02 3.5644
0 2.17 16.4 1.8118
12.375 1.65 15.39 0.6465
9.4 1.47 12.47 1.7276
3.9 0.58 7.03 1.3557
0 0.05 9.6 1.7917
0 -2.37 11.34 3.0045
0 0.08 12.24 2.008
0 0.85 12.58 2.5517
0 3.26 17.07 1.6252
0 4.76 17.55 1.9169
0 4.08 18.81 0.6717
0 0.88 16.97 2.5179
0 -1.24 11.81 3.4587
0 -0.25 11.6 3.6079
0 0.3 13.03 3.718
0 0.24 17.32 2.8251
0.05 0.53 18.83 1.2007
0.725 0.23 16.97 4.0315
16.525 5.05 14.97 5.0582
19.55 2.42 10.67 5.8134
33.425 0.29 4.34 4.9173
32.4 0.35 4.51 2.4505
10.675 -0.79 6.39 3.0291
0.45 -3.5 5.38 0.5617
0 -2.05 6.92 1.2649
0 -2.95 7.17 0.504
1.15 -2.17 9.23 0.7413
10.95 -1.02 8.33 2.511
20.675 -0.96 7.11 5.0531
8.8 -5.3 5.1 0.9165
45.175 -5.68 4.05 0.4895
2.075 -3.28 7.7 2.3641
3.025 -3.27 10.36 1.9007
13.55 -0.52 12.24 3.9769
3.55 5.03 11.93 1.5469
0.025 0.47 12.39 1.4806
5.45 2.01 14.35 0.5112
22.875 4.1 15.08 1.733
12.075 3.91 9.4 4.0434
0.15 1.22 9.6 0.8652
1.575 2.63 14.25 1.5647
0.35 4.47 16.11 1.1919
0.15 3.36 14.75 1.0671
0.425 2.89 13.18 0.4329
5.2 3.54 13.98 1.536
7.225 5.83 14.2 1.4974
21.1 6.04 15.32 1.8044
11.525 5.63 14.45 2.6104
4.5 -0.58 10.04 0.9587
12.925 -0.37 11.2 3.8794
30.3 0.61 8.5 4.7911
39.875 2.26 5.94 5.3331
17.825 0.94 5.71 2.2982
3.925 -0.2 7.38 1.477
11.525 0.84 9.84 5.2251
21.85 2.77 5.88 5.6287
22.35 -0.01 6.26 4.057
23 0.57 7.67 3.2122
4.95 3.15 7.92 1.6525
2.3 3.38 10.49 0.6622
0 2.97 13.77 1.158
0 3.92 12.84 1.7816
0 5.57 17.78 2.4776
0 6.85 23.55 1.9774
0 6.73 22.74 0.9858
0 2.24 18.22 1.9249
0 3.13 17.97 1.8803
0 5.04 20.47 1.3716
1.95 3.82 19.78 1.619
5.6 1.68 16.61 3.4783
2.5 -1.83 7.64 1.6836
0.1 -2.54 9.29 1.2389
0 -1.85 12.97 0.3767
0 0.4 14.75 1.514
0.175 1.42 15.86 1.3416
0.6 1.64 14.51 2.6096
0.4 -0.74 11.73 0.5021
0 -0.11 16.14 0.7713
0 3.08 20.21 1.1886
0.7 4.2 21.49 2.0136
1.475 7.42 20.23 2.5671
0.725 8.72 17.78 1.3634
2.35 7.99 18.58 1.8796
2.55 7.9 16.87 1.8977
0.65 2.99 16.07 0.8365
1.275 3.99 16.08 0.8426
1.675 5.55 16.44 2.0502
1.25 4.8 16.32 2.3192
0.45 2.06 16.75 2.2987
0.075 2.04 18.25 0.9227
0 2.95 19.36 2.151
0 2.96 17.97 4.3311
0 0.62 17.23 3.381
0 2.61 19.24 1.7561
0 4.89 21.57 0.5214
0 6.32 22.87 1.0277
0 8.26 24.17 2.9936
0 9.92 26.94 0.9119
0 9.28 27.53 1.3687
0 8.34 24.96 1.8394
0.075 6.5 20.01 2.7036
1.65 2.74 12.31 2.9082
0.825 1.96 15.84 2.4216
0 4.72 20 1.69
0 7.39 22.23 1.1433
0.625 8.1 23.95 0.6967
14.675 8.4 22.53 2.8412
16.15 2.54 13.67 2.7736
5.825 1.44 9.36 1.5158
16.25 3.6 10.16 3.4447
6 4.49 9.34 2.0636
0.5 3.16 13.71 2.8388
0 4.17 20.78 1.5512
0 8.86 22.19 2.1167
0 6.84 21.63 3.1409
0 5.14 20.05 4.405
0.55 5.32 19.49 2.3401
4.275 6.84 18.94 2.8063
1.25 3.4 17.02 2.0715
0.825 4.39 17.45 3.1446
1.975 5.26 17.1 3.9643
1.25 3.84 14.65 4.539
0.025 4.78 16.48 2.7896
1.4 4.96 17.41 2.6058
0.975 5.57 17.33 2.6527
0.925 3.33 13.44 1.5832
1.075 3.82 15.6 0.8612
8.3 6.38 16.2 3.3056
17.7 10.02 14.37 1.0609
7.7 7.23 17.7 3.511
0.15 6.1 16.35 2.0228
0 7.62 20.56 2.8633
0 8.92 23.81 1.5641
0 10.73 25.65 2.6071
0 10.07 24.8 3.1136
0 8.91 22.88 2.7614
0 10.29 25.17 2.6916
0 12.51 29.09 2.0797
0 13.86 30.49 2.0897
0 12.35 29.45 2.3846
0 11.82 26.49 1.4418
0 12.34 26.89 2.8595
0 12 27.97 2.3087
0 13.42 28.27 0.6379
0 15.34 32.08 0.7292
0 17.12 34.11 2.5384
0 14.5 33.01 2.5859
0 12.24 29.75 2.4514
0 11.35 28.46 2.5811
0 11.78 28.12 2.4084
1.45 13.08 29.32 2.4008
13.2 12.74 27.94 2.5218
6.975 9.45 22.65 2.472
0.125 8.45 21.79 2.3457
0 11.27 26.52 1.3332
0 13.53 31.21 1.0942
0 16.16 33.64 1.0234
0 16.66 34.5 1.5793
0 17.46 34.05 1.6476
0 18.42 33.73 2.4927
0 17.85 33.48 2.8318
0 16.32 32.49 1.9869
0 15.78 32.09 2.414
0 13.4 31.07 2.2452
0 12.24 29.62 2.4888
0 11.86 26.97 2.6663
0 11.68 25.9 3.1871
0 10.97 23.98 2.7563
0 11.25 23.84 3.3631
0 10.39 24.23 3.2579
0 10.13 25.28 2.1036
0 10.76 26.95 1.2937
0 12.46 27.43 1.983
0 13.45 29.27 1.5237
0 14.01 30.44 2.3172
0 13.41 31.72 2.7875
0 13.63 31.39 1.9208
0 13.37 31.15 2.0638
0 12.5 31.93 2.1799
0 11.49 31.06 1.879
0 12.19 31.59 1.6635
0 13.07 32.4 1.5167
0 14.19 33.24 2.3576
0 13.42 32.58 3.1993
0 15.3 32.58 2.1734
0 15.78 31.19 1.5996
0 15.53 32.05 1.8587
0 15.08 32.44 2.1206
0 13.62 31.5 3.1621
0 12.95 28.75 2.4244
0 14.06 29.6 3.1597
0 14.81 28.96 2.6164
0 12.1 30.71 1.9542
0 13.3 30.15 2.0729
0 13.7 31.12 2.1871
0 13.91 31.17 2.6798
0 12.32 30.84 1.8261
0 14.51 30.76 1.4989
0 15.54 32.5 2.1576
0 14.06 31.95 1.4639
0 13.5 31.84 1.1779
0 12.78 31.99 1.8797
0 12.54 32.24 1.7296
0 13.24 30.98 2.6731
0 12.48 28.95 2.1598
0 11.86 28.53 1.7495
0 12.15 28.65 1.3334
0 14.14 30.42 0.9499
0 15.31 32.17 1.9916
0 15.33 32.01 1.2556
0 16.04 32.75 0.8712
0 16.87 33.61 1.0604
0 16.68 33.89 1.4583
0 15.21 33.49 1.8094
0 14.26 32.1 1.856
0 13.05 30.53 1.7695
0 13.23 30.4 0.738
0 14.63 30.51 0.8616
0 14.94 31.8 0.7237
0 15.11 31.51 0.9157
0 16.33 31.87 1.9124
0 12.88 32.95 0.6396
0 14.92 32.54 0.9593
1.375 15.03 32.66 0.9895
0.775 13.88 32.94 1.6785
0.25 14.82 33.59 0.8604
0.725 14.52 28.53 1.7946
0.825 12.88 25.27 1.6967
1.15 12.39 28.68 0.8369
0.475 12.94 29.01 1.5142
0 13.74 27.98 2.4948
0 10.91 27.05 1.6918
0 10.49 24.97 1.7567
0 11.31 26.06 0.7426
0 12.24 30.3 0.3848
0 13.94 32.83 1.0195
0 14.55 32.04 0.7504
0 15.64 32.5 0.6117
0 14.56 34.77 0.6966
0 13.5 32.81 1.5517
0 12.97 29.65 2.2908
0 9.32 22.4 1.8902
0 9.87 26.33 0.7524
0 12.89 30.34 0.5945
0 11.98 31.12 0.9389
0 14.2 30.41 1.3135
0 11.87 27.08 2.4451
0 10.96 23.49 1.8975
0.725 8.75 22.71 2.028
13.475 7.08 20.49 2.2141
20.5 6.54 16.56 3.7829
6.225 5.29 10.72 0.7829
1.2 2.77 11.59 0.8999
0 4.16 16.18 1.2862
1.275 5.87 19.48 1.2334
4.7 8.97 20.28 1.6535
2.275 11.46 17.54 1.817
0 8.17 22.01 1.0233
0 8.89 25.82 0.7115
0 12.25 27.19 0.5158
0.025 10.72 27.1 1.0203
0 11.93 26.45 1.2321
0 11.56 24.6 1.6649
0 11.75 26.14 1.499
0 10.85 25.89 1.0423
0 10.59 23.06 0.7055
0 8.49 23.71 0.7871
0 9.6 23.7 2.4314
0 10.1 25.06 1.7012
0 9.84 26.03 1.7251
0 8.48 23.17 1.4229
0 5.4 18.87 2.9976
0 4.67 18.54 3.1638
0 6 19.11 1.8404
0 6.54 20.43 1.0848
0 7.48 21.99 2.1055
0 7.45 23.17 0.4944
0 5.39 22.28 3.8037
0.25 5.92 19.97 4.0842
4 4.58 20.11 3.4671
3.05 1.35 16.36 1.76
5.95 -1.68 9.35 0.7333
2.8 -0.94 8.29 1.504
0.075 -1.83 9.13 0.8996
0 -0.73 9.57 2.0556
0 1.12 13.51 3.016
0.425 1.04 15.58 3.0311
2.525 3.65 17.84 3.5046
1.275 6.5 15.78 0.6832
0 5.31 15.98 0.2906
0 6.68 15.23 0.7596
0 4.16 14.71 0.6075
0 3.92 16.35 0.902
0.25 3.86 16.29 1.2211
1.875 3.85 15.46 3.4185
4.35 0.91 8.65 2.239
1.725 1.72 8.7 4.0029
0.225 -0.11 10.69 1.9288
0 0.78 10.87 2.8502
0.025 1.06 11.84 4.0887
0.25 2.08 13.87 2.2281
0.1 2.86 11.33 0.7327
0 3.17 14.34 2.7489
0 4.22 17.14 2.2618
0.075 4.31 19.45 0.9828
0.075 4.4 15.55 1.6314
0.025 2.29 18.12 3.9492
0 0.17 15.46 7.8044
0 -0.14 13.65 3.5246
0 -1.32 13.22 4.0652
0 -2.01 12.07 2.757
0 -2.8 11.13 3.4541
0 -2.23 11.71 2.999
0 -2.56 11.82 3.2934
0 -0.06 13.1 3.3257
0 0.21 13.44 4.2608
0 0.31 15.34 3.0556
0 -1.8 13.14 0.7292
0 -1.09 10.65 1.5349
0 -1.23 12.32 1.4548
0.325 -1.61 10.38 0.896
1.05 -2 10.02 0.7184
0.425 -2.21 8.93 5.1477
0 0.05 13.97 4.5335
0 -0.42 14.6 2.6607
0 -0.31 12.17 4.5059
0 -0.63 12.34 4.223
0 -2.6 11.03 3.4638
0 -4.34 11.11 4.4908
0 -1.38 12.74 3.9335
0 -0.77 11.98 4.9445
0 0.02 15.19 3.3897
0 0.15 15.61 1.2815
0 0.24 14.57 1.0456
0 1.44 15.44 1.0335
0 4.43 16.05 0.8611
0 3.78 15.33 1.5045
0 0.9 12.91 2.386
