1.35 -7.78 2.22 1.4237
8.5 -8.57 1.95 1.7267
4.6 -11.05 -0.63 1.7022
0.6 -13.88 -3.2 4.2223
2.425 -13.21 -3.79 1.9025
1.225 -8.35 -5.28 0.4859
0 -7.96 0.27 1.4369
0 -5.75 3.11 0.6479
0 -8.35 4.33 4.3294
0 -8.01 4.76 3.1855
0 -7.04 5.85 2.3902
0 -4.98 7.16 5.3959
0 -3.56 8.54 3.7892
0 -6.33 8.23 3.5431
0 -5.32 9.65 3.7333
0 -6.55 10.42 4.7905
0 -5.94 8.56 4.2535
0 -5.9 7.95 4.8722
0 -5.72 7.45 4.9557
0.05 -5.99 6.72 3.4704
11.325 -4.83 7.51 2.6689
24.15 -1.68 6.2 2.0889
50.5 -1.53 1.96 1.5833
38.975 -3.71 1.43 2.6884
11.675 -7.98 -1.5 3.512
2.375 -12.98 -7.08 0.7681
0.45 -13.81 -4.83 1.2825
0 -12.22 -2.17 1.2359
0 -8.59 1.52 4.2407
0 -7.76 6.67 4.4806
0 -6.17 7.89 3.0822
0 -6.37 7.31 3.2961
0 -7.02 6.26 3.8249
0 -6.82 8.19 3.7276
0 -4.22 9.66 2.94
4.15 -3.81 8.86 2.3694
7.225 -6.36 1.26 2.6075
1.975 -7.6 -1.36 2.908
16.6 -8.09 1.18 1.1673
10.175 -11.46 -1.6 3.5987
3.05 -16.32 -6.21 0.5278
7.6 -15.17 -4.92 2.8388
6.425 -10.55 -4.03 1.4131
14.95 -12.1 -4.01 3.2335
9.475 -10.53 -5.63 3.6568
3 -8.89 -3.82 5.7345
18.075 -8.27 -4.22 5.3334
18.725 -8.76 -4.03 4.2499
3.05 -10.52 -5.9 1.2808
0 -10.97 -2.57 3.3642
0 -9.86 2.58 2.4651
6.025 -9.55 3.99 3.683
23.875 -9.42 2.94 3.4533
13.725 -4.98 -1.8 2.5465
4.075 -6.56 0.15 1.7896
1.75 -6.43 5.46 1.6179
0.65 -6.63 0.02 3.0981
0 -8.91 2.28 0.5229
0.025 -7.78 4.87 3.7476
11.325 -5 6.1 2.8747
20.2 -3.83 2.58 4.3005
38.2 -5.02 2.07 4.9309
30.975 -8.1 -2.08 2.9823
9.825 -12.21 -3.03 0.7811
1.25 -10.95 -1.99 1.881
0 -12.36 -2.75 0.3922
0 -12.8 1.45 1.3486
0 -9.03 4.52 2.5387
0 -12.95 -0.93 0.5067
0 -12.82 2.31 0.977
0 -8.82 3.42 2.342
0 -8.89 5.92 2.5725
0 -7.79 7.37 1.4873
0 -7.43 4.22 2.8368
0 -5.78 6.2 3.4482
0 -5.37 8.79 0.9852
0 -5.14 9.08 0.8792
0 -3.39 11.29 0.9132
0.175 -4.28 11.64 0.6222
20.625 -3.85 10.92 2.0126
14.325 -9.34 3.33 4.1268
1.2 -14.13 -4.79 2.0587
0.45 -12.55 -0.32 1.9842
0.275 -10.2 5.98 0.4021
0 -7.37 7.36 1.7261
0 -5.07 10.25 2.0821
0 -5.37 10.41 1.3093
0 -4.99 10.96 3.4576
0 -8.21 6.46 2.0825
0 -8 6.81 0.2586
0 -6.08 8 2.5397
0 -5.23 10.6 2.5617
0 -7.24 7.62 5.1961
0 -10.74 2.46 1.9674
0 -9.24 6.6 2.896
0 -7.36 10.85 2.3231
11.25 -4.84 13.39 1.1723
11.3 -7.24 9.33 3.472
11.1 -7.35 -1.04 1.8919
5.675 -7.04 -0.68 2.1218
0.25 -8.01 -0.16 3.5721
0 -6.67 4.07 1.3234
0 -5.81 9.36 2.153
0 -4.68 9.4 4.6672
0 -12.01 3.17 6.11
0 -10.3 -0.78 3.0946
0 -8.25 7.3 1.691
0 -5.88 11.21 2.9873
0 -2.53 14.44 2.928
0 0.53 18.69 1.5082
0 1.72 20.65 1.0159
0 2.66 20.48 2.1302
0.175 0.25 19.23 3.0176
1.775 -2.28 14.37 3.1986
0.975 -8.95 2.67 3.3495
0 -7.58 6.63 1.7025
0 -5.59 8.98 2.3519
0 -7.2 7.53 3.3205
0 -8.08 5.96 1.5039
1.3 -5.64 7.5 1.7842
59 -1.36 10.91 2.0712
41.6 -1.64 7.91 2.7235
12.45 -1.19 3.48 4.1049
7.4 -2.56 4.99 2.0805
1.475 0.58 8.83 4.159
0 -2.04 12.28 2.3609
0 -1.17 15.19 2.6883
0 -0.06 14.51 1.571
0 -0.66 15.47 1.0279
0 0.46 16.09 0.735
0 0.43 17.12 2.8937
0 -0.98 16.06 3.2809
0 -1.07 13.73 2.2595
0 -0.37 14.25 2.9282
0 0.65 15.39 1.6285
0 2.86 17.9 1.8174
0 6.38 22.89 0.4615
0.75 7.16 24.81 2.4282
0.45 5.3 24.01 2.8074
0 2.06 18.26 1.4645
0 1.58 17.27 0.7638
0 2.38 18.14 2.3345
0 2.3 18.01 2.8987
0 1.09 17.12 2.6273
0 -0.09 16.26 1.7139
0 1.72 16.67 1.2673
0 3.81 18.88 0.767
0.4 5.04 20.72 1.7421
0.225 4.39 19.92 2.5027
9.55 5.67 19.5 3.284
5.725 3.97 17.91 2.1201
0 3.85 17.59 1.874
0 3.17 14.97 2.1889
0.625 3.09 13.83 0.443
8.25 0.31 13.19 2.0987
7.025 -2.52 10.65 3.7803
4.525 -3.57 4.71 2.54
2.225 -2.37 6.9 2.7034
0 -0.9 12.05 2.4958
0 1 14.65 3.3385
0 0.87 13.75 3.0705
0 -0.98 12.3 3.2103
1.3 -0.38 14.2 2.146
1.7 1.42 10.33 3.6123
0.65 -0.85 11.52 2.4527
0 -0.38 12.08 2.3925
0 0.52 13.1 2.2727
0 2.54 14.34 2.9314
0 3.02 17.42 1.6706
0 4.39 21.77 2.5933
0 1.46 19.97 3.0891
0 -0.69 15 3.1118
0 0.1 13.94 1.3817
0 2.34 17.26 0.848
0 4.88 21.62 1.4828
0 5 23.59 2.8117
0 4.71 21.42 1.5299
0 6.05 21.32 0.9008
0 6.51 26.44 0.4939
0.2 8.56 26.87 2.9578
0.125 8.24 26.67 2.9022
0 7.51 23.29 2.2425
0 7.83 24.16 1.6921
0 6.44 22.82 2.9412
0 5.71 23.09 2.6066
0 5.27 21.91 2.9068
0 4 20.95 2.7082
0 2.55 19.45 2.8865
0 2.07 19.77 2.5724
0 2.31 18.63 2.5167
0 2.75 18.99 1.95
0 4.43 20.16 2.0044
0 5.6 21.31 2.456
0 5.93 21.49 1.5294
0 5.87 23.46 1.0424
0 6.49 24.03 1.4599
0 7.6 26.48 2.0946
0 8.72 26.12 1.8162
0 9.94 26.85 2.0196
0 9.94 27.34 1.8608
0 10.06 28.09 2.4552
0 8.46 27.08 2.5856
0 7.53 25.1 2.2898
0 8.97 26.39 2.1007
0 8.32 24.68 2.2383
0 7.36 24.22 2.3813
0 7.41 25.92 2.0045
0 8.45 26.12 1.5586
0 9.66 26.48 1.8322
0 9.33 25.54 2.7229
0 9.79 24.91 2.4012
0 9.04 25.16 2.4239
0 8.54 24.57 2.3936
0 7.44 24.06 3.2986
0 4.79 22.34 2.9147
0 5.05 22.05 2.6253
0 5.87 22 2.7089
0 3.42 20.44 3.4245
0 -0.5 12.95 1.9122
0 1.98 13.79 1.2672
0 4.12 18.63 0.2049
0 6.28 21.69 1.0564
0 7.3 23.69 3.0128
0 7.07 25.36 2.9146
0 6.1 23.7 3.0677
0 4.77 21.63 3.0301
0 2.44 20.48 1.3659
0 2.59 19.55 0.3913
0 4.57 21.19 0.739
0 5.97 23.28 1.0352
0 7.74 25.3 1.3017
0 8.36 26.02 2.0237
0 8.8 25.82 2.3543
4.85 8.38 27.28 2.2413
5.425 6.19 22.78 3.3747
1.275 4.57 19.05 1.7062
0 4.42 19.7 1.6088
0 4.2 21.37 0.6962
0 4.53 23.22 1.5097
0 6.57 22.71 1.1653
0 6.85 23.31 1.45
0 6.88 24.78 2.999
0 7.42 23.49 2.1661
0 6.54 23.41 1.2749
0 7.04 23.99 0.1602
0 7.53 25.08 1.4798
0 6.72 24.66 2.0627
0 5.06 23.1 2.2342
0 3.07 20.53 2.1084
0 2.9 18.17 1.3859
0 3.07 18.44 0.3954
0 3.8 19.77 0.9101
0 5.48 22.16 0.3516
0 6.49 24.32 0.9904
0.35 8 26.24 1.3863
1.175 5.05 22.78 2.519
0.925 2.4 17.17 2.9693
0.175 1.15 12.88 1.4593
0 2.17 18.13 1.1824
0 4.58 20.74 0.3582
0 4.59 22.45 1.1009
0 5.36 24.91 2.3334
0 4.67 23.17 0.8253
0 6.11 21.52 2.7411
0 5.89 24.55 2.4979
0 5.7 24.72 1.6484
0 4.94 24.01 0.9813
0 4.15 23.86 0.808
0 6.51 25.22 1.1701
0 5 26.36 0.4824
0 4.99 26.43 2.245
0 5.43 21.63 2.5907
0 -5 9.35 2.2942
0 -4.48 12.93 2.4717
0 -2.55 14.71 0.7964
2.35 -0.68 14.69 3.012
1.7 -6.37 10.59 3.4723
0.15 -8.3 0.81 0.3186
0 -8.12 7.05 3.2841
0 -5.72 10.07 1.7002
0 -3.55 10.94 1.2751
0 -2.76 12.94 0.8011
0 -1.55 13.75 0.7813
0 -2.71 13.81 2.056
9.6 -1.64 12.34 2.1039
82.1 -2.22 6.76 6.63
46.55 -0.79 4.77 4.6591
0.45 1.11 7.84 0.7955
0 0.91 13.72 2.0553
0 -0.43 15.43 1.06
0 2.55 18.97 1.9368
1.925 1.33 14.2 2.4166
1.15 -5.39 7.74 1.9349
0 -4.9 7.6 1.0312
0 -3.51 11.44 0.6232
0 -2.79 12.55 0.9762
0 -0.71 13.69 1.0621
0 -0.73 11.59 1.8727
0 -1.54 12.82 1.0972
0 -2.07 13.2 4.433
0 -6.53 5.96 4.9674
0 -8.58 2.13 0.8113
0 -8.64 4.92 0.065
0 -5.48 10.61 0.8403
0 -2.33 12.2 0.7669
0 -0.32 13.68 1.2569
0 -0.34 15.49 1.1879
0 -0.31 15.74 1.8325
0 -2.22 14.13 2.445
0 -4.82 8.43 0.9435
0 -4.78 7.9 1.3992
0 -6.79 5.41 1.835
0 -6.16 6.42 1.2566
0 -4.13 7.25 0.6896
5.05 -2.52 7.98 0.4485
5.15 -5.09 7.05 1.8662
1.05 -8.82 -0.4 1.1129
0 -8.78 0.74 0.987
0 -8.54 1.99 2.9323
0 -8.05 5.86 2.1658
0.3 -5.87 7.4 1.7918
0.175 -5.66 8.05 1.4493
0.375 -7.75 4.39 2.447
3.975 -7.22 6.05 4.1728
2.225 -7.7 4.13 1.0035
0 -7.22 0.19 0.6976
0 -8.12 2.79 2.4486
0 -6.62 4.62 3.7213
0 -5.22 5.85 4.1608
0.525 -5.34 7.31 2.6816
2.725 -4.76 7.9 1.1255
1.425 -7.96 2.47 5.3957
0 -6.87 0.95 5.1502
0 -6.63 2.53 3.8925
0 -6.57 6.1 1.8499
0 -7.75 5.62 2.4952
0 -10.51 7.17 2.2835
0 -9.52 3.36 2.1085
0.025 -8.64 4.45 0.7057
16.925 -10.91 -0.26 2.4893
14.525 -11.32 -4.47 0.8755
2.625 -18.46 -8.47 0.9277
0 -17.45 -8.77 1.8524
4.1 -15.11 -5.76 3.0215
30.85 -10.01 -2.61 2.6112
57.225 -6.02 -1.76 3.6427
26.875 -7.31 -1.64 4.4232
2.725 -10.57 -3.98 1.0097
0 -8.91 -3.2 3.0272
0 -7.06 0.06 2.4547
0 -6.14 1.29 2.1407
0 -6.04 3.18 2.7215
0 -6 2.91 4.0191
0.95 -5.81 2.98 2.807
9.2 -5.46 4.45 1.9646
7.725 -9.03 0.55 3.6112
0.625 -14.42 -4.16 2.6122
0 -9.87 0.3 3.8997
0 -9.01 0.94 3.8141
5.15 -8.88 1.28 3.997
3.125 -8.09 -0.74 2.0576
2.1 -9.23 -2.9 3.2258
7.8 -9.02 -1.82 0.9047
4 -7.37 -2.31 1.5832
0.825 -8.32 -2.86 2.5986
0.55 -7.99 0.11 2.2397
0.05 -7.44 0.52 1.0713
0 -7.47 2.53 3.8283
0 -8.15 4.66 2.7828
0 -6.54 4.43 2.3502
0 -6.49 3.96 2.891
0 -5.6 4.6 2.8307
0.625 -4.72 5.52 3.0683
1.35 -4.39 5.44 2.237
0.575 -3.85 2.25 2.4702
1.475 -3.85 4.06 3.0699
20.15 -4.09 6.29 4.4966
12.875 -6.02 1.08 2.1072
0.775 -9.73 -0.79 1.5939
0 -8.01 1.59 3.3572
0.725 -6.84 4.81 1.9806
11.725 -6.8 4.25 2.6886
25.25 -6.44 0.4 4.7437
26.625 -7.05 -2.77 5.692
30.925 -8.33 -4.08 6.5563
28.95 -9.76 -4.4 3.951
16.25 -9.91 -5.78 3.8637
4.35 -11.1 -6.66 1.1124
1.225 -12.46 -3.87 2.2141
3.75 -12.06 -3.45 3.9498
1.825 -7.22 -2.3 2.8228
0 -8.37 -0.07 1.4843
0 -10.35 2.06 2.9695
1.425 -10.05 0.29 3.1243
0.875 -7.87 2.14 1.547
0 -12.22 0.04 0.9388
0 -13.57 0.73 1.7422
0 -8.63 1.68 1.9442
0 -7.65 1.76 0.6822
6.475 -7.32 2.9 2.8352
10.625 -6.3 0.95 3.2106
11.2 -5.76 -1.19 1.6703
4.9 -7.57 -2.82 2.2474
2.125 -8.9 -2.9 1.5996
1.4 -8.44 -2.4 2.2658
0.25 -10.22 -3.26 0.3971
0 -9.82 -0.79 1.2194
0 -7.66 0.91 1.3668
0 -7.8 3.96 1.19
0 -6.36 5.99 1.4815
0 -7 7.7 0.8376
0 -5.29 7.13 1.7396
0 -5.12 7.55 2.4895
0 -5.51 9.61 0.9948
3.875 -6.69 7.73 1.1964
5.975 -5.39 2.56 2.0382
9.725 -7.04 -0.72 2.7153
4.525 -12.12 -3.74 2.5592
24.125 -11.16 1.37 3.8011
18.55 -7.34 -1.05 2.8098
1.9 -9.38 -0.49 0.736
26.8 -8.1 3.71 4.7203
17.4 -6.51 2.46 1.2571
0.775 -7.97 -2.73 0.5331
0.525 -7.52 4.03 2.4809
7.6 -5.12 5.8 2.6806
16.125 -6.5 -2.07 3.3656
7.05 -9.87 -3.42 2.9711
0.05 -11.33 -3.95 1.3314
0.025 -8.92 0.5 2.6458
0.2 -9.29 2.63 0.6852
3.275 -7.24 3.47 2.4117
4.1 -14.25 -2.77 3.6349
1.35 -12.1 -2.37 1.87
0 -12.24 -2.63 0.6301
19.925 -9.3 3.47 2.431
11.775 -10.2 2.32 2.3191
0 -10.58 0.37 2.8896
0 -9.73 5.02 3.9795
0 -6.73 10.82 1.457
0 -4.5 10.98 0.7402
0 -4.27 11.25 3.0426
0 -11.49 9.77 2.2809
0 -4.37 12.57 2.1048
0 -4.92 11.19 0.67
0 -5.43 9.6 1.21
0 -6.44 8.64 2.2924
1 -6.16 9.76 2.2993
2.725 -6.25 9.62 2.5705
1.55 -9.99 2.78 2.1278
0 -8.26 5.18 2.9866
0 -7.49 8.82 1.4274
4.775 -5.25 9.81 3.0049
15.075 -5.05 9.54 5.7142
7.575 -8.99 -1 3.0152
0.75 -12.06 -2.04 0.6363
7.075 -10.27 0.65 2.5003
4 -9.05 -1.82 1.9049
21.5 -9.47 -0.08 2.7507
12.7 -10.24 -1.82 3.2878
0.05 -11.79 -2.33 0.4836
0 -9.76 3.12 2.4282
0 -7.74 8.31 0.2416
0 -5.66 9.61 1.9887
0.5 -4.78 9.47 1.9011
16.525 -5.64 3.43 3.8033
12.8 -7.96 -0.6 4.5706
2.975 -9.15 -2.28 1.1021
0 -8.05 2.5 0.6367
0 -7.21 3.81 0.8435
0 -5.72 8.9 2.2922
0 -5.87 8.45 1.196
0 -5.2 11.02 1.1747
5.85 -3.59 12.88 1.5893
15.4 -3.1 10.23 2.8279
8.1 -8.84 -0.73 2.9366
0.575 -7.21 -3.59 1.6092
0 -6.13 -0.68 1.1079
0 -5.72 9.22 0.6148
0 -2.76 11.35 1.2803
0 -1.54 14.64 0.7444
9.225 -0.61 14.36 4.7168
9.85 -7 3.53 5.0747
3.1 -9.96 -1.6 3.7017
0.075 -10.23 -0.72 3.1615
0 -7.13 5.53 1.6775
0 -5.48 8.94 1.7677
0 -3.92 13.29 1.1491
0 -1.82 14.37 1.9016
0 -2.72 13.12 3.4432
0 -5.48 8.86 2.2526
0 -6.43 9.08 0.9329
0.075 -4.22 11.23 2.7592
3.45 -4.39 9.92 3.5692
19.4 -6.45 0.55 3.527
10.5 -10.96 -0.58 4.1729
0.05 -9.44 2.2 2.1156
0.7 -4.59 9.61 1.2706
0.425 -3.22 12.47 0.8174
0 -2.04 13.52 0.6784
1.05 1.13 15.46 1.3782
9.25 2.2 14.93 2.2741
5.15 -3.15 6.29 2.261
0.325 -1.59 8.23 1.6183
0.2 0.18 11.98 3.2969
1.975 -4.29 11.39 4.2643
2.575 -8.55 4.47 3.5664
1.3 -8.15 0.56 4.0507
1.45 -6.26 4.38 2.3037
8.625 -6.29 4.19 1.614
15.675 -2.96 6.75 3.3214
21.175 -4.9 3.46 2.466
8.775 -7.32 1.99 3.5411
0 -6.41 4.41 1.5218
0 -2.6 12.17 0.5913
0 0.76 15.73 2.5304
0 3.3 14.77 3.0104
0 0.78 13.53 2.398
0 2.1 14.97 2.6042
0 3.54 15.89 2.7819
0 4 17.2 1.9265
0 5.27 21.18 2.8095
0 4.9 21.44 2.9834
0 3.65 19.2 2.1807
0 2.24 18.37 3.9126
0 -2.01 14.54 4.481
0 -1.09 10.46 5.2659
0 2.55 13.28 4.1438
0 2.22 17.16 1.0609
0 3.42 18.44 1.7394
0 3.68 20.14 2.9377
0 0.13 18.86 3.1793
0 -0.98 13.7 0.8348
0 -0.18 17.45 2.199
0 -0.14 15.46 3.3957
0 -1.33 12.9 2.5613
0 -0.02 14.94 1.5407
0 0.84 16.14 0.7053
0 3.28 19.74 1.6146
0.35 4 20.44 2.2443
0.175 5.37 17.53 2.691
0 3.52 17.69 2.3581
0 6.1 20.44 0.7843
0 7.88 23.9 1.3853
0 7.61 25.89 3.3017
0 5.03 23.19 2.9533
0 2.84 20.66 2.6812
0 2.53 19.67 2.7638
0 4.51 18.23 2.0338
0 3.11 18.25 1.1855
0 4.65 20.83 1.7253
0 5.17 23.5 2.1592
0 5.83 21.52 2.2333
0 5.46 21.12 2.0519
0 7.28 22.39 1.9773
0 6.9 22.85 1.8541
0 7.52 24.43 2.5377
0 8.43 23.68 3.328
0 8.32 22.16 3.4742
0 6.63 20.92 1.5817
0 7.34 22.52 1.0642
0 9.85 25.24 2.6418
0 9.41 26.25 2.8346
0 8.88 26.01 2.6136
0 7.19 26.38 1.8465
0 7.33 24.91 1.9071
0 6.84 22.94 2.7689
0 6.17 22.6 0.9705
0 6.87 22.23 2.2273
0 7.38 23.34 1.9899
0 8.8 24.8 2.5031
0 8.52 24.1 2.8717
0 7.48 21.87 2.0668
0 5.09 20.62 2.5896
0 5.6 21.7 2.1565
0 4.94 22.12 2.5566
0 5.46 21.67 2.5005
0 4.71 21.27 2.0501
0 4.93 21.41 2.508
0 3.84 22.03 1.7116
0 4.89 22.15 2.0115
0 5.17 22.09 2.1157
0 4.58 21.27 2.2908
0 4.77 21.21 2.5943
0.55 5.02 20.52 3.0728
0.325 4.23 18.7 2.2971
0 3.83 19.19 2.2329
0 3.71 19.05 2.514
0 3.23 17.5 0.9742
0 3.87 19.3 1.1805
0 5.41 20.52 2.1152
0 5.39 20.72 2.8107
0 5.11 21.27 1.0531
0 5.93 23.34 1.7668
0 6.06 23.71 1.9016
0 4.14 22.55 1.9282
0 4.73 22.34 2.2541
0.1 5.4 22.79 2.2092
0.05 2.73 19.23 1.6999
0 3.59 18.36 2.8251
0 4.25 23.43 2.336
0 8.93 27.31 0.7153
0 10.4 28.99 2.6413
0 7 25.45 2.4909
0 2.48 21.56 3.1517
0 0.07 9.93 2.1406
0 -0.77 10.81 2.3905
0 0.06 13.22 1.228
0 2.37 16.77 0.8326
0 5.07 21.34 0.6884
0 6.1 24.14 1.2487
0 5.96 24.69 1.4455
0 5.31 23.75 1.8525
0 4.32 21.35 1.5176
0 4.12 21.33 2.6797
0.075 2.15 19.98 3.091
0.05 -2.45 5.63 1.9847
0 -2.62 11.82 0.8119
0 -0.3 15.63 0.8133
0 2.67 19.2 1.18
0 2.93 19.83 1.9218
0 2 17.7 1.5174
0 1.98 17.6 0.8128
0 2.05 17.86 1.5133
0 2.47 18.81 1.6657
0 2.46 17.56 1.6226
0 2.26 17.49 1.6268
0 0.17 14.16 1.0688
0 0.1 15.87 0.9888
0 0 13.96 2.7732
0 -0.97 11.23 0.8252
0 0 16.25 0.5372
0 3.69 19.84 0.9296
0 4.96 24.02 0.332
0 5.35 23.91 1.2469
0 7.47 25.32 0.4536
0 7.86 26.27 0.5781
0 7.11 25.68 0.2831
0 7.05 22.7 0.5195
5.725 6.3 20.04 1.4499
34 4.64 19.78 1.8837
19.525 1.84 10.54 1.3659
1.925 0.02 5.02 1.3989
2.425 -2.75 5.45 0.7806
2.875 -2.5 7.35 2.3947
0.325 -3.43 5.7 0.6821
0 -1.7 11.16 1.7632
0 0.53 12.64 1.6766
0 1.68 16.07 1.6019
0 3.04 16.77 2.5819
0 3.51 19.03 1.7524
0 3.53 18.65 0.8359
0 3.24 18.41 0.8415
0 3.09 18.45 1.3965
3.6 2.93 14.19 0.978
2.1 -1.25 9.7 1.228
0 -0.09 9.44 1.8986
0 -0.51 15.01 1.1566
0 0.44 12.93 1.9401
4.775 -1.72 9.92 1.6736
25.45 -0.26 9.55 1.7719
89.475 0.65 3.85 5.2324
34.9 -4.41 3.64 3.7593
0.15 -5.71 4.2 1.3927
0 -7.88 4.86 3.1626
0 -7.52 6.28 3.4393
3.325 -2.1 9.63 2.0039
3.575 -2.88 10.21 1.9251
0.625 -4.9 1.19 0.7426
0 -4.45 7.38 1.7733
0 -3.55 9.91 3.2244
0 -0.86 12.98 3.0764
0 1.37 15.14 2.027
0 1.97 15.44 1.2392
0.6 0.02 14.17 2.3108
22.725 -2.08 10.79 3.4413
12.25 -7.16 0.84 2.602
2.575 -9.1 -0.05 0.818
2.1 -7.33 1.66 1.6005
0.025 -8.5 -0.38 2.3814
0 -6.41 4.01 1.4819
0 -6.92 5.48 3.0798
0 -3.84 7.3 1.5119
0 -2.58 9.65 2.5763
0 -3.46 9.96 1.1094
0 -4.39 8.38 2.2682
0 -5.09 8.98 2.3994
21.775 -4.47 8.09 2.9097
39.775 -8.91 0.48 3.4324
31.375 -10.09 -5.63 5.277
17.725 -9.69 -5.46 3.6295
18.2 -9.04 -4.63 4.6112
6.925 -14.32 -6.4 1.1885
0 -14.91 -5.44 3.5467
5.875 -14.92 -6.07 3.3263
14.5 -10.29 -2.15 3.0583
10.45 -14.67 -5.25 2.5585
0 -16 -6.43 2.3852
0 -13.32 -5.13 2.9997
0 -9.47 -1.71 2.1852
0.05 -7.85 4.13 2.4944
0.05 -5.17 0 1.6659
1.55 -4.89 1.83 1.9156
19.375 -5.42 1.28 2.0399
8.25 -5.2 3.54 3.2747
0 -7.03 0.33 2.2562
7.025 -5.6 3.32 2.0467
7.925 -4.6 2.43 1.1805
1.55 -3.29 2.01 1.6465
0.1 -5.19 2.84 0.4864
0 -5.28 4.35 2.1581
0 -4.76 3.64 1.3824
19.725 -4.78 3.83 2.2265
12.7 -8.09 -0.62 1.5076
4.375 -9.86 -1.73 2.8164
52.9 -10.09 -1.57 3.3221
80.375 -5.82 -1.71 5.0565
64.85 -4.91 0.01 5.9194
22.575 -8.25 1.48 2.6266
8.475 -8.1 -6.62 2.3725
5.175 -8.61 -3.35 2.3016
2.625 -7.64 -2.85 0.5743
0 -8.48 -1.22 2.9065
15.25 -8.2 1.5 5.2283
9.175 -8.92 1.25 2.3169
0 -9.41 -4.63 0.9959
53.175 -8.92 -2.49 2.4189
36.1 -7.3 -2.54 4.6779
2.15 -16.96 -4.02 2.4173
3.425 -16.88 -8.23 1.4675
21.825 -15.94 -6.67 3.9583
16.725 -9.76 -5.23 4.4107
6.725 -9.97 -5.23 2.4768
0 -11.98 -4.48 3.0799
0 -11.44 -3.36 3.7267
0 -9.36 -1.56 5.169
0 -9.07 -0.57 3.8462
0 -9.83 -0.57 1.9885
0 -9.97 -1.16 1.0088
0 -12.72 -3.28 3.3021
3.775 -11.38 -1.88 3.2257
3.3 -7.24 -0.58 1.9019
0.575 -7.1 2.07 1.6518
0.35 -7.44 -0.38 1.2542
0 -8.15 5.94 2.4744
0 -5.05 4.49 0.6579
0 -4.43 5.68 0.5479
0 -4.71 6.26 2.1857
0 -6.7 5.76 1.2741
0 -7.08 5.41 4.1921
0 -7.02 5.74 3.6712
0 -6.38 6.35 3.0361
0 -6.14 8.42 3.8385
0 -6.14 6.64 2.0614
0 -5.68 6.8 2.188
0 -5.89 6.86 4.9061
0 -5.67 8.07 3.3298
0 -5.95 8.14 1.834
6.725 -6.96 7.24 0.7181
8.9 -7.95 4.41 1.7539
2.525 -9.27 -3.56 1.5431
0 -9.84 -0.47 2.1008
0 -10.22 1.88 2.9775
0 -9.82 2.44 2.0505
0 -9.21 3.36 2.7561
0 -5.2 7.69 1.573
0 -5.78 8.48 1.8742
0 -4.76 9.81 0.5007
0 -8.05 8.29 2.3396
0 -10.7 2.34 3.635
0 -11.32 1.75 3.6336
0 -10.26 3.21 3.6246
0 -8.25 7.13 2.5831
0 -7.54 9.43 1.3315
0.35 -7.41 9.34 3.6795
16.575 -6.71 3.44 4.7049
20.15 -8.12 2.69 6.1486
28.15 -10.46 -6.76 4.7462
42 -9.98 -6.76 2.8163
18.025 -10.29 -4.24 3.74
1.15 -14.46 -5.46 0.6615
0 -13.91 -3.99 1.3024
0 -14.13 -4.07 0.4141
0 -12.93 -0.89 0.4945
8.45 -11.13 -1.05 2.6714
18.575 -9.36 -2.99 5.5522
7.175 -14.91 -6.31 0.7707
23.9 -16.28 -8.23 0.5741
1.1 -15.38 -2.87 2.2731
5.55 -13.45 0.33 1.7304
16.775 -9.65 2.52 3.6672
6.55 -6.25 0.67 1.7248
0.325 -9.68 0.63 1.4444
5.025 -8.18 4.22 0.4761
26.8 -7.04 5.62 1.7112
16.15 -6.52 -1.53 4.1283
0.225 -9.22 -1.87 0.8419
0 -7.25 4.23 1.5567
0 -5.82 7.41 1.3877
0 -6.35 5.93 0.9091
0 -6.7 3.66 0.4437
3.675 -6.54 5.02 1.1841
5.025 -4.9 3.05 1.3498
28.975 -4.5 5.47 1.5658
18.3 -3.69 6.39 2.9625
1.55 -9.9 -0.83 0.9478
18.975 -10.15 1.95 3.663
35.6 -9.76 -2.14 4.8596
44.975 -8.85 -5.09 5.8308
25.35 -9.69 -5.71 2.537
6.875 -10.47 -3.79 1.1201
12.575 -8.54 0.08 4.7692
28.125 -8.37 -4.36 5.5865
20.6 -11.6 -5.31 4.2734
18.95 -10.87 -3.26 3.1301
7.725 -7.44 -4.49 1.7628
1.35 -7.41 -0.82 0.5736
0 -7.47 3.73 0.9186
0 -5.98 3.69 1.6954
0 -4.04 7.92 2.3026
0 -2.69 14.87 1.862
0 -2.44 16.56 0.8095
0 -5.43 10.67 1.6963
0 -5.82 9.06 1.9857
0 -5.28 12.02 1.1563
1.5 -5.05 12.14 1.2016
6.825 -8.14 10.26 3.5043
4.8 -13.39 -4.59 1.5194
0.675 -13.07 -4.95 1.2443
0 -12.29 0.61 0.3912
0 -9.85 5.51 1.3897
0 -7.35 6.62 1.0671
0.675 -7.06 7.38 2.7772
0.425 -9.99 -1.06 0.4882
0 -9.65 6.93 0.7581
0 -5.05 10.78 1.039
0 -3.53 13.36 2.0469
0.075 -1.71 13.2 2.8511
0.05 -1.28 10.33 1.5051
0.35 -2.83 10.83 1.9679
6.425 -2.27 5.4 2.0896
1.5 -6.05 6.39 0.8367
1.375 -5.84 6.15 0.9974
1.2 -3.88 4.08 2.3733
0.725 -5.01 3.66 2.507
0.1 -7.81 6.11 2.2211
0 -5.83 8.41 0.7526
0 -4.49 10.93 2.2273
0 -6.98 9.77 4.1974
0 -8.51 7.55 3.4026
0 -6.61 8.86 1.9461
0 -4.1 11.56 0.5968
0 -2.71 13.38 0.7798
0 -0.32 14.79 3.0779
0 2.09 17.63 0.8954
0 1.44 18.67 1.3616
0 0.26 17.08 1.9414
0.075 -2.05 12.8 2.8551
1.95 -6.24 3.16 3.0105
1.9 -7.33 1.32 2.4981
0 -3.94 8.99 1.6406
0 -1.62 12.39 1.0149
0 -0.99 14.78 0.5257
13.975 -0.33 15.9 3.0114
19.4 -8.47 5.84 3.0768
9.675 -8.9 -2.01 1.1908
32.55 -7.6 0.45 3.4858
15.5 -7.05 -2.76 2.2289
1.125 -7.16 1.83 3.1426
0.025 -6.7 8.84 1.5033
0 -2.35 12.41 1.8761
0 -2.45 12.35 2.7977
0 -3.84 11.11 4.2125
0 -4.4 8.74 2.2366
1.45 -2.7 10.72 2.9717
0.5 -5.11 8.07 2.4057
0 -4.4 8.43 3.3685
4.55 -4.62 8.07 4.1322
3.95 -6.86 4.52 4.6123
0.75 -6.05 5.08 2.9671
1.2 -4.15 7.49 2.8704
2 -3.53 7.83 2.9639
1.125 -7.04 2.74 1.6851
0.125 -5.7 5.8 0.9157
8.525 -4.14 6.99 2.8924
21.225 -0.11 2.19 1.4142
10.525 -4 7.99 3.786
0.5 -3.99 3.88 1.8139
0.15 -2.38 9.79 2.8447
0 -0.32 13.56 1.4208
0 1.06 16.21 2.1823
0 0.99 16.15 2.9439
0 -0.25 13.47 2.654
0 0.69 14.75 2.6974
0 2.39 18.14 1.5901
0 3.61 20.6 1.8085
0 3.8 19.67 2.1019
0 1.01 17.08 0.9803
0 2.77 17.09 2.9183
0 1.69 18.12 2.1201
0 3.19 18.04 0.326
0 5.09 20.97 0.5051
0 6.76 24 2.5344
0 6.24 23.7 2.8651
0 4.71 21.64 2.5043
0 2.12 19.35 2.5592
0 2.33 18.24 2.1854
0 3.91 19.26 2.1211
35.85 3.99 19.61 2.813
19.225 0.75 16.1 2.5734
1.925 -1.16 9.06 2.2283
0 2.41 14.92 0.797
0 3.27 20.31 0.7639
0 6.51 23.01 0.7605
0 7.07 23.57 1.5863
0 7.33 23.12 1.6988
0 8.42 22.92 2.4554
0 8.77 23.12 2.9875
0 7.28 21.61 2.1177
0 6.94 22.1 2.4192
0 4.91 21.64 2.1719
0 3.66 20.57 2.5099
0 3.35 17.92 2.685
0 2.74 17.32 3.2483
0 2.38 14.86 2.6964
0 2.81 14.41 3.2367
0 1.29 14.53 3.3493
0 2.02 15.94 2.1685
0 2.32 17.6 1.5167
0 3.18 18.45 1.9804
0 3.38 19.06 1.1288
0 4.21 19.72 2.2354
0 4.86 21.48 2.7897
0 5.36 21.42 1.8369
0 6.34 21.95 2.2126
0 4.7 23.11 2.2683
0 4.37 22.05 1.6991
0 4.44 21.39 1.6087
0 5.76 20.98 1.2898
0 6.54 24.24 2.1797
0 7.64 24.41 3.186
0 9.17 24.14 2.2808
0 8.06 21.24 1.7489
0 6.86 22.33 1.9424
0 6.55 23.3 2.1198
0 5.17 23.08 3.2204
0 3.93 19.19 2.3161
0 4.82 19.75 3.1933
0 4.6 20.28 2.6274
0 5.23 21.56 1.9012
0 4.48 21 2.0063
0 4.36 21.39 2.1294
0 5.26 21.32 2.6834
0 5.13 22.56 1.5389
0 5.1 21.63 1.5242
0 6.64 23.22 2.1543
0 4.4 21.86 1.4034
0 4.06 21.22 0.8385
0 3.63 21.68 1.7147
0 4.41 23.18 1.4201
0 4.99 22.38 2.5443
0 4.45 20.16 2.2083
0 3.66 19.74 1.827
0 3.08 19.35 1.3071
0 4.68 20.52 0.8567
0 5.01 22.59 2.0743
0 6.7 22.94 1.3784
0 6.75 22.75 1.0179
0 7.01 24.21 1.1134
0 7.48 24.27 1.5559
0 6.71 24.76 1.6433
0 5.25 23.5 1.9673
0 3.71 21.76 1.8122
0 4.36 20.54 0.6536
0 5.09 20.52 1.0482
0 5.57 22.41 0.784
0 6.32 22.09 0.8175
0 6.79 23.14 1.9215
0 5.65 22.97 0.41
0 6.15 22.44 0.8874
0 6.74 23.29 0.8008
0 6.75 22.78 1.8896
1.7 3.89 22.55 1.105
5.975 5.32 20.24 1.7291
8.775 2.64 14.05 1.5629
8.725 3.56 17.87 0.703
7.225 2.79 18.57 1.2429
0 3.88 17.58 2.568
0 2.82 17.77 1.7577
0 1.35 15.13 1.6075
0 1.14 15.05 0.4772
0.575 2.7 19.85 0.1913
0.375 4.77 22.48 0.8461
0 5.29 21.69 0.5294
2.4 6.27 22.24 0.4504
0 6.4 24.07 0.6883
0.05 6.83 24.41 1.6193
3.975 4.19 20.74 2.43
0.025 1.57 12.83 1.6782
0 1.99 17.82 0.3147
0 5.52 20.82 0.5481
0 3.94 19.6 1.0351
0.025 5.29 21.17 1.5331
0 2.95 19.14 2.6219
0 2.96 15.23 2.1006
0 1.93 15.33 2.233
24.1 -2.23 11.36 2.3977
27.925 -3.21 6.68 4.0729
7.125 -6.31 -0.27 0.8341
1.625 -7.32 -0.22 0.8639
0 -6.9 5.15 1.4555
0 -4.25 8.94 1.2506
3.55 -1.32 11.17 1.7882
3.05 0.93 6.57 1.9323
0 -0.32 12.39 0.9487
0 0.16 16.22 0.5883
0 3.11 17.53 0.4396
0 1.65 17.76 1.2304
0 2.29 17.47 1.567
0 2.48 15.06 1.9118
0 2.6 16.22 1.9318
0 1.47 17.13 0.7641
0 0.43 13.96 0.5018
0 0.02 15.06 0.445
0 -0.57 13.46 2.5526
0 0.38 15.46 2.0089
0 0.57 16.77 2.1444
0 -0.54 13.73 1.4
0 -2.97 9.33 3.5734
0 -5.15 8.59 3.4667
0 -4.03 8.72 2.0857
0 -2.55 10.68 0.9594
0 -1.57 12.3 2.1988
0 -1.72 13.44 0.1281
0 -3.38 13.82 3.7933
0 -2.65 10.23 4.1345
5.15 -4.97 10.91 4.0169
6.5 -8.92 9.05 1.9055
6.95 -11.37 -3.33 0.7569
4.95 -10.88 -3.01 1.6586
0.075 -10.99 -3.07 1.0512
0 -11.21 -1.79 2.2502
0 -8.99 1.72 3.1311
0 -7.77 4.54 2.7576
1.775 -5.72 6.6 3.0722
2.175 -3.78 4.01 0.8063
0 -4.68 4.13 0.2176
0 -3.26 5 0.4531
0 -6.03 4.89 0.4288
0 -5.74 5.73 0.9022
0 -6.19 6.4 1.4217
0.175 -5.27 5.69 3.82
3.375 -8.25 -1.28 2.3726
3.575 -8.11 -2.23 3.9001
1.6 -10.23 -1.78 1.7213
0 -9.29 0.27 2.5104
0 -7.89 1.06 3.7352
0.125 -7.97 5.37 2.4974
0.05 -7.2 1.84 0.77
0 -5.97 4.11 2.8882
0 -3.98 8.31 2.2928
0 -3.52 8.9 1.1089
0 -2.62 7.11 1.8634
0 -6.88 9.15 3.6035
0 -8.08 5.33 8.5855
0 -7.2 2.27 3.7849
0 -8.83 5.17 4.2681
0 -10.58 2.14 2.8942
0 -10.66 0.6 3.497
0 -11.19 0.82 3.0327
0 -10.43 0.72 3.6072
0 -9.03 3.01 3.866
0 -8.38 3.2 4.4246
0 -8.22 5.13 3.2054
0 -9.69 3.62 1.1052
0 -11.03 1.65 1.6262
0 -11.51 0.28 1.5063
0 -11.42 -0.35 0.9128
0.3 -10.79 0.07 0.8007
0.15 -10.05 -0.67 5.6442
0 -7.53 4.12 4.8206
0 -9.7 4.73 2.8241
0 -9.76 2.18 4.8827
0 -10.27 1.46 4.5666
0 -10.61 1.99 3.6639
0 -10.69 1.76 4.4715
0 -10.19 2.25 3.9132
0 -9.5 3.3 5.0356
0 -8.37 5.02 3.3515
0 -7.44 5.57 1.4179
0 -7.6 5.56 0.9935
0 -6.49 5.34 1.031
0 -4.02 8.52 0.9308
0 -5.19 5.91 1.728
0 -7.9 4.29 2.3975
