0.225 -19.64 0.49 1.5435
6.625 -12.43 0.4 1.837
2.8 -17.57 -0.04 1.6863
0 -23.25 -8.47 4.4038
0.325 -20.66 -6.85 1.6776
0.2 -11.21 0.89 0.7365
0 -11.27 3.99 1.2506
0 -11.66 2.87 0.7261
0 -15.17 4.13 4.6815
0 -16.99 0.02 3.0338
0 -13.14 1.39 2.0671
0 -14.62 5.03 5.3688
0 -14.66 5.02 3.5761
0 -15.67 4.75 2.8839
0 -14.55 5.21 3.6313
0 -15 4.42 4.8032
0 -16.26 4.42 4.1657
0 -17.11 2.58 4.784
0 -14.25 3.75 4.8368
0 -12.99 1.14 3.3176
7.775 -12.3 3.86 2.7134
16.875 -10.58 1.95 2.1647
14.4 -9.33 -0.96 1.5519
21.875 -7.01 -1.56 2.9263
7.6 -11.33 -1.94 3.7684
1.125 -17.08 -6.96 0.7688
0.025 -18.69 -6.44 1.1452
0 -13.99 -3.36 1.381
0 -16.5 0.04 4.2626
0 -15.74 2.4 4.4934
0 -14.93 4.15 3.0349
0 -13.55 4.89 3.304
0 -14.16 2.49 3.6157
0 -13.72 6.73 3.7605
0 -12.59 6.24 2.9936
3.825 -9.12 5.61 2.5464
24.025 -11.55 -0.12 2.4343
13.975 -11.29 -4.95 2.9372
13.125 -14.17 -4.38 1.2788
5.925 -16.15 -1.98 3.9609
4.675 -23.87 -9.33 0.5853
4.325 -16.77 -5.04 2.4966
2.25 -18.58 -4.65 1.449
2.325 -17.78 -5.88 3.0576
1.45 -17.41 -7.62 3.1294
2.275 -15.48 -5.03 5.2639
14.6 -13.66 -5.77 5.4462
16.275 -15.32 -7.82 4.0715
1.025 -20.27 -5.35 0.9705
0 -19.46 -4.71 3.3115
0 -18.41 -1.69 2.3452
1.65 -16.61 -0.28 3.7489
8.95 -11.06 1.02 3.1575
5.05 -8.53 0.32 2.3461
1.475 -7.52 3.09 1.7369
0.875 -9.57 4.67 1.5944
0 -9.49 2.17 2.9078
0 -12.67 2.82 0.5451
0 -11.68 4.88 3.8819
19.05 -5.6 3.72 2.9982
23.7 -8.53 5.02 4.2764
13.35 -8.52 -1.19 5.0287
12.325 -11.89 -5.49 3.362
1.975 -23.11 -6.49 0.6706
0.75 -17.1 -4.2 1.9569
0 -17.32 -3.93 0.2355
0 -16.34 -0.28 1.701
0 -12.78 2.25 2.7773
0 -18.75 -3.56 0.5788
0 -15.09 2.35 0.9176
0 -14.42 1.81 2.5016
0 -15.18 2.61 2.8416
0 -15.09 5.12 1.5199
0 -11.18 4.45 2.6015
0 -10.46 6.01 3.093
0 -9.35 7.63 1.0543
0 -9.36 7.83 0.8481
0 -8.37 10.08 0.7955
0 -9.57 10.81 0.7657
30.55 -7.14 10.19 2.2622
28.55 -12.18 1.62 4.3538
1.2 -19.34 -8.52 2.2488
0 -18.57 -4.63 1.8588
0 -14.91 1.84 0.4316
0 -8.62 4.81 2.1821
0 -12.16 4.25 2.1238
0 -11.27 6.7 1.323
0 -5.75 10.19 3.4332
0 -14.41 5.86 2.0272
0 -11.09 5.09 0.386
0 -7.47 7.82 2.5469
0.725 -9.04 7.72 2.6739
0.6 -12.22 5.6 5.4877
0 -17.01 -1.67 1.7889
0 -14.87 2.27 3.0503
0 -12.77 7 2.8431
7.4 -8.67 10.03 1.4943
4.625 -11.32 8.18 3.9271
2.6 -10.83 -0.5 1.8582
7.35 -9.37 1.38 2.112
3.975 -11.41 -0.52 3.7861
0 -9.41 4.01 1.5163
0 -9.8 9.13 1.9297
1.65 -7.06 6.78 4.3807
1.7 -17.11 0.74 6.5879
0.325 -15.12 0.36 3.5876
0 -12.34 2.88 1.5775
0 -8.74 9.03 3.2738
0 -8.61 12.39 3.0458
0 -4.76 15.12 1.6174
0 -5.64 17.01 1.0162
0 -3.29 17.48 2.3164
0.05 -0.54 15.79 3.2778
1.075 -4.71 10.15 3.5118
0.6 -13.51 0.96 3.7953
0 -11.13 4.25 1.8675
0 -9.85 6.41 2.4177
0 -8.34 8.7 3.478
0 -11.15 5.61 1.456
0.6 -8.18 9.64 1.9303
12.875 -1.39 11.34 2.3507
9.35 -5.91 7.13 3.0152
0.225 -2.21 4.51 4.1145
1.05 -6.41 6.39 2.1426
0.625 -2.98 9.54 4.1304
0 -6.12 10.74 2.656
0 -5.62 13.14 2.7143
0 -6.4 14.1 1.5835
0 -6.37 15.37 0.8745
0 -2.28 15.66 0.6415
0 -5.57 16.18 2.9958
0 -1.02 14.11 3.3214
0 -6.87 13.84 2.0742
0 -5.01 13.68 3.1372
0 -2.61 16.19 1.4203
0 -2.84 17.67 1.9417
0 -0.6 20.11 0.3695
0.2 2.2 21.52 2.6092
0.175 0.81 19.39 3.1542
0 -2.39 15.73 1.908
0 -2.68 16.36 0.7667
0.625 -1.72 17.79 2.3814
0.475 -1.62 16.46 2.8815
0 -2.96 14.96 2.6961
0.55 -2.43 15.32 1.6844
0.425 -3.92 15.39 1.145
0 -2.59 16.66 0.7239
0.525 -1.47 17.91 1.5228
2.1 -0.86 17.14 2.284
8.95 -0.22 15.39 3.3952
9.225 0.72 13.34 2.0656
3.5 -0.47 14.29 1.7606
0.175 -3.21 13.24 2.137
0.6 -1.66 12.3 0.8652
2.35 -5.53 9.81 2.2071
3.275 -4.38 10.84 4.0381
2.9 -7.64 5.49 2.8434
1.7 -3.51 6.3 2.8486
3.8 -1.88 10.5 2.5234
2.375 -2.14 12.04 3.3535
0 -1.06 11.13 3.1145
0 -4.73 9.63 3.2706
1.375 -3.92 11.47 1.9297
2.7 -1.64 10.24 3.7287
1.35 -5.04 10.14 2.6098
5.475 -3.33 11.63 2.3548
4.85 -2.17 11.87 2.1939
1.925 0.54 11.55 2.811
0.975 0.49 14.49 1.5158
0 2.25 18.26 2.6936
0 0.11 18.02 3.3402
0 -1.54 13.9 3.1008
0 -4.42 13.48 1.2242
0 -1.13 15 0.9646
0 0.37 19.01 1.3295
0.1 0.01 20.57 2.7647
0.075 -1.63 18.21 1.5988
0 1.03 19.87 0.9166
0 2.84 22.38 0.3396
0.25 1.74 23.23 3.0193
0.075 4.24 22.28 3.0516
0.05 1.24 21.49 2.202
0 3.53 21.11 1.4252
0 1.82 20.22 2.9475
0 0.53 20.33 2.5339
0 -0.11 20.82 2.9142
0 0.1 21.03 2.8459
0 -0.4 19.35 3.0883
0 0.25 18.65 2.6704
0 -1.26 19.38 2.5559
0 -1.42 19.07 1.953
0 2.7 19.72 2.1313
0 2.55 20.37 2.5909
0 2.46 19.99 1.3853
0 -0.01 21.81 0.8538
0 0.81 23.26 1.6405
0 3.62 24.07 2.2661
0 2.95 23.74 2.0064
0 4.26 24.64 2.1397
0 7.03 24.58 2.1479
0 5.26 24.41 2.5211
0 4.88 24.45 2.5787
0.1 3.89 24.11 2.1496
1.125 4.39 24.2 2.081
0.85 3.19 22.76 2.2236
0 4.44 23.71 2.2826
1.225 3.98 23.53 1.9862
0.875 5.46 23.73 1.7289
0.35 7.42 23.58 1.9099
0.475 4.21 23 2.7387
0.1 1.92 21.83 2.3651
3.35 2.75 22.74 2.1466
1.85 1.86 23.59 2.3017
0 3.37 21.73 3.1915
0 -0.11 21.51 2.9409
0 2.85 20.85 2.6478
0 4.85 19.06 2.8554
0 2.45 17.73 3.6046
0 -4.51 10.39 2.0618
0 -3.55 11.35 1.2081
0 -1.32 16.39 0.1338
0 -1 18.72 1.0648
0 1.39 21.59 2.8923
0 2.02 21.7 2.7832
0 3.69 21.35 2.9949
0 1.03 20.74 3.199
0 -2.7 18.63 1.3323
0 -3.4 17.97 0.3013
0 -2.11 20.46 0.66
0 -1.24 21.95 1.043
0 1.8 23.76 1.2762
0 0.9 24.83 1.6984
2.675 1.78 25.21 2.336
4.85 2.99 24.47 2.3523
6.325 4.31 19.37 3.5641
1.8 -1.8 15.22 1.7259
0 -0.33 18.95 1.7735
0 -0.9 20.31 0.8096
0 -0.66 21.02 1.3374
0 0.03 21.31 0.9646
0 3.48 21.85 1.4397
0 1.74 22.81 3.2754
0 1.97 19.5 2.4247
0 1.49 18.74 1.4432
0 0.36 19.4 0.1702
0 3.67 20.17 1.3586
0 1.77 20.1 1.9416
0 -0.37 19.37 2.2621
0 -0.56 19.71 2.0957
0 -0.79 18.02 1.2914
0 -2.38 18.9 0.5449
0 0.01 18.14 0.9647
0 1.19 19.99 0.3779
0 1.31 20.67 1.0124
2.35 0.17 22.45 1.3314
1.425 -0.4 20.15 2.5956
0 -1.49 17.28 2.8897
0 -4.22 14.6 1.4842
0 -0.16 16.18 0.9909
0 -1.26 20.71 0.4302
0 -1.89 21.48 1.2269
0 2.08 22.15 2.568
0 -1.44 18.41 1.015
0 -1.3 17.82 3.0008
0 -5.49 18.69 2.7133
0 -3.05 20.19 1.8906
0 -3.13 21.03 1.0471
0 -2.8 20.97 0.7836
0 -1.85 21.66 1.166
0 -2.76 21.79 0.3421
0 -0.69 21.9 2.3739
0 3.2 18.33 2.7876
0 -11.49 10.19 2.3576
0 -10.14 6.57 2.6549
0 -7.79 11.21 0.9945
3.3 -1.68 12.6 3.2455
2.175 -11.12 8.88 3.7322
0 -12.72 -2.29 0.3908
0 -10.99 4 3.4974
0 -9.98 5.96 1.9345
0 -7.76 8.55 1.3971
0 -7.27 11 0.9399
0 -6.74 13.32 0.692
0 -6.85 11.43 2.1921
0.375 -6.05 11.99 2.0962
59.925 -3.43 6.25 6.2665
41.575 -4.23 2.39 4.7813
0.1 -3.36 7.65 0.6806
0 -3.88 12.15 2.2441
0 -4.04 13.4 1.3457
0.05 -2.11 15.24 2.2862
2.075 0.45 13.01 2.7246
1.3 -7.68 5.74 2.7036
0 -8.57 6.72 1.0944
0 -7.33 10.44 0.7173
0 -6.99 10.58 0.7799
0 -5.34 12.63 1.0862
0 -5.17 11.58 1.9983
0.05 -6.64 8.84 1.3159
3.7 -7.34 11.37 4.0723
2.65 -12.74 -4.76 5.2098
0.175 -14.67 -2.57 0.8903
0.15 -10.15 2.74 0.0575
0 -8.72 8.73 0.9347
0 -7.8 11.33 0.8216
0 -6.91 12.78 1.1397
0 -6.64 13.74 1.1785
0 -7.52 13.12 1.8188
0 -3.4 12.3 2.4204
0 -8.33 9.85 0.857
0 -10.32 8.03 1.2791
0 -12.74 6.47 1.8398
0 -11.84 4.24 1.46
0 -11.98 7.92 0.9196
0 -11 8.12 0.8712
7.425 -5.17 8.08 2.1116
5.3 -12.81 -0.25 1.0073
0 -14.72 0.04 1.1117
0 -15.89 1.1 2.8666
0 -12.63 4.04 2.2899
0 -12.46 7.46 1.9753
0 -10.8 8.11 0.9975
0 -15.43 2.97 2.3962
0 -11.62 4.73 4.2127
0 -10.93 3.8 0.8747
0 -11.16 0.62 0.6355
0 -15.59 4.59 2.6447
0 -15 3.07 3.8633
0 -14.31 4.41 4.2757
0 -15.34 4.67 2.8148
7.225 -12.12 5.11 1.5347
4.7 -10.67 3.13 5.0995
0.075 -16.7 -7.13 5.4182
0 -17.78 -3.15 3.811
0 -16.24 0.61 1.5603
0 -16.87 0.2 2.4166
0 -17.54 0.9 2.2251
0 -17.37 -1.3 2.1332
0 -12.84 2.59 1.173
2.025 -18.61 -1.72 2.332
9.075 -13.69 -6.01 1.2069
4.975 -26.95 -12.13 0.6623
0 -28.26 -9.9 1.7725
1.3 -25.42 -7.77 2.8126
9.825 -14.86 -3.91 2.6682
48.625 -10.9 -3.96 3.6748
29.225 -12.87 -4.68 4.8363
0.55 -22.37 -4.52 0.9249
0 -19.41 -7.24 2.8743
0 -18.24 -4 2.2192
0 -15.76 -1.72 2.1929
0 -16.98 -2.94 2.7338
0 -19.57 -4.16 3.9841
0 -16.49 -6.74 2.8864
13.225 -14.06 1.59 1.9963
8.825 -17.56 0.29 3.7631
0.1 -22.47 -8.78 3.0453
0 -21.16 -5.56 3.6413
0 -20.92 -1.49 3.4688
1.9 -20.67 -7.88 3.884
1.125 -20.19 -6 1.9117
0.775 -19.98 -5.54 3.2932
6.4 -13.43 -6.89 0.7661
5.375 -11.28 -5.45 1.5325
0.05 -11.45 -3.82 2.3649
0 -13.48 -0.65 1.838
0 -17.35 -0.17 1.0915
0 -18.49 -4 3.924
0 -17.62 -4.04 2.8973
0 -16.66 -2.61 2.1195
0 -16.68 -2.53 2.6989
0 -14.7 -1.12 2.9511
0.125 -13.02 0.2 3.1401
1.15 -11.92 0.24 2.2148
0.525 -10.55 -2.48 2.4525
0.1 -12.79 -2.75 3.0213
16.275 -12.03 -2.88 4.359
12.15 -9.26 1.23 2.1856
0 -18.33 -1.91 1.5245
0 -17.9 -3.43 3.3109
0 -15.51 -2.13 1.696
13.15 -15.91 0.7 2.4977
46.65 -12.42 -0.48 4.5592
26.525 -14.02 -5.75 5.3767
31.475 -13.22 -6.78 6.2013
43.85 -18.64 -8.05 3.9723
17.875 -18.31 -11.22 4.3505
1 -18.96 -7.79 0.9011
0.4 -23.92 -9.33 1.9252
6.975 -18.67 -7.22 3.396
3.525 -12.79 -3.79 2.7836
0.025 -14.05 -0.99 1.4194
0 -19.63 -2.25 2.8372
0.275 -18.02 -6.66 3.0488
0.15 -15.65 -3.02 1.5928
0 -22.22 -2.63 0.9608
0 -20.28 -7.16 1.6985
0 -14.72 -4.85 1.8357
0 -17.96 -3.86 0.6236
4.85 -16.52 -5.25 2.4356
7.75 -11.88 -1.53 3.3384
7.825 -11.12 -2.27 1.8165
3.55 -13.03 -2.84 2.5224
0.2 -11.51 -3.82 1.4881
1.925 -15.13 -5.42 2.4571
1.225 -16.87 -4.75 0.4578
0 -13.81 -3.43 0.9206
0 -14.2 0.29 1.0686
0 -15.42 1.87 1.3053
0 -16.47 0.78 1.4915
0 -14.65 0.74 0.7894
0 -15.69 3.08 1.7842
0 -15.34 2.23 2.4468
0 -13.34 2.32 1.4454
1.825 -13.23 2.5 1.4546
3.1 -11.52 -1.19 2.4701
11.85 -9.78 -1.44 3.1035
7.45 -19.79 -2.66 2.6254
14.375 -18.2 -4.24 3.5066
18.125 -12.92 -0.95 3.0021
1.875 -15.61 -2.02 0.5124
35.65 -13.05 -0.98 4.4602
26.75 -10.78 1.23 1.9447
2.15 -10.31 -2.79 0.8727
0 -14.07 0.05 2.5294
0.45 -12.02 -0.57 2.7778
9.675 -13.24 0.36 3.2591
5.975 -15.79 -1.62 3.4228
0 -18.81 -4.01 1.2187
0.175 -14.25 -2.38 2.802
0.275 -13.78 -2.29 0.7326
1.775 -14.09 0.12 2.3698
1.025 -18.6 -1.89 4.0502
0 -14.76 -4.59 1.9421
0 -19.01 -5.99 0.5863
16.075 -15.06 0.9 2.2916
10.375 -13.46 2.02 2.6141
0 -19.75 -4.49 2.8019
0 -17.87 0.8 3.8598
0 -14.66 4.7 1.7199
0 -11.35 6.5 0.7042
0 -10.17 5.99 3.1675
0 -14.1 3.72 2.1404
0 -12.83 6.89 2.234
0 -11.57 6.92 1.1903
0 -11.47 6.79 1.1537
0 -12.87 6.23 2.6076
0 -13.28 5.49 2.3898
0 -10.4 7.17 2.7853
0 -13.58 1.16 2.737
0 -14 0.74 2.9981
0 -11.99 4.05 1.7288
0.425 -7.5 8.15 3.0038
5.075 -8.45 9.34 6.2048
3.275 -12.11 -2.07 3.5039
0 -17 -2.55 0.9165
2.8 -15.31 -0.78 2.5694
0 -10.07 1 2.29
13.325 -14.79 0.34 2.7634
9.6 -13.46 -2.34 3.8062
0 -18.16 -4.14 0.7785
0 -16.84 0.97 2.2941
0 -11.88 6.17 0.4639
0 -9.47 8.64 1.8482
0 -10.54 5.32 1.9262
10.25 -7.13 6.02 3.7397
6.975 -14.13 0.76 4.736
0 -12.89 -3.07 1.1216
0 -11.5 2.19 0.7026
0 -10.81 4.43 0.9253
0 -7.14 9.11 2.721
0 -10.03 8.65 1.2478
0 -10.4 12 1.04
0 -9.16 12.28 1.9381
5.175 -4.78 9.82 3.106
8.35 -11.91 -0.69 2.867
8.7 -10.95 -2.8 1.4179
3.425 -8.05 -2.7 1.6015
0 -9.13 6.77 0.6188
0 -7.59 10.4 1.4911
0 -8.9 9.76 0.7255
0.075 -3.24 11.78 4.7174
0.7 -8.07 3.79 5.4802
1.9 -13.83 -2.03 4.1996
1.15 -12.26 -1.46 3.5463
0 -10.75 3.47 1.9484
0 -10.56 8.63 2.348
0 -7.94 10 1.3433
0 -4.7 12.18 1.9422
0 -4.13 10.88 3.5851
0 -11.01 7.21 2.2632
0 -11.24 5.01 1.184
0 -5.02 9.37 2.9566
0 -9.06 7.59 3.8077
3.65 -11.68 2.61 3.7067
2.55 -14.02 0.94 5.0568
0 -8.72 1.82 2.584
0 -8.64 6.64 1.3747
0 -7.77 7.59 0.8995
0 -6.27 10.58 0.7314
0 -4.54 13.31 1.5211
0 -0.71 11.85 2.3974
0 -8.91 7.97 2.7794
0 -5.98 8.21 1.7882
0 -3.74 10.8 3.4243
0 -4.12 10.22 4.5006
2.425 -10.42 4.73 3.8206
1.9 -11.36 -0.12 4.1252
0 -8.44 1.76 2.3785
0.4 -10.7 3.49 1.7349
0.05 -5.23 8.68 3.6838
0.675 -8.64 6.21 2.8973
0.45 -10.18 2.56 4.0069
0 -11.38 2.87 1.8264
0 -8.73 10.37 0.7479
0 -3.91 14.64 2.7309
0 0.78 13.67 3.0013
0 -2.94 12.88 2.7304
0 2.15 15.81 2.9871
0 3.77 14.81 3.1003
0 2.75 14.13 2.1425
0 2.89 19.17 3.1745
0 5.4 19.51 3.1691
0 1.49 18.19 2.0967
0 3.44 18.32 4.229
0 0.74 14.31 4.642
0 -2.82 10.48 5.4983
0 -1.3 6.23 4.484
0 -3.84 11.65 1.3093
0 -1 14.91 1.6281
0 0.96 18.07 3.3388
0 -1.82 16.19 3.3367
0 -5.38 10.58 0.6547
0 -3.4 15.28 2.2056
0 -4.02 13.91 3.442
0 -4.43 13.59 2.5452
0 -3.5 15.25 1.3411
0 -3 13.57 0.8142
0 0.13 17.79 1.4546
0 0.96 18.67 2.2182
0 2.92 16.57 2.5863
0 -0.13 15.8 2.2741
0 2.02 18.21 0.6733
0 3.75 22.26 1.3173
0 4.31 22.65 3.4391
0 2.05 21.54 3.0834
0 -2.67 18.24 2.7276
0 -0.79 19.28 2.7135
0 0.03 19.3 1.853
0 -1.26 17.27 1.1331
0.925 -3.19 18.74 1.7062
3.025 1 20.92 2.2164
1.525 1.7 21.01 1.9808
0 1.7 19.54 1.9247
0 3.54 21 1.9522
0 1.88 21 1.8392
0 2.31 21.3 2.6399
0 4.13 21.66 3.4756
0 6.31 22.38 3.7575
0 3.49 22.24 1.8212
1.475 3.47 23.59 0.9832
4.275 4.93 24.57 2.5695
2.4 3.78 18.14 2.8784
0 3.59 23.49 2.679
0 3.32 24.72 2.0941
0 3.24 24.79 2.0458
0 2.99 24.48 2.9268
0 2.7 23.12 1.0804
0 3.24 23.19 2.2325
2.775 3.72 23.54 1.8594
7.925 5.62 23.73 2.252
3.775 3.94 21.38 2.7158
0 2.02 20.76 1.9506
0 1.04 21.25 2.4242
0 2.93 21.31 1.9005
0 2.89 22.14 2.3938
0 2.31 21.41 2.6144
0 0.86 21.36 2.1436
0 1.65 21.53 2.5383
0 0.66 21.84 1.7561
0 1.25 21.92 2.0436
0 1.82 21.84 2.0869
0 0.54 21.44 2.2372
0 3.14 20.52 2.5536
0.425 1.04 19.64 2.9948
0.25 -0.2 16.97 2.2584
0 -0.13 18.6 2.2154
0 0.51 18.44 2.5741
0 -1.03 15.52 1.0516
0 -0.49 18.75 1.0528
0 1.25 20.13 1.9197
0 0.94 21.44 2.647
0 2.05 20.89 1.1108
0 2.21 22.26 2.0231
0 3.42 23.03 2.1103
0 2.05 20.75 1.8994
0 0.01 20.83 2.2155
0 2 21.26 2.3648
0 3.03 18.69 1.857
0 0.44 16.75 2.9409
0 -0.5 20.29 2.4409
0 1.35 23.94 0.8398
0 5.95 24.83 2.7613
0 5.32 23.88 2.8449
0 2.47 19.89 3.3668
0.425 -1.13 9.73 2.2086
0.25 -4.88 8.85 2.3357
0 -4.49 12.8 0.9633
0 -1.92 17.08 0.6739
0 -1.97 20.99 0.6759
0 -0.13 22.21 1.1265
0 -0.05 22.81 1.6321
0 -0.96 20.9 1.922
0 -4.31 20.19 1.5426
0 -3.31 19.12 2.9554
0 2.7 17.27 3.3393
0 -7.53 9.69 2.1585
0 -6.56 14.19 0.8889
0 -4.76 16.02 0.9398
0 -2.97 17.86 1.1523
0 -4.09 18.03 1.9753
0 -5.13 16.59 1.5254
0 -5.24 17.44 0.5919
0 -4.55 18.31 1.1415
0 -4.19 19.7 1.7413
0 -4.31 19.53 1.6127
0 -3.62 19.52 1.7771
0 -6.69 16.69 0.9506
0 -7.04 17.17 1.1228
0 -2.27 17.09 2.7711
0 -6.6 13.33 0.7243
0 -5.78 17.09 0.5162
0 -4.96 19.71 1.0873
0 -2.55 21.27 0.517
0 -2.96 22.23 1.2893
0 -1.81 22.85 0.4386
0 0.09 22.94 0.5446
0 -1.6 22.7 0.3214
0.125 -0.4 20.05 0.6779
6.475 -0.33 17.46 1.5352
26.9 -0.21 16.27 1.8755
46.825 -2.34 10.36 1.5732
19.95 -4.57 2.17 1.374
7.95 -7.7 4.79 0.8224
1.975 -7.61 3.41 2.3236
0.175 -8.81 6.96 0.7708
0 -6.83 11.43 1.7106
0 -5.4 12.54 1.7379
0 -3.77 15.07 1.5373
0 -3.61 13.77 2.6667
0 -4.85 14.28 1.9187
0 -5.45 15.28 1.0155
0 -4.08 15.03 0.9826
0 -4.31 14.27 1.563
4.2 -2.68 10.83 0.9348
4.05 -3.3 7.83 1.371
0 -3.74 7.15 2.137
0.475 -6.37 10.05 1.278
0 -5.64 10.16 2.0973
6.375 -7.02 9.41 1.9426
20.65 -2.48 6.68 1.922
44.95 -1.2 4.74 4.9957
29 -6.37 6.09 4.0565
0.05 -9.7 3.11 1.4818
0 -13.43 2.37 3.183
0 -12.12 2.94 3.3859
3.5 -8.91 8.02 2.0831
2.4 -7.72 8.77 2.112
0.075 -9.8 4.87 0.7935
0 -9.39 7.68 1.8246
0 -8.76 11.25 3.4597
0 -7.37 13.28 3.3036
0 -5.06 14.43 2.302
0 -3.59 13.34 1.2642
0.25 -4.22 11.95 2.501
16.35 -7.76 9.15 3.208
10.775 -11.26 3.01 2.9187
1.125 -15.92 -1.14 0.6028
1.475 -14.55 0.77 1.6289
0 -14.47 -1.18 2.5928
0 -14.09 1.02 1.4688
0 -12.86 4.15 3.2071
0 -11.83 2.08 1.4825
0 -8.55 6.25 2.4452
0 -10.63 7.97 0.806
0 -13.49 7.38 2.2452
0 -7.24 8.53 2.7439
23.65 -7.1 8.62 3.3507
36.6 -11.24 3.71 3.6061
25.125 -14.5 -2.57 5.5481
9.1 -14.3 -7.83 3.5512
11.45 -14.45 -4.83 4.834
6.7 -21.92 -6.83 1.0037
0 -25.81 -8.94 3.3767
0 -21.26 -6.1 3.2373
16.625 -17.09 -3.03 3.1677
10.575 -20.77 -3.52 3.0633
0 -25.36 -7.59 2.0108
0 -22.63 -9.62 2.9155
0 -18.33 -1.22 2.0978
0.125 -14.06 1.61 2.4348
0.025 -3.58 4.17 1.7942
0.55 -6.33 4.78 1.6516
19.825 -11.08 2.03 1.8971
13.3 -9.48 3.26 3.2339
0 -11.93 0.24 2.3546
2.275 -10.5 1.65 1.857
3.725 -6.8 3.6 1.2495
0.675 -6.06 3.37 1.5941
0.025 -6.15 5.13 0.5817
0 -12.19 7.61 2.1652
0 -12.43 6.1 1.5848
13.8 -10.36 4.5 2.2691
10.6 -10.25 2.56 1.7902
6.7 -12.46 -3.55 2.6951
45.7 -12.15 -3.75 3.3381
84.925 -9.28 -4.04 5.3542
85.25 -8.75 -2.09 6.3935
50.85 -11.65 -3.84 2.3007
21.2 -14.24 -9.93 1.9663
4.025 -16.05 -6.09 2.1952
2.825 -12.79 -5.19 0.4526
0.275 -14.08 -4.05 2.795
16.9 -18.76 -3.35 5.0684
8.525 -15.76 -3.25 2.1798
0 -17.02 -6.14 1.0332
46.825 -15.6 -6.73 2.2898
27.25 -13.19 -4.35 4.8505
1.1 -22.18 -5.46 2.8921
4.225 -23.15 -11.86 1.1152
15.325 -22.21 -11.5 3.4732
19.25 -18.52 -10.69 4.3288
19.625 -15.34 -10.55 2.4925
0 -19.12 -7.48 2.9464
0 -24.52 -10.03 3.6713
0 -22.31 -10.39 5.338
0 -20.91 -9.39 3.9536
0 -19.79 -8.82 1.792
0 -20.12 -6.97 0.9178
0 -19.81 -3.6 3.3633
2.525 -19.8 -7.94 3.1287
3.85 -16.87 -4.12 1.5571
0.2 -16.64 -2.98 1.572
0.125 -16.46 0.58 1.3611
0 -15.52 0.09 2.2503
0 -12.12 -0.63 1.0658
0 -9.76 1.93 0.5991
0 -14.6 0.84 2.0154
0 -10.51 0.84 1.3054
0 -15.48 1.94 4.2392
0 -16.1 -0.94 3.4945
0 -14.7 -0.66 2.8364
0 -16.59 1.78 3.5468
0 -16.55 -1.17 2.1302
0 -15.59 0.06 2.1092
0 -16.11 2.09 4.8857
0 -16.82 0.98 3.077
0 -16.15 -0.1 1.7517
3.6 -14.09 0.97 0.7969
10.5 -12.77 3.23 1.7567
3.875 -15.31 -4.15 1.7583
0 -16.53 -3.88 2.2775
0 -23.76 -4.87 3.0741
0 -20.9 -4.41 2.1268
0 -16.45 -0.84 2.9872
0.075 -13.88 1.87 1.6951
0.05 -10.12 2.61 1.9367
0 -11.24 3.27 0.6693
0.125 -14.83 6.15 2.3738
0.075 -19.25 -3.59 3.6777
0 -19.87 -3.53 3.7223
0 -18.29 -1.41 3.6895
0 -15.95 1.53 2.525
0 -13.84 5.08 1.5169
0.025 -10.58 4.12 3.3015
9.75 -5.51 2.96 4.1046
29.575 -10.34 2.8 6.3548
16.25 -16.42 -7.49 4.3057
34.675 -13.56 -7.7 3.2196
32.4 -12.7 -4.29 4.3298
2.175 -25.97 -6.13 0.8066
0 -25.66 -6.95 1.2355
0 -21.83 -8.76 0.4082
0 -22.92 -4.11 0.257
6.25 -17.54 -5.22 2.5949
14.95 -13.29 -4.59 5.99
16.475 -19.08 -7.78 0.6014
0 -22.81 -9.33 0.5112
0 -22.98 -5.58 2.1662
3.125 -20.25 -2.82 1.7511
3.725 -16.62 -0.71 3.3983
7 -10.5 0.63 2.062
0.625 -18.08 -0.79 1.3776
2.175 -12.68 0.9 0.6
11.95 -10.3 2.46 1.8026
19.475 -9.59 -0.03 4.5284
0.1 -12.11 -1.89 0.793
0 -10.49 4.31 1.5532
0 -8.71 6.1 1.5692
0.275 -8.61 5.38 0.9897
0.15 -9.86 4.73 0.6957
1.8 -11.35 4.84 0.9426
1.225 -7.3 2.47 1.2555
14.75 -7.04 5.6 1.477
32.425 -6 6.57 3.3072
7.075 -14.1 -0.16 0.8746
27.3 -11.5 -0.45 3.4219
49.65 -13.34 -3.91 5.0334
72.05 -10.96 -5.41 6.4164
14.6 -13.54 -6.56 2.8569
9.425 -16.32 -3.86 0.8427
19.2 -12.7 -4.49 4.3059
45.975 -15.11 -6.41 5.4116
29.975 -15.68 -5.66 4.3799
13.825 -13.38 -2.8 2.9904
5.5 -10.91 -2.16 1.8503
0.1 -10.07 3.04 0.5068
0 -11.68 4.55 0.9034
0 -8.29 6.6 2.0769
0 -7.52 8.35 2.1641
0 -6.37 13.35 1.6729
0 -4.35 15.2 1.4701
0 -9.52 9.21 1.4055
0.075 -10.43 6.24 2.0862
0 -7.38 11.03 1.5014
4.8 -8.62 10.07 1.2684
5.525 -11.29 7.42 3.6937
5.675 -17.93 -6.21 1.435
2.45 -15.11 -8.15 1.5531
0.075 -14.5 -2.42 0.5622
0 -11.36 4.25 1.4013
0 -11.16 6.12 1.231
0.65 -9.77 6.14 3.0858
0.425 -14.08 -2.58 0.5762
0 -10.2 4.67 0.7921
0 -8.17 10.03 1.1627
0.025 -6.74 12.16 2.3428
0 -4.11 11.54 3.3646
0 -6.7 6.79 1.868
0.475 -4.84 9.11 2.4338
9.475 -5.04 3.59 2.6004
5.6 -10.5 4.31 0.8488
3.55 -8.78 4.16 1.5309
0.3 -5.99 3.75 2.8664
0.85 -7.67 2.4 2.8011
0.05 -10.75 4.33 2.6872
0 -9.49 6.67 0.8697
0 -6.48 10.7 2.6451
0 -10.32 6.96 4.5567
0 -13.42 1.87 3.7637
0 -12.28 3.47 2.1219
0 -9.44 8.42 0.724
0 -6.98 11.86 0.819
0 -6.9 13.79 3.2326
0 -3.89 14.48 1.0494
0 -4.37 16.02 1.7742
0 -1.13 14.76 2.2215
0.275 -3.72 11.18 3.3409
1.4 -10.63 3.91 3.5981
2.7 -11.62 -2.27 2.999
0 -8.53 6.09 1.6702
0 -5.36 10.8 1.2196
0 -4.43 13.28 0.6473
4.125 -4.1 14.49 3.1667
7.575 -11.21 8.19 3.3975
2.65 -12.88 -2.92 1.1526
7.575 -9.66 1.21 3.4497
25.825 -10.21 0.45 2.6373
2.9 -8.7 0.56 3.7645
0.075 -9.25 5.13 1.8127
0 -4.27 11.28 1.8479
0 -4.92 11.04 2.6806
0 -7.14 9.72 4.2638
0 -9 7.49 2.3539
0 -4.98 11.62 3.0641
0 -4.77 9.45 2.91
0 -5.08 8.9 3.5866
2.35 -4.13 9.7 4.4621
4.475 -11.2 4.37 4.996
0.9 -11.06 1.01 3.081
0.525 -7.94 5.64 3.1366
0.975 -3.77 6.75 3.3241
0.825 -9.19 3.26 1.8681
0 -9.64 3.94 0.8443
16.5 -4.3 7.37 2.7178
17.675 -3.38 1.66 1.6991
6.025 -4.97 9.07 3.9404
0.9 -6.4 7.44 1.7513
0.475 -5.14 10.41 2.9896
0 -3.7 12.1 1.5524
0 -2.59 15.1 1.9707
0 -1.93 14.87 2.92
0 -1.74 13.34 2.5788
0 -1.41 15.25 2.7918
0 -0.3 16.75 1.3673
0 0.87 20 1.9155
0 0.55 20.51 2.3544
0 -3.03 16.08 0.9343
0 -1.67 15.36 3.0592
0 -0.06 17.75 2.1474
0 -2.39 15.69 0.1846
0 0.22 20.71 0.3231
0 2.63 21.61 2.5031
0 2.71 21.52 3.2675
0 -1.01 19.13 2.7607
0 -2.62 18.54 2.7301
0 -2.2 18.12 2.143
0 -0.73 19.47 2.0471
15.4 1.73 20.55 3.0759
19.775 -0.11 15.9 2.7273
4.725 -4.5 9.37 2.2043
0 -1.4 18.93 0.5983
0 0.82 22.51 0.9167
0 2.53 24.11 0.9754
0 2.86 23.8 1.8198
0 3.55 22.95 1.8166
0 5.17 20.21 2.3758
0 4.25 21.05 2.9774
0 0.79 19.59 2.3137
0 0.57 21.06 2.5645
0 -1.42 20.54 2.2794
0 0.01 20.01 2.5455
0 -0.37 19.37 2.6197
0 -0.6 19.37 3.2658
0 -1.73 18.17 2.618
0 0.84 17.28 3.0831
0 -1.68 16.89 3.2259
0 -1.31 17.04 2.1407
0 -1.62 18.55 1.7376
0 -0.2 19.77 2.1165
0 -0.35 20.24 1.0821
0 0.62 20.23 2.3054
0 1.3 22.06 2.9006
0 2.24 20.59 1.8037
0 2.89 23.02 2.2004
0 0.97 22.32 2.3485
0 -1.22 21.19 1.7767
0 0.22 21.66 1.6913
0 2.11 20.02 1.2313
0 5.51 22.16 2.0094
7.725 2.26 23.39 2.9986
6.175 2.26 20.32 2.2256
1.825 2.99 16.48 1.7762
0 1.46 20.08 2.0285
0 1.77 20.31 2.1726
0 0.06 21.24 3.1852
0 -0.14 19.48 2.2148
0 -0.26 20.55 3.1399
0 -0.95 20.63 2.5663
0 -0.43 20.61 1.8878
0 -0.24 22.08 1.9403
0 0.19 21.43 2.1422
0 0.15 21.1 2.6801
0 1.75 21.63 1.4209
0 2.49 21.7 1.5055
0 0.71 21.61 2.266
0 1.26 20.1 1.5616
0 0.12 19.68 0.8188
0 0.73 20.66 1.4991
0 1.12 22.13 1.2161
0 1.11 23.28 2.4643
0 1.68 22.48 2.1693
0 -0.14 21.08 1.6931
0 -0.31 20.52 1.2313
0 -2.13 20.16 0.9834
0 1.81 22.81 2.1158
0 3.2 22.39 1.4823
0.1 2.2 21.36 1.1177
0 3.86 23.12 1.2459
0 4.04 22.96 1.6443
0 2.12 22.81 1.6344
0 1.55 22.97 2.0927
0 -1.77 22.23 1.9862
0 -0.15 20.21 0.7028
0 -1.49 20.39 0.9461
0 0.14 20.23 0.9134
0 0.1 20.68 0.7896
0 4.51 20.56 1.8519
0 -0.2 18.66 0.4756
0 -0.69 20.3 0.9171
0 2.5 20.47 0.7298
0.4 0.99 19.43 2.0331
2.825 -0.69 16.53 1.2484
5.7 0.78 15.94 1.3896
14 -0.71 11.73 1.3144
6.925 1.21 14.13 0.6604
11.575 -1.47 15.38 0.9576
0 0.54 14.83 2.5324
0 1.33 15.92 2.0144
0 -0.58 13.6 1.575
0 -1.76 15.27 0.2697
3.225 -1.13 17.9 0.3257
2.2 0.16 19.57 0.8523
0.05 -0.9 19.02 0.4518
5.2 -0.3 19.73 0.5366
0 3.42 19.65 0.8842
0.45 0.24 20.79 1.6854
7.425 -1.73 16.45 2.4263
0.075 -3.15 13.15 1.5368
0 -1.38 16.72 0.4071
0 -0.72 18.78 0.6429
0 1.93 17.63 1.0266
0.075 -2.15 19.45 1.6985
0.05 1.81 18.61 2.7639
0 2.7 15.23 2.2327
0 0.09 15.05 2.4298
30.225 -3.06 11 2.5155
36.3 -6.48 7.7 4.1945
11.875 -9.23 2.02 0.6452
2.225 -11.7 2.22 1.0041
0 -9.08 6.41 1.3384
0 -8.01 8.28 1.4489
1.175 -6.08 10.14 1.8482
4.1 -4.15 8.14 1.8725
0 -4.09 12.64 0.9298
0 -3.39 14.65 0.7131
0 -5.35 17.42 0.7176
0 -4.46 17.84 1.3879
0 -2.77 13.98 1.8984
0 -3.7 13.62 2.0477
0 -4.63 12.77 2.2164
0 -4.6 14.84 0.6116
0 -3.94 12.23 0.5854
0 -6.55 13.24 0.367
0 -4.23 12.07 2.4123
0 -7.42 13.86 2.0272
0 -6.18 14.61 2.5266
0 -6.32 10.7 1.4191
0 -11.18 7.08 3.9807
0 -11.8 3.35 3.5033
0 -11.51 7.6 2.28
0 -10.73 9.76 0.8196
0 -10.22 10.94 2.3902
0 -10 11.64 0.2199
0 -8.32 11.48 3.5148
0 -9.73 4.46 4.1242
2.275 -14.22 5.59 4.2154
9.925 -13.96 6.25 2.0034
7.475 -17.06 -5.15 0.4379
9.4 -14.04 -3.93 1.5813
0.15 -13.73 -3.8 1.1003
0 -15.71 -3.82 2.4063
0 -15.22 -0.88 3.3644
0 -14.82 2.79 2.8744
2.45 -10.52 0.68 3.0175
2.875 -7.65 -0.82 1.0418
0 -10.53 3.15 0.2647
0 -8.5 5.06 0.4235
0 -11.69 5.31 0.4693
0 -12.3 6.93 0.8484
0 -11.78 4.95 1.4849
0 -12.3 5.74 3.8523
0.4 -11.21 1.6 2.3495
1.975 -12.04 -1.21 3.7497
2.4 -16.36 -3.14 1.4941
0 -14.65 -0.79 2.1688
0 -12.52 3.37 3.4934
0 -9.75 5.57 2.4339
0 -11.46 3.03 0.7864
0 -12.78 4.52 2.991
0 -10.85 6.74 2.3882
0 -11.95 7.74 1.1089
0 -12.93 8.12 2.048
0 -11.69 6.97 3.2201
0 -12.82 0.27 9.4305
0 -16.76 -6.02 4.0733
0 -18.52 -1.37 4.6103
0 -19.53 -4.8 2.6996
0 -18.48 -0.94 3.5309
0 -19.53 -2.94 2.964
0 -17.46 -0.61 3.6653
0 -16.56 1.46 4.1173
0 -19.29 1.4 4.3727
0 -16.91 -0.12 3.2176
0 -18.11 -0.95 1.3407
0 -19.4 -1.94 1.6277
0 -19.58 -5.13 1.4321
0 -19.51 -3.39 0.9919
0 -16.46 -2.59 0.924
0 -13.56 -4.16 6.0391
0 -16.05 -2.13 5.0186
0 -18.3 -0.34 2.5916
0 -14.47 1.23 4.7794
0 -19.64 -2.13 4.758
0 -17.21 -3.1 3.4463
0 -23.07 0 4.5398
0 -22.33 -2.93 3.8242
0 -21.18 -1.28 4.8457
0 -19.79 0.99 3.1649
0 -18.35 2.83 1.4121
0 -16.48 4.98 1.0804
0 -14.22 2.83 1.055
0 -11.35 6.94 0.9952
0 -11.92 5.8 1.608
0 -14.24 6.4 2.3514
