1.35 -12.1 0.74 1.464
11.15 -10 0.61 1.744
6.175 -12.89 -0.89 1.6727
1 -16.42 -4.57 4.2864
3.575 -14.44 -5.32 1.8426
1.775 -8.85 -4.62 0.5455
0 -9.51 -0.1 1.3888
0 -7.24 2.16 0.6699
0 -10.47 4.83 4.4374
0 -10.01 4.26 3.1329
0 -7.79 3.85 2.2945
0 -5.72 6.96 5.3923
0 -5.32 7.7 3.715
0 -8.47 7.91 3.3415
0 -7.2 8.57 3.7021
0 -7.47 9.2 4.7901
0 -8.34 7.14 4.2277
0 -8.47 6.6 4.8408
0 -6.54 5.89 4.9103
0.1 -6.6 4.92 3.4217
17.325 -6.47 6.3 2.6803
33.4 -4.4 6.31 2.1237
73.325 -4.63 1.89 1.5799
57.975 -4.98 0.3 2.7689
17 -8.81 -2 3.5806
3.2 -13.83 -7.59 0.7406
0.6 -14.61 -5.94 1.2421
0 -12.83 -2.81 1.2777
0 -10.1 0.25 4.2489
0 -8.84 5.61 4.4814
0 -6.92 6.55 3.0774
0 -7.53 6.36 3.2974
0 -8.66 5.11 3.7614
0 -8.77 7.85 3.7258
0 -5.69 8.95 2.9423
6.95 -5.37 7.78 2.4042
12.1 -7.76 -0.75 2.566
4.75 -9.02 -2.81 2.9129
26.025 -9.31 -0.21 1.1991
15.625 -13.07 -1.79 3.7086
4.6 -18.22 -7.05 0.5312
14.05 -16.27 -5.22 2.7318
7.85 -12.29 -5.26 1.4187
18.7 -12.43 -4.45 3.1739
10.65 -12.05 -6.33 3.4928
4.45 -10.33 -4.43 5.5712
32.6 -9.14 -5.17 5.3663
27.725 -9.46 -6.12 4.2084
4.95 -12.81 -6.6 1.1747
0 -12.75 -2.65 3.3326
0 -11.79 1.01 2.424
9.025 -10.57 2.05 3.703
35.85 -10.86 1.75 3.3557
25.675 -6.13 -2.87 2.4688
6.6 -7.89 -0.51 1.7624
3.025 -8.04 4.91 1.5929
0.875 -7.59 -0.61 3.0334
0 -9.94 2.95 0.5178
0.025 -8.75 5.69 3.7796
22.275 -5.29 5.07 2.876
37.625 -5.12 2.15 4.2576
53.9 -6 1.15 4.9416
25.55 -9.41 -3.63 3.0922
4 -14.41 -4.58 0.7425
1.725 -13.22 -2.61 1.8916
0 -13.57 -3.25 0.3302
0 -14.06 1.04 1.4241
0 -10.41 4.01 2.584
0 -13.68 -1.88 0.4933
0 -13.06 3 0.9409
0 -10.27 3.38 2.3901
0 -10.12 6.04 2.6523
0 -9.31 7.7 1.4861
0 -7.75 4.47 2.728
0 -7.13 5.65 3.3105
0 -6.36 8.34 1.0115
0 -5.77 9.1 0.8677
0 -4.23 11.51 0.8483
0.275 -5.77 12.28 0.6327
34.85 -5.09 11.49 2.0846
25.05 -10.1 2.57 4.1968
2.525 -15.74 -6.51 2.1035
0 -14.25 -1.8 1.9346
0 -11.39 5.13 0.3902
0 -7.29 7.04 1.8403
0 -7.12 10.01 2.0885
0 -6.47 9.44 1.294
0 -5.69 10.87 3.4122
0 -8.59 6.59 2.0356
0 -8 6.04 0.2667
0 -6.15 7.82 2.5194
0 -5.8 10.19 2.5701
0 -7.95 7.97 5.2677
0 -11.45 1.28 1.9152
0 -10.46 5.65 2.9432
0 -8.21 9.69 2.4717
15.125 -5.56 11.95 1.2627
15.55 -8.9 9.13 3.592
11.05 -8.57 -1.38 1.8687
5.4 -8.07 -0.46 2.1083
0.65 -8.76 -0.58 3.639
0 -7.08 3.82 1.3867
0 -6.57 9.04 2.0656
0 -5.23 7.98 4.5404
0 -12.7 2.18 6.2489
0 -11.76 -0.03 3.2349
0 -8.87 6.05 1.6424
0 -6.21 10.79 3.0719
0 -3.88 14.08 2.9636
0 -0.3 17.46 1.5364
0 0.99 19.83 1.0117
0 1.77 19.98 2.1881
0.175 -0.27 18.53 3.0973
2.475 -2.72 12.97 3.2854
1.4 -10.13 1.72 3.477
0 -8.16 5.58 1.7361
0 -6.11 7.88 2.3645
0 -6.9 7.72 3.3635
0 -8.53 4.98 1.4863
2.025 -6.29 7.85 1.83
68.95 -0.88 11 2.1232
47.8 -2.67 7.97 2.7759
14.2 -1.6 3.31 4.0836
7.425 -3.76 4.24 2.0724
0.975 -0.07 8.78 4.1317
0 -2.95 11.42 2.4422
0 -1.84 14 2.6893
0 -1.13 14.55 1.5523
0 -1.94 15.22 0.9536
0 0.08 15.69 0.6825
0 -0.96 16.83 2.9154
0 -1.61 15.77 3.2808
0 -2.16 13.89 2.1997
0 -1.54 13.63 3.0013
0 -0.09 15.68 1.5558
0 1.03 17.65 1.8352
0 4.96 22.08 0.4281
1.075 6.99 23.94 2.489
0.65 3.87 23.45 2.9058
0 1.06 17.68 1.5831
0 0.56 16.75 0.7511
0 1.27 17.86 2.3431
0 1.06 17.6 2.8849
0 0.69 16.45 2.6332
0 -0.94 16.7 1.6883
0 -0.03 16.15 1.2086
0 2.17 18.26 0.7524
0.875 3.66 19.47 1.6868
1.025 3.59 18.56 2.441
20.325 3.68 18.23 3.3217
12 3.2 17.59 2.0983
0 3.21 16.72 1.8239
0 2.01 14.48 2.1737
0.725 2.04 13.75 0.5382
12.925 -0.76 12.44 2.1256
11.075 -3.47 10.63 3.8619
6.2 -4.57 3.32 2.6292
2.425 -2.98 5.21 2.7465
0 -1.7 11.04 2.5037
0 0.84 13.63 3.3416
0 0.72 12.84 3.0789
0 -1.47 11.39 3.2271
2.25 -1.24 12.54 2.075
3.425 0.65 10.6 3.6451
1.25 -1.8 10.86 2.4988
0.65 -1.37 11.7 2.3819
0.425 -0.6 12.44 2.2469
0 1.95 13.53 2.8857
0 2.51 16.21 1.6037
0 4.42 20.72 2.5836
0 1.3 19.32 3.125
0 -0.48 14.82 3.0799
0 -0.73 13.18 1.3067
0 1.52 16.21 0.844
0 4.05 19.71 1.4219
0 4.48 22.48 2.7923
0 3.39 20.11 1.5373
0 4.54 20.67 0.8903
0 5.5 24.71 0.4393
0.325 7.49 25.86 2.9779
0.225 7.76 25.51 2.9539
0.025 6.2 23.13 2.2329
0 7.06 23.35 1.6076
0 5.5 21.82 2.9411
0 4.45 22.26 2.5807
0 4.79 21.42 2.904
0 2.86 20.95 2.7461
0 2.59 19.13 2.9397
0 1.91 18.65 2.5775
0 1.3 18.81 2.511
0 2.55 18.69 1.9235
0 2.85 19.95 2.0229
0 5.23 21.05 2.4745
0 5.37 20.87 1.4549
0 4.51 22.35 0.9564
0 4.95 22.94 1.5103
0 7.16 25.36 2.1425
0 7.66 25 1.8676
0 8.51 26.05 2.0498
0 9.27 26.28 1.9264
0 9.47 27.17 2.4669
0 8.3 26.65 2.5763
0 7.25 24.64 2.2393
0 8.92 25.69 2.0862
0 7.33 24.22 2.223
0 6.77 24.21 2.3413
0 7.33 25.21 1.9873
0 7.82 25.44 1.6011
0 9.22 25.66 1.853
0.075 7.79 25.42 2.7267
0.05 8.32 24.43 2.3898
1.3 7.73 24.3 2.3283
0.65 7.27 24.13 2.35
0 7.03 23.2 3.2634
0 4.46 21.7 2.9171
0 4.69 21.65 2.6225
0 5.34 21.21 2.7445
0 3.43 19.55 3.4712
0 -0.99 10.94 1.9529
0 0.72 13.1 1.2308
0 2.85 18.16 0.1501
0 4.56 21.33 1.043
0 6.08 23.03 2.9727
0 5.95 24.16 2.8624
0 6.02 22.99 3.0321
0 3.98 22.06 3.0655
0 1.27 19.7 1.3395
0 1.43 19.25 0.3386
0 2.64 20.97 0.7058
0 4.15 23 1.0375
0 6.76 24.68 1.2997
0 6.44 26.39 1.9206
0.925 7.32 25.8 2.3417
6.9 7.39 26.39 2.271
7.25 5.9 21.11 3.431
2 3.31 19.93 1.7001
0 3.26 20.03 1.6429
0 2.87 21.09 0.7155
0 3.32 22.29 1.4514
0 5.56 21.78 1.0839
0 6.29 22.3 1.4117
0 5.38 24.16 3.0741
0 6.37 22.81 2.2286
0 5.23 22.28 1.3095
0 5.62 22.54 0.1506
0 7.03 23.5 1.4191
0 6.33 23.29 2.0158
0 3.76 21.76 2.2357
0 1.87 19.91 2.0878
0 2.75 17.79 1.3241
0 1.98 17.92 0.4017
0 3.57 18.96 0.9054
0 5.07 21.14 0.3395
0 5.73 22.5 0.9859
1.375 6.32 25.17 1.3585
2.075 4.78 21.88 2.5355
0.75 1.76 16.92 2.9496
0 -0.13 12.54 1.4585
0 1.83 17.42 1.1128
0 3.02 20.2 0.3306
0 3.6 21.84 1.1344
0 4.87 23.91 2.396
0 3.05 21.93 0.8714
0 4.69 20.42 2.8197
0 3.66 23.11 2.5583
0 3.61 23.49 1.7055
0 3.23 22.97 0.9812
0 3.4 22.92 0.7985
0 4.7 24.06 1.1662
0 4.28 25.18 0.4463
0 4.21 25.21 2.2793
0 5.22 20.49 2.6268
0 -6.43 9.19 2.2964
0 -4.98 10.61 2.5047
0 -2.69 13.63 0.8207
4.425 -0.81 14.28 3.0475
3.1 -7.37 10.39 3.5361
0.25 -8.9 -0.37 0.3258
0 -8.66 6.68 3.3447
0 -6.17 9.18 1.7688
0 -3.95 10.24 1.3095
0 -3.57 12.2 0.8401
0 -2.03 13.57 0.7445
0 -3.59 13.27 2.0905
15.325 -2.18 12.16 2.0837
105.55 -2.38 6.52 6.5123
59.125 -1.49 4 4.6798
0.8 -0.19 7.1 0.7378
0 0 13.17 2.103
0 -1.1 14.72 1.1178
0 1.09 17.71 2.0264
3.925 0.59 13.1 2.5038
2.35 -6.29 6.05 2.1724
0 -5.79 7.09 1.0373
0 -4.25 10.31 0.6159
0 -3.86 11.52 0.8985
0 -1.44 13.39 1.0574
0 -1.47 10.61 1.8948
0 -2.23 11.88 1.147
0 -2.81 12.98 4.2962
0 -7.35 2.82 5.0285
0 -9.4 0.8 0.8184
0 -8.77 3.89 0.0486
0 -5.52 9.7 0.8532
0 -3.4 11.71 0.7622
0 -1.07 13.34 1.217
0 -1.3 14.92 1.1798
0 -1.1 15.02 1.8141
0 -2.53 13.74 2.4123
0 -5.36 8.76 0.9045
0 -5.85 7.67 1.3584
0 -7.5 5.16 1.8289
0 -6.88 5.61 1.3086
0 -6.36 7.16 0.7471
7.725 -4.64 7.74 0.5373
7.875 -5.42 7.4 1.9144
1.925 -9.25 -1.22 1.0816
0 -10.38 0.39 1.0138
0 -10.24 1.17 2.9166
0 -8.42 4.4 2.2038
0 -7.38 7.12 1.84
0 -7.09 7.88 1.3079
0.675 -9.39 3.45 2.4285
6.775 -8.71 5.58 4.1776
3.8 -8.36 3.83 0.9698
0 -7.54 -0.07 0.6734
0 -9.66 3.07 2.4991
0 -8.61 3.6 3.7664
0 -7.41 4.76 4.1996
0.95 -7.57 5.82 2.7279
5.275 -6.76 7.2 1.206
2.825 -9.16 2.87 5.2835
0 -9.06 -1.1 5.22
0 -9.18 0.75 3.8731
0 -8.79 4.09 1.7664
0 -9.93 4.08 2.4727
0 -11.57 5.98 2.2734
0 -10.55 1.86 2.1242
0.025 -10.58 3.92 0.8335
16.15 -12.75 -1.04 2.4557
17.925 -11.91 -3.94 0.9583
4.95 -21.38 -9.99 0.8495
0 -20.66 -9.33 1.8321
6.55 -17.68 -7.51 2.9603
36.925 -11.09 -3.64 2.6217
73.775 -6.88 -2.72 3.6342
36.825 -9.01 -2.73 4.5639
2.65 -12.81 -4.91 0.9758
0 -12.56 -5.1 2.9573
0 -10.73 -0.7 2.372
0 -8.61 0.68 2.1537
0 -8.18 1.31 2.7273
0 -8.83 1.53 4.0105
0.875 -8.33 1.25 2.8273
16 -8.23 3.31 1.9607
11.5 -11.66 0.11 3.6374
0.15 -15.72 -5.67 2.7376
0 -12.55 -1.18 3.8262
0 -12.23 -1.16 3.709
7.525 -12.16 -1.8 3.9596
4.5 -11.23 -2.31 2.0045
3 -12.18 -4.85 3.238
11.85 -10.18 -3.12 0.857
6.1 -8.83 -3.46 1.5778
0.1 -9.39 -3.98 2.5129
0 -9.64 -0.25 2.1044
0 -9.96 -0.12 1.0797
0 -9.95 0.61 3.8551
0 -10.47 2.28 2.8105
0 -8.86 1.95 2.2802
0 -9.02 2.31 2.8345
0 -8.33 2.66 2.8636
0.175 -6.65 4.19 3.0867
2 -6.13 4.26 2.2199
1.125 -4.89 0.72 2.4539
1.725 -5.48 2.18 3.0442
28.875 -6.82 4.71 4.4345
16.475 -6.93 0.22 2.1148
0.225 -11.87 -1.41 1.5666
0 -10.53 -0.63 3.3412
1.275 -9.22 2.63 1.8751
14.85 -9.12 2.82 2.608
43.975 -8.36 -0.04 4.664
38.375 -9.58 -3.97 5.5849
44.875 -9.91 -5.44 6.4443
41.9 -12.32 -6.96 3.9703
22.05 -11.95 -7.36 4.0245
5.625 -12.29 -7.52 1.0335
1.5 -15.79 -6.07 2.1078
4.25 -12.97 -4.94 3.7656
1.775 -9.24 -3.49 2.8297
0 -10 -0.16 1.4647
0 -13.23 0.7 2.9365
1.85 -11.67 -1.9 3.1032
1.1 -9.22 1.15 1.5666
0 -13.76 -0.6 0.9524
0 -16.99 -1.12 1.7204
0 -10.7 0.31 1.9007
0 -10.47 0.73 0.6528
9.7 -9.78 1.03 2.6909
17.3 -7.29 0.75 3.2494
16.725 -7.52 -1.72 1.7059
5.925 -8.97 -3.45 2.3261
1.35 -10.83 -3.38 1.558
1.85 -10.41 -3.35 2.3363
0.625 -11.63 -4.06 0.4116
0 -10.91 -1.39 1.1123
0 -8.81 1.03 1.2509
0 -8.99 3.95 1.2255
0 -8.61 5.04 1.4895
0 -9.62 6.79 0.8136
0 -7.64 6.61 1.7388
0 -7.56 7.25 2.4758
0 -7.49 7.9 1.1282
3.2 -8.57 7.15 1.2667
8 -7.39 2.17 2.1593
19.3 -7.98 0.01 2.8302
9.4 -13.77 -4.54 2.5726
40.025 -13.13 0.35 3.701
30.6 -9.52 -0.54 2.8699
3.95 -11.04 -1.22 0.6564
34.975 -9.79 2.82 4.6153
23.35 -7.25 2.11 1.4512
1.4 -9.14 -3.52 0.6187
0.85 -9.05 3.04 2.4998
13.85 -6.78 5.1 2.6931
25.625 -8.14 -0.79 3.3285
10.55 -11.49 -2.87 3.1059
0.075 -13.25 -3.99 1.2948
0.05 -10.76 0.45 2.6919
0.35 -10.43 1.45 0.6881
5.875 -8.42 2.18 2.3834
6.4 -15.07 -3.89 3.7529
1.8 -12.26 -3.15 1.8829
0 -13.15 -3.73 0.6044
31.075 -10.86 2.82 2.3706
18.65 -10.82 2.69 2.4014
0 -12.41 -0.71 2.8511
0 -11.6 4.69 3.949
0 -9.06 9.51 1.5271
0 -6.16 10.63 0.6902
0 -5.68 10.7 3.057
0 -12.26 8.14 2.2223
0 -5.7 11.87 2.1453
0 -7.05 10.65 0.8131
0 -6.81 8.67 1.175
0 -8.17 8.71 2.3754
1.525 -8.13 9.78 2.3297
5.1 -7.29 9.61 2.6198
2.5 -10.55 2.07 2.3127
0 -9.24 3.76 2.996
0 -8.48 8.11 1.501
6.45 -6.39 9.5 2.9698
24.825 -6.2 9.52 5.8593
13 -9.63 -1.66 3.1539
1.15 -12.79 -2.24 0.7164
9.05 -11.21 -0.17 2.5092
5.25 -8.6 -1.32 2.0195
29.25 -10.25 -0.44 2.7349
17.55 -11.24 -2.8 3.4458
0.025 -13.09 -3 0.571
0 -11.84 2.57 2.3747
0 -8.61 8.12 0.2514
0 -6.3 9.78 1.8882
0.825 -6.07 9.37 1.9018
21.975 -6.71 4.49 3.7588
18.25 -9.41 -1.02 4.6343
3.2 -10.01 -2.91 1.0977
0 -9.46 2.66 0.6525
0 -8.53 4.12 0.8629
0 -6.38 9.3 2.4402
0 -7.21 8.74 1.2226
0 -6.37 11.44 1.1274
4.475 -5.3 13.27 1.6954
19.75 -2.76 10.75 2.903
12.025 -9.72 -0.54 2.8747
1.675 -7.97 -4.1 1.5136
0.35 -6.93 -1.38 1.2453
0 -6.59 8.49 0.5927
0 -4.28 10.79 1.3336
0 -2.84 13.8 0.7356
12.275 -1.61 14.23 4.6942
14.575 -6.62 3.84 5.193
4.575 -11.38 -2.53 3.8452
0.15 -11.06 -1.31 3.2591
0 -8.29 4.67 1.7365
0 -6.53 8.62 1.9087
0 -4.57 12.72 1.1782
0 -2.22 13.87 1.8905
0 -3.25 13.05 3.4592
0 -6.08 8.83 2.2342
0 -6.7 8.25 0.9748
0.1 -4.11 10.88 2.8107
4.55 -5.57 9.71 3.6347
22.5 -8.46 0.44 3.5684
12.1 -12.3 -0.19 4.4247
0.125 -9.85 1.23 2.2345
0.275 -4.99 8.49 1.2687
0.175 -3.92 11.19 0.8193
0 -2.73 12.81 0.6709
1.575 0.26 14.88 1.4125
7.8 1.11 14.37 2.2974
4.1 -5.05 5.77 2.408
0.5 -3.27 7.83 1.6633
0.3 -1 11.49 3.3289
0.5 -4.51 11.46 4.3302
0.475 -9.06 4.81 3.6382
0.5 -8.82 0.07 4.0707
2 -7.27 3.19 2.3244
7.45 -7.71 3.52 1.633
18.05 -3.62 7.3 3.4252
25.55 -5.76 3.91 2.5921
10.2 -8.02 1.76 3.686
0 -7.59 3.66 1.5891
0 -4 11.44 0.59
0 -0.92 15.34 2.5831
0 2.7 14.78 3.0002
0 -0.47 13.47 2.512
0 1.96 14.79 2.736
0 3.15 15.69 2.8685
0 3.69 16.43 2.0058
0 4.9 20.54 2.9329
0 4.96 20.83 3.0188
0 3.28 18.81 2.1424
0 2.28 18.05 4.0098
0 -0.67 15.61 4.5164
0 -1.57 10.86 5.322
0 2.58 11.46 4.2318
0 0.72 15.44 1.12
0 3.07 17.49 1.692
0 3.41 19.35 3.0284
0 0 18.05 3.1906
0 -1.84 12.97 0.7539
0 -1 16.6 2.1822
0 -1.05 15.47 3.3974
0 -2.07 13.6 2.533
0 -0.98 15.47 1.4595
0 0.39 15.06 0.7294
0 3.09 18.82 1.5507
0.075 3.27 19.57 2.2238
0.025 4.69 16.72 2.6489
0 2.26 16.69 2.3267
0 5.16 19.57 0.7347
0 6.72 23.53 1.3432
0 6.92 25.15 3.3251
0 4.8 22.41 2.9743
0 2.26 20.09 2.6719
0 1.8 18.96 2.7285
0 4.87 18.65 1.949
0 2.09 17.6 1.1462
0 3.14 20.28 1.7169
0.275 4.76 22.41 2.1744
0.175 4.67 20.97 2.1746
0 4.88 20.54 2.0009
0 6.29 22.04 1.956
0 5.43 22.28 1.8423
0 6.22 23.79 2.5674
0 7.67 23.26 3.3714
0 8.08 22.35 3.5609
0 5.91 20.73 1.6574
0.675 6.37 22.09 1.0428
0.95 8.89 25 2.6172
0.325 8.05 23.83 2.8519
0 7.96 25.18 2.6317
0 6.57 26.28 1.9052
0 6.35 25.39 1.9357
0 6.01 23.8 2.8108
0 5.49 22.32 0.9909
0 6.19 22.59 2.2204
0 6.27 23.21 1.9527
1.35 8.17 24.47 2.422
0.8 7.98 23.8 2.8191
0 6.02 22.32 2.0217
0 3.85 21.66 2.5375
0 5.36 21.83 2.0665
0 4.54 22.47 2.4951
0 5 21.11 2.5226
0 3.66 21.75 2.0731
0 4.07 21.27 2.5131
0 3.82 21.83 1.7094
0 3.7 22.5 2.0064
0 4.21 22.25 2.0943
0 3.36 21.77 2.2629
0 4.25 20.67 2.5745
1.075 3.93 20.83 3.0484
0.65 2.88 18.22 2.2822
0 2.8 19.47 2.2171
0 3.37 19.8 2.5294
0 1.77 16.58 0.9951
0 2.23 19.8 1.138
0 4.12 20.44 2.055
0 4.08 21.36 2.7548
0 4.42 21.62 1.0433
0 4.64 23.55 1.8237
0 4.75 24.18 1.9562
0 3.44 22.66 1.9089
0 3.38 22.49 2.2375
0 4.02 22.69 2.2449
0 3.03 19.57 1.7257
0 3.02 17.96 2.8382
0 3.15 23.26 2.3669
0 7.8 26.6 0.75
0 9.14 28.3 2.6762
0 6.6 25.32 2.5739
0 2.17 21.17 3.2051
0.175 1.42 9.35 2.1482
0.1 -1.45 10.62 2.3671
0 -1.01 13.59 1.1298
0 1.82 16.68 0.7395
0 3.03 21.33 0.6831
0 4.82 24.21 1.2109
0 4.73 24.48 1.4859
0 3.85 23.01 1.8432
0 2.32 21.71 1.4928
0 2.5 21.43 2.7581
0.1 3 19.82 3.1602
0.075 -3.51 5.9 2.0358
0 -3.37 13.53 0.8055
0 -1.45 16.16 0.8472
0 1.07 19.29 1.1622
0 1.11 19.9 1.9304
0 0.38 17.92 1.5114
0 0.02 17.96 0.7288
0 0.81 18.22 1.4134
0 0.56 19.6 1.6919
0 0.67 18.87 1.6306
0 0.5 18.49 1.673
0 -1.5 14.54 1.0262
0 -1.8 16.52 0.9993
0 -0.51 15.19 2.7738
0 -1.54 12.3 0.7857
0 -1.55 16.43 0.505
0 1.63 20.12 0.9553
0 2.91 23.7 0.3392
0 3.08 24.18 1.2318
0 6.06 25.19 0.4364
0 5.81 25.86 0.5683
0 5.13 25.53 0.2915
0 4.85 22.47 0.5383
8.55 4.55 19.53 1.489
58.425 3.05 19.11 1.8881
35.025 1.05 10.57 1.4009
5.775 -0.65 3.69 1.3196
3.175 -3.66 5.56 0.8017
3.4 -3.56 5.78 2.3747
0.525 -4.94 5.64 0.7161
0 -3.34 10.45 1.7471
0 -1.6 12.7 1.668
0 1.01 16.2 1.5258
0 1.1 16.18 2.5984
0 1.94 18.54 1.7983
0 1.59 18.07 0.8905
0 1.53 17.29 0.8818
0 1.37 17.47 1.4417
5.125 1.88 13.13 0.9572
3.35 -1.49 9.18 1.2452
0 -0.94 8.3 1.9653
0 -1.95 14.96 1.1878
0 -1.13 12.02 1.9827
7.675 -2.98 10.05 1.7574
46.2 -1.45 8.22 1.7775
115.32 0.08 3.18 5.1517
53.925 -5.22 3.92 3.8494
0.275 -6.53 3.89 1.4138
0 -9.22 4.09 3.1625
0 -8.76 5.45 3.4053
4.2 -3.86 9.05 2.0172
3.175 -4.62 9.76 1.9782
0.35 -6.15 2.11 0.7226
0 -5.65 7.06 1.7858
0 -4.93 10.02 3.2899
0 -2.35 12.79 3.1483
0 0.2 14.92 2.1127
0 0.62 14.9 1.23
0.975 -0.87 13.62 2.3665
32.175 -3.22 10.1 3.365
18.2 -8.17 0.73 2.6938
3.75 -10.36 -0.55 0.7507
3.4 -8.81 1.52 1.6001
0.025 -9.96 -1.2 2.4359
0 -7.87 3.03 1.4701
0 -8.97 4.95 3.0977
0 -6.17 5.7 1.4778
0 -4.98 8.6 2.511
0 -5.41 8.86 0.9936
0 -6.39 7.89 2.2742
0 -7.05 8.63 2.5043
32.9 -6.7 8.18 3.0689
57.9 -9.35 1.59 3.4784
45.525 -11.24 -5.04 5.3735
23.35 -10.84 -6.22 3.6049
21.8 -10.68 -5.15 4.6731
9.975 -16.05 -6.79 1.112
0 -17.27 -7.77 3.5055
0 -16.69 -7.66 3.2982
22.775 -12.63 -3.3 3.089
15.975 -17.45 -5.48 2.7055
0 -19.01 -8.06 2.2741
0 -16.52 -7.69 2.9721
0 -11.75 -2.41 2.151
0.1 -9.04 3.05 2.4763
0.05 -5.8 0.06 1.7039
1.95 -5.74 1.51 1.811
21.95 -6.71 1.13 1.971
12.2 -7.12 2.28 3.2431
0 -8.1 -0.41 2.2777
8.325 -6.99 2.53 1.9644
11.5 -5.01 2.71 1.1758
1.975 -3.89 1.2 1.6136
0.15 -5.71 3.02 0.5057
0 -6.75 4.63 2.1566
0 -6.24 3.75 1.4378
26.225 -6.19 4.93 2.2206
18.2 -8.13 0.02 1.5955
6.775 -10.26 -2.79 2.7822
72.775 -10.32 -2.76 3.3272
110.15 -7.64 -2.87 5.1462
76.5 -6.63 -0.8 6.0585
33.425 -9.11 0.49 2.491
12.3 -10.07 -7.75 2.2203
6.575 -10.17 -4.94 2.2887
3.8 -9.57 -3.77 0.5219
0 -9.59 -2.97 2.8416
21 -10.78 -0.33 5.1684
12.25 -10.87 -0.05 2.2555
0 -11.68 -6.05 0.9992
60.175 -11.27 -4.31 2.3677
39.525 -8.98 -3.05 4.7102
2.25 -18.32 -4.94 2.5424
5.325 -18.61 -9.55 1.3704
26.225 -18.73 -9.27 3.8142
23.9 -12.22 -6.55 4.3978
10.55 -11.17 -6.88 2.4822
0 -13.44 -5.91 3.0566
0 -15.24 -6.23 3.7184
0 -12.93 -4.32 5.2356
0 -12.13 -2.79 3.8884
0 -12.68 -3.25 1.9464
0 -12.91 -0.88 0.9599
0 -14.03 -3.23 3.3255
5.525 -14.37 -3.24 3.1843
5.45 -9.51 -2.14 1.778
0.775 -9.54 0.67 1.6261
0.475 -10.09 0.12 1.2794
0 -8.89 5.34 2.4032
0 -7.63 3.74 0.7828
0 -6.55 4.24 0.5621
0 -7.09 5.02 2.1175
0 -7.46 5.14 1.2567
0 -8.28 5.12 4.2084
0 -9.55 3.71 3.6307
0 -9.47 4.46 2.9667
0 -8.23 7.16 3.7505
0 -8.5 4.91 2.0899
0 -8.03 5.16 2.1736
0 -8.14 5.2 4.8996
0 -8.29 6.4 3.245
0 -8.29 6.36 1.8141
8.65 -8.97 5.91 0.7291
12.825 -9.49 4.71 1.7586
3.925 -11.57 -4.07 1.6006
0 -12.36 -1.2 2.1513
0 -13.02 0.36 2.9964
0 -13.29 0.52 2.0739
0 -11.45 2.45 2.8214
0.025 -7.96 6.13 1.5985
0.025 -8.38 7.78 1.8814
0 -6.55 8.45 0.5271
0.025 -9.51 8.01 2.306
0 -12.15 2.04 3.6486
0 -14.01 0.84 3.6626
0 -12.54 2.6 3.6467
0 -10.06 5.67 2.5629
0 -8.66 8.49 1.3831
0.225 -8.34 8.27 3.5444
20.775 -7.92 2.34 4.4992
30.925 -8.75 3.63 6.2159
40.825 -12.35 -7.52 4.6176
67.875 -11.24 -7.41 2.9638
33.8 -10.54 -4.58 3.943
2.3 -17.64 -5.96 0.7068
0 -17.49 -4.87 1.2784
0 -16.99 -5.4 0.4003
0 -15.96 -1.82 0.4006
13.225 -14.21 -2.2 2.6342
24.8 -10.35 -3.82 5.7114
13.2 -15.8 -7.04 0.7185
0 -18 -9.5 0.5423
0 -18.61 -4.07 2.2289
8.825 -16.01 -1.05 1.7093
18.25 -11.5 1.79 3.5736
10.625 -7.43 0.89 1.8007
0.675 -11.78 -0.73 1.4219
7.35 -9.75 3.29 0.5184
32.175 -8.99 3.73 1.7337
26.025 -7.29 -0.93 4.2418
0.35 -9.79 -2.41 0.7911
0 -7.41 4.05 1.5468
0 -6.15 7.71 1.4128
0 -6.41 6.23 0.9324
0 -6.91 4.35 0.5103
5.1 -7.06 5.58 1.0651
4.275 -5.36 2.82 1.2928
39.975 -5.26 5.71 1.4888
35.725 -3.87 7.13 3.0489
2.8 -9.84 -0.61 0.9201
32.775 -9.81 1.91 3.5639
58.675 -10.22 -2.75 4.9096
78.975 -9.64 -5.46 6.0135
33.825 -11.24 -5.77 2.6284
12.175 -12.13 -4.03 1.0183
21.025 -9.69 -1.17 4.6201
47.6 -9.77 -4.82 5.5301
31.45 -12.81 -6.05 4.2942
26.325 -11.32 -3.62 3.0801
11.7 -8.53 -4.38 1.77
0.425 -8.43 -0.15 0.5459
0 -8.57 4.37 0.9135
0 -6.83 5.83 1.7965
0 -5.03 8.72 2.2444
0 -3.88 14.58 1.7863
0 -3.66 16.41 0.9515
0 -5.95 10.66 1.5776
0.025 -6.91 8.83 2.0014
0 -6.11 11.36 1.2245
2.35 -5.38 11.9 1.1936
9.15 -9.16 9.51 3.5393
6.725 -14.85 -5.9 1.4645
1.325 -13.69 -6.59 1.3213
0.025 -12.98 -0.65 0.44
0 -10.73 5.19 1.3984
0 -8.44 6.22 1.0995
0.825 -8.12 6.95 2.8618
0.625 -11.06 -2.08 0.5118
0 -9.18 6.79 0.7644
0 -5.83 10.48 1.0826
0 -4.04 13 2.1356
0.05 -2.19 12.74 2.9945
0.05 -2.94 9.56 1.6105
0.425 -3.51 10.85 2.092
9.8 -3.39 4.39 2.2302
2.725 -7.29 5.45 0.8379
1.925 -6.74 5.47 1.1452
1.225 -4.45 3.16 2.5113
1.025 -5.99 2.72 2.5755
0.15 -8.78 5.42 2.3514
0 -6.73 7.73 0.7723
0 -4.72 10.58 2.3405
0 -7.99 8.98 4.2903
0 -9.13 6.68 3.4918
0 -7.41 7.86 1.9947
0 -4.76 11.14 0.62
0 -3.26 13.12 0.7584
0 -1.77 15.07 3.1137
0 2.33 17.19 0.9136
0 0.74 18.36 1.4657
0 -0.04 17.08 2.0205
0.15 -1.99 13.12 2.9882
2.125 -6.7 4.36 3.1716
2.475 -8.4 -0.11 2.635
0 -4.89 8.33 1.6492
0 -2.56 12.04 1.0598
0 -2.02 14.71 0.5392
14.8 -1.5 16.38 3.0543
22.6 -9.31 7.35 3.1644
11.65 -9.87 -2.34 1.145
35.45 -8.57 1.2 3.4843
23.925 -8.52 -2.07 2.342
1.725 -7.98 0.83 3.3241
0.075 -7.59 7.43 1.5858
0 -3.69 12.3 1.852
0 -3.25 12.12 2.741
0 -4.71 11.19 4.2147
0 -5.69 8.2 2.2665
0.075 -3.5 11.57 2.9909
0.075 -4.41 9.2 2.5635
0 -4.26 9.22 3.431
6.425 -4.94 8.96 4.2268
6.175 -8.1 4.59 4.7125
1.225 -7.86 3.79 3.0007
1.325 -4.61 7.74 2.9406
2.325 -2.49 8.2 3.077
1.7 -7.72 3.04 1.7372
0 -6.55 5.87 0.8804
11.6 -5.3 7.24 2.8179
24.875 -0.81 2.24 1.4976
12.225 -4.54 8.57 3.8249
0.725 -4.66 4.34 1.7884
0.3 -3.39 10.14 2.8843
0 -0.95 13.45 1.4503
0 0 16.23 2.0968
0 0.25 15.53 2.9216
0 -0.74 13.82 2.6239
0 0.05 15 2.7179
0 1.4 17.37 1.4988
0 2.41 20.44 1.7988
0 3.46 18.82 2.1461
0 -0.67 17.33 0.9483
0 1.6 16.92 2.945
0 0.88 17.8 2.0996
0 1.71 17.58 0.2579
0 3.65 20.45 0.4413
0 5.19 23.39 2.5165
0 5.58 23.12 2.9709
0 3.99 21.53 2.5649
0 0.94 19.05 2.5963
0 1 18.18 2.155
0 2.89 19 2.0828
47.5 3.41 19.7 2.8789
26.25 0.33 15.77 2.6074
3.25 -1.3 8.23 2.2135
0 1.79 15.37 0.7103
0 2.66 20.38 0.7603
0 5.43 22.81 0.7646
0 5.49 23.11 1.6303
0 5.9 22.68 1.73
0 7.24 21.36 2.4305
0 7.67 22.46 2.9829
0 6.22 20.88 2.1712
0 5.68 21.7 2.4521
0 3.64 21.38 2.1826
0 2.91 20.43 2.5047
0 2.41 17.86 2.6551
0 1.86 18.01 3.248
0 1.49 15.95 2.6689
0 2.63 15.21 3.1852
0 0.78 14.77 3.3164
0 1.08 15.62 2.1582
0 1.1 17.21 1.5769
0 2.18 19.36 2.0034
0 2.16 19.28 1.0822
0 2.83 19.74 2.2371
0 4 20.79 2.8082
0 5.01 20.52 1.8197
0 5.28 21.5 2.2028
0 3.63 22.3 2.286
0 3.11 21.28 1.6994
0 3.59 20.64 1.6202
0 5.65 20.01 1.2665
0 6.57 23.34 2.1315
3.125 6.68 23.64 3.129
2.225 7.93 23.03 2.2668
1.35 7.58 20.07 1.7492
0 5.98 22.03 1.9597
0 6.41 22.7 2.1221
0 4.08 22.63 3.2016
0 2.78 18.97 2.2767
0 3.56 19.91 3.1707
0 3.1 19.57 2.5967
0 4.24 20.91 1.8781
0 3.49 21.62 1.9693
0 3.45 21.31 2.1237
0 4.16 20.91 2.6777
0 4.36 21.29 1.4852
0 4.31 22.15 1.5005
0 5.2 23.07 2.1683
0 2.9 21.04 1.4386
0 2.51 20.4 0.8186
0 2.49 21.21 1.6413
0 4.05 22.47 1.3504
0 4.28 22.49 2.5082
0 3.63 20.89 2.1863
0 2.62 20.38 1.7744
0 1.58 19.93 1.2705
0 3.07 21.1 0.8762
0 3.69 22.46 2.0855
0 6.49 22.66 1.4016
0 6.2 22.22 1.0344
0 4.76 24.35 1.1387
0 6.08 24.28 1.5681
0 5.42 24.81 1.6162
0 3.82 23.69 1.9901
0 2.17 21.77 1.843
0 3.62 19.84 0.6468
0 3.19 21.04 1.0172
0 4.62 21.89 0.827
0 4.87 22.02 0.8039
0 5.49 22.66 1.9001
0 4.41 21.59 0.4202
0 4.84 22.18 0.8925
0 5.46 23.28 0.7758
0.05 5.44 21.53 1.917
3.675 4 21.23 1.1532
10.825 4.13 19.83 1.6386
14.775 1.11 13.56 1.4896
14.35 3.01 16.91 0.6693
12.025 1.72 17.94 1.1436
0 2.71 16.38 2.5515
0 2.68 17.06 1.8159
0 0.88 14.54 1.5801
0 0.09 15.29 0.3864
1.475 1.41 19.15 0.2002
1 3.4 21.41 0.8304
0.025 3.92 21.29 0.4833
4.8 4.26 21.92 0.4382
0 6.18 22.69 0.7183
0.175 5.14 23.18 1.6397
7.625 2.54 19.38 2.4306
0.075 0.46 12.46 1.6406
0 2.14 17.98 0.3051
0 4.48 20.41 0.5578
0 4.09 18.05 1.0421
0.05 3.13 20.72 1.5805
0.025 1.87 19.69 2.6497
0 2.73 16.06 2.1342
0 0.89 14.81 2.284
37.3 -1.83 11.54 2.4342
44.25 -3.31 7.05 4.1054
13.325 -7.63 0.54 0.7853
2.25 -8.65 0.28 0.8897
0 -8.14 5.23 1.4245
0 -5.49 8.99 1.284
5.1 -3.03 11.15 1.7957
5.6 -0.79 6.8 1.9093
0 -1.19 11.93 0.9278
0 -0.62 15.58 0.6043
0 1.32 17.4 0.489
0 0.25 17.27 1.2746
0 0.51 16.33 1.6673
0 0.7 15.16 1.9459
0 0.63 15.68 2.0121
0 -0.52 16.97 0.7033
0 -0.74 13.1 0.5002
0 -1.97 14.65 0.4006
0 -1.32 12.67 2.502
0 -1.88 15.49 2.0224
0 -1.48 16.75 2.264
0 -2.19 13.07 1.3858
0 -4.72 8.87 3.693
0 -6.98 7.78 3.491
0 -6.18 8.08 2.1444
0 -4.51 10.35 0.9038
0 -3.48 11.78 2.2369
0 -3.59 12.94 0.1061
0 -4.05 12.98 3.6829
0 -3.08 9.71 4.1344
7.2 -7.63 10.44 4.0952
10.75 -10.79 8.56 1.9287
10 -12.7 -4.51 0.6494
7.625 -11.26 -3.47 1.6305
0.1 -11.55 -4.08 1.0592
0 -12.72 -2.16 2.3012
0 -10.96 0.64 3.1973
0 -9.04 4.2 2.7682
3.525 -6.68 4.87 3.0496
3.375 -5.09 2.12 0.8846
0 -5.94 2.73 0.2141
0 -4.71 4.88 0.424
0 -8.01 4.88 0.428
0 -7.51 5.4 0.8823
0 -7.27 5.43 1.4196
0.175 -7.5 5.64 3.8199
2.35 -8.73 -0.61 2.3597
5.25 -9.05 -2.26 3.8699
3 -11.8 -2.85 1.6474
0 -10.88 0.52 2.3831
0 -8.99 1.84 3.6337
0.125 -9.01 5.49 2.4926
0.05 -8.47 1.43 0.7685
0 -7.23 2.79 2.9243
0 -5.26 8.53 2.3245
0 -5.63 7.43 1.1165
0 -4.51 7.12 1.9087
0 -8.68 8.74 3.4687
0 -8.48 4.25 8.8451
0 -9.24 -0.14 3.8593
0 -10.54 4.24 4.3654
0 -12.42 0.41 2.8492
0 -12.2 -0.21 3.5106
0 -12.96 -0.82 3.0149
0 -11.96 -0.48 3.6381
0 -11.36 2.39 3.9526
0 -10.94 1.91 4.4152
0 -9.08 3.13 3.2204
0 -11.33 2.3 1.1798
0 -13.05 0.94 1.6219
0 -13.74 -2.07 1.4826
0 -13.46 -1.4 0.9381
0 -12.29 -0.65 0.8343
0 -10.58 -1.7 5.7692
0 -8.62 2.17 4.8765
0 -11.94 2.9 2.772
0 -11.92 1.84 4.8668
0 -13.05 -0.75 4.6303
0 -12.42 1.05 3.6139
0 -12.86 0.74 4.4864
0 -13.08 0.4 3.8879
0 -12.66 2.11 4.9889
0 -11.46 2.97 3.3095
0 -9.9 4.29 1.4148
0 -9.83 5.05 1.0128
0 -8.07 4.3 1.0464
0 -6.49 8.57 0.9494
0 -7.3 5.9 1.6823
0 -10.01 4.63 2.3756
