0.5 -18.28 3.22 1.6836
2.25 -6.28 0 1.2348
1.15 -9.69 2.29 1.5983
0.325 -12.25 -2.73 4.1929
1.65 -12.47 -0.81 1.6493
0.875 -7.52 -3.44 0.5801
0 -7.42 0.38 1.4294
0 -6.85 1.74 0.738
0 -8.4 6.04 4.5722
0 -7.14 6.48 3.4491
0 -5.84 5.08 2.3103
0 -5.43 7.92 5.5153
0 -2.78 8.41 3.9121
0 -5.83 8.59 3.3257
0 -3.97 10.55 4.017
0 -4.57 11.89 4.9886
0 -6.41 8.23 4.2585
0 -6.11 7.09 4.7326
0 -5.42 9.46 4.8318
0.05 -4.83 7.94 3.3891
11.7 -3.42 9.12 2.7689
27.05 -3.63 6.95 2.1571
22.525 -8.99 7.14 1.6476
36.8 -0.73 3.16 2.4912
12.4 -5.2 1.62 3.5702
1.05 -10.89 -4.38 0.8095
0 -12.28 -3.82 1.3256
0 -11.4 -1.07 1.6492
0 -7.26 3.61 4.2642
0 -5.99 8.17 4.5317
0 -4.1 9.48 3.0956
0 -4.55 8.84 3.0947
0 -5.94 6.57 3.8697
0 -6.16 9.78 3.7908
0 -3.2 11.82 3.005
6.35 -2.89 10 2.6262
9.275 -5.29 1.81 2.9775
3.275 -6.61 -0.52 2.7694
19 -6.42 0.27 1.4321
11.4 -10.55 -0.04 3.7489
3.65 -14.04 -5.4 0.4941
9.3 -10.87 -3.39 2.3539
4.375 -8.08 -2.91 1.4367
8.675 -8.61 -2.57 2.9507
5.1 -8.61 -2.84 3.1689
1.45 -7.91 -2.91 5.5957
36.975 -7.69 -2.68 5.6051
25.15 -7.41 -3.8 4.3584
2.8 -9.72 -4.72 1.1479
0 -9.11 -1.19 3.4423
0 -8.86 4.45 2.6446
4.05 -8.45 6.13 3.8457
19.725 -5.63 4.47 3.5494
13.825 -4.04 -0.52 2.5493
5.15 -5.96 0.46 1.3726
2.55 -5.38 5.73 1.3912
0.45 -6.12 0.59 2.2214
0 -6.14 5.21 0.3194
0 -6.26 7.56 3.6632
9.1 -3.14 8.55 2.6911
17.425 -1.68 5.79 3.7868
17.6 -2.79 3.74 4.8846
18.95 -6.23 -1.87 3.0123
2.55 -10.69 -3.78 0.8596
0.95 -10.15 -1.23 1.8877
0 -10.84 -1.79 0.2553
0 -10.59 2.34 1.4973
0 -8.44 5.34 2.7193
0 -11.02 0.45 0.3955
0 -10.02 5.27 0.4607
0 -7.24 5.51 2.0878
0 -5.69 8.82 2.4289
0 -7.02 10.27 1.2485
0 -5.96 6.13 2.0384
0 -2.94 8.16 2.2456
0 -4.18 11.41 1.1891
0 -3.44 12.81 1.1951
0 -2.82 13.86 0.8469
0 -2.7 14.25 0.75
19.375 -2.7 13.48 1.8843
26.375 -7.6 4.29 4.2194
1.525 -12.77 -4.48 2.3427
0 -10.98 -0.79 1.862
0 -7.95 6.98 0.5402
0 -6.24 8.95 2.2069
0 -5.12 11.55 2.0762
0 -3.67 10.79 1.3501
0 -3.57 12.55 3.1833
0 -6.45 9.81 1.8607
0 -6.05 7.84 0.3359
0 -5.03 9.55 2.6209
0 -2.83 11.96 2.5253
0 -5.15 9.77 5.3634
0 -8.94 2.62 1.8893
0 -8.5 7.29 2.814
0 -6.13 11.67 2.4463
10.675 -4.01 14.47 1.4231
13.6 -5.38 9.07 3.1195
8.4 -5.8 -0.16 1.6605
3.15 -5.38 1.55 2.313
0.4 -6.35 0.89 3.8576
0 -5.37 5.83 1.7562
0 -5.63 9.39 1.9942
0.075 -3.15 10.12 4.5796
0.05 -9.78 3.55 6.1544
0 -9.39 -0.99 3.3286
0 -8.15 7.73 1.4366
0 -4.64 12.87 2.8921
0 -1.87 16.12 2.7834
0 0 19.73 1.5834
0 1.66 21.67 1.1756
0 2.65 22.61 2.0353
0.05 1.76 21.8 2.6936
0.85 0.71 14.62 3.5233
0.475 -7.7 4.33 3.7198
0 -6.28 6.9 2.1242
0 -4.67 10.23 2.3399
0 -4.47 9.25 3.1701
0 -7.22 6.67 1.7021
2.8 -6.01 10.44 2.0641
54.15 1.63 13.54 1.9304
34.9 -0.48 10.17 2.5117
1.9 1.14 9.33 3.4998
0.8 -1.99 7.91 1.7996
0.1 1.68 11.12 3.4543
0 -0.53 14.07 2.2734
0 -0.5 17.79 2.9577
0 1.11 18.18 1.7097
0 0.7 18.12 1.313
0 1.51 18.18 0.9914
0 1.08 19.58 3.0639
0 -0.59 18.82 3.2916
0 -0.25 17.23 2.5685
0 0.4 16.14 3.3767
0 2.41 18.06 1.7085
0 3.43 20.95 1.4754
0 4.94 25.01 0.2685
0.025 7.61 26.99 2.4038
0.025 7.11 26.5 2.7204
0 3.71 20.15 1.897
0 2.17 18.94 1.0685
0 3.78 19.92 2.5394
0 3.45 19.85 3.0077
0 3.88 19.25 2.8263
0 2.27 18.87 1.9686
0 2.5 18.76 1.2931
0 3.96 20.82 0.854
1.475 5.02 20.39 1.9888
0.925 4.15 21.58 2.4615
2.6 4.54 20 3.2767
1.6 4.97 20.93 2.244
0.05 4.72 19.77 2.077
0 3.88 18.75 2.3092
0.15 4.31 15.41 0.6984
9.35 0.93 13.77 2.2537
9 -0.93 13.01 3.5295
4.025 -2.17 4.9 2.3714
1.15 -0.66 7.49 2.7682
0 -0.96 11.51 2.6164
0 0.71 14.35 3.469
0 2.01 14.12 3.1049
0 -0.02 12.63 3.421
0.975 0.7 12.8 2.3512
1.1 2.47 12.25 3.6289
0.3 0.59 12.84 2.5443
0 0.5 13.25 2.4759
0 2.01 13.24 2.483
0 3.66 15.61 2.9983
0 3.77 17.9 1.72
0 8.11 23.47 2.6958
0 3.94 21.69 3.3483
0 1.76 16.54 3.2384
0 2.03 18.31 1.0441
0 2.61 18.59 0.5819
0 3.85 22.38 1.3985
0 4.2 24.77 2.6132
0 5.43 22.96 1.8535
0 6.17 23.39 0.83
0 7.39 27.27 0.5993
0.175 9.45 28.73 2.9934
0.575 9.54 28.23 3.0047
0.15 7.88 24.96 2.2737
0 8.17 25.88 1.6888
0 7.23 24.23 2.8349
0 7.13 24.8 2.477
0 5.94 23.47 2.7164
0 5.74 23.33 2.5423
0 4.57 21.64 2.8201
0 4.16 20.69 2.5996
0 3.7 20.63 2.5777
0 4.15 21.11 1.8639
0 5.42 22.6 1.7643
0 6.95 23.7 2.1981
0 6.74 23.38 1.2858
0 7.15 25.33 0.3712
0 8.59 26.63 1.693
0 9.7 28.46 1.9694
0 10.29 23.9 1.8797
0 9.71 28.57 2.0993
0 12.57 29.92 1.675
0 13.49 30.54 2.4554
0 9.67 29.42 2.489
0 8.96 27.45 2.2209
0 9.97 26.87 2.0259
0 9.63 26.59 2.0535
0 8.73 26.21 2.0846
0 8.77 26.35 1.9016
0 8.78 28.2 1.971
0 10.47 28.66 2.2328
0 10.55 27.55 2.9004
0 10.22 26.46 2.6017
0 10.48 26.77 2.5839
0 9.47 26.68 2.4945
0 8.76 26.55 2.8673
0 5.73 24.6 2.5039
0 5.61 22.45 1.9737
0 9.01 24.82 2.348
0 4.33 20.91 3.0608
0 2.55 14.53 1.9947
0 1.58 15.78 1.3569
0 3.99 20.5 0.3277
0 5.77 24.15 1.2414
0 9.48 26.38 2.9113
0 10.09 27.35 2.6077
0 7.5 25.41 2.9317
0 7.6 24.79 3.2639
0 4.68 22.28 1.3556
0 3.5 21.92 0.2952
0 5.12 24.02 0.6363
0 6.13 25.46 0.8002
0 6.91 28.15 1.2472
0 9.21 29.1 2.0527
0 9.92 28.18 2.1568
2.35 10.21 29.27 2.3549
2.775 9.13 23.9 2.9807
0.8 6.89 21.02 1.5728
0 5.17 23.37 1.5816
0 4.08 23.05 0.4773
0 4.66 24.16 1.3935
0 6.29 25.78 1.1013
0 8.54 26.38 1.224
0 8.43 27.69 2.8413
0 9.39 25.05 1.8726
0 7.56 24.48 0.7688
0 7.28 26.52 0.2729
0 8.58 26.14 1.3643
0 8.2 25.98 2.164
0 6.74 24.83 2.0357
0 4.08 22.92 1.9472
0 3.74 20.22 1.4979
0 4.67 21.29 0.4749
0 4.63 21.53 0.959
0 6.37 23.76 0.3777
0 7.29 25.71 0.9274
0 8.63 27.25 1.7669
0.575 7.3 23.01 2.1795
0.325 3.89 18.71 2.6298
0 2 20.62 1.5183
0 3.38 20.65 1.2918
0 5.5 22.17 0.3479
0 5.52 23.05 1.097
0 7.99 25.87 2.1894
0 7.99 24.2 1.0403
0 9.77 19.59 2.3481
0 6.07 26.81 2.4469
0 8.61 26.22 1.4541
0 5.93 25.64 0.6662
0 6.3 25.07 0.754
0 9.65 26.47 1.1874
0 7.49 27.06 0.3769
0 7.24 27.68 2.0703
0 6.78 24.71 2.5137
0 -2.92 13.53 2.3423
0 -5.05 12.57 2.5297
0 -1.9 16.49 0.7304
0.55 0.14 17 3.2292
0.375 -3.82 15.51 3.5479
0.025 -7.26 2.63 0.3176
0 -5.53 8.99 2.8697
0 -4.91 11.85 1.5598
0 -3.25 12.6 1.4206
0 -2.65 14.67 0.759
0 -0.78 15.72 0.3786
0 -1.54 15.49 1.9006
4 -1.15 15.2 1.8581
40.775 -1.02 8.97 6.3871
23.05 -2.04 5.36 4.3287
0 2.5 10.04 0.8726
0 2.57 15.84 2.2987
0 2.81 17.78 1.108
0.025 3.25 19.76 1.8317
0.7 3.38 15.78 2.3598
0.4 -4.84 7.06 2.399
0 -4.34 9.87 1.0782
0 -2.5 12.55 0.5309
0 -1.67 13.29 0.8955
0 0.5 15.26 1.1603
0 -0.27 13.82 1.7424
0 -0.44 14.21 1.1915
0 -0.16 14.8 4.0531
0 -7.06 3.69 4.9919
0 -8.12 4.93 0.7623
0 -7.24 5.59 0.024
0 -2.31 11.61 0.8513
0 -1.81 14.22 0.84
0 0 15.84 1.1505
0 0.17 17.55 1.08
0 0.27 17.85 1.6481
0 0.15 15.63 2.1707
0 -4.16 10.74 0.4875
0 -4.02 10.06 1.5191
0 -5.96 7.42 1.8414
0 -5.49 8.76 1.2337
0 -3.83 9.42 0.8007
1.25 -0.28 10.61 0.4602
2.9 -2.56 9.43 2.1091
1.275 -6.6 0.85 1.2051
0 -7.04 2.27 1.1663
0 -8.8 3.65 2.8288
0 -6.26 6.37 2.2084
0 -4.06 9.89 1.6116
0 -4.46 10.53 1.4618
0.2 -6.26 5.24 2.3342
0.725 -6.13 8.17 3.557
0.35 -5.23 6.15 1.0073
0 -5.58 3.69 0.4083
0 -6.51 6.2 2.3298
0 -6.11 6.94 3.8718
0 -4.52 8.05 4.1214
0.275 -4.33 9.36 2.7091
0.55 -3.72 10.01 1.1984
0.225 -6.44 5.44 4.617
0 -5.64 2.78 5.0725
0 -5.69 6.47 3.9608
0 -5.65 7.43 1.538
0 -6.07 7.45 2.1822
0 -7.39 6.72 2.1164
0 -7.04 5.15 2.1581
0.025 -6.56 5.71 1.4425
11.525 -9 2.06 2.1462
14.275 -7.9 -3.01 1.0455
4.425 -17.08 -6.45 0.5938
0 -16.58 -6.93 1.9375
1.85 -13.1 -3.94 3.0463
29.075 -5.5 -0.13 2.8893
32.675 -4.37 -1.07 3.7372
32.65 -5.37 0.05 4.4981
2.15 -7.51 -1.03 0.5924
0 -8.17 -2.09 3.0581
0 -6.36 -0.29 2.4405
0 -5.14 1.41 2.3836
0 -4.93 3.87 2.8871
0 -5.3 3.36 4.1935
0.625 -5.21 3.98 2.9559
13.225 -5.21 6.24 1.7737
9.975 -7.19 2.54 3.6859
0.05 -12.01 -4.57 2.8166
0 -9.14 0.91 3.9031
0 -7.39 2.2 3.8216
3.55 -7.39 1.8 4.0641
2.525 -5.74 2.27 1.9071
1.8 -7.57 1.44 3.1399
6.4 -7.04 -0.56 0.6727
3.325 -6.52 -0.93 1.4687
0.025 -6.69 -0.95 2.4136
0 -6.48 2.02 1.8066
0 -6.76 2.45 1.3164
0 -6.78 4.39 4.0969
0 -6.27 6.63 2.9989
0 -5.36 5.95 2.6508
0 -5.42 6.02 3.0644
0 -5.76 5.62 2.7953
0.125 -3.59 7.43 3.1076
0.825 -2.9 7.52 2.364
0.4 -2.31 6.37 2.4331
0.575 -2.87 5.46 3.1365
15.6 -4.2 7.31 4.2537
9.35 -3.58 4.95 2.0256
0.025 -6.88 0.73 1.3758
0 -7.24 3.43 3.3159
0.4 -6.58 5.3 1.9542
25.375 -5.76 3.85 2.4458
45.1 -5.17 1.81 4.6195
27.875 -6.04 -2.63 5.3101
27.375 -6.1 -3.24 6.2779
30.05 -8.72 -4.06 4.0974
19.675 -7.41 -4.87 4.2018
3.325 -10.07 -5.94 0.8253
0.875 -10.33 -3.64 2.1661
4.425 -9.63 -2.75 3.605
2.325 -5.8 -2.24 2.9764
0 -6.85 2.15 1.3047
0 -8.87 2.36 2.7887
1.475 -7.65 1.66 3.195
0.875 -5.73 3.08 1.3827
0 -9.32 0.8 1.2423
0 -9.32 2.72 1.6909
0 -7.3 3.01 1.9849
0 -6.5 3.02 0.5908
7.4 -6.19 3.59 2.514
16.4 -5.06 3.23 3.5251
13.8 -4.3 0.62 1.8034
4.2 -6.02 -1.95 2.7106
0.55 -7.86 -0.82 1.3128
1.55 -7.83 -0.25 2.3264
0.775 -8.53 -1.71 0.6614
0 -7.67 1.07 0.9307
0 -5.5 2.78 0.9672
0 -5.86 6.61 1.7067
0 -5.94 6.83 1.6145
0 -4.98 9.19 1.0246
0 -4.72 8.59 1.6764
0 -4.12 10.27 2.4166
0 -3.24 10.59 1.3372
0.825 -5.8 8.6 1.3648
5.3 -4.47 3.87 2.6001
13.375 -4.75 5.06 3.3035
5.975 -8.88 -1.23 2.2836
9.725 -8.78 0.57 3.5621
19.5 -6.99 0.97 2.8688
3.575 -6.66 0.63 0.7063
28.975 -6.16 4.93 4.2293
19.7 -5.33 4.06 1.8443
1.675 -6.67 -1.85 0.63
0.3 -6.71 4.71 2.3282
3.95 -3.98 7.3 2.6506
16.1 -5.17 4.45 3.1609
8.3 -8.17 0.25 3.231
0.025 -9.19 -1.65 1.3096
0 -8.27 2.73 2.575
0.125 -7.84 2.52 0.9741
5.975 -7.06 4.54 2.4669
4.425 -11.33 -0.27 4.0184
0.525 -9.99 -2.15 2.2287
0 -10.8 -2.53 0.3622
23.55 -8.22 5.78 1.9803
14.125 -7.84 3.52 2.6281
0 -8.2 -0.16 2.5561
0 -8.07 7.26 3.7005
0 -6.76 11.59 1.4842
0 -4.77 13.62 0.6617
0 -2.73 12.86 2.8744
0 -5.6 11.76 2.0663
0 -2.73 14.45 2.0302
0 -4.6 13.14 0.682
0 -5.07 11.53 1.3745
0 -5.93 10.73 2.2767
0.3 -5.89 12.37 2.0594
0.925 -3.63 12.03 2.3893
0.45 -8.06 4.27 2.7648
0 -6.63 1.19 2.7881
0 -5.87 9.8 1.2993
1.4 -4.27 12.28 2.3564
7.275 -3.96 10.15 5.6595
4.6 -6.96 0 3.2331
3.5 -11.5 -1.81 0.9856
6.75 -9.63 6.87 2.1853
1.2 -7.57 0.1 2.1641
12.325 -7.21 1.17 2.7412
7.525 -7.62 -1.2 3.4339
0.075 -11.5 -0.49 0.9666
0 -10.16 5.31 2.1002
0 -8.81 10.28 0.4614
0 -5.28 11.21 0.9607
0.35 -4.22 10.63 2.0117
7.85 -3.47 6.23 3.9761
8.575 -5.58 1.09 4.6547
2.4 -7.82 -2 1.0699
0 -7.5 3.6 0.6803
0 -6.11 5.54 0.8185
0 -4.41 11.27 2.6597
0 -4.84 11.26 1.4857
0 -3.81 13.18 1.0515
1.75 -3.31 14.22 1.8629
11.85 -3.37 11.98 2.6994
7.65 -7.01 0.77 3.0335
0.7 -6.58 -3.46 1.6732
0 -6.35 0.18 1.5885
0 -3.91 10.94 0.7955
0 -2.77 12.97 1.3749
0 -1.85 15.24 0.7428
3.5 -0.53 15.81 3.9561
6.025 -3.18 6.49 5.203
3.4 -8.65 -0.08 4.1374
0.625 -8.6 0.13 3.5504
0 -6.98 6.02 2.0443
0 -4.64 9.44 2.2
0 -4.15 14.18 0.9102
0 -2.88 15.79 2.0817
0 -1.61 15.41 3.6489
0 -3.68 12.21 2.1332
0 -3.33 10.92 0.7356
0.025 -2.41 12.97 2.8952
2.35 -2.8 12.17 3.8897
6.025 -6.2 4.32 3.2561
2.8 -9.76 1.44 4.4592
0 -8.82 3.16 2.3073
0.025 -4.09 9.53 0.9417
0 -3.54 13.44 0.5545
0 -0.63 15.32 0.4633
0.475 1.42 17.17 1.3112
3.275 2.1 16.94 1.9074
1.8 -6.39 13.25 2.0565
0.025 -1.33 9.2 1.7656
0.025 0.27 13.14 3.4452
0 -2.56 13.57 4.4595
0.225 -6 8.38 3.8213
0.675 -6.38 3.07 4.1183
0.875 -5.95 3.82 2.3833
1.775 -5.07 4.92 1.5549
3.8 -2.22 9.48 3.0858
5.85 -2.19 6.8 2.638
2.45 -5.27 4.04 3.7127
0 -2.98 8.27 2.0066
0 -0.56 15.48 0.5503
0 -1.3 18.36 2.6094
0 3.73 17.3 2.9177
0 2.19 15.23 2.7682
0 3.1 16.95 2.8986
0 3.78 18.66 2.8994
0 4.38 18.64 2.1781
0 6.44 22.91 3.1992
0 6.04 23.24 3.1957
0 4.94 20.45 2.5632
0 3.93 19.9 3.9404
0 2.09 18.25 4.7152
0 0.69 13.99 5.0334
0 1.49 12.14 3.8446
0 2.56 17.49 1.0833
0 3.46 19.41 1.6124
0 4.75 22.45 3.0454
0 -0.33 20.02 3.0878
0 0 15.96 1.0509
0 1.35 19.75 2.3943
0 1.67 17.25 3.0987
0 0.25 16.4 2.5121
0 0.75 18.56 1.5128
0 2.06 17.1 1.1393
0 3.73 20.98 1.7354
0 5.14 21.95 2.0705
0 6.74 18.59 2.652
0 5.6 19.79 2.3244
0 7.61 21.61 0.8947
0 9.45 26 1.5639
0 10.07 27.28 3.1093
0 7.54 24.33 2.9792
0 5.48 22.79 2.6316
0 3.58 20.67 2.7411
0 5.57 21.12 1.946
0 3.86 20.24 0.8119
0 5.9 22.99 1.9492
0 6.48 24.3 2.5758
0 7.74 23.81 2.2339
0 7.23 23.04 2.4084
0 10.57 25.36 2.2153
0 8.38 24.71 1.799
0 8.55 26.05 2.307
0 10.52 25.49 3.2815
0 9.72 24.77 3.4331
0 8.34 22.16 1.9967
0 7.92 24.26 1.4069
0 9.42 27.42 2.596
0 9.13 27.29 2.7563
0 10.44 27.15 2.5833
0 10.79 28.92 2.2229
0 8.93 28.14 2.1302
0 8.68 26.12 2.5003
0 7.39 25.38 1.0835
0 7.78 24.52 2.2821
0 7.87 25.49 2.0646
0 9.53 26.32 2.4932
0 10.73 26.19 2.6381
0 6.54 25.34 1.8632
0 5.71 25.61 2.2356
0 5.55 23.31 1.8948
0 6.69 24.84 2.1549
0 6.95 25.08 2.3603
0 6.03 24.58 2.0824
0 5.57 23.4 2.3831
0 5.54 25.66 1.423
0 5.71 25.16 1.9245
0 6.54 24.82 1.9448
0 5.23 24.27 1.968
0 6.03 23.62 2.4589
0.125 7.26 22.72 2.7673
0.075 6.95 18.7 1.9252
0 5.07 22.04 1.7951
0 6.8 23.2 2.2319
0 4.45 16.13 1.0761
0 5.75 22.41 1.3704
0 7.11 23.97 2.3474
0 7.07 24.41 2.7288
0 7.46 24.76 1.178
0 6.68 26.41 1.6518
0 8.51 26.9 1.7787
0 7.05 24.76 1.8774
0 6.3 24.75 2.2162
0 6.13 25.6 1.8806
0 7.45 23.53 1.7381
0 4.54 21.63 2.3489
0 8.2 26.01 2.0576
0 8.82 29.2 0.6635
0 10.7 30.23 2.283
0 8.64 29.31 2.5562
0 4.17 24.01 2.8408
0 4.2 14.6 2.2854
0 1 13.52 2.3978
0 0.77 15.31 1.0717
0 1.68 18.34 0.4611
0 4.43 23.62 0.3452
0 7.1 27.06 1.1687
0 8.4 27.09 1.2519
0 7.46 26.5 1.987
0 5.44 23.84 1.1992
0 4.87 24.13 2.4093
0 3.63 22.47 2.9343
0 -1.71 10.16 2.1029
0 1.22 18.26 0.5847
0 1.81 18.29 0.6905
0 3.45 22.22 0.9447
0 3.65 22 1.648
0 2.8 20.58 1.4025
0 2.28 20.42 0.7803
0 2.36 20.46 1.3833
0 1.28 21.58 1.5966
0 2.21 20.52 1.5044
0 2.04 20.3 1.4515
0 1.67 16 1.1067
0 -0.03 18.59 1.0343
0 2.21 16.94 2.6898
0 1.14 15.19 1.0251
0 2.3 19.72 0.4463
0 5.56 22.83 0.952
0 6.97 26.19 0.4456
0 9.27 27.03 1.0372
0 11.22 28.29 0.5626
0 9.51 28.86 0.4791
0 7.6 28.23 0.3302
0.2 6.42 23.39 0.4495
5.225 6.73 20.41 1.3092
20.075 7.36 21.57 1.564
26.8 4.36 11.83 1.5288
1.85 2.28 6.09 0.8437
8.4 -1.57 6.86 0.8101
1.875 -1.25 6.28 2.0227
0.525 -3.37 7.36 0.9249
0 -1.58 12.49 1.8974
0 -1.31 15.37 1.6091
0 2.8 17.53 1.271
0 2.38 19.15 2.2689
0 5.04 20.78 1.654
0 4.81 20.79 0.7643
0 3.36 20.11 0.6017
0.05 3.61 19.48 1.1697
1.05 3.93 16.05 0.8362
0.55 1.64 11.69 1.0379
0 0.58 9.64 1.7385
0.55 0.66 16.61 0.9569
0.325 1.69 13.38 2.0289
1.1 -0.93 10.45 1.8347
8.875 -0.07 9.4 1.63
20.575 2.13 5.21 4.4151
10.125 -1.58 6.3 3.7346
0 -4.44 5.69 1.7004
0 -6.51 5.83 2.9411
0 -6.46 8.14 3.2293
3.025 -2.82 10.38 2.133
2.2 -2.04 11.13 1.9501
0.2 -3.77 2.73 0.9528
0 -4.08 8.5 1.9355
0 -2.84 11.95 3.2584
0 -0.94 15.9 3.035
0 2.02 17.27 2.078
0 1.97 16.39 1.0709
0.175 2.06 15.41 2.2894
22.025 -0.3 11.54 2.8761
12.975 -4.62 3.27 2.8014
1.825 -7.31 3.06 0.57
1.525 -6.63 3.07 1.6257
0 -7.31 1.02 2.6547
0 -6.47 5.24 1.4568
0 -5.2 8.21 3.1161
0 -3.48 8.58 1.5573
0 -1.74 11.33 2.3711
0 -2.42 11.69 0.7974
0 -3.66 10.01 2.1263
0 -4.42 10.41 2.139
18.8 -3.01 10.03 2.9144
30.925 -5.86 4.06 3.2521
21.5 -8.33 -3.29 5.3135
8.125 -8.22 -5.45 2.9608
11.1 -7.39 -3.46 4.1615
5.875 -12.47 -4.71 0.994
0.2 -12.75 -4.63 3.2612
0 -12.38 -3.78 3.3089
10.075 -8.63 -2.49 2.7553
6.35 -10.75 -2.74 2.8859
0 -14.83 -5.53 2.2237
0 -13.76 -3.6 3.0282
0 -9.2 -0.48 2.2815
0 -8.25 3.3 2.5685
0.05 -1.98 4.87 1.5438
0.25 -2.63 5.31 1.8866
9.6 -3.3 0.79 2.1445
5.35 -3.73 4.99 3.1953
0 -5.3 2.17 2.368
1.175 -4.39 6.84 1.7316
2.475 -2.81 4.7 0.9656
0.75 -2.03 3.43 1.2416
0 -1.52 5.61 0.49
0 -4.66 5.96 2.3362
0 -4.6 6.76 1.4834
21.075 -3.69 8.41 1.7036
14.925 -5.53 2.99 1.8224
4.625 -6.52 -0.63 2.3751
59.275 -6.83 -1.27 3.561
87.075 -5.45 -0.9 5.397
63.95 -4.49 1.32 6.2899
26.4 -6.26 2.16 1.9636
9.3 -6.8 -4.92 2.1675
4.375 -6.43 -2.74 2.2631
1.075 -6.05 -1.42 0.3263
0.075 -7.1 0.23 2.7695
18.75 -6.88 2.69 5.2087
11.025 -6.74 2.45 1.7981
0 -7.85 -3.46 1.0965
15.65 -7.77 -2.76 2.2443
11.325 -5.67 -1.2 4.4165
1.175 -15.07 -3.7 2.7386
1.1 -15.05 -4.89 1.3731
10.35 -14.46 -6.09 3.8854
19.575 -6.99 -3.99 4.929
20.775 -7.37 -3.37 2.6513
0 -9.55 -3.78 3.2643
0 -10.32 -4 3.953
0 -8.6 0.61 5.5383
0.025 -8.49 0.65 3.8784
0 -9.57 -2.16 1.8644
0 -9.59 1.1 1.1769
0 -11.01 -1.33 3.2613
1.2 -10.96 0 3.2533
7.575 -6.47 -0.28 1.6822
0.075 -7.41 1.93 1.6762
0.1 -7.56 2.93 1.5009
0.075 -7.54 3.53 2.5598
0 -6.25 5.03 1.1111
0.075 -5.64 6.78 0.7569
0 -5.56 4.74 2.3214
0 -5.66 7.86 1.3445
0 -7.85 9.12 4.3325
0 -7.85 6.57 3.7623
0 -9.16 6.26 2.6434
0 -5.25 8.89 3.8343
0 -6.27 6.16 2.0961
0 -5.76 7.4 2.2297
0 -5.79 7.17 4.9962
0 -5.79 7.94 3.2473
0 -5.79 8.3 1.8079
3.55 -5.65 8.47 0.5323
13.175 -6.12 8.11 1.8468
4.9 -8.15 -3.3 1.5853
0 -9.04 0.83 1.9121
0 -10.98 2.27 3.0799
0 -10.55 2.94 2.145
0 -8.85 4.19 2.8651
0 -6.18 8.26 1.7616
0 -5.31 8.97 1.9542
0 -4.55 10.17 0.603
0 -6.58 9.71 2.0749
0 -8.72 9.19 3.6035
0 -9.79 3.22 3.9147
0 -9.51 4.58 4.0368
0 -7.91 8.21 2.7173
0 -6.01 10.27 1.2994
0 -6.27 9.54 3.1842
6.5 -6.35 6.44 3.7385
41.175 -5.68 6 5.9324
25.8 -8.61 -4.54 4.2386
32.675 -7.68 -4.9 3.3078
30.9 -7.74 -3.07 4.0295
3.95 -12.01 -3.7 0.9291
0.05 -12.01 -2.25 1.1315
0.025 -11.95 -2.63 0.3504
0 -11.19 1.03 0.2827
3.8 -10.65 0.43 2.1914
15.375 -9.37 -1.02 5.864
16.1 -12.2 -4.55 0.7636
0.025 -14.18 -5.73 0.4537
0 -13.87 -2.78 2.0585
2.05 -12.53 2.36 1.6509
7.975 -7.17 4.03 3.3939
10.275 -5.11 1.98 1.5031
1.725 -7.4 3.58 1.4749
1.775 -6.85 6.91 0.6334
15.85 -5.81 8.9 1.7414
22.525 -3.92 1.52 4.6019
0.025 -7.53 0.72 0.4816
0 -7.22 6.53 1.4909
0 -6.45 11.19 0.9048
0.6 -5.48 10.39 1.2989
0.35 -5.06 8.06 0.8207
0.6 -4.92 9.92 0.7965
0.525 -3.44 6.1 0.9482
5.15 -3.04 9.56 1.0655
24.9 -3.42 10.67 2.587
2.025 -7.13 4.21 1.0918
21.375 -8.14 5.18 3.1522
26.45 -7.3 -1.5 4.8774
62.5 -7.05 -3.04 6.1586
15.7 -7.89 -2.43 2.6668
3.225 -8.19 -0.22 0.9419
12.925 -7.86 0.17 4.5773
42.1 -7.71 -0.68 5.2945
32.825 -11.22 -2.41 3.9275
17.425 -6.39 -1.15 2.8884
7.575 -6.35 -3.77 1.4617
0.025 -6.14 3.28 0.6199
0 -6.19 6.31 1.3697
0 -5.99 8.33 2.3448
0 -5.26 9.96 2.2459
0 -2.3 14.64 1.5672
0 -2.13 17.83 1.2477
0 -3.81 14.25 1.0855
0.15 -4.52 12.45 1.9216
0 -3.69 13.73 1.4865
0.65 -2.9 13.61 1.6474
6.175 -6.05 11.85 3.5198
7.875 -10.97 -3.72 1.3708
3.525 -11.2 -5.08 1.527
0.275 -11.19 0.84 0.6273
0 -8.21 6.29 1.6138
0 -6.88 8.07 1.5838
0.125 -5.21 8.8 2.8931
0.2 -7.86 1.37 0.6844
0 -6.36 8.04 0.7734
0 -3.9 13.48 1.6142
0.05 -3.12 14.94 2.458
0.025 -2.93 14.9 2.9815
0 -1.59 10.74 1.8483
0.525 -3.86 13.25 2.2798
12.275 -0.97 5.33 2.4693
0.975 -3.98 8.45 0.8991
0.3 -4.41 8.17 1.5567
0.2 -2.74 7.42 2.52
1.275 -3.07 5.39 2.432
0.025 -5.38 7.84 2.9679
0 -4.1 9.65 0.8724
0 -3.36 12.22 2.5765
0 -4.96 12.18 4.7674
0 -3.24 10.81 3.7273
0 -4.14 10.38 1.9491
0 -2.86 12.88 0.454
0 -0.45 15.52 0.848
0 0.78 16.91 2.9856
0 2.77 19.52 0.7045
0 2.78 20 1.6758
0 1.9 18.82 2.1837
0.425 0.96 16.68 3.2052
2.5 -3.11 7.18 3.4689
5.35 -5.26 2.64 2.8576
0 -4.09 10.83 1.7805
0 -0.48 14.39 1.2399
0 0.87 17.14 0.6102
4.35 1.1 18.64 2.9668
10.225 -6.26 10.52 2.8309
4.8 -6.42 -0.38 1.1192
12.7 -5.07 3.5 3.5232
14.275 -5.62 -0.19 2.4757
1.725 -5.06 3.47 3.5154
0.15 -4.1 9.38 1.917
0 -0.62 14.38 2.0504
0 -0.76 13.79 2.9886
0 -1.83 13.44 4.5195
0 -2.82 11.72 2.5676
0 -1.32 13.35 2.7553
0 -2.06 11.97 2.7522
1.7 -2.04 12.37 3.418
1.75 -1.84 11.98 4.3955
8.4 -4.93 7.24 4.9869
2.35 -4 5.48 2.8666
0.2 -0.91 10.97 2.6598
0.25 -1.28 12.12 3.0581
1.35 -5.05 5.68 1.7769
0 -4.17 8.7 0.4844
4.325 -2.35 8.88 2.8905
17.825 1.3 5.15 1.2766
10.25 -1.83 10.12 3.4123
0.025 -2.38 7.08 1.9571
0.025 -1.29 9.91 3.1381
0 0.22 15.5 1.6926
0 2.26 17.78 2.3518
0 2.57 18.59 3.0777
0 1.32 15.86 2.6303
0 2.55 16.59 2.7332
0 3.98 19.11 1.7081
0 5.54 22.24 1.8779
0 5.66 22.11 2.7275
0 3.11 18.93 1.3595
0 4.22 18.56 2.9187
0 4.11 19.79 2.0424
0 5.37 20.28 0.2955
0 6.15 23.01 0.4554
0 7.43 25.55 2.4476
0 7.44 24.78 2.8216
0 4.96 22.82 2.707
0 5.17 22.59 2.7619
0 4.5 21.61 2.3216
0 5.31 22.24 2.2916
8.425 5.6 22.57 2.4922
17.9 3.57 19.35 2.4267
4.825 1.16 10.98 2.2195
0 2.4 17.71 0.9248
0 4.86 22.47 0.8146
0 7.66 24.79 0.5821
0 7.55 25.48 1.5777
0 8.65 25.42 1.9347
0 9.89 23.51 2.5422
0 10.52 24.59 2.8102
0 9.73 23.89 2.3033
0 8.7 24.31 2.5695
0 6.67 23.8 2.1787
0 5.73 23.32 2.2824
0 4.68 20.08 2.336
0 4.59 20.35 3.0992
0 4.24 18.78 2.6509
0 4.94 16.9 3.2081
0 3.45 16.71 3.0458
0 3.68 17.62 1.9196
0 3.59 19.46 1.318
0 3.99 21.68 1.9209
0 4.3 21.84 1.3311
0 5.23 22.83 2.323
0 6.77 23.46 2.8287
0 7.18 23.15 1.8728
0 8.39 23.85 1.8482
0 6.41 25.27 2.122
0 6.41 24.23 1.8838
0 6.01 23.3 1.7548
0 7.29 23.61 1.5808
0 9.32 25.34 2.3409
0.15 10.38 26.27 2.9358
0.55 11.97 26.22 2.0507
2.7 8.5 22.27 1.4328
0 8.7 24.2 1.9009
0 8.52 25.65 2.0686
0 5.15 24.07 2.9843
0 4.01 20.85 2.278
0 5.96 22.4 2.9878
0 5.01 21.74 2.3133
0 6.58 22.77 1.7141
0 6.13 23.77 1.7909
0 6.09 23.72 2.2072
0 4.92 22.6 2.6325
0 4.84 22.65 1.6249
0 7.14 25.11 1.1929
0 7.08 25.12 1.9975
0 6.98 23.94 1.5569
0 5.83 23.33 1.1804
0 5.22 23.54 1.5023
0 4.81 22.83 1.4397
0 5.77 23.79 2.5626
0 5.52 22.35 1.9161
0 4.59 21.99 1.2686
0 3.22 22.09 0.9799
0 4.48 23.18 0.9969
0 5.81 23.94 2.0326
0 7.73 24.69 1.2224
0 7.52 24.68 0.7647
0 7.83 27.37 1.0559
0 8.7 27.2 1.3813
0 8.54 27.31 1.6081
0 6.22 26.15 1.8416
0 4.32 23.48 1.7828
0 4.86 23.33 0.827
0 5.07 23.2 0.6737
0 5.64 25.22 0.9104
0 6.76 24.49 0.9748
0 7.59 25.26 1.7752
0 6.83 23.62 0.7052
0 7.54 24.7 0.8921
0 7.63 26.12 0.8358
0.8 8.06 25.35 1.5369
4.375 6.24 25.03 1.0392
3.7 6.43 21.17 1.4597
11.825 3.23 16.16 1.3448
1.65 4.26 19.06 0.5447
15.75 4.45 21.26 1.1273
0 4.52 19.05 2.3738
0 5.17 20.98 1.8897
0 4.8 18.71 1.6251
0 2.96 18.29 0.2288
0 3.82 21.37 0.2699
0 6.6 23.79 0.9256
0 7.53 24.11 0.4063
7.85 7.6 24.67 0.2406
0 8.17 24.68 0.5542
0 8.06 25.66 1.6473
13.7 4.83 21.63 2.2442
0.15 3.17 14.74 1.8439
0 3.2 18.27 0.4726
0 6.84 22.09 0.6506
0 7.13 22.66 1.1233
0 5.75 24.3 1.4453
0 4.39 23.57 2.2773
0 4.61 20.88 1.8695
0 4.11 17.25 2.0108
9.525 1.92 14.37 2.3052
34.975 -0.14 8.97 3.7243
17.975 -5.03 6.13 0.7831
2.7 -5.86 5.6 0.9353
0 -5.55 7.31 1.2337
0 -3.26 11.66 1.1871
0.875 -1.61 13.57 1.4977
4.55 -0.72 9.79 1.5607
0 -0.04 15.44 0.8967
0 0.59 17.45 0.571
0 4.36 20.03 0.4681
0 2.25 19.54 0.9937
0 2.29 17.48 1.5399
0 2.7 17.52 1.6985
0 3.31 18.1 1.6753
0 1.41 19.16 0.7275
0 1.03 16.37 0.6161
0 1.6 16.87 0.4856
0 2.15 16.46 2.1197
0 0.75 18.19 1.7501
0 1.26 17.8 2.1919
0 -0.12 15.79 1.3177
0 -2.34 11.27 3.368
0 -4.25 9.73 3.3948
0 -4.29 9.73 2.098
0 -2 11.92 0.8848
0 -2 13.86 2.1382
0 -1.21 14.62 0.1325
0 -1.44 13.67 3.0445
0 -1.25 12.55 4.2262
2.875 -5.08 12.31 3.7457
7.475 -7.09 9.66 1.8115
1.975 -9.18 -2.17 0.3385
7.275 -8.47 -1.23 1.4389
0.175 -8.84 -1.68 0.9009
0 -9.29 0.87 2.3212
0 -8.04 3.3 3.2972
0 -8.11 7.32 3.1068
2.625 -6.05 7.41 3.5569
4 -1.94 5.11 1.0729
0 -3.22 5.52 0.2066
0.15 -2.6 6.81 0.6825
0 -5.55 6.85 0.5609
0 -5.3 7.21 0.8997
0 -5.25 7.54 0.8601
0 -5.71 8 3.0604
0.65 -6.09 2.45 2.1543
1.5 -5.62 -0.57 4.0242
2.875 -7.88 -1.43 1.5978
0 -8.06 1.72 2.1912
0 -7.62 5.4 3.403
0 -7.2 11.63 2.1322
0 -7.28 7.55 0.8424
0 -6.29 5.69 2.9634
0 -5.21 8.2 2.4009
0 -3.99 8.76 1.0654
0 -2.22 8.72 1.7646
0 -5.8 9.76 3.285
0 -6.19 6.32 8.8266
0 -6.42 2.02 3.6749
0 -8.85 5.78 4.4323
0 -9.77 4.28 2.7203
0 -9.27 2.53 3.4836
0 -10.47 2.84 3.1044
0 -9.73 2.64 3.6449
0 -9.11 4.13 3.694
0 -8.68 4.14 4.3114
0 -8.01 4.54 3.2532
0 -8.79 4.32 1.0618
0 -10.01 3.26 1.6814
0 -9.98 0.19 1.4737
0 -9.48 0.77 1.215
0 -9.34 1.15 0.9177
0 -9.22 0.42 5.6415
0 -8.49 4.18 4.7074
0 -9.82 4.34 2.6926
0 -10.21 4.66 4.5839
0 -10.6 3.17 4.5708
0 -9.61 0.81 3.4425
0 -11.12 2.97 4.5732
0 -10.58 4.34 4.0483
0 -10 4.03 4.9576
0 -8.87 4.82 3.4064
0 -7.69 5.28 1.3071
0 -7.57 6.54 1.198
0 -7.07 5.53 1.2593
0 -4.42 9.51 0.9684
0 -5.82 7.62 0.9571
0 -7.96 6.79 2.4023
