0 5.58 7.77 1.5294
2.675 6.66 8.36 0.9039
0 0.65 9.87 1.9668
0 -2.41 10.67 3.0755
0.9 3.69 7.8 1.7291
0 1.64 9.47 0.3149
0 0.21 8.91 1.4316
0 1.48 10.92 1.1574
0 1.95 13.17 3.7782
0 0.33 14.47 3.5314
0 -0.01 15.36 2.4991
0 0.7 17.28 5.0793
0 1.52 19.68 4.1686
0 1.46 18.88 3.7798
0 1.06 19.65 3.7969
0 2.86 19.32 4.8421
0 2.14 19.5 3.9597
0 2.33 19.87 4.4253
0 1.09 20.61 4.6862
0 1.77 19.84 3.2669
1.5 5.66 13.85 2.6119
8.85 9.99 14.03 2.0797
17.175 11.13 13.54 1.6913
1.975 10.26 16.44 1.7758
6.125 5.91 13.7 3.119
0 4.22 12.28 1.2891
0 1.37 12.74 1.0227
0 0.88 14.16 1.5515
0 1.74 15.79 3.7412
0 1.99 17.83 4.1718
0 2.21 18.91 2.5321
0 2.85 17.59 2.5692
0 3.13 19.5 4.032
0 2.73 20.09 3.7734
0 2.95 19.41 2.9447
5.575 9.62 15.61 3.064
3.3 8.79 14.81 3.2828
0.075 7.42 16.32 2.4263
1.575 4.79 15.95 1.2222
0 4.43 12.25 2.9796
0.975 0.39 12.8 0.3069
4.125 6.04 13.14 2.3088
0.7 5.39 12.74 1.3014
11.55 5.73 10.86 2.884
0.2 6.13 13.39 3.6636
3.375 8.72 12.21 6.6403
10.5 8.51 12.8 5.4279
5.65 7.95 11.94 4.4806
0 3.44 15.24 1.7429
0 3.7 17.83 3.4859
0 4.89 17.98 2.7019
0.475 4.64 15.64 3.5543
2.05 11.84 15.52 4.3192
10 10.23 18.6 3.1445
0.075 8.17 18.33 1.4167
0 9.74 18.36 1.5955
0.65 9.15 19.06 2.0103
0 5.79 16.84 0.5695
0 6.65 17.43 3.416
2.4 11.69 16.07 3.1221
2.4 11.31 18.98 4.2397
3.4 9.62 15.88 4.9428
3.325 5.87 14.28 2.4601
0 3.32 15.39 1.1774
0.075 4.71 14.84 1.8661
0 3.48 16.35 0.3393
0 3.26 18.48 1.4931
0 4.74 13.02 2.8329
0 1.25 14.68 0.7876
0 1.47 17.37 0.4573
0 5.21 19.62 1.6092
0 4.71 21.07 1.5913
0 6.35 16.41 1.4652
0 7.65 20.21 2.0914
0 8.44 21.29 2.4229
0 9.31 21.07 1.1803
0 9.34 22.25 1.6546
0 10.51 25.88 1.6756
0 10.23 24.25 1.3422
2.85 8.97 18.78 1.5087
1.55 6.96 14.63 3.7141
0 4.34 15.61 2.5473
0 3.16 20.4 1.9219
0 5.72 22.59 1.3097
0 10.11 24.81 2.2868
0 11.1 25.05 1.7199
0 9.86 26.66 1.4927
0 10.52 19.81 3.7759
0 7.58 20.4 2.1794
0 5.51 23.17 0.8697
0 11.35 25.4 3.271
0 8.94 22.03 2.7639
0 7.86 19.84 5.1091
0 6.19 19.84 1.8435
0 5.07 25.4 2.2648
0 7.61 28.17 1.6891
8.975 9.84 19.65 1.2386
0.55 9.83 18.36 2.5343
4.625 9.99 15.21 1.7418
1.725 9.62 17.81 2.3974
0 6.04 20.4 3.7561
0 8.29 24.07 1.8996
0 10.27 22.99 2.7352
0 8.48 16.39 5.332
0 6.81 17.99 5.4243
0 5.3 21.88 2.9099
0 7.3 25.98 1.6156
0 10.64 28.58 2.1141
0 12.02 32.99 2.1363
0 14.7 35.03 1.4992
0 15.44 35.59 1.4009
0 15.63 36.08 1.5901
0 12.92 26.26 1.9593
0 8.66 21.38 3.0118
0 5.57 23.14 3.3182
0 5.79 22.4 2.2903
0 7.83 21.69 2.2603
0 5.29 18.33 2.8851
0 5.88 21.29 2.0121
0 7.3 23.7 2.0638
14.125 13.82 21.81 1.6688
0.75 13.48 20.33 2.4459
0.225 14.31 22.52 3.2629
0 13.76 25.89 1.7531
0.2 16.75 27.56 3.242
0 13.94 28.86 1.6312
0 13.01 28.12 3.2922
0 13.97 29.66 2.4082
0 12.88 31.26 2.3415
0 13.48 32.4 1.9575
0 14.53 31.26 3.2543
0 12.03 27.75 3.4569
0 13.01 29.08 3.2948
0 14.49 29.6 3.2805
0 15.08 32.99 2.6651
0 15.72 37.44 1.3078
0 19.55 40.56 0.2053
0 20.54 37.68 1.9427
0 17.39 32.06 2.1398
0 14 29.6 1.5066
0 13.53 32.75 1.29
0 13.2 32.56 2.379
0 12.3 28.67 2.9313
0 10.98 25.86 2.7823
0 10.45 30.18 2.5148
0 14.56 34.04 2.0439
0 18.26 36.29 1.3005
0 18.53 35.89 2.309
0 16.37 32.31 2.3815
0 13.54 29.87 2.6804
0 13.48 30.27 2.3961
0 13.41 28.11 2.5311
0.075 15.45 27.96 2.3956
0 16.07 28.94 0.7067
0.1 13.48 26.23 2.2082
1.025 13.88 22.25 2.7043
0 12.77 25.95 1.7121
0 12.74 28.7 2.5593
0 13.36 29.04 2.6123
0 12.74 26.63 3.3101
0 14.49 25.71 2.9326
0 13.69 27.06 3.4279
0 13.85 26.72 2.67
0.6 15.67 27.21 3.2542
0 14.03 27.25 2.2564
0 13.97 26.07 2.4599
0 14.18 30.33 2.9267
0 14.65 29.96 3.2707
0 15.64 35.74 2.4935
0 17.88 34.25 3.1415
0 13.01 29.41 3.3859
0 11.37 27.4 3.5048
0 14.33 32.44 1.9041
0 15.51 35.77 0.9488
0 17.7 37.52 1.7169
0 15.6 34.78 2.5957
0 14.84 33.73 1.9391
0 18.26 39.84 1.1676
0 21.96 42.81 1.037
0 22.03 41.6 2.5489
0 18.35 37.56 2.5271
0 18.01 36.04 2.1962
0 16.37 36.6 1.9044
0 16.04 36.63 2.5836
0 16.37 33.76 2.3665
0 15.79 31.87 2.5351
0 12.83 31.44 2.413
0 13.66 32.52 2.5173
0 14.62 32.03 2.7462
0 15.24 31.69 2.7947
0 14.02 32.4 2.1864
0 18.53 31.84 1.8431
0 19.22 33.33 2.2852
0 16.96 35.03 1.8884
0 17.85 38.39 0.853
0 19.02 39.28 1.5537
0 20.14 38.88 1.6135
0 20.23 39.65 1.6094
0 22.05 40.21 1.9242
0 22.18 40.8 1.4406
0 20.57 38.51 2.4025
0 18.53 35.67 2.5363
0 17.7 34.1 2.5746
0 16.53 34.62 2.1667
0 14.46 31.81 2.093
0 13.81 33.54 2.1486
0 17.09 37.25 1.955
0 19.64 38.39 2.1189
0 18.78 35.14 2.5158
0 16.47 33.1 3.0046
0 15.54 32.21 2.825
0 16 32.95 3.1085
0 17.27 34.25 2.7717
0 14.98 31.84 2.6688
0 14.95 30.54 2.1519
0 14.95 32.02 1.773
0 16.13 31.44 2.0213
0 14.83 26.32 2.5973
0 14.31 28.54 1.9218
0 15.39 32.83 1.8957
0 17.21 35.76 1.2438
0 19.02 37.83 1.3736
0 19.89 35.7 2.8411
0 17.46 36.9 2.8733
0 19.64 34.53 3.2469
0 17.69 30.91 3.1843
0 13.26 32.83 1.8538
0 15.29 35.24 0.9673
0 16.25 35.02 1.2056
0 16.41 35.21 0.9097
0 17.67 34.77 1.3988
0 14.98 31.84 2.4265
0 15.64 36.35 2.0311
0 19.37 35.95 2.1536
0 18.74 33.41 2.3279
0 13.41 31.68 1.5299
0 14.15 33.87 1.4537
0 15.98 34.46 0.3717
0 16.9 36.17 1.7313
0 17.02 37.83 1.9681
0 19.43 39.5 1.7656
0 19.29 38.29 2.2801
0 17.08 31.99 1.2353
0 16.62 35.36 0.5881
0 21 36.32 0.837
0 20.97 38.54 2.0105
0 17.32 34.8 2.6258
0 13.39 30.24 2.0961
0 15.54 28.36 2.2709
0 14.53 30.24 2.2919
0 14.06 32.12 0.9002
0 15.45 33.57 1.1503
0 17.11 35.82 0.6231
0 17.6 37.25 1.2592
0.45 17.6 31.28 2.2297
0.05 14.8 25.98 1.8559
3.525 15.42 25.76 2.3761
0 14.22 29.34 1.9235
0 15.91 31.35 2.1227
0 15.51 33.02 1.2349
0 16.49 36.9 0.7563
0 18.5 34.86 1.7028
0 16.96 33.08 1.0894
0 17.36 35.45 1.5577
0 17.54 36.94 1.8138
0 16.45 36.75 1.2059
0 16.27 35.76 0.7744
0 15.68 35.45 0.8169
0 15.93 37.12 1.0784
0 16.92 37.12 0.3616
0 18.07 31.96 1.6857
0 13.68 22.49 2.5922
0 9.43 23.94 2.569
0 10.82 26.53 2.2175
0 8.9 28.41 0.9682
0 11.27 24.31 3.3204
0 7.51 19.68 3.3221
0 7.45 21.38 0.4268
0 7.05 23.6 2.0395
0 8.71 27.12 1.0118
0 9.92 24.31 1.4082
0 9.25 24.86 0.6441
0 9.74 25.39 0.4321
0 9.92 22.33 1.6307
0 9.4 20.24 1.9672
37.025 13.72 17.64 6.971
0.275 15.94 24.83 4.0607
0 17.76 27.02 1.2406
0 16.03 26.53 2.4166
0 14.12 26.56 1.3876
0 15.24 25.94 1.6221
0.1 10.73 18.57 1.8265
0 11.1 20.82 1.3988
0 9.64 22.98 1.186
0 11.31 23.6 1.0574
0 11.34 25.42 1.4786
0 11.49 25.98 1.5913
0 12.57 25.27 1.4964
0 10.75 27.3 1.2446
0 11.68 18.54 4.8712
0 7.98 17.49 4.8045
0 5.11 18.45 0.8296
0 5.66 21.75 0.3291
0 6.49 22.67 0.9245
0 8.16 23.57 1.1021
0 8.31 25.24 1.2157
0 8.68 25.08 1.1539
0 8.87 24.92 1.8032
0 9.09 21.53 2.5117
0 8.53 22.74 0.4796
0 10.1 19.5 1.9962
0 5.75 18.6 2.025
0 3.87 17.67 1.0069
0 7.7 17.67 0.9469
0 8.04 16.94 0.8087
0 8.08 17.28 2.2454
0 4.34 16.35 1.584
0 3.75 16.38 1.2592
0 1.06 17.43 2.3537
0 1.68 19.3 1.7597
0 2.2 19.49 0.9119
0 6.41 16.13 2.4778
0 0.78 15.33 1.9941
0.45 3.72 17.79 3.119
0 3.1 12.49 1.3734
0 1.52 17.46 0.4438
0 4.3 14.71 1.7089
0 1.83 17.67 3.1785
0 1.49 19.68 3.3337
0 2.82 20.05 2.1224
3.5 5.97 14.56 1.2408
0.15 7.21 19.13 5.2085
0 1.43 15.61 4.4738
0 1.15 16.72 3.6371
0 1.12 16.9 1.2583
0 0.56 15.39 1.5235
0 0.7 14.52 1.4996
0 0.84 15.39 1.7127
0 1.61 11.66 1.1147
0 -4.05 9.34 1.5695
12.875 -1.36 7.21 0.7049
0.3 -3.68 8.02 0.3414
0 -2.23 7.61 1.8762
1.2 2.08 9.31 3.3539
10.825 5.57 11.29 3.2099
9.25 9.58 13.02 3.9367
2.575 7.03 13.51 3.4919
0 5.44 14.98 0.543
0 5.08 14.65 3.3766
1.325 7.98 14.65 2.84
0 7.02 11.66 2.1298
0 6.68 10.61 2.5553
0 5.05 11.38 3.9087
0.025 4.71 13.2 2.7719
3.875 6.9 12.55 1.6271
0 5.33 11.9 3.7301
0 1.95 10.48 1.9376
0 -1.08 11.94 3.7085
0 -0.56 14.13 3.9171
0.8 1.93 9.65 4.0285
5.425 5.57 14.22 2.1502
1.475 5.94 8.17 2.7733
1.125 3.47 11.99 0.7616
0.4 7.64 14.25 1.3217
0 6.71 11.59 2.6585
0 6.25 14.16 2.1827
0.075 4.86 11.82 1.1529
0 7.67 9.71 3.7759
0 4.06 12.58 2.9265
0 4.86 9.32 2.984
0 4.8 8.54 3.0577
0 2.67 7.43 2.3375
0.3 4.86 8.91 2.7857
0 6.35 9.13 2.4779
0 5.45 7.8 2.3443
0.075 5.76 9.16 3.2025
2.225 6.49 16.9 4.7864
13.425 8.75 17.09 2.0271
0.075 5.21 14.84 1.0468
0.075 4.62 10.64 3.0865
0.1 7.25 12.52 2.8211
10.6 7.09 12.49 2.8348
14 9.25 14.62 5.0723
24.025 7.3 12.25 5.59
15.75 7.98 12.95 6.4532
16.2 5.4 9.1 3.6645
1.95 3.16 10.63 3.2193
1.525 2.98 12.46 1.0311
0 2.27 9.71 2.5152
2.225 6.78 10.94 4.5625
2.25 7.45 11.38 3.015
0.075 5.51 13.79 1.0571
0 3.34 13.75 2.3313
0.55 5.39 15.76 3.0813
0.75 6.28 15.42 0.9902
0 3.63 12.27 1.3172
0 3.4 15.79 1.7284
0.025 6.93 12.39 2.1386
0.65 3.88 17.06 0.617
3.175 7.83 14.31 3.1557
0.9 10.39 16.16 3.3607
7.625 9.03 12.09 1.5993
0.375 7.11 13.02 2.5168
1.325 7.69 14.13 1.1014
10.25 7.42 11.26 1.1068
0.075 3.53 14.68 0.8107
0 7.27 14.68 1.1452
0 6.06 18.41 1.4861
0 5.29 17.61 1.2889
0 4 18.51 1.4762
0 4.64 19.62 1.4516
0 7.11 19.83 1.8401
0 6.99 20.27 2.2551
0 7.21 18.81 0.7959
0.025 9.92 14.8 0.9676
0 6.99 15.02 2.0453
6.95 7.24 11.32 2.6842
0.075 5.75 14.16 1.7625
29.225 5.98 10.21 3.7227
2.75 9.31 15.42 2.489
0 8.02 17.06 0.8825
4.65 8.79 17.95 4.5047
1.775 9.15 14.86 1.0427
0 4.64 17.77 0.4557
0 6.9 17.95 1.8686
2.9 7.57 14.86 2.737
12.075 6.59 10.67 3.1791
0.5 5.6 14.1 2.4717
0 2.42 13.97 1.0916
0 8.17 16.9 2.2196
0 5.35 18.72 1.2978
0 5.51 14.1 2.7404
0 3.84 13.02 3.6516
2.15 4.4 12.49 2.3391
0 1.34 16.69 0.197
8.375 5.2 13.66 1.9711
0 3.29 13.79 2.5323
0 3.32 16.59 2.1934
0 4.3 19.71 3.1805
0 6.87 24.18 1.2783
0 11.29 23.91 1.2591
0 8.97 23.29 2.7587
0 5.94 24.8 2.1256
0 7.54 24.02 1.4718
0 7.89 21.68 0.4365
0 9.37 19.9 2.0751
0 8.81 22.46 1.5052
0 6.64 23.7 1.2983
0 6.87 18.11 2.0599
0 5.23 18.57 2.2562
0 4.67 21.17 2.0485
0 7.02 25.36 0.8281
0 7.74 23.97 2.3257
0.7 8 16.69 4.6099
0.875 5.94 15.05 2.4485
0 5.36 15.95 0.9223
2.125 4.55 14.06 1.868
0.1 4.83 14.13 1.684
11.3 4.12 13.17 2.8031
6.225 6.53 15.05 2.4948
0 4.42 17.8 0.9605
0 4.79 21.35 1.8624
0 7.6 21.84 1.418
0 9.12 21.75 1.3546
0 8.53 17.43 2.0434
14.45 8.02 14.34 4.8114
5.45 7.61 15.73 4.1143
0.1 5.54 18.02 1.1067
0 6.81 19.28 0.7806
0 7.18 21.72 0.9734
0 9.59 22.43 1.4685
0 9.15 23.54 1.5559
0 8.26 25.95 1.1957
0 11.56 25.14 1.3767
25.125 7.83 15.02 2.2466
7.75 7.06 10.82 3.5294
0.3 7.4 16.01 2.337
0 6.77 22.28 1.378
0 9.4 24.65 1.4449
0 11.41 28.05 1.3797
0 9.29 28.29 1.0233
0.125 9.23 20.02 3.6334
1.4 6.68 15.4 4.2589
0 5.85 18.21 3.5391
0 8.35 21.2 3.5369
0 9.18 25.05 2.3349
0 12.36 27.31 2.1252
0 9.76 30.95 1.1831
0 12.24 26.13 2.4612
0 10.36 23.21 4.036
0 9.34 23.27 2.5872
0 7.82 26.69 1.1401
0 9.71 23.88 2.7451
0.3 9.31 18.58 3.5359
3.15 7.91 16.5 2.6845
0 5.6 20.98 3.4188
0 8.29 25.98 2.1997
0 10.32 27.65 1.2142
0 11.41 28.88 1.0457
0 11.37 29.53 0.8572
0 12.73 26.87 1.256
0 11.35 18.98 1.7977
0 13.54 23.73 1.166
0 11.99 23.85 1.4648
0 10.2 24.13 3.5705
0 9.77 19.63 4.2562
0 6.83 18.58 3.5507
0 8.14 21.94 4.2336
0 8.32 21.44 2.2165
7.65 9.68 20.76 1.5907
5.475 10.85 22.4 2.3714
6.05 9.92 19.16 2.0898
0 7.7 20.8 2.9625
0 12.64 27.47 2.1839
0 12.24 31.2 1.3143
0 15.86 29.07 2.5588
0 14.25 25.58 2.9982
0 13.29 30.92 2.3627
0 16.84 29.84 2.3008
0 17.59 30.95 2.2836
0 17.52 33.17 1.9394
0 18.04 33.54 2.841
0 15.82 30.02 3.284
0 14.06 30.55 3.0404
0 14.09 26.44 3.4742
0 12.02 24.87 4.7348
0 15.45 29.69 5.0366
0 15.88 32.68 3.3933
0 16.18 35.98 1.0891
0 16.24 36.87 1.9331
0 14.43 29.96 2.7636
0 12.52 28.76 3.2238
0 12.76 31.54 2.0924
0 13.17 28.1 2.6085
0 10.48 25.55 2.9709
0 9.8 27.65 2.8493
0 12.88 31.2 2.2481
0 14.21 33.94 1.5048
0 17.8 34.66 2.3324
0 15.87 30.83 2.2826
0.75 13.75 29.1 2.9105
0 15.33 33.42 2.7804
0 19.52 37.65 1.5987
0 20.87 39.32 1.9288
0 20.17 35.83 2.8474
0 17.02 33.11 2.9778
0 12.45 31.1 2.9384
0 14.77 30.43 3.1267
0 16.32 33.21 2.7293
0 16.22 35.95 1.1795
0 17.33 35.55 2.0548
0 14.92 31.07 2.714
0 13.32 32.21 2.5748
0 14.37 33.48 2.7962
0 14.8 34.41 2.4802
0 16.04 37.59 1.8728
0 16.96 35.33 2.0216
0 16.93 33.23 2.9527
0 15.02 31.69 2.8573
0 16.6 35.4 1.9417
0 21.1 38.17 1.9113
0 22.24 38.91 2.7091
0 20.72 38.11 2.6164
0 19.02 38.73 2.5443
0 17.49 36.51 2.2768
0 16.18 33.85 2.0535
0 15.29 31.81 2.0129
0 12.95 33.79 1.1213
0 15.45 34.99 2.3324
0 16.93 36.1 2.2869
0 17.64 34.03 2.7515
0 14.74 30.45 2.6604
0 13.69 29.96 1.8961
0 12.79 30.02 2.1837
0 13.26 32.8 2.2137
0 15.07 33.33 2.3123
0 14.49 33.14 2.1841
0 13.97 33.36 1.9078
0 14.89 34.47 2.2075
0 14.93 34.47 1.4592
0 16.16 33.88 1.9902
0 13.84 31.63 2.05
0 13.97 32.83 2.0073
0 14.22 32.61 2.3968
0 15.82 30.55 2.5588
0 14.22 31.32 1.7323
0 15.26 31.87 1.7149
0 13.63 27.98 1.9863
0 13.1 31.2 1.3611
0 17.09 32.43 1.8145
0 14.43 30.76 2.572
0 13.84 31.48 2.8683
0 15.08 35.43 1.5185
0 15.82 32.58 1.4839
0 14.18 30.94 1.4891
0 13.79 33.42 2.0158
0 15.76 33.91 2.2421
0 14.25 28.51 1.6178
0 12.52 29.68 1.991
0 14.49 34.07 2.1522
0 16.64 38.42 1.5147
0 18.93 41.01 0.4416
0 18.97 35.55 1.7915
0 15.75 31.84 2.2803
0 11.62 25.48 2.5441
0 12.3 26.36 2.4023
0 12.27 27.06 2.5954
0 12.89 30.67 1.7996
0 14.77 32.54 1.1289
0 16.7 36.67 0.2066
0 17.12 36.78 1.3051
0 16.69 35.18 1.0853
0 16.49 33.39 2.3213
0 17.73 33.58 1.1696
0 15.59 32.76 1.7772
0 14.1 25.31 2.5448
0 10.96 25.02 1.9772
0 12.86 27.64 0.9452
0 13.36 30.94 0.51
0 13.98 32.87 1.0335
0 13.8 29.1 1.4671
0 10.86 29.55 1.3984
0 11.51 30.58 1.528
0 12.84 31.34 2.0601
0 14.54 30.31 1.5698
0 15.04 29.49 1.2503
0 13.56 26.98 1.1392
0 13.68 27.9 1.6527
0 13 27.22 1.5283
0 11.16 25.49 2.5925
0 10.34 27.22 1.5668
0 12 29.88 0.9527
0 13.87 33.85 1.1973
0 15.54 35.05 1.2765
0 15.1 36.2 1.3438
0 18.04 37.26 0.8972
0 18.67 36.96 0.6388
0 17.36 35.92 0.5438
0 17.11 32.6 0.7248
0.4 18.53 34.31 0.7215
2.075 17.49 34.6 1.1596
0.5 13.34 24.09 1.834
0.475 13.92 20.67 1.3639
0.1 10.9 23.66 0.7218
0.55 12.92 23.38 1.5536
0 10.72 25.17 0.8189
0 11.19 27.02 2.0812
0 12.75 29.52 1.8497
0 15.51 29.79 1.9798
0 16.09 31.21 1.8479
0 14.58 32.68 1.1869
0 14.8 34.97 0.4496
0 14.96 33.4 0.2576
0.05 16.44 30.09 0.819
2.35 14.29 28.17 0.9498
0.275 10.59 22.14 1.3079
0 11.23 23.77 1.5249
0 11.84 27.16 0.728
0.05 10.78 22.92 1.6887
0.95 10.95 21.65 1.4153
7.7 12.55 20.75 1.7691
8.85 13.85 19.21 4.5119
2.5 11.32 19.01 3.0958
0 8.99 19.37 1.8919
0 5.3 19.98 2.4904
0 7.79 24.61 3.4731
0.975 10.19 20.49 2.3883
2.45 11.71 21.64 1.7705
0.175 8.5 21.63 1.1371
0 8.37 22.57 1.8892
0 8.77 24.35 2.6593
0 9.78 26.27 2.2489
0 11 27.12 1.4739
0 12.52 28.46 1.1955
0 11.43 25.36 1.8373
3.475 9.44 18.08 2.9431
2.55 7.08 16.19 2.4861
0.425 4.19 17.78 0.4185
0.275 8.2 17.42 1.6804
0 7.21 17.27 2.3502
0 3.7 18.36 1.3465
0 5.74 17.71 2.909
0 5.87 20.69 1.9142
0 7.27 22.5 2.7895
0 6.98 20.86 1.4657
0 5.9 21.83 1.4808
0 6.01 21.66 1.313
6.1 7.13 15.67 1.8041
17.85 5.73 12.86 2.7049
5.15 5.05 13.03 4.2666
2.35 6.15 13.44 2.4136
2.825 5.35 11.91 3.2789
1.95 1.46 10.06 1.4593
0 -1.13 10.47 2.6136
0.475 -0.81 12.39 3.1682
7.1 3.84 10.1 2.1857
2.175 3.28 11.79 2.2789
0 0.41 11.54 2.2993
0 0.34 11.4 2.9611
0 0.96 12.34 2.1813
0 2.2 11.47 2.6877
0.025 5.08 12.14 1.2046
3.625 7.75 16.16 2.8043
7.925 8.3 16.53 3.0141
1.95 6.66 17.69 3.6167
0.1 4.83 17.15 2.0002
2.375 7.07 14.47 2.2728
0.8 8.75 16.92 1.282
0.15 9.74 18.23 1.3948
0.025 11.75 16.14 0.4175
0 11.31 15.28 2.4318
0 10.98 13.66 1.3602
9.3 10.61 12.15 1.5609
2.975 4.12 13.03 1.3008
1.6 2.16 9.65 2.0674
12.225 6.12 11.62 3.6352
9.525 10.17 13.85 5.1376
12.175 10.77 15.33 5.5276
7.35 7.72 12.54 2.5026
2.925 5.08 12.7 3.0823
11.425 8.95 14.34 1.9778
1.175 7.5 14.93 0.4005
0 4.65 12 3.0986
13.15 6.82 13.65 5.4885
2.45 4.44 15.67 1.896
0 4.63 13.57 0.6013
16.525 4.51 11.51 1.9635
14.275 5.42 12.49 4.1333
0.775 0.61 10.26 2.284
0.125 -1.6 9.47 1.3728
12.45 3.93 10.57 4.5988
20.625 5.51 8.99 4.8921
1.625 2.17 10.67 2.2628
0.05 0.54 8.3 2.9875
0 0.22 7.87 3.5977
0.025 2.48 5.3 4.5294
0.025 2.89 4.81 2.6785
0 2.72 6.26 1.3115
0 0.27 4.7 1.7889
0.725 -1.98 7.83 2.6821
1.975 2.1 8.38 3.518
0.2 3.91 12.88 2.5423
1.05 2.7 12.62 1.4186
0.1 5.78 12.46 1.2067
0 3.64 12.44 2.6328
0 7.62 11.76 1.1886
0 8.49 11.51 1.0497
0 7.04 14.27 2.6239
0 4.07 11.68 1.8738
0 2.02 15.08 3.8392
0 2.12 16.32 3.3693
0 3.6 15.17 2.4983
0 4 16.27 3.96
0 2.76 16.59 1.4891
0.075 4.41 11.45 1.9024
0 4.14 10.44 4.7388
0 4.38 10.78 3.483
0.1 3.49 9.38 1.5913
4.4 3.76 9.87 0.4845
5.075 5.57 13.14 1.7528
0.875 3.74 13.65 1.1641
0 2.45 13.2 1.3632
0 1.83 15.29 3.0078
0 1.52 15.07 1.9002
0 2.06 16.33 2.2106
0 3.04 18.15 1.778
0 4.75 19.47 2.0322
0 5.08 20.65 0.962
0 5.05 20.89 2.5607
0 2.21 15.29 3.119
0 1.28 16.88 3.5506
0 2.03 17.91 3.797
0 2.9 20.71 3.0163
0 2.66 21.49 0.9603
0.1 7.14 17.56 3.9537
2.55 8.26 17.57 4.5941
7 5.68 17.22 5.2491
17.575 4.93 11.04 4.6236
15.75 3.74 8.62 2.4729
5.375 2.67 10.88 2.4588
0.625 2.34 12.54 0.6765
0 3.31 12.14 0.9385
0.7 2.26 14.35 0.621
0.3 1.59 14.74 0.8819
2.9 3.04 11.84 1.9909
11.625 4.31 11.83 4.8325
1.725 -0.37 9.77 1.1348
0 -1.11 11.97 0.3425
0 0.03 14.76 2.1572
0.75 1.45 15.72 1.878
1.85 7.07 17.54 4.0167
1 8.11 19.23 1.162
0 5.17 19.79 1.3318
0.9 7.77 19.72 0.7826
5.55 10.03 17.92 1.7542
1.575 8.67 16.8 4.2158
0.3 8.24 17.88 0.5005
0.025 7.38 18.72 1.3766
0 7.82 19.98 0.6592
0 6.41 17.21 1.5381
0.1 5.69 18.54 0.5355
2.225 8.44 19.53 1.3852
0.925 12.64 21.76 1.2818
1.775 10.72 22.38 1.4649
2.05 11.52 22.49 1.9748
1.1 5.26 18.2 0.8345
8.65 5.27 16.09 3.58
12.175 5.47 12.21 4.6514
22.2 6.85 11.79 4.8521
13.825 5.49 12.14 2.142
1.375 3.2 15.16 1.6647
3.75 6.09 14.94 5.2755
17.05 7.36 13.18 5.3057
3.3 5.25 14.26 3.4306
11.95 8.19 12.97 3.0475
1.15 5.16 16.07 1.278
0 8.63 16.58 0.9612
0 6.15 19.66 1.8836
0 9.22 22.72 2.3031
0 10.89 25.34 2.4148
0 11.82 27.99 1.7145
0 13.01 26.97 1.3716
0 9.15 20.13 1.8557
0 7.08 24.12 1.5805
0 9.55 25.01 1.7817
0.35 10.05 23.07 2.3587
5.55 6.29 17.33 3.4568
1.175 2.81 13.75 1.6422
0 3.06 17.6 1.4445
0 4.35 19.85 0.6043
0 7.3 19.47 1.8859
0 5.96 20.04 2.0156
0.05 5.25 17.47 2.5285
0.025 5.04 18.01 0.7537
0 7.32 22.84 0.7937
0 10.6 24.66 1.898
0 12.76 25.77 2.3678
0.05 12.83 22.9 2.3819
0.025 13.56 22.07 1.519
0.125 13.56 23.01 1.9582
0.2 12.03 21.11 1.963
0.325 8.99 20.12 1.1169
0.15 8.49 21.82 0.9508
0.05 10.63 21.53 1.7645
0.075 9.75 22.17 2.0182
0 7.9 21.47 2.9566
0 7.43 23.47 1.415
0 9.16 22.96 2.4431
0 7.91 21.19 4.8468
0 8.57 23.04 3.5566
0 8.94 26.2 1.6503
0 9.86 28.38 0.584
0 11.5 27.3 1.3534
0 13.57 30.05 2.8519
0 14.41 33.73 0.9946
0 12.21 29.85 1.725
0 9.3 25.25 2.0323
0 10.35 21.73 2.772
0.375 6.77 20.73 3.1898
0.175 8.6 24.51 2.7103
0 8.72 25.65 1.949
0 9.68 26.33 1.5211
0 10.4 27.31 1.2074
5.65 9.36 20.99 2.5716
9.225 7.89 16.21 2.3403
1.275 7.45 16.95 1.6697
2.35 9.44 16.48 3.3023
3.125 9.62 18.66 2.1935
0.1 8.76 24.92 2.9313
0 11.03 27.24 1.9459
0 12.07 26.72 2.4618
0 10.53 25.02 3.4829
0 9.37 22.62 4.6886
0 8.27 23.97 2.6812
0.55 10.66 22.32 2.4589
0.225 9.08 21.65 2.169
0 10.89 22.38 2.941
4.075 9.28 21.74 3.9893
0.25 8.16 21.41 4.7201
0 9.3 23.42 2.5971
0 9.93 23.62 2.2182
1 11.47 20.03 2.4819
0.125 7.95 21.03 1.6053
0.15 8.62 21.78 0.5552
15.375 11.57 19.1 3.7336
15.05 13.36 22.04 0.9294
12.575 12.66 22.28 2.9298
0 11.18 24.15 2.396
0 11.73 28.28 3.0775
0 12.09 29.73 1.9681
0 12.64 29 3.0474
0 11.83 25.29 3.3169
0 12.46 28.68 2.8069
0 13.99 31.14 2.7806
0 16.15 33.54 2.6115
0 17.87 34.42 2.3881
0 16.45 32.37 2.8955
0 14.73 31.51 2.0922
0 13.24 31.64 2.7005
0 15.43 32.19 2.3657
0 16.96 34.56 0.803
0 19.84 37.54 0.9185
0 20.83 38.38 2.4428
0 16.94 35.26 2.4254
0 13.69 32.24 2.5199
0 13.6 31.9 2.726
0 14.42 31.94 2.664
0 15.25 33.56 2.7457
9.55 16.1 31.82 2.0519
4.05 13.75 23.6 2.2697
0 12.94 28.39 2.5128
0 13.87 31.21 1.9935
0 16.44 35.2 1.4626
0 17.11 36.97 1.2032
0 19.14 38.77 1.6132
0 19.15 39.29 1.679
0 20.53 39.43 2.4356
0 19.44 39.16 2.474
0 17.63 37.78 1.9575
0 16.79 37.76 2.4962
0 13.36 35.3 2.3489
0 12.88 33.1 2.3639
0 12.12 31.94 2.4838
0 13.6 31.48 3.0416
0 12.11 29.4 2.7772
0 11.98 27.89 3.3656
0 12.38 29.27 2.9649
0 12.94 29.01 1.9652
0 13.63 30.4 1.1054
0 14.72 31.53 2.0255
0 15.41 32.25 1.9254
0 16.08 35.54 2.3271
0 15.96 35.56 2.6902
0 16.51 35.15 1.9451
0 16.01 34.74 1.6603
0 14.9 34.22 2.0955
0 13.77 34.18 2.1601
0 14.58 34.72 1.7523
0 14.44 35.84 1.8656
0 16.39 36.28 2.5235
0 15.45 35.88 2.9132
0 16.88 35.84 1.9312
0 15.25 33.45 1.2402
0 15.34 33.68 1.7301
0 15.95 34.39 2.0577
0 13.99 31.43 2.9066
0 13.56 32.38 2.4583
0 15.89 33.26 2.8969
0 15.72 32.28 2.3961
0 14.41 32.8 1.8968
0 13.92 33.86 1.997
0 16.38 34.65 2.2273
0 15.15 33.2 2.5986
0 14.85 32.21 2.0892
0 17.23 34.58 1.3317
0 17.11 34.3 2.1544
0 15.84 33.57 1.7418
0 15.03 33.74 1.7374
0 14.99 34.24 1.9535
0 15.46 34.17 2.1174
0 15.15 32.72 2.7446
0 13.96 32.4 1.8339
0 13.65 32.01 1.2524
0 14.23 31.65 1.2215
0 15.25 34.76 1.1377
0 17.82 35.72 1.8625
0 15.94 34.56 1.1818
0 17.12 35.39 0.6901
0 17.91 34.67 1.0739
0 16.59 35.09 1.3011
0 16.05 34.65 1.9569
0 14.48 33.08 1.7052
0 14.11 32.07 1.6545
0 15.47 32.38 0.793
0 16.17 35.08 0.4012
0 16.19 34.89 0.9108
0 15.4 33.77 1.0469
0 13.73 33.12 1.7888
0 14.4 34.64 1.1616
0 16.14 35.67 1.3035
0 16.26 35 1.3419
0 15.59 35.46 1.494
0 19.31 36 0.6677
0.225 17.4 30.41 1.519
0 15.74 30.93 1.6672
0 15.63 32.98 0.9111
0 17.61 33.54 1.628
0 15.04 32.33 2.3136
0 12.88 29.27 1.7179
0 11.34 29.62 1.8707
0 14.16 31.31 0.7777
0 15.58 33.84 0.5388
0 16.93 35.52 1.1802
0 16.33 36.2 0.9084
0 16.78 36.16 0.6915
0 17.97 36.62 0.7135
0.025 17.87 37.26 1.5052
0 13.43 25.55 2.0134
0 12.78 26.43 2.2771
0 13.38 29.88 1.3411
0 15.68 34.21 0.6872
0 16.42 34.18 0.9059
0 15.47 29.47 1.0477
0 12.51 27.58 1.9616
0 12.94 26.89 1.5909
0 12.07 23.47 1.7146
4.225 12.93 23.32 1.9596
20.7 11.8 23.33 3.189
3.375 8.81 17.66 0.8095
0.65 8.12 20.07 1.0085
0 9.04 23.28 0.9894
0 10.53 25.08 1.2473
0.175 12.62 23.96 1.3588
0.075 15.4 25.42 1.5051
0 14.38 25.92 1.1821
0 12.92 28.72 1.0396
0 14.1 29.78 0.7203
0 15.52 29.77 0.9255
0 15.09 27.57 0.9172
0 13.61 29.5 1.3895
0 13.91 29.32 1.0562
0 12.99 25.45 1.3337
0 12.25 26.69 1.0537
0 11.93 26.59 1.2344
0 12.35 28.35 1.9038
0 11.79 29.36 1.212
0 12.75 28.7 1.3312
0 11.26 23.71 1.3793
0 8.41 24.88 2.3235
0 8.09 22.68 2.6707
0 7.99 24.22 1.5475
0 8.61 24.42 1.0559
0 9.17 25.15 1.9377
0 9.14 26.17 0.8558
0 10.66 26.28 3.1875
0 8.88 22.63 3.8672
0.675 6.33 23.38 2.6721
1.15 6.66 16.42 1.5919
1 4.06 14.06 0.2979
1.875 6.17 14.79 1.1739
0.175 5.74 15.19 0.7313
0 2.93 16.26 1.8114
0 2.62 17.26 2.8734
0 3.18 19.64 3.2857
3.85 8.81 17.43 4.131
0.675 8.21 17.92 0.8558
0 7.86 18.74 0.5313
0 8.06 17.53 1.275
0 6.19 18.6 0.9971
0 5.51 19.93 0.9862
0 5.9 20.9 0.791
0.05 7.06 20.7 2.5563
0.95 4.8 15.02 1.857
3.525 4.01 14.14 4.0214
0 3.46 13.56 1.8717
0 3.02 15.29 2.7237
0 3.99 15.18 4.0284
1.15 6.9 15.82 1.6919
0.9 4.52 16.32 0.5372
0 4.88 16.54 2.5479
0 4.32 14.79 2.1928
0.075 4.89 17.89 1.0186
0 5.4 11.15 1.4578
0 7.13 15.52 4.0338
0 5.17 19.34 7.1616
0 4.02 16.66 3.1973
0 1.99 16.63 3.9707
0 -0.29 15.3 2.3355
0 -0.98 14.69 3.3787
0 -1.13 14.33 2.7998
0 -0.82 14.49 2.7037
0 -0.63 14.79 2.4677
0 -1.07 15.27 3.7111
0 -0.65 16 2.7056
0 0.98 14.43 0.4045
0 3.27 12.16 1.2817
0 2.13 13.71 1.2329
0 -0.27 14.06 0.9228
2.25 2.83 11.3 0.8533
0.35 0.36 12 4.5334
0 -0.22 12.1 3.9167
0 -0.17 10.28 2.0337
0 1.93 14.85 3.5294
0 -0.28 11.24 3.6508
0 -2.24 11.95 2.9077
0 -1.98 15.17 4.4063
0 -2.12 12.15 3.713
0 -2.87 13.19 4.4165
0 -1.8 13.95 3.2084
0 -2.12 14.5 1.1049
0.025 -0.66 14.1 1.1564
0 0.8 15.32 1.2685
0 3.77 15.39 0.79
0 4.17 15.59 0.9392
0 3.37 13 2.2204
