2.3 -0.27 12.38 1.4005
9.725 -0.24 10.81 1.4805
6.375 -1.44 8.72 1.824
3.125 -4.04 6.4 3.8546
2.3 -3.31 6.84 1.9816
0.625 1.84 5.01 0.4048
0.25 1.67 9.26 1.4728
0.15 2.39 11.57 0.7295
0.075 0.87 11.45 4.0554
0.05 0.97 12.58 3.3879
0 0.85 15.07 2.5611
0 3.23 13.48 5.3492
0 3.47 16.26 4.0345
0 2.79 15.89 3.9121
0 3.08 17.63 3.8344
0 3.25 18.59 4.8614
0 2.03 17.11 4.2556
0 2.18 16.9 4.8486
0 1.83 16.87 5.0116
0 2.65 15.58 3.5314
6.4 2.83 16.35 2.6801
22.2 6.89 14.85 2.0402
27.45 8.06 10.73 1.6144
22.95 6.74 11.26 2.3292
11.075 1.85 9.2 3.3471
3.4 -2.81 2.72 0.9632
0.875 -4.04 5.32 1.2413
0.075 -3.99 6.72 1.2787
0.05 -0.11 10.76 4.1213
0.4 -1.87 11.64 4.4688
0.225 0.84 16.73 2.9378
0 1.53 16.6 3.1232
0 2.37 15.62 4.0176
0 3.22 17.95 3.8418
0.125 4.01 19.01 3.0345
2.45 3.14 17.4 2.5799
6.375 3.83 13.47 2.9062
1.475 2.59 9.3 2.7944
10.7 0.99 10.73 1.1377
8.65 -0.9 7.93 3.2976
3.85 -5.93 3.55 0.4505
4.75 -5.47 5.42 2.8643
9.425 -1.88 6.75 1.3397
16.725 -4.17 5.18 3.2551
10.975 -0.72 4.87 3.9063
4.625 0.71 5.62 6.2773
8.875 1.58 6.76 5.3971
12.925 1.69 6.59 4.4108
1.35 -0.24 5.33 1.5653
0 -1.12 6.78 3.5127
0 -0.24 13.15 2.6519
4.475 -0.94 14.74 3.6913
14.25 1.27 13.52 3.892
4.95 5.69 9.88 2.8905
1.875 3.69 10.91 1.7663
2.95 3.62 14.31 1.6731
2.575 3.29 12.23 2.8707
0.075 0.32 10.76 0.4838
0.975 1.13 13.17 3.6773
6.5 3.73 15.54 3.058
13.95 6.26 14.21 4.4523
35.625 4.36 11.75 5.0172
43.6 2.29 9.58 2.7463
15.65 -2.43 8.8 0.9744
0.875 -1.91 7.46 1.8908
0 -2.45 7.3 0.4323
0 -1.6 10 1.358
0 -1.5 11.42 2.6036
0 -4.39 8.51 0.6201
0 -3.61 10.27 0.8258
0 0.46 12.34 2.0526
0 0.33 13.88 2.1691
0 0.96 14.81 1.439
0 1.34 12.35 2.8343
0 2.95 15.14 3.3853
0 3.08 16.1 0.9663
0 3.06 16.83 1.0811
0 4.37 18.88 1.2363
0.35 5.3 19.27 0.864
12.625 4.94 18.97 1.7874
11.125 0.3 12.36 3.9288
0.325 -3.95 7.44 2.1506
0.875 -2.82 10.91 1.9969
0.525 -2.15 14.42 0.6719
0 2.8 16.08 1.7814
0 4.58 17.79 1.9662
0 4.53 19.69 1.4229
0 4.16 18.75 3.6574
0 -0.57 14.51 2.1907
0 0.04 14.86 0.4481
0 2.09 16.71 2.7831
0 2.62 18.63 2.6289
0 1.41 14.67 5.127
0 -2.29 13.15 1.9935
0 0.15 15.86 2.6826
0.775 0.76 20.67 2.0031
10.475 2.66 22.78 1.0758
13.05 3.11 18.2 3.1089
15.8 2.53 9.03 1.9127
10.65 3.51 8.72 2.2471
0.575 1.55 10.04 3.5348
0 2.3 13.01 1.3755
0 2.8 17.65 2.4301
0.05 3.45 18.02 5.0724
0 -3.02 13.52 5.7523
0 -1 9.37 2.8776
0 -0.07 16.67 1.6972
0 2.35 19.7 2.6015
0 6.04 23.32 2.6644
0 8.69 27.63 1.4761
0 10.21 28.65 1.1321
0 10.16 28.96 1.8818
0.225 8.24 28.1 2.5866
1.025 6.29 23.7 3.0761
0.75 0.28 13.83 3.1999
0 0.25 16.5 1.8466
0 1.99 17.33 2.2941
0 0.81 15.47 3.1277
0 -0.59 14.02 1.6476
2.3 2.41 15.95 1.7961
35.275 3.73 18.89 1.9623
27.775 8.27 16.32 2.6703
8 8.61 12.82 3.9703
5.9 8 14.81 2.0585
3.275 10.18 17.77 3.9767
0 7.69 21.53 2.0693
0 7.65 22.97 2.8508
0 7.36 22.25 1.8258
0 7.66 23.84 1.5251
0 8.86 24.07 1.1823
0 8.92 25.43 2.9646
0 6.91 23.89 3.3296
0 7.25 22.05 2.621
0 8.1 23.46 2.8937
0 9.08 23.89 2.0101
0 12.03 27.22 1.6489
0 14.89 32.29 0.3811
0 14.86 33.69 2.1921
0 14.19 32.12 2.507
0 10.32 26.56 1.3451
0 10.01 26.45 0.9286
0 11.18 26.83 2.36
0 10.64 26.67 2.9605
0 9.33 25.09 2.7027
0 8.32 24.27 2.0136
0 10.88 25.54 1.6029
0 13.12 28.55 0.927
0 13.85 30.78 1.9614
0 13.77 29.68 2.5669
0 13.88 29.36 3.0929
0 12.78 26.12 2.2592
0.05 12.21 26.3 2.1702
0.175 11.49 23.64 2.296
0.5 11.69 22.71 0.4507
0.7 9.22 22.29 2.1236
0.65 7.4 19.1 3.3879
1.075 5.62 17.84 2.2144
0.95 7.06 19.73 2.6271
0 8.89 22.29 2.5288
0 7.27 23.45 3.3621
0 7.91 22.09 3.0554
0 6.88 21.4 3.268
0 8 25.64 2.3991
0.025 10.33 18.24 3.5157
0.075 8.06 20.8 2.3684
0 8.2 21.09 2.4486
0 9.33 23.2 2.518
0 10.98 24.16 3.1127
0 10.87 26.8 2.0229
0 12.01 30.46 2.8524
0 9.41 28.46 3.2168
0 7.36 23.22 3.3217
0 8.64 24.52 1.6231
0 11.86 28.01 0.8862
0 12.04 31.38 1.6588
0 12.56 32.24 2.7807
0 13.19 31.11 1.6602
0 15.01 31.11 0.9979
0 14.59 36.7 0.7257
0 16.27 36.24 2.8296
0 16.44 35.92 2.7318
0 15.67 32.53 2.2619
0 15.61 32.88 1.8698
0 14.83 32.35 2.8755
0 14.4 31.92 2.6016
0 13.52 30.41 2.8335
0 11.66 28.98 2.5614
0 10.39 27.86 2.7227
0 8.64 28.38 2.6614
0 10.44 27.27 2.6301
0 11.09 27.74 2.0919
0 13.2 28.41 1.9362
0 14.46 29.68 2.3952
0 14.59 30.73 1.7513
0 13.3 33.38 1.0878
0 14.25 34.45 1.4272
0 14.74 35.95 1.8966
0 16.9 35.18 1.6969
0 18.85 36.17 1.9651
0 18.9 37.04 1.6721
0 19.06 36.63 2.4351
0 16.24 35 2.5842
0 15.63 33.45 2.4296
0 13.82 33.68 2.1259
0 15.74 32.58 2.2278
0 14.69 32.15 2.3775
0 13.21 33.62 2.0292
0 17.25 34.75 1.6889
0 17.73 35.13 2.021
0 17.54 33.18 2.8296
0 17.06 32.71 2.5605
0 13.86 32.27 2.7818
0 14.57 31.74 2.6254
0 13.23 31.41 3.2005
0 11.23 29.31 2.7368
0 11.8 29.32 2.4028
0 13.65 30.87 2.4812
0 10.37 27.39 3.158
0 8.15 24.52 1.8582
0 10.79 23.75 1.514
0 12.74 28.09 0.6386
0 15.17 30.73 1.217
0 16.22 32.99 3.0506
0 13.6 34.59 2.98
0 14.07 32.64 3.1759
0 13.04 29.82 3.0617
0 8.94 28.97 1.5474
0 11 28.58 0.6219
0 13.65 30.41 0.8616
0 14.77 32.24 0.9184
0 16.12 33.59 1.3087
0 16.26 33.4 2.3052
0 16.77 34.57 2.2886
0 15.07 35.24 2.1975
0.15 15.42 33.12 3.0059
0.025 13.31 27.77 1.6742
0 13.07 28.35 1.5511
0 13.02 30.02 0.5712
0 12.8 33.19 1.6412
0 14.46 32.99 1.5193
0 15.52 33.46 1.626
0 15.57 34.09 2.7145
0 15.84 31.87 1.8543
0 13.37 31.87 0.9956
0 13.93 33.34 0.3568
0 14.51 34.63 1.7238
0 13.76 33.59 2.2777
0 10.31 30.41 2.1729
0 9.95 27.61 2.179
0 9.19 26.19 1.7614
0 9.56 27.64 0.5706
0 10.45 28.82 1.0367
0 12.39 31.8 0.4751
0 13.26 33.66 1.0431
0.075 14.27 34.92 1.6904
0.9 10.9 28.99 2.3146
1.95 10.78 23.57 2.8168
0.375 9.05 21.22 1.5955
0 9.6 26.58 1.5624
0 11.52 29.24 0.7097
0 12.59 31.01 0.9462
0 13.69 33 2.0855
0 11.33 31.26 0.8452
0 11.97 30.96 2.2874
0 13.34 32.81 2.2585
0 13.01 33.2 1.402
0 12.38 32.89 0.8531
0 12.13 32.63 0.7717
0 13.07 34 1.136
0 13.27 34.86 0.4171
0 13 35.24 2.0419
0 11.62 31.43 2.5782
0 2.8 17.9 2.3882
0 4.08 24.84 2.4167
0.025 5.34 23.74 0.869
0.725 7.52 22.87 3.1383
1.025 3.43 18.52 3.3641
0 1.01 11.89 0.3427
0 1.09 15.62 2.8758
0 2.46 19.16 1.3813
0 4.94 19.74 1.2699
0 5.57 21.31 0.679
0 6.88 22.01 0.7093
0 6.64 21.72 1.9285
3.825 6.99 20.08 2.103
50.8 6.88 15.29 6.9159
36.45 8.98 13.63 4.5107
0.425 11.57 18.44 1.0668
0 10.53 22.34 2.1295
0 9.49 23.87 1.1123
0.2 10.44 25.47 1.7342
0.45 7.18 22.41 2.1686
0.05 4.35 20.03 1.4664
0 5.09 16.84 1.0404
0 4.83 19.8 0.7571
0 6.47 21.2 1.2253
0 8.04 22.21 1.2039
0 8.01 21.79 1.7315
0 7.08 21.43 1.069
0 6.26 23.02 4.7523
0 2.34 19.22 4.8634
0 0.33 11.9 0.8021
0 0.28 14.59 0.1645
0 2.07 20.14 0.8562
0 6.67 20.45 0.8754
0 7.73 22.04 1.2931
0 8.4 24.01 1.2124
0 8.06 24.5 1.892
0 6.48 22.63 2.5508
0.05 4.47 16.55 0.884
0.175 4.82 16.41 1.599
0 1.73 14.69 1.8776
0 2.71 15.31 1.1516
0 4.94 16.2 0.689
0.975 4.65 16.19 0.4442
2.1 4.13 15.3 1.9403
0.375 0.21 9.8 1.2317
0 0.36 10.34 1.0234
0 0.48 11.87 2.8192
0 -0.13 14.27 2.033
1.3 1.91 17.12 1.5254
0.825 2.71 16.74 1.8867
1.375 1 14.93 2.3654
6.75 2.02 14.47 3.9086
2.2 0.36 12.75 1.0755
0 1.28 9.12 0.6075
0 0.4 11.05 2.1648
0 2.01 14.94 3.542
0 3.62 15.79 3.9137
0.375 3.63 17.83 2.4941
3.4 3.71 17.9 1.1162
1.55 2.27 10.74 5.492
0 0.71 10.98 4.9589
0 1.52 14.59 3.9034
0 1.69 15.82 1.8097
0 0.94 14.6 2.2907
0 -1.54 13.13 2.094
0 -0.92 12.63 2.0074
0 -0.11 13.34 0.7119
17.825 -2.31 8.51 2.2139
15.725 -3.32 3.13 0.7032
1.025 -8.51 1.09 0.832
0.025 -7.52 0.88 1.8895
3.15 -6.11 4.07 3.1958
26.525 -3.15 7.08 2.8101
47.425 3.94 7.93 3.8371
25.2 3.29 8.15 4.0125
3.725 2.8 6.72 0.9284
0 1.15 8.27 3.3239
0.025 1.8 9.74 2.7478
0.05 2.06 9.7 2.1649
0 1.31 11.92 2.7127
0 1.89 10.99 4.069
2.2 2.6 12.32 2.8462
8.25 3.76 13.9 1.9417
5.475 -0.01 8.6 3.6341
1.125 -4.77 6.37 2.2796
0 -2.72 8.81 3.9875
0 -0.26 11.89 4.0365
2.85 0.24 11.91 4.115
2.725 1.04 9.96 2.1888
2.25 0.24 7.76 3.1403
4.425 0.67 7.39 0.9551
3.65 3.01 7.72 1.5095
1.575 1.66 7.71 2.8002
1.075 1.79 9.08 2.4673
0.125 1.57 10.38 1.0829
0 0.96 12.14 3.8497
0 0.82 13.98 2.8568
0 1.18 13.91 2.6774
0 2.19 12.55 3.0682
0.025 2.53 12.88 2.7065
1.35 3.52 13.95 3.0256
1 4.43 13.22 2.4075
0.4 4.13 11.47 2.5279
1.2 4.19 13.81 3.2219
15.575 5.27 16 4.768
13.275 4.36 12.12 2.141
1.425 -0.31 9.01 1.4876
0 0.48 11.48 3.3561
1.35 1.78 14.55 2.4296
14.375 2.34 14.1 2.9128
16.35 3.85 10.47 5.0197
20.9 5.11 8.05 5.8764
26.875 1.96 6.75 6.7365
23.675 0.42 8.1 3.8898
19.65 -1.38 4.81 3.4953
3.55 -1.55 3.43 1.2326
2.625 -2.4 7.26 2.511
8.1 -0.92 7.16 4.4249
3.6 3.24 8.66 2.8544
0 1.46 8.64 1.3766
0.425 -0.51 10.61 2.8679
1.625 0.75 11.38 3.2033
1.8 1.15 11.52 1.3961
0.2 -0.9 9.43 1.0362
0 -0.91 10.66 1.8114
0 0.59 10.91 2.1254
0.325 2.32 11.04 0.7459
5.15 1.84 12.64 3.1741
7.525 3.16 10.57 3.2451
13.8 4.62 9.14 1.661
6.55 3.03 7.6 2.2413
5.25 2.88 7.15 1.4781
2.475 1.85 7.11 1.8867
0.35 -0.59 6.72 0.4578
0 -0.29 8.61 1.3935
0 1.24 10.13 1.6171
0 0.43 12.87 1.2073
0 2.01 14.31 1.4449
0 2.42 15.49 1.0427
0 3.26 15.4 1.7642
0 3.63 15.89 2.4522
0 2.1 17.66 0.7913
5.3 2.77 15.59 1.0719
5.9 4.32 11.03 1.9755
3.175 2.54 7.96 2.6114
2.375 -2.75 7.79 2.3373
12 -1.81 9.88 3.9722
11.775 2.38 6.65 2.6746
1.675 -0.64 9.14 0.9119
31.3 0.79 12.32 4.8941
22.275 2.13 12.32 1.0564
0.575 1.78 8.33 0.3716
0.9 1.99 13.01 2.3069
6.45 4 13.98 2.7589
15.1 3.28 6.72 3.4071
5.9 -0.2 6 2.6848
0.025 -1.27 6.36 1.3563
0 -0.24 9.55 2.4973
0.05 0.91 12.21 0.8419
0.5 2.23 11.42 2.5514
2.75 -4.31 8.95 3.5157
1.925 -2.78 6.83 1.9856
2.15 -2.8 8.43 0.5552
12.2 -1.74 11.35 2.4289
6.525 -1.17 10.84 2.2737
0 -1.71 9.02 2.7648
0 -0.95 13.11 3.8403
0 1.57 19.14 1.3523
0 3.94 19.46 0.9985
0 4.37 19.74 3.0039
0 1.2 21.18 2.3752
0 3.93 21.08 1.9346
0 4.52 19.66 0.4022
0 2.78 18.23 1.5225
0 2.51 16.87 1.9622
0.625 3.08 17.57 2.0284
0.975 2.62 17.1 2.4153
0.375 -0.96 12.19 1.9255
0 0.33 13.95 2.7565
0 1.03 17.11 1.2424
3.025 3.61 18.07 2.9535
10 3.53 16.8 5.27
7.975 -0.56 8.82 2.737
0.625 -2.9 7.37 0.6104
6.225 -2.06 9.71 2.3288
4.65 -0.49 7.31 1.6909
18 -0.93 8.78 2.8601
16.825 -0.56 8.69 2.8911
0.125 -1.06 6.95 0.48
0 -1.16 11.99 2.3571
0 0.27 16.53 0.6678
0 2.98 17.19 1.9872
0.6 4.56 16.86 1.9789
19.325 4.61 10.54 4.2468
21.4 2.75 7.73 4.4093
5.175 0.62 8.49 1.1254
0.125 1.65 10.69 0.6675
0 2.06 12.06 0.8405
0 3.04 16.69 1.8714
0 3.35 16.26 1.226
0 3.99 19.2 1.2496
12.6 5.86 20.13 1.4176
23.2 3.92 17.65 2.5977
10.625 0.89 7.19 3.2541
1.825 2.31 5.93 1.9967
0.05 3.72 8.65 1.035
0 3.59 17.83 0.8971
0 7.67 19.45 1.2067
1.975 6.85 22.95 0.7814
12.05 7.69 22.49 4.5056
5.9 1.13 11.73 4.7429
3.775 -0.06 10.3 3.4865
0.2 -0.67 9.29 3.1889
0 1.89 15.43 1.8265
0 3.66 17.97 1.7591
0 6.24 22.06 1.1241
0 7.15 22.5 2.1136
0 5.17 20.45 3.6307
0 2.15 17.2 2.3686
0 3.25 17.74 0.8893
0 4.16 19.43 2.7079
1.175 4.15 17.4 3.5187
11.9 4.46 10.08 3.278
6.375 -0.95 7.83 3.6822
0 -0.13 12.9 2.0305
1.625 3.15 20.01 1.2232
2.4 5.47 22.33 0.8166
0 6.15 22.6 0.7146
0.375 8.99 23.97 1.2976
7.25 10.39 23.98 2.1198
4.15 7.82 14.92 1.7979
0.15 8.21 17.13 1.5255
0.325 8.71 19.76 3.3216
2.65 3.94 18.62 4.1721
4.025 0.52 12.07 3.4688
1.625 1.08 9.92 4.0738
1 3.28 14.4 2.2598
9.7 3.27 14.5 1.621
12.9 5.54 15.67 2.9589
16.575 4.69 13.81 2.2423
9.8 1.91 11.78 3.1949
0 2.62 13.94 1.6549
0 6.34 21.9 0.8576
0 9.95 24.77 2.4659
0 11.35 23.11 3.0313
0 9.85 22.19 2.1981
0 11.19 23.98 2.3083
0 12.41 23.9 2.5788
0 11.73 26.36 1.7649
0 12.44 28.61 2.6131
0 10.72 28.36 3.0603
0 10.17 26.31 2.4942
0 10.39 27.01 3.6358
0 5.39 21.54 4.5345
0 8.1 18.9 5.1282
0 9.59 24.03 3.8324
0 11.15 27.63 0.9984
0 11.84 27.53 1.8534
0 12.01 28.89 2.8333
0 7.23 26.34 3.243
0 7.43 22.79 1.3407
0 6.32 26.2 2.3703
0 8 23.59 3.2753
0 6.88 21.5 2.701
0 8.37 23.65 1.8725
0 8.91 26.44 0.9278
0 10.36 29.15 1.9316
1.1 10.77 29.14 2.2845
0.875 11.01 26.91 2.814
0 11.62 27.28 2.5215
0 13.89 30.75 1.1119
0 17.08 33.62 1.6577
0 15.93 34.65 3.1795
0 11.85 31.29 2.9671
0 10.75 29.75 2.7911
0 10.75 29.4 2.9329
0 11.55 26.83 2.3883
0 11.78 28.09 1.2448
0 13.57 30.37 1.8418
0 11.7 31.2 2.3325
0 11.81 29.57 2.3766
0 12.26 30.07 2.3821
0 15.26 31.18 2.1948
0 15.32 32.19 1.8956
0 16.04 33.01 2.3644
0 16.34 32.1 3.2041
0 15.54 29.61 3.2114
0 15.52 30.41 1.5906
0 15.94 32.61 1.3128
0 18.29 34.67 2.6882
0 18.05 35.35 2.7371
0 17.16 34.99 2.5576
0 15.42 34.73 1.9235
0 15.6 32.67 1.9356
0 14.86 30.64 2.5156
0 13.56 32.29 1.0199
0 14.88 30.81 2.3159
0 15.95 31.92 2.1376
0 16.94 33.19 2.7043
0 16 32.08 2.908
0 15.69 29.36 2.1183
0 13.27 28.19 2.5581
0 13.02 29.32 2.3156
0 13.1 30.43 2.5727
0 13.41 30.08 2.3996
0 12.99 29.64 1.9973
0 13.22 29.99 2.4346
0 12.83 30.77 1.6358
0 13.38 30.56 2.0283
0 13.14 30.54 2.1368
0 12.9 29.58 2.2547
0 12.81 29.3 2.5872
0 13.43 28.76 2.9735
0 13.06 27.38 2.164
0 12.47 27.71 2.1066
0 11.48 26.33 2.3472
0 11.74 27.03 1.0336
0 12.88 27.42 1.4329
0 13.67 28.82 2.343
0 13.48 28.97 2.9273
0 13.12 29.81 1.2352
0 14.68 31.52 1.644
0 14.37 31.08 1.7197
0 12.56 30.66 1.9865
0 13.38 30.66 2.2806
0.15 13.33 30.18 1.9962
0.075 9.72 27.96 1.7695
0 12.2 26.57 2.6149
0 13.24 32.21 2.0453
0 16.35 36.28 0.557
0 18.38 36.5 2.3393
0 14.4 32.7 2.366
0 10.05 29.55 2.9045
0 6.36 19.18 2.2233
0 7.46 20.16 2.4841
0 8.55 22.16 1.5284
0 11.47 25.29 1.0947
0 14.11 30.21 0.514
0 14.87 32.77 1.2991
0 14.46 33.42 1.2915
0 14.97 31.44 2.0504
0 13.06 29.51 1.5026
0 12.28 29.03 2.3248
0 9.32 26.93 2.8517
0 6.03 15.55 1.9162
0 6.67 19.97 0.8599
0 9.15 24.16 0.6373
0 11.65 28 1.1535
0 11.67 27.62 1.7962
0 10.15 26.07 1.5006
0 10.62 25.92 1.1426
0 10.06 26.23 1.7267
0 11.18 26.57 1.5618
0 11.16 24.96 1.4588
0 11.01 24.83 1.4063
0 9.18 22.97 1.2656
0 9.07 23.91 1.1579
0 7.78 21.63 2.7235
0 6.94 19.52 1.0862
0 9.36 25.71 0.7173
0 12.34 28.39 0.9839
0 15.54 31.86 0.686
0 14.68 32.24 1.3166
0 15.46 34.07 0.5967
0 16.57 34.99 0.5555
0 15.66 33.65 0.3064
0 15.52 30.83 0.589
3.1 15.57 29.64 1.1433
5.65 13.78 28.74 1.6406
7.875 10.3 20.51 1.4982
0.875 9.09 15.54 1.5721
0.3 6.49 14.93 0.7018
2.7 6.52 18.24 2.1971
0.05 5.86 15.71 0.6447
0 6.37 21.55 1.8728
0 9.84 22.37 1.7733
0 11.19 24.52 1.9007
0 12.05 25.69 2.3691
0 12.34 27.75 1.5577
0 12.9 28.59 0.6325
0 12.14 28.53 0.5981
0.175 11.73 27.32 1.1468
2.175 10.13 23.12 0.9657
1.075 7.5 18.06 1.2319
0 6.94 18.11 1.6612
0 8.29 22.48 0.9709
0.125 7.78 21.23 1.8346
3.4 7.5 18.29 1.4965
7.8 8.13 17.78 1.8552
62.1 9.32 13.48 5.1666
16.65 5.51 13.25 3.4515
0.025 2.14 13.06 1.4827
0 1.1 13.93 3.0151
0 4.31 16.26 3.5441
2.925 6.73 18.77 2.1356
3.8 6.94 18.48 1.8247
0.975 4.46 10.69 0.998
0 4.03 16.33 1.8069
0 5.09 18.81 3.0122
0 7.4 21.54 2.7686
0 8.71 24.72 1.758
0 10.37 24.85 1.2808
2.65 8.46 23.68 2.1383
19.5 6.61 19.68 3.4175
9.65 1.91 10.65 2.4503
2.375 -0.38 9.41 0.7577
1.425 1.48 11.27 1.6094
0.075 0.95 9.76 2.334
0 1.49 13.56 1.4532
0 3.16 14.53 3.0517
0 5.42 17.14 1.6975
0 6.59 18.55 2.7745
0 5.44 19.53 1.3737
0 4.57 17.76 2.0372
2.125 3.98 18 1.9789
21.95 4.56 16.34 2.3563
33.875 0.06 7.63 3.2075
30.65 -0.25 4.52 4.8798
16.55 0.35 3.88 3.3229
18.925 1.06 5.18 4.1911
6.325 -5.28 3.22 1.3448
0 -5.12 5.1 3.3506
10.675 -2.62 5.53 3.379
13.925 -0.98 7.37 2.8043
7.15 -3.26 4.28 2.2961
0 -5.73 4.85 2.5151
0 -3.91 5.89 3.0684
0.025 -0.89 7.82 2.2959
0.025 -1.11 12.19 2.6267
0.325 3.66 8.16 1.5108
3.125 4.59 12.01 2.3544
16.825 5.1 11.24 2.461
5.45 5.09 14.98 3.5181
1.425 1.89 11.35 2.2207
5.525 3.26 12.33 2.3054
5.6 4.69 11.1 1.2862
1.025 5.97 13.23 1.6717
0.025 4.47 12.23 0.469
0.025 3.49 13.06 2.2766
3.5 3.2 13.14 1.3512
16.4 3.86 10.95 2.108
8.125 0.07 8.74 1.3441
6.05 -1.95 8.7 2.6637
37.35 -1.27 8.73 3.4427
52.5 5.02 9 5.0348
80.825 5.3 9.99 5.7153
12.325 0.74 9.62 2.8439
6.9 1.71 4.29 2.8329
5.8 2.02 8.52 2.2266
1.675 2.96 7.67 0.5979
2.8 1.55 9.91 3.1405
17.85 1.71 11.88 5.4523
9.025 0.7 11.32 2.3344
2.075 0.89 6.91 0.9052
48.625 1.33 7.7 2.4273
37.625 2.25 6.98 4.5143
3.075 -5.87 4.66 2.2358
2.725 -6.85 2.22 1.5879
20.1 -4.71 4.38 4.3548
14.475 -0.25 4.79 4.6142
3.475 -0.41 4.85 2.4491
0 -2.09 5.55 3.0756
0 -1.84 6.78 3.7307
0.025 -1.33 7.45 4.9458
0 -1.34 7.1 3.5132
0.05 -1.09 8.11 1.7657
0.025 -1.5 5.03 1.3022
0 -4.29 4.45 3.1282
1.95 -0.92 6.49 3.4187
2.25 1.44 11.21 2.3112
1.35 1.57 11.57 1.6835
0.8 2.94 7.84 1.2096
0 -0.36 11.09 2.6427
0.025 3.85 11.31 0.6194
0 4.51 14.3 0.5824
0 3.8 13.37 2.4076
0 1.65 13.18 1.4661
0 1.71 13.84 4.1121
0 1.77 15.16 3.6625
0 2.57 15.11 3.0203
0 1.85 17.1 4.0253
0 1.85 15.19 1.8789
0.025 2.52 15.35 2.1245
0 2.29 16.01 4.9503
0.025 2.66 16.76 3.5409
0 2.01 16.28 1.8196
11.25 1.39 15.28 0.6475
8.875 0.96 12.21 1.7365
3.575 0.31 6.08 1.3749
0 -0.45 8.77 1.8263
0 -3.21 10.72 2.9995
0 -0.36 11.61 2.0162
0 0.34 11.96 2.5796
0 3.09 16.6 1.6213
0 4.57 17.15 1.9143
0 3.51 18.43 0.6434
0 0.53 16.63 2.4839
0 -1.73 11.09 3.4909
0 -0.82 10.67 3.6211
0 -0.37 11.99 3.7182
0 -0.73 16.55 2.7959
0.05 -0.47 18.35 1.2108
0.7 -0.67 16.79 3.9826
17.125 4.11 14.74 5.0049
19.6 1.62 10.03 5.8514
33.525 -0.42 3.25 4.8985
31.875 -0.35 3.65 2.5038
10.425 -1.24 5.36 3.1246
0.475 -4.36 4.14 0.5816
0 -2.89 5.72 1.2685
0 -3.8 5.96 0.4905
0.9 -2.83 8.15 0.7118
9.6 -1.58 7.51 2.5254
21.475 -1.57 6.38 5.1259
8.275 -6.15 4.31 0.9062
53.525 -6.49 2.63 0.5012
2.475 -4.09 6.48 2.3513
3.15 -4 9.15 1.8766
15.45 -1.72 11.24 3.9344
3.775 4.2 10.63 1.549
0.025 -0.35 11.21 1.4796
5.175 1.27 13.41 0.5028
24.825 3.24 14.6 1.7248
13.175 3.06 8.5 4.0563
0.175 0.57 8.34 0.848
1.275 1.95 13.41 1.5611
0.275 3.73 15.39 1.1944
0.125 2.72 13.93 1.0529
0.325 2.28 12.28 0.4365
5.325 2.78 13.07 1.4828
6.975 4.92 13.08 1.4636
23.6 5.18 14.17 1.7545
13.6 5.01 13.55 2.633
3.675 -1.29 8.85 0.9663
13.175 -1.02 10.35 3.8438
31.375 -0.16 7.63 4.795
40.425 1.55 4.96 5.3904
18.9 0.23 4.57 2.3253
3.875 -1.11 6.12 1.4336
10.725 -0.16 9.33 5.176
22.325 2.23 4.94 5.6261
20.125 -0.97 5.12 4.0752
25.475 -0.46 6.64 3.2004
5.325 2.56 6.85 1.6547
2.1 2.6 9.3 0.6536
0 2.34 12.71 1.1399
0 3.28 10.71 1.7726
0 4.74 16.38 2.4623
0 5.78 22.84 1.9666
0 5.99 22.71 0.9424
0 1.52 17.75 1.8867
0 2.25 17.07 1.8956
0 3.99 19.9 1.3356
1.975 2.99 19.36 1.5713
6 1.14 16.58 3.478
2.8 -2.61 6.64 1.6621
0.1 -3.47 8.03 1.2376
0 -2.88 12.01 0.3785
0 -0.61 14.02 1.5024
0.125 0.65 15.13 1.3127
0.625 0.84 14.2 2.6244
0.275 -1.57 10.62 0.4998
0 -1.19 15.23 0.7677
0 2.11 19.47 1.1791
0.5 3.18 20.86 2.0171
0.675 6.59 20 2.5862
0.675 7.95 17.29 1.3815
2.25 7.23 17.81 1.8774
2.775 7.31 16.26 1.9168
0.75 2.21 15.36 0.8396
1.175 3.07 15.25 0.8602
1.55 4.68 15.59 2.0807
1.1 4.01 15.4 2.3288
0.375 1.16 16.03 2.2878
0.075 1.24 17.36 0.8958
0 2.14 18.79 2.1558
0 2.37 17.53 4.3141
0 -0.23 16.26 3.381
0 1.8 18.16 1.7808
0 4.21 20.38 0.5257
0 5.77 22.01 0.9912
0 7.98 23.04 3.0015
0 9.29 25.87 0.9017
0 8.93 26.76 1.3606
0 8.15 24.45 1.8513
0.05 5.98 19.74 2.7163
1.725 2.09 11.15 2.9113
0.875 0.95 14.39 2.4215
0 4.29 18.92 1.6875
0 7.01 21.3 1.123
0.475 7.75 23.25 0.6688
13.75 8.22 22.48 2.8583
15.425 1.72 13.12 2.7924
5.225 0.66 8.04 1.4641
16.45 2.76 9.09 3.4532
5.55 3.61 7.8 2.0781
0.5 2.46 12.13 2.8676
0 3.02 19.83 1.5437
0 8.37 21.31 2.0907
0 6.35 20.92 3.1063
0 4.59 19.41 4.3888
0.4 4.81 18.77 2.3298
4.1 6.4 18.45 2.8208
1.025 2.59 16.03 2.1085
0.65 3.72 16.5 3.1704
1.95 4.84 16.35 3.9865
1.2 3.1 13.63 4.5479
0.05 4.26 15.65 2.8098
1.125 4.21 16.36 2.6266
0.875 4.51 16.66 2.6856
0.825 2.48 12.2 1.5916
0.925 3.11 14.56 0.8568
7.9 5.75 15.45 3.2515
18.675 9.35 12.85 1.0966
8.325 6.35 16.89 3.5339
0.175 5.36 15.02 2.001
0 7 19.43 2.8676
0 8.16 22.75 1.5476
0 10.18 24.84 2.5645
0 9.73 24.27 3.0987
0 8.44 21.96 2.7513
0 9.78 24.1 2.6936
0 11.95 28.29 2.0247
0 13.2 29.67 2.049
0 11.71 28.83 2.3542
0 11.36 25.57 1.3897
0 11.83 25.94 2.8668
0 11.47 27.12 2.2772
0 12.75 27.03 0.5985
0 14.66 30.96 0.705
0 16.52 33.16 2.5412
0 14.13 32.41 2.6123
0 11.98 29.09 2.4599
0 10.91 27.66 2.5819
0 11.38 27.2 2.3859
1.125 12.6 28.43 2.3695
14.175 12.3 27.6 2.541
7.625 8.82 22.33 2.4719
0.175 7.61 20.58 2.331
0 10.7 25.31 1.2673
0 12.53 30.14 1.0416
0 15.6 32.62 0.9685
0 16.23 33.55 1.5741
0 16.98 32.94 1.6636
0 17.96 32.73 2.4985
0 17.51 32.59 2.8551
0 15.77 31.53 2.0097
0 15.47 31.26 2.4179
0 13.17 30.36 2.2328
0 11.88 29.05 2.4844
0 11.65 26.32 2.6607
0 11.27 25.24 3.1932
0 10.63 23.18 2.7514
0 10.91 22.94 3.352
0 9.88 23.47 3.2681
0 9.36 24.56 2.105
0 10.04 26.22 1.3066
0 11.97 26.46 1.9736
0 12.78 28.19 1.4751
0 13.44 29.38 2.3087
0 12.51 30.95 2.7887
0 12.82 30.7 1.9131
0 12.89 30.57 2.0748
0 11.91 31.43 2.1857
0 10.76 30.42 1.8572
0 11.3 30.76 1.6598
0 12.16 31.51 1.4965
0 13.33 32.71 2.3461
0 12.86 32.22 3.2
0 15.03 32.1 2.1854
0 15.28 30.47 1.6106
0 15.23 31.13 1.8684
0 14.68 31.65 2.1201
0 13.37 31.03 3.1681
0 12.56 27.83 2.4152
0 13.62 28.76 3.1644
0 14.42 28.16 2.6134
0 11.39 30.03 1.9439
0 12.81 29.1 2.0632
0 13.13 30.29 2.185
0 13.49 30.42 2.6832
0 11.61 30.19 1.7947
0 13.82 29.79 1.4958
0 15.18 31.78 2.1492
0 13.74 31.33 1.4538
0 13.24 31.14 1.1399
0 12.13 31.31 1.8597
0 11.69 31.54 1.696
0 12.78 30.35 2.6622
0 12.33 28.24 2.1607
0 11.65 27.72 1.7487
0 11.71 27.77 1.3211
0 13.64 29.34 0.9354
0 14.67 31.27 2.0025
0 14.91 31.19 1.2643
0 15.55 31.82 0.8812
0 16.5 32.79 1.0617
0 16.32 33.01 1.4666
0 14.88 32.74 1.7877
0 14.04 31.46 1.8671
0 12.83 29.8 1.7704
0 12.84 29.56 0.7321
0 14.08 29.39 0.8856
0 14.39 30.88 0.7305
0 14.61 30.71 0.9071
0 16 31.25 1.9124
0 12.02 32.2 0.6112
0 14.29 31.5 0.9474
1 14.66 31.75 0.9653
0.575 13.23 32.23 1.6942
0.3 13.77 32.74 0.8892
0.8 14.07 27.6 1.7933
0.95 12.39 24.21 1.6795
1.325 11.55 27.82 0.8147
0.55 12.05 28.06 1.4873
0 13.31 27.11 2.5079
0 10.13 26.43 1.6978
0 9.99 24.04 1.7393
0 10.61 24.92 0.7058
0 11.1 29.38 0.3538
0 12.81 32.06 0.9988
0 13.85 30.97 0.7176
0 15.18 31.47 0.5775
0 13.51 34.03 0.6837
0 13.05 32.58 1.5599
0 12.65 29.87 2.3064
0 8.53 21.49 1.8697
0 8.99 25.49 0.6852
0 11.9 29.51 0.592
0 11 30.08 0.9586
0 14.02 30.22 1.3371
0 11.44 26.68 2.4531
0 10.54 22.74 1.9143
0.525 8.15 22.49 2.0417
11.425 6.17 20.19 2.2346
19.975 5.71 15.74 3.8119
6.05 4.35 9.33 0.8009
1.2 2.03 10.16 0.8899
0 3.32 15 1.315
0.95 5.18 18.4 1.2292
4.125 8.31 19.76 1.6619
2.025 10.86 16.35 1.8234
0 7.44 21.04 1.0119
0 7.94 25.09 0.6891
0 11.67 26.42 0.4916
0 9.88 26.44 1.0362
0 11.46 26.11 1.266
0 11.12 23.76 1.6906
0 11.34 25.33 1.5454
0 10.33 25.6 1.0066
0 9.92 22.38 0.6765
0 7.77 23.12 0.7411
0 8.82 22.8 2.449
0 9.41 24.25 1.7451
0 9.33 25.48 1.7785
0 8.03 22.74 1.42
0 5.25 18.13 3.0636
0 3.85 17.73 3.2116
0 5.21 18.12 1.8744
0 6.03 19.54 1.0748
0 6.92 21.31 2.1158
0 6.72 22.44 0.4376
0 4.6 21.82 3.7965
0.2 5.62 18.98 4.097
3.475 4.15 19.44 3.5368
2.925 0.54 16.28 1.7761
6.025 -2.67 8.57 0.7367
3 -1.78 7.22 1.5303
0.075 -2.66 8.34 0.9171
0 -1.62 8.41 2.0821
0 0.3 12.59 3.0326
0.325 0.29 14.42 3.0001
2.625 3 17.08 3.4597
1.3 5.76 15.21 0.6997
0 4.51 15.42 0.2786
0 6.05 14.43 0.7245
0 3.47 13.86 0.5849
0 3.28 15.49 0.9087
0.15 3.1 15.46 1.2293
1.725 3.36 14.94 3.4552
4.7 0.35 7.61 2.2561
1.85 0.99 7.59 3.9989
0.275 -1.12 9.72 1.9056
0 0.01 9.74 2.8084
0.025 0.38 10.91 4.0382
0.25 1.29 13.5 2.2612
0.125 2.19 10.45 0.7376
0 2.77 13.63 2.7708
0 4.07 16.76 2.2661
0.05 4.23 19.23 1.0039
0.05 4.39 15.35 1.6625
0 2.07 17.93 3.9115
0 -0.7 14.74 7.8931
0 -1.02 12.95 3.5527
0 -2.05 12.59 4.0903
0 -3 11.45 2.7872
0 -3.69 10.35 3.4611
0 -3.3 10.99 3.0142
0 -3.47 11.16 3.3471
0 -0.39 12.48 3.3961
0 -0.06 12.88 4.2899
0 0 14.95 3.0834
0 -2.75 12.87 0.7793
0 -2.07 10.08 1.5587
0 -1.89 11.94 1.4683
0.2 -2.17 9.51 0.9051
1.025 -3.11 9.47 0.733
0.45 -3.09 8.23 5.21
0 -0.24 13.78 4.5664
0 -0.94 14.28 2.6986
0 -0.73 11.58 4.5688
0 -0.94 12.03 4.273
0 -3.52 10.45 3.5052
0 -5.18 10.64 4.4903
0 -1.65 12.4 3.9427
0 -0.91 11.53 4.969
0 0.04 14.87 3.3969
0 0.01 15.23 1.3035
0 0.07 14.4 1.0414
0 1.04 15.06 1.0401
0 4.33 16 0.8687
0 3.25 14.75 1.5154
0 0.47 12.46 2.394
