1.1 -2.46 8.22 1.4927
8.7 -3.42 6.78 1.4421
4.65 -5.74 5.2 1.7202
0.75 -8.35 2.48 4.0547
3.025 -7.66 2.37 1.8847
1.5 -2.64 -0.02 0.4177
0 -2.66 5.27 1.4861
0 -0.5 8.35 0.7206
0 -2.75 9.64 4.2865
0 -2.74 9.68 3.3636
0 -1.83 12.06 2.4822
0 1.07 12.9 5.4418
0 1.29 13.99 3.9466
0 -2.45 14.62 3.6876
0 -1.68 15.71 3.8695
0 -1.75 16 4.8883
0 -0.9 14.41 4.272
0 -0.76 13.88 4.8271
0 -0.65 13.76 4.9509
0.075 -0.54 12.98 3.4862
12.625 0.22 13.74 2.7001
27.075 3.61 12.15 2.0958
52.85 4.14 7.02 1.6284
47.85 2.07 7.05 2.4746
13.675 -2.29 4.57 3.4451
3.05 -7.63 -1.25 0.8504
0.575 -8.51 1.27 1.3025
0 -7.05 3.65 1.3897
0 -3.43 7.57 4.2124
0 -2.92 12.19 4.4893
0 -1.06 13.73 3.0806
0 -1.33 13.04 3.1927
0 -2.07 10.45 3.9479
0 -2.41 14.26 3.7881
0 0.58 15.69 2.9903
4.925 1.19 14.65 2.5072
8.95 -0.62 6.3 2.8632
3.4 -2.16 4.83 2.8418
18.725 -2.53 6.94 1.238
11.325 -5.77 4.33 3.5029
4.1 -10.97 -0.02 0.4503
10.05 -9.67 1.29 2.7398
6.85 -5.37 2.15 1.3965
18.4 -6.31 2.21 3.1772
11.2 -5.07 -0.27 3.6756
3.4 -3.16 2.45 5.9781
23.625 -2.5 1.92 5.4426
21.175 -2.68 1.41 4.386
3.85 -5.03 -0.21 1.3958
0 -5.78 4.33 3.4712
0 -4.49 9.17 2.623
7.05 -4.03 10.3 3.7513
27.925 -4.56 9 3.7117
18.9 1.14 4.18 2.7054
4.725 -1.21 5.12 1.6456
1.9 -0.47 11.22 1.5599
0.85 -1.14 5.9 2.7348
0.075 -3.63 8.44 0.4315
0.025 -2.34 10.35 3.6883
17.525 0.99 11.61 2.8631
36.575 2.01 7.99 4.1864
53.325 0.56 7.66 4.9355
22.625 -2.76 3.49 2.8528
1.925 -6.96 3.04 0.8844
0.9 -5.42 4.04 1.8718
0 -7.09 3.08 0.3823
0 -7.74 7.36 1.355
0 -3.75 9.66 2.5853
0 -7.7 4.72 0.4935
0 -7.33 7.97 0.7646
0 -3.51 9.2 2.1353
0 -3.47 11.65 2.3409
0 -2.66 13.09 1.3916
0 -2.17 9.84 2.5567
0 -0.61 11.67 3.0428
0 -0.02 14.03 1.0304
0 0.51 14.75 1.0706
0 1.85 16.83 1.0152
0.275 0.59 17.31 0.717
22.65 1.51 16.65 1.852
16.45 -3.62 9.2 4.0679
1.8 -8.7 1.45 2.1595
0 -7.14 5.47 1.9676
0 -4.41 11.61 0.5557
0 -2.11 13.24 1.8322
0 0.42 16.02 2.0638
0 0.71 15.86 1.3846
0 0.56 16.94 3.436
0 -2.61 11.7 2.0552
0 -2.3 12.06 0.3327
0 -0.66 13.75 2.6608
0 0.25 16.62 2.5625
0 -1.94 13.01 5.1905
0 -5.09 8.36 1.9828
0 -4.1 12.09 2.7636
0 -1.4 16.44 2.1718
15.675 0.55 18.78 1.1689
15.6 -1.52 14.56 3.1304
11.85 -1.77 4.86 1.8118
5.575 -1.31 5.4 2.244
0.475 -2.59 5.93 3.6425
0 -1.4 10.04 1.4724
0 0.18 14.12 2.2445
0 0.79 14.32 4.8081
0 -6.73 7.94 5.9352
0 -5.09 5.23 3.0225
0 -2.48 13.05 1.6186
0 -0.09 17.15 2.802
0 2.73 20.2 2.7774
0 6.19 24.16 1.5082
0 8.03 25.9 1.1198
0 7.67 26.34 1.9909
0.15 5.48 25.12 2.7307
2.05 3.06 19.5 3.235
1.175 -3.77 8.05 3.3637
0 -1.81 12.21 1.8811
0 -0.26 14.36 2.3373
0 -2.09 13.17 3.1857
0 -2.74 10.98 1.6326
1.725 -0.54 13.35 1.8623
68.075 3.09 16.64 1.9267
45 4.01 13.62 2.5573
10.9 3.95 8.49 3.8272
6.2 2.95 11.53 1.9449
1.075 5.72 14.66 3.8368
0 3.91 17.69 2.1531
0 4.47 20.14 2.8392
0 5.18 20.2 1.7137
0 4.78 21.19 1.3324
0 5.66 21.35 1.0025
0 5.72 23.02 2.9784
0 4.12 21.74 3.303
0 4.15 19.56 2.5331
0 4.79 20.42 3.0558
0 5.94 21.23 1.8445
0 8.3 23.78 1.6316
0 11.43 28.77 0.3845
1.025 12.07 30.81 2.3216
0.6 10.58 29.89 2.6253
0 7.24 24.12 1.5108
0 6.65 23.09 0.9235
0 7.56 24.16 2.4206
0 7.6 24.05 2.9788
0 6.22 23.02 2.7223
0 5.14 21.98 1.9233
0 7.2 22.74 1.4231
0 8.85 24.93 0.8852
0.325 10.23 26.97 1.9478
0.175 10.24 26.2 2.5385
7.575 11.24 25.73 3.2013
4.55 9.38 23.64 2.2173
0 9.16 23.59 2.0556
0 8.35 20.91 2.2685
0.9 8.39 19.66 0.4309
8.4 5.75 19.11 2.128
7.35 2.96 16.74 3.5091
5.25 1.86 10.53 2.306
2.175 3.23 12.62 2.6787
0 4.81 17.98 2.5548
0 6.14 19.93 3.3933
0 5.72 18.95 3.0667
0 4.34 17.84 3.3085
1.15 5.13 19.52 2.3363
1.3 6.86 16.61 3.5628
0.35 4.51 17.62 2.4249
0 4.96 18.35 2.4472
0 5.83 18.8 2.4606
0 7.83 20.19 3.0448
0 8.3 22.97 1.8472
0 9.75 26.9 2.6994
0 6.57 25.91 3.1713
0 4.47 20.92 3.2288
0 5.38 19.54 1.387
0 7.57 23.04 0.7475
0 9.84 26.83 1.5445
0 10.81 28.96 2.758
0 9.74 27.15 1.6836
0 11.23 27.38 0.914
0 12.05 32.15 0.6396
0.225 13.71 33.1 2.9316
0.125 13.31 32.86 2.867
0 12.53 28.91 2.2657
0 13.04 30.3 1.7773
0 11.56 29.11 2.8781
0 10.9 29.16 2.5676
0 10.3 27.78 2.8164
0 9.28 26.79 2.5796
0 7.69 25.52 2.7835
0 7.12 25.02 2.5974
0 7.63 24.59 2.5807
0 7.91 24.91 1.9677
0 9.39 26.17 1.883
0 11.11 27.1 2.3279
0 10.95 27.31 1.5323
0 11.01 29.36 0.8492
0 11.71 30.03 1.5052
0 12.82 32.28 1.9594
0 13.93 32.16 1.77
0 15.11 33.11 2.0174
0 15.11 33.52 1.6926
0 15.37 34.34 2.4463
0 13.56 32.88 2.5678
0 12.68 31.02 2.3536
0 14.16 31.41 2.0982
0 13.3 30.58 2.176
0 12.29 29.99 2.2976
0 12.47 31.13 1.9857
0 13.85 32.18 1.7256
0 14.93 32.48 2.0366
0 14.58 31.49 2.8291
0 14.9 30.64 2.5432
0 13.92 30.77 2.6376
0 13.6 29.97 2.5161
0 12.6 29.64 3.1218
0 10.12 27.06 2.6924
0 10.52 26.85 2.3004
0 11.19 27.55 2.4693
0 8.18 25.52 3.1718
0 4.85 18.32 1.8951
0 7.1 19.81 1.3938
0 9.39 24.73 0.4082
0 11.46 27.72 1.1792
0 12.6 30.01 3.0142
0 12.06 31.17 2.8603
0 11.25 29.7 3.083
0 9.89 27.6 3.1008
0 7.27 25.93 1.4428
0 7.83 25.46 0.4568
0 9.96 27.29 0.7816
0 11.26 29.25 0.9339
0 12.74 31.26 1.3079
0 13.42 31.77 2.1755
0 13.87 31.34 2.2781
2.675 13.41 32.91 2.2629
2.975 11.09 28.58 3.1031
0.8 9.79 24.57 1.6489
0 9.55 25.56 1.5496
0 9.33 27.23 0.546
0 9.68 28.91 1.5408
0 11.21 28.81 1.3034
0 11.85 29.19 1.4351
0 11.78 30.96 2.8107
0 12.56 29.64 1.8916
0 11.83 28.9 0.9657
0 12.05 29.68 0.2789
0 12.82 30.61 1.5483
0 12.15 30.3 2.1998
0 9.49 28.35 2.1358
0 8.19 25.97 2.0653
0 7.89 23.56 1.553
0 7.99 24 0.4408
0 8.9 25.39 0.9534
0 10.68 27.91 0.3946
0 11.52 29.68 0.9886
0.225 12.97 31.84 1.6294
0.675 10.34 27.62 2.3155
0.675 7.69 21.7 2.8154
0.175 6.45 18.25 1.5235
0 7.34 23.64 1.3807
0 9.79 26.31 0.4549
0 10.6 27.6 1.046
0 11.36 30.13 2.1717
0 9.73 28.4 0.8807
0 10.86 27.32 2.3989
0 11.02 30.05 2.3516
0 10.81 30.35 1.4657
0 10.13 29.68 0.8284
0 10.27 29.16 0.8007
0 11.55 30.88 1.1754
0 11.15 31.91 0.4585
0 11.16 31.97 2.1024
0 10.6 27.35 2.5353
0 0.09 14.57 2.3319
0 0.85 18.13 2.4458
0 3.58 20.45 0.779
1.85 4.45 20.73 3.0969
1.45 -0.77 16.3 3.4257
0.2 -2.92 6.91 0.3104
0 -2.67 12.91 2.9736
0 0 16.03 1.5123
0 1.56 16.93 1.3056
0 2.49 18.95 0.7259
0 3.55 19.55 0.6304
0 1.72 19.68 1.9282
9.325 3.58 18.25 2.0216
72.025 2.87 12.37 6.7294
40.625 5.1 10.84 4.4652
0.975 6.78 13.75 0.9105
0 6.43 19.71 2.1274
0 5.48 20.79 1.0394
0 8.68 24.19 1.7815
1.925 5.91 19 2.2581
1.15 -0.09 12.39 1.8106
0 0.33 13.1 1.0397
0 2.28 16.63 0.6225
0 3.11 17.91 1.0791
0 4.95 19.4 1.1604
0 4.45 17.53 1.7684
0 4.28 18.5 1.1046
0 3.34 19.28 4.4741
0 -1.14 11.2 4.9123
0 -3.28 8.29 0.7739
0 -2.75 10.29 0.0867
0 0.06 16.07 0.8346
0 2.75 17.99 0.8314
0 4.79 19.25 1.2685
0 4.76 21.01 1.1658
0 4.61 21.52 1.7948
0 3.04 19.83 2.3915
0 0.49 14.23 0.7546
0 0.61 13.78 1.5473
0 -1.33 11.33 1.8595
0 -0.81 12.35 1.1676
0 0.82 12.93 0.689
5.075 2.51 13.4 0.3676
5.15 0.44 12.4 1.931
1.2 -3.66 4.99 1.2186
0 -3.52 6.83 1.0492
0 -3.13 8.03 2.8716
0 -2.05 10.85 2.1066
0.55 -0.58 13.47 1.5975
0.275 -0.55 13.85 1.6957
0.425 -2.52 9.63 2.375
7.725 -2.29 12.03 3.8756
4.125 -2.52 9.83 1.0687
0 -2.1 6.3 0.5731
0 -2.67 8.85 2.2793
0 -1.25 10.18 3.6919
0 -0.12 11.91 4.0468
0.6 -0.23 13.48 2.609
2.05 0.33 14.05 1.0729
0.95 -2.5 8.04 5.2355
0 -1.74 7.2 5.0151
0 -1.55 9.13 3.9408
0 -1.42 11.96 1.7732
0 -2.52 11.24 2.315
0 -4.03 12.8 2.1807
0 -3.02 9.37 2.0955
0.025 -3.4 10.3 0.8874
16.4 -5.77 5.52 2.3305
18.35 -6.04 0.87 0.8181
4.95 -12.88 -2.54 0.805
0 -11.89 -2.57 1.9206
9.225 -9.83 0.56 3.152
40.3 -3.98 3.66 2.78
69.975 0.21 4.4 3.731
37.45 -1.51 4.34 4.2586
4.575 -2.43 1.22 0.852
0 -3.65 3.06 3.1711
0 -1.54 6.17 2.5861
0 -0.81 7.26 2.213
0 -0.98 9.11 2.7612
0 -0.86 7.82 4.1009
0.95 -0.65 8.72 2.8574
16.65 -0.19 10.29 1.8751
10.925 -3.73 6.16 3.6285
0.1 -7.67 2.19 2.4832
0 -4.39 6.09 3.9732
0 -3.89 7.15 3.9481
7.6 -3.64 7.79 4.0896
5 -3.02 5.61 2.0703
2.925 -3.66 3.57 3.1465
10.05 -3.61 4.13 0.8533
5.1 -1.64 3.68 1.5278
0.025 -2.79 3.1 2.6464
0 -2.44 6.17 2.2262
0 -1.86 6.58 1.1428
0 -2.14 8.58 3.9114
0 -3.32 10.84 2.8617
0 -1.58 10.92 2.6005
0 -1.48 9.41 3.0359
0 -0.57 10.25 2.7474
0.475 0.47 10.98 3.0484
1.45 0.94 10.86 2.337
0.7 1.05 7.9 2.4717
1.525 1.05 8.96 3.1674
22.725 1.1 12.24 4.544
13.05 -0.32 7.25 2.072
0.15 -4.55 5.42 1.4557
0 -2.54 7.87 3.3581
0.95 -1.65 10.61 2.171
14.45 -1.51 10.05 2.7157
35.6 -0.76 6.3 4.8297
32.55 -0.61 3.22 5.6884
38.3 -2.65 1.3 6.604
35.8 -4.26 1.1 3.971
20.6 -4.67 0.05 3.7905
5.65 -5.73 -1.04 1.064
1.225 -7.11 2.46 2.3601
2.5 -4.99 2.27 4.1039
1 -1.29 3.62 2.9096
0 -3.08 5.93 1.3943
0 -4.71 7.77 2.8832
1.825 -2.75 7.03 3.2032
1.425 -2.31 8.13 1.4347
0.175 -5.5 6.18 1.0779
0 -7.19 6.66 1.7627
0 -3.11 7.54 2.0338
0 -2.13 7.83 0.6664
8.1 -1.98 8.65 2.9223
12.4 -0.61 6.73 3.3157
13.075 0.04 4.76 1.6784
4.8 -1.88 2.43 2.3722
1.35 -3.1 2.49 1.4695
1.975 -2.43 3.41 2.1393
0.65 -4.98 2.66 0.5043
0 -4.5 4.95 1.2237
0 -2.06 6.62 1.3485
0 -2.3 9.92 1.342
0 -1.03 11.76 1.5163
0 -1.43 13.1 0.9755
0 -0.06 12.54 1.7217
0 0.32 13.15 2.4724
0 -0.53 15.04 0.9755
1.225 -1.41 13.07 1.1716
4.675 0.07 8.13 2.137
12.7 -1.43 4.94 2.8202
6.125 -6.86 1.68 2.3529
28.15 -5.96 7.24 3.8409
21.775 -1.93 4.66 2.7572
3.05 -4.23 4.97 0.8059
26.05 -2.66 9.41 4.6611
16.6 -0.64 8.28 1.2539
0.875 -2.63 3.35 0.4489
0.625 -1.99 9.73 2.3721
11.35 0.3 11.52 2.6837
22.35 -0.89 3.77 3.337
9.175 -4.5 2.27 2.8902
0.1 -6.12 1.99 1.3437
0.025 -3.58 6.33 2.5531
0.35 -3.81 8.91 0.8535
3.525 -0.59 8.78 2.5002
5.075 -8.82 2.5 3.6697
1.775 -6.36 3.89 2.0111
0 -6.21 3 0.4987
25.175 -4.09 8.81 2.2929
14.675 -4.97 7.92 2.3646
0 -5.27 6.56 2.7248
0 -4.19 10.62 3.8531
0 -1.21 16.23 1.3777
0 0.87 16.92 0.8019
0 1.07 17.12 2.9488
0 -4.49 16.2 2.2381
0 0.66 18.45 1.9969
0 0.52 16.97 0.4912
0 -0.29 15.11 1.402
0 -1.19 14.28 2.1176
1.05 -0.99 15.25 2.1141
3.85 -0.93 15.3 2.4074
1.875 -4.58 8.11 2.1835
0 -2.76 11.15 2.8246
0 -1.96 14.54 1.2582
5.375 0.05 15.68 2.7339
20.3 0.29 15.34 5.4648
10.7 -3.82 4.3 2.8992
1.425 -6.71 4.07 0.7129
10.4 -5.06 5.8 2.3126
5.75 -3.48 3.98 1.8652
30.275 -3.9 4.69 2.7827
17.675 -4.5 3.6 3.1206
0 -5.68 3.7 0.6081
0 -4.01 9.01 2.312
0 -1.83 13.95 0.4258
0 -0.24 15.32 1.6335
0.8 0.63 14.92 1.9422
21.9 -0.48 8.94 4.038
21.35 -1.99 4.42 4.5317
4.85 -3.5 2.93 1.0913
0 -2.59 8.52 0.6469
0 -1.66 9.87 0.8143
0 -0.36 14.67 2.2331
0 -0.48 14.24 1.3109
0 0.02 16.6 1.1869
4.775 1.85 18.53 1.5748
22.975 2.7 15.98 2.6596
14.825 -3.35 5.3 3.0808
1.9 -1.86 1.26 1.79
0.05 -0.76 4.37 1.1839
0 0.35 15.01 0.7783
0 3.07 17.23 1.2669
0 3.73 20.44 0.7609
12.6 4.41 20.26 4.3681
13.95 -1.7 9.15 4.9363
4.05 -4.86 3.44 3.6962
0.075 -4.82 5.4 3.2487
0 -1.84 11.44 1.8134
0 -0.33 14.93 1.81
0 1.73 18.94 1.0345
0 3.33 20.23 2.0354
0 2.49 18.89 3.568
0 -0.27 14.51 2.255
0 -1.23 14.88 0.8022
0.075 0.9 17.14 2.7577
3.475 0.96 15.81 3.6255
21.875 -0.79 6.91 3.3053
11.55 -5.63 5.23 3.9566
0.025 -3.86 8.57 2.078
0.175 0.95 15.32 1.1263
0.1 2.54 18.29 0.7219
0 3.15 19.47 0.6041
1.375 6.07 21.34 1.3005
7.025 7.33 20.76 2.0745
3.7 2.79 11.97 1.93
0.425 3.99 14.28 1.5969
0.25 5.5 16.84 3.3513
0.6 0.77 17.1 4.2727
0.45 -3.14 10.23 3.5787
0.275 -2.68 6.6 4.0935
1.65 -0.64 10.65 2.3005
9.7 -0.95 10.24 1.5705
16.125 1.93 12.53 3.055
19.175 0.82 9.43 2.3793
7.2 -1.93 8.2 3.4154
0 -1.03 10.49 1.6755
0 2.25 18.12 0.6323
0 6.19 21.68 2.5121
0 8.46 20.69 2.9891
0 6.17 19.32 2.4259
0 7.36 20.91 2.5558
0 8.82 21.83 2.6762
0 9.37 22.52 1.9308
0 10.42 26.31 2.8393
0 9.13 26.45 3.062
0 8.45 24.18 2.4419
0 7.64 24.03 3.7913
0 3.02 20.05 4.5672
0 3.79 16.36 5.1269
0 7.42 19.35 3.8925
0 7.49 23.09 1.014
0 8.42 24.35 1.7761
0 8.76 26.3 2.8815
0 5.14 24.16 3.132
0 4.12 19.72 1.1227
0 4.93 22.96 2.3342
0 4.85 21.36 3.2557
0 3.78 18.81 2.5958
0 5.13 20.94 1.6852
0 6.44 21.76 0.9253
0 8.54 25.15 1.7973
0.55 9.2 26.21 2.2095
0.275 10.49 23.32 2.7396
0 8.97 23.35 2.4414
0 11.1 26.21 0.9609
0 13.14 29.91 1.5568
0 12.8 32.1 3.177
0 10.25 28.35 2.9547
0 7.88 26.38 2.6964
0 7.68 25.35 2.8244
0 9.11 24.14 2.1565
0 8.22 24.41 1.0852
0 9.76 26.95 1.8561
0 10.45 28.82 2.3587
0 10.96 27.13 2.3467
0 10.83 27.16 2.2873
0 12.47 28.37 2.1294
0 12.14 28.95 1.85
0 12.82 30.36 2.381
0 13.72 29.71 3.243
0 13.47 28.36 3.3198
0 11.94 26.75 1.6953
0 12.59 28.43 1.2916
0 14.85 31.25 2.6606
0 14.72 32.41 2.7768
0 14 32.2 2.5913
0 12.35 32.55 1.9732
0 12.44 30.97 1.9839
0 12.01 29.12 2.5772
0 11.21 28.23 0.9999
0 11.86 28.29 2.2684
0 12.56 29.4 2.0932
0 13.87 31 2.607
0 13.69 30.18 2.8239
0 12.51 27.52 2.0166
0 10.21 26.31 2.4763
0 10.84 27.61 2.1606
0 10.31 28.02 2.4567
0 10.56 27.74 2.407
0 9.76 27.28 2.0421
0 9.99 27.37 2.4448
0 9.41 28.05 1.5796
0 10 28.33 1.984
0 10.35 28.18 2.0677
0 9.65 27.28 2.1742
0 9.89 27.15 2.5618
0.225 10.25 26.49 2.9653
0.125 9.61 24.72 2.1345
0 9.18 25.15 2.0415
0 9.09 25.25 2.3491
0 8.31 23.35 1.0304
0 9.15 25.13 1.3549
0 10.56 26.49 2.2996
0 10.57 26.73 2.8435
0 10.39 27.28 1.1306
0 11.12 29.4 1.6361
0 11.23 29.75 1.7594
0 9.2 28.33 1.9384
0 9.9 28.25 2.2602
0 10.41 29.02 1.9903
0 7.86 25.43 1.709
0 8.48 24.41 2.5756
0 9.3 29.38 2.1329
0 13.89 33.41 0.6194
0 15.41 34.93 2.3919
0 11.97 31.38 2.4212
0 7.56 27.49 2.9296
0 5.18 15.76 2.2137
0 4.51 16.81 2.4445
0 5.24 19.3 1.3251
0 7.41 22.88 0.8085
0 10.23 27.41 0.5127
0 11.05 30.17 1.2541
0 10.96 30.55 1.2917
0 11.24 29.9 1.9516
0 9.43 27.42 1.3967
0 9.39 27.43 2.4459
0.05 7.26 25.94 2.9205
0.025 2.83 11.56 1.9803
0 2.73 17.71 0.7294
0 4.52 21.59 0.6981
0 7.75 25.3 1.0906
0 8.12 25.84 1.7676
0 7.11 23.57 1.4677
0 7.1 23.62 0.9433
0 7.26 23.98 1.6222
0 7.53 24.7 1.6008
0 7.7 23.67 1.5406
0 7.46 23.37 1.4645
0 5.49 20.16 1.1775
0 5.36 21.82 1.0339
0 5.14 19.8 2.7319
0 4.29 17.16 0.997
0 4.92 21.93 0.5666
0 8.6 25.68 0.9285
0 12.17 29.9 0.4493
0 10.56 29.97 1.1963
0 12.41 31.25 0.551
0 12.84 32.42 0.5554
0 12.22 31.58 0.3038
0 12.07 28.57 0.4812
6.275 11.73 26.01 1.3211
29.075 10.22 25.96 1.7133
18.2 7.33 16.88 1.4373
1.525 5.87 10.88 1.2154
1.95 2.79 11.5 0.7596
3.175 2.77 13.42 2.2158
0.35 1.95 12.01 0.7408
0 3.77 16.94 1.8497
0 5.81 18.56 1.668
0 7.37 21.68 1.5892
0 8.39 22.69 2.3931
0 8.68 24.9 1.6109
0 8.82 24.7 0.7205
0 8.31 24.63 0.6646
0 8.22 24.48 1.2143
3.65 8.51 20.24 0.9457
2 4.06 15.56 1.1454
0 4.8 14.8 1.7334
0 4.68 20.47 0.9998
0 5.83 18.69 1.9138
4.7 3.76 15.79 1.6252
28.5 4.97 14.87 1.7057
75.1 5.78 8.85 4.9748
37.5 1.07 9.23 3.594
0.175 -0.33 10.3 1.515
0 -2.46 11.12 3.0246
0 -2.1 11.7 3.4158
3.7 3.46 15.72 2.0902
3.95 2.65 16.12 1.8734
0.85 0.53 6.97 0.8623
0 1.16 13.53 1.8244
0 2.04 15.78 3.1315
0 4.71 18.92 2.9232
0 6.65 21.28 1.9241
0 6.81 21.47 1.1801
1.35 5.42 20.09 2.2036
24.025 3.62 16.46 3.279
14.125 -1.83 6.44 2.581
3.225 -3.84 5.91 0.7267
2.2 -2.05 7.54 1.6188
0.05 -3.34 5.71 2.42
0 -0.98 9.7 1.4854
0 -1.66 11.15 3.0827
0 1.32 12.87 1.6006
0 2.53 15.08 2.6051
0 1.82 15.54 1.1507
0 1.11 14.18 2.161
0 0.29 14.88 2.1068
24.175 0.8 13.84 2.6822
36.6 -3.46 6.08 3.2621
30.725 -4.73 0.64 5.1495
18.75 -4.27 0.46 3.3133
20.2 -3.3 1.51 4.2848
8.575 -8.75 -0.91 1.2091
0 -9.32 0.71 3.4209
4.15 -8.44 0.41 3.3511
15.975 -5.26 4.73 2.8597
11.4 -8.53 0.5 2.5045
0 -10.62 0 2.4185
0 -7.76 1.19 3.0547
0 -3.99 4.72 2.2661
0.025 -1.88 9.06 2.5799
0.125 0.49 5.92 1.5547
2.525 0.82 8.08 2.094
25.9 0.78 6.32 2.2501
12.425 0.28 9.66 3.3564
0 -1.71 6.95 2.2772
8.55 -0.26 9.86 2.0581
10.075 1.04 7.88 1.1147
2.35 2.11 7.21 1.5018
0.125 0.32 8.95 0.4454
0 0.08 10.71 2.2558
0 0.52 10.01 1.3664
29.825 0.49 9.39 1.981
18.575 -2.34 5.35 1.5106
5.6 -4.78 3.92 2.6352
73.875 -4.91 3.9 3.4569
105.15 -0.41 4.18 5.134
90.625 0.79 5.68 5.9104
33.1 -2.28 7.24 2.5071
12.025 -2.57 -0.84 2.5248
7.5 -2.02 2.76 2.2844
3.575 -1.84 2.93 0.509
1.025 -2.89 5.07 2.9798
24 -2.69 7.73 5.3368
13.575 -3.47 7.05 2.159
0 -4.09 1.91 0.9578
72.8 -3.66 4.05 2.3793
49.175 -1.65 3.3 4.5141
3.5 -10.71 1.29 2.3747
4.375 -11.5 -2.04 1.5266
26.8 -10.75 -0.82 4.1649
22.25 -5.49 0.64 4.6817
7.125 -4.45 0.64 2.5238
0 -6.62 1.43 3.1776
0 -6.05 3.33 3.8204
0 -4.03 5.11 5.2064
0 -3.82 5.84 3.7428
0 -4.65 5.96 1.9476
0 -4.74 4.25 1.1953
0 -7.36 1.78 3.2319
5.15 -6.12 3.54 3.3328
3.675 -1.71 5.83 2.0258
1.075 -1.64 8.16 1.6733
0.6 -1.39 5.69 1.2771
0 -1.57 10.78 2.5928
0 0.11 10.22 0.7543
0 0.8 10.88 0.6372
0 0.62 11.18 2.3489
0 -1.53 10.58 1.3642
0 -1.86 10.56 4.2144
0 -1.73 11.49 3.7545
0 -1.21 12.05 2.9431
0 -1.12 13.54 3.9522
0 -1.12 12.57 2.0122
0 -0.54 12.33 2.2207
0 -0.61 12.75 4.9644
0 -0.56 13.83 3.411
0 -0.74 13.82 1.8334
10.85 -1.9 12.79 0.6096
10.85 -2.76 9.89 1.7923
2.875 -4.14 2.47 1.4542
0 -4.51 5.13 1.92
0 -4.83 7.26 2.9974
0 -4.84 8 2.0674
0 -3.99 8.58 2.7037
0 -0.12 12.91 1.6518
0 -1.62 13.08 1.923
0 0.5 15.17 0.5708
0 -3.03 13.92 2.2871
0 -5.55 7.91 3.5919
0 -5.82 7.53 3.7179
0 -4.97 8.98 3.7946
0 -2.88 12.64 2.7194
0 -2.46 15.01 1.2467
0.375 -2.39 14.87 3.6866
18.25 -0.81 8.57 4.5826
20.675 -2.24 8.44 5.9616
33.425 -4.9 -0.59 4.7172
49.95 -4.77 -1.1 2.8298
20.725 -4.94 1.66 3.5625
1.2 -8.89 0.77 0.7114
0 -8.53 2.2 1.2332
0 -8.89 2.06 0.4291
0 -7.65 5.49 0.538
11.175 -5.7 4.93 2.4567
20.75 -4.1 2.56 5.4937
8.875 -9.79 -0.58 0.8627
18.375 -10.8 -2.04 0.4945
0.85 -10.13 3.17 2.2516
8 -8.28 6.57 1.7606
19.575 -4.33 8.39 3.717
8.6 -0.3 6.84 1.511
0.35 -4.46 6.73 1.465
7.775 -3.09 10.01 0.5262
32.65 -1.6 11.46 1.7048
18.9 -0.77 4.08 4.209
0.325 -3.89 4.17 0.6678
0.025 -1.95 10.12 1.5184
0.025 -0.26 13.19 1.0896
0 -1 11.93 1.0873
0.1 -1.34 9.35 0.5212
5.6 -1.05 10.74 1.1591
5.375 0.66 8.84 1.2354
33.725 1.22 11.63 1.4255
22.075 2.05 12.68 2.6409
2.5 -4.59 5.27 0.9898
24.525 -4.87 7.89 3.5856
43.475 -4.44 4.04 4.8279
60.075 -3.41 0.9 5.6792
33.975 -4.3 -0.1 2.4594
9.55 -4.86 2.13 1.2269
17.5 -3.24 5.84 4.9358
36.15 -2.9 1.47 5.5495
25.275 -5.95 -0.16 4.062
21.1 -5.22 2.99 3.0982
9.675 -1.86 1.17 1.5879
1.05 -1.75 5.12 0.6268
0 -2.08 9.62 1.1729
0 -0.55 10.84 1.8828
0 1.75 14.27 2.3757
0 2.61 20.37 1.842
0 3.06 21.65 0.8805
0 -0.49 15.17 1.6049
0 -0.62 14.07 1.9231
0 0 17.77 1.2752
2.25 0.4 16.97 1.4813
10.55 -2.54 15.55 3.4754
6.525 -7.74 1.36 1.5238
0.75 -7.83 1.22 1.2987
0 -7.11 6.59 0.442
0 -4.51 10.93 1.5211
0 -2.1 12.04 1.314
1.075 -1.8 12.74 2.7078
0.675 -4.82 4.66 0.5341
0 -4.63 11.89 0.7531
0 0.01 15.94 1.2785
0 1.38 18.67 2.1307
0.15 3.74 18.55 2.6963
0.225 4.4 15.76 1.5292
0.8 2.36 14.78 1.9431
6.475 3.29 11.44 2.0789
1.975 -0.77 12.01 0.8687
1.425 -0.55 11.51 1.0413
1.375 1.41 9.96 2.2295
0.85 0.36 9.61 2.3415
0.125 -2.52 11.78 2.4244
0 -0.82 13.9 0.8327
0 0.44 16.42 2.2627
0 -1.4 15.14 4.3847
0 -2.73 13.26 3.4534
0 -1.39 14.8 1.8786
0 0.86 17.63 0.5163
0 2.47 19.38 0.8578
0 4.77 20.56 3.0198
0 6.82 23.46 0.8279
0 6.27 24.59 1.4146
0 5.32 22.91 1.9576
0.05 3.46 18.4 2.8492
2.45 -0.93 8.88 3.0429
1.375 -2.18 7.21 2.5211
0 0.94 15.03 1.7133
0 3.57 18.37 1.1034
0 4.09 20.53 0.5922
20.425 4.91 21.67 2.909
22.65 -2.74 11.54 2.8259
11.925 -3.48 4.04 1.2408
40.8 -2.16 6.67 3.4927
20.75 -1.14 3.24 2.1995
1.125 -1.85 7.95 3.0805
0.025 -1.41 14.64 1.6158
0 2.85 18.35 2.0235
0 2.81 18.23 2.9966
0 1.52 16.86 4.3822
0 0.93 14.32 2.3634
1.475 2.59 16.73 2.8224
0.85 0.21 13.91 2.3448
0 0.99 14.23 3.2706
5 0.85 14.2 4.1287
4.1 -1.2 10.79 4.663
0.675 -0.94 10.15 2.8679
1.65 1.52 13.49 2.6683
2 2.54 13.8 2.8481
0.975 -1.57 8.85 1.6497
0.225 -0.38 11.84 0.7401
7.65 0.96 12.91 3.0469
19.7 5.63 8.06 1.2175
9.775 1.68 13.89 3.544
0.35 1.4 9.88 1.95
0 3.09 15.65 2.9445
0 5.26 19.61 1.5522
0 6.37 22.13 2.4189
0 6.25 22 3.0578
0 5.05 19.2 2.7013
0 5.74 20.68 2.712
0 7.69 23.63 1.8306
0 9.24 26.43 1.8974
0 9.06 25.37 2.3558
0 6.18 22.88 1.2768
0 8.18 23.18 2.8821
0 7.5 24.16 2.1353
0 8.63 24.22 0.4284
0 10.35 27.04 0.5981
0 12.32 30.21 2.5228
0 11.34 29.7 2.715
0 9.47 27.31 2.5313
0 7.52 25.25 2.6237
0 7.73 24.11 2.3183
0.375 9.14 25.25 2.2772
32.425 9.27 25.59 2.5513
18.35 6.07 21.33 2.4446
1.225 3.85 14.65 2.2783
0 7.58 20.73 1.0414
0 8.93 26.21 0.8429
0 11.66 29.03 0.7143
0 12.37 29.56 1.5532
0 12.71 29.3 1.7647
0 13.84 29.06 2.5212
0 14.03 29.3 2.8908
0 12.47 27.71 2.1274
0 11.96 28.16 2.461
0 9.98 27.57 2.1846
0 8.78 26.6 2.4187
0 8.58 23.94 2.5659
0 8.05 23.26 3.1845
0 7.73 20.66 2.7181
0 8.04 20.37 3.2913
0 6.61 20.46 3.2405
0 7.22 21.53 2.0626
0 7.6 23.2 1.3246
0 8.65 24.38 1.9279
0 8.87 25.04 1.3144
0 9.62 25.84 2.2794
0 10.04 27.28 2.792
0 10.56 27.25 1.8832
0 11.59 27.69 2.0341
0 10.04 28.83 2.182
0 9.44 27.64 1.8042
0 9.49 27.13 1.6674
0 10.74 26.83 1.4734
0 11.51 29.95 2.3251
0 12.67 30.05 3.1338
0 14.28 29.79 2.1797
0 13.15 26.92 1.5793
0 12 28.24 1.8881
0 11.51 29.26 2.0998
0 10.35 29.04 3.1322
0 9.12 25.15 2.3609
0 10.01 25.68 3.1299
0 10.72 25.82 2.5306
0 10.06 27.13 1.8581
0 9.7 27.1 1.9725
0 9.43 27.36 2.1836
0 10.32 27.38 2.6818
0 9.84 27.75 1.6809
0 10.38 27.62 1.4083
0 11.77 29.13 2.0886
0 9.37 27.6 1.4554
0 9.04 26.91 1.0681
0 8.96 27.52 1.7332
0 9.93 28.21 1.5736
0 10.14 28.39 2.6115
0 9.4 26.17 2.0955
0 8.78 25.73 1.6169
0 8.38 25.25 1.2018
0 10.07 26.49 0.9038
0 10.54 28.61 2.0297
0 11.92 28.95 1.2655
0 12.04 28.68 0.8618
0 12.22 30.13 1.0529
0 12.83 30.26 1.4538
0 11.76 30.71 1.6863
0 10.29 29.5 1.8779
0 8.55 27.71 1.7622
0 9.43 26.3 0.7216
0 10.21 26.49 0.8836
0 10.81 28.38 0.7956
0 11.45 28.18 0.8963
0 12.62 29.31 1.8784
0 10.55 28.61 0.5751
0 11.23 28.66 0.9211
0 11.6 29.43 0.8928
0.25 11.86 28.48 1.6806
0.725 9.65 28.44 0.9918
3.175 10.59 26.96 1.729
2.575 8.05 19.83 1.5683
3.625 8.66 23.53 0.6899
1.625 8.34 24.58 1.3435
0 9.27 23.73 2.5101
0 8.4 23.67 1.7451
0 6.59 21 1.6656
0 5.64 20.77 0.4933
0 7.98 25.54 0.2444
0 9.89 28.32 0.9292
0 10.63 27.86 0.5619
0.725 11.45 28.42 0.3967
0 11.33 29.92 0.6066
0 12.01 30.12 1.5982
1.275 9.49 26.3 2.321
0 6.63 18.23 1.8303
0 7.77 22.37 0.4688
0 10.12 26.23 0.5922
0 9.69 26.17 1.0473
0 10.43 26.93 1.4083
0 8.13 24.71 2.4093
0 8.16 21.01 1.9305
0 6.97 20.82 2.0553
29.55 3.23 16.71 2.2947
26.475 2.35 12.54 3.8482
6.525 -0.5 6.32 0.8526
1.625 -1.93 5.81 0.8677
0 -1.66 10.97 1.3684
0 0.72 14.91 1.1953
3.8 3.73 17.13 1.6292
2.7 6.24 12.59 1.7635
0 5.45 18.22 0.9488
0 5.71 21.8 0.6125
0 8.22 23.46 0.4068
0 7.1 23.27 1.0606
0 7.59 23.31 1.3973
0 7.68 20.88 1.7401
0 7.79 22.11 1.6665
0 6.84 22.98 0.86
0 6.32 19.93 0.585
0 5.34 20.56 0.5795
0 5.01 19.32 2.4045
0 5.89 21.34 1.8519
0 5.81 22.66 2.0018
0 4.86 19.66 1.3767
0 1.61 15.07 3.2725
0 0.02 14.11 3.3674
0 1.43 14.68 2.0036
0 2.71 16.56 1.0032
0 3.57 17.91 2.1346
0 3.64 19.33 0.2128
0 2.55 18.74 3.585
0 2.28 16.13 4.1471
6.175 0.23 16.62 3.7487
5.375 -3.56 14.2 1.8146
7.75 -6.19 2.72 0.6204
4.35 -5.46 3.17 1.5627
0.05 -5.74 3.02 0.946
0 -5.82 4.09 2.1925
0 -3.42 7.78 3.13
0.15 -2.31 10.75 2.9457
2.425 -0.68 12.68 3.3987
2.225 1.74 10.01 0.8368
0 0.75 9.73 0.2316
0 2.35 10.87 0.6353
0 -0.58 10.62 0.5366
0 -0.37 11.66 0.9271
0.1 -0.66 12.19 1.136
0.375 0.06 11.51 3.4266
3.425 -3.1 4.87 2.2555
3.975 -3.01 3.81 4.0112
1.525 -4.96 4.13 1.7825
0 -3.93 6.24 2.5613
0 -2.59 7.15 3.7694
0.2 -2.74 10.9 2.3133
0.1 -1.82 7.5 0.7506
0 -0.75 10.13 2.8655
0 1.01 14.02 2.3075
0 1.55 15.47 1.0812
0 2.15 12.99 1.755
0 -1.96 14.96 3.687
0 -3.19 11.02 8.298
0 -2.12 8.38 3.6417
0 -3.84 10.29 4.2335
0 -5.42 7.74 2.8551
0 -5.57 6.28 3.4948
0 -6.01 6.61 3.0653
0 -5.18 6.78 3.5359
0 -3.88 8.86 3.6171
0 -3.35 8.92 4.354
0 -3.25 10.94 3.1891
0 -4.52 9.63 0.9611
0 -5.52 7.15 1.6404
0 -6.18 5.64 1.4926
0 -6.2 5.53 0.9919
0.625 -5.65 5.71 0.8119
0.3 -4.73 4.87 5.446
0 -2.24 9.63 4.651
0 -4.54 10.48 2.7882
0 -4.69 8.1 4.7204
0 -5.12 7.08 4.4532
0 -5.29 7.72 3.5998
0 -5.62 7.67 4.5066
0 -5.28 7.87 3.9819
0 -4.63 9.1 5.0174
0 -3.69 10.98 3.4239
0 -2.61 11.39 1.3548
0 -2.71 11.26 1.0634
0 -1.58 11.01 1.1186
0 0.95 13.69 0.9025
0 -0.11 11.45 1.3888
0 -2.76 10.1 2.4024
