0.7 -8.31 4.15 1.5982
5.025 -4.87 3.21 1.3591
2.75 -7.56 2.83 1.6286
2.425 -10.77 -0.14 4.1764
2.85 -10.4 -1.07 1.7595
0.825 -5.73 -2.26 0.5107
0 -5.22 2.61 1.4481
0 -3.16 4.49 0.7257
0 -5.71 8.28 4.4776
0 -5.36 8.8 3.3676
0 -3.99 7.22 2.3628
0 0.27 10.59 5.4832
0 0.08 11.69 3.8845
0 -3.07 11.25 3.4322
0 -1.56 11.94 3.9238
0 -1.53 13.59 4.9314
0 -3.17 10.99 4.2629
0 -3.2 10.31 4.7756
0 -2.26 10.04 4.8762
0.25 -1.82 9.57 3.4234
18.9 -1.43 9.8 2.7364
31.975 0.92 9.98 2.1463
61.475 -1.41 7.14 1.6382
51.2 -0.34 4.37 2.5427
14.075 -4.35 1.76 3.5347
1.975 -9.43 -3.63 0.7857
0.2 -9.97 -1.67 1.3042
0 -8.6 1.17 1.5201
0 -5.36 3.55 4.2497
0 -3.77 9.63 4.5137
0 -1.6 10.28 3.1027
0 -2.23 10.06 3.1624
0 -3.93 8.78 3.8798
0 -4.05 11.14 3.7796
0 -0.55 12.67 2.9901
5.5 -0.12 11.77 2.5486
6 -3.2 3.07 2.8952
1.6 -4.61 1.35 2.8171
18.3 -4.39 4.35 1.339
10.975 -8.78 1.86 3.674
1.75 -12.64 -3.07 0.4671
9.375 -10.67 -1.97 2.5267
4.975 -6.74 -1.78 1.4129
11.575 -7.15 -0.77 3.0509
6.675 -7.15 -1.92 3.3719
2.75 -5.66 -0.6 5.6996
25.025 -5.27 -1.51 5.5286
19.7 -5.06 -2.15 4.3621
3.4 -7.33 -3.09 1.2182
0 -7.43 0.61 3.4299
0 -6.98 4.37 2.6073
5.55 -6.57 6.18 3.8069
21.9 -5.15 5.09 3.5737
15.45 -2.32 0.4 2.5785
3.55 -4.67 1.63 1.5071
1.95 -3.88 8.18 1.4587
0.3 -3.71 2.03 2.4862
0 -5.05 6.69 0.3654
0.075 -4.49 9.55 3.691
9.5 -1.64 9.18 2.7548
31.375 -0.14 5.56 3.962
46.45 -1.77 5.32 4.9051
21.8 -5.32 0.03 2.9813
2.075 -8.54 -0.73 0.8462
0.85 -7.43 1.86 1.8731
0 -8.84 0.8 0.2887
0 -9.47 5.32 1.4268
0 -5.67 8.15 2.6407
0 -9.35 2.01 0.4095
0 -8.75 6.79 0.6044
0 -5.71 7.42 2.1475
0 -5.19 10.43 2.4348
0 -4.46 11.79 1.3136
0 -3.6 8.62 2.2564
0 -2.04 9.5 2.6146
0 -2.02 12.41 1.1116
0 -1.43 14.06 1.1036
0 0.84 15.73 0.8746
0.075 -0.8 16.23 0.6989
29.975 -0.34 15.37 1.9057
22.075 -5.76 6.74 4.1749
1.25 -10.68 -2.69 2.2408
0 -9.21 2.34 1.8902
0 -5.89 9.74 0.5076
0 -3.08 11.33 2.0237
0 -2.47 14.69 2.0759
0 -1.77 13.68 1.3438
0 -1.8 14.85 3.2662
0 -3.65 10.55 1.9254
0 -3.46 10.14 0.302
0 -2.32 11.87 2.602
0 -0.96 14.47 2.5267
0 -2.8 12.79 5.2882
0 -6.21 5.26 1.9257
0 -5.7 9.8 2.8199
0 -4.01 13.45 2.3704
7.5 -0.53 16.06 1.3179
20.275 -4.36 12.26 3.1849
12.8 -4.11 2.16 1.726
2.4 -4.34 3.32 2.2548
0.225 -4.56 3.11 3.7635
0 -3.02 7.84 1.6216
0 -2.46 12.05 2.0643
0 -1.05 11.96 4.6081
0 -8.08 5.53 6.1009
0 -7.05 2.28 3.2173
0 -4.6 9.9 1.5073
0 -2.45 14.86 2.8975
0 0.39 18.19 2.8128
0 3.9 21.59 1.5533
0 5.99 23.72 1.1346
0 6.86 24.35 2.0456
0.075 4.01 23.12 2.7682
1.175 1.79 16.65 3.4047
0.675 -5.41 5.21 3.5747
0 -4.13 9.01 1.9801
0 -1.72 11.8 2.3378
0 -2.99 11.62 3.2006
0 -4.36 8.72 1.6409
3 -2.14 11.63 1.9675
50.2 3.71 14.9 1.9326
31.725 1.44 11.61 2.5412
5.1 1.96 6.58 3.667
2.625 0.12 7.81 1.8581
0.3 3.89 12.86 3.6542
0 1.42 15.02 2.2468
0 2.35 18.19 2.8733
0 4.21 18.65 1.6668
0 3.07 19.17 1.2414
0 4.46 20.38 0.9298
0 3.78 20.88 3.0111
0 2.52 20.43 3.2826
0 2.48 17.63 2.4973
0 3.04 17.64 3.2292
0 4.4 19.38 1.7199
0 5.35 21.7 1.5643
0 9.76 26.3 0.3168
0.325 11.03 28.16 2.3969
0.2 8.59 27.78 2.7193
0 5.71 22.09 1.7285
0 5.03 20.65 0.9633
0 5.56 21.6 2.4722
0 5.5 21.45 2.9787
0 5.08 20.91 2.7595
0 3.89 20.52 1.902
0 4.69 20.14 1.303
0 6.89 22.03 0.8488
0.35 8.37 23.06 1.9386
0.2 8.33 22.71 2.4838
8.4 8.09 22.02 3.2657
5.05 7.24 21.92 2.21
0 7.35 20.93 2.0199
0 6.72 18.67 2.2781
0.1 6.77 17.79 0.5689
7.8 3.84 16.7 2.1957
6 0.85 14.27 3.5794
1.6 0 5.91 2.3886
0.45 0.67 8.66 2.7392
0 1.39 14.82 2.5815
0 4.83 17.08 3.4291
0 4.36 16.19 3.0853
0 2.7 15.02 3.3589
1.925 3.44 15.58 2.2977
1.7 4.96 14.84 3.6129
0.325 2.75 14.59 2.4997
0 3.07 15.48 2.4525
0 4.05 15.95 2.4414
0 6.22 17.36 2.9896
0 6.1 19.77 1.7262
0 9.16 25.04 2.6544
0 5.47 23.45 3.2376
0 3.27 19.07 3.1918
0 3.78 16.85 1.163
0 4.94 20.02 0.6369
0 8.18 23.58 1.4368
0 8.91 25.95 2.6836
0 8.19 24.25 1.7471
0 8.92 24.49 0.853
0 9.42 28.75 0.5788
0.35 12.91 30.05 2.974
0.225 11.77 29.84 2.9637
0 11.27 27.6 2.2672
0 11.63 27.4 1.6952
0 10 25.79 2.8653
0 8.85 26.65 2.5184
0 8.71 25.27 2.774
0 7.86 24.71 2.5804
0 6.37 22.92 2.8249
0 5.81 22.32 2.5796
0 5.98 22.14 2.5586
0 6.35 22.53 1.884
0 7.75 23.84 1.8246
0 8.7 25.09 2.2622
0 8.83 24.75 1.3562
0 9.39 26.12 0.5706
0 9.99 26.64 1.6081
0 11.1 29.29 1.9906
0 12.55 28.13 1.8385
0 12.77 29.87 2.0637
0 13.48 30.65 1.7057
0 13.8 31.49 2.4507
0 12.27 31 2.5221
0 11.04 28.67 2.2573
0 13.7 28.75 2.0506
0 11.87 28.23 2.1084
0 11.09 27.99 2.1799
0 11.1 28.35 1.9322
0 11.42 29.59 1.8369
0 12.88 29.82 2.1161
0 12.59 29.49 2.8537
0 13.66 28.51 2.5545
0 12.91 28.11 2.5507
0 12.17 27.87 2.4703
0 10.96 27.17 3.0019
0 8.88 24.54 2.6188
0 8.26 24.78 2.1583
0 10.07 25.23 2.4351
0 6.97 23.01 3.1524
0 3.85 15.06 1.9528
0 5.11 17.24 1.3336
0 7.47 22.1 0.2997
0 9.27 25.54 1.1817
0 10.97 26.82 2.9519
0 10.99 28.17 2.7145
0 10.05 27.01 2.9855
0 8.94 25.7 3.1779
0 6.46 23.7 1.3668
0 6.2 23.32 0.3268
0 7.58 24.84 0.6808
0 8.9 26.82 0.8732
0 10.53 29.18 1.2789
0 11.59 30.26 2.0642
0 12.35 29.51 2.2167
1.15 12.13 30.29 2.316
1.025 9.77 25.09 3.0928
0.175 8.49 23.77 1.6063
0 7.8 24.05 1.5721
0 7.41 25.04 0.5197
0 7.77 25.84 1.437
0 10.49 25.6 1.1433
0 10.46 26.89 1.2912
0 10.44 28.23 2.8674
0 11.31 26.92 1.9188
0 9.87 26.55 0.8911
0 10.67 27.02 0.2485
0 11.35 27.74 1.4087
0 10.97 27.41 2.1427
0 8.28 25.93 2.088
0 6.64 23.86 1.9882
0 6.59 21.51 1.4606
0 6.9 21.71 0.4201
0 7.26 22.79 0.9355
0 8.77 25.01 0.3606
0 10.16 26.54 0.9438
0.025 11.65 29.19 1.6534
0.475 9.47 25.23 2.2697
0.25 5.97 19.81 2.7364
0 4.5 16.86 1.5042
0 5.63 21.36 1.2811
0 7.92 23.77 0.3378
0 8.24 25.02 1.0877
0 10.32 27.7 2.2129
0 8.52 26.71 0.9596
0 10.31 23.94 2.4346
0 9.24 27.64 2.434
0 9.36 27.69 1.4813
0 8.35 26.99 0.7422
0 8.45 26.59 0.7732
0 10.25 28.14 1.1812
0 9.7 29.16 0.4121
0 9.41 29.19 2.1099
0 9 24.85 2.5257
0 -1.28 13.25 2.3182
0 -0.97 13.88 2.4859
0 1.44 17.89 0.7367
1.3 2.42 18.48 3.1441
0.875 -3.08 15.13 3.5002
0.05 -4.81 3.85 0.302
0 -4.34 11.4 2.9764
0 -2.12 13.98 1.5749
0 0 14.52 1.3671
0 0.38 16.59 0.7567
0 1.87 17.63 0.4966
0 0.69 17.65 1.9356
20.875 1.52 16.26 1.9279
53.475 1.41 10.53 6.5102
24.875 2.1 7.69 4.4123
0.175 4.1 11.19 0.8432
0 4.2 17.37 2.2134
0 3.82 18.99 1.0682
0 5.24 21.69 1.8386
1.125 4.5 17.1 2.3494
0.675 -2.55 8.78 2.1956
0 -2.01 11.23 1.0491
0 -0.18 14.02 0.5401
0 0.11 15.43 0.9379
0 2.6 17.42 1.1372
0 2.46 14.05 1.7623
0 2.13 16.15 1.1472
0 1.89 16.89 4.1905
0 -2.8 6.83 4.9695
0 -5.25 5.86 0.7606
0 -4.68 7.83 0.0365
0 -1.26 13.39 0.8337
0 -0.06 15.82 0.8097
0 2.99 17.28 1.1951
0 2.51 18.95 1.1209
0 2.8 19.02 1.7134
0 1.04 17.97 2.2592
0 -1.51 12.79 0.6128
0 -1.82 11.59 1.4994
0 -3.39 9.03 1.8398
0 -2.82 9.8 1.2206
0 -1.21 11.03 0.7515
7.175 1.23 11.4 0.4146
5.4 -1.27 10.79 2.0089
0.65 -5.12 2.52 1.1841
0 -5.35 4.24 1.0976
0 -5.52 5.39 2.8598
0 -4.09 8.53 2.178
0 -2.08 9.98 1.6365
0 -2.29 11.48 1.5025
1.175 -4.43 6.79 2.3568
4.125 -3.95 8.57 3.75
2.05 -3.56 8.04 1.0193
0 -3.43 4.35 0.4836
0 -4.75 7.25 2.3337
0 -3.73 6.46 3.8059
0 -2.62 8.13 4.1159
1.625 -2.45 9.52 2.6876
2.175 -1.6 10.73 1.1332
0.725 -5.02 6.71 4.8859
0 -2.77 4.58 5.0802
0 -3.28 7.17 3.9539
0 -3.26 8.59 1.6446
0 -4.43 8.87 2.2656
0 -6.03 10.03 2.1703
0 -5.19 6.02 2.1428
0.125 -5.2 7.21 1.1781
28.8 -7.22 3.47 2.2562
21.5 -7.15 1.05 0.9499
2.55 -15.25 -4.81 0.6875
0 -14.74 -5.14 1.923
3.175 -11.69 -3.35 3.0721
42.525 -5.06 0.24 2.815
62.9 -2.62 0.91 3.7113
26.6 -4.5 1.36 4.4594
1.375 -5.66 -1.41 0.7185
0 -5.65 -0.78 3.0658
0 -3.55 3.65 2.4673
0 -2.49 5.47 2.2949
0 -2.03 5.82 2.8263
0 -2.38 5.61 4.1427
2.475 -2.69 6.42 2.9096
10 -2.42 7.77 1.8256
12.775 -5.32 4.96 3.6454
0.1 -9.46 -1.09 2.7019
0 -6.08 2.81 3.9196
0 -5.91 2.48 3.8444
7.625 -5.88 2.9 4.059
4.6 -4.9 3.06 1.9627
3.2 -6.12 -0.35 3.1522
10.4 -6.11 1.63 0.7475
5.2 -4.62 0.94 1.5105
0.05 -5.22 0.27 2.4912
0 -4.9 3.85 1.9642
0 -4.26 3.77 1.2262
0 -3.99 5.68 4.0071
0 -4.48 7.08 2.9284
0 -2.94 6.58 2.5835
0 -3.4 7.2 3.0255
0 -2.82 7.29 2.7931
0.05 -1.72 8.45 3.0875
1.875 -1.59 9.14 2.3299
1.05 0.12 7.32 2.443
1.575 0 6.06 3.13
23.45 -1.72 9.23 4.364
13.75 -2.64 4.47 2.0427
0.125 -5.83 2.54 1.4165
0 -4.88 3.9 3.335
3.025 -3.84 7.37 1.9984
26.475 -3.83 7.27 2.5378
38.15 -3.44 3.51 4.6757
36.675 -5 -0.29 5.4649
38.075 -5.15 -1.98 6.4053
35.525 -6.71 -2.91 4.0535
19.625 -6.25 -2.87 4.0722
4.5 -7.7 -3.67 0.9117
3 -8.91 -1.92 2.2057
3.925 -6.44 -0.73 3.7753
1.325 -4.55 0.23 2.9514
0 -5.25 3.76 1.3528
0 -7.3 4.76 2.8486
1.725 -5.96 2.93 3.1933
1.025 -4 5.47 1.4333
0 -6.76 3.61 1.1564
0 -11.25 3.91 1.7148
0 -5.65 5.44 1.9829
0 -4.8 5.05 0.6095
6.775 -3.94 5.74 2.651
14.125 -2.88 5.04 3.422
10.6 -2.78 1.98 1.7465
2.725 -4.73 0.45 2.5485
1.175 -6.62 0.93 1.3845
1.1 -5.84 1.5 2.2875
0.225 -6.73 0.2 0.5706
0 -6.2 3.11 1.0323
0 -3.5 4.74 1.1022
0 -3.85 8 1.525
0 -2.91 9.96 1.5682
0 -4.1 11.95 0.9689
0 -1.81 11.12 1.6881
0 -1.74 12.1 2.4471
0 -1.57 12.84 1.2002
1.225 -3.35 11.87 1.288
3.025 -2.18 6.65 2.3953
16.6 -3.41 4.4 3.0886
8.9 -7.8 -1.04 2.3392
22 -7.37 3.78 3.6634
16.625 -4.25 3.62 2.8433
1.35 -5.52 2.74 0.7153
22.95 -4.42 7.72 4.4047
14.525 -2.84 6 1.6019
0.525 -5.02 0.12 0.5578
1.875 -4.57 7.56 2.3773
13.1 -1.85 9.79 2.6613
20.025 -3.44 3.37 3.2403
7.7 -6.35 1.14 3.1121
0.2 -7.85 -0.33 1.3167
0.125 -5.45 4.64 2.5942
0.1 -6.23 5.85 0.8877
5.975 -3.79 6.39 2.4505
5.55 -10.47 -0.21 3.868
1.2 -7.7 0.63 2.0971
0 -8 0.25 0.4234
26.325 -5.93 7.01 2.121
15.8 -6.29 6.27 2.5092
0 -6.94 3.98 2.6407
0 -6.23 9.33 3.7925
0 -3.94 14.02 1.453
0 -1.46 15.25 0.677
0 -0.66 15.16 2.9095
0 -6.09 13.19 2.1304
0 -0.29 16.4 2.0435
0 -2.06 15.12 0.6355
0 -1.88 12.92 1.3435
0 -3.48 12.92 2.2358
1.675 -3.34 14.26 2.1246
4.075 -2.1 14.01 2.418
1.85 -6.05 5.7 2.5255
0 -4.69 6.97 2.8378
0 -3.76 12.69 1.3068
8.5 -1.84 13.97 2.5332
17.525 -1.67 13.72 5.6352
7.575 -5.6 1.5 3.1154
1.975 -8.07 1.47 0.861
6.475 -6.83 4.87 2.2589
3.1 -4.5 2.26 2.0521
23.325 -5.83 2.54 2.7426
13.975 -7.12 -0.09 3.3481
0 -7.67 1.64 0.7994
0 -6.6 6.98 2.1949
0 -4.17 12.56 0.3788
0 -2.14 13.96 1.2457
1.925 -1.71 13.97 1.9676
20.15 -1.94 8.57 3.9539
14.125 -4.73 2.71 4.636
1.65 -5.65 0.26 1.0711
0 -5.14 6.81 0.6599
0 -3.99 8.17 0.818
0 -2.12 13.15 2.5175
0 -2.61 13.15 1.4009
0 -1.52 15.32 1.0996
9.025 -0.44 17.24 1.7554
17.75 1.17 14.42 2.7131
8.375 -5.23 3.71 2.9883
0.575 -4.33 -1.18 1.6493
0 -3.11 2.96 1.412
0 -1.67 12.98 0.7404
0 0.42 15.09 1.3291
0 2.2 18.28 0.7397
9.175 2.92 18.32 4.1762
10.7 -2.49 7.9 5.1231
3.225 -6.99 0.85 3.9557
0.075 -6.74 2.71 3.4049
0 -4.04 8.74 1.913
0 -1.96 12.54 2.018
0 -0.62 17.16 0.9678
0 1.39 18.17 2.0215
0 1.14 17.24 3.5779
0 -1.22 13.26 2.1663
0 -1.14 12.84 0.7593
0.2 -0.3 15.04 2.8361
5.575 -0.59 13.95 3.7687
12.6 -3.87 3.91 3.3077
5.7 -7.36 3.71 4.2976
0.05 -6.13 5.07 2.2141
0.1 -0.59 12.13 1.0168
0.05 0.5 15.46 0.6224
0 2.4 17.17 0.5134
2.975 5.04 18.99 1.3153
4.725 5.57 18.61 2.009
1.75 -1.08 11.07 2.0661
0.25 1.35 11.73 1.6888
0.15 3.73 14.72 3.3934
0.125 -0.35 15.52 4.3784
0.275 -4.71 9.18 3.7147
0.275 -4.56 4.47 4.0998
3.375 -3.28 7.24 2.346
7.375 -3.09 7.17 1.5583
12.35 0.74 10.91 3.1298
12.2 -1.13 7.3 2.558
4.025 -3.78 5.75 3.6264
0 -2.65 7.98 1.8254
0 1.27 15.52 0.5426
0 2.91 19.23 2.5726
0 6.83 18.65 2.9458
0 4.12 17.24 2.6393
0 5.33 18.48 2.7844
0 7.25 20.09 2.8157
0 7.1 20.45 2.0846
0 8.63 23.84 3.0644
0 8.69 24.23 3.1177
0 6.69 21.91 2.4539
0 5.92 21.4 3.9083
0 3.41 19.99 4.6321
0 2.58 14.7 5.0987
0 6.97 15.97 3.9115
0 5.31 19.64 1.0564
0 7.19 21.76 1.6626
0 7.47 23.4 2.9777
0 3.62 21.57 3.0902
0 2.79 17.2 1.0067
0 3.39 20.74 2.3315
0 3.63 19.19 3.1832
0 2.41 17.27 2.5214
0 3.5 19.08 1.5386
0 4.7 18.52 1.0084
0 7.16 22.04 1.7144
0 7.48 23.27 2.1262
0 8.91 20.37 2.6689
0 6.84 20.7 2.3558
0 9.89 23.21 0.8784
0 11.4 27.19 1.5127
0 11.61 28.96 3.1519
0 9.03 25.71 2.9624
0 7.09 23.98 2.6415
0 6 22.16 2.7489
0 9.54 22.31 1.985
0 6.66 21.35 0.9229
0 7.82 24.15 1.8859
0 8.78 25.74 2.4525
0 9.46 24.54 2.2752
0 9.22 24.44 2.3019
0 11.22 26.04 2.1412
0 10.31 26.12 1.8156
0 10.85 28.22 2.3677
0 12.24 26.97 3.285
0 12.27 26.24 3.4205
0 10.29 24.01 1.8585
0 10.97 25.4 1.319
0 13.2 28.56 2.6146
0 12.76 29.44 2.7783
0 12.67 28.88 2.5935
0 11.62 30.1 2.0924
0 10.99 29.36 2.0512
0 10.54 27.31 2.573
0 10.03 25.96 1.0374
0 10.55 25.93 2.2643
0 10.41 26.81 2.0582
0 12.22 28.27 2.5106
0 12.54 27.6 2.7159
0 10.13 26.26 1.9248
0 8.23 25.65 2.3511
0 9.52 25.55 1.9903
0 8.64 26.17 2.2876
0 9.22 25.67 2.3924
0 8.46 25.4 2.0697
0 8.66 24.92 2.4224
0 8.42 25.67 1.5004
0 8.23 26.1 1.9449
0 8.74 25.85 1.9956
0 8.03 25.29 2.0668
0 8.46 25.13 2.5078
0.125 8.75 24.33 2.8766
0.075 7.83 21.57 2.0427
0 7.25 23.07 1.9258
0 7.82 23.6 2.3103
0 6.36 19.9 1.0467
0 6.76 23.48 1.3255
0 9.04 24.45 2.2873
0 8.89 24.71 2.7631
0 9.11 25.26 1.1213
0 9.05 27.09 1.6603
0 9.57 27.99 1.7947
0 8.01 26.57 1.8918
0 8.11 26.38 2.2291
0 8.84 26.9 1.9594
0 8.24 23.82 1.7124
0 7.02 22.59 2.4764
0 8.44 27.38 2.1299
0 12.79 30.9 0.6585
0 13.94 32.61 2.3725
0 10.84 30 2.507
0 6.44 25.66 2.9161
0 6.08 14.28 2.2336
0 3.32 14.7 2.4023
0 3.64 17.12 1.1399
0 5.12 20.79 0.5697
0 7.72 25.13 0.4407
0 9.67 28.2 1.1958
0 9.95 28.35 1.2851
0 8.11 27.65 1.9328
0 7.45 25.44 1.2787
0 7.52 25.41 2.4784
0 7.18 23.97 2.9643
0.025 1.18 9.52 2.0556
0 1.48 17.84 0.6354
0 3.23 20.34 0.7118
0 5.86 23.23 1.0132
0 6.03 23.74 1.7215
0 5.5 21.89 1.4316
0 5.09 21.68 0.8059
0 5.51 21.82 1.4679
0 5.12 23.07 1.615
0 5.44 22.24 1.5402
0 5.22 21.93 1.487
0 3.63 17.94 1.1058
0 3.07 19.99 1.0054
0 4.23 18.45 2.7149
0 3.4 15.98 0.9701
0 3.5 20.11 0.469
0 6.67 23.75 0.9275
0 9.38 28.17 0.3946
0 8.34 27.93 1.0929
0 11.69 29.19 0.5301
0 10.99 29.94 0.5136
0 10.16 29.62 0.3107
0.05 10 26.2 0.449
5.55 9.16 22.88 1.3571
27.975 8.12 22.94 1.6663
16.95 5.79 13.14 1.4651
1.625 3.64 7.74 0.9592
1.95 0.71 9.04 0.7987
2.225 0.95 9.55 2.1382
0.275 -0.45 9.12 0.8421
0 1.21 14.01 1.8589
0 2.62 16.53 1.6149
0 5.63 20.18 1.3633
0 5.52 20.54 2.3537
0 7.1 23.01 1.6595
0 6.66 22.2 0.7714
0 6.66 21.41 0.6617
0 6.33 21.96 1.22
2.75 7.04 17.32 0.8804
1.325 2.71 13.34 1.0819
0 3.09 12.24 1.7681
0.075 2.89 19.03 0.9984
0.05 3.64 15.63 1.9851
3.675 1.5 13.62 1.7624
33.15 2.25 11.9 1.6418
52.325 3.78 5.68 4.694
27.55 -1.01 7.17 3.7086
0.125 -1.61 7.88 1.5914
0 -4.25 8.26 2.9949
0 -4.6 9.42 3.3024
2.675 0.83 13.06 2.1026
2.2 0.4 13.9 1.9326
0.35 -1.49 5.01 0.8635
0 -0.98 10.81 1.8775
0 -0.18 13.47 3.2256
0 2.24 16.17 3.0236
0 5.72 18.25 2.0454
0 5.71 18.47 1.1171
0.775 3.7 17.58 2.2764
17.7 1.55 14.12 3.0692
15.475 -3.41 4.06 2.7182
3.2 -5.19 3.93 0.6324
2.6 -3.99 5.14 1.61
0 -5.38 2.8 2.5458
0 -3.15 7.15 1.4635
0 -4.11 8.9 3.0937
0 -1.51 9.64 1.5393
0 -0.03 12.83 2.4509
0 -0.39 12.6 0.915
0 -1.33 11.65 2.1723
0 -2.22 12.01 2.1919
23.625 -1.94 11.95 2.8995
35.4 -5.02 5.36 3.289
25.8 -6.74 -2.76 5.2983
14.35 -6.55 -2.42 3.164
13.425 -6.22 -1.5 4.2789
6.5 -10.32 -2.73 1.053
0 -11.5 -3.07 3.3557
0 -11.15 -3.77 3.3226
16.45 -7.05 -0.13 2.8422
11.6 -12.28 -1.67 2.7408
0 -12.87 -4.22 2.289
0 -10.84 -3.08 3.0282
0 -6.56 1.15 2.2532
0.1 -2.73 7.11 2.565
0 -1.46 5.05 1.5761
1.825 -1.84 4.53 1.9193
20.35 -1.34 3.3 2.1331
10.825 -2.42 5.78 3.2499
0 -3.33 2.64 2.3269
7.7 -2.27 6.25 1.8505
9.7 -1.39 6.65 1.0225
1.95 0.19 4.04 1.3587
0.125 -1.2 6.78 0.4647
0 -1.78 7.54 2.284
0 -1.43 6.72 1.4413
28.375 -1.52 8.13 1.8511
20.675 -3.83 3.46 1.6949
7.225 -6.14 1.16 2.5184
67.35 -6.31 0.58 3.4978
101.3 -3.41 0.64 5.2922
68.175 -2.19 3.18 6.1496
24.625 -4.56 4.86 2.1782
9.75 -4.97 -3.75 2.2625
5.325 -4.82 -1.02 2.2901
3.525 -4.7 0.2 0.3929
0 -5.58 0.98 2.8302
21.95 -5.4 4.03 5.2413
15.225 -5.31 4.25 1.9595
0 -6.42 -2.57 1.0251
57.1 -6 -0.49 2.2952
37.8 -4.38 0.34 4.4792
2.35 -13.32 -2.03 2.584
4.975 -13.23 -4.89 1.4262
22.425 -13.24 -4.12 3.9623
23.575 -5.64 -2.42 4.7879
12.6 -6.29 -2.21 2.5914
0 -8.61 -1.68 3.2209
0 -8.46 -1.67 3.8861
0 -6.21 0.98 5.4112
0 -5.8 1.95 3.8551
0 -7.02 1.17 1.9194
0 -7.02 2.99 1.1322
0 -9 0.24 3.2734
4.775 -9.08 1.5 3.2612
5.85 -4.2 1.52 1.787
0.7 -4.05 4.86 1.6638
0.4 -4.96 3.63 1.3871
0 -3.72 8.27 2.542
0 -2.76 7.88 0.9616
0 -2.19 8.18 0.6864
0 -2.08 8.57 2.287
0 -3.48 8.71 1.3147
0 -4.62 9.59 4.2832
0 -4.6 8.62 3.7552
0 -4.79 8.84 2.7826
0 -2.75 12.09 3.8593
0 -3.1 9.42 2.0816
0 -2.82 9.84 2.2286
0 -2.96 9.03 4.9804
0 -2.96 10.96 3.2896
0 -2.96 11.16 1.8206
8.425 -3.52 10.62 0.5715
12.6 -4.47 8.78 1.8207
4.575 -6.34 -0.6 1.5415
0 -7.01 2.87 1.9527
0 -7.31 5.22 3.0365
0 -7.33 5.58 2.1183
0 -6.31 7.44 2.8173
0 -2.86 10.56 1.7043
0 -3.52 12.44 1.9303
0 -1.23 13.06 0.5699
0 -4.47 11.99 2.1387
0 -7.08 7.73 3.613
0 -9.13 5.54 3.8239
0 -7.46 7.1 3.915
0 -5.19 10.35 2.6983
0 -3.9 12.54 1.2985
0.05 -3.73 12.4 3.3788
10.625 -4.53 6.66 4.0918
24.1 -4.67 7.69 6.0005
24.825 -7.15 -3.42 4.4506
41.75 -6.08 -3.3 3.1342
22.95 -6.49 -0.91 3.9059
2.575 -10.77 -2.07 0.831
0 -10.77 -0.53 1.1823
0 -10.36 -0.87 0.3741
0 -9.57 2.71 0.3536
7.925 -8.46 2.63 2.3195
14.8 -6.05 0.26 5.7655
9.525 -10.94 -3.23 0.7812
0 -12.66 -4.95 0.4589
0 -12.55 0.06 2.1391
6.95 -10.24 4.71 1.6802
11.775 -4.83 6.55 3.5132
11.3 -3.16 4.31 1.5347
1.1 -5.82 4.5 1.4613
6.025 -4.93 8.45 0.5895
24.375 -4.16 9.84 1.7233
23.925 -2.66 2.26 4.4264
0.225 -6.02 2.05 0.5397
0 -4.4 8.23 1.4988
0 -3.17 12.44 1.0081
0.2 -3.07 11.33 1.1777
0.1 -3.14 8.72 0.6739
3.175 -3.02 10.65 0.9005
2 -1.53 7.06 1.0563
22.8 -1.09 10.64 1.1879
29 -0.26 12.22 2.6569
1.85 -5.53 3.96 1.0194
27.075 -6.4 6.64 3.3274
53.7 -6.02 0.88 4.8772
61.975 -5.81 -1.53 5.9998
26.95 -6.49 -1.64 2.5979
8.75 -6.57 0.72 1.0285
17.025 -5.44 3.05 4.6919
43.825 -6.01 0.28 5.4134
30.5 -9.09 -1.8 4.0179
8.225 -6.54 0.7 2.9754
10.725 -4.6 -2.11 1.5269
0.325 -4.22 3.66 0.5955
0 -4.37 8.16 1.2402
0 -3.12 10.75 2.1155
0 -1.22 12.67 2.2788
0 0.57 17.83 1.6728
0 0.6 20.33 1.0571
0 -1.51 15.6 1.2866
0.075 -2.27 13.03 1.9276
0 -1.76 14.75 1.3615
1.625 -0.98 15.35 1.5063
7.625 -4.87 13.79 3.4938
6.35 -10.08 -2.03 1.404
1.975 -9.39 -2.77 1.4185
0.1 -8.62 3.11 0.5388
0 -6.43 8.67 1.5591
0 -4 9.89 1.4152
0.6 -3.53 10.67 2.824
0.525 -6.24 2.07 0.6048
0 -5.49 10.04 0.7561
0 -1.43 14.68 1.4353
0 0.19 16.73 2.3071
0 1.18 16.59 2.8859
0.025 1.4 13.37 1.7127
0.475 -0.53 14.29 2.1393
9.875 0.92 7.83 2.3094
2.025 -2.49 9.47 0.8715
1.4 -2.34 9.63 1.3282
0.95 -0.48 7.14 2.4247
0.975 -1.55 6.48 2.4051
0.125 -4.19 9.2 2.7054
0 -2.04 11.58 0.83
0 -0.69 14.05 2.4387
0 -3.71 13.27 4.5741
0 -3.24 11.9 3.6002
0 -2.32 12.35 1.937
0 -0.17 15.17 0.4847
0 1.39 17.24 0.8099
0 3.07 18.94 3.0183
0 6.69 21.69 0.7546
0 5.87 22.4 1.5553
0 4.13 21.06 2.0871
0.25 2.23 17.43 3.0597
1.925 -1.69 8.27 3.2869
2.575 -3.62 4.22 2.7159
0 -0.46 12.34 1.7377
0 1.88 15.99 1.1596
0 2.62 18.63 0.5733
10.775 2.94 20.26 2.9584
16.325 -5.18 10.85 2.874
7.625 -5.07 1.62 1.1305
23.75 -4.09 4.75 3.5175
16.6 -4.38 1.15 2.3647
1.5 -3.51 5.24 3.3553
0.1 -3.05 11.55 1.7695
0 0.41 16.17 2.0003
0 1.28 15.92 2.9376
0 0.07 15.09 4.4241
0 -0.9 12.14 2.4536
0.025 0.41 14.73 2.8016
0.05 -0.23 12.96 2.6052
0.55 -0.22 13.25 3.3674
4.75 -1.38 12.4 4.2878
6.8 -3.57 7.92 4.8383
1.475 -2.87 8.49 2.8876
0.7 -0.66 11.7 2.7012
0.725 0.87 12.23 3.0051
0.875 -3.32 6.69 1.727
0.025 -1.89 9.92 0.6002
3.175 -0.9 10.71 2.9132
10.125 3.23 5.65 1.2888
5.375 -0.55 11.89 3.5136
0.15 -0.47 7.46 1.9213
0 0.55 13.35 3.0388
0 3.27 17.1 1.6069
0 4.33 19.8 2.3151
0 4.43 19.99 3.0369
0 3.24 17.49 2.646
0 4.42 18.26 2.7217
0 5.83 21.15 1.6947
0 6.49 24 1.8405
0 7.89 23.42 2.5061
0 4.16 20.99 1.261
0 5.96 20.47 2.9006
0 4.32 21.34 2.0554
0 6.59 21.66 0.3093
0 8.21 24.1 0.4871
0 9.41 27.06 2.4733
0 9.85 26.82 2.8058
0 8.64 25.68 2.6252
0 5.18 23.26 2.6891
0 5.23 22.08 2.2828
0 7.33 22.8 2.2433
19.25 7.49 23.36 2.5597
12.05 4.27 19.63 2.45
1.8 3.04 11.74 2.2315
0 5.79 18.5 0.9055
0 6.88 23.68 0.7772
0 9.99 26.28 0.6033
0 9.74 26.72 1.5638
0 10.08 26.3 1.8547
0 11.14 25.58 2.5197
0 12.24 26.16 2.859
0 11.37 24.9 2.2274
0 10.68 25.57 2.5143
0 8.63 25.29 2.1665
0 7.54 24.21 2.3463
0 6.59 21.26 2.4446
0 6.48 21.45 3.1445
0 6.1 19.33 2.6701
0 6.73 18.37 3.2263
0 5.23 18.01 3.1479
0 5.54 18.95 1.9947
0 5.74 20.65 1.3503
0 6.28 22.87 1.9208
0 6.39 22.9 1.2622
0 7.14 23.31 2.2836
0 8.43 24.29 2.8076
0 8.9 24.18 1.865
0 9.81 24.81 1.9527
0 8.04 26.03 2.1595
0 8.04 25.15 1.815
0 8.14 24.26 1.7011
0 9.47 23.93 1.4976
0 10.51 27.07 2.3063
0 11.4 27.39 3.0226
0.05 12.96 27.11 2.1227
0.475 11.47 24.31 1.5162
0 10.68 26.01 1.8985
0 10.83 27.18 2.0768
0 8.52 26.51 3.0563
0 7.26 22.66 2.2951
0 8.24 23.45 3.0563
0 8.06 23.35 2.4134
0 9.2 24.6 1.7681
0 8.26 25.21 1.8602
0 8.12 24.93 2.1818
0 8.79 24.42 2.6538
0 8.31 24.7 1.6073
0 9 26 1.289
0 9.92 26.77 2.0381
0 7.78 25.18 1.499
0 7.34 24.34 1.0818
0 7.32 24.71 1.5834
0 8.13 25.25 1.46
0 8.87 25.99 2.5613
0 8.19 23.99 2.0054
0 7.3 23.61 1.4379
0 6.18 23.35 1.0749
0 7.24 24.51 0.9341
0 7.48 26.01 2.0374
0 10.22 26.55 1.2507
0 9.95 26.26 0.8191
0 9.7 28.31 1.0545
0 10.55 28.28 1.4186
0 10.46 28.85 1.613
0 8.44 27.46 1.8653
0 7.09 25.42 1.7735
0 7.7 24.34 0.7506
0 8.06 24.46 0.7854
0 8.57 26.51 0.8634
0 10 25.79 0.9169
0 9.76 26.65 1.8236
0 9.47 25.89 0.6168
0 9.92 26.1 0.8982
0 10.48 27.31 0.8379
0.2 10.33 25.82 1.6202
2.175 8.88 26.48 1.0486
3.075 8.75 23.86 1.583
5.2 5.36 17.72 1.4362
4.475 7.18 20.88 0.5887
4.45 6.4 22.2 1.1831
0 6.69 20.74 2.439
0 7.24 21.7 1.824
0 5.16 19.16 1.6169
0 4.93 19.19 0.3071
0 6.06 22.76 0.2286
0 8.4 25.16 0.8997
0 9.15 25.4 0.4446
2.525 9.58 25.95 0.2858
0 10.26 26.72 0.5736
0 10.33 27.31 1.6315
4.425 7.37 23.35 2.2936
0.05 5.26 16.18 1.8086
0 6.25 20.39 0.4171
0 9.79 24.1 0.6068
0 8.68 22.21 1.0947
0 8.13 24.74 1.454
0 6.37 23.97 2.3651
0 6.87 20.42 1.9224
0 5.78 18.56 2.0614
20.85 2.63 15.35 2.3237
27.4 1.06 10.64 3.8214
9.7 -3.37 4.85 0.8043
1.9 -3.88 4.62 0.8943
0 -3.78 8.97 1.3081
0 -0.89 12.86 1.1867
2.725 1.76 14.98 1.5721
3.925 3.38 10.27 1.6633
0 2.81 16.76 0.8983
0 2.97 19.3 0.5729
0 6.8 21.15 0.4248
0 4.77 21.01 1.0529
0 4.91 20.26 1.5187
0 5.71 18.96 1.7426
0 5.78 19.66 1.7197
0 4.43 20.68 0.7487
0 3.46 17.7 0.5661
0 3.4 18.22 0.4847
0 3 17.31 2.259
0 3.19 19.27 1.8323
0 3.78 20.12 2.1603
0 2.52 17.2 1.3269
0 0.93 13.28 3.3929
0 -1.68 12.32 3.4176
0 -1.33 12 2.083
0 0.62 14.3 0.9131
0 1.58 15.79 2.1426
0 1.73 16.75 0.1157
0 0.87 16.31 3.2839
0 1.01 14.42 4.1898
4.9 -2.2 14.6 3.8205
7.925 -5.38 12.78 1.8241
6.05 -7.66 -0.74 0.4441
5.55 -7.02 0.33 1.4974
0.1 -7.41 -0.6 0.9293
0 -7.59 1.99 2.2867
0 -6.09 4.26 3.2371
0 -4.55 7.71 2.995
1.85 -2.79 9.03 3.437
3.075 -0.48 6.7 0.9799
0 -1.18 6.42 0.1977
0 -0.34 8.51 0.6114
0 -3.15 8.79 0.5249
0 -2.7 8.85 0.9029
0 -3.18 9.86 1.005
0.05 -2.54 9.23 3.2762
1.425 -4.2 2.91 2.2077
3.325 -4.07 1.26 4.0145
2.6 -6.57 0.79 1.6607
0 -6.1 3.9 2.3186
0 -4.66 4.9 3.5358
0.025 -5 10.51 2.2541
0 -4.47 6.65 0.7936
0 -3.42 7.08 2.9362
0 -1.53 11.27 2.3656
0 -0.78 9.95 1.0826
0 0.99 10.31 1.7785
0 -3.79 11.45 3.4215
0 -4 8.24 8.6853
0 -3.75 4.51 3.6948
0 -5.2 8.77 4.3719
0 -7.09 5.37 2.7991
0 -7.01 3.72 3.5024
0 -7.72 3.82 3.0828
0 -7.13 3.33 3.6284
0 -6.48 5.79 3.7286
0 -5.67 5.61 4.352
0 -5.19 6.9 3.2441
0 -6.24 6.14 1.0555
0 -7.92 4.87 1.6613
0 -8.41 2.12 1.4792
0 -7.95 2.82 1.1086
0 -7.24 3.16 0.8697
0 -6.85 2.44 5.6163
0 -5 5.63 4.7172
0 -6.93 6.73 2.7537
0 -7.08 5.38 4.694
0 -7.98 3.56 4.5605
0 -7.38 4.61 3.5377
0 -7.39 4.4 4.5453
0 -7.6 5.08 4.0121
0 -7.09 5.92 4.9946
0 -6.03 6.54 3.4125
0 -4.31 7.62 1.3373
0 -4.56 8.05 1.1272
0 -3.47 7.31 1.1901
0 -1.59 12.07 0.9413
0 -2.47 9.33 1.1766
0 -5.09 8 2.3919
