0.475 6.02 8.22 1.4997
2.325 7.11 8.79 0.8435
0 0.68 10.42 2.1509
0 -2.22 11.02 2.6981
0.8 3.75 8.66 1.6237
0 1.73 9.83 0.3218
0 0.51 9.35 1.3857
0 2.06 11.5 1.3422
0 1.79 13.74 3.5954
0 0.54 14.91 3.5172
0 0.05 15.95 2.4711
0 1.04 17.7 4.885
0 1.32 20.01 4.1987
0 1.27 19.43 3.7451
0 1.17 19.96 3.676
0 3.17 19.88 4.772
0 2.24 19.92 3.7926
0 2.69 20.42 4.251
0 0.76 21.03 4.5637
0 1.85 20.39 3.1418
2 5.62 14.63 2.542
8.225 10.41 14.43 2.0435
13.35 11.45 13.77 1.6857
1.375 10.51 16.9 1.5667
7.25 6.11 14.28 3.0353
0 4.43 12.91 1.5209
0 1.62 13.21 0.909
0 1.14 14.35 1.5656
0 1.75 15.99 3.5415
0 2.16 18.19 4.0044
0 2.27 19.35 2.2839
0 2.83 18.17 2.3566
0 2.86 19.93 3.9818
0 2.84 20.39 3.7253
0.075 2.96 19.96 2.9091
5.725 9.76 16.09 3.2729
2.85 8.97 15.44 3.2797
0 7.34 16.62 2.2872
1.525 4.6 16.52 1.1923
0 4.48 12.78 2.8009
1.2 0.61 13.24 0.3264
3.675 6.4 13.74 2.1685
1.025 5.59 13.24 1.3004
10.875 6.04 11.07 2.7939
0.075 6.57 13.75 3.6572
3.75 8.9 12.27 6.8539
10.3 8.8 13.29 5.3417
4.9 8.27 12.25 4.4209
0.05 3.37 15.46 1.873
0 4.22 18.11 3.4638
0 5.11 18.24 2.6486
0.475 4.56 16.05 3.4118
1.9 12.16 15.99 4.467
10.9 9.39 18.8 3.2814
0 8.34 18.85 1.3908
0 9.93 18.77 1.6795
0.7 9.5 19.33 1.8935
0 6.09 17.23 0.7364
0 6.71 17.74 3.3282
2.275 12.13 16.54 3.3015
2.725 11.23 19.38 4.3859
2.575 9.94 16.09 4.9681
3.45 5.72 14.78 2.3578
0.025 3.47 15.51 1.2468
0 4.65 15.36 1.8868
0 3.82 16.64 0.3901
0 3.35 18.82 1.6145
0 5.01 13.54 2.9896
0 1.57 14.93 1.0222
0 1.7 17.61 0.5105
0 5.82 19.83 1.5012
0 4.93 21.52 1.4068
0 6.64 16.63 1.5991
0 8.2 20.51 2.0741
0 8.52 21.62 2.4063
0 9.83 21.54 1.2111
0 9.81 22.63 1.8402
0 10.52 25.97 2.0015
0 10.56 24.43 1.6484
3.2 8.9 19.2 1.4568
1.2 7.18 15.58 3.5928
0 4.93 15.94 2.7126
0 2.96 20.79 1.9817
0 5.67 23.11 1.6337
0 10.34 25.31 2.488
0 11.62 25.34 1.6318
0 10.06 27.05 1.553
0 11.04 20.74 4.0298
0 7.84 20.82 2.3545
0 5.66 23.62 1.1452
0 11.83 25.72 3.5596
0 8.82 22.73 2.9276
0 8.32 20.51 5.1125
0 6.37 20.46 1.7945
0 5.05 25.77 2.0882
0 7.56 28.62 1.5632
6.55 10.29 20.31 1.2981
0.5 9.86 18.82 2.4686
3.85 10.41 15.71 1.7762
1.625 9.96 18.52 2.4261
0 6.12 20.84 3.7775
0 8.72 24.6 2.0236
0 10.79 23.72 2.9721
0 8.82 17.3 5.5883
0 7.25 18.62 5.2989
0 5.87 22.48 2.919
0 7.69 26.37 1.7263
0 11.01 29.07 1.9497
0 11.82 33.69 1.9386
0 14.73 35.71 1.5088
0 15.26 36.3 1.4869
0 15.69 36.9 1.485
0 13.37 27.4 1.7888
0 9.15 22.25 2.9253
0 5.79 23.72 3.3098
0 5.64 23.11 2.4196
0 7.91 22.63 2.2795
0 5.31 18.94 2.8521
0 6.22 21.88 2.1345
0 7.76 24.03 2.117
9.425 14.13 22.25 1.6774
0.575 13.77 20.82 2.5378
0.075 14.76 22.96 3.1886
0 14.28 26.32 1.7662
0.05 17.03 28.06 3.1697
0 14.13 29.68 1.4913
0 13.17 29.1 3.4406
0 14.23 30.21 2.7122
0 12.86 31.85 2.7018
0 14.25 33.04 2.3026
0 15.01 32.05 3.3741
0 12.71 28.62 3.5526
0 12.96 30.11 3.5251
0 15.16 30.31 3.2978
0 15.44 33.44 2.9657
0 15.64 37.89 1.3309
0 19.41 41.25 0.2014
0 20.89 38.34 1.8164
0 17.66 32.83 2.0332
0 14.05 30.36 1.5259
0 13.81 33.61 1.4053
0 13.77 33.14 2.3284
0 12.71 29.37 2.8934
0 11.17 26.55 2.8023
0 11.07 30.64 2.702
0 14.88 34.63 2.2835
0 18.29 36.88 1.4393
0 18.75 36.37 2.3421
0 16.65 33.24 2.2733
0 13.82 30.54 2.4656
0 13.82 30.84 2.4307
0 13.75 28.72 2.6777
0.025 15.92 28.62 2.4029
0.6 16.6 29.3 0.8913
0.325 14.22 27.15 2.2458
1.175 14.38 22.76 2.4707
0 13.29 26.32 1.5553
0 13.19 28.98 2.5118
0 13.85 29.68 2.6141
0 13.21 27.1 3.2463
0 14.58 26.45 2.8752
0 13.75 27.51 3.4349
0 14.23 27.05 2.7399
0.6 15.97 27.61 3.1355
0 14.43 27.63 2.1796
0 14.34 26.54 2.4227
0 14.43 30.69 3.036
0 15.01 30.44 3.3339
0 16.5 36.1 2.7422
0 17.91 34.83 3.3625
0 13.06 30.13 3.525
0 11.5 28.21 3.6317
0 14.25 32.89 2.2163
0 15.64 36.27 1.1926
0 17.71 38.06 1.7956
0 15.97 35.41 2.5799
0 15.44 34.27 2.0036
0 18.29 40.06 1.3148
0 22.08 43.39 1.1587
0 22.71 42.43 2.3844
0 18.77 38.29 2.381
0 18.29 36.55 2.1426
0 16.7 37 1.928
0 16.55 37.03 2.4854
0 16.62 34.27 2.3059
0 16.12 32.63 2.4738
0 13.17 32 2.4305
0 13.77 33.09 2.4877
0 14.91 32.53 2.8606
0 15.94 31.95 2.9141
0 14.05 32.51 2.3459
0 18.8 32.18 1.9569
0 19.38 33.67 2.4008
0 17.28 35.76 2.1252
0 17.91 38.6 1.0345
0 18.67 39.43 1.5666
0 20.44 39.33 1.5448
0 20.26 39.88 1.5736
0 21.83 40.41 1.9024
0 22.28 41.32 1.4841
0 20.87 38.87 2.42
0 18.42 36.17 2.5661
0 17.56 34.45 2.6802
0 16.5 34.88 2.2432
0 14.58 32.23 2.1314
0 13.82 33.7 2.1637
0 17.53 37.51 1.987
0 19.83 38.67 2.223
0 18.8 35.48 2.6248
0 16.65 33.47 3.0226
0 15.59 32.31 2.8771
0 16.05 33.24 3.2309
0 17.61 34.38 2.846
0 14.98 32.2 2.5554
0 14.98 30.64 2.0277
0 15.01 32.13 1.7243
0 16.07 31.68 1.9656
0 14.51 26.77 2.4911
0 14.48 28.77 1.9553
0 15.54 33.11 2.0996
0 17.21 35.92 1.574
0 18.85 38.11 1.4171
0 19.86 36.14 2.7667
0 18.06 37.1 2.9536
0 19.36 34.98 3.3647
0 17.38 31.32 3.2273
0 13.72 33.06 2.0416
0 15.09 35.41 1.232
0 16.2 35.46 1.4257
0 16.6 35.49 0.9904
0 17.71 35.01 1.438
0 14.98 32.3 2.4636
0 15.97 36.4 1.9829
0 19.3 36.45 2.1117
0 18.42 33.9 2.1556
0 13.49 31.93 1.5467
0 14.3 33.82 1.4848
0 16.37 34.43 0.4161
0 17.06 36.52 1.8192
0 16.73 38.09 2.2494
0 19.43 39.78 2.0153
0 18.62 38.44 2.1897
0 17.16 32.36 1.1179
0 16.65 35.39 0.6421
0 21.02 36.55 1.0657
0 21.07 38.67 2.2482
0 16.91 35.13 2.7847
0 13.65 30.74 2.1648
0 15.59 28.85 2.4354
0 14.86 30.44 2.6148
0 14 32.13 1.1655
0 15.54 33.8 1.2579
0 17.21 36.02 0.7444
0 17.39 37.68 1.431
0.65 17.38 31.32 2.3906
0.2 14.93 26.47 1.7805
4.8 15.49 26.09 2.2557
0 14.43 29.3 2.0967
0 15.99 31.55 2.3818
0 15.52 33.24 1.6372
0 16.17 36.6 0.689
0 18.34 34.68 1.606
0 17.19 33.34 1.1787
0 17.21 35.61 1.3705
0 17.33 37.08 1.6534
0 15.87 37.13 1.2593
0 15.87 35.99 0.9235
0 15.16 35.61 0.8661
0 15.24 37.16 1.0562
0 16.35 37.26 0.3498
0 18.14 32.46 1.5951
0 13.76 23.18 2.7169
0 9.65 24.43 2.7034
0 11.14 26.65 2.1745
0 8.57 28.29 1.1473
0 10.34 24.65 3.4558
0 7.15 20.08 3.3432
0 7.71 21.6 0.5221
0 6.85 23.77 1.8049
0 8.59 27.11 0.9213
0 9.93 24.68 1.4511
0 9.35 25.03 0.665
0 9.88 25.54 0.4578
0 9.93 22.88 1.5697
0 9.4 20.61 2.0381
30.45 13.6 18.09 7.0551
0.45 15.87 24.68 4.0033
0 17.61 26.81 1.3432
0 16.17 26.4 2.5279
0 14.02 26.71 1.6194
0 15.89 26.12 1.6941
0.075 10.94 19.2 1.7333
0.025 11.1 21.29 1.2825
0 9.7 23.22 1.3141
0 11.2 23.8 1.3575
0 11.25 25.51 1.6733
0 11.28 26.14 1.7894
0 11.98 25.54 1.4979
0 10.31 27.28 1.3527
0 11.78 19.3 5.1048
0 8.21 17.79 4.8382
0 5.56 18.75 0.9487
0 5.24 21.68 0.4784
0 6.28 22.82 1.0132
0 7.95 23.86 1.2519
0 7.97 25.46 1.2108
0 8.44 25.06 1.1669
0 8.57 25.08 1.861
0 9 21.82 2.6519
0 8.49 23.29 0.4595
0 10.09 20.06 2.1529
0 5.79 18.9 2.1313
0 3.77 17.91 0.9967
0 7.81 17.81 1.097
0 7.96 17.23 1.1548
0 8.34 17.73 2.4289
0 4.53 16.67 1.7216
0 3.52 16.66 1.3624
0 0.75 17.74 2.1427
0 1.3 19 1.6133
0 1.85 19.43 0.6976
0 6.44 16.75 2.7477
0 0.34 15.56 1.8658
0.35 3.77 17.84 2.9527
0 2.92 12.77 1.502
0 1.29 17.75 0.4788
0 3.9 15.06 1.5948
0 1.78 17.76 2.9578
0 1.3 19.91 3.0579
0 2.46 20.08 1.9157
2.75 5.74 14.95 1.4446
0.025 7.27 19.42 5.3613
0 0.89 16.03 4.3151
0 0.79 17.28 3.4466
0 0.82 17.13 1.0529
0 0.26 15.71 1.2484
0 1.02 14.55 1.2433
0 0.64 15.56 1.5111
0 1.3 12.11 1.1295
0 -4.27 9.49 1.3166
9.075 -1.62 8.03 0.7503
0.05 -3.72 8.29 0.2149
0 -2.18 7.86 1.816
0.975 1.53 9.4 3.3834
7.175 5.54 11.47 3.3106
5.85 9.92 13.31 3.9877
1.575 7.26 13.83 3.2006
0 5.2 15.05 0.5022
0 5.09 14.96 3.4067
0.875 8.17 14.96 2.8708
0 7.28 12.28 2.0374
0 6.75 11.22 2.4159
0 5.11 11.66 3.7435
0 4.59 13.36 2.6732
2.5 7.2 12.8 1.5633
0 5.54 12.2 3.8151
0 1.79 10.61 1.7899
0 -1.04 12.21 3.5325
0 -0.5 14.42 3.8145
0.325 1.81 9.96 3.9341
4.7 5.62 14.42 2.1802
1.25 6.12 8.34 2.6464
0.85 3.42 12.2 0.7406
0.225 7.8 14.84 1.2349
0 6.75 11.72 2.644
0 6.24 14.43 2.1649
0 5.03 12.19 1.1071
0 7.82 9.99 3.6433
0 3.65 12.91 2.8981
0 4.99 9.87 3.002
0 4.88 8.95 2.9725
0 2.89 7.83 2.192
0.25 5.01 8.95 2.6564
0 6.64 9.42 2.4801
0 5.6 8.24 2.2827
0 6.07 9.4 3.159
1.725 6.3 16.86 4.8849
13.775 8.42 16.98 2.038
0 5.44 15.49 0.9576
0 4.94 11.05 2.9441
0.025 7.68 12.74 3.0344
10.65 7.25 12.77 2.9012
14.15 9.44 14.94 5.1745
24.025 7.38 12.83 5.5618
16.05 8.34 13.29 6.3639
15.325 5.61 9.58 3.4591
2.4 3.04 10.52 2.9771
1.35 2.89 12.75 1.065
0 2.3 9.99 2.5329
2.525 6.73 11.22 4.7296
2.15 7.43 11.62 2.971
0.05 5.64 13.8 0.9611
0 2.99 13.95 2.1067
0.55 5.49 15.97 2.9585
0.775 6.21 15.58 0.8224
0 3.85 12.3 1.3273
0 3.02 15.84 1.7103
0.025 6.7 12.51 2.1385
0.2 4.02 17.06 0.5981
2.65 7.81 14.63 3.2637
0.925 10.59 16.1 3.2967
7.575 9.37 12.25 1.5566
0.275 6.87 13.31 2.52
1.45 7.48 14.5 1.0534
9.475 7.43 11.77 0.6783
0.05 3.54 14.96 0.9219
0 7.23 15.01 1.1262
0 5.77 18.29 1.5825
0 5.16 17.79 1.1574
0 4 18.83 1.4415
0 4.56 19.94 1.6246
0 6.75 20.03 1.9548
0 6.8 20.51 2.179
0 7.26 19.05 0.7241
0 10.02 15 0.9049
0 6.8 15.06 1.9382
7.05 7.29 11.62 2.5626
0 5.74 14.58 1.6186
30.175 6.17 10.76 3.6586
3.475 9.4 15.54 2.3782
0 8.27 17.21 0.895
4.475 8.87 18.27 4.5045
2.225 9.41 15.03 0.9352
0.375 4.56 18.22 0.5698
0.15 6.58 18.32 1.6843
3.2 7.78 15.03 2.7739
12.275 6.7 11.32 3.1335
0.675 5.44 14.2 2.3222
0 2.36 13.97 0.9592
0 8.27 17.15 2.1192
0.025 5.11 18.6 1.4544
0 5.49 14.2 2.8476
0 3.9 13.19 3.6385
2.375 4.48 12.77 2.4308
0 1.25 17.15 0.15
7.75 5.12 13.87 1.9248
0 3.37 13.93 2.6097
0 3.38 16.72 2.0869
0 3.95 19.88 2.9195
0 6.65 24.28 1.2842
0 11.3 23.9 1.5189
0 9.35 23.39 2.7636
0 5.94 24.86 2.1263
0 7.31 24.05 1.261
0 8.25 21.73 0.5493
0 9.33 20.18 2.3303
0 8.72 22.69 1.3718
0 6.35 24.25 1.0034
0 6.8 18.94 1.9994
0 5.14 18.75 2.2604
0 4.58 21.59 1.7553
0 6.85 25.84 0.7248
0 8.11 24.45 2.3157
0.675 8.38 17.13 4.3461
0.6 6.12 15.54 2.3082
0 5.56 16.52 0.9998
1.775 4.53 14.55 1.7858
0 4.68 14.53 1.6318
8.25 4.05 13.47 2.8231
4.625 6.65 15.46 2.2939
0 4.1 18.16 1.0706
0 4.6 21.47 1.7649
0 7.33 22.18 1.8719
0 9.25 22.15 1.5371
0 8.39 17.96 2.0633
13.075 8.42 14.55 5.0843
3.4 7.76 16.07 3.912
0.025 5.54 18.22 1.139
0 7.15 19.43 0.8372
0 7.23 22.03 1.0824
0 9.93 22.71 1.1058
0 9.43 23.82 1.5956
0 8.34 26.42 1.2192
0.225 11.93 25.56 1.2808
19.425 7.94 15.91 2.1715
5.75 7.23 11.34 3.7304
0.3 7.71 16.37 2.5498
0 6.37 22.53 1.4552
0 9.43 24.91 1.7164
0 11.63 28.19 1.4952
0 8.75 28.8 1.1598
0.025 10.04 20.86 3.523
1 6.85 16.27 4.0286
0 6.14 18.64 3.4882
0 8.4 21.35 3.6566
0 9.6 25.34 2.5467
0 12.26 27.63 2.3212
0 9.68 31.37 1.3954
0 12.21 26.82 2.6321
0 10.71 23.94 4.2454
0 9.55 23.72 2.808
0 8.16 26.98 1.4735
0 10.01 24.48 2.7643
0.05 9.58 19.47 3.4769
2.775 7.96 16.68 2.5413
0 5.69 21.37 3.3156
0 8.44 26.3 2.3211
0 10.11 28.14 1.4434
0 11.6 29.33 1.3371
0 11.6 29.86 1.0824
0 12.79 27.33 1.3023
0 11.67 19.73 1.827
0 13.85 24.03 1.0045
0 12.18 24.33 1.4157
0 10.12 24.82 3.6681
0 10.13 20.53 4.2703
0 6.9 19.15 3.5512
0 8.42 22.43 4.2837
0 8.11 22.1 2.1851
6.025 9.98 21.24 1.6534
4.2 10.72 22.69 2.2117
5.675 10.03 19.53 2.0132
0 7.96 21.45 2.8196
0 12.81 27.81 2.3928
0 12.69 31.42 1.7103
0 16.4 29.88 2.6279
0 14.38 26.14 3.0391
0 13.47 31.27 2.3014
0 17.03 30.31 2.1799
0 18.16 31.45 2.136
0 17.79 33.62 1.9206
0 18.28 33.85 2.8152
0 16.09 30.59 3.3984
0 14.25 30.97 3.2095
0 14 27.3 3.406
0 12.41 25.42 4.7974
0 15.64 30.04 5.1297
0 16.29 33.04 3.3513
0 16.27 36.17 1.1923
0 15.92 36.98 2.0332
0 14.43 30.74 2.8089
0 12.81 29.3 3.3652
0 12.86 31.98 2.4336
0 13.37 28.52 2.7133
0 10.56 26.19 2.9674
0 10.01 28.16 3.0059
0 12.85 31.42 2.4709
0 14.1 34.25 1.6589
0 18.27 35.31 2.5155
0 15.72 31.67 2.3816
0.65 13.87 29.45 2.9986
0 15.54 33.62 2.9089
0 19.45 37.81 1.8292
0 20.69 39.76 2.0395
0 20.46 36.55 2.8063
0 16.85 33.87 3.0411
0 12.26 31.67 3.109
0 14.76 31.02 3.2871
0 16.57 33.57 2.9837
0 16.5 36.37 1.3328
0 17.23 35.97 2.0731
0 15.01 31.75 2.7568
0 13.37 32.68 2.5972
0 14.45 33.77 2.9072
0 14.96 34.81 2.5777
0 16.5 38.01 1.9046
0 17.16 36.02 1.9415
0 17.23 33.87 2.8522
0 15.06 32.2 2.7178
0 17.03 35.79 1.9816
0 21.4 38.62 2.0751
0 22.59 39.35 2.7345
0 20.97 38.77 2.5716
0 19.02 39.2 2.5601
0 17.71 37.18 2.3902
0 16.12 34.33 2.0937
0 15.41 32.23 1.8982
0 12.86 34.15 1.1886
0 15.89 35.44 2.3454
0 17.13 36.47 2.3145
0 17.74 34.45 2.7736
0 14.93 31.12 2.6208
0 13.87 30.46 1.8847
0 12.79 30.44 2.1152
0 13.34 33.11 2.2695
0 15.01 33.77 2.345
0 14.86 33.69 2.1725
0 14.28 33.75 1.8755
0 14.91 34.83 2.1544
0 15.31 34.88 1.5318
0 16.45 34.33 2.0558
0 13.97 32.2 2.1114
0 14.4 33.26 2.0337
0 14.35 32.81 2.3679
0 15.99 31.12 2.4554
0 14.43 31.55 1.6587
0 15.44 32.1 1.7094
0 13.82 28.34 1.9269
0 13.29 31.35 1.4991
0 17.46 32.66 1.9334
0 14.48 31.12 2.5968
0 13.9 31.98 2.8811
0 15.36 35.74 1.7125
0 16.07 32.89 1.5406
0 14.35 31.24 1.4748
0 14.23 33.65 2.0807
0 15.97 34.3 2.2506
0 14.44 29.07 1.6035
0 12.66 29.88 2.172
0 14.52 34.15 2.1686
0 16.4 38.75 1.3676
0 18.42 41.42 0.4315
0 19.08 35.92 1.6639
0 15.47 32.16 2.3224
0 11.3 26.04 2.5462
0 12.67 27.04 2.4827
0 12.26 27.58 2.6611
0 13.22 30.79 2.0107
0 14.79 32.84 1.3843
0 16.71 36.7 0.1833
0 17.46 36.84 1.3296
0 16.68 35.18 1.1197
0 16.39 33.54 2.4983
0 18.65 33.91 1.2003
0 15.83 33 1.6383
0 14.53 26.48 2.4986
0 11.2 25.03 1.9897
0 12.95 27.65 1.1673
0 13.44 31.33 0.5229
0 13.81 33 1.0918
0 13.52 29.65 1.4362
0 10.39 28.97 1.4206
0 11.32 30.63 1.7691
0 13.31 31.4 2.2163
0 15.09 30.38 1.6122
0 14.75 29.37 1.1606
0 13.37 27.28 1.0869
0 13.53 28.06 1.8446
0 12.81 27.65 1.8055
0 11.53 25.45 2.5545
0 10.55 27.72 1.7549
0 12.03 29.65 1.1727
0 13.7 33.5 1.3764
0 15.39 35.19 1.6764
0 15.07 36.24 1.5077
0 17.74 37.28 1.0398
0 18.4 37.37 0.7159
0 16.96 36.32 0.668
0 16.41 32.56 0.9207
0 17.71 33.73 0.5328
1.025 16.56 33.24 1.0129
0.3 12.83 23.96 2.0414
0.3 13.62 21.55 1.6621
0.05 10.83 24.71 0.7106
0 12.54 24.56 1.3489
0 11.03 25.94 0.8162
0 11.72 27.57 2.1512
0 13.6 30.38 2.0052
0 14.98 30.18 2.279
0 15.43 31.9 1.7332
0 14.79 32.57 1.0661
0 15.07 35.34 0.4005
0 14.92 33.82 0.1916
0.4 16.43 30.04 0.7646
2.45 13.6 27.87 1.0115
0.075 10.3 23.28 1.4976
0 11.68 24.53 1.565
0 12.21 27.64 0.7169
0 10.35 23.57 1.6065
0.3 10.63 21.61 1.3357
5.65 12.8 20.41 1.8878
4.275 13.52 19.41 4.4602
0.65 11.57 19.45 2.9615
0 9.2 19.62 2.0179
0 5.84 20.13 2.319
0 8.6 25.14 3.5414
0.85 10.22 20.06 2.5082
1.825 11.6 19.32 1.7658
0 8.93 22.5 1.2182
0 8.65 22.96 1.8947
0 9.28 24.87 2.512
0 9.8 26.47 2.0158
0 11.33 26.76 1.3361
0.075 12.6 27.73 1.26
0.3 11.21 23.95 1.7146
2.3 9.22 18.9 2.8972
0.675 7.19 16.79 2.4783
0 5.07 18.46 0.352
0.025 8.22 18.46 1.7314
0 7.6 18.1 2.3261
0 4.07 19.17 1.3274
0 6.08 18.24 2.8948
0 6.44 21.89 2.0827
0 7.26 23.17 2.9354
0 6.27 21.42 1.6691
0 5.46 22.51 1.2107
0 5.24 21.81 1.1022
2.825 6.63 15.82 1.5027
13.575 5.82 13.14 2.5604
3.725 5.61 13.46 3.9359
0.65 6.21 13.9 2.1852
1.55 5.15 12.09 3.0123
0.4 1.69 11.35 1.6407
0 -0.17 10.81 2.3037
0.25 -0.77 12.6 3.0447
4.275 4.2 9.25 1.9951
0.65 3.04 11.56 2.2297
0 0.41 11.7 2.2299
0 0.24 11.66 2.8735
0 1.05 12.92 2.0844
0.05 2.07 12 2.6678
0.05 5.5 12.16 1.1034
3.6 7.99 16.63 3.0763
5.85 8.73 17.16 3.2961
0.775 5.95 16.63 3.7107
0.3 5.32 17.25 1.8644
2.05 7.17 14.98 2.3896
0.95 10.03 17.99 1.4197
0.05 10.22 18.69 1.4297
0 12.27 16.02 0.416
0 12.16 14.77 2.4517
0 11.05 14.42 1.3582
5.475 10.82 12.5 1.5148
0.9 3.85 13.13 1.1934
2.575 1.43 10.24 1.9017
7.025 5.04 11.7 3.6254
6.4 9.62 14.09 5.0808
8.325 11.14 16.26 5.3479
4.575 8.35 13.55 2.6333
1.325 5.06 13.56 3.3207
7.225 8.28 14.66 1.8041
0.1 7.15 15.58 0.4242
0.15 4.9 11.76 3.1733
8.225 7.39 13.06 5.51
0.125 4.58 16.01 1.8792
0.2 5.28 13.11 0.4555
9.275 5.56 10.92 1.7911
5.575 3.68 13.33 4.1057
0 0.95 10.86 2.3167
0.175 -1.11 10.07 1.2507
10.25 5.26 10.58 4.6707
18.35 6.65 9.13 4.7839
1.2 0.46 11.23 2.1049
3.55 0.72 9.15 2.8153
0.025 -0.06 8.32 3.4159
0.05 2.12 5.71 4.1492
0 3.21 5.29 2.2303
0 3.14 5.19 1.084
0 0.37 5.26 2.0245
0.925 -1.33 7.82 2.4655
1.925 1.66 8.86 3.551
0.2 4.04 12.51 2.7288
1.15 3.12 12.82 1.253
0.125 6.01 12.61 1.1825
0.05 4.11 12.68 2.5987
0.025 8.09 11.4 1.347
0 8.88 11.1 1.2406
0.025 6.56 15.69 2.7266
0 4.15 12.63 2.139
0 2.3 15.69 3.6465
0 2.11 16.2 3.1234
0 3.78 15.62 2.3745
0 3.77 15.52 3.8978
0 2.55 17.4 1.274
0.025 4.09 13.16 1.7345
0.1 3.66 11.81 4.5795
0 4.54 9.62 3.4685
0.05 3.7 8.88 1.4609
2.2 4.23 8.81 0.5176
3.625 6.29 12.93 1.737
1.125 3.79 14.35 1.1137
0 2.29 14.06 1.2469
0 2.02 16.25 3.0312
0 1.15 15.96 1.8206
0 2.06 16.64 2.0343
0 3.44 19.04 1.8468
0 6.3 21.03 2.1203
0 4.75 21.25 1.1551
0 6.4 20.75 2.8322
0 2.5 15.82 2.9397
0 1.24 17.1 3.4149
0 1.74 18.17 3.6761
0 3.29 21.14 3.0488
0.025 3.3 21.07 0.864
0.9 6.33 17.93 4.115
1.85 6.92 17.73 4.7036
5.875 3.49 16.16 5.0209
14.6 4.75 11.15 4.5954
14.025 2.66 8.92 2.243
3.625 2.7 10.96 2.0129
0.45 2.84 13.35 0.6436
0 3.54 12.64 0.8425
1.7 2.15 15 0.7339
0 1.8 15.08 1.0873
3.9 3.17 11.88 1.9294
12.05 2.58 12.31 4.5501
2 -0.03 10.06 1.2425
0 -0.38 12.99 0.372
0 0.03 14.73 2.133
0.475 2.23 16 1.9643
0.775 8.53 18.16 4.1401
0.5 8.13 19.38 1.1495
0 5.63 21.46 1.2455
1.2 9.09 21.4 0.8523
3.35 11.46 17.07 1.7841
0.825 9.34 18.01 4.1821
0.175 9.42 17.97 0.5789
0 7.57 18.64 1.3284
0 7.38 20.06 0.6662
0 6.33 18.42 1.6511
0.125 6.63 19.08 0.489
1.6 8.94 20.02 1.559
1 12.86 21.66 1.3922
1.475 11.01 22.45 1.6064
1.325 10.91 21.99 1.8518
0.325 4.55 17.52 0.7272
6.775 6.2 16.47 3.6618
9.2 5.83 11.33 4.5927
12.2 8.6 13.35 4.5091
9.725 5.73 13.28 2.0578
1.525 3.65 15.78 1.8604
4.175 7.83 14.95 5.3488
15.075 7.8 14.17 5.2288
3.225 5.79 14.43 3.2611
9.525 8.15 13.22 3.0507
0.6 5.61 17.62 1.2549
0 9.11 16.39 1.1349
0 6.53 19.48 2.1072
0 10.14 23.8 2.4286
0 11.49 25.12 2.4435
0 11.49 28.11 1.7115
0 15.1 27.95 1.6411
0 9.36 20.01 2.1191
0 7.61 23.78 1.4955
0 9.49 24.87 2.0061
0 9.87 22.9 2.666
2.925 6.69 18.13 3.5299
0.175 2.57 14.51 1.7582
0 3.06 18.2 1.5163
0 4.48 20.57 0.6611
0 7.21 20.12 1.9811
0.025 5.79 20.39 2.2431
0.1 5.57 17.4 2.4899
0 5.88 18.81 0.8412
0 7.11 23.12 0.8025
0 10.46 25.22 2.0427
0 12.82 26.37 2.4222
0 13.11 23.53 2.3202
0 13.72 22.19 1.5061
0.075 13.63 23.38 1.9795
0.025 11.7 21.37 1.9392
0 9.09 20.2 1.2543
0 8.91 21.48 0.8793
0.175 11.09 21.87 1.6319
0.1 10.29 22.58 1.9767
0 8.17 21.87 3.1124
0 7.4 23.89 1.6852
0 8.49 23.62 2.5364
0 7.99 21.96 4.9867
0 9.17 23.46 3.6263
0 9.97 26.42 1.63
0 11.09 28.94 0.7146
0 11.6 28.01 1.616
0 14.23 31.08 2.8459
0 14.58 34.41 1.1919
0 12.98 30.94 1.8887
0 10.27 26.61 2.0832
0.025 10.78 21.58 2.7593
0 7.17 21.6 3.2549
0 9.86 24.88 2.8036
0 9.08 25.95 2.0333
0 9.63 26 1.6951
0 10.46 27.58 1.5301
2.575 9.66 20.55 2.4759
6.525 8.18 15.42 2.2686
1.475 7.97 17.11 1.8929
1 9.81 16.28 3.1962
1.55 9.98 18.82 2.2382
0 9.26 24.85 2.9135
0 10.98 27.47 2.0604
0 12.07 27.09 2.6261
0 10.88 25.53 3.6496
0 9.98 23.44 4.7611
0 8.94 24.13 2.7763
0.125 11.09 22.28 2.3886
0 9.55 21.47 2.1153
0 11.27 22.56 2.841
2.95 10.48 21.36 3.948
0.4 8.43 22.88 4.7537
0 9.88 23.7 2.5472
0.1 10.78 23.34 2.1476
1.675 11.21 19.87 2.38
0.1 8.34 21.28 1.6157
1.075 8.78 21.61 0.5883
14.175 12.21 19.08 4.0263
15.475 13.5 21.25 0.9565
12.1 13 22.76 2.7954
0 11.67 24.15 2.5468
0 12.28 28.17 3.0958
0 12.08 29.57 2.1124
0 12.58 29.06 3.2629
0 11.61 26.71 3.4223
0 12.6 28.36 2.8555
0 13.93 31.57 2.8416
0 16.2 33.69 2.8959
0 17.76 34.95 2.6514
0 15.74 33.4 3.0484
0 14.74 31.77 2.3338
0 13.34 32.06 2.6616
0 15.86 32.58 2.512
0 18.2 35.4 0.9696
0 19.76 37.79 1.045
0 20.61 38.73 2.434
0 16.53 35.73 2.433
0 13.12 32.27 2.5545
0 13.14 32.15 2.7886
0 14.07 32.11 2.8006
0.225 15.52 33.82 2.9182
8.05 16.79 30.71 1.9989
2.45 13.88 24.24 2.2854
0 13.09 27.81 2.622
0 15.2 32.02 2.3606
0 16.8 36.31 1.8077
0 18.61 36.54 1.5758
0 20.51 38.46 1.7339
0 19.09 38.9 1.6272
0 21.37 39.24 2.3657
0 18.99 38.66 2.3417
0 17.17 37.57 1.9001
0 16.1 37.56 2.5304
0 12.65 33.81 2.4827
0 12.84 31.48 2.4467
0 11.9 30.45 2.5532
0 13.96 29.97 3.0392
0 11.79 28.2 2.816
0 12.26 26.61 3.3934
0 12.83 29.12 2.9026
0 14.4 28.79 1.9956
0 13.53 29.73 1.1309
0 14.4 31.36 2.1474
0 15.77 32.97 2.1693
0 16.13 35.42 2.3628
0 16.15 35.45 2.6741
0 16.36 35.11 1.9735
0 15.44 33.75 1.607
0 13.39 33.2 2.1318
0 14.23 33.35 2.3271
0 15.22 34.46 1.7965
0 14.52 35.79 1.9554
0 17.37 35.62 2.5306
0 15.68 34.36 2.8352
0 15.25 33.9 1.8745
0 14.47 33.23 1.1934
0 14.96 33.33 1.7113
0 16.03 34.21 2.0921
0 14.11 32.02 2.8863
0 13.73 31.78 2.5099
0 15.9 33.28 2.8492
0 15.44 32.64 2.4327
0 14.05 33.14 2.0005
0 13.81 33.83 2.0844
0 16.08 34.96 2.2468
0 15.05 33.49 2.5838
0 14.53 32.16 2.2457
0 16.88 34.76 1.4179
0 16.74 34.43 2.2802
0 15.64 34.01 1.8869
0 15.06 33.87 1.9508
0 15.02 34.16 2.0827
0 15.63 34.24 2.3264
0 14.9 33.19 2.8188
0 14.11 32.11 1.8107
0 13.93 31.8 1.2306
0 14.01 32.17 1.3224
0 15.29 34.32 1.2573
0 17.82 35.97 1.8182
0 16.12 34.96 1.2381
0 16.99 35.64 0.7456
0 17.6 35.14 1.1639
0 16.2 34.98 1.3323
0 15.67 34.54 2.1238
0 14.06 33.19 1.7356
0 13.96 32.15 1.6846
0 15.17 32.49 0.8285
0 16.93 35.78 0.2781
0 15.95 34.79 0.9524
0 15.3 34.39 1.081
0 13.84 33.39 1.7789
0 14.38 34.8 1.363
0 15.73 35.12 1.5008
0 16.1 34.7 1.52
0 15.81 35.69 1.5869
0 19.19 35.94 0.5899
0.25 17.1 30.83 1.4176
0 15.72 30.96 1.7192
0 15.97 33.29 1.077
0 17.48 33.81 1.747
0 14.66 32.57 2.293
0 12.9 29.66 1.7707
0 11.19 29.38 1.9801
0 13.71 31.5 0.9651
0 15.47 34.23 0.6941
0 16.83 35.77 1.2833
0 16.34 36.56 1.1023
0 16.15 36.2 0.938
0 17.42 36.68 0.8771
0 17.38 36.19 1.4747
0 13.41 26.05 1.9254
0 13.05 27 2.3986
0 13.3 29.69 1.7188
0 15.07 33.29 0.7567
0 16.25 34.87 0.8179
0 15.13 30.66 0.9624
0 12.44 28.21 1.891
0 12.81 27.42 1.5484
0.05 11.76 24.26 1.676
1.75 13.12 22.87 1.8606
14.4 12.57 22.73 3.0288
3.5 9.23 18.43 0.8229
0.425 8.24 21.02 1.1091
0 8.99 23.85 0.9028
0.025 10.6 25.62 1.3755
0.025 13.54 24.4 1.3479
0 16.18 26.5 1.4906
0 14.34 26.18 1.3454
0 13.67 29.24 1.2892
0 14.03 30.15 0.9493
0 15.4 29.77 0.991
0 14.94 28.11 0.7907
0 14.07 29.18 1.3622
0 13.23 29.31 0.9639
0 12.39 26.11 1.5373
0 12.44 27.33 1.2892
0 12.34 26.97 1.5177
0 12.44 28.72 1.7912
0 12.13 30.01 1.0091
0 13.19 29.39 1.1085
0 11.43 23.2 1.4367
0 10.16 26.16 2.0981
0 8.24 23.44 2.3959
1.975 7.8 24.49 1.3953
0 8.94 24.91 1.1016
0 9.32 25.61 1.9373
0 9.61 26.58 1.2
0 12.48 25.98 3.1927
0 9.08 23.26 3.7079
0.175 6.3 23.72 2.2925
1 6.82 17.58 1.5717
0.875 4.95 15.14 0.2635
1.9 7.22 15.22 1.0862
0.15 5.89 15.39 0.7447
0 2.78 16.96 1.6599
0 2.85 17.69 2.7505
0.225 3.27 19.91 3.3627
3.125 8.41 16.3 4.2862
0.475 8.82 17.02 0.838
0 7.96 19.1 0.7229
0 7.87 18.48 1.5273
0 6.35 18.42 1.2003
0 6 20.54 1.043
0.075 5.64 21.65 0.8465
0.25 8.17 19.47 2.4097
0.425 5.18 15.32 1.7515
2.7 5.6 14.3 3.9232
0.025 4.93 14.21 1.8713
0 3.68 15.74 2.8031
0.1 4.57 15.41 4.1816
1.15 7.68 15.8 1.4863
0.7 5.39 16.55 0.4478
0 5.83 15.01 2.3998
0 4.83 13.16 2.0974
0.075 6.13 13.69 1.0234
0 5.05 12.83 1.4422
0 6.92 15.48 4.2156
0 7.39 19.53 6.8007
0 5.42 17.53 3.1288
0 3.83 17.21 3.9106
0 0.62 15.46 2.1257
0 -0.4 15.6 3.3406
0 -1.02 14.36 2.6547
0 -0.87 15.03 2.3387
0 -0.65 15.45 2.0641
0 -1.34 15.85 3.4299
0 -0.1 15.83 2.4589
0.1 1.77 14.23 0.2512
0.1 4.65 12.17 1.1293
0 1.78 13.75 1.1272
0.225 -0.19 14.37 0.835
1.85 2.6 11.49 0.9037
0.175 0.81 12.51 4.2217
0 0.51 12.9 3.6582
0 -0.13 9.81 1.6752
0 2.21 14.87 3.0534
0 -0.02 12.36 3.3438
0 -2 12.11 2.6314
0 0.12 14.59 4.3606
0 -2.2 12.83 3.5496
0 -2.64 13.52 4.1268
0 -1.51 13.77 3.0294
0 -1.88 14.07 1.0595
0 0.02 14.38 1.1781
0 1.91 15.72 1.2748
0 3.92 15.36 0.7411
0 5.12 15.65 0.9424
0 4.27 13.3 2.1648
