0.9 -17.66 1.05 1.5857
4.825 -8.02 -0.77 1.6049
2.6 -12.32 1.73 1.6457
0.8 -15.89 -4.34 4.3432
1.925 -14.63 -4.3 1.6562
0.85 -9.08 -2.73 0.661
0 -9.35 0.4 1.3278
0 -7.63 0.67 0.7007
0 -10.44 5.3 4.6443
0 -10.65 3.28 3.1989
0 -8.3 3.3 2.1723
0 -7.9 7.95 5.4393
0 -6.52 7.93 3.7136
0 -9.35 6.76 3.0863
0 -7.32 7.88 3.7909
0 -8.13 8.71 4.884
0 -8.58 6.68 4.2211
0 -8.64 5.04 4.7813
0 -7.6 6.5 4.8533
0.1 -8.05 4.55 3.3598
15.525 -6.25 6.9 2.736
28.375 -4.73 4.96 2.1493
32.325 -9.23 4.24 1.583
48.7 -3.85 1.28 2.765
14.3 -7.35 -0.22 3.6872
0.95 -13.27 -5.55 0.7585
0.025 -14.42 -5.25 1.2306
0 -11.65 -1.86 1.4723
0 -10.17 1.49 4.2726
0 -8.29 5.53 4.5197
0 -6.52 6.49 3.0733
0 -6.46 6.35 3.239
0 -8.77 5.67 3.7181
0 -8.66 7.58 3.7717
0 -6.06 9.53 3.0004
7.225 -3.87 8.2 2.5466
15.4 -7.07 1.08 2.6396
7.175 -8.2 -2.39 2.8733
21.475 -8.76 -0.19 1.3303
13.05 -12.34 -0.76 3.8669
4.7 -16.39 -6.66 0.5477
11.65 -11.89 -5 2.4609
5.4 -10.7 -3.97 1.4375
11.875 -10.96 -3.7 3.0261
6.925 -10.85 -5.15 3.1616
3.4 -9.9 -2.64 5.3844
26.65 -8.32 -3.51 5.4986
20.725 -9.02 -5.73 4.1803
3.35 -12.85 -4.51 1.0346
0 -11.49 -2.91 3.3617
0 -11.91 1.11 2.4661
7 -10.57 3.08 3.7891
25.475 -7.88 1.74 3.2915
15.975 -5.53 -1.76 2.4143
4.95 -7.26 2.28 1.5905
2.475 -6.41 5.29 1.5104
0.225 -6.78 0.02 2.6602
0 -8.07 3.99 0.4456
0.025 -7.86 6.44 3.796
19.725 -3.71 6.44 2.862
31.975 -3.73 4.48 4.08
24.35 -5.08 2.24 4.963
21.875 -8.59 -2.65 3.2192
3.45 -13.8 -4.31 0.7363
1.425 -11.97 -1.02 1.9176
0 -12.73 -1.33 0.2497
0 -12.19 2.57 1.5993
0 -9.2 4.86 2.735
0 -12.84 -0.75 0.4979
0 -11.1 3.94 0.7446
0 -9.26 4.34 2.342
0 -8.31 6.74 2.6921
0 -8.64 8.49 1.3973
0 -6.99 6.16 2.3947
0 -3.81 7.33 2.7851
0 -5.16 10 1.0857
0 -5.28 10.71 0.9596
0 -3.37 13.02 0.8057
0 -4.58 13.1 0.7383
21.875 -3.15 12.52 2.1095
25.975 -9.04 4.43 4.2907
2.05 -14.42 -5.61 2.2524
0 -12.54 -2.18 1.8707
0 -10 5.73 0.434
0 -5.85 8.66 2.1488
0 -6.94 10.06 2.1147
0 -6.17 9.94 1.3319
0 -3.35 12.74 3.3179
0 -8.68 8.6 1.9661
0 -7.15 7.12 0.3382
0 -5.1 9.3 2.5501
0 -4.36 11.49 2.6033
0 -6.86 9.27 5.4212
0 -11.32 2.31 1.8405
0 -9.71 6.05 2.9644
0 -7.74 10.22 2.6867
13.55 -4.84 12.59 1.4475
16.375 -7.5 10.5 3.6099
10.9 -7.13 0.85 1.7838
5.425 -6.53 2.36 2.181
1.225 -7.58 1.53 3.7903
0 -6.27 5.31 1.5814
0 -5.6 11.01 1.9408
0.275 -4.18 9.27 4.4523
0.2 -12.34 2.82 6.3989
0 -10.55 1.84 3.4601
0 -8.2 6.38 1.5337
0 -5.53 11.75 3.1384
0 -3.43 15.35 2.9606
0 -0.21 18.15 1.6022
0 0.92 20.42 1.0707
0 2.25 20.98 2.2064
0.125 2.24 19.6 3.0542
2.15 -1.37 13.55 3.5153
1.225 -9.05 3.27 3.7408
0 -7.18 6.82 1.9379
0 -5.32 9 2.3783
0 -5.03 9.63 3.3512
0 -7.55 6.65 1.5321
2.2 -4.4 10.7 1.9659
48.125 2.17 13.47 2.1841
32.875 -2.1 8.01 2.8151
4.55 0.12 6.18 3.8927
2.575 -3.07 6.31 2.0055
0.425 0.5 10.71 3.8797
0 -1.74 12.74 2.4949
0 -1.23 15.51 2.7833
0 -0.28 16.53 1.5963
0 -1.09 17.41 1.0127
0 1.1 17.87 0.7427
0 0.29 18.59 3.0057
0 -0.43 17.19 3.2918
0 -1.24 15.82 2.2421
0 -0.53 15.5 3.2013
0 1.37 16.86 1.5029
0 1.61 19.41 1.7657
0 5.13 23.15 0.3341
0.175 7.07 24.79 2.5246
0.1 4.91 23.91 2.9791
0 2.38 19 1.8884
0 1.82 18.48 0.8714
0.225 2.44 19.65 2.4431
0.15 2.11 19.15 2.9349
0 1.88 17.62 2.7444
0.075 1.55 17.24 1.7673
0.05 0.87 17.85 1.1724
0 2.83 18.78 0.7403
0.65 4.11 20.66 1.6963
0.55 3.49 19.93 2.3721
13.45 3.83 18.52 3.3604
9.725 3.47 18.11 2.1324
1.55 3.5 17.56 1.8794
0.025 2.36 15.94 2.2044
0.7 3.25 15.46 0.7866
10.55 -0.27 12.9 2.225
8.9 -1.57 13.21 3.8534
4.275 -3.43 5.66 2.6622
1.675 -1.59 6.59 2.8117
0.8 -0.32 11.79 2.5516
0.5 1.82 14.72 3.4043
0 1.97 13.96 3.1136
0 -0.5 12.37 3.3197
1.675 0.24 13.73 2.0961
2.65 1.8 12.9 3.6976
1 -0.66 12.46 2.5797
1.1 0.19 13.7 2.4009
0.85 1.35 14.1 2.2861
0.175 3.66 14.35 2.88
0.075 3.72 17 1.5718
0 6.17 21.8 2.6815
0 3.48 21.1 3.3365
0 1.27 16.11 3.1471
0 0.18 15.05 1.1297
0 1.85 17.4 0.8034
0 4.51 20.74 1.3563
0.05 5.33 23.51 2.7081
0.025 3.92 21.2 1.6831
0 5.39 22.03 0.8659
0 6.3 25.17 0.4236
0.375 8.25 26.78 3.0146
0.175 8.19 26.04 3.0391
0 6.91 23.99 2.2346
0 8.17 24.35 1.5411
0 6.66 23.09 2.9172
0 5.45 23.52 2.5257
0 5.08 22.71 2.8479
0 4.28 23.2 2.7189
0 3.75 20.79 2.9811
0 3.87 20.16 2.6349
0 2.67 20.93 2.557
0 3.34 20.34 1.9135
0 5.64 21.96 1.9828
0 6.48 22.51 2.4307
0 6.15 22.05 1.3389
0 5.63 23.48 0.6652
0 6.98 24.47 1.6518
0 8.09 26.63 2.1523
0 8.9 23.43 1.9508
0 9.36 27.4 2.1205
0 10.88 27.93 1.9625
0 11.02 28.4 2.496
0 9.01 27.59 2.5429
0.025 8.04 26.02 2.1706
0.075 9.26 26.88 2.0548
0.025 8.19 25.68 2.162
0 8.09 25.97 2.2149
0.475 8.18 26.19 1.9563
0.35 8.34 26.28 1.8013
0 9.9 26.62 2.0089
0 8.75 26.41 2.7897
0 8.35 25.32 2.4454
0.175 9.27 25.01 2.3211
0.1 8.02 25.32 2.3811
0 7.58 24.64 3.0837
0 5.31 23.16 2.786
0 6.18 22.98 2.3947
0 8.14 22.45 2.6616
0 5.12 20.57 3.3982
0 1.04 12.37 2.0202
0 1.53 14.64 1.246
0 3.85 18.96 0.1781
0 5.07 22.31 1.1236
0 7.92 24.04 2.9129
0 8.08 24.96 2.7209
0 6.78 24.11 2.9691
0 5.76 22.77 3.2168
0 3.47 20.91 1.317
0 2.72 20.31 0.2794
0 4.24 22.3 0.627
0 5.03 23.94 0.9415
0 6.14 26.39 1.2575
0 7.74 27.28 1.8467
0.15 8.71 26.88 2.2719
2.975 8.69 27.28 2.352
3.2 7.3 22.32 3.3538
0.875 5.06 19.78 1.6703
0 4.37 21.39 1.7007
0 4.15 22.77 0.6846
0 4.44 23.51 1.3578
0 6.11 23.44 1.0037
0 6.8 24.1 1.3558
0 6.33 25.52 3.1187
0 7.56 23.05 2.2218
0 6.07 22.68 1.183
0 5.86 23.9 0.1875
0 7.83 23.75 1.3536
0 7.02 23.78 2.0162
0 4.49 22.47 2.1688
0 3.47 21.25 2.0303
0 2.91 19.24 1.357
0 3.62 19.88 0.5008
0 3.82 20.09 0.9582
0 5.7 22.2 0.3713
0 6.31 23.19 0.9656
0 7.41 25.62 1.4821
0.65 5.38 22.79 2.4409
0.375 2.72 18.63 2.7991
0 0.93 16.85 1.4771
0 2.55 18.89 1.0853
0 4.38 21.08 0.3717
0 3.29 23.09 1.1781
0 6.17 24.64 2.4252
0 5.61 22.81 1.0028
0 7.41 19.19 2.7608
0 4.06 23.74 2.6245
0 5.97 23.96 1.7232
0 4.02 23.67 0.9002
0 3.47 23.77 0.7703
0 7.06 24.62 1.1813
0 4.04 25.48 0.3576
0 4.47 25.4 2.2595
0 5.82 21.38 2.6712
0 -4.52 11.53 2.3318
0 -5.01 10.11 2.6075
0 -2.37 14.1 0.8814
2.125 0.23 15.67 3.2302
1.325 -6.45 12.16 3.6441
0 -8.3 0.49 0.3459
0 -7 7.45 3.274
0 -6 9.38 1.7939
0 -3.69 10.96 1.3919
0 -3.65 13.36 0.8619
0 -1.84 15.03 0.5749
0 -3.16 14.02 2.0852
9.55 -1.79 13.86 2.0028
42.375 -1.07 7.84 6.3102
23.325 -0.68 4.87 4.606
0.1 0.28 8.92 0.7501
0 0.56 14.39 2.254
0 -0.12 15.96 1.2372
0 1.76 18.15 2.103
1.475 2.77 14.72 2.5809
0.9 -5.57 6.89 2.5627
0 -5.18 8.35 1.0856
0 -3.58 11.9 0.6278
0 -3.16 12.64 0.8224
0 -1.14 14.68 1.095
0 -1.46 12.53 1.9036
0 -2 12.36 1.2487
0.925 -2.41 14.13 4.0533
0.65 -7.87 0.24 5.1108
0 -9.5 1.01 0.8363
0 -7.52 5.13 0.0351
0 -4.64 10.43 0.8974
0 -3.74 12.66 0.8196
0 -1.67 14.56 1.148
0 -1.65 15.72 1.1401
0 -1.61 16.06 1.7547
0 -1.09 14.99 2.321
0 -4.53 10.98 0.7128
0 -5.76 9.5 1.3584
0 -7.39 7.33 1.8374
0 -6.76 6.45 1.3706
0 -5.99 9.49 0.8566
3.45 -2.39 9.24 0.6934
5.8 -2.91 9.79 2.0982
2.525 -8.2 1.63 1.0622
0 -9.77 2.24 1.1129
0 -10.09 2.63 2.866
0 -7.9 5.12 2.2613
0 -7.24 8.45 1.8396
0 -6.7 10.27 1.1644
0.5 -9.32 5.16 2.3893
2.425 -7.49 6.76 3.9758
1.275 -7.03 5.97 0.9089
0 -6.98 1.89 0.5371
0 -9.29 6.17 2.5349
0 -8.82 4.37 3.8779
0 -7.79 5.96 4.2304
0.675 -8.17 6.69 2.778
2.15 -6.04 7.66 1.3888
1.075 -7.65 5.4 4.9039
0 -9.73 -1.67 5.2919
0 -9.72 1.49 3.8867
0 -9.15 3.93 1.5739
0 -9.89 3.98 2.3502
0 -11.55 5.47 2.2063
0 -10.71 1.98 2.1473
0.05 -8.3 4.65 1.2422
15.275 -12.99 1.18 2.2762
16.25 -10.17 -2.31 1.1374
4.4 -20.98 -8.6 0.6521
0 -21.32 -7.92 1.8429
4.575 -18.11 -6.16 2.9012
31.5 -9.74 -2.16 2.7269
64 -6.62 -1.8 3.6844
31.9 -8.17 -1.59 4.7032
1.875 -13.3 -3.51 0.7962
0 -12.24 -4.95 2.9388
0 -10.82 -0.21 2.3013
0 -9.14 1.02 2.2688
0 -9.31 0.54 2.8015
0 -10.48 -0.26 4.0752
1 -9.24 -0.75 2.9111
14.15 -7.53 3.92 1.9104
10.15 -11.38 2.06 3.7109
0.15 -16.18 -5.35 2.9571
0 -13.14 -2.31 3.7646
0 -12.74 0 3.6279
6.35 -12.66 -3.75 3.96
3.8 -11.97 -1.93 1.908
2.575 -12.55 -3.49 3.2466
9.4 -9.74 -3.36 0.7273
4.95 -8.57 -2.84 1.5062
0.1 -8.88 -2.07 2.3881
0 -8.91 1.07 1.8278
0 -10.26 1.77 1.1763
0 -10.78 0.24 3.9953
0 -10.7 1.06 2.9314
0 -9.91 1.71 2.3299
0 -9.58 1.67 2.8569
0 -7.48 2.74 2.9047
0.075 -6.78 4.09 3.1349
1.825 -6.3 4.02 2.2707
0.925 -3.94 2.19 2.4529
1.25 -5.99 1.26 3.0612
21.075 -6.2 3.2 4.3082
12.975 -5.56 2.07 2.1126
0.15 -9.6 -0.26 1.4831
0 -10.82 -0.15 3.318
1 -8.24 2.7 1.7847
32.225 -8.54 4.3 2.4738
54.925 -7.2 0.33 4.575
36.3 -8.58 -3.99 5.3562
40.375 -8.43 -4.9 6.2398
49.6 -10.74 -5.64 4.0232
25.175 -10.14 -7.21 4.2862
4.125 -12.52 -7.12 0.8794
1.7 -12.8 -6.06 2.0217
6.7 -12.64 -4.84 3.4901
3.5 -8.04 -3.1 2.8441
0 -9.28 0.63 1.3818
0 -11.88 1.12 2.8397
1.425 -11.71 -2.6 3.112
0.85 -8.43 0.85 1.5121
0 -14.04 0.32 1.0562
0 -16.06 -1.98 1.6959
0 -10.06 0.08 1.8974
0 -8.89 0.75 0.6043
9.6 -8.7 0.71 2.4734
16.675 -6.59 1.6 3.3891
14.05 -6.64 -0.98 1.8061
4.475 -8.22 -2.46 2.5689
0.775 -9.74 -1.91 1.4375
2.025 -9.9 -1.69 2.4189
0.95 -10.42 -2.76 0.5201
0 -9.58 -0.59 0.929
0 -7.54 1.4 1.0284
0 -8.07 4.1 1.4579
0 -9.11 5.11 1.5391
0 -7.71 7.35 0.8728
0 -6.65 7.43 1.7424
0 -6.03 7.86 2.4477
0 -5.62 8.32 1.3914
2.575 -7.89 7.06 1.4166
6.1 -6.7 2.66 2.5133
19.15 -6.58 2.26 3.1727
9.7 -12.03 -3.52 2.5094
18.5 -11.49 -1.26 3.5409
25.775 -8.18 1.15 2.9455
2.775 -9.13 -0.69 0.5912
36.225 -8.76 3.21 4.3829
24.525 -7.2 2.91 1.883
1.6 -8.19 -2.55 0.7628
0.675 -8.54 3.16 2.4614
7.375 -5.76 5.35 2.7177
20.75 -7.54 2.74 3.2249
10.025 -10.15 -0.83 3.3354
0.075 -11.47 -2.7 1.2666
0.075 -8.89 1.23 2.7197
0.025 -9.25 1.23 0.8032
6 -8.72 3.46 2.3892
4.6 -13.68 -1.58 4.0066
0.575 -11.11 -1.82 2.0292
0 -12.85 -2.77 0.5022
30.75 -9.27 3.56 2.1824
18.6 -9.59 4.14 2.593
0 -12.56 -0.64 2.7313
0 -10.09 5.13 3.8232
0 -7.74 9.6 1.6214
0 -5.78 11.33 0.677
0 -4.42 11.27 3.0499
0 -9.74 7.93 2.128
0 -4.25 12.06 2.1615
0 -5.9 11.32 0.9742
0 -6.09 9.82 1.2145
0 -7.71 9.78 2.4861
0.875 -7.41 10.29 2.2753
2.35 -4.83 10.77 2.6206
1.075 -9.55 3.56 2.7104
0 -8.37 0.96 2.9362
0 -7.13 8.69 1.5516
3.275 -3.92 11.57 2.7501
11.2 -4.78 11.97 5.9869
5.65 -8.53 0.35 3.3899
1.175 -11.8 -1.06 0.9134
8.025 -10.47 4.52 2.4194
2.1 -7.04 2.16 2.224
16.875 -9.6 1.86 2.7506
10.425 -10.19 -0.9 3.6504
0.025 -12.8 -1.71 0.8195
0 -10.71 3.97 2.2403
0 -6.99 9.31 0.4217
0 -5.39 11.84 1.5069
0.75 -5.5 9.71 1.9523
13.775 -4.11 7.83 3.8049
10.625 -9.24 1.94 4.7001
1.425 -9.18 -1.08 1.0935
0 -8.05 4.78 0.6742
0 -7.18 6.64 0.8719
0 -4.18 11.4 2.684
0 -6.11 11.23 1.3232
0 -5.24 13.94 1.0498
3.8 -4.21 15.33 1.8931
11.2 -1.66 13.5 2.9375
6.6 -8.4 1.5 2.9084
1.25 -6.59 -1.99 1.492
0.375 -5.62 -0.64 1.5581
0 -5.21 9.82 0.6582
0 -3.39 12.98 1.432
0 -2.72 14.01 0.7162
5.3 0.83 16.02 4.4376
6.35 -5.36 6.5 5.3743
2.15 -10.58 -0.33 4.1496
0.175 -9.24 0.92 3.5087
0 -7.08 5.99 1.9458
0 -5.53 11.08 2.255
0 -4.5 13.08 1.1623
0 -1.74 15.51 1.9771
0 -0.85 14.51 3.5826
0 -5.75 10.67 2.1924
0 -6.21 8.94 0.9907
0.075 -2.64 12.61 2.9218
2.55 -4.71 11.33 3.8333
7.825 -7.51 3.3 3.5371
3.95 -11.17 2.67 4.7931
0.05 -7.05 3.71 2.4417
0.1 -4.37 9.56 1.2026
0.05 -3.42 11.53 0.7459
0 -1.49 13.92 0.6138
1.075 0.88 16.33 1.4323
2.225 2.86 15.88 2.2115
0.95 -6.54 11.13 2.4978
0.15 -2.22 9.84 1.7664
0.075 0.77 13.04 3.4105
0 -1.61 13.4 4.4662
0.975 -7.37 7.24 3.8002
0.875 -7.74 2.34 4.0933
1.3 -5.56 4.27 2.3753
2.675 -6.34 5.61 1.6581
6.8 -2.65 8.91 3.4578
11.075 -4.36 6.01 2.7884
4.625 -6.44 4.29 3.8788
0 -6.61 5.52 1.8688
0 -3.27 13.03 0.6471
0 -1.46 16.34 2.6731
0 3.9 15.9 2.9672
0 0.79 15.31 2.7213
0 3.65 17.55 2.9306
0 6.13 17.69 3.0051
0 5.47 17.41 2.135
0 6.07 21.72 3.1599
0 7.79 22.08 3.1655
0 4.27 20.42 2.2648
0 5.22 20.19 4.1006
0 1.49 17.04 4.6496
0 -0.25 12.56 5.2962
0 3.1 10.88 4.2305
0 1.57 15.71 1.2007
0 2.99 17.92 1.6146
0 4.11 20.64 3.2113
0 1.33 19.09 3.2276
0 -1.11 13.78 0.7759
0 0.2 18.23 2.2693
0 0.28 16.18 3.3101
0 -0.83 15.27 2.5193
0 0.22 17.17 1.3846
0 1.05 16.18 0.9086
0 3.96 20.1 1.5501
0 4 20.52 2.1562
0 5.98 17.45 2.6077
0 3.82 18.33 2.2711
0 6.59 20.3 0.7315
0 8.06 24.19 1.4014
0 8.64 25.3 3.3148
0 5.79 23.89 3.0367
0 2.98 20.94 2.6804
0 3.23 21.01 2.7125
0 5 20.1 1.8687
0 3.09 19.37 0.9935
0 3.8 21.02 1.7896
0.625 5.69 23.49 2.3444
0.45 6.03 22.38 2.0717
0 5.66 21.95 2.1098
0 7.75 23.59 2.0484
0 6.61 23.7 1.8234
0 7.24 24.79 2.5138
0 9.03 23.78 3.4016
0 9.69 24.61 3.6323
0 7.29 22.06 1.8674
0 7.99 24.56 1.1244
0.475 9.51 26.91 2.5765
0.35 8.39 23.41 2.8252
0 8.45 26.24 2.6348
0 9.21 27.32 2.1234
0 7.91 26.92 2.0742
0 7.59 25.22 2.7715
0 6.59 24.14 1.0782
0 7.26 23.58 2.2542
0 7.76 25.24 1.9373
0.675 9.61 26.32 2.3547
0.475 8.73 24.46 2.6966
0 5.99 23.32 1.9302
0 5.19 23.72 2.3648
0 6.94 23.65 1.9093
0 5.96 23.77 2.3099
0 6.12 23.49 2.5152
0 5.27 23.19 2.1203
0 5.52 23.55 2.485
0 4.6 23.95 1.6273
0 5.08 23.81 1.9973
0 5.69 23.51 2.0336
0 4.39 22.95 2.1376
0 5.39 22.61 2.5231
0.525 6.03 21.41 2.9217
0.3 5.04 17.84 2.1406
0 3.87 20.51 2.0605
0 4.71 20.95 2.4432
0 3.12 16.06 1.0349
0 3.88 20.66 1.1609
0 5.66 22.32 2.0891
0 5.48 22.51 2.6869
0 6.18 22.84 1.1277
0 5.78 24.35 1.88
0 6.52 25.27 1.9809
0 5.38 23.75 1.8887
0 4.73 23.45 2.2157
0 5.81 24.51 2.1776
0 6.36 21.19 1.7911
0 3.58 19.85 2.7213
0 6.17 24.04 2.3085
0 7.06 27.38 0.7688
0 10.23 28.67 2.5846
0 7.44 27.43 2.7247
0 3.79 22.71 3.1627
0 2.7 11.77 2.2229
0 -0.23 11.84 2.3536
0 -0.15 14.65 0.9949
0 2.01 18.19 0.5953
0 3.75 22.49 0.5486
0 6.18 25.02 1.141
0 6.75 25.31 1.4782
0 5.12 24.57 1.9303
0 3.27 22.3 1.4149
0 3.5 22.24 2.7513
0 5.04 21.32 3.181
0 -2.46 9.6 2.1201
0 -0.69 17.03 0.7646
0 0.48 17.79 0.841
0 2.34 20.13 1.0758
0 2.41 20.63 1.8553
0 1.47 18.95 1.4767
0 1.2 18.87 0.6559
0 1.41 19.16 1.2272
0 0.7 20.34 1.6821
0 1.29 19.59 1.5649
0 1.43 19.79 1.6422
0 0.17 15.49 0.992
0 -0.99 17.54 1.0692
0 1.52 16.83 2.7358
0 0 14.15 0.8232
0 0.45 17.55 0.4775
0 2.99 20.74 1.0182
0 3.32 24.41 0.4629
0 5.6 24.6 1.1835
0 7.88 25.78 0.4735
0 7.25 26.29 0.511
0 5.71 25.99 0.3115
0.1 6.55 22.43 0.5789
5.025 5.74 19.31 1.4536
32.225 4.95 19.49 1.765
39.6 2.21 9.83 1.5333
5.275 -0.1 4.47 1.168
8.025 -3.05 6.23 0.8096
1.725 -2.75 5.04 2.2283
0.15 -4.63 6.56 0.8201
0 -2.45 11.27 1.7826
0 -1.53 13.91 1.685
0 1.02 17.44 1.4326
0 1.41 17.31 2.5263
0 2.9 18.95 1.8223
0 2.47 18.64 0.9134
0 1.32 18.16 0.8371
0 1.67 18.33 1.4128
2.275 2.65 14.24 0.8927
1.625 -0.01 9.94 1.2291
0 0.42 9.24 1.9765
0.25 -0.95 14.6 1.1561
0 0.06 12.44 2.069
3.4 -2.27 11.71 1.8904
18.95 -0.31 9.06 1.7969
41.6 1.55 5.63 4.7845
18.525 -3.6 6.81 3.9255
0.05 -5.48 5.79 1.5397
0 -8.82 5.44 3.101
0 -8.19 6.09 3.3216
1.65 -3.15 10.57 2.0911
1.2 -3.47 11.57 2.041
0.075 -5.16 4.62 0.8469
0 -4.68 8.99 1.8682
0 -3.94 11.99 3.389
0 -2.06 14.5 3.2085
0 0.39 16.38 2.2183
0 1.27 15.94 1.1889
0.45 0.42 14.85 2.4195
25.85 -2.51 11.92 3.0952
13.125 -7.28 4.07 2.8533
1.925 -9.91 0.9 0.6026
2.375 -9.03 2.35 1.614
0 -9.13 0.44 2.6137
0 -7.84 3.6 1.47
0 -8.42 6.71 3.1757
0 -6.44 5.61 1.5002
0 -4.48 9.5 2.4209
0 -5.33 10.18 0.8067
0 -6.79 8.57 2.2133
0 -3.32 10.35 2.5132
25.175 -3.38 10.66 3.1802
49.375 -8.06 5.06 3.4742
36.45 -10.61 -2.47 5.4665
13.325 -10.18 -5.35 3.338
13.525 -9.83 -2.6 4.5851
7.775 -15.58 -5.01 0.9937
0 -17.19 -7.89 3.3602
0 -15.98 -6 3.275
16.475 -11.84 -1.29 3.019
10.1 -16.63 -2.07 2.9697
0 -18.65 -7.09 2.1157
0 -15.94 -7.75 2.961
0 -12.43 -1.96 2.1709
0.05 -8.81 3.6 2.4857
0.025 -2.7 4.06 1.7003
0.6 -3.78 5.14 1.7284
13.7 -6.15 2.71 1.9674
6.475 -5.87 4.26 3.2077
0 -7.36 0.51 2.3595
4.275 -6.22 3.92 1.8016
5.475 -3.14 5.31 1.1234
0.65 -2.61 3.56 1.4508
0.025 -3.63 4.6 0.5284
0 -6.49 5.28 2.2291
0 -6.34 4.01 1.5344
18.95 -6.3 6.43 2.0471
14.175 -7.36 2.05 1.7939
6.175 -9.17 -1.22 2.59
64.9 -8.79 -1.53 3.406
103.45 -7.15 -3.13 5.348
76.5 -5.97 -0.09 6.3397
38.275 -8.09 0.57 2.185
16.125 -9.03 -7.18 2.0395
6.125 -9.99 -4.82 2.2257
3.05 -8.76 -2.39 0.4027
0.175 -8.99 -2.21 2.7824
20.3 -10.97 -0.06 5.1224
11.325 -8.78 0 2.0314
0 -11.01 -5.77 1.0621
34.6 -9.9 -4.08 2.281
24.6 -8.62 -2.53 4.6754
1.325 -17.76 -3.48 2.8062
3.275 -18.22 -8.48 1.2323
15.5 -17.26 -8.61 3.6298
19.375 -9.92 -7.23 4.5571
26.35 -10.21 -6.77 2.5683
0 -12.68 -5.25 3.0761
0 -12.99 -6.32 3.7921
0 -10.86 -3.83 5.4331
0 -10.43 -3.4 3.9556
0 -11.72 -4.49 1.8451
0 -11.83 -1.99 1.0007
0 -12.8 -2.47 3.3407
2.225 -12.87 -3.09 3.166
7.875 -8.89 -2.83 1.5965
0.225 -10.26 -0.47 1.6064
0.125 -9.53 0.6 1.4171
0 -9.99 2.56 2.3833
0 -7.46 3.03 1.0432
0 -6.68 4.46 0.6356
0 -7.84 3.39 2.1411
0 -7.34 5.03 1.2987
0 -9.59 5.83 4.2836
0 -9.48 3.77 3.6149
0 -10.7 3.61 2.7819
0 -9.24 6.6 3.6728
0 -8.34 3.67 2.13
0 -7.93 5.06 2.1599
0 -8.11 4.46 4.9393
0 -8.22 5.27 3.1509
0 -8.11 5.12 1.7791
3 -7.76 5.8 0.6825
15.575 -7.86 5.56 1.7835
5.2 -10.04 -3.74 1.6878
0 -10.88 -0.62 2.1384
0 -13.21 0.49 3.0719
0 -12.15 0.81 2.1388
0 -11.1 2.94 2.9485
0.025 -7.88 6.75 1.71
0 -7.46 7.39 1.9378
0 -6.71 8.18 0.6141
0.05 -9.03 8.56 2.2444
0.025 -11.57 4.07 3.6588
0 -12.95 1.08 3.8013
0 -11.66 2.63 3.8268
0 -9.37 5.78 2.5867
0 -7.91 8.23 1.4277
0.025 -7.12 7.93 3.2509
6.6 -6.81 5.34 3.971
49.2 -8 5.09 6.1965
32.75 -10.62 -6.14 4.2912
48.4 -9.29 -6.51 3.2309
42.075 -9.72 -3.49 4.213
5 -14.77 -5.12 0.842
0 -14.77 -4.07 1.2054
0 -14 -4.21 0.3742
0 -13.36 -0.46 0.2582
4.75 -11.19 -0.97 2.4439
19.075 -9.66 -2.55 5.9382
21.05 -14.39 -6.29 0.6419
0 -16.39 -8.36 0.4992
0 -15.26 -4.2 2.1196
2.925 -14.04 0.66 1.7054
10.15 -10.59 1.97 3.384
10.725 -6.8 1.77 1.8456
1.275 -10.55 1.74 1.4165
2.3 -8.4 4.64 0.5833
20.1 -7.24 6.46 1.7675
27.775 -5.98 1.18 4.5322
0.075 -9.34 -0.88 0.6764
0 -8.14 5.33 1.5304
0 -6.76 9.56 1.31
0.275 -6.37 8.63 1.0826
0.15 -6.59 7.08 0.7177
1.325 -6.8 8.38 0.8843
1 -4.71 4.49 1.1285
11.05 -4.19 8.52 1.31
33.8 -3.39 9.36 3.0176
3.1 -8.59 1.9 0.9524
29.15 -8.57 3.34 3.322
45.35 -9.26 -2.6 4.967
80.45 -8.66 -4.01 6.309
19.75 -10.14 -3.81 2.7723
5.675 -11.34 -1.38 0.8749
14.95 -10.12 -1.18 4.4146
48.775 -9.83 -2.57 5.371
36.6 -12.73 -3.68 4.2102
18.575 -9.37 -1.73 2.9465
9.575 -8.33 -3.35 1.6949
0.125 -7.4 3.02 0.5334
0 -7.9 6.15 1.0584
0 -7.85 7.32 2.1526
0 -6.1 10.01 2.2027
0 -3.46 14.03 1.6427
0 -2.23 17.25 1.3403
0 -5.5 13.18 1.2721
0.15 -6.14 10.59 2.0319
0 -4.63 12.51 1.4651
1.725 -4.4 12.85 1.376
6.95 -8.29 10.47 3.6119
7.325 -13.64 -4.44 1.3988
3.025 -12.28 -5.79 1.5176
0.15 -11.76 -0.2 0.5666
0 -8.76 6.09 1.458
0 -7.23 7.65 1.3325
0.45 -6.37 8.28 2.9896
0.4 -9.58 -0.47 0.5958
0 -7.13 7.39 0.7581
0 -4.77 12.17 1.2958
0.025 -3.78 14.16 2.3485
0 -2.96 13.87 3.1953
0 -2.48 9.7 1.836
0.475 -3.68 12.36 2.3556
15.3 -2.02 4.71 2.5232
2.55 -5.88 7.16 0.8467
1.45 -5.52 6.95 1.5185
0.65 -3.44 5.53 2.7203
1.575 -4.39 3.79 2.643
0.075 -7.04 6.23 2.7508
0 -5.1 8.69 0.8342
0 -3.91 11.66 2.5843
0 -7.06 10.36 4.6006
0 -7.44 7.24 3.7286
0 -5.91 8.32 2.0553
0 -3.63 11.27 0.6081
0 -1.53 14.03 0.813
0 -0.59 15.65 3.1335
0 2.05 17.87 0.9038
0 2.08 18.43 1.7036
0 1.18 17.52 2.1812
0.5 -0.68 14.15 3.2612
1.475 -5.35 5.92 3.5025
5.05 -6.99 0.32 2.9039
0 -4.38 9.16 1.6917
0 -1.37 13.3 1.1954
0 -0.36 15.78 0.6003
4.275 -0.22 17.23 3.0862
15.175 -8.43 9.3 3.1688
6.85 -8.58 -0.95 1.1305
17.325 -6.47 2.63 3.4795
21.25 -7.63 -0.21 2.5456
2.75 -6.48 2.68 3.6368
0.2 -5.82 8.77 1.8207
0 -1.57 13.6 1.9085
0 -1.32 12.9 2.7874
0 -3.12 12.27 4.3449
0 -4.21 9.63 2.4149
0.025 -2.36 12.63 2.941
0 -2.81 11.01 2.8184
0 -2.92 10.8 3.5112
3.2 -2.69 11.13 4.4238
9.625 -7.1 6.57 4.964
2.15 -6.6 3.75 2.9968
0.475 -3.89 8.53 2.9507
0.925 -1.96 9.97 3.2096
1.9 -6.18 4.83 1.8156
0 -5.54 7.14 0.6967
7.325 -2.14 8.33 2.7724
21.35 -0.38 2.74 1.5297
11.725 -3.12 9.57 3.7456
0.3 -3.68 6 1.8079
0.125 -2.29 11.7 3.0293
0 -0.18 14.19 1.5775
0 1.02 17.08 2.1052
0 1.14 17.31 2.9722
0 0.47 15.01 2.5945
0 1.59 16.09 2.7596
0 3.24 18.32 1.4806
0 4.19 21.21 1.8801
0 4.37 20.7 2.4703
0 1.17 17.69 1.0633
0 2.12 17.03 2.9989
0 2.24 18.44 2.0862
0 3.36 18.31 0.2147
0 4.8 21.38 0.3589
0 6.37 23.95 2.4795
0 6.25 23.48 3.0823
0 4.24 21.6 2.7305
0 2.13 20.97 2.7326
0 2.45 19.58 2.2024
0 3.94 21.14 2.1326
23.025 4.79 21.09 2.8525
24.425 1.58 17.28 2.6053
5.975 -0.57 8.89 2.1961
0 2.22 16.89 0.6959
0 3.94 21.57 0.8587
0 6.87 23.65 0.8109
0 6.55 23.91 1.72
0 7.15 23.48 1.8641
0 8.42 21.9 2.4517
0 8.7 23.26 2.9223
0 7.67 21.91 2.3039
0 7.1 22.87 2.5589
0 5.06 22.56 2.2293
0 4.62 21.62 2.4431
0 3.95 20.49 2.5097
0 3.86 19.52 3.1993
0 3.03 17.41 2.6267
0 4.16 16.55 3.1377
0 2.45 16.18 3.162
0 2.81 17 2.0508
0 2.72 18.66 1.5668
0 3.5 20.55 2.0283
0 3.51 20.77 1.1645
0 4.13 21.53 2.3062
0 5.72 22.3 2.8712
0 5.92 21.95 1.8347
0 7.13 22.85 2.0751
0 5.34 23.87 2.2526
0 4.78 22.77 1.8051
0 4.79 22.3 1.7116
0 6.2 21.47 1.3573
0 7.75 24.3 2.1409
2.975 7.94 25 2.9865
2.4 9.25 24.19 2.1618
2.9 8.53 19.53 1.647
0 7.1 22.98 1.9779
0 7.29 23.97 2.1304
0 5.1 24.09 3.1123
0 4.53 21.25 2.2349
0 5.03 21.22 3.0892
0 4.2 22.1 2.472
0 5.91 21.88 1.8188
0 5.26 22.95 1.8803
0 5.3 22.7 2.1615
0 5.31 23.08 2.6612
0 5.57 22.83 1.4926
0 6.73 23.75 1.3837
0 6.13 23.82 2.1532
0 5.81 22.38 1.5395
0 5.05 21.46 0.9354
0 4.89 22.28 1.4952
0 4.97 24 1.2854
0 6.03 24.82 2.5043
0 5.64 21.94 2.0819
0 4.72 21.23 1.5427
0 3.55 20.98 1.1293
0 2.87 21.89 0.9753
0 5.5 24.58 2.0835
0 7.32 24.09 1.3713
0 6.85 23.62 0.9784
0 6.94 25.59 1.1645
0 8.15 25.59 1.5411
0 7.69 25.87 1.6147
0 5.6 24.84 1.9946
0 3.53 24.11 1.8997
0 3.91 21.91 0.7454
0 4.62 21.64 0.8511
0 4.5 23.46 0.8944
0 6.43 22.95 0.8585
0 7.41 23.64 1.8233
0 6.04 22.12 0.5401
0 6.08 22.98 0.8885
0 7.14 24.1 0.7452
0.45 6.9 23.07 1.8328
5.4 4.44 22.47 1.169
6.7 5.18 19.69 1.4301
18.5 2.23 14.64 1.3313
6.9 3.93 17.17 0.6119
19.625 2.95 19.14 1.0242
0 3.31 17.55 2.472
0 3.82 18.76 1.9577
0 2.39 16.39 1.5889
0 1.69 17.23 0.258
1.1 2.86 19.98 0.2906
0.75 5.38 22.16 0.8722
0 5.45 22.35 0.4222
10.05 5.99 22.91 0.4141
0 6.73 22.98 0.7502
0.15 6.79 24.04 1.6674
17.775 3.76 19.59 2.3555
0.2 2.06 13.71 1.6393
0 2.41 18.37 0.4016
0 5.52 20.72 0.6435
0 5.46 20.31 1.0664
0.025 4.05 21.78 1.6019
0 2.99 21.14 2.5816
0 4.21 17.55 2.0918
0 2.6 16.29 2.2656
16.45 0.07 12.85 2.4327
44.45 -2.81 8.5 4.0224
19.625 -6.3 3.88 0.6947
3.525 -7.36 3.81 0.9586
0 -6.45 6.38 1.3097
0 -3.93 10.21 1.3455
1.275 -1.2 12.2 1.7112
6.05 0.18 8.04 1.7496
0 -1.36 14.26 0.9087
0 -0.9 16.35 0.6385
0 2.6 18.54 0.6085
0 0.72 18.52 1.2326
0 1.01 16.61 1.7594
0 1.37 15.81 1.9187
0 1.44 15.99 2.0187
0 0.41 17.38 0.6407
0 -0.39 14.74 0.5788
0 -0.06 15.47 0.3912
0 -0.21 14.53 2.3178
0 -1.15 16.12 1.9319
0 -0.03 16.89 2.3946
0 -1.61 13.98 1.3678
0 -3.97 10.37 3.7569
0 -5.86 8.04 3.4802
0 -5.55 8.68 2.2159
0 -4.38 11.78 0.8502
0 -3.67 13.18 2.2936
0 -3.51 14.03 0.1666
0 -3.55 14.06 3.3524
0 -3.86 9.8 4.1687
2.125 -6.69 9.93 4.0483
11.475 -8.66 8.87 1.9241
5.15 -11.06 -3.64 0.4161
10.7 -9.82 -2.3 1.531
0.225 -9.97 -2.96 1.0224
0 -10.77 -0.81 2.3812
0 -9.91 1.52 3.3349
0 -8.58 4.63 2.9465
1.775 -7.09 4.98 3.2042
3.875 -3.85 2.81 1.0273
0 -5.26 3.84 0.2223
0 -4.45 5.77 0.501
0 -7.12 6.14 0.4831
0 -7.02 6.47 0.8702
0 -7.18 6.51 1.2427
0 -7.01 6.68 3.5569
1 -7.61 1.16 2.2814
2.65 -7.26 -0.77 3.8587
3.725 -9.96 -2.48 1.5354
0 -9.91 0.54 2.1815
0 -8.77 3.19 3.4606
0 -8.2 8.98 2.3271
0 -8.7 3.71 0.8086
0 -8.27 4.51 2.9858
0 -6.81 7.37 2.3859
0 -5.73 6.11 1.0856
0 -4.15 7.16 1.9392
0 -7.63 7.87 3.2455
0 -8.48 4.8 9.1923
0 -8.91 -0.41 3.9233
0 -10.6 4.13 4.5401
0 -11.9 0.77 2.7314
0 -11.57 0.61 3.516
0 -12.36 -0.04 3.032
0 -11.58 -0.15 3.6853
0 -11.08 2.15 3.9807
0 -11.05 2.07 4.3771
0 -10.56 2.14 3.245
0 -11.11 1.74 1.2344
0 -12.5 1.29 1.653
0 -12.43 -1.97 1.4605
0 -11.93 -0.9 1.0795
0 -10.8 -0.31 0.9139
0 -10.83 -1.39 5.8983
0 -10.6 1.17 4.915
0 -11.9 1.73 2.6612
0 -10.5 2.44 4.7394
0 -12.9 0.02 4.7087
0 -11.61 -0.92 3.4768
0 -13.33 1.12 4.5618
0 -12.96 1.37 3.9344
0 -12.3 1.43 4.9223
0 -11.54 1.93 3.2726
0 -9.8 2.98 1.3793
0 -9.49 4.48 1.1267
0 -9.29 3.51 1.1143
0 -6.2 8.11 0.9672
0 -6.95 6.12 1.3487
0 -9.49 5.43 2.3854
