1.725 -9.63 1.25 1.4288
11.275 -9.91 2.18 1.755
6.15 -12.89 -1.21 1.6926
0.875 -16.2 -4.59 4.2495
3.325 -14.54 -5.26 1.8907
1.675 -8.75 -4.88 0.5056
0 -9.52 0.59 1.421
0 -6.72 3.38 0.6505
0 -10.09 4.36 4.3576
0 -9.58 3.42 3.1549
0 -8.31 4.33 2.3575
0 -6.55 6.79 5.3885
0 -5.09 7.66 3.7552
0 -8.93 7.4 3.4778
0 -8.22 8.82 3.711
0 -8.14 9.15 4.7796
0 -7.64 7.35 4.2428
0 -7.75 6.78 4.8656
0 -6.94 6.06 4.9419
0.075 -7.35 5.38 3.455
15.6 -6.25 6.44 2.6681
32.4 -3.79 5.5 2.0985
68.7 -2.93 0.17 1.5793
53.475 -5.07 0.16 2.7264
15.975 -9.16 -2.46 3.5334
3.2 -14.29 -8.36 0.7543
0.6 -15.03 -6.12 1.2686
0 -13.22 -3.42 1.233
0 -9.9 0.58 4.2428
0 -9.71 5.29 4.4774
0 -7.44 6.89 3.0794
0 -7.78 6.5 3.3032
0 -8.43 5.06 3.7977
0 -9 7.59 3.7203
0 -5.57 8.79 2.9342
5.575 -5.98 7.82 2.3672
9.325 -7.91 0.23 2.5755
2.85 -8.9 -2.98 2.9141
22.5 -9.49 -0.36 1.1686
13.725 -12.9 -2.41 3.6335
4.075 -18.35 -7.51 0.5339
9.375 -16.98 -5.63 2.8193
6.625 -12.89 -4.98 1.4158
17 -13.6 -5.01 3.2222
11.125 -12.36 -6.81 3.6141
3.7 -10.39 -4.74 5.6729
23.45 -9.28 -5.3 5.3312
22.05 -10.12 -5.41 4.2284
4.05 -12.7 -6.7 1.2447
0 -12.71 -3.54 3.3452
0 -11.52 1.29 2.4395
7.025 -10.88 2.49 3.6807
28.8 -11.01 2.08 3.4079
18.175 -6.23 -2.65 2.5134
5.175 -7.86 -1.05 1.7956
2.25 -7.88 4.97 1.6165
0.7 -7.52 -0.4 3.1127
0 -10.19 1.65 0.5307
0.025 -8.75 4.61 3.7597
15.475 -6.34 4.75 2.8755
27.3 -5.36 2.2 4.299
48.575 -6.27 0.9 4.9321
36.125 -9.27 -3.43 3.0199
10.75 -14.82 -4.11 0.7629
1.6 -13.15 -3.17 1.8841
0 -13.68 -3.67 0.376
0 -14.12 0.58 1.3659
0 -10.75 3.47 2.545
0 -14.2 -2.28 0.5033
0 -13.66 2.01 0.9859
0 -10.02 2.58 2.3715
0 -10.27 5.07 2.6103
0 -9.14 6.76 1.4969
0 -8.63 3.14 2.8311
0 -7.98 5.21 3.4474
0 -6.76 7.64 0.9895
0 -6.33 8.02 0.8615
0 -4.54 10.95 0.8882
0.225 -6.4 11.19 0.6163
27 -5.23 10.46 2.0443
18.95 -10.42 2.26 4.149
1.7 -16.03 -6.13 2.0623
0.45 -14.65 -1.57 1.9717
0.275 -11.7 4.87 0.3886
0 -8.78 6.56 1.7459
0 -6.71 9 2.0832
0 -6.77 9.11 1.2978
0 -5.81 10.35 3.4481
0 -9.46 5.74 2.0714
0 -9.23 5.55 0.255
0 -7.26 6.83 2.5253
0 -6.17 9.73 2.5633
0 -8.44 7.11 5.2134
0 -12.06 1.08 1.9521
0 -10.5 5.59 2.918
0 -8.77 9.53 2.3714
11.45 -5.79 12.06 1.1953
12.05 -8.81 9.05 3.5304
11.875 -8.62 -1.74 1.8922
5.95 -8.04 -1.15 2.107
0.3 -8.94 -0.97 3.5839
0 -7.9 2.9 1.3284
0 -7.21 8.18 2.1242
0 -5.48 8.13 4.6214
0 -13.22 1.69 6.1597
0 -11.67 -0.57 3.1362
0 -9.6 5.94 1.684
0 -7.07 10.03 3.0225
0 -3.59 13.72 2.9477
0 -0.75 17.36 1.5149
0 0.3 19.37 1.0063
0 1.55 19.58 2.1567
0.2 -0.45 18.14 3.0617
2.025 -3.09 13.33 3.2146
1.125 -10.21 1.33 3.3799
0 -8.94 5.3 1.6956
0 -6.85 7.64 2.3561
0 -8.35 6.4 3.3429
0 -9.34 4.69 1.4896
1.525 -6.38 7.27 1.7896
79.475 -2.39 10.53 2.094
55.875 -2.76 7.49 2.7488
16.7 -2.42 2.49 4.1209
9.675 -3.97 3.68 2.0886
1.8 -0.68 7.68 4.1787
0 -3.45 10.98 2.3982
0 -2.47 13.92 2.6768
0 -1.4 14.13 1.5558
0 -2.06 14.92 0.9841
0 -0.75 15.09 0.7005
0 -0.89 16.47 2.8924
0 -2.17 14.94 3.2796
0 -2.19 13.46 2.2226
0 -1.52 13.32 2.9375
0 -0.33 14.93 1.5944
0 1.43 17.25 1.8367
0 4.99 21.86 0.4595
1.05 5.99 23.56 2.4529
0.625 3.94 23.1 2.847
0 1 17.3 1.4885
0 0.56 16.5 0.7463
0 1.38 17.54 2.3275
0 1.14 17.27 2.8864
0 -0.16 15.94 2.6187
0 -1.28 15.84 1.6903
0 0.15 15.88 1.2407
0 2.5 17.95 0.7561
0.625 3.7 19.5 1.7117
0.375 2.95 18.47 2.4825
14.9 4.12 18.1 3.2987
8.925 2.86 16.93 2.1056
0 2.61 16.33 1.8447
0 1.98 14.16 2.1776
0.85 1.93 13.22 0.466
12.15 -0.91 12.08 2.1017
10.375 -3.65 10.19 3.8225
6.425 -4.74 3.72 2.5815
3 -3.69 5.31 2.7162
0 -2.32 10.71 2.4927
0 -0.24 13.34 3.3328
0 -0.29 12.46 3.0715
0 -2.26 10.98 3.206
2.325 -1.5 13.07 2.1107
2.6 0.45 9.77 3.6227
1 -1.96 10.68 2.4659
0 -1.44 11.31 2.3847
0 -0.66 12.33 2.2515
0 1.76 13.4 2.9097
0 1.75 16.07 1.6397
0 3.12 20.51 2.5797
0 1.02 19.03 3.0874
0 -1.87 13.88 3.0916
0 -0.82 13.19 1.3645
0 0.97 15.87 0.8553
0 3.68 20.29 1.4615
0 3.62 22.26 2.811
0 3.43 20.18 1.5177
0 4.77 20.48 0.8978
0 5.21 25.06 0.4683
0.3 7.21 25.66 2.9636
0.175 6.99 25.39 2.917
0 6.14 22.43 2.2373
0 6.88 23.15 1.6622
0 5.44 21.66 2.9448
0 4.59 21.92 2.6018
0 4.01 20.67 2.9124
0 2.73 20.55 2.7295
0 1.36 18.24 2.9077
0 0.87 18.46 2.57
0 1.22 18.41 2.5089
0 1.53 17.78 1.9405
0 3 19.58 2.0192
0 4.31 20.13 2.4713
0 4.57 20.22 1.5101
0 3.92 22.29 1.0377
0 4.28 22.87 1.468
0 6.35 25.09 2.1175
0 7.49 25.3 1.8323
0 8.73 25.88 2.0263
0 8.61 26.02 1.8903
0 8.72 26.82 2.458
0 7.27 25.92 2.5845
0 6.29 23.89 2.272
0 7.7 25.13 2.0973
0 7.36 23.94 2.2389
0 6.68 23.82 2.3775
0 6.19 24.65 2.0008
0 7.15 24.91 1.5552
0 8.39 25.22 1.8211
0 7.9 24.93 2.7149
0 8.25 24.17 2.3866
0 6.87 24.02 2.3801
0 6.67 23.59 2.3702
0 6.2 22.72 3.3034
0 3.48 21.12 2.9327
0 3.71 20.86 2.652
0 5.11 21.16 2.7376
0 2.25 19.13 3.4568
0 -1.65 11.72 1.9245
0 0.81 12.79 1.2476
0 2.81 17.57 0.1742
0 4.88 20.59 1.0412
0 5.94 22.62 3.001
0 4.96 24 2.906
0 4.93 22.44 3.0572
0 3.65 21.17 3.0312
0 0.19 19.25 1.3541
0 1.34 18.61 0.3734
0 2.87 20.3 0.7298
0 4.47 22.46 1.0465
0 6.46 24.09 1.3022
0 6.78 25.56 1.9836
0 7.39 25.4 2.3567
8.2 6.63 26.09 2.2457
8.55 4.9 21.29 3.4108
2.1 3.05 18.58 1.7085
0 3.34 19.05 1.6208
0 2.97 20.71 0.7131
0 3.43 22.35 1.4927
0 5.52 21.69 1.134
0 5.59 22 1.4406
0 4.6 23.62 3.0318
0 6.16 22.26 2.2027
0 4.83 22 1.3102
0 5.13 22.23 0.1495
0 6.3 23.73 1.4589
0 5.41 23.26 2.0395
0 3.89 21.76 2.2436
0 1.33 19.4 2.1072
0 1.7 16.88 1.3553
0 1.12 17.46 0.3917
0 2.57 18.43 0.9037
0 4.23 20.79 0.3441
0 5.31 22.97 0.9906
1.35 5.68 24.95 1.3584
2.075 3.75 21.5 2.5398
0.75 1.12 16 2.9775
0 -0.53 11.26 1.455
0 0.93 16.81 1.1494
0 2.47 19.91 0.3424
0 3.2 21.21 1.113
0 4 23.61 2.3617
0 2.1 21.5 0.8326
0 3.35 20.84 2.789
0 3.23 22.77 2.5231
0 2.73 23.28 1.6778
0 2.73 22.79 0.9944
0 2.73 22.58 0.8068
0 3.66 23.91 1.1677
0 3.6 25.02 0.4762
0 3.55 25.09 2.265
0 4.19 20.27 2.6038
0 -7.23 8.33 2.2917
0 -5.68 11.22 2.4792
0 -3.86 13.37 0.8027
3.5 -1.96 13.52 3.0107
2.525 -7.69 9.47 3.4918
0.225 -9.55 -0.51 0.3213
0 -9.38 5.97 3.3236
0 -6.88 8.9 1.7325
0 -4.77 9.74 1.2816
0 -3.99 11.76 0.8178
0 -2.79 12.59 0.7848
0 -4 12.64 2.0745
13.925 -2.92 11.18 2.1052
112.95 -3.46 5.57 6.5926
63.875 -2.08 3.49 4.6798
0.675 -0.25 6.54 0.7697
0 -0.38 12.52 2.0608
0 -1.27 14.16 1.0761
0 1.13 17.94 1.9722
2.95 0.13 12.97 2.4507
1.75 -6.77 6 2.0047
0 -6.27 6.35 1.0314
0 -4.84 10.12 0.6212
0 -4.15 11.24 0.9478
0 -1.95 12.49 1.0538
0 -2.01 10.16 1.8855
0 -2.84 11.5 1.1096
0 -3.34 12.81 4.3957
0 -7.72 4.05 4.987
0 -9.85 0.91 0.8155
0 -9.92 3.63 0.0593
0 -6.57 9.24 0.8435
0 -3.74 11 0.7596
0 -1.57 12.46 1.2455
0 -1.68 14.24 1.1877
0 -1.6 14.46 1.8305
0 -3.51 12.94 2.4408
0 -6.1 7.34 0.95
0 -6.12 6.7 1.3775
0 -8.03 4.18 1.8315
0 -7.42 5.17 1.2764
0 -5.95 6.71 0.7048
6.85 -5.44 7.17 0.4776
6.725 -5.78 7.04 1.8713
1.5 -10.07 -1.63 1.098
0 -10.31 -0.04 0.9886
0 -10.09 0.86 2.9316
0 -9.37 4.6 2.179
0.325 -7.36 7.06 1.8185
0.175 -6.95 7.54 1.3948
0.55 -9.24 3.62 2.4462
5.65 -8.55 5.69 4.1985
3.175 -8.63 3.36 0.9921
0 -8.42 -0.94 0.7035
0 -9.58 2.31 2.4732
0 -8.27 4.06 3.7323
0 -6.88 4.95 4.1777
0.75 -7.15 6.02 2.6984
3.625 -6.47 7.08 1.1479
1.9 -9.15 2.3 5.3828
0 -9.03 -1.36 5.1763
0 -8.83 0.6 3.8813
0 -8.51 4.37 1.8338
0 -9.69 4.09 2.5022
0 -12.01 5.78 2.2876
0 -11.01 1.92 2.1129
0.025 -10.43 3.86 0.7212
20.225 -12.68 -1.38 2.494
18.025 -12.19 -5.05 0.8996
3.525 -21.15 -10.23 0.9173
0 -20.2 -9.79 1.841
5.425 -17.42 -7.32 2.9957
38.25 -11.6 -3.68 2.6004
71.425 -7.42 -2.77 3.6321
33.9 -8.94 -2.83 4.4719
2.4 -12.39 -5.21 1.0147
0 -12.15 -4.63 2.9958
0 -10.42 -1.19 2.4223
0 -8.47 0.18 2.1357
0 -8.09 1.5 2.7175
0 -8.54 1.96 4.0077
1.15 -7.97 1.18 2.8066
12.275 -7.88 3.15 1.9703
9.225 -11.56 -0.54 3.6162
0.65 -15.97 -5.65 2.6518
0 -12.35 -1.02 3.8723
0 -11.7 -0.6 3.7738
6.675 -11.64 -1.26 3.9782
4.05 -10.73 -2.24 2.043
2.725 -11.88 -4.72 3.2333
9.975 -10.4 -3.07 0.897
5.125 -8.76 -3.6 1.5875
0.825 -9.66 -4.17 2.5719
0.6 -9.54 -0.7 2.2067
0.05 -9.74 -0.43 1.0665
0 -9.76 0.58 3.8257
0 -10.29 2.62 2.7818
0 -8.59 2.26 2.31
0 -8.61 2.41 2.8621
0 -7.59 3.02 2.8437
0.7 -6.31 4.39 3.0726
1.85 -5.81 4.15 2.2227
0.85 -5.03 0.75 2.4639
1.95 -5.48 2.83 3.054
27.125 -5.99 4.78 4.4772
17.05 -7.23 -0.22 2.1115
0.875 -11.91 -2.03 1.5964
0 -10.2 -0.31 3.3517
1.025 -8.78 2.93 1.9382
15.625 -8.63 2.5 2.6652
35.525 -8.3 -0.38 4.7154
33.9 -8.96 -3.66 5.6649
39.275 -10.05 -5.39 6.5232
36.325 -12.16 -5.98 3.9532
19.05 -12.49 -7.21 3.9092
4.875 -12.38 -7.56 1.0955
1.625 -16.24 -5.51 2.1733
4.725 -13.61 -4.8 3.8902
2.275 -9.1 -3.25 2.8193
0 -9.76 -0.97 1.4864
0 -13.29 0.65 2.9665
1.9 -11.71 -1.27 3.111
1.175 -9.57 0.71 1.5614
0 -13.89 -1.03 0.9311
0 -15.69 -1.14 1.7341
0 -10.45 0 1.924
0 -10.08 0.31 0.6753
7.7 -10.12 1.05 2.7905
13.75 -7.53 -0.12 3.2114
15 -7.55 -2.11 1.6772
6.3 -8.88 -3.57 2.2564
2.525 -10.39 -3.86 1.5985
1.825 -10.28 -4.01 2.2914
0.375 -11.63 -4.59 0.3923
0 -11.03 -2.09 1.1908
0 -9.38 0.38 1.3389
0 -9.42 3.09 1.1836
0 -8.45 4.66 1.4803
0 -9.21 6.17 0.82
0 -7.49 6.07 1.7405
0 -7.47 6.3 2.4864
0 -8.32 7.56 1.0289
4.725 -8.48 6.7 1.2144
7.85 -7.31 1.67 2.0571
13.925 -8.34 -1.3 2.7324
6.55 -14.16 -4.25 2.5775
31.25 -13.67 0.6 3.771
23.95 -9.34 -1.33 2.8291
2.725 -11.71 -1.8 0.7085
34.625 -9.78 2.44 4.6972
22.55 -7.78 1.54 1.3034
1.05 -9.34 -3.84 0.5613
0.675 -8.89 2.83 2.494
10.325 -6.71 4.4 2.6828
21.075 -8.1 -2.51 3.3582
9.075 -11.58 -3.98 3.0106
0.05 -13.15 -4.7 1.319
0.025 -10.73 -0.43 2.6644
0.275 -10.66 1.46 0.6723
4.325 -8.78 2.12 2.3971
4.9 -15.38 -3.47 3.6615
1.7 -13.4 -3.38 1.8611
0 -13.64 -3.94 0.6336
24.1 -11.41 2.34 2.4262
14.45 -11.12 1.85 2.3365
0 -12.35 -1.06 2.8908
0 -11.62 3.95 3.9805
0 -9.24 9.19 1.4811
0 -5.94 9.68 0.7211
0 -5.78 9.99 3.0526
0 -12.46 8.23 2.2671
0 -5.93 11.22 2.1227
0 -6.73 9.97 0.722
0 -7.25 8.36 1.186
0 -7.82 7.83 2.3253
1.3 -7.63 8.95 2.3211
3.725 -7.73 8.69 2.5962
1.925 -11.27 1.5 2.1701
0 -9.44 4.23 3.0004
0 -8.62 7.79 1.459
6.05 -6.39 8.95 3.0179
19.875 -6.19 8.9 5.7703
10.1 -10.24 -2.28 3.0577
0.875 -13.17 -2.73 0.6508
7.15 -11.71 -1.6 2.5178
4.1 -10.24 -2.04 1.937
22.625 -10.8 -1.26 2.7424
13.575 -11.6 -3.12 3.3407
0.05 -13.23 -3.47 0.4964
0 -11.71 2.16 2.4221
0 -8.88 7.58 0.2278
0 -6.5 9.17 1.9922
0.6 -6.01 8.39 1.8973
18.575 -6.96 3.51 3.7724
14.625 -9.39 -1.61 4.5899
2.425 -10.47 -3.49 1.1017
0 -9.36 1.96 0.6409
0 -8.55 3.4 0.8517
0 -6.56 8.69 2.3337
0 -7.21 7.98 1.1944
0 -6.51 10.81 1.1613
6.025 -5.25 12.63 1.6168
17.275 -4.13 10.09 2.8607
9.35 -9.94 -1.8 2.9071
0.7 -8.49 -4.79 1.569
0 -7.41 -1.9 1.1363
0 -6.95 8.07 0.5962
0 -4.23 10.28 1.2952
0 -2.95 13.53 0.7426
10.425 -1.68 13.75 4.7392
11.4 -7.18 3.18 5.1135
3.575 -11.25 -2.86 3.7374
0.1 -11.23 -1.7 3.1788
0 -8.23 4.44 1.6813
0 -6.62 8.18 1.798
0 -5.3 12.12 1.1668
0 -3.09 13.47 1.8869
0 -3.48 12.58 3.4364
0 -6.39 8.26 2.2486
0 -7.78 7.98 0.9554
0.1 -5.41 10.47 2.7716
4.8 -5.73 9.24 3.5787
25.975 -8.31 0.01 3.5543
14.025 -12.46 -0.9 4.2536
0.075 -10.04 1.04 2.149
0.825 -5.88 8.26 1.2819
0.5 -4.56 11.09 0.828
0 -3.17 12.48 0.6837
1.525 0.11 14.59 1.3936
11.75 1.11 14.01 2.2966
6.5 -4.08 5.2 2.3248
0.475 -3.21 7.45 1.6306
0.275 -1.1 10.77 3.3014
2.225 -4.79 10.97 4.28
2.85 -9.37 4.11 3.5831
1.5 -9.06 -0.44 4.0539
2.05 -7.29 2.97 2.3086
11 -7.65 3.28 1.6217
21.075 -3.71 6.37 3.3687
28.75 -6.23 3.01 2.5039
11.8 -8.18 1.19 3.588
0 -7.71 3.34 1.5245
0 -4 11.26 0.5869
0 -0.32 14.84 2.5452
0 2.57 14.05 3.0093
0 -0.48 13.07 2.4257
0 0.81 14.42 2.6428
0 2.84 15.17 2.8115
0 2.71 15.93 1.948
0 4.02 19.92 2.8396
0 3.77 20.18 2.9844
0 2.46 17.96 2.1483
0 1.99 17.93 3.9482
0 -1.88 14.11 4.4822
0 -1.62 9.93 5.2931
0 2.12 11.44 4.1869
0 0.91 15.6 1.08
0 2.25 17.22 1.7245
0 2.47 18.87 2.9629
0 -1.07 17.54 3.1845
0 -1.95 12.48 0.7909
0 -1.67 16.17 2.1818
0 -1.1 14.8 3.4075
0 -2.2 12.52 2.5509
0 -1.01 14.53 1.509
0 -0.44 14.82 0.6936
0 2.04 18.45 1.583
0.075 2.76 19.49 2.2422
0.05 4.03 16.82 2.676
0 1.85 16.42 2.3451
0 4.37 19.49 0.758
0 6.67 23.12 1.3588
0 6.62 24.82 3.3164
0 3.78 21.9 2.9572
0 1.93 19.83 2.6769
0 1.77 19.03 2.7495
0 4.07 17.78 2.0024
0 2.04 17.41 1.1849
0 3.42 19.8 1.7118
0 3.88 22.15 2.1457
0 3.99 20.57 2.2114
0 4.13 20.3 2.0176
0 6.17 21.72 1.9577
0 5.5 22.03 1.8508
0 6.25 23.41 2.5583
0 7.44 22.84 3.3454
0 7.82 21.78 3.5082
0 5.7 20.42 1.5917
0 6.24 21.95 1.0413
0 8.89 24.67 2.6342
0 8.03 23.88 2.8446
0 7.84 25.09 2.6203
0 6.07 25.52 1.8496
0 6.31 24.19 1.9059
0 5.89 22.56 2.7943
0 5.33 22.05 0.972
0 6.13 21.82 2.2208
0 6.38 22.87 1.972
0 8.1 24.09 2.4727
0 7.68 23.21 2.8615
0 6.54 21.47 2.0579
0 4.1 20.37 2.5854
0 5.06 21.39 2.1324
0 4.27 21.6 2.5491
0 4.25 20.46 2.5131
0 3.58 20.82 2.0555
0 3.95 20.93 2.5136
0 2.42 21.49 1.7219
0 3.85 21.57 2.0116
0 4.16 21.49 2.1137
0 3.45 20.88 2.2932
0 3.55 20.03 2.5909
1 3.79 20.06 3.0748
0.6 2.79 18.03 2.3066
0 2.75 18.71 2.2449
0 2.83 18.49 2.5318
0 2.04 16.98 0.9768
0 2.58 18.88 1.1556
0 4.05 19.67 2.0833
0 4.07 20.46 2.7926
0 4.03 20.75 1.0427
0 4.83 22.8 1.7907
0 4.96 23.17 1.9268
0 3.35 21.9 1.922
0 3.55 21.65 2.2489
0.125 4.19 21.67 2.2365
0.075 1.17 18.27 1.7057
0 2.31 17.2 2.8484
0 2.91 22.52 2.3599
0 7.83 26.28 0.7322
0 9.19 28.01 2.6709
0 5.81 24.31 2.5156
0 1.31 20.42 3.1834
0 -0.14 8.72 2.136
0 -1.89 9.83 2.38
0 -1.1 12.66 1.1957
0 1.04 15.66 0.8093
0 3.61 20.56 0.7029
0 4.86 23.31 1.2391
0 4.61 23.92 1.4683
0 3.92 22.6 1.8404
0 2.72 20.75 1.5192
0 2.61 20.51 2.7183
0.1 1.15 18.85 3.1224
0.075 -3.62 5.31 1.9986
0 -3.79 11.4 0.8169
0 -2.38 15.05 0.8319
0 1.35 18.38 1.1829
0 1.42 19.07 1.9363
0 0.48 17 1.5197
0 0.36 17.04 0.7809
0 0.82 17.3 1.4819
0 1.17 18.58 1.6786
0 0.99 17.43 1.6327
0 0.85 17.36 1.6529
0 -1.49 13.74 1.0504
0 -1.49 15.57 0.9873
0 -0.96 14.02 2.777
0 -2.14 10.94 0.8015
0 -1.39 15.8 0.5265
0 2.18 19.38 0.9363
0 3.3 23 0.3231
0 3.57 23.29 1.247
0 5.87 24.47 0.4412
0 6.24 25.17 0.5791
0 5.49 24.78 0.2848
0 5.28 21.94 0.5266
7.825 4.77 19.34 1.4709
49.35 2.97 18.69 1.8995
29.225 0.63 10.25 1.368
4.55 -1.19 3.79 1.3911
2.55 -3.91 4.8 0.7889
3.85 -4.02 6.25 2.4034
0.45 -4.75 4.86 0.6861
0 -3.54 10.37 1.7516
0 -0.81 11.91 1.6737
0 0.26 15.08 1.5814
0 1.64 15.58 2.6005
0 1.97 17.77 1.7746
0 1.87 17.46 0.8598
0 1.64 17.11 0.8666
0 1.53 17.15 1.4234
5.05 1.61 12.96 0.976
2.975 -2.46 8.51 1.2396
0 -1.28 8.16 1.93
0 -1.85 14.42 1.1776
0 -1.54 11.97 1.9519
6.725 -2.99 9.55 1.6986
37.85 -1.55 8.22 1.777
123.38 -0.58 2.62 5.2347
47.75 -5.36 3.5 3.7955
0.225 -6.81 3.44 1.3887
0 -9.3 3.76 3.1721
0 -9.27 5.14 3.4325
4.525 -3.71 8.65 1.9998
4.1 -4.65 9.31 1.9428
0.8 -6.21 1.46 0.7244
0 -5.73 6.66 1.7708
0 -4.92 9.62 3.2466
0 -2.25 12.63 3.1059
0 -0.02 14.62 2.0564
0 0.64 14.65 1.2414
0.825 -1 13.23 2.333
27.45 -3.4 9.82 3.4357
16.125 -8.33 0.47 2.6271
3.375 -10.5 -1.06 0.8078
2.875 -8.73 1.11 1.5992
0.025 -9.82 -1.47 2.3896
0 -7.73 2.94 1.4773
0 -8.67 4.75 3.0814
0 -5.59 6.04 1.495
0 -4.43 8.62 2.5561
0 -5.16 9 1.0764
0 -6.19 7.66 2.2779
0 -6.74 8.43 2.4502
29.25 -6.19 7.63 2.9696
54.175 -9.66 0.72 3.4566
42.825 -11.31 -5.46 5.3102
21.55 -10.86 -6.37 3.6496
20.675 -10.61 -5.45 4.6528
9.05 -16.26 -7.16 1.1673
0 -17.19 -7.53 3.5448
6.625 -16.83 -7.55 3.3155
19.3 -12.33 -3.28 3.0817
13.9 -17.07 -5.88 2.5996
0 -18.72 -8 2.3526
0 -15.95 -7.32 2.9871
0 -11.42 -2.6 2.1678
0.05 -9.24 2.83 2.4824
0.075 -6.47 -1.11 1.6843
1.9 -5.78 1.38 1.8744
23.3 -6.95 0.35 2.0053
10.225 -6.93 2.32 3.2595
0 -8.26 -0.58 2.2576
7.6 -6.94 2.41 2.0249
9.575 -5.15 2.12 1.185
1.875 -4.58 0.77 1.6509
0.125 -6.2 2.1 0.4947
0 -6.8 4.01 2.1489
0 -6.12 3.3 1.3974
24.325 -6.07 4.35 2.2456
15.875 -8.94 -0.96 1.5284
5.575 -11.08 -3.1 2.8224
63.875 -11.3 -2.89 3.3122
101.68 -7.11 -2.65 5.0724
79.3 -6.51 -0.97 5.953
28.725 -9.44 0.24 2.6011
10.8 -9.96 -7.73 2.3206
5.7 -10.11 -4.79 2.3005
3.375 -9.52 -3.92 0.5659
0 -9.84 -2.68 2.882
18.625 -10.44 -0.23 5.2031
10.6 -10.95 -0.12 2.3146
0 -11.34 -6.01 0.9971
60.85 -10.85 -4.2 2.407
41.025 -8.87 -3.17 4.699
2.55 -18.42 -5.33 2.4511
4.525 -18.7 -9.77 1.437
27.225 -18.58 -8.75 3.9056
22.175 -11.82 -6.49 4.3833
5.175 -11.42 -6.88 2.4717
0 -13.34 -5.93 3.0652
0 -14.7 -5.86 3.7147
0 -12.5 -4.32 5.1792
0 -11.8 -2.73 3.8613
0 -12.12 -2.82 1.9802
0 -12.43 -1.54 0.9806
0 -14.26 -3.37 3.3118
4.95 -13.56 -3.27 3.206
3.55 -9.66 -1.48 1.8609
0.75 -9.54 0.95 1.6424
0.45 -9.67 -0.81 1.2565
0 -9.67 4.74 2.4447
0 -6.84 3.45 0.684
0 -5.84 4.79 0.5462
0 -6.58 5.76 2.1527
0 -7.98 4.42 1.2622
0 -8.4 4.2 4.1919
0 -8.87 3.83 3.652
0 -8.13 4.87 3.0247
0 -7.95 7.04 3.8049
0 -7.95 4.93 2.0708
0 -7.44 5.27 2.1809
0 -7.7 5.65 4.8972
0 -7.59 6.41 3.3002
0 -7.82 6.42 1.8285
8.675 -8.72 5.82 0.7302
10.1 -9.37 4 1.752
3.45 -11.09 -4.43 1.5636
0 -11.93 -1.43 2.1279
0 -13.18 0.16 2.9791
0 -12.35 0.54 2.0536
0 -11.13 2.12 2.7739
0.025 -7.01 6.53 1.572
0 -8.44 7.04 1.8711
0 -6.46 8.47 0.5021
0 -9.4 7.5 2.3344
0 -12.11 0.85 3.6403
0 -13.16 0.27 3.6315
0 -12.05 1.95 3.6135
0 -10.42 5.48 2.5671
0 -9.32 8.36 1.3509
0.225 -8.98 8.22 3.6459
20.1 -7.59 2.39 4.6647
27 -9.15 2.22 6.1807
37.45 -12.38 -8.02 4.7175
53.725 -11.48 -7.8 2.8535
22.55 -10.9 -5.05 3.8045
1.625 -17.7 -6.56 0.6687
0 -17.11 -5.48 1.3008
0 -17 -5.8 0.4102
0 -15.72 -2.62 0.4674
11.05 -13.65 -2.78 2.6796
24.325 -10.75 -4.04 5.5966
8.825 -16.49 -7.1 0.7515
27.1 -18.18 -9.9 0.5714
1.25 -18.07 -4.24 2.2637
6.975 -16.36 -1.46 1.7212
19.825 -12.63 1.19 3.6408
8.4 -7.61 -0.33 1.76
0.45 -12.35 -0.92 1.4356
6.25 -10.24 2.63 0.4848
31.375 -8.92 3.31 1.7177
21.175 -7.76 -1.71 4.1489
0.275 -10.55 -3.1 0.8413
0 -8.54 3.04 1.5561
0 -7.14 6.35 1.4179
0 -7.61 4.91 0.9009
0 -7.95 2.57 0.4529
4.475 -7.8 4.02 1.1544
4.65 -6.17 1.82 1.3449
34.275 -5.61 4.6 1.5564
27.25 -4.87 5.47 3.0108
2.05 -11.05 -2.02 0.9356
26.325 -11.39 0.87 3.6439
46.325 -11.02 -3.44 4.8744
58.525 -10.22 -6.36 5.8872
28.825 -11.43 -6.62 2.5656
9.15 -12.51 -4.93 1.0859
16.425 -9.96 -1.24 4.7174
36.325 -9.81 -5.5 5.5751
24.775 -12.92 -6.49 4.295
22.9 -12.14 -4.51 3.1206
8.575 -8.53 -4.39 1.7786
0.325 -8.59 -1.05 0.5635
0 -8.85 3.35 0.8976
0 -7.04 4.02 1.704
0 -5 7.73 2.2798
0 -4.19 14.48 1.843
0 -3.77 15.76 0.8367
0 -6.73 9.24 1.6754
0.025 -7.41 7.68 1.9925
0 -6.57 11.15 1.1624
1.975 -6.34 10.92 1.1764
7.45 -9.34 9.05 3.5143
4.8 -15.01 -5.74 1.5041
0.8 -14.24 -6.16 1.2587
0.025 -13.49 -0.41 0.3999
0 -11.21 4.73 1.3828
0 -8.94 5.77 1.0546
0.725 -8.64 6.41 2.8041
0.475 -11.67 -2.25 0.4912
0 -10.81 5.76 0.7611
0 -6.47 9.79 1.0323
0 -4.68 12.45 2.0637
0.05 -2.2 12.22 2.8996
0.05 -2.93 9.26 1.5295
0.35 -4.11 9.77 2
5.6 -3.6 4.73 2.1248
1.95 -7.83 5.09 0.8362
1.4 -7.2 4.96 1.0286
1.025 -4.94 2.98 2.4184
0.625 -6.43 2.84 2.5371
0.1 -9.35 5.27 2.2368
0 -7.55 7.44 0.7529
0 -5.5 10.25 2.2532
0 -8.23 8.44 4.2047
0 -9.86 6.23 3.4192
0 -7.88 7.41 1.9633
0 -4.97 10.48 0.6105
0 -3.69 12.36 0.7671
0 -1.64 14.24 3.0913
0 1.05 16.51 0.906
0 0.33 17.74 1.3836
0 -0.27 16.34 1.9606
0.1 -2.71 12.25 2.8881
2.475 -7.41 2.93 3.0486
1.425 -9.08 0.15 2.5313
0 -4.81 7.84 1.6382
0 -2.64 11.46 1.0197
0 -2.03 14.1 0.5253
17.95 -1.38 15.42 3.0298
24.475 -9.54 6 3.12
12.125 -10.2 -3.1 1.1737
40.1 -8.77 -0.06 3.4845
21.925 -8.42 -3.08 2.2602
1.6 -8.44 0.57 3.1935
0.05 -8.17 7.33 1.5149
0 -3.33 11.56 1.8575
0 -3.51 11.56 2.7654
0 -5.04 10.45 4.1979
0 -5.81 8.01 2.2336
0.825 -3.39 10.59 2.9885
0.575 -5.44 7.82 2.4517
0 -4.87 7.98 3.3919
6.25 -5.02 7.74 4.1551
5.525 -8.26 3.9 4.6324
1.075 -7.53 3.8 2.9839
1.55 -4.91 6.75 2.9042
2.625 -3.82 7.11 3.0021
1.575 -8.07 2.08 1.7017
0.125 -6.85 4.91 0.9224
11.85 -5.11 6.53 2.8609
27.525 -1.15 1.8 1.4526
13 -4.93 7.67 3.8152
0.7 -4.85 3.63 1.7974
0.275 -3.26 9.26 2.8461
0 -1.37 12.83 1.4181
0 0.02 15.6 2.14
0 -0.29 14.94 2.9277
0 -0.87 13.07 2.6422
0 -0.07 14.38 2.7014
0 1.29 17.36 1.5471
0 2.57 20.03 1.7973
0 2.66 18.42 2.0892
0 -0.42 16.57 0.9481
0 1.65 16.36 2.9266
0 1.07 17.41 2.1133
0 1.68 16.93 0.2994
0 3.83 20.11 0.482
0 5.48 23.04 2.5304
0 5.46 22.81 2.9038
0 3.85 20.8 2.5155
0 1.12 18.69 2.5617
0 1.23 17.5 2.1656
0 2.93 18.69 2.0976
49.3 3.25 19 2.8506
26.35 -0.21 15.08 2.5923
2.85 -2.37 7.79 2.2212
0 1.76 14.77 0.7557
0 2.26 19.91 0.7545
0 5.42 22.38 0.7633
0 5.97 22.79 1.5987
0 6.28 22.28 1.6993
0 7.01 21.61 2.4418
0 7.67 22.08 2.9934
0 5.91 20.44 2.1289
0 5.65 21.15 2.4227
0 3.63 20.77 2.1726
0 2.73 19.81 2.5157
0 2.44 17.56 2.6879
0 1.62 17.06 3.2535
0 1.26 14.87 2.6877
0 2.27 14.27 3.2182
0 0.38 14.2 3.3507
0 0.46 15.27 2.1758
0 0.65 16.87 1.5487
0 2.22 18.23 1.9905
0 2.27 18.51 1.0996
0 3.08 19.07 2.2302
0 3.31 20.63 2.7924
0 4.11 20.03 1.8275
0 4.64 21.26 2.2246
0 3.12 22 2.2807
0 2.33 20.94 1.6891
0 2.89 20.41 1.6051
0 4.56 19.59 1.268
0 5.34 22.88 2.1547
4.7 5.77 23.31 3.1754
3.325 7.1 22.68 2.286
0.15 6.8 19.87 1.7629
0 5.8 21.39 1.9503
0 5.38 22.11 2.121
0 4.09 22.34 3.2222
0 2.78 18.65 2.302
0 3.59 19.25 3.1919
0 3.14 19.2 2.6275
0 3.31 20.65 1.8983
0 3.29 20.52 1.9994
0 3.34 20.75 2.1224
0 4.14 20.67 2.6816
0 3.96 21.27 1.5126
0 3.98 21.06 1.5279
0 5.36 22.52 2.1633
0 3.2 20.78 1.4083
0 2.82 20.3 0.8144
0 2.32 21.02 1.6955
0 3.1 21.94 1.3908
0 4.1 22.06 2.5282
0 3.57 20.03 2.2109
0 2.53 19.55 1.8308
0 1.74 19.08 1.3075
0 3.53 20.19 0.8567
0 3.97 22.11 2.0804
0 5.48 21.76 1.3944
0 5.46 21.52 1.0351
0 5.37 23.49 1.1246
0 6.28 23.43 1.567
0 5.43 23.94 1.632
0 4.12 22.85 1.9795
0 2.26 21.37 1.8227
0 3.11 19.29 0.6441
0 3.58 20.19 1.054
0 4.29 21.24 0.7955
0 4.78 21.3 0.8066
0 5.33 22.01 1.9197
0 3.61 21.5 0.3996
0 4.83 21.41 0.8881
0 5.54 22.34 0.789
0 4.81 21.19 1.9149
2.625 2.62 21.19 1.1269
9.375 4.13 18.82 1.7066
9.55 1.43 12.97 1.5446
12.675 2.44 16.79 0.6952
10.9 1.44 17.35 1.2091
0 2.52 16.3 2.5686
0 1.77 16.55 1.7717
0 0.09 13.92 1.5949
0 -0.75 14.56 0.452
1 0.94 18.94 0.1875
0.65 2.66 21.37 0.8343
0.025 3.72 20.52 0.5151
3.775 4.5 21.14 0.4509
0 5.21 22.67 0.7019
0.1 4.58 23.05 1.6263
6.175 2.72 19.65 2.4395
0.05 -0.25 12.04 1.6575
0 0.64 16.73 0.2994
0 3.41 20.07 0.5453
0 2.9 18.15 1.036
0.05 3.7 20.29 1.5549
0.025 2 18.64 2.6457
0 2.46 14.79 2.1231
0 0.22 14.39 2.2606
36.45 -2.85 11.01 2.4153
37.375 -4.05 6.17 4.099
9.075 -7.71 -1.36 0.8213
2.225 -8.7 -1.16 0.8701
0 -7.97 4.49 1.4547
0 -5.31 8.16 1.2624
4.825 -2.82 10.38 1.8034
4.4 -0.45 6.15 1.9415
0 -1.51 11.25 0.9435
0 -1.16 14.89 0.5915
0 1.33 16.83 0.4539
0 0.04 16.95 1.2569
0 1.02 16.29 1.6059
0 0.9 14.47 1.9342
0 0.91 15.26 1.9736
0 -0.24 16.43 0.7415
0 -0.87 12.76 0.494
0 -2.5 14.21 0.4234
0 -1.88 12.22 2.5508
0 -1.49 14.85 2.0251
0 -1.23 16.2 2.1852
0 -2 12.57 1.3981
0 -4.61 8.17 3.6266
0 -6.86 7.34 3.4795
0 -5.77 7.66 2.106
0 -4.3 9.96 0.9405
0 -3.25 11.53 2.2119
0 -3.48 12.68 0.114
0 -4.78 12.58 3.7816
0 -3.9 9.09 4.1317
6.75 -7.06 9.93 4.0587
7.625 -11.17 8.14 1.9188
9.475 -13.34 -4.31 0.74
5.375 -11.67 -4.14 1.6588
0.05 -12.17 -3.91 1.0616
0 -12.85 -2.87 2.2663
0 -10.68 0.63 3.1463
0 -9.06 3.79 2.7424
2.2 -6.98 5.19 3.0392
2.95 -5.33 2.36 0.825
0 -6.04 3.16 0.2166
0 -4.59 4.31 0.4308
0 -7.71 4.18 0.4206
0 -7.27 5.07 0.8953
0 -7.49 5.18 1.4456
0.2 -7.01 5.11 3.853
3.75 -9.08 -1.72 2.3779
4.75 -9.28 -2.95 3.8831
2.225 -12.31 -2.7 1.6973
0 -10.71 -0.22 2.4731
0 -8.88 0.99 3.706
0.15 -9.27 4.16 2.5125
0.075 -8.51 0.7 0.7694
0 -7.29 2.78 2.8981
0 -5.48 8.25 2.2994
0 -4.96 8.07 1.1147
0 -4.21 6.78 1.8832
0 -8.17 9.04 3.5628
0 -9.26 3.97 8.6721
0 -9.84 0.25 3.814
0 -11.09 3.73 4.2939
0 -12.92 0.21 2.8849
0 -12.77 -0.27 3.5002
0 -13.4 -0.8 3.0233
0 -12.37 -0.23 3.6177
0 -10.58 2.37 3.9056
0 -10.17 2.31 4.4252
0 -9.49 3.69 3.209
0 -11.77 2.58 1.1356
0 -13.17 0.62 1.6219
0 -13.41 -1.23 1.4999
0 -13.3 -1.7 0.9108
0.325 -12.88 -0.71 0.8082
0.15 -11.33 -2 5.6896
0 -8.77 2.59 4.8458
0 -11.34 3.52 2.8117
0 -11.29 1.57 4.8892
0 -12.1 0.03 4.5887
0 -12.78 1.4 3.655
0 -13.31 0.89 4.4699
0 -12.15 0.62 3.8976
0 -11.55 2.38 5.0221
0 -10.19 3.81 3.3339
0 -9.26 4.76 1.422
0 -9.18 5.31 0.9913
0 -7.53 4.92 1.0293
0 -5.53 8.45 0.9387
0 -6.63 5.63 1.7474
0 -9.41 4.06 2.3891
