0.775 -24.14 1.1 1.6623
2.075 -8.56 -2.84 1.4032
0.95 -11.52 1.03 1.617
0.275 -14.24 -4.53 4.3094
1.75 -14.67 -2.87 1.5696
0.925 -9.98 -4.97 0.6706
0 -9.63 -1.48 1.3557
0 -9.39 -1.14 0.6994
0 -11.03 4.31 4.6802
0 -9.44 4.65 3.3449
0 -8.05 3.27 2.1967
0 -7.47 6.71 5.493
0 -5.12 6.94 3.8113
0 -8.57 6.24 3.1308
0 -6.07 8.14 3.9361
0 -7 8.91 4.9642
0 -9.28 5.95 4.2446
0 -9 4.23 4.7504
0 -7.65 7.18 4.8351
0.075 -6.84 5.27 3.3598
12.775 -5.26 7.02 2.7689
27.675 -6.87 4.63 2.1414
17.475 -13.85 6.07 1.604
38.4 -2.92 1.21 2.6356
12.85 -7.1 0.24 3.6671
0.725 -12.75 -5.69 0.7847
0 -14.29 -5.5 1.2909
0 -12.2 -2.29 1.6081
0 -9.01 1.91 4.2827
0 -8.27 5.67 4.5429
0 -6.34 7.1 3.0825
0 -6.42 6.45 3.1565
0 -8.03 5.74 3.7669
0 -8.33 7.53 3.7885
0 -5.08 9.35 3.0192
8.425 -4.92 8.02 2.6074
12.35 -7.37 0.81 2.8
4.375 -8.56 -2.57 2.8082
19.1 -8.35 -1.2 1.4187
11.55 -12.53 -1.28 3.8598
5.025 -15.83 -7.38 0.5513
10.375 -11.47 -5.28 2.3295
4.375 -10.13 -4.41 1.449
8.35 -10.61 -4.28 2.9455
4.975 -10.57 -4.58 3.0516
2.225 -9.74 -4 5.3959
38.825 -9.26 -4.22 5.5742
26.95 -8.99 -5.82 4.2308
2.525 -11.79 -5.49 1.0327
0 -11.16 -3.46 3.4046
0 -10.9 1.49 2.5584
5.35 -10.61 4.05 3.8341
20.525 -7.77 2.04 3.3561
12.1 -6.08 -2.25 2.4431
4.8 -8.17 0.31 1.4285
2.625 -7.2 3.99 1.4307
0.3 -7.99 -0.55 2.3555
0 -7.66 3.95 0.369
0 -8.21 6.09 3.7326
9.8 -4.22 6.72 2.7641
16.975 -3.33 4.62 3.8765
14.875 -4.62 2.37 4.9211
18.5 -8.07 -3.4 3.1602
2.8 -12.68 -5.59 0.785
1 -11.05 -2.53 1.9108
0 -12.59 -2.83 0.2446
0 -12.1 1.25 1.603
0 -10.4 3.95 2.7757
0 -12.62 -0.92 0.4625
0 -11.11 3.74 0.5668
0 -9.32 4.11 2.2135
0 -7.38 6.97 2.6024
0 -9.15 8.59 1.2948
0 -7.43 5.25 2.1566
0 -3.64 6.99 2.3918
0 -5.86 10.14 1.1505
0 -5.5 11 1.0834
0 -3.84 12.54 0.8115
0 -4.17 12.71 0.7743
13.05 -3.98 12.08 2.0119
28.6 -9.39 3.23 4.2821
1.525 -14.49 -5.92 2.3285
0 -12.54 -2.96 1.8656
0 -9.09 5.34 0.4718
0 -6.53 7.75 2.2615
0 -7.45 9.69 2.1128
0 -5.62 9.2 1.3517
0 -4.44 11.39 3.2227
0 -8.6 8.67 1.9076
0 -7.35 6.63 0.3522
0 -5.74 8.65 2.5795
0 -4.35 10.57 2.5771
0 -6.86 8.3 5.4396
0 -10.87 1.4 1.8446
0 -9.92 5.57 2.9096
0 -7.08 9.68 2.6502
10.175 -5.43 12.5 1.4932
14.8 -6.88 8.28 3.3992
8.6 -6.99 -1.05 1.7071
3.6 -6.77 0.74 2.2614
1.025 -7.96 -0.11 3.8521
0 -6.76 4.72 1.7034
0 -6.02 9.17 1.9144
0.25 -4.43 9 4.4948
0.175 -11.97 2.46 6.3291
0 -10.35 -1.67 3.4647
0 -8.78 5.95 1.4719
0 -5.99 11.42 3.0586
0 -3.37 14.61 2.8916
0 -0.83 18.05 1.6154
0 0.8 19.93 1.1303
0 1.8 20.71 2.1365
0.025 1.58 19.76 2.8804
0.85 -1.11 13.02 3.5952
0.475 -9.18 2.79 3.8067
0 -7.45 5.71 2.0787
0 -5.57 8.83 2.3616
0 -5.36 8.69 3.2629
0 -8.15 5.98 1.6166
2.925 -5.95 9.69 2.0468
51.5 0.74 12.56 2.1046
33.025 -2.63 7.83 2.7026
1.725 -0.23 6.85 3.6721
0.775 -3.32 6.4 1.9042
0.075 0.38 10.15 3.6205
0 -1.55 12.44 2.4233
0 -1.72 15.92 2.8809
0 -0.27 16.51 1.6457
0 -0.85 16.84 1.1532
0 0.26 16.92 0.8546
0 0.25 18.15 3.0504
0 -2.32 17.12 3.2884
0 -1.29 15.63 2.3861
0 -0.61 14.94 3.3259
0 0.93 16.37 1.5503
0 1.89 19.22 1.6209
0 3.96 23.16 0.2877
0.05 6.58 24.9 2.4777
0.025 5.55 24.16 2.8845
0 2.65 18.5 1.9926
0 1.4 17.61 1.0052
0 2.61 18.67 2.5216
0 2.03 18.36 2.9859
0 2.29 17.34 2.8206
0 1.21 16.94 1.8665
0 1.46 17.32 1.1954
0 1.99 18.85 0.7572
0.925 3.92 19.13 1.8215
0.575 2.88 19.7 2.4026
3.05 2.33 18.4 3.3422
1.85 2.87 18.79 2.1936
1.075 3.27 17.68 1.9905
0.025 2.37 16.54 2.2606
0.2 3.18 14.1 0.8428
10.95 -0.48 11.94 2.2747
10.25 -2.02 12.07 3.7132
3.825 -3.67 4.01 2.5493
1.025 -1.91 6.29 2.8098
0.525 -1.01 10.7 2.5894
0.325 0.25 13.27 3.4563
0 1.12 12.82 3.1262
0 -1.01 11.36 3.3871
1.425 -0.25 12.03 2.2262
1.85 1.09 11.28 3.6882
0.575 -0.89 11.53 2.5903
0.725 -0.26 12.22 2.4404
0.55 1.22 12.39 2.3669
0.1 2.98 13.69 2.9284
0.05 2.93 16.23 1.6121
0 7.01 21.44 2.7211
0 2.81 20.39 3.424
0 0.71 15.41 3.2162
0 0.22 16.56 1.0187
0 1.5 17.21 0.7009
0 3.23 20.73 1.3542
0.025 3.98 23.03 2.6335
0.025 4.07 21.25 1.8047
0 4.98 21.68 0.8324
0 5.95 25.34 0.4896
0.275 8.41 26.65 3.0207
0.6 8.06 26.11 3.0525
0.125 6.86 23.4 2.2541
0 7.37 24.07 1.6034
0 6.05 22.64 2.879
0 5.59 23.17 2.4946
0 4.51 22.25 2.7745
0 4.41 22.16 2.6258
0 3.29 20.45 2.9208
0 3.21 19.63 2.6401
0 2.47 19.46 2.5788
0 2.83 19.94 1.8925
0 5.12 21.24 1.8722
0 5.9 22.29 2.3122
0 5.83 21.81 1.2865
0 5.16 23.65 0.4494
0 6.96 25.08 1.7137
0 8.07 26.87 2.076
0 8.42 20.93 1.948
0 8.63 26.96 2.1339
0 10.95 28.35 1.8498
0 11.97 28.83 2.4881
0 8.62 27.5 2.5045
0 7.81 25.93 2.1635
0 9.01 25.66 2.029
0 8.15 25.11 2.0974
0 7.51 24.91 2.1201
0 7.55 25.07 1.9254
0 7.86 26.29 1.9332
0 9.45 26.69 2.1415
0 9.28 25.56 2.8482
0 8.69 24.65 2.5207
0 8.79 24.92 2.4453
0 7.43 25.25 2.4481
0 7.12 25.05 2.9352
0 4.94 22.84 2.6255
0 5.43 21.51 2.1382
0 8.13 23 2.5006
0 4.17 19.56 3.2261
0 1.39 12.73 2.027
0 0.55 14.19 1.2933
0 2.79 18.78 0.2403
0 3.78 22.44 1.2022
0 8.13 24.57 2.8982
0 8.68 25.58 2.6249
0 6.4 23.91 2.9279
0 6.1 23.06 3.2886
0 3.58 20.81 1.3122
0 1.97 20.29 0.263
0 3.59 22.47 0.5893
0 4.35 23.77 0.841
0 4.85 26.47 1.2252
0 7.27 27.43 1.9241
0 8.24 26.8 2.1998
2.2 8.38 27.51 2.3775
2.525 7.55 22.4 3.1636
0.725 5.44 20.54 1.6234
0 3.5 22.01 1.673
0 3.59 21.7 0.5953
0 3.98 22.57 1.3449
0 5.49 23.64 1.012
0 6.64 24.51 1.2862
0 6.69 25.91 3.017
0 7.78 22.9 2.0836
0 5.43 22.6 0.9682
0 4.75 24.83 0.2228
0 7.47 23.81 1.3369
0 7.08 23.8 2.0773
0 4.68 22.8 2.0871
0 2.29 21.4 1.9769
0 1.95 18.85 1.436
0 3.16 20.13 0.5318
0 2.9 19.92 0.9796
0 5.07 22.11 0.3893
0 5.9 23.47 0.9373
0 6.51 25.41 1.6453
0.575 5.73 21.67 2.2992
0.35 2.58 17.09 2.6769
0 0.2 20.08 1.4886
0 1.97 19.13 1.1534
0 3.79 20.59 0.3723
0 3.67 21.82 1.1583
0 6.73 24.17 2.3335
0 6.46 22.36 1.0547
0 8.59 16.99 2.5681
0 3.76 24.37 2.5825
0 6.9 24.22 1.6221
0 3.61 23.78 0.7821
0 4.53 23.17 0.7529
0 8.19 24.49 1.1944
0 5.33 25.2 0.3417
0 5.68 25.32 2.1719
0 4.95 22.15 2.6112
0 -4.19 12.31 2.343
0 -5.9 10.31 2.6182
0 -2.98 14.24 0.8338
0.525 -0.67 15.5 3.293
0.35 -5.96 13.09 3.6327
0 -8.48 -0.21 0.3396
0 -7 7.17 3.0793
0 -6.33 9.39 1.7057
0 -4.29 10.68 1.4258
0 -4.67 12.86 0.8219
0 -2.31 14.52 0.4392
0 -2.99 13.82 2.0052
3.475 -2.43 13.74 1.9154
28.05 -1.61 7.11 6.2594
15.625 -2.22 4.47 4.4614
0.025 0.55 8.75 0.8194
0 0.75 14.27 2.319
0 0.93 16.02 1.2187
0.025 1.62 18.05 2.0051
0.575 2.66 14.28 2.5084
0.325 -5.9 6.3 2.6107
0 -5.46 8.36 1.1074
0 -3.8 11.53 0.5924
0 -3.14 12.18 0.831
0 -1.26 14.09 1.1237
0 -1.87 12.52 1.8457
0 -2.23 12.34 1.2505
0 -2.2 13.54 3.9709
0 -8.61 1.57 5.0762
0 -9.65 1.75 0.8181
0 -7.93 4.57 0.0248
0 -4.34 10.15 0.8969
0 -3.69 12.57 0.8502
0 -1.64 14.39 1.1266
0 -1.61 15.7 1.0954
0 -1.6 15.94 1.6851
0 -0.83 14.27 2.2229
0 -5.02 10.15 0.5588
0 -5.85 8.99 1.4196
0 -7.67 6.61 1.8419
0 -6.88 6.57 1.3326
0 -4.98 8.29 0.8606
1.175 -2.07 9.46 0.6472
2.175 -3.19 8.59 2.1691
0.875 -8.05 -0.1 1.1081
0 -8.92 0.99 1.1642
0 -10.28 2.1 2.8405
0 -7.81 4.73 2.2619
0 -5.9 7.77 1.7481
0 -5.98 9.14 1.2375
0.175 -8.21 4.15 2.3688
0.75 -7.09 6.41 3.7217
0.375 -6.85 4.96 0.9208
0 -7.24 2.03 0.4383
0 -8.21 5.21 2.474
0 -7.77 4.73 3.9235
0 -6.43 6.05 4.2024
0.25 -6.61 7.21 2.7659
0.575 -5.22 7.67 1.3707
0.25 -7.93 4.27 4.6355
0 -7.89 -0.02 5.2177
0 -7.83 3.4 3.9267
0 -7.71 5.06 1.5072
0 -8.21 5.04 2.2537
0 -9.64 4.98 2.1536
0 -9.16 2.83 2.1588
0.025 -7.55 3.87 1.4563
11.525 -11.37 0.82 2.1658
13.775 -9.61 -4.12 1.1697
4.2 -19.03 -8.09 0.5855
0 -20.15 -8.57 1.8892
1 -16.91 -5.64 2.9336
27.475 -9.06 -1.71 2.8113
33.075 -6.42 -2.62 3.7142
29.8 -7.43 -1.71 4.6419
1.575 -10.06 -3.21 0.6471
0 -9.31 -4.75 2.981
0 -8.1 -1.95 2.3355
0 -7.34 0.1 2.3662
0 -7.26 0.97 2.8731
0 -7.97 0.61 4.1538
0.75 -7.51 0.75 2.9543
12.7 -6.06 3.9 1.8346
9.775 -9.3 0.86 3.7178
0.075 -14.29 -5.79 2.9816
0 -10.92 -1.82 3.8166
0 -9.8 0.5 3.6991
3.425 -9.8 -1.52 4.0048
2.375 -8.54 -0.7 1.8742
1.725 -10.07 -1.24 3.2141
6.1 -9.25 -2.99 0.6589
3.225 -8.48 -2.81 1.4595
0.05 -8.69 -2.39 2.3578
0 -8.29 0.39 1.7279
0 -8.82 1.01 1.2789
0 -9.05 1.7 4.0902
0 -8.62 3.41 2.9976
0 -7.82 3.33 2.4893
0 -7.68 3.25 2.9655
0 -8.29 2.97 2.8779
0.075 -5.63 5.06 3.143
1.05 -5.16 5.04 2.3275
0.55 -4.08 3.96 2.4495
0.425 -5.03 2.52 3.092
18.475 -6.7 4.28 4.2193
11.075 -5.18 2.6 2.0682
0.025 -8.77 -0.87 1.4354
0 -9.23 1.22 3.3081
0.35 -8.92 2.83 1.817
39.35 -8.66 3.37 2.4125
61.275 -7.34 0.08 4.5594
34.825 -8.25 -4.64 5.25
36.65 -8.13 -5.17 6.1793
45.05 -10.47 -5.62 4.0692
24.65 -9.53 -7.05 4.3233
3.675 -12.3 -8.07 0.8199
1.15 -12.14 -6.02 2.0594
6.35 -11.17 -4.94 3.4432
3.4 -8.02 -4.04 2.8842
0 -9.16 0.49 1.3287
0 -11.46 0.53 2.7954
1.325 -9.72 -1.12 3.145
0.775 -8.12 0.94 1.4299
0 -12.96 -0.72 1.161
0 -11.24 -0.77 1.6829
0 -8.89 0.39 1.9373
0 -8.58 0.9 0.5859
10.05 -8.45 1.27 2.4184
18.65 -7.19 1.78 3.4814
15.95 -6.46 -1.06 1.8395
5.15 -8.09 -3.4 2.7003
0.5 -9.93 -2.2 1.3657
2.025 -10.33 -1.8 2.4097
1.05 -10.46 -3.06 0.6166
0 -9.5 -0.47 0.8759
0 -7.6 1.08 0.933
0 -8.06 4.49 1.6553
0 -7.93 4.92 1.5916
0 -7.08 7.53 0.9611
0 -7.03 7.19 1.7194
0 -6.2 8.59 2.4273
0 -5.03 8.75 1.4485
1.25 -7.24 6.33 1.4469
5.35 -6.13 2.02 2.6696
16.075 -6.54 3.89 3.3469
7.425 -11.12 -3.28 2.4086
7.65 -11.01 -1.92 3.4992
20.6 -7.68 -0.32 2.9276
3.225 -8.54 -1.27 0.6349
34.15 -7.62 2.93 4.2396
23.35 -7.74 2.46 2.0072
2.2 -8.57 -3.24 0.7573
0.25 -8.13 2.96 2.3871
3.85 -6.01 5.53 2.6847
19.575 -7.45 4.48 3.1564
10.4 -10.05 -0.81 3.361
0.025 -11.13 -2.92 1.2863
0 -10.08 1.22 2.6608
0.075 -9.47 0.88 0.9055
6.325 -8.92 3.33 2.4191
4.4 -13.24 -1.34 4.0816
0.375 -11.5 -3.28 2.167
0 -12.34 -3.85 0.4204
31.025 -9.94 3.86 2.0389
18.625 -9.71 3.28 2.662
0 -10.71 -1.65 2.6407
0 -10.31 5.27 3.7366
0 -8.72 9.64 1.5914
0 -7.06 11.78 0.6734
0 -4.57 11.01 2.9714
0 -8.7 9.05 2.0866
0 -4.18 12.41 2.1084
0 -6.7 11.38 0.8924
0 -6.96 9.89 1.2804
0 -8.12 9.48 2.4478
0.275 -8.04 10.59 2.1637
0.825 -5.06 10.45 2.5166
0.375 -9.35 2.93 2.849
0 -8.5 -2.5 2.8616
0 -7.21 8.2 1.4541
1.175 -4.1 10.91 2.5113
5.375 -4.72 9.76 5.8785
3.225 -8.49 -0.61 3.4033
3.175 -12.61 -3.09 0.9952
6.1 -11.19 7.6 2.2929
1 -8.08 -0.3 2.2592
9.125 -9.12 0.34 2.7513
5.55 -9.55 -2.25 3.6154
0.05 -12.83 -2.2 0.9522
0 -10.65 3.65 2.1545
0 -8.99 8.55 0.4822
0 -6.39 10.3 1.164
0.3 -5.77 8.99 1.9978
6.15 -4.51 5.69 3.87
6.25 -8.1 -0.23 4.6823
1.575 -9.19 -2.8 1.0827
0 -8.36 3.07 0.6741
0 -7.14 5.08 0.846
0 -5.22 10.08 2.741
0 -6.25 10.16 1.4147
0 -5.29 12.27 1.028
1.5 -4.49 13.4 1.9349
8.25 -3.43 11.47 2.8384
5.2 -8.37 0.49 2.9811
0.45 -7.41 -3.8 1.5683
0.125 -6.83 -1.23 1.6543
0 -5.42 9.33 0.7306
0 -4.01 11.86 1.4356
0 -2.77 13.52 0.7164
2.775 -0.4 14.81 4.1504
4.375 -5.34 5.58 5.3647
2.25 -10.46 -1.09 4.2411
0.375 -9.48 -0.47 3.5908
0 -7.99 4.82 2.0419
0 -6 8.95 2.3384
0 -5.6 12.61 1.0433
0 -3.16 14.61 2.0485
0 -1.77 13.92 3.6415
0 -5.48 10.5 2.1452
0 -5.37 9.01 0.8883
0.025 -3.39 11.7 2.9433
1.7 -4.46 10.71 3.9253
4.525 -7.41 2.45 3.4132
2.125 -11.12 0.84 4.7557
0 -8.69 2.59 2.4346
0.025 -4.96 8.5 1.0769
0 -4.43 11.36 0.6331
0 -1.93 13.61 0.5306
0.425 0.17 15.71 1.3853
2.225 2.08 15.2 2.0505
1.175 -9.63 13.53 2.3378
0.025 -2.36 8.37 1.8049
0.025 -0.01 12.01 3.4402
0 -3.04 12.38 4.5005
0.15 -7.58 6.92 3.8594
0.425 -8.08 1.73 4.0899
0.675 -6.38 2.42 2.3972
1.375 -6.11 3.97 1.6217
3.125 -3.53 8.33 3.3038
4.9 -4.16 6.09 2.7797
2.05 -6.51 2.93 3.8588
0 -6.17 5.88 2.022
0 -2.77 13.42 0.623
0 -3.53 16.39 2.6687
0 2.6 15.63 2.9332
0 0.99 14.04 2.7911
0 2.88 16.32 2.9625
0 4.19 17.29 3.0062
0 3.94 17.03 2.1832
0 5.28 21.36 3.2306
0 5.87 21.83 3.2235
0 3.72 19.5 2.4362
0 3.91 18.95 4.0477
0 0.68 16.75 4.7132
0 -0.65 12.58 5.1499
0 0.77 10.29 4.0532
0 1.07 15.49 1.167
0 2.17 17.39 1.5826
0 3.67 20.69 3.1971
0 -0.47 18.56 3.1838
0 -1.28 13.87 0.8885
0 -0.39 18.43 2.3543
0 -0.02 15.6 3.1878
0 -1.46 15.21 2.5115
0 -0.86 17.31 1.4054
0 0.92 15.5 1.0512
0 3.05 19.38 1.6266
0 3.21 20.19 2.0929
0 5.16 16.51 2.6143
0 3.85 18.25 2.2543
0 6.27 19.96 0.7856
0 7.75 24.08 1.4926
0 8.59 24.94 3.2256
0 5.99 23.08 3.0301
0 3.68 21.18 2.6601
0 2.82 19.7 2.7177
0 3.97 19.8 1.8705
0 2.6 18.78 0.8588
0 4.46 21.28 1.8773
0 5.25 22.87 2.496
0 5.97 22.42 2.0896
0 5.72 21.45 2.2873
0 8.23 23.93 2.1559
0 6.95 23.11 1.8067
0 7.15 24.37 2.4037
0 8.82 23.7 3.3568
0 8.97 23.66 3.5678
0 6.75 21.25 1.9803
0 7.32 23.3 1.26
0 8.34 25.97 2.569
0 7.78 24.93 2.7784
0 8.63 25.58 2.604
0 9.68 27.35 2.2317
0 7.31 26.84 2.1463
0 7.15 24.84 2.6394
0 5.72 24.34 1.113
0 6.24 23.14 2.2811
0 6.91 24.22 1.9843
0 8.51 25.11 2.4026
0 8.79 24.54 2.637
0 4.52 23.62 1.8828
0 4.13 24.55 2.257
0 5.35 22.41 1.859
0 5.15 23.54 2.1842
0 5.27 23.61 2.445
0 4.5 23.13 2.1173
0 4.75 22.36 2.4303
0 4.62 23.95 1.5141
0 4.09 23.69 1.9653
0 5.01 23.29 1.9773
0 3.33 22.73 2.0242
0 4.53 22.14 2.4772
0.2 6.02 21.07 2.8095
0.1 5.5 16.26 1.9999
0 3.34 20.43 1.8953
0 5.08 21.25 2.3207
0 2.73 13.8 1.0482
0 3.73 20.43 1.2528
0 5.06 22.1 2.2222
0 5 22.53 2.6886
0 5.96 23 1.1875
0 5.11 24.61 1.8045
0 5.88 25.11 1.9025
0 5.26 23.44 1.8791
0 4.45 23.18 2.2094
0 4.47 24.21 2.0283
0 6.08 21.74 1.7832
0 3.04 20.09 2.5272
0 7.32 24.18 2.187
0 7.42 27.22 0.7337
0 10.41 28.27 2.4277
0 6.65 28.01 2.7002
0 2.65 22.47 3.006
0 2.64 12.33 2.2711
0 -0.64 11.96 2.3643
0 -0.97 14.1 0.9796
0 1.05 17.57 0.5058
0 2.51 22.11 0.4186
0 5.89 25.29 1.1323
0 6.85 25.36 1.3792
0 5.9 24.77 1.9853
0 3.27 22.11 1.3079
0 2.69 22.4 2.5944
0 3.92 20.94 3.0757
0 -2.71 8.25 2.1304
0 0.11 18.55 0.6794
0 0.62 16.74 0.7754
0 1.72 20.4 0.9944
0 1.79 20.37 1.7441
0 0.8 19.07 1.4353
0 0.32 18.77 0.6862
0 0.36 18.85 1.2171
0 -1.08 20 1.6359
0 0.07 19 1.5092
0 -0.09 19 1.5436
0 -0.06 14.25 1.0218
0 -2.14 17.14 1.0744
0 0.93 15.82 2.6984
0 -0.32 14.45 0.9198
0 0.69 17.88 0.4563
0 3.4 20.82 1.0085
0 4.33 24.21 0.4926
0 7.56 25.05 1.1043
0 9.42 26.18 0.5215
0 7.78 26.72 0.4729
0 5.44 26.25 0.3229
0.125 5.24 21.47 0.5397
3.3 5.4 18.18 1.37
19.45 5.44 19.7 1.6342
37.05 2.34 9.53 1.5663
1.3 0.34 4.16 1.0162
11.15 -3.38 5.66 0.8065
1.3 -2.94 4.14 2.0976
0.75 -5.72 6 0.8971
0 -3.52 11 1.8472
0 -3.32 13.85 1.666
0 0.69 16.4 1.3451
0 0.32 17.44 2.397
0 3.04 19.01 1.7652
0 2.81 19.03 0.8521
0 1.78 18.04 0.7188
0.025 2.01 17.83 1.2999
0.825 2.53 14.19 0.8468
0.55 0.18 9.45 1.1361
0 -0.03 8.81 1.871
0.325 -1.38 14.6 1.0639
0.175 -0.13 11.93 2.0821
1 -2.28 9.47 1.9054
7.525 -1.06 8.34 1.7397
16.55 0.83 4.28 4.4922
8.05 -3.12 5.1 3.8675
0 -5.61 4.6 1.646
0 -8.27 4.52 3.0203
0 -7.86 5.99 3.2486
1.875 -3.38 9.18 2.1213
1.35 -3.43 10.1 2.0146
0.125 -5.26 1.91 0.9503
0 -4.9 7.34 1.9294
0.6 -3.68 10.74 3.3708
0 -2.35 14.19 3.158
0 1.1 15.49 2.1903
0 1.54 14.69 1.1266
0.275 0.51 13.82 2.3814
23.15 -2.17 10.49 2.9111
15.375 -6.62 2.55 2.8725
2.7 -9.1 0.82 0.5628
1.875 -8.89 1.72 1.621
0.575 -8.91 -0.36 2.6978
0.3 -7.71 3.37 1.4703
0 -7.23 6.56 3.1817
0 -5.43 6.29 1.5374
0.275 -3.37 9.59 2.3714
0 -4.35 10.05 0.7476
0 -6.39 8.38 2.1568
0 -3.37 9.15 2.3482
22.675 -2.71 9.09 3.0791
37.65 -7.82 3.32 3.3776
24.575 -10.3 -4.56 5.4191
10.175 -10.11 -6.72 3.087
13.25 -9.33 -4.25 4.3698
7.65 -14.53 -6.13 0.9629
0.475 -16.02 -7.32 3.2806
0.4 -15.27 -5.77 3.2851
13.725 -10.35 -3.19 2.8784
8 -13.57 -3.43 3.0132
0.3 -16.76 -7.32 2.1298
0.65 -14.9 -6.3 2.9857
0 -11.01 -2.33 2.2311
0 -9.02 2.66 2.5159
0.025 -3.02 4.26 1.6262
0.15 -4.03 4.32 1.7645
5.9 -5.63 0.76 2.0289
3.625 -5.32 3.58 3.1671
0 -7.49 0.32 2.3901
0.625 -5.98 4.61 1.7081
2 -4.06 3.78 1.0307
0.45 -3.27 2.35 1.305
0 -2.86 3.98 0.518
0 -7.31 4.12 2.2992
0 -7.18 4.22 1.5347
20.825 -5.69 6.18 1.8365
14.675 -7.71 1.81 1.8744
5.125 -8.59 -1.59 2.4364
55.325 -8.31 -2.58 3.4833
84.825 -7.67 -3.31 5.4099
73.775 -6.59 -0.6 6.3976
30.25 -8.01 0.22 2.0029
12.075 -9.08 -7.02 2.036
5.3 -8.63 -4.56 2.2151
0.975 -7.86 -2.97 0.34
0.15 -8.93 -1.77 2.7516
22.275 -9.82 0.4 5.1359
10.7 -8.72 0 1.8545
0 -9.92 -5.81 1.1241
12.175 -9.86 -4.97 2.2459
7.425 -7.99 -3.09 4.5466
0.675 -16.97 -4.54 2.8675
0.8 -17.16 -7.29 1.2577
7.925 -16.44 -8.13 3.667
21.55 -9.09 -7 4.7653
32.3 -9.54 -6.19 2.6451
0 -12.19 -5.79 3.1647
0 -12.72 -6.75 3.8943
0 -10.84 -2.24 5.5527
0.05 -10.68 -2.43 3.9595
0 -11.86 -4.61 1.8297
0 -11.9 -1.25 1.0885
0 -12.96 -3.53 3.3138
1.2 -12.98 -2.35 3.1879
9.85 -8.71 -2.61 1.5635
0.05 -9.67 -0.48 1.631
0.075 -9.64 0.76 1.5239
0.1 -10.11 1.37 2.4699
0 -8.54 2.7 1.1281
0.1 -7.9 4.64 0.7067
0 -7.84 2.2 2.2424
0 -7.75 5.7 1.3299
0 -10.02 6.89 4.335
0 -9.98 4.02 3.6765
0 -12.79 3.15 2.6648
0 -7.63 6.76 3.7243
0 -8.95 3.26 2.1322
0 -8.44 5.02 2.1824
0 -8.48 4.39 4.9748
0 -8.51 5.05 3.1675
0 -8.48 5.12 1.782
2.325 -7.79 5.88 0.5999
17.325 -8.09 5.93 1.8141
6.125 -10.05 -5 1.6799
0 -11.2 -1.1 2.0357
0 -13.73 0.14 3.1025
0 -12.92 0.83 2.1611
0.275 -10.18 2.59 2.9571
0 -9.02 6.41 1.7624
0 -7.48 6.97 1.9615
0 -5.8 8.21 0.6198
0 -8.86 7.98 2.1556
0 -11.09 7.11 3.6392
0 -12.26 1.27 3.8988
0 -11.86 2.57 3.9765
0 -9.98 6.02 2.6347
0 -8.16 8.24 1.3782
0 -8.22 7.22 3.11
4.325 -8.44 6.22 3.6833
59.875 -7.87 4.78 6.0592
32.625 -10.5 -6.53 4.1441
38.825 -9.35 -6.57 3.3337
43.25 -9.5 -4.57 4.2094
6.125 -14.06 -5.64 0.9239
0.025 -14.06 -4.06 1.1554
0 -13.79 -4.25 0.3484
0 -13.02 -0.48 0.2274
2.7 -12.13 -1.28 2.2839
19.325 -10.71 -2.87 5.955
24.05 -13.98 -6.39 0.6562
0 -15.95 -7.98 0.4968
0 -15.25 -5.43 2.0476
1.4 -13.66 0.66 1.6745
6.45 -9.13 2.11 3.3063
12.3 -7.14 0.46 1.716
1.9 -9.17 1.98 1.445
1.2 -8.58 5.2 0.6002
14.725 -7.9 7.38 1.7624
30.675 -5.93 -0.19 4.6487
0 -9.61 -1.03 0.5918
0 -9.25 4.98 1.5146
0 -8.06 9.7 1.1122
0.3 -7.22 8.97 1.2136
0.175 -6.96 6.88 0.8265
0.45 -6.96 8.98 0.8092
0.525 -5.02 4.19 1.0038
3.875 -4.8 8.12 1.1634
33.525 -3.79 9.25 2.818
1.775 -8.3 1.08 1.0416
26.05 -9.3 3.5 3.1671
30.775 -9.04 -3.85 4.9295
78.275 -8.81 -4.7 6.3421
11.875 -10.05 -3.86 2.7709
2.475 -10.39 -1.34 0.8499
9.775 -10.16 -1.15 4.4055
47.275 -10.02 -1.68 5.2723
39.325 -13.29 -3.4 4.0607
21.725 -8.51 -3.01 2.8699
10.05 -8.73 -5.7 1.5752
0.025 -7.86 1.86 0.5713
0 -8.05 5.02 1.2311
0 -8.39 6.52 2.3498
0 -7.51 8.5 2.211
0 -4.44 12.52 1.5668
0 -3.96 16.57 1.4202
0 -5.64 13.81 1.0896
0.225 -6.49 11.92 2.0037
0 -5.27 12.17 1.5447
0.575 -4.24 12.21 1.5435
5.35 -8.09 10.13 3.5941
8.325 -12.91 -5.24 1.373
4.375 -12.46 -6.61 1.5763
0.3 -12.6 -0.9 0.6283
0 -9.43 5.44 1.523
0 -8.09 7 1.5074
0.125 -6.9 7.81 2.9829
0.3 -9.54 -0.14 0.6606
0 -7.45 6.64 0.7505
0 -5.71 12.15 1.4829
0.025 -5.24 13.66 2.4487
0 -5.05 13.59 3.1663
0 -3.34 8.94 1.9068
0.6 -5.61 12.35 2.4089
18.475 -2.35 3.69 2.5891
1.425 -5.73 7.24 0.8681
0.35 -6.01 6.89 1.6622
0.075 -4.06 6.23 2.7029
1.925 -4.54 3.64 2.581
0 -6.88 6.15 2.961
0 -5.4 8.01 0.8519
0 -4.86 10.78 2.6457
0 -6.76 10.7 4.7574
0 -5.59 8.53 3.7999
0 -5.66 8.48 2.0282
0 -4.06 10.97 0.5341
0 -1.66 13.82 0.8526
0 -0.7 15.12 3.0619
0 1.25 17.64 0.8079
0 1.39 17.77 1.7537
0 0.49 16.9 2.224
0.6 -0.66 14.38 3.3155
1.725 -4.84 5.88 3.5743
7.35 -6.91 0 2.9496
0 -5.59 9.18 1.733
0 -1.91 12.81 1.2433
0 -0.65 15.52 0.6136
2.775 -0.58 17.04 3.0461
11.875 -8.21 9.49 3.018
5.15 -8.31 -1.65 1.13
10.025 -6.37 2.4 3.4931
18.875 -7.79 -1.03 2.5717
2.875 -6.83 2.11 3.6711
0.25 -5.66 8.51 1.9262
0 -1.64 13.11 1.9832
0 -1.91 12.05 2.8904
0 -3.6 12 4.4569
0 -4.28 9.99 2.5259
0 -2.84 12.28 2.8452
0 -3.53 10.84 2.8589
0.95 -3.61 10.74 3.5011
1.225 -2.76 11.29 4.4723
12.2 -6.8 6.58 5.0486
3.325 -6.27 2.96 2.936
0.175 -2.93 8.92 2.824
0.275 -2.72 10.75 3.1765
2.275 -6.57 4.61 1.8207
0 -5.97 7.28 0.548
3.6 -3.22 7.45 2.8017
22.675 -0.59 2.63 1.4304
14.1 -3.28 8.89 3.5743
0.125 -4.16 5.63 1.8675
0.025 -2.84 10.24 3.1166
0.125 -1.2 13.85 1.6537
0 0.56 16.44 2.2158
0 0.93 17.07 3.0349
0 -0.28 14.44 2.5969
0 1.12 15.4 2.7537
0 2.89 17.53 1.567
0 4.09 20.46 1.9075
0 3.72 20.38 2.6932
0 1.48 17.23 1.2106
0 2.51 16.64 2.9832
0 2.49 17.96 2.0598
0 3.8 18.47 0.2365
0.075 4.42 21.22 0.3653
0 5.89 23.56 2.4539
0 5.63 22.87 2.9973
0 3.11 20.75 2.7738
0 2.66 21.37 2.7873
0 2.51 19.69 2.27
0 3.7 20.86 2.2199
7.5 4.05 20.95 2.6898
25.325 1.81 17.44 2.5278
7.95 -0.8 8.74 2.1888
0 0.63 16.4 0.7798
0 3.16 20.93 0.8771
0 6.16 22.9 0.7388
0 5.57 23.46 1.6874
0 6.82 23.3 1.943
0 8.21 21.03 2.5072
0 8.71 22.85 2.8589
0 7.97 22.11 2.3486
0 7.01 22.7 2.596
0 4.9 22.22 2.2204
0 4.08 21.62 2.3531
0 3.49 19.13 2.3842
0 3.26 19.17 3.1354
0 2.67 17.32 2.6213
0 3.66 15.88 3.1584
0 2.08 15.51 3.0579
0 2.23 16.47 1.9538
0 1.94 18.21 1.4539
0 2.45 20.32 1.9889
0 2.78 20.47 1.2718
0 3.49 21.5 2.3404
0 5.37 22.1 2.8747
0 5.56 21.66 1.8598
0 6.96 22.58 1.9399
0 4.93 23.98 2.1788
0 4.74 22.69 1.8774
0 4.16 22.02 1.7635
0 5.6 21.59 1.4842
0 7.53 23.81 2.2345
0.55 8.47 25.02 2.9223
0.9 10.47 24.81 2.0778
5.225 8.09 19.57 1.5244
0 7.01 22.81 1.9543
0 7.19 24.03 2.1081
0 4.47 22.98 3.028
0 3.75 19.9 2.2393
0 4.59 20.99 3.0188
0 3.83 20.73 2.3612
0 5.27 21.23 1.7556
0 4.74 22.51 1.8114
0 4.78 22.43 2.1927
0 4.48 21.8 2.6388
0 4.51 22.2 1.5535
0 6.18 23.87 1.2644
0 5.25 23.59 2.0754
0 5.58 22.26 1.5724
0 4.48 21.59 1.0726
0 3.93 22.06 1.4462
0 4.23 22.25 1.317
0 5.3 23.24 2.533
0 4.24 21.11 1.9794
0 3.42 20.55 1.3556
0 1.77 20.59 1.0197
0 2.72 21.66 1.0207
0 5.09 23.12 2.0617
0 6.6 23.56 1.2961
0 6.47 23.4 0.8727
0 6.05 25.8 1.1277
0 7.3 25.73 1.4665
0 6.94 25.77 1.6134
0 4.5 24.69 1.9319
0 3.51 22.68 1.8679
0 3.02 21.74 0.8286
0 3.46 21.55 0.7256
0 3.62 23.59 0.9138
0 5.21 22.95 0.9369
0 6.52 23.62 1.7754
0 5.17 21.72 0.6385
0 5.61 23.03 0.8739
0 5.95 24.47 0.7574
0.5 6.27 24.01 1.6765
6.875 4.12 23.76 1.1163
4.875 4.43 19.01 1.3675
20.9 1.46 14.71 1.2816
1.95 2.87 17.16 0.5681
28.175 2.71 19.58 1.0333
0 2.79 17.26 2.399
0 3.33 19.02 1.9774
0 2.83 16.76 1.6112
0 1.35 16.67 0.2169
0.15 2.02 19.81 0.3138
0.1 5.18 22.07 0.9092
0 5.7 22.47 0.3948
14 5.85 23.03 0.3379
0 6.49 22.75 0.6791
0.025 6.24 24.07 1.6674
24.375 2.8 19.74 2.2821
0.275 1.6 13.12 1.7176
0 1.89 16.9 0.4549
0 5.21 20.24 0.6817
0 5.54 21.07 1.1014
0 3.4 22.51 1.5427
0 2.1 21.7 2.4297
0 2.73 18.41 1.9814
0 1.95 15.96 2.1457
7.225 0.4 13.03 2.3731
45.55 -2.24 7.82 3.8645
25.15 -6.79 5.78 0.7079
4.075 -7.86 5.55 0.969
0 -7.23 6 1.2435
0 -4.61 10.25 1.3023
0.625 -2.53 12.07 1.5918
6.8 -1.53 7.68 1.6178
0 -2.34 13.79 0.9048
0 -1.71 15.57 0.6105
0 2.49 18.37 0.5952
0 0 18.01 1.1108
0 0.06 15.51 1.694
0 0.52 15.67 1.8214
0 1.17 16.08 1.8818
0 -0.63 17.48 0.6525
0 -0.72 14.6 0.6224
0 0.03 15.54 0.4187
0 0.46 14.63 2.1778
0 -1.53 16.22 1.8208
0 -0.57 16.55 2.3361
0 -2.33 14.15 1.3448
0 -4.18 9.9 3.6149
0 -6.37 7.98 3.4427
0 -6.59 7.98 2.188
0 -3.7 10.6 0.8561
0 -3.52 12.42 2.2457
0 -2.71 13.02 0.1744
0 -2.84 12.51 3.121
0 -3.18 10.52 4.2121
1.775 -7.37 10.2 3.8947
10.9 -8.79 8.04 1.875
1.75 -10.84 -3.62 0.3417
11.55 -9.85 -2.51 1.4671
0.275 -10.18 -3.04 0.965
0 -11.02 -0.48 2.3837
0 -10.27 1.76 3.3566
0 -9.89 5.28 3.0703
1.5 -8.47 5.12 3.389
4.9 -3.79 3.16 1.0766
0 -5.56 3.88 0.2164
0 -4.96 5.23 0.603
0 -7.78 5.35 0.5238
0 -7.7 5.57 0.8835
0 -7.49 5.62 1.0259
0 -8.14 6.38 3.2572
0.35 -7.97 1.1 2.2095
0.95 -7.46 -1.83 3.9154
4.275 -9.83 -2.95 1.5202
0.075 -10.23 0.05 2.1195
0.125 -9.88 3.83 3.3726
0 -9.44 10.58 2.1808
0 -9.69 4.43 0.853
0 -9.1 3.86 2.9952
0 -7.71 5.65 2.4044
0 -6.8 5.86 1.0595
0 -4.7 6.64 1.8745
0 -8.15 7.13 3.1833
0 -8.51 4.49 9.1416
0 -8.93 -0.27 3.8323
0 -11.1 3.81 4.5418
0 -12.11 1.89 2.6906
0 -11.78 0.28 3.4939
0 -12.88 0.38 3.0789
0 -12.22 0.08 3.6945
0 -11.88 1.76 3.8703
0 -11.58 1.54 4.3449
0 -10.77 1.55 3.2569
0 -11.55 1.87 1.176
0 -12.7 1.45 1.6806
0 -12.38 -1.79 1.4714
0 -11.65 -1.09 1.1935
0 -11.34 -0.75 0.9411
0 -11.6 -1.57 5.8279
0 -11.72 1.16 4.8474
0 -12.58 1.37 2.6466
0 -12.07 2.38 4.6323
0 -13.51 0.35 4.6795
0 -12.15 -2.37 3.4225
0 -14.02 0.68 4.5928
0 -13.22 2.5 4.0145
0 -12.81 1.34 4.9305
0 -11.99 1.62 3.3189
0 -10.5 2.3 1.3418
0 -10.32 4.05 1.2006
0 -9.61 2.66 1.1885
0 -7.25 7.11 0.9684
0 -8.39 5.57 1.0691
0 -10.62 4.76 2.4128
