1.525 1.37 12.53 1.3655
5.125 2.56 10.21 1.4113
15.775 0.62 10.98 1.9116
17.75 -1.89 8.91 3.6023
6.275 1.41 9.33 2.0351
0.4 3.89 7.72 0.4212
1.625 3.94 10.01 1.4435
0.95 3.87 10.37 0.7971
0.525 3.49 11.16 3.862
0.325 1.3 12.02 3.4346
0 3.18 12.84 2.6054
0 5.23 12.27 5.2467
0 4.4 14.76 4.1235
0 3.37 15.81 4.0453
0 3.12 14.23 3.8197
0 3.26 14.87 4.8567
0 2.12 14.78 4.2063
0 2.87 16.13 4.8059
0 2.38 16.61 5.0153
0.075 3.82 13.75 3.5319
6.325 3.89 13.55 2.6748
19.4 8.66 16.21 2.0176
18.25 9.73 12.84 1.6205
11.975 7.2 14.28 2.1423
7.05 6.08 12.68 3.2598
8.65 0.25 7.13 1.0965
4.5 1.32 10.15 1.1479
0.5 0.12 9.26 1.257
0.35 1.35 9.82 4.0006
2.4 1.05 11.06 4.433
1.4 3.64 13.56 2.7549
0 3.53 16.96 2.9801
0 4.29 17.78 4.0804
0 5.18 21.58 3.9091
0.325 6.49 19.89 3.0952
2.675 6.89 15.71 2.7492
4.325 7.57 14.76 3.0347
2.6 5.8 13.26 2.703
5.025 4.42 13.37 1.0817
4.975 1.43 10.52 3.1172
5.125 -1.58 8.65 0.4305
8.4 0.46 10.03 2.8562
13.875 2.2 9.51 1.2699
16 0.43 8.08 3.2551
6.35 3.44 10.04 4.0187
8.3 4.7 10.38 6.5547
17.75 3.95 11.16 5.4121
12.425 5.29 9.47 4.4653
1.075 4.31 11.46 1.7038
0 2.68 14.27 3.5575
0 3.62 16.02 2.7028
5.825 3.74 16.65 3.6581
14.15 6.8 15.33 4.116
8.525 10.13 14.7 3.0922
1.375 6.68 15.06 1.8086
3 6.63 15.92 1.7479
2.425 6.12 15.77 2.8032
0.075 2.88 14.17 0.5006
3.25 4.91 17.07 3.6518
13.925 9.24 16.94 3.2542
22.825 9.94 16.64 4.6445
22.1 6.82 13.19 5.1081
11.3 4.45 12.13 2.6666
0.075 2.12 12.63 1.0891
0 2.46 12.07 1.9112
0 1.35 12.42 0.4274
0 2.97 14.43 1.4146
0 0.94 11.69 2.6747
0 -1.01 12.07 0.7273
0 0.8 13.99 0.7609
0 3.19 16.06 1.911
0 3.24 17.19 1.9412
0 3.71 15.16 1.4476
0 4.55 16.57 2.9105
0 7.24 18.36 3.4582
0 6.47 17.81 0.9474
0 5.99 20.04 1.1706
0 7.91 22.11 1.4656
1.9 8.02 21.67 1.0733
8.925 7.12 20.94 1.712
9.35 2.66 13.52 3.8067
0.325 -0.18 12.52 2.2303
0 2.06 16.23 1.9737
0 4.13 18.06 0.859
0 6.11 20.5 1.8763
0 7.73 21.83 1.8412
0 9.34 23.35 1.4662
0 6.46 19.04 3.8462
0 3.18 17.15 2.2819
0 5.29 18.71 0.6119
0 5.72 20.71 2.9565
0 6.17 20.53 2.7003
0 3.88 16.64 5.1066
0 1.34 17.19 1.9722
0 5.82 19.83 2.5702
2.65 3.39 25.48 1.8733
8.5 6.04 24.56 1.0578
11.725 6.71 17.92 3.0436
8.2 6.48 11.9 1.9685
5 6.69 13.64 2.2776
0.325 4.81 15.52 3.5017
0 5.32 18.59 1.4001
0.075 6.41 20.4 2.5913
0.1 4.69 20.07 5.3027
0.025 0.33 15.03 5.5856
0 2.21 14.74 2.808
0 3.93 21.05 1.71
0 7.2 24.14 2.3578
0 11.36 27.96 2.4935
0 12.75 30.59 1.463
0 15.2 31.45 1.187
0 13.52 31.96 1.7435
0.325 9.29 30.03 2.3682
0.35 7.29 21.53 2.9794
0.375 2.92 18.57 3.1323
0 3.75 19.94 1.9088
0 4.85 18.94 2.2426
0 3.37 16.91 3.04
0 2.42 17.62 1.7074
9.025 4.49 20.17 1.7992
24.7 8.94 20.44 1.9645
20.35 10.93 17.72 2.7635
6.2 10.84 17.16 3.9763
6.1 10.66 20.7 2.1048
5.05 12.47 22.48 3.9629
0 10.03 24.63 1.956
0 11.3 24.7 2.9318
0 9.58 25.41 1.9952
0 10.63 27.11 1.7982
0 10.74 27.61 1.4499
0 11.24 28.05 2.9976
0 8.31 25.52 3.3653
0 9.46 25.42 2.7913
0 10.19 26.75 2.8315
0 11.35 28.13 2.2268
0 14.13 32.82 1.5923
0 18.18 36.45 0.3141
0 16.7 35.6 2.0494
0 14.67 31.87 2.3778
0 11.45 28.58 1.2766
0 11.5 30.13 0.9894
0 12.76 29.97 2.3214
0 10.53 28.34 2.9437
0 9.58 25.89 2.7124
0 9.83 27.6 2.1758
0 12.97 30.38 1.8147
0 16.44 33.22 1.0166
0 16 33.97 2.0261
0 15.36 30.28 2.5567
0 13.09 29.52 2.9552
0 12.64 28.29 2.3243
0.325 12.52 27.11 2.3269
1.05 12.83 25.26 2.3497
1.075 13.52 27.14 0.5523
1.125 11.51 24.07 2.1654
0.6 10.62 20.94 3.2049
0.525 9.35 22.69 2.0877
0.175 9.67 24.89 2.5939
0 11.25 26.18 2.5266
0 9.27 24.51 3.343
0 11.26 23.43 3.0387
0 9.81 24.73 3.2708
0 10.87 26.6 2.4857
0 12.69 23.1 3.4598
0 10.98 24.62 2.3277
0 10.62 25.09 2.4588
0 12 27.29 2.6379
0 13.28 27.87 3.1871
0 13.7 30.63 2.2323
0 14.74 32.35 3.0414
0 11.37 29.18 3.3187
0 9.26 25.95 3.4316
0 11.38 28.94 1.8174
0 15.8 33 0.9797
0 16.1 34.75 1.7513
0 14.32 32.97 2.7574
0 14.02 33.47 1.6982
0 17.01 36.52 1.0865
0 18.38 40.55 0.839
0 18.98 39.53 2.7039
0 16.72 37.72 2.6005
0 16.62 35.08 2.2535
0 16.59 34.72 1.9392
0 16.78 35.49 2.8376
0 15.5 33.1 2.5928
0 13.3 31.22 2.8032
0 11.61 30.67 2.5215
0 12.11 30.3 2.6504
0 12.18 30.91 2.7369
0 13.26 30.73 2.6977
0 13.74 30.94 2.2017
0 15.88 30.9 1.9519
0 17.31 32.31 2.4217
0 14.25 34.32 1.9268
0 17.56 36.75 1.1854
0 18.47 38.18 1.3995
0 17.54 38.5 1.8034
0 19.68 38.49 1.63
0 20.77 39.7 1.921
0 21.28 40.58 1.6227
0 20.3 37.68 2.4203
0 16.89 35.55 2.576
0 16.59 34.95 2.4887
0 14.53 34.61 2.1379
0 14.32 32.75 2.2384
0 13.36 33.86 2.3852
0 15.82 36.47 2.0437
0 18.77 38.25 1.7534
0 17.57 35.88 2.1085
0 16.06 33.5 2.8729
0 15.46 32.74 2.6276
0 13.14 32.3 2.9445
0 15.14 32.89 2.7521
0 13.09 31.28 3.1755
0 12.08 29.61 2.6883
0 13.23 31.31 2.3742
0 15.1 31.12 2.4204
0 12.91 26.14 3.072
0 11.29 27.13 1.8496
0 13.44 29.69 1.6691
0 16.97 33.09 0.9268
0 18.91 35.72 1.2875
0 18.55 35.53 3.0463
0 16.19 36.65 3.0369
0 16.82 34.73 3.2463
0 14.42 31.33 3.0692
0 12.4 32.28 1.6718
0 15.28 33.22 0.7819
0 16.96 34.03 0.9405
0 16.4 35.53 0.8603
0 17.22 35.26 1.311
0 14.76 33.6 2.4215
0 15.94 37 2.2419
0 18.62 36.83 2.1486
0.05 16.16 32.93 2.8202
0.025 13.9 30.81 1.6637
0 14.73 31.87 1.5487
0 15.43 33.42 0.5494
0 14.77 36.02 1.7123
0 17.46 36.57 1.7431
0 18.11 37.6 1.7842
0 18.8 36.05 2.5836
0 16.76 32.44 1.7445
0 14.99 34.3 0.9248
0 17.84 36.18 0.4871
0 17.8 37.19 1.8853
0 15.79 34.27 2.3772
0 12.27 30.29 2.176
0 12.43 27.71 2.2734
0 11.8 29.02 2.0074
0 12.59 30.67 0.7283
0 13.93 32.22 1.137
0 15.89 35.23 0.5637
0.05 18.08 36.64 1.1012
0.05 16.11 34.92 1.8352
1.225 11.92 26.32 2.2387
1.525 13.37 24.15 2.733
0.125 11.8 25.33 1.7085
0 13.56 29.65 1.7949
0 14.71 32.1 0.9936
0 16.45 35.21 0.8312
0 17.2 33.81 1.9627
0 14.2 33.3 0.8702
0 15.93 34.1 2.083
0 17.32 35.77 2.1356
0 17.54 35.29 1.2914
0 17.02 35.08 0.804
0 15.79 35.05 0.7245
0 17.39 36.75 1.0855
0 17.92 36.81 0.3332
0 15.71 35.51 1.9361
0 12.02 30.77 2.6272
0 6.45 21.69 2.4705
0 7.78 25.87 2.3797
0.225 10.32 26.92 0.9615
0.625 9.25 23.93 3.2341
1.025 6 20.02 3.3254
0 5.5 17.83 0.3821
0 6.43 21.16 2.6734
0 7.9 23.46 1.21
0 7.75 23.01 1.2778
0 8.27 24.41 0.6274
0 9.17 24.37 0.6935
0 7.94 21.7 1.9001
9.225 8.87 20.14 2.1333
20.45 10.53 17.08 7.0557
17.825 13.55 18.12 4.4893
0.25 15.23 23.69 1.2342
0 13.87 24.7 2.2045
0 13.71 26.97 1.2287
0.65 11.29 24.57 1.6887
0.925 9.16 22.53 2.074
0.175 6.21 19.7 1.246
0 8.59 20.3 1.0513
0 8.89 22.04 0.8872
0 11.05 23.89 1.3575
0 11.65 24.16 1.2894
0 9.62 23.51 1.6537
0 11.68 25.11 1.0656
0 8.94 23.92 4.951
0 5.85 18.04 4.8374
0 3.28 16.36 0.8291
0 5.96 19.53 0.2512
0 6.51 21.8 0.8806
0 8.67 22.46 0.9363
0 9.91 23.93 1.2831
0 9.91 25.58 1.2453
0 9.65 24.95 1.9649
0 9.15 22.54 2.6692
0.075 7.97 20.25 0.9134
0.2 7.48 18 1.6823
0 3.99 17.3 1.9008
0 6 17.7 1.14
0 7.2 18.12 0.742
1.15 8.32 17.63 0.5705
1.425 6.47 16.25 2.0167
0.125 2.97 13.19 1.2673
0 3.62 14.3 1.043
0 3.78 16.13 2.71
0 3.53 17.48 1.9528
1.25 4.37 18.74 1.3934
0.85 4.49 15.9 2.0863
3.2 3.32 15.83 2.298
6.45 4.55 14.9 3.8097
1.2 2.34 13.2 1.0893
0.05 4.2 13.78 0.5724
0 2.42 13.37 2.0006
0 4.4 16.61 3.389
0 5.2 18.18 3.7363
0.8 6.11 19.79 2.3673
1.8 5.59 19.95 1.1989
0.45 4.26 14.39 5.5942
0 3.07 14.77 4.8867
0 3.56 15.89 3.8524
0 3.52 16.89 1.7356
0 3.01 15.08 2.157
0 1.59 13.43 1.9341
0 2.47 14.94 1.9117
0.075 1.54 12.15 0.7052
13.45 -0.36 9.83 1.9741
14.225 -1.24 5.59 0.6214
0.875 -4.12 5.23 0.7505
0.025 -3.83 5.52 1.8627
7.5 -1.37 7.57 3.2407
22.075 2.2 10.67 2.9224
39.5 6.96 11.46 3.9789
25.95 6.2 10.71 3.7895
2.9 6.23 11.57 0.9082
0.075 5.33 13.62 3.4779
0.25 5.54 14.33 2.9046
0.175 4.16 11.3 2.1451
0.025 3.15 11.37 2.672
0.05 3.91 10.78 4.0466
3.85 3.93 15.05 2.8656
10.6 5.83 14.14 1.9683
4.475 1.85 10.49 3.6591
0.025 -1.61 9.6 2.112
0.025 -0.12 11.38 3.9615
0 1.47 14.6 4.0873
2.825 2.8 11.84 4.1344
3.55 4.11 12.68 2.2732
3.05 2.04 9.48 3.0973
2.75 2.26 10.25 1.0023
3.35 5.24 11.78 1.4667
0.075 5.4 12.06 2.9026
0 6.61 12.73 2.6033
0 5.01 13.16 1.0576
0 4.13 13.16 3.8257
0 2.81 13.6 2.901
0 2.53 11.66 2.8073
0 3.72 11.14 3.1091
0.225 3.54 10.15 2.6426
0.6 4.52 13.28 2.9961
0.525 5.68 11.18 2.5051
0.55 4.36 9.01 2.5646
2.375 4.74 10.44 3.284
11.75 6.56 17.92 4.9676
9.275 6.41 15.8 2.2019
0.05 2.76 12.85 1.4487
0 4.25 14.05 3.3259
4.925 3.19 16.26 2.7056
17.275 6.05 15.34 3.0589
24.95 6.98 13 5.1852
23.9 6.82 10.81 5.9786
29.85 5.62 10.46 6.7881
25.5 3.22 9.28 3.8253
16.975 1.62 7.07 3.2767
2.4 2.45 9.02 1.3318
5.075 2.46 9.8 2.6305
9.175 5.02 10.92 4.6739
3.45 6.85 12.24 2.8434
0.1 4.89 10.45 1.2977
2.575 3.33 12.91 2.7858
3.9 4.51 14.79 3.206
2.525 4.64 14.12 1.3203
0.15 2.78 13.08 1.0671
0 3.53 14.59 1.8472
0.05 3.85 14.03 2.2206
2.05 5.62 14.5 0.7961
5.375 6.13 14.68 3.3462
8.95 7.11 14.32 3.2415
10.45 6.95 12.34 1.673
2.525 5.9 10.87 2.2121
6.075 6.49 11.29 1.3908
3.175 5.46 10.99 1.5997
0.35 2.97 11.6 0.4673
0 4.51 12.59 1.4801
0 6.43 15.4 1.798
0 4.25 16.16 1.1515
0 4.65 16.43 1.3866
0 5.39 17.14 1.1572
0 6.67 17.65 1.7942
0 7 18.76 2.3985
0 6.19 18.76 0.6874
0 6.3 14.99 1.0002
3.325 7.39 12.27 1.9297
3.8 4.6 10.29 2.5136
5.85 0.59 11.8 2.2397
9.65 3.49 10.95 4.0277
8.225 6.09 10.78 2.6118
4.55 3.8 13.82 0.9905
16.825 6.5 16.39 5.0131
13.4 6.39 14.3 1.0033
0.3 4.29 14.24 0.3272
1.75 6.54 17 2.1937
12.925 6.83 14.73 2.8452
15.925 4.4 9.34 3.4314
4.125 2.75 10.85 2.5334
0.025 2.14 11.46 1.3353
0 3.9 14.84 2.4314
0.075 4.72 16.23 0.8987
0.375 3.74 11.98 2.6102
2.9 -0.53 11.14 3.4538
2.275 1.26 10.24 2.0332
4.3 1.17 13.47 0.5326
9.65 3.39 12.79 2.4548
4.525 1.25 12.67 2.2684
0 1.25 13.74 2.7033
0 3.78 18.09 3.734
0 6.43 21.67 1.3495
0 7.61 22.28 1.186
0 6.85 22.97 3.0208
0 5.98 22.78 2.4567
0 7.8 22.94 1.8449
0 7.38 20.98 0.3562
0 6.41 19.1 1.7058
0.05 4.64 19.8 1.7807
0.375 6.83 20.93 1.8651
0.85 6.5 17.68 2.3913
0.2 3.37 15.61 1.8323
0 3.67 18.67 2.6143
0 6.48 21.74 1.2061
2.375 6.32 20.32 3.0379
10.225 6.22 16.34 5.0634
9.375 2.1 12.75 2.6229
0.925 1.18 12.82 0.6044
4.175 2.43 11.7 2.2638
9.4 2.89 11.37 1.576
17.375 2.71 11.14 2.9335
13.45 2.95 13.1 2.6997
0.05 2.07 13.8 0.4782
0 3.37 16.46 2.296
0 5.1 19.55 1.0048
0 5.28 20.18 2.1107
3.35 8.32 16.92 2.041
17.225 6.86 12.92 4.5382
19.65 5.74 11.67 4.3144
2.525 4.71 14.24 1.1535
0.1 4.45 15.42 0.7119
0 4.67 17.92 0.8808
0 6.64 19.97 1.5635
0 6.15 20.27 1.2102
0 7.29 22.76 1.2775
12.75 8.87 22.25 1.3251
24.05 5.91 16.77 2.5188
12.075 4.76 9.71 3.4369
2.6 5.77 11.59 2.2019
0.05 6.98 14.78 1.023
0 7.87 21.59 1.0786
0 8.62 24.46 1.1814
3.475 10.46 25.56 0.8088
16.125 8.04 23.68 4.4772
10.5 4.22 12.64 4.5626
3.95 2.93 15.46 3.3771
0.175 2.58 16.18 3.243
0 5.1 20.69 1.9522
0 7.23 22.67 1.8447
0 9.78 26.23 1.1929
0 9.42 24.07 2.24
0 7.12 21.28 3.7563
0 4.59 20.88 2.4798
0 6.27 22.08 0.9631
0.075 6.86 21.82 2.6921
2.075 6.74 18.14 3.4683
6.2 6.41 13.33 3.181
2.7 3.14 12.54 3.501
0 5.02 20.32 2.0641
1.3 7.28 24.32 1.2549
3.175 9.68 25.96 0.883
0 9.44 26.44 0.7959
0.7 10.66 25.51 1.2903
2.15 10.23 24.56 2.1019
0.9 11.16 20.72 1.6353
0.325 10.42 20.34 1.4733
0.575 10.01 21.73 3.3341
0.3 6.48 19.56 4.1127
0.775 3.38 16.35 3.417
0 3.77 14.99 4.0816
5.15 6.09 18.26 2.2298
12.95 6.32 19.18 1.6674
18.8 7.99 19.24 2.8214
14.525 7.14 17.46 2.1634
8.625 4.87 17.26 3.0194
0.025 6.62 19.63 1.7582
0 10.2 27.02 1.1112
0 12.83 26.87 2.449
0 12.75 24.59 3.0536
0 11.85 26.35 2.0565
0 14.09 27.3 2.1316
0 15.04 27.82 2.4958
0 14.25 29.72 1.6591
0 14.87 30.76 2.4845
0 12.83 28.73 3.1115
0 12.3 28.11 2.6261
0 12.1 26.28 3.4906
0 9.1 23.37 4.5551
0 10.68 23.24 5.1131
0 13.59 29.09 3.7244
0 15.22 32.25 1.0101
0 15.73 32.46 1.8977
0 13.27 29.78 2.8169
0 10.09 27.59 3.3453
0 11.28 28.03 1.6299
0 9.16 28.1 2.4393
0 8.87 25.34 3.2276
0 8.31 25.76 2.7995
0 11.43 28.3 2.0658
0 13.54 31.08 1.0464
0 14.28 32.86 2.0998
0.975 12.9 29.96 2.3298
0.825 11.71 28.31 2.876
0 13.44 31.52 2.6124
0 17.78 35.67 1.3145
0 20.41 37.91 1.7938
0 17.15 36.26 3.1329
0 14.54 32.42 2.9907
0 12.69 30.74 2.8887
0 12.76 30.88 3.0427
0 13.88 30.9 2.6173
0 15 33.99 1.3422
0 15.98 34.07 1.8678
0 13.16 30.96 2.3993
0 12.41 31.77 2.4181
0 13.22 32.85 2.5492
0 14.93 33.87 2.3114
0 16.21 36.27 1.9296
0 16.88 35.68 2.2986
0 15.86 32.15 3.1556
0 14.61 31.78 3.0951
0 16.39 33.59 1.5916
0 18.28 36.79 1.4237
0 20.26 37.66 2.6979
0 19.58 37.59 2.6788
0 18.95 37.33 2.5193
0 17.49 37.04 1.9663
0 16.78 34.15 1.9275
0 14.52 32 2.3935
0 12.95 34.26 1.0712
0 16.16 34.01 2.3744
0 16.47 35.25 2.1984
0 16.79 34.59 2.7787
0 14.7 30.63 2.9261
0 13.66 30.12 2.1667
0 12.54 30.21 2.5518
0 14.5 32.15 2.4028
0 15.09 32.9 2.5954
0 14.6 32.49 2.3612
0 15.09 32.63 1.955
0 15.5 33.07 2.3914
0 14.98 34.01 1.6342
0 15.42 33.48 2.0541
0 12.59 31.81 2.1717
0 13.84 32.28 2.2679
0 13.35 31.6 2.579
0 14.13 30.57 2.9073
0 13.25 30.37 2.1099
0 14.69 30.58 2.079
0 12.33 28.09 2.2872
0 11.99 30.17 1.0827
0 15.21 31.3 1.5574
0 14.08 30.68 2.4175
0 13.63 31.42 2.9832
0 14.72 33.83 1.3739
0 16.13 33 1.6393
0 15.09 31.74 1.6615
0 13.7 33.27 2.0202
0 15.49 33.39 2.2867
0.175 12.92 29.49 1.9392
0.1 11.33 29.72 1.865
0 14.65 30.66 2.5502
0 16.78 37.83 1.8798
0 20.84 40.27 0.4786
0 18.08 36.28 2.2001
0 14.31 32.35 2.3357
0 11.27 30.97 2.8255
0 9.48 23.58 2.2676
0 10.51 24.66 2.5248
0 10.88 27.79 1.7052
0 15.28 31.34 1.3008
0 17.87 35.25 0.4385
0 17.52 36.05 1.3205
0 17.07 35.87 1.2557
0 15.7 33.24 2.1855
0 14.69 32.71 1.5256
0 14.27 30.67 2.1458
0 11.66 24.43 2.7613
0 8.75 21.54 1.8909
0 10.74 25.61 0.9566
0 13.21 29.44 0.5492
0 13.98 31.39 1.1691
0 13.09 28.29 1.7685
0 11.22 28.33 1.5089
0 12.25 28.89 1.3493
0 12.35 29.65 1.8153
0 14 28.27 1.5186
0 13.81 27.35 1.3428
0 13 25.83 1.3177
0 11.42 26.54 1.3751
0 11.69 26.4 1.3197
0 9.65 23.9 2.6939
0 9.95 24.62 1.2282
0 12.58 29.74 0.8624
0 14.8 32.73 1.0625
0 17.36 35.16 0.9915
0 16.75 36.04 1.4018
0 19.01 37.46 0.6701
0 18.91 37.34 0.5416
0 18.1 34.91 0.3329
0 16.2 32.4 0.703
2.075 17.51 32.98 0.9202
3.475 14.15 29.05 1.4865
2.875 11.41 21.87 1.6208
0.5 11.53 19.35 1.8005
0.05 10.52 20.96 0.6575
0.875 10.96 21.54 2.0713
0 9.03 22.05 0.5991
0 10.33 25.27 1.9247
0 13.58 27.34 1.8698
0 13.89 28.45 2.1506
0 14.52 29.91 2.2655
0 16.13 32.12 1.4736
0 17.12 33.14 0.5324
0 15.71 31.9 0.4779
0.5 13.59 28.62 1.0268
1.275 11.82 21.61 0.9529
0.475 10.34 20.17 1.2974
0 10.58 22.25 1.5675
0 10.42 24.85 0.8984
0.4 9.74 21.64 1.7623
4.925 10.35 20.51 1.4057
17.35 10.59 18.47 1.9814
35.25 11.41 16.01 5.1912
10.475 8.49 16.63 3.3
0 5.18 16.97 1.5218
0 4.84 18.17 2.9313
0.05 8.54 21.7 3.6385
1.8 8.99 20.48 2.2358
2.35 10.26 17.66 1.797
0.45 8.74 17.02 1.1718
0 7.38 20.04 1.8167
0 8.73 22.19 2.8827
0 10.17 24.12 2.5832
0 12.32 27.27 1.5974
0.05 12.65 26.36 1.3584
6.35 10.88 23.77 2.0685
13.375 9.27 17.66 3.4305
4.975 4.83 13.29 2.3743
1.825 2.81 14.23 0.6993
1.15 5.47 14.68 1.599
0.025 3.9 14.75 2.2975
0 5.17 16.51 1.3944
0 5.34 16.45 3.0098
0 7.18 18.67 1.8082
0 8.6 20.33 2.9114
0 7.84 20.16 1.5332
0 7.78 20.02 1.8504
6.025 7.32 18.88 1.8041
21 5.96 14.85 2.041
20.35 2.87 10.07 3.1103
18.6 3.37 7.61 4.5978
13 4.17 8.55 3.1663
11.35 2.38 9.25 3.9877
2.45 -1.6 6.94 1.4296
0 -1.45 9.03 3.1648
9.975 0.03 10.09 3.385
9.05 2.48 9.13 2.6738
2.975 0.94 7.08 2.17
0 -1.74 8.81 2.5458
0 0.34 10.04 3.071
0.1 1.52 12.14 2.3236
0.325 2.86 12.41 2.6983
0.625 6.19 10.68 1.4445
8.175 7.54 15.69 2.6277
10 8.36 16.86 2.72
3.3 7.9 17.67 3.6923
4.8 5.4 15.89 2.1705
7.475 6.59 14.32 2.502
5.075 8.86 14.45 1.4405
0.475 9.86 17.64 1.767
0.025 7.97 15.59 0.492
0.025 7.51 15.72 2.3365
11.475 6.95 14.16 1.3752
16.85 6.98 12.17 2.1337
4.65 3.14 11.3 1.2348
13.175 1.1 11.05 2.5806
31.85 3.25 11.82 3.4844
37.875 8.67 12.59 5.0345
54.675 6.81 13.07 5.6048
6.05 5.24 9.91 3.0349
8.4 5.18 10.2 3.0998
6.4 6.87 12.67 2.153
0.8 6.1 11.9 0.6167
9.6 4.61 13.89 3.2688
18.125 4.8 14.69 5.5635
7.55 5.01 13.69 2.396
7.275 3.97 11.15 0.8306
35.45 4.96 10.5 2.4015
26.7 2.88 9.23 4.46
1.9 -2.29 7.42 2.1786
5.05 -1.94 6.89 1.6042
17.55 1.03 8.48 4.5264
12.45 3.6 8.27 4.6383
2.15 3.1 8.65 2.379
2.6 1.29 9.71 2.9789
0 0.81 9.78 3.6526
0.075 -0.52 6.39 4.7092
0.05 -0.01 5.4 3.2246
0.125 0.39 6.48 1.5019
0.075 -0.17 4.25 1.4499
0 -2.39 6.29 2.989
0.6 1.61 9.08 3.5106
2.075 3.99 12.67 2.567
1.425 3.8 13.34 1.6751
0.6 6.38 11.18 1.1717
0 3.61 12.16 2.6811
0.075 6.12 10.52 0.6299
0.05 6.17 11.81 0.5864
0.025 5.63 12.53 2.4703
0 3.01 11.72 1.5979
0 3.98 15.27 4.0063
0 3.32 16.73 3.5443
0 4.6 16.03 2.9899
0 3.86 17.56 4.067
0 4.11 16.44 1.7272
0.075 4.08 15.75 2.0068
0.125 2.9 15.13 4.9355
0.075 2.64 15.05 3.6328
0.05 2.13 13.83 1.7828
18.4 2.51 13.37 0.6511
13.075 3.53 11.76 1.7
5.025 1.4 9.45 1.3032
0.025 1.68 12.41 1.6905
0 0.1 13.34 3.0254
0 2.31 13.94 1.9836
0 2.88 14.4 2.4689
0 3.83 19.53 1.6451
0 6.54 18.72 1.9307
0 6.24 19.62 0.7744
0 2.24 16.46 2.6398
0 0.5 13.78 3.3537
0 2.29 14.31 3.5625
0 3.19 16.43 3.7124
0 3.85 19.64 2.9173
0.15 3.83 19.45 1.1756
1.025 3.94 16.17 4.1885
16.875 8.09 15.71 5.2255
22.225 3.99 11.39 5.6987
30.5 2.3 7.34 4.9695
28.225 2.76 7.19 2.284
8.875 0.05 9.55 2.7319
0.6 -0.8 9.25 0.4999
0 1.37 10.45 1.2532
0 0.21 11.17 0.5515
3.05 0.24 11.54 0.8357
15.525 1.42 9.85 2.468
16.1 0.37 9.47 4.825
9.1 -2.17 7.69 0.9476
20.35 -2.72 9.05 0.4529
0.9 0.38 11.97 2.4075
2.05 -0.27 13.9 1.9842
7.925 5.34 15.38 4.1132
1.95 7.32 15.34 1.5559
0 3.86 15.84 1.4817
6.25 5.6 17.1 0.5438
15.75 7.45 14.62 1.7634
6.375 6.1 12.47 4.0102
0.05 3.74 13.73 0.9283
2.3 5.61 16.2 1.5773
0.575 7.04 17.27 1.1987
0.225 5.61 15.95 1.1136
1.025 5 15.6 0.4278
4.325 6.35 16.42 1.7092
6.725 8.92 18.24 1.6123
12.1 8.68 18.23 1.9736
6.6 6.66 15.66 2.5549
8.625 2.11 13.63 0.9311
12.775 2.21 13.09 3.9959
23.425 3.68 10.26 4.7861
24.1 4.95 9.15 5.1618
9.25 3.48 10.16 2.222
3.775 2.96 11.71 1.615
14.95 4.68 10.78 5.3733
18.15 4.23 8.21 5.6363
26.025 3.24 10.42 4.0066
15.625 3.9 9.97 3.2504
3.125 4.67 12.47 1.6541
1.75 5.46 14.27 0.6913
0 4.96 17.14 1.2134
0 6.48 19.64 1.8201
0 8.43 22.41 2.5255
0 10.9 25.82 2.0103
0 9.11 21.43 1.1535
0 4.58 18.89 2.0529
0 6.34 21.39 1.8342
0 8.96 22.02 1.502
2.225 6.63 20.39 1.7763
3.05 2.8 14.93 3.4892
0.85 0.33 11.53 1.7562
0.05 0.7 14.55 1.2536
0 2.08 16.56 0.3758
0 4.22 17.05 1.5519
0.475 3.92 18.01 1.4384
0.75 3.94 14.73 2.5722
0.25 2.27 15.86 0.5141
0 3.85 19.25 0.7861
0 7.02 22.53 1.2197
1.625 8 23.16 2.0103
1.875 9.96 19.42 2.5226
0.8 11.02 19.02 1.3139
2.7 10.17 20.88 1.9003
2.2 9.03 18.36 1.8519
0.45 5.5 18.54 0.8294
1.025 7.35 18.95 0.7971
1.775 8.55 19.04 1.967
1.7 7.35 19.41 2.3023
0.7 5.12 18.84 2.3472
0.125 4.62 21.27 1.0171
0 5.46 20.69 2.149
0 4.26 18.71 4.3969
0 3.64 20.71 3.393
0 6.16 22.97 1.6833
0 8.68 25.58 0.5146
0 8.29 24.57 1.1525
0 9.34 28.37 2.9759
0 12.71 30.56 0.9549
0 10.62 28.95 1.4099
0 8.56 24.83 1.8097
0.225 7.47 18.95 2.6782
1.175 4.82 16.45 2.9172
0.575 5.46 21.79 2.4386
0 6.77 23.39 1.6993
0 8.3 24.8 1.217
1.9 9.27 25.51 0.7959
19 8.28 19.98 2.7916
19.65 5.42 14.31 2.7294
10.6 4.15 13.75 1.6886
16 6.94 12.68 3.4164
6.075 7.19 15.24 2.0312
0.45 5.85 20.2 2.7653
0 8.59 24.12 1.5855
0 11.22 24.29 2.2013
0 8.26 22.9 3.2497
0 6.84 21.33 4.4573
1.625 6.89 22.08 2.377
5.025 8.49 18.94 2.7659
0.625 6.09 19.66 1.9663
2.575 6.65 19.98 3.0675
2.75 6.78 18.08 3.9003
1.775 5.86 17.87 4.5219
0 7.11 19.65 2.7292
3.3 7.84 20.18 2.5515
2.475 8.01 18.07 2.5586
1.575 6.66 17.67 1.564
2.525 6.45 18.5 0.8812
13.2 9.88 17.6 3.4812
17.725 11.75 19.94 0.9577
6.325 9.93 19.17 3.4471
0.15 8.99 20.99 2.0924
0 10.22 24.34 2.8513
0 11.26 27.06 1.6227
0 12.86 27.63 2.7391
0 11.18 25.29 3.161
0 10.56 25.87 2.7926
0 12.75 28.74 2.6892
0 14.69 32.01 2.2537
0 16.67 32.8 2.2303
0 14.83 30.48 2.4897
0 13.86 29.14 1.6114
0 14.26 29.44 2.8411
0 13.85 30.17 2.4193
0 16.23 32.57 0.7669
0 18.57 35.87 0.8063
0 19.45 36.61 2.529
0 15.83 33.44 2.5162
0 13.25 30.69 2.4317
0 13.2 30.58 2.5838
0 13.37 30.83 2.4809
4.225 15.07 31.73 2.5005
12.7 14.13 26.99 2.474
4.8 11.18 22.96 2.4831
0 11.06 26.49 2.3949
0 13.49 31.24 1.5452
0 16.99 34.85 1.2748
0 18.26 36.56 1.2169
0 18.26 37.01 1.6065
0 19.16 37.36 1.5966
0 20.12 36.4 2.4682
0 18.96 35.58 2.7558
0 17.87 34.98 1.9169
0 16.51 33.86 2.4055
0 14.21 32.37 2.2919
0.05 13.2 29.88 2.5095
0.025 11.88 27.96 2.6889
0 12.6 26.7 3.1704
0 11.28 25.83 2.7715
0 11.88 26.12 3.3952
0 11.62 25.97 3.2244
0 12.38 27.08 2.1027
0 12.53 28.81 1.2636
0 13.78 29.99 2.0227
0 15.92 32.7 1.6823
0 16.15 33.53 2.3479
0 16.87 34.2 2.7876
0 15.75 33.2 1.9446
0 13.82 32.53 2.0315
0 13.16 32.49 2.1667
0 14.13 32.87 1.9537
0 14.64 33.92 1.6785
0 15.51 35.01 1.5787
0 16.59 33.98 2.3869
0 14.9 32.69 3.1919
0 14.91 33.07 2.1346
0 15.35 32.59 1.5687
0 15.83 34.38 1.8308
0 16.17 33.77 2.1259
0 13.86 31.03 3.1449
0 13.9 31.28 2.4524
0 15.48 31.65 3.1449
0 14.71 30.59 2.6294
0 13.67 32.36 1.9917
0 14.83 32.89 2.1071
0 16.13 33.17 2.1947
0 15.45 32.45 2.6696
0 14.27 32.49 1.9252
0 17.15 33.36 1.5141
0 16.41 33.84 2.1931
0 15.7 33.03 1.5032
0 14.67 33.82 1.3006
0 15.21 33.54 1.9418
0 15.45 34.18 1.835
0 14.82 31.54 2.7073
0 12.54 29.78 2.1605
0 12 30.23 1.7554
0 13.24 30.85 1.3773
0 16.03 33.89 1.0021
0 17.98 34.52 1.9573
0 16.51 33.64 1.2343
0 16.99 35.16 0.8461
0 17.86 35.04 1.0633
0 17.26 35.72 1.437
0 16.08 34.65 1.8827
0 14.48 32.42 1.8273
0 13.74 31.85 1.7762
0 14.47 32.9 0.7595
0 17.05 34.2 0.7839
0 17.08 34 0.7048
0 16.45 32.92 0.9416
0 15.84 32.61 1.9121
0 15.67 34.99 0.7336
0 17.75 34.95 1.0022
2.775 16.67 34.27 1.069
1.675 15.18 34.78 1.6382
0.075 17.93 35.9 0.773
0.15 15.7 28.98 1.7921
0.275 14.29 28.65 1.7486
0 15.06 31.33 0.9122
0 15.69 31.49 1.5954
0 14.64 29.75 2.453
0 12.68 27.52 1.6819
0 12.01 27.54 1.814
0 14.35 29.87 0.8609
0 16.38 33.21 0.4924
0 17.76 35.12 1.0883
0 17.15 34.78 0.8601
0 17.31 34.83 0.7316
0 18.3 36.57 0.7492
0 14.69 32.74 1.527
0.025 13.47 26.16 2.2416
0 11.39 25.16 1.9514
0 12.53 29.03 0.9775
0 16.21 32.84 0.6054
0 15.21 33.85 0.8719
0 14.54 29.02 1.2436
0 13.43 26.71 2.43
0 12.15 24.83 1.8511
1.5 10.49 22.07 1.9948
15.025 10.37 20.54 2.1526
16.15 9 18.31 3.6975
5.55 8.01 14.17 0.7221
0.45 5.48 17.07 0.9403
0 8.02 20.25 1.1923
2.625 9.52 22.76 1.2556
5.275 12.01 20.24 1.633
2.15 13.63 21.62 1.7997
0 10.21 24.46 1.0626
0 11.82 27.87 0.7916
0 14.65 28.93 0.6066
0.025 13.89 28.99 0.9773
0 13.78 25.93 1.133
0 12.94 26.42 1.5889
0 12.95 28.13 1.3587
0 12.3 24.68 1.1572
0 11.65 24.36 0.8047
0 10.35 24.97 0.9381
0 12.27 26.15 2.3736
0 12.82 27.15 1.5602
0 11.65 26.4 1.5638
0 9.39 22.34 1.4372
0 6.04 20.36 2.7991
0 8.28 21.07 3.0074
1.45 8.91 21.88 1.7347
0 8.72 22.82 1.1145
0 9.68 23.85 2.0789
0 10.28 24.65 0.6877
0 8.06 23.26 3.8284
0.55 7.13 22.38 4.0396
1.8 6.23 21.23 3.247
3.75 3.82 15.19 1.7139
5.125 1.87 12.24 0.7188
1.525 2.41 10.95 1.4182
0.025 0.73 11.37 0.8488
0 2.89 13.47 1.9713
0 4.3 16.35 2.9668
0.925 3.68 19.54 3.1354
1.55 6.49 19.01 3.6464
0.6 8.45 16.59 0.6373
0 7.63 17.56 0.3356
0 7.89 17 0.8742
0 6.61 16.92 0.6847
0 6.16 18.39 0.8783
0.425 6.53 18.24 1.2053
1.8 5.61 15.76 3.3101
2.875 2.73 11.29 2.1843
1.125 4.64 11.98 4.0082
0 3.29 13.95 1.9991
0 3.73 14.21 2.9823
0.1 3.86 14.11 4.2533
0.7 6.22 13.84 2.1213
0.1 5.49 13.69 0.7191
0 4.75 15.41 2.6777
0 4.87 16.86 2.2493
0.175 4.24 16.8 0.9146
0.2 3.77 13.42 1.537
0.05 3.41 16.95 4.065
0 2.76 17.41 7.5412
0 2.98 16.02 3.446
0 0.94 14.97 3.9948
0 1.02 13.83 2.6538
0 0.18 13.57 3.4333
0 1.08 13.67 2.9436
0 0.04 13.44 3.1145
0 1.29 14.26 3.1025
0 1.39 14.86 4.1611
0 1.7 15.49 2.9618
0 1.55 12.95 0.5741
0 2.1 11.78 1.4578
0 1.29 13.25 1.4075
0.925 0.56 12.5 0.8656
0.95 2.08 11.32 0.6739
0.225 0.84 11.12 4.9551
0 1.05 14.46 4.432
0 2.2 14.65 2.5272
0 1.61 12.67 4.2977
0 0.65 12.52 4.0641
0 -0.07 11.8 3.3224
0 -1.5 11.86 4.4949
0 0.3 12.93 3.8974
0 0.31 12.92 4.8555
0 0.65 14.89 3.3566
0 0.64 15.36 1.2104
0 0.99 13.65 1.0597
0 3.52 15.87 1.0113
0 4.89 14.81 0.8401
0 6.63 16.56 1.4771
0 3.09 13.01 2.3576
