1.3 -7.9 2.32 1.4849
9.775 -7.18 2.24 1.6363
5.4 -10.4 0.66 1.6662
0.775 -13.67 -2.45 4.245
3.3 -12.45 -3.52 1.8349
1.675 -7.93 -3.77 0.5146
0 -7.12 0.88 1.417
0 -4.75 3.33 0.6742
0 -7.61 6.04 4.4244
0 -7.48 6.42 3.2054
0 -5.98 5.77 2.3394
0 -2.52 9 5.421
0 -2.31 9.75 3.7775
0 -5.51 9.33 3.4199
0 -4.24 10.17 3.767
0 -4.84 11.24 4.8295
0 -4.89 9.09 4.2468
0 -4.88 8.41 4.8338
0 -4.46 7.87 4.9156
0.075 -3.98 7.33 3.4364
15.525 -3.75 8 2.6919
30.375 -0.72 7.6 2.1214
63.325 -1.94 3.47 1.5958
53.775 -3.06 2.01 2.6939
16.15 -6.97 -0.96 3.5508
2.9 -12.18 -6.21 0.7513
0.55 -12.65 -4.01 1.2685
0 -10.95 -1.14 1.3278
0 -7.67 1.91 4.2492
0 -6.34 7.7 4.4916
0 -3.98 8.21 3.0893
0 -4.61 7.88 3.2662
0 -6.35 6.68 3.809
0 -6.38 8.89 3.7407
0 -3.05 10.59 2.9555
6.675 -2.65 9.51 2.4278
11.1 -5.66 0.84 2.6623
4.25 -6.96 -0.99 2.887
25.475 -7.02 1.96 1.2243
15.35 -11.11 -0.63 3.6699
4.75 -15.38 -5.36 0.5085
13.65 -13.63 -4.35 2.7078
7.8 -9.8 -3.71 1.4121
18.7 -10.02 -3.09 3.1582
11.8 -9.89 -4.69 3.506
4.225 -8.1 -2.64 5.6451
33.275 -7.42 -3.67 5.4004
27.725 -7.55 -4.33 4.2613
5.1 -10.2 -5.2 1.2108
0 -9.95 -1.54 3.3659
0 -9.34 2.69 2.4836
8.85 -8.76 3.95 3.7274
35.275 -8.3 2.95 3.4353
25.175 -4.62 -1.88 2.5145
6.425 -6.58 -0.11 1.7009
2.9 -6.03 6.46 1.5619
0.85 -5.97 -0.29 2.9089
0 -7.67 3.94 0.4749
0.025 -6.62 6.78 3.7495
21.875 -3.5 6.79 2.8414
35.85 -3.11 2.73 4.191
50.65 -4.27 2.78 4.9283
30.15 -7.64 -2.11 3.0367
6.675 -11.66 -2.67 0.7763
1.875 -10.27 -0.68 1.8798
0 -11.48 -1.57 0.3329
0 -12.25 3.05 1.4003
0 -8 5.85 2.5818
0 -12.01 -0.35 0.47
0 -11.36 4.18 0.8604
0 -7.89 4.84 2.3152
0 -7.7 7.77 2.5764
0 -6.6 9.18 1.4368
0 -6.14 5.96 2.627
0 -4.99 7.21 3.1637
0 -4.33 9.97 1.0245
0 -3.69 11.16 0.9269
0 -1.69 13.41 0.868
0.275 -3.46 13.59 0.6418
30.65 -2.61 12.77 2.02
23.7 -8.3 4.4 4.1721
2.55 -13.51 -4.72 2.1212
0 -11.93 0.27 1.9355
0.075 -8.63 7.37 0.4153
0 -6.14 8.97 1.8499
0 -4.42 12.28 2.086
0 -4.34 11.27 1.3103
0 -3.9 12.65 3.3794
0 -6.33 8.05 2.0177
0 -5.93 7.91 0.2662
0 -4.68 9.36 2.541
0 -3.5 12.2 2.5526
0 -5.76 10.03 5.251
0 -9.18 3.01 1.9331
0 -8.12 7.64 2.8994
0 -6.3 11.35 2.4085
18.85 -2.81 13.82 1.2504
18.15 -6.83 10.57 3.4548
14.575 -6.53 0.01 1.8369
7.15 -6.48 0.99 2.1468
0.5 -6.92 0.96 3.6516
0 -5.53 5.42 1.4279
0 -4.77 9.93 2.0834
0 -3.39 9.74 4.5826
0 -10.79 3.33 6.171
0 -9.46 0.71 3.1899
0 -7 7.85 1.6197
0 -4.55 12.55 3.0082
0 -1.42 15.96 2.9184
0 1.79 19.35 1.533
0 3.4 21.47 1.0432
0 4.38 21.97 2.1359
0.25 1.76 20.57 2.9934
3.175 -0.84 14.8 3.2959
1.825 -7.95 2.75 3.4662
0 -6.45 6.99 1.7836
0 -4.13 9.68 2.3527
0 -5.69 9.05 3.3088
0 -6.6 6.68 1.526
2.375 -4.15 9.44 1.8517
64.9 1.12 12.72 2.0569
45.5 -0.96 9.15 2.6983
12.95 -0.62 3.9 3.9819
6.8 -2.18 5.71 2.0139
0.9 1.55 10.24 4.0139
0 -1.15 12.79 2.3645
0 0.09 15.8 2.7312
0 1.54 16.44 1.5781
0 0.55 17.06 1.0391
0 2.24 17.63 0.7526
0 1.47 18.69 2.932
0 0.46 17.81 3.2763
0 0.16 15.52 2.2886
0 0.75 15.43 3.0366
0 2.09 16.91 1.6129
0 3.41 19.39 1.7604
0 7.52 24 0.4053
1 8.63 25.8 2.4488
0.6 6.11 25.37 2.8315
0 3.3 19.72 1.5873
0 2.78 18.54 0.8039
0 3.39 19.6 2.3744
0 3.29 19.35 2.914
0 2.54 18.53 2.6633
0 1.4 17.99 1.7444
0 2.35 18.07 1.2413
0 4.83 19.75 0.7761
0.75 6.02 21.27 1.7657
0.45 5.72 20.43 2.4706
17.275 6.44 19.86 3.2998
10.35 5.31 19.47 2.1322
0 4.95 18.58 1.8853
0 4.35 16.28 2.2055
0.75 4.34 15.5 0.516
11.95 1.4 14.33 2.1372
10.35 -1.62 12.22 3.7707
6.175 -2.44 4.32 2.5437
2.55 -1.62 6.49 2.7331
0 -0.53 12.68 2.5212
0 2.45 15.07 3.3654
0 1.99 14.19 3.0786
0 0.18 12.92 3.2564
1.6 1.01 14.01 2.1499
2.825 2.64 12.48 3.6306
1.2 0.32 12.64 2.4865
0 0.81 13.46 2.403
0 1.63 14.03 2.3019
0 3.98 15.27 2.9228
0 3.89 17.77 1.6481
0 6.49 22.52 2.6
0 3.23 21.22 3.1403
0 0.69 16.54 3.1125
0 1.4 14.69 1.2826
0 2.94 17.73 0.7845
0 6.06 21.46 1.4403
0 6.46 23.92 2.7705
0 5.76 22.07 1.585
0 6.86 22.42 0.8795
0 7.46 26.59 0.4853
0.275 10.17 27.81 2.9731
0.15 9.35 27.54 2.9457
0 8.71 24.84 2.2457
0 9.34 25.29 1.6522
0 7.74 23.69 2.9246
0 6.66 24.23 2.5737
0 6.35 22.97 2.8738
0 5.33 22.68 2.6919
0 3.93 20.64 2.8966
0 3.71 20.33 2.5739
0 3.68 20.32 2.5235
0 3.99 20.16 1.9174
0 5.37 21.76 1.965
0 6.53 22.63 2.4124
0 6.63 22.45 1.4431
0 6.98 24 0.8744
0 7.37 24.45 1.5212
0 8.57 26.89 2.0913
0 10.3 26.64 1.8454
0 10.78 27.87 2.0452
0 11.12 28.21 1.8524
0 11.25 29.17 2.4601
0 9.81 28.48 2.5648
0 8.69 26.27 2.2555
0 10.95 26.88 2.0795
0 9.64 26.14 2.1981
0 8.92 25.98 2.3111
0 8.8 26.49 1.9772
0 9.31 27.3 1.6472
0 10.67 27.46 1.9119
0 10.16 27.29 2.7578
0 11.02 26.41 2.4346
0 10.3 26.08 2.4095
0 9.75 25.74 2.3926
0 8.52 24.64 3.2081
0 6.27 22.62 2.8422
0 6.08 22.75 2.5041
0 7.47 23.02 2.6554
0 4.53 20.99 3.378
0 1.15 12.8 1.9387
0 3.01 14.91 1.2617
0 5.55 19.72 0.1954
0 7.42 23.07 1.0795
0 8.61 24.5 2.9799
0 8.18 25.91 2.8383
0 7.56 24.69 3.0292
0 6.4 23.11 3.0833
0 3.64 21.46 1.348
0 4.15 20.88 0.3429
0 5.62 22.33 0.7026
0 6.98 24.46 0.9929
0 8.81 26.7 1.2958
0 9.54 27.77 1.985
0 10.15 27.13 2.3133
5.35 9.67 28.12 2.276
6.075 6.97 22.89 3.3348
1.7 5.91 20.95 1.6771
0 5.66 21.31 1.6158
0 5.2 22.91 0.6581
0 5.68 23.96 1.461
0 8.12 23.4 1.1167
0 8.22 24.17 1.3884
0 8.15 25.69 3.0055
0 8.87 24.6 2.1321
0 7.58 24.29 1.1901
0 8.35 24.47 0.1738
0 9.07 25.44 1.4288
0 8.23 25.16 2.0574
0 5.89 23.7 2.1949
0 4.26 21.56 2.0635
0 4.2 18.98 1.3686
0 4.35 19.32 0.397
0 4.98 20.39 0.9123
0 6.5 22.67 0.3449
0 7.86 24.36 0.9728
0.3 9.17 27.1 1.4372
1.325 6.71 23.28 2.463
0.575 3.4 17.81 2.9011
0 2.14 13.56 1.467
0 3.23 18.79 1.17
0 5.55 21.79 0.3311
0 5.86 23.03 1.114
0 7.49 25.5 2.3336
0 5.52 24.17 0.877
0 7.21 22.52 2.7017
0 6.75 25.29 2.5122
0 6.37 25.44 1.6311
0 5.93 24.75 0.9165
0 5.71 24.43 0.7935
0 7.32 25.98 1.1718
0 6.77 27.01 0.4455
0 6.56 27.04 2.227
0 6.55 22.18 2.5894
0 -4.1 10.55 2.2964
0 -3.21 12.14 2.4898
0 -0.55 15.61 0.7897
3.625 0.32 16 3.0605
2.55 -5.64 12.15 3.5063
0.225 -7.24 1.46 0.3124
0 -6.75 8.81 3.2384
0 -4.28 11.4 1.7022
0 -2.34 12.15 1.3134
0 -1.49 14.31 0.8066
0 -0.41 15.14 0.6889
0 -1.69 15.17 2.0428
10.95 -0.66 13.73 2.0466
85.5 -1.1 8.03 6.5424
48.475 0.05 5.66 4.6035
0.675 1.66 8.61 0.7747
0 1.75 14.92 2.1179
0 1.22 16.57 1.0856
0 3.21 19.41 1.9546
3.225 2.35 14.8 2.4423
1.925 -4.83 6.83 2.1165
0 -4.3 8.65 1.0368
0 -2.26 12 0.5918
0 -1.92 13.31 0.9275
0 0.37 14.95 1.0759
0 0.22 11.85 1.8545
0 -0.12 13.89 1.1299
0 -0.77 14.74 4.298
0 -5.24 4.98 4.9962
0 -7.56 3.2 0.7998
0 -6.88 5.62 0.0471
0 -3.76 11.19 0.8422
0 -1.88 13.44 0.7722
0 0.82 14.86 1.2219
0 0.41 16.56 1.1671
0 0.63 16.66 1.7933
0 -1.29 15.38 2.3793
0 -3.87 10.12 0.8347
0 -4.08 9.12 1.4029
0 -5.67 6.49 1.8324
0 -5.11 7.44 1.2713
0 -3.64 8.74 0.7301
6.575 -1.77 9.08 0.4771
6.875 -3.76 8.83 1.9229
1.75 -7.74 0.06 1.1118
0 -7.93 2 1.0245
0 -7.74 2.99 2.9079
0 -6.3 6.28 2.1871
0 -4.63 8.35 1.7734
0 -4.63 9.35 1.3914
0.525 -6.88 4.86 2.4154
6 -6.38 7.16 4.0697
3.4 -6.13 5.58 0.9875
0 -5.93 1.62 0.6249
0 -7.19 4.71 2.4446
0 -5.95 4.99 3.7673
0 -4.77 6.39 4.1709
0.725 -4.82 7.52 2.7066
2.95 -4 8.72 1.1612
1.5 -7.38 4.49 5.2071
0 -5.79 1.41 5.1693
0 -5.99 2.97 3.9031
0 -5.83 6.33 1.7584
0 -7.1 6.34 2.4273
0 -9 8.13 2.254
0 -7.98 3.85 2.1265
0.025 -7.86 5.42 0.8819
16.85 -10.04 0.94 2.4152
17.675 -9.73 -2 0.9313
4.55 -18.33 -7.64 0.8272
0 -17.56 -7.56 1.8623
6.65 -14.55 -5.39 3.0056
37.65 -8.08 -1.83 2.6651
73.05 -4.9 -0.94 3.6531
36.225 -7.02 -0.89 4.5052
2.7 -9.14 -3.75 0.9164
0 -9.1 -2.97 2.9997
0 -6.95 1.23 2.4155
0 -5.43 2.85 2.1858
0 -4.94 3.67 2.7519
0 -5.36 3.81 4.0487
0.875 -5.3 3.69 2.8432
15.35 -5.23 5.25 1.9247
11.175 -8.58 2.2 3.6265
0.325 -12.69 -3.42 2.6961
0 -8.94 1.04 3.8729
0 -8.85 0.7 3.7741
7.525 -8.82 0.6 3.9959
4.525 -7.94 0.14 2.0058
3 -9.15 -2.92 3.214
10.775 -8.47 -0.79 0.8385
5.55 -6.94 -1.49 1.5616
0.325 -7.63 -2.19 2.5282
0.15 -7.31 1.54 2.0999
0 -6.98 1.48 1.1128
0 -6.81 2.94 3.8883
0 -7.57 4.72 2.8333
0 -5.69 4.25 2.3775
0 -6.05 4.64 2.9011
0 -4.55 5.28 2.8393
0.275 -3.98 6.35 3.0831
1.85 -3.76 6.57 2.2522
1.025 -2.28 2.98 2.4557
1.675 -2.78 3.45 3.0721
25.2 -3.55 6.99 4.4313
14.9 -5.37 1.47 2.0909
0.2 -8.49 0.05 1.5343
0 -7.41 1.7 3.3445
0.975 -5.83 5.32 1.9308
15.55 -5.87 5.02 2.6078
41.375 -5.88 1.05 4.6841
35.5 -7.45 -2.24 5.5818
40.675 -7.86 -4.11 6.4647
39.225 -9.09 -5.12 3.988
21.05 -9.33 -5.37 3.9985
5.275 -10.16 -5.67 1.0205
1.25 -12.52 -3.95 2.1588
3.4 -9.99 -3 3.8177
1.6 -6.99 -1.71 2.8591
0 -7.55 1.18 1.4401
0 -10.26 2.77 2.9255
1.775 -8.8 0.69 3.1347
1.075 -6.57 3.08 1.5283
0 -10.43 1.25 1
0 -14.27 1.24 1.7247
0 -8.1 2.65 1.9333
0 -6.99 2.75 0.6449
9.675 -6.86 3.29 2.7171
16.925 -5.25 2.22 3.2801
16.4 -5.28 -0.57 1.7054
5.825 -7.17 -2.1 2.3585
1.225 -9.04 -1.82 1.5238
1.725 -8.04 -1.18 2.3084
0.6 -9.17 -2.3 0.4439
0 -8.65 0.47 1.1164
0 -6.08 2.28 1.2373
0 -6.17 5.32 1.2904
0 -5.6 7.35 1.507
0 -6.21 9.51 0.8571
0 -3.93 8.72 1.7247
0 -3.88 9.34 2.4743
0 -4.71 10.24 1.1115
3.9 -6.02 9.26 1.2536
8.575 -4.88 4.08 2.1886
17.675 -6.08 1.08 2.8671
8.7 -10.74 -3.62 2.51
36.45 -10.48 2.23 3.7184
28.9 -6.91 1.25 2.8477
3.7 -8.61 0.34 0.689
34.225 -7.08 5.13 4.5881
22.625 -5.17 3.31 1.4366
1.325 -7.26 -2.28 0.5763
0.7 -6.77 5.22 2.4656
13.35 -4.07 7.28 2.6799
25.6 -5.88 -0.1 3.3167
10.7 -8.87 -1.86 3.0705
0.075 -10.43 -3.03 1.3107
0.025 -7.56 2.03 2.6572
0.35 -8.58 3.8 0.734
5.925 -5.78 3.99 2.403
6.375 -13.23 -2.79 3.7471
1.75 -10.68 -1.3 1.9275
0 -10.86 -2.07 0.5606
31.75 -8.33 4.56 2.3205
19.05 -8.9 3.85 2.4031
0 -9.75 1.65 2.8082
0 -8.4 6.87 3.9206
0 -6.18 11.68 1.4883
0 -3.28 12.56 0.6935
0 -2.95 12.72 3.0122
0 -9.77 10.5 2.2147
0 -2.6 13.91 2.1099
0 -4.12 12.58 0.7267
0 -4.36 10.42 1.2231
0 -5.49 10.37 2.3171
1.45 -5.24 11.7 2.2707
4.925 -4.74 11.4 2.5505
2.425 -8.83 3.38 2.3145
0 -6.91 5.75 2.9553
0 -6.08 10.37 1.428
5.9 -4.18 11.45 2.8595
23.875 -3.95 11.45 5.7635
12.625 -8.13 -0.64 3.1064
1.3 -10.7 -0.58 0.7283
11.125 -9.1 1.1 2.4389
6.375 -7.39 0.01 1.9953
34.275 -8.42 0.34 2.7386
20.575 -9.59 -1.87 3.3795
0.025 -10.62 -1.01 0.6011
0 -8.95 4.53 2.3432
0 -6.19 10.09 0.2711
0 -4.31 11.71 1.7399
0.85 -3.89 11.42 1.9149
24.95 -4.83 6.13 3.8175
21.2 -7.34 0.31 4.6213
3.925 -8.23 -1.87 1.0885
0 -7.38 4.51 0.6459
0 -6.37 5.91 0.844
0 -4.35 11.01 2.4219
0 -4.99 10.63 1.2602
0 -4.13 13.08 1.1328
4.75 -2.89 15.1 1.6819
23.05 -1.16 12.29 2.8328
14.1 -7.8 1.02 2.9089
1.2 -6.61 -3.25 1.5611
0 -5.46 0.3 1.2477
0 -4.44 10.41 0.6293
0 -2.11 12.62 1.3163
0 -0.28 16 0.7336
14.7 0.59 16.15 4.5661
17.4 -4.94 5.41 5.1451
5.45 -9.6 -1.35 3.8318
0.175 -9.18 0.47 3.2643
0 -6.11 6.55 1.7584
0 -4.36 10.43 1.8937
0 -2.67 14.67 1.112
0 -0.82 15.86 1.922
0 -1.11 15 3.4796
0 -3.75 10.7 2.2166
0 -4.52 10.44 0.901
0.075 -2.86 12.82 2.8021
3.75 -3.19 11.67 3.6519
19.5 -6.42 1.82 3.4894
10.55 -10.14 1.41 4.3218
0.1 -8.09 2.97 2.1921
0.25 -3.13 10.03 1.1997
0.15 -1.94 13.15 0.7621
0 -0.37 14.78 0.6267
1.2 2.65 16.77 1.3762
6.975 3.33 16.26 2.2176
3.75 -2.42 7.32 2.2814
0.45 -1.07 9.61 1.6531
0.275 1.31 12.57 3.3334
0.475 -2.58 13.37 4.3225
0.375 -7.22 6.71 3.6351
0.4 -6.96 1.88 4.0686
1.55 -5.37 5.11 2.3232
6.375 -5.51 5.11 1.6064
15.925 -1.47 8.22 3.3249
22.75 -3.89 4.39 2.552
9.125 -6.14 3.37 3.6327
0 -5.32 5.47 1.6262
0 -1.51 13.24 0.5707
0 1.39 16.76 2.5655
0 4.78 16.14 2.9882
0 1.7 15.2 2.5132
0 3.02 16.41 2.7122
0 5 17.72 2.8252
0 4.94 18 2.0024
0 6.32 21.79 2.933
0 6.52 22.08 3.0321
0 4.52 19.86 2.2293
0 3.93 19.58 3.9557
0 0.41 16.98 4.5329
0 0.12 12.04 5.2481
0 4.87 13.62 4.1264
0 3.4 17.58 1.0846
0 5.08 19.59 1.6948
0 4.94 21.07 2.9885
0 1.33 19.49 3.1556
0 0.46 14.85 0.8328
0 1.12 18.28 2.2223
0 1.3 16.87 3.3414
0 0.11 14.56 2.5321
0 1.4 16.49 1.4942
0 2.18 16.47 0.7899
0 4.71 20.07 1.6061
0.075 5.32 21.21 2.2027
0.025 6.74 18.37 2.6629
0 4.32 18.42 2.3392
0 7.33 21.21 0.7796
0 9.08 24.79 1.3943
0 9.13 26.78 3.2739
0 6.4 23.63 2.9645
0 4.61 21.61 2.6634
0 3.91 20.46 2.7388
0 6.98 19.78 1.9734
0 4.38 19.34 1.0935
0 5.78 21.76 1.7601
0 6.39 23.82 2.2406
0 6.93 22.47 2.2171
0 6.68 22.35 2.0882
0 8.56 23.79 2.0068
0 7.88 24.05 1.8385
0 8.53 25.83 2.5091
0 9.86 24.72 3.3388
0 10.09 24.17 3.5036
0 7.93 21.83 1.6878
0 8.6 23.53 1.1161
0 11.11 26.5 2.6217
0 10.43 26.66 2.828
0 10.23 27.02 2.617
0 8.97 27.73 1.9347
0 8.74 26.68 1.9577
0 8.23 24.67 2.742
0 7.81 23.47 0.996
0 8.4 23.58 2.2337
0 8.39 24.89 1.9904
0 10.16 26.24 2.4664
0 10.12 25.28 2.807
0 8.33 23.66 2.0097
0 6.21 22.73 2.5045
0 7.47 23.65 2.0707
0 6.41 23.66 2.4579
0 7 23.11 2.4828
0 6.22 22.82 2.0675
0 6.34 22.97 2.4907
0 5.38 23.52 1.6548
0 6.18 23.59 1.9911
0 6.52 23.36 2.0739
0 5.88 22.77 2.2192
0 6.22 22.73 2.5638
0.925 6.39 21.91 3.0149
0.55 5.36 19.64 2.2267
0 5.07 20.58 2.1464
0 5.39 20.97 2.4692
0 4.32 18.5 0.9989
0 4.84 21.03 1.1944
0 6.78 21.95 2.1296
0 6.74 22.22 2.7722
0 6.76 22.77 1.0606
0 7.02 24.69 1.7665
0 7.24 25.44 1.9001
0 5.53 24.18 1.9082
0 5.96 23.88 2.2392
0 6.73 24.37 2.1608
0 5.33 20.72 1.7108
0 4.92 20 2.7415
0 5.83 24.95 2.3001
0 10.58 28.6 0.715
0 11.54 30.43 2.5894
0 8.62 27.31 2.5341
0 4.19 23.25 3.1175
0 3.05 11.3 2.1644
0 0.9 12.07 2.381
0 1.44 14.7 1.1539
0 3.16 18.36 0.7157
0 6.04 22.73 0.6203
0 7.49 25.59 1.2148
0 7.5 25.91 1.4208
0 5.65 25.03 1.8625
0 5.39 22.95 1.441
0 5.47 22.96 2.6692
0.075 4.25 21.47 3.0929
0.075 -1.2 7.23 2.0253
0 -1.2 14.42 0.7593
0 0.75 18.11 0.8023
0 3.77 20.59 1.1281
0 3.99 21.32 1.8751
0 3.36 19.26 1.4912
0 3.09 19.14 0.7669
0 3.5 19.36 1.4531
0 3.43 20.51 1.6659
0 3.53 19.56 1.6046
0 3.26 19.37 1.6112
0 1.3 15.46 1.0539
0 1.09 17.48 0.9933
0 1.8 15.82 2.7581
0 0.91 13.21 0.8385
0 1.19 17.47 0.4995
0 4.88 21.36 0.9366
0 6.29 25.77 0.3446
0 6.28 25.47 1.1963
0 9.4 26.69 0.4611
0 9.07 27.47 0.555
0 8.31 27.17 0.2913
0 8.17 24 0.5067
8.375 7.15 20.73 1.4485
47.1 5.57 20.61 1.8323
28.35 3.2 10.85 1.4037
2.55 1.02 5.48 1.2346
3.025 -1.58 6.69 0.7945
2.975 -1.5 7.77 2.322
0.525 -2.53 6.69 0.7379
0 -0.88 11.93 1.7801
0 1.21 13.81 1.6537
0 2.97 17.7 1.4977
0 3.82 18.1 2.5328
0 4.85 20.54 1.7503
0 4.59 19.62 0.8449
0 4.16 19.09 0.8153
0 3.93 19.5 1.3723
4.125 4.53 14.95 0.9407
2.775 0 10.98 1.1945
0 0.92 10.15 1.8965
0 0.66 16.83 1.13
0 1.24 13.69 1.9715
6.35 -0.81 11.67 1.7358
36.25 0.28 9.99 1.7344
95.125 1.4 3.81 5.0562
51.325 -3.49 5.14 3.7882
0.25 -4.11 5.69 1.4472
0 -6.82 6.08 3.1197
0 -7.39 7.09 3.386
4.025 -1.37 10.8 2.0359
3.425 -2.27 11.58 1.9525
0.575 -3.91 3.2 0.7565
0 -3.27 8.79 1.806
0 -2.49 11.5 3.2579
0 0.18 14.4 3.0992
0 3.04 16.3 2.0752
0 3.15 16.47 1.2015
1.075 1.33 15.19 2.3286
29.25 -0.95 11.79 3.3104
18.5 -6.03 2.04 2.6739
3.9 -7.92 1.29 0.735
3.25 -6.33 2.98 1.5984
0 -7.73 0.53 2.4494
0 -5.21 4.92 1.4721
0 -6.65 6.68 3.0926
0 -3.59 7.66 1.498
0 -2.28 10.64 2.5128
0 -2.8 10.6 1.0022
0 -3.72 9.52 2.2496
0 -4.47 10.13 2.3976
30.625 -4.15 9.66 2.99
53.35 -7.51 3.11 3.4189
42.625 -9.24 -4.33 5.3359
20.925 -8.91 -4.33 3.4988
19.35 -8.69 -3.55 4.5574
9 -13.37 -5.12 1.1126
0 -14.52 -5.43 3.4824
0 -14.51 -6.29 3.3133
20.95 -9.81 -1.59 3.0199
15.525 -15.09 -3.96 2.6729
0 -16 -6.36 2.3086
0 -13.29 -5.4 2.9937
0 -8.88 -0.69 2.1844
0.1 -5.46 5.09 2.505
0.025 -3.92 1.97 1.6628
2.375 -3.94 2.76 1.861
23.025 -4.47 1.74 2.0245
12.4 -4.92 3.67 3.253
0 -5.73 0.38 2.2848
8.625 -4.6 4.26 1.9533
11.075 -3.32 4.3 1.1325
2.375 -2.34 1.98 1.5518
0.175 -3.99 3.99 0.4837
0 -4.01 5.34 2.1892
0 -3.31 4.19 1.4227
28.825 -3.79 6.26 2.1232
18.825 -6.45 0.56 1.5969
6.525 -8.8 -1.27 2.7265
69.675 -9.03 -1.41 3.3678
107.65 -5.57 -1.53 5.1599
74.1 -4.52 0.74 6.0462
31.35 -7.13 2.53 2.4425
11.75 -7.33 -6.14 2.2662
6.425 -7.56 -3.19 2.2944
3.475 -7.4 -2.09 0.498
0 -7.9 -1.12 2.8536
21.25 -8.08 1.71 5.2025
12.925 -7.83 1.81 2.1913
0 -8.81 -4.85 0.9998
64.75 -8.3 -2.38 2.3601
42.925 -6.86 -1.52 4.6397
2.3 -16.09 -3.82 2.5139
5.3 -16.18 -7.62 1.4125
25.525 -16.2 -6.87 3.8897
22.225 -8.32 -4.71 4.5027
7.775 -8.9 -4.62 2.5107
0 -11.14 -3.85 3.1066
0 -10.67 -3.35 3.7659
0 -8.12 -1.17 5.268
0 -7.64 0.21 3.875
0 -8.87 -0.4 1.9559
0 -8.9 0.9 1.0123
0 -11.32 -1.7 3.3105
5.9 -11.09 -0.55 3.2124
4.625 -6.79 -0.5 1.8093
0.875 -6.18 3.08 1.6387
0.525 -6.94 0.88 1.297
0 -5.99 7.62 2.4578
0 -4.3 6.02 0.7915
0 -3.74 6.31 0.5843
0 -3.77 7.42 2.1781
0 -5.48 7.06 1.2696
0 -6.22 6.99 4.2254
0 -6.22 6.43 3.6778
0 -6.01 7 2.9404
0 -5.28 9.46 3.8036
0 -4.88 7.49 2.0842
0 -4.58 7.77 2.1934
0 -4.84 7.15 4.9257
0 -4.77 8.79 3.2782
0 -4.84 9.01 1.8213
9.7 -5.7 8.33 0.6814
10.875 -6.77 5.99 1.7732
3.475 -8.55 -2.81 1.5692
0 -9.04 0.59 2.088
0 -9.65 2.69 3.0011
0 -9.11 3.4 2.0825
0 -8.83 4.72 2.8073
0 -4.38 8.69 1.6182
0 -5.84 10.28 1.8922
0 -3.78 10.75 0.5254
0 -6.77 9.53 2.265
0 -9.51 4.19 3.6387
0 -11.12 3.09 3.6987
0 -9.57 4.68 3.7121
0 -7.4 7.83 2.6017
0 -6.28 10.29 1.3474
0.2 -6.01 10.3 3.534
20.925 -6.61 3.82 4.4454
32.25 -7.31 4.79 6.1472
39.825 -9.68 -6.01 4.6108
64.375 -8.79 -6.01 2.9683
30.775 -9.12 -3.28 3.8866
2 -13.52 -4.5 0.7236
0 -13.39 -3.01 1.2607
0 -13.16 -3.23 0.3937
0 -12.09 0.25 0.4075
14.9 -10.41 0.24 2.5589
24.225 -8.25 -2.11 5.6925
12.175 -13.83 -5.54 0.7436
9.025 -15.23 -7.6 0.525
0.4 -14.99 -1.98 2.2145
10.35 -13.01 1.73 1.7047
22.275 -7.9 4.26 3.579
11.425 -5.68 1.97 1.7108
0.625 -8.94 1.11 1.4361
8.95 -7.17 5.48 0.5215
36.95 -6.52 6.12 1.7232
25.25 -5.36 0.1 4.2567
0.375 -8.39 -0.8 0.7308
0 -5.98 5.54 1.5347
0 -4.7 9.24 1.2962
0 -5.1 7.81 0.9847
0 -5.44 5.24 0.5285
5.125 -5.36 6.91 1.0447
4.125 -3.89 4.11 1.2397
40.65 -3.29 7.49 1.4211
33.25 -2.32 8.86 2.9207
2.4 -8.43 0.49 0.9457
32.25 -8.99 3.69 3.5266
53.275 -8.76 -1.04 4.8904
71.1 -8.36 -4.16 5.9619
37.675 -8.99 -4.43 2.5951
13.2 -9.5 -2.47 1.0455
21.95 -7.39 0.92 4.6781
45.75 -8.08 -3.14 5.5163
31.45 -10.95 -4.74 4.2171
22.375 -10.16 -2.17 3.0637
12.325 -6.6 -3.37 1.7006
0.5 -6.5 0.82 0.5596
0 -6.55 5.93 0.994
0 -4.52 7.92 1.8474
0 -2.2 10.67 2.2696
0 -1.57 16.28 1.7773
0 -1.48 18.01 0.9318
0 -3.96 12.26 1.5282
0.025 -4.71 10.29 1.9789
0 -4.19 12.91 1.2356
2.625 -3.72 13.03 1.2664
11.225 -7.39 11.39 3.515
8.1 -12.95 -4.14 1.4555
1.325 -11.98 -4.77 1.3216
0.025 -11.09 1.1 0.4485
0 -8.85 6.68 1.4344
0 -6.31 7.76 1.1657
1.075 -6.01 8.55 2.8251
0.875 -8.97 -0.51 0.5228
0 -8.53 7.91 0.7532
0 -3.65 12.03 1.1538
0 -1.82 14.62 2.1488
0.05 -0.3 14.36 2.9245
0.075 -0.68 11.49 1.6057
0.525 -2.23 11.73 2.0674
11.225 -1.56 5.95 2.2096
3 -5.14 7.13 0.8408
2.2 -4.78 7.16 1.1491
1.6 -2.69 4.47 2.4504
1.175 -4.11 4.19 2.5065
0.2 -6.87 6.94 2.4018
0 -4.59 9.47 0.7747
0 -2.84 12.11 2.3303
0 -6.24 10.73 4.3337
0 -7.03 8.93 3.493
0 -4.82 10.02 1.9682
0 -2.35 12.9 0.5752
0 -1.11 14.73 0.7696
0 1 16.54 3.081
0 4.42 19.32 0.8647
0 3.46 20.08 1.4567
0 1.82 18.72 2.0121
0.1 -0.4 14.69 2.9679
1.975 -4.47 5.35 3.1523
1.875 -6.26 1.82 2.614
0 -2.45 9.87 1.6655
0 -0.36 13.61 1.0673
0 0.27 16.17 0.5364
16.875 0.74 17.74 3.0172
21.9 -7.75 7.95 3.0648
10.825 -7.75 -0.96 1.1481
33.475 -6.74 2.01 3.4947
20.7 -6.74 -1.65 2.3134
1.3 -6.09 2.84 3.2816
0.05 -5.73 9.25 1.6065
0 -1.91 13.69 1.8924
0 -1.12 13.56 2.8022
0 -2.39 12.58 4.2641
0 -3.31 9.54 2.303
0.075 -1.73 12.26 2.9346
0.3 -2.99 10.09 2.5287
0 -2.71 10.34 3.3942
6.025 -3.74 9.65 4.2174
5.175 -6.09 5.67 4.713
0.975 -5.4 5.83 2.9632
1.3 -2.75 8.96 2.8611
2.4 -1.73 9.25 3.0296
1.675 -5.86 4.04 1.7175
0.05 -4.32 7.3 0.8118
9.55 -3.21 8.32 2.8586
23.425 0.75 2.98 1.421
12.05 -3.23 9.29 3.7368
0.625 -2.87 4.55 1.8243
0.175 -1.51 11.08 2.9108
0 1.08 14.72 1.4782
0 2.11 17.5 2.171
0 2.15 17.54 2.9547
0 0.96 15.02 2.6364
0 1.97 15.91 2.7126
0 3.42 18.85 1.5678
0 4.38 21.67 1.8047
0 5.52 20.76 2.2184
0 1.64 18.57 1.0311
0 3.78 18.23 2.924
0 2.19 19.12 2.0871
0 4.2 19.36 0.2838
0 6.03 21.75 0.4662
0 7.4 24.89 2.5085
0 7.77 24.63 2.8997
0 6.58 23.37 2.5634
0 3.05 20.92 2.6093
0 3.22 19.55 2.1932
0 5.02 20.59 2.1309
47.6 5.33 20.88 2.7795
26.575 1.92 17.41 2.5559
2.575 0.21 9.42 2.2198
0 3.8 15.84 0.7753
0 4.49 21.24 0.759
0 7.7 23.89 0.7151
0 7.83 24.26 1.6009
0 7.99 23.9 1.7547
0 9.1 23.46 2.4622
0 9.93 23.9 2.9533
0 8.83 22.39 2.1712
0 8.3 23.13 2.4592
0 6.3 22.84 2.1731
0 5.16 21.73 2.4646
0 4.5 19.43 2.6076
0 4.09 18.93 3.2213
0 3.75 16.52 2.675
0 4.35 15.89 3.2095
0 2.72 15.65 3.2824
0 3.16 17 2.1173
0 3.32 18.63 1.5005
0 4.22 20.26 1.9723
0 4.29 20.36 1.1348
0 5.1 20.74 2.2456
0 6.01 22.23 2.8026
0 6.37 21.85 1.8367
0 7.36 22.85 2.1416
0 5.68 23.85 2.2468
0 5.47 22.93 1.7246
0 5.8 22.17 1.6364
0 7 21.39 1.3294
0 7.74 24.82 2.19
1.275 8.9 25.22 3.1176
0.9 10.14 24.81 2.2337
0.8 9.28 22.23 1.6878
0 8.27 23.65 1.9381
0 8.32 24.73 2.1092
0 6.34 24.51 3.1697
0 5 20.71 2.2898
0 6.04 20.95 3.149
0 5.46 21.14 2.5577
0 6.61 22.58 1.8543
0 5.97 22.71 1.9494
0 5.79 22.58 2.1387
0 6.54 22.51 2.6739
0 6.21 23 1.5279
0 6.62 23.38 1.4501
0 7.84 24.46 2.1291
0 5.41 22.72 1.4413
0 5.07 21.94 0.8864
0 5.08 22.42 1.6432
0 5.74 23.47 1.3939
0 6.56 24.11 2.5314
0 5.96 21.62 2.1476
0 5.11 21.28 1.7018
0 4.17 20.84 1.2259
0 5.53 22 0.8817
0 5.66 24.11 2.07
0 7.9 24.24 1.3532
0 7.69 23.85 0.9722
0 7.68 25.67 1.1075
0 8.48 25.67 1.5247
0 8.19 26.37 1.6187
0 6.28 24.99 1.9516
0 4.5 23.49 1.8142
0 5.62 21.8 0.6691
0 6.17 21.95 0.9654
0 6.64 23.92 0.8222
0 7.81 23.36 0.8342
0 7.45 24.21 1.8862
0 6.95 23.66 0.4634
0 7.77 23.62 0.8898
0 8.36 24.74 0.7941
0.025 7.87 23.26 1.8295
2.9 5.97 23.52 1.1145
8.3 6.47 21.72 1.652
10.625 3.25 15.03 1.496
11.725 4.94 18.66 0.6549
7.65 4.01 19.62 1.178
0 4.62 18.38 2.5271
0 4.83 19.03 1.8007
0 2.76 16.51 1.5937
0 2.45 16.74 0.3862
0.425 3.74 20.72 0.2007
0.275 5.77 23.11 0.8499
0 6.79 22.85 0.4811
2.6 7.41 23.4 0.3976
0 7.67 24.56 0.6704
0.025 7.75 25.02 1.6313
4.5 5.28 21.14 2.3938
0.05 2.75 14.05 1.691
0 3.9 18.67 0.3286
0 7.04 22.05 0.5657
0 6.22 19.91 1.0536
0 6.16 22.03 1.5356
0 4.17 21.01 2.5691
0 4.62 17.27 2.0701
0 3.22 16.36 2.2134
36.725 -0.31 12.62 2.3964
37.25 -1.74 7.96 4.0262
10.575 -5.84 1.38 0.8015
1.925 -6.25 1.29 0.8784
0 -6.11 6.33 1.4044
0 -3.07 10.18 1.2486
5.25 -0.29 12.36 1.7339
4.475 1.57 7.57 1.8483
0 1.02 13.96 0.9213
0 1.01 16.97 0.5882
0 4.56 18.69 0.4546
0 2.57 18.83 1.2058
0 3.04 18.24 1.6039
0 3.61 16.43 1.8845
0 3.69 17.27 1.9171
0 2.46 18.21 0.7261
0 1.22 15.1 0.5116
0 0.62 16.13 0.429
0 0.54 14.62 2.4552
0 1.31 16.73 1.9732
0 1.73 17.87 2.2098
0 0.5 14.65 1.368
0 -1.4 10.69 3.5889
0 -3.85 9.87 3.471
0 -3.17 9.71 2.1159
0 -1.79 12.13 0.9199
0 -0.71 13.58 2.2029
0 -0.77 14.68 0.1067
0 -1.9 14.29 3.6085
0 -1.17 11.74 4.1487
7.9 -4.13 12.23 4.0096
9.5 -8.36 10.36 1.8935
9.225 -10.46 -3.01 0.62
6.35 -9.49 -2.26 1.6018
0.075 -9.83 -2.69 1.0225
0 -10.05 -0.77 2.2865
0 -8.08 1.97 3.1913
0 -6.34 5.35 2.8196
3.025 -4.59 6.81 3.153
3.125 -3.1 4.11 0.8854
0 -3.55 4.11 0.2041
0 -2.49 5.98 0.4733
0 -5.23 6.21 0.4492
0 -4.75 6.49 0.8916
0 -5.26 7.48 1.3085
0.175 -4.32 6.61 3.6792
2.75 -6.76 0.12 2.323
4.975 -6.68 -1.27 3.918
2.625 -9.45 -1.24 1.6693
0 -8.26 1.43 2.3966
0 -6.57 2.01 3.6337
0.125 -6.98 7.23 2.4353
0.05 -6.43 3.44 0.7711
0 -5.15 4.78 2.9202
0 -2.24 10.5 2.3265
0 -2.45 8.25 1.105
0 -0.94 8.04 1.8632
0 -5.94 9.6 3.4902
0 -6.72 5.96 8.7401
0 -6.24 2.26 3.8005
0 -7.72 6.41 4.3455
0 -9.64 2.59 2.8547
0 -9.55 1.46 3.5093
0 -10.21 1.23 3.0391
0 -9.34 1.17 3.6343
0 -8.18 3.62 3.8798
0 -7.37 3.6 4.4074
0 -7.02 5.17 3.2265
0 -8.59 4.1 1.1296
0 -10.41 2.62 1.6329
0 -10.67 -0.01 1.4883
0 -10.32 0.42 0.9746
0.175 -9.74 0.97 0.8331
0.075 -8.99 0.08 5.7036
0 -6.35 4.13 4.824
0 -8.73 4.92 2.7869
0 -8.88 2.89 4.8349
0 -9.74 1.38 4.6035
0 -9.69 3.11 3.6153
0 -9.61 2.46 4.5018
0 -9.22 2.68 3.9311
0 -8.67 4.2 5.0091
0 -7.57 4.87 3.3506
0 -6.03 5.73 1.3962
0 -6.29 6.09 1.0365
0 -5.04 5.51 1.0742
0 -3.19 9.91 0.936
0 -4.11 7 1.5564
0 -6.85 5.53 2.3865
