0.725 -22.71 -0.42 1.6636
3 -9.59 -3.42 1.4428
1.575 -13.07 -0.06 1.6258
0 -15.79 -6.12 4.3397
1.65 -16.17 -4.89 1.533
0.975 -11.37 -5.62 0.7064
0 -10.7 -2.05 1.331
0 -10.29 -1.71 0.6922
0 -12.36 3.12 4.7194
0 -11.18 3.01 3.3224
0 -9.76 1.75 2.158
0 -9.27 5.38 5.4867
0 -7.01 5.42 3.7855
0 -9.91 4.68 3.0625
0 -7.83 6.39 3.9194
0 -8.89 7.11 4.9617
0 -10.63 4.57 4.2372
0 -10.52 3 4.7494
0 -9.51 5.61 4.8307
0.075 -8.56 3.4 3.3461
12.15 -6.83 5.51 2.7712
26.35 -7.44 3.01 2.1359
19.2 -13.16 3.42 1.5913
36.2 -4.43 -0.27 2.67
12.05 -8.58 -1.36 3.6997
0.925 -14.26 -6.85 0.7872
0 -16 -6.94 1.282
0 -13.53 -3.61 1.6094
0 -10.68 0.57 4.2872
0 -9.93 4.08 4.5457
0 -8.22 5.38 3.0742
0 -8.25 5.02 3.1661
0 -9.7 4.16 3.7344
0 -9.68 6.11 3.7891
0 -6.82 7.77 3.0259
6.85 -6.09 6.58 2.6143
13.6 -8.76 -0.71 2.7528
6.025 -9.95 -4.05 2.8145
17.375 -9.94 -2.79 1.4239
10.55 -13.97 -2.8 3.8984
4.825 -17.65 -8.68 0.5737
9.725 -13.3 -6.63 2.3044
4.15 -11.89 -5.76 1.4566
8.05 -12.29 -5.65 2.9342
4.8 -12.21 -6.26 2.9976
2.175 -11.3 -5.21 5.3319
35.775 -10.71 -5.51 5.571
24.75 -10.57 -7.28 4.1901
2.25 -13.48 -6.66 0.9953
0 -12.87 -4.76 3.3967
0 -12.56 -0.11 2.5363
4.45 -12.27 2.23 3.8325
19.25 -8.72 0.65 3.2994
12.25 -7.27 -3.35 2.4125
4.3 -9.79 -0.51 1.4332
2.325 -8.29 2.95 1.4397
0.4 -8.94 -1.89 2.3696
0 -9.45 2.23 0.3837
0 -9.66 4.58 3.7503
9.775 -5.35 5.34 2.7862
15.775 -4.94 3.39 3.8923
12.975 -6.32 0.62 4.9324
16.8 -9.57 -4.77 3.2065
2.5 -14.27 -6.78 0.7654
0.9 -12.39 -3.84 1.9212
0 -14.1 -4.05 0.2418
0 -13.39 -0.03 1.6469
0 -11.5 2.52 2.8058
0 -14.42 -2.58 0.4889
0 -12.84 2.19 0.5887
0 -10.83 2.44 2.2443
0 -9.38 5.22 2.6519
0 -10.6 6.88 1.3062
0 -8.85 4.11 2.1755
0 -5.48 5.49 2.4036
0 -7.2 8.46 1.1465
0 -7.06 9.36 1.0622
0 -5.28 11.13 0.8064
0 -5.88 11.19 0.7945
16.9 -5.44 10.55 2.0479
27 -10.88 2.01 4.304
1.35 -16.12 -7.58 2.3389
0 -14.27 -4.38 1.8672
0 -10.5 3.82 0.4623
0 -7.47 6.42 2.3016
0 -8.91 7.86 2.1247
0 -7.2 7.68 1.3566
0 -5.51 10.14 3.2351
0 -10.43 7.44 1.9223
0 -8.88 5.31 0.3683
0 -7 7.45 2.5765
0 -5.74 9.18 2.5982
0 -8.39 6.81 5.4722
0 -12.53 0.1 1.8275
0 -11.36 4.03 2.9349
0 -8.52 8.18 2.7174
9.15 -6.84 11.04 1.5263
13 -8.24 7.06 3.4771
7.525 -8.33 -2.18 1.7169
3.55 -8.08 -0.33 2.2537
1.15 -9.38 -1.27 3.8602
0 -8.13 3.52 1.7021
0 -7.25 8.13 1.8901
0.3 -5.81 7.71 4.4756
0.2 -13.68 1.16 6.3858
0 -11.69 -2.85 3.5177
0 -10.12 4.43 1.4794
0 -7.32 10.07 3.1064
0 -4.79 13.21 2.9187
0 -2.34 16.6 1.6284
0 -0.7 18.45 1.1224
0 0.3 19.22 2.1644
0.025 0.52 18.24 2.9274
0.75 -2.59 11.62 3.6284
0.425 -10.59 1.46 3.8478
0 -8.7 4.47 2.0836
0 -7.05 7.51 2.3705
0 -6.55 7.64 3.2885
0 -9.49 4.88 1.5997
2.575 -7.04 8.6 2.0516
48.825 -0.49 11.41 2.1606
31.325 -3.8 6.58 2.7618
2.5 -1.45 5.47 3.7091
1.375 -4.7 5.32 1.9333
0.275 -0.88 9.02 3.6522
0 -2.83 11.14 2.4699
0 -3.15 14.51 2.8696
0 -1.73 15.2 1.6384
0 -2.31 15.65 1.1214
0 -1.09 15.63 0.828
0 -1.04 16.85 3.0546
0 -3.12 15.53 3.2919
0 -2.7 14.3 2.3431
0 -1.99 13.67 3.3244
0 -0.63 15.1 1.5081
0 0.5 17.86 1.659
0 2.51 21.69 0.2903
0.05 5.05 23.43 2.4982
0.025 4.12 22.5 2.9332
0 1.29 17.1 2.0399
0 0.1 16.35 1.0003
0.15 1.25 17.42 2.5231
0.1 0.67 17.03 2.9831
0 0.46 15.88 2.8278
0.05 -0.41 15.56 1.8475
0.025 0.05 16.04 1.172
0 0.61 17.28 0.7319
1.45 2.43 17.89 1.7761
1 1.5 18.35 2.3808
5.875 1.18 16.6 3.3593
4.65 1.75 17.03 2.183
1.625 1.74 16.21 1.9741
0.025 0.81 15.08 2.2489
0.325 1.82 12.8 0.9042
11.175 -2.03 10.37 2.2877
10.525 -3.26 10.97 3.7593
4.1 -5.07 3.04 2.5987
1.175 -3.11 5.15 2.8245
0.8 -2.03 9.51 2.5852
0.5 -0.95 12 3.4556
0 -0.15 11.54 3.1343
0 -2.35 10.06 3.3836
1.4 -1.56 10.88 2.1961
1.85 -0.28 10.09 3.7058
0.6 -2.29 10.27 2.6073
1.125 -1.51 11.05 2.4316
0.85 0.04 11.2 2.3384
0.175 1.74 12.23 2.9106
0.075 1.7 14.84 1.5859
0 5.75 19.87 2.7405
0 1.64 19.13 3.464
0 -0.42 14.15 3.2196
0 -1.28 15.39 1.0081
0 0.14 15.93 0.7397
0 1.9 19.39 1.3404
0.05 2.8 21.69 2.6337
0.025 2.57 19.86 1.8032
0 3.65 20.3 0.8352
0 4.59 23.83 0.4622
0.3 6.91 25.17 3.0287
0.625 6.55 24.57 3.0678
0.2 5.41 21.9 2.2476
0 6.03 22.63 1.5784
0 4.73 21.28 2.888
0 4.21 21.76 2.4955
0 3.07 21.03 2.7862
0 3.09 21 2.6481
0 2.02 19.29 2.9513
0 2.1 18.49 2.659
0 1.17 18.29 2.5851
0 1.49 18.78 1.9048
0 4.25 20.01 1.903
0 4.75 21.01 2.3447
0 4.53 20.52 1.2875
0 3.7 22.04 0.4604
0 5.31 23.36 1.7288
0 6.42 25.2 2.1055
0 6.93 20.52 1.9728
0 7.33 25.61 2.1483
0 9.4 26.55 1.9026
0 9.98 26.96 2.4998
0 7.21 26.04 2.5076
0.05 6.43 24.62 2.1458
0.075 7.56 24.43 2.0302
0.025 6.73 23.77 2.1073
0 6.21 23.65 2.1233
0.5 6.24 23.79 1.9316
0.35 6.52 24.85 1.9375
0 8.12 25.26 2.1277
0 7.87 24.08 2.8378
0 7.07 23.2 2.5021
0.2 7.2 23.37 2.4102
0.125 5.95 23.64 2.4392
0 5.56 23.3 2.9409
0 3.62 21.57 2.6496
0 4.37 20.3 2.17
0 7.1 21.62 2.5382
0 3.02 18.28 3.2662
0 -0.55 11.19 2.0422
0 -0.77 12.84 1.2821
0 1.04 17.21 0.2259
0 2.48 20.71 1.1993
0 6.21 22.81 2.8899
0 6.73 23.7 2.6226
0 4.99 22.59 2.9251
0 4.25 21.39 3.3069
0 1.62 19.18 1.3034
0 0.35 18.64 0.2578
0 1.96 20.83 0.5761
0 2.76 22.23 0.848
0 3.52 24.88 1.2158
0 5.74 25.73 1.8858
0.2 6.65 25.13 2.2074
4.425 6.87 25.84 2.3883
5.575 5.94 20.71 3.2057
1.8 3.49 17.68 1.6373
0 2.11 20.09 1.7035
0 2.34 20.43 0.6289
0 2.7 21.27 1.3284
0 4.06 22.29 0.9879
0 5.05 23.02 1.306
0 5.15 24.29 3.0671
0 5.87 21.37 2.1424
0 4.11 20.91 1.0189
0 3.58 22.84 0.2151
0 6.02 22.23 1.3309
0 5.66 22.28 2.0574
0 3.07 21.26 2.0994
0 1.19 19.78 1.9861
0 0.6 17.44 1.4296
0 1.57 18.5 0.5623
0 1.5 18.42 0.9919
0 3.37 20.57 0.3987
0 4.38 21.98 0.9429
0 5.15 23.78 1.6238
0.3 4.28 20.34 2.3262
0.175 1.17 15.99 2.6788
0 -1.19 17.48 1.4847
0 0.37 17.5 1.1184
0 2.22 19.19 0.392
0 2 20.59 1.1778
0 5.39 22.71 2.3743
0 4.48 20.85 1.0698
0 6.25 16.24 2.6229
0 2.24 22.62 2.6222
0 4.8 22.49 1.6728
0 2.14 22.16 0.8145
0 2.93 21.76 0.7523
0 5.9 22.95 1.1973
0 3.61 23.65 0.3278
0 4.13 23.7 2.1982
0 3.76 20.75 2.644
0 -6.2 10.62 2.3502
0 -7.36 8.74 2.6514
0 -4.45 12.67 0.871
1.075 -1.77 14.18 3.3265
0.725 -7.51 11.53 3.6653
0 -9.95 -1.52 0.3514
0 -8.65 5.54 3.129
0 -7.84 7.7 1.7475
0 -5.74 9.24 1.4338
0 -6.03 11.41 0.8418
0 -3.79 13.29 0.4478
0 -4.41 12.34 2.0327
0.125 -3.79 12.49 1.9292
39.275 -2.84 5.9 6.212
24.325 -3.29 3.2 4.4941
0.025 -1.03 7.54 0.8103
0 -0.79 12.91 2.3355
0 -0.55 14.6 1.2619
0.025 0.19 16.6 2.0593
0.95 1.51 13.07 2.5534
0.55 -7.25 5.21 2.6916
0 -6.85 6.98 1.1228
0 -5.24 10.37 0.6189
0 -4.59 10.91 0.8133
0 -2.78 12.85 1.12
0 -3.39 11.44 1.8774
0 -3.82 10.8 1.2766
0.575 -3.89 12.29 3.9406
0.4 -10.29 -0.05 5.1062
0 -11.27 -0.1 0.8396
0 -9.24 3.33 0.0283
0 -5.88 8.81 0.9156
0 -5.24 11.16 0.8614
0 -3.38 13.07 1.1162
0 -3.25 14.26 1.0968
0 -3.3 14.58 1.6923
0 -2.12 13 2.2348
0 -6.35 9.12 0.5695
0 -7.41 7.87 1.3951
0 -9.22 5.6 1.8449
0 -8.45 5.1 1.364
0 -6.47 7.12 0.8867
0.35 -3.89 7.75 0.7165
3.825 -4.37 7.45 2.2026
2.35 -9.51 -1.2 1.0842
0 -10.45 -0.26 1.1738
0 -11.79 0.73 2.838
0 -9.39 3.33 2.2784
0 -7.56 6.4 1.7844
0 -7.53 8 1.1718
0 -9.85 2.96 2.3754
0.5 -8.43 5.07 3.7508
0.3 -8.27 3.74 0.896
0 -8.72 0.73 0.442
0 -9.81 4.13 2.517
0 -9.41 3.29 3.9424
0 -8.08 4.69 4.2232
0 -8.36 5.74 2.7819
0.7 -6.63 6.04 1.4365
0.45 -9.25 3.12 4.6211
0 -9.73 -1.97 5.2593
0 -9.57 1.58 3.9135
0 -9.41 3.37 1.4849
0 -9.85 3.29 2.2633
0 -11.31 3.35 2.1556
0 -10.82 1.19 2.1572
0.025 -8.63 2.4 1.4882
10.75 -13.14 -0.36 2.1574
13.4 -10.97 -5.54 1.2194
4.3 -20.61 -9.49 0.5733
0 -22.1 -9.97 1.8751
0.95 -18.86 -6.95 2.8979
25.6 -10.66 -2.97 2.7975
33.35 -8.03 -4.01 3.7126
29.875 -8.94 -3.14 4.6828
1.525 -11.9 -4.65 0.6521
0 -10.91 -6.36 2.9607
0 -9.77 -3.47 2.3034
0 -9.13 -1.39 2.3682
0 -9.21 -0.81 2.8723
0 -10.01 -1.39 4.144
0.7 -9.33 -1.48 2.9569
12.7 -7.49 2.36 1.8484
9.675 -10.96 -0.66 3.7355
0.075 -16.1 -7.26 3.0413
0 -12.68 -3.7 3.7863
0 -11.55 -0.86 3.6588
3.225 -11.55 -3.64 3.9864
2.25 -10.41 -2.48 1.8603
1.625 -11.86 -2.74 3.2341
5.95 -10.86 -4.82 0.6478
3.2 -10.05 -4.34 1.4505
0.05 -10.24 -3.65 2.3353
0 -9.78 -1.01 1.6911
0 -10.52 -0.24 1.2755
0 -10.88 -0.14 4.0949
0 -10.39 1.41 3.004
0 -9.72 1.6 2.4472
0 -9.43 1.36 2.9379
0 -9.61 1.36 2.9006
0.075 -7.26 3.37 3.1535
1 -6.83 3.24 2.3207
0.5 -5.82 1.81 2.4534
0.375 -6.83 0.6 3.0801
18 -8.07 2.22 4.2018
11.025 -6.82 1.57 2.0814
0.05 -10.69 -2.18 1.4492
0 -10.89 -0.3 3.3022
0 -10.26 1.14 1.7767
31 -9.97 1.41 2.3975
57.225 -8.71 -1.37 4.5405
33 -9.82 -5.98 5.2183
34.45 -9.61 -6.49 6.1373
42.4 -12.37 -7.14 4.0603
23.6 -11.29 -8.64 4.3673
3.475 -14.09 -9.13 0.8126
0.75 -14.07 -7.62 2.0268
6 -12.71 -6.64 3.3827
3.375 -9.43 -5.3 2.8561
0 -10.66 -1.05 1.3304
0 -13.09 -1 2.7875
1.225 -11.33 -3.01 3.1281
0.725 -9.73 -0.84 1.4364
0 -14.97 -2.19 1.1442
0 -12.8 -2.7 1.6792
0 -10.37 -1.38 1.9243
0 -10.38 -0.88 0.5838
8.45 -10.26 -0.73 2.3812
16.525 -8.42 -0.02 3.4776
14.4 -7.99 -2.54 1.8561
4.675 -9.56 -4.58 2.714
0.4 -11.14 -3.67 1.3757
1.9 -11.53 -3.4 2.4318
1.05 -12 -4.69 0.6145
0 -11.11 -2.32 0.852
0 -9.14 -0.44 0.9143
0 -9.59 2.85 1.6553
0 -9.66 3.23 1.5882
0 -8.94 5.4 0.951
0 -8.63 5.32 1.7345
0 -7.89 6.42 2.4266
0 -7.02 6.66 1.4941
1.125 -8.72 4.61 1.479
4.825 -7.61 0.39 2.7092
15.075 -8.02 1.73 3.3793
6.45 -12.89 -4.46 2.4394
9.325 -12.66 -3.45 3.4714
19.325 -8.97 -1.68 2.9457
2.95 -10.3 -2.57 0.6147
33.4 -9.06 1.32 4.2289
23 -9.05 1.1 2.079
2 -9.91 -4.6 0.8065
0 -9.63 1.37 2.3967
2.825 -7.56 3.53 2.6961
17.025 -8.94 1.94 3.1477
9.25 -11.7 -2.35 3.4095
0 -12.77 -4.42 1.2771
0.025 -11.28 -0.56 2.683
0.125 -10.98 -0.85 0.8976
5.7 -10.22 1.55 2.4106
4.05 -14.79 -2.82 4.1165
0.375 -12.84 -4.56 2.1644
0 -13.92 -5.24 0.4328
26.125 -11.4 2.24 2.0444
15.75 -11.12 1.37 2.6861
0 -12.49 -3.24 2.6583
0 -11.78 3.45 3.7341
0 -10.13 7.78 1.6274
0 -8.23 9.89 0.684
0 -6.23 9.37 2.9999
0 -10.31 7.3 2.0882
0 -6.24 10.52 2.1271
0 -7.97 9.62 0.9626
0 -8.39 8.3 1.2615
0 -9.62 7.72 2.5031
0.125 -9.47 8.67 2.1841
0.65 -6.56 8.89 2.553
0.325 -10.79 1.69 2.8975
0 -10.17 -2.45 2.8739
0 -8.54 6.67 1.5
0.225 -5.14 9.65 2.5445
6.175 -6.02 8.71 5.9431
4.25 -9.91 -1.67 3.4648
2.825 -14.06 -4.45 1.0124
5.4 -12.76 4.27 2.3187
1.1 -9.13 -1.19 2.2982
11 -10.64 -0.64 2.7569
6.9 -10.96 -3.3 3.6752
0.075 -14.42 -3.64 0.9662
0 -11.92 2.24 2.1625
0 -10.11 7.1 0.5093
0 -7.8 9.09 1.2075
0 -7.23 7.47 1.9988
6.675 -5.63 4.71 3.8472
7.6 -9.81 -1.22 4.6881
2.05 -10.65 -3.92 1.0885
0 -9.64 1.87 0.6757
0 -8.47 3.95 0.8564
0 -6.32 8.85 2.7729
0 -7.62 8.97 1.4012
0 -6.7 11.14 1.0179
0.125 -5.82 12.22 1.9655
9.225 -4.5 10.42 2.8793
6.825 -9.79 -0.57 2.9783
1.125 -8.67 -4.83 1.5475
0.275 -8.1 -2.76 1.6941
0 -6.81 7.91 0.7238
0 -5.38 10.67 1.4617
0 -4.36 11.91 0.7114
2.625 -1.39 13.55 4.1885
4.625 -6.91 4.41 5.4183
2.75 -12.01 -2.16 4.2905
0.55 -10.75 -1.59 3.6214
0 -9.24 3.5 2.0601
0 -7.39 7.92 2.4046
0 -7 11.09 1.0844
0 -4.35 13.32 2.0502
0 -2.83 12.54 3.6528
0 -7.13 9.13 2.1521
0 -7.01 7.46 0.9405
0 -4.56 10.43 2.9648
1.45 -5.94 9.37 3.9477
5.425 -8.82 1.37 3.4551
2.8 -12.56 -0.2 4.8604
0.025 -9.62 1.55 2.4863
0.025 -6.34 7.21 1.1178
0.025 -5.81 9.8 0.6575
0 -3.35 12.15 0.5522
0 -1.28 14.37 1.4088
2.625 0.92 13.85 2.0856
1.575 -9.79 10.8 2.4197
0.025 -3.73 7.2 1.8244
0.025 -1.18 10.81 3.4463
0 -3.98 11.14 4.522
0.75 -8.92 5.67 3.8824
1.025 -9.54 0.51 4.0853
0.275 -7.58 1.12 2.4051
0.7 -7.43 2.84 1.6443
2.925 -5.1 6.99 3.3629
6.425 -5.59 4.46 2.8292
2.95 -7.85 1.8 3.9085
0 -7.72 4.63 2.0503
0 -4.41 12.13 0.6568
0 -4.14 15.04 2.692
0 1.15 14.21 2.9368
0 -0.37 12.81 2.8081
0 1.86 15.29 2.9891
0 3.29 16.01 3.0451
0 2.97 15.61 2.192
0 4.03 20.07 3.2511
0 5.03 20.55 3.2437
0 2.36 18.38 2.4132
0 2.94 17.82 4.0821
0 -0.27 15.31 4.7237
0 -2.16 11.06 5.1822
0 -0.64 8.56 4.1108
0 -0.76 13.86 1.1986
0 0.29 15.92 1.5727
0 2.25 19.35 3.2535
0 -1.6 17.26 3.2187
0 -2.75 12.4 0.8527
0 -1.78 16.72 2.3526
0 -1.55 14.17 3.2083
0 -2.83 13.64 2.5158
0 -2.17 15.67 1.3771
0 -0.48 14.18 1.0411
0 1.74 18.12 1.6011
0 1.94 18.83 2.0976
0 3.82 15.58 2.6042
0 2.31 16.77 2.2336
0 4.54 18.48 0.7605
0 6.21 22.67 1.481
0 6.93 23.64 3.2581
0 4.62 21.88 3.0504
0 1.96 19.33 2.6731
0 1.54 18.61 2.715
0 2.42 18.32 1.8521
0 1.24 17.52 0.8679
0 2.58 19.48 1.8625
0.65 3.95 21.59 2.4847
0.45 4.34 20.83 2.0412
0 4.32 20.09 2.2641
0 6.81 22.62 2.1483
0 5.59 21.76 1.8088
0 5.78 22.89 2.4257
0 7.27 22.08 3.3775
0 7.69 22.47 3.6071
0 5.33 19.73 1.9889
0 6.08 22.24 1.2269
0.5 6.95 24.71 2.5601
0.35 6.29 23.14 2.7821
0 7.06 24.2 2.6101
0 7.74 25.65 2.2506
0 5.89 25.21 2.1613
0 5.65 23.39 2.6735
0 4.33 22.61 1.1285
0 4.87 21.65 2.2834
0 5.72 23.02 1.9613
0.7 7.27 23.88 2.375
0.5 7.12 22.78 2.6294
0 3.35 21.95 1.8836
0 2.84 22.57 2.2515
0 4.14 21.17 1.8416
0 3.84 21.95 2.1825
0 3.98 22.04 2.469
0 3.07 21.62 2.1295
0 3.49 21.23 2.4406
0 3.4 22.68 1.5371
0 2.77 22.17 1.9785
0 3.57 21.85 1.9847
0 2.13 21.3 2.0335
0 3.14 20.7 2.4787
0.375 4.22 19.59 2.8107
0.225 3.65 15.48 2.0105
0 1.85 18.92 1.914
0 3.54 19.83 2.3395
0 1.51 13.36 1.0455
0 2.47 19.21 1.2245
0 3.91 20.97 2.1912
0 3.79 21.29 2.6744
0 4.7 21.67 1.2017
0 4.01 23.2 1.8524
0 5.16 23.7 1.9389
0 3.94 21.75 1.8808
0 2.93 21.63 2.2071
0 3.39 22.68 2.0662
0 4.68 20.24 1.8046
0 1.39 18.35 2.5713
0 4.98 22.48 2.217
0 5.66 25.68 0.7556
0 9.04 26.68 2.4609
0 5.45 26.04 2.7519
0 1.51 20.84 3.05
0 1.02 11.16 2.2751
0 -2.23 10.31 2.356
0 -2.42 12.54 0.9511
0 -0.21 16.37 0.5178
0 1.16 20.62 0.4318
0 3.95 23.59 1.1196
0 5.11 23.75 1.4168
0 3.92 23.11 1.9964
0 1.59 20.55 1.3374
0 1.39 20.66 2.6422
0 2.84 19.68 3.1155
0 -4.1 7.35 2.1441
0 -1.89 15.83 0.7096
0 -1.11 15.33 0.7998
0 0.24 18.77 1.0047
0 0.34 18.78 1.7663
0 -0.63 17.36 1.4439
0 -1.03 17.23 0.6613
0 -0.97 17.39 1.1606
0 -2 18.55 1.6462
0 -1.11 17.65 1.5055
0 -1.03 17.73 1.5674
0 -1.63 13.39 1.0008
0 -3.34 15.7 1.0967
0 -0.57 14.7 2.6983
0 -2.01 12.47 0.8976
0 -0.78 16.44 0.4635
0 1.77 19.44 1.0331
0 2.49 22.8 0.5226
0 5.39 23.47 1.125
0 7.26 24.6 0.5162
0 6.09 25.11 0.4695
0 4.01 24.71 0.3252
0.175 3.65 20.15 0.5729
5.05 3.52 17.21 1.3805
23.425 3.8 17.96 1.6432
38.3 0.81 8.34 1.59
3.975 -1.41 2.78 1.0694
10.875 -4.98 4 0.8057
1.95 -4.61 2.68 2.106
1.5 -6.79 4.54 0.8959
0 -4.82 9.49 1.8369
0 -4.5 12.37 1.6879
0 -0.76 15.12 1.3692
0 -1.03 15.71 2.4269
0 1.23 17.14 1.7965
0 0.86 17.21 0.8772
0 0.13 16.54 0.7479
0.025 0.49 16.34 1.3343
1.15 1.07 12.73 0.8484
0.95 -1.21 8.07 1.167
0 -1.3 7.49 1.9092
0.475 -2.8 12.72 1.0925
0.275 -1.76 10.3 2.1019
1.525 -3.76 8.24 1.9322
4.9 -2.24 7.11 1.7778
21.65 -0.41 3.34 4.4885
12.675 -4.51 4.08 3.9083
0.025 -7.03 3.36 1.6433
0 -9.87 3.19 3.037
0 -9.17 4.38 3.2504
2.8 -4.76 7.88 2.1237
2.025 -4.8 8.86 2.036
0.175 -6.66 0.82 0.9632
0 -6.29 6.16 1.9331
0.675 -5.08 9.5 3.4064
0 -3.82 12.9 3.1925
0 -0.53 14.12 2.2251
0 0.06 13.28 1.1416
0.225 -0.85 12.39 2.4085
22.15 -3.71 9.27 2.9032
14.5 -8.16 1.66 2.9029
2.575 -10.73 -0.62 0.5549
1.725 -10.61 0.3 1.6237
0.65 -10.34 -1.65 2.7223
0.35 -9.25 1.84 1.4751
0 -8.76 5.24 3.2065
0 -7.02 4.64 1.5397
0.325 -4.8 8.15 2.3695
0 -5.95 8.72 0.7282
0 -8.17 6.9 2.1568
0 -4.01 7.9 2.4024
21.675 -3.46 7.95 3.123
36.375 -9.3 2.36 3.4107
23.475 -11.86 -5.66 5.4467
9.425 -11.63 -8.09 3.1027
12.675 -10.82 -5.28 4.418
7.675 -16.17 -7.4 0.9541
0.6 -17.87 -9.02 3.2723
0.475 -16.8 -7.04 3.2746
13.225 -11.8 -4.21 2.9046
7.625 -15.17 -4.33 3.0661
0.325 -18.34 -8.73 2.0945
0.8 -16.24 -7.96 2.9722
0 -12.6 -3.84 2.2184
0 -10.3 1.51 2.4999
0.025 -4.42 2.58 1.6464
0.25 -5.24 3.48 1.7316
9.025 -7.21 -0.26 2.0026
5.725 -6.67 2.39 3.1566
0 -8.97 -0.89 2.4002
0.875 -7.42 3.17 1.6941
2.15 -5.26 2.66 1.0493
0.675 -4.55 1.32 1.315
0 -4.73 2.94 0.5297
0 -8.42 3.22 2.2936
0 -8.52 3.18 1.5541
19.975 -7.32 4.68 1.8634
14.125 -8.93 0.57 1.9008
5.075 -10.04 -2.82 2.4385
55 -9.64 -3.87 3.4663
85.875 -8.88 -4.6 5.4229
75.375 -7.81 -1.84 6.4412
32.875 -9.52 -1.43 2.0001
13.4 -10.53 -8.5 1.9948
5.55 -10.27 -6.06 2.1939
1 -9.39 -4.33 0.3406
0.2 -10.4 -3.24 2.7456
23.425 -11.66 -1.2 5.1125
10.525 -10.21 -1.38 1.8581
0 -11.53 -7.32 1.1383
18.325 -11.42 -6.16 2.2409
11.425 -9.65 -4.61 4.5822
1 -18.53 -5.7 2.9244
1.275 -18.81 -8.87 1.2157
9.95 -17.88 -9.64 3.5954
20.75 -10.95 -8.35 4.7267
29 -11.29 -7.71 2.6465
0 -13.59 -7.15 3.1351
0 -14.41 -8.16 3.8797
0 -12.42 -4.49 5.5621
0.075 -12.14 -4.48 3.979
0 -13.38 -6.21 1.8106
0 -13.47 -3.2 1.0731
0 -14.36 -4.39 3.3247
1.825 -14.39 -4.24 3.1698
8.7 -10.37 -4.21 1.5229
0.1 -11.19 -1.78 1.6169
0.15 -11.13 -0.63 1.5427
0.175 -11.52 0.21 2.4452
0 -9.64 1.26 1.1496
0.2 -8.91 3.12 0.7024
0 -9.28 1.17 2.2264
0 -9.45 4.15 1.3359
0 -11.45 4.94 4.3379
0 -11.36 2.31 3.6472
0 -13.3 1.91 2.6576
0 -9.49 4.94 3.6881
0 -10.41 1.73 2.1409
0 -9.91 3.32 2.1659
0 -9.99 2.96 4.9673
0 -10.07 3.55 3.1402
0 -9.99 3.6 1.7709
3.375 -9.46 4.31 0.6189
15.625 -9.5 4.55 1.8074
5.6 -11.68 -6.12 1.7133
0 -12.53 -2.31 2.0684
0 -15.44 -1.45 3.1153
0 -14.35 -1.02 2.1676
0.3 -11.7 1.01 2.9876
0 -10.15 4.72 1.7713
0 -8.51 5.47 1.9697
0 -7.47 6.52 0.6341
0.025 -10.56 6.58 2.1834
0 -12.82 4.57 3.6471
0 -13.95 -0.62 3.9006
0 -13.31 0.79 3.9678
0 -11.55 4.25 2.6122
0 -9.68 6.52 1.4006
0 -9.33 5.89 3.0739
6.15 -8.91 4 3.6372
49.65 -9.2 3.23 6.087
28.55 -12.06 -7.63 4.0945
36.425 -10.84 -8.06 3.3527
37.725 -11.11 -5.7 4.2666
4.875 -15.85 -6.87 0.9319
0.025 -15.85 -5.73 1.1567
0 -15.36 -5.99 0.3489
0 -14.79 -2.26 0.2106
3.8 -13.47 -2.92 2.3008
17.2 -12.27 -4.1 5.9853
21.3 -15.65 -7.76 0.6254
0 -17.8 -9.41 0.512
0 -16.87 -6.33 2.0378
1.925 -15.28 -0.79 1.6832
6.6 -11.3 0.41 3.2717
10.975 -8.7 -0.6 1.7788
1.725 -10.99 0.34 1.4363
1.625 -9.88 3.38 0.5946
14.175 -8.76 5.63 1.7717
25.75 -7.41 -1.39 4.6804
0.025 -10.96 -2.5 0.625
0 -10.33 3.51 1.5208
0 -9.06 8.01 1.1676
0.425 -8.41 7.19 1.2019
0.25 -8.35 5.31 0.8433
0.625 -8.41 6.95 0.8112
0.575 -6.52 2.87 1.0151
5.375 -6.19 6.55 1.1887
29.325 -5.69 7.65 2.8807
2.375 -10.13 0.43 1.0333
23.125 -10.6 1.75 3.1589
30.675 -10.7 -4.7 4.9445
70.4 -10.27 -5.95 6.4068
13.4 -11.33 -5.69 2.8087
3.425 -12 -3.27 0.8195
12.325 -11.62 -3.09 4.3452
44.7 -11.34 -3.84 5.2539
34.275 -14.5 -5.18 4.0909
18.575 -10.23 -3.84 2.8572
8.625 -9.93 -6.52 1.605
0.05 -9.13 0.6 0.5637
0 -9.48 3.59 1.206
0 -9.82 4.81 2.3772
0 -8.31 7.15 2.2005
0 -5.69 11.51 1.5593
0 -4.75 15.06 1.5006
0 -7.3 11.67 1.0803
0.175 -7.98 9.32 2.0286
0 -6.57 10.76 1.5816
0.9 -5.98 10.73 1.5344
5.675 -9.56 8.67 3.6233
7.925 -14.64 -6.45 1.3764
3.9 -14.08 -8.01 1.605
0.275 -13.96 -2.28 0.6388
0 -10.8 3.7 1.5022
0 -9.71 5.52 1.5066
0.175 -8.19 6.14 3.0172
0.275 -11.15 -1.72 0.6631
0 -8.98 5.13 0.7461
0 -6.96 10.65 1.4625
0.025 -6.28 12.14 2.4617
0 -5.94 11.98 3.2312
0 -4.88 7.46 1.9382
0.55 -6.47 10.37 2.4627
14.85 -3.9 2.44 2.6422
1.525 -7.4 5.53 0.865
0.575 -7.45 5.24 1.7165
0.1 -5.59 4.58 2.7662
1.525 -6.08 2.33 2.6302
0 -8.51 4.67 2.9882
0 -7.09 6.7 0.8559
0 -6.24 9.55 2.6829
0 -8.4 8.95 4.7773
0 -7.78 6.49 3.8375
0 -7.61 6.63 2.0538
0 -5.96 9.32 0.5592
0 -3.44 12.27 0.8656
0 -2.63 13.69 3.0829
0 -0.57 15.98 0.8406
0 -0.28 16.49 1.7937
0 -0.97 15.52 2.2472
0.575 -2.22 13.06 3.3643
2.375 -6.69 4.33 3.6267
6.675 -8.61 -1.01 2.994
0 -7.11 7.51 1.7249
0 -3.53 11.41 1.2567
0 -2.19 14.03 0.6261
4.05 -2.09 15.44 3.07
11.525 -9.71 7.87 3.07
4.85 -9.91 -3.04 1.1393
11.325 -7.96 0.81 3.4824
19.225 -9.05 -2.24 2.6137
2.65 -8.11 0.65 3.7339
0.2 -7.22 6.57 1.9467
0 -3.3 11.58 1.9727
0 -3.45 10.82 2.8713
0 -4.95 10.42 4.4504
0 -6.03 8.49 2.5271
0 -4.32 10.65 2.868
0 -4.75 9.32 2.904
1.35 -4.88 9.39 3.5302
1.775 -4.35 9.49 4.5061
10.675 -8.48 4.66 5.0842
3.225 -7.71 1.97 2.9546
0.275 -4.67 7.33 2.8694
0.45 -4.58 8.71 3.2155
2.125 -7.99 3.06 1.8398
0 -7.45 5.53 0.5586
6.35 -4.36 6.22 2.7796
24.7 -2.24 1.18 1.4765
14.1 -4.71 7.53 3.6121
0.275 -5.51 4.65 1.8477
0.1 -4.32 8.31 3.1211
0.25 -2.7 12.37 1.6542
0 -0.92 14.92 2.185
0 -0.68 15.54 3.03
0 -1.55 13.05 2.5874
0 -0.31 13.98 2.7633
0 1.23 16.28 1.5336
0 2.49 19.28 1.9291
0 2.42 19.13 2.7106
0 -0.15 15.74 1.1821
0 0.75 15 3.006
0 0.92 16.61 2.07
0 1.89 16.69 0.2236
0.175 2.88 19.81 0.3391
0 4.31 22.19 2.4548
0 4.45 21.77 3.0538
0 2.03 19.62 2.8046
0 1.29 20.13 2.8049
0 1.17 18.36 2.2629
0 2.27 19.68 2.2077
12.075 3.06 19.78 2.7432
27.8 0.39 16.1 2.5576
8.975 -2.17 7.86 2.1814
0 -0.45 15.25 0.7471
0 1.93 19.77 0.9101
0 4.73 21.86 0.7957
0 4.44 22.36 1.7268
0 5.42 22.1 1.9533
0 6.7 20.06 2.4983
0 7.04 21.43 2.8674
0 6.15 20.51 2.37
0 5.33 21.2 2.6115
0 3.28 20.78 2.239
0 2.73 20.13 2.3714
0 2.25 18.1 2.3907
0 1.82 17.68 3.143
0 1.13 16 2.6121
0 2.14 14.45 3.143
0 0.55 14.18 3.0507
0 0.81 15.03 1.9576
0 0.64 16.8 1.4926
0 1.2 18.79 2.0133
0 1.36 19.05 1.2682
0 2.12 20.05 2.3526
0 3.83 20.66 2.8923
0 4.09 20.26 1.858
0 5.36 21.11 1.9573
0 3.45 22.32 2.1939
0 3.07 21.22 1.8876
0 2.82 20.56 1.7737
0 4.15 20.37 1.4654
0 6.21 22.34 2.2059
1.425 6.64 23.3 2.9089
1.975 8.55 22.84 2.078
6.2 5.9 18.25 1.5442
0 5.33 21.04 1.9715
0 5.32 22.28 2.1217
0 3.13 21.68 3.0353
0 2.59 18.8 2.2283
0 2.9 19.53 3.0219
0 2.51 19.65 2.3683
0 3.64 19.88 1.767
0 3.15 20.99 1.8148
0 3.23 20.86 2.1927
0 3.2 20.67 2.6394
0 3.33 21.14 1.5386
0 4.55 22.14 1.2804
0 3.86 21.95 2.0992
0 4.23 20.8 1.5866
0 3.13 20.04 1.0549
0 2.6 20.56 1.425
0 2.97 21.13 1.283
0 4.09 22.13 2.5272
0 3.1 19.79 1.9908
0 2.14 19.18 1.3666
0 0.82 19.21 1.0258
0 1.06 19.78 1.0379
0 3.97 21.97 2.0697
0 5.33 22.37 1.3177
0 5.11 22.12 0.9025
0 4.91 24.14 1.1525
0 5.98 24.04 1.491
0 5.67 24.1 1.6203
0 3.43 23.08 1.9594
0 2.22 21.58 1.8977
0 1.64 20.34 0.8399
0 2.09 20.01 0.7293
0 2.22 21.9 0.9199
0 3.87 21.26 0.9326
0 5.1 21.98 1.7709
0 3.78 20.18 0.631
0 4.07 21.35 0.8715
0 4.72 22.62 0.7375
0.775 4.86 21.92 1.7139
6.625 3 21.43 1.1371
5.6 3.21 17.51 1.3259
20.875 0.19 13.02 1.2545
3.15 1.49 15.53 0.5759
25.6 1.14 17.8 1.0039
0 1.29 15.78 2.4014
0 2.13 17.56 2.0134
0 1.3 15.28 1.6118
0 0.04 15.22 0.2121
0.375 0.75 18.24 0.3369
0.275 3.5 20.49 0.9107
0 3.87 20.79 0.3937
12.625 4.16 21.35 0.3707
0 4.85 21.16 0.7203
0.05 4.78 22.33 1.6746
22.025 1.62 18 2.2874
0.25 0.08 11.9 1.6847
0 0.56 15.6 0.4643
0 3.4 18.85 0.6987
0 3.71 19.31 1.0954
0 2.15 20.78 1.5703
0 1.14 20.16 2.4674
0 1.96 17.14 2.01
0 0.91 14.48 2.1817
11.6 -1.17 11.4 2.3904
43.8 -3.93 6.49 3.8957
22.775 -8.03 3.28 0.6846
3.65 -9.14 2.98 0.9869
0 -8.36 4.52 1.2388
0 -6.15 8.62 1.3418
0.925 -4.07 10.52 1.6142
6 -3.1 6.81 1.6257
0 -3.66 12.61 0.9117
0 -2.98 14.44 0.6287
0 0.71 16.93 0.6445
0 -1.28 16.72 1.1414
0 -1.12 14.29 1.7404
0 -0.79 14.22 1.8545
0 -0.43 14.46 1.9387
0 -1.9 15.77 0.6331
0 -2.38 13.18 0.636
0 -1.8 13.76 0.4057
0 -1.46 13.23 2.1818
0 -3.09 14.74 1.8309
0 -2.13 14.71 2.3792
0 -3.68 12.44 1.3561
0 -6.05 8.39 3.6842
0 -7.82 6.14 3.4499
0 -7.81 6.6 2.2146
0 -5.26 9.27 0.8477
0 -5.09 11.08 2.2801
0 -4.3 11.62 0.1993
0 -4.32 11.21 3.1246
0 -5.47 8.45 4.2089
2.5 -8.78 8.28 3.9251
10.525 -10.28 6.63 1.894
2.575 -12.57 -5.28 0.3346
10.525 -11.55 -4.12 1.4704
0.25 -11.72 -4.61 0.9835
0 -12.49 -2.26 2.4027
0 -11.7 0.02 3.3788
0 -11.33 3.55 3.0743
2.1 -9.49 3.54 3.3531
4.65 -5.32 1.41 1.0863
0 -6.89 2.41 0.2258
0 -6.25 3.92 0.5926
0 -9.06 4.13 0.5213
0 -8.97 4.51 0.8801
0 -8.94 4.47 1.0651
0 -9.32 5.08 3.295
0.475 -9.32 -0.26 2.2205
1.375 -8.82 -2.93 3.8803
3.775 -11.33 -4.53 1.4914
0.15 -11.65 -1.42 2.0898
0.225 -11.07 2.37 3.3562
0 -10.28 8.52 2.1796
0 -10.81 3.68 0.8606
0 -10.28 2.73 3.0046
0 -8.65 4.74 2.407
0 -7.92 4.73 1.0561
0 -6.25 5.44 1.9078
0 -9.33 6.16 3.1453
0 -10.02 2.98 9.244
0 -10.72 -2.16 3.8784
0 -12.84 2.09 4.5806
0 -13.76 -0.08 2.6705
0 -13.23 -0.78 3.4945
0 -14.31 -1.07 3.071
0 -13.55 -1.17 3.7044
0 -13.04 0.55 3.9127
0 -12.99 0.53 4.3459
0 -12.37 0.41 3.2541
0 -12.89 0.28 1.209
0 -14.06 -0.25 1.6819
0 -13.82 -3.52 1.4692
0 -13.3 -2.66 1.1957
0 -12.71 -2.09 0.9544
0 -12.82 -3.11 5.8811
0 -12.88 -0.19 4.8847
0 -13.87 0.08 2.6202
0 -13.11 1.24 4.6284
0 -14.7 -0.79 4.7082
0 -13.43 -3.25 3.4025
0 -15.59 -0.46 4.6012
0 -14.93 0.36 4.0052
0 -14.26 -0.2 4.9135
0 -13.34 0.5 3.2879
0 -11.92 1.28 1.3494
0 -11.57 2.89 1.2091
0 -10.83 1.47 1.1734
0 -8.28 6.1 0.9707
0 -9.39 4.38 1.0831
0 -11.64 3.8 2.4175
