0.825 -26.9 2.72 1.6332
0.95 -7.69 -2.46 1.3926
0.275 -9.73 1.9 1.6155
0.1 -12.69 -2.59 4.2603
1.375 -13.27 -0.74 1.6609
0.775 -8.79 -4.3 0.5995
0 -8.75 -0.98 1.3946
0 -8.62 -0.81 0.7112
0 -9.83 5.58 4.5947
0 -7.6 5.73 3.3436
0 -6.18 4.98 2.2652
0 -4.83 8.51 5.4881
0 -2.73 9.08 3.8332
0 -7.59 7.85 3.2527
0 -4.42 9.98 3.9229
0 -5 10.96 4.9458
0 -8.1 7.32 4.2524
0 -7.59 5.24 4.763
0 -5.22 8.4 4.8521
0.1 -5.39 7.09 3.3871
15.875 -3.47 8.22 2.7541
31.375 -6.75 6.21 2.1493
5.725 -15.61 9.11 1.6197
49.875 -1.79 2.59 2.6086
15.475 -5.61 2.02 3.6121
0.15 -11.45 -4.73 0.775
0 -12.36 -3.83 1.2917
0 -10.52 -0.72 1.5633
0 -7.33 2.65 4.27
0 -6.62 7.25 4.5307
0 -4.42 8.84 3.0944
0 -4.47 7.8 3.1654
0 -6.16 7.07 3.8132
0 -7.12 8.91 3.7834
0 -2.99 10.8 3.004
6.75 -3.78 9.45 2.5759
9.875 -6.05 2.6 2.8364
3.475 -7.19 -1.09 2.8167
18.125 -6.57 1.22 1.3802
10.875 -11.1 0.45 3.7848
4.125 -13.97 -6.05 0.5099
8.1 -9.22 -3.9 2.4206
3.375 -8.37 -2.87 1.4308
6.275 -8.92 -2.8 2.9942
3.75 -8.92 -2.87 3.1925
2.2 -7.93 -2.49 5.5191
27.9 -7.5 -3.04 5.5541
20.45 -7.24 -4.24 4.2895
2.625 -9.82 -4.39 1.1076
0 -9.46 -2.16 3.4098
0 -9.14 2.69 2.5734
5.025 -8.88 5.97 3.8229
16.175 -7.16 3.34 3.4447
8.275 -4.95 -1.14 2.4957
4.5 -6.1 0.94 1.4703
2.275 -6.1 5.06 1.4421
0.025 -7.12 0.98 2.4259
0 -5.7 5.95 0.3665
0 -6.67 7.71 3.7193
13.45 -2.98 7.83 2.7586
26.575 -1.69 5.92 3.9171
7.275 -2.86 4.31 4.915
21.65 -6.82 -1.89 3.0896
3.2 -11.09 -4.35 0.8075
1.275 -9.39 -0.59 1.8931
0 -10.89 -1.19 0.257
0 -10.87 3.09 1.5218
0 -9.33 5.53 2.7095
0 -10.65 0.98 0.4305
0 -9.08 5.46 0.5856
0 -7.78 6 2.1938
0 -5.19 8.82 2.5367
0 -7.7 10.46 1.3049
0 -5.66 6.83 2.2014
0 -1.39 8.74 2.4995
0 -4.44 12.04 1.1324
0 -3.88 12.7 1.0836
0 -1.67 14.04 0.8275
0 -2.29 14.38 0.7308
2.875 -2.29 13.8 1.9731
24.925 -7.78 4.81 4.2399
1.9 -12.8 -4 2.284
0 -10.65 -1.55 1.8697
0 -7.6 7.33 0.4792
0 -5.33 9.37 2.1498
0 -6.01 11.67 2.0949
0 -3.89 11.2 1.3416
0 -3.19 12.97 3.2359
0 -6.36 9.89 1.9081
0 -5.53 8.26 0.3215
0 -4.13 10.14 2.5801
0 -2.76 12.32 2.5502
0 -5.01 10.36 5.372
0 -8.76 3.12 1.8785
0 -7.98 7.47 2.8769
0 -5.66 11.36 2.5344
13.95 -3.38 14.09 1.4151
19.025 -5.74 10.12 3.3184
12.325 -5.67 0.38 1.7156
4.375 -5.67 1.93 2.2518
0.475 -6.41 1.32 3.8132
0 -5.03 6.15 1.664
0 -4.37 10.53 1.9729
0.025 -2.88 10.36 4.5277
0 -10.21 3.91 6.2385
0 -8.81 0.07 3.3596
0 -6.85 7.7 1.4834
0 -4.35 12.99 2.9949
0 -1.6 16.23 2.863
0 1.31 19.64 1.5875
0 3.17 21.65 1.1279
0 4.14 22.35 2.1033
0.125 2.79 21.26 2.8441
1.875 0.23 14.68 3.5094
1.075 -7.44 4.18 3.705
0 -5.9 7.19 2.0251
0 -3.8 10.19 2.3505
0 -4.17 10.09 3.2411
0 -6.39 7.28 1.6205
3.075 -4.13 10.64 2.0094
57.575 2.35 13.69 2.028
38.05 -1.58 8.95 2.632
0.5 0.94 7.37 3.6763
0.225 -1.77 7.04 1.8835
0 1.93 11.42 3.645
0 -0.19 13.62 2.3525
0 0.13 16.98 2.8702
0 1.8 17.55 1.6451
0 0.95 17.96 1.1736
0 2.18 18.52 0.8729
0 1.9 19.41 3.0289
0 -1.53 18.82 3.2831
0 0.46 16.59 2.4226
0 1.09 16.15 3.2823
0 2.7 17.73 1.6162
0 3.49 20.36 1.5992
0 6.6 24.57 0.2991
0 8.66 26.35 2.4495
0 6.96 25.76 2.8204
0 4.11 20.12 1.872
0 3.12 19 0.9749
0 4.01 20.01 2.4951
0 3.64 19.75 2.9779
0 4.3 18.87 2.7867
0 3.16 18.33 1.8721
0 2.94 18.61 1.2341
0 3.4 20.5 0.7961
0.15 5.95 20.85 1.8664
0.075 4.93 21.01 2.4358
1.125 3.5 20.45 3.3136
0.675 3.96 20.49 2.1956
0 5.13 19.13 1.9913
0 4.36 17.51 2.2654
0.25 4.86 15.78 0.7145
10.2 1.46 14.02 2.237
8.9 -0.69 13.1 3.6678
3.725 -1.99 4.86 2.4891
1.2 -0.7 7.34 2.781
0 0.12 12.53 2.5844
0 2.39 14.97 3.4421
0 2.66 14.34 3.1073
0 0.7 13.01 3.3716
1.575 1.45 13.64 2.2455
2.05 2.86 12.89 3.6577
0.65 0.78 12.91 2.5523
0 1.3 13.68 2.4438
0 2.58 14 2.3939
0 4.51 15.31 2.949
0 4.41 17.8 1.6521
0 7.74 23.51 2.6799
0 4.13 21.78 3.3297
0 1.98 17.08 3.1941
0 2.01 15.94 1.0775
0 3.11 18.47 0.6669
0 5.51 22 1.385
0 6.25 24.34 2.658
0 5.98 22.6 1.7706
0 6.81 22.94 0.839
0 7.55 26.84 0.5211
0.3 10.5 28.14 3.0019
0.35 9.79 27.73 3.0171
0 8.9 25.21 2.2596
0 9.35 25.55 1.6353
0 7.9 24.02 2.8755
0 7.12 24.71 2.5053
0 6.46 23.64 2.7776
0 6.04 23.37 2.6114
0 4.78 21.6 2.8826
0 4.51 20.88 2.6076
0 4.13 20.71 2.564
0 4.49 21.14 1.8819
0 6.46 22.45 1.8524
0 7.23 23.59 2.2914
0 7.26 23.15 1.3081
0 6.69 25.42 0.5021
0 8.78 27.01 1.6652
0 9.89 28.74 2.0439
0 10 20.98 1.9006
0 10.55 28.25 2.1025
0 12.66 30.38 1.7895
0 14.21 30.95 2.4705
0 10.34 29.09 2.5122
0 9.35 27.19 2.2008
0 11.21 27.09 2.0368
0 9.91 26.54 2.1021
0 9.23 26.34 2.1475
0 9.24 26.58 1.9265
0 9.51 27.77 1.8832
0 11.06 28.09 2.1234
0 10.82 27.32 2.848
0 10.96 26.4 2.5314
0 10.53 26.6 2.478
0 8.94 27.08 2.4491
0 8.84 27.04 2.972
0 6.79 23.66 2.6313
0 6.79 23.04 2.1592
0 9.12 23.85 2.4802
0 5.53 21.13 3.2043
0 3.67 14.33 1.9945
0 2.66 15.55 1.3022
0 4.93 20.49 0.2527
0 5.12 24.34 1.1851
0 10.37 26.51 2.9211
0 10.9 27.63 2.6639
0 8.12 25.31 2.9503
0 8.18 24.88 3.2342
0 5.91 22.65 1.3313
0 3.84 22.12 0.2823
0 5.49 24.29 0.6265
0 6.11 25.47 0.8589
0 6.24 28.22 1.2514
0 8.9 29.32 1.9761
0 9.97 28.74 2.2094
0.35 9.97 29.33 2.3497
0.375 9.34 24.3 3.1452
0.1 7.62 24.08 1.615
0 5.01 24.22 1.6277
0 5.38 23.23 0.5633
0 5.77 24.05 1.3816
0 7.84 24.51 1.06
0 8.31 26.02 1.2805
0 8.32 27.65 2.9574
0 9.89 24.46 2.0181
0 6.73 24.41 0.9421
0 5.77 27.03 0.2279
0 9.28 25.54 1.3598
0 8.9 25.39 2.0978
0 6.36 24.2 2.09
0 3.4 23.19 1.9793
0 3.38 20.44 1.4311
0 4.93 22 0.471
0 4.45 21.57 0.954
0 7.11 23.79 0.3699
0 7.88 24.83 0.9373
0 7.88 27.18 1.636
0.75 7.49 23.28 2.2936
0.4 4.14 18.39 2.7107
0 1.68 23.2 1.4923
0 3.8 20.95 1.1998
0 5.53 22.15 0.3431
0 5.73 23.3 1.1287
0 7.76 25.75 2.2863
0 8.67 23.91 1.0094
0 11.35 17.55 2.5239
0 5.12 26.06 2.5218
0 9.25 26.05 1.562
0 5.08 25.49 0.7634
0 6.33 24.71 0.7609
0 10.84 26.09 1.1869
0 7.33 26.96 0.3726
0 7.4 27.03 2.15
0 6.15 23.34 2.5726
0 -1.85 14.19 2.3274
0 -3.66 11.88 2.5559
0 -0.94 15.87 0.7854
0.125 0.83 16.85 3.2176
0.075 -4.67 14.05 3.5746
0 -6.8 1.55 0.3199
0 -5.13 8.88 3.0477
0 -4.42 11.39 1.6545
0 -2.3 12.39 1.3986
0 -3.24 14.42 0.7957
0 -0.37 15.96 0.4673
0 -1.61 15.54 1.9796
1.05 -0.6 14.92 1.9204
4.8 -0.16 8.69 6.3676
2.5 -0.27 5.92 4.4463
0 2.11 9.85 0.819
0 2.3 15.67 2.2686
0 1.82 17.4 1.1477
0 3.18 19.64 1.936
0.125 3.61 15.6 2.4453
0.05 -4.36 7.48 2.4362
0 -3.88 9.69 1.0758
0 -2.14 12.69 0.5603
0 -1.66 13.67 0.8684
0 0.48 15.63 1.1237
0 0.1 13.24 1.8083
0 -0.25 14.06 1.2019
0 -0.35 15.07 4.0596
0 -6.03 2.8 5.031
0 -7.66 3.5 0.7883
0 -6.39 6.06 0.0253
0 -2.89 11.64 0.865
0 -2.01 14.05 0.8242
0 0.47 15.74 1.1553
0 0.27 17.2 1.1081
0 0.42 17.34 1.6978
0 0.11 15.95 2.2372
0 -3.4 11.42 0.5871
0 -4.04 10.21 1.4476
0 -5.73 7.74 1.8375
0 -5.03 8.02 1.286
0 -3.22 9.56 0.8112
0.375 -0.09 11.45 0.5387
0.425 -2.26 9.68 2.0893
0.125 -6.67 1.09 1.1365
0 -7.28 2.44 1.1298
0 -8.13 3.55 2.8526
0 -6.1 6.45 2.2284
0 -4.14 8.75 1.7066
0 -4.26 10.23 1.3418
0.05 -6.48 5.38 2.3643
0.225 -5.59 7.41 3.7485
0.1 -5.3 6.38 0.962
0 -5.46 3.09 0.4606
0 -6.63 6.18 2.4149
0 -5.93 5.54 3.8728
0 -4.68 6.98 4.1701
0.075 -4.72 8.2 2.7366
0.175 -3.52 8.99 1.2596
0.075 -6.6 5.45 4.7506
0 -5.57 1.91 5.1641
0 -5.75 4.47 3.9396
0 -5.68 6.6 1.5708
0 -6.48 6.73 2.2658
0 -8 7.24 2.1669
0 -7.35 4.22 2.1553
0.05 -6.38 5.36 1.3258
18.125 -9.49 2.05 2.2139
18.3 -8.42 -1.76 1.0688
4.45 -17.35 -6.63 0.6307
0 -18 -7.06 1.9019
3.975 -14.79 -4.63 2.9914
34.35 -7.43 -0.98 2.8085
56.775 -4.74 -1.07 3.709
34.85 -6.14 -0.35 4.5771
2.3 -8.18 -2.4 0.6842
0 -7.66 -3.08 3.0102
0 -6.06 0.47 2.3874
0 -5.17 2.46 2.3309
0 -4.89 3.07 2.8511
0 -5.47 2.86 4.1468
1.2 -5.34 3.18 2.9346
14.775 -4.38 5.59 1.8336
11.275 -7.51 2.74 3.6823
0.125 -12.14 -3.73 2.8611
0 -8.73 0.21 3.8592
0 -8.02 1.37 3.7563
6.425 -8.02 0.27 4.0261
4.05 -6.88 0.81 1.9117
2.8 -8.33 -0.89 3.1883
9.525 -7.83 -0.99 0.7002
4.9 -6.79 -1.17 1.4878
0.075 -7.13 -1.2 2.4133
0 -6.75 1.93 1.8307
0 -6.79 2.24 1.2515
0 -6.78 3.4 4.051
0 -6.72 4.96 2.9646
0 -5.6 4.68 2.5205
0 -5.73 5 2.9857
0 -7.06 4.51 2.8443
0.1 -3.83 6.6 3.1203
1.575 -3.54 6.88 2.3239
0.525 -2.24 6.01 2.4454
1.15 -2.74 4.16 3.1056
16.925 -5.42 6.19 4.2833
10.15 -3.45 3.33 2.0576
0 -6.77 0.52 1.427
0 -7.26 2.38 3.3217
0.125 -7.65 4.49 1.8877
46.175 -7.6 5.91 2.4643
65.65 -6.06 1.62 4.6044
34.25 -6.69 -3.28 5.3463
37.875 -6.69 -3.86 6.2794
50.75 -8.41 -3.98 4.0668
26.025 -7.82 -5.53 4.2225
3.875 -10.52 -7.11 0.8568
1.125 -10.1 -4.41 2.1144
6.95 -9.03 -3.11 3.5812
3.775 -6.65 -2.73 2.9179
0 -7.73 2.15 1.3419
0 -9.94 2.21 2.8241
1.7 -8.06 0.58 3.1664
1.025 -6.62 2.79 1.4401
0 -10.6 1.17 1.1565
0 -13.7 1.23 1.6958
0 -7.41 2.59 1.9523
0 -6.7 2.76 0.5949
8.125 -6.64 3.33 2.5135
13 -6.02 3.77 3.4543
11.25 -4.98 0.49 1.7975
3.825 -6.67 -2.2 2.6293
0.225 -8.85 -0.63 1.3732
1.575 -9.31 -0.07 2.3659
0.875 -8.89 -1.21 0.5899
0 -7.83 1.56 0.941
0 -6.08 2.73 1.0032
0 -6.61 6.09 1.591
0 -5.68 7.14 1.58
0 -5.09 9.91 0.9553
0 -5.45 9.34 1.7022
0 -4.42 10.97 2.4371
0 -2.88 11.03 1.3418
1.6 -5.46 8.8 1.3767
5.025 -4.35 4.08 2.5451
14.15 -5.04 6.32 3.2288
5.425 -9.46 -2.25 2.3833
1.725 -9.44 -0.41 3.5688
19.075 -6.1 1.48 2.8964
2.625 -6.74 0.03 0.6624
24.75 -6.13 5.06 4.3117
16.425 -6.53 3.86 1.8289
1.75 -7.22 -1.72 0.6677
0.075 -6.51 4.93 2.391
2.25 -4.42 7.71 2.6748
17.675 -6.06 7.72 3.1957
9.8 -8.36 0.92 3.2569
0 -9.48 -1.24 1.2984
0 -8.82 3.22 2.6377
0 -7.84 2.74 0.889
5 -7.69 5.4 2.4265
3.15 -11.72 0.32 3.9873
0.075 -9.86 -1.55 2.127
0 -10.38 -2.03 0.4232
30.3 -8.34 5.5 2.0777
18.175 -8.34 5.83 2.5925
0 -9.01 0.8 2.6415
0 -8.85 7.19 3.7686
0 -7.17 11.64 1.5329
0 -5.94 13.8 0.6629
0 -2.8 12.76 2.9451
0 -7.37 10.72 2.1027
0 -1.79 14.4 2.0874
0 -5.46 13.27 0.7852
0 -5.48 11.58 1.2986
0 -6.6 11.54 2.3574
0.1 -6.59 12.69 2.1578
0.275 -3.42 12.16 2.4794
0.125 -7.83 4.2 2.7072
0 -6.7 -3.19 2.8601
0 -5.6 10.22 1.3963
0.425 -2.98 12.32 2.527
1.4 -3.28 11.59 5.7856
0.725 -7.16 0.37 3.2807
2.6 -10.55 -1.08 0.9339
8.85 -9.46 11.91 2.2834
0.275 -6.67 0.91 2.1708
2.35 -7.62 1.39 2.7438
1.425 -8.44 -1.27 3.5083
0 -10.54 -0.51 0.8809
0 -8.8 5.15 2.1718
0 -6.8 10.37 0.4199
0 -4.45 12 1.1998
0.1 -3.93 11.17 1.9815
1.8 -3.29 7.1 3.8969
1.55 -6.62 1.03 4.6718
0.3 -7.59 -1.39 1.0759
0 -6.88 4.78 0.668
0 -5.69 6.51 0.8342
0 -3.74 11.52 2.6529
0 -4.58 11.57 1.4071
0 -3.55 13.72 1.057
0.575 -2.65 15.19 1.8596
1.925 -1.3 12.87 2.7906
1.1 -6.94 1.98 2.969
0.075 -6 -2.58 1.588
0 -5.15 0.65 1.5457
0 -3.77 10.92 0.7236
0 -2.06 13.25 1.3866
0 -0.51 15.64 0.7248
0.8 1.2 16.42 4.1729
1.075 -3.84 6.69 5.2646
0.45 -8.93 -0.26 4.1152
0.05 -8.2 0.96 3.5051
0 -6.16 6.57 1.9773
0 -4.14 10.59 2.1902
0 -3.62 14.65 1.009
0 -1.05 16.23 2.0264
0 -0.34 15.46 3.6044
0 -3.52 11.79 2.1499
0 -3.8 10.73 0.8275
0 -1.9 13.23 2.8954
0.425 -2.69 12.19 3.8533
1.125 -5.85 3.12 3.3736
0.525 -9.42 2.19 4.5645
0 -7.45 3.7 2.338
0 -2.93 10.12 1.0467
0 -2.18 13.17 0.6263
0 0.07 15.2 0.5198
0.15 2.43 17.19 1.356
0.45 3.74 16.74 2.0382
0.2 -9.98 17.04 2.2317
0 -0.69 9.89 1.7529
0 1.74 13.28 3.4173
0 -1.69 13.86 4.4464
0.025 -6.24 8.02 3.7944
0.05 -6.48 2.97 4.095
0.2 -4.95 4.51 2.3742
0.4 -4.7 5.4 1.5926
0.925 -1.71 9.87 3.2399
1.375 -2.8 8.05 2.6877
0.55 -5.23 4.2 3.7657
0 -4.66 6.69 1.9232
0 -1 14.26 0.5755
0 -3 17.76 2.6264
0 4.38 17.15 2.9385
0 2.44 15.52 2.7292
0 4.09 17.35 2.8929
0 5.67 18.59 2.9267
0 5.44 18.58 2.1439
0 6.85 22.52 3.1624
0 7.46 22.96 3.1704
0 5.12 20.66 2.4293
0 4.93 20.1 3.9944
0 1.63 18.27 4.6729
0 1.02 14.29 5.1341
0 3.64 12.72 4.0009
0 3.25 17.21 1.1183
0 4.39 18.92 1.6137
0 5.44 21.9 3.0987
0 1.45 19.94 3.1373
0 0.61 15.36 0.9242
0 1.09 20.38 2.3344
0 1.62 17.18 3.1897
0 0 17.03 2.5094
0 0.57 19.23 1.4547
0 2.68 16.85 1.0238
0 4.98 20.59 1.6543
0 4.49 21.62 2.1067
0 6.64 17.31 2.6336
0 5.48 19.88 2.2972
0 8.23 21.6 0.8174
0 9.4 25.52 1.4897
0 10.44 26.17 3.1954
0 7.44 24.29 2.9974
0 5.48 23.19 2.6467
0 4.34 20.85 2.7249
0 5.62 21.52 1.9099
0 4.5 19.94 0.8867
0 6.54 23.21 1.8765
0 6.9 24.16 2.4695
0 7.72 24.27 2.1723
0 7.34 22.79 2.2797
0 9.48 24.82 2.1399
0 8.53 24.46 1.8095
0 8.86 26.09 2.3955
0 10.49 25.48 3.3304
0 10.55 24.86 3.5112
0 8.29 23.16 1.9246
0 9.03 24.28 1.278
0 10.58 27.14 2.5879
0 10.03 26.87 2.7829
0 10.5 27.04 2.6014
0 11.97 29.3 2.1632
0 8.85 28.73 2.0984
0 8.82 26.52 2.6183
0 7.23 26.41 1.0757
0 7.78 24.87 2.2705
0 8.57 25.42 2.0131
0 10.26 26.53 2.4429
0 10.52 26.54 2.6722
0 5.7 25.43 1.9
0 5.55 26.91 2.3025
0 7.31 23.87 1.9127
0 6.62 25.4 2.2309
0 6.67 25.39 2.4239
0 6.08 24.85 2.0965
0 6.6 23.56 2.4297
0 5.8 24.77 1.5096
0 5.55 25.41 1.9541
0 6.62 24.89 1.9844
0 4.53 24.33 2.0454
0 6.08 23.79 2.4916
0.05 8.15 22.71 2.845
0.025 7.59 16.88 2.0257
0 4.97 22.11 1.9147
0 6.62 22.72 2.3233
0 3.95 14.21 1.0465
0 5.02 21.69 1.2771
0 6.2 23.33 2.2411
0 6.19 23.85 2.718
0 7.25 24.4 1.1477
0 6.21 26.06 1.742
0 6.27 26.6 1.8594
0 6.61 25.42 1.8815
0 6.08 24.91 2.2167
0 5.61 25.98 2.0049
0 7.73 23.22 1.748
0 4.93 22.06 2.5103
0 10.17 26.02 2.17
0 9.89 28.84 0.703
0 12.08 30.19 2.4136
0 7.84 30.31 2.6143
0 3.89 24.34 2.9739
0 4.37 13.3 2.2493
0 1.07 13.76 2.3777
0 0.58 15.97 1.0421
0 2.96 19.05 0.5227
0 3.97 23.79 0.4341
0 8.19 27.12 1.1589
0 8.77 27.13 1.3407
0 8.13 26.56 1.9519
0 5 23.82 1.2925
0 3.98 24.33 2.5544
0 5.51 22.34 3.034
0 -0.9 8.9 2.0989
0 2.48 22.14 0.6555
0 2.66 18.32 0.7503
0 3.32 22.13 1.0035
0 3.34 22.14 1.739
0 2.28 20.98 1.4337
0 1.73 20.46 0.7287
0 1.76 20.47 1.3261
0 -0.3 21.59 1.6303
0 1.25 20.49 1.5293
0 0.73 20.47 1.5265
0 1.62 15.06 1.0524
0 -0.97 18.78 1.0358
0 2.68 17.12 2.7086
0 1.58 16.9 0.9323
0 2.19 19.38 0.4544
0 4.98 22.21 0.9681
0 6.08 25.59 0.4352
0 9.74 26.62 1.0955
0 11.5 27.74 0.5185
0 9.41 28.3 0.4912
0 6.76 27.76 0.315
0 7.18 22.84 0.4946
0.4 7.65 19.03 1.3742
9.375 7.13 21.58 1.6576
29.775 3.87 10.61 1.5147
0.225 2.15 5.55 0.9778
9 -1.68 7.65 0.806
0.2 -1.15 5.65 2.1237
0 -4.81 7.68 0.8719
0 -2.15 12.68 1.8476
0 -2.06 15.45 1.6368
0 2.64 18.15 1.3405
0 1.76 19.34 2.3842
0 4.96 21.05 1.7237
0 4.93 21 0.8223
0 4 19.49 0.7009
0 3.99 19.65 1.2709
0.175 4.59 15.56 0.8604
0.075 1.38 11.21 1.1109
0 1.44 10.38 1.832
0.025 0.04 16.64 1.0395
0 1.62 13.8 2.0401
0.225 -0.57 11.35 1.8463
1.975 0.45 9.94 1.6909
3.75 2.2 4.96 4.5937
1.35 -2.13 6.1 3.8051
0 -3.75 6.08 1.6152
0 -6.45 6.17 3.0141
0 -6.65 7.73 3.2715
0.225 -1.47 10.89 2.1098
0.15 -1.7 11.81 1.9816
0 -3.54 3.35 0.8991
0 -3.11 8.9 1.9036
0 -2.07 12 3.3101
0 -0.26 15.12 3.1066
0 3.22 16.71 2.1325
0 3.49 16.35 1.1218
0.375 2 15.47 2.3407
21.35 -0.49 12.13 2.9871
12.15 -5.15 3.32 2.8065
1.9 -7.32 2.21 0.5918
1.975 -6.74 3.36 1.6134
0 -7.28 1.03 2.6266
0 -5.63 5.05 1.4643
0 -5.8 7.65 3.1384
0 -3.64 7.78 1.5276
0 -1.81 11.09 2.3998
0 -2.55 11.22 0.8121
0 -4.24 9.91 2.1717
0 -2.69 10.45 2.295
20.25 -2.2 10.41 3.02
36.225 -6.53 4.36 3.3458
26.775 -8.7 -3.75 5.3783
10.7 -8.51 -4.8 3.1354
11.625 -7.95 -3 4.3455
5.875 -12.65 -4.57 0.9941
0 -14.2 -5.57 3.3207
0 -13.73 -4.9 3.3019
12.425 -8.8 -1.87 2.8729
7.825 -13.04 -2.56 2.8958
0 -15.02 -6.01 2.1956
0 -13.05 -4.95 3.0031
0 -9.67 -0.72 2.2367
0 -7.24 4.15 2.5369
0 -1.31 6.34 1.6108
0.05 -3 4.48 1.8208
1.65 -3.99 2.25 2.063
0.7 -4 4.53 3.2026
0 -6.06 1.6 2.3618
0.45 -4.27 5.32 1.7683
0.725 -2.8 5.15 1.0268
0.1 -1.67 3.13 1.3324
0 -0.78 4.98 0.4953
0 -6.44 5.03 2.2884
0 -5.93 5.04 1.4962
25.1 -3.99 7.48 1.8523
17.6 -6.6 3.18 1.7957
6.225 -7.42 -0.35 2.4812
70.05 -7.33 -1.18 3.4876
104.35 -6.57 -2.14 5.3614
79.65 -5.46 0.59 6.2932
29.775 -6.5 2.26 2.076
11.15 -7.72 -5.57 2.1233
5.8 -7.3 -3.23 2.2543
2.325 -6.48 -1.56 0.3609
0.125 -7.43 -0.6 2.7797
21.05 -8.03 1.93 5.1787
12.65 -7.23 1.2 1.9052
0 -8.35 -4.43 1.0771
3.9 -8.32 -3.79 2.2676
2.65 -6.38 -1.37 4.5217
0.175 -15.36 -3.39 2.7399
0.325 -15.4 -6.26 1.33
4.8 -14.99 -6.65 3.791
21.6 -7.26 -5.95 4.7688
38.35 -7.82 -4.91 2.6191
0 -11.04 -4.4 3.1893
0 -11.07 -5.41 3.8884
0 -9.37 -0.13 5.4934
0 -9.34 -0.58 3.9205
0 -10.46 -3.21 1.8718
0 -10.47 0.54 1.0946
0 -11.61 -2.64 3.3016
0.475 -11.62 -0.58 3.2159
11.05 -7.18 -1.09 1.6549
0 -8.29 0.62 1.6459
0 -8.25 2.19 1.4564
0 -8.79 2.39 2.493
0 -7.56 4 1.0556
0 -7 6.12 0.6918
0 -6.54 3.03 2.2484
0 -6.09 7.2 1.3131
0 -8.75 8.78 4.3123
0 -8.74 5.59 3.7111
0 -12.81 4.12 2.7197
0 -5.41 9.14 3.7788
0 -7.59 4.65 2.1142
0 -7.06 6.72 2.2043
0 -7.06 5.67 4.9779
0 -7.06 6.31 3.2163
0 -7.06 6.34 1.8005
0.45 -6.09 7.32 0.5896
19.675 -6.66 7.2 1.8161
6.625 -8.36 -3.82 1.6198
0 -9.92 0.08 2.0066
0 -12.04 1.74 3.0705
0 -11.52 2.79 2.1429
0 -8.41 4.78 2.8983
0 -8.07 8.3 1.7324
0 -6.53 8.42 1.9429
0 -3.72 10.38 0.5934
0 -7.18 9.44 2.1399
0 -9.42 9.69 3.6307
0 -10.58 3.3 3.8638
0 -10.48 4.44 3.9452
0 -8.29 7.79 2.6607
0 -6.63 10 1.3494
0 -7.13 8.46 3.2272
0.625 -8.17 9 3.8669
51.675 -6.65 6.54 6.0476
24.625 -8.92 -5.53 4.2852
27.15 -7.82 -5.04 3.2543
38.05 -7.85 -3.33 4.0929
5.875 -12.27 -4.42 0.8809
0 -12.27 -2.27 1.1695
0 -12.25 -2.31 0.3575
0 -11.17 1.54 0.2738
0.425 -10.59 0.51 2.3037
14.675 -8.9 -1.67 5.8852
21.15 -12.29 -5.02 0.7077
0 -13.98 -6.67 0.4736
0 -13.46 -4.76 2.0897
0.3 -11.73 2.22 1.6728
5.275 -6.79 3.86 3.397
12.175 -5.53 1.7 1.6416
1.8 -7.28 3.8 1.4514
0.25 -7.19 7.14 0.5992
13.25 -7.09 9.33 1.7452
33.25 -4.44 1.12 4.5485
0 -8.29 0.53 0.562
0 -8.21 6.63 1.5077
0 -7.09 11.58 1.0722
0.025 -6.03 10.99 1.1914
0 -5.52 8.78 0.756
0.1 -5.52 11.45 0.8376
0.35 -3.35 5.56 1.025
0.95 -3.32 9.92 1.1681
35 -1.28 11.05 2.7595
0.75 -6.22 1.31 1.0263
26.7 -7.78 5.46 3.2372
27.45 -7.27 -3.16 4.9123
78.875 -7.24 -3.32 6.2018
7.8 -8.83 -1.79 2.6983
0.725 -8.88 0.93 0.9208
4.125 -8.83 1.02 4.5259
43.2 -8.82 0.88 5.3392
39.45 -12.14 -1.26 4.0507
22.325 -6.75 -2.12 2.9181
10.6 -7.68 -4.87 1.5572
0 -6.61 3.3 0.5746
0 -6.64 6.64 1.2238
0 -7.11 8.34 2.2363
0 -6.97 10.01 2.2345
0 -3.21 13.49 1.6107
0 -3.2 18.27 1.2491
0 -3.9 16.34 1.1719
0.275 -4.97 15.11 1.9696
0 -3.9 13.78 1.4541
0.125 -2.3 13.85 1.5104
4.125 -6.68 11.64 3.5471
7.675 -11.19 -3.92 1.3792
4.45 -10.67 -5.03 1.5034
0.275 -11.12 0.56 0.5866
0 -7.87 7.6 1.5376
0 -6.18 8.75 1.4538
0.025 -5.57 9.82 2.9161
0.3 -7.84 1.53 0.6327
0 -5.64 8.3 0.7549
0 -4.4 13.76 1.4555
0 -4.27 15.44 2.3854
0 -4.21 15.43 3.0486
0 -1.64 10.56 1.8212
0.575 -4.8 14.77 2.2897
21.775 -0.64 5.02 2.4659
1.275 -3.96 9.25 0.8658
0.1 -4.47 8.74 1.5113
0.05 -2.3 8.08 2.5861
2.3 -2.87 4.95 2.5063
0 -5.11 7.71 2.84
0 -3.44 9.42 0.8376
0 -3.33 12.17 2.5533
0 -5.07 12.63 4.669
0 -3.46 10.47 3.7077
0 -3.46 10.49 1.9901
0 -1.79 12.76 0.5122
0 0.4 15.49 0.822
0 1.54 16.65 3.0467
0 3.33 19.42 0.782
0 3.29 18.98 1.6628
0 2.16 18.35 2.1635
0.625 1.01 15.57 3.2036
0.55 -2.88 7.63 3.4479
7.875 -5.08 0.71 2.8474
0 -3.86 11.01 1.7327
0 -0.07 14.37 1.202
0 1.03 17.14 0.5882
0.55 1.06 18.8 3.0117
11.875 -6.71 11.42 2.9654
5.45 -6.71 -0.07 1.1196
7.7 -4.6 4.26 3.5067
18.075 -6.63 0.4 2.4813
3.175 -5.56 3.79 3.5368
0.3 -3.99 10.9 1.8523
0 0.34 14.88 1.9816
0 -0.11 13.34 2.8982
0 -2.22 13.78 4.4343
0 -2.32 11.55 2.4873
0 -1.18 14.25 2.831
0 -2.25 12.6 2.7534
0.125 -2.25 12.14 3.4455
0.375 -0.81 13.56 4.3913
13.7 -5.06 9.1 4.9527
3.2 -4.97 3.57 2.9193
0.025 -1.21 10.5 2.7783
0.075 -0.66 13.06 3.1092
2.125 -5.05 6.47 1.7805
0 -4.43 9.28 0.5743
0.425 -1.8 8.84 2.8403
17.25 1.09 3.9 1.3744
11.95 -1.75 10.46 3.558
0 -2.77 6.58 1.8849
0 -1.17 13.01 3.0786
0 0.53 15.49 1.6274
0 2.19 18.23 2.244
0 2.71 18.78 3.0275
0 1.09 16.02 2.6156
0 2.71 17.1 2.7386
0 4.84 18.87 1.6082
0 5.95 21.67 1.8655
0 5.04 21.64 2.5938
0 3.22 18.85 1.2191
0 4.36 18.31 2.946
0 4.27 19.41 2.0519
0 5.95 20.45 0.2587
0 6.08 22.71 0.4135
0 7.7 24.99 2.4612
0 6.77 23.98 2.918
0 4.09 21.82 2.7045
0 3.69 22.13 2.7392
0 3.87 21.07 2.2659
0 5.67 21.97 2.2195
1.95 5.09 22.21 2.6415
19.375 3.29 18.84 2.4968
5.975 0.59 9.5 2.2054
0 1.77 17.67 0.8198
0 4.45 22.16 0.8187
0 7.74 23.91 0.6668
0 6.72 24.47 1.6293
0 8.29 24.45 1.9003
0 9.9 21.82 2.5086
0 10.49 24.39 2.8626
0 9.91 23.79 2.2937
0 8.83 24.35 2.5566
0 6.62 23.81 2.192
0 5.52 23.23 2.3505
0 4.97 20.14 2.4137
0 4.91 20.94 3.1418
0 4.37 18.76 2.641
0 5.44 17.61 3.1839
0 3.79 17.09 3.1035
0 3.82 18.18 1.9762
0 3.33 19.86 1.4151
0 3.87 22.08 1.9574
0 4.39 22.09 1.2516
0 4.98 23.16 2.3097
0 7.11 23.74 2.843
0 7.16 23.22 1.8583
0 8.76 24.28 1.9515
0 6.58 25.91 2.1734
0 6.58 24.32 1.84
0 5.57 23.73 1.7307
0 7.2 22.73 1.4811
0 8.85 25.48 2.2597
0.025 10.44 27.03 2.9684
0.05 12.6 27.02 2.1027
4.075 10.88 20.65 1.5262
0 8.83 24.86 1.9299
0 9.32 25.99 2.0921
0 6.35 24.58 3.0427
0 5.41 21.19 2.2601
0 6.56 22.65 3.0373
0 5.68 21.84 2.386
0 7.14 22.72 1.7584
0 6.57 24.3 1.8307
0 6.57 24.28 2.1841
0 6.5 23 2.6456
0 6.3 23.38 1.567
0 8.16 25.9 1.2756
0 6.71 25.45 2.0585
0 7.09 23.81 1.5359
0 6.01 23.24 1.0647
0 5.48 23.77 1.5038
0 6.06 23.63 1.3728
0 7 24.52 2.5391
0 5.54 22.67 1.9934
0 4.95 22.13 1.3971
0 2.83 22.13 1.0447
0 4.44 23.74 0.976
0 6.23 24.45 2.0526
0 8.31 24.94 1.2784
0 8.09 24.7 0.8512
0 7.24 27.64 1.0943
0 8.82 27.63 1.4461
0 8.31 27.66 1.6056
0 5.59 26.53 1.9028
0 5.2 23.97 1.8249
0 4.49 23.24 0.785
0 5.01 23.24 0.7579
0 5.07 25.44 0.8927
0 6.7 24.87 0.9215
0 8.22 25.45 1.7987
0 6.67 23.33 0.6216
0 7.23 24.89 0.8832
0 7.27 26.52 0.7895
0.05 7.78 26.41 1.6562
5.725 5.14 26.41 1.0926
3.375 5.62 20.61 1.4663
17.675 2.79 16.55 1.35
0.525 4.43 18.85 0.572
25.475 4.4 21.53 1.0908
0 4.42 18.85 2.4185
0 4.52 20.51 1.9064
0 4.38 18.27 1.6068
0 2.8 18.27 0.2472
0 3.35 21.56 0.2679
0 7.1 23.8 0.898
0 7.69 24.33 0.4099
12.775 7.71 24.88 0.3079
0 8.28 24.43 0.6295
0 7.78 26 1.6527
22.225 3.97 21.6 2.2926
0.25 3.28 14.4 1.7525
0 3.37 18.34 0.4255
0 7.19 21.67 0.642
0 7.64 23.09 1.0995
0 4.56 24.31 1.5087
0 2.9 23.23 2.4085
0 3.44 19.42 1.9618
0 2.86 17.64 2.1156
1.125 2.08 14.84 2.3573
37.475 -0.59 9.34 3.8559
22 -5.55 8.88 0.7474
3.675 -6.62 8.84 0.9328
0 -6.1 7.67 1.275
0 -2.84 12.08 1.2476
0.1 -0.63 13.78 1.5878
6.175 0.49 8.36 1.6431
0 -0.99 14.97 0.896
0 -0.45 16.7 0.5889
0 4.42 19.91 0.5128
0 1.21 19.38 1.0917
0 1.22 16.75 1.625
0 1.78 17.18 1.7912
0 2.81 17.75 1.819
0 0.66 19.35 0.6876
0 1.08 16.06 0.5875
0 2.1 17.61 0.4384
0 2.61 16.05 2.2178
0 0.06 17.73 1.8354
0 1.11 18.75 2.2699
0 -1.01 16 1.3328
0 -2.2 11.58 3.5294
0 -4.93 9.96 3.4394
0 -5.41 9.45 2.1465
0 -1.73 12.27 0.8748
0 -1.19 13.96 2.1998
0 -0.69 14.68 0.1346
0 -1.12 14.23 3.1949
0 -0.65 12.71 4.2024
0.275 -5.99 12.2 3.8802
9.175 -7.26 9.49 1.8547
0.4 -8.98 -1.78 0.3823
10.475 -7.91 -0.68 1.4815
0.25 -8.45 -1.25 0.9498
0 -9.48 1.5 2.3455
0 -8.84 3.73 3.3067
0 -8.26 7.1 3.0267
0.15 -7.57 6.68 3.3991
3.95 -2.25 4.95 1.0368
0 -4.35 5.45 0.2026
0 -3.77 6.62 0.5938
0 -6.56 6.64 0.5177
0 -6.53 6.66 0.8884
0 -6.05 6.73 1.0229
0 -7.04 7.72 3.2807
0.1 -6.64 2.62 2.2116
0.25 -6.12 -0.6 3.9606
3.875 -8.35 -1.17 1.5806
0 -8.84 1.64 2.2016
0 -8.74 5.37 3.4397
0 -8.74 12.95 2.2256
0 -8.71 4.58 0.8243
0 -8.11 5 2.9729
0 -7 6.31 2.39
0 -5.86 6.8 1.0722
0 -3.19 7.81 1.8344
0 -7.11 7.92 3.2811
0 -7.14 6.09 8.9579
0 -7.14 1.69 3.7773
0 -9.33 5.59 4.4701
0 -10.47 3.84 2.7429
0 -10.44 1.18 3.5006
0 -11.54 1.69 3.0792
0 -10.97 1.16 3.6716
0 -10.9 2.86 3.823
0 -10.34 2.35 4.3536
0 -9.29 2.44 3.2563
0 -10.38 3.38 1.1304
0 -11.52 3.26 1.6707
0 -11.05 -0.02 1.4736
0 -10 0.54 1.1527
0 -9.96 0.58 0.9077
0 -10.43 0 5.7471
0 -10.8 2.35 4.7978
0 -11.46 2.42 2.6997
0 -10.99 3.36 4.6726
0 -12.55 1.2 4.6348
0 -10.98 -1.84 3.4791
0 -12.55 1.73 4.5704
0 -11.54 4.82 4.0101
0 -11.48 2.86 4.9614
0 -10.87 2.43 3.3614
0 -9.22 3.01 1.3409
0 -9.23 5.09 1.1635
0 -8.65 3.51 1.1887
0 -6.42 7.95 0.9589
0 -7.54 6.71 1.128
0 -9.78 5.6 2.3992
