0.225 4.33 9.43 1.4909
4.15 5.19 7.86 1.015
0.95 0.54 10.65 1.9219
0 -2.11 10.58 3.2458
1.15 2.48 8.68 1.8136
0.175 2.57 9.1 0.3263
0 0.91 8.67 1.4386
0 1.82 10.76 1.0454
0 2.27 13.23 3.8272
0 0.41 13.84 3.5132
0 -0.14 16.21 2.5314
0 0.58 17 5.1516
0 1.47 19.47 4.158
0 1.34 19.79 3.8515
0 1.09 20.1 3.8213
0 2.68 20.22 4.8618
0 2.07 20.1 4.0454
0 2.25 20.53 4.5409
0 1.16 21.21 4.7864
0 1.77 20.53 3.3503
2.225 4.91 15.8 2.6396
12.025 9.78 15.67 2.0691
16.7 11.26 13.49 1.6779
2.125 9.78 16.17 1.8904
6.6 5.84 14.04 3.1617
0.525 3.42 11.25 1.2016
0 0.76 12.43 1.0644
0 0.33 13.42 1.4847
0 1.39 15.46 3.8285
0 1.57 17.43 4.2599
0 2.07 19.29 2.6225
0 2.75 18.18 2.6965
0 2.88 19.1 4.0558
0 2.75 20.65 3.8216
0 2.88 20.6 2.9943
5.975 8.59 17.46 2.9641
5.825 8.74 14.65 3.2355
1.35 6.95 16.26 2.512
4 4.67 15.89 1.1903
1.625 4.17 12.63 3.03
2.425 -0.34 12.18 0.3173
6.525 4.13 12.86 2.4513
2.2 4.4 12.55 1.2828
15.925 4.71 10.96 2.9795
2.75 5.39 12.23 3.7511
3.925 7.74 12.07 6.5943
13.875 7.99 12.8 5.4412
8.1 7.43 11.82 4.4882
0.65 3.18 13.77 1.7151
0 3.04 17.18 3.5146
0 3.97 18.18 2.7218
1.4 3.79 16.59 3.6111
5.125 9.81 16.08 4.2596
12.55 10.48 17.61 3.119
0.775 8.18 17.73 1.509
0.325 9.35 18.49 1.6173
0.95 8.67 18.67 2.1963
0.075 5.08 17.07 0.5145
0 5.64 17.38 3.4884
4.25 10.31 17.14 3.1344
9.6 11.34 18.54 4.316
15.225 9.47 16.21 4.9804
7.875 5.53 14.04 2.5244
0.025 2.68 14.9 1.1497
0.05 3.67 14.78 1.8674
0 2.73 15.51 0.3448
0 2.68 17.73 1.4565
0 4.1 13.68 2.7692
0 0.76 14.1 0.7315
0 0.89 16.62 0.5053
0 4.45 19.1 1.6831
0 4.1 20.51 1.6857
0 5.26 17.14 1.4258
0 6.68 19.4 2.2652
0 7.68 20.76 2.6503
0 8.72 20.89 1.1081
0 8.72 22.12 1.5087
0 9.53 25.08 1.5783
0 9.65 24.17 1.235
4.125 8.49 19.87 1.5575
2.825 6.7 15.53 3.747
0.325 3.47 14.71 2.4417
0 2.38 19.08 1.9141
0 4.65 21.55 1.155
0 8.77 24.02 2.1583
0 10.26 24.53 1.764
0 9.35 25.94 1.4858
0 9.83 21.03 3.7511
0 6.25 19.95 2.1759
0 4.53 21.98 0.7686
0 9.81 24.45 3.1543
0 8.11 22.62 2.7218
0 7.43 19.78 5.1032
0 5.01 19.27 1.8774
0 4.1 23.83 2.3596
0 6.63 27.23 1.7529
12.8 8.9 21.23 1.1829
3.175 9.1 18.74 2.6566
6.4 9.02 15.15 1.7861
3.5 9.1 17.35 2.3658
0.425 5.58 19.45 3.6887
0 7.48 22.71 1.7626
0 9.33 22.73 2.6623
0 8.36 17.57 5.2807
0 5.19 16.73 5.4682
0 4.2 20.49 2.8761
0 6.25 24.63 1.6114
0 9.33 27.54 2.1914
0 10.27 31.73 2.2472
0 13.8 34.33 1.4908
0 14.48 34.88 1.3431
0 14.53 35.69 1.6346
0 12.3 27.95 2.0704
0 8.99 22.19 3.0239
0 4.78 21.98 3.2728
0 5.03 22.05 2.179
0 7.13 21.87 2.2461
0 4.48 18.74 2.9146
0 5.08 20.44 1.9148
0 6.37 23.04 1.9887
22.9 11.78 22.2 1.7349
5.925 13.36 20.46 2.5072
0.4 14.1 21.8 3.4354
0.375 13.29 24.76 1.8264
0.325 15.94 26.55 3.4107
0 13.54 28.21 1.7077
0 12.56 28.03 3.1803
0 13.04 28.77 2.2598
0 12.25 30.44 2.1631
0 12.79 31.67 1.791
0 13.59 31.07 3.1742
0 11.25 27.98 3.4135
0 11.88 28.52 3.1422
0 13.34 29.65 3.1632
0 14.15 31.85 2.5181
0 14.91 36.17 1.3664
0 18.54 39.76 0.2252
0 19.33 38.06 1.981
0 17.25 33.38 2.2078
0 13.54 30.15 1.4528
0 12.99 32.35 1.2031
0 12.98 32.43 2.376
0 12.38 29.54 2.9448
0 10.84 26.89 2.7656
0 10.46 29.83 2.4103
0 14.22 33.22 1.9557
0 17.18 35.56 1.2143
0 17.86 36.01 2.2433
0 16.39 33.43 2.4391
0 14.24 31.41 2.7753
0 13.99 30.33 2.3759
0 13.74 28.99 2.4666
0.1 14.96 28.23 2.387
0.325 15.51 28.67 0.646
0.575 13.29 26.82 2.1954
2.3 13.29 22.88 2.8487
1.125 11.8 24.88 1.8159
0.375 12.18 27.54 2.5746
0 12.86 28.72 2.5904
0 12.18 27.07 3.3291
0 13.54 26.01 2.9643
0 12.86 26.62 3.392
0 13.29 26.69 2.6178
0.7 15.21 26.87 3.3189
0 13.29 26.87 2.2819
0 13.16 26.39 2.4663
0 13.54 29.58 2.8485
0 14.22 29.65 3.2423
0 15.38 34.76 2.3984
0 17.25 34.47 3.0896
0 12.38 30.47 3.3521
0 10.71 27.8 3.4675
0 13.24 31.3 1.8299
0 14.53 34.88 0.9135
0 16.88 37.18 1.7164
0 15.71 35.4 2.6341
0 14.78 33.92 1.8735
0 17.56 38.9 1.1248
0 20.82 42.35 0.9737
0 21.25 41.87 2.6077
0 18.24 38.68 2.5655
0 17.81 36.77 2.2173
0 16.64 37.07 1.9086
0 16.01 37.07 2.6572
0 16.14 34.92 2.4285
0 15.58 32.75 2.6047
0 13.18 31.94 2.4247
0 13.11 32.68 2.5467
0 13.72 32.12 2.7261
0 14.58 31.69 2.7542
0 13.49 32.38 2.1643
0 17.36 32.2 1.8445
0 18.54 33.49 2.2927
0 16.57 34.95 1.8576
0 17.25 38.11 0.8903
0 18.31 39.04 1.5164
0 19.65 39.17 1.6636
0 19.78 39.72 1.6144
0 21.45 40.53 1.9242
0 21.5 41.14 1.4731
0 20.58 39.36 2.4028
0 18.31 36.71 2.5365
0 17.38 35.05 2.5337
0 16.52 35.35 2.143
0 14.8 33.07 2.1171
0 14.12 34.11 2.1965
0 16.75 37.12 1.9695
0 19.47 38.61 2.0224
0 18.86 36.41 2.4073
0 17.14 34.44 2.9725
0 16.28 33.2 2.7733
0 16.34 33.81 3.0553
0 17.5 34.54 2.7627
0 15.48 32.82 2.7969
0 14.85 31.28 2.2879
0 14.98 32.2 1.9053
0 15.96 32.02 2.1112
0 14.42 27.77 2.714
0 13.42 27.86 1.8928
0 14.4 31.93 1.8108
0 16.32 35.21 1.1247
0 18.24 37.3 1.3512
0 19.35 36.34 2.9032
0 17.3 37.32 2.899
0 18.54 35.22 3.2294
0 16.82 31.84 3.1516
0 12.86 32.68 1.7804
0 14.35 34.65 0.881
0 15.84 35.15 1.1063
0 16.27 35.53 0.8782
0 17.25 35.6 1.3729
0 15.35 33.07 2.4237
0 16.21 36.39 2.0837
0 18.92 36.76 2.1608
0.1 18.56 34.36 2.4652
0.05 13.94 31.89 1.5554
0 14.17 33.61 1.4693
0 15.51 34.42 0.3989
0 16.07 36.14 1.7084
0 16.02 37.93 1.8761
0 18.42 39.22 1.7368
0 18.19 38.69 2.3616
0 17.2 33.45 1.3584
0 16.64 35.41 0.6415
0 19.83 36.52 0.7248
0 20.08 38.61 1.9475
0 17.15 35.73 2.5404
0 13.24 31.41 2.0927
0 14.9 29.24 2.2377
0 13.97 30.03 2.1754
0 13.49 31.95 0.8161
0 14.78 33.24 1.1325
0 16.57 35.71 0.5919
0 16.82 37.37 1.1924
0.45 17.2 32.84 2.1159
0.1 14.6 27.97 1.9494
3.85 15.15 26.21 2.4704
0.2 13.79 28.29 1.8444
0 14.96 31.01 2.0071
0 15.16 32.93 1.1164
0 15.96 36.14 0.7815
0 17.93 35.43 1.7754
0 16.32 33.43 1.0245
0 16.45 35.15 1.6928
0 16.95 36.69 1.9092
0 15.91 36.82 1.2101
0 15.66 36.09 0.7485
0 15.23 35.66 0.784
0 15.48 37.2 1.0832
0 16.22 37.45 0.3489
0 17.56 33.58 1.7536
0 13.91 25.38 2.5804
0 8.54 23.29 2.5193
0 9.71 26.01 2.2613
0 8.19 28.06 0.9436
0 10.11 25.3 3.2851
0 7.27 20.6 3.3125
0 6.5 20.64 0.3944
0 5.89 22.99 2.2148
0 7.68 26.57 1.0623
0 8.97 24.42 1.369
0 8.54 25.1 0.6302
0 9.22 25.66 0.4791
0 9.47 23.5 1.7013
0.425 9.04 21.41 1.9903
44.075 12.36 18 6.9784
6.125 15.33 23.22 4.162
0.425 17.25 26.32 1.2281
0 15.46 26.77 2.3511
0 13.87 26.64 1.3149
0 14.82 25.65 1.6225
0.175 10.58 20.24 1.8918
0.05 9.96 20.21 1.373
0 8.79 22.3 1.1304
0 10.34 23.61 0.9658
0 10.71 25.28 1.4242
0 11.21 26.09 1.49
0 11.65 25.4 1.5269
0 10.23 26.57 1.1871
0 11.27 20.37 4.8445
0 7.38 18.25 4.8006
0 4.4 18.49 0.8072
0 4.6 20.77 0.2892
0 5.84 22.5 0.899
0 7.25 23.74 1.0409
0 8.01 25.15 1.2337
0 8.44 25.35 1.1768
0 8.31 25.85 1.8366
0 8.49 23.02 2.529
0 7.93 22.55 0.5718
0 9.35 19.97 1.8983
0 5.28 18.99 1.9764
0 3.81 18.13 1.0335
0 6.88 18.38 0.8748
0.1 7.63 17.7 0.7007
0.55 7.94 17.37 2.1657
0.225 3.67 16.26 1.4781
0 3.19 16.39 1.1868
0 1.16 17.5 2.4642
0 1.59 18.87 1.8224
0.55 2.27 19.92 1.0453
0.275 5.21 17.52 2.3434
0 0.86 15.53 2.0744
4 3.24 17.63 3.3018
1.775 2.88 13.75 1.2775
0 1.59 17 0.4498
0 3.74 15.48 1.7846
0 1.89 17.13 3.2606
0 1.59 19.6 3.4657
0 2.7 20.6 2.2072
3.875 5.28 16.48 1.1972
0.425 6.82 18.04 5.2609
0 1.29 16.33 4.5946
0 1.04 16.57 3.7233
0 1.16 17.45 1.3904
0 0.73 16.03 1.6994
0 0.83 14.92 1.634
0 0.91 15.66 1.7901
0 1.47 13.07 1.0181
1.475 -3.45 10.3 1.6891
14.75 -1.43 7.75 0.6741
1.425 -4.15 7.68 0.4408
0 -2.99 7.63 1.886
3.825 0.27 9.17 3.3271
16.125 4.65 11.49 3.1319
16.025 9.12 12.93 3.9422
8.4 7.07 13.49 3.6004
2 5.73 13.97 0.6238
0 4.47 14.6 3.4054
1.25 7.18 15.1 2.8587
0 6.32 12.95 2.1447
0 5.51 11.84 2.5985
0 4.14 10.76 3.9697
0.15 4.17 13.94 2.8162
8.425 6.44 14.13 1.7153
2.475 4.78 12.32 3.6915
0.05 1.14 10.41 1.9915
0 -1.25 11.44 3.7979
0 -0.57 14.42 3.9795
2 1.52 11.6 4.0742
6.475 4.4 13.83 2.1719
1.675 5.33 9.69 2.8679
1.85 3.31 12.2 0.8103
0.675 7.5 14.09 1.3619
0 6.14 11.89 2.7226
0 5.59 14.29 2.2814
0.05 4.6 12.82 1.1308
0 6.37 11.6 3.8124
0 3.36 14.01 2.931
0 3.97 11.98 2.9496
0 4.1 10.12 3.0844
0 2.38 9.38 2.4262
0.55 4.47 10.37 2.8542
0.25 6.01 10.8 2.4899
0.025 5.28 7.59 2.4064
0.05 5.58 9.01 3.2377
5.175 6.21 16.7 4.8225
14.075 8.81 17.57 2.0634
0.15 4.28 15.15 1.1395
0.05 3.85 11.84 3.167
0.05 6.25 13.88 2.77
12.825 6.07 14.13 2.8792
18.15 9.04 14.97 5.0843
27.15 8.08 12.37 5.6857
21.625 7.56 12.56 6.5447
21.95 4.98 9.54 3.7306
7.45 2.88 10.41 3.2681
3.1 2.63 11 1.0917
0.25 1.82 10.22 2.548
2.975 5.39 10.96 4.5741
2.475 7.32 11.64 2.9796
0.05 4.9 13.99 1.118
0 3.13 13.86 2.4662
0.85 5.03 15.71 3.139
1.275 5.96 15.91 1.0884
0.175 3.11 13.08 1.2578
0 2.76 15.71 1.7639
0 5.77 13.33 2.1645
0.525 3.86 16.95 0.6542
5.225 7 14.92 3.189
2.45 9.65 16.21 3.3394
10.7 9.29 12.7 1.6216
1.975 7.02 12.56 2.442
1.95 7.7 13.42 1.1602
10.55 7.32 11.51 1.2755
0.475 2.93 14.1 0.7081
0 5.82 14.47 1.2227
0 5.66 17.31 1.5424
0 4.73 17.88 1.2725
0 3.74 18.74 1.4519
0 4.3 19.47 1.3548
0 6.39 19.47 1.8074
0 6.64 20.28 2.3003
0 6.57 19.62 0.7813
0 8.72 15.98 0.9833
0.75 7.02 15.23 2.0432
8.225 7.2 11.64 2.6654
0.725 4.53 13.16 1.8825
33.1 4.71 11.16 3.8089
6.95 8.17 14.53 2.5328
0.75 6.68 15.94 0.9028
10.7 7.23 17.68 4.6273
5.475 8.57 15.73 1.0492
0.175 4.3 17.05 0.3986
0 6.02 17.68 1.9721
4.175 6.96 15.85 2.7592
16.05 6.89 10.96 3.2447
2.775 4.9 13.42 2.5013
0.025 1.95 13.49 1.1654
0 6.55 16.32 2.2882
0 4.85 18.74 1.1813
0.075 5.08 13.85 2.6876
0.8 2.74 12.43 3.5994
2.35 3.29 12.5 2.2439
0 0.96 15.69 0.2664
11.4 3.97 14.11 2.0862
2.05 2.81 13.99 2.4524
0 2.56 16.14 2.3157
0 3.37 18.85 3.3456
0 6.02 23.92 1.2923
0 9.89 24.24 1.2028
0 8.42 23.56 2.8127
0 5.41 25.23 2.2037
0 6.7 24.62 1.5883
0 7.68 22.39 0.3945
0 8.54 20.6 1.9555
0 7.61 22.12 1.5788
0.075 5.71 23.04 1.4667
0.45 6.39 19.11 2.1368
0.2 4.48 17.99 2.1521
0 4.05 20.64 2.2151
0 6.02 24.33 0.9244
0.35 7.18 24.04 2.4816
3.825 7.34 18.07 4.7458
2.4 5.33 14.53 2.5043
0.225 4.28 15.39 0.8312
4.55 3.54 14.29 1.9584
1.425 4.17 13.92 1.66
16.675 3.62 13.18 2.8334
9.3 5.76 14.53 2.5661
0 3.92 17.59 0.8273
0 3.92 20.39 1.9721
0 6.7 21.69 1.2581
0 8.42 21.69 1.482
0 7.93 18.38 2.0359
18.975 8.06 14.54 4.7171
13.45 7.32 15.43 4.1895
3.125 5.16 16.55 1.1081
0 6.19 18.67 0.7483
0 6.7 20.82 0.929
0 8.59 22.12 1.5415
0 8.42 23.11 1.4647
0 7.81 25.39 1.2117
0.85 10.94 25.03 1.3784
31.075 8 16.91 2.3123
13.15 6.44 11.59 3.47
1.7 7.12 14.63 2.2658
0.075 6.84 19.99 1.2844
0 8.97 24.4 1.3187
0 10.97 27.9 1.3124
0 8.94 28.11 0.9421
1.6 9.25 21.66 3.8385
1.975 6.02 15.83 4.3596
0 5.41 18.08 3.501
0 6.93 19.76 3.4454
0 7.79 23.9 2.2111
0 10.69 26.37 2.0314
0 9.42 29.88 1.1542
0 11.32 26.51 2.3858
0 9.53 23.61 3.9387
0 8.04 22.86 2.5216
0 7 25.57 1.0364
0 8.72 24.04 2.7241
0.225 8.67 19.54 3.5264
6.85 8.13 16.64 2.8114
1.925 4.91 19.26 3.4434
0 6.93 24.38 2.145
0 9.1 26.8 1.1784
0 10.64 28.29 0.955
0 10.89 29.1 0.801
0 12 27.32 1.2517
0 11.39 21.17 1.8609
0 13.29 23.56 1.2925
0 11.95 23.67 1.4624
0 10.35 24.09 3.4939
0 8.72 20.4 4.21
0 6.14 18.16 3.5094
0 7.31 20.74 4.1816
0 7.63 21.44 2.218
9.5 8.72 20.58 1.5978
6.775 9.53 22 2.4972
8.95 9.98 19.29 2.1203
1.4 7 20.38 2.9902
0 11 25.8 2.0514
0 11 30.01 1.2064
0 15.01 29.34 2.5183
0 13.79 26.21 3.0002
0 13.06 29.88 2.2929
0 15.82 29.65 2.2684
0 17.05 30.51 2.3389
0 17 32.48 1.8642
0 17.56 33.24 2.7541
0 15.58 30.65 3.2269
0 13.92 30.46 2.922
0 13.74 27.45 3.4758
0 10.94 25.28 4.6782
0 13.78 28.27 5.0306
0 14.46 31.93 3.4697
0 15.09 35.01 1.0528
0 15.28 35.69 1.9075
0 14.17 31.16 2.7669
0 12 29.17 3.2263
0 11.63 30.56 1.937
0 12.18 28.68 2.5544
0 9.9 26.21 3.0222
0 9.35 27.3 2.8081
0 12 30.39 2.1702
0 13.37 33.04 1.3788
0 16.68 34.27 2.2547
0.75 15.41 31.64 2.2741
1.3 13.86 29.67 2.885
0 15.41 32.73 2.7198
0 18.79 36.8 1.5008
0 20.28 39.09 1.8874
0 19.65 36.89 2.9185
0 16.39 33.86 2.9712
0 12.07 31.64 2.8976
0 13.97 30.83 3.0789
0 15.39 32.73 2.6648
0 15.39 35.26 1.1871
0 16.32 35.58 2.0107
0 14.98 32.39 2.6435
0 13.81 32.5 2.5394
0 14.8 33.86 2.7287
0 15.35 34.85 2.4299
0 16.26 37.55 1.8797
0 17.2 36.08 2.0926
0 17.32 34.24 3.0144
0 15.48 32.57 2.9296
0 16.82 35.08 1.8549
0 20.51 37.86 1.7739
0 21.5 39.17 2.697
0 20.71 38.86 2.6291
0 18.87 39.04 2.5312
0 17.25 37.32 2.1895
0 16.21 35.04 2.0192
0 15.53 33.07 2.1149
0 13.26 34.04 1.1015
0 15.46 35.15 2.3445
0 16.95 36.26 2.2652
0 17.75 35.3 2.7554
0 15.48 32.21 2.7244
0 14.37 30.65 1.9593
0 13 30.4 2.2744
0 13.56 32.93 2.2487
0 14.98 33.74 2.3685
0 14.47 33.61 2.2241
0 13.92 33.61 1.9254
0 14.73 34.47 2.2578
0 14.53 34.72 1.4817
0 15.64 34.42 1.9921
0 13.99 32.7 2.0643
0 14.04 33.18 2.058
0 14.17 32.88 2.4443
0 15.58 31.33 2.6554
0 14.42 31.52 1.826
0 15.03 31.95 1.7933
0 13.74 29.06 2.0574
0 12.93 31.01 1.2711
0 16.25 32.25 1.737
0 14.67 31.46 2.5352
0 14.12 32.07 2.8904
0 15.15 35.21 1.4532
0 15.84 33.5 1.5086
0 14.42 32.21 1.5257
0 13.67 33.61 2.0049
0 15.33 34.29 2.2484
0 14.17 30.49 1.6851
0 12.25 31.1 1.9307
0 13.67 33.41 2.233
0 15.59 37.86 1.6159
0 17.81 41.14 0.4442
0 19.04 36.96 1.8954
0 15.41 33.2 2.286
0 11.21 27.46 2.5989
0 11.62 25.81 2.3562
0 11.57 26.75 2.5662
0 12.3 29.83 1.7426
0 13.88 32.09 1.1309
0 16.51 36.2 0.2551
0 16.73 37.25 1.2999
0 16.26 36.04 1.1111
0 15.81 33.58 2.2624
0 16.21 34.23 1.2427
0 15.11 32.91 1.8822
0 13.56 26.93 2.5966
0 10.04 23.48 1.9504
0 11.57 26.54 0.9087
0 12.54 30.41 0.511
0 13.56 33.14 1.052
0 13.39 30.08 1.5366
0 10.84 29.54 1.417
0 11.73 30.49 1.4503
0 12.51 31.27 1.9743
0 13.72 30.18 1.545
0 14.22 29.69 1.2745
0 13.27 27.48 1.177
0 12.76 28.17 1.5534
0 12.18 27.58 1.4345
0 10.65 25.19 2.6142
0 10.19 25.82 1.4571
0 11.76 30.14 0.8963
0 13.29 33.21 1.1369
0 15.63 35.35 1.1558
0 15.11 36.59 1.3306
0 17.54 38.04 0.8228
0 18.18 38.46 0.6013
0 17.31 36.57 0.4726
0 16.36 33.23 0.6879
1.275 17.85 34.01 0.7925
3.675 16.45 33.51 1.2532
0.775 13.05 24.51 1.7523
0.75 13.2 20.58 1.4058
0.175 10.97 22.77 0.7031
1.85 11.79 23.31 1.7001
0 10.11 24.17 0.7637
0 10.97 26.57 2.0314
0 12.55 28.79 1.8296
0 14.56 29.72 1.9773
0 15.18 30.99 1.9615
0 14.82 33.04 1.2677
0 15.42 34.79 0.4714
0 14.89 33.77 0.3141
0.2 14.69 30.95 0.871
2.4 13.7 27.49 0.9381
0.675 10.68 22.16 1.2711
0 11.15 22.88 1.519
0 11.18 26.01 0.7597
0.175 10.96 23.33 1.7172
2.45 10.73 21.99 1.4205
13.65 12.81 20.83 1.7985
18.775 13.14 18.4 4.6724
6.675 10.24 18.34 3.1518
0 7.64 19.03 1.7763
0 5.23 19.96 2.6121
0.025 7.15 23.28 3.5042
2 9.9 21.72 2.3411
3.55 11.38 21.65 1.7766
0.6 8.68 19.61 1.138
0 8.16 22.27 1.8684
0 8.76 23.78 2.7317
0 10.05 25.64 2.3563
0 11.55 28.23 1.5224
0 12.11 28.17 1.2263
2.25 11.29 25.62 1.9079
11.4 10 19.89 3.0597
4.5 6.51 15.21 2.4558
1.45 4.23 16.98 0.4759
0.875 6.48 17.21 1.6455
0.05 5.52 16.69 2.3388
0 4.26 17.99 1.3602
0 5.69 17.66 2.9381
0 6.03 20.16 1.8675
0 7.41 21.56 2.805
0 7.09 21.02 1.4551
0 6.8 21.69 1.6034
1.75 6.05 21.42 1.4522
15.55 6.08 17.37 1.899
23.575 4.75 12.36 2.8151
11.225 4.57 11.63 4.392
7.55 5.3 11.29 2.6091
10.775 4.87 11.56 3.4731
3.925 0.56 8.94 1.4149
0 -1.16 10.2 2.7808
1.3 -0.44 11.71 3.2403
10.425 2.39 10.99 2.3215
3.575 1.95 10.02 2.2526
0 -0.35 11.14 2.3639
0 -0.13 11.36 3.0018
0.025 1.32 13.09 2.2302
0 2.35 13.43 2.7029
0.275 6.06 12.38 1.2761
4.775 8.14 16.76 2.7248
12.55 9.08 17.88 2.9073
4.075 7.44 18.37 3.6315
1.6 5.18 17.56 2.0653
3.9 6.71 16.1 2.3144
2 8.5 16.08 1.298
0.475 10.23 18.24 1.4698
0 10.43 17.03 0.4214
0 9.72 16.59 2.4078
3.85 8.46 16.01 1.3613
17.425 8.43 12.8 1.6899
5.6 3.86 13.37 1.2963
5.4 1.79 11.23 2.2082
27.675 4.26 12.57 3.6034
24.9 8.64 13.82 5.1257
12.85 10.18 14.99 5.5745
7.9 7.61 11.82 2.6076
5.1 5.31 11.78 3.0536
11.475 7.56 13.74 2.0444
2.25 7.3 14.25 0.4372
3.375 5.33 13.67 3.1352
20.05 6.08 15.38 5.507
6.05 4.74 15.6 2.0075
2.45 4.63 13.06 0.6611
36.8 5.09 12.12 2.0864
21.425 3.52 11.45 4.204
2.075 -0.09 9.62 2.2449
1.725 -1.62 9.28 1.4426
16 1.97 10.34 4.5742
20.75 3.79 9.42 4.8558
2.35 2.53 10.4 2.3162
0.075 0.98 9.51 3.0075
0 0.49 10.36 3.6382
0.05 1.14 8.32 4.6307
0.05 1.56 7.29 2.87
0 1.69 8.26 1.3828
0 -0.63 5.49 1.6738
0.45 -1.58 6.31 2.7853
1.925 1.53 8.67 3.5163
0.625 4.73 14.02 2.5273
1.275 3.55 14.32 1.4953
0.375 5.85 11.86 1.1912
0 3.91 13.15 2.6495
0.025 7.12 12 1.0313
0 7.48 12.3 0.9046
0 6.24 12.62 2.5754
0 3.49 11.05 1.7628
0 2.74 15.4 3.9082
0 2.66 17.01 3.4515
0 3.89 16.3 2.6324
0 3.71 17.55 3.9974
0 2.72 17.94 1.5756
0.1 3.78 14.3 1.9513
0 4.01 14.59 4.8164
0.025 3.69 14.3 3.5224
0.125 3.19 13.13 1.6503
8.575 3.15 12.57 0.5049
7.75 4.32 13.61 1.737
2.1 2.9 12.74 1.1952
0 2.23 13.04 1.4473
0 1.41 15.12 3.0066
0 1.34 15.19 1.9385
0 2.27 15.57 2.302
0 3.34 17.66 1.7415
0 5.05 19.94 1.9985
0 5.29 20.53 0.8942
0 3.13 20.56 2.5309
0 1.74 15.23 3.2014
0 1.47 16.12 3.577
0 2.27 17.43 3.8054
0 3.38 20.89 2.9973
0.05 3.62 21.47 1.0215
0.3 4.35 18.78 3.9841
9.925 8.21 16.68 4.7221
13.875 4.76 14.62 5.3871
29.775 4.26 10.45 4.7068
27.85 2.83 8.81 2.4582
8.8 1.88 11.26 2.5844
0.5 1.86 11.98 0.6344
0 2.29 12.49 1.0206
0 1.44 13.43 0.5883
0.875 1.14 14.55 0.833
8 1.94 11.81 2.0939
15.35 2.29 11.11 4.8724
3.375 -0.91 9.53 1.0662
0 -1.35 11.11 0.3508
0 -0.23 13.43 2.2199
1.5 0.5 15.66 1.8947
4.425 5.32 16.77 4.0184
1.925 8.75 18.42 1.2526
0 4.52 19.63 1.3741
3.675 7.15 19.74 0.7105
11.4 9.1 17.47 1.7475
4.425 8.61 15.1 4.1701
0.425 6.77 16.75 0.5685
0.1 6.14 18.29 1.4218
0.075 7.62 19.52 0.7656
0 6.11 18.38 1.4192
0.525 6.19 18.04 0.511
4.8 7.64 18.72 1.4314
3.275 11.21 20.13 1.3349
5.8 10.46 21.48 1.553
4.05 8.99 20.64 2.1129
3.15 3.38 16.22 0.855
12.35 3.89 15.66 3.6635
19.6 4.87 12.19 4.6939
31.4 7.03 12.71 4.9654
17.05 4.87 11.48 2.1681
3.175 3.4 14.06 1.6292
10.4 5.07 13.89 5.2933
22.375 6.55 11.88 5.3934
11.2 4.82 12.07 3.5841
14.175 6.85 12.83 3.0891
2.6 5.69 14.75 1.3569
0 7.95 16.06 0.8609
0 6.03 18.58 1.6912
0 8.02 22.14 2.1736
0 10.19 24.22 2.4439
0 10.92 27.26 1.7875
0 11.76 26.45 1.2889
0 7.1 20.38 1.8549
0 6.95 22 1.6542
0 9.3 23.87 1.6909
1.375 8.57 22.74 2.1776
7.175 5.88 18.05 3.4463
2.35 2.37 12.44 1.6442
0 2.11 15.36 1.3887
0 2.95 18.31 0.5367
0 5.58 18.78 1.7895
0.15 5.25 19.4 1.8455
0.3 5.27 17.14 2.5327
0.1 4.05 17.25 0.6727
0 5.13 20.93 0.7719
0 8.23 24.05 1.7087
0.525 9.97 25.08 2.2639
0.6 11.94 23 2.4127
0.25 12.97 20.95 1.4691
0.9 12.79 22.39 1.9401
0.875 11.92 20.66 1.939
0.7 7.23 19.38 1.0185
0.275 8.06 20.33 0.9245
0.425 9.89 20.85 1.826
0.225 9.01 21.25 2.0763
0 7.02 20.76 2.7893
0 6.28 22.18 1.2726
0 7.26 22.48 2.3548
0 7.16 21.08 4.7215
0 6.44 21.46 3.5068
0 7.64 24.68 1.659
0 8.68 27.18 0.5434
0 9.98 26.97 1.263
0 11.68 29.64 2.8843
0 12.81 32.38 0.9575
0 11.36 29.41 1.6289
0 9.52 26.87 1.9645
0.05 9.68 20.85 2.7486
1.15 6.3 18.91 3.1117
0.55 6.92 22.14 2.6295
0 7.42 25.41 1.8712
0 9.27 25.88 1.4217
0.575 9.87 27.12 1.0569
11.925 9.41 22.02 2.6277
12.1 7.27 15.37 2.4314
3.775 6.45 15.93 1.6422
11.7 8.39 15.81 3.3409
6.75 9.21 17.02 2.141
0.275 7.65 22.23 2.8884
0 9.5 25.78 1.8424
0 11.27 26.29 2.3749
0 9.84 24.93 3.4034
0 8.67 22.9 4.6223
0.5 8.25 22.92 2.5911
1.7 9.64 22.11 2.5288
0.675 8.16 20.83 2.1181
0.65 8.73 21.73 2.9713
3.75 8.53 21.04 3.9708
0.575 7.93 20.33 4.6623
0 8.22 21.78 2.6271
0.825 9.01 22.7 2.3009
1.475 11.11 20.31 2.5093
0 7.5 19.63 1.5854
1.275 7.62 20.72 0.6108
21.25 10.12 19.23 3.6336
24.4 12.82 21.47 0.9201
14.8 12.19 22.01 3.0682
0.075 10.4 22.95 2.2975
0 11.01 27.17 3.019
0 12.12 28.73 1.8656
0 12.6 28.85 2.9449
0 11.52 26.52 3.2624
0 11.75 27.18 2.7954
0 13 30.36 2.7491
0 15.5 32.75 2.4888
0 16.91 34.33 2.3143
0 15.22 32.57 2.784
0 14.39 30.73 1.9506
0 13.6 31.25 2.7367
0 14.66 31.88 2.3537
0 16.52 33.77 0.7706
0 18.69 36.91 0.8731
0 20.16 38.19 2.4628
0 16.29 35.4 2.4415
0 13.07 32.47 2.4945
0 12.98 31.79 2.6838
0 13.68 31.76 2.6014
1.9 14.97 33.34 2.6628
18.45 15.45 31.4 2.1491
7.625 13.32 24.3 2.309
0.025 12.5 26.37 2.4656
0 13.63 30.92 1.835
0 16.49 34.46 1.37
0 17.31 37.15 1.1534
0 18.51 38.55 1.5971
0 18.98 38.76 1.6724
0 19.99 38.71 2.458
0 19.07 38.24 2.5556
0 18.33 37.42 1.9551
0 16.63 36.58 2.4701
0 13.86 34.81 2.3124
0.05 13.25 32.69 2.3789
0.025 12.32 30.88 2.5119
0 13.35 29.9 3.0661
0 11.88 28.12 2.7647
0 12.47 26.89 3.3667
0 12.93 27.9 3.0259
0 13.61 28.56 1.9821
0 13.7 29.83 1.1252
0 14.07 31.37 1.9995
0 15.56 32.23 1.8347
0 15.86 35.08 2.3261
0 16.01 35.19 2.7182
0 16.24 34.83 1.9429
0 15.99 34.49 1.7471
0 14.45 35.03 2.0992
0 14.1 33.98 2.0858
0 14.95 34.42 1.7298
0 15 35.91 1.7901
0 16.96 36.21 2.4942
0 15.81 35.31 2.9861
0 17.2 35.38 1.9798
0 16.56 33.58 1.315
0 15.98 34.44 1.7506
0 16.16 34.99 2.0662
0 14.35 32.54 2.9579
0 13.98 32 2.4446
0 15.78 33.04 2.96
0 15.25 32.08 2.4397
0 14.42 33.08 1.8988
0 14.3 34.08 2.0053
0 15.74 34.37 2.2156
0 15.04 33.79 2.6176
0 14.88 32.74 2.0297
0 16.88 34.58 1.3554
0 16.96 34.86 2.1416
0 15.25 34.09 1.6618
0 14.49 34.05 1.6066
0 14.87 34.34 1.9246
0 15.49 34.62 2.0182
0 14.98 33.31 2.7236
0 13.47 32.37 1.9097
0 13.32 31.76 1.3643
0 14.04 31.89 1.2336
0 15.29 34.35 1.0855
0 17.49 35.81 1.886
0 16.34 35.02 1.1736
0 17.28 35.94 0.706
0 17.86 35.96 1.0506
0 16.7 36.21 1.3213
0 15.98 35.5 1.9109
0 14.58 33.99 1.7234
0 13.91 32.67 1.6766
0 14.96 32.95 0.7791
0 16.25 35.02 0.4999
0 16.38 35.05 0.8532
0 16.23 34.5 1.0156
0 14.09 32.94 1.8124
0 14.65 35.31 1.0307
0 16.13 35.98 1.2004
0.8 16.13 35.7 1.2468
0.475 16.12 35.84 1.4969
0 18.76 36.09 0.7013
0.15 17.09 31.54 1.6002
0 15.38 30.32 1.6768
0 15.56 32.81 0.8829
0 16.93 33.24 1.6028
0 15.14 32.1 2.3436
0 13.53 29.59 1.6986
0 11.68 28.89 1.8389
0 13.78 30.98 0.7677
0 15.54 33.63 0.5087
0 16.84 35.75 1.1471
0 16.7 36.47 0.8671
0 16.69 36.61 0.6627
0 17.77 37.16 0.6971
0 16.22 36.43 1.5126
0.025 13.82 27.64 2.0687
0 12.58 25.86 2.1764
0 13.08 29.42 1.2002
0 15.34 33.64 0.6605
0 16.17 34.73 0.9084
0 15.06 30.78 1.1006
0 12.79 28.41 2.0783
0 12.62 26.79 1.6478
0.575 11.65 24.43 1.7814
13.7 11.8 22.42 2.0144
20.8 11.14 22.47 3.3264
4.7 9.32 17.57 0.7765
0.7 7.16 18.76 0.9709
0 8.13 22.15 1.0413
1.025 9.12 24.62 1.2302
1.225 12.1 23.85 1.4132
0.3 15.61 24.22 1.5603
0 12.97 26.1 1.1185
0 12.92 28.73 0.9452
0 13.92 29.99 0.6633
0 14.61 29.65 0.9193
0 14.35 28.01 0.9815
0 13.64 28.84 1.4317
0 13.37 29.07 1.1296
0 12.71 26.52 1.2565
0 12.22 25.74 0.9567
0 12.03 26.86 1.122
0 12.47 27.88 2.0255
0 12.45 29.12 1.3218
0 12.4 28.95 1.4184
0 10.79 25.03 1.3796
0 6.68 23.7 2.4604
0 7.37 22.27 2.7902
0 8.46 23.69 1.6151
0 8.63 24.23 1.0618
0 9.19 24.91 1.9716
0 9.62 26.49 0.7676
0 9.54 26.22 3.3281
0.15 8.12 23.55 3.9298
1.9 6.34 23.4 2.8592
2.275 6.11 17.77 1.6141
3.575 3.21 13.72 0.3795
1.95 4.78 14.12 1.2317
0.125 3.94 14.16 0.7447
0 2.84 15.45 1.867
0 3.34 17.39 2.9196
0.25 3.45 20.05 3.2479
3.375 6.36 19.17 4.0063
0.7 9.31 18.16 0.8038
0 8.15 18.43 0.4487
0 8.84 18.47 1.142
0 6.57 18.55 0.8935
0 6.06 19.85 0.9483
0.15 6.25 20.52 0.8596
0.275 6.62 19.83 2.7344
2.575 4.14 14.26 1.938
3.175 3.83 13.61 4.0341
0.025 3.98 14.49 1.9047
0 3.76 15.62 2.7779
0.025 4.03 15.66 4.0652
0.5 6.14 15.7 1.8161
0.05 5.32 15.4 0.5806
0 4.55 17.5 2.6
0 4.34 16.07 2.2221
0.05 4.21 19.59 0.9868
0.05 4.61 15.11 1.4717
0 4.99 17.37 4.0119
0 3.86 18.9 7.2923
0 3.83 16.92 3.268
0 2.66 16.65 3.9919
0 0.66 15.31 2.4456
0 -0.07 14.78 3.4039
0 -0.17 14.42 2.8539
0 -0.24 14.85 2.8542
0 0.01 15.4 2.6704
0 -0.21 15.35 3.8617
0 0.04 16.31 2.8049
0 1.23 15.21 0.4591
0 3.3 13.21 1.3468
0 1.54 13.59 1.286
0.2 0.05 14.19 0.9217
2 1.91 12.15 0.7982
0.3 0.89 11.93 4.6764
0 0.54 13.14 4.0725
0 0.49 12.86 2.1993
0 1.24 14.75 3.7793
0 -0.03 12.59 3.7977
0 -1.01 12.83 3.0493
0 -2.07 14.29 4.4419
0 -1.62 13.29 3.7874
0 -1.84 13.31 4.5648
0 -1.55 14.95 3.2731
0 -1.09 15.76 1.1277
0 0.21 14.54 1.1286
0 2.09 16.02 1.1987
0 3.99 15.49 0.794
0 5.12 16.59 1.035
0 3.05 14.24 2.2563
