0.525 2.27 12.02 1.6093
4.725 2.12 8.02 1.0544
2.4 0.69 10.83 1.7688
0.475 -2.12 8.97 3.6747
1.4 -0.9 9.7 1.82
0.6 3.95 7.13 0.3607
0.05 1.43 8.66 1.5112
0.025 1.99 10.93 0.9333
0 2.91 12.62 4.146
0 0.4 12.84 3.5365
0 0.38 17.11 2.5169
0 1.37 16.55 5.3725
0 2.42 18.31 4.0955
0 -0.39 20.87 3.7294
0 -0.56 20.83 3.9559
0 0.29 21.03 4.9391
0 2.08 20.38 4.1761
0 2.09 20.44 4.6487
0 2.18 20.99 4.8253
0.025 2.37 20.61 3.405
6.125 4.22 19.48 2.7046
15.75 8.48 17.95 2.1284
23.25 10.37 12.88 1.6928
20.925 9.21 14.46 2.1318
5.325 4.89 13.25 3.3188
1.65 0.58 8.36 1.0266
0.15 -1.49 10.11 1.2343
0 -1.44 11.01 1.5951
0 0.84 14.02 4.0608
0 0.58 16.6 4.394
0 2.46 19.55 2.9346
0 2.41 18.37 2.9202
0 2.46 17.23 4.0449
0 1.09 20.83 3.809
0 3.28 22.03 2.9892
3.675 5.35 20.44 2.7803
6.6 7.51 13.1 3.1884
2.525 4.77 14.14 2.6732
12.8 4.26 14.5 1.3246
7.75 2.33 12.35 3.3415
3.15 -3.12 9.37 0.3537
7.025 -1.79 10.57 2.4835
4.425 1.46 10.96 1.3787
13.225 1.93 10.61 3.0129
7.15 2.36 8.25 3.6006
2.125 4.6 11.08 6.2719
13.75 5.59 11.1 5.5418
10.25 5.04 10.09 4.52
1.7 1.72 9.26 1.5376
0 0.36 14.39 3.5304
0 1.43 17.66 2.7463
4.8 2 17.66 3.7527
10 3.51 15.81 4.0527
6.825 9.91 13.59 2.9101
1.9 6.5 14.8 1.4381
0.725 7.47 17.87 1.4924
0.425 6.25 15.59 2.1844
0.075 2.88 16.72 0.3959
0 3.4 16.49 3.5573
6.85 7.01 18.12 2.873
15.575 10.38 15.64 4.0257
32.325 7.92 15.94 4.9174
14.675 4.41 12.58 2.6643
0.175 0.32 12.3 1.0366
0.075 1.78 13.06 1.8695
0 -0.12 12.22 0.33
0 -0.27 15.08 1.4071
0 1.89 15.21 2.6942
0 -1.48 11.83 0.5265
0 -0.99 14.3 0.4761
0 1.45 16.82 1.8415
0 2.18 18.35 1.9743
0 2.65 18.85 1.3425
0 3.64 16.95 2.116
0 5.93 18.5 2.4264
0 6.31 19.84 1.165
0 6.63 20.94 1.4144
0 7.38 22.73 1.2227
0.05 6.97 23.73 0.9408
9.15 7.16 22.46 1.647
6.875 4.65 16.73 3.9653
0.875 -0.26 11.2 2.3841
0 0.25 14.18 1.9114
0 2.46 18.26 0.8961
0 4.22 20.91 2.0984
0 7.32 22.8 1.944
0 7.5 23.21 1.4486
0 7.6 23.45 3.4594
0 3.2 17.97 2.005
0 2.67 18.45 0.5327
0 5.99 21.19 2.9118
0 6.16 23.17 2.6023
0 4.58 19.19 5.1888
0 1.58 16.7 1.9363
0 1.8 19.17 2.5342
0 4.35 23.87 1.9529
7.75 5.81 24.93 1.2298
6.525 6.43 19.59 2.6946
5.05 5.62 13.99 1.6948
2.675 7.17 14.46 2.3848
0.225 3.78 15.55 3.7846
0 4.74 18.31 1.7717
0 6.44 21.09 2.4119
0 7.32 19.84 4.9897
0 0.72 13.37 5.7207
0 0.68 15.16 3.0003
0 3.48 20.36 1.5179
0 6.38 24.84 2.4825
0 7.55 27.77 2.4788
0 11.73 31.47 1.5125
0 12.69 32.43 1.2837
0 12.32 33.43 1.7978
0 10.71 31.32 2.309
0.2 9.54 24.34 3.2231
0.1 2.4 17.38 3.4266
0 3.68 20.06 2.1742
0 5.5 20.47 2.3139
0 3.3 19.01 3.013
0 3.2 17.42 1.8627
0.35 4.45 20.47 2.0196
28.45 7.46 22.91 1.7186
16.8 11.79 20.12 2.3549
2.15 11.1 18.79 3.3785
1.525 10.5 20.8 1.7517
0.375 13.12 23.11 3.3592
0 11.45 25.35 1.8888
0 11.13 26.49 3.1134
0 10.72 26.18 2.0273
0 10.97 27.63 1.8332
0 10.73 28.88 1.4669
0 11.27 29.75 3.1384
0 8.69 27.82 3.3737
0 10.16 25.97 2.9657
0 10.9 28.12 3.3086
0 11.63 28.26 2.2297
0 13.8 31.64 1.365
0 16.46 36.28 0.2644
0.2 16.96 38.06 2.1713
0.125 16.24 36.24 2.3741
0 12.1 30.49 1.5928
0 11.65 30.28 1.1618
0 12.03 31.32 2.4822
0 12.3 30.85 3.0129
0 10.63 28.85 2.8068
0 9.88 28 2.2564
0 13.12 30.7 1.6999
0 14.76 32.49 1.1178
0 15.97 35.26 2.2213
0 16.06 34.3 2.4959
0.025 15.73 33.75 3.0034
0.025 14.39 29.77 2.3332
0 13.76 29.83 2.3005
0 13.49 27.78 2.3573
0.45 13.85 26.92 0.5021
3.55 11.4 26.82 2.1705
3.125 10.59 24 3.0847
2.05 8.98 20.7 1.9772
0.775 10.1 22.72 2.6447
0 11.14 26.33 2.6302
0 10.74 27.11 3.4077
0 11.81 25.65 3.0222
0 10.58 24.72 3.436
0.625 11.42 25.82 2.5575
0.375 13.25 25.16 3.4349
0 11.03 25.47 2.3762
0 10.97 26.19 2.4947
0 11.7 26.26 2.7457
0 13.11 27.94 3.1787
0 13.66 30.8 2.1371
0 15.88 33.59 2.8626
0 11.28 32.62 3.2718
0 9.69 27.69 3.3684
0 11.35 27.09 1.4897
0 12.78 30.87 0.6865
0 15.16 34.67 1.6011
0 15.45 35.83 2.6492
0 14.24 33.35 1.8932
0 16.01 35.07 0.9851
0 18.12 39.32 0.8574
0.1 18.68 40.53 2.8169
0.05 17.68 40.08 2.7677
0 17.29 36.58 2.2589
0 17.41 36.96 1.8409
0 15.83 36.83 2.7254
0 15.45 36.28 2.449
0 14.89 33.84 2.6403
0 13.42 32.56 2.4452
0 11.95 31.98 2.6354
0 11.76 31.49 2.636
0 12.59 31.14 2.6715
0 12.77 31.68 2.0002
0 14.52 32.63 1.7557
0 16.91 33.28 2.1925
0 15.46 33.54 1.5743
0 16.29 36.1 0.6247
0 17.47 37.66 1.5797
0 18.22 39.08 1.7636
0 18.61 39.17 1.7102
0 19.8 40.28 1.9989
0 20.09 40.64 1.4765
0 20.08 41.06 2.4205
0 17.87 38.47 2.534
0 16.68 36.89 2.4473
0 17.29 36.45 2.106
0 16.15 35.63 2.0742
0 15.13 35.35 2.1484
0 15.88 36.08 1.938
0 18.32 38.37 1.9998
0 19.36 38.54 2.3684
0 18.5 36.99 2.9741
0 18.07 35.26 2.742
0 17.34 35.26 2.8907
0 17.59 34.97 2.6402
0 16.75 34.68 2.8101
0 14.81 32.82 2.3312
0 15.38 32.17 1.8555
0 16.01 32.91 2.1433
0 13.65 31.26 2.8015
0 11.04 25.43 1.9193
0 12.29 28.37 1.6192
0 14.52 32.65 0.7653
0 16.55 35.09 1.3223
0 17.84 37.06 2.9347
0 16.29 37.41 2.7721
0 16.18 36.03 3.1051
0 15.06 33.74 3.1869
0 12.03 31.7 1.6129
0 12.97 32.6 0.6208
0 15.08 34.44 0.9356
0 15.92 35.67 0.857
0 16.5 36.99 1.3441
0 16.6 36.03 2.3175
0 17.04 35.81 2.13
0.75 17.96 37.74 2.256
0.8 16.6 35.07 2.6597
0.175 14.57 31.81 1.5491
0 13.87 32.6 1.462
0 13.88 34 0.3627
0 14.18 35.47 1.5954
0 14.75 36.71 1.55
0 16.11 36.98 1.4452
0 16.84 38.49 2.5063
0 17.1 36.59 1.4821
0 16.74 34.83 0.6012
0 16.93 36.11 0.5306
0 18.13 37.47 1.6831
0 17.29 37.03 2.4171
0 13 34.12 2.0432
0 13.58 30.89 2.0665
0 12.31 29.02 1.8461
0 12.4 30.62 0.5794
0 13.35 31.96 1.0154
0 15.19 34.53 0.4707
0 15.85 36.47 1.0591
0.175 17.24 36.73 1.9943
0.675 14.46 33.03 2.0101
1.5 14.07 27.18 2.5578
0.6 12.25 25.07 1.6901
0 12.94 29.56 1.722
0 15 32.07 0.697
0 15.47 33.9 0.9335
0 16.73 36.67 1.918
0 14.52 34.19 1.0142
0 15.67 34.09 1.906
0 16.01 35.78 2.0893
0 15.65 36.41 1.2499
0 15.28 36.21 0.6713
0 14.82 35.74 0.8038
0 15.67 36.87 1.1487
0 15.74 37.8 0.4214
0 16.09 37.37 1.8765
0 14.84 32.26 2.4908
0 6.22 21.01 2.4294
0 6.62 23.6 2.3504
0 7.81 27.14 0.7837
0.3 9.55 27.43 3.2034
0.225 6.44 22.61 3.3855
0.025 3.35 17.17 0.3432
0 3.57 20.9 2.455
0 6.01 24.11 1.2425
0 6.64 24.44 1.3826
0 7.32 25.41 0.6633
0 8.05 25.67 0.4227
0 7.2 25.59 1.7329
4.925 8.6 23.38 1.9097
41.975 9.47 18.72 6.8198
23.45 12.28 18.43 4.179
0.55 14.84 23.23 1.0564
0 13.69 26.76 2.2762
0 12.65 26.04 1.113
0 15.05 27.49 1.6204
0.65 10.1 24.02 2.0291
0.375 7.21 17.93 1.7106
0 6.86 19.71 1.0811
0 8.29 22.88 0.7122
0 9.58 24.17 1.2218
0 10.89 25.75 1.3617
0 10.23 24.79 1.597
0 9.78 24.75 1.1715
0 10 24.58 4.5474
0 5.82 18.12 4.8532
0 2.09 16.95 0.7435
0 2.83 17.74 0.153
0 5.01 21.88 0.8477
0 6.54 23.66 0.9465
0 8.19 24.5 1.2429
0 8.45 25.98 1.1276
0 8.09 27.24 1.7276
0 7.97 25.82 2.3285
0 5.39 21.21 0.5
0 7.23 20.47 1.79
0 4.45 18.69 1.9196
0 4.14 18.91 1.0585
0 4.81 19.43 0.7795
2.875 6.84 18.72 0.4143
3.05 7.19 17.19 2.0666
0.7 1.6 14.5 1.4281
0 1.89 15.21 1.1798
0 1.55 16.23 2.6723
0 2.05 17.58 1.9788
1.125 3.27 20.46 1.2648
0.55 4.26 19.91 2.0727
0.325 1.66 15.36 2.1946
8.725 2.01 17.41 3.3874
4.425 2.83 16.47 1.2291
0 2.02 14.3 0.4466
0 2.93 16.45 1.987
0 2.34 15.24 3.5426
0 2.74 18.63 3.7688
0.45 3.26 20.89 2.4447
1.675 4.64 20.38 1.0648
0.725 5.04 14.91 5.0259
0 1.77 16.28 4.7461
0 1.61 14.68 3.8785
0 1.97 18.17 1.5363
0 1.47 17.06 1.9321
0 0.25 16.81 1.9002
0 1.21 15.67 1.9993
0 1.27 15.78 1.1802
7.8 -1.95 11.84 1.9986
9.925 -0.85 7.91 0.7667
2.95 -5.57 5.31 0.5525
0 -5.07 6.5 1.9624
6.125 -3.65 8.24 3.2986
19.95 2.66 11.02 3.0543
29.125 7.17 12.59 3.8415
18.35 6.42 12.18 3.9787
3.775 5.66 10.36 0.6154
0 2.58 12.66 3.299
0 4.47 14.64 2.7222
0 4.51 14.4 2.2579
0 3.44 13.48 2.7427
0 3.55 10.27 4.11
0.65 3.62 14.53 2.8782
9.025 4.77 16.16 1.7151
4.875 2.49 12.49 3.6869
0.05 -1.1 9.79 2.2728
0 -0.85 10.78 3.9231
0 -0.34 13.98 3.9933
3.9 0.82 14.88 4.1266
2.975 1.93 11.91 2.072
1.425 2.95 12.15 2.9612
3.55 2.97 11.08 0.7659
1.775 6.13 12.2 1.4406
0 4.61 11.58 2.6345
0 3.81 13.68 2.1373
0.05 3.75 14.02 1.2291
0.025 3.67 14.14 3.9495
0 2.45 15.58 2.9458
0 2.53 16.39 2.8808
0 2.97 13.12 3.1311
0 2.27 12.96 2.56
0.575 3.83 13.08 2.9543
0.775 5 13.87 2.4345
0.25 4.52 5.56 2.4082
0.625 4.7 7.16 3.2354
12.2 5.99 15.65 4.5898
6.85 7.87 16.52 2.0212
0.125 1.58 14.37 1.2051
0.05 2.71 15.04 3.2713
0.675 3.58 16.13 2.4438
11.5 3.86 15.96 2.7116
19.5 7.24 14 4.9127
19.15 8.31 11.33 5.5922
22.4 4.84 10.74 6.5454
21.3 3.17 9.25 3.927
14.825 2.3 8.7 3.6532
4.65 1.27 7.29 0.9602
1.025 -0.03 10.79 2.4617
2.075 1.83 9.85 4.2417
0.825 6.35 11.06 3.0501
0 3.26 13.39 1.2261
0 2.39 13.92 2.6399
1.075 3.63 14.42 3.2164
1.15 4.61 15.96 1.2314
0.275 0.32 14.21 1.2879
0 0.63 14.49 1.7466
0.05 2.81 14.78 2.0984
0.025 3.35 15.52 0.6282
8 4.44 15.43 2.9653
9.45 6.91 14.91 3.4586
11.25 8.25 13.35 1.6728
4.425 6.13 9.91 2.5757
2.375 6.16 10.38 1.2375
3.175 6.04 11.34 1.8003
0.975 1.58 11.59 0.7088
0 2.7 13 1.1482
0 4.72 14.24 1.3002
0 3.65 17.56 1.4938
0 3.79 18.24 1.5566
0 4.06 18.46 1.2127
0 5.24 18.18 1.7232
0 5.88 19.53 2.3831
0 5.13 20.75 0.97
0.225 5.93 18.35 1.1163
2.475 6.75 14.88 2.2331
9.45 6.05 12.31 2.9217
4.675 1.42 9.74 2.0047
21.6 1.46 13.28 3.7778
16.075 5.18 11.76 2.6688
2.15 3.13 12.75 0.8483
22.825 4.12 16.11 4.4774
13.6 7.1 16.11 1.2681
0.55 3.45 13.3 0.4133
0.225 4.02 16.12 2.1451
6.125 6.24 17.69 2.6844
19.45 5.87 11 3.2398
9.25 2.84 10.3 2.7766
0.05 0.26 11.38 1.2648
0 2.91 13.76 2.387
0.25 3.59 17.25 1.1334
0.975 5.58 14.87 2.6357
2 -0.6 10.31 3.7648
0.825 0.57 11.93 2.2537
0 -0.08 11.57 0.2909
14.05 1.83 14.64 2.0378
8 1.49 14.36 2.5011
0 0.5 14.34 2.3992
0 1.83 16.53 3.5384
0 4.62 21.95 1.3029
0 6.46 24.23 0.924
0 6.44 23.7 2.8012
0 3.13 23.97 2.1063
0 5.27 24.99 1.7745
0 6.32 23.61 0.3765
0 6.31 21.64 1.7286
0 4.77 20.66 1.8289
0.3 4.52 20.98 1.7474
1.1 5.29 21.06 2.1897
0.5 2.66 15.79 2.3628
0 3.06 18.86 2.4769
0 4.14 21.05 1.0158
1.725 5.33 23.22 2.3454
8.6 5.59 21.15 5.0811
4.65 3.5 12.82 2.7308
0.85 1.16 12.91 0.8915
5.675 1.04 13.42 2.0344
2.925 3.28 12.34 1.8486
17.575 2.33 12.26 2.7865
9.8 3.11 12.25 2.8809
0 2.88 14.08 0.8815
0 2.29 17 2.0453
0 4.87 20.65 0.8136
0 6.23 21.34 1.1575
0.725 6.7 20.62 2.0095
13.95 6.67 14.65 4.3989
16.675 6.06 13.31 4.4234
4.775 3.49 12.41 1.0857
0 3.89 16.46 0.7147
0 5.1 17.86 0.842
0 5.96 21.06 2.0819
0 6.03 21.39 1.5189
0 6.3 23.06 1.1694
4.275 8.34 24.4 1.5656
16.125 8.58 21.54 2.4318
11.3 4.4 12.66 3.291
2.25 5.24 9.73 2.0557
0.075 6.7 13.06 1.3717
0 7.96 22.42 1.0895
0 9.66 25.56 1.3106
0 9.04 26.69 0.8672
5.4 9.44 25.72 3.8193
5.6 4.38 16.47 4.6771
1.55 3.7 14.35 3.7293
0 3.2 15.1 3.4527
0 4.58 19.85 2.1031
0 6.85 23.11 1.9677
0 8.05 26.1 0.9611
0 9.57 27.24 2.2514
0 8.78 24.51 3.799
0 5.99 21.3 2.3318
0 4.06 22.04 0.7817
0 6.34 24.01 2.7741
0.75 7.07 21.73 3.6728
5.55 7.04 16.14 2.9494
2.8 2.16 14.49 3.7353
0 3.71 18.79 2.1255
0 6.82 23.46 0.999
0 8.65 25.71 0.7232
0 9.18 27.38 0.5951
0.3 10.73 28.17 1.2336
1.65 11.75 26.24 1.809
0.875 11.33 20.36 1.4836
0.025 10.62 22.3 1.5812
0.025 10.78 23.35 3.4873
0.05 6.35 21.94 4.318
0.05 3.77 17.08 3.6314
0 4.79 16.38 4.2049
0.35 6.39 19.83 2.2912
4.125 5.75 19.1 1.528
3.775 7.56 20.35 2.6602
3.775 8.91 18.7 2.2655
1.525 5.19 17.78 3.2602
0 6.66 20.01 1.9679
0 8.01 26.17 0.8048
0 12.26 28.88 2.5288
0 13.15 27.34 2.9611
0 11.96 26.49 2.5238
0 13.38 28.33 2.5467
0 15.01 29.19 2.54
0 15.69 29.97 2.0187
0 16.26 32.18 2.9584
0 14.59 31.91 3.1888
0 13.41 29.96 2.8128
0 13.3 29.5 3.6674
0 8.67 26.33 4.7081
0 9.83 23.52 5.0015
0 12.07 28.43 3.5594
0 13.05 31.43 1.0142
0 13.58 32.49 1.8235
0 13.48 33.53 2.812
0 10.52 29.97 3.0903
0 9.43 27.41 1.5917
0 10.17 29.53 2.504
0 8.89 27.46 3.0459
0 8.32 25.85 2.6724
0 10.36 27.9 1.9275
0 12.48 29.67 1.2968
0 14.25 32.49 2.0635
0.65 14.69 32.7 2.1783
0.325 14.18 30.36 2.805
0 14.83 30.64 2.6027
0 16.7 33.78 1.2627
0 19.3 37.39 1.7714
0 18.03 38.73 2.9657
0 15.44 34.74 2.9508
0 11.86 32.44 2.7493
0 12.41 31.14 2.9323
0 13.41 30.86 2.366
0 13.22 32.39 0.9963
0 14.54 34.71 2.0283
0 15.27 34.95 2.6361
0 14.99 32.46 2.5029
0 15.72 33.81 2.5983
0 16.47 34.74 2.3345
0 16.38 36.39 1.8353
0 17.29 36.96 2.1547
0 18.05 35.6 3.1016
0 16.87 34.23 3.0934
0 16.82 33.35 1.9089
0 18.46 35.81 1.671
0 19.44 38.68 2.6853
0 19.86 39.35 2.7064
0 18.68 38.73 2.5705
0 17.04 38.48 2.1841
0 16.49 37.16 2.0658
0 15.93 35.4 2.2551
0 14.56 34.01 1.0495
0 15.3 34.76 2.2984
0 17.31 35.96 2.2188
0 18.24 37.34 2.6904
0 17.14 35.61 2.702
0 15.74 32.04 1.8944
0 13.81 31.01 2.2651
0 14.65 32.77 2.1168
0 15 34.02 2.2855
0 14.44 33.9 2.2609
0 13.77 33.61 1.9969
0 14.4 33.95 2.3119
0 13.75 34.61 1.4151
0 14.57 34.82 1.9418
0 14.63 34.66 1.9964
0 13.78 33.47 2.0005
0 14.07 33.47 2.4642
0 14.8 32.72 2.7335
0 14.87 31.41 1.864
0 14.8 31.89 1.7634
0 13.87 31.63 2.1105
0 12.59 29.83 1.1966
0 13.98 31.61 1.6199
0 15.24 32.81 2.5087
0 15.27 33.01 2.8412
0 15.45 34.01 1.278
0 15.72 35.51 1.4741
0 15.01 35.44 1.5757
0 13.16 33.77 1.9497
0 14.27 34.47 2.2504
0 14.36 34.96 1.7042
0 11.97 32.81 1.7929
0 12.42 31.41 2.2216
0 14.26 35.68 1.7961
0 17.5 40.18 0.5131
0 19.27 40.17 2.0275
0 16.24 36.85 2.3289
0 11.97 32.61 2.6377
0 9.81 25.17 2.3323
0 10.05 24.78 2.5217
0 10.52 27.21 1.4872
0 11.87 30.28 0.7788
0 14.74 34.63 0.2848
0 15.27 37.23 1.2668
0 15.18 36.7 1.1108
0 16.43 35.39 2.1146
0 14.15 33.82 1.1857
0 14.07 33.57 2.078
0.025 12.07 30.91 2.6892
0 8.47 21.03 2.0106
0 8.92 25 0.6858
0 9.95 28.71 0.5662
0 12.39 32.58 0.9762
0 12.86 31.81 1.54
0 11.67 30.48 1.3955
0 11.19 30.3 1.1641
0 11.66 30.95 1.8169
0 12.21 30.79 1.5534
0 13.12 30.48 1.4227
0 12.65 28.96 1.2703
0 11.69 27.76 1.3942
0 11.25 27.91 1.1853
0 9.63 26.16 2.6661
0 9.05 24.19 1.2937
0 9.68 28.6 0.6631
0 12.1 32.54 0.9988
0 16.35 35.19 0.7261
0 14.13 36.52 1.1602
0 15.79 37.7 0.723
0 16.52 38.89 0.5675
0 16.21 37.44 0.4025
0 16.2 34.85 0.492
3.2 17.27 34.14 1.0802
14.05 17.09 34.15 1.4236
8.675 13.07 25.69 1.6013
1.5 13.05 18.81 1.003
0.725 9.27 19.59 0.7611
3.175 9.8 21.15 1.8629
0.1 8.74 21.2 0.8499
0 9.8 24.63 1.98
0 10.37 26.69 1.6741
0 13.01 29.15 1.5831
0 13.96 29.55 2.0675
0 13.41 31.84 1.3862
0 13.61 33.08 0.5786
0 12.94 33.27 0.4161
0 13.86 31.92 0.9685
2.775 14.64 28.64 0.9135
1.475 9.75 21.69 1.1058
0 9.97 21.13 1.5634
0 9.68 25.19 0.8035
0 11.09 25.2 1.8477
2.3 9.84 22.15 1.575
18.925 11.58 21.49 1.632
46.225 12.57 17.53 4.5661
20.075 8.38 16.82 3.3683
0.05 5.61 18.13 1.7633
0 3.36 18.97 2.7484
0 3.36 20.29 3.3724
3.075 9.13 23.12 2.2309
4.65 10.02 23.68 1.8194
1.025 6.5 15.6 1.0053
0 6.81 21.28 1.886
0 7.29 22.78 2.939
0 9.27 25.06 2.6418
0 10.39 28.22 1.7496
0 10.83 28.58 1.1057
0.075 10.62 28 2.0326
12.675 8.99 22.03 2.9946
7.35 4.82 13.76 2.5879
1.775 1.88 14.74 0.5515
1.1 4.14 15.5 1.6654
0.025 2.8 14.65 2.4489
0 2.93 16.66 1.4366
0 3.99 17.42 3.0149
0 5.02 18.74 1.7293
0 6.41 20.6 2.6056
0 6.37 21.23 1.1883
0 6.09 21 1.8993
0 5.18 21.67 1.6811
15.825 5.84 20.18 2.3382
22.7 3.51 11.89 2.9688
17.25 2.39 10.38 4.8439
8.675 3.03 8.88 2.7838
11.95 4.39 10.5 3.7444
5.95 -1.23 6.8 1.2539
0 -2.69 8.75 3.0762
0 -1.74 9.49 3.2986
9.05 0.8 12.88 2.5087
5.675 1.03 9.95 2.4755
0 -3.27 10.26 2.3598
0 -2.04 9.85 3.0627
0 0.29 11.74 2.2959
0 1.73 14.45 2.6647
0.05 5.15 12.69 1.371
1 7.05 15.25 2.3757
10.05 7.3 15.24 2.5947
5.875 7.16 17.6 3.4481
0.025 3.65 16.59 2.2181
1.375 5.06 16.87 2.0586
1.825 7.13 14.72 1.0757
0.4 8.4 15.81 1.3214
0.025 7.94 17.07 0.4264
0 7.32 17.05 2.3846
0 6.67 16.74 1.3704
13.15 6.65 13.54 1.6372
7.275 4.37 12.82 1.5109
1.6 1.6 11.42 2.2986
24.075 2.21 11.13 3.6366
29.575 6.89 12.16 5.2443
19.275 9.14 13.35 5.8534
8.875 5.87 13.16 2.2891
6.15 3.86 7.71 2.7094
7.8 5.44 11.83 2.2038
3.375 6.41 11.68 0.3984
0 3.51 13.28 3.0066
13.075 4.19 14.98 5.428
6.9 3.35 14.89 1.9094
0.075 2.58 12.28 0.8426
28.275 2.4 12.82 2.2055
20.625 5.53 10.23 4.2692
1.65 -2.11 8.61 2.3737
0.5 -4.2 7.4 1.4983
14.05 -2.66 8.23 4.4048
17.825 0.15 8.39 4.9834
3.6 2.95 8.31 2.4908
0.075 -0.45 8.69 3.2283
0 -0.24 11.19 3.8458
0.025 0.73 10.85 5.0962
0.025 0.85 9.92 3.3801
0 0.63 10.87 1.7426
0 0 6.74 1.4896
0.125 -2.26 6.52 3.0219
2.35 -0.27 8.06 3.4514
1.1 3.72 13.69 2.1969
0.5 2.86 14.42 1.6303
0.325 5.07 12.65 1.2988
0 2.72 14.04 2.6706
0 5.26 13.92 1.0409
0 6.28 13.81 0.8681
0 6.34 13.61 2.5173
0 3.06 12.27 1.5656
0 1.96 14.68 4.137
0 2.94 17.89 3.7118
0 3.44 17.21 2.6859
0 3.19 18.3 4.003
0 2.36 18.07 1.8399
0.075 3.46 15.83 2.1716
0 4.08 15.99 4.9311
0 4.07 18.96 3.4486
0.1 3.26 16.06 1.7693
5.175 2.5 15.16 0.4894
6.325 3.12 15.39 1.8316
1.8 1.9 11.02 1.32
0 1.14 11.77 1.6311
0 0.01 13.67 3.0107
0 -0.19 13.51 2.0308
0 0.97 14.63 2.5275
0 2.92 16.78 1.7533
0 2.45 18.27 1.9817
0 4.82 20.05 0.7364
0 2.89 20.86 2.2624
0 -0.23 14.33 3.4271
0 -0.12 14.98 3.7538
0 1.06 16.4 3.9443
0 1.58 19.23 2.9058
0 1.68 21.54 1.1123
0.175 3.51 20.3 3.6824
10.7 7.34 15.86 4.3568
12.075 6.22 16.2 5.6262
25.1 2.91 8.98 4.6042
34.3 2.4 7.21 2.867
13.375 1.3 9.49 3.2222
1.175 -0.44 9.94 0.7922
0 -0.17 10.77 1.0732
0 -1 10.95 0.4864
0 -0.51 13.77 0.6228
5.15 0.23 12.31 2.1292
11.975 2.78 9.87 5.3479
4.95 -2.8 8.17 1.0187
0.05 -3.54 7.84 0.3755
0 -2.91 11.63 2.182
3.55 -1.92 14.6 1.7782
10.65 1.66 15.19 3.7953
4.35 7.18 16.54 1.2227
0.05 1.69 16.53 1.4404
3.875 3.27 16.43 0.6847
21.275 5.23 18.93 1.7244
9.525 6.33 12.72 4.3382
0.625 3.49 14.05 0.4306
0 3.94 17.55 1.4376
0 6.13 19.73 0.7048
0 4.86 17.95 1.3996
0 4.38 16.64 0.6409
5.05 5.64 17.67 1.1105
2.825 8.76 17.8 1.1052
12.55 8.66 20.22 1.241
9.6 9.42 20.37 2.2124
1.1 3.09 15.49 1.0055
17.15 1.86 15.36 3.4369
32.425 2.58 12.73 4.7592
57.95 4.48 9.55 5.4211
28.425 2.76 8.16 2.3494
5.525 1.85 11.38 1.3716
12.15 2.89 13.64 5.0887
25.725 5.1 9.77 5.4154
17.3 2.25 8.51 3.7007
13.675 3.96 12.23 3.0351
5.625 4.88 10.54 1.3481
0.1 6.06 14.34 0.7765
0 4.52 17.85 1.615
0 6.14 20.07 2.2057
0 8.36 22.21 2.3935
0 8.84 26.15 1.7273
0 10.41 28.24 1.0848
0 6.15 20.43 1.5195
0 5.03 21.49 1.7581
0 6.93 23.84 1.5153
0.825 7.15 23.53 1.9645
6.525 4.85 20.51 3.446
3.5 0.82 10.4 1.524
0.05 -0.14 11.64 1.4183
0 0.51 15.66 0.5716
0 3.03 17.12 1.7654
0 4.09 18.43 1.7421
0.2 3.73 18.19 2.6502
0.1 1.93 13.96 0.6746
0 2.87 18.79 0.7953
0 6.37 22.56 1.7327
0 7.4 24.2 2.3514
0.075 10.13 23.65 2.5435
0.05 11.38 21.36 1.6093
0.275 10.83 21.32 1.9695
0.95 10.95 20.29 2.1012
1.1 6.3 19.35 0.9955
0.625 5.82 19.14 1.1234
0.275 7.49 19.24 2.0346
0.15 7.19 19.06 2.1425
0 4.7 19.76 2.8207
0 4.67 20.65 1.0817
0 6.08 22.45 2.4041
0 6.71 21.4 4.7178
0 3.9 19.56 3.5515
0 4.22 23.13 1.7731
0 6.2 25.5 0.4745
0 8.1 26.94 1.0344
0 9.72 27.54 2.9196
0 10.85 30.4 0.795
0 10.36 29.46 1.5831
0 8.7 27.01 2.0485
0 9.21 24.56 2.8814
0.775 4.93 16.49 3.193
0.4 4 17.65 2.6609
0 5.83 23.64 1.8711
0 8.76 25.75 1.3186
0 8.77 26.42 0.8273
9.7 9.06 25.76 2.7492
6.725 5.4 18.24 2.5071
2.225 3.76 13.6 1.3409
11.7 5.69 15.52 3.4558
7 7.43 13.58 2.235
0.3 5.25 18.15 3.077
0 6.45 23.34 1.8505
0 9.26 25.92 2.2575
0 8.55 25.29 3.2641
0 7.25 22.34 4.6155
0 6.77 21.46 2.5878
0.7 8.43 23.24 2.6043
0.35 6.43 21.14 2.3511
0 7.36 21.21 3.1437
1.625 6.81 22.06 4.1293
1 6.44 17.91 4.775
0.025 5.72 18.75 2.7265
0.15 6.96 21.82 2.3834
0.2 10.44 21.56 2.7063
0.125 5.54 17.92 1.6454
0.35 6.03 20.08 0.5292
7.275 6.79 20.02 3.3114
10.625 12.32 18.59 1.0139
5.4 10.06 21.45 3.1605
0.05 8.24 20.13 2.1972
0 9.31 24.28 3.0988
0 11.42 27.86 1.8032
0 11.81 28.91 2.7472
0 11.26 26.62 3.2089
0 10.52 26.51 2.7519
0 11.33 28.14 2.749
0 13.99 30.8 2.2002
0 15.43 33.06 2.0699
0 14.8 32.48 2.733
0 12.39 29.73 1.7443
0 13.03 30.38 2.804
0 13.48 31.22 2.1869
0 14.65 31.68 0.5719
0 16.51 34.97 0.7412
0 18.64 37.6 2.4812
0 15.74 36.5 2.5376
0 13.16 33.1 2.5609
0 12.5 31.61 2.7097
0 13.04 31.02 2.5017
0 13.88 32.59 2.5125
9.95 14.98 32.73 2.1949
6.3 12.31 25.82 2.2897
0.075 10.76 23.66 2.3808
0 12.78 28.49 1.4681
0 14.95 32.48 1.0252
0 16.14 36.3 0.7365
0 17.5 37.37 1.5227
0 18.17 37.27 1.8058
0 18.81 37.28 2.5351
0 19.38 37.49 2.6888
0 18.18 35.96 2.1131
0 17.13 35.95 2.5095
0 14.79 34.97 2.2251
0 13.56 33.55 2.3022
0 13.21 31.14 2.4176
0 13.4 30.6 3.0866
0 12.83 28.03 2.7448
0 12.72 27.35 3.3278
0 12.41 27.38 3.0637
0 12.27 27.9 1.9459
0 13.56 29.68 1.1269
0 14.46 31.01 1.9094
0 14.63 31.08 1.5927
0 15.22 33.66 2.3149
0 15.49 34.16 2.7534
0 16.15 33.83 1.9162
0 16.87 34.44 1.7609
0 15.7 35.11 2.0941
0 14.15 33.9 1.9772
0 14.33 33.66 1.7334
0 15.15 34.35 1.7312
0 16.12 36.4 2.4851
0 16.52 36.4 2.998
0 19.29 36.27 2.0233
0 18.29 33.8 1.3346
0 16.09 34.66 1.8017
0 15.44 35.22 2.0563
0 14.26 34.41 2.9741
0 13.49 32.16 2.4073
0 14.51 32.88 2.9847
0 16.5 32.55 2.3787
0 14.16 32.89 1.8001
0 13.88 33.74 1.9167
0 14.24 33.82 2.2355
0 14.35 34.08 2.6466
0 14.61 33.31 1.8755
0 15.52 33.74 1.2611
0 16.18 35.04 2.0356
0 13.88 34.07 1.5931
0 13.41 33.52 1.4423
0 14.46 34.11 1.7778
0 14.26 34.46 1.827
0 14.35 34.4 2.6727
0 13.15 32.82 1.8908
0 13.83 32.06 1.2911
0 13.39 31.61 1.0961
0 14.96 33.68 1.0073
0 15.52 35.39 1.9522
0 15.73 35.32 1.1629
0 16.55 35.27 0.6817
0 16.73 35.95 1.0114
0 16.85 36.58 1.3184
0 16.43 36.77 1.7668
0 14.61 35.33 1.746
0 13.28 33.39 1.6837
0 14.06 32.43 0.7925
0 14.72 33.34 0.6025
0 15.17 35.01 0.88
0 15.53 34.74 1.0033
0 16.01 34.87 1.808
0 14.19 34.53 0.8912
0 15.92 36.23 1.067
0 14.75 36.12 1.1009
0 15.74 35.16 1.4617
0 15.99 35.24 0.8325
0.575 16.76 33.77 1.6318
0.2 14.49 28.4 1.564
0.3 14.09 31.45 0.7022
0.175 15.09 32.19 1.4552
0 14.76 31.9 2.3979
0 13.31 30.74 1.7353
0 11.28 28.89 1.7479
0 11.46 28.78 0.5146
0 13.48 32.03 0.3421
0 15.06 34.9 1.0464
0 15.26 35.61 0.6471
0 16.68 36.13 0.3821
0 15.81 36.64 0.5441
0.025 17.87 37.26 1.5708
0.075 14.05 31.06 2.1564
0.05 11.55 24.18 2.0925
0 12.65 28.88 0.8075
0 15.18 33.01 0.644
0 14.54 34.07 1.0448
0 14.9 32.78 1.2217
0 12.5 29.31 2.0889
0 12.42 26.89 1.7017
0 11.56 25.87 1.817
18.2 9.92 23.07 2.1338
16.875 9.81 21.56 3.4719
4.65 7.5 16.47 0.8677
1.175 4.81 15.18 0.9228
0 5.27 19.28 1.186
0 6.36 22.73 1.1423
0.95 9.37 24.14 1.418
0.5 12.29 21.61 1.5494
0 11.76 24.87 1.0037
0 10.93 27.78 0.7419
0 12.76 29.83 0.449
0 13.28 29.44 0.8934
0 13.43 29.44 1.1614
0 12.36 28.06 1.5049
0 12.84 28.88 1.2968
0 12.36 28.91 1.0464
0 12.2 25.95 0.771
0 10.59 26.23 0.8443
0 11.36 26.88 2.0982
0 10.63 27.97 1.5508
0 10.44 28.99 1.745
0 10.06 26.46 1.3528
0 6.59 22.25 2.7886
0 5.15 20.72 3.1047
0 6.63 22.37 1.8275
0 7.03 23.51 1.018
0 7.61 24.08 2.0138
0 8.33 25.83 0.4051
0 8.32 25.72 3.211
0 6.31 22.84 4.0862
3.1 5.15 22.97 3.27
2.1 3.92 19.99 1.691
4.1 0.37 11.91 0.3779
3 1.78 12.48 1.3732
0.05 1.62 11.75 0.801
0 0.65 12.78 2.0581
0 1.55 15.87 3.0757
0 2.14 17.86 3.1839
1.975 4.95 19.85 3.8703
1.35 7.27 18.51 0.9355
0 6.58 16.98 0.3338
0 8.25 17.92 0.9563
0 5.02 17.75 0.7558
0 4.58 18.29 0.9634
0 5.05 19.32 0.7866
0.1 5.68 19.39 2.8429
4.175 2.62 13.3 2.0391
2.7 2.55 12.28 4.1087
0.175 1.2 12.14 1.819
0 1.16 13.93 2.5652
0 2.04 14.77 3.779
0.15 3.2 16.76 1.9982
0.7 3.46 14.34 0.6871
0 3.84 17.35 2.7753
0 3.87 18.14 2.3087
0.075 5.02 22.15 1.0692
0 4.7 16.35 1.5941
0 3.39 18.12 3.7756
0 2.67 17.65 7.8517
0 1.61 16.25 3.3978
0 0.25 15.96 4.1507
0 -1.11 15.06 2.6551
0 -1.66 13.31 3.4515
0 -1.57 13.84 3.0108
0 -1.17 14.31 3.2568
0 -0.6 15 3.1148
0 -0.68 14.66 4.0951
0 -0.68 16.59 3.0515
0 -0.34 16.09 0.7286
0 0.58 12.78 1.556
0 -0.06 12.51 1.4006
0 -1.34 13.37 1.0595
0.325 -0.66 12.65 0.8559
0.275 -0.62 11.11 5.0646
0 -0.16 12.82 4.3055
0 -0.72 14.49 2.537
0 0.4 15.19 4.2431
0 -1.21 12.61 4.1414
0 -1.72 13.1 3.329
0 -2.21 14.39 4.484
0 -2.7 13.33 3.934
0 -2.69 13.37 4.8037
0 -0.97 16.35 3.415
0 -1.38 16.49 1.2358
0 -1.02 15.63 1.1524
0 -0.17 15.79 1.2875
0 3.58 16.68 0.8909
0 2.91 16.24 0.9787
0 1.89 15.68 2.335
