1.425 -3.68 6.83 1.4407
8.55 -4.45 6.34 1.6054
4.6 -6.83 3.63 1.7215
0.55 -9.55 1.11 4.1412
2.35 -8.89 0.8 1.9074
1.2 -3.94 -0.9 0.4449
0 -3.62 4.6 1.466
0 -1.59 7.54 0.6695
0 -4.05 8.37 4.2918
0 -3.7 8.86 3.2763
0 -2.87 10.52 2.4529
0 0.3 11.25 5.4213
0 0.42 12.74 3.877
0 -2.23 12.48 3.6538
0 -1.39 14.12 3.8009
0 -1.57 14.72 4.8376
0 -1.78 12.94 4.2722
0 -1.7 12.3 4.8663
0 -1.65 11.97 4.9715
0.05 -1.36 11.16 3.4928
10.9 -0.73 12.05 2.6816
24.075 2.41 10.3 2.0814
49.525 2.77 5.95 1.6014
37.65 0.66 5.7 2.5812
11.225 -3.69 2.97 3.4728
2.4 -8.71 -2.77 0.8125
0.45 -9.66 -0.47 1.3011
0 -8.08 2.07 1.2917
0 -4.39 6.1 4.2318
0 -3.85 10.94 4.4901
0 -2.29 12.41 3.0865
0 -2.37 11.72 3.2587
0 -2.77 10 3.8943
0 -2.52 12.58 3.7602
0 -0.17 14.05 2.9678
4.275 0.19 13.3 2.4222
7.7 -2.05 5.96 2.723
1.875 -3.27 3.08 2.883
17.375 -3.91 5.47 1.1902
10.725 -7.02 2.69 3.5356
3.225 -12.04 -1.91 0.4948
7.525 -10.97 -0.49 2.8254
6.825 -6.45 0.61 1.405
16.175 -8.14 0.3 3.2278
10.35 -6.27 -1.43 3.7055
3.15 -4.61 0.49 5.8813
17.55 -3.91 0.28 5.3761
19.35 -3.92 -0.06 4.3162
3.125 -6.21 -1.46 1.356
0 -6.74 1.73 3.4243
0 -5.55 7.27 2.5462
6.275 -5.27 8.7 3.7119
25.025 -5.26 7.55 3.5867
13.525 -0.52 2.81 2.6353
4.175 -2.66 3.7 1.738
1.75 -1.9 9.87 1.6024
0.7 -2.32 4.71 2.9623
0 -4.69 6.41 0.4843
0 -3.56 8.85 3.7209
11.2 -0.17 10.22 2.879
20.45 0.47 7.15 4.2722
41.7 -0.7 6.4 4.9373
37.05 -3.68 2.51 2.9064
12.425 -8.07 1.56 0.8333
1.325 -6.78 2.19 1.8771
0 -8.13 1.5 0.4051
0 -8.48 5.57 1.3414
0 -4.88 8.6 2.5536
0 -8.81 3.42 0.5112
0 -8.64 6.35 0.8988
0 -4.53 7.57 2.2447
0 -4.61 9.96 2.4593
0 -3.64 11.43 1.4466
0 -3.33 8.21 2.7521
0 -1.68 10.46 3.3161
0 -1.18 12.92 0.9931
0 -1.01 13.04 0.9595
0 0.54 15.26 0.9751
0.175 -0.13 15.62 0.6647
21.45 0.32 14.96 1.9297
14.675 -5.07 7.61 4.0874
1.1 -9.89 -0.11 2.0909
0.625 -8.32 4.12 1.9916
0.375 -6.2 10.1 0.4693
0 -2.67 11.49 1.7467
0 -0.75 14.18 2.0783
0 -0.45 14.66 1.351
0 -0.72 15.1 3.4653
0 -3.6 10.45 2.0887
0 -3.2 10.91 0.2913
0 -2.01 12.13 2.5973
0 -1.23 14.74 2.565
0 -3.22 11.43 5.1825
0 -6.11 7.03 1.9863
0 -5.11 10.85 2.8314
0 -2.89 15.17 2.23
11.85 -0.61 17.65 1.1499
11.7 -2.83 13.61 3.3048
12.625 -3.05 3.31 1.8666
6.6 -2.57 3.49 2.1802
0.25 -3.77 4.16 3.5858
0 -2.53 8.24 1.3674
0 -1.05 12.89 2.2142
0 -0.47 13.43 4.7634
0 -7.89 7.58 6.0067
0 -6.08 3.58 3.0331
0 -3.61 11.72 1.6739
0 -1.73 15.37 2.894
0 1.65 18.6 2.8603
0 5.08 22.84 1.5029
0 7.04 24.65 1.0606
0 6.57 24.63 2.0586
0.225 4.35 23.41 2.8804
1.85 1.83 18.8 3.2003
1.025 -4.77 7 3.3284
0 -3.02 10.84 1.7723
0 -1.37 12.99 2.3453
0 -3.2 11.6 3.255
0 -3.86 9.76 1.5603
1.275 -1.56 11.6 1.8053
56.25 2.29 15.01 2.0076
39.85 2.67 12.1 2.6496
11.9 2.71 6.76 4.0013
7.3 1.86 9.43 2.0317
1.575 4.62 12.96 4.0343
0 2.62 16.36 2.2557
0 3.32 18.85 2.7506
0 3.87 18.57 1.636
0 3.43 19.62 1.1764
0 4.53 19.56 0.8616
0 4.6 21.29 2.9259
0 3.07 20.13 3.2913
0 3.04 17.87 2.3869
0 3.77 18.55 2.9608
0 4.79 19.54 1.7353
0 7.21 22.1 1.7404
0 10.46 27.16 0.4366
0.675 11.15 29.1 2.3688
0.4 9.55 28.21 2.7109
0 6.18 22.4 1.4612
0 5.71 21.52 0.8353
0 6.6 22.38 2.3732
0 6.52 22.27 2.9416
0 5.24 21.29 2.6719
0 4.05 20.32 1.8104
0 6.02 20.9 1.3488
0 7.99 23.24 0.8179
0.275 9.21 25.22 1.8381
0.175 9.03 24.39 2.5334
6.775 9.93 24 3.2439
4.05 8.24 22.04 2.1683
0 8.02 21.88 1.9657
0 7.29 19.21 2.227
0.55 7.21 17.96 0.4207
6.275 4.49 17.44 2.1062
5.325 1.75 14.88 3.6494
3.7 0.6 9.54 2.4226
1.95 1.94 11.62 2.6841
0 3.55 16.44 2.5201
0 5.06 18.52 3.3647
0 4.65 17.55 3.0705
0 3.21 16.54 3.2498
1.025 3.71 18.87 2.2443
1.15 5.6 14.34 3.5884
0.425 3.3 15.85 2.4323
0 3.77 16.35 2.4193
0 4.68 17.47 2.3579
0 6.66 18.69 2.9927
0 7.09 21.77 1.7633
0 8.54 25.63 2.65
0 5.49 24.21 3.1258
0 3.35 19.1 3.1759
0 4.24 18.36 1.4037
0 6.66 21.69 0.8125
0 8.83 25.44 1.5268
0 9.65 27.47 2.7967
0 8.85 25.8 1.596
0 10.29 25.66 0.9104
0 10.86 30.77 0.5681
0.15 12.48 31.21 2.9461
0.1 12.38 31.02 2.8776
0 11.57 27.39 2.256
0 11.87 28.46 1.7484
0 10.54 27.21 2.9185
0 9.93 27.35 2.5998
0 9.41 26.16 2.8734
0 8.07 25.1 2.6451
0 6.6 23.68 2.8344
0 6.09 23.69 2.588
0 6.4 22.85 2.55
0 6.85 23.21 1.9702
0 8.57 24.35 1.9529
0 9.85 25.46 2.4024
0 10.19 25.77 1.5522
0 9.95 27.95 0.985
0 10.61 28.57 1.4689
0 11.72 30.91 2.029
0 12.79 30.41 1.7876
0 14.18 31.21 2.0151
0 14.18 31.74 1.781
0 14.35 32.43 2.452
0 12.51 31.21 2.5831
0 11.65 29.32 2.3302
0 13.16 30.02 2.1047
0 12.4 28.87 2.2192
0 11.4 28.35 2.3593
0 11.41 29.83 2.0045
0 12.71 30.35 1.6204
0 13.85 30.77 1.9131
0 13.55 29.65 2.7682
0 13.82 29.07 2.4643
0 12.97 29.49 2.5395
0 12.57 28.79 2.4611
0 11.52 28.37 3.236
0 8.99 25.62 2.8248
0 9.24 25.62 2.4919
0 9.93 26.3 2.6024
0 7.1 24.03 3.311
0 3.6 17.59 1.8947
0 6.16 18.08 1.331
0 8.24 22.91 0.3084
0 10.43 25.9 1.1163
0 11.52 28.13 3.0266
0 11.06 29.8 2.907
0 10.12 27.99 3.086
0 8.88 25.82 3.0566
0 6.35 24.73 1.4055
0 6.68 23.77 0.4336
0 8.82 25.49 0.7625
0 10.21 27.54 0.9892
0 11.9 29.51 1.3032
0 12.54 30.12 2.1138
0 12.93 30.04 2.3291
3.175 12.4 31.62 2.2474
3.55 10.36 27.36 3.252
0.8 8.74 23.08 1.6873
0 8.57 23.88 1.581
0 8.38 25.54 0.6308
0 8.68 27.63 1.5366
0 10.51 27.16 1.2447
0 10.99 27.66 1.4599
0 10.97 29.16 2.9081
0 11.55 27.74 2.0412
0 10.7 27.68 1.1381
0 11.05 28.36 0.2118
0 11.76 29.25 1.5265
0 11.06 28.81 2.1324
0 8.38 26.88 2.1921
0 7.14 24.77 2.0958
0 6.9 22.38 1.4749
0 7.02 22.74 0.4194
0 7.85 24.11 0.9348
0 9.58 26.57 0.3767
0 10.56 28.29 0.9904
0.275 11.98 30.57 1.4965
0.825 9.24 26.07 2.432
0.75 6.51 20.4 2.9093
0.175 5.32 17.07 1.4857
0 6.26 22.4 1.2818
0 8.69 25.05 0.4138
0 9.45 26.39 1.073
0 9.92 28.74 2.2552
0 8.7 27.3 0.8385
0 9.97 25.96 2.5803
0 9.96 28.82 2.4264
0 9.75 29.06 1.5611
0 9.04 28.38 0.9191
0 9.19 27.84 0.8066
0 10.52 29.58 1.1748
0 10.19 30.54 0.4776
0 10.02 30.74 2.1796
0 9.52 26.03 2.5644
0 -0.94 13.47 2.3116
0 -0.36 17.7 2.4619
0 2.55 19.17 0.7923
1.8 3.49 18.88 3.0496
1.325 -2.05 14.66 3.4412
0.15 -4.11 5.22 0.3147
0 -3.92 11.07 3.1452
0 -1.62 14.24 1.6071
0 0.54 15.16 1.2796
0 1.37 17.12 0.76
0 2.57 17.88 0.7283
0 1.24 17.96 1.9972
7.85 2.54 16.49 2.0778
72.325 1.91 10.91 6.7023
41.2 3.52 9.1 4.5774
0.375 5.5 12.19 0.8617
0 5.19 17.93 2.0763
0 4.26 19.62 1.0419
0 6.86 22.88 1.8543
1.45 4.76 18.17 2.3334
0.875 -1.05 12.49 1.8272
0 -0.58 11.8 1.0347
0 1.09 15.29 0.6301
0 1.86 16.62 1.041
0 3.49 17.85 1.1052
0 3.46 16.11 1.8288
0 3.2 17.28 1.0911
0 2.18 17.71 4.486
0 -2.41 11.12 4.9337
0 -4.39 6.41 0.7964
0 -3.76 9.1 0.079
0 -1.48 14.97 0.838
0 2.01 16.38 0.7991
0 3.79 17.85 1.273
0 3.9 19.68 1.1821
0 3.85 20.02 1.8248
0 1.99 18.3 2.4355
0 -0.61 12.46 0.874
0 -0.47 12.1 1.4703
0 -2.61 9.66 1.8474
0 -1.97 10.68 1.2095
0 0.1 11.44 0.6761
4.55 1.49 12.21 0.3981
4.65 -0.88 11.18 1.8875
0.875 -4.66 3.46 1.1617
0 -4.58 5.02 1.0084
0 -4.31 6.3 2.9136
0 -3.17 9.62 2.1344
0.35 -1.81 11.88 1.703
0.2 -1.5 12.33 1.5835
0.325 -3.56 8.86 2.4244
3.525 -3.02 10.46 4.0519
1.975 -3.67 8.3 1.0336
0 -3.14 4.35 0.6487
0 -3.92 6.88 2.3703
0 -2.37 9.22 3.7032
0 -0.92 10.38 4.1084
0.45 -1.09 11.91 2.6418
2.575 -0.59 12.36 1.094
1.375 -3.57 6.51 5.3591
0 -2.9 5.28 5.0854
0 -2.51 8.04 3.9216
0 -2.42 10.58 1.8394
0 -3.56 9.91 2.4286
0 -5.2 11.38 2.2459
0 -4.17 7.91 2.1005
0.025 -4.47 8.85 0.7551
19.125 -6.78 3.94 2.4303
15.7 -7.28 -0.69 0.8352
2.525 -14.16 -4.22 0.8935
0 -13.08 -4.5 1.8863
4.15 -10.95 -1.25 3.0911
33.475 -6.13 1.82 2.681
61.55 -1.11 2.66 3.6872
28.55 -2.85 2.75 4.3226
3.225 -3.81 -0.03 0.9536
0 -4.63 1.36 3.1115
0 -2.89 4.3 2.5324
0 -2.03 5.38 2.1714
0 -2.06 7.57 2.7397
0 -1.92 7.15 4.0597
1.075 -1.61 7.24 2.827
8.95 -1.19 8.78 1.9317
7.8 -4.86 4.57 3.6164
0.8 -8.82 0.81 2.5323
0 -5.85 4.65 3.9516
0 -4.78 5.66 3.8993
5.25 -4.61 6.03 4.0492
3.2 -3.86 4.22 2.0778
2.15 -4.91 1.72 3.1949
8.15 -4.66 2.44 0.8956
4.175 -2.93 2.02 1.5586
1.075 -3.99 1.53 2.6441
0.7 -3.69 4.32 2.2689
0.075 -3.2 4.89 1.0985
0 -3.34 6.91 3.8618
0 -4.02 9.19 2.8135
0 -2.48 9.05 2.4739
0 -2.28 8.24 2.9685
0 -1.42 8.96 2.7928
0.75 -0.5 9.82 3.0601
1.275 -0.08 9.6 2.2878
0.5 0.18 6.27 2.4802
1.55 0.18 8.29 3.1228
20.025 0.24 10.7 4.5376
13.025 -1.63 5.56 2.095
0.925 -5.52 3.52 1.5439
0 -3.81 6.13 3.3656
0.65 -2.64 9.22 2.0883
11.8 -2.56 8.58 2.7252
23.775 -2.07 4.78 4.8048
26.05 -2.26 1.77 5.7207
30.5 -3.95 -0.11 6.6077
28.575 -5.41 0.38 3.9551
16.25 -5.77 -1.31 3.7967
4.425 -6.89 -2.32 1.1132
1.2 -8.27 0.85 2.3072
3.975 -5.92 0.96 4.0626
1.975 -2.71 2.21 2.8529
0 -4.08 4.13 1.4515
0 -6 6.45 2.9429
1.425 -4.09 5.5 3.1666
0.9 -3.72 6.41 1.4962
0.025 -6.31 4.3 0.9921
0 -8.2 5.08 1.7598
0 -4.33 5.88 1.9966
0 -3.27 6.05 0.6852
6.925 -3.13 7.31 2.9126
10.875 -2.08 5.14 3.2468
11.875 -1.35 3.19 1.6686
5.45 -3.13 1.45 2.2829
2.55 -4.31 1.31 1.5567
1.55 -4.02 1.8 2.2002
0.225 -5.99 1.02 0.4369
0 -5.61 3.38 1.2512
0 -3.58 5.07 1.3905
0 -3.75 8.13 1.2472
0 -2.23 10.1 1.4932
0 -2.61 11.71 0.901
0 -1.2 11.21 1.7349
0 -0.95 11.6 2.4884
0 -1.52 13.85 0.9581
4.55 -2.47 11.77 1.174
6.4 -1.1 6.66 2.0583
9.375 -2.77 3.41 2.7377
4.275 -7.99 0.78 2.4733
24.8 -7.05 5.85 3.8475
19.15 -3.05 2.87 2.7748
1.85 -5.29 3.76 0.7865
29.65 -3.98 7.79 4.7292
19.175 -2.39 6.75 1.2165
0.825 -3.63 1.7 0.4793
0.525 -3.22 8.21 2.4334
7.55 -0.89 9.91 2.6845
16.875 -2.16 2.1 3.3658
7.525 -5.63 0.72 2.9082
0.025 -7.05 0.36 1.3487
0.025 -4.81 4.63 2.5988
0.225 -4.94 6.93 0.7562
3.15 -2.48 7.33 2.4588
4.25 -9.99 1.84 3.6247
1.475 -7.63 1.96 1.9259
0 -7.3 1.78 0.5838
20.875 -5.19 7.66 2.3924
12.225 -6.05 6.46 2.3188
0 -6.42 4.54 2.834
0 -5.56 9.04 3.937
0 -2.45 15.05 1.4092
0 -0.37 15.1 0.7849
0 -0.11 15.38 3.0067
0 -6.25 14.59 2.2821
0 -0.34 16.74 2.0533
0 -0.64 15.35 0.5616
0 -1.35 13.88 1.3009
0 -2.19 12.71 2.2043
1.025 -1.92 13.76 2.2181
2.675 -2.14 13.65 2.4941
1.6 -5.66 6.85 2.1064
0 -4.09 9.35 2.9193
0 -3.4 12.9 1.3448
5.2 -1.06 13.91 2.9065
15.6 -0.86 13.57 5.5801
7.775 -5.03 2.99 2.9388
0.775 -7.97 2.19 0.6493
7.65 -6.15 4.73 2.4226
4.275 -4.91 2.3 1.8621
22.65 -5.08 3.41 2.7742
13.3 -5.81 2.18 3.1834
0.075 -6.91 1.96 0.5123
0 -5.56 7.3 2.3976
0 -3.65 12.35 0.327
0 -1.5 13.59 1.8742
0.5 -0.53 13.11 1.9186
17.65 -1.4 7.26 3.9181
13.375 -3.3 2.81 4.5399
3.425 -4.66 1.77 1.1
0 -3.72 6.54 0.6364
0 -2.94 7.84 0.8258
0 -1.58 12.93 2.2335
0 -1.64 12.4 1.2344
0 -1.05 15.04 1.1931
6.925 0.66 16.84 1.56
16.575 0.84 14.29 2.7429
8.4 -4.6 3.29 3.0193
0.575 -3.11 0.43 1.7135
0 -1.99 3.38 1.1099
0 -1.32 13.24 0.6906
0 1.82 15.25 1.263
0 2.51 18.79 0.7498
9.85 3.49 18.46 4.5826
10.175 -3 7.6 4.9944
3.15 -6.05 2.56 3.6678
0.075 -5.99 3.55 3.1786
0 -2.92 9.83 1.7232
0 -1.33 13.13 1.7594
0 0.69 17.41 1.0979
0 2.35 18.52 1.9648
0 1.32 17.18 3.4972
0 -1.51 12.91 2.2602
0 -1.71 13.24 0.8703
0.05 -0.17 15.38 2.7492
3.125 -0.28 14.01 3.5827
18.625 -1.96 4.91 3.4294
10.125 -6.74 3.46 4.0277
0.025 -5.22 6.63 2.0758
0.775 -0.05 13.99 1.2153
0.45 1.46 16.99 0.7767
0 1.91 17.74 0.6505
0.925 5.13 19.68 1.3384
9.5 6.35 19.13 2.1882
5.35 1.41 10.26 2.0914
0.275 2.75 12.46 1.5998
0.175 4.32 15.55 3.3126
2.275 -0.25 15.43 4.2545
3.025 -4.38 8.43 3.5554
1.45 -3.94 4.77 4.0638
1.3 -1.94 8.77 2.2985
8.825 -2.02 8.58 1.5955
14.925 1.1 10.91 3.1899
19.7 -0.63 7.83 2.4036
8.2 -3.11 6.24 3.4555
0 -2.25 8.72 1.5745
0 1.46 16.49 0.6171
0 5.02 20.02 2.5121
0 7.4 18.96 3.0061
0 5.02 17.68 2.3798
0 6.32 19.21 2.5492
0 7.66 19.96 2.7194
0 8.13 21.33 1.9043
0 9.24 24.98 2.7894
0 8.09 25.06 3.0138
0 7.24 22.87 2.3017
0 6.38 22.69 3.8384
0 1.79 18.37 4.5126
0 3.08 14.62 5.1974
0 6.34 17.72 4.0227
0 6.43 21.61 1.0299
0 7.43 22.65 1.7698
0 7.77 24.46 2.902
0 4.06 22.76 3.1644
0 3.07 17.93 0.9782
0 3.88 21.73 2.2655
0 3.96 19.62 3.3406
0 2.77 17.04 2.5864
0 4.07 19.15 1.6227
0 5.42 20.43 0.7925
0 7.53 23.8 1.709
0.4 8.11 24.86 2.2371
0.2 9.43 21.97 2.7234
0 7.77 22.05 2.4008
0 10.1 24.86 0.8716
0 12.07 28.24 1.4732
0 11.74 30.21 3.2504
0 9.17 26.92 2.9545
0 6.87 24.99 2.6944
0 6.65 24.11 2.801
0 8.21 22.4 2.1096
0 7.21 22.6 1.1553
0 8.9 25.19 1.7835
0 9.24 27.25 2.2405
0 9.9 25.84 2.2897
0 9.58 25.41 2.1643
0 11.38 26.63 2.0494
0 11.07 27.16 1.8577
0 11.71 28.6 2.4667
0 12.57 27.99 3.2846
0 12.35 26.26 3.3914
0 10.8 25.27 1.6108
0 11.46 26.91 1.1614
0 13.96 29.55 2.6563
0 13.57 30.57 2.8057
0 12.96 30.38 2.6013
0 11.29 30.62 1.8902
0 11.46 29.01 1.9383
0 10.99 27.07 2.6834
0 10.21 26.99 0.981
0 10.93 26.46 2.2498
0 11.6 27.57 2.0422
0 12.93 29.04 2.5684
0 12.6 28.38 2.867
0 11.69 25.96 2.0602
0 9.29 24.68 2.5559
0 9.59 25.79 2.1831
0 9.07 26.29 2.5325
0 9.54 25.9 2.4602
0 8.79 25.46 2.0451
0 8.99 25.63 2.484
0 8.47 26.26 1.6597
0 9.04 26.37 2.0051
0 9.32 26.35 2.1035
0 8.68 25.46 2.2509
0 8.88 25.37 2.589
0.3 9.21 24.71 3.037
0.175 8.52 22.93 2.2347
0 8.02 23.4 2.1588
0 7.79 23.12 2.4423
0 7.44 21.97 0.9909
0 8.15 23.37 1.2636
0 9.52 24.71 2.2074
0 9.52 24.9 2.8402
0 9.18 25.46 1.0921
0 10.13 27.57 1.7041
0 10.24 27.82 1.8313
0 8.29 26.68 1.9398
0 8.93 26.49 2.2624
0.075 9.52 26.96 2.111
0.05 6.57 23.41 1.7004
0 7.74 22.51 2.7228
0 8.46 27.6 2.2456
0 12.86 31.54 0.6661
0 14.52 33.15 2.5295
0 11.04 29.57 2.4498
0 6.51 25.68 3.0494
0 3.73 14.13 2.1722
0 3.26 15.05 2.4203
0 4.16 17.4 1.2939
0 6.6 20.87 0.8537
0 9.29 25.54 0.6143
0 10.24 28.32 1.2586
0 10.07 28.93 1.3744
0 9.76 27.89 1.9023
0 8.54 25.48 1.4815
0 8.24 25.48 2.5679
0.05 5.96 24.1 3.0058
0.025 1.66 9.86 1.9706
0 1.6 15.82 0.783
0 3.82 19.68 0.7568
0 6.88 23.41 1.1481
0 7.16 23.99 1.8574
0 6.1 21.85 1.4998
0 6.16 21.76 0.8885
0 6.12 22.04 1.5762
0 6.63 22.9 1.6305
0 6.63 21.57 1.5838
0 6.44 21.54 1.5466
0 4.38 18.32 1.1232
0 4.3 20.01 1.0101
0 4.01 18.01 2.7563
0 3.01 15.32 0.9056
0 4.19 20.49 0.5608
0 7.9 23.99 0.9261
0 10.49 27.8 0.3885
0 9.76 28.07 1.2346
0 11.51 29.52 0.4998
0 12.07 30.52 0.5684
0 11.26 29.82 0.2874
0 11.24 26.85 0.5041
5.275 10.63 24.36 1.3863
26.775 8.97 24.16 1.8111
15.975 5.99 15.03 1.3932
1.5 4.25 9.49 1.3524
1.875 1.44 9.68 0.7634
2.6 1.65 11.94 2.3273
0.3 0.77 10.02 0.6963
0 2.55 15.59 1.803
0 4.82 16.88 1.6808
0 6.36 19.81 1.6266
0 7.32 20.99 2.5033
0 7.66 23.16 1.6846
0 7.79 22.97 0.7743
0 7.38 22.83 0.7591
0 7.27 22.72 1.3104
3.1 6.93 18.58 0.9696
1.625 2.85 13.88 1.1933
0 3.68 13.58 1.8137
0 3.66 19.04 1.0838
0 4.65 17.34 1.9222
4.05 2.52 14.07 1.6339
20.125 3.62 13.4 1.7517
78.475 4.55 7.41 5.1461
31.325 -0.1 7.89 3.6695
0.15 -1.7 8.41 1.4371
0 -3.72 9.13 3.1096
0 -2.04 10.31 3.4419
3 2.16 13.91 2.0401
3.3 1.39 14.41 1.8921
0.625 -0.69 5.35 0.8053
0 -0.28 11.63 1.7938
0 0.62 14.13 3.1752
0 3.32 17.26 2.9981
0 5.28 19.52 1.9656
0 6.02 19.8 1.2195
1.575 4.15 18.5 2.2545
21.275 2.1 15.08 3.3933
12.35 -3 5.16 2.573
2.875 -5 4.13 0.7944
2.05 -3.17 5.94 1.6093
0.025 -4.25 3.97 2.3892
0 -2.29 8.33 1.4901
0 -2.55 9.74 3.0859
0 0.52 11.77 1.5618
0 1.74 13.91 2.6105
0 0.77 14.38 1.1583
0 -0.14 12.69 2.2228
0 -0.81 13.33 2.2533
21.525 -0.11 12.27 2.775
36.95 -4.75 4.37 3.3546
29.15 -5.83 -1.16 5.2051
16.875 -5.38 -1.17 3.5052
17.825 -4.6 -0.27 4.4652
7.35 -10.19 -2.19 1.2182
0 -10.63 -0.91 3.5072
6.075 -8.89 -1.29 3.3472
13.95 -6.08 2.43 2.9718
9.975 -10.04 -0.99 2.5032
0 -11.69 -1.79 2.4258
0 -8.98 -0.49 3.0326
0 -5.23 2.68 2.2313
0.025 -3.5 7.7 2.5361
0.075 -0.89 4.1 1.6124
1.9 -0.55 6.33 2.0182
20.55 -0.43 4.7 2.1481
9.325 -0.8 8.17 3.3234
0 -2.89 4.97 2.2663
7.2 -1.42 7.77 2.0766
7.925 -0.33 6.49 1.1583
1.775 0.96 5.86 1.5957
0.1 -0.91 7.08 0.4656
0 -1.19 8.65 2.2008
0 -0.7 8.11 1.3646
22.775 -0.59 7.84 2.1287
14.325 -4.03 3.63 1.4891
4.425 -5.89 2.53 2.7505
55.675 -5.93 2.48 3.3789
85.075 -1.38 2.78 5.0708
71.55 -0.51 4.33 5.8893
23.7 -4.04 5.45 2.616
8.875 -3.8 -2.19 2.4779
5.575 -3.27 1.3 2.294
2.625 -3.21 1.53 0.562
1.275 -4.1 3.39 2.9629
18.1 -3.83 6.03 5.2928
10.025 -4.69 5.61 2.2696
0 -5.05 0.03 0.9817
55.975 -4.57 2.05 2.4203
38.25 -2.91 1.83 4.6076
2.45 -11.99 -0.15 2.3729
3.425 -12.66 -3.82 1.5146
21.75 -11.56 -2.19 4.0786
17.275 -5.69 -0.85 4.5287
6.075 -5.72 -0.85 2.4989
0 -7.69 -0.11 3.1252
0 -7.13 1.22 3.7702
0 -5.2 2.99 5.1734
0 -4.98 3.81 3.7999
0 -5.61 3.93 1.9811
0 -5.78 2.78 1.102
0 -8.61 0.76 3.2715
4 -6.93 2.29 3.2846
3.15 -2.95 4.19 1.9863
0.875 -2.89 6.45 1.6691
0.475 -2.93 3.76 1.2584
0 -2.71 9.42 2.5432
0 -0.81 8.56 0.665
0 -0.17 10.05 0.5766
0 -0.5 10.37 2.2752
0 -2.53 9.95 1.3192
0 -2.84 9.52 4.2023
0 -2.75 10.08 3.7188
0 -2.11 10.66 3.0194
0 -2.03 12.55 3.9103
0 -2.03 10.88 2.0369
0 -1.5 11.05 2.2068
0 -1.7 11.33 4.9383
0 -1.45 12.33 3.388
0 -1.78 12.35 1.8389
8.875 -2.81 11.44 0.6718
8.675 -3.75 8.52 1.7685
2.325 -4.94 0.75 1.4947
0 -5.55 3.74 2.0153
0 -6.01 6.1 2.9853
0 -5.55 6.69 2.0555
0 -4.91 7.41 2.7256
0 -0.98 11.96 1.6033
0 -1.38 12.43 1.8965
0 -0.64 14.02 0.5277
0 -3.92 12.47 2.3335
0 -6.53 6.47 3.6185
0 -6.77 5.91 3.6664
0 -5.94 7.32 3.6951
0 -4.05 11.41 2.6465
0 -3.5 13.75 1.2868
0.375 -3.4 13.64 3.7181
17.275 -2.21 7.98 4.7068
21.3 -3.8 6.65 6.058
30.05 -6.13 -2.41 4.7646
43.575 -5.8 -2.43 2.7824
18.475 -6.08 0.02 3.6199
1.2 -10.18 -1.16 0.6706
0 -9.51 0.3 1.2819
0 -9.9 0.27 0.4244
0 -8.63 3.38 0.5371
9.675 -6.78 3.13 2.5926
20.35 -5.21 1.31 5.4917
7.6 -10.84 -1.9 0.8204
29.95 -12.02 -3.82 0.5479
1.375 -10.93 1.35 2.2775
6.475 -9.27 4.47 1.7557
18.1 -5.77 6.65 3.7116
7.1 -1.82 4.49 1.6246
0.325 -5.53 4.97 1.4605
6.4 -3.99 8.39 0.4838
28.675 -2.69 9.84 1.7041
16.55 -2.27 2.73 4.1397
0.25 -4.93 2.4 0.7857
0.025 -3.01 8.44 1.5459
0.025 -1.51 11.44 1.262
0 -2.14 9.95 0.9768
0.15 -2.52 7.7 0.4636
4.275 -2.32 8.96 1.21
5.4 -0.64 7.3 1.3191
30.25 -0.23 9.55 1.5345
19.15 0.47 10.32 2.8116
2.35 -5.84 3.4 0.9726
19.775 -5.99 6.04 3.6604
37.05 -5.56 2.24 4.8382
47.55 -4.49 -0.77 5.7272
26.6 -5.39 -1.48 2.4855
7.125 -6.27 0.38 1.1921
13.3 -4.36 4.43 4.8781
29.6 -3.9 -0.22 5.588
21.05 -7.21 -1.2 4.1852
21.325 -6.61 1.07 3.1302
7.95 -3.05 -0.01 1.6914
1.35 -3.07 3.41 0.5992
0 -3.17 7.86 1.0228
0 -1.71 7.46 1.753
0 0.2 11.98 2.3537
0 1.48 19.15 1.8785
0 1.84 20.61 0.8186
0 -1.46 14.41 1.6891
0 -1.71 13.06 1.9626
0 -1.12 16.42 1.1978
1.625 -0.72 15.62 1.3239
7.4 -3.81 14.43 3.49
4.975 -9.03 -0.06 1.5398
0.65 -8.93 -0.3 1.2529
0 -8.19 5.15 0.3999
0 -5.66 9.74 1.44
0 -3.21 10.85 1.1656
0.75 -2.92 11.58 2.7302
0.5 -5.89 3.33 0.4986
0 -5.63 10.74 0.7539
0 -1.01 14.87 1.1232
0 0.42 17.53 2.0583
0.1 2.54 17.4 2.755
0.175 3.09 14.57 1.4921
0.65 1.03 13.89 1.9319
6.2 2.04 9.97 2.0563
1.475 -1.9 10.73 0.8463
1.375 -1.68 10.35 0.9862
1.275 0.27 8.56 2.2852
0.725 -0.79 8.19 2.4247
0.1 -3.65 10.48 2.2763
0 -1.82 12.68 0.7812
0 -0.52 15.2 2.2174
0 -2.66 13.97 4.2575
0 -3.77 12.19 3.4088
0 -2.56 13.1 1.9085
0 -0.06 15.74 0.5585
0 1.38 17.57 0.8215
0 3.85 18.84 3.05
0 5.87 21.71 0.8681
0 5.35 22.79 1.363
0 4.35 21.15 1.9293
0.05 2.04 16.82 2.8258
1.9 -2.19 7.12 2.9896
1.65 -3.25 5.82 2.4779
0 0.1 13.33 1.6669
0 2.55 16.63 1.0433
0 3.19 18.96 0.5504
15.575 3.91 19.96 2.9607
18.075 -4.1 9.87 2.9529
9.175 -4.69 2.25 1.2289
31.15 -3.27 4.63 3.4886
13.925 -2.57 1.5 2.1912
0.95 -2.94 6.13 3.0757
0.025 -2.54 13.28 1.5325
0 2.11 16.63 1.9465
0 1.71 16.55 2.9
0 0.27 15.27 4.2876
0 -0.16 13.11 2.2828
1.625 1.57 14.9 2.9071
0.6 -1.2 12.1 2.3403
0 -0.34 12.46 3.3136
3.975 -0.22 12.29 4.1123
3.6 -2.52 8.9 4.614
0.625 -1.71 9.26 2.9186
1.2 0.06 11.66 2.7732
1.7 0.51 12.08 2.8891
0.925 -2.83 6.99 1.6573
0.175 -1.58 9.99 0.8505
6.825 0.16 11.18 2.9772
18.2 4.17 6.51 1.3103
8.975 0.33 12.19 3.6797
0.325 0.22 8.28 1.8762
0 1.94 14.02 2.879
0 3.79 17.82 1.4699
0 5.3 20.43 2.3064
0 5.21 20.35 3.0014
0 3.93 17.6 2.6836
0 4.85 19.02 2.701
0 6.66 22.47 1.7161
0 8.02 24.85 1.8565
0 7.82 23.91 2.2049
0 5.39 21.21 1.1149
0 7.05 21.35 2.9025
0 6.21 22.43 2.1363
0 7.49 22.29 0.3898
0 9.35 25.35 0.5601
0 11.16 28.35 2.5367
0 10.29 27.99 2.7823
0 8.6 25.62 2.5077
0 6.4 23.51 2.5828
0 6.66 22.46 2.2528
0.525 8.1 23.55 2.1985
28.75 8.13 23.85 2.6916
16.7 4.92 20.23 2.5134
1.275 2.92 13.51 2.2538
0 6.49 19.25 0.9219
0 7.46 24.63 0.8081
0 10.69 27.33 0.7518
0 11.38 27.94 1.5696
0 11.72 27.49 1.7229
0 12.82 27.3 2.4922
0 12.99 27.49 2.9513
0 11.38 26 2.1134
0 11.07 26.41 2.4337
0 9.04 25.88 2.18
0 7.77 24.85 2.4765
0 7.54 22.18 2.6432
0 6.91 21.48 3.2237
0 6.54 18.99 2.7126
0 6.93 18.6 3.2737
0 5.44 18.82 3.3106
0 6.13 20.26 2.1253
0 6.47 21.93 1.4213
0 7.43 22.54 1.9553
0 7.69 23.29 1.2243
0 8.52 24.07 2.2596
0 8.95 25.91 2.7926
0 9.47 25.87 1.8637
0 10.48 26.35 2.1419
0 8.89 27.5 2.2285
0 8.41 26.37 1.7478
0 8.46 25.79 1.635
0 9.75 25.45 1.3732
0 10.52 28.63 2.2527
0 11.65 28.76 3.1795
0 13.23 28.49 2.2414
0 11.88 25.59 1.6794
0 10.99 26.54 1.9184
0 10.57 27.49 2.1154
0 9.32 27.29 3.1914
0 8.1 23.4 2.3467
0 9.02 24.02 3.1762
0 9.24 23.9 2.5976
0 9.14 25.87 1.8931
0 8.6 25.12 2.0052
0 8.49 25.68 2.1571
0 9.35 25.66 2.6873
0 8.73 26.35 1.6153
0 9.24 25.76 1.4844
0 10.8 27.46 2.1274
0 8.69 26.19 1.4185
0 8.33 25.61 0.9407
0 7.76 26.08 1.74
0 8.83 26.84 1.5013
0 9.01 26.57 2.5854
0 8.52 24.35 2.1707
0 7.77 23.9 1.7542
0 7.27 23.51 1.2719
0 8.99 24.71 0.8754
0 9.41 26.82 2.0545
0 10.82 27.12 1.3256
0 10.96 26.99 0.9504
0 11.35 28.41 1.0843
0 11.77 28.49 1.5138
0 10.82 28.9 1.6729
0 9.46 27.68 1.9292
0 7.89 25.93 1.7899
0 8.49 24.77 0.688
0 9.29 24.71 0.9872
0 9.77 26.57 0.7757
0 10.38 26.35 0.8543
0 11.15 27.38 1.909
0 9.6 27.32 0.4763
0 10.21 26.71 0.8976
0 10.76 27.49 0.8431
0.5 10.81 27.16 1.7966
1 8.93 27.31 1.0452
3.65 9.49 24.4 1.7496
5.05 7 18.33 1.5812
5.175 7.62 22.24 0.7091
4.175 6.99 22.88 1.3111
0 8.22 21.94 2.5505
0 6.76 21.99 1.7443
0 5.52 19.32 1.642
0 5.17 19.17 0.51
0 6.85 24.23 0.2189
0 8.83 26.94 0.8891
0 9.43 25.96 0.5571
1.25 10.49 26.52 0.4378
0 10.36 28.53 0.6528
0 10.93 28.8 1.6053
2.2 8.38 25.19 2.3839
0.025 5.6 17.05 1.7475
0 6.7 21.19 0.3866
0 9.3 25.05 0.5693
0 7.89 24.24 1.0363
0 9.55 25.53 1.4711
0 7.1 23.18 2.5308
0 6.98 19.23 2.0229
0 5.95 19.6 2.1489
20.075 1.79 15.58 2.347
23.475 0.91 10.88 3.975
6.025 -1.9 4.02 0.8493
1.425 -3.11 4.08 0.861
0 -2.6 9.38 1.4259
0 -0.05 13.19 1.2261
3.275 2.88 15.41 1.7215
2.525 5.25 10.85 1.8657
0 3.81 16.49 0.9545
0 4.46 20.54 0.597
0 7.21 21.8 0.4198
0 5.9 22.04 1.1477
0 6.57 21.77 1.4738
0 6.63 19.24 1.8331
0 6.8 20.49 1.8037
0 5.69 21.41 0.8192
0 4.78 18.15 0.5409
0 4.19 19.33 0.5137
0 3.71 17.72 2.5078
0 4.65 19.68 1.9415
0 4.77 21.05 2.0609
0 3.66 18.05 1.3966
0 1.02 13.49 3.4244
0 -1.03 12.74 3.4215
0 0.21 12.99 2.0412
0 1.63 14.88 0.9947
0 2.57 16.52 2.1706
0 2.4 17.71 0.178
0 1.43 17.37 3.7392
0 1.46 14.35 4.1423
5.425 -0.72 15.07 3.8868
5.55 -4.71 13.15 1.863
6.6 -7.27 1.25 0.7247
4.45 -6.69 1.36 1.627
0.075 -6.85 1.53 1.0062
0 -7 2.5 2.2167
0 -4.7 6.28 3.1205
0.225 -3.67 8.96 2.8419
1.875 -1.59 11.11 3.216
2.025 0.5 8.57 0.7978
0 -0.5 8.73 0.224
0 1.02 9.27 0.5379
0 -1.75 9.05 0.4749
0 -1.53 10.08 0.9169
0.125 -1.92 10.6 1.304
0.325 -1.06 10 3.6577
3.45 -4.17 2.93 2.3297
3.325 -4 2.05 3.9528
1.475 -6.08 2.72 1.7665
0 -5.06 4.49 2.5674
0 -3.78 5.44 3.7803
0.15 -3.75 9.52 2.4195
0.05 -2.94 5.93 0.7632
0 -1.72 8.49 2.8725
0 0.2 12.58 2.2928
0 0.62 13.69 1.0923
0 1.34 11.41 1.8112
0 -2.66 13.57 3.6744
0 -4.14 9.71 8.4098
0 -3.16 6.88 3.7142
0 -4.83 9.24 4.2362
0 -6.49 6.47 2.8898
0 -6.61 4.97 3.495
0 -7.09 5.25 3.0539
0 -6.3 5.3 3.575
0 -4.78 7.38 3.7469
0 -4.2 7.63 4.4028
0 -4.09 9.63 3.1975
0 -5.6 8.18 1.0286
0 -6.75 5.93 1.6376
0 -7.22 4.9 1.5081
0 -7.19 3.97 0.9411
0.425 -6.71 4.43 0.7981
0.2 -5.88 3.62 5.5381
0 -3.4 8.68 4.7433
0 -5.5 9.19 2.8236
0 -5.53 6.55 4.8243
0 -5.94 6.06 4.5109
0 -6.44 6.4 3.6509
0 -6.65 6.26 4.4883
0 -5.98 6.75 3.9532
0 -5.25 7.62 5.0432
0 -4.14 9.61 3.3923
0 -3.4 10.02 1.3931
0 -3.51 9.96 1.0204
0 -2.46 9.83 1.0592
0 0.21 12.6 0.9125
0 -1.03 10.13 1.5931
0 -3.73 8.49 2.409
