1.45 -3.92 5.78 1.4722
9.925 -5.11 5.5 1.5544
5.425 -8.07 2.75 1.6959
0.725 -10.77 0.06 4.1529
3.325 -9.86 -0.45 1.8775
1.725 -5.24 -2.51 0.4528
0 -4.79 3.53 1.463
0 -2.17 6.74 0.6812
0 -4.93 8.01 4.3348
0 -4.53 8.57 3.2862
0 -3.17 9.62 2.4324
0 -0.01 11.43 5.4344
0 0.15 12.05 3.8703
0 -3.74 12.34 3.6003
0 -2.72 13.54 3.8197
0 -3.34 13.6 4.8538
0 -2.51 11.94 4.2687
0 -2.35 11.26 4.8449
0 -2.14 11 4.9476
0.05 -1.82 10.21 3.4753
14.375 -1.22 11.12 2.6912
29.525 1.66 9.73 2.0994
65.05 1.73 4.83 1.61
49.225 -0.74 4.45 2.5828
14.075 -4.74 1.61 3.4856
3.275 -10.22 -3.89 0.7962
0.725 -10.78 -1.47 1.2994
0 -9.11 1.33 1.3362
0 -5.18 5.15 4.2354
0 -4.31 10.51 4.4923
0 -2.44 11.31 3.0929
0 -2.98 10.66 3.2414
0 -4.08 8.5 3.8869
0 -4.26 11.72 3.7594
0 -0.92 13.09 2.9683
5.375 -0.36 11.87 2.4415
9.075 -3.37 3.38 2.7549
2.9 -4.7 1.79 2.8699
21.475 -4.78 4.38 1.218
13 -8.56 1.64 3.5668
3.925 -13.56 -2.72 0.4838
10.925 -11.93 -1.55 2.7623
7.325 -7.55 -0.75 1.4041
18.325 -8.39 -0.39 3.1893
11.275 -7.54 -2.91 3.6337
3.65 -5.56 -0.09 5.8324
27.5 -5.12 -1.1 5.4053
24.725 -5.3 -1.65 4.3266
4.275 -7.54 -3.01 1.3204
0 -8.05 1.71 3.419
0 -6.56 6.31 2.5538
7.975 -5.96 7.32 3.7312
32.775 -7.05 6.22 3.5767
22.5 -1.78 1.13 2.6148
5.35 -3.88 2.34 1.689
2.125 -3.07 8.78 1.5687
0.85 -3.65 2.58 2.8674
0 -5.79 5.98 0.4578
0.025 -4.24 8.26 3.7148
19.075 -1.01 9.09 2.8455
34.15 -0.75 5 4.2023
53.25 -2.03 4.81 4.926
32.35 -5.3 0.4 2.9259
7.575 -9.33 0.05 0.8306
1.45 -7.5 1.33 1.8715
0 -9.48 0.37 0.3754
0 -10.48 5.15 1.3516
0 -5.67 7.52 2.5635
0 -9.91 2.27 0.4804
0 -9.47 6.05 0.8369
0 -5.51 6.84 2.2296
0 -5.52 9.62 2.4588
0 -4.54 11.1 1.4179
0 -4.18 7.8 2.6383
0 -2.76 9.3 3.1675
0 -2.12 11.92 1.0155
0 -1.42 12.73 0.9842
0 0.19 15.02 0.9444
0.35 -1.46 15.31 0.6616
27.25 -0.56 14.62 1.929
19.3 -6.27 6.59 4.1077
1.825 -11.34 -1.59 2.1166
0.275 -9.47 2.79 1.9671
0.175 -6.19 9.57 0.4689
0 -4.34 10.96 1.7961
0 -1.82 14.07 2.0783
0 -1.79 13.46 1.3441
0 -1.7 14.65 3.4137
0 -4.3 9.96 2.0482
0 -4.02 10.01 0.2839
0 -2.43 11.53 2.5911
0 -1.57 14.39 2.5507
0 -4.22 11.12 5.2003
0 -7.25 5.56 1.9738
0 -6.02 9.9 2.831
0 -3.27 13.96 2.2626
16.05 -0.85 16.3 1.184
15.225 -4.13 12.41 3.284
13.725 -4.17 2.02 1.835
6.725 -4.01 2.73 2.1888
0.25 -4.94 3.15 3.6229
0 -3.5 7.79 1.4199
0 -1.97 12 2.1752
0 -1.28 11.96 4.7127
0 -8.87 5.75 6.0288
0 -7.15 2.37 3.0717
0 -4.5 10.68 1.637
0 -1.83 15.07 2.9008
0 1.31 18.01 2.8541
0 4.23 21.79 1.5126
0 5.99 23.88 1.0731
0 6.21 24.11 2.0595
0.25 3.64 22.75 2.8656
2.6 0.81 17.29 3.242
1.45 -5.95 5.01 3.3786
0 -3.75 9.66 1.8062
0 -2.1 12.14 2.3428
0 -3.85 11.06 3.246
0 -4.57 8.81 1.572
1.825 -2.2 11.21 1.8379
70.125 2.59 14.56 1.9854
49.125 1.37 11.41 2.621
14.3 1.54 6.04 3.9303
8.175 0.28 8.98 1.9882
1.475 3.35 12.33 3.9555
0 1.35 15.3 2.2521
0 2.28 18.07 2.7701
0 3.52 18.38 1.6327
0 2.87 19.18 1.1745
0 4 19.21 0.8632
0 3.87 20.88 2.9403
0 2.43 19.69 3.285
0 2.34 17.5 2.403
0 2.97 17.88 3.0159
0 4.06 19.16 1.726
0 6.42 21.45 1.7042
0 9.72 26.38 0.4103
1.175 10.6 28.4 2.3785
0.7 8.45 27.56 2.7163
0 5.38 21.88 1.5128
0 4.84 20.77 0.8528
0 5.68 21.91 2.3901
0 5.66 21.67 2.9454
0 4.34 20.88 2.6839
0 3.21 19.99 1.8198
0 5.08 20.54 1.3294
0 6.89 22.52 0.822
0.4 8.28 24.28 1.857
0.225 8.13 23.3 2.5217
9.475 9.19 22.82 3.2505
5.675 7.29 21.59 2.1727
0 7.15 21.18 1.9674
0 6.49 18.54 2.2356
0.8 6.47 17.33 0.4427
8.575 3.56 16.52 2.1232
7.325 0.41 14.37 3.6422
5.35 -0.32 7.2 2.4196
2.45 0.93 9.33 2.6962
0 2.5 15.27 2.5315
0 4.61 17.61 3.3764
0 4.02 16.78 3.0715
0 2.36 15.52 3.2704
1.075 3.11 16.77 2.248
1.425 4.67 14.36 3.5938
0.475 2.39 15.23 2.4458
0 3 15.89 2.4244
0 3.82 16.29 2.3714
0 5.92 17.69 2.9862
0 6.36 20.54 1.7466
0 8.39 24.66 2.6378
0 4.84 23.54 3.1357
0 2.67 18.67 3.167
0 3.51 16.99 1.3465
0 5.72 20.36 0.7672
0 7.99 24.07 1.5023
0 8.89 26.68 2.7741
0 7.87 24.73 1.619
0 9.38 24.93 0.8945
0 10.07 29.4 0.5637
0.2 12.06 30.52 2.9523
0.1 11.51 30.23 2.8986
0 10.72 26.22 2.2579
0 11.3 27.94 1.7322
0 9.77 26.5 2.9084
0 9.01 26.61 2.5823
0 8.43 25.52 2.8541
0 7.46 24.72 2.6342
0 6.06 23.32 2.8339
0 5.59 22.68 2.5792
0 5.9 22.41 2.5465
0 6.18 22.67 1.9443
0 7.63 24.01 1.925
0 9.14 24.98 2.3711
0 9.1 25.03 1.5015
0 9.37 26.81 0.8941
0 9.94 27.35 1.496
0 11.05 29.76 2.0235
0 12.22 29.81 1.7973
0 13.27 30.63 2.0237
0 13.27 30.96 1.7658
0 13.37 31.99 2.4505
0 11.87 30.72 2.5696
0 10.99 28.78 2.3115
0 13.02 29.57 2.0918
0 11.7 28.47 2.1954
0 10.72 28 2.3213
0 11.16 29.25 1.9867
0 11.93 29.99 1.6593
0 13.13 30.07 1.9502
0 12.59 29.34 2.7835
0 13.17 28.62 2.4802
0 12.44 28.66 2.5318
0 11.94 27.94 2.4554
0 10.82 27.39 3.1898
0 8.5 25.29 2.7852
0 8.85 25.05 2.427
0 9.43 25.32 2.5707
0 6.48 23.67 3.2824
0 2.83 15.6 1.9055
0 5.26 17.23 1.3231
0 7.64 22.27 0.2923
0 9.63 25.43 1.1218
0 10.66 27.53 3.0096
0 10.36 28.65 2.8658
0 9.58 27.29 3.0624
0 8.1 25.38 3.0761
0 5.65 23.76 1.3915
0 6.22 23.23 0.4025
0 8.05 24.86 0.7428
0 9.36 26.98 0.969
0 11.07 29.08 1.3015
0 11.68 29.91 2.097
0 12.06 29.33 2.3055
3.35 11.8 30.66 2.2611
3.75 8.95 25.78 3.2284
1 7.67 22.21 1.6686
0 7.67 23.36 1.577
0 7.48 25.03 0.6065
0 8.02 26.47 1.5124
0 9.84 26.04 1.2152
0 10.15 26.52 1.417
0 10.24 28.37 2.9048
0 10.64 27.21 2.0167
0 10.02 26.68 1.0895
0 10.58 27.2 0.2144
0 11.2 28.03 1.4941
0 10.38 27.89 2.1279
0 8.18 26.39 2.1706
0 6.45 23.79 2.0691
0 6.33 21.48 1.4574
0 6.43 21.5 0.4062
0 7.41 23.09 0.9279
0 9.06 25.43 0.3663
0 9.94 27.13 0.9785
0.3 11.55 29.63 1.5189
0.85 8.89 25.93 2.4012
0.575 5.53 20.09 2.8775
0.075 4.44 15.82 1.4864
0 5.61 21.43 1.2737
0 8.12 24.1 0.3819
0 8.66 25.5 1.077
0 9.52 28 2.2492
0 8 26.23 0.8591
0 9.49 25.06 2.558
0 9.42 27.93 2.4293
0 9.19 28.05 1.5454
0 8.55 27.24 0.8811
0 8.32 26.91 0.8001
0 10.07 28.58 1.1756
0 9.15 29.72 0.4653
0 9.13 29.74 2.1675
0 8.77 24.76 2.5532
0 -1.87 12.32 2.3071
0 -1 15.42 2.4606
0 1.93 18.19 0.7734
2.45 2.83 18.4 3.0587
1.9 -3.3 14.08 3.4506
0.25 -5.01 3.85 0.307
0 -4.6 10.66 3.1175
0 -1.69 13.55 1.6055
0 -0.22 14.58 1.2969
0 0.78 16.79 0.7605
0 1.8 17.39 0.68
0 -0.06 17.44 1.986
9.25 1.72 16.07 2.0435
83.425 0.89 10.14 6.6585
47.775 2.62 8.62 4.5422
0.625 4.08 10.91 0.8455
0 4.1 17.36 2.1016
0 3.13 18.68 1.0414
0 6.33 22.07 1.8535
2.275 4.45 16.72 2.3399
1.35 -2.4 9.6 1.911
0 -1.9 10.83 1.0345
0 0.3 14.36 0.6017
0 0.85 15.6 1.0133
0 2.95 17.16 1.108
0 2.53 14.83 1.8138
0 2.27 16.38 1.0995
0 1.27 16.93 4.4138
0 -3.33 7.87 4.9411
0 -5.25 5.5 0.7863
0 -4.76 7.71 0.0667
0 -1.47 13.79 0.8328
0 1.16 15.9 0.7945
0 3.27 17.23 1.2556
0 3.02 18.96 1.1693
0 3.05 19.18 1.8
0 1.27 17.36 2.3939
0 -1.61 12.09 0.817
0 -1.62 11.45 1.4723
0 -3.3 8.74 1.8442
0 -2.73 10.01 1.2111
0 -0.95 10.51 0.6898
5.9 0.82 11.03 0.3953
5.9 -1.99 10.42 1.9052
1.3 -5.71 1.86 1.1636
0 -5.55 4.14 1.0227
0 -5.09 5.32 2.9031
0 -3.75 8.53 2.1431
0.15 -2.17 10.91 1.6891
0.075 -2.27 11.34 1.5595
0.425 -4.38 7.05 2.4084
5.175 -4.2 10.03 3.9956
2.95 -4.35 7.36 1.0305
0 -3.92 3.83 0.6131
0 -4.6 6.38 2.3645
0 -3 7.88 3.7249
0 -1.79 9.42 4.1126
0.575 -1.97 10.65 2.654
2.375 -1.34 11.34 1.0929
1.2 -5.13 6.01 5.2588
0 -3.31 4.2 5.0858
0 -3.13 6.42 3.9279
0 -3.08 9.46 1.7987
0 -4.38 8.89 2.3961
0 -6.33 11.32 2.2342
0 -5.17 6.97 2.1113
0.025 -5.3 7.86 0.8342
19.7 -7.69 3.08 2.4005
19.125 -7.89 -1.37 0.856
4.375 -15.28 -5.14 0.8507
0 -14.18 -5.31 1.8937
7.35 -11.67 -1.97 3.0855
42.2 -5.62 1.12 2.7034
79.075 -2.23 1.88 3.6842
38.725 -4.32 1.68 4.3619
3.8 -6.13 -1.52 0.9046
0 -5.97 -0.08 3.0903
0 -3.61 3.41 2.5106
0 -2.66 4.67 2.192
0 -2.44 6.79 2.7547
0 -2.46 6.37 4.0738
1 -2.4 6.29 2.8413
14.075 -2.28 7.52 1.9064
10.875 -5.97 3.92 3.6155
0.425 -10.23 -0.6 2.5693
0 -5.79 4.31 3.9425
0 -5.67 4.39 3.8824
7.425 -5.56 4.72 4.0471
4.475 -4.85 2.69 2.0496
2.95 -6.03 0.43 3.1846
11.275 -5.94 1.63 0.8616
5.775 -4.38 0.95 1.5518
0.55 -5.21 0.22 2.6054
0.325 -4.67 3.71 2.1984
0.025 -3.94 3.78 1.1213
0 -3.96 5.81 3.8882
0 -5.28 8.29 2.8333
0 -3.05 8 2.4895
0 -3.24 7.19 2.9756
0 -2.14 8.07 2.7931
0.475 -1.18 9.02 3.0639
1.575 -0.95 8.8 2.2905
0.775 -0.73 6.14 2.4681
2 -0.73 6.92 3.1184
25.5 -0.92 9.59 4.4957
15.425 -3.18 4.02 2.0794
0.5 -6.7 2.58 1.5156
0 -4.25 5.31 3.3574
0.9 -3.57 8.12 2.0592
13.9 -3.41 7.22 2.6778
36.6 -3.49 3.5 4.768
34.625 -3.98 0.37 5.6635
39.95 -5.34 -1.55 6.5623
37.025 -6.87 -2.18 3.9766
20.275 -6.93 -2.86 3.8619
5.425 -8.08 -3.35 1.0658
1.2 -9.55 -0.47 2.2759
3 -7.91 -0.48 3.9956
1.375 -3.95 0.86 2.8767
0 -5.3 3.41 1.4312
0 -7.11 5.53 2.9251
1.9 -5.6 4.11 3.171
1.15 -4.59 5.46 1.487
0 -8.51 3.52 1.0246
0 -10.4 4.04 1.7477
0 -5.17 4.99 1.988
0 -4.48 5.31 0.6631
8.175 -4.14 6.01 2.8491
13.475 -3.01 4.03 3.2791
13.75 -2.83 1.88 1.6812
5.425 -4.67 -0.26 2.3335
1.775 -6.29 -0.1 1.52
1.55 -5.22 0.8 2.2232
0.375 -7.2 -0.02 0.4601
0 -6.61 2.41 1.1977
0 -4.23 4.38 1.3205
0 -4.22 7.44 1.2978
0 -2.85 9.5 1.5084
0 -3.46 11.16 0.909
0 -1.9 10.54 1.7223
0 -1.63 10.95 2.4804
0 -2.38 12.71 1.0093
3.125 -3.57 10.88 1.1962
6.475 -2.3 5.78 2.1235
13.1 -4.04 2.61 2.8074
6.2 -9.22 -1.12 2.4464
30.8 -8.13 4.9 3.8043
23.95 -4.21 2.66 2.7913
2.975 -6.4 2.64 0.7634
30.175 -4.53 7.23 4.6551
19.8 -2.92 5.38 1.2926
1 -4.88 0.32 0.4933
0.65 -4.06 7.52 2.4252
11.5 -1.81 9.2 2.6752
22.4 -3.55 1.34 3.3394
9.425 -6.9 -0.22 2.9516
0.05 -8.49 -0.82 1.3387
0.025 -5.44 4 2.6013
0.425 -6.26 6.28 0.777
4.175 -3.12 6.4 2.4496
5.525 -11.3 -0.36 3.6723
1.875 -8.49 1.38 1.9528
0 -8.64 0.12 0.5462
27.4 -5.76 6.57 2.3323
16.25 -7.13 5.7 2.3558
0 -7.28 4.24 2.7926
0 -6.04 8.77 3.9098
0 -2.99 14.04 1.418
0 -0.89 14.54 0.7494
0 -0.87 14.85 2.9812
0 -7.48 13.19 2.2457
0 -0.95 16.08 2.0531
0 -1.69 14.62 0.5795
0 -2.28 12.54 1.3017
0 -3.15 12.17 2.211
1.275 -2.84 13.42 2.2023
4.125 -3.02 13.21 2.4758
2.15 -6.9 5.68 2.1935
0 -4.67 8.9 2.9052
0 -3.75 12.58 1.3342
6.325 -1.92 13.37 2.8214
21.85 -1.62 13.2 5.5965
11.35 -6 1.77 2.9752
1.25 -8.99 1.54 0.6911
10.35 -7.04 2.89 2.3871
5.875 -5.35 1.42 1.9022
30.35 -6.07 2.38 2.7605
18 -7.01 0.9 3.2227
0.05 -8.62 1.03 0.5688
0 -5.89 6.64 2.3531
0 -3.69 11.81 0.3182
0 -2.3 13.39 1.732
0.7 -1.44 13.36 1.9235
22.35 -3.2 7.02 3.9153
18.175 -4.85 2.16 4.566
3.95 -6.02 0.2 1.0902
0 -4.9 6.31 0.6387
0 -3.93 7.72 0.8237
0 -2.35 12.7 2.2986
0 -2.66 12.16 1.2697
0 -2.13 14.53 1.1716
5.875 -0.39 16.67 1.6014
21.225 0.84 13.82 2.7384
12.225 -5.81 2.92 2.9936
0.975 -4.31 -1.09 1.68
0 -3.33 2.04 1.1698
0 -2.29 12.58 0.6906
0 0.32 14.88 1.2763
0 1.91 18.31 0.7453
13.7 2.51 18.17 4.4987
15.4 -3.63 6.82 5.023
4.6 -7.54 0.62 3.7256
0.1 -7.16 2.77 3.2188
0 -3.77 8.92 1.7532
0 -2.38 12.55 1.8045
0 -0.68 16.74 1.0675
0 1.31 18 1.9669
0 0.74 16.95 3.5041
0 -1.96 12.36 2.2355
0 -3.17 12.75 0.8418
0.075 -0.95 14.96 2.7652
3.775 -1.05 13.73 3.6179
22.475 -3.74 4.15 3.4042
12.225 -8.12 2.95 4.0861
0.05 -5.97 5.75 2.1004
0.5 -0.91 12.63 1.169
0.3 0.38 15.73 0.742
0 1.2 17.06 0.6172
1.225 4.43 19.04 1.333
9.9 5.45 18.38 2.1535
5.475 0.15 9.34 2.0917
0.475 1.5 11.85 1.614
0.275 3.45 14.85 3.3268
1.55 -1.01 15.23 4.2784
1.75 -5.43 8.32 3.5861
0.875 -5.01 3.91 4.0698
1.6 -2.95 7.81 2.307
9.325 -3.15 7.48 1.5838
18.025 0.18 10.18 3.1838
21.9 -1.83 6.52 2.4391
8.475 -4.14 5.43 3.4963
0 -3.15 7.84 1.6162
0 0.44 15.69 0.588
0 4.1 19.21 2.5244
0 6.73 18.42 2.9919
0 3.99 17.2 2.4377
0 5.36 18.54 2.6039
0 6.68 19.77 2.7344
0 7.43 20.17 1.9451
0 8.65 24.46 2.851
0 7.71 24.67 3.0286
0 6.87 22.41 2.3234
0 5.71 21.78 3.8565
0 1.41 18.13 4.5316
0 1.79 14.21 5.1796
0 6.17 16.49 4.0039
0 5.72 20.45 1.0335
0 6.71 22.11 1.7433
0 6.88 23.8 2.9118
0 3.41 22.24 3.1389
0 2.43 17.47 0.9697
0 3.29 20.5 2.2705
0 3.12 19.21 3.3084
0 1.99 16.63 2.5646
0 3.4 18.82 1.5947
0 4.5 19.13 0.8302
0 6.85 22.77 1.7014
0.275 7.42 23.73 2.2121
0.15 8.85 20.74 2.7073
0 6.74 20.96 2.3887
0 9.25 23.73 0.8648
0 11.11 27.41 1.4707
0 10.93 29.66 3.2281
0 8.58 26.23 2.9522
0 6.26 24.06 2.6773
0 5.99 22.95 2.7827
0 7.66 21.99 2.0714
0 6.44 21.95 1.1024
0 8.02 24.43 1.7998
0 8.82 26.77 2.2793
0 9.18 24.93 2.2902
0 9.08 24.81 2.1815
0 10.57 26.06 2.0601
0 10.24 26.53 1.8471
0 10.85 28.05 2.4495
0 11.84 27.4 3.2864
0 11.8 26.32 3.4018
0 9.93 24.41 1.6614
0 10.62 25.88 1.1898
0 13.12 28.71 2.6457
0 12.71 29.92 2.8025
0 12.18 29.83 2.6008
0 10.62 30.34 1.9257
0 10.69 28.76 1.9572
0 10.19 26.89 2.6656
0 9.59 25.86 0.9885
0 10.22 26.1 2.2491
0 10.68 27.21 2.0441
0 12.06 28.61 2.5512
0 11.92 27.88 2.8339
0 10.58 25.67 2.0295
0 8.4 24.49 2.5143
0 9.25 25.75 2.1388
0 8.55 25.88 2.4807
0 8.9 25.54 2.4456
0 8.05 25.12 2.0502
0 8.24 25.19 2.4726
0 7.68 25.8 1.6259
0 8.28 26.08 1.9896
0 8.52 25.85 2.079
0 7.81 25.12 2.2122
0 8.1 25.07 2.5716
0.325 8.39 24.27 3.0078
0.175 7.5 22.47 2.1985
0 7.26 22.97 2.1123
0 7.26 23.18 2.4181
0 6.44 21.06 1.0012
0 7.32 23.12 1.2704
0 8.6 24.27 2.2175
0 8.71 24.57 2.8209
0 8.57 25.12 1.0875
0 9.2 27.21 1.6938
0 9.44 27.71 1.8255
0 7.43 26.33 1.9264
0 8.14 26.07 2.2537
0.025 8.67 26.76 2.0816
0 6.53 22.72 1.6974
0 6.83 22.27 2.6727
0 7.6 27.29 2.2267
0 12.79 31.04 0.6651
0 13.67 32.85 2.5019
0 10.46 29.39 2.4589
0 6 25.5 3.0259
0 3.8 13.38 2.1792
0 2.65 14.33 2.4136
0 3.35 17.03 1.2538
0 5.75 20.73 0.782
0 8.51 25.17 0.5814
0 9.3 27.84 1.2437
0 9.23 28.29 1.355
0 8.47 27.45 1.8969
0 7.66 25.24 1.432
0 7.64 25.35 2.5567
0.075 5.54 23.78 3.0016
0.05 0.92 8.93 1.9885
0 0.72 15.65 0.7465
0 2.64 19.57 0.7497
0 5.88 22.9 1.1199
0 6.23 23.64 1.8309
0 5.33 21.33 1.4841
0 5.26 21.42 0.863
0 5.55 21.77 1.5554
0 5.76 22.62 1.6313
0 5.8 21.54 1.5792
0 5.5 21.38 1.538
0 3.38 17.74 1.1152
0 3.33 19.7 1.0006
0 3.47 17.75 2.7486
0 2.53 15.14 0.9113
0 3.01 19.57 0.5337
0 7.12 23.61 0.9207
0 9.23 27.76 0.3746
0 8.85 27.83 1.1991
0 11.07 28.97 0.5001
0 11.25 29.98 0.5585
0 10.5 29.4 0.2914
0 10.27 26.33 0.4861
7.275 9.59 23.41 1.3894
34.125 7.85 23.37 1.7881
20.45 5.16 13.91 1.4
1.475 3.28 8.14 1.2492
1.975 0.58 9.08 0.7737
2.625 0.57 10.62 2.2919
0.45 -0.25 9.29 0.7266
0 1.89 14.27 1.8123
0 3.98 15.96 1.6598
0 5.32 19.53 1.5558
0 6.45 20.45 2.4747
0 6.86 22.63 1.6801
0 6.95 21.99 0.7772
0 6.51 21.77 0.7436
0 6.37 21.87 1.2952
3.775 6.79 17.48 0.9501
2.25 1.97 13.36 1.1659
0 3 12.53 1.8086
0 2.72 18.84 1.0682
0 3.89 16.16 1.9341
5.4 1.57 13.55 1.6624
29.175 2.64 12.54 1.7172
90.475 3.54 6.34 5.0559
44.525 -1.43 6.75 3.681
0.225 -2.11 7.9 1.4629
0 -4.52 8.67 3.085
0 -4.83 9.09 3.4088
3.575 1.42 13.03 2.0506
3.375 0.16 13.62 1.9022
0.6 -1.62 4.62 0.8005
0 -0.8 11.09 1.8082
0 0.11 13.48 3.1867
0 2.95 16.84 3.0074
0 5.17 18.63 1.9872
0 5.13 18.83 1.1949
0.9 3.49 17.21 2.2604
26.1 1.41 13.78 3.3281
16.075 -4 3.91 2.6038
3.525 -5.85 3.3 0.7582
2.525 -3.89 4.92 1.6055
0.025 -5.41 2.97 2.418
0 -2.46 7.28 1.483
0 -4 8.83 3.083
0 -0.5 10.55 1.5481
0 0.73 12.99 2.5717
0 -0.07 13.15 1.1012
0 -0.85 11.71 2.2179
0 -1.58 12.43 2.2484
25.875 -1.07 11.3 2.8176
42.125 -5.69 4.22 3.3434
35.025 -7.09 -2.24 5.2347
20.225 -6.67 -1.83 3.44
20.125 -6.04 -1.17 4.4328
8.775 -11.07 -3.4 1.1768
0 -11.76 -2.05 3.4796
4.225 -11.73 -3.23 3.3397
16.95 -7.18 1.94 2.9494
13.225 -11.55 -2.09 2.5532
0 -13.08 -3.19 2.3946
0 -9.7 -1.71 3.0286
0 -5.79 2.15 2.229
0.05 -3.32 6.99 2.5406
0.05 -1.56 3.67 1.6083
2.675 -1.49 5.39 1.9856
25.875 -1.9 3.45 2.1327
13.375 -2.24 6.42 3.303
0 -3.76 3.85 2.2755
9.175 -2.17 7.31 2.0218
10.7 -1.11 5.67 1.1236
2.6 -0.27 4.28 1.5424
0.175 -2 6.19 0.4598
0 -1.97 8.27 2.2144
0 -1.06 7.23 1.3791
30.6 -1.31 7.72 2.0694
19.525 -4.5 2.68 1.5316
5.85 -6.76 1.1 2.707
75.925 -7.09 1.2 3.4001
115.88 -3.03 1.38 5.1165
86 -2.07 3.04 5.9435
33.325 -4.82 4.99 2.5153
12 -5.02 -3.52 2.4197
7.225 -4.78 -0.4 2.2983
3.475 -4.69 0.18 0.5213
0 -5.35 2.06 2.9254
22.975 -5.04 4.85 5.2762
13.325 -5.75 4.26 2.2007
0 -6.54 -1.42 0.983
70.675 -6.03 1.09 2.388
47.325 -4.18 0.83 4.5794
2.8 -13.67 -0.91 2.4119
4.925 -13.94 -4.99 1.4956
27.4 -13.31 -3.81 4.0495
22.575 -7.17 -1.99 4.578
7.1 -6.81 -1.99 2.5157
0 -8.95 -1.14 3.1458
0 -8.29 0.44 3.7927
0 -5.82 2.35 5.2247
0 -5.44 3.67 3.8153
0 -6.53 3.35 1.9755
0 -6.6 2.85 1.0981
0 -9.38 0.26 3.2753
5.975 -8.51 1.74 3.2734
4.3 -3.94 2.55 1.9358
0.95 -3.39 5.64 1.6625
0.55 -4.08 3.22 1.2794
0 -3.21 9.95 2.5373
0 -1.72 8.49 0.7275
0 -1.12 8.88 0.5974
0 -1.25 9.95 2.2692
0 -3.32 9.34 1.3087
0 -3.65 8.6 4.2181
0 -3.6 9 3.7273
0 -3.02 9.86 2.97
0 -2.63 11.39 3.8954
0 -2.63 10.2 2.0498
0 -2.16 10.2 2.2129
0 -2.42 10.31 4.9452
0 -2.33 11.24 3.361
0 -2.47 11.43 1.835
10.125 -3.67 10.58 0.6485
11.05 -4.68 7.81 1.7803
3.05 -6.33 -0.22 1.5042
0 -6.67 2.85 2.0069
0 -6.4 4.86 2.9925
0 -6.75 5.7 2.0698
0 -6.1 6.45 2.7463
0 -1.72 11.15 1.6215
0 -3.41 11.48 1.9017
0 -1.24 13.13 0.5294
0 -4.89 11.56 2.282
0 -7.56 5.59 3.619
0 -8.08 5.18 3.6973
0 -7.16 6.72 3.737
0 -4.54 10.16 2.6532
0 -4.01 12.45 1.2897
0.3 -3.9 12.54 3.6412
18.725 -3.61 5.72 4.5735
24.25 -4.95 6.3 6.0542
34.2 -7.49 -3.45 4.7015
54.15 -7.12 -3.97 2.8624
25.3 -7.22 -0.88 3.693
1.325 -11.56 -1.86 0.7023
0 -11.28 -0.5 1.2604
0 -11.5 -0.62 0.4106
0 -10.1 2.85 0.4904
13.025 -7.81 2.55 2.5337
22.875 -6.22 0.05 5.5631
9.25 -12.07 -3.41 0.8087
14.475 -13.22 -4.99 0.5248
0.65 -12.76 0.74 2.2449
9.7 -10.29 4.23 1.7322
21.475 -5.57 6.32 3.6651
9.925 -3.23 3.82 1.6036
0.45 -6.45 3.58 1.4563
8.5 -4.95 7.61 0.5058
34.85 -3.95 8.72 1.7065
20.6 -3.3 1.46 4.1954
0.35 -6.16 1.36 0.7222
0 -3.73 7.63 1.5316
0 -2.35 11.08 1.2047
0.075 -2.92 9.6 1.0135
0.025 -3.33 7.06 0.4996
5.15 -3.19 8.57 1.1283
4.175 -1.72 6.25 1.2556
37.125 -1.22 9.14 1.4459
27.475 -0.27 10.58 2.7798
2 -6.54 2.64 0.9729
27.575 -6.94 5.61 3.5846
45.75 -6.68 1.37 4.8486
60.625 -6.09 -1.92 5.7873
36.075 -6.65 -2.79 2.5095
11.5 -7.06 -0.65 1.1516
19.425 -5.16 3.32 4.8328
41.25 -5.61 -1.23 5.5521
25.5 -8.74 -3.15 4.1508
21.55 -8.08 0.1 3.0952
10.975 -4.38 -1.68 1.6532
1.075 -4.32 2.23 0.5938
0 -4.43 7.33 1.0624
0 -2.48 8.92 1.8206
0 0.03 12.14 2.3329
0 0.75 18.37 1.8311
0 0.93 19.46 0.8515
0 -2.3 12.92 1.5992
0 -2.59 11.95 1.9527
0 -2.2 15.6 1.2202
2.175 -1.56 15.09 1.3466
10.525 -5.2 13.35 3.4857
7.075 -10.68 -1.43 1.4998
0.875 -10.28 -1.83 1.282
0 -9.39 3.74 0.4263
0 -6.76 8.65 1.4636
0 -4.17 9.76 1.2069
1.125 -3.81 10.6 2.7473
0.775 -6.99 1.74 0.5164
0 -6.67 9.91 0.7493
0 -1.58 13.57 1.1827
0 0 16.62 2.1062
0.05 1.79 16.36 2.7812
0.1 2.05 13.82 1.5362
0.525 -0.06 13.37 1.97
8.475 0.59 8.45 2.1057
2.125 -2.93 9.56 0.8498
1.575 -2.76 9.12 1.0509
1.5 -0.74 6.82 2.3136
1.05 -2.01 6.56 2.4153
0.15 -4.82 9.09 2.3585
0 -2.62 11.68 0.7853
0 -1.17 14.25 2.2594
0 -4.05 12.81 4.3157
0 -4.86 11.15 3.4428
0 -3.14 12.43 1.9169
0 -0.64 15.36 0.5418
0 0.57 16.99 0.8069
0 3.09 18.62 3.0446
0 5.52 21.45 0.8409
0 4.71 22.37 1.3982
0 3.61 20.9 1.9602
0.05 1.44 16.55 2.8712
2.1 -2.95 6.91 3.0468
1.75 -4.16 4.29 2.5239
0 -0.68 12.36 1.6795
0 1.61 16.06 1.0607
0 2.18 18.38 0.5479
20.1 2.95 19.73 2.9602
22.925 -5.42 9.68 2.9398
13.15 -5.86 1.26 1.1964
40.6 -4.7 4.18 3.4966
21.65 -3.97 0.4 2.2257
1.15 -4.18 5.36 3.1354
0.025 -3.71 11.82 1.5768
0 0.43 15.95 1.9497
0 0.74 15.9 2.8961
0 -0.5 14.68 4.3073
0 -1.29 11.86 2.3135
0.675 0.59 14.57 2.8845
0.45 -1.59 11.83 2.3985
0 -0.88 12.09 3.3234
5.325 -1.28 11.89 4.1484
4.625 -3.81 8.57 4.6547
0.8 -3.35 7.37 2.915
1.875 -0.21 11.07 2.7613
2.375 0.25 11.26 2.9189
1.225 -3.9 6.35 1.6712
0.1 -2.46 9.51 0.7958
7.275 -1.09 10.64 2.9553
18.8 2.99 5.41 1.3116
9.375 -1.08 11.4 3.6497
0.425 -0.81 6.83 1.88
0.075 1 13.13 2.9085
0 3.16 17.22 1.4933
0 4.31 19.89 2.2958
0 4.25 19.84 3.0017
0 3.07 17.14 2.6724
0 3.74 18.35 2.7043
0 5.43 21.15 1.6993
0 7.13 24.11 1.8391
0 7.34 22.85 2.2505
0 3.73 20.72 1.1339
0 6.13 20.85 2.8976
0 5.25 21.84 2.1101
0 6.45 22 0.3623
0 8.26 24.5 0.5398
0 10.06 27.8 2.5209
0 9.65 27.29 2.789
0 7.99 25.31 2.5282
0 5.63 23.1 2.6005
0 5.76 21.82 2.2512
0 7.28 22.85 2.1992
34.525 7.4 23.28 2.6671
20.775 3.82 19.37 2.4994
1.475 1.87 11.7 2.2467
0 5.81 18.13 0.9048
0 6.67 23.73 0.7866
0 9.65 26.49 0.706
0 10.41 26.87 1.5645
0 10.58 26.7 1.7482
0 11.8 26.41 2.4959
0 12.03 26.7 2.9331
0 10.57 25 2.1356
0 10.1 25.68 2.4477
0 8.17 25.2 2.1718
0 6.99 24.25 2.4482
0 6.72 21.72 2.6022
0 6.04 21.18 3.2077
0 5.78 18.5 2.7018
0 6.23 18.16 3.2606
0 4.56 18.16 3.2801
0 5.35 19.23 2.0998
0 5.59 20.9 1.4092
0 6.62 22.36 1.9443
0 6.74 22.72 1.2174
0 7.61 23.32 2.257
0 8.16 24.76 2.7917
0 8.69 24.73 1.8612
0 9.69 25.26 2.1046
0 8.05 26.4 2.2147
0 7.8 25.34 1.7525
0 7.88 24.7 1.6435
0 9.28 24.12 1.3922
0 9.85 27.56 2.2608
0 11.22 27.66 3.1464
0 12.36 27.45 2.2193
0.25 11.39 24.66 1.6461
0 10.08 26 1.9124
0 9.74 27.05 2.1045
0 8.52 26.86 3.1633
0 7.17 22.97 2.3316
0 8.09 23.35 3.1515
0 8.06 23.63 2.5589
0 8.47 24.87 1.8634
0 7.9 24.98 1.9716
0 7.62 25.12 2.1581
0 8.61 24.93 2.68
0 8.11 25.67 1.6049
0 8.51 25.55 1.4418
0 9.89 26.93 2.1065
0 7.5 25.11 1.4315
0 7.13 24.44 0.9605
0 7.14 25.08 1.7042
0 8.16 26.1 1.4875
0 8.47 26.23 2.5759
0 7.7 24.01 2.1369
0 6.99 23.7 1.6892
0 6.41 23.1 1.2284
0 8.22 24.27 0.8805
0 8.45 26.35 2.0511
0 10.12 26.79 1.3097
0 10.11 26.31 0.9226
0 10.18 27.86 1.0755
0 10.89 27.91 1.4923
0 10.08 28.59 1.6525
0 8.36 27.34 1.9149
0 6.49 25.62 1.7818
0 7.62 24.05 0.6902
0 8.4 24.27 0.9475
0 8.94 26.12 0.7949
0 9.59 25.85 0.8624
0 9.93 26.8 1.8917
0 9.08 26.21 0.4992
0 9.7 26.15 0.8978
0 10.11 27.08 0.8393
0 10.17 25.86 1.7605
1.325 7.38 25.69 1.0508
4.8 8.52 24.58 1.719
4.975 5.71 17.1 1.5515
5.55 6.67 20.99 0.6787
3.925 6.13 22.05 1.2781
0 7.07 21.04 2.528
0 6.62 21.21 1.7566
0 4.69 18.67 1.63
0 3.97 18.18 0.4585
0 6.16 23.15 0.2106
0 8.1 25.81 0.8846
0 8.8 25.29 0.5265
0.975 9.57 25.85 0.3973
0 9.76 27.3 0.6315
0 10.23 27.54 1.6111
1.725 7.52 23.72 2.3664
0 4.88 16.09 1.7574
0 6.26 20.56 0.379
0 8.7 24.04 0.5711
0 8.17 23.41 1.0498
0 8.52 24.31 1.4698
0 6.3 22.67 2.4971
0 6.54 19 2.0041
0 5.31 18.5 2.1336
31.75 1.21 14.44 2.3449
28.5 0.03 9.99 3.9481
6.575 -3.39 3.39 0.8418
1.475 -4.14 3.1 0.8622
0 -3.93 8.39 1.4053
0 -1.13 12.37 1.2135
4.6 1.64 14.59 1.6904
3.3 3.89 10.01 1.8238
0 3.72 15.85 0.9375
0 3.98 19.48 0.5879
0 6.44 21.13 0.4127
0 5.11 20.9 1.1329
0 5.59 20.9 1.488
0 5.69 18.62 1.8168
0 5.87 19.72 1.7918
0 4.79 20.53 0.7974
0 3.68 17.4 0.5364
0 3.29 18.3 0.4995
0 2.84 16.83 2.4573
0 3.95 19.04 1.9256
0 3.94 20.27 2.089
0 2.87 17.01 1.375
0 -0.12 12.66 3.4265
0 -1.83 11.77 3.4272
0 -0.59 12.18 2.0532
0 0.91 14.23 0.9727
0 1.91 15.63 2.1624
0 1.88 16.94 0.1492
0 0.53 16.65 3.6413
0 0.65 13.69 4.1501
7.325 -1.78 14.38 3.8857
7.025 -6.05 11.77 1.8548
8.25 -8.31 -0.5 0.6608
5.325 -7.49 0.19 1.5993
0.05 -7.89 -0.03 0.9909
0 -8.03 1.34 2.2333
0 -5.43 4.93 3.1442
0 -3.99 8.29 2.8618
3.05 -2.32 9.76 3.2537
2.5 -0.81 6.83 0.8374
0 -1.43 6.86 0.2129
0 0.01 8.25 0.5428
0 -2.8 8.21 0.4806
0 -2.42 9.04 0.9127
0 -2.76 9.74 1.241
0.225 -1.81 8.88 3.5839
3.2 -5.09 2.39 2.3032
4.425 -5.02 1.07 3.9672
2.05 -7.17 1.23 1.7404
0 -5.94 3.67 2.506
0 -4.27 4.44 3.7215
0.15 -4.57 8.79 2.3937
0.075 -3.96 5.26 0.7638
0 -2.54 7.53 2.8877
0 -0.14 12.12 2.3077
0 0 12.36 1.094
0 0.86 10.64 1.8056
0 -3.83 12.73 3.6153
0 -4.97 8.53 8.4774
0 -3.47 5.54 3.7135
0 -5.51 8.3 4.2679
0 -7.11 5.14 2.8773
0 -7.17 3.73 3.5007
0 -7.7 3.88 3.0584
0 -6.71 3.94 3.591
0 -5.56 6.38 3.7527
0 -4.92 6.58 4.3948
0 -4.78 8.42 3.2102
0 -6.01 6.83 1.0397
0 -7.6 4.79 1.6401
0 -8.34 2.65 1.5004
0 -8.26 2.82 0.9726
0.275 -7.28 3.06 0.8123
0.125 -6.3 2.5 5.5627
0 -3.5 7.63 4.7394
0 -6.29 8 2.8133
0 -6.52 5.52 4.8053
0 -7.09 4.44 4.5274
0 -6.86 5.55 3.6348
0 -6.74 5.16 4.4997
0 -6.76 5.25 3.9634
0 -6.14 7.28 5.035
0 -5.06 8.44 3.3977
0 -3.9 8.8 1.3829
0 -4.04 9.04 1.0389
0 -2.75 8.68 1.0848
0 -0.6 11.92 0.9153
0 -1.65 9.28 1.5075
0 -4.38 7.88 2.4021
