1.475 -0.19 13.28 1.4251
7.475 -0.19 8.64 1.4097
5.05 -0.54 10.53 1.8163
2.425 -3 7.75 3.8182
1.875 -2.6 8.66 1.9557
0.525 3.19 5.96 0.3898
0.2 2.18 8.48 1.4762
0.1 2.47 10.71 0.7586
0.05 1.8 12.04 4.0644
0.025 0.64 12 3.4099
0 0.31 16.32 2.5575
0 1.96 14.41 5.3518
0 2.68 17.05 4.0466
0 1.81 18.55 3.8917
0 1.97 18.93 3.8498
0 2.29 20.04 4.8748
0 1.71 18.82 4.2444
0 1.84 18.99 4.8186
0 1.64 19.24 4.9869
0 2.14 18.16 3.514
4.6 2.48 18.36 2.6832
17.425 7.64 17.44 2.0518
16.55 9.42 11.6 1.626
18.35 8.14 12.93 2.2958
9.075 3.32 11.44 3.338
2.75 -1.61 4.69 0.9696
0.65 -3.05 7.66 1.2353
0.05 -3.14 8.41 1.3227
0.025 -0.18 11.98 4.1078
0.3 -1.13 13.48 4.457
0.175 1.18 17.87 2.9334
0 1.74 17.76 3.0906
0 2.14 16.24 4.0244
0 2.8 19.89 3.8404
0.075 3.46 21.03 3.0312
2.175 3.85 19.94 2.6118
7.2 5.77 13.26 2.9523
2.45 3.65 11.97 2.7729
8.775 2.34 12.55 1.1594
6.7 0.62 10.21 3.2935
4.1 -4.75 6.19 0.4275
6.075 -4.33 7.93 2.8066
7.025 -0.77 8.59 1.3381
15.8 -1.96 7.75 3.2179
9.1 0.55 6.11 3.8672
3.525 2.2 8.12 6.2852
10.45 3.26 9.12 5.4179
11 3.11 8.48 4.4283
1.6 0.91 6.75 1.5642
0 -0.53 10.37 3.5177
0 0.05 15.41 2.67
4.075 -0.2 16.72 3.7019
13.7 1.8 15.07 3.9219
6.125 8.05 11.64 2.8984
1.925 5.41 12.6 1.717
1.925 5.17 16.07 1.647
1.7 4.51 14.03 2.7655
0.15 0.96 13.6 0.4667
0.7 1.58 14.81 3.6598
7.125 4.38 17.45 3.0366
18.275 8.35 15.15 4.3956
36.5 6.07 13.84 5.0036
30 2.94 10.82 2.7313
8.3 -1.36 10.45 0.9855
0.45 -0.88 10.27 1.8835
0 -1.56 9.49 0.4141
0 -0.88 12.07 1.3629
0 -0.27 13.28 2.6144
0 -3.16 9.89 0.6063
0 -2.59 11.77 0.7691
0 0.65 14.28 2.014
0 0.81 15.69 2.1299
0 1.16 16.56 1.4195
0 2.1 14.13 2.7227
0 3.89 16.55 3.2431
0 4.21 17.62 0.9872
0 4.29 18.78 1.1283
0 5.11 20.25 1.2401
0.3 5.92 21.1 0.8789
9.35 5.75 20.79 1.7622
8.475 2.28 14.55 3.9266
0.625 -2.49 8.95 2.1804
0.45 -1.81 12.17 1.9815
0.275 -0.6 15.78 0.7051
0 3.1 18.15 1.823
0 5.35 19.87 1.9607
0 5.5 21.05 1.4296
0 5.27 21.11 3.6296
0 0.28 15.97 2.1654
0 0.41 15.96 0.4611
0 2.84 18.49 2.8042
0 3.83 20.93 2.6242
0 2.95 16.52 5.1307
0 -1.21 14.64 1.9834
0 0.39 16.75 2.6561
0.45 1.18 21.84 1.9917
10.175 3.52 23.81 1.0936
9.3 4.45 18.65 3.0436
10.25 3.71 11.3 1.881
7.3 4.88 11.51 2.2659
0.75 2.61 12.52 3.5669
0 3.08 15.04 1.4307
0 3.84 19.17 2.4296
0.025 5.13 19.03 5.061
0 -2.1 12.72 5.7362
0 -0.68 11.8 2.8875
0 0.78 17.9 1.6698
0 3.35 21.47 2.5777
0 5.55 24.94 2.6329
0 9.37 29.16 1.4809
0 10.51 30.02 1.1562
0 10.33 30.92 1.8636
0.1 8.79 30.23 2.538
0.5 7.58 23.6 3.0959
0.4 0.93 15.29 3.2268
0 1.22 18 1.8903
0 3.15 19 2.2926
0 1.31 17.19 3.1042
0 0.49 15.23 1.6759
1.625 2.48 17.87 1.8258
30.125 4.02 20.6 1.9241
20.825 9.94 17.9 2.6247
4.525 10.13 15.2 3.8832
3.575 9.08 17.27 2.0104
2.025 11.1 19.83 3.8828
0 9.18 23.04 2.0295
0 8.73 24.61 2.8865
0 8.16 23.61 1.8538
0 8.58 25.21 1.5743
0 9.23 26.02 1.2283
0 9.27 27.26 2.9889
0 7.15 25.6 3.332
0 7.61 23.71 2.6738
0 8.32 25.86 2.9464
0 9.59 25.52 2.0466
0 12.07 29.1 1.6052
0 14.91 34.06 0.3599
0 14.62 35.69 2.1829
0 14.75 34.2 2.4818
0 10.71 28.56 1.3769
0 10.09 28.09 0.9612
0 11.25 28.78 2.377
0 11.07 28.82 2.9691
0 9.61 26.97 2.7173
0 8.86 25.93 2.0504
0 11.54 27.44 1.6192
0 13.14 30.3 0.9542
0 14.2 32.88 2.0018
0 14.59 32.3 2.5574
0 14.78 31.85 3.076
0 13.66 27.65 2.2716
0.025 12.92 28.33 2.1938
0.125 11.87 25.65 2.3072
0.525 12.28 24.78 0.4583
0.825 10.32 24.59 2.1314
1.05 8.77 21.4 3.337
1.375 6.67 19 2.1733
0.725 8.14 21.03 2.6279
0 9.68 24.22 2.5423
0 8.36 25.32 3.3691
0 8.92 23.85 3.0493
0 8.07 22.75 3.2925
0 9.22 25.74 2.4244
0 11.43 21.33 3.5024
0.025 8.98 22.73 2.3667
0 8.85 23.61 2.4556
0 9.97 24.54 2.5547
0 11.62 25.8 3.1235
0 12.02 28.73 2.0438
0 13.04 32.12 2.8574
0 9.78 30.5 3.2243
0 7.88 25.48 3.3279
0 9.13 25.55 1.6052
0 11.56 29.46 0.8559
0 12.73 32.92 1.6532
0 13.73 34.16 2.761
0 13.29 32.35 1.6915
0 14.92 32.99 0.9961
0 15.35 38.11 0.7457
0 16.89 38.64 2.824
0 16.56 38.36 2.7343
0 15.92 34.95 2.2618
0 16.15 35.02 1.8675
0 15.03 34.75 2.8536
0 14.49 34.37 2.5801
0 13.65 32.14 2.8051
0 12.38 30.69 2.5394
0 10.61 29.83 2.7059
0 9.38 29.83 2.6577
0 10.92 29.07 2.6372
0 11.28 29.54 2.08
0 12.95 30.39 1.9081
0 15.09 31.35 2.3637
0 14.29 32.22 1.7273
0 13.93 34.8 1.0195
0 14.93 35.87 1.4475
0 15.69 37.47 1.8735
0 17.23 37.13 1.6947
0 18.76 38.4 1.9676
0 18.81 39.13 1.6415
0 19.3 38.8 2.4323
0 16.49 36.89 2.5757
0 15.72 35.32 2.4322
0 14.79 35.28 2.1214
0 15.63 34.33 2.2053
0 14.57 33.7 2.3442
0 13.93 34.78 2.016
0 17.61 36.69 1.7342
0 18.02 37.17 2.072
0 18.02 35.37 2.8512
0 17.54 34.17 2.5884
0 15.24 34.01 2.8028
0 15.85 33.24 2.6328
0 14.84 33.26 3.1425
0 12.52 31.11 2.6753
0 13.07 30.65 2.3191
0 14.33 31.88 2.4271
0 11.51 29.53 3.1008
0 9.07 24.71 1.8623
0 10.84 25.91 1.5304
0 13.03 30.28 0.6622
0 15.32 32.77 1.2329
0 16.56 35.12 3.0351
0 14.57 36.22 2.9523
0 14.41 34.63 3.1682
0 13.27 31.83 3.0781
0 9.77 30.2 1.5567
0 11.13 30.34 0.623
0 13.96 32.5 0.8718
0 14.98 34.04 0.9065
0 15.76 35.45 1.3153
0 16.15 34.85 2.3116
0 16.93 35.36 2.2637
0 15.9 36.87 2.2053
0.25 16.1 34.45 2.9522
0.1 14 29.72 1.6548
0 13.28 30.15 1.5373
0 13.06 31.81 0.5378
0 12.72 34.27 1.635
0 13.75 35.08 1.5299
0 15.25 35.38 1.6057
0 15.3 36.38 2.6817
0 16.23 34.35 1.7922
0 14.67 33.27 0.9317
0 14.55 34.79 0.3848
0 15.34 36.23 1.7225
0 14.9 35.64 2.2984
0 11.3 32.45 2.15
0 11.05 29.43 2.1611
0 10.17 27.43 1.777
0 10.38 29.15 0.5716
0 11.13 30.09 1.0352
0 13.18 33.2 0.4757
0 13.69 35.2 1.045
0.125 14.63 35.73 1.7364
0.725 12.12 31.41 2.2661
1.825 12.18 25.23 2.7756
0.55 10.26 22.71 1.6099
0 10.38 27.87 1.5899
0 12.44 30.58 0.7117
0 13.29 32.07 0.9401
0 14.46 34.85 2.0571
0 12.32 32.69 0.8667
0 12.49 32.27 2.2224
0 13.96 34.06 2.2293
0 13.53 34.74 1.3753
0 12.93 34.55 0.8233
0 12.79 34.16 0.7742
0 13.58 35.43 1.1367
0 13.69 36.41 0.4132
0 13.99 36.22 2.0134
0 13.2 32.34 2.565
0 3.84 19.09 2.3913
0 4.68 24.35 2.4041
0.025 5.6 25.05 0.8591
0.425 7.31 25.19 3.149
0.625 4.82 20.55 3.3609
0 1.74 14.49 0.3384
0 1.63 17.95 2.8083
0 3.45 21.52 1.3545
0 5.13 21.84 1.2841
0 5.76 23.26 0.6729
0 6.94 23.84 0.6651
0 6.85 23.77 1.899
3.225 7.21 22.14 2.0735
42.425 7.19 16.85 6.9057
28.85 10.74 15.3 4.458
0.825 13.07 20.62 1.0677
0 11.59 24.48 2.1522
0 11.08 25.14 1.1139
0.15 12.59 26.47 1.7153
0.45 8.3 23.42 2.1433
0.1 4.87 18.84 1.4912
0 5.4 18.05 1.0447
0 5.72 21.36 0.7505
0 7.34 22.64 1.2295
0 9.08 23.91 1.2276
0 8.23 23.36 1.7079
0 7.73 22.56 1.082
0 7.69 23.88 4.7228
0 3.56 19.39 4.8576
0 0.81 14.71 0.7919
0 0.74 15.74 0.164
0 2.94 20.82 0.8541
0 5.7 22 0.8859
0 7.49 23.15 1.286
0 8.03 24.97 1.202
0 7.4 26.1 1.8712
0 6.51 24.69 2.5214
0.025 5.08 18.64 0.8231
0.1 5.45 18.42 1.628
0 2.53 16.96 1.8834
0 3.17 17.14 1.1346
0 4.4 18.05 0.7014
0.675 5.41 17.87 0.4419
1.825 5.68 16.14 1.959
0.525 0.69 12.19 1.2565
0 0.82 12.87 1.0425
0 0.94 14.23 2.793
0 0.54 15.59 2.0205
1.45 2.26 18.83 1.478
0.825 2.64 18.68 1.918
0.9 1.19 15.33 2.3357
8.575 1.77 15.48 3.8305
3.55 1.02 14.79 1.0942
0 1.61 11.77 0.5755
0 1.06 13.92 2.1318
0 2.06 15.02 3.5373
0 2.95 17.18 3.8865
0.225 3.22 19.68 2.4813
2.6 3.48 20.02 1.1069
1.175 3.38 12.25 5.4232
0 1.06 14.1 4.9257
0 1.29 14.82 3.901
0 1.61 17.11 1.765
0 1.14 15.9 2.2305
0 -0.53 14.57 2.0606
0 -0.15 14.16 2.0028
0 0.25 14.85 0.7727
10.625 -1.95 10.53 2.1735
11.55 -2.51 5.56 0.7065
1.825 -7.34 3.31 0.7839
0 -6.77 3.68 1.9006
4.85 -5.84 6.02 3.2134
20.65 -0.96 9.16 2.847
32.925 5.38 9.87 3.8389
20.4 4.96 10.13 3.9997
4.275 4.42 8.09 0.8789
0 1.74 10.75 3.3232
0 2.85 12.54 2.7483
0.025 2.72 12.6 2.1755
0 1.39 13.4 2.7136
0 1.96 9.95 4.0749
1.425 2.54 13.99 2.8518
9.675 4.12 16.1 1.9064
5.475 0.94 10.61 3.636
0.6 -3.59 7.93 2.269
0 -2.23 9.31 3.9787
0 -0.48 13.27 4.0344
2.9 0.28 14.27 4.1187
2.8 0.77 11.61 2.1727
1.7 1.34 10.51 3.1129
3.05 1.34 9.5 0.9243
2.3 4.54 9.94 1.4956
0.75 2.71 9.92 2.7787
0.525 2.66 11.46 2.4199
0.05 2.49 12.79 1.0993
0 1.44 14.46 3.864
0 0.74 15.75 2.8715
0 0.83 16.49 2.7129
0 1.83 13.46 3.0793
0.025 2.05 13.85 2.6824
1.075 3.32 14.4 3.0141
0.825 4.52 14.31 2.4146
0.275 4.26 11.65 2.5114
0.65 4.31 13.89 3.2265
12.2 5.21 17.66 4.7487
9.2 6.2 14.94 2.1214
0.8 0.15 11.84 1.44
0 0.78 13.3 3.3431
0.925 2.03 15.95 2.4392
11.75 2.5 16.26 2.8859
15.5 5.51 12.6 5.0061
17 7.35 9.81 5.8369
23.25 3.49 8.39 6.7097
22.2 1.65 8.93 3.8911
17.075 -0.01 6.76 3.5108
4.15 -0.37 4.38 1.1932
1.825 -1.35 9.11 2.5075
5.625 -0.22 8.6 4.41
2.45 4.71 10.17 2.8812
0 1.91 11.09 1.3489
0.325 0.69 12.08 2.8307
1.375 1.91 12.93 3.2084
1.65 2.66 13.94 1.3681
0.325 -0.17 12.11 1.072
0 -0.21 12.59 1.8037
0 1.21 13.17 2.1252
0.275 3.09 13.28 0.7251
5.975 2.78 14.37 3.1497
6.275 4.78 12.95 3.2711
11.9 6.6 11.39 1.6602
5.45 4.56 8.81 2.2841
3.75 4.67 8.64 1.4366
2.75 3.94 9.34 1.8609
0.7 0.01 8.93 0.4902
0 0.27 10.69 1.3567
0 2.83 11.72 1.5725
0 1.62 15.27 1.242
0 2.5 16.3 1.4566
0 2.75 16.75 1.0689
0 3.72 16.5 1.7582
0 4.39 17.71 2.4417
0 2.97 19.43 0.8124
2.725 3.38 17.09 1.0749
4.125 5.39 12.9 2.0116
3.875 4.24 9.8 2.6524
2.35 -1.54 8.53 2.2826
13.35 -0.98 11.65 3.9472
11.55 3.14 8.73 2.67
2.025 0.4 10.26 0.9015
24.725 1.48 14.1 4.8374
16.525 4.21 14.76 1.0801
0.525 2.28 10.79 0.3712
0.575 2.57 14.49 2.2805
6.35 4.78 16.02 2.749
15.575 4.86 8.85 3.3834
6.225 0.86 8.05 2.6886
0.075 -0.66 8.7 1.3406
0 0.33 11.59 2.4809
0.025 1.8 14.89 0.883
0.375 3.59 12.47 2.5607
2.7 -3.11 9.31 3.5438
1.65 -1.89 9.23 2.0181
1.2 -1.76 9.79 0.5096
12.475 -1.1 12.98 2.3703
6.4 -0.38 12.4 2.3012
0 -1.08 11.52 2.7061
0 -0.24 14.42 3.7932
0 2.21 20.53 1.343
0 4.4 21.87 0.9901
0 5 21.84 2.9706
0 1.84 23.21 2.3385
0 3.93 23.23 1.907
0 5.3 21.67 0.3938
0 3.82 20.2 1.5565
0 2.73 18.54 1.9327
0.45 2.94 18.78 1.9796
1.15 3.53 19.01 2.3752
0.5 0.21 13.65 1.98
0 1.09 16.01 2.7083
0 1.87 18.58 1.2024
2.175 4.1 20.35 2.8595
10.05 4.04 19.03 5.2312
7.225 0.92 10.28 2.7279
0.6 -1.56 9.85 0.6457
6.175 -1.08 11.71 2.278
4.15 0.57 9.69 1.7061
16.875 0.26 10.5 2.8495
11.825 0.89 10.18 2.8798
0.05 0.61 9.19 0.5324
0 -0.14 14.12 2.3087
0 1.88 18.35 0.694
0 3.92 19.01 1.862
0.475 5.16 18.63 1.9806
15.35 5.86 12.53 4.2771
20.5 4.38 9.65 4.4067
6.075 1.81 9.59 1.1166
0.05 2.44 13.19 0.6705
0 3.14 14.53 0.8393
0 3.8 18.5 1.889
0 4.14 18.49 1.2659
0 4.76 20.86 1.2391
7.7 6.78 21.83 1.4338
20.425 5.92 19.74 2.5665
12.025 2.23 10.07 3.2553
2.475 3.72 7.58 2.0015
0.125 5.22 10.19 1.0789
0 5.61 19.8 0.9263
0 9.08 21.64 1.219
1.175 7.46 24.64 0.7895
8.375 7.96 24.47 4.402
4.075 2.2 13.76 4.7248
1.75 1.57 11.83 3.5117
0.075 0.39 11.72 3.2216
0 2.21 17.31 1.8634
0 4.12 20.18 1.7864
0 6.99 23.7 1.1013
0 7.5 24.52 2.1345
0 5.69 22.2 3.6549
0 2.81 19 2.3622
0 3.4 19.37 0.871
0 4.65 21.42 2.7138
0.675 5.08 19.45 3.5375
10.575 6.01 12.92 3.2227
5.475 0.23 10.11 3.6765
0 0.87 15.47 2.0389
0.875 3.84 21.43 1.1883
1.375 6.31 23.73 0.8017
0 7.21 24.68 0.6961
0.225 9.06 25.84 1.2855
3.75 10.67 25.95 2.074
2.125 9.5 17.01 1.7442
0.1 9.45 19.38 1.5251
0.175 9.54 21.35 3.3422
1.35 4.29 20.21 4.1866
2.05 1.76 14 3.4846
0.825 2.31 12.66 4.0879
0.725 4.35 17.07 2.2604
7.95 3.88 16.7 1.607
8.95 5.44 17.61 2.9113
12.275 6.68 16.2 2.2429
6.9 2.84 14.7 3.1958
0 3.53 16.37 1.6981
0 6.2 23.65 0.854
0 10.57 26.77 2.4726
0 11.59 25.13 3.0203
0 10.66 23.82 2.2372
0 11.52 25.94 2.3325
0 13.35 25.98 2.5599
0 12.99 27.71 1.7934
0 13.65 30.01 2.6557
0 12.24 30.1 3.0782
0 11.41 27.75 2.543
0 11.23 28.2 3.6307
0 6.14 23.54 4.5557
0 8.01 20.72 5.1057
0 9.59 26.21 3.7874
0 11.15 29.24 0.9981
0 11.99 29.28 1.8495
0 12.39 31.22 2.8257
0 8.3 27.99 3.2183
0 7.58 24.68 1.3826
0 7.33 27.86 2.3901
0 7.96 25.45 3.2381
0 7.11 23.42 2.6951
0 8.55 25.41 1.8818
0 9.5 27.72 0.982
0 11.07 30.49 1.9547
1.15 11.99 30.97 2.2689
0.725 12.4 28.73 2.8123
0 13.13 28.48 2.534
0 14.71 31.88 1.1371
0 17.54 35.54 1.6772
0 16.32 36.95 3.146
0 12.87 33.16 2.9639
0 10.81 31.03 2.7852
0 10.81 30.37 2.9326
0 11.75 28.61 2.3879
0 11.94 30.1 1.207
0 13.17 32.46 1.8683
0 13.01 33.35 2.3794
0 13.31 31.01 2.3982
0 13.79 32.03 2.4167
0 15.84 33.15 2.2172
0 15.71 34.26 1.8872
0 16.58 35.13 2.3312
0 16.93 34.01 3.1875
0 16 32.04 3.19
0 16.11 31.77 1.6354
0 16.59 34.23 1.3661
0 18.2 36.77 2.6861
0 18.71 37.62 2.7285
0 17.52 36.97 2.5571
0 15.62 36.85 1.9602
0 15.68 35.12 1.9537
0 15.15 33.25 2.4742
0 13.71 33.25 1.0248
0 14.81 32.76 2.316
0 16.06 33.87 2.1524
0 17.07 35.64 2.705
0 16.47 34.17 2.878
0 15.74 30.65 2.0872
0 13.28 29.58 2.5146
0 13.54 30.99 2.2897
0 13.6 32.26 2.5312
0 13.5 32.06 2.3769
0 13.05 31.6 1.9967
0 13.41 31.8 2.4164
0 12.73 32.72 1.6017
0 13.29 32.82 2.0151
0 13.44 32.7 2.1157
0 13.14 31.55 2.2162
0 13.08 31.14 2.5691
0 13.68 30.77 2.9384
0 13.63 29.34 2.1186
0 12.97 29.53 2.0545
0 12.33 28.93 2.3087
0 11.72 28.35 1.0556
0 12.78 29.2 1.4619
0 14.23 30.81 2.3689
0 13.9 30.95 2.9155
0 13.78 31.74 1.2416
0 14.9 33.53 1.6181
0 14.47 33.27 1.695
0 12.5 32.18 1.9811
0 13.29 32.63 2.2751
0.075 13.33 32.86 1.9487
0.05 10.24 31.14 1.7715
0 11.66 28.7 2.5541
0 12.81 33.94 2.0039
0 15.73 38.5 0.5452
0 18.37 38.43 2.2876
0 14.24 34.63 2.3578
0 10.15 31.37 2.8611
0 7.43 21.09 2.237
0 8.23 22.37 2.4893
0 9.05 24.33 1.5252
0 10.88 27.6 1.0541
0 13.82 32.25 0.4758
0 14.61 35.02 1.2926
0 14.36 35.11 1.2603
0 16.43 33.37 2.0592
0 12.84 31.76 1.4541
0 12.64 31.19 2.2848
0 10.42 29.23 2.824
0 6.67 17.85 1.9257
0 7.12 22.15 0.8351
0 8.99 26.19 0.6229
0 11.55 30.39 1.1275
0 11.76 29.81 1.7569
0 10.4 28.05 1.4836
0 10.69 28.03 1.1503
0 10.42 28.48 1.7419
0 11.08 28.58 1.5586
0 11.51 27.69 1.4467
0 11.38 26.85 1.3794
0 9.84 25.35 1.2846
0 9.57 25.9 1.1634
0 8.15 23.63 2.7118
0 7.71 21.42 1.1171
0 9.08 27.2 0.7113
0 11.35 30.01 0.9855
0 17.26 33.91 0.6989
0 13.84 34.32 1.2945
0 14.87 36.02 0.6152
0 15.87 37.42 0.5558
0 15.56 35.67 0.319
0 15.34 32.86 0.5759
2.85 16.09 31.74 1.1281
7.575 14.94 31.09 1.6048
7.65 11.59 23.27 1.5131
0.725 10.88 17.18 1.486
0.325 7.67 17.09 0.7069
3.4 7.59 19.93 2.1448
0.025 6.78 18.45 0.6708
0 7.32 23.02 1.8893
0 9.69 24.57 1.7599
0 11.52 26.75 1.8601
0 12.26 27.47 2.3225
0 12.5 29.81 1.5283
0 12.88 30.95 0.62
0 12.14 31.07 0.5678
0.1 11.81 29.8 1.1164
2.275 11.39 25.55 0.9563
1.15 8.43 19.91 1.2127
0 7.9 19.22 1.6419
0 8.65 23.28 0.9416
0.075 9.08 23.36 1.8329
2.7 8.43 20.27 1.5025
9.1 9.69 19.72 1.8215
47.95 10.84 15.3 5.0796
15.65 6.73 14.76 3.43
0 3.06 15.44 1.5175
0 1.99 16.44 2.9716
0 3.52 17.99 3.5215
3.225 7.53 21.37 2.1534
4.175 8.29 20.86 1.8221
1.175 5.34 12.54 0.9991
0 5.1 18.72 1.8175
0 5.99 20.62 2.9971
0 8.02 22.93 2.7428
0 9.31 26.99 1.7521
0 10.12 27 1.2568
1.4 9.25 26.18 2.1189
17.975 8.14 21.66 3.3568
8.95 2.84 12.04 2.4645
2.125 0.38 11.9 0.7193
1.3 1.79 13.37 1.6126
0.1 1.13 12.11 2.3471
0 1.65 14.94 1.4495
0 3.51 15.94 3.0458
0 4.9 17.67 1.7034
0 6.06 19.22 2.7563
0 5.64 20.38 1.3528
0 5.19 19.45 2.0111
1.05 4.15 19.75 1.9275
19.125 4.36 18.61 2.3445
27.125 1.29 9.47 3.1673
24.1 0.64 7.08 4.8673
13.25 1.25 5.49 3.2362
17.2 2.63 7.55 4.1167
6.65 -3.64 4.72 1.3305
0 -3.79 7.04 3.3048
4.95 -2.46 7.91 3.3683
13.475 -1.11 10.41 2.7559
6.9 -1.35 6.25 2.3126
0 -4.84 7.52 2.4928
0 -3.63 7.96 3.0674
0 -0.55 10.33 2.2941
0 -0.48 14.12 2.6367
0.275 4.6 10.43 1.4887
2.025 5.81 14.09 2.3633
12.65 6.31 13.85 2.4853
5 6.02 17.25 3.5146
0.725 2.65 14.15 2.2183
3.975 3.72 14.93 2.2745
4.15 5.73 12.61 1.2569
0.95 7.26 14.87 1.619
0 5.52 15.07 0.4555
0 4.53 15.63 2.2933
1.775 3.51 15.75 1.3519
15.25 4.05 12.09 2.034
7.425 2.03 11.16 1.3615
3.975 -0.78 10.65 2.6089
32.4 -0.41 10.44 3.4702
41.55 5.77 10.64 5.0629
65.025 7.17 11.66 5.7295
9.6 2.75 11.26 2.7677
5.925 2.93 5.71 2.8208
5.225 3.1 10.27 2.2205
1.65 4.77 9.44 0.5644
1.45 2.61 12.13 3.1248
16.05 2.49 14.14 5.4518
7.95 1.73 13.31 2.2698
1.075 1.51 9.87 0.8853
40.8 1.79 10.57 2.3898
30.325 3.56 8.53 4.4721
3.125 -4.32 6.27 2.2457
1.775 -5.7 4.88 1.5746
16.725 -4.18 6.3 4.3677
14.5 -1.59 6.59 4.6692
3.4 0.79 6.64 2.4534
0 -1.33 7.32 3.0936
0 -1.2 9.62 3.7452
0 -0.92 10.28 4.9613
0 -1.11 9.22 3.4853
0.025 -1.01 10.67 1.7556
0 -1.26 5.79 1.3314
0 -3.34 4.37 3.1098
1.85 -0.73 6.98 3.4255
1.45 2.79 13.47 2.3024
1 2.21 13.72 1.669
0.65 4.67 9.84 1.2152
0 0.33 12.29 2.6472
0 3.76 12.66 0.6763
0 4.58 14.22 0.6188
0 4.18 12.5 2.4261
0 1.75 11.88 1.4795
0 1.62 14.38 4.1124
0 1.84 16.73 3.6685
0 2.33 16.26 2.9719
0 1.48 17.81 4.0248
0 1.48 17.22 1.8689
0 2.31 16.36 2.1277
0 2.56 17.36 4.9496
0 2.5 18.86 3.5303
0 2.14 18.12 1.8087
8.375 1.34 16.66 0.6183
7.4 1.16 13.56 1.7464
2.525 0.41 8.48 1.3604
0 0.04 10.12 1.7904
0 -2.39 12.35 2.9998
0 -0.76 12.86 2.0196
0 0.53 13.06 2.5697
0 2.6 16.35 1.6403
0 3.56 17.66 1.9249
0 3.85 19.12 0.6577
0 0.61 18.41 2.451
0 -1.38 12.78 3.4784
0 -0.79 12.61 3.6391
0 -0.06 13.91 3.7527
0 -0.04 18.05 2.8163
0.025 0.11 20.27 1.1927
0.575 0.01 18.94 3.9435
13.425 5.74 15.14 4.9161
15.075 3.74 12.37 5.8144
31.25 0.94 5.93 4.859
30.925 0.56 5.6 2.5453
10.025 -0.25 7.44 3.1259
0.475 -2.72 6.78 0.6052
0 -1.86 8.37 1.2375
0 -2.61 8.3 0.49
0.475 -2.06 11.14 0.6988
7.825 -1.25 9.79 2.4595
18.15 -0.1 7.95 5.152
7.275 -4.89 6.01 0.9191
25.925 -5.3 5.22 0.4761
1.2 -3.67 8.66 2.3255
2.725 -3.55 11.81 1.8642
11.75 -1.22 13.02 3.9164
3.725 6.2 13.75 1.4993
0.025 0.22 14.01 1.4701
4.3 1.41 15.36 0.5258
21.3 4.12 16.96 1.723
10.875 4.87 10.14 4.0915
0.175 1.34 10.82 0.7794
0.675 2.26 15.53 1.5394
0.15 4.64 17.4 1.1149
0.05 3.35 16.53 1.1008
0.175 3.06 14.23 0.4581
5.65 3.84 15.18 1.4299
5.525 6.25 14.97 1.4103
16.35 6.83 16.99 1.6781
9.95 6.88 16.59 2.5614
2.55 -0.37 11.35 0.9603
13.5 -0.25 12.62 3.7877
27.35 0.73 10.05 4.7894
44.075 2.77 7.35 5.3809
20.875 1.15 6.3 2.3217
3.725 0.21 8.59 1.4308
11.375 0.69 11.29 5.1705
21.65 3.34 7.34 5.5951
18.325 0.42 6.34 4.0152
18.725 1.44 9.48 3.1746
4.625 3.81 8.29 1.6035
1.025 4.12 11.8 0.6668
0 3.27 14.78 1.2078
0 3.91 15.16 1.8328
0 5.78 19.14 2.456
0 6.5 24.1 1.9343
0 7.31 24.97 0.9631
0 2.66 19.48 1.8351
0 3.28 18.16 1.8739
0 4.95 21.45 1.3639
1.65 4.17 21.32 1.6287
5.15 3.04 18.84 3.4691
2.35 -0.81 8.05 1.6384
0.05 -2.2 9.28 1.2602
0 -1.84 13.49 0.4018
0 0.41 15.45 1.5385
0.05 1.88 16.56 1.3742
0.5 2 16.06 2.6192
0.225 -0.35 11.97 0.5179
0 -0.44 16.38 0.7623
0 2.78 20.92 1.2524
0.25 3.66 22.25 2.0561
0.525 7.67 21.98 2.5706
0.4 9.35 18.8 1.4085
1.3 8.94 19.19 1.8866
1.575 9.17 18.3 1.9364
0.55 3.47 16.91 0.8569
0.6 4.19 16.6 0.8912
0.875 5.83 17.41 2.0654
0.6 5.42 17.07 2.2913
0.175 2.38 17.73 2.3602
0.025 2.26 18.55 0.9206
0 3.04 20.33 2.1856
0 4.22 19.36 4.37
0 0.94 17.16 3.4021
0 2.24 20.07 1.7763
0 3.9 22.57 0.516
0 6.27 24.29 0.9968
0 7.78 24.64 2.9893
0 9.16 27.63 0.8881
0 9.02 28.91 1.3911
0 8.27 26.35 1.8727
0.025 7.26 21.24 2.7335
1.9 3.18 13.05 2.9447
0.95 1.82 15.3 2.4508
0 4.05 21.14 1.7101
0 7.39 23.24 1.1494
0.25 7.83 24.79 0.6905
12.3 8.5 24.35 2.8361
11.9 3.37 14.71 2.7438
3.875 1.87 10.66 1.4504
16.35 3.8 11.93 3.4505
7.05 5.41 10.36 2.0933
0.45 3.37 14.37 2.8893
0 3.9 21.3 1.5846
0 8.4 23.43 2.1152
0 7.01 22.92 3.1308
0 5.54 21.12 4.4201
0.225 5.63 19.83 2.3642
3.45 6.62 20.51 2.7823
1.175 3.8 18.12 2.1323
0.325 4.65 18.59 3.1564
1.3 5.22 18.66 4.0025
0.85 4.63 15.4 4.5732
0.025 4.59 16.98 2.793
0.6 4.82 18.73 2.5869
0.45 7.2 18.97 2.6821
0.4 3.67 14.53 1.5934
0.6 4.03 16.79 0.803
6.575 5.61 17.44 3.2663
14.125 11.01 14.93 1.0772
6.55 8.15 19.17 3.4768
0.125 6.27 17.47 2.0282
0 7.48 21.47 2.8975
0 9.54 24.81 1.5837
0 10.68 26.67 2.5945
0 10.12 26.01 3.1144
0 8.95 23.45 2.7518
0 9.97 25.86 2.7007
0 12.59 29.34 2.0554
0 13.67 31.33 2.0538
0 12.35 30.69 2.4074
0 11.72 27.37 1.4449
0 12.33 28.04 2.8539
0 12.13 28.94 2.2629
0 13.36 29.05 0.5963
0 14.96 32.86 0.7113
0 17.16 35.26 2.531
0 14.37 34.44 2.5966
0 11.94 30.96 2.4723
0 11.13 29.48 2.5993
0 11.6 29 2.4041
0.55 12.81 30.38 2.3924
12.1 12.83 29.69 2.4856
6.425 10.34 24.06 2.4411
0.125 8.88 21.48 2.3382
0 11.04 27.02 1.301
0 14 31.9 1.0438
0 15.93 34.7 0.94
0 16.3 35.64 1.5681
0 17.18 35.14 1.6832
0 18.01 34.96 2.5052
0 17.9 34.85 2.8275
0 16.27 33.77 2.0207
0 15.56 33.38 2.4302
0 13.28 32.36 2.231
0 12.11 31.09 2.4567
0 11.92 28.18 2.6236
0 11.95 27.1 3.1752
0 11.33 25 2.7488
0 11.3 24.9 3.3493
0 10.7 25.16 3.2352
0 10.46 25.99 2.0784
0 11.31 27.66 1.2745
0 12.64 28.4 1.9614
0 13.4 30.1 1.4955
0 13.78 31.45 2.3081
0 13.44 32.47 2.7832
0 13.86 32.33 1.9153
0 14.39 32.27 2.0263
0 13.34 33.24 2.1688
0 11.77 31.96 1.8742
0 12.08 32.13 1.6698
0 12.83 32.99 1.5323
0 14.19 34.45 2.369
0 13.96 34.18 3.1702
0 16.8 33.88 2.1589
0 16.87 31.96 1.5663
0 15.63 32.92 1.855
0 14.9 33.64 2.1098
0 13.63 32.94 3.1374
0 12.95 29.63 2.4129
0 13.84 30.57 3.1381
0 15.91 30.08 2.5788
0 12.37 31.51 1.9227
0 13.16 31.34 2.0416
0 13.16 31.96 2.1909
0 13.56 32.41 2.6779
0 12.72 31.62 1.8094
0 14.28 31.73 1.4604
0 15.41 33.48 2.1325
0 13.21 32.89 1.4728
0 12.87 32.36 1.1861
0 12.6 32.7 1.8479
0 12.54 33.06 1.7176
0 13.15 32.37 2.6648
0 12.31 30.25 2.1213
0 11.92 29.55 1.6806
0 12.24 29.58 1.2863
0 13.69 31.25 0.9445
0 14.99 33.23 1.9922
0 15.29 33.17 1.2441
0 15.91 33.76 0.8474
0 16.42 34.76 1.0511
0 16.55 35.13 1.4419
0 14.81 34.74 1.7848
0 14 33.48 1.8466
0 12.78 31.64 1.7547
0 12.92 31.06 0.7367
0 13.95 31.3 0.8392
0 14.57 32.99 0.7491
0 15.11 32.85 0.9201
0 17.47 33.08 1.8955
0 12.74 33.67 0.6523
0 14.16 34.04 0.9649
0.55 14.27 34.17 0.9848
0.325 14.36 33.9 1.6535
0.15 14.54 34.17 0.877
0.575 14.74 31.25 1.7716
0.175 13.05 26.27 1.6649
0.25 12.64 29.24 0.7998
0.15 13.23 30.15 1.4854
0 13.83 29.53 2.4893
0 11.66 28.61 1.7
0 10.35 25.98 1.7404
0 10.72 26.97 0.6813
0 11.69 30.63 0.3542
0 13.38 33.58 1.0079
0 14.31 33.5 0.7094
0 15.24 34 0.552
0 14.06 35.64 0.6646
0 14.49 34.84 1.559
0 13.2 31.02 2.2787
0 9.53 22.59 1.9015
0 9.78 26.75 0.7075
0 12.44 30.73 0.5995
0 12.33 32.31 0.9674
0 13.99 32.03 1.3155
0 11.65 28.29 2.3977
0 10.92 24.74 1.8782
0.3 9.33 24.58 2.006
15.85 7.51 21.21 2.2156
16.9 7.37 18.02 3.758
5.425 6.29 13.01 0.8049
1.4 2.93 12.44 0.8903
0 3.74 17.04 1.291
0.55 4.87 20.62 1.2174
2.95 8.47 22.11 1.6213
1.45 11.49 18.54 1.7769
0 8.52 23.28 1.0079
0 8.71 26.53 0.6993
0 11.84 28.25 0.4878
0 10.98 28.01 1.0129
0 11.66 27.89 1.2452
0 11.65 25.57 1.6587
0 11.57 27.15 1.5022
0 10.98 27.55 1.0131
0 11.6 24.2 0.6901
0 9.05 24.7 0.7594
0 9.72 24.75 2.3961
0 9.87 26.08 1.7128
0 9.53 27.37 1.7674
0 8.7 24.96 1.4057
0 4.92 20.12 3.015
0 4.12 19.24 3.1917
0 5.8 20.2 1.8644
0 6.23 21.49 1.067
0 6.8 22.7 2.1001
0 7.17 24.28 0.437
0 5.61 23.7 3.7107
0.075 5.25 21.38 4.0919
3.25 4.36 21.14 3.49
2.275 2 18.64 1.7577
5.45 -1.69 10.53 0.6758
2.75 -1.05 10.05 1.4999
0.1 -1.45 10.18 0.8945
0 -0.75 10.61 2.0745
0 0.89 14.38 3.0377
0.15 0.9 16.31 3.0286
2.575 2.7 19.21 3.5252
1.3 7.35 17.43 0.7279
0 5.56 16.37 0.2828
0 7.3 16.56 0.7586
0 4.24 15.82 0.6105
0 3.91 17.45 0.9144
0.075 3.85 17.43 1.1573
1.025 3.72 16.98 3.3565
3.575 1 10.15 2.2187
1.65 1.44 10.1 4.0158
0.2 -0.11 11.22 1.8956
0 0.45 12.09 2.7773
0 0.7 13.17 4.0074
0.25 1.26 14.81 2.218
0.1 2.81 12.25 0.7219
0 2.68 15.62 2.7689
0 3.43 17.91 2.2711
0.025 3.92 21.66 1.0093
0.025 3.79 17.17 1.6476
0 1.71 18.98 3.8962
0 0.19 16.3 7.8719
0 -0.4 14.76 3.5284
0 -1.03 13.96 4.0986
0 -2.29 13.22 2.768
0 -2.91 11.88 3.4626
0 -2.71 12.7 3.0117
0 -2.78 13.02 3.3291
0 -0.77 14.03 3.3471
0 -0.58 13.84 4.2608
0 -0.53 16.1 3.0766
0 -2.12 15.21 0.7639
0 -1.11 11.76 1.5535
0 -1.42 12.62 1.4552
0.1 -1.84 11.62 0.9241
1.025 -2.59 11.37 0.7472
0.475 -2.32 9.75 5.1826
0 -0.6 13.44 4.5239
0 -1.05 15.45 2.6704
0 -0.98 13.46 4.5151
0 -1.16 12.74 4.2513
0 -2.81 12 3.4785
0 -4.64 12.54 4.4926
0 -2.63 13.41 3.9431
0 -2.01 12.21 4.9442
0 -1.48 16.04 3.4001
0 -0.76 16.69 1.2891
0 -0.72 15.3 1.0563
0 0.19 15.76 1.0689
0 3.55 16.47 0.8618
0 2.83 15.86 1.4251
0 0.23 14.21 2.3833
