1.15 -3.17 10.36 1.4707
8.15 -3.38 4.58 1.3804
4 -3.46 8.02 1.7718
0.225 -5.86 5.03 3.9027
1.7 -6 6.05 1.9143
0.825 0.43 2.93 0.3875
0 -0.9 4.99 1.4891
0 -0.58 7.45 0.7587
0 -1.09 9.68 4.1658
0 -2.69 8.67 3.4097
0 -3.19 14.15 2.5306
0 -1.85 12.4 5.399
0 -0.6 14.87 4.0166
0 -2 17.1 3.8038
0 -1.86 17.15 3.8738
0 -1.46 18.49 4.8916
0 -1.32 17.11 4.255
0 -1.3 17.22 4.8096
0 -1.33 17.45 4.9614
0 -1.3 16.79 3.4969
6.25 -0.63 16.79 2.6932
20.95 4.74 15.29 2.0762
22.125 6.7 8.9 1.6348
33.3 5.49 10.42 2.3512
12.675 0.45 8.94 3.3783
2.175 -4.46 2.2 0.9239
0.15 -6.3 5.13 1.2689
0 -6 6.02 1.3805
0 -3.32 9.72 4.1508
0 -3.78 11.55 4.4669
0 -1.67 15.92 3.0056
0 -1.24 15.29 3.1224
0 -1.22 13.08 4.0018
0 -0.86 17.29 3.8175
0 -0.03 18.91 3.0114
3.025 1.07 17.96 2.5804
9.2 3.2 9.65 2.9431
3.425 0.69 9.65 2.7959
11.85 -0.37 10.14 1.2095
7.525 -2.06 8.05 3.3818
4.675 -7.79 3.84 0.4234
8.25 -7.51 5.48 2.753
5.9 -3.56 6.01 1.3671
18.025 -4.2 5.7 3.1843
10.225 -2.24 3.17 3.7718
2.85 -0.6 5.75 6.1676
14.475 0.76 6.55 5.4419
13.8 0.37 5.86 4.4247
2.425 -2.16 3.49 1.4982
0 -3.76 8.18 3.5068
0 -3.36 12.94 2.666
4.225 -3.12 14.21 3.7326
15.725 -1.74 12.42 3.8553
10.125 5.52 8.62 2.8229
2.825 2.74 9.79 1.657
1.65 2.52 13.66 1.5934
1.35 1.71 11.16 2.692
0.2 -1.99 11.72 0.4404
0 -1.64 12.31 3.6617
8.75 1.44 15.02 2.9439
26.6 5.88 12.07 4.2682
50.95 3.54 11.45 4.9644
30.35 -0.09 7.89 2.7677
6.3 -4.28 7.67 0.949
0.425 -3.9 8.15 1.8749
0 -4.63 6.92 0.396
0 -4.27 9.68 1.3583
0 -2.83 11.08 2.6055
0 -5.87 7.19 0.5486
0 -5.62 9.24 0.7379
0 -2.63 11.88 2.0433
0 -2.33 13.38 2.198
0 -1.99 14.63 1.3966
0 -0.86 11.69 2.5885
0 0.99 13.9 3.0748
0 1.49 15.19 1.0191
0 1.66 16.6 1.1336
0 2.21 17.77 1.1437
0.05 2.75 18.96 0.8114
11.975 2.96 18.38 1.7812
8.95 -0.04 12.66 3.9874
1.15 -5.26 6.04 2.1865
0.325 -4.75 9.24 1.972
0.2 -3.51 13.14 0.6601
0 -0.25 15.74 1.8432
0 2.27 17.68 2.009
0 2.58 18.35 1.4183
0 2.6 19.51 3.5286
0 -2.43 13.41 2.1039
0 -2.61 13.26 0.4104
0 -0.09 15.99 2.7536
0 1.19 19 2.5942
0 0.57 14.58 5.1572
0 -3.91 11.87 1.9827
0 -3.24 13.88 2.6861
0 -1.38 18.97 2.0542
13.05 0.76 21.32 1.1308
11.575 1.54 16 3.0291
10.75 0.71 9.03 1.8307
7.025 2.01 9.31 2.2728
1 -0.25 9.99 3.6185
0 0.16 12.43 1.4789
0 1.12 16.6 2.3545
0 2.76 16.51 4.9518
0 -4.97 9.04 5.8091
0 -3.91 9.47 2.9444
0 -1.99 15.15 1.6335
0 0.29 18.9 2.6624
0 1.63 22.24 2.6792
0 6.48 26.59 1.4943
0 7.46 27.46 1.1554
0 7.24 28.65 1.9079
0.1 6.16 27.88 2.5914
0.625 5.27 20.82 3.1671
0.325 -2.01 12.37 3.2973
0 -1.46 15.3 1.9143
0 0.56 16.57 2.3148
0 -1.55 15.08 3.1254
0 -2.12 12.54 1.6771
0.5 -0.57 15.4 1.8574
40.45 1.06 18.44 1.8983
24.25 7.4 15.66 2.5581
3.825 7.43 12.85 3.8046
3.1 6.14 14.65 1.9524
0.95 8.12 17.35 3.8052
0 6.55 20.41 2.0558
0 5.97 22.19 2.8889
0 5.54 21.1 1.8106
0 5.79 22.6 1.503
0 6.14 23.6 1.1592
0 6.27 24.96 2.9998
0 4.28 23.47 3.3229
0 4.63 21.24 2.6485
0 5.28 23.64 3.0271
0 6.69 22.9 1.9842
0 8.68 26.35 1.5902
0 11.59 31.41 0.3631
0.125 11.45 33.51 2.2382
0.075 12.03 32.46 2.5247
0 7.91 26.43 1.4502
0 7.06 25.47 0.9676
0 8.11 26.42 2.4106
0 8.41 26.76 2.9841
0 6.89 24.96 2.7316
0 6.08 23.52 2.0201
0 8.6 24.81 1.5468
0 9.7 27.51 0.9433
0 11.17 30.4 2.0079
0 11.7 30.45 2.549
0.025 12.45 29.99 3.1225
0 10.93 25.24 2.2569
0 10.35 26.29 2.1494
0 9.03 23.54 2.2967
0.85 9.32 22.35 0.4383
3 7.65 22.57 2.1295
3.375 6.02 19.45 3.377
3.3 3.76 15.47 2.2003
1.425 5.34 17.61 2.6487
0 6.68 21.58 2.5579
0 5.88 22.92 3.3859
0 6.26 21.44 3.0541
0 5.46 20.06 3.3161
0.4 6.59 22.38 2.4074
0.225 8.76 19.46 3.5199
0.025 6.16 20.2 2.3891
0 5.96 21.39 2.4582
0 7.02 21.62 2.5384
0 8.77 23.08 3.1007
0 9.37 26.01 1.974
0 10.44 29.65 2.7903
0 6.91 28.54 3.2032
0 5.08 23.43 3.2924
0 6.13 22.35 1.502
0 7.81 26.37 0.7889
0 9.89 30.21 1.6067
0 11.21 31.81 2.7514
0 10.34 29.59 1.7106
0 11.59 30.15 0.959
0 12.49 35.32 0.7158
0.05 13.99 36.39 2.8727
0.025 13.73 36.34 2.7945
0 13.06 32.92 2.265
0 13.46 32.89 1.8314
0 11.97 32.47 2.8515
0 11.45 32.51 2.5636
0 10.9 29.96 2.7933
0 9.96 28.46 2.5411
0 7.66 27.59 2.7279
0 6.66 27.23 2.6287
0 7.93 26.59 2.6179
0 8.13 27.1 2.0245
0 9.54 28.17 1.8781
0 12.07 28.96 2.3269
0 11.23 29.5 1.6292
0 11.06 32.09 0.9068
0 12.04 33.09 1.4834
0 13.01 34.84 1.8954
0 14.16 34.68 1.7256
0 15.47 36.03 1.9917
0 15.47 36.62 1.6407
0 16.25 36.8 2.4374
0 13.72 34.93 2.57
0 12.72 33.21 2.405
0 12.45 32.9 2.1111
0 13.01 32.32 2.1797
0 11.92 31.41 2.3067
0 11.3 32.14 1.9969
0 14.54 34.25 1.7564
0 15.3 35.18 2.0877
0 15.58 33.62 2.8561
0 15.25 32.05 2.5876
0 13.03 31.76 2.7489
0 13.48 30.83 2.5876
0 12.65 31.02 3.0994
0 10.15 28.83 2.6435
0 10.65 28.11 2.2564
0 11.68 29.4 2.4087
0 8.92 27.49 3.0934
0 6.24 21.18 1.877
0 7.59 23.15 1.4821
0 9.68 27.7 0.5659
0 11.94 30.17 1.2223
0 13.41 32.81 3.021
0 11.94 33.68 2.8979
0 11.41 32.4 3.1285
0 10.31 29.79 3.0981
0 7.07 27.51 1.5146
0 7.68 27.65 0.5534
0 10.66 30.06 0.8419
0 11.88 31.51 0.9131
0 12.51 33.26 1.3166
0 13.45 32.74 2.2626
0 14.28 32.48 2.2588
0.6 13.2 34.47 2.2365
0.825 13.11 32.04 2.9846
0.225 11.36 27.42 1.6419
0 10.22 27.68 1.5314
0 9.81 29.35 0.5182
0 9.53 31.34 1.5937
0 10.19 32.55 1.4397
0 11.81 32.72 1.5176
0 11.79 34.26 2.7142
0 13.42 32.61 1.7932
0 12.23 30.7 0.9035
0 11.75 32.13 0.355
0 12.65 33.62 1.6477
0 12.39 33.36 2.2723
0 8.81 30.32 2.129
0 8.49 27.21 2.1065
0 7.6 24.8 1.6889
0 7.68 26.52 0.5119
0 8.38 27.38 0.997
0 10.45 30.49 0.4406
0 10.78 32.56 1.0207
0.15 12.2 33.54 1.7198
0.55 9.78 29.58 2.2573
1.575 9.59 22.95 2.7711
0.575 7.65 20.25 1.5785
0 7.57 25.22 1.5164
0 9.77 27.97 0.5978
0 10.47 29.26 0.9857
0 11.72 32.53 2.0887
0 9.68 30.16 0.8841
0 9.68 29.61 2.2561
0 11.09 31.43 2.2626
0 10.58 32.24 1.3967
0 10.04 32.05 0.809
0 9.98 31.59 0.7914
0 10.71 32.85 1.1572
0 10.72 33.91 0.4373
0 11.35 33.77 2.0356
0 10.95 30.33 2.5405
0 1.1 16.34 2.367
0 1.6 20.61 2.4163
0 2.59 22.38 0.816
0.3 4.11 23.37 3.1308
0.25 2.15 18.66 3.3858
0.025 -1.47 11.85 0.3236
0 -1.78 15.54 2.8387
0 0.32 19.23 1.4058
0 1.97 19.57 1.3001
0 2.6 20.95 0.6908
0 3.78 21.6 0.6257
0 3.58 21.99 1.8901
3.85 4.14 20.37 2.0343
48.45 3.92 14.53 6.8319
27.575 7.99 12.79 4.4273
1.175 10.24 17.92 1.0012
0 8.65 22.34 2.1492
0 8.21 22.49 1.0739
0 11.08 25.65 1.7256
0.5 5.81 20.96 2.1725
0.275 1.86 14.96 1.632
0 2.03 15.26 1.0447
0 2.93 18.84 0.6894
0 4.43 20.04 1.1713
0 6.17 21.64 1.2135
0 5.19 20.81 1.7217
0 4.78 19.85 1.0991
0 5.16 21.43 4.6053
0 0.88 16.1 4.8752
0 -2.27 12.54 0.7761
0 -2.31 12.86 0.1291
0 0 17.91 0.8439
0 1.9 19.66 0.8705
0 4.19 20.59 1.2798
0 4.67 22.34 1.1796
0 3.93 23.89 1.8243
0 3.22 22.89 2.4462
0 1.94 16.4 0.7569
0 2.38 16.35 1.6149
0 -0.26 14.8 1.8774
0 0 14.79 1.134
0 0.85 15.81 0.6973
1.75 2.61 15.43 0.3947
2.925 3.24 13.6 1.9533
0.85 -2.35 9.85 1.2603
0 -2.33 10.62 1.0573
0 -2.25 11.82 2.8178
0 -2.27 12.91 2.0503
1.775 -0.73 16.38 1.5022
0.9 -0.52 16.86 1.8498
0.125 -1.97 12.29 2.3387
10.95 -1.7 12.96 3.8037
5.525 -1.72 12.89 1.0995
0 -1.49 9.59 0.5591
0 -1.78 12.25 2.1768
0 -1.2 11.66 3.6047
0 -0.59 14.44 3.9433
0.175 -0.32 17.16 2.5308
2.6 0.17 17.6 1.0786
1.325 0.61 9.69 5.3081
0 -1.83 12.15 4.9408
0 -1.96 11.57 3.9221
0 -1.58 14.53 1.752
0 -1.97 13.54 2.2365
0 -3.25 12.36 2.0997
0 -2.95 11.61 2.0442
0 -2.66 12.81 0.8555
12.2 -4.91 8.47 2.2302
13.9 -5.17 3.84 0.7537
3.55 -10.39 0.91 0.7719
0 -9.97 1.48 1.9207
8.15 -9.28 3.42 3.2049
28.925 -3.25 6.64 2.8401
42.075 2.72 7.31 3.7922
26.625 2.26 7.74 4.1001
6.05 1.65 5.17 0.8407
0 -1.57 8.02 3.2632
0 -0.01 10.34 2.683
0 -0.06 11.04 2.2001
0 -1.52 11.24 2.7374
0 -1.08 6.57 4.094
0.925 -0.55 11.47 2.8572
14.4 1.06 14.2 1.8713
8.5 -1.72 8.64 3.6355
0.525 -6.27 5.28 2.3498
0 -5.1 6.24 3.9799
0 -3.79 10.33 4.0051
4.975 -3.02 12.2 4.1143
4.15 -2.73 9.05 2.1213
1.825 -1.36 8.48 3.1113
4.65 -1.58 7.21 0.8778
2.25 1.87 7.46 1.503
0.55 -0.31 7.33 2.7151
0.375 -0.59 9.26 2.3159
0.025 -0.46 10.63 1.1298
0 -1.59 12.44 3.8946
0 -2.41 13.62 2.8743
0 -2.32 15 2.69
0 -1.45 11.19 3.0727
0 -1.18 11.79 2.6952
1.225 0.19 11.74 3.0223
1.05 1.44 12.32 2.3855
0.225 1.51 9.89 2.4853
0.575 1.51 11.14 3.2082
15.7 1.98 15.32 4.6497
9.6 3.76 12.71 2.0872
0.7 -2.99 9.73 1.4185
0 -2.48 10.73 3.3466
0.25 -0.91 13.31 2.3311
13.15 -0.88 14.14 2.8006
20.375 2.87 10.28 4.9265
21.975 4.83 7.19 5.7569
29.575 0.77 5.55 6.6598
28.6 -1.13 5.83 3.9283
20.85 -2.65 4.24 3.6365
5.8 -3.19 1.4 1.1153
1.175 -4.32 6.53 2.4517
4.45 -3.29 5.79 4.278
2.1 1.96 7.39 2.9118
0 -1.38 9.21 1.3566
0 -2.13 9.55 2.8356
1.475 -0.87 10.22 3.2136
1.775 0.03 11.85 1.381
0.475 -3.34 9.98 1.0967
0 -3.5 10 1.7835
0 -1.89 10.94 2.0875
0 -0.03 10.98 0.6894
7.475 -0.11 11.83 3.0465
7.7 2.06 10.69 3.3078
12.325 4.2 9 1.6655
5.875 1.82 5.98 2.3482
2.7 1.82 5.86 1.4316
3.275 1.41 7 1.9733
1 -3.15 6.38 0.5178
0 -3.05 8.28 1.2855
0 0.03 8.86 1.4533
0 -1.1 13.12 1.3097
0 -0.47 14.19 1.4927
0 -0.53 14.42 1.0442
0 0.6 13.93 1.7385
0 1.4 15.44 2.4531
0 0.17 17.08 0.8902
1.925 0.22 15.21 1.1169
4 2.49 10.87 2.0826
6.65 1.87 7.56 2.7474
2.75 -4.27 5.12 2.2793
19.15 -3.97 9.32 3.8959
15.625 0.02 6.51 2.703
2.225 -2.42 7.41 0.8593
26.925 -1.84 11.58 4.7335
15.875 1.85 12.75 1.1569
0.675 -0.85 8.1 0.3989
0.225 -0.78 11.78 2.3069
6.825 1.82 14.13 2.7127
20.175 2.49 6.71 3.3525
8.975 -1.97 5.53 2.7743
0.125 -3.84 6.16 1.3378
0 -2.84 9.02 2.5001
0.05 -1.33 12.76 0.8986
1.025 1.75 11.39 2.5457
3.6 -6.02 5.94 3.6126
1.625 -4.89 7 2.0363
0.3 -4.58 6.87 0.4802
18.075 -3.97 10.56 2.3058
9.65 -3.21 10.09 2.3413
0 -4.08 9.27 2.682
0 -3.49 11.63 3.7965
0 -0.71 17.95 1.3461
0 1.23 19.87 0.9042
0 2.07 19.62 2.9412
0 -1.21 20.78 2.2729
0 0.56 21.21 1.9295
0 2.3 19.66 0.4183
0 1.07 17.88 1.5114
0 -0.38 16.19 1.9944
0.575 -0.63 16.19 2.0126
1.975 0.63 17.21 2.3621
0.95 -2.53 10.96 2.0923
0 -1.87 13.54 2.7329
0 -1.32 15.88 1.1983
3.15 1.05 18.37 2.7473
14.05 1.1 17.51 5.3044
7.5 -1.63 7.53 2.7893
0.825 -4.31 7.42 0.6934
8.575 -3.86 9.22 2.264
4.175 -2.23 7.49 1.781
22.45 -2.41 7.95 2.8159
13.725 -1.78 7.35 2.9711
0.025 -2.02 6.75 0.5935
0 -3.17 11.77 2.2879
0 -0.79 16.05 0.5874
0 1.21 16.79 1.6905
0.225 1.96 16.45 1.9638
17.75 3.18 10.58 4.1901
23.3 1.66 7.38 4.4587
7.8 -1.01 6.52 1.1012
0.025 -0.55 11.03 0.6608
0 0.37 12.19 0.8239
0 0.82 16.21 2.0518
0 1.21 16.34 1.3105
0 1.78 18.44 1.2142
5.875 3.82 19.74 1.5012
23.325 3.98 18.16 2.5846
16 -0.56 8.45 3.1867
3.175 0.99 4.81 1.9221
0.175 2.51 7.37 1.1444
0 3.3 17.69 0.8799
0 6.56 19.63 1.245
0 4.4 22.3 0.7833
7.325 5.2 22.12 4.3243
5.325 -0.45 11.89 4.8027
1.55 -1.09 8.23 3.6019
0.05 -2.47 9.01 3.2482
0 -1.02 14.52 1.8599
0 0.97 17.76 1.801
0 3.89 21.11 1.0538
0 4.45 22.54 2.1053
0 2.91 20.24 3.6316
0 0.07 16.61 2.3113
0 0 16.74 0.8231
0 1.69 19.26 2.7343
0.95 2.35 17.68 3.5864
14.75 3.36 10.91 3.2239
7.575 -2.71 7.85 3.7807
0 -2.26 12.64 2.0524
0.3 1 18.63 1.1393
0.175 3.46 21.02 0.7554
0 4.52 22.29 0.6427
0.3 6.09 23.71 1.2817
3.275 8 23.52 2.0425
1.85 6.9 14.54 1.7817
0.05 6.74 17.18 1.5562
0.025 6.88 18.89 3.3593
0.975 1.31 18.18 4.2327
1.35 -0.86 11.7 3.5334
0.6 -0.34 10.51 4.1019
0.425 1.45 14.84 2.2786
8.625 0.75 14.1 1.58
8 2.21 15.22 2.9379
12.375 4.39 13.86 2.2939
5.55 -0.03 12.45 3.2863
0 0.6 14.1 1.7089
0 2.71 20.82 0.749
0 7.52 24.57 2.4912
0 8.69 23.07 3.0009
0 7.88 21.18 2.3415
0 8.36 23.54 2.4411
0 10.58 23.7 2.5968
0 10.42 25.01 1.8689
0 11.11 27.52 2.7582
0 9.77 27.85 3.0811
0 8.92 25.31 2.5327
0 8.65 25.95 3.6961
0 3.35 21.69 4.5751
0 4.77 18.29 5.0986
0 6.41 23.47 3.8014
0 7.66 26.3 1.0008
0 8.7 26.54 1.8216
0 9.56 29.34 2.8417
0 5.68 25.65 3.1635
0 4.28 21.98 1.2985
0 4.75 25.36 2.3816
0 5.01 23.29 3.2253
0 4.19 20.93 2.6506
0 5.36 22.76 1.8073
0 6.58 24.86 0.9895
0 8.29 27.74 1.9038
1.7 9.51 28.6 2.2346
0.925 10.12 26.28 2.7831
0 10.64 25.67 2.505
0 11.87 28.96 1.077
0 14.33 32.88 1.6406
0 13.47 34.95 3.1397
0 10.28 30.83 2.9576
0 7.78 28.56 2.7423
0 7.72 27.6 2.8874
0 8.9 26.07 2.2908
0 8.64 27.26 1.1319
0 9.67 29.98 1.8828
0 10.63 31.24 2.3989
0 11.04 28.5 2.3937
0 11.5 29.68 2.3826
0 13.33 30.82 2.193
0 12.88 31.73 1.8661
0 13.83 32.93 2.331
0 14.46 32.04 3.1992
0 13.63 30.18 3.2286
0 13.13 29 1.6845
0 13.72 31.39 1.3678
0 15.01 34.4 2.6774
0 15.91 35.45 2.7458
0 14.61 34.67 2.5732
0 12.58 34.69 1.9861
0 12.67 33.36 1.979
0 12.5 31.58 2.4935
0 11.11 30.4 1.0139
0 11.75 30.37 2.2943
0 13.11 31.48 2.1381
0 14.28 33.78 2.6689
0 14.11 32.51 2.8401
0 13.18 28.41 2.0383
0 10.5 27.21 2.4746
0 10.82 28.64 2.2229
0 10.68 29.96 2.478
0 10.53 29.81 2.3765
0 9.92 29.28 2.0171
0 10.33 29.37 2.419
0 9.39 30.31 1.5709
0 10.03 30.66 1.9939
0 10.83 30.7 2.0826
0 10.25 29.28 2.1755
0 10.31 28.9 2.5578
0 10.8 28.68 2.9331
0 10.94 26.98 2.0995
0 9.99 27.15 2.0176
0 9.84 27.27 2.3022
0 8.78 25.68 1.0569
0 9.39 26.73 1.4355
0 11.61 28.68 2.3596
0 11.25 28.73 2.8804
0 11.07 29.28 1.1949
0 11.86 31.48 1.6043
0 11.53 31.5 1.704
0 9.42 29.74 1.9611
0 10 30.37 2.2678
0.025 10.56 31.55 1.9347
0.025 7.31 29.61 1.7416
0 8.18 26.42 2.5262
0 9.15 31.12 2.0367
0 11.99 36.12 0.5695
0 15.56 36.67 2.301
0 11.42 32.87 2.376
0 7.27 28.98 2.8608
0 5.01 18.52 2.2364
0 5.38 19.9 2.4761
0 6.11 21.75 1.4414
0 7.06 25.08 0.9246
0 10.14 29.67 0.4701
0 11.21 32.81 1.2749
0 11.12 32.74 1.2524
0 14.06 31.67 2.0181
0 9.53 29.61 1.4029
0 9.68 29.25 2.3295
0 8.04 28.06 2.845
0 3.77 15.21 1.9534
0 3.8 19.7 0.7708
0 5.41 23.7 0.6465
0 8.23 28.2 1.0952
0 8.67 28.03 1.7357
0 7.53 25.88 1.4667
0 7.59 25.81 1.0664
0 7.49 26.25 1.7055
0 7.76 26.56 1.573
0 8.44 25.99 1.4841
0 8.39 24.98 1.398
0 6.94 23.18 1.2521
0 6.55 23.76 1.1055
0 5.3 21.59 2.7152
0 4.9 18.84 1.0852
0 5.52 24.42 0.6441
0 7.54 27.35 0.9583
0 14.93 31.95 0.59
0 10.03 31.97 1.2384
0 11.22 33.62 0.6006
0 12.23 35.39 0.5576
0 12.25 33.71 0.3189
0 12.29 30.88 0.5213
3.175 13.13 29.35 1.2083
10.025 12.51 29.26 1.6346
13.45 9.23 21.4 1.4853
1.4 8.66 14.5 1.3151
0.9 4.76 14.4 0.7324
4.075 4.76 17.28 2.1491
0.05 3.85 15.94 0.717
0 4.57 20.27 1.8819
0 6.05 22.02 1.7101
0 8.32 24.42 1.7179
0 9.08 24.88 2.3261
0 9.16 27.4 1.544
0 9.25 28.49 0.6547
0 8.73 28.82 0.5913
0.025 8.7 28.01 1.14
2.675 9.08 24.1 0.9496
1.325 5.63 17.68 1.1691
0 5.21 16.45 1.6664
0 5.61 20.58 0.9474
0.025 6.57 21.18 1.8678
2.55 5.54 18.1 1.5562
11.875 7.18 17.44 1.7477
47.075 8.26 12.72 4.9851
17.9 3.94 12.09 3.4856
0.025 0.34 13.2 1.5385
0 -1 14.16 2.9712
0 -0.53 15.21 3.4628
3.6 4.67 19.51 2.1335
4.575 5.52 19.32 1.8392
1.325 2.24 9.66 0.9398
0 2.31 16.5 1.8263
0 3 18.16 3.0464
0 5.03 20.35 2.8062
0 6.37 24.76 1.8222
0 6.82 24.88 1.2062
0.75 6.43 24.44 2.1407
21.85 5.66 20.04 3.2904
10.75 0 9.38 2.521
2.525 -2.52 9.57 0.7065
1.675 -1.5 11 1.6213
0.125 -2.15 9.57 2.3852
0 -1.62 12.26 1.4686
0 0.29 13.45 3.0621
0 1.37 14.66 1.6648
0 2.51 16.41 2.6816
0 2.44 17.71 1.2579
0 2.07 17 2.0674
0 0.8 17.58 1.9687
22.45 1.11 17.17 2.48
32.1 -1.36 7.41 3.1827
25.525 -2.38 4.9 4.986
15.2 -1.86 2.71 3.2234
21.175 0.21 5.18 4.1456
8.9 -6.21 2.07 1.275
0 -6.64 4.32 3.3385
2.525 -5.9 5.48 3.3579
16.225 -4.59 8.58 2.7734
8.625 -4.21 3.89 2.4003
0 -8.02 5.09 2.4545
0 -7.12 5.21 3.0666
0 -3.67 7.96 2.2864
0 -3.26 11.63 2.6183
0.325 1.78 8.43 1.5023
2.075 3 11.51 2.2543
17.15 3.44 11.45 2.3998
7.325 3.02 14.81 3.4438
0.4 -0.33 11.75 2.2459
5.05 0.55 12.99 2.164
5.85 2.7 10.09 1.1723
1.375 4.52 12.02 1.5345
0.025 2.54 13.12 0.4421
0 1.65 13.63 2.2872
0.975 0.37 13.89 1.3537
21.25 0.85 9.77 1.9645
11.425 -0.17 9.07 1.4349
3.875 -3.45 8.13 2.5911
46.425 -3.35 7.77 3.4836
56.15 2.5 7.84 5.107
93.9 4.88 9.07 5.8122
21.45 0.52 9.5 2.6124
8.475 0.1 2.48 2.6923
6.7 0.2 7.51 2.248
2.65 2.12 6.65 0.5251
0.85 -0.34 9.46 3.059
21.5 -0.58 11.79 5.4067
10.7 -1.31 10.95 2.1863
0.625 -1.68 7.53 0.9083
57.7 -1.51 8.52 2.3714
40.75 1.15 6 4.4658
4.4 -7.06 3.74 2.3011
1.725 -8.77 2.51 1.5536
20.825 -7.64 3.68 4.2977
18.4 -5.77 3.97 4.7134
4.45 -2.03 3.97 2.4906
0 -4.46 4.58 3.1498
0 -4.27 7.49 3.7932
0 -3.67 8.82 5.0837
0 -3.97 7.63 3.5897
0 -4.1 9.16 1.8485
0 -4.19 3.66 1.2942
0 -5.97 1.3 3.1555
2.6 -4.09 3.98 3.3944
1.875 0.17 11.01 2.1813
1 -0.75 11.46 1.6681
0.525 2.1 7.92 1.2453
0 -2.35 10.07 2.6335
0 0.47 10.74 0.7372
0 1.42 11.56 0.6504
0 1.24 9.42 2.4116
0 -1.24 8.63 1.4382
0 -1.69 11.61 4.1621
0 -1.3 14.31 3.7211
0 -1.04 13.78 2.9382
0 -1.79 15.23 4.0013
0 -1.79 15.21 1.9291
0 -0.88 13.93 2.1792
0 -0.25 15.14 4.9591
0 -0.46 17.22 3.4784
0 -0.63 16.5 1.8175
8.525 -1.68 14.76 0.5963
8.6 -2.02 11.54 1.7754
2.6 -2.7 6.27 1.3896
0 -2.99 7.37 1.8248
0 -5.07 9.85 2.9972
0 -4.36 10.23 2.0422
0 -2.74 10.47 2.621
0 -0.65 12.89 1.6568
0 -0.41 14.58 1.9314
0 0.8 16.44 0.6259
0 -2.43 16.53 2.3594
0 -4.43 10.45 3.5265
0 -4.41 10.22 3.6868
0 -3.46 11.41 3.794
0 -2.86 15.42 2.7871
0 -2.73 17.9 1.2025
0.575 -2.74 16.88 3.8149
13.775 2.84 12.06 4.7282
15.075 1.47 10.74 5.8556
34.7 -1.78 3.71 4.7827
36.7 -2.37 3.1 2.6923
12.05 -2.86 4.94 3.3142
0.575 -5.39 4.45 0.668
0 -5.04 6.06 1.2192
0 -5.59 5.73 0.4643
0.2 -5.12 9.24 0.6274
8.175 -4.5 7.76 2.4233
19.775 -2.58 5.35 5.3152
7.45 -7.62 3.34 0.9098
16.375 -8.19 2.51 0.4723
0.75 -7.28 6.06 2.2824
3.425 -6.8 9.66 1.8135
14.125 -4.53 10.48 3.8233
4.95 3.71 11.74 1.4653
0.075 -2.98 11.8 1.4655
4.75 -2 12.88 0.5369
26.575 1.01 14.92 1.7115
12.8 2.33 7.43 4.1606
0.225 -1.7 8.43 0.6888
0.35 -0.99 13.2 1.518
0.075 1.67 15.13 1.0509
0.025 0.29 14.54 1.1244
0.075 0.1 11.8 0.4981
7.15 0.94 12.86 1.2844
5.4 3.4 12.32 1.3012
18.55 4.19 14.95 1.5216
12.375 4.53 14.9 2.5462
2.15 -3.29 9.05 0.9769
18.025 -3.26 10.42 3.6699
34 -2.3 7.87 4.7997
60.5 -0.09 5.04 5.4978
30.525 -1.85 3.51 2.3764
5.4 -2.59 6.2 1.3457
14.15 -2.24 8.95 5.0751
27.3 0.47 5.08 5.5633
21.3 -2.5 3.27 3.9994
19.325 -1.21 7.43 3.1302
6.05 1.05 5.32 1.5649
0.6 1.42 9.44 0.6604
0 0.32 12.34 1.2371
0 0.84 13.76 1.8854
0 2.94 16.99 2.4231
0 3.58 21.53 1.8821
0 4.71 23.05 0.9251
0 0.07 17.11 1.7088
0 0.54 15.38 1.8847
0 2.04 19.03 1.3355
1.975 1.52 19.2 1.6011
6.7 0.61 16.93 3.466
3.325 -3.47 5.19 1.5795
0.075 -5.01 6.15 1.2878
0 -4.74 10.66 0.4318
0 -2.46 12.86 1.554
0.025 -0.74 13.97 1.385
0.625 -0.65 13.88 2.6513
0.325 -3.06 8.99 0.5353
0 -3.34 13.59 0.7572
0 -0.04 18.3 1.3096
0.1 0.79 19.75 2.1094
0.5 4.99 19.87 2.6053
0.25 6.7 16.46 1.474
0.775 6.14 16.74 1.9059
2.475 6.69 15.81 2.0036
0.85 0.82 14.33 0.8751
0.575 1.4 13.9 0.9684
0.775 3.1 14.68 2.1202
0.325 2.76 14.27 2.2857
0.025 -0.38 15.13 2.4238
0 -0.39 15.81 0.895
0 0.37 17.9 2.2316
0 1.75 17.05 4.4054
0 -1.71 14.38 3.433
0 -0.97 17.43 1.8179
0 0.31 20.09 0.5098
0 3.33 22.2 0.9388
0 4.61 21.9 2.995
0 5.92 25.07 0.8522
0 6.15 26.9 1.4129
0 5.47 24.51 1.9206
0 4.92 19.41 2.7874
2.475 0.57 10.54 2.9985
1.25 -1.03 11.98 2.4906
0 0.76 18.63 1.7275
0 4.5 20.82 1.1426
0.125 4.76 22.38 0.6584
14.5 5.72 23.01 2.8531
13.225 0.7 12.63 2.742
4.3 -0.94 8.21 1.3478
23.45 0.69 10.02 3.469
11.4 2.7 7.6 2.1431
0.525 0.42 11.37 2.9755
0 0.88 18.47 1.6186
0 4.88 21.18 2.0929
0 4.19 20.79 3.093
0 2.9 18.91 4.4262
0.1 2.83 16.88 2.3838
3.275 3.47 18.73 2.7768
1.475 1.2 15.9 2.2323
0.15 1.93 16.4 3.1971
1.8 2.13 16.72 4.0644
0.875 1.98 12.69 4.6251
0.05 1.32 14.13 2.8155
0.25 1.72 16.51 2.5931
0.45 5.3 17.07 2.7465
0.15 0.77 12.01 1.6163
0.65 1.19 14.48 0.7442
9.575 1.96 15.29 3.1806
21.25 8.68 12.04 1.1221
9.875 5.51 17.1 3.4686
0.2 3.3 14.75 2.014
0 4.29 18.86 2.9378
0 6.97 22.31 1.5914
0 7.63 24.32 2.5438
0 7.25 23.93 3.1033
0 6.05 20.8 2.7337
0 6.79 23.13 2.7109
0 9.58 26.3 1.9821
0 10.4 28.8 1.988
0 9.49 28.5 2.4163
0 8.52 24.93 1.4077
0 9.32 25.7 2.86
0 9.06 26.48 2.1984
0 10.21 26.36 0.5253
0 11.61 30.07 0.6709
0 14.04 32.86 2.5255
0 11.5 32.4 2.6338
0 9.09 28.96 2.5047
0 8.02 27.18 2.6207
0 8.49 26.49 2.3814
0.375 9.69 27.96 2.3582
21.25 10.02 28.04 2.4739
10.35 7.84 21.88 2.419
0.225 6.12 18.2 2.3181
0 8 24 1.2118
0 11.17 29.11 0.9533
0 12.78 32.18 0.8163
0 13.05 33.16 1.5548
0 13.91 32.59 1.7331
0 14.66 32.54 2.5212
0 15.03 32.59 2.843
0 13.33 31.38 2.0755
0 12.56 31.12 2.4515
0 10.39 30.21 2.2092
0 9.19 29.12 2.4227
0 9.14 26.01 2.5765
0 9.24 25.01 3.1699
0 8.74 22.71 2.7372
0 8.52 22.57 3.3264
0 7.99 22.71 3.221
0 7.83 23.4 2.0552
0 8.73 25.07 1.2703
0 9.79 26.06 1.9361
0 10.27 27.48 1.4301
0 10.57 28.87 2.2971
0 10.69 29.84 2.7845
0 11.19 29.79 1.9041
0 12.05 29.83 2.0004
0 10.9 30.89 2.1638
0 9.2 29.46 1.8543
0 9.34 29.44 1.6758
0 10.08 30.23 1.531
0 11.48 32.06 2.3685
0 11.56 31.95 3.1415
0 14.66 31.54 2.154
0 14.52 29.3 1.5451
0 12.86 30.43 1.8621
0 11.98 31.45 2.1004
0 10.83 31.04 3.1194
0 10.06 27.15 2.3936
0 10.75 28.13 3.1217
0 13.7 28.16 2.5389
0 9.8 28.97 1.8831
0 10.19 29.11 2.0018
0 9.84 29.43 2.1947
0 10.47 30.15 2.6791
0 10.16 29.12 1.7662
0 11.13 29.36 1.4178
0 12.45 31.13 2.1014
0 9.66 30.42 1.4745
0 9.52 29.54 1.1637
0 9.52 30.03 1.7957
0 9.84 30.5 1.673
0 10.3 30.39 2.6469
0 9.48 28.17 2.0867
0 9.19 27.28 1.613
0 9.38 27.18 1.2287
0 10.38 28.68 0.9305
0 11.63 30.87 2.0034
0 12.41 30.95 1.24
0 12.86 31.32 0.8319
0 13.09 32.51 1.0439
0 13.52 32.9 1.4326
0 11.73 32.65 1.7422
0 10.96 31.51 1.8479
0 9.72 29.45 1.7477
0 9.84 28.41 0.7363
0 10.5 28.68 0.8361
0 11.36 30.76 0.7791
0 12.25 30.7 0.919
0 15.29 31.27 1.8794
0 10.03 31.06 0.642
0 10.75 31.89 0.9552
0.2 10.98 32.14 0.9578
0.125 11.86 31.33 1.6395
0.075 11.4 31.46 0.9182
0.825 11.97 30.16 1.7475
0.675 10.08 23.67 1.6169
0.95 9.93 26.51 0.7429
0.4 10.31 27.74 1.4303
0 10.86 27.4 2.4927
0 9.35 26.68 1.7188
0 7.33 23.57 1.711
0 7.22 24.4 0.5879
0 8.7 27.86 0.3039
0 10.4 30.95 0.9802
0 11.18 31.28 0.6409
0 12 31.84 0.4651
0 11.15 33.03 0.6231
0 12.18 32.73 1.5753
0 10.49 29.11 2.2825
0 6.88 19.82 1.8929
0 7.1 24.1 0.6113
0 9.6 28.04 0.6026
0 9.7 29.69 1.0111
0 10.98 30.2 1.3413
0 8.61 26.36 2.3653
0 8.13 22.73 1.877
0.15 6.87 22.49 2.0012
20.125 4.81 18.8 2.2383
17.025 4.9 15.94 3.7642
5.3 3.65 11.23 0.8364
1.6 -0.03 9.6 0.8788
0 0.23 14.36 1.3175
0.25 1.12 18.18 1.1981
1.95 5.04 20.4 1.5999
0.95 8.39 15.93 1.7445
0 5.85 21.1 0.9807
0 5.92 23.93 0.6649
0 8.64 25.91 0.442
0 8.28 25.48 1.0151
0 8.47 25.94 1.2932
0 8.8 23.19 1.6738
0 8.53 24.74 1.5446
0 8.1 25.8 0.9531
0 9.3 22.24 0.6516
0 6.47 22.25 0.6924
0 6.68 22.33 2.375
0 6.65 23.71 1.7592
0 6.36 25.3 1.861
0 5.93 23.19 1.3882
0 1.86 17.94 3.0942
0 0.69 16.65 3.2614
0 2.57 17.77 1.9199
0 3.08 19.13 1.0404
0 3.41 20.15 2.106
0 4.01 21.96 0.3361
0 2.96 21.36 3.612
0.025 1.98 19.26 4.1163
4.175 1.22 18.86 3.5762
2.75 -0.68 16.66 1.7722
6.5 -4.55 7.86 0.6229
3.6 -4.2 7.93 1.5173
0.125 -4.14 7.52 0.9045
0 -3.92 8 2.121
0 -2.4 11.58 3.0801
0.075 -2.13 13.48 3.0105
3.075 -0.9 16.86 3.5116
1.65 4.74 14.98 0.7905
0 2.65 13.31 0.264
0 4.65 14.33 0.7278
0 1.19 13.5 0.594
0 0.88 15 0.9282
0.025 0.73 15.14 1.1032
0.575 0.69 14.97 3.3294
3.775 -1.85 8.03 2.2161
2.3 -1.76 7.79 4.028
0.3 -2.98 8.38 1.8454
0 -2.86 9.71 2.6724
0 -2.48 10.82 3.8885
0.275 -2.38 12.62 2.237
0.125 -0.3 9.86 0.7264
0 -0.57 13.35 2.8112
0 -0.02 15.33 2.2893
0 0.95 19.95 1.0476
0 0.82 15.44 1.6878
0 -1.56 16.64 3.8061
0 -2.55 13.71 8.0335
0 -3.12 12.19 3.5605
0 -3.62 11.46 4.1585
0 -5.13 10.73 2.8028
0 -5.65 9.23 3.4773
0 -5.63 10.1 3.0394
0 -5.53 10.49 3.4149
0 -4.16 11.56 3.4366
0 -3.96 10.98 4.2893
0 -3.93 13.51 3.1257
0 -4.91 13.06 0.842
0 -3.94 9.32 1.5962
0 -4.66 9.52 1.4689
0.05 -5.02 9.25 0.9659
1.4 -5.54 8.95 0.7852
0.675 -5.04 7.18 5.2783
0 -3.79 10.02 4.5523
0 -4.43 12.98 2.7167
0 -4.4 11.25 4.5844
0 -4.51 9.83 4.3277
0 -5.57 9.56 3.5261
0 -7.31 10.21 4.4989
0 -6.34 10.74 3.9647
0 -5.69 9.44 4.969
0 -5.27 13.5 3.4189
0 -4.06 14.34 1.3136
0 -4.09 12.87 1.0681
0 -3.4 12.87 1.1116
0 0.15 14.11 0.8773
0 -0.71 13.23 1.3572
0 -3.1 12.21 2.3895
