1.25 -2.92 9.68 1.4792
8.275 -3.32 5.56 1.4008
4.15 -4.13 7.04 1.7542
0.4 -6.62 4.2 3.9577
1.975 -6.51 4.82 1.9051
0.95 -0.54 2.05 0.3956
0 -1.39 5.27 1.4906
0 -0.49 7.9 0.745
0 -1.62 9.67 4.2092
0 -2.59 9 3.3963
0 -2.68 13.45 2.5167
0 -0.9 12.46 5.4173
0 0.12 14.6 3.9945
0 -1.97 16.06 3.7674
0 -1.74 16.63 3.8749
0 -1.41 17.7 4.8921
0 -1.06 16.2 4.2631
0 -1.02 16.07 4.8176
0 -1.03 16.14 4.9595
0.025 -1.02 15.43 3.4951
7.875 -0.26 15.72 2.6961
22.75 4.4 14.11 2.0827
30.875 5.87 8.35 1.633
40.225 4.36 9.33 2.394
12.025 -0.45 7.47 3.4019
2.35 -5.41 1.03 0.8986
0.25 -6.97 3.77 1.2839
0 -6.33 5.18 1.3854
0 -3.26 9.01 4.175
0 -3.57 11.43 4.4761
0 -1.47 15.24 3.0368
0 -1.2 14.57 3.15
0 -1.32 12.27 3.9854
0 -1.16 16.22 3.8075
0 0.31 17.79 3.0042
3.4 1.12 16.67 2.5529
8.775 1.94 8.89 2.916
2.9 -0.15 7.99 2.8145
13.475 -1.09 9.07 1.221
8.475 -3.22 6.76 3.4248
4.225 -8.75 2.43 0.4323
8.075 -8.2 4.01 2.7514
6.175 -4.14 4.72 1.3792
17.4 -5.05 4.41 3.1839
10.075 -3.12 2.13 3.7416
2.7 -1.46 4.5 6.1049
15.45 -0.31 4.98 5.443
15.4 -0.59 4.42 4.413
2.6 -3.05 2.33 1.4648
0 -4.31 6.57 3.4971
0 -3.64 11.59 2.6535
4.825 -3.38 12.86 3.7409
18.5 -2.48 11.3 3.8074
11.025 4.02 7.2 2.7828
3.325 1.46 8.32 1.6525
1.45 1.54 12.8 1.5811
0.875 0.83 9.53 2.7068
0.15 -2.45 10.44 0.4364
0 -1.84 11.6 3.6712
9.325 1.27 13.89 2.9135
26.2 4.57 10.91 4.2377
50.65 2.51 10.13 4.9537
33.325 -0.83 6.6 2.7951
8.05 -5.05 6.28 0.9264
0.625 -4.41 6.66 1.8739
0 -5.34 5.6 0.3935
0 -5.22 8.78 1.3558
0 -3.17 10.45 2.5975
0 -6.49 6.36 0.5287
0 -6.17 8.73 0.7485
0 -2.82 10.92 2.0754
0 -2.64 12.7 2.2483
0 -2.11 14.02 1.3947
0 -1.25 10.98 2.5773
0 0.45 13.12 3.063
0 1 14.65 1.0231
0 1.22 15.87 1.1124
0 2.07 17.38 1.0978
0.1 2.09 18.3 0.7757
14.85 2.53 17.7 1.8042
10.55 -1.23 11.47 4.0163
1.075 -6.32 4.65 2.1761
0.425 -5.46 8.17 1.9726
0.25 -3.96 12.58 0.6233
0 -0.76 14.8 1.8365
0 1.72 16.97 2.0315
0 1.99 17.55 1.4085
0 1.95 18.52 3.4953
0 -2.51 12.77 2.0872
0 -2.5 12.85 0.3818
0 -0.3 15.17 2.7206
0 0.82 18.06 2.5828
0 -0.24 13.97 5.1686
0 -4.3 10.76 1.9849
0 -3.44 13.32 2.713
0 -1.44 18.16 2.0926
13.75 0.62 20.38 1.1421
11.95 0.56 15.65 3.0593
12.35 -0.07 7.62 1.8231
7.225 0.97 7.87 2.2649
0.775 -0.96 8.55 3.6273
0 -0.29 11.51 1.476
0 0.77 15.78 2.3175
0 2.06 15.7 4.9034
0 -5.5 8.98 5.8521
0 -4.19 8.01 2.9692
0 -2.18 14.45 1.6287
0 0.07 18.2 2.7127
0 2.05 21.5 2.7149
0 6.37 25.77 1.4989
0 7.64 26.91 1.1433
0 7.42 27.79 1.9371
0.15 5.98 26.87 2.64
0.975 4.57 20.59 3.1916
0.525 -2.49 11.09 3.3194
0 -1.63 14.3 1.9038
0 0.25 15.79 2.3244
0 -1.68 14.38 3.1465
0 -2.37 12.01 1.6626
0.825 -0.49 14.6 1.8587
49.875 1.58 17.76 1.9065
31.375 6.3 14.94 2.5535
6.075 6.32 11.39 3.8108
4.475 5.19 13.44 1.9487
1.25 7.39 16.36 3.8146
0 5.69 19.51 2.0881
0 5.47 21.48 2.8722
0 5.4 20.71 1.7767
0 5.44 22.07 1.4447
0 5.96 22.71 1.1046
0 6.14 24.21 2.9929
0 4.29 22.81 3.3166
0 4.53 20.58 2.6098
0 5.2 22.45 3.0382
0 6.49 22.25 1.9364
0 8.64 25.41 1.6045
0 11.62 30.47 0.3724
0.3 11.75 32.53 2.2679
0.175 11.64 31.52 2.5587
0 7.76 25.56 1.4709
0 7.03 24.63 0.9535
0 8.04 25.56 2.4164
0 8.22 25.75 2.9849
0 6.77 24.21 2.7301
0 5.83 22.91 1.9873
0 8.19 23.99 1.5042
0 9.56 26.58 0.924
0 10.95 29.18 1.9892
0 11.2 28.95 2.5473
0.05 12.07 28.51 3.1513
0.025 10.35 24.64 2.2436
0 10.01 25.31 2.117
0 8.87 22.58 2.2867
0.85 9.05 21.36 0.4309
4.3 7.05 21.35 2.1272
4.175 5.07 18.42 3.4217
3.65 3.16 14.02 2.2349
1.725 4.68 16.13 2.6587
0 6.11 20.37 2.5578
0 5.89 21.91 3.3897
0 6.05 20.58 3.059
0 5.07 19.32 3.3147
0.7 6.08 21.68 2.3849
0.4 8.16 18.25 3.5348
0.025 5.65 19.25 2.4011
0 5.67 20.21 2.4553
0 6.68 20.72 2.5123
0 8.5 22.1 3.0829
0 8.98 25.09 1.9305
0 10.11 28.68 2.7577
0 6.85 27.58 3.1912
0 4.92 22.46 3.2715
0 5.93 21.5 1.4617
0 7.85 25.3 0.7731
0 9.86 29.11 1.5863
0 11.01 30.82 2.755
0 10.26 28.8 1.7028
0 11.58 29.15 0.9428
0 12.32 34.3 0.6906
0.125 13.9 35.17 2.8958
0.075 13.7 35.07 2.821
0 12.98 31.56 2.2659
0 13.36 31.91 1.8139
0 11.92 31.23 2.861
0 11.37 31.29 2.5656
0 10.82 29.17 2.8015
0 9.76 27.8 2.5534
0 7.72 26.77 2.7469
0 6.76 26.48 2.6175
0 7.85 25.82 2.6054
0 8.13 26.28 2.0045
0 9.63 27.38 1.8786
0 11.78 28.26 2.3259
0 11.31 28.73 1.5948
0 11.06 31.17 0.8862
0 11.92 32.07 1.491
0 12.87 33.95 1.9173
0 14.12 33.74 1.7411
0 15.47 34.93 2.0014
0 15.47 35.5 1.6573
0 16.06 35.85 2.441
0 13.73 34.16 2.5703
0 12.78 32.39 2.3889
0 12.88 32.33 2.1075
0 13.21 31.64 2.1785
0 12.15 30.85 2.3042
0 11.59 31.75 1.9937
0 14.37 33.44 1.7456
0 15.25 34.2 2.0704
0 15.34 32.77 2.8474
0 15.19 31.52 2.5731
0 13.09 31.24 2.7118
0 13.38 30.39 2.563
0 12.41 30.35 3.1069
0 10.05 28.16 2.6592
0 10.5 27.65 2.2692
0 11.53 28.83 2.4279
0 8.65 26.73 3.1191
0 5.8 20.46 1.8826
0 7.53 21.96 1.4513
0 9.63 26.6 0.5101
0 11.86 29.24 1.2086
0 13.22 31.76 3.0202
0 11.85 32.77 2.8852
0 11.4 31.42 3.1132
0 10.25 28.94 3.0996
0 7.04 26.95 1.4898
0 7.77 26.84 0.5198
0 10.49 29.03 0.8216
0 11.76 30.67 0.9209
0 12.72 32.49 1.3139
0 13.56 32.32 2.2343
0 14.25 32.12 2.2669
1.075 13.21 33.81 2.2469
1.275 12.37 30.98 3.0261
0.225 10.93 26.43 1.6448
0 10.1 26.89 1.5367
0 9.76 28.55 0.5264
0 9.66 30.58 1.576
0 10.67 31.26 1.3922
0 11.95 31.53 1.4876
0 11.87 33.06 2.747
0 13.22 31.49 1.8254
0 11.99 30.06 0.9228
0 11.89 31.27 0.328
0 12.65 32.63 1.6131
0 12.25 32.3 2.2484
0 8.94 29.57 2.1305
0 8.33 26.58 2.0905
0 7.62 24.32 1.6406
0 7.72 25.62 0.4852
0 8.52 26.7 0.9809
0 10.46 29.63 0.4242
0 11 31.61 1.0089
0.15 12.38 32.95 1.6892
0.55 9.86 28.78 2.2769
1.175 8.96 22.45 2.7874
0.45 7.22 19.64 1.5581
0 7.47 24.63 1.4688
0 9.72 27.37 0.5456
0 10.46 28.71 1.0085
0 11.48 31.68 2.1176
0 9.56 29.54 0.8825
0 9.94 28.95 2.3043
0 11.12 30.92 2.293
0 10.62 31.53 1.4203
0 10.1 31.2 0.816
0 10.03 30.77 0.7964
0 10.89 32.16 1.1651
0 10.85 33.2 0.4473
0 11.23 33.03 2.0593
0 10.66 29.36 2.5373
0 0.72 15.69 2.3543
0 1.37 20.11 2.4275
0 2.88 21.73 0.8022
0.55 4.32 22.36 3.1185
0.45 1.22 17.79 3.3994
0.075 -1.91 10.16 0.3187
0 -2.05 14.52 2.8857
0 0.12 18.06 1.4429
0 1.92 18.58 1.3015
0 2.62 20.15 0.7025
0 3.8 20.83 0.6276
0 3.07 21.12 1.9018
5.725 4.04 19.55 2.0298
57.55 3.68 13.78 6.799
32.55 6.99 12.04 4.4393
1.05 9.14 16.51 0.9694
0 7.96 21.36 2.1395
0 7.28 21.92 1.0584
0 10.37 25.24 1.7426
0.675 5.76 20.19 2.2006
0.375 1.34 14.58 1.6909
0 1.61 14.57 1.0429
0 2.69 18.08 0.665
0 3.99 19.32 1.1406
0 5.73 20.84 1.1954
0 5.05 19.74 1.7388
0 4.61 19.39 1.1012
0 4.54 20.59 4.5614
0 0.23 14.89 4.8875
0 -2.54 11.01 0.7746
0 -2.44 12.06 0.1137
0 -0.06 17.39 0.8404
0 2.35 19.03 0.8576
0 4.47 20.13 1.2781
0 4.84 21.91 1.1745
0 4.3 23.07 1.8133
0 3.24 21.83 2.426
0 1.53 15.55 0.755
0 1.88 15.41 1.593
0 -0.6 13.58 1.8715
0 -0.22 13.91 1.1438
0 1.01 14.82 0.692
2.775 2.54 14.63 0.3798
3.575 2.33 13.23 1.944
0.8 -2.69 8.26 1.2477
0 -2.64 9.26 1.0549
0 -2.49 10.48 2.8391
0 -2.24 12.23 2.0701
1.425 -0.67 15.38 1.5356
0.725 -0.43 15.83 1.7991
0.225 -2.07 11.61 2.3526
9.175 -1.72 12.6 3.8286
4.675 -1.94 11.83 1.0905
0 -1.62 8.34 0.5647
0 -2.05 10.95 2.2133
0 -1.15 11.32 3.6372
0 -0.29 13.58 3.9813
0.3 -0.15 15.93 2.5592
2.55 0.33 16.36 1.0736
1.275 -0.31 9.09 5.2844
0 -1.77 10.38 4.9657
0 -1.73 10.83 3.931
0 -1.44 13.7 1.7629
0 -2.07 12.8 2.2657
0 -3.54 12.33 2.1309
0 -3.02 10.82 2.064
0 -2.83 11.97 0.8663
15.825 -5.1 7.44 2.2703
15.625 -5.44 2.77 0.7755
3.375 -11.18 -0.3 0.7859
0 -10.55 0 1.9228
7.5 -9.4 2.37 3.1895
32.925 -3.75 5.55 2.8193
50.8 1.89 6.27 3.7702
28.775 1.05 6.58 4.1548
5.55 0.36 3.95 0.8452
0 -2.14 6.33 3.2331
0 -0.52 8.84 2.6505
0 -0.28 9.64 2.2056
0 -1.3 10.5 2.7468
0 -0.95 7.16 4.0984
1.1 -0.48 10.54 2.8573
13.275 0.74 12.89 1.872
8.925 -2.32 7.74 3.6336
0.65 -6.74 4.26 2.395
0 -4.93 6.17 3.9811
0 -3.7 9.29 3.9887
5.35 -3.12 10.69 4.1081
4.125 -2.69 7.95 2.1039
2.025 -2.08 6.77 3.1237
6 -2.15 6.11 0.8695
2.975 0.76 6.15 1.5121
0.75 -1.07 5.9 2.6931
0.5 -1.16 8.11 2.2867
0.05 -0.91 9.22 1.1351
0 -1.74 11.1 3.9015
0 -2.54 12.65 2.8695
0 -1.97 13.55 2.6606
0 -1.31 10.66 3.062
0 -0.85 11.31 2.7132
1.15 0.38 11.54 3.0316
1.125 1.37 11.86 2.3686
0.275 1.48 9.04 2.4808
0.95 1.48 10.88 3.1958
17.575 1.84 14.33 4.6127
10.925 2.46 10.86 2.0811
0.8 -3.39 8.18 1.4311
0 -2.49 9.71 3.3526
0.45 -1.05 12.43 2.2754
13.825 -1.01 12.79 2.772
22.2 1.71 8.94 4.8941
23.775 3.06 5.93 5.7354
30.65 -0.31 4.24 6.6445
29.975 -2.09 4.51 3.9441
19.5 -3.34 2.88 3.6897
5.725 -3.95 0.73 1.0972
1.275 -5.14 5.21 2.4235
4.325 -3.78 4.68 4.22
2.025 0.93 6.25 2.912
0 -1.83 8.01 1.3713
0 -2.91 8.91 2.8538
1.55 -1.5 9.16 3.212
1.625 -0.75 10.54 1.4
0.375 -3.99 8.59 1.0906
0 -4.31 8.85 1.7771
0 -2.25 9.74 2.0695
0 -0.64 9.83 0.6817
7.525 -0.65 10.77 3.0062
8.65 1.15 9.33 3.3116
12.175 2.85 7.57 1.6693
5.7 0.66 4.93 2.3574
2.7 0.29 4.81 1.4467
2.8 0.1 5.75 2.0349
0.775 -3.66 5.09 0.5139
0 -3.46 7.13 1.2664
0 -0.71 8.06 1.4172
0 -1.54 11.95 1.3228
0 -0.63 13.29 1.5023
0 -0.77 13.96 1.0201
0 0.43 13.46 1.7324
0 1.06 14.62 2.4617
0 -0.07 16.29 0.9187
2.475 -0.23 14.51 1.1359
4.35 1.75 9.93 2.1007
7.425 0.8 6.64 2.7731
3.275 -5.06 4.15 2.3043
21.5 -4.53 8.56 3.8801
16.7 -0.54 5.76 2.7214
2.075 -2.99 6.69 0.8424
27.8 -2.11 10.78 4.7099
16.825 0.91 11.25 1.1868
0.675 -1.33 6.49 0.4144
0.375 -1.14 11.05 2.3308
7.25 1.37 13.2 2.7016
19.6 1.42 5.66 3.3482
8.675 -2.73 4.4 2.8139
0.1 -4.46 4.73 1.3418
0 -3.06 8.03 2.518
0.125 -2.07 11.38 0.8846
1.9 1.02 10.65 2.5318
3.975 -6.88 5.05 3.6322
1.65 -5.38 5.83 2.0281
0 -5.1 5.68 0.4869
19.65 -4 9.87 2.3021
10.8 -3.72 9.34 2.3483
0 -4.42 8.19 2.6976
0 -3.73 11.21 3.8182
0 -0.82 17.35 1.3547
0 1.13 18.76 0.8682
0 1.78 18.68 2.9435
0 -2.05 19.34 2.2602
0 0.66 20.2 1.9531
0 1.77 18.7 0.439
0 0.66 16.85 1.4737
0 -0.55 15.49 2.0376
0.725 -0.63 15.82 2.0495
2.2 0.15 16.49 2.3763
1.275 -3.18 10.04 2.1219
0 -2.17 12.62 2.7659
0 -1.57 15.34 1.2173
4.075 0.78 17.36 2.7406
14.725 0.88 16.66 5.359
7.6 -2.36 6.5 2.8254
0.95 -5.08 6.18 0.6996
8.925 -4.24 7.85 2.2811
4.725 -2.72 6.25 1.8098
24.725 -2.92 6.89 2.8048
13.625 -2.67 6.16 3.0216
0.05 -3.18 5.71 0.5979
0 -3.51 10.76 2.2987
0 -1.28 15.28 0.5281
0 0.75 16.18 1.6696
0.425 1.58 15.73 1.9554
18.875 2.11 9.91 4.1362
21.275 0.49 6.4 4.4844
6.75 -1.79 5.44 1.0978
0 -1.15 10.01 0.6552
0 -0.26 11.22 0.8188
0 0.46 15.57 2.1177
0 0.71 15.49 1.3114
0 1.27 17.76 1.2061
6.975 3.22 19.22 1.5262
22.65 3.39 17.33 2.6095
14.375 -1.44 7.21 3.1514
2.5 0.08 3.78 1.8786
0.125 1.47 6.57 1.1567
0 2.31 16.78 0.8443
0 5.47 18.78 1.2522
0 4.2 21.59 0.7755
8.675 5.05 21.37 4.3383
7.25 -0.87 10.93 4.8489
1.975 -2.28 6.69 3.6338
0.025 -3.19 7.69 3.2469
0 -1.22 13.45 1.8422
0 0.64 16.7 1.8001
0 3.25 20.34 1.0449
0 4.18 21.67 2.0813
0 2.8 19.67 3.6094
0 -0.03 15.83 2.2911
0 -0.34 16.04 0.8125
0.025 1.49 18.44 2.742
1.75 1.91 16.92 3.6005
17.475 2.08 9.43 3.2516
9.075 -3.6 6.86 3.8378
0 -2.79 11.16 2.0583
0.475 0.97 17.58 1.1338
0.275 3.16 20.13 0.7422
0 4.08 21.26 0.6277
0.625 6.17 22.85 1.287
5.5 7.88 22.54 2.0518
3.05 5.78 13.49 1.8295
0.125 5.88 16.1 1.5704
0.075 6.47 18.18 3.3569
1.475 1.2 17.72 4.2471
2.025 -1.58 11.07 3.5491
0.9 -1.08 9.1 4.1002
0.825 0.79 13.34 2.2865
10.1 0.27 12.77 1.5755
10.85 2.25 14.25 2.9763
14.75 3.2 12.36 2.3212
6.35 -0.6 10.89 3.3301
0 0.09 12.8 1.6955
0 2.7 19.87 0.705
0 7.13 23.54 2.4978
0 8.68 22.18 2.9969
0 7.38 20.48 2.3714
0 8.12 22.58 2.4807
0 10.05 22.92 2.6234
0 10.03 24.21 1.8904
0 10.83 27.05 2.7863
0 9.41 27.29 3.0744
0 8.69 24.86 2.5028
0 8.33 25.33 3.7292
0 3.24 21.02 4.5732
0 4.62 17.54 5.1074
0 6.77 22.06 3.8317
0 7.68 25.24 1.004
0 8.69 25.72 1.808
0 9.38 28.21 2.8546
0 5.47 25.07 3.1511
0 4.29 21.11 1.2381
0 4.71 24.48 2.3668
0 5.07 22.54 3.2365
0 4.14 20.11 2.6319
0 5.35 22.03 1.766
0 6.53 23.87 0.9672
0 8.34 26.89 1.8678
1.325 9.31 27.7 2.2259
0.65 10.04 25.27 2.769
0 9.99 24.92 2.484
0 11.62 28.13 1.0367
0 14.02 31.83 1.6129
0 13.32 33.87 3.1529
0 10.21 29.95 2.9566
0 7.89 27.84 2.7257
0 7.78 26.91 2.8658
0 9.05 25.32 2.2445
0 8.58 26.2 1.1149
0 9.84 28.88 1.8752
0 10.48 30.34 2.3854
0 10.81 27.92 2.3792
0 11.18 28.74 2.3496
0 13.11 29.9 2.1709
0 12.71 30.7 1.8604
0 13.56 31.97 2.3476
0 14.27 31.18 3.2136
0 13.62 29.36 3.2589
0 12.79 28.23 1.6875
0 13.4 30.39 1.342
0 15.07 33.28 2.6728
0 15.57 34.33 2.7572
0 14.48 33.74 2.5803
0 12.57 33.83 1.9814
0 12.68 32.39 1.9818
0 12.42 30.56 2.5229
0 11.22 29.74 1.0079
0 11.89 29.55 2.2848
0 13.04 30.66 2.1234
0 14.25 32.7 2.6494
0 14.03 31.62 2.8354
0 13.1 28.04 2.0304
0 10.52 26.82 2.4757
0 10.83 28.15 2.2025
0 10.57 29.21 2.4715
0 10.61 28.99 2.3872
0 9.96 28.49 2.0267
0 10.3 28.6 2.4286
0 9.42 29.45 1.5733
0 10.12 29.73 1.9904
0 10.75 29.74 2.0773
0 10.15 28.49 2.1749
0 10.25 28.2 2.5602
0 10.7 27.83 2.9459
0 10.58 26.11 2.1119
0 9.77 26.38 2.0255
0 9.59 26.37 2.318
0 8.76 25 1.0473
0 9.41 26.08 1.4082
0 11.34 27.83 2.3407
0 11.1 27.93 2.8684
0 10.87 28.49 1.1712
0 11.71 30.66 1.613
0 11.52 30.75 1.7219
0 9.46 29.18 1.9537
0 10.07 29.55 2.266
0.025 10.63 30.51 1.9524
0.025 7.26 28.05 1.7285
0 8.44 25.6 2.5429
0 9.33 30.42 2.0711
0 12.67 35.08 0.5866
0 15.63 35.97 2.3322
0 11.7 32.23 2.3906
0 7.43 28.35 2.8833
0 4.98 17.54 2.2291
0 5.1 18.77 2.4662
0 5.89 20.79 1.4019
0 7.32 24.16 0.8836
0 10.28 28.78 0.485
0 11.3 31.8 1.2684
0 11.18 31.95 1.2649
0 13.06 30.97 1.9948
0 9.62 28.72 1.4013
0 9.63 28.47 2.3702
0 7.76 27.22 2.87
0 3.5 13.92 1.9624
0 3.51 18.87 0.7544
0 5.25 22.87 0.6645
0 8.2 27.09 1.093
0 8.59 27.16 1.7457
0 7.47 25.01 1.4669
0 7.53 24.94 1.0233
0 7.46 25.33 1.6784
0 7.8 25.81 1.5821
0 8.27 25 1.5054
0 8.17 24.3 1.4203
0 6.53 22.05 1.2268
0 6.24 22.98 1.0783
0 5.29 20.86 2.7216
0 4.7 18.13 1.0547
0 5.49 23.58 0.6162
0 8.06 26.69 0.9464
0 14.01 31.2 0.5371
0 10.37 31.15 1.2232
0 11.71 32.73 0.584
0 12.59 34.26 0.5575
0 12.34 32.88 0.3132
0 12.35 30.01 0.5047
4 12.75 28.18 1.2506
16.425 11.8 28.06 1.6639
14.675 8.61 19.8 1.4671
1.425 7.71 13.35 1.2776
1.05 4.11 13.32 0.7418
3.8 4.16 16.09 2.1741
0.125 3.28 14.49 0.7257
0 4.32 19.21 1.8707
0 6.07 20.8 1.6944
0 8.05 23.37 1.6718
0 8.93 24.06 2.3499
0 9.09 26.46 1.5664
0 9.2 27.15 0.6773
0 8.7 27.34 0.6169
0.05 8.64 26.75 1.1658
2.9 8.8 22.77 0.9495
1.5 5.15 16.89 1.1593
0 5.03 15.9 1.6885
0 5.39 20.5 0.9648
0.05 6.22 20.19 1.8845
3.3 4.99 17.23 1.5795
14.975 6.41 16.52 1.7311
57.35 7.45 11.46 4.9815
23 3.06 11.16 3.5227
0.05 0.09 12.09 1.5307
0 -1.46 12.99 2.9907
0 -0.76 14.08 3.4462
3.65 4.29 18.15 2.1174
4.425 4.61 18.17 1.85
1.225 1.71 8.7 0.912
0 1.89 15.38 1.8255
0 2.66 17.29 3.0767
0 4.9 19.79 2.8477
0 6.42 23.52 1.8581
0 6.95 23.69 1.1955
1.025 6.11 22.96 2.1615
21.875 4.94 18.87 3.2871
11.125 -0.55 8.45 2.5416
2.625 -2.91 8.25 0.7156
1.775 -1.62 9.8 1.6219
0.1 -2.41 8.21 2.3974
0 -1.42 11.42 1.477
0 -0.2 12.68 3.0712
0 1.51 14.16 1.6432
0 2.68 16.02 2.6554
0 2.32 17.07 1.2219
0 1.78 16.04 2.1032
0 0.7 16.65 2.0148
22.35 1.14 16.02 2.5503
33.225 -2.04 6.84 3.21
26.525 -3.07 3.4 5.0459
16.05 -2.57 1.9 3.2564
20.45 -0.9 3.86 4.1945
8.525 -7.07 1.12 1.2537
0 -7.5 3.09 3.3715
3.425 -6.54 3.87 3.3568
15.55 -4.66 7.08 2.8042
8.925 -5.64 2.74 2.4354
0 -8.78 3.34 2.4442
0 -7.29 3.83 3.0645
0 -3.75 6.72 2.2814
0 -3.07 10.72 2.6051
0.3 1.35 7.46 1.52
2.4 2.29 10.3 2.1984
19.7 2.6 9.77 2.3478
8.375 2.22 13.13 3.4131
0.5 -0.74 10.04 2.2586
6.075 0.32 11.77 2.1269
6.8 2.15 9.34 1.1494
1.55 3.75 10.52 1.5212
0.05 1.85 11.61 0.4423
0 1.14 12.48 2.2762
1.25 0.43 12.48 1.3562
22.825 0.8 9.57 1.9683
12.95 -0.99 7.76 1.4613
4.2 -3.9 6.77 2.6076
52.5 -3.82 6.52 3.4756
69.025 1.68 6.65 5.1157
81.725 3.57 7.97 5.8459
25.575 -0.42 8.76 2.5755
9.7 -0.72 1.41 2.6355
6.7 -0.5 6 2.2622
2.85 0.84 5.43 0.5208
1.1 -1.12 7.97 3.0336
21.525 -1.2 10.39 5.384
11.025 -1.98 9.66 2.1769
0.8 -2.34 5.59 0.9266
60.7 -2.08 6.91 2.3771
41.625 0.27 5.09 4.4829
4.025 -8.21 2.89 2.3248
2.35 -9.61 0.92 1.5469
22.025 -8.38 2.3 4.2547
18.675 -5.37 2.85 4.7052
4.425 -2.8 2.85 2.5042
0 -5.08 3.51 3.1633
0 -4.77 5.94 3.8057
0 -3.75 7.41 5.1303
0 -3.89 6.86 3.6477
0.025 -4.17 7.94 1.89
0 -4.29 3.79 1.2612
0 -6.41 1.53 3.1842
3.15 -4.58 3.86 3.3747
2.35 -0.45 9.32 2.1276
0.975 -1.04 10.3 1.6719
0.525 1.01 7.11 1.2564
0 -2.29 10.03 2.622
0 0.47 10.46 0.741
0 1.32 11.49 0.6466
0 1.09 10.13 2.393
0 -1.25 9.46 1.4124
0 -1.64 11.34 4.183
0 -1.35 13.38 3.738
0 -0.97 13.21 2.9427
0 -1.47 14.77 3.9872
0 -1.47 14.25 1.9603
0 -0.67 13.42 2.1978
0 -0.3 14.36 4.9627
0 -0.37 16.08 3.4568
0 -0.59 15.59 1.8247
8.95 -1.64 14.11 0.6002
8.9 -2.16 10.98 1.7828
2.775 -3.01 4.93 1.4113
0 -3.4 6.62 1.8582
0 -5 8.99 2.9968
0 -4.34 9.51 2.0514
0 -3.02 9.89 2.6505
0 -0.35 13 1.6556
0 -0.51 14.09 1.9293
0 0.74 16.07 0.6055
0 -2.5 15.64 2.3331
0 -4.7 9.58 3.5524
0 -4.73 9.25 3.6993
0 -3.84 10.52 3.7959
0 -2.86 14.52 2.7636
0 -2.64 16.88 1.2169
0.5 -2.64 16.06 3.7713
14.725 1.65 11.16 4.6793
16.725 0.21 9.84 5.8929
33.35 -2.75 2.18 4.7625
38.3 -3.07 1.74 2.741
13.925 -3.48 3.79 3.402
0.6 -6.51 3.08 0.6846
0 -6.06 4.65 1.2246
0 -6.57 4.42 0.4521
0.25 -5.84 7.8 0.5979
8.85 -4.81 6.7 2.4359
20.15 -3.14 4.42 5.3792
7.475 -8.33 2.08 0.896
20.675 -9.01 0.92 0.4809
0.95 -8.04 4.98 2.2728
4.35 -7.2 8.46 1.7955
15.675 -4.47 9.69 3.7869
5.55 2.4 10.04 1.4774
0.15 -3.4 10.07 1.4664
5.325 -2.22 11.82 0.532
27.775 0.3 13.52 1.708
13.7 1.25 6.34 4.1772
0.25 -2.35 7 0.6797
0.45 -1.2 12.04 1.518
0.1 1.11 14.22 1.0613
0.025 -0.09 13.34 1.1119
0.1 -0.38 10.8 0.5063
6.6 0.3 11.87 1.2406
5.525 2.54 11.18 1.2764
22.7 3.2 13.6 1.4858
14.8 3.53 13.71 2.5761
2.3 -3.8 7.72 0.9837
19 -3.79 9.34 3.6407
35.975 -2.97 6.54 4.8087
57.375 -1.11 3.62 5.5594
29.8 -2.57 2.35 2.4048
6.2 -3.34 4.77 1.3057
14.6 -2.63 7.89 5.0296
28.35 -0.52 3.7 5.5607
21.75 -3.59 2.26 4.0209
20.15 -2.53 5.85 3.12
6.65 0.13 4.17 1.5718
0.825 0.4 7.94 0.6495
0 -0.41 11.32 1.2164
0 0.45 12.32 1.8833
0 2.57 15.89 2.4088
0 3.35 21.14 1.8706
0 4.17 22.32 0.9041
0 -0.17 16.32 1.6731
0 0.16 14.86 1.8993
0 1.44 18.46 1.312
1.975 1.08 18.38 1.56
7.575 -0.48 16.21 3.4692
4.15 -4.85 4.03 1.5613
0.175 -5.89 4.76 1.291
0 -5.42 9.43 0.435
0 -3.09 12.16 1.5432
0.025 -1.22 13.27 1.3606
0.7 -1.07 13.28 2.6699
0.375 -3.65 7.69 0.5345
0 -3.77 12.99 0.756
0 -0.01 17.49 1.2997
0.125 1.03 19.28 2.1161
0.425 4.63 19.2 2.6332
0.25 5.96 16.09 1.4928
0.775 4.93 16.03 1.9149
3.525 5.53 14.39 2.0282
1.175 0.25 13.49 0.8739
0.925 0.79 13.1 0.9922
1.025 2.54 13.14 2.156
0.45 1.96 12.83 2.3028
0.05 -1.08 14.02 2.4219
0 -0.6 15.19 0.8721
0 0.34 17.3 2.2409
0 0.65 16.26 4.397
0 -2.09 13.97 3.4391
0 -1.08 16.47 1.8396
0 0.58 19.12 0.5118
0 3.11 21.15 0.9096
0 4.77 21.34 3.0039
0 6.28 24.41 0.843
0 6.28 26.01 1.4114
0 5.51 23.85 1.9332
0 4.41 18.99 2.807
2.55 0.08 9.86 3.0112
1.325 -1.39 10.73 2.4986
0 0.94 17.36 1.7235
0 4.28 19.9 1.1279
0.175 4.66 21.71 0.634
16.85 5.55 22.45 2.8721
15.7 -0.4 12.16 2.768
6.3 -1.73 6.73 1.3084
28.525 -0.15 8.73 3.4781
13.525 1.44 6.07 2.1612
0.625 -0.24 10.13 3.0093
0 0.22 17.27 1.6166
0 4.41 20.15 2.0697
0 3.8 19.86 3.0614
0 2.47 18.16 4.4125
0.15 2.28 16.09 2.3767
3.15 3.28 17.93 2.7925
1.35 0.83 15.1 2.2698
0.2 1.6 15.55 3.2225
2.7 1.8 15.74 4.0867
1.4 0.96 11.92 4.638
0.125 0.75 12.96 2.834
0.575 1.61 15.38 2.6174
0.9 4.19 15.9 2.7805
0.325 0.02 10.83 1.6271
0.625 0.7 13.47 0.742
9.475 1.79 14.4 3.1337
21.2 7.67 10.8 1.154
10.15 4.27 15.95 3.4937
0.25 2.72 13.11 1.9928
0 3.96 17.73 2.9414
0 6.37 21.31 1.5779
0 7.3 23.5 2.5028
0 7.01 23.21 3.0891
0 5.78 20.19 2.7237
0 6.57 22.24 2.7119
0 9.06 25.49 1.931
0 10.07 27.96 1.9557
0 9.35 27.45 2.3953
0 7.92 24.16 1.3631
0 9.01 24.74 2.8684
0 8.59 25.62 2.1757
0 9.76 25.49 0.4922
0 11.3 29 0.6471
0 13.55 31.86 2.5262
0 11.51 31.42 2.6609
0 9.32 28.3 2.5143
0 7.92 26.43 2.6224
0 8.32 25.63 2.3608
0.45 9.59 26.98 2.3305
24.975 9.82 27.13 2.498
12.275 7.16 21.46 2.4256
0.375 5.33 17.14 2.3048
0 7.91 22.9 1.1529
0 10.4 28.1 0.9125
0 12.51 31.06 0.7766
0 12.93 31.92 1.5533
0 13.63 31.4 1.746
0 14.5 31.3 2.5235
0 14.78 31.4 2.8615
0 13.11 30.09 2.095
0 12.49 30.05 2.4555
0 10.36 29.25 2.2004
0 9.14 28.19 2.4207
0 9.04 25.22 2.5723
0 8.9 24.31 3.1755
0 8.45 21.94 2.7316
0 8.42 21.72 3.3155
0 7.58 21.9 3.2287
0 7.56 22.71 2.0572
0 8.3 24.38 1.2863
0 9.45 25.36 1.9316
0 9.86 26.57 1.3898
0 10.33 27.77 2.2917
0 10.44 28.95 2.7877
0 10.93 28.88 1.8974
0 11.71 29 2.0116
0 10.48 30.04 2.1698
0 9.16 28.76 1.8369
0 9.35 28.64 1.6735
0 10.25 29.15 1.5121
0 11.42 31.25 2.3554
0 11.7 31.12 3.1403
0 14.27 30.78 2.1635
0 13.96 28.46 1.5565
0 12.66 29.61 1.8714
0 11.92 30.61 2.1006
0 10.75 30.27 3.1247
0 9.84 26.38 2.3838
0 10.6 27.24 3.1257
0 12.75 27.35 2.5363
0 9.78 28.3 1.8746
0 10.08 28.26 1.9925
0 9.81 28.66 2.1923
0 10.51 29.15 2.6813
0 10 28.59 1.7376
0 10.93 28.64 1.4145
0 12.32 30.38 2.096
0 9.75 29.49 1.4672
0 9.54 28.71 1.1307
0 9.36 29.19 1.7751
0 9.81 29.72 1.6399
0 10.29 29.6 2.636
0 9.57 27.38 2.0896
0 9.14 26.63 1.6138
0 9.12 26.43 1.2185
0 10.35 27.83 0.9204
0 11.34 30 2.013
0 12.31 30.15 1.2481
0 12.66 30.36 0.8415
0 12.95 31.62 1.0462
0 13.38 31.91 1.44
0 11.84 31.87 1.7232
0 10.88 30.71 1.8586
0 9.53 28.75 1.7525
0 9.81 27.67 0.7324
0 10.52 27.83 0.8544
0 11.26 29.84 0.7845
0 12.05 29.74 0.9116
0 14.37 30.52 1.8794
0 10.16 30.25 0.6181
0 10.97 30.67 0.9428
0.25 11.3 31.08 0.9353
0.175 11.75 30.31 1.6529
0.125 10.78 30.49 0.9437
1.45 11.58 28.76 1.7437
1.25 9.51 22.38 1.6005
1.75 9.52 25.57 0.7239
0.75 9.67 26.61 1.4025
0 10.43 26.09 2.5009
0 8.93 25.61 1.7275
0 7.16 22.64 1.6959
0 6.83 23.17 0.5552
0 8.53 27.11 0.2818
0 10.26 30.06 0.9628
0 11.03 30.01 0.6129
0 11.93 30.57 0.4389
0 11.22 32.01 0.6153
0 11.96 31.68 1.5833
0 10.23 28.28 2.2964
0 6.73 19.3 1.8721
0 7.16 23.48 0.5586
0 9.77 27.45 0.5999
0 9.54 28.41 1.0254
0 10.93 29.13 1.3643
0 8.53 25.75 2.3787
0 8.16 22.03 1.8946
0.175 6.78 21.7 2.0182
21.1 4.25 18.18 2.258
19.3 4.03 14.74 3.7933
5.7 2.29 9.37 0.8455
1.5 -0.6 8.26 0.874
0 -0.26 13.19 1.3382
0.325 1.14 17.01 1.1962
2.425 4.75 19.23 1.6094
1.225 7.8 14.74 1.7508
0 5.62 20.04 0.9695
0 5.86 23.21 0.6455
0 8.58 25.02 0.4263
0 7.9 24.69 1.0292
0 8.28 25.03 1.3278
0 8.51 22.34 1.6965
0 8.38 23.81 1.5862
0 7.74 24.82 0.9209
0 8.32 21.41 0.6277
0 6.02 21.57 0.6526
0 6.15 21.27 2.3877
0 6.43 22.85 1.7941
0 6.26 24.36 1.9108
0 5.62 21.97 1.3853
0 1.97 16.93 3.156
0 0.54 15.81 3.3012
0 2.23 16.67 1.9502
0 3.02 18.19 1.0295
0 3.55 19.4 2.1165
0 3.91 21.03 0.2912
0 2.78 20.45 3.6044
0.05 2.21 18.11 4.1285
4.575 1.01 18.06 3.6379
3.425 -1.61 15.67 1.7873
6.65 -5.06 6.22 0.6239
3.7 -4.59 6.26 1.5363
0.1 -4.7 6.06 0.9195
0 -4.49 6.66 2.1463
0 -2.71 10.32 3.0979
0.1 -2.21 12.48 2.9883
2.825 -0.72 15.46 3.4732
1.675 3.75 13.34 0.8066
0 2.05 12.27 0.2527
0 3.91 13.13 0.6962
0 0.66 12.49 0.574
0 0.52 13.85 0.9297
0.05 0.3 14.1 1.1129
0.6 0.54 13.8 3.3632
3.75 -2.19 6.83 2.2311
2.725 -2.08 6.38 4.0239
0.525 -3.58 7.09 1.8248
0 -3.15 8.46 2.6356
0 -2.49 9.53 3.8471
0.25 -2.41 12.04 2.265
0.125 -0.73 9.01 0.7351
0 -0.53 12.23 2.8311
0 0.39 14.81 2.2957
0 1.25 18.41 1.0611
0 1.38 14.58 1.7126
0 -1.51 16.09 3.7676
0 -2.75 12.81 8.1234
0 -2.84 10.96 3.5886
0 -3.72 11.02 4.1845
0 -5.2 9.69 2.8249
0 -5.64 8.28 3.4839
0 -5.69 8.96 3.051
0 -5.43 9.26 3.4606
0 -3.94 10.65 3.5011
0 -3.63 10.34 4.3143
0 -3.58 12.7 3.1501
0 -4.77 11.8 0.8849
0 -4.39 8.51 1.6152
0 -5.06 8.46 1.4792
0.05 -5.31 7.98 0.9758
1.175 -5.53 7.84 0.7954
0.55 -4.97 6.39 5.3371
0 -3.25 10.03 4.5866
0 -4.37 12.2 2.7466
0 -4.35 10.17 4.6373
0 -4.56 9.05 4.3733
0 -5.49 8.97 3.5567
0 -6.79 9.27 4.5017
0 -5.82 9.89 3.973
0 -5.15 9.29 4.9892
0 -4.51 12.7 3.4234
0 -3.45 13.39 1.3299
0 -3.51 12.37 1.0665
0 -2.7 12.33 1.1155
0 0.58 14.03 0.8864
0 -0.41 12.66 1.3673
0 -2.89 11.44 2.3958
