1.4 -8.5 1.51 1.5165
10.8 -7.44 1.33 1.5965
5.975 -9.85 0.86 1.6527
0.675 -13.35 -2.4 4.2582
3.15 -12.63 -4.08 1.7971
1.625 -7.68 -3.57 0.5367
0 -6.86 0.69 1.4049
0 -5.05 2.57 0.6854
0 -7.96 6.26 4.473
0 -7.95 7.21 3.2189
0 -6.3 4.6 2.3113
0 -1.57 8.49 5.433
0 -2.42 9.62 3.7743
0 -4.94 9.14 3.3573
0 -3.64 9.36 3.7871
0 -3.54 11.28 4.8506
0 -5.4 8.96 4.2445
0 -5.62 8.56 4.8171
0 -4.41 7.37 4.8984
0.05 -3.66 6.89 3.4205
15.525 -3.81 7.3 2.7049
29.425 -0.79 8.27 2.1335
62.65 -1.85 4.04 1.5998
55.05 -2.72 2.12 2.6946
17.325 -6.83 -0.77 3.5736
2.6 -11.51 -5.77 0.7492
0.4 -12.06 -3.97 1.2635
0 -10.58 -0.99 1.3752
0 -7.78 1.04 4.2544
0 -6.11 7.06 4.4994
0 -3.96 7.67 3.0909
0 -4.59 7.7 3.2513
0 -6.18 7.03 3.8005
0 -6.02 8.91 3.7499
0 -2.84 10.39 2.9661
5.9 -2.37 9.65 2.4603
10.775 -5.29 0.86 2.6867
4.325 -6.74 -0.82 2.8774
22.675 -6.65 2.22 1.2555
13.6 -10.97 -0.19 3.708
4.55 -15.1 -5.15 0.5054
12.975 -13.65 -4.11 2.6419
6.85 -9.27 -4.2 1.4143
16.475 -9.63 -3 3.1213
9.525 -9.54 -4.18 3.4275
3.9 -7.97 -2.7 5.5998
31.725 -7.33 -3.66 5.4344
25.525 -7.24 -4.42 4.2618
4.7 -9.79 -5.02 1.1762
0 -9.83 -1.69 3.3697
0 -9.47 1.64 2.4935
7.775 -8.95 3.28 3.7495
29.575 -7.52 2.61 3.424
20.825 -4.48 -1.83 2.5002
6.2 -6.86 -0.09 1.6582
3.125 -6.31 6.26 1.5373
0.75 -5.59 0.13 2.8151
0 -7.6 4.46 0.4535
0.025 -6.9 7.61 3.7521
21.1 -3.84 6.94 2.8307
30.3 -2.54 3.21 4.1407
42.6 -4.13 3.19 4.9305
22.675 -7.54 -2.03 3.0656
4.9 -10.88 -2.58 0.7752
2 -9.85 -0.04 1.8832
0 -10.93 -1.03 0.3074
0 -11.38 3.35 1.4344
0 -7.79 6.31 2.6108
0 -11.58 -0.29 0.4599
0 -11.18 4.54 0.8058
0 -8.21 5.26 2.3024
0 -8.05 8.1 2.5818
0 -6.66 9.46 1.4132
0 -5.54 6.71 2.533
0 -4.74 7.22 3.0266
0 -4.21 10 1.0451
0 -3.69 11.77 0.9508
0 -1.15 13.78 0.8501
0.15 -2.94 14.13 0.6588
30.275 -2.62 13.21 2.0246
23.775 -7.83 4.78 4.1956
2.85 -12.86 -5.04 2.1555
0 -11.64 0.49 1.914
0 -8.3 7.59 0.4244
0 -4.95 9.34 1.9193
0 -4.69 12.66 2.0893
0 -4.12 11.65 1.3143
0 -3.71 12.92 3.3475
0 -5.84 8.49 1.991
0 -5.57 8.07 0.2766
0 -4.32 9.81 2.5444
0 -3.05 12.38 2.5538
0 -4.76 11.04 5.2837
0 -8.37 3.17 1.9151
0 -7.76 7.67 2.9034
0 -6.46 11.28 2.4558
17.475 -2.44 13.82 1.2927
15.725 -6.7 10.6 3.4519
10.775 -6.29 0.39 1.8121
5.7 -6.49 1.55 2.1625
0.675 -6.57 1.21 3.6908
0 -4.95 5.67 1.4789
0 -4.65 10.38 2.0503
0 -3.16 9.83 4.5502
0 -10.24 3.72 6.2056
0 -9.2 0.79 3.2418
0 -6.69 7.63 1.5868
0 -4.71 12.58 3.0207
0 -1.91 16.15 2.9151
0 1.73 19.36 1.5472
0 3.74 21.63 1.0575
0 4.88 22.19 2.1397
0.175 2.15 20.89 2.9814
2.825 -0.22 14.57 3.3479
1.625 -7.44 3.28 3.5283
0 -6.3 6.95 1.8294
0 -3.83 9.58 2.3544
0 -4.87 9.71 3.3042
0 -6.41 6.69 1.5378
2.075 -3.89 9.77 1.8856
58.85 1.69 13.01 2.0597
41.5 -0.59 9.46 2.6956
13.375 -0.18 3.99 3.9263
6.8 -1.94 5.22 1.9888
0.775 1.99 10.8 3.9459
0 -0.8 12.9 2.3729
0 0.26 15.91 2.7542
0 2.11 16.56 1.5856
0 0.84 17.15 1.0492
0 2.69 18.18 0.7646
0 1.63 18.76 2.9526
0 0.88 18.19 3.2769
0 0.36 15.54 2.3013
0 0.93 15.47 3.0901
0 2.07 17.05 1.6027
0 2.95 19.59 1.7361
0 7.8 24.05 0.3794
0.825 9.14 25.77 2.459
0.475 6.35 25.49 2.8465
0 3.61 19.98 1.6554
0 3.05 18.62 0.829
0 3.41 19.54 2.3966
0 3.36 19.34 2.9235
0 2.68 18.63 2.6857
0 1.4 18.33 1.7624
0 2.33 17.95 1.2309
0 4.84 19.56 0.7781
1.05 6.24 20.88 1.7736
0.625 6.47 20.37 2.454
24.25 6.05 19.77 3.3088
14.55 5.71 19.52 2.1395
0.125 5.28 18.55 1.8946
0 4.58 16.36 2.2135
0.425 4.68 15.92 0.5638
11.15 1.71 14.61 2.1586
9.9 -1.11 12.3 3.7671
5 -2.08 3.97 2.5488
1.775 -1.43 6.59 2.7488
0.05 -0.71 12.79 2.5337
0.025 3.05 15.11 3.3797
0 2.52 14.18 3.0848
0 0.71 12.97 3.2796
1.275 1.4 13.66 2.1533
3.45 2.97 12.94 3.6415
1.6 0.69 12.44 2.5052
0.125 1.04 13.44 2.4081
0.075 2.01 14.07 2.3146
0 4.29 15.2 2.9201
0 4.1 17.6 1.6383
0 6.96 22.86 2.6126
0 3.67 21.36 3.1781
0 1.4 16.97 3.1206
0 1.55 14.68 1.2354
0 2.86 17.84 0.7621
0 6.3 21.3 1.4212
0 6.96 23.77 2.7493
0 6.08 21.96 1.6175
0 6.79 22.26 0.8711
0 7.15 26.37 0.4817
0.225 10.82 27.69 2.9815
0.125 9.76 27.4 2.9672
0 9.21 25.75 2.2467
0 9.68 25.09 1.6335
0 8.03 23.48 2.917
0 6.69 24.44 2.5581
0 6.84 23.08 2.8579
0 5.75 22.76 2.6843
0 4.43 20.63 2.9037
0 3.81 20.21 2.5806
0 3.89 20.22 2.5301
0 4.41 20.32 1.9069
0 5.86 21.76 1.9491
0 6.64 22.89 2.395
0 6.88 22.52 1.4061
0 7.01 23.55 0.7949
0 7.3 23.86 1.5542
0 8.71 26.73 2.0913
0 10.21 26.66 1.8628
0 10.7 27.56 2.0602
0 11.02 28 1.853
0 11.05 28.8 2.4643
0 10.32 28.75 2.555
0 9.01 26.38 2.2383
0 11.7 26.76 2.0699
0 9.81 26.09 2.1795
0 9.2 26.02 2.2771
0 9.13 26.31 1.9659
0 9.34 27.17 1.6945
0 10.85 27.45 1.9519
0 10.34 27.41 2.7746
0 11.45 26.4 2.4502
0 10.55 25.66 2.4047
0 9.98 25.46 2.3955
0 8.84 24.55 3.1628
0 6.86 22.45 2.8071
0 6.2 22.96 2.4447
0 7.87 22.99 2.631
0 5.21 20.95 3.3567
0 1.32 12.49 1.954
0 3.14 15.09 1.2622
0 5.34 19.75 0.1964
0 7.26 23.07 1.0952
0 8.35 24.03 2.964
0 8.26 25.58 2.8007
0 8.09 24.71 3.0109
0 6.38 23.28 3.1151
0 3.94 21.32 1.3409
0 3.85 20.88 0.3229
0 5.1 22.28 0.6839
0 6.59 24.41 0.9701
0 8.74 26.69 1.2891
0 9.16 27.78 1.9659
0 10.03 27.13 2.294
6.025 9.75 27.78 2.2944
6.975 7.57 22.65 3.3139
2.025 6.01 21.92 1.6654
0 5.67 21.48 1.6236
0 5.39 23.05 0.6438
0 5.7 23.77 1.4371
0 8.62 23.28 1.0941
0 8.25 24.43 1.3641
0 8.56 25.58 3.0109
0 8.92 24.62 2.1218
0 7.58 24.31 1.1519
0 8.63 24.28 0.1819
0 9.22 25.45 1.4069
0 8.89 25.09 2.0561
0 5.98 23.54 2.1766
0 4.46 21.4 2.0447
0 4.7 19.23 1.3677
0 4.56 19.2 0.4088
0 5.22 20.42 0.9188
0 6.58 22.63 0.3465
0 8.04 24.15 0.9654
0.2 9.38 26.9 1.4656
1.275 7.35 23.19 2.4368
0.625 3.92 18.05 2.8655
0 2.31 13.08 1.4713
0 3.49 18.84 1.1638
0 5.5 21.51 0.3281
0 5.83 23.1 1.1223
0 7.89 25.58 2.3365
0 5.56 24.63 0.9068
0 7.27 22.44 2.6841
0 7.03 25.15 2.5236
0 6.29 25.25 1.6275
0 5.92 24.62 0.8887
0 6.02 24.5 0.7861
0 7.12 25.79 1.1738
0 7.27 26.9 0.4256
0 6.96 26.9 2.2197
0 7.03 22.25 2.5935
0 -3.8 10.61 2.3013
0 -2.91 11.69 2.5062
0 -0.76 15.56 0.794
4.375 0.54 16.19 3.094
2.875 -5.35 12.74 3.5282
0.125 -6.89 1.72 0.3135
0 -6.77 9.38 3.2173
0 -4.4 11.66 1.7049
0 -1.91 12.24 1.3333
0 -1.56 14.34 0.8106
0 -0.09 15.51 0.6441
0 -1.24 15.4 2.0383
9.85 -0.43 14 2.0216
80.5 -0.42 8.56 6.4958
45.7 0.18 5.35 4.5803
0.55 1.84 9.04 0.7712
0 1.98 15.08 2.1519
0 1.61 16.82 1.1056
0 2.78 19.38 1.9671
3.675 2.34 15.09 2.4576
2.2 -4.55 7.12 2.21
0 -4.02 9.11 1.0431
0 -2.46 11.87 0.584
0 -2.26 13.31 0.9047
0 0.33 15.37 1.0837
0 0.46 11.76 1.8498
0 -0.09 13.87 1.1503
0 -0.29 14.83 4.234
0 -4.75 4.94 5.013
0 -7.36 3.3 0.7977
0 -6.78 5.8 0.0403
0 -3.59 11.29 0.8475
0 -2.27 13.55 0.7799
0 0.81 15.12 1.2044
0 0.35 16.75 1.1569
0 0.72 16.79 1.7755
0 -1.13 16 2.3507
0 -3.49 10.81 0.7841
0 -3.96 9.47 1.4039
0 -5.53 7 1.8322
0 -4.96 7.43 1.2825
0 -3.59 9.22 0.7534
5.9 -1.54 9.04 0.5013
6.825 -3.18 9.06 1.9585
1.95 -7.16 0.51 1.1096
0 -7.66 2.27 1.046
0 -7.79 3.25 2.8961
0 -6.45 6.41 2.2001
0 -4.55 7.79 1.7693
0 -4.58 9.59 1.3594
0.45 -6.85 4.91 2.4027
5.65 -6.05 6.24 4.0183
3.225 -5.59 6.18 0.9766
0 -5.4 2.01 0.5904
0 -7.19 5.4 2.4468
0 -6.28 4.09 3.7925
0 -5.19 5.72 4.1773
0.625 -5.03 6.99 2.7195
3.65 -3.95 8.37 1.191
1.95 -7.07 4.95 5.1124
0 -5.35 1.86 5.1823
0 -5.92 2.95 3.9079
0 -5.81 5.94 1.7122
0 -6.99 6.39 2.3954
0 -8.66 7.64 2.2383
0 -7.8 3.44 2.1344
0.025 -7.43 5.07 0.9779
12.95 -9.69 1.43 2.3748
15.525 -9.25 -0.41 0.9664
4.65 -17.93 -7.14 0.7775
0 -17.5 -7.28 1.8662
5.775 -14.35 -5.95 2.9947
31.5 -7.67 -2.25 2.6926
65.425 -4.97 -1.35 3.6624
33.15 -6.9 -0.9 4.5434
2.375 -8.78 -3.54 0.871
0 -8.45 -3.27 2.9912
0 -6.44 1.66 2.3978
0 -5.13 3.43 2.2119
0 -4.66 3.22 2.7693
0 -5.21 3.13 4.0647
0.65 -5.34 3.73 2.8633
16.225 -4.94 5.54 1.9089
11.625 -7.89 2.86 3.6397
0.225 -12.1 -3.41 2.7435
0 -8.93 0.18 3.859
0 -8.78 -0.27 3.7542
7.25 -8.76 -0.32 3.9963
4.35 -7.83 0.46 1.9811
2.9 -8.95 -3.21 3.2117
9.925 -8.37 -0.81 0.8067
5.175 -6.88 -1.37 1.5483
0.15 -7.44 -1.86 2.4955
0 -7.26 1.74 2.0315
0 -6.92 1.71 1.1359
0 -6.65 3.01 3.9211
0 -6.94 4.02 2.8612
0 -5.58 3.63 2.391
0 -6.01 4.64 2.9066
0 -5.26 4.75 2.8464
0.1 -4.22 5.98 3.0932
2.025 -4.11 6.75 2.2625
1.175 -2.05 3.46 2.452
1.225 -2.27 3.29 3.0754
24.875 -4.11 6.95 4.3996
14.975 -4.96 1.91 2.0869
0.275 -8.61 0.38 1.5086
0 -7.59 1.08 3.339
0.85 -6.16 4.96 1.9077
14.375 -6.35 5.34 2.5711
39.875 -5.74 1.47 4.6584
34.1 -7.59 -2.29 5.5265
39.775 -7.64 -4.11 6.4172
39.225 -9.19 -5.2 4.0054
21.325 -8.77 -5.07 4.065
5.375 -9.78 -5.7 0.9779
1.325 -11.8 -4.39 2.1345
4.475 -8.85 -3.01 3.75
2.225 -7.12 -1.76 2.8717
0 -7.62 1.55 1.4191
0 -10.01 2.51 2.9031
1.525 -8.81 0.05 3.1389
0.9 -6.38 3.38 1.5175
0 -9.3 1.51 1.0293
0 -14.33 1.27 1.7173
0 -8.17 3.08 1.9302
0 -7.52 2.76 0.6303
8.95 -6.43 3.46 2.6603
15.55 -4.87 2.98 3.3163
15.625 -5.09 -0.17 1.7269
5.7 -7.01 -1.25 2.4173
1.175 -8.77 -1.08 1.4889
1.7 -8.1 -0.78 2.3304
0.575 -9.04 -2.01 0.4696
0 -8.63 0.95 1.0684
0 -5.86 2.66 1.1777
0 -6.14 5.8 1.3458
0 -5.45 7.74 1.52
0 -7.18 9.73 0.8691
0 -4.19 8.96 1.7205
0 -4.34 9.8 2.4669
0 -4.21 10.53 1.1735
3.9 -5.64 9.92 1.2861
8.8 -4.51 4.67 2.2702
17.525 -5.69 1.61 2.9476
8.3 -10.35 -3.35 2.4892
35.05 -9.92 1.91 3.6779
27.85 -6.54 1.85 2.8672
3.575 -8.1 0.73 0.6695
29.75 -6.83 5.55 4.5258
19.9 -4.92 4.11 1.5352
1.3 -7.21 -1.89 0.6041
0.575 -6.94 5.33 2.4576
12.425 -4.23 7.64 2.6829
24.55 -5.69 0.39 3.2916
10.375 -8.68 -1.09 3.1246
0.05 -10.34 -2.47 1.3023
0.025 -7.77 2.45 2.6634
0.2 -8.43 4.15 0.7608
6.25 -5.67 4.15 2.4019
6.2 -12.85 -2.67 3.8073
1.5 -9.67 -1.49 1.961
0 -10.26 -1.71 0.5308
30.025 -8.38 4.71 2.2694
18 -8.5 4.31 2.4482
0 -9.49 1.72 2.772
0 -8.9 6.99 3.8907
0 -6.44 11.83 1.5075
0 -3.58 12.91 0.6791
0 -3.1 12.96 3.0035
0 -9.2 10.71 2.1856
0 -2.75 14.12 2.1138
0 -4.34 12.89 0.7602
0 -3.85 10.66 1.2313
0 -5.76 10.76 2.3362
1.45 -5.66 11.95 2.2576
4.775 -4.57 11.8 2.5462
2.35 -8.1 3.71 2.4114
0 -7.12 5.98 2.9408
0 -5.94 10.53 1.435
4.75 -3.87 11.99 2.7962
22.5 -3.82 12.04 5.7923
12.025 -7.66 -0.42 3.1584
0.875 -9.96 -0.43 0.7764
9.325 -8.87 1.55 2.4127
5.4 -6.1 0.78 2.0437
29.575 -8.06 0.85 2.7376
17.75 -9.44 -2.08 3.4282
0.05 -9.81 -0.49 0.6624
0 -9 4.86 2.3044
0 -6.14 10.61 0.2987
0 -4.1 12.17 1.6285
0.625 -3.89 12.11 1.9254
21.8 -3.71 7.16 3.8267
18.875 -7.16 0.89 4.6432
3.6 -7.77 -1.45 1.0849
0 -7.26 4.98 0.6517
0 -6.19 6.33 0.8451
0 -3.98 11.31 2.4863
0 -4.73 11.34 1.2896
0 -3.57 13.66 1.1123
3.75 -2.59 15.54 1.7302
19.625 -0.65 12.78 2.8382
12.15 -7.3 1.71 2.9067
1.025 -6.3 -2.89 1.5475
0 -4.99 1.06 1.3217
0 -3.89 10.81 0.6411
0 -1.74 12.94 1.3367
0 0.02 16.07 0.7293
12.075 1.18 16.36 4.4958
14.45 -4.53 6.15 5.1851
4.65 -9.14 -1.24 3.9024
0.2 -8.74 0.73 3.3216
0 -6.04 6.7 1.8051
0 -3.94 10.75 1.9672
0 -2.31 15.06 1.0994
0 -0.3 16.14 1.9376
0 -0.67 15.2 3.5038
0 -3.35 11.27 2.2017
0 -3.28 10.57 0.8933
0.05 -2.1 13.01 2.8265
3.7 -2.76 11.88 3.6971
18.85 -6.13 1.85 3.4758
10.25 -9.43 2.05 4.4048
0.15 -7.92 2.93 2.2369
0.3 -2.58 10.07 1.1718
0.175 -1.49 13.21 0.738
0 0.51 14.98 0.6058
1.025 3.14 16.88 1.3779
6.05 3.66 16.56 2.1916
3.25 -2.27 7.77 2.297
0.425 -0.85 9.77 1.6755
0.25 1.79 12.84 3.3529
0.275 -1.97 13.6 4.3542
0.225 -6.68 7.22 3.6728
0.475 -6.58 2.45 4.0767
1.4 -5.32 5.16 2.3346
4.95 -5.26 5.24 1.6072
15.425 -1.22 8.77 3.329
26.375 -3.47 5.02 2.5973
11.2 -5.82 3.84 3.6799
0 -4.93 5.68 1.6865
0 -0.94 13.21 0.5709
0 1.3 16.88 2.585
0 4.81 16.32 2.9783
0 1.96 15.33 2.5693
0 3.47 16.58 2.7649
0 5.67 18.01 2.8547
0 5.25 18.42 2.0387
0 6.68 21.72 2.9932
0 7.08 22.11 3.062
0 4.7 19.96 2.2566
0 4.19 19.48 3.9785
0 1.35 17.92 4.5627
0 0.49 12.17 5.2397
0 5.41 13.6 4.1208
0 2.95 17.36 1.1
0 5.41 19.62 1.6736
0 5.58 20.98 3.023
0 1.93 19.42 3.1536
0 0.74 14.78 0.8352
0 1.07 18.31 2.2385
0 1.3 16.97 3.3163
0 0.19 14.85 2.5228
0 1.36 16.46 1.4738
0 2.6 16.4 0.8341
0 5.28 19.95 1.6038
0.025 5.34 20.94 2.1833
0.025 6.67 18.29 2.6506
0 4.35 18.18 2.328
0 7.68 20.94 0.7782
0 9.08 24.85 1.4035
0 9.17 26.63 3.2649
0 6.96 23.67 2.9743
0 4.65 21.53 2.6592
0 4 20.2 2.7303
0 8.04 19.93 1.9482
0 4.66 19.14 1.0512
0 5.27 21.67 1.7788
0 6.72 23.53 2.2826
0 7.01 21.98 2.2013
0 7.06 22.24 2.1112
0 9 23.78 2.0256
0 8.11 23.93 1.8318
0 8.71 26.06 2.4951
0 9.84 24.56 3.3453
0 10.41 24.18 3.5196
0 8.04 21.78 1.7409
0 9.04 23.44 1.1401
0 11.32 26.53 2.6118
0 10.67 26.63 2.8234
0 10.56 26.58 2.6181
0 8.85 27.54 1.9837
0 8.66 26.94 1.9867
0 8.18 24.96 2.7294
0 7.89 23.41 1.0129
0 8.48 23.59 2.2392
0 8.44 24.75 1.9886
0 10.39 26.2 2.4486
0 10.23 25.14 2.7755
0 8.34 23.76 1.9833
0 6.01 22.88 2.4616
0 7.75 23.57 2.029
0 6.32 23.8 2.4095
0 7.2 23.09 2.4768
0 6.2 22.9 2.0772
0 6.78 22.94 2.4823
0 6.68 23.48 1.6294
0 5.98 23.59 1.984
0 6.45 23.41 2.0552
0 5.97 22.88 2.1852
0 6.49 22.82 2.5494
1.425 6.15 22.09 2.984
0.85 5.08 19.69 2.191
0 4.94 20.64 2.1046
0 5.46 21.13 2.4471
0 4.15 18.29 1.0105
0 4.28 21.3 1.2013
0 6.93 22.01 2.1378
0 6.7 22.36 2.7538
0 6.84 22.84 1.0724
0 6.93 24.66 1.7719
0 7.05 25.54 1.9021
0 5.48 24.24 1.9003
0 5.61 24.08 2.2327
0 6.66 24.35 2.1397
0 6.67 21.36 1.7212
0 4.94 20.05 2.7045
0 5.35 24.89 2.2833
0 10.5 28.6 0.7174
0 11.84 30.34 2.5647
0 8.81 27.33 2.5622
0 4.49 23.31 3.1024
0 3.95 11.71 2.1797
0 1.09 12.3 2.3768
0 1.56 14.89 1.1184
0 3.26 18.56 0.6665
0 5.52 22.74 0.5865
0 7.37 25.79 1.198
0 7.37 25.94 1.413
0 5.44 25.22 1.8756
0 4.9 23.14 1.4111
0 5.21 22.88 2.6646
0.05 5.55 21.75 3.0951
0.075 -0.88 7.8 2.0462
0 -1.4 14.89 0.7395
0 1.32 19.18 0.7983
0 3.56 20.8 1.1036
0 3.66 21.44 1.8534
0 3.25 19.54 1.48
0 2.83 19.31 0.746
0 3.42 19.47 1.4156
0 3.27 20.86 1.6644
0 3.37 20.15 1.5927
0 3.21 19.75 1.6037
0 1.18 15.99 1.0459
0 0.99 17.7 1.0019
0 1.87 16.34 2.7498
0 1.09 13.43 0.847
0 1.11 17.83 0.4858
0 4.12 21.5 0.9455
0 6.53 26.5 0.3614
0 5.05 25.54 1.1765
0 8.87 26.84 0.4676
0 8.41 27.51 0.542
0 7.95 27.32 0.2957
0 7.81 24.29 0.5071
8.15 6.76 21.03 1.4438
52.725 5.4 20.52 1.8041
31.975 3.4 11.15 1.4289
3.375 1.34 5.5 1.1728
3.5 -1.45 6.93 0.7995
3.6 -1.18 7.68 2.2857
0.525 -2.39 6.95 0.7656
0 -1.04 11.82 1.7886
0 0.65 14.29 1.6489
0 3.8 18.45 1.4581
0 3.37 18.03 2.5108
0 4.63 20.78 1.7527
0 4.03 19.88 0.8501
0 4.39 19.07 0.8026
0 4.08 19.77 1.3621
3.975 4.84 15.04 0.9231
2.725 0.62 11.15 1.1831
0 1 10.09 1.8966
0 0.61 16.82 1.1189
0 1.15 13.52 1.9902
6.2 -0.7 11.86 1.7683
35.275 0.17 9.77 1.7266
92.775 1.86 3.82 4.9666
50.8 -3.14 5.53 3.8051
0.25 -3.7 5.86 1.4774
0 -6.54 6.06 3.1015
0 -6.61 7.31 3.362
3.6 -1.44 11.06 2.0526
2.775 -1.78 12.01 1.9669
0.35 -3.64 3.5 0.7757
0 -3.2 8.84 1.8244
0 -2.5 11.55 3.2781
0 -0.06 13.96 3.1124
0 3.42 16.14 2.1001
0 3.64 16.41 1.1865
1.1 1.57 15.6 2.3399
29.7 -0.73 12.28 3.2439
18.65 -5.61 2.37 2.7118
3.9 -7.44 1.8 0.696
3.575 -6.29 3.11 1.5999
0 -7.55 0.68 2.488
0 -5.53 4.95 1.4689
0 -6.51 6.81 3.1042
0 -4.05 7.17 1.4965
0 -2.51 10.64 2.4842
0 -2.84 10.41 0.9506
0 -3.83 9.47 2.238
0 -4.34 10.01 2.3985
31.2 -4.21 10.22 3.0242
55.55 -7.1 3.82 3.4147
42.75 -8.92 -4.57 5.3621
18.375 -8.72 -4.5 3.4333
16.675 -8.56 -3.43 4.533
8.3 -12.7 -4.54 1.0779
0 -14.11 -5.73 3.4485
0 -13.64 -6.28 3.3077
22.5 -9.47 -2.43 3.0014
15.675 -15.28 -3.41 2.7344
0 -15.47 -6.65 2.2698
0 -13.5 -5.95 2.9914
0 -9.15 -1.27 2.1875
0.125 -5.08 5.45 2.5094
0.025 -3.97 2.55 1.6615
2.125 -3.97 2.47 1.8371
20.675 -3.93 2.21 2.0205
11.95 -4.72 3.63 3.2432
0 -5.59 0.12 2.3024
8.325 -4.5 3.66 1.9099
11.6 -3.38 5.02 1.1139
2.175 -1.73 2.2 1.5084
0.15 -3.88 4.65 0.4871
0 -3.79 5.37 2.2062
0 -3.59 4.28 1.4453
27.325 -3.87 6.01 2.0762
18.5 -6.01 1.17 1.6442
6.975 -8.24 -0.93 2.68
64.05 -8.33 -1.47 3.3901
96.3 -5.5 -1.49 5.2119
66.85 -4.2 1.14 6.1134
29.025 -6.85 2.62 2.3574
11.3 -7.33 -6.08 2.2171
6.175 -7.47 -3.29 2.286
3.425 -7.13 -1.87 0.4642
0 -7.8 -1.59 2.8326
21 -8.03 1.44 5.1908
12.9 -7.91 2.14 2.1326
0 -8.94 -4.95 1.0097
61.25 -8.44 -2.75 2.3355
40.275 -6.83 -1.81 4.6255
2.4 -15.7 -4.11 2.5707
5.525 -15.56 -7.39 1.3821
23.525 -15.89 -6.63 3.8506
21.275 -8.3 -4.63 4.547
7.75 -8.79 -4.67 2.5301
0 -11.07 -3.92 3.117
0 -11.35 -4.22 3.7855
0 -8.95 -2.24 5.3182
0 -8.36 -0.91 3.8909
0 -9.42 -1.32 1.9348
0 -9.47 0.86 1.0177
0 -11.24 -1.6 3.3145
5.75 -11.54 -0.95 3.2074
4.65 -6.6 -0.78 1.7638
0.825 -6.13 3.15 1.6348
0.5 -7.4 1.32 1.3247
0 -5.39 7.81 2.4511
0 -4.8 5.79 0.8583
0 -4.11 5.92 0.6029
0 -4.23 6.93 2.1781
0 -5.56 6.45 1.2732
0 -6.58 7.27 4.2434
0 -6.81 6.28 3.6781
0 -6.59 6.66 2.893
0 -5.32 9.94 3.7855
0 -5.41 7.41 2.0949
0 -5.18 7.56 2.1937
0 -5.3 6.71 4.9359
0 -5.34 9.07 3.2539
0 -5.34 9.15 1.8145
8.95 -6.03 8.39 0.6665
10.55 -6.97 6.43 1.7811
3.65 -8.82 -2.43 1.586
0 -9.4 0.8 2.0827
0 -9.7 3.26 3.016
0 -9.71 3.31 2.0981
0 -8.71 5.46 2.8351
0 -5.12 8.15 1.6429
0 -5.39 10.99 1.9027
0 -3.65 10.8 0.5425
0 -6.78 10.01 2.2372
0 -9.5 4.52 3.6408
0 -12.05 3.33 3.7325
0 -9.86 4.99 3.757
0 -7.61 8.17 2.6104
0 -6.28 10.55 1.3575
0.175 -5.91 10.51 3.4615
17.1 -6.55 4.1 4.3154
30.9 -6.95 5.57 6.1446
37.9 -9.61 -5.72 4.5372
59.825 -8.37 -5.33 3.0414
28.425 -8.71 -2.93 3.9574
2.3 -13.62 -4.32 0.7568
0 -13.58 -2.87 1.2412
0 -12.93 -3.3 0.3854
0 -12.28 0.19 0.3675
13.525 -11.19 0.27 2.5072
21.3 -7.93 -1.97 5.7557
10.5 -13.24 -5.36 0.7283
0 -15.17 -7.45 0.5066
0 -15.3 -1.91 2.1872
9.45 -12.41 2.69 1.6974
17.575 -7.53 4.58 3.5344
10.975 -5.32 2.9 1.7119
0.7 -8.57 1.97 1.4343
7.925 -6.62 6.11 0.5427
31 -5.81 6.98 1.7304
23.975 -4.73 1.05 4.3254
0.325 -7.72 -0.19 0.688
0 -5.22 6.31 1.5277
0 -4.02 10.2 1.26
0 -4.24 8.76 1.0233
0 -4.67 6.56 0.5769
4.5 -4.77 8.07 0.9868
3.175 -3.2 4.94 1.1917
35.65 -2.67 8.77 1.3623
32.425 -1.55 9.88 2.9067
2.275 -7.49 1.5 0.9508
30.15 -7.8 4.44 3.4622
50.8 -8.03 -0.56 4.9053
68.175 -7.71 -3.4 6.0324
33.125 -8.53 -3.71 2.6276
12.075 -9.08 -1.49 1.0086
19.975 -7.19 1.12 4.6303
44.425 -7.8 -2.45 5.4795
29.925 -10.74 -4.15 4.1927
16.325 -9.32 -1.48 3.0312
11.3 -6.3 -2.7 1.6759
0.475 -5.96 2.1 0.5546
0 -6.19 6.95 1.0315
0 -4.43 8.6 1.9297
0 -1.86 11.81 2.2553
0 -1.49 16.11 1.7375
0 -1.43 18.51 1.0096
0 -3.56 13.54 1.447
0.05 -4.46 10.48 1.9802
0 -3.91 12.23 1.2847
2.25 -2.89 13.83 1.3057
8.85 -7.14 11.66 3.526
6.7 -12.47 -4.28 1.4316
1.425 -11.46 -4.9 1.3654
0.05 -10.52 1.05 0.4791
0 -8.67 6.66 1.4542
0 -6.07 7.76 1.2195
0.75 -5.87 8.47 2.8537
0.725 -8.54 -0.3 0.543
0 -7.25 8.69 0.7532
0 -3.6 12.52 1.2113
0 -1.66 14.54 2.2026
0.025 -0.32 14.38 2.9681
0.05 -0.7 11.28 1.6593
0.45 -1.73 12.19 2.1252
10.275 -1.2 5.95 2.2762
2.75 -4.9 6.97 0.8432
2 -4.48 7.39 1.2337
1.225 -2.54 4.52 2.4958
0.925 -3.83 4.27 2.5153
0.175 -6.59 7.03 2.4972
0 -4.34 9.42 0.7882
0 -2.66 11.91 2.3868
0 -5.99 10.88 4.4068
0 -6.23 9.43 3.5447
0 -4.82 9.98 1.9805
0 -2.42 12.95 0.5678
0 -0.95 14.96 0.7732
0 0.6 16.76 3.0838
0 5.01 19.49 0.8543
0 3.82 20.34 1.5097
0 1.97 18.91 2.0504
0.125 -0.13 14.96 3.0303
2.225 -4.1 5.97 3.2295
1.95 -6.01 2.1 2.677
0 -2.33 10.04 1.6778
0 -0.32 13.64 1.0977
0 0.25 16.3 0.5464
14.65 0.56 17.97 3.0228
20.325 -7.49 8.34 3.0623
8.875 -7.41 -0.44 1.1346
29.5 -6.51 2.47 3.497
19.025 -6.72 -0.82 2.3599
1.45 -5.57 3.04 3.3553
0.05 -5.45 9.33 1.6618
0 -2.06 13.94 1.9034
0 -0.97 13.83 2.809
0 -2.22 12.83 4.2937
0 -3.25 9.64 2.3382
0.05 -1.9 12.44 2.9194
0.075 -2.32 10.63 2.5922
0 -2.41 10.92 3.4114
6.7 -4.02 9.8 4.2628
5.825 -5.93 5.11 4.7699
1.15 -5.27 7.02 2.9614
0.775 -3.31 9.38 2.8594
1.625 -1.11 9.62 3.0625
1.675 -5.53 4.29 1.7356
0 -4.04 7.47 0.7632
8.7 -3.34 8.58 2.8439
20.875 1.16 3.41 1.4258
10.5 -2.72 9.9 3.714
0.55 -2.62 5.36 1.83
0.15 -1.79 11.59 2.9459
0 1.28 14.83 1.5087
0 2.07 17.61 2.1688
0 2.21 17.65 2.9633
0 1.05 15.25 2.6283
0 2.23 16.07 2.7212
0 3.54 19.13 1.5597
0 3.76 21.86 1.8129
0 5.87 21.29 2.2882
0 1.68 18.9 1.0585
0 3.53 18.26 2.9321
0 1.53 19.01 2.0769
0 3.93 19.09 0.2676
0 5.9 21.69 0.4465
0 7.01 24.66 2.4974
0 7.89 24.67 2.9212
0 7.02 23.82 2.598
0 2.8 21 2.6382
0 2.74 19.69 2.2005
0 5.06 20.58 2.1393
48.325 5.4 21 2.7669
25.275 2.03 17.34 2.5509
2.85 1.02 9.7 2.2155
0 3.98 16.32 0.7682
0 4.71 21.47 0.7681
0 7.81 24.12 0.7068
0 7.43 24.52 1.614
0 7.61 23.89 1.785
0 8.67 23.51 2.4661
0 9.84 23.83 2.9371
0 8.88 22.45 2.2008
0 8.31 23.16 2.4818
0 6.22 22.97 2.1783
0 5.21 21.71 2.4446
0 4.58 19.3 2.5697
0 4.13 19.05 3.2082
0 3.71 16.99 2.6645
0 4.44 16.15 3.1965
0 2.95 15.71 3.2468
0 3.2 16.67 2.0913
0 3.48 18.32 1.4948
0 4.04 20.52 1.9728
0 4.06 20.5 1.1459
0 4.73 20.75 2.2566
0 6.03 21.82 2.8132
0 6.71 21.78 1.8379
0 7.3 22.42 2.1076
0 5.61 23.47 2.2372
0 5.48 22.67 1.7436
0 5.86 21.79 1.6544
0 7.34 21.45 1.351
0 8.27 24.83 2.1938
2.925 8.68 24.95 3.0829
2.25 10.31 24.49 2.209
1.25 10 22.47 1.6598
0 8.39 23.66 1.939
0 8.77 24.79 2.1068
0 6.51 24.44 3.1454
0 5.32 20.7 2.2781
0 5.9 21.07 3.1272
0 5.75 21.19 2.5239
0 7 22.41 1.8341
0 5.88 22.84 1.9233
0 5.78 22.46 2.1456
0 6.86 22.4 2.6691
0 6.4 22.5 1.5256
0 6.55 23.43 1.4161
0 7.79 24.43 2.12
0 5.06 22.8 1.4631
0 4.83 21.92 0.9132
0 4.88 22.32 1.6071
0 6.13 23.37 1.3794
0 6.97 24.09 2.5268
0 6.09 21.8 2.1184
0 5.11 21.34 1.6409
0 4.06 21.05 1.1878
0 4.95 22.2 0.8999
0 5.31 24.05 2.0687
0 8.31 24.32 1.3429
0 7.91 24.02 0.9529
0 7.18 25.84 1.1086
0 8.07 25.82 1.5128
0 8.01 26.44 1.6115
0 6.22 25.02 1.9471
0 5.12 23.5 1.8213
0 5.8 21.99 0.6855
0 5.82 22.17 0.9242
0 6.61 24.11 0.8407
0 7.92 23.36 0.8452
0 7.54 24.24 1.8678
0 7.2 23.69 0.4922
0 7.51 23.7 0.8898
0 8.27 24.83 0.7891
0.025 7.99 23.13 1.8032
4.225 7.21 23.85 1.1189
9.25 6.6 21.61 1.6072
13.625 3.16 15.55 1.4596
15.675 5.32 18.71 0.6346
8.75 4.08 19.66 1.1465
0 4.55 18.49 2.5067
0 5.31 19.37 1.8283
0 2.88 16.79 1.591
0 3.18 17.19 0.3463
0.6 3.73 20.44 0.2134
0.4 5.88 22.76 0.8555
0 6.51 22.97 0.4607
3.95 6.99 23.54 0.3796
0 8.12 24.5 0.6682
0.075 7.91 25 1.638
6.6 5.13 21.11 2.376
0.075 2.93 13.96 1.6948
0 5 19.52 0.3434
0 7.67 22.06 0.58
0 6.21 19.13 1.0619
0 5.78 22.26 1.5387
0 4.13 21.47 2.5468
0 4.77 17.74 2.0569
0 3.41 16.26 2.2056
38.575 0.17 13.1 2.3961
36.45 -1.19 8.59 4.0038
10.975 -5.53 1.73 0.782
2.05 -6.15 1.58 0.8908
0 -5.99 6.89 1.3771
0 -3.14 10.55 1.2541
5 -0.25 12.74 1.7097
4.975 1.62 7.97 1.8079
0 0.69 14.66 0.9115
0 0.77 17.23 0.5914
0 4.36 18.76 0.4715
0 2.56 18.83 1.1937
0 2.72 18.25 1.6242
0 3.61 16.72 1.8736
0 3.43 17.36 1.9131
0 2.26 18.45 0.7088
0 1.38 15.46 0.5231
0 0.79 15.92 0.4234
0 0.39 14.96 2.4072
0 0.67 16.92 1.9531
0 1.34 18.06 2.2423
0 0.28 14.88 1.358
0 -1.1 11.1 3.5993
0 -4 10.28 3.4709
0 -3.56 9.9 2.132
0 -1.77 12.32 0.9026
0 -0.71 13.8 2.2098
0 -0.7 14.68 0.1074
0 -1.43 14.43 3.52
0 -1.35 12.11 4.1573
7.35 -4.52 12.49 4.0024
10.5 -7.76 11.19 1.8899
9.275 -10.09 -2.93 0.5564
6.4 -9.42 -1.83 1.5752
0.1 -9.69 -2.92 1.0099
0 -10.03 -0.32 2.3057
0 -8.65 1.79 3.2238
0 -6.66 5.05 2.8575
2.725 -4.58 6.69 3.1933
3.2 -2.79 4.42 0.9241
0 -3.41 4.08 0.2016
0 -2.5 6.45 0.4878
0 -5.42 6.75 0.4609
0 -4.9 6.76 0.8872
0 -5.39 7.95 1.2576
0.125 -4.74 7.08 3.6111
2.05 -6.34 0.46 2.3009
4.9 -6.4 -0.74 3.9222
2.95 -9.06 -1.22 1.6432
0 -8.5 2 2.3435
0 -6.75 2.38 3.5862
0.075 -6.97 7.55 2.3998
0.025 -6.36 4.1 0.7772
0 -5.44 4.86 2.9361
0 -2.24 10.81 2.3433
0 -2.96 7.67 1.1005
0 -1.26 8.2 1.8661
0 -6.09 9.35 3.4335
0 -6.01 6.06 8.8215
0 -6.27 2.18 3.811
0 -7.22 6.85 4.3854
0 -9.44 2.85 2.8299
0 -9.38 1.49 3.5125
0 -10.01 1.36 3.043
0 -9.47 0.9 3.6471
0 -8.84 3.66 3.8866
0 -8.02 3.3 4.3984
0 -7.32 4.74 3.2356
0 -8.59 3.96 1.1423
0 -10.34 2.66 1.6388
0 -10.97 0.01 1.4811
0 -10.55 0.68 1.0083
0 -9.68 1.18 0.8509
0 -9 0.28 5.7338
0 -7.05 3.01 4.8295
0 -9.19 4.63 2.7648
0 -9.25 3.06 4.8077
0 -10.3 0.92 4.6217
0 -9.89 3.02 3.5859
0 -9.68 2.11 4.5178
0 -10.08 2.38 3.9411
0 -9.59 3.42 4.9944
0 -8.48 4.22 3.3468
0 -6.62 5.7 1.3859
0 -6.91 5.87 1.0612
0 -5.57 5.21 1.0954
0 -3.9 10.26 0.9414
0 -4.63 7.28 1.473
0 -7.37 5.82 2.3842
