1.25 0.1 10.44 1.3566
4.6 1.54 8.45 1.3972
24.925 -0.77 9.51 1.938
28.55 -2.36 7.59 3.5352
9.45 1.07 7.98 2.0492
0.475 2.37 6.46 0.4303
2.6 2.61 8.59 1.434
1.5 2.63 8.38 0.8179
0.875 2.41 9.15 3.8136
0.525 -0.44 10.11 3.4446
0 2.37 10.16 2.6152
0 4.48 9.91 5.2181
0 3.16 12.27 4.1448
0 1.9 13.54 4.0746
0 1.53 11.1 3.8131
0 1.63 11.52 4.8544
0 0.49 11.85 4.1908
0 1.4 13.7 4.7929
0 0.88 14.25 5.0148
0.125 2.58 10.83 3.53
7.525 2.5 10.46 2.6734
21.95 7.25 14.35 2.0123
20.6 8.09 11.43 1.6219
11.05 5.34 13.07 2.0953
5.575 5.33 11.54 3.2406
12.95 -0.9 6.33 1.1363
7.275 1.06 9.39 1.122
0.825 -0.5 7.84 1.253
0.575 0.05 7.37 3.9684
3.875 0.3 9.05 4.4224
2.275 2.62 10.48 2.7049
0 2.41 15.05 2.9425
0 3.12 16.42 4.0944
0 4.06 20.62 3.9278
0.45 5.7 18.08 3.1132
3.35 6.25 13.55 2.7985
4.325 6.51 13.24 3.0653
3.5 4.75 12.15 2.6805
5.275 3.45 12.01 1.0679
4.375 0.09 9.02 3.0737
7.275 -2.34 7.87 0.4282
10.25 0.1 9.13 2.8524
18.575 1.32 8.15 1.2526
18.35 -0.38 6.66 3.2551
6.2 2.51 9.2 4.0457
11.375 3.86 9.56 6.6274
22.5 2.55 10.23 5.4171
13.7 4.25 8.11 4.4779
1.1 3.64 11.11 1.74
0 1.94 14.13 3.5706
0 2.96 14.7 2.715
7.575 3.23 15.22 3.6497
15.825 6.58 13.81 4.1755
8.975 9.19 13.93 3.1468
1.3 5.48 13.94 1.8222
3.125 5.48 14.44 1.7705
2.4 4.94 14.58 2.7864
0.075 1.7 12.93 0.5076
4.875 4.2 16.19 3.6475
17.15 8.13 15.1 3.3125
25.425 8.84 15.28 4.701
23.475 5.45 11.51 5.136
11.025 3.09 10.67 2.6507
0.075 1.16 11.7 1.1193
0 1.84 11.07 1.9191
0 0.51 11.69 0.4273
0 2.35 13.57 1.4364
0 -0.14 9.95 2.6988
0 -1.98 11.02 0.7599
0 0.17 13.05 0.7468
0 2.24 14.99 1.8762
0 2.28 16.09 1.8837
0 2.65 13.26 1.453
0 3.69 15.72 2.9332
0 6.62 17.24 3.48
0 5.58 16.45 0.9429
0 4.89 18.89 1.1945
0 7.22 21.05 1.5287
3.175 6.94 20.31 1.1335
11.15 5.81 19.08 1.6963
9.375 1.27 11.43 3.7775
0.3 -1.23 11.56 2.2562
0 1.4 15.37 1.9678
0 4.11 17.07 0.9131
0 5.18 19.64 1.9094
0 6.77 20.88 1.8099
0 8.68 22.27 1.4798
0 5.05 16.85 3.9021
0 2.36 15.88 2.3102
0 5.04 17.74 0.6608
0 4.93 19.76 3.0068
0 5.23 18.96 2.7236
0 2.52 15.11 5.1063
0 0.39 16.12 1.9659
0 5.77 19.09 2.5414
4.225 2.38 24.65 1.8444
8.95 5.29 23.13 1.0576
11.8 5.74 15.88 3.0339
9.275 5.74 10.49 1.985
4.925 5.54 12.83 2.2863
0.275 3.75 14.87 3.4951
0 4.26 18.07 1.4087
0.1 5.56 19.15 2.6353
0.15 3.23 18.74 5.3655
0.025 -0.68 13.68 5.5474
0 1.28 14.18 2.7957
0 3.2 20.06 1.7144
0 6.84 23.37 2.2963
0 11.35 27.23 2.4492
0 12.3 29.31 1.461
0 15.08 30.25 1.2021
0 12.72 30.72 1.7084
0.35 7.62 28.45 2.3147
0.325 5.5 19.08 2.9573
0.3 1.73 17.81 3.1197
0 2.89 18.84 1.9287
0 3.79 17.55 2.2315
0 2.22 15.25 3.0201
0 1.44 16.6 1.7235
13.925 3.31 19.37 1.801
27.525 8.1 18.88 1.9705
19.725 9.62 16.01 2.7952
6.55 9.6 16.12 3.981
7.225 9.44 20.22 2.1204
5.35 11.42 21.71 3.9625
0 8.95 23.45 1.9297
0 10.31 23.3 2.9547
0 8.36 24.35 2.0441
0 9.63 26.04 1.8724
0 9.48 26.55 1.5234
0 10.06 26.78 3.0083
0 6.92 23.95 3.3775
0 8.28 24.35 2.8362
0 8.97 25.56 2.8153
0 10.12 27.32 2.2854
0 13.26 32.35 1.5817
0 17.44 35.61 0.2971
0 15.63 34.03 2.0128
0 12.94 29.6 2.3486
0 9.93 27.1 1.2637
0 10.15 29.16 1.0065
0 11.52 28.82 2.3112
0 8.68 26.73 2.9392
0 7.75 24.12 2.7167
0 8.34 26.54 2.2209
0 11.71 29.75 1.8738
0 15.7 32.55 1.0429
0 14.83 32.78 2.0407
0 13.98 28.3 2.5507
0 10.93 27.41 2.9181
0 10.65 27.04 2.3412
0.55 10.75 25.29 2.3681
1.725 11.4 23.59 2.3632
1.325 12.15 26.28 0.5855
1.125 10.2 22.42 2.1785
0.575 9.47 19.27 3.1589
0.375 8.46 22.01 2.0574
0.125 8.44 24.25 2.5866
0 10.02 25.21 2.5262
0 8.17 23.03 3.3372
0 10.32 21.98 3.0345
0 8.76 23.69 3.2718
0 9.78 25 2.5064
0 11.37 22.28 3.4454
0 9.88 23.65 2.3179
0 9.44 24.11 2.4605
0 10.91 26.39 2.6698
0 12.11 26.9 3.2064
0 12.77 29.67 2.29
0 13.71 30.94 3.0961
0 10.11 27.26 3.3513
0 7.95 24.63 3.4632
0 10.32 28.22 1.8729
0 15.33 32.42 1.0103
0 15.53 33.67 1.7764
0 13.3 31.43 2.7526
0 12.51 32.21 1.71
0 15.99 36.06 1.1132
0 17.87 39.59 0.8698
0 18.19 38.34 2.6702
0 15.04 36.12 2.5655
0 15.16 33.64 2.2499
0 15.13 33.2 1.9552
0 15.67 34.31 2.8274
0 14.08 31.33 2.5899
0 11.45 29.5 2.796
0 9.76 29.2 2.514
0 10.9 29 2.6346
0 11.46 29.78 2.7605
0 12.31 29.72 2.7181
0 12.79 29.84 2.2337
0 14.97 29.6 1.9604
0 16.31 31.09 2.4333
0 12.45 33.39 1.9762
0 16.78 36.01 1.2144
0 18 37.24 1.3939
0 16.77 37.39 1.781
0 18.77 37.44 1.6141
0 19.66 38.65 1.9106
0 20.24 39.57 1.6152
0 18.93 35.9 2.4177
0 15.35 33.7 2.5747
0 15.28 33.24 2.5044
0 13.44 33.28 2.1425
0 12.11 30.86 2.2428
0 11.25 32.43 2.3877
0 15.09 35.54 2.0485
0 17.64 37.28 1.7724
0 15.76 33.96 2.1326
0 13.78 31.56 2.8845
0 13.18 30.85 2.6452
0 11.81 30.78 2.985
0 13.96 31.6 2.7855
0 11.54 29.71 3.1687
0 10.86 28.07 2.677
0 12.05 30.21 2.3696
0 13.67 29.26 2.4076
0 11.9 24.23 3.0532
0 10.27 26 1.8499
0 12.44 29.31 1.7125
0 16.49 32.46 1.0068
0 18.3 35.14 1.3075
0 17.57 34.17 3.0441
0 15.34 35.41 3.0529
0 15.81 33.24 3.2664
0 13.14 29.67 3.074
0 11.78 31.34 1.7079
0 14.94 32.55 0.8272
0 16.23 33.01 0.9637
0 15.2 34.53 0.8465
0 15.94 33.75 1.3117
0 12.56 31.8 2.4492
0 13.92 35.87 2.2302
0 17.79 35.39 2.1369
0.025 14.48 30.7 2.7744
0 12.22 29.68 1.6626
0 13.54 30.85 1.551
0 14.44 32.41 0.5465
0 13.65 34.89 1.7302
0 16.78 35.47 1.8033
0 17.31 36.71 1.8297
0 18.06 34.48 2.5529
0 15.26 30.5 1.7197
0 13.74 33.02 0.9106
0 17.26 35.13 0.5238
0 17.03 36 1.9295
0 14.64 32.52 2.4035
0 11.27 28.43 2.1789
0 11.4 26.09 2.3011
0 10.82 28 2.0749
0 11.85 29.5 0.7748
0 13.32 31.26 1.1661
0 15.1 34.28 0.5892
0.075 17.42 35.48 1.1191
0.05 15.04 33.21 1.8734
1.225 10.65 24.11 2.2214
1.2 12.21 22.64 2.7107
0.075 10.79 24.47 1.7406
0 12.92 28.63 1.8571
0 13.73 31.02 1.0744
0 15.92 34.42 0.8029
0 16.44 32.24 1.9336
0 13.32 32.11 0.8804
0 15.42 33.07 2.032
0 16.86 34.74 2.1044
0 17.21 34.02 1.2661
0 16.56 33.69 0.7941
0 15.27 33.85 0.7126
0 16.9 35.57 1.0722
0 17.64 35.55 0.3101
0 14.84 33.67 1.9106
0 10.48 28.7 2.6457
0 5.6 20.77 2.4962
0 7.03 24.35 2.373
0.375 10.18 25.88 0.9916
0.7 7.97 22.11 3.2647
0.875 4.68 18.16 3.3201
0 4.97 17.32 0.3959
0 6.2 20.65 2.623
0 7.71 22.52 1.1676
0 6.79 21.81 1.2821
0 7.31 23.27 0.6157
0 8.08 23.01 0.6905
0 6.47 19.63 1.8945
15.225 7.67 18.06 2.1441
22.925 9.78 15.55 7.0923
15.7 12.78 17.48 4.4877
0.225 14.22 23.05 1.2793
0 12.91 23.25 2.2263
0 12.99 25.92 1.2646
1 9.96 22.83 1.6824
1.125 8.08 20.1 2.0531
0.175 4.81 17.8 1.1944
0 7.75 19.28 1.0564
0 8.16 20.75 0.9265
0 10.49 22.73 1.3934
0 10.87 22.68 1.3147
0 8.32 21.89 1.6365
0 11.27 24.17 1.0687
0 7.67 22.31 5.0053
0 4.73 15.67 4.836
0 2.32 15.37 0.8404
0 5.69 18.69 0.2772
0 6.02 20.36 0.8892
0 7.72 21.02 0.9549
0 8.92 22.54 1.2805
0 8.7 24.15 1.2551
0 8.54 23.1 1.9867
0 8.25 20.37 2.7043
0.05 7.13 19.23 0.9232
0.15 6.39 16.34 1.7042
0 2.77 15.9 1.9079
0 5.22 16.35 1.1398
0 6.2 16.59 0.7597
1.475 7.72 16.26 0.6117
1.5 5.01 14.6 2.0417
0.1 1.92 11.9 1.2769
0 2.75 13.23 1.0513
0 3 15.19 2.6799
0 3.01 16.44 1.9321
1.55 3.38 17.17 1.3611
1.025 3.28 13.52 2.1371
4.6 2.29 14.13 2.2789
6.825 3.65 13.12 3.7866
1 1.08 11.2 1.0928
0.075 3.29 12.93 0.5646
0 1.16 11.79 1.9601
0 3.4 15.26 3.3486
0 4.09 16.87 3.6894
1.1 5.27 18.27 2.3338
1.9 4.52 18.33 1.2291
0.45 2.77 13.51 5.6245
0 1.98 13.53 4.8715
0 2.48 14.37 3.8364
0 2.4 15.19 1.7131
0 1.89 13.22 2.1205
0 0.8 11.98 1.8905
0 1.91 13.75 1.8857
0.125 0.2 9.72 0.7088
16.775 -1.62 8.09 1.9088
14.775 -2.55 4.05 0.6047
0.675 -4.79 4.25 0.7283
0.025 -4.62 4.62 1.8542
9.5 -1.78 6.51 3.2511
27.425 1.74 9.66 2.954
43.575 5.79 10.4 4.0192
25.775 4.98 9.3 3.7336
2.75 5.17 10.7 0.9043
0.125 4.67 12.99 3.5202
0.275 4.65 13.44 2.9453
0.175 2.9 9.46 2.1391
0.025 1.88 9.21 2.6594
0.05 2.73 9.09 4.0383
4.925 2.54 13.83 2.8713
9.975 4.56 12.01 1.9777
3.85 0.41 8.81 3.6699
0 -2.58 8.42 2.0726
0.025 -1.08 10.32 3.9511
0.025 0.31 13.37 4.0963
3.375 1.8 9.69 4.1379
4.175 3.28 11.58 2.2955
3.125 0.65 7.69 3.0863
2.55 0.83 8.98 1.015
2.725 3.9 10.8 1.4549
0.05 4.52 11.18 2.9296
0 6.12 11.62 2.6386
0 4.08 11.7 1.0501
0 3.15 11.36 3.8184
0 1.49 11.44 2.9135
0 1.23 8.76 2.8385
0 2.41 8.81 3.1164
0.375 2.11 7.39 2.6259
0.7 3.09 11.37 2.9882
0.475 4.24 8.65 2.5312
0.425 2.58 6.81 2.5745
3.25 3.05 8.08 3.301
13.725 5.17 16.64 5.0227
9.475 4.89 14.56 2.2212
0.025 1.8 11.69 1.4391
0 3.58 12.78 3.3174
7.125 1.7 14.89 2.7791
20.4 5.34 13.57 3.0993
27.95 5.75 11.55 5.2308
27.75 5.29 9.54 6.0059
35.15 4.5 9.36 6.8001
29.375 1.94 7.54 3.8068
16.425 0.52 5.58 3.2223
2.25 1.62 8.36 1.3586
6.475 1.82 8.47 2.6618
10.4 4.57 9.99 4.7374
3.8 5.83 11.24 2.839
0.1 4.11 8.74 1.2767
4.175 2.53 11.7 2.7627
5.025 3.7 13.71 3.2054
2.4 3.62 12.67 1.3012
0.125 2 11.99 1.0748
0 2.91 13.61 1.8577
0.1 2.92 12.81 2.2456
3.375 4.65 13.35 0.8104
6.775 5.52 13.38 3.3914
10.95 6.33 13.22 3.2419
10.4 5.46 11.12 1.6781
2.375 4.62 9.67 2.2071
7.65 5.39 10.35 1.3678
4.25 4.36 9.92 1.5243
0.35 2.13 10.77 0.4708
0 4.01 11.56 1.5033
0 5.98 14.94 1.8469
0 3.41 14.97 1.1361
0 3.6 14.94 1.3702
0 4.47 15.61 1.1874
0 5.89 16.34 1.8035
0 6.13 17.48 2.3835
0 5.37 16.88 0.6633
0 5.47 12.63 0.9835
5 6.34 10.48 1.9201
4.65 3.01 8.84 2.4896
8.075 -0.52 11 2.2153
10.75 2.94 9.43 4.041
7.5 5.19 9.83 2.5973
6.575 2.97 12.99 1.011
18.925 6.3 15.55 5.046
13.15 5.43 12.59 0.9959
0.275 3.15 13.67 0.3211
2.15 6.05 16.16 2.1639
17.175 5.78 12.82 2.8713
18.075 2.62 7.88 3.4383
4.2 1.61 10.08 2.4973
0.025 1.22 10.68 1.3284
0 3.32 14.24 2.416
0.05 3.88 15.11 0.9159
0.325 2.13 10.31 2.6278
3.45 -1.46 9.78 3.4421
2.5 0.5 9.04 2.0475
6.375 0.4 12.57 0.5279
10.2 2.78 11.4 2.463
4.075 0.02 11.14 2.2712
0 0.24 12.92 2.6881
0 3.43 17.53 3.704
0 5.98 20.52 1.3519
0 6.91 20.92 1.2395
0 5.77 21.77 3.0291
0 5.43 21.19 2.4791
0 7.23 21.31 1.8219
0 6.34 19.24 0.3508
0 5.57 17.44 1.757
0.1 3.41 18.56 1.7372
0.375 6.21 19.91 1.8223
0.75 5.55 15.61 2.3895
0.175 2.38 14.49 1.8133
0 2.79 17.89 2.5763
0 6.24 21.05 1.2017
3.35 5.27 18.84 3.0656
11.875 4.96 14.04 5.0143
9.3 0.85 11.68 2.5976
0.875 0.28 12.17 0.6071
3.7 1.57 10.15 2.2492
14 1.81 10.24 1.549
19.4 1.69 9.79 2.9554
11.7 1.81 12.1 2.6543
0.05 0.95 13.27 0.4813
0 2.83 15.72 2.2802
0 4.56 18.36 1.1019
0 4.01 18.99 2.1497
5.35 7.57 14.72 2.0581
21.15 5.42 11.52 4.6193
19 4.65 10.6 4.2906
2 3.88 13.65 1.1629
0.1 3.31 14.6 0.7256
0 3.44 17.44 0.8937
0 5.75 18.86 1.4842
0 5.01 19.28 1.2056
0 6.32 21.68 1.2847
17.475 7.87 20.74 1.3037
26.675 4.42 14.44 2.503
12.075 3.77 8.12 3.4891
2.4 4.75 11.04 2.2584
0.05 5.9 15.34 1.0267
0 7.07 20.53 1.1301
0 7.07 23.63 1.1788
3.65 9.72 24.24 0.817
18.675 6.31 21.9 4.4741
12.45 3.16 10.72 4.5188
3.625 1.74 14.19 3.3538
0.125 1.52 15.96 3.2638
0 4.28 20.14 1.9916
0 6.33 21.85 1.8772
0 8.9 25.33 1.2172
0 8.25 22.3 2.2766
0 5.8 19.44 3.7941
0 3.4 19.85 2.5137
0 5.41 21.26 0.9892
0.15 5.81 20.41 2.6906
3.35 5.56 16.11 3.4565
6.65 4.9 12 3.1592
2.6 2.29 11.87 3.4636
0 4.55 20.22 2.0811
1.05 6.7 23.3 1.2683
2.575 9.04 24.91 0.9057
0 8.48 25.41 0.8213
0.65 9.4 23.8 1.2911
1.95 8.32 22.51 2.1012
0.825 10.01 20.03 1.5987
0.275 9.07 19.1 1.4614
0.475 8.55 20.37 3.3396
0.25 5.38 17.76 4.0997
0.625 2.09 15.44 3.4069
0 2.49 14.28 4.086
8.55 5.05 17.15 2.2228
16.675 5.41 18.37 1.6827
22.2 6.94 18.18 2.7896
15.5 5.64 16.26 2.1474
7.525 3.77 16.58 2.9772
0.025 5.65 19.21 1.7908
0 9.58 26.42 1.185
0 11.83 25.28 2.4474
0 11.37 22.93 3.0603
0 10.45 25.54 2.0207
0 13.08 26.15 2.0871
0 13.85 26.89 2.4774
0 13.19 28.91 1.6318
0 13.78 29.53 2.4523
0 11.63 27.16 3.1287
0 11.14 26.83 2.6609
0 10.5 24.13 3.4556
0 8.31 21.79 4.5635
0 9.43 22.53 5.1155
0 13 28.47 3.7023
0 14.63 31.53 1.0185
0 15.11 31.87 1.9105
0 11.84 27.86 2.8197
0 9.12 26.11 3.3785
0 10.67 27.47 1.7085
0 8.16 26.79 2.4593
0 7.3 23.82 3.2179
0 6.92 24.96 2.8285
0 10.55 27.62 2.1188
0 13.1 30.21 1.0801
0 13.62 31.89 2.1451
1.025 11.73 28.49 2.3439
0.8 10.31 26.88 2.8929
0 12.19 30.66 2.6378
0 17.17 34.93 1.3707
0 19.63 37.11 1.8313
0 15.73 34.61 3.1239
0 13.57 30.76 3.0006
0 11.52 29.06 2.9182
0 11.59 29.36 3.0742
0 12.84 30.05 2.6808
0 14.32 33.66 1.3724
0 15.03 33.06 1.8744
0 11.51 28.5 2.4166
0 10.68 30.38 2.4268
0 11.29 31.63 2.5926
0 13.05 32.65 2.3428
0 14.71 35.44 1.9394
0 15.33 34.42 2.2825
0 13.88 30.12 3.144
0 12.49 30.35 3.0665
0 14.66 32.53 1.5933
0 17.11 35.99 1.4526
0 19.14 36.49 2.6999
0 18.25 36.21 2.6637
0 17.7 35.93 2.5106
0 16.37 35.69 1.9814
0 15.46 32.45 1.9276
0 12.63 30.26 2.3647
0 11.02 32.92 1.0869
0 14.87 32.96 2.3902
0 14.89 34.2 2.2132
0 15.03 32.9 2.7959
0 12.51 28.23 2.9299
0 11.25 28.44 2.1795
0 10.55 28.91 2.5495
0 13.23 31.01 2.4251
0 13.98 31.64 2.6022
0 13.27 31.18 2.3541
0 14.01 31.49 1.9454
0 14.47 31.98 2.3809
0 13.95 32.96 1.6369
0 14.39 32.25 2.0632
0 10.6 30.12 2.1828
0 12.38 31.06 2.2736
0 11.71 30.24 2.5784
0 12.58 28.99 2.8905
0 11.43 29.23 2.0969
0 13.57 29.4 2.0742
0 10.68 26.42 2.2736
0 10.26 29.15 1.098
0 14.27 30.46 1.5897
0 12.35 29.21 2.4346
0 11.87 30.12 2.9973
0 13.39 32.93 1.4136
0 14.84 31.34 1.6426
0 13.59 29.87 1.6496
0 12.33 32.1 2.03
0 14.47 32.17 2.2887
0.15 11.02 27.05 1.9281
0.1 10.03 27.98 1.8954
0 13.64 29.83 2.5375
0 16.17 37.5 1.8374
0 20.72 39.39 0.4597
0 16.28 34.05 2.1653
0 12.54 30.24 2.3341
0 9.83 29.24 2.8096
0 8.51 22.77 2.2818
0 9.55 23.86 2.5361
0 9.75 27.32 1.7525
0 14.8 30.99 1.3584
0 17.41 34.65 0.4203
0 16.61 34.9 1.3256
0 16.01 34.42 1.2507
0 14.18 31.89 2.2254
0 13.54 31.57 1.5355
0 13.1 29.06 2.1027
0 10.33 21.42 2.7416
0 7.65 21.12 1.8871
0 10.12 25.14 0.9864
0 12.69 28.94 0.5284
0 12.94 30.29 1.1747
0 11.75 26.32 1.7634
0 9.75 26.93 1.5127
0 11 27.7 1.4044
0 11.17 28.6 1.8362
0 13.03 26.7 1.5083
0 12.71 25.9 1.3126
0 11.74 24.09 1.2973
0 10.15 25.44 1.4047
0 10.55 24.96 1.3673
0 8.41 22.36 2.6866
0 8.99 24.07 1.2659
0 11.84 28.9 0.9036
0 14.04 32.01 1.0873
0 16.06 34 1.0785
0 15.86 35.11 1.4283
0 18.54 36.4 0.6909
0 18.06 35.9 0.539
0 17.16 33.16 0.3415
0 14.46 30.29 0.7377
2.375 15.72 31.71 0.8624
3.225 12.24 26.96 1.4465
2.25 9.71 20 1.6587
0.4 10.36 18.08 1.8679
0.05 9.77 20.57 0.6465
0.625 10.12 20.21 2.0377
0 8.02 21.66 0.5872
0 9.51 24.24 1.9373
0 13.06 26.62 1.8986
0 12.89 27.47 2.222
0 13.11 29.09 2.2406
0 15.42 31.26 1.453
0 16.73 32.29 0.5084
0 15.06 30.66 0.4487
0.8 12.21 26.55 0.9976
1.35 10.38 18.72 0.951
0.425 9.18 19.12 1.3194
0 9.47 21.24 1.5466
0 9.25 23.72 0.8814
0.625 8.65 19.6 1.7446
7.225 9.25 19.12 1.3839
25.6 9.51 16.79 2.0203
37.375 10.28 14.68 5.1993
10.25 7.3 15.52 3.2632
0 4.16 15.94 1.5339
0 4.1 17.28 2.9097
0.1 8.1 21.19 3.666
2.025 7.77 18.73 2.2652
2.35 9.2 15.23 1.7928
0.375 8.09 16.83 1.2206
0 6.41 18.91 1.8191
0 7.99 21.09 2.8504
0 9.27 22.89 2.5354
0 11.67 25.87 1.5572
0.075 11.66 24.66 1.3815
9.975 9.76 21.56 2.0522
15.15 7.99 14.84 3.4342
4.825 3.73 11.97 2.3584
2.325 1.84 13.42 0.6829
1.425 4.65 13.4 1.598
0 2.94 13.98 2.29
0 4.56 15.23 1.3795
0 4.18 14.96 3.0016
0 5.84 17.28 1.8409
0 7.45 18.88 2.9508
0 6.8 18.32 1.5771
0 6.96 18.63 1.8
9.25 6.56 16.91 1.7624
25.975 4.32 11.79 1.961
22.35 1.68 8.7 3.0881
17.4 2.44 6.18 4.5254
15.575 3.33 7.82 3.1265
12.025 0.25 8.1 3.9383
2.025 -2.57 5.81 1.4536
0 -2.33 8.05 3.1127
11.175 -1 9.15 3.3851
9.85 1.68 7.43 2.6416
2.725 -0.1 5.95 2.1427
0 -2.49 7.7 2.5509
0 -0.13 9.11 3.0708
0.175 0.53 11.25 2.3305
0.35 2.17 10.28 2.7168
0.875 5 9.27 1.429
10.825 6.45 14.68 2.7012
10.5 7.36 16.27 2.791
2.775 6.76 16.01 3.7414
7 4.45 14.83 2.159
8.575 5.81 12.64 2.5564
4.475 8.14 13.34 1.4858
0.375 8.74 16.48 1.7947
0.025 7.38 14.25 0.5001
0.025 6.71 14.32 2.3518
16.575 6.18 12.24 1.3841
18.575 6 10.6 2.1448
4.025 1.9 9.86 1.2073
17.55 0.16 9.53 2.5582
33.075 2.56 10.43 3.4961
36.175 7.4 11.48 5.0381
45.2 4.99 11.83 5.5802
4.925 4.31 8.15 3.0875
10.125 4.06 9.86 3.1714
7.175 5.94 11.39 2.1316
0.625 4.92 11.06 0.6233
14.075 3.57 12.92 3.3059
19.425 3.73 13.28 5.5931
6.775 4.29 12.2 2.4147
11.2 3.08 9.82 0.8111
33.7 4.07 9 2.3948
23.45 0.49 7.71 4.4512
1.55 -3.35 6.08 2.171
6.725 -2.63 5.94 1.6054
20.35 0.9 7.5 4.5682
13.275 3.27 7.16 4.6411
2 2.06 7.61 2.3587
2.825 0.43 8.87 2.9496
0 -0.26 8.46 3.6287
0.125 -2.13 3.83 4.6437
0.075 -1.4 2.8 3.1464
0.125 -0.95 3.84 1.43
0.075 -1.66 2.12 1.4907
0 -3.74 5.07 2.9517
0.475 0.48 8.03 3.5357
2.025 2.94 11.05 2.6349
1.575 2.63 11.73 1.6726
0.525 5.17 9.82 1.1623
0 2.85 10.82 2.6886
0.125 4.98 8.3 0.6371
0.075 4.92 9.27 0.5898
0.025 4.27 10.62 2.4864
0 1.57 9.68 1.6368
0 2.94 13.79 3.9774
0 2.07 15.12 3.5093
0 3.52 14.28 2.982
0 2.72 15.79 4.0745
0 2.65 14.32 1.6868
0.125 2.82 13.87 1.9742
0.175 1.25 12.83 4.9301
0.125 0.87 12.48 3.6549
0.075 0.36 11.09 1.7717
24.325 1.03 10.84 0.6555
16.225 2.49 9.53 1.6916
5.075 -0.11 8.16 1.288
0.075 0.47 11.43 1.6587
0 -0.66 11.92 3.0345
0 1.46 12.58 1.9759
0 1.84 13.08 2.4428
0 2.41 18.6 1.6554
0 5.41 17.23 1.9383
0 5.24 17.99 0.8152
0 0.89 14.18 2.6878
0 -0.67 12.36 3.3175
0 1.47 13.24 3.546
0 2.45 15.62 3.7092
0 2.94 18.36 2.9492
0.25 3.32 17.86 1.169
1.125 3 13.79 4.2445
21.525 7.22 13.91 5.284
28.95 2.55 9.44 5.6613
35.7 1.08 6.22 4.9858
30.175 1.76 5.93 2.2271
8.875 -1.55 8.61 2.6312
0.6 -1.86 8.47 0.4797
0 0.56 9.59 1.2493
0 -0.62 10.48 0.57
4.575 -0.8 10.25 0.8699
20.35 0.4 8.36 2.4547
17.175 -1.02 8.11 4.7475
9.35 -3.25 6.42 0.9591
14.85 -3.65 8.72 0.4411
0.65 -0.14 11.41 2.4243
2.5 -0.97 13.03 2.0165
7.05 5.6 14.53 4.1616
1.85 6.1 14.34 1.5635
0 3.29 14.85 1.4818
8.425 5.06 16.03 0.5568
15.45 6.79 12.35 1.775
5.3 4.92 11.49 4.0017
0.025 2.74 13.22 0.953
2.6 4.85 14.83 1.5821
0.725 6.12 15.69 1.2056
0.275 4.6 14.27 1.1305
1.575 3.86 14.45 0.4286
4.65 5.31 15.11 1.7715
7.95 8.13 17.6 1.6546
13.775 7.61 17.16 2.036
6.325 4.94 13.93 2.5406
12.55 1.08 12.82 0.9212
15.45 1.14 11.67 4.0379
26.275 2.84 8.81 4.7869
23.125 3.74 7.91 5.1053
7.475 2.48 9.65 2.199
4.375 2.16 11.05 1.664
19.925 3.93 9.12 5.4232
19.9 2.74 6.91 5.6397
28.425 2.37 9.96 3.9916
16.425 3.11 8.64 3.2644
2.9 3.23 11.95 1.6577
1.475 4.28 13.45 0.7028
0 3.78 16.28 1.2328
0 5.38 19.68 1.837
0 7.64 21.93 2.5432
0 10.21 24.46 2.0226
0 7.93 19 1.2216
0 3.36 17.16 2.1009
0 5.27 20.38 1.8199
0 8.26 20.53 1.5528
2.425 5.54 18.64 1.8341
2.775 1.21 12.67 3.4974
0.6 -0.94 10.56 1.7842
0 -0.22 13.9 1.2629
0 1.3 15.54 0.3774
0 3.48 15.71 1.5658
0.75 2.79 16.79 1.4744
0.775 2.97 12.94 2.5626
0.125 1.18 15.23 0.52
0 3.1 18.24 0.7928
0 6.19 21.26 1.2313
2.325 7.49 21.91 2.0117
2.225 9.05 17.59 2.5115
0.925 9.92 17.54 1.2996
3.15 8.95 19.68 1.9111
1.9 7.55 16.75 1.8414
0.575 4.43 17.24 0.8288
0.825 6.37 17.83 0.7848
1.875 7.53 17.9 1.9423
1.875 6.18 18.4 2.3007
0.7 4.16 17.47 2.3689
0.125 3.68 20.33 1.0531
0 4.6 19.32 2.153
0 2.78 17.06 4.4242
0 2.61 19.74 3.4018
0 5.62 22.24 1.6606
0 8.27 24.93 0.515
0 7.15 23.16 1.1996
0 7.99 27.9 2.9728
0 12.11 29.88 0.9742
0 9.26 27.41 1.4296
0 6.87 22.87 1.8025
0.375 5.84 16.7 2.6745
1.05 3.47 15.81 2.9267
0.475 4.72 21.79 2.45
0 5.76 22.49 1.7036
0 6.88 23.73 1.246
2.95 7.93 24.15 0.8344
24.05 6.46 17.01 2.7761
21.825 4.24 12.6 2.7187
13.975 3.13 13.15 1.7514
16.35 6.14 11.4 3.4062
5.7 6.09 15.15 2.0247
0.425 4.83 20.36 2.7454
0 8.02 23.14 1.6011
0 10.21 23.01 2.2322
0 6.91 21.32 3.2885
0 5.33 19.51 4.4767
2.525 5.36 20.96 2.3914
5.4 7.27 16.83 2.754
0.425 5.16 18.64 1.9337
3.875 5.54 18.87 3.0425
3.425 5.41 16.42 3.8806
1.9 4.6 17.13 4.5205
0 6.01 18.67 2.7098
4.975 7.08 19.17 2.5364
3.125 6.8 16.19 2.5291
1.575 5.8 17.07 1.5599
3.35 5.42 17.52 0.8903
16.925 9.24 16.1 3.5438
18.55 10.31 19.63 0.9253
5.6 8.82 17.69 3.4278
0.125 7.99 20.68 2.1174
0 9.23 23.68 2.8485
0 10.09 26.21 1.6456
0 11.7 26.34 2.7853
0 9.61 23.41 3.1787
0 9.22 25.04 2.8039
0 11.65 28.09 2.6902
0 13.48 31.15 2.315
0 15.77 31.66 2.2837
0 13.78 28.74 2.5301
0 12.55 28.12 1.6727
0 13 28.32 2.837
0 12.54 28.97 2.4619
0 15.28 32.17 0.814
0 17.8 35.25 0.8341
0 18.33 35.5 2.5265
0 14.4 31.6 2.4974
0 11.73 29.06 2.4283
0 11.74 29.05 2.5873
0 12.03 29.81 2.5075
6.35 13.91 30.58 2.5357
13.15 12.7 24.47 2.4614
4.525 9.71 20.76 2.4903
0 9.97 25.9 2.4135
0 12.48 30.91 1.6207
0 16.32 34.18 1.3425
0 17.27 35.63 1.2907
0 17.09 35.91 1.6202
0 18.04 36.56 1.5798
0 19.05 35.34 2.4584
0 17.39 34.24 2.7294
0 16.76 33.83 1.8943
0 15.1 32.5 2.4047
0 12.54 30.76 2.3115
0.05 11.81 27.96 2.5193
0.025 10.16 26.34 2.6985
0 11.08 25.09 3.1662
0 9.59 24.56 2.7771
0 10.37 24.97 3.4059
0 10.23 24.65 3.2126
0 11.4 25.95 2.1036
0 11.45 27.66 1.2561
0 12.43 29.02 2.0399
0 15 31.99 1.7395
0 15.15 32.69 2.3606
0 15.92 32.96 2.7898
0 14.88 31.91 1.953
0 12.43 31.1 2.0213
0 11.95 30.97 2.1642
0 12.94 31.49 1.9822
0 13.97 32.92 1.6854
0 14.91 34.01 1.6
0 15.84 32.53 2.3952
0 13.62 30.92 3.1879
0 13.07 31.48 2.1211
0 13.9 31.42 1.5594
0 14.24 33.38 1.8226
0 14.88 32.38 2.1296
0 12.22 29 3.1401
0 12.47 30.26 2.4626
0 14.27 30.47 3.1404
0 13.12 29.39 2.6355
0 12.74 31.14 2.007
0 13.66 31.92 2.121
0 15.31 32.04 2.1986
0 14.28 30.97 2.6669
0 13.16 31.23 1.9603
0 16.37 32.39 1.5218
0 15.04 32.44 2.2088
0 14.62 31.51 1.5196
0 13.38 32.64 1.3444
0 14.34 32.24 1.9636
0 14.59 32.91 1.8722
0 13.55 29.79 2.7198
0 10.81 28.22 2.1622
0 10.26 28.97 1.7586
0 11.86 29.76 1.3942
0 15.04 33.17 1.0225
0 17.15 33.36 1.9458
0 15.16 32.33 1.2292
0 15.86 34.11 0.8399
0 16.68 33.75 1.0669
0 15.9 34.46 1.4317
0 14.8 33.17 1.9105
0 12.95 30.69 1.8203
0 12.18 30.4 1.7825
0 13.22 31.89 0.7691
0 16.28 33.57 0.7571
0 16.12 32.81 0.6992
0 15.25 31.48 0.9504
0 14.21 31.24 1.9121
0 14.89 33.82 0.7676
0 17.15 33.8 1.0189
3.1 15.64 32.92 1.0979
1.85 14.12 33.49 1.6278
0.05 17.3 34.81 0.7441
0.075 14.26 26.99 1.7899
0.175 12.95 27.8 1.7658
0 14.09 30.29 0.9402
0 14.97 30.39 1.6234
0 13.27 28.3 2.4396
0 11.51 25.64 1.6821
0 10.85 26.48 1.8353
0 13.77 29.2 0.9031
0 15.95 32.3 0.5332
0 17.36 33.94 1.1137
0 16.37 33.71 0.9005
0 16.23 33.69 0.7772
0 17.83 35.39 0.7714
0 13.11 30.61 1.519
0.025 11.82 23.02 2.2249
0 10.51 24.34 1.9715
0 11.84 28.05 1.0595
0 15.64 31.87 0.6111
0 14.59 32.88 0.8475
0 12.89 26.39 1.2211
0 12.21 24.66 2.4278
0 10.8 23.34 1.8373
2.425 9.17 20.07 1.9864
19.475 9.54 18.55 2.1327
19.65 7.83 16.78 3.6704
6.625 6.96 13.17 0.7016
0.325 4.56 16.9 0.9577
0 7.58 19.65 1.1601
4.175 9.13 21.86 1.2666
6.525 11.32 18.03 1.6281
2.325 12.54 20.97 1.7948
0 9.16 23.31 1.0777
0 11.19 26.7 0.8228
0 13.79 27.56 0.6424
0.025 12.7 27.46 0.9645
0 12.64 23.64 1.1009
0 11.54 25.26 1.5645
0 11.65 26.85 1.3123
0 11.05 22.2 1.1981
0 10.39 23.02 0.8421
0 9.26 23.62 0.9928
0 11.44 25 2.3541
0 12.04 25.86 1.5116
0 10.62 24.53 1.5114
0 7.96 20.04 1.4449
0 4.48 18.87 2.7343
0 7.89 19.97 2.9523
1.675 8.27 20.86 1.6993
0 7.65 21.67 1.1251
0 8.92 22.53 2.0726
0 9.58 23.21 0.7597
0 7.07 21.56 3.8389
0.85 5.92 21.19 4.0233
1.675 5.01 19.75 3.1713
5.35 2.72 12.98 1.7001
6.35 1.12 10.74 0.7132
1.575 1.79 9.7 1.3892
0.025 -0.26 10.11 0.8334
0 2.32 12.75 1.9422
0 3.74 15.33 2.9514
1.425 2.94 19 3.1744
1.7 6.04 17.5 3.6958
0.475 7.24 14.97 0.6238
0 6.78 16.22 0.3543
0 6.56 15.55 0.916
0 5.66 15.68 0.714
0 5.16 17.17 0.8702
0.7 5.75 16.92 1.2033
2.025 4.43 13.75 3.2755
3.225 1.55 10.13 2.1658
1.4 3.95 10.99 4.0077
0 2.58 12.98 2.0231
0 3.13 13.37 3.0291
0.15 3.11 12.88 4.3127
0.75 5.9 11.87 2.084
0.1 4.57 12.6 0.7151
0 3.62 13.85 2.6527
0 3.49 15.07 2.2452
0.275 2.51 13.97 0.8913
0.3 2.07 10.84 1.5067
0.075 2.01 14.75 4.1056
0 2 16.19 7.4559
0 2.25 14.56 3.4231
0 -0.06 13.7 3.9741
0 0.47 12.37 2.6169
0 -0.59 12.36 3.427
0 0.68 12.38 2.9227
0 -0.56 12.03 3.0505
0 0.17 12.73 3.0255
0 0.23 13.51 4.1245
0 0.63 13.67 2.9279
0 0.9 10.9 0.5225
0 1.4 10.37 1.4322
0 0.42 11.65 1.3903
1.225 -0.43 11.23 0.8549
1 1.64 9.7 0.6597
0.15 0.05 9.8 4.8904
0 -0.14 13 4.3976
0 1.3 12.59 2.4777
0 0.62 10.89 4.2243
0 -0.6 10.75 4.0095
0 -0.66 10.5 3.2717
0 -2.23 10.19 4.4974
0 -0.64 11.06 3.8831
0 -0.83 11.49 4.8217
0 -0.62 12.89 3.3422
0 -0.67 13.37 1.1862
0 -0.24 11.49 1.0649
0 2.8 14.28 1.0038
0 3.48 12.61 0.8342
0 5.92 15.18 1.47
0 2.07 10.98 2.3475
