0 5.4 7.67 1.5579
2.4 6.49 8.31 0.8602
0 1.06 9.72 1.9775
0 -2.39 10.81 3.0351
0.9 3.68 7.67 1.6925
0 2.02 9.29 0.315
0 0.12 8.94 1.4364
0 1.23 10.7 1.1991
0 2.29 13.06 3.7805
0 0.35 14.45 3.5423
0 0.04 15.25 2.4842
0 0.65 17.28 5.064
0 1.81 19.7 4.1685
0 1.76 18.92 3.739
0 1.23 19.75 3.7969
0 2.82 19.12 4.8383
0 2.32 19.47 3.931
0 2.29 19.72 4.3815
0 1.54 20.56 4.6425
0 2.09 19.72 3.2331
1.35 5.98 13.89 2.6036
7.85 9.84 14.04 2.0902
18.45 10.93 13.56 1.6977
2.775 10.48 16.39 1.7424
5.3 5.9 13.64 3.1121
0 4.21 12.22 1.318
0 1.56 12.73 1.0195
0 0.93 14.14 1.5895
0 2.01 15.89 3.7218
0 1.99 17.83 4.1421
0 2.36 18.75 2.5167
0 3.12 17.5 2.5297
0 3.38 19.45 4.0201
0 2.87 20 3.7471
0.05 3.25 19.45 2.9184
5.45 9.57 15.48 3.0928
3.5 8.76 14.57 3.2984
0.2 7.67 16.47 2.3995
1.5 5.12 15.73 1.2484
0 4.57 12.2 2.9833
0.7 0.37 12.8 0.3097
4.275 5.93 12.98 2.2497
0.625 5.3 12.83 1.3217
10.925 5.65 10.86 2.8457
0.4 5.88 13.28 3.6126
3.625 8.71 12.42 6.6372
9.95 8.4 12.73 5.4293
5.4 7.85 11.89 4.4814
0.075 3.45 15.25 1.7426
0 3.38 17.73 3.4718
0 5.07 18.03 2.6919
0.45 4.82 15.43 3.5357
1.9 11.55 15.41 4.3285
9.35 10.45 18.56 3.1378
0.125 8.18 18.33 1.3685
0 9.79 18.31 1.5751
0.575 9.37 19.17 1.93
0 5.88 16.97 0.59
0 6.81 17.37 3.3863
2.15 11.51 16.01 3.091
1.975 11.54 18.84 4.1795
3.325 9.46 16.09 4.9192
3.075 6.28 14.42 2.4398
0 3.43 15.61 1.18
0.125 4.9 14.75 1.8675
0 3.43 16.42 0.3389
0 3.48 18.66 1.5041
0 4.79 13.32 2.8564
0 1.18 14.77 0.7994
0 1.56 17.58 0.4381
0 5.02 19.77 1.5919
0 4.82 21.16 1.5756
0 6.18 16.82 1.4822
0 7.21 20.3 2.0064
0 8.45 21.49 2.3067
0 9.29 21.16 1.2225
0 9.18 22.22 1.717
0 10.65 26.14 1.6926
0 10.37 24.47 1.3668
1.825 8.96 19.37 1.4948
1.6 7.09 14.47 3.7186
0 4.32 15.56 2.5937
0 3.48 20.25 1.931
0 5.95 22.5 1.3598
0 10.02 24.67 2.3397
0 11.21 24.95 1.7135
0 10.07 26.75 1.4903
0 10.27 19.91 3.7644
0 7.73 20.23 2.1679
0 5.7 23.03 0.8958
0 11.05 25.23 3.3055
0 8.96 21.97 2.7741
0 7.69 19.72 5.1197
0 6.31 19.78 1.8352
0.025 5.35 25.28 2.235
0.125 7.87 28.08 1.6724
8.875 9.87 19.72 1.2681
0.475 9.95 18.23 2.48
3.875 9.82 15.3 1.7153
1.5 9.62 17.48 2.4139
0 5.93 20.31 3.7971
0 8.1 23.92 1.9635
0 10.07 22.83 2.7513
0 8.35 16.35 5.3356
0 6.81 17.78 5.4272
0 5.04 21.64 2.9366
0 7.32 25.78 1.6144
0 10.7 28.31 2.1025
0 12.47 32.81 2.1042
0 15.15 34.72 1.5035
0 16.03 35.25 1.4207
0 16.03 35.76 1.5844
0 12.93 26.37 1.9297
0 8.94 21.52 3.0191
0 5.7 23.11 3.3511
0 6.03 22.28 2.3418
0 7.85 21.51 2.2754
0 5.4 18.44 2.8834
0 5.93 21.14 2.0564
0 7.27 23.64 2.1032
14.325 13.73 21.97 1.6354
0.975 13.46 20.28 2.4024
0.275 14.29 22.42 3.1804
0 13.63 25.83 1.7145
0.275 16.81 27.58 3.1629
0 13.98 28.61 1.6159
0 13.13 27.7 3.341
0 13.88 29.39 2.4602
0 13.18 31.03 2.3975
0 13.1 32.15 2.0076
0 14.62 31.06 3.2896
0 11.94 27.45 3.4765
0 13.05 28.56 3.3535
0 14.65 29.37 3.35
0 15.04 32.7 2.7114
0 15.98 37.22 1.2813
0 19.87 40.25 0.2011
0 20.65 37.75 1.9414
0 17.6 31.95 2.1211
0 13.96 29.45 1.539
0 13.73 32.5 1.3264
0 13.2 32.5 2.3886
0 12.32 28.74 2.9297
0 10.93 25.94 2.7926
0 10.37 29.98 2.5501
0 14.57 33.81 2.0638
0 18.45 36.11 1.3319
0 18.76 35.83 2.3372
0 16.56 32.28 2.361
0 13.48 30.18 2.6558
0 13.48 30.25 2.4025
0 13.46 28.08 2.5467
0.125 15.37 27.81 2.3968
0 15.96 28.92 0.7186
0.125 13.15 26.22 2.2105
1.3 13.73 22.33 2.6581
0 12.57 25.81 1.678
0 12.6 28.61 2.5573
0 13.13 28.86 2.627
0 12.6 26.75 3.3082
0 14.67 25.61 2.9238
0 13.86 26.97 3.4483
0 13.74 26.77 2.6908
0.525 15.76 27.25 3.2346
0 14.01 27.33 2.2529
0 13.96 26.24 2.4596
0 14.37 30.28 2.9538
0 14.62 30.08 3.2797
0 15.4 35.48 2.5162
0 18.31 34.17 3.145
0 13.36 29.6 3.3926
0 11.54 27.2 3.5147
0 14.54 32.09 1.9141
0 15.78 35.56 0.9474
0 18 37.45 1.7073
0 15.78 34.72 2.5805
0 15 33.56 1.9702
0 18.48 39.59 1.1764
0 22.07 42.35 1.0568
0 22.01 41.31 2.5402
0 18.77 37.57 2.5261
0 18.2 36.03 2.1911
0 16.59 36.64 1.8989
0 15.98 36.59 2.5562
0 16.54 33.89 2.3405
0 15.9 31.95 2.5073
0 12.9 31.34 2.4129
0 13.73 32.48 2.5128
0 14.57 31.89 2.7482
0 15.04 31.69 2.8073
0 14.29 32.53 2.1844
0 18.47 32.02 1.8373
0 19.26 33.28 2.2756
0 17.19 34.59 1.8817
0 18.25 38.28 0.8198
0 19.69 39.5 1.5751
0 20.43 38.87 1.5993
0 20.43 39.62 1.6163
0 22.34 40.04 1.9311
0 22.07 40.48 1.4257
0 20.65 38.61 2.4047
0 19.04 35.89 2.5387
0 17.9 34.14 2.59
0 16.79 34.67 2.1774
0 14.59 31.92 2.0809
0 14.06 33.56 2.1257
0 17.12 37.15 1.9468
0 19.95 38.26 2.1596
0 19.04 35.28 2.5623
0 16.56 33.41 3.0202
0 15.73 32.53 2.8469
0 16.34 33.06 3.121
0 17.38 34.44 2.7648
0 15.26 31.97 2.6144
0 15.15 30.86 2.0957
0 15.15 32.22 1.7134
0 16.26 31.69 1.9861
0 15.17 26.55 2.5534
0 14.26 28.64 1.9391
0 15.43 32.75 1.9201
0 17.37 35.81 1.2683
0 19.34 37.67 1.3801
0 20.07 35.81 2.8148
0 17.27 36.87 2.8523
0 19.79 34.47 3.2459
0 18.15 31.14 3.2016
0 13.18 32.7 1.8752
0 15.83 35.25 0.9874
0 16.64 34.97 1.2391
0 16.56 35.25 0.9251
0 17.95 34.97 1.409
0 15.2 31.95 2.42
0 15.7 36.34 2.0125
0 19.57 35.91 2.1574
0 19.34 33.69 2.2812
0 13.73 31.97 1.5189
0 14.34 34.22 1.4462
0 15.9 34.75 0.3578
0 17.04 36.09 1.736
0 17.37 37.7 1.9844
0 19.51 39.39 1.7535
0 19.95 38.66 2.255
0 17.32 32.35 1.1921
0 16.79 35.58 0.565
0 21.15 36.34 0.8712
0 21.24 38.43 2.0183
0 17.92 35.16 2.658
0 13.13 30.36 2.098
0 15.68 28.36 2.2755
0 14.54 30.3 2.32
0 14.34 32.3 0.9201
0 15.63 33.59 1.1483
0 17.32 35.81 0.6273
0 18 37.2 1.2803
0.375 18.05 31.85 2.2726
0 14.84 26.27 1.8196
3.525 15.45 25.89 2.3428
0 14.31 29.52 1.9488
0 16.01 31.39 2.1548
0 15.73 33.06 1.2558
0 16.87 37.3 0.7573
0 18.73 35.36 1.6806
0 17.04 33.06 1.1167
0 17.7 35.58 1.5168
0 17.98 36.95 1.7849
0 17.25 36.67 1.2085
0 16.86 35.89 0.7834
0 16.26 35.5 0.8353
0 16.64 37.14 1.0816
0 17.42 37.25 0.3764
0 18.18 32.35 1.6651
0 13.87 22.74 2.5898
0 9.44 23.89 2.5871
0 10.93 26.69 2.2042
0 9.37 28.69 0.9643
0 11.81 24.63 3.3274
0 8.05 19.89 3.3338
0 7.49 21.21 0.4395
0 7.39 23.72 1.9802
0 9.11 27.33 1.0056
0 10.12 24.57 1.4279
0 9.34 25 0.655
0 9.9 25.63 0.4098
0 10.15 22.58 1.6007
0.525 9.62 20.23 1.9516
38.125 13.79 17.83 6.9576
0.975 15.96 25 4.0167
0 17.88 27.2 1.2306
0 16 26.69 2.4404
0 14.34 26.75 1.4039
0 15.15 26.16 1.6219
0.175 10.68 18.66 1.809
0.025 11.28 20.78 1.4374
0 9.87 23.08 1.2095
0 11.56 23.59 1.0813
0 11.59 25.58 1.4877
0 11.87 26.11 1.6285
0 13.2 25.28 1.4898
0 11.28 27.37 1.2683
0 11.87 18.85 4.8653
0 8.26 17.47 4.8127
0 5.02 18.19 0.836
0 5.98 22.02 0.3358
0 6.84 22.8 0.9326
0 8.51 23.66 1.1224
0 8.78 25.33 1.2081
0 9.01 25.36 1.1378
0 9.31 25.36 1.7771
0 9.37 21.67 2.4864
0 8.76 22.83 0.4348
0 10.42 19.42 2.0346
0 6.06 18.59 2.0447
0 4.31 17.83 0.9978
0 7.85 17.8 0.9718
0 8.25 16.89 0.8326
0 8.21 17.2 2.2728
0 4.21 16.42 1.6344
0 4.01 16.42 1.2945
0 1.56 17.55 2.3221
0 2.12 19.75 1.7444
0 2.7 19.75 0.8709
0 6.65 16.09 2.5221
0 1.28 15.38 1.9714
0.4 3.68 18.06 3.0425
0 3.61 12.75 1.4183
0 1.84 17.58 0.4475
0 4.72 14.88 1.6932
0 2.07 17.86 3.1635
0 1.84 19.75 3.2988
0 3.18 20.28 2.1038
3.55 6.1 14.55 1.2492
0.8 7.19 19.04 5.1733
0 1.92 15.58 4.4295
0 1.54 16.67 3.6082
0 1.59 16.97 1.2152
0 0.95 15.56 1.4671
0 0.73 14.75 1.4623
0 1.21 15.58 1.6941
0 2.19 11.69 1.1692
0.1 -3.65 9.34 1.5458
11.6 -1.08 7.2 0.7258
0.4 -3.45 8.11 0.3113
0 -2.12 7.8 1.8773
1.025 2.37 9.37 3.3644
10.125 5.7 11.28 3.2381
8.9 9.4 12.95 3.9249
1.55 6.89 13.61 3.4735
0 5.73 15.3 0.5093
0 5.07 14.67 3.3514
1.325 7.85 14.67 2.8179
0 7.01 11.8 2.1335
0 6.84 10.45 2.5499
0 5.19 11.29 3.8918
0 4.9 13.28 2.7532
3.825 6.76 12.55 1.5857
0 5.27 11.92 3.7506
0 2.5 10.66 1.9369
0 -0.98 11.87 3.6777
0 -0.45 14.19 3.8892
1 2.04 9.91 4.0102
4.425 5.65 14.47 2.1339
0.9 5.85 8.36 2.7373
1.05 3.65 12.22 0.7402
0.4 7.67 14.19 1.3123
0 6.79 11.61 2.6208
0 6.23 14.22 2.1277
0.125 4.82 11.59 1.1738
0 7.7 9.7 3.7688
0 4.52 12.62 2.9234
0 5.1 9.09 2.9928
0 4.9 8.59 3.051
0 2.65 7.45 2.3095
0.25 4.95 9.06 2.7624
0 6.23 9.04 2.4663
0 5.45 7.7 2.3159
0.15 5.68 9.09 3.1827
2.5 6.79 16.92 4.7487
11.925 9.06 17.3 2.0073
0.125 5.12 14.78 1.0149
0.125 4.59 10.53 3.0571
0.2 7.04 12.73 2.8164
10.2 7.09 12.37 2.8006
13.825 9.24 14.67 5.0535
23.925 7.32 12.17 5.5398
15.3 7.77 13.11 6.4141
15.825 5.38 9.09 3.651
1.625 3.56 10.83 3.2268
1.6 3.18 12.53 0.995
0.05 2.37 9.72 2.4912
1.75 6.68 11.09 4.5301
2.45 7.67 11.26 3.0387
0.15 5.68 13.92 1.0415
0 3.73 13.94 2.2857
0.5 5.45 15.83 3.058
0.8 6.48 15.61 0.958
0 3.73 12.63 1.3472
0 3.63 15.81 1.7089
0 7.07 12.83 2.1196
0.95 3.68 17.25 0.6004
3.375 8.03 14.39 3.1226
1 10.43 16.41 3.3812
7.525 9.09 12.27 1.593
0.475 7.32 13.08 2.5626
1.325 8.2 14.25 1.0874
9.925 7.67 11.22 1.0756
0.125 3.71 14.8 0.8596
0 7.32 14.72 1.1056
0 6.28 18.64 1.4415
0 5.5 17.83 1.3154
0 4.09 18.61 1.4997
0 4.9 19.75 1.4866
0 7.39 20 1.8505
0 7.32 20.33 2.2417
0 7.37 19.24 0.8158
0 10.2 15.1 0.9709
0.05 7.37 15.43 2.0571
6.725 7.34 11.42 2.7121
0.4 6.03 14.22 1.7218
26.85 5.96 10.28 3.6804
2.8 9.26 15.53 2.4794
0.05 7.77 17.25 0.8705
4.05 8.76 17.98 4.4358
1.525 9.27 15.05 1.0547
0 4.87 17.78 0.4846
0.025 7.07 18.03 1.8345
2.4 7.76 14.95 2.7195
10.95 6.79 10.56 3.1499
0.5 5.7 14.17 2.4809
0 2.73 14.17 1.0676
0 8.18 16.89 2.1935
0 5.68 18.92 1.3477
0 5.78 14.22 2.7637
0 3.96 13.06 3.6912
1.625 4.49 12.53 2.3873
0 1.51 16.69 0.1728
7.9 5.4 13.92 1.916
0.125 3.43 13.89 2.5745
0 3.53 16.69 2.1492
0 4.59 19.72 3.1223
0 7.01 24.47 1.272
0 11.18 24.17 1.2621
0 8.78 23.33 2.7347
0 6.28 25.05 2.0818
0 7.74 24.5 1.4336
0 7.87 22 0.453
0 9.49 20.05 2.1106
0 8.85 22.5 1.4935
0 7.09 23.59 1.2462
0.05 7.09 18.06 2.0302
0 5.37 18.61 2.32
0 4.79 21.19 1.9966
0 7.34 24.97 0.7915
0 7.57 24.22 2.2454
0.55 7.97 16.89 4.5754
0.675 6.04 15.11 2.4411
0 5.43 15.91 0.97
1.4 4.57 14.17 1.8371
0.15 5.15 14.25 1.711
10.55 4.32 13.29 2.7838
6.675 6.41 15 2.4873
0 4.82 17.73 1.0258
0 5.15 21.44 1.8209
0 8 22 1.4528
0 9.03 21.64 1.2773
0.125 8.89 17.63 2.0457
12.425 7.87 14.42 4.8264
6.075 7.62 15.76 4.0996
0.15 5.68 18.08 1.1055
0 6.76 19.44 0.7955
0 7.32 21.67 0.9888
0 9.54 22.53 1.4779
0 9.24 23.64 1.6045
0 8.56 25.86 1.1856
0.225 11.36 25.23 1.3895
23.375 7.95 15.37 2.2283
7.175 7.09 10.83 3.545
0.275 7.27 15.78 2.3559
0 7.04 22.22 1.4253
0 9.59 24.72 1.4844
0 11.38 28 1.411
0 9.92 28.33 1.0581
0 9.58 20.26 3.5393
1.175 6.82 15.33 4.2383
0 5.72 18.06 3.5758
0 8.32 21.11 3.5799
0 9.16 25.03 2.3827
0 12.41 27.17 2.1597
0 10.12 30.83 1.1785
0 12.19 26.32 2.4844
0 10.16 23.03 4.0696
0 9.08 23 2.605
0 8.12 26.72 1.17
0.05 9.54 23.94 2.7607
0.6 9.03 18.51 3.5534
2.425 7.99 16.64 2.6399
0 6.08 20.81 3.4299
0 8.51 25.78 2.2223
0 10.68 27.45 1.2194
0 11.48 28.92 1.071
0 11.41 29.45 0.8688
0 12.9 27.05 1.2577
0 11.23 19.12 1.7647
0 13.4 23.66 1.1223
0 11.96 23.94 1.4787
0 10.42 23.81 3.6082
0 9.87 19.55 4.2902
0 6.99 18.39 3.5825
0 8.23 21.69 4.2635
0 8.38 21.42 2.2242
7.2 9.71 20.86 1.5816
5.5 10.93 22.53 2.326
4.775 10.07 19.17 2.085
0 7.79 20.53 2.9724
0 12.82 27.17 2.2374
0 12.27 31.09 1.3311
0 15.21 28.89 2.5797
0 14.37 25.58 2.9968
0 13.4 30.78 2.415
0 16.55 29.72 2.3407
0 17.27 30.83 2.278
0 17.62 33.03 1.9905
0 18.05 33.61 2.8992
0 15.88 30.03 3.3067
0 14.01 30.61 3.0863
0 14.03 26.52 3.4922
0 12.17 24.93 4.7655
0 15.35 29.39 5.0404
0 15.93 32.48 3.3663
0 16.51 35.78 1.1019
0 16.97 36.89 1.9402
0 14.51 30.18 2.7643
0 12.65 28.61 3.2121
0 12.87 31.42 2.1361
0 13.07 28.42 2.6298
0 10.35 25.62 2.9529
0 9.85 27.48 2.8597
0 13.23 31.11 2.2661
0 14.59 33.94 1.5546
0 17.69 34.45 2.3525
0 16.13 30.96 2.281
0.825 13.78 29.25 2.9185
0 15.45 33.33 2.801
0 19.58 37.4 1.6241
0 21.31 39.09 1.9367
0 20.4 35.58 2.8181
0 17.08 33.14 2.9789
0 12.65 31.11 2.9466
0 14.61 30.25 3.1388
0 16.29 33.03 2.7356
0 16.34 35.73 1.1626
0 17.33 35.5 2.0756
0 15.23 31.22 2.7426
0 13.56 32.22 2.5884
0 14.41 33.59 2.8147
0 14.84 34.42 2.4947
0 15.75 37.45 1.8672
0 16.7 35.25 1.9958
0 17.01 33.39 2.9312
0 15.15 31.72 2.8378
0 16.6 35.08 1.9853
0 21.24 37.98 1.9671
0 22.14 38.86 2.7171
0 20.8 38 2.6208
0 19.29 38.56 2.556
0 17.52 36.39 2.315
0 16.51 33.97 2.0728
0 15.37 32 1.9783
0 13.31 33.61 1.1248
0 15.5 34.92 2.322
0 17.12 36.06 2.2938
0 17.79 34.17 2.7464
0 14.84 30.56 2.6319
0 13.71 30.03 1.8633
0 12.82 29.97 2.1441
0 13.43 32.73 2.1889
0 15.27 33.28 2.2827
0 14.46 33.03 2.1691
0 13.96 33.31 1.9049
0 15.07 34.39 2.1894
0 14.74 34.47 1.446
0 16.18 33.86 1.9866
0 13.96 31.64 2.0401
0 13.85 32.78 1.9815
0 14.24 32.8 2.3764
0 15.72 30.53 2.5216
0 14.24 31.42 1.6947
0 15.37 31.92 1.6789
0 13.68 28.13 1.9606
0 13.13 31.11 1.398
0 16.88 32.47 1.842
0 14.49 30.86 2.5874
0 13.96 31.34 2.8567
0 14.97 35.23 1.5349
0 15.9 32.83 1.4697
0 14.18 31.14 1.4774
0 13.6 33.2 2.0177
0 15.9 33.89 2.2412
0 14.18 28.82 1.5907
0 12.57 29.72 2.0079
0 14.44 33.81 2.117
0 17.04 38.28 1.4842
0 19.45 40.73 0.4474
0 19.01 35.69 1.7573
0 15.93 32 2.2798
0 11.97 25.84 2.5251
0 12.29 26.45 2.4226
0 12.4 27 2.6075
0 12.9 30.5 1.8082
0 15.06 32.67 1.1
0 16.88 36.91 0.1892
0 17.36 36.57 1.3072
0 16.89 34.95 1.0751
0 16.79 33.01 2.3359
0 18.39 33.24 1.1329
0 15.76 32.59 1.7441
0 14.38 24.03 2.5295
0 11.19 25.06 1.9957
0 13.21 27.97 0.9456
0 13.54 31.04 0.5153
0 14.15 32.86 1.0206
0 14.03 28.44 1.4371
0 10.79 29.39 1.3894
0 11.77 30.62 1.5419
0 13.01 31.05 2.0916
0 14.93 29.79 1.5844
0 15.22 29.32 1.2554
0 13.68 26.51 1.1324
0 13.95 27.67 1.6892
0 13.13 26.84 1.5524
0 11.3 24.99 2.5904
0 10.42 27.29 1.6059
0 12.54 30.12 0.9607
0 14.07 33.93 1.2137
0 15.33 34.73 1.2944
0 15.25 36.22 1.3363
0 18.54 37.26 0.9234
0 18.92 36.87 0.6543
0 17.72 35.61 0.5714
0 17.58 32.13 0.726
0.15 18.64 33.78 0.7133
1.775 17.68 34.66 1.1322
0.325 13.53 23.1 1.8589
0.3 14.12 20.26 1.3156
0.075 11.16 23.72 0.7366
0.275 13.28 23.13 1.5017
0 10.91 25.2 0.8526
0 11.38 26.84 2.1024
0 13.18 29.52 1.8467
0 15.93 29.71 1.9478
0 16.47 31.17 1.8035
0 14.75 32.68 1.1594
0 15.07 34.79 0.4488
0 15.35 32.99 0.2407
0 16.79 29.38 0.803
2.55 14.25 30.01 0.9543
0.2 10.78 21.97 1.3128
0 11.39 23.86 1.5336
0 12.17 27.24 0.7194
0 10.91 22.14 1.6859
0.275 11.23 21.49 1.4259
8.075 12.59 20.24 1.7413
6.85 13.84 19.11 4.4321
1.475 11.46 18.76 3.0904
0 9.29 19.21 1.9477
0 5.58 19.77 2.4479
0 8.43 24.83 3.4471
0.7 10.31 19.44 2.3988
2.275 11.55 22.07 1.7704
0.075 8.6 21.62 1.1223
0 8.53 22.45 1.9019
0 8.99 24.2 2.6427
0 10.05 26.23 2.2236
0 11.2 26.65 1.4692
0 12.82 28.14 1.1695
0 11.5 24.35 1.8141
3.225 9.79 16.26 2.8867
1.425 7.35 16.18 2.5118
0.2 4.48 17.82 0.4056
0.125 8.21 16.91 1.7013
0 7.17 17.05 2.3649
0 3.96 18.18 1.3472
0 6.03 17.33 2.9007
0 6.12 20.68 1.9233
0 7.42 22.42 2.7636
0 7.49 20.57 1.4491
0 6.17 21.6 1.4503
0 6.46 21.47 1.2672
4.4 7.58 15.02 1.7962
17.55 5.89 12.82 2.668
3.625 5.26 12.98 4.2463
1.25 6.31 13.39 2.3431
2.475 5.19 11.6 3.2145
1.05 1.52 9.62 1.4724
0 -1.31 10.3 2.5653
0 -0.75 12.39 3.1395
6.475 4.16 9.35 2.1408
1.3 3.14 11.45 2.31
0 0.61 11.23 2.2726
0 0.6 11.31 2.9474
0 1.19 12.53 2.1641
0 2.4 11.35 2.6746
0 5.43 12.01 1.1783
3.6 7.71 16.07 2.8131
7.05 8.27 16.32 3.0375
1.1 6.92 17.68 3.5916
0.05 4.88 16.75 1.9801
2.4 7.31 14.02 2.231
0.625 9.11 16.38 1.2553
0.05 9.79 18.28 1.35
0 12.18 15.46 0.4203
0 11.73 14.84 2.4413
0 11.01 13.3 1.3606
8.65 10.57 11.98 1.5
1.525 3.81 12.68 1.3213
1.35 2.21 9.19 2.0119
10.65 6.57 12.03 3.6524
7.125 10.52 13.84 5.1506
10.225 11.31 15.21 5.5264
6.775 7.5 11.85 2.4285
1.975 5.26 12.66 3.0683
10.35 9.37 14.41 1.9607
0.6 7.37 15.01 0.3842
0 4.73 11.39 3.0689
12.4 6.99 12.86 5.4736
1.125 4.64 15.39 1.8394
0 4.77 13.26 0.5934
14.75 4.68 10.88 1.9188
9.675 5.62 12.57 4.1087
0.35 0.8 10.19 2.3129
0.05 -1.41 9.28 1.3485
12.225 4.81 10.56 4.599
19.5 6.13 8.73 4.9187
0.95 2.2 10.18 2.2516
0.025 0.54 7.7 2.9994
0 0.36 7.42 3.5974
0 2.81 5.19 4.52
0 2.83 4.66 2.6337
0 3.05 5.56 1.3128
0 0.01 4.33 1.8285
0.85 -1.89 7.67 2.6548
2.075 2.57 8.36 3.5126
0.05 4.09 13.32 2.5215
0.9 2.7 12.68 1.3977
0.05 5.71 12.21 1.2262
0 3.29 12.27 2.6287
0 8.1 11.24 1.2606
0 8.7 11.05 1.1157
0 7.35 14.42 2.6425
0 3.99 11.09 1.9118
0 2.07 15.26 3.826
0 2.12 15.97 3.353
0 3.65 14.23 2.4418
0 3.54 15.87 3.9445
0 2.96 16.4 1.4715
0.025 4.64 10.53 1.8992
0 4.4 10.21 4.7105
0 4.42 9.76 3.4599
0.05 3.41 8.24 1.5771
2.6 3.84 9.03 0.4784
4.15 5.98 12.63 1.771
0.3 4.02 13.55 1.1624
0 2.56 12.86 1.3423
0 2.11 15.16 3.0092
0 1.76 15.23 1.8875
0 2.32 16.28 2.1844
0 3.12 18.24 1.7935
0 5.03 19.45 2.0454
0 5.47 20.62 0.9769
0 5.56 20.71 2.5551
0 2.35 15.19 3.0995
0 1.39 16.84 3.5523
0 2.32 17.92 3.8014
0 3.22 20.63 3.0148
0 2.88 21.1 0.9397
0.05 7.68 17.02 3.917
1.3 8.97 17.49 4.509
6.65 6.06 17.31 5.205
16.9 4.95 11.05 4.5805
14.5 4.33 8.45 2.5127
4.575 2.7 10.93 2.453
0.4 2.51 12.47 0.7098
0 3.56 11.95 0.9077
0.35 2.44 14.38 0.6271
0 1.84 14.39 0.8917
2.525 3.35 11.62 1.9527
11.3 4.71 11.79 4.8534
0.95 -0.21 9.49 1.1671
0 -0.9 12.12 0.3447
0 0.22 14.91 2.1245
0.5 1.79 15.46 1.8586
1.225 7.87 17.64 4.0002
0.825 8.38 19.14 1.1166
0 5.26 19.16 1.3201
0.225 8.46 19.98 0.8151
4.475 10.65 17.38 1.7576
0.8 8.9 16.15 4.2508
0.2 8.72 18.31 0.4644
0 7.51 18.82 1.3606
0 7.99 19.83 0.6101
0 6.48 16.98 1.5926
0 5.82 18.48 0.5581
1.225 8.81 19.5 1.339
0.475 12.67 21.76 1.2407
0.975 10.83 22.34 1.4015
1.6 11.61 22.6 1.9224
0.075 5.2 17.94 0.844
8.65 5.64 15.72 3.5248
11.05 5.74 11.77 4.6362
17.9 7.01 12.1 4.8384
12.3 5.47 11.94 2.1449
1.05 3.22 15.11 1.6597
3.825 5.88 15.6 5.252
18.15 7.42 13.26 5.2689
2.1 5.11 14.55 3.3708
12 8.22 12.52 3.0266
0.775 5.04 16.41 1.2441
0 8.69 16.64 1.0047
0 6.31 19.65 1.9676
0 9.57 22.78 2.3633
0 11.2 25.74 2.3959
0 12.15 28.12 1.6761
0 13.32 28.54 1.3855
0 9.37 19.64 1.8327
0 7.28 23.93 1.554
0 9.86 25.08 1.8044
0.15 10.21 22.82 2.4244
5.125 6.2 16.32 3.4639
0.625 3.01 13.43 1.6338
0 3.34 17.71 1.4712
0 4.59 19.72 0.6394
0 7.67 19.46 1.9304
0 6.21 19.85 2.0863
0.025 5.52 16.96 2.5389
0 5.48 18.37 0.7943
0 7.68 23.05 0.8124
0 10.78 24.6 1.9899
0 12.93 25.71 2.4261
0.025 12.96 22.46 2.38
0 13.65 21.98 1.5532
0.05 13.65 22.93 1.9666
0.1 12.07 20.75 1.9847
0.175 8.81 19.74 1.164
0.075 8.61 21.82 0.9768
0.025 10.98 21.21 1.7524
0.025 10.03 22.05 1.9994
0 7.99 21.17 3.0349
0 7.74 23.48 1.4682
0 9.48 22.52 2.4877
0 7.66 20.76 4.9029
0 8.44 23.18 3.5821
0 9.02 26.22 1.6554
0 10.23 28.48 0.5978
0 11.75 26.69 1.3771
0 14.34 30.11 2.8385
0 14.44 33.6 0.9969
0 12.44 29.44 1.7626
0 9.49 24.7 2.0721
0 10.22 20.43 2.7926
0.175 6.9 20.45 3.2314
0.075 8.5 24.72 2.7488
0 9.29 25.6 1.9876
0 9.78 26.32 1.5583
0 10.64 27.29 1.2595
3.85 9.33 19.62 2.5587
9.1 7.82 15.49 2.3061
1.275 7.51 16.87 1.6573
1.575 9.4 16.36 3.2963
2.675 9.54 18.78 2.2263
0.05 8.76 25.39 2.966
0 11.23 27.27 1.994
0 12.32 26.33 2.4936
0 10.71 24.43 3.5099
0 9.36 22.48 4.72
0 8.23 23.99 2.7245
0.2 10.75 22.46 2.4367
0.1 8.95 21.35 2.2129
0 10.81 22.17 2.9452
4.4 9.33 21.3 4.0117
0.15 8.19 21.16 4.7569
0 9.32 23.41 2.5947
0 9.89 23.55 2.1874
1.125 11.53 19.45 2.4861
0.075 8.06 20.9 1.6217
0.075 8.71 21.58 0.5282
14.9 11.76 18.64 3.7539
14.975 13.54 22.22 0.9435
12.95 12.69 21.81 2.8733
0 11.1 24.3 2.436
0 11.95 28.97 3.112
0 12.12 29.68 2.0102
0 12.69 28.8 3.0801
0 11.98 24.97 3.3398
0 12.54 28.62 2.81
0 14.14 31.13 2.7956
0 16.32 33.69 2.6451
0 18.04 34.42 2.4003
0 16.77 31.71 2.9386
0 14.99 31.4 2.139
0 13.29 31.47 2.6896
0 15.67 32.01 2.3579
0 17.26 34.76 0.8017
0 20.1 37.67 0.9295
0 21.12 38.19 2.436
0 17.24 34.61 2.4252
0 14.02 31.76 2.5362
0 13.93 31.64 2.7473
0 14.63 31.88 2.6857
0 15.37 33.29 2.7727
8.45 16.15 33.15 2.0126
2.85 13.78 23.12 2.2517
0 13.06 28.66 2.5298
0 13.97 31.48 2.0375
0 16.13 34.53 1.4756
0 16.97 37 1.1895
0 19.29 38.8 1.6123
0 19.3 39.48 1.6906
0 20.68 39.57 2.4312
0 19.56 39.32 2.449
0 17.8 37.89 1.9715
0 16.98 37.94 2.5116
0 13.35 35.34 2.3598
0 13.17 32.98 2.3535
0 12.05 32.1 2.4672
0 14 31.92 3.0346
0 12.12 29.72 2.7843
0 11.9 28.22 3.364
0 12.38 29.53 2.9441
0 12.84 29.2 1.9585
0 13.65 30.62 1.1
0 14.84 31.62 2.0319
0 15.52 32.21 1.947
0 16.32 35.72 2.3266
0 16.12 35.64 2.6789
0 16.71 35.19 1.944
0 15.94 34.78 1.6242
0 14.86 34.15 2.0958
0 13.74 34.23 2.1858
0 14.66 34.87 1.7621
0 14.6 35.94 1.894
0 16.44 36.28 2.5368
0 15.39 35.8 2.8835
0 16.72 35.99 1.9155
0 15.2 33.26 1.2099
0 15.62 33.61 1.7266
0 15.97 33.95 2.054
0 14.13 30.95 2.888
0 13.67 32.4 2.4644
0 16.15 33.12 2.8715
0 15.86 32.07 2.3739
0 14.64 32.84 1.8902
0 14.12 33.9 1.9883
0 16.69 34.62 2.2353
0 15.31 32.88 2.5929
0 15.11 32.05 2.1045
0 17.65 34.76 1.3152
0 17.55 34.18 2.1524
0 16.12 33.31 1.7737
0 15.22 33.63 1.7838
0 15.23 34.1 1.9589
0 15.67 34.11 2.1504
0 15.49 32.36 2.7521
0 14.11 31.93 1.7997
0 13.71 31.89 1.1986
0 14.5 31.48 1.2078
0 15.38 34.92 1.1557
0 18.43 35.68 1.8594
0 16.2 34.34 1.1884
0 17.37 35.48 0.685
0 18.27 34.6 1.0836
0 16.91 35.11 1.2938
0 16.28 34.28 1.9682
0 14.68 32.8 1.7005
0 14.23 31.97 1.6441
0 15.69 32.35 0.799
0 16.36 35.06 0.3674
0 16.56 34.99 0.9398
0 15.64 33.41 1.0612
0 13.81 32.88 1.7809
0 14.46 34.8 1.2109
0 16.61 35.61 1.3412
0 16.84 34.72 1.3764
0 15.76 35.52 1.4949
0 19.94 36.11 0.6624
0.3 17.72 29.28 1.4853
0 15.88 31.04 1.6555
0 15.78 32.75 0.9111
0 17.88 33.5 1.6296
0 15.23 32.13 2.3073
0 13.03 28.77 1.7298
0 11.46 29.42 1.8793
0 14.46 31.47 0.7631
0 15.95 33.89 0.5368
0 17.25 35.56 1.186
0 16.62 36.19 0.9102
0 17.32 35.76 0.6818
0 18.68 36.69 0.7076
0.025 18.27 37.23 1.507
0 13.6 24.56 1.9991
0 12.97 26.53 2.321
0 13.6 29.99 1.3739
0 15.68 34.35 0.6965
0 17.08 33.91 0.9165
0 15.7 28.69 1.0341
0 12.61 27.26 1.9085
0 13.08 26.64 1.5721
0 12.33 22.84 1.6871
2.325 13.07 23.18 1.9453
21.9 11.86 23.43 3.1389
3.325 8.82 17.3 0.8371
0.425 8.36 20.26 1.0233
0 9.37 23.32 0.9811
0 10.72 25.07 1.2474
0.075 13.1 23.49 1.3377
0.025 16.18 25.55 1.4844
0 14.54 26.22 1.2067
0 12.76 28.81 1.0658
0 14.24 29.7 0.7255
0 15.74 29.72 0.9285
0 15.52 26.91 0.9024
0 13.87 29.29 1.378
0 14.32 29.45 1.0383
0 13.34 24.93 1.3554
0 12.49 26.71 1.0845
0 12.18 26.38 1.2647
0 12.51 28.16 1.8566
0 12.1 29.19 1.1805
0 12.91 28.36 1.3161
0 11.42 23.36 1.3773
0 8.74 24.74 2.2882
0 8.22 22.54 2.6416
0 8.29 24.14 1.5327
0 8.86 24.26 1.0512
0 9.43 25.13 1.925
0 9.24 25.9 0.865
0 10.82 26.22 3.1176
0 9 22.5 3.8518
0.325 6.62 23.36 2.6201
0.925 6.8 15.51 1.5908
0.475 4.13 13.81 0.2693
1.4 6.67 14.66 1.1638
0.175 6.18 15.16 0.7342
0 3.25 16.21 1.8029
0 2.85 17.25 2.8617
0 3.41 19.96 3.2943
3.9 9.11 16.95 4.1744
0.4 8.32 17.38 0.8904
0 7.99 18.59 0.5623
0 8.34 17.2 1.3223
0 6.33 18.69 1.0339
0 5.67 19.89 1.0067
0 6.17 20.78 0.7595
0 6.78 20.6 2.4897
0.475 5.08 14.84 1.8324
3.55 4.78 14.82 4.0233
0 3.62 13.44 1.8492
0 3.32 15.15 2.6797
0 4.36 14.87 3.9864
0.725 7.1 15.38 1.6522
0.625 4.65 16.26 0.53
0 5.23 16.55 2.5385
0 4.54 14.3 2.1854
0.05 5.26 16.94 1.0427
0 5.65 10.6 1.4635
0 7.35 16.17 4.0287
0 5.58 18.92 7.148
0 3.86 16.28 3.1731
0 2.24 16.45 3.9705
0 -0.04 14.8 2.3017
0 -0.91 14.38 3.369
0 -0.94 14.44 2.7893
0 -0.55 14.3 2.6681
0 -0.42 14.67 2.4123
0 -0.7 15.2 3.6603
0 -0.47 15.58 2.6797
0 1.23 13.73 0.4033
0 3.51 11.89 1.2679
0 2.36 13.84 1.2195
0 0.01 13.82 0.9345
2.275 3.41 11.06 0.8852
0.2 0.55 11.91 4.4991
0 0 11.88 3.8644
0 0.04 9.38 1.9883
0 1.93 14.59 3.4534
0 0 10.78 3.6094
0 -2.05 11.87 2.8656
0 -1.71 15.11 4.3906
0 -1.79 11.79 3.6893
0 -2.7 13.02 4.3685
0 -1.8 13.19 3.191
0 -2.03 13.93 1.1071
0 -0.29 13.55 1.1723
0 1.26 14.95 1.3104
0 3.97 14.98 0.8005
0 3.93 15.54 0.9003
0 3.25 12.12 2.213
