1.025 -4.82 3.83 1.5694
8.225 -4.26 3.67 1.4252
4.55 -6.44 3.43 1.6374
1.35 -10.01 0.61 4.1946
2.7 -9.75 -1.44 1.7772
1.125 -4.94 -1.33 0.509
0 -3.76 3.19 1.4406
0 -2.04 4.81 0.7115
0 -4.82 9.03 4.467
0 -5.03 10.39 3.3277
0 -3.75 6.81 2.3582
0 2.4 10.78 5.4701
0 0.81 12.42 3.8589
0 -1.11 11.7 3.4306
0 0.08 11.66 3.8856
0 0.1 14.41 4.9086
0 -2.1 11.85 4.2611
0 -2.42 11.58 4.7912
0 -1.49 10.07 4.8879
0.125 -0.19 9.85 3.4279
15.65 -0.81 9.69 2.7261
27.8 2.89 11.33 2.1402
58.15 1.61 7.11 1.6277
50.025 0.4 5.02 2.5813
15.4 -3.82 1.91 3.5392
2.025 -8.26 -2.86 0.7743
0.2 -8.77 -1.01 1.2952
0 -7.49 1.82 1.4731
0 -4.76 3.23 4.2505
0 -2.83 9.68 4.5099
0 -0.62 10.2 3.1015
0 -1.25 10.41 3.1902
0 -2.94 9.76 3.8635
0 -2.61 11.51 3.7718
0 0.44 13.08 2.9837
4.725 0.99 12.65 2.5182
7.15 -2.02 3.75 2.8391
2.575 -3.57 2.19 2.835
17.675 -3.47 5.39 1.3101
10.6 -7.89 2.68 3.6724
2.6 -11.57 -2.19 0.4743
9.85 -10.46 -1.45 2.5718
4.975 -5.82 -1.66 1.4107
12 -6.29 -0.26 3.0779
7.025 -6.29 -0.98 3.4064
2.95 -4.93 -0.18 5.6874
24.025 -4.46 -0.97 5.4985
19.325 -4.1 -1.55 4.3389
3.575 -6.33 -2.31 1.216
0 -6.41 0.76 3.4158
0 -6.42 3.91 2.5789
5.55 -6.19 5.83 3.7898
20.675 -3.71 5.1 3.5405
14.4 -1.59 0.8 2.5632
4.25 -4.22 2.25 1.5539
2.375 -3.49 9 1.4833
0.45 -2.51 2.71 2.5889
0 -4.47 7.26 0.3894
0.05 -4.06 10.69 3.7069
13.775 -1.23 9.91 2.777
25.45 0.63 5.98 4.0195
38.7 -1.15 6.3 4.9118
19.65 -4.54 0.92 2.996
3.75 -7.21 0.42 0.8284
1.5 -6.63 3 1.8733
0 -7.65 1.9 0.2984
0 -8.01 6.14 1.4198
0 -4.56 9.51 2.6252
0 -8.51 2.45 0.423
0 -8.26 7.34 0.6654
0 -5.25 8.23 2.188
0 -5.13 11.12 2.4693
0 -3.42 12.34 1.3411
0 -2.49 9.73 2.3441
0 -1.64 10.05 2.7477
0 -1.15 12.86 1.0869
0 -0.84 14.83 1.0582
0 2 16.6 0.8723
0.05 0.27 17.1 0.684
28.75 0.51 16.1 1.9336
21.275 -4.74 7.65 4.1737
2.075 -9.41 -2.36 2.209
0 -8.42 3.64 1.9007
0 -5.31 10.58 0.4823
0 -1.93 12.18 1.9785
0 -1.57 15.89 2.0799
0 -1.04 14.75 1.3368
0 -1.05 15.61 3.2923
0 -2.5 11.5 1.9483
0 -2.41 11.04 0.2912
0 -1.55 12.73 2.5856
0 -0.06 15.15 2.5323
0 -1.29 14.32 5.2783
0 -4.91 6.08 1.9282
0 -4.63 10.59 2.8395
0 -3.81 14.06 2.3811
12.425 0.85 16.74 1.3
16.85 -3.78 13.24 3.2509
10.75 -3.35 3.12 1.7529
3.9 -3.77 4.24 2.228
0.5 -3.56 3.88 3.7351
0 -1.92 8.49 1.5728
0 -1.9 13.09 2.0676
0 -0.13 12.75 4.5999
0 -7 6.5 6.1164
0 -6.17 3.21 3.2089
0 -3.78 10.35 1.5344
0 -2.16 15.34 2.9262
0 0.67 18.94 2.84
0 4.64 22.29 1.5486
0 6.83 24.49 1.1123
0 8.09 25.06 2.0671
0.1 4.92 23.87 2.8233
1.975 2.91 17.35 3.38
1.15 -4.24 5.87 3.5472
0 -3.57 9.62 1.9298
0 -0.72 12.39 2.3407
0 -1.92 12.61 3.2261
0 -3.41 9.49 1.6104
2.4 -1.13 12.29 1.938
44.375 4.91 15.61 1.9624
30 2.52 12.3 2.5796
8.25 2.63 6.67 3.7448
4.125 0.99 7.58 1.8945
0.4 4.85 13.76 3.7415
0 2.2 15.64 2.272
0 3.26 18.88 2.8362
0 5.34 19.15 1.6418
0 3.91 19.7 1.1896
0 5.85 21.42 0.8844
0 4.55 21.38 2.9911
0 3.74 21.12 3.2791
0 3.34 18.06 2.4447
0 3.9 18.07 3.1796
0 5.08 19.76 1.6923
0 5.61 22.31 1.6127
0 10.96 26.85 0.3368
0.425 12.09 28.61 2.4089
0.25 9.4 28.42 2.7466
0 6.6 22.83 1.6939
0 6.01 21.27 0.9225
0 6.24 22.03 2.449
0 6.23 21.94 2.9642
0 5.61 21.4 2.7366
0 4.48 21.2 1.8621
0 5.25 20.46 1.2859
0 8.11 22.2 0.8289
0.75 9.35 23.34 1.8959
0.45 9.76 23.09 2.4816
17.175 9.1 22.51 3.2751
10.3 8.62 22.42 2.1911
0 8.26 21.39 1.9869
0 7.69 19.1 2.2609
0.075 7.7 18.74 0.5548
5.75 4.84 17.64 2.1819
4.775 1.9 14.73 3.6271
1.625 0.96 6.34 2.4262
0.475 1.27 9.38 2.7377
0 1.66 15.61 2.5666
0 5.97 17.84 3.4148
0 5.38 16.83 3.084
0 3.71 15.7 3.334
1 4.37 16.26 2.2614
1.65 5.95 15.61 3.6185
0.625 3.73 14.91 2.4962
0 3.91 15.92 2.4405
0 4.93 16.72 2.4069
0 7.14 17.95 2.9732
0 6.8 20.27 1.706
0 10.18 25.96 2.6412
0 6.48 24.06 3.2141
0 4.27 19.95 3.1718
0 4.5 17.36 1.1899
0 5.41 20.65 0.6709
0 9.31 24.09 1.4379
0 9.96 26.4 2.7056
0 9.25 24.72 1.7064
0 9.64 24.83 0.8582
0 9.86 29.18 0.5543
0.175 14.13 30.39 2.9743
0.1 12.69 30.29 2.9604
0 12.47 29.18 2.2625
0 12.67 27.7 1.6846
0 11.01 26.05 2.8813
0 9.57 27.31 2.5331
0 9.8 25.81 2.7997
0 8.8 25.25 2.6065
0 7.23 23.24 2.8427
0 6.67 22.94 2.5781
0 6.77 22.58 2.5503
0 7.23 23.04 1.892
0 8.78 24.25 1.8585
0 9.22 25.71 2.2983
0 9.56 25.26 1.3756
0 10.14 26.13 0.6426
0 10.33 26.31 1.5866
0 11.44 29.37 2.0153
0 13.37 29.53 1.8395
0 13.52 30.03 2.0593
0 13.7 30.6 1.7421
0 13.78 31.33 2.4535
0 13.24 31.72 2.5328
0 11.78 29.16 2.2564
0 14.85 29.23 2.0572
0 12.77 28.68 2.1308
0 12.11 28.57 2.2126
0 11.85 28.76 1.9435
0 11.98 29.91 1.7896
0 13.54 30.28 2.065
0 13.37 30.15 2.8302
0 14.79 29.12 2.5252
0 13.83 28.3 2.5165
0 13.23 28.13 2.4526
0 11.73 27.17 3.0534
0 9.9 24.84 2.6743
0 8.74 25.59 2.2424
0 10.66 25.75 2.4885
0 8.06 23.58 3.2079
0 4.41 15.29 1.9475
0 6.09 17.87 1.3144
0 8.41 22.53 0.2724
0 10.48 25.89 1.1564
0 11.36 26.47 2.9602
0 11.3 28.26 2.7454
0 11.02 27.5 2.9968
0 9.49 25.92 3.1549
0 7.15 24.12 1.3603
0 6.89 23.66 0.3285
0 8.12 24.93 0.6838
0 9.65 27.09 0.9012
0 11.68 29.35 1.2832
0 12.35 30.45 2.0454
0 13.27 29.79 2.2408
1.625 12.85 30.46 2.3071
1.725 10.4 25.36 3.1545
0.45 9.28 24.97 1.6238
0 8.8 24.2 1.5834
0 8.33 25.7 0.5528
0 8.52 26.37 1.442
0 11.86 25.89 1.1361
0 11.18 27.31 1.3156
0 11.78 28.27 2.9032
0 12.12 27.49 1.9707
0 10.68 27.29 0.9626
0 12.03 27.08 0.229
0 12.23 28.41 1.4131
0 12.03 27.96 2.1206
0 9 26.39 2.1128
0 7.68 24.16 2.005
0 7.67 21.91 1.4364
0 7.74 21.9 0.4124
0 7.99 23.12 0.9299
0 9.25 25.34 0.3561
0 11.1 26.96 0.9494
0.025 12.74 29.72 1.5991
0.45 10.45 25.8 2.317
0.25 6.98 20.59 2.7768
0 5.48 15.39 1.4937
0 6.28 21.5 1.2524
0 8.57 24.2 0.3342
0 8.73 25.7 1.0945
0 11.58 28.4 2.2432
0 8.65 27.95 0.9377
0 10.35 25.46 2.5
0 10.46 28.07 2.4542
0 9.39 28.09 1.5173
0 9.1 27.45 0.7835
0 9.1 27.29 0.7777
0 10.08 28.62 1.1795
0 10.56 29.7 0.4189
0 10.12 29.71 2.1387
0 9.93 25.19 2.5415
0 -0.61 13.42 2.311
0 -0.01 14.26 2.4873
0 2.04 18.5 0.7502
2.575 3.06 19.06 3.1246
1.625 -2.31 15.93 3.5004
0.025 -3.94 4.8 0.3023
0 -4.08 12.51 3.0425
0 -1.71 14.87 1.6061
0 1.01 15.16 1.353
0 1.28 17.04 0.7678
0 2.77 18.38 0.5427
0 1.91 18.39 1.9627
13.15 2.32 16.84 1.9565
53.775 2.51 11.51 6.519
27.95 2.9 7.87 4.4588
0.25 4.9 12.04 0.8252
0 4.97 17.95 2.1901
0 4.77 19.87 1.0717
0 5.49 22.32 1.8673
2.075 5.14 18.1 2.3725
1.25 -1.71 9.77 2.1755
0 -1.16 12.09 1.0454
0 0.33 14.61 0.5508
0 0.45 16.17 0.9355
0 3.11 18.28 1.1212
0 3.34 14.3 1.785
0 2.89 16.81 1.1418
0 2.99 17.73 4.2146
0 -1.49 7.62 4.9757
0 -4.41 6.59 0.7695
0 -3.86 8.75 0.0384
0 -0.78 14.04 0.8352
0 0.14 16.36 0.8
0 3.62 17.92 1.2022
0 3.08 19.59 1.1329
0 3.52 19.61 1.7342
0 1.46 19.1 2.289
0 -0.61 13.74 0.6647
0 -1.06 12.29 1.4749
0 -2.65 9.89 1.8378
0 -2.09 10.28 1.2329
0 -0.44 12 0.7453
5.65 1.79 11.77 0.4288
5.45 -0.29 11.62 1.9875
1.225 -4.12 3.19 1.1636
0 -4.49 4.99 1.0779
0 -4.79 6.11 2.8724
0 -3.56 9.39 2.1802
0 -1.44 10.05 1.6694
0 -1.55 12.21 1.4739
0.725 -3.75 7.65 2.3714
4.25 -2.94 8.28 3.8304
2.275 -2.48 9.12 1.0091
0 -2.4 5.01 0.5147
0 -4.19 8.13 2.3612
0 -3.37 6.35 3.7975
0 -2.26 8.02 4.1305
1 -1.9 9.52 2.6926
2.875 -0.9 10.97 1.1395
1.35 -4.09 7.63 4.9634
0 -1.77 5.39 5.1045
0 -2.58 7.95 3.9441
0 -2.57 8.82 1.6729
0 -3.75 9.52 2.3058
0 -5.4 10.22 2.1927
0 -4.67 6.14 2.1394
0.05 -4.41 7.6 1.1035
18.075 -6.26 4.33 2.295
16.775 -6.25 3.17 0.9442
3.55 -14.47 -3.99 0.7201
0 -14.18 -4.43 1.9091
4 -10.98 -3.54 3.0567
32.775 -4.64 0.17 2.7774
59.475 -2.04 1.13 3.6969
27.925 -3.86 1.87 4.4723
1.7 -4.98 -0.7 0.7659
0 -4.67 -0.32 3.05
0 -2.74 4.75 2.4547
0 -1.64 6.77 2.2681
0 -1.11 6.1 2.8085
0 -1.57 6.04 4.1211
1.325 -2.01 7.2 2.8943
13.45 -1.62 8.69 1.8497
12.05 -4.22 6.22 3.6386
0.2 -8.48 -0.4 2.7003
0 -5.62 2.68 3.9101
0 -5.32 2.13 3.8293
7.125 -5.31 2.61 4.045
4.275 -4.29 3.8 1.9728
2.95 -5.47 -0.5 3.1684
9.45 -5.47 2.3 0.7686
4.825 -3.89 1.66 1.5224
0.125 -4.46 1.03 2.501
0 -4.28 4.52 1.9964
0 -3.65 4.45 1.197
0 -3.22 6.23 3.9793
0 -3.23 6.93 2.9059
0 -2.13 6.39 2.5345
0 -2.66 7.85 2.9969
0 -1.96 7.69 2.806
0.025 -1.25 8.78 3.0875
1.9 -1.22 9.95 2.3117
1.1 1.31 7.94 2.4472
1.075 1.27 6.84 3.1168
21.925 -0.91 10.04 4.3819
13.2 -1.89 4.93 2.0538
0.25 -5.13 3.32 1.4443
0 -4.49 3.68 3.3383
1.675 -2.79 8.02 1.982
15.975 -3.1 8.51 2.555
33.05 -2.44 4.34 4.6777
30.975 -4.66 0.58 5.4947
34.6 -4.49 -1.25 6.4214
33.075 -5.76 -2.26 4.038
18.35 -5.29 -1.88 4.0555
4.575 -6.47 -2.75 0.9375
1.95 -8.04 -1.64 2.1951
4.225 -5.01 0 3.7884
1.85 -4.12 1.13 2.9283
0 -4.46 4.45 1.3734
0 -6.58 5.33 2.8687
1.375 -5.64 2.93 3.1812
0.825 -3 6.5 1.4568
0 -5.36 4.42 1.1176
0 -10.46 4.54 1.718
0 -5.2 6.44 1.9719
0 -4.24 5.72 0.6164
6.65 -2.93 6.62 2.6684
12.8 -1.83 6.17 3.3858
11.375 -1.86 2.7 1.7363
3.65 -3.97 2.01 2.5003
1.075 -5.74 2.18 1.4178
1.2 -4.96 2.48 2.2936
0.325 -5.77 1.01 0.5374
0 -5.53 4.13 1.0522
0 -2.46 5.53 1.134
0 -2.86 8.79 1.4667
0 -2.11 10.95 1.5526
0 -4.22 13.07 0.9408
0 -0.67 12.08 1.697
0 -0.97 13.04 2.4554
0 -0.73 13.76 1.1787
2.6 -2.37 13.31 1.2798
5.625 -1.25 7.89 2.346
15.375 -2.49 4.49 3.0349
7.7 -6.67 -0.55 2.3809
25.95 -6.4 4.68 3.6785
19.425 -3.38 4.73 2.8448
2.075 -4.69 3.73 0.7078
22.775 -3.74 8.72 4.4513
14.85 -1.76 7.25 1.5609
0.725 -4.35 0.99 0.5602
1.075 -4.1 8.37 2.4003
11.725 -1.05 10.86 2.6663
20.275 -2.44 3.02 3.2601
8.175 -5.31 1.91 3.1012
0.1 -6.94 0.4 1.3158
0.05 -4.45 5.45 2.6114
0.075 -5.54 7.37 0.8486
5.825 -2.18 7.14 2.4371
5.45 -9.68 0.06 3.8364
1.175 -6.55 1.01 2.0522
0 -6.92 1.34 0.455
25 -5.3 7.71 2.17
15 -5.29 7.11 2.4812
0 -6.15 4.67 2.6822
0 -5.74 10.07 3.8258
0 -3.39 14.94 1.4614
0 -0.42 16.02 0.6799
0 0.07 16.06 2.9343
0 -5.51 14.16 2.1521
0 0.52 17.2 2.0607
0 -1.1 15.99 0.6565
0 -0.43 13.72 1.3133
0 -2.65 13.77 2.2554
1.475 -2.56 14.99 2.1614
4.2 -1.28 14.88 2.4489
1.975 -4.87 6.55 2.4716
0 -4.16 9.15 2.8675
0 -3.11 13.45 1.3355
5.725 -1.07 14.87 2.611
18.725 -0.97 14.81 5.6666
9.275 -4.66 2.22 3.1127
1.175 -6.67 2.27 0.8266
7.3 -5.73 4.42 2.3013
4.1 -3.26 3.46 2.0369
25.8 -5.03 3.58 2.7419
15.475 -6.55 0.3 3.3556
0.025 -6.2 2.57 0.7484
0 -6.16 7.75 2.232
0 -3.51 13.63 0.3506
0 -1.18 14.92 1.3636
1.175 -0.98 15.34 1.9534
20.55 -0.34 9.98 3.9212
16.375 -3.97 3.63 4.6338
2.675 -4.67 1.34 1.0741
0 -4.38 7.72 0.6543
0 -3.27 8.94 0.823
0 -1.18 13.93 2.4936
0 -1.72 14.2 1.3653
0 -0.35 16.4 1.1082
6 0.48 18.24 1.7369
18.075 2.2 15.4 2.7416
10.025 -4.2 4.76 2.9655
0.8 -3.45 -0.21 1.6238
0 -1.99 4.36 1.3703
0 -0.75 13.79 0.7109
0 1.44 15.67 1.325
0 3.23 19.02 0.7355
10.05 4.14 19.02 4.272
11.975 -1.44 9.03 5.1291
3.825 -5.93 1.54 3.9232
0.15 -5.77 3.41 3.3682
0 -3.22 9.5 1.8725
0 -0.83 13.37 1.9861
0 0.59 18.17 1.0023
0 2.56 18.94 1.996
0 2.12 17.92 3.5525
0 -0.18 14.22 2.1767
0 0.2 13.48 0.791
0.1 0.83 15.7 2.8272
4 0.39 14.59 3.7403
13.475 -2.96 4.22 3.3517
6.85 -6.08 4.75 4.3019
0.1 -5.42 5.4 2.2068
0.2 0.44 12.85 1.06
0.1 1.56 16.18 0.654
0 3.86 17.85 0.5389
1.65 6.34 19.61 1.3292
4.325 6.57 19.41 2.0606
2 1.14 10.35 2.1186
0.3 2.18 12.38 1.6776
0.175 4.81 15.52 3.377
0.1 0.81 16.24 4.3632
0.175 -3.65 9.96 3.693
0.35 -3.56 5.36 4.0899
2 -2.62 7.93 2.3396
4.775 -2.26 7.86 1.5696
11.9 1.93 11.6 3.179
18.375 -0.26 7.72 2.5576
7.525 -2.9 6.57 3.6275
0 -1.79 8.47 1.7747
0 2.42 15.87 0.5479
0 4.36 19.67 2.5705
0 7.78 19.11 2.956
0 4.95 17.92 2.607
0 6.14 19.06 2.765
0 8.51 20.71 2.8148
0 7.89 21.44 2.062
0 9.46 24.25 3.031
0 9.76 24.71 3.0966
0 7.36 22.47 2.3984
0 6.7 21.92 3.9184
0 4.52 21.16 4.6066
0 3.58 14.84 5.1345
0 8.49 16.73 3.9643
0 5.89 20.25 1.062
0 8.55 22.45 1.67
0 8.6 23.73 2.9804
0 4.79 22.02 3.1049
0 3.79 17.59 0.9622
0 4.05 21.19 2.3045
0 4.42 19.72 3.2219
0 3.29 17.51 2.5224
0 4.45 18.95 1.5255
0 5.56 19.07 0.9533
0 8.22 22.5 1.6873
0 8.36 23.65 2.1446
0 9.6 21.16 2.6667
0 7.36 20.92 2.3505
0 10.88 23.64 0.8526
0 12.2 27.55 1.4834
0 12.25 29.35 3.1824
0 9.92 26.29 2.9633
0 7.79 24.24 2.6463
0 6.77 22.58 2.7453
0 11.69 22.58 1.9803
0 7.67 21.6 0.9626
0 8.18 24.34 1.8546
0 9.55 26.03 2.4008
0 10.1 24.49 2.2611
0 10.03 24.82 2.2492
0 12.09 26.42 2.1082
0 11.13 26.49 1.8213
0 11.69 28.95 2.4025
0 12.87 27.18 3.2987
0 13.24 26.57 3.4412
0 11.09 24.31 1.8159
0 12.03 25.84 1.2678
0 14.31 29.08 2.6157
0 13.79 29.82 2.7897
0 13.71 29 2.5991
0 11.88 30.1 2.0533
0 11.73 29.7 2.0289
0 11.2 27.58 2.6161
0 11.03 25.98 1.0274
0 11.57 26.09 2.2576
0 11.21 27.13 2.042
0 13.23 28.7 2.5003
0 13.32 27.76 2.7387
0 11.48 26.48 1.9464
0 9.01 25.48 2.3891
0 10.52 25.98 2.0106
0 9.16 26.46 2.3296
0 10.04 25.6 2.4147
0 9.38 25.48 2.0701
0 9.79 25.36 2.4404
0 9.79 25.95 1.5377
0 9.01 26.13 1.9563
0 9.5 26.01 2.0148
0 9.23 25.46 2.1041
0 9.38 25.42 2.5227
0.35 9.13 24.75 2.9126
0.2 8.07 22.46 2.0887
0 7.93 23.24 1.98
0 8.42 23.78 2.349
0 7.23 21.17 1.033
0 7.12 24.06 1.2923
0 10.24 24.77 2.2487
0 9.89 24.89 2.7659
0 9.94 25.44 1.1051
0 9.99 27.2 1.6868
0 10.18 28.22 1.8204
0 8.48 26.98 1.8955
0 8.62 26.88 2.2315
0 9.9 27.11 2.008
0 9.09 24.35 1.7106
0 7.82 22.7 2.5417
0 8.27 27.65 2.1726
0 13.57 31.38 0.6709
0 14.9 33.11 2.4253
0 11.7 29.96 2.5142
0 7.26 25.97 2.9655
0 7.27 14.57 2.2154
0 4.29 15.15 2.3967
0 4.79 17.53 1.142
0 5.82 21.36 0.6051
0 8.58 25.42 0.4832
0 10.52 28.58 1.1993
0 10.58 28.67 1.3171
0 8.19 28.03 1.9143
0 8.04 25.86 1.3183
0 8.42 25.54 2.527
0 8.75 24.6 2.9962
0.025 2.14 10.37 2.047
0 1.47 17.53 0.6646
0 4.12 21.55 0.7331
0 6.7 23.59 1.0412
0 6.8 24.19 1.7594
0 6.56 22.37 1.4457
0 6.1 22 0.7954
0 6.62 22.09 1.4633
0 6.53 23.55 1.6272
0 6.6 22.87 1.5546
0 6.5 22.43 1.5158
0 4.42 18.84 1.0911
0 4.29 20.33 1.0012
0 4.99 19.01 2.7249
0 4.31 15.99 0.936
0 4.32 20.61 0.4752
0 7.09 24.18 0.9283
0 10.78 29.36 0.3814
0 7.7 28.19 1.1175
0 11.97 29.66 0.512
0 11.45 30.32 0.5225
0 11.15 30.18 0.3043
0.025 11.07 27.21 0.4623
6.725 9.71 23.88 1.3806
35.025 8.51 23.21 1.7077
20.075 6.57 13.63 1.4492
2.375 4.37 8.42 1.0228
1.975 1.61 9.63 0.7966
2.8 1.98 10.6 2.1846
0.4 0.86 9.65 0.8154
0 1.95 14.57 1.8396
0 3.62 17.17 1.6241
0 7 21.31 1.3961
0 6.37 20.89 2.3988
0 7.84 23.85 1.6816
0 7.06 22.81 0.7889
0 7.67 21.88 0.6993
0 7.22 22.75 1.257
2.75 7.87 17.89 0.8943
1.8 3.66 14.03 1.1084
0 3.91 12.92 1.7989
0 3.82 19.68 1.0299
0 4.16 16.28 1.9818
4.175 2.27 14.47 1.7551
28.65 2.92 12.47 1.6629
58.925 4.77 6.23 4.7839
37.475 -0.18 8.12 3.7269
0.2 -0.64 8.5 1.5528
0 -3.38 8.7 3.0258
0 -3.57 10.33 3.3232
3.025 1.42 13.86 2.0873
2.475 1.43 14.86 1.9375
0.375 -0.61 5.96 0.836
0 -0.33 11.37 1.8601
0 0.33 14.06 3.2347
0 2.71 16.23 3.0427
0 6.65 18.64 2.0538
0 6.91 19.07 1.1378
0.95 4.48 18.59 2.2892
20.55 2.28 15.23 3.1293
16.625 -2.44 4.89 2.7063
3.525 -4.14 4.81 0.6554
2.95 -3.22 6 1.6053
0 -4.5 3.43 2.5223
0 -2.75 7.85 1.4663
0 -3.35 9.53 3.0949
0 -1.15 9.92 1.5282
0 0.41 13.48 2.4677
0 0.22 13.06 0.9367
0 -0.78 12.3 2.1923
0 -1.79 12.5 2.2428
24.725 -1.68 13.01 2.9233
41.125 -4.1 6.41 3.3215
30.325 -5.77 -2.44 5.3104
13.65 -5.68 -1.88 3.246
12.35 -5.54 -0.92 4.3481
6.05 -9.22 -1.53 1.0657
0 -10.66 -2.83 3.3884
0 -10.21 -3.38 3.3217
17.875 -6.17 -0.48 2.8871
13.025 -12.28 -0.75 2.7225
0 -11.89 -4 2.2944
0 -10.5 -3.15 3.0203
0 -6.16 1.24 2.2364
0.15 -0.87 8.4 2.5517
0.025 -1.59 5.18 1.5983
2.35 -1.38 4.52 1.904
20.625 -0.31 4.12 2.1053
12.6 -1.67 6.26 3.2526
0 -2.36 2.45 2.3176
8.375 -1.54 5.93 1.8759
11.075 -0.85 7.88 1.0481
2.475 1.32 4.84 1.4042
0.175 -0.96 7.6 0.4663
0 -0.35 7.8 2.2611
0 -0.42 6.7 1.4366
27.225 -0.89 8.59 1.9165
18.95 -2.9 3.9 1.67
7.325 -5.21 2.03 2.5707
60.025 -5.31 1.21 3.4654
90.075 -2.38 1.28 5.2604
60.175 -0.93 4.21 6.1254
24.775 -3.87 5.61 2.2432
10.075 -4.02 -3.2 2.263
5.45 -4.26 -0.43 2.2914
3.425 -3.96 1.01 0.4167
0 -4.91 1.09 2.8373
20.775 -4.82 4.3 5.2332
14.375 -4.53 5.31 2.0152
0 -5.64 -2.33 1.0164
62.875 -5.11 -0.03 2.3109
41.4 -3.78 0.83 4.5179
2.55 -12.41 -1.74 2.564
5.75 -12.08 -4.38 1.4237
21.775 -12.36 -3.05 3.9449
19.75 -4.46 -1.61 4.719
6.3 -5.61 -1.56 2.573
0 -7.85 -0.96 3.1932
0 -7.71 -1.41 3.8578
0 -5.38 0.53 5.3784
0 -4.86 1.71 3.8631
0 -6.05 1.43 1.9301
0 -6.05 3.62 1.1016
0 -7.95 1.17 3.2849
5.825 -8.28 2 3.2492
4.125 -3.31 1.98 1.7923
0.85 -2.2 6.54 1.6561
0.5 -4.22 4.06 1.3631
0 -1.55 10.75 2.522
0 -1.59 8.66 0.9181
0 -1.03 8.67 0.6582
0 -1 9.72 2.2611
0 -2.67 8.95 1.3015
0 -3.67 10.37 4.2702
0 -3.67 9.47 3.7384
0 -3.27 9.7 2.8234
0 -2.03 13.41 3.8471
0 -2.08 10.57 2.0839
0 -1.96 10.67 2.2207
0 -2.05 9.43 4.9695
0 -2.05 12.41 3.2874
0 -2.05 12.52 1.8209
9.775 -2.72 11.59 0.5963
9.275 -3.79 9.4 1.8085
3.6 -5.56 0.45 1.5475
0 -6.1 3.81 1.986
0 -6.36 6.7 3.0278
0 -6.16 6.58 2.1114
0 -5.51 8.87 2.8173
0 -1.91 11 1.6838
0 -2.06 14.44 1.9216
0 -0.44 13.91 0.5579
0 -3.48 13.08 2.1679
0 -6.22 7.76 3.6209
0 -9.23 6.52 3.7947
0 -6.62 8.16 3.8673
0 -4.59 11.42 2.6751
0 -3.18 13.63 1.3107
0.125 -2.77 13.65 3.4168
14.6 -3.75 7.03 4.1787
22.6 -3.95 8.61 6.0387
27.225 -6.29 -2.75 4.4915
44.275 -4.93 -2.15 3.0921
20.4 -5.71 -0.04 3.903
1.925 -9.8 -1.47 0.8031
0 -9.8 0.1 1.2019
0 -9.02 -0.34 0.378
0 -8.62 3.1 0.3646
11.425 -7.96 3.39 2.376
14.925 -4.76 1.02 5.7508
7.225 -9.9 -2.39 0.7695
0 -11.84 -4.39 0.4727
0 -11.81 1.15 2.1575
9.05 -9.04 5.98 1.6869
12.6 -3.39 7.95 3.5287
10.85 -2.13 5.57 1.5782
0.775 -4.84 4.99 1.4545
7.75 -3.63 9.31 0.5708
25.05 -2.9 10.38 1.7223
21.425 -1.78 2.94 4.3839
0.3 -4.92 2.84 0.5825
0 -2.63 9.19 1.5068
0 -1.41 13.24 1.0762
0.1 -1.61 11.91 1.1284
0.05 -1.88 9.22 0.6356
3.95 -1.79 11.03 0.9333
2.4 -0.44 7.83 1.0986
29.975 0.05 11.29 1.2417
27.825 0.97 13.12 2.7194
1.875 -4.67 4.65 0.9977
26.35 -5.4 7.56 3.3766
52.4 -5.17 2.4 4.8821
58.65 -5 -0.63 5.9899
27.925 -5.42 -1.19 2.5966
11.125 -5.48 1.13 1.0329
19.25 -3.91 4.32 4.6901
41.9 -4.87 0.63 5.4401
27.425 -7.83 -1.51 4.0669
8.125 -6.31 1.68 2.9964
11 -3.37 -0.96 1.5674
0.425 -3.15 4.01 0.5833
0 -3.26 9.14 1.1778
0 -1.4 12.04 2.0486
0 1.09 14.08 2.2783
0 1.64 18.92 1.6997
0 1.64 21.67 1.025
0 -0.34 17.13 1.3437
0.05 -1.26 13.31 1.9413
0 -0.77 14.65 1.3298
1.95 0.06 16.34 1.4446
7.525 -4.05 14.77 3.498
5.825 -9.22 -1.46 1.4141
1.475 -8.26 -2.06 1.3935
0.05 -7.23 3.93 0.5147
0 -5.64 9.43 1.527
0 -2.95 10.57 1.3519
0.6 -2.78 11.23 2.822
0.7 -5.28 2.67 0.5812
0 -4.88 11.14 0.7516
0 -0.53 15.66 1.3625
0 1.49 17.33 2.2645
0.025 2.63 17.24 2.8931
0.025 2.31 14.1 1.6848
0.475 1.21 14.86 2.1206
9.075 1.92 8.81 2.2836
2.45 -1.74 9.73 0.8608
1.825 -1.33 10.39 1.2827
1.05 0.42 7.31 2.4301
0.725 -0.72 7.16 2.4268
0.175 -3.47 9.92 2.6284
0 -1.21 12.29 0.8133
0 0.37 14.63 2.4099
0 -2.93 13.86 4.5138
0 -2.68 12.86 3.5734
0 -1.65 12.96 1.9453
0 0.61 15.8 0.5055
0 2.14 17.87 0.7978
0 3.61 19.61 3.0353
0 8.32 22.38 0.7813
0 7.28 23.34 1.53
0 4.96 21.8 2.0666
0.125 2.82 17.92 3.036
1.95 -0.81 8.86 3.2514
1.45 -2.86 5.3 2.6888
0 0.85 12.9 1.7179
0 2.73 16.42 1.1349
0 3.33 19.11 0.5612
12.95 3.52 20.77 2.972
15.725 -4.5 10.9 2.9197
6.075 -4.16 2.56 1.1338
21.675 -3.45 5.16 3.5122
13.775 -3.77 1.97 2.3498
1.1 -2.52 5.76 3.3358
0.05 -2.35 12.23 1.7277
0 0.74 16.77 1.9727
0 2.11 16.72 2.9038
0 0.98 15.67 4.3841
0 -0.09 12.43 2.4149
0.025 0.86 14.9 2.8328
0.15 0.79 13.41 2.5838
0.3 0.54 13.85 3.3716
5.65 -1.57 12.23 4.2703
4.875 -2.84 7.26 4.8057
0.975 -1.94 10.85 2.906
0.375 -0.83 12.26 2.7407
0.55 1.65 12.39 3.0109
0.75 -2.42 6.95 1.7226
0 -0.8 10.26 0.6489
3.35 -0.41 11.3 2.8996
8.75 4.22 6.17 1.3199
4.4 0.29 12.68 3.5695
0.2 0.42 8.13 1.8954
0 0.95 14.3 3.0064
0 4.34 17.53 1.5737
0 5.07 20.29 2.2789
0 5.09 20.33 3.0163
0 3.96 17.99 2.6435
0 5.35 18.65 2.7195
0 6.58 22.08 1.6626
0 6.33 24.62 1.8304
0 8.82 24.26 2.4338
0 4.86 21.73 1.2032
0 6.41 20.93 2.9059
0 3.81 21.61 2.0612
0 6.93 21.74 0.3017
0 8.95 24.33 0.4806
0 9.83 27.26 2.4816
0 10.97 27.46 2.8288
0 10.46 26.97 2.6105
0 5.47 23.64 2.6699
0 5.49 22.46 2.2605
0 7.94 23.11 2.2152
22 8.35 23.67 2.6135
11.45 4.93 20.12 2.475
1.2 4.16 12.59 2.2279
0 7.06 18.96 0.8713
0 7.74 24.12 0.7719
0 10.96 26.86 0.63
0 10.33 27.33 1.5738
0 10.41 26.55 1.8312
0 11.19 26.32 2.5069
0 12.87 26.51 2.8825
0 12.13 25.26 2.2136
0 11.55 25.89 2.5011
0 9.42 25.77 2.1677
0 8.32 24.35 2.3752
0 7.34 21.57 2.4839
0 7.22 21.58 3.1632
0 6.76 19.64 2.6707
0 7.33 18.68 3.2226
0 6.02 18.22 3.1806
0 6.2 19.24 2.0235
0 6.62 20.91 1.3853
0 6.91 23.13 1.932
0 6.94 23.14 1.2299
0 7.59 23.29 2.2739
0 9 24.37 2.8071
0 9.54 24.35 1.859
0 10.23 24.92 1.9991
0 8.54 26.06 2.1799
0 8.54 25.37 1.7919
0 8.94 24.36 1.6853
0 10.16 24.18 1.4559
0 11.14 27.52 2.2783
0 11.57 27.6 3.0463
0.05 13.41 27.16 2.1496
0.35 12.65 25.75 1.5575
0 11.55 26.42 1.9077
0 11.9 27.55 2.0848
0 9.44 27.01 3.0844
0 8.24 23.13 2.2932
0 8.96 23.7 3.0801
0 8.87 23.68 2.4491
0 10.29 25.19 1.789
0 8.97 25.44 1.8818
0 8.88 25 2.1711
0 9.87 24.82 2.6594
0 9.34 24.99 1.5876
0 9.56 26.05 1.3278
0 11 27.08 2.0601
0 8.06 25.69 1.4836
0 7.9 24.7 1.0325
0 7.95 24.9 1.5969
0 8.98 25.81 1.4428
0 9.89 26.46 2.5544
0 9.26 24.3 2.0413
0 8.26 23.84 1.5025
0 7.2 23.67 1.11
0 7.73 24.79 0.9199
0 7.76 26.47 2.0451
0 11.11 27.02 1.2737
0 10.68 26.84 0.8551
0 10.27 28.61 1.0663
0 10.95 28.6 1.4439
0 11.18 29.21 1.6135
0 9.38 27.67 1.8865
0 8.41 25.9 1.7832
0 8.78 24.7 0.729
0 8.98 24.78 0.8289
0 9.52 26.91 0.8516
0 11.33 26 0.8956
0 10.54 27 1.8387
0 10.47 26.71 0.5777
0 10.69 26.44 0.8948
0 11.56 27.58 0.825
0.225 11.15 25.89 1.6693
2.1 10.63 27.08 1.0648
3.575 9.82 24.39 1.6016
5.475 6.16 18.61 1.4511
6.75 8.49 21.65 0.6043
3.125 7.2 22.49 1.1816
0 7.38 21.3 2.4608
0 8.23 22.26 1.8181
0 5.67 19.59 1.6106
0 6.29 19.85 0.3258
0 6.8 23.11 0.2212
0 9 25.43 0.8873
0 9.66 25.8 0.4523
1.525 10.18 26.35 0.3124
0 11.08 27.38 0.5971
0 11.15 27.89 1.6309
2.65 8.33 23.99 2.317
0.025 6.08 16.78 1.7781
0 7.95 21.58 0.3935
0 11.17 24.96 0.5969
0 8.86 21.3 1.0842
0 8.99 25.11 1.4739
0 7.25 24.44 2.4155
0 7.79 20.69 1.958
0 6.63 19.03 2.0987
28.45 3.22 15.99 2.3414
24.725 1.95 11.48 3.8728
7.525 -2.43 4.33 0.8016
1.6 -2.92 4.22 0.8883
0 -2.89 9.81 1.332
0 -0.03 13.39 1.2024
3.85 3.02 15.59 1.6107
3.625 4.73 10.71 1.7063
0 3.35 17.6 0.9018
0 3.38 20.06 0.5758
0 7.72 21.46 0.4311
0 5.65 21.68 1.0898
0 5.74 21.19 1.5398
0 6.98 19.55 1.7771
0 6.68 20.2 1.7683
0 5.52 21.23 0.7413
0 4.38 18.35 0.5509
0 4 18.59 0.4697
0 3.16 17.84 2.3084
0 3.75 19.68 1.8681
0 4.57 20.73 2.1742
0 3.42 17.81 1.3347
0 2.6 14.23 3.4426
0 -0.64 13.52 3.4328
0 -0.39 12.82 2.0926
0 1.31 15.05 0.915
0 2.39 16.62 2.1586
0 2.42 17.38 0.1123
0 1.69 17.18 3.364
0 1.74 15.35 4.1797
6.5 -1.13 15.5 3.8686
8.4 -4.29 14.63 1.84
7.225 -6.84 -0.05 0.4839
4.675 -6.52 1.04 1.5218
0.075 -6.72 -0.28 0.951
0 -6.76 2.65 2.2878
0 -5.65 4.36 3.2273
0 -3.64 7.47 2.9521
2.025 -1.64 9.63 3.368
2.875 0.37 7.58 0.9549
0 -0.16 6.83 0.1965
0 0.57 9.34 0.5755
0 -2.21 9.77 0.5052
0 -1.67 9.53 0.8998
0 -2.53 10.93 1.077
0.075 -1.53 9.93 3.3741
1.5 -3.1 3.09 2.2353
3.8 -3.07 2.11 3.9922
2.425 -5.73 1.63 1.6633
0 -5.39 4.86 2.3382
0 -3.72 4.83 3.5613
0.05 -4.23 10.28 2.2989
0.025 -3.37 7.15 0.7861
0 -2.53 7.53 2.9335
0 0.85 13.25 2.3561
0 0.21 9.87 1.0871
0 2.16 10.83 1.7995
0 -2.84 11.75 3.4387
0 -2.68 8.96 8.7
0 -3.03 5.22 3.7229
0 -3.71 10.14 4.3681
0 -6.11 6.05 2.8156
0 -6.09 4.44 3.5063
0 -6.68 4.47 3.0732
0 -6.37 3.67 3.6329
0 -5.74 6.37 3.7689
0 -4.76 6.02 4.3688
0 -4.27 7.6 3.2418
0 -5.37 6.82 1.0738
0 -7.1 5.56 1.6548
0 -7.69 3.11 1.4817
0 -7.22 3.75 1.0757
0.075 -6.51 4.2 0.86
0.025 -6.25 3.29 5.6405
0 -4.32 5.5 4.7451
0 -5.96 7.5 2.7644
0 -6.05 5.8 4.7326
0 -7.05 3.78 4.5748
0 -6.8 6.04 3.5602
0 -6.38 4.83 4.5373
0 -6.85 5.3 3.995
0 -6.31 5.94 5.0013
0 -5.21 6.83 3.3991
0 -3.22 8.5 1.3518
0 -3.65 8.35 1.1054
0 -2.48 7.75 1.1592
0 -0.76 13.21 0.9369
0 -1.45 10.07 1.265
0 -4.19 8.54 2.3913
