1.2 -18.45 -0.04 1.5824
6.625 -9.23 -2.06 1.5648
3.525 -12.14 -0.41 1.6387
0.8 -15.26 -5 4.3164
2.7 -15.38 -5.1 1.6828
1.3 -10.71 -5.3 0.6266
0 -9.95 -1.27 1.3533
0 -8.61 -0.65 0.6995
0 -11.16 4.1 4.6076
0 -10.36 2.99 3.2264
0 -8.91 2.38 2.2125
0 -7.78 6.3 5.4481
0 -5.38 6.87 3.7437
0 -8.76 6.03 3.1614
0 -6.78 7.1 3.8131
0 -7.98 8.3 4.8896
0 -9.12 5.87 4.2317
0 -9.12 4.43 4.7848
0 -7.79 5.53 4.861
0.1 -8.2 4.14 3.3755
16.1 -5.97 5.42 2.7341
29.375 -5.5 4.48 2.1483
44.35 -10.02 3.69 1.593
51.725 -4.54 0 2.7279
15.475 -8.38 -1.46 3.6544
1.725 -14.03 -7.04 0.7555
0.25 -14.9 -6.18 1.2463
0 -12.67 -2.96 1.4713
0 -10.06 -0.17 4.2698
0 -8.89 4.73 4.519
0 -6.94 5.69 3.0821
0 -7.06 5.43 3.2297
0 -8.72 4.85 3.7495
0 -8.85 6.61 3.7701
0 -5.54 8.1 2.9949
8.05 -4.87 7.29 2.535
12.25 -7.91 -0.18 2.6837
4.45 -9.13 -3.25 2.8647
22.3 -9.06 -0.88 1.3258
13.45 -13.26 -1.89 3.8259
4.975 -17.06 -7.65 0.5308
11.825 -13.23 -6.11 2.4854
5.6 -11.35 -5.32 1.4309
12.425 -11.7 -4.85 3.0369
7.225 -11.63 -6 3.213
3.575 -10.38 -4.63 5.4435
34.95 -9.8 -5.45 5.4984
26.525 -9.73 -6.67 4.2156
3.95 -12.34 -6.65 1.0702
0 -12.15 -3.98 3.3706
0 -11.79 -0.3 2.4897
7.175 -11.35 2.15 3.7896
25.775 -9.08 0.71 3.3408
16.275 -6.66 -3.18 2.442
5.35 -8.49 -1.07 1.5806
2.725 -7.77 3.99 1.5011
0.45 -8.02 -1.32 2.6453
0 -8.97 2.96 0.4306
0.025 -8.87 5.46 3.7756
18.5 -5.17 5.27 2.8361
30.85 -4.42 2.9 4.0598
32.85 -5.95 1.36 4.9484
21.775 -9.49 -4.2 3.1708
3.7 -13.36 -5.36 0.7547
1.525 -11.59 -2.53 1.906
0 -13.26 -3.2 0.2583
0 -13.14 1.05 1.5546
0 -10.29 3.87 2.7062
0 -13.62 -1.81 0.4752
0 -12.21 2.87 0.7247
0 -10.19 3.39 2.3096
0 -9.14 5.97 2.6461
0 -9.41 7.6 1.3819
0 -7.88 4.9 2.3801
0 -5.01 6.07 2.7737
0 -6.25 8.89 1.0863
0 -6.12 9.84 0.9784
0 -3.72 11.64 0.8133
0.1 -5.11 12.1 0.7194
20.95 -4.28 11.44 2.0712
24.275 -10.2 2.76 4.266
2.175 -15.18 -6.66 2.2389
0 -13.41 -2.88 1.8757
0 -10.04 5.03 0.4371
0 -7.11 7.18 2.1063
0 -7.66 9.54 2.1066
0 -6.43 8.95 1.329
0 -5.22 10.84 3.3043
0 -8.94 7.42 1.9567
0 -7.91 6.06 0.3208
0 -6.25 8.05 2.5511
0 -5.08 10.08 2.5827
0 -7.29 8.24 5.3875
0 -11.15 1 1.8601
0 -10.15 5.1 2.9394
0 -8.22 8.89 2.6209
14.3 -5.55 11.66 1.414
17.025 -8.27 8.2 3.531
11.325 -8.07 -1.58 1.7753
5.175 -8.16 -0.13 2.189
0.9 -8.75 -0.72 3.7773
0 -7.22 4.01 1.5781
0 -6.47 8.62 1.9626
0.15 -5.2 8.07 4.477
0.1 -12.88 1.67 6.3376
0 -11.08 -1.81 3.4041
0 -8.93 5.24 1.5318
0 -6.64 10.66 3.0939
0 -3.96 13.92 2.9366
0 -0.9 17.21 1.5899
0 1.08 19.26 1.078
0 2.1 19.88 2.1774
0.125 0.76 18.72 3.0056
2.3 -2.3 12.37 3.4856
1.325 -9.66 2.05 3.6974
0 -8.07 5.02 1.9319
0 -6.13 7.82 2.3684
0 -6.39 8.18 3.3234
0 -8.54 5.22 1.547
2.325 -5.87 8.4 1.9594
51.475 1.05 11.46 2.1323
35.25 -3.12 7.02 2.7593
7.25 -1.31 4.38 3.8589
3.7 -4.09 4.55 1.9783
0.425 -0.52 9.32 3.8485
0 -2.47 11.21 2.4476
0 -2.09 14.34 2.7917
0 -0.33 15.01 1.5993
0 -1.35 15.65 1.0428
0 -0.24 16.66 0.7656
0 -0.25 17 2.9995
0 -1.79 16.24 3.2858
0 -1.8 13.97 2.2822
0 -1.14 13.77 3.1968
0 0.34 15.58 1.538
0 1.08 17.83 1.7298
0 4.8 22.01 0.3341
0.45 6.41 23.8 2.5012
0.275 4.49 23.03 2.9286
0 1.75 17.81 1.8441
0 1 16.75 0.8796
0 1.6 17.71 2.4439
0 1.37 17.38 2.9401
0 1.02 16.6 2.7404
0 0.38 16.21 1.7826
0 0.5 16.23 1.1903
0 2 17.79 0.7559
0.55 3.74 18.76 1.7398
0.325 2.81 18.56 2.3979
12.575 2.9 17.68 3.3447
7.525 2.48 17.41 2.144
0.9 2.76 16.57 1.8994
0.025 2.03 14.71 2.2167
0.575 2.62 13.66 0.7318
11.75 -0.86 11.74 2.2151
9.925 -2.89 10.86 3.8077
4.525 -4.26 2.73 2.6128
1.675 -2.96 5.11 2.7958
0.45 -1.96 10.64 2.5543
0.275 0.67 12.89 3.4071
0 0.5 12.13 3.1073
0 -1.44 10.85 3.3219
1.825 -0.66 11.66 2.1306
3.1 0.67 10.88 3.6817
1.175 -1.48 10.61 2.5622
0.625 -0.82 11.58 2.4098
0.5 0.44 11.99 2.3095
0.1 2.39 12.89 2.898
0.05 2.24 15.44 1.5945
0 5.14 20.95 2.6653
0 1.99 19.53 3.3041
0 -0.12 14.99 3.1475
0 -0.67 13.55 1.135
0 0.78 16.14 0.7675
0 3.69 19.55 1.3709
0.025 4.61 21.89 2.7064
0.025 3.68 20.12 1.6855
0 4.69 20.41 0.8601
0 5.23 24.25 0.4489
0.375 8.33 25.58 3.0074
0.2 7.37 25.19 3.0243
0 6.77 23.23 2.2416
0 7.32 23.03 1.5722
0 5.83 21.57 2.9104
0 4.77 22.32 2.5278
0 4.28 21.42 2.8375
0 3.84 21.14 2.6937
0 2.57 19.33 2.9503
0 2.44 18.73 2.6182
0 1.96 18.48 2.5518
0 2.29 18.92 1.9038
0 4.77 20.11 1.9522
0 5.08 21.26 2.3979
0 4.98 20.82 1.3407
0 4.74 22.35 0.6549
0 5.97 23.27 1.637
0 7.08 25.54 2.1229
0 8 22.3 1.9263
0 8.51 25.75 2.1066
0 9.74 26.9 1.9117
0 10.12 27.47 2.4855
0 8.07 26.66 2.5391
0 6.99 24.78 2.1865
0 9.16 24.87 2.0532
0 7.64 24.17 2.1536
0 7.11 24.09 2.2131
0 7.08 24.33 1.9517
0 7.26 25.25 1.796
0 8.81 25.57 2.0184
0 8.43 24.94 2.7973
0 8.69 24.05 2.4613
0 8.41 23.96 2.3611
0 7.24 24.18 2.3941
0 6.63 23.56 3.0783
0 4.72 21.03 2.7628
0 4.79 20.94 2.3615
0 6.62 21.29 2.624
0 3.47 18.92 3.3572
0 0.14 11.26 2.0033
0 0.71 13.15 1.2559
0 3.01 17.95 0.19
0 4.2 21.39 1.1277
0 7.04 22.99 2.9234
0 7.2 24.09 2.7236
0 5.85 22.94 2.9718
0 4.91 21.76 3.2009
0 2.61 19.85 1.3213
0 1.79 19.3 0.2836
0 3.28 21.16 0.6347
0 4.19 22.84 0.9315
0 5.32 25.3 1.2626
0 6.89 26.28 1.8889
0 7.85 25.78 2.2645
3.825 7.74 26.28 2.3418
4.175 6.23 21.27 3.3118
1.125 4.32 19.56 1.6586
0 3.37 20.42 1.6734
0 3.38 21.02 0.6546
0 3.68 21.76 1.3743
0 5.91 21.81 1.0263
0 5.94 23.03 1.3404
0 6.07 24.43 3.0721
0 6.87 22.21 2.1678
0 5.12 21.92 1.1334
0 5.12 23.08 0.1918
0 6.98 23.01 1.3608
0 6.67 22.85 2.0355
0 3.75 21.53 2.1553
0 2.29 20.15 2.0214
0 1.96 17.96 1.3672
0 2.67 18.6 0.4748
0 2.79 18.95 0.9485
0 4.69 21.1 0.3643
0 5.59 22.2 0.9587
0.125 6.59 24.73 1.5041
1.1 5.19 21.04 2.4141
0.575 1.79 16.33 2.7958
0 -0.02 15.54 1.4773
0 1.53 17.75 1.1167
0 3.45 19.89 0.3533
0 3.2 21.13 1.1597
0 5.37 23.32 2.3856
0 4.73 22.01 0.9858
0 6.67 18.22 2.707
0 3.6 23.04 2.5895
0 5.24 23.17 1.6766
0 3.27 22.74 0.8714
0 3.8 22.32 0.7709
0 6.35 23.69 1.1808
0 4.74 24.46 0.3717
0 4.9 24.42 2.2334
0 4.68 20.44 2.6385
0 -5.29 10.28 2.3233
0 -5.71 9.26 2.5791
0 -3.16 13.3 0.8463
2.325 -1.15 14.49 3.2015
1.525 -7.37 11.14 3.6104
0.075 -9.18 -0.51 0.3334
0 -8.1 6.71 3.2259
0 -6.8 8.88 1.7541
0 -4.48 10.04 1.3824
0 -4.54 12.3 0.8409
0 -2.63 13.79 0.5666
0 -3.9 13.15 2.0588
10.025 -2.75 12.54 1.9897
51.55 -2.28 6.65 6.3519
27.85 -1.93 3.62 4.5726
0.3 -0.49 7.56 0.7628
0 -0.26 13.27 2.2381
0 -0.86 14.92 1.1958
0 0.74 17.21 2.0492
1.95 1.26 13.43 2.536
1.175 -6.64 5.42 2.4807
0 -6.19 7.25 1.0744
0 -4.54 10.47 0.6037
0 -4.18 11.46 0.8421
0 -1.97 13.5 1.0962
0 -2.18 10.83 1.876
0 -2.66 11.56 1.2216
0 -2.95 12.94 4.0816
0 -8.17 0.42 5.079
0 -10.1 0.6 0.8187
0 -8.64 3.94 0.0322
0 -5.56 9.32 0.8812
0 -4.59 11.62 0.8109
0 -2.12 13.38 1.1586
0 -2.29 14.72 1.1374
0 -2.13 14.94 1.7475
0 -2.47 13.91 2.3092
0 -5.59 9.46 0.7012
0 -6.49 8.06 1.3807
0 -8.11 5.75 1.8355
0 -7.49 5.46 1.3401
0 -5.61 7.43 0.8294
4.575 -3.15 8.08 0.6286
4.55 -4.6 7.45 2.0694
1.075 -9.18 0.1 1.082
0 -9.77 0.23 1.1024
0 -10.34 1.19 2.8699
0 -8.68 4.19 2.2455
0 -6.79 6.05 1.8042
0 -6.76 8.01 1.2271
0.5 -9.13 3.17 2.3872
3.7 -7.87 4.7 3.9445
2.025 -7.64 4.25 0.9292
0 -7.8 0.6 0.5311
0 -9.29 3.99 2.498
0 -8.55 2.6 3.8631
0 -7.37 4.24 4.212
0.7 -7.44 5.35 2.7619
2.2 -5.83 6.12 1.3277
1.075 -8.93 3.27 4.9107
0 -8.15 -1.01 5.2514
0 -8.35 0.8 3.9016
0 -8.24 3.74 1.5979
0 -9.13 3.93 2.344
0 -10.73 4.83 2.2068
0 -10 1.36 2.1479
0.05 -8.49 2.8 1.2096
15.875 -12.2 -0.16 2.2838
16.375 -10.9 -3.56 1.0935
4.2 -19.88 -9.02 0.6689
0 -21.25 -9.46 1.8579
4.775 -18.04 -7.26 2.9337
32.375 -10.39 -3.55 2.7347
63.55 -7.36 -3.47 3.6836
31.2 -8.81 -2.87 4.6572
1.975 -11.01 -5.2 0.7887
0 -10.22 -5.69 2.9585
0 -8.54 -1.51 2.332
0 -7.75 0.46 2.2697
0 -7.62 0.4 2.8052
0 -8.27 -0.06 4.087
1.05 -8 0.08 2.9075
14.175 -6.73 3.14 1.896
11.425 -10.06 1.02 3.6912
0.175 -14.76 -5.91 2.903
0 -11.32 -2.69 3.7985
0 -10.82 -1.4 3.6725
6.75 -10.82 -3.09 3.9784
4.05 -9.91 -2.33 1.9203
2.725 -11.17 -4.15 3.2303
9.575 -10.57 -3.73 0.7356
5 -9.32 -3.66 1.5114
0.1 -9.71 -3.53 2.4101
0 -9.26 -0.45 1.8619
0 -9.35 -0.08 1.1821
0 -9.4 0.45 3.9929
0 -9.39 1.61 2.9251
0 -8.33 1.62 2.3739
0 -8.4 2.01 2.8887
0 -8.23 2.09 2.8849
0.075 -6.44 3.74 3.1258
1.925 -6.31 4.09 2.278
1 -4.61 1.93 2.4511
1.3 -5.23 0.81 3.0712
24.075 -6.96 3.15 4.3189
14.4 -6.52 0.75 2.0973
0.15 -10.25 -1.43 1.4762
0 -9.83 -0.5 3.323
1.025 -9.02 2.12 1.822
32.75 -9.25 3.42 2.487
56.15 -8.08 -0.66 4.5923
38.85 -9.46 -4.94 5.3837
43.65 -9.38 -5.97 6.278
48.775 -11.34 -6.72 4.03
25.675 -10.8 -7.86 4.2398
5.175 -12.96 -8.24 0.8902
1.675 -13.41 -6.83 2.0557
5.95 -11.18 -5.75 3.5498
2.975 -9.01 -4.19 2.864
0 -10.05 -0.35 1.3811
0 -12.46 0.2 2.8495
1.5 -10.72 -2.48 3.1276
0.9 -9.04 0.33 1.5019
0 -13.8 -1.08 1.0697
0 -17.43 -1.66 1.6992
0 -9.96 0.05 1.912
0 -9.56 0.13 0.6056
10.625 -9.17 0.38 2.5107
18.225 -7.55 0.84 3.3881
16.4 -7.42 -2.03 1.7904
5.575 -9.13 -3.6 2.5527
0.975 -10.84 -2.95 1.4336
1.975 -10.8 -2.62 2.3971
0.825 -11.25 -3.76 0.5221
0 -10.48 -1.29 0.9532
0 -8.28 0.45 1.0467
0 -8.75 3.37 1.4618
0 -8.15 4.76 1.5432
0 -8.51 6.96 0.8848
0 -7.21 6.7 1.7299
0 -6.7 7.43 2.4499
0 -6.17 7.9 1.3457
2.925 -7.8 6.55 1.3868
6.75 -6.69 1.73 2.4771
19.05 -7.55 1.32 3.1439
9.225 -12.58 -4.79 2.4833
23.025 -12.15 -1.84 3.5691
26.05 -8.26 -0.62 2.9246
2.9 -9.87 -1.69 0.6151
33.35 -8.6 2.75 4.3936
22.325 -7.98 1.88 1.8129
1.75 -9.27 -3.73 0.7162
0.675 -9.02 2.56 2.4502
9.475 -6.57 4.87 2.7034
23.55 -8.28 1.56 3.2316
10.875 -10.9 -2.07 3.2859
0.075 -12.26 -3.89 1.2784
0.025 -9.98 0.41 2.6969
0.125 -10.28 0.26 0.8091
6.3 -9.21 2.51 2.3957
5.4 -14.6 -3.01 3.968
1 -12.05 -3.68 2.0321
0 -12.75 -4.17 0.4916
33.2 -10.29 2.7 2.1778
19.925 -10.57 3.02 2.5667
0 -11.84 -1.35 2.7213
0 -10.97 4.5 3.8272
0 -8.7 9.05 1.5857
0 -6.68 10.69 0.6701
0 -5.22 10.5 3.0218
0 -10.58 7.41 2.132
0 -4.84 11.51 2.1418
0 -6.85 10.59 0.9029
0 -6.85 8.86 1.2298
0 -8.47 8.87 2.4366
1.05 -8.26 9.66 2.2536
3.175 -5.92 9.81 2.5819
1.525 -10.21 1.95 2.6582
0 -9.21 -0.01 2.9254
0 -7.84 7.93 1.5034
4.15 -5.05 10.11 2.7158
14.675 -5.57 9.93 5.9194
7.475 -9.63 -1.77 3.3305
1.2 -12.64 -3.1 0.8924
8.4 -11.34 3.64 2.3932
3.45 -8.22 -0.8 2.1836
20.275 -10.16 -0.59 2.7456
12.15 -11.09 -3.47 3.5885
0.025 -12.69 -2.81 0.8023
0 -10.85 2.76 2.2382
0 -8.41 8.12 0.3939
0 -6.6 10.03 1.4673
0.75 -6.23 9.05 1.9518
15.575 -5.3 5.36 3.8226
12.725 -9.46 -0.83 4.6883
2.175 -9.97 -3.37 1.0875
0 -9.09 2.81 0.6683
0 -8.02 4.49 0.8597
0 -5.68 9.34 2.6474
0 -6.81 9.48 1.3327
0 -5.78 11.74 1.0611
3.95 -4.72 13.3 1.8598
13.975 -2.84 10.96 2.8942
8.075 -9.36 0.11 2.9133
0.65 -8.21 -4.53 1.5131
0 -7.19 -1.62 1.514
0 -6.04 8.58 0.6631
0 -4.12 11.12 1.406
0 -2.75 13.27 0.7186
8.25 -0.46 14.29 4.4
9.8 -6.36 4.48 5.3231
3.1 -11.47 -2.5 4.1
0.1 -10.49 -1.06 3.4737
0 -8.16 4.45 1.924
0 -6.28 8.84 2.1903
0 -5.32 12.4 1.1214
0 -2.77 14.07 1.9759
0 -2.24 13.1 3.5697
0 -6 9.36 2.1834
0 -6.58 8.23 0.9406
0.075 -3.91 11.02 2.9
2.9 -5.02 9.87 3.813
11.475 -8.2 0.71 3.497
5.975 -11.67 0.29 4.6856
0.075 -9.3 1.58 2.386
0.15 -5 7.96 1.1658
0.1 -4.12 10.72 0.72
0 -1.98 12.77 0.5925
1.1 0.42 14.87 1.4085
3.875 1.81 14.46 2.1768
1.925 -7.55 9.86 2.4166
0.25 -2.92 7.84 1.7471
0.15 -0.14 11.06 3.4007
0.175 -3.45 11.68 4.4427
0.175 -8.6 5.64 3.7761
0.275 -8.86 0.72 4.0901
1.375 -7.09 2.6 2.3676
3.95 -7.02 3.38 1.6361
9.8 -3.57 7.56 3.3984
14.575 -5.33 4.61 2.7384
5.9 -7.63 2.1 3.826
0 -7.37 4.21 1.8434
0 -3.81 11.74 0.6157
0 -2.51 15.23 2.649
0 2.78 14.74 2.9634
0 0.08 13.35 2.6981
0 2.1 15.23 2.8974
0 4.07 16.26 2.9645
0 3.68 16.24 2.1208
0 4.73 20.07 3.1332
0 6.24 20.5 3.1465
0 2.71 18.47 2.29
0 2.93 17.91 4.0615
0 0.01 16.01 4.6372
0 -1.31 11.29 5.2571
0 2.04 10.38 4.1708
0 0.79 14.92 1.167
0 2.38 17.04 1.6229
0 3.22 19.4 3.1568
0 -0.27 17.61 3.1951
0 -1.64 12.8 0.8082
0 -0.86 17.15 2.2732
0 -0.65 15.07 3.2892
0 -1.87 13.99 2.5152
0 -0.85 15.87 1.4091
0 0.42 14.49 0.9145
0 2.98 18.22 1.5753
0.025 2.96 19.33 2.1508
0 4.82 16.14 2.6182
0 2.8 17.09 2.2846
0 5.71 19.2 0.7521
0 7.11 23.09 1.4146
0 7.65 24.3 3.2841
0 5.08 22.03 3.0175
0 2.56 19.7 2.6682
0 2.13 18.69 2.7152
0 4.41 18.83 1.8856
0 2.39 17.51 0.9817
0 3.29 19.82 1.8027
0 4.74 21.79 2.3555
0 5.14 21.12 2.1133
0 5.03 20.34 2.1378
0 6.81 22.31 2.0588
0 6.25 22.01 1.8217
0 6.63 23.71 2.4903
0 8.05 22.79 3.3801
0 8.39 22.55 3.5926
0 6.2 20.71 1.8558
0 7.03 22.08 1.1534
0 8.65 24.76 2.5841
0 7.95 24.11 2.818
0 8.09 24.59 2.6261
0 8.19 26.25 2.1046
0 6.83 25.77 2.0621
0 6.52 23.9 2.738
0 5.59 22.87 1.0653
0 6.22 22.31 2.2539
0 6.55 23.11 1.9595
0 8.26 24.31 2.3855
0 7.96 23.51 2.7056
0 5.07 22.31 1.9332
0 4.03 22.59 2.3707
0 5.47 21.66 1.9292
0 4.72 22.58 2.3121
0 5 22.23 2.4917
0 4.23 21.92 2.1087
0 4.64 21.36 2.4752
0 3.7 22.14 1.6053
0 3.96 22.55 1.9859
0 4.61 22.24 2.0274
0 3.38 21.68 2.1287
0 4.3 21.38 2.522
0.75 5.02 20.31 2.9201
0.45 4.08 16.63 2.1296
0 2.89 19.33 2.0418
0 3.78 19.81 2.4229
0 2.09 14.8 1.0319
0 2.75 19.51 1.1871
0 4.65 20.95 2.1234
0 4.48 21.19 2.7032
0 5.09 21.62 1.1181
0 4.69 23.22 1.8355
0 5.17 24.09 1.9454
0 4.18 22.7 1.8882
0 3.76 22.39 2.2183
0 4.58 23.28 2.1399
0 5.41 20.1 1.7688
0 2.68 18.81 2.6797
0 5.27 23.13 2.2806
0 7.46 26.3 0.7477
0 9.85 27.74 2.5515
0 6.36 26.44 2.6755
0 2.49 21.67 3.1185
0 1.85 10.52 2.2183
0 -1.1 10.81 2.3609
0 -1.02 13.46 1.0217
0 0.96 16.91 0.5896
0 2.82 21.31 0.5344
0 5.42 24.09 1.1532
0 5.85 24.3 1.4411
0 4.26 23.6 1.921
0 2.56 21.28 1.3897
0 2.6 21.29 2.7028
0.025 3.74 20.08 3.1405
0.025 -3.09 6.8 2.1033
0 -1.73 15.94 0.7375
0 -0.28 16.27 0.817
0 1.4 19.16 1.0668
0 1.47 19.62 1.8342
0 0.64 17.97 1.4688
0 0.3 17.77 0.6814
0 0.55 17.98 1.2774
0 -0.26 19.19 1.6702
0 0.38 18.38 1.5643
0 0.33 18.41 1.6152
0 -0.72 14.04 1.01
0 -1.91 16.3 1.048
0 0.4 15.27 2.7336
0 -0.87 12.98 0.8443
0 -0.49 16.43 0.4715
0 2.21 19.68 0.9941
0 2.91 23.57 0.4351
0 4.79 23.69 1.1638
0 7.37 24.9 0.4785
0 6.51 25.46 0.5122
0 5.04 25.15 0.3082
0.075 5.6 21.48 0.5484
4.675 4.9 18.17 1.4403
35.35 4.01 18.62 1.7543
35.625 1.35 8.72 1.5091
1.925 -0.83 3.43 1.1265
7.225 -3.87 5.16 0.8077
2.425 -3.54 4.31 2.2211
0.15 -5.56 5.37 0.8201
0 -3.47 10.15 1.7946
0 -2.5 12.78 1.6672
0 0.34 16.44 1.4149
0 0.53 16.39 2.4987
0 2.28 18.31 1.7931
0 1.87 17.87 0.8868
0 1.65 16.91 0.8074
0 1.7 17.31 1.3789
2.55 2.41 13 0.891
1.35 -1.12 8.97 1.1977
0 -0.75 8.14 1.937
0.2 -1.82 14.03 1.1286
0.1 -0.81 11.46 2.0502
3.425 -2.95 9.43 1.8621
25 -1.6 7.85 1.7619
56.75 0 2.78 4.783
20.475 -4.78 4.03 3.8839
0.075 -5.98 3.91 1.5403
0 -8.94 3.93 3.086
0 -9.12 5.24 3.3184
2.425 -3.62 8.78 2.0871
1.8 -3.88 9.81 2.0178
0.175 -5.8 1.41 0.8398
0 -5.34 6.84 1.8666
0 -4.43 9.7 3.3565
0 -2.49 12.5 3.1754
0 0.83 14.18 2.1841
0 1.28 14.04 1.1752
0.55 -0.34 13.17 2.3925
26.1 -2.99 10.13 3.102
13.975 -7.72 1.3 2.8203
2.275 -9.84 -0.29 0.6153
2.85 -9.4 1.24 1.6099
0 -9.63 -1.24 2.5934
0 -7.96 2.56 1.4681
0 -8.43 5.16 3.1554
0 -6.22 4.96 1.5009
0 -4.25 8.61 2.4257
0 -5.08 8.73 0.8292
0 -7.07 7.54 2.2125
0 -4.46 8.15 2.4567
27.85 -4.25 8.35 3.1298
49.7 -9.11 2.4 3.4417
37.25 -11.23 -6.11 5.4366
15.175 -11 -6.96 3.3198
15.525 -10.54 -5 4.5354
7.625 -15.13 -6.69 1.0047
0 -17.36 -8.44 3.3706
0 -16.63 -7.41 3.2861
17.475 -11.23 -3.92 2.9916
10.625 -16.32 -4.53 2.9155
0 -17.51 -8.57 2.156
0 -15.21 -7.89 2.9739
0 -12.59 -3.07 2.1848
0.075 -9.32 2.6 2.4996
0 -4.27 2.6 1.6789
0.7 -5.39 2.11 1.7601
13.15 -6.83 1.28 1.9901
6.875 -6.4 2.14 3.2125
0 -8.14 -0.91 2.3501
4.65 -6.61 2.33 1.8124
7.475 -5.07 3.17 1.1023
0.95 -3.79 0.93 1.4381
0.05 -4.65 3.19 0.514
0 -7.25 3.75 2.2353
0 -7.02 2.7 1.5124
24.5 -6.76 4.99 2.0167
17.575 -8.36 0.53 1.7686
6.575 -10.05 -2.6 2.5876
63.975 -9.85 -3.46 3.4178
99.35 -8.11 -4.07 5.3282
77.05 -6.9 -1.15 6.2938
33.025 -9.05 -0.21 2.1919
13.575 -9.81 -8.12 2.0812
6.4 -10.36 -5.67 2.2434
3.05 -9.1 -3.91 0.4036
0 -9.93 -3.33 2.7883
20.025 -11.21 -0.84 5.1438
11.425 -9.69 -0.74 2.0251
0 -11.01 -7.12 1.054
37.75 -10.68 -5.17 2.2874
24.55 -9.28 -3.65 4.6384
1.375 -17.9 -5.66 2.7512
3.3 -17.96 -9.17 1.2761
15.775 -17.32 -8.96 3.6962
22.5 -10.42 -7.87 4.5942
24.175 -10.9 -7.4 2.5714
0 -13.46 -6.23 3.1049
0 -13.58 -7.07 3.8092
0 -11.44 -4.2 5.427
0 -11.05 -3.72 3.9413
0 -12.31 -4.93 1.8672
0 -12.37 -2.33 1.0168
0 -13.63 -3.77 3.3313
2.35 -13.73 -3.56 3.181
7.75 -9.44 -3.54 1.6335
0.25 -10.7 -1.12 1.6181
0.15 -10.19 -0.46 1.4061
0 -10.55 1.87 2.4134
0 -8.23 2.42 1.0136
0 -7.54 3.63 0.6379
0 -8.2 2.73 2.1639
0 -8.15 4.25 1.293
0 -10.17 5.23 4.2827
0 -10.1 3.27 3.6449
0 -11.48 2.98 2.7904
0 -8.11 6.69 3.7112
0 -8.88 3.3 2.1229
0 -8.5 4.52 2.1749
0 -8.65 3.73 4.947
0 -8.71 4.91 3.1794
0 -8.65 4.86 1.7897
4.425 -8.44 5.24 0.6617
15.225 -8.84 4.56 1.7888
5.325 -10.86 -4.92 1.6573
0 -11.74 -1.62 2.1059
0 -13.51 -0.04 3.061
0 -12.79 0.34 2.1333
0 -10.83 2.59 2.921
0 -8.63 5.93 1.7014
0 -7.73 6.95 1.9313
0 -6.2 7.94 0.5956
0.025 -9.59 7.6 2.2196
0 -12.13 3.7 3.6518
0 -13.75 0.57 3.8014
0 -12.43 2.07 3.8369
0 -10.16 5.26 2.6041
0 -8.72 7.62 1.4025
0.025 -8.24 7.18 3.2813
8.275 -8.47 4.21 4.0104
50.275 -9 3.99 6.1641
38.25 -11.5 -7.41 4.3341
54.4 -10.23 -7.45 3.2053
40.075 -10.64 -4.8 4.1525
5.15 -15.39 -6.28 0.8338
0 -15.39 -4.92 1.2053
0 -14.78 -5.09 0.3718
0 -14.06 -1.38 0.2761
5.875 -12.42 -1.82 2.4284
22.35 -10.54 -3.73 5.9024
19.85 -15.19 -7.34 0.6671
0 -17.08 -9.31 0.4929
0 -16.31 -5.19 2.1255
3.575 -14.22 0.14 1.6963
10.125 -10.79 1.33 3.4113
11.725 -7.73 0.44 1.7852
1.55 -10.33 0.83 1.4255
2.95 -8.98 4.03 0.5796
20.275 -7.98 6.15 1.7565
27.7 -6.86 -0.85 4.4989
0.1 -10.3 -1.89 0.6527
0 -9.22 4.3 1.5252
0 -7.93 8.67 1.2566
0.225 -7.46 7.76 1.0906
0.125 -7.52 5.92 0.6988
1.35 -7.65 7.55 0.8878
1 -5.68 3.39 1.1175
11.325 -5.37 7.17 1.2882
32.7 -4.29 8.4 2.9521
2.375 -9.38 0.48 0.9632
28.35 -9.78 2.53 3.3292
42.575 -10.08 -3.84 4.948
76.025 -9.67 -5.23 6.2442
19.425 -10.71 -5.2 2.7342
5.3 -11.39 -2.69 0.9039
13.275 -10.84 -1.84 4.471
46.375 -10.73 -3.26 5.385
35.825 -13.74 -4.69 4.1792
17.975 -10.24 -3.11 2.9556
10.15 -9.28 -5.73 1.6653
0.15 -8.45 0.99 0.5414
0 -8.78 4.39 1.0813
0 -8.61 6.4 2.1268
0 -7.02 8.23 2.2161
0 -4.37 12.95 1.6521
0 -3.64 16.26 1.2617
0 -6.21 12.37 1.2802
0.15 -6.96 9.87 2.0113
0 -5.78 11.17 1.4284
1.525 -5.14 11.52 1.3832
6.825 -9.21 9.5 3.5833
7.075 -14.39 -5.77 1.3971
3.35 -13.26 -6.9 1.4872
0.2 -12.79 -1.24 0.554
0 -10.02 5.01 1.4715
0 -8.19 6.39 1.3315
0.45 -7.54 7.13 2.9524
0.4 -10.46 -1.56 0.5915
0 -8.36 5.98 0.7556
0 -5.85 11.06 1.3086
0 -4.79 13 2.3289
0 -4.01 12.79 3.1294
0 -3.33 8.77 1.8024
0.475 -5.25 10.82 2.303
14.875 -3.04 3.57 2.4694
2.3 -6.74 6.01 0.8475
1.325 -6.53 5.9 1.4667
0.7 -4.49 4.24 2.6576
1.5 -5.44 2.61 2.5945
0.1 -8.04 5.19 2.7207
0 -6.05 7.52 0.8242
0 -4.96 10.33 2.5433
0 -7.93 9.42 4.5774
0 -7.82 6.85 3.6914
0 -6.63 7.66 2.0309
0 -4.43 10.47 0.5824
0 -2.48 13.05 0.8031
0 -1.33 14.62 3.1099
0 1.55 17.06 0.8711
0 1.32 17.52 1.6609
0 0.09 16.54 2.1546
0.475 -1.71 13.12 3.2103
1.45 -6.05 4.75 3.4443
4.8 -7.85 -0.65 2.8535
0 -5.22 8.22 1.6957
0 -2.32 12.11 1.1776
0 -1.39 14.68 0.5851
5.8 -1.24 16.21 3.062
15.725 -9.38 7.93 3.1144
7.05 -9.42 -2.14 1.1251
18.35 -7.6 1.39 3.4885
19.775 -8.71 -1.76 2.5009
2.6 -7.59 1.48 3.5705
0.2 -6.87 7.83 1.7972
0 -2.81 12.44 1.9182
0 -2.45 11.73 2.8078
0 -4.17 11.2 4.3502
0 -5.07 8.47 2.4129
0.025 -3.5 11.36 2.9172
0.025 -4.05 9.71 2.7684
0.7 -4.14 9.58 3.4818
3.5 -4.17 9.74 4.3901
10.175 -7.92 5.18 4.9268
2.25 -7.43 3.05 2.9773
0.45 -4.77 7.61 2.9046
0.975 -3.72 8.58 3.1677
2.075 -7.27 3.5 1.7947
0 -6.42 6.13 0.6843
5.9 -3.79 7 2.7938
21.825 -1.47 1.23 1.484
12.375 -4.27 8.3 3.7077
0.275 -4.72 4.41 1.8236
0.1 -3.43 10.44 3.0229
0 -1.13 13.09 1.5728
0 0.03 15.93 2.1373
0 0.2 16.17 2.9784
0 -0.73 13.77 2.6032
0 0.49 14.77 2.7487
0 2.16 17.13 1.5132
0 2.94 19.96 1.8611
0 3.37 19.52 2.4566
0 0.21 16.7 1.0871
0 1.38 15.7 2.9768
0 0.93 17.26 2.075
0 2.53 17.41 0.2282
0 3.86 20.2 0.3818
0 5.32 22.83 2.4785
0 5.29 22.37 3.0248
0 3.46 20.71 2.7017
0 1 19.62 2.7162
0 1.32 18.38 2.211
0 2.98 19.58 2.1467
26.525 3.53 19.77 2.8001
25.025 0.49 16.08 2.5756
6.05 -1.48 7.73 2.2001
0 1.13 15.36 0.726
0 2.77 20.15 0.8304
0 5.82 22.31 0.7611
0 5.36 22.66 1.6836
0 6.01 22.25 1.8567
0 7.26 20.79 2.4643
0 7.85 22.12 2.9147
0 6.94 20.89 2.2839
0 6.28 21.72 2.5443
0 4.2 21.41 2.2116
0 3.49 20.44 2.4256
0 2.8 17.98 2.502
0 2.69 18.17 3.1904
0 2.01 16.03 2.635
0 3 15.14 3.1552
0 1.36 14.73 3.167
0 1.65 15.63 2.0443
0 1.59 17.3 1.5269
0 2.26 19.32 2.0041
0 2.36 19.45 1.1723
0 2.99 20.14 2.2963
0 4.6 20.94 2.8553
0 4.85 20.64 1.8388
0 6.02 21.5 2.0588
0 4.19 22.65 2.2353
0 3.85 21.54 1.7976
0 3.75 20.94 1.7037
0 5.18 20.18 1.3769
0 6.57 23.15 2.1708
1.4 7.12 23.86 3.0002
1.575 8.86 23.05 2.16
3.725 7.22 18.95 1.6273
0 6.28 22.01 1.9619
0 6.55 23.05 2.1183
0 4.28 22.37 3.1053
0 3.47 19.08 2.2456
0 4.09 19.94 3.0866
0 3.61 19.69 2.4649
0 4.99 20.68 1.8088
0 4.23 21.68 1.8772
0 4.22 21.44 2.1618
0 4.59 20.81 2.6597
0 4.41 21.26 1.509
0 5.53 22.58 1.3683
0 5.22 22.78 2.129
0 4.44 21.27 1.5239
0 3.76 20.4 0.9519
0 3.6 21.06 1.5145
0 4.05 21.56 1.3153
0 5.03 22.41 2.5128
0 4.32 20.54 2.0721
0 3.46 19.92 1.533
0 2.15 19.7 1.1225
0 2.15 20.21 0.9599
0 3.99 22.3 2.0754
0 6.22 22.75 1.3486
0 5.81 22.37 0.9498
0 5.66 24.53 1.1407
0 6.83 24.53 1.518
0 6.48 24.86 1.6096
0 4.33 23.7 1.969
0 3.13 21.85 1.8712
0 3 20.67 0.7391
0 3.59 20.55 0.8474
0 3.64 22.49 0.8847
0 5.45 21.9 0.8659
0 6.15 22.63 1.8267
0 5.04 21.26 0.5446
0 5.23 22.01 0.8867
0 6.05 23.22 0.7592
0.45 5.91 22.19 1.7946
6.25 4.12 22.01 1.1478
7.325 4.17 18.87 1.4687
19.275 1.11 13.72 1.3568
8.525 2.91 16.36 0.6061
21 2.05 18.22 1.0549
0 2.33 16.53 2.4683
0 2.82 17.72 1.9245
0 1.37 15.33 1.5902
0 0.92 15.57 0.2677
0.425 1.74 18.88 0.2699
0.3 4.4 21.11 0.8718
0 4.69 21.38 0.4236
11.45 5.15 21.93 0.3851
0 5.87 22.13 0.7119
0.075 5.84 23.15 1.6597
20 2.72 18.82 2.3482
0.225 1.07 12.41 1.6682
0 1.78 16.5 0.3911
0 4.94 19.72 0.6303
0 4.56 19.01 1.0723
0 3.15 20.84 1.5748
0 1.81 20.11 2.5446
0 2.77 16.43 2.0626
0 1.42 15.04 2.2287
16.95 -1.01 11.76 2.4137
42.825 -3.51 7.18 3.9907
19.05 -7.44 2.75 0.7181
3.625 -8.36 2.68 0.9401
0 -7.72 5.24 1.3156
0 -4.97 9.14 1.3101
1.7 -2.26 11.12 1.6883
6.25 -0.82 6.57 1.7399
0 -2.26 12.99 0.9042
0 -1.89 15.13 0.619
0 1.96 17.35 0.564
0 -0.17 17.26 1.2009
0 0.03 15.58 1.7133
0 0.58 14.78 1.888
0 0.76 15.15 1.9655
0 -0.48 16.49 0.6582
0 -1.16 13.66 0.5671
0 -0.86 14.46 0.402
0 -1.04 13.41 2.3156
0 -1.89 15.1 1.9205
0 -0.87 16.01 2.3487
0 -2.46 13.08 1.3572
0 -4.35 9.32 3.6909
0 -6.64 7.47 3.4741
0 -6.44 7.64 2.1903
0 -4.1 10.07 0.8619
0 -3.4 11.68 2.2615
0 -3.09 12.37 0.1452
0 -3.5 12.11 3.3514
0 -4.13 9.42 4.1732
3.2 -7.42 9.47 4.0147
11.35 -9.6 8.07 1.9051
5.35 -11.88 -4.63 0.431
9.825 -10.84 -3.39 1.529
0.2 -11.1 -4.15 1.0061
0 -11.78 -1.76 2.3633
0 -10.83 0.47 3.3117
0 -9.46 3.65 2.943
1.525 -8.04 4.22 3.2361
4.4 -4.76 2.11 1.0116
0 -6.09 2.68 0.2122
0 -5.31 4.59 0.5116
0 -8.02 4.9 0.4833
0 -7.84 5.08 0.8755
0 -8.02 5.41 1.2042
0 -7.86 5.45 3.5175
1.075 -8.58 -0.24 2.272
2.725 -8.28 -2.22 3.8898
3.9 -10.87 -3.43 1.5619
0 -10.81 -0.41 2.2109
0 -9.71 1.82 3.4764
0 -9.49 7.84 2.3241
0 -9.61 2.43 0.8046
0 -9.03 3.18 2.9764
0 -7.34 5.8 2.3802
0 -6.49 5.05 1.0862
0 -4.66 6.01 1.9075
0 -8.59 6.7 3.282
0 -9.11 3.86 9.0899
0 -9.34 -0.85 3.8785
0 -10.95 3.6 4.502
0 -12.45 0.36 2.7528
0 -12.25 -0.56 3.514
0 -13.04 -0.86 3.0429
0 -12.37 -1.17 3.6793
0 -11.91 1.13 3.9404
0 -11.59 0.93 4.3791
0 -11 1.34 3.2478
0 -11.78 1.07 1.2013
0 -13.22 0.48 1.6536
0 -13.24 -2.63 1.4663
0 -12.66 -1.73 1.0802
0 -11.78 -1.28 0.9012
0 -11.79 -2.2 5.8462
0 -11.24 0.35 4.8809
0 -12.57 1.07 2.689
0 -11.67 1.24 4.7437
0 -13.62 -1.02 4.6834
0 -12.48 -1.61 3.4989
0 -13.68 -0.01 4.5562
0 -13.39 0.76 3.9499
0 -12.87 0.69 4.944
0 -12.06 1.07 3.3032
0 -10.3 2.13 1.3736
0 -10.21 3.4 1.1213
0 -9.33 2.08 1.1243
0 -7.08 7.1 0.9607
0 -7.89 5 1.3295
0 -10.43 4.05 2.3868
