1.4 -14.48 -0.5 1.4694
11.8 -11.71 -0.62 1.7801
6.55 -14.46 -1.12 1.6721
1.1 -18.14 -6.01 4.3109
3.675 -16.66 -6.78 1.8287
1.8 -9.79 -4.2 0.573
0 -10.83 -1.06 1.3661
0 -8.86 1.07 0.678
0 -12.21 3.69 4.4691
0 -12.05 3.29 3.1005
0 -9.66 2.86 2.2557
0 -9.06 6.13 5.382
0 -7.62 6.35 3.6801
0 -10.94 6.61 3.2647
0 -9.61 7.25 3.6754
0 -10.39 7.52 4.7803
0 -10.3 5.76 4.2146
0 -10.5 5.27 4.8345
0 -9.02 5 4.8981
0.1 -8.35 4.07 3.4048
18.3 -8.17 5.2 2.681
35.475 -6.46 5.14 2.1326
76.95 -6.32 0.64 1.5741
60.75 -6.08 -0.69 2.8084
17.8 -10.12 -2.99 3.6091
3.225 -15.44 -8.08 0.7376
0.575 -15.94 -6.09 1.2218
0 -13.42 -3.22 1.2771
0 -11.84 -0.68 4.25
0 -10.54 4.13 4.4793
0 -8.73 5.29 3.0705
0 -9.27 5.16 3.3058
0 -10.5 4.69 3.7324
0 -10.65 6.79 3.725
0 -7.62 7.93 2.9429
6.725 -7.2 6.58 2.4141
12.05 -9.14 -1.76 2.5283
4.8 -10.37 -4.12 2.9225
24.65 -10.64 -1.71 1.2016
14.775 -14.38 -2.85 3.7489
4.35 -19.84 -8.37 0.5394
13.125 -17.88 -6.2 2.7093
7.175 -13.97 -6.37 1.4229
17.05 -14.05 -5.65 3.1631
9.75 -13.53 -7.45 3.4462
3.8 -11.71 -4.94 5.5146
31.7 -10.19 -5.85 5.368
25.25 -11.95 -7.04 4.1817
4.475 -14.66 -7.18 1.1402
0 -14.38 -3.88 3.3194
0 -13.6 -0.25 2.3986
8.3 -11.99 0.72 3.7027
32.925 -12.31 0.69 3.313
23.3 -7.33 -3.8 2.4412
6.15 -8.38 -1.05 1.7749
2.9 -9.45 3.83 1.5987
0.8 -8.78 -1.23 3.049
0 -11.39 1.88 0.5304
0.025 -10.21 4.64 3.799
21.65 -6.55 3.92 2.8957
35.525 -6.09 1.47 4.2732
48.225 -7.19 0.03 4.9537
23.025 -10.71 -4.86 3.138
3.625 -16.23 -5.89 0.7251
1.55 -14.61 -3.27 1.9012
0 -14.87 -3.8 0.3143
0 -15.06 0.38 1.4592
0 -12.03 2.77 2.6036
0 -14.95 -3.1 0.5036
0 -14.32 1.87 0.9554
0 -11.79 2.17 2.4225
0 -11.65 4.69 2.6924
0 -10.95 6.45 1.5022
0 -9.32 4.1 2.7319
0 -8.61 4.55 3.3173
0 -7.76 7.19 1.015
0 -6.8 8.5 0.8509
0 -5.43 10.92 0.8325
0.225 -7.15 11.1 0.6416
32.55 -6.65 10.32 2.1221
23.225 -11.06 1.93 4.2226
2.275 -17.24 -7.78 2.1154
0 -15.83 -3.2 1.9217
0 -12.36 3.94 0.3881
0 -8.55 6.43 1.8761
0 -8.76 8.42 2.0913
0 -8.02 8.13 1.2903
0 -6.23 10.45 3.4183
0 -10.17 5.85 2.0333
0 -8.98 5.5 0.2775
0 -6.99 7.47 2.5148
0.025 -6.65 9.49 2.5833
0 -9.02 7.3 5.2961
0 -13.08 0.01 1.8947
0 -11.84 4.34 2.967
0 -9.81 8.47 2.5303
14.8 -6.55 11.06 1.2923
15.5 -10 8.31 3.6643
10.9 -9.57 -1.75 1.8732
5.475 -8.93 -0.42 2.0977
0.775 -9.77 -0.96 3.6551
0 -8.26 3.57 1.3936
0 -8.08 8.15 2.0431
0 -6.18 7.41 4.5036
0 -14.21 0.88 6.3096
0 -13.01 -0.17 3.2879
0 -10.41 4.71 1.6367
0 -7.4 9.97 3.1107
0 -5.35 13.31 2.9837
0 -1.85 16.4 1.5461
0 -0.88 18.55 1.0039
0 0.36 19.1 2.2172
0.15 -0.79 17.62 3.1454
2.4 -3.59 11.51 3.3076
1.375 -11.36 1.03 3.5172
0 -9.64 4.46 1.7379
0 -7.59 6.89 2.3731
0 -8.16 7.53 3.3908
0 -9.72 4.62 1.4729
2.05 -7.11 7.86 1.8372
68.975 -0.82 10.78 2.1615
47.725 -3.92 6.86 2.8181
14.125 -2.59 2.69 4.1087
7.35 -5.29 4.36 2.0914
0.95 -2.04 8.57 4.1585
0 -4.36 10.3 2.4862
0 -3.45 13.34 2.6817
0 -2.4 14.13 1.5478
0 -3.21 14.8 0.9196
0 -0.72 15.51 0.6579
0 -2.16 16.29 2.9202
0 -2 15.09 3.2859
0 -3.41 13.52 2.1627
0 -2.8 13.12 3.0118
0 -1.56 14.51 1.5261
0 -0.47 17.12 1.8635
0 3.3 21.15 0.4253
1.025 5.13 22.89 2.5152
0.625 2.58 22.37 2.9537
0 -0.03 16.89 1.6178
0 -0.58 16.13 0.7369
0 0.1 17.38 2.3384
0 -0.15 17 2.8754
0 -0.43 15.74 2.6302
0 -2.45 15.51 1.6726
0 -1.4 15.57 1.1916
0 0.58 17.02 0.7458
0.925 2.15 18.57 1.6494
1.35 1.6 17.7 2.4141
21.75 1.97 16.98 3.3362
12.775 2.19 16.2 2.0848
0.65 1.75 15.66 1.7977
0 0.53 13.79 2.161
0.625 0.91 13.23 0.5764
12.275 -2.1 11.32 2.1302
10.5 -4.26 10.52 3.906
5.625 -5.66 2.69 2.6759
2.15 -3.86 4.64 2.7624
0.325 -2.81 10.42 2.5021
0.2 -0.58 12.51 3.3362
0 -0.44 11.73 3.082
0 -2.83 10.15 3.2252
2.425 -2.15 11.28 2.0367
3.525 -0.36 10.5 3.6578
1.225 -2.88 10.22 2.5151
0.95 -2.32 11.32 2.3736
0.6 -1.47 11.72 2.228
0.025 1.14 12.51 2.8662
0 1.28 15.01 1.5804
0 3.15 19.79 2.5863
0 0.73 18.7 3.1391
0 -1.64 14.29 3.0691
0 -1.89 12.49 1.301
0 0.05 15.03 0.8674
0 2.59 19 1.4041
0 2.85 21.34 2.7941
0 1.88 19.01 1.5306
0 3.14 19.94 0.895
0 4.27 23.66 0.4153
0.3 6.15 24.92 2.9842
0.225 6.25 24.26 2.9684
0.075 4.75 22.44 2.2263
0 5.96 22.47 1.5722
0 4.35 21.02 2.9449
0 3.18 21.44 2.5754
0 2.57 20.75 2.9116
0 1.78 20.66 2.7718
0 0.87 18.7 2.9672
0 0.62 17.97 2.5854
0 0.25 18.55 2.5106
0 0.52 18.32 1.9241
0 2.04 19.56 2.0477
0 3.34 20.45 2.5011
0 3.55 20.13 1.4446
0 2.83 21.15 0.9608
0 3.27 21.83 1.5224
0 5.89 24.12 2.1696
0 6 23.66 1.8889
0 7.13 25.33 2.0607
0 8.38 25.42 1.9681
0 8.29 26.2 2.4736
0 6.71 25.79 2.5787
0 5.54 24.13 2.224
0 7.2 24.6 2.0862
0 6.03 23.53 2.2274
0 5.72 23.72 2.3401
0 5.93 24.05 1.9877
0 6.53 24.76 1.6039
0 8.18 24.67 1.8459
0.275 6.43 24.68 2.7211
0.175 6.61 23.49 2.3763
4.525 5.98 23.03 2.2831
1.125 5.6 22.98 2.3303
0 5.75 21.98 3.2679
0 2.93 20.78 2.9374
0 3.32 20.61 2.6542
0 4.93 20.26 2.7788
0 2.33 18.36 3.5095
0 -2.43 9.74 1.9693
0 -0.63 12.41 1.2182
0 1.16 16.87 0.1332
0 2.84 19.97 1.034
0 4.5 21.77 2.9601
0 4.41 22.9 2.8573
0 4.78 22.02 3.0266
0 2.44 20.97 3.0741
0 -0.35 18.45 1.3357
0 -0.26 17.95 0.3301
0 0.86 19.78 0.7017
0 2.43 21.76 1.0504
0 5.36 24.05 1.3
0 4.64 25.16 1.8761
1.575 5.63 24.65 2.3472
8.075 5.83 25.16 2.2787
8.45 4.72 19.92 3.4707
2.325 1.74 18.94 1.7066
0 1.74 18.87 1.6622
0 1.65 20.51 0.7381
0 2.09 21.34 1.4346
0 4.03 21.1 1.0592
0 5.07 21.54 1.4152
0 3.88 22.9 3.1129
0 4.81 21.42 2.2724
0 3.63 20.9 1.3529
0 3.79 21.18 0.1467
0 5.78 22.21 1.4061
0 4.77 21.95 1.9953
0 2.4 20.77 2.2484
0 0.25 18.73 2.0923
0 1.46 16.65 1.3035
0 0.36 16.9 0.4135
0 2.26 17.75 0.907
0 3.77 19.91 0.3394
0 4.21 21.61 0.9912
2.1 4.41 23.82 1.3339
2.675 3.17 20.73 2.5597
0.85 0.47 15.98 2.9555
0 -1.68 11.69 1.4594
0 0.57 16.23 1.0833
0 1.29 19.06 0.3355
0 1.87 20.77 1.1495
0 3.9 22.7 2.4308
0 1.34 20.43 0.8862
0 2.94 19 2.8704
0 1.6 21.6 2.5864
0 1.7 22.12 1.7432
0 1.39 21.71 1.0019
0 1.59 21.74 0.7978
0 2.86 22.71 1.1636
0 2.39 23.83 0.4348
0 2.39 23.87 2.303
0 4.01 19.23 2.6521
0 -8.02 8.21 2.3017
0 -7.06 9.2 2.522
0 -4.58 12.79 0.8442
5.275 -1.99 13.33 3.0617
3.65 -9.14 9.2 3.5652
0.275 -10.62 -1.55 0.3351
0 -9.45 5.87 3.3885
0 -7.51 8.43 1.8042
0 -5.57 9.64 1.319
0 -4.73 11.54 0.8604
0 -4.05 13.15 0.7509
0 -4.8 12.67 2.1134
18.65 -4.07 11.73 2.0919
122.97 -3.51 6.05 6.4758
68.575 -3.26 2.99 4.709
0.9 -1.49 6.72 0.7176
0 -1.68 12.6 2.1147
0 -2.36 14.03 1.149
0 -0.34 16.45 2.0732
4.625 -0.07 12.54 2.5446
2.775 -7.26 4.51 2.2505
0 -7.33 6.71 1.0412
0 -5.53 9.69 0.6287
0 -5.28 10.76 0.8742
0 -2.99 12.74 1.0554
0 -2.95 9.98 1.9138
0 -3.71 10.79 1.1698
0 -4.32 11.85 4.2659
0 -9.01 0.51 5.0569
0 -11.4 0.14 0.8281
0 -9.52 3.03 0.048
0 -6.7 8.94 0.863
0 -5.35 11.56 0.7633
0 -3.03 12.83 1.2058
0 -3.4 14.37 1.1825
0 -3.54 13.94 1.8179
0 -3.73 12.84 2.4182
0 -6.99 8.59 0.9149
0 -7.72 7.23 1.3379
0 -9.59 4.87 1.828
0 -8.87 5.05 1.3343
0 -8.2 6.83 0.7707
8.325 -6.59 6.77 0.586
8.475 -5.8 7.12 1.9308
2.075 -11.04 -1.58 1.0665
0 -11.87 -0.06 1.0216
0 -11.88 0.42 2.9129
0 -9.88 4.27 2.2181
0 -9.01 6.51 1.8715
0 -8.66 7.58 1.25
0.75 -11.09 2.55 2.426
7.2 -10.05 4.83 4.2084
4.05 -9.37 3.36 0.9561
0 -9.09 -0.02 0.6811
0 -11.17 3.21 2.527
0 -10.47 2.44 3.7767
0 -9.46 3.86 4.2156
1.05 -9.71 4.72 2.7445
6.825 -8.37 6.18 1.2492
3.7 -10.15 2.71 5.2801
0 -11.22 -2.87 5.2543
0 -11.4 -1.31 3.8583
0 -10.84 2.39 1.7435
0 -11.8 2.46 2.4762
0 -13.47 4.32 2.2727
0 -12.48 0.4 2.1261
0.025 -11.59 2.96 0.8601
14.975 -14.65 -1.58 2.4533
16.825 -12.72 -4.47 0.9906
4.7 -23.25 -11.01 0.8313
0 -22.83 -9.98 1.8176
5.825 -19.82 -8.48 2.9325
33.875 -11.99 -4.38 2.6172
69 -8.43 -3.66 3.6324
34.425 -10.29 -3.68 4.6145
2.375 -15.16 -5.81 0.9844
0 -14.75 -5.82 2.9337
0 -13 -1.77 2.3418
0 -10.74 0.15 2.149
0 -10.51 -0.54 2.7213
0 -11.52 -0.82 3.9975
0.85 -10.66 -1.06 2.8301
15.05 -10.03 2.71 1.9723
10.65 -13.57 -0.13 3.6532
0.15 -17.8 -7.24 2.7818
0 -14.74 -2.18 3.7917
0 -14.63 -1.76 3.6625
6.9 -14.53 -4.25 3.9411
4.15 -13.7 -3.43 1.9923
2.775 -14.31 -5.83 3.2484
10.725 -11.61 -3.93 0.8507
5.575 -9.8 -4.18 1.5788
0.1 -10.23 -4.67 2.4895
0 -11.02 -0.92 2.0727
0 -11.95 -0.66 1.0722
0 -12.2 -1.08 3.854
0 -12.59 0.18 2.8142
0 -11.24 0.27 2.2359
0 -11.27 0.42 2.8005
0 -10.41 1.02 2.8787
0.2 -8.52 2.59 3.0931
2.1 -7.91 2.63 2.2096
1.2 -6.47 0.28 2.4512
1.725 -7.48 0.62 3.0337
30.775 -8.67 3.22 4.4256
17.3 -8.07 -0.83 2.1277
0.225 -13.73 -2.62 1.5662
0 -12.55 -2.05 3.3368
1.375 -11.14 0.98 1.838
15.575 -10.99 1.4 2.5924
46.625 -9.88 -1.05 4.6437
40.025 -11.06 -5.17 5.5604
47.35 -11.32 -6.44 6.4106
44.25 -14.12 -8.1 3.9682
23.025 -13.72 -8.71 4.0721
5.825 -13.7 -8.78 1.0179
1.625 -17.99 -7.56 2.0703
5.025 -15.07 -6.23 3.7066
2.075 -10.79 -4.72 2.8216
0 -11.51 -1.34 1.4651
0 -15.23 -0.73 2.9273
1.9 -13.72 -3.6 3.0894
1.125 -10.86 -0.21 1.581
0 -17.12 -1.46 0.9433
0 -19.01 -3.02 1.7157
0 -12.25 -1.24 1.8828
0 -12.4 -0.7 0.6499
9.175 -11.73 -0.5 2.6507
16.45 -8.15 -0.4 3.2537
15.9 -8.95 -2.75 1.7176
5.65 -10.21 -4.47 2.3415
1.3 -11.88 -4.52 1.5551
1.85 -11.94 -4.8 2.3589
0.625 -13.15 -5.35 0.4085
0 -12.38 -2.72 1.0859
0 -10.51 -0.09 1.2293
0 -10.74 2.76 1.2173
0 -10.67 3.67 1.4858
0 -11.57 5.11 0.798
0 -9.7 5.16 1.7453
0 -9.62 5.81 2.4723
0 -9.36 6.31 1.1699
3.15 -10.12 5.71 1.2907
7.6 -8.91 1.06 2.1867
18.625 -9.28 -1 2.8521
9.1 -15.49 -5.39 2.5919
38.325 -14.9 -0.94 3.672
29.25 -10.89 -0.93 2.8921
3.75 -12.68 -2.46 0.628
34.175 -11.12 1.57 4.6002
22.875 -8.73 1.08 1.5111
1.425 -10.16 -4.59 0.6564
0.775 -10.48 2.06 2.5129
12.35 -8.43 3.61 2.7051
23.025 -9.57 -1.67 3.3231
9.525 -13.06 -3.85 3.1525
0.075 -14.87 -4.96 1.2803
0.05 -12.63 -0.8 2.7137
0.275 -11.44 0.18 0.681
5.35 -10.13 0.92 2.3754
5.725 -16.33 -4.76 3.79
1.55 -13.43 -3.87 1.8772
0 -14.8 -4.89 0.611
27.9 -12.59 1.62 2.371
16.725 -12.13 1.62 2.4261
0 -14.23 -2 2.8516
0 -13.5 3.15 3.9457
0 -11.03 8.03 1.5587
0 -7.94 9.22 0.6848
0 -7.35 9.24 3.0782
0 -13.64 6.34 2.2103
0 -7.51 10.42 2.1653
0 -8.78 9.26 0.8784
0 -8.45 7.46 1.1591
0 -9.8 7.42 2.414
1.4 -9.85 8.38 2.3524
4.55 -8.88 8.25 2.6555
2.225 -11.88 0.98 2.3639
0 -10.79 2.27 3.0065
0 -9.47 6.99 1.5447
5.775 -7.09 9.05 2.9972
22.175 -7.26 9.26 5.9249
11.575 -10.82 -2.6 3.2055
1.125 -13.88 -2.9 0.7376
8.8 -12.64 -1.13 2.5325
5.1 -9.81 -1.04 2.0581
29 -11.66 -1.24 2.7345
17.4 -12.53 -3.66 3.5061
0.025 -14.73 -3.81 0.5888
0 -13.16 1.83 2.3695
0 -9.37 7.33 0.2646
0 -7.37 9.42 1.9121
0.85 -7.44 7.98 1.9002
22.1 -7.38 4.77 3.7397
18.225 -10.94 -0.99 4.653
3.15 -11.34 -3.79 1.1014
0 -10.56 2.4 0.6607
0 -9.6 4.05 0.8748
0 -7.02 9.04 2.482
0 -8.42 8.59 1.2188
0 -7.57 11.27 1.1144
4.55 -6.6 12.96 1.7286
19.55 -3.89 10.74 2.9442
11.925 -10.69 -1.1 2.8591
2 -9.07 -4.91 1.4853
0.525 -8.05 -2.59 1.2868
0 -7.5 7.71 0.5841
0 -5.63 10.46 1.3552
0 -4.42 12.53 0.7354
11.975 -2.35 13.75 4.7258
14.275 -7.3 3.71 5.2378
4.5 -12.59 -3.39 3.8898
0.15 -11.87 -1.7 3.2907
0 -9.43 3.82 1.7542
0 -7.76 8.35 1.9595
0 -5.92 11.89 1.2108
0 -3.67 13.22 1.8855
0 -3.83 12.42 3.466
0 -7.42 8.32 2.2397
0 -8.36 7.14 1.0132
0.1 -5.06 10.31 2.8291
4.675 -6.84 9.14 3.6494
22.8 -9.82 0.48 3.6023
12.25 -13.52 -0.17 4.5246
0.125 -10.14 0.89 2.2848
0.3 -6.51 7.31 1.2931
0.175 -5.46 9.8 0.8408
0 -3.78 11.94 0.6861
1.65 -1.11 14.14 1.4334
7.675 0.13 13.65 2.3273
4 -6.67 5.66 2.4826
0.5 -4.53 7.4 1.6797
0.3 -1.95 10.5 3.3395
0.475 -4.86 11.03 4.3523
0.5 -9.82 4.64 3.6602
0.525 -9.82 -0.29 4.0799
2.075 -8.1 2.26 2.3307
7.4 -8.86 3.04 1.6494
18.1 -5.03 6.3 3.4805
26.1 -7.06 3.15 2.6379
10.5 -8.87 1.6 3.7391
0 -8.8 3.08 1.6037
0 -5.51 10.74 0.6067
0 -2.44 14.14 2.6043
0 1.28 13.59 3.0024
0 -1.59 13 2.5414
0 0.89 14.65 2.7759
0 2.84 15.27 2.906
0 2.47 15.22 2.0264
0 3.63 19.4 2.9653
0 4.88 19.68 3.0302
0 2.13 17.73 2.1127
0 2.11 17.58 4.0512
0 -1.72 14.41 4.526
0 -2.76 9.72 5.3616
0 1.4 9.71 4.2869
0 -0.94 13.99 1.15
0 1.71 16.52 1.6824
0 2.18 18.12 3.0707
0 -1.24 16.81 3.2111
0 -3.13 11.67 0.7198
0 -2.48 15.42 2.1719
0 -2.55 14.23 3.4152
0 -3.52 12.55 2.5315
0 -2.53 14.38 1.4351
0 -1.09 13.95 0.7244
0 1.67 17.77 1.5233
0.05 1.87 18.4 2.2268
0.025 3.28 15.58 2.6364
0 0.83 15.45 2.3188
0 3.68 18.4 0.7152
0 5.22 22.39 1.324
0 5.46 23.83 3.3485
0 3.4 21.34 2.9869
0 0.74 18.89 2.6772
0 0.81 18.36 2.7214
0 3.46 17.53 1.928
0 0.86 17.05 1.1555
0 1.52 19.05 1.7049
1 3.33 21.23 2.1627
0.6 3.12 19.87 2.1452
0 3.41 19.84 1.9665
0 5.25 21.44 1.94
0 4.17 21.61 1.8418
0 4.97 22.89 2.591
0 6.21 22.02 3.3921
0 7.29 22.2 3.599
0 4.52 19.67 1.6707
2.325 5.41 21.79 1.0188
3.275 7.51 24.57 2.6104
1.125 6.54 21.99 2.8627
0 6.58 24.33 2.6415
0 5.03 24.99 1.9181
0 4.82 24.18 1.9406
0 4.54 22.74 2.8406
0 3.97 21.28 0.9977
0 4.73 21.5 2.2168
0 5.21 22.86 1.9327
4.65 7.19 24.04 2.3889
2.8 6.54 22.54 2.8087
0 4.55 21.11 2.0136
0 2.34 20.56 2.5318
0 4.58 21.43 2.0432
0 3.16 21.32 2.4905
0 4.26 20.74 2.5418
0 2.06 20.64 2.0821
0 3.03 20.98 2.521
0 2.21 21.48 1.7263
0 2.13 21.36 2.012
0 2.7 21.13 2.0962
0 1.79 20.68 2.2689
0 3.47 20.27 2.5733
1.275 2.38 19.72 3.0503
0.75 1.34 16.96 2.2929
0 1.3 18.35 2.233
0 1.94 18.6 2.5498
0 0.2 15.27 1.0024
0 0.6 18.62 1.1138
0 2.5 19.17 2.019
0 2.44 20.33 2.7358
0 2.89 20.47 1.0418
0 3.12 22.4 1.858
0 3.18 22.97 1.9871
0 2.04 21.39 1.9063
0 1.77 21.26 2.2336
0 2.37 21.31 2.2786
0 3.16 18.47 1.7422
0 1.8 17.39 2.871
0 1.53 21.9 2.3917
0 5.87 25.65 0.7688
0 7.83 27.17 2.7079
0 5.79 24.7 2.6121
0 1.73 20.58 3.2446
0.3 0.11 9.02 2.1498
0.175 -2.99 9.4 2.3592
0 -2.57 12.46 1.1019
0 -0.18 16.64 0.7299
0 1.24 20.09 0.6981
0 3.2 23 1.1999
0 3.07 23.26 1.5173
0 2.6 22.32 1.843
0 0.53 20.52 1.5062
0 0.71 20.11 2.8034
0.1 2.36 18.39 3.1976
0.075 -4.69 6.22 2.0537
0 -4.8 12.51 0.8223
0 -2.57 16.2 0.8688
0 -0.55 18.1 1.1678
0 -0.6 18.65 1.9482
0 -1.37 16.73 1.5168
0 -1.76 16.8 0.7003
0 -0.86 17.07 1.3744
0 -1.14 18.55 1.705
0 -1.04 17.87 1.6376
0 -1.16 17.44 1.7018
0 -3.17 13.51 1.0103
0 -3.52 15.45 1.0112
0 -2.03 14.26 2.7782
0 -3.13 11.25 0.7642
0 -3.16 15.42 0.5041
0 -0.22 18.96 0.9727
0 0.85 23.13 0.3521
0 1.24 22.97 1.2438
0 4.14 23.94 0.4289
0 3.95 24.55 0.5696
0 3.28 24.21 0.295
0 2.98 21.21 0.5583
8.9 2.95 18.43 1.5073
68.375 1.49 17.87 1.902
42.7 -0.39 9.82 1.4169
8.275 -1.91 2.42 1.3344
3.975 -5.09 4.46 0.8077
3.85 -4.96 4.42 2.3816
0.525 -6.46 4.56 0.7183
0 -5.04 9.4 1.7339
0 -3.31 11.65 1.6751
0 -1.23 16.13 1.525
0 -0.56 14.76 2.6211
0 0.21 17.09 1.8235
0 -0.17 16.85 0.9174
0 -0.34 16.3 0.9104
0 -0.3 16.46 1.473
6 0.67 12.2 0.9578
3.925 -2.58 8.65 1.2697
0 -2.46 7.6 2.0027
0 -3.56 13.54 1.2118
0 -2.76 10.85 1.9983
8.925 -4.27 9.59 1.7856
54.725 -2.62 7.01 1.7994
130.6 -1.01 2.48 5.1574
55.7 -6.06 3.87 3.8896
0.275 -7.62 3.45 1.4133
0 -10.67 3.37 3.1744
0 -10.34 4.37 3.4059
4.7 -5.27 8.4 2.0193
3.475 -5.88 9.2 2.0005
0.35 -7.36 2.16 0.716
0 -6.8 6.65 1.7842
0 -6.13 9.67 3.3166
0 -3.84 12.29 3.1791
0 -1.33 14.37 2.1449
0 -0.9 14.08 1.2386
0.925 -1.88 12.83 2.3916
34.375 -4.43 9.42 3.3595
18.075 -9.38 0.73 2.7259
3.625 -11.82 -1.23 0.7349
3.575 -10.51 0.6 1.6033
0.025 -11.35 -1.86 2.4486
0 -9.49 1.83 1.4676
0 -10.6 4.29 3.1081
0 -8.19 4.06 1.4692
0 -6.77 7.41 2.4983
0 -7.18 7.86 0.965
0 -8.62 7.4 2.2788
0 -7.52 8.07 2.5602
35.3 -7.41 7.97 3.1274
63.675 -10.22 1.96 3.5072
49.25 -12.56 -4.91 5.406
21.35 -12.14 -7.19 3.6257
20 -11.96 -5.4 4.7208
10.45 -17.55 -7.46 1.0956
0 -19.92 -8.13 3.4967
0 -19.26 -7.14 3.2868
24.45 -14.34 -3.7 3.1155
16.475 -18.95 -5.45 2.7559
0 -20.96 -9.09 2.2324
0 -18.4 -9.38 2.9598
0 -13.69 -2.24 2.1348
0.1 -10.77 2.58 2.4648
0.05 -5.96 0.26 1.7251
1.55 -6.41 1.74 1.7764
20.1 -8.8 1.53 1.9464
10.875 -8.41 1.64 3.2385
0 -9.62 -1.37 2.2837
7.375 -8.34 1.91 1.9521
10.65 -5.6 2.5 1.1929
1.6 -5.13 0.49 1.6254
0.125 -6.96 2.01 0.5198
0 -8.43 3.64 2.1488
0 -8.04 2.92 1.4589
22.7 -7.54 4.36 2.2492
16.25 -9.45 -0.81 1.6183
6.4 -11.48 -3.93 2.7862
67.675 -11.48 -3.78 3.3199
102.68 -8.96 -3.97 5.1693
71.95 -8 -1.97 6.1014
31.775 -10.04 -0.81 2.4744
11.7 -11.7 -8.96 2.1743
6.05 -11.94 -5.72 2.2795
3.675 -10.92 -4.64 0.517
0 -11.76 -3.66 2.829
18.675 -13.35 -1.51 5.147
10.675 -12.64 -1.35 2.2608
0 -13.33 -7.12 0.9999
54.325 -12.95 -5.73 2.3582
35.625 -10.47 -4.09 4.7423
2 -19.84 -5.96 2.588
4.9 -20.19 -10.54 1.3298
26.875 -20.36 -10.86 3.7564
24.7 -14.2 -7.88 4.3651
12.15 -12.64 -8.36 2.475
0 -14.9 -7.34 3.0334
0 -17.59 -8.05 3.7012
0 -15.43 -6.26 5.2407
0 -14.53 -4.73 3.8992
0 -14.76 -5.08 1.9268
0 -15.07 -2.3 0.9388
0 -15.7 -4.46 3.3339
5.175 -16.17 -4.93 3.1701
5.85 -11.35 -3.29 1.7424
0.7 -11.71 -0.96 1.6168
0.425 -11.93 -0.83 1.2813
0 -11.1 3.65 2.3692
0 -9.53 2.13 0.817
0 -8.25 2.87 0.5613
0 -9.01 3.43 2.0859
0 -8.68 3.38 1.2556
0 -10.08 3.75 4.2075
0 -11.46 2.04 3.6041
0 -11.42 2.83 2.9561
0 -10.51 5.32 3.7122
0 -10.54 3.24 2.0964
0 -10 3.52 2.1627
0 -10.05 3.81 4.8912
0 -10.26 4.86 3.2152
0 -10.26 4.71 1.8056
7.975 -10.83 4.35 0.7478
13.825 -11.14 3.59 1.7555
4.25 -13.28 -5.2 1.6251
0 -14.23 -2.52 2.1815
0 -15.29 -1.18 3.0023
0 -15.48 -1.2 2.0776
0 -13.22 1.09 2.8428
0.05 -9.98 4.52 1.6033
0.025 -10.06 6.22 1.883
0 -8.38 6.74 0.5426
0.025 -11.15 6.8 2.3175
0 -13.75 0.61 3.6545
0 -15.7 -0.66 3.6603
0 -14.26 1.13 3.6353
0 -11.89 4.2 2.55
0 -10.29 7.25 1.408
0.2 -9.93 6.89 3.517
14.775 -9.01 1.35 4.4646
29.95 -9.9 2.51 6.2516
38.825 -13.95 -8.73 4.5847
64.65 -12.73 -8.49 2.9985
32.825 -11.66 -5.72 4.0072
2.3 -19.78 -7.2 0.7147
0 -19.57 -6.25 1.2766
0 -18.98 -6.88 0.4019
0 -17.99 -3.32 0.3785
11.275 -16.28 -3.81 2.6462
23.375 -11.76 -5.01 5.7543
13 -17.14 -8.08 0.6998
0 -19.64 -10.85 0.5383
0 -20.5 -5.57 2.2245
6.9 -17.41 -1.64 1.7119
15.45 -12.66 1.32 3.5517
9.05 -9.12 1.21 1.8503
0.6 -13.54 -1.24 1.4124
5.7 -10.86 2.28 0.5306
27.8 -9.66 2.89 1.7444
24.025 -8.06 -0.68 4.2717
0.3 -10.96 -1.87 0.7985
0 -8.96 4.44 1.549
0 -7.59 7.19 1.4559
0 -7.57 6.16 0.927
0 -8.31 4.18 0.527
4.35 -9.12 5.47 1.0481
3.7 -6.32 2.5 1.2979
34.05 -5.96 5.96 1.4968
32.925 -5 6.11 3.1102
2.775 -12.03 -0.93 0.9065
29.875 -11.31 1.11 3.5532
51 -11.74 -3.41 4.9299
70.475 -10.52 -5.76 6.0749
28.725 -12.35 -6.28 2.6632
10.55 -13.59 -4.3 0.9886
18.3 -11.11 -2.56 4.5679
42.7 -12.84 -5.25 5.5201
29.275 -14.37 -6.15 4.3224
16.575 -12.94 -3.37 3.0736
8.8 -9.64 -4.3 1.7943
0.325 -9.21 0.54 0.5367
0 -9.72 4.47 0.8928
0 -7.02 7.33 1.8146
0 -6.1 8.98 2.2255
0 -5.45 13.41 1.7721
0 -5.14 15.32 1.01
0 -7.3 9.59 1.5659
0.05 -8.41 7.78 2.0141
0 -7.42 10.22 1.25
2.475 -6.83 10.78 1.1813
8.9 -10.37 8.23 3.5606
6.625 -16.14 -7.13 1.4589
1.4 -14.85 -7.86 1.3472
0.05 -14.26 -1.87 0.4526
0 -12.02 4.14 1.3923
0 -9.9 5.14 1.0969
0.75 -9.57 5.82 2.8973
0.55 -12.48 -3.19 0.5166
0 -10.24 5.67 0.7719
0 -7.32 9.41 1.0772
0 -5.54 11.87 2.1588
0.05 -3.47 11.6 3.0548
0.025 -4.49 8.23 1.6425
0.425 -4.61 9.8 2.1364
10 -4.63 3.3 2.2778
2.9 -8.75 4.25 0.8388
1.975 -8.08 4.3 1.1877
1.15 -5.67 2.21 2.5672
1.025 -7.28 1.68 2.6166
0.15 -10.09 4.36 2.378
0 -8.2 6.52 0.7831
0 -6.01 9.49 2.3787
0 -9.19 7.76 4.3099
0 -10.77 5.05 3.521
0 -9.04 6.37 2.0153
0 -6.31 9.76 0.6421
0 -4.69 11.83 0.7573
0 -3.46 13.8 3.1353
0 1.02 16.29 0.9386
0 -0.9 17.01 1.5029
0 -1.37 15.74 2.0468
0.175 -3.25 11.83 3.034
2.1 -8.17 3.28 3.2268
2.75 -9.86 -1.42 2.6835
0 -6.43 7.11 1.6488
0 -4.01 10.76 1.0762
0 -3.49 13.49 0.5506
13.1 -2.96 15.15 3.0764
22.425 -10.49 6.43 3.2165
11.3 -11.26 -3.5 1.1395
34.25 -9.82 0.2 3.4789
25.325 -9.79 -2.83 2.3838
2 -8.72 0.34 3.3873
0.075 -8.88 6.15 1.607
0 -4.89 11.1 1.8396
0 -4.66 10.89 2.7152
0 -6.22 9.99 4.2067
0 -7.19 7.11 2.2672
0.075 -4.78 10.61 3.0127
0.075 -5.6 8.16 2.6156
0 -5.51 8.11 3.4583
6.4 -5.99 8.01 4.2565
6.425 -9.45 3.45 4.7445
1.3 -9.32 2.53 3.0198
1.2 -6.03 6.6 2.9825
2 -3.49 7.16 3.1195
1.55 -9.02 1.99 1.7578
0 -8.01 4.63 0.892
12.575 -6.66 6.16 2.7928
24.45 -2.01 1.36 1.5403
11.775 -5.6 7.65 3.8596
0.75 -5.94 3.69 1.7754
0.35 -4.73 9.15 2.8902
0 -2.38 12.29 1.4554
0 -1.42 15.07 2.06
0 -0.83 14.97 2.9108
0 -2.01 12.69 2.6147
0 -1.24 13.99 2.7276
0 0.06 16.23 1.463
0 1.02 19.32 1.805
0 2.71 18.32 2.1474
0 -2.07 16.17 0.9248
0 0.14 15.71 2.9617
0 -0.25 16.6 2.1048
0 0.16 16.18 0.239
0 2.15 19.29 0.4207
0 3.74 22.11 2.5159
0 4.1 21.87 3.0223
0 2.39 20.12 2.5857
0 -0.18 18.57 2.6067
0 -0.47 16.99 2.1413
0 1.71 18.64 2.0637
43.875 2.04 18.57 2.9249
24.325 -0.77 14.61 2.6325
3.45 -2.63 7.18 2.2108
0 0.39 14.58 0.6779
0 1.33 19.42 0.7714
0 3.98 21.75 0.7922
0 3.98 22.04 1.6559
0 4.5 21.55 1.7326
0 6.19 20.57 2.4149
0 6.21 21.24 2.9892
0 4.61 19.67 2.187
0 4.09 20.49 2.4619
0 2.02 20.15 2.1933
0 1.43 19.26 2.5171
0 1.43 17.73 2.6617
0 0.39 16.96 3.2564
0 0 15.06 2.661
0 1.35 14.27 3.1654
0 -0.56 13.77 3.3152
0 -0.34 14.62 2.1668
0 -0.4 16.18 1.6146
0 0.76 18.3 2.0221
0 0.73 18.19 1.0634
0 1.34 18.7 2.2398
0 2.6 19.74 2.8181
0 3.79 19.37 1.8118
0 3.83 20.5 2.2167
0 2.2 21.17 2.3031
0 1.48 20.1 1.6983
0 2.08 19.53 1.622
0 4.38 18.88 1.2456
0 5.41 22.12 2.1022
12.4 5.13 22.5 3.1162
9.35 6.4 21.76 2.2709
1.925 6.17 18.57 1.7667
0 4.5 20.73 1.9717
0 5.29 21.88 2.1291
0 2.85 21.96 3.2063
0 1.8 18.66 2.265
0 2.01 18.85 3.1714
0 1.82 19.41 2.6012
0 2.64 19.73 1.8823
0 1.91 20.47 1.9685
0 1.95 20.15 2.1208
0 2.93 20.53 2.6785
0 2.91 20.67 1.464
0 2.81 20.96 1.5113
0 3.59 21.86 2.1874
0 1.37 19.78 1.4513
0 0.97 19.21 0.8001
0 0.85 20.12 1.6233
0 2.57 21.52 1.3235
0 3.41 22.3 2.4946
0 2.14 19.91 2.1917
0 1.05 19.31 1.7807
0 -0.03 18.89 1.2754
0 1.49 20.07 0.8845
0 2.78 22.14 2.0927
0 4.69 22.17 1.4225
0 4.15 21.5 1.0577
0 3.06 23.17 1.1569
0 4.54 23.07 1.5858
0 3.75 23.51 1.6141
0 2.3 22.49 2.0093
0 0.85 21.54 1.8639
0 2.51 19.37 0.6434
0 1.44 20 1.0217
0 3.35 21.21 0.8403
0 3.13 20.82 0.793
0 4.14 21.39 1.898
0 2.68 20.17 0.4155
0 3.07 20.94 0.8969
0 3.73 22.01 0.767
0.05 3.78 20.29 1.9508
4.825 2.4 19.76 1.1749
12.425 2.63 18.29 1.6077
17.9 -0.27 12.41 1.4676
16.3 1.71 15.7 0.6685
15.425 0.22 16.65 1.1107
0 1.54 15.57 2.555
0 2.15 16.4 1.8399
0 0 13.94 1.5732
0 -0.82 15.16 0.3675
2.3 -0.18 18.02 0.2102
1.525 1.77 20.19 0.8255
0.025 2.17 20.01 0.477
6.65 2.45 20.67 0.4541
0 4.89 21.35 0.7455
0.275 3.37 21.9 1.6474
9.925 0.86 18.15 2.44
0.1 -1.09 11.34 1.6174
0 0.4 17.05 0.3068
0 2.77 19.27 0.5624
0 3.42 17.29 1.0387
0.075 1.37 19.62 1.6053
0.05 0.38 18.53 2.6812
0 1.35 14.9 2.1612
0 -0.68 13.71 2.3181
45.3 -3.05 10.55 2.454
51.7 -4.53 6.07 4.1353
16.275 -8.88 -0.45 0.7653
2.675 -10.18 -0.71 0.9041
0 -9.48 4.2 1.4192
0 -7 7.89 1.3081
5.05 -4.64 10.04 1.8161
6.45 -2.26 5.86 1.92
0 -2.23 11.78 0.927
0 -2.03 14.39 0.6192
0 -0.53 16.25 0.5191
0 -1.33 16.18 1.3053
0 -1.06 14.94 1.7107
0 -1.01 14.02 1.9717
0 -1.14 14.42 2.0586
0 -2.29 15.86 0.6852
0 -1.97 12.5 0.5035
0 -3.74 13.59 0.3875
0 -2.53 12.09 2.5014
0 -3.76 14.35 2.0368
0 -3.34 15.67 2.3101
0 -3.86 11.85 1.3915
0 -6.53 7.53 3.7517
0 -8.8 6.37 3.4988
0 -7.97 6.8 2.1675
0 -6.28 9.68 0.8871
0 -5.38 10.98 2.2605
0 -5.32 12.11 0.1121
0 -5.74 11.94 3.6771
0 -5.12 8.29 4.1294
6.8 -9.58 9.1 4.1344
11.75 -12.43 7.37 1.9455
10.625 -14.22 -5.56 0.6274
8.575 -12.57 -4.56 1.6307
0.125 -12.75 -5.08 1.0716
0 -14.34 -3.29 2.3175
0 -12.72 -0.46 3.2186
0 -10.76 3.07 2.7645
3.75 -7.85 3.45 3.0202
3.675 -6.45 0.76 0.9058
0 -7.47 1.69 0.2205
0 -6.18 3.84 0.4088
0 -9.68 3.75 0.4266
0 -9.2 4.36 0.8749
0 -8.54 4.81 1.4522
0 -9.36 4.67 3.8582
2.4 -10.08 -1.58 2.3663
5.425 -10.53 -3.27 3.8464
3.175 -13.39 -3.98 1.6236
0 -12.51 -0.46 2.3511
0 -10.58 1.15 3.6134
0.1 -9.72 5.05 2.503
0.05 -9.68 1.22 0.7675
0 -8.79 2.3 2.934
0 -7.04 7.75 2.333
0 -7.5 6.46 1.1204
0 -6.52 6.11 1.935
0 -10.29 7.75 3.4316
0 -9.81 2.97 8.9412
0 -11.28 -1.79 3.8973
0 -12.42 2.79 4.3984
0 -14.3 -1.08 2.8313
0 -13.99 -1.37 3.5141
0 -14.82 -2.24 3.0022
0 -13.75 -1.66 3.6429
0 -13.21 1.28 3.9911
0 -12.95 0.63 4.412
0 -11 1.52 3.2201
0 -13.18 1.05 1.212
0 -14.83 -0.23 1.6185
0 -15.51 -3.33 1.4739
0 -15.26 -2.71 0.9345
0 -14.03 -1.76 0.8447
0 -11.96 -3.02 5.8181
0 -10.33 0.29 4.905
0 -13.81 1.51 2.7484
0 -13.69 0.81 4.866
0 -14.92 -2.12 4.6518
0 -14.28 -0.33 3.5948
0 -15.05 -0.46 4.487
0 -15.18 -1.02 3.8677
0 -14.8 0.6 4.9666
0 -13.55 1.6 3.2839
0 -12.03 3.12 1.4184
0 -11.84 4.02 1.013
0 -9.91 3.22 1.043
0 -8.38 7.43 0.9592
0 -9.17 4.85 1.7052
0 -11.87 3.62 2.367
