0.825 0.55 13.88 1.5365
6.425 0.43 7.36 1.1499
3.125 0.24 11.99 1.794
0.2 -2.05 9.12 3.6725
1.4 -1.85 10.19 1.8607
0.65 4.22 6.89 0.3532
0 2.58 8.17 1.4935
0 2.7 10.62 0.8881
0 2.58 13.16 4.0885
0 0.6 12.23 3.4956
0 -0.08 18.06 2.5346
0 0.96 16.12 5.3476
0 2.18 18.56 4.0892
0 0.72 21.33 3.7989
0 0.7 21.01 3.9095
0 1.35 22.18 4.9153
0 1.85 21.06 4.1885
0 1.93 21.34 4.6928
0 1.73 21.81 4.8763
0 1.9 21.16 3.4369
4.925 2.7 20.57 2.6924
16.9 8.46 19.18 2.0981
15.725 10.71 12.59 1.6716
24.65 9.24 14.62 2.1579
8.475 4.54 13.4 3.3048
1.8 -0.26 6.81 1.0165
0.075 -2.29 9.77 1.2152
0 -2.16 10.35 1.4991
0 0.08 13.88 4.0507
0 -0.21 15.82 4.402
0 1.63 19.79 2.9066
0 2.08 19.1 2.9526
0 2.07 16.98 4.0445
0 2.13 21.44 3.8242
0 2.96 22.89 3.0061
2.8 5.01 21.46 2.7438
8.275 7.47 13.33 3.1266
3.45 4.71 14.37 2.6879
10.025 3.53 14.4 1.2557
6.3 2.17 12.35 3.2873
4.4 -3.64 8.65 0.3599
7.875 -2.95 10.23 2.5806
4.5 0.67 10.54 1.3486
15.65 0.3 10.18 3.072
8.525 2.04 7.66 3.7051
2.1 3.76 10.3 6.3135
13.475 5.12 11.17 5.4945
10.775 4.66 10.27 4.4918
1.975 1.81 8.13 1.5645
0 0.14 13.44 3.5284
0 0.51 17.53 2.7268
3.55 0.9 18.14 3.7288
11.55 2.52 16.56 4.038
8.475 9.95 13.34 2.9297
2.35 7 14.44 1.5292
1.025 6.95 17.74 1.5499
0.8 5.85 15.76 2.3593
0.2 1.9 16.2 0.4201
0 2.23 16.26 3.5838
8.225 5.69 18.69 2.9499
22.8 10.16 16.22 4.1692
42.475 7.77 15.65 4.9493
21.275 3.73 12.11 2.6679
2.7 -0.21 12.2 1.0329
0.2 0.16 12.79 1.8674
0 -0.59 11.55 0.3521
0 -0.31 14.15 1.3918
0 1.29 14.69 2.6693
0 -1.8 11.48 0.5641
0 -1.63 13.41 0.5613
0 1.2 16.24 1.8717
0 1.5 17.63 1.9844
0 1.75 18.39 1.3648
0 3.1 15.95 2.3058
0 4.98 18.14 2.694
0 5.63 19.23 1.0948
0 5.76 20.71 1.3304
0 6.03 21.83 1.2614
0.025 6.65 22.98 0.9461
7.975 6.75 22.07 1.6678
6.525 4.3 16.76 3.9253
1.125 -0.73 10.8 2.3168
0.125 -0.59 13.93 1.9276
0.075 0.72 17.41 0.8569
0 3.82 20.26 2.0074
0 6.39 21.95 1.9321
0 6.65 22.65 1.4493
0 6.73 23.46 3.5347
0 1.75 17.62 2.0682
0 1.12 17.6 0.5278
0 4.09 20.43 2.8979
0 5.17 23.15 2.6158
0 4.66 18.53 5.1546
0 0.4 16.27 1.9443
0 0.51 18.21 2.5524
0 2.91 23.36 1.9419
10.075 4.99 24.63 1.1752
7.725 5.85 19.46 2.7907
6.425 5 13.48 1.7586
4.825 6.32 14.11 2.3446
0.775 3.69 14.88 3.7024
0 4.12 17.17 1.6608
0 5.41 20.69 2.4395
0 6.86 19.86 5.0339
0 -0.72 12.64 5.6889
0 0.03 14.48 2.9422
0 2.2 19.8 1.5691
0 4.53 23.39 2.4806
0 5.3 26.75 2.5028
0 10.51 31 1.5001
0 11.25 31.7 1.2518
0 10.83 33.04 1.7977
0.025 9.88 31.67 2.3497
0.3 9 24.04 3.1639
0.175 1.82 16.83 3.3418
0 2.55 19.6 2.0795
0 4.58 20.64 2.2951
0 2.06 18.97 3.0235
0 1.96 16.81 1.8038
0.1 3.05 19.8 1.9515
29.025 5.43 22.35 1.7775
16.725 11.62 19.69 2.4479
2 11.7 17.79 3.5368
1.75 10.33 19.69 1.8319
0.55 12.27 21.95 3.5201
0 10.87 24.83 1.8985
0 10 26.27 3.0435
0 9.4 25.29 1.9879
0 9.66 26.86 1.7827
0 10.05 28.12 1.4224
0 10.09 29.21 3.0924
0 7.96 27.47 3.3577
0 8.38 25.58 2.8906
0 9.1 28.16 3.1747
0 10.55 27.36 2.2005
0 12.37 31.01 1.4354
0 15.18 35.94 0.2858
0.075 15.02 37.72 2.1525
0.05 15.72 36.28 2.3856
0 11.55 30.5 1.5073
0 10.61 29.8 1.1002
0 11.64 30.75 2.4398
0 11.94 30.84 2.9951
0 10.32 28.81 2.7741
0 9.67 27.68 2.2056
0 12.44 29.37 1.697
0 13.41 32.06 1.0741
0 14.91 34.88 2.159
0 15.56 34.83 2.5124
0 15.97 34.16 3.0033
0 14.79 29.27 2.3186
0 13.9 30.33 2.285
0 12.7 27.76 2.3462
0.55 13.12 26.67 0.496
1.925 11.61 26.84 2.1594
2.175 10.25 23.62 3.1352
2.05 7.92 20.16 2.0159
0.8 9.46 22.33 2.6312
0 10.72 26.1 2.5974
0 9.75 26.94 3.3892
0 10.33 25.45 3.0235
0 9.64 24.23 3.3873
0.25 10.63 26.09 2.5231
0.15 12.76 24.19 3.4436
0 10.15 24.63 2.361
0 9.87 25.83 2.4805
0 10.85 25.98 2.6988
0 12.48 27.4 3.1681
0 13.29 30.57 2.1328
0 14.67 33.72 2.8806
0 10.44 32.47 3.2596
0 8.69 27.63 3.3614
0 9.92 26.74 1.5528
0 11.43 30.88 0.7533
0 13.77 34.59 1.6297
0 14.87 35.77 2.682
0 13.78 33.58 1.8253
0 15.15 34.78 0.9985
0 16.73 39.64 0.8325
0.025 17.78 40.9 2.7978
0.025 17.16 40.53 2.7378
0 16.51 37.08 2.2566
0 16.87 37.12 1.8563
0 15.41 36.89 2.759
0 14.94 36.64 2.4887
0 14.33 33.89 2.6874
0 13.44 32.4 2.4648
0 11.18 31.83 2.6432
0 10.54 31.16 2.6475
0 11.72 30.76 2.6669
0 11.65 31.27 2.0375
0 13.17 32.26 1.8056
0 15.95 32.99 2.2489
0 14.64 33.66 1.6441
0 14.82 36.29 0.7653
0 15.92 37.35 1.5302
0 16.99 38.78 1.7842
0 17.76 38.91 1.6912
0 19.04 40.37 1.9791
0 19.08 40.96 1.5222
0 19.8 40.9 2.4209
0 17.12 38.73 2.5449
0 16.14 37.06 2.4489
0 15.86 36.51 2.1107
0 16.04 36.01 2.1165
0 14.97 35.19 2.2122
0 14.88 35.97 1.9641
0 18.18 38.42 1.9181
0 18.71 39.06 2.279
0 18.88 37.41 2.9358
0 18.38 35.63 2.6982
0 16.55 35.37 2.8822
0 17.07 34.59 2.653
0 16.25 34.64 2.9102
0 13.89 32.57 2.4299
0 14.42 31.83 1.996
0 15.24 33.04 2.2204
0 12.77 30.97 2.8788
0 10.2 25.14 1.8921
0 11.25 27.85 1.6065
0 13.39 32.27 0.7658
0 15.57 34.63 1.2967
0 17.1 37.04 2.9657
0 15.63 37.56 2.8411
0 15.1 36.44 3.1371
0 13.9 33.68 3.1466
0 10.74 31.37 1.6076
0 11.31 31.98 0.6422
0 14.29 34.38 0.9288
0 15.41 35.59 0.8708
0 15.81 37.15 1.3395
0 16.55 36.24 2.33
0 17.47 36.17 2.1655
0.55 16.93 38.05 2.231
0.775 16.99 35.92 2.7301
0.225 14.8 31.42 1.5799
0 13.65 31.86 1.4828
0 13.39 33.45 0.4145
0 13.1 35.33 1.6168
0 13.33 36.96 1.5763
0 15.32 37.13 1.5239
0 15.24 38.56 2.5434
0 16.85 36.58 1.5556
0 15.98 34.58 0.6964
0 15.76 36.04 0.504
0 16.67 37.68 1.7212
0 16.13 37.2 2.3897
0 12.34 33.89 2.0738
0 12.46 30.79 2.1055
0 11.45 28.68 1.8523
0 11.42 30.61 0.5921
0 12.18 31.43 1.0308
0 14.28 34.52 0.4819
0 14.4 36.58 1.0634
0.2 15.85 36.53 1.9247
0.525 13.47 32.86 2.0787
1.925 13.57 26.65 2.6147
0.675 11.64 24.56 1.6765
0 11.58 29.26 1.7073
0 13.53 31.89 0.7358
0 14.21 33.41 0.9181
0 15.76 36.37 1.9441
0 13.66 33.72 0.9646
0 13.45 33.62 1.9742
0 14.78 35.35 2.1121
0 14.24 36.18 1.2788
0 13.72 35.97 0.7195
0 13.65 35.45 0.7909
0 14.27 36.73 1.1388
0 14.28 37.7 0.4085
0 15.25 37.04 1.9035
0 14.59 32.66 2.5181
0 5.23 20.45 2.4186
0 5.55 24.26 2.3544
0 6.14 26.43 0.8209
0.25 7.52 27.35 3.1919
0.2 6.13 22.47 3.362
0.025 2.54 16.74 0.3386
0 2.14 20 2.5371
0 4.33 23.75 1.2531
0 5.65 23.78 1.3467
0 6.22 25.04 0.6581
0 7.29 25.59 0.4986
0 7.24 25.82 1.7798
1.95 7.67 24.16 1.9643
46.45 7.8 18.37 6.8647
27 12.4 17.45 4.2575
1.325 14.52 22.57 1.0757
0 12.71 26.52 2.2431
0 12.13 26.18 1.1282
0 15.31 27.63 1.6444
0.6 9.49 24.05 2.0444
0.325 5.87 18.31 1.5981
0 5.84 19.37 1.0696
0 7.09 22.83 0.741
0 8.43 24.05 1.2453
0 10.01 25.63 1.3298
0 8.81 24.97 1.6191
0 8.5 23.98 1.1417
0 9.23 24.53 4.6247
0 4.85 19.77 4.8417
0 1.54 17.16 0.7585
0 1.53 17.2 0.1673
0 3.75 21.66 0.8515
0 5.14 23.59 0.9345
0 7.41 24.41 1.2568
0 7.91 25.96 1.1574
0 7.06 27.65 1.7844
0 6.74 26.57 2.4073
0 5.72 20.66 0.5991
0 6.31 20.41 1.7497
0 3.51 19.02 1.9115
0 3.49 18.8 1.0744
0 4.26 19.68 0.7603
1.425 6.22 19.01 0.4441
2.35 7.23 17.23 2.038
0.8 1.36 14.41 1.3729
0 1.33 15.12 1.1307
0 1.22 16.27 2.688
0 1.17 17.01 1.9734
1.675 2.57 20.46 1.3014
0.825 3.01 20.63 2.0517
0.125 1.32 15.88 2.2224
10.8 1.68 16.87 3.5163
5.425 1.81 16.65 1.1869
0 1.82 14.22 0.4757
0 1.94 16.51 2.0049
0 2.14 15.44 3.5119
0 2.42 18.62 3.7733
0.175 2.83 21.34 2.4304
2.2 3.54 21.41 1.0815
1.075 4.66 13.95 5.1658
0 1.41 16.73 4.7851
0 1.17 15.26 3.8766
0 1.59 18.42 1.5908
0 1.32 17.26 1.996
0 0.31 15.95 1.9235
0 0.53 15.55 1.9804
0 0.79 16.46 1.0294
7.4 -1.71 12.34 2.019
9.65 -1.64 7.82 0.7308
2.8 -6.34 5.37 0.6055
0 -5.95 6.1 1.939
6.475 -5.3 7.84 3.2795
20.1 1.11 11.01 2.9971
27.825 6.99 11.68 3.8489
18.925 6.45 12.1 3.9443
4.425 5.66 9.8 0.6925
0 2.24 12.74 3.3198
0 4.04 14.82 2.7477
0 3.72 15.18 2.2191
0 2.04 14.93 2.7176
0 2.38 9.64 4.0885
0.6 2.85 15.33 2.8667
11.275 4.74 18.01 1.7717
6.05 2.2 12.59 3.6621
0.25 -2.03 9.38 2.2332
0 -1.64 10.04 3.9326
0 -0.55 14.52 4.012
3.7 0.45 16.27 4.124
3.15 0.87 12.98 2.1123
1.325 2.71 12.78 2.9986
3.1 2.17 11.46 0.8142
1.475 6.07 11.99 1.4474
0.2 3.73 11.66 2.6911
0.15 3.36 13.6 2.2385
0 3.38 14.79 1.1743
0 2.31 16.27 3.9117
0 1.03 17.45 2.9232
0 1.06 18.85 2.8424
0 1.95 14.43 3.1142
0 1.98 14.96 2.5832
0.95 3.55 14.8 2.9634
0.875 4.98 15.51 2.4362
0.2 4.81 9.8 2.441
0.35 4.85 11.66 3.2372
12.5 5.41 17.88 4.6666
7.325 7.94 17.31 2.0518
0.4 0.88 14.34 1.2622
0 1.27 14.71 3.2856
0.25 2.86 16.97 2.4783
11.1 2.87 17.96 2.7823
17.725 7.13 14.57 4.9575
18 9.05 11.38 5.6796
23.675 5.09 10.1 6.5997
23.65 2.95 9.77 3.8959
16.05 1.33 8.68 3.5676
4.925 0.76 5.93 1.0421
0.95 -0.35 10.62 2.4888
3.375 0.85 9.83 4.3373
1.525 6.12 11.32 2.9914
0 2.42 13.51 1.2487
0 1.85 13.45 2.6813
1.225 3.19 14.47 3.2133
1.55 4.08 16.11 1.2576
0.45 0.42 14.24 1.2177
0 0.42 14.32 1.7681
0 2.09 14.93 2.1167
0 3.71 15.39 0.655
7.2 3.95 15.63 3.0492
6.6 6.37 15.03 3.384
11.475 8.49 13.24 1.6604
5.2 5.94 10.07 2.4657
2.225 6.17 10.11 1.2837
3.2 5.8 11.24 1.7611
1.05 0.62 10.96 0.6353
0 1 12.6 1.218
0 4.04 13.21 1.4064
0 2.78 17.4 1.3893
0 3.06 18.27 1.5116
0 3.14 18.25 1.1801
0 4.24 17.77 1.7396
0 5.14 19.47 2.3954
0 4.03 20.75 0.8987
0.9 4.25 18.68 1.087
3.1 6.31 14.84 2.1457
6.65 5.98 11.56 2.8099
2.85 -0.09 9.34 2.0712
19.3 0.26 12.92 3.8387
13.7 4.12 10.87 2.6537
2.25 1.97 11.81 0.8672
23.5 2.25 15.75 4.607
13.625 6.21 16.91 1.1784
0.6 2.86 12.98 0.3874
0 3.12 15.88 2.1713
5.775 5.64 17.94 2.7106
18.925 6.5 10.87 3.2856
8.6 2.06 9.98 2.7136
0.1 -0.06 10.74 1.2778
0 1.23 13.42 2.4082
0.1 2.62 17.3 1.0573
0.775 5.44 14.1 2.6116
2.9 -1.75 9.91 3.6697
1.325 -0.82 11.47 2.1694
0 -0.74 11.43 0.3467
15.4 0.11 14.31 2.1434
8.125 0.58 13.96 2.4254
0 -0.25 13.81 2.479
0 0.4 15.72 3.5997
0 3.23 22.02 1.3104
0 5.22 24.08 0.9678
0 5.9 23.7 2.8485
0 2.92 24.97 2.1878
0 4.04 25.24 1.796
0 6.15 23.58 0.375
0 5.18 21.67 1.6973
0 3.46 20.28 1.8264
0.325 2.93 20.21 1.7886
1.5 4.43 20.99 2.2326
0.775 1.59 15.26 2.213
0 1.93 17.96 2.5189
0 2.61 20.19 1.0561
1.675 4.83 22.66 2.5077
11.425 4.88 21.25 5.0852
6.425 2.62 11.84 2.6982
0.725 -0.08 12.12 0.8012
6.65 0.23 13.41 2.0928
3.3 1.75 11.91 1.7782
17.675 1.59 12.06 2.8095
9.25 2.65 11.79 2.8411
0 2.25 12.69 0.7602
0 0.86 16.32 2.1174
0 3.42 20.15 0.814
0 5.2 20.81 1.3932
0.225 5.77 20.53 1.9985
13.9 7.08 14.44 4.3946
19.75 5.83 12.48 4.3937
6.25 3.02 11.18 1.0926
0 3.44 15.56 0.6974
0 4.38 16.84 0.8445
0 4.82 20.33 1.9631
0 5.19 20.66 1.4324
0 5.58 22.62 1.196
3.9 7.88 23.72 1.502
19.075 7.92 21.69 2.4528
13.75 3.59 12.67 3.287
2.85 5.12 9.49 2.0502
0.15 6.43 12.31 1.2646
0 7.49 22.34 1.0566
0 10.51 24.9 1.2768
0 7.93 26.44 0.8435
5.525 8.65 25.75 3.9964
3.975 3.41 15.91 4.654
0.6 3.48 14.16 3.6276
0 1.79 13.98 3.3697
0 2.94 19.17 2.03
0 5.01 22.39 1.9068
0 7.68 25.51 1.0197
0 8.2 26.61 2.2251
0 6.63 24.11 3.7625
0 3.93 20.79 2.3522
0 3.6 21.17 0.8226
0 5.47 23.41 2.7444
0.2 6.23 21.55 3.6122
9.325 7.47 15.55 3.012
4.825 1.4 12.67 3.6725
0 1.98 17.86 2.0897
0.1 5.1 23.14 1.0663
0.05 7.47 25.35 0.7621
0 8.36 26.71 0.6391
0 9.55 27.73 1.2463
1.4 11.39 27.03 1.8933
0.85 11.35 19.79 1.5367
0.025 10.74 21.63 1.542
0 10.44 22.87 3.437
0.325 5.04 21.9 4.2579
0.45 3.17 15.93 3.5636
0.2 3.81 15.47 4.1594
0.025 5.45 19.55 2.2694
5.5 4.76 18.62 1.5557
4.525 5.78 19.53 2.7183
7.5 8.63 18.31 2.2409
3.425 3.95 17.32 3.2062
0 4.88 19.15 1.8836
0 6.4 25.42 0.8525
0 11.53 28.82 2.5057
0 12.2 27.09 2.9804
0 11.66 25.61 2.4061
0 12.22 27.88 2.4446
0 14.51 28.06 2.5118
0 14.55 29.28 1.9254
0 15.15 31.59 2.8383
0 13.89 31.54 3.1544
0 12.73 29.25 2.7397
0 12.36 29.59 3.628
0 7.13 25.55 4.6515
0 8.57 22.91 5.0283
0 9.98 28.22 3.6143
0 11.38 30.88 1.0067
0 12.24 31.07 1.8384
0 13.05 33.41 2.8043
0 9.6 29.43 3.1349
0 7.96 26.55 1.5591
0 8.86 29.14 2.4714
0 8.4 27.23 3.0976
0 7.71 25.23 2.6864
0 8.99 27.16 1.9337
0 10.44 29.34 1.2051
0 12.37 31.92 2.0488
1 13.5 32.41 2.2124
0.525 13.76 30.16 2.8121
0 14.58 29.9 2.5913
0 15.8 33.29 1.2451
0 18.03 37.27 1.7538
0 17.14 39.05 3.0138
0 14.18 34.64 2.9536
0 11.1 32.39 2.77
0 11.3 31.41 2.9421
0 12.32 30.37 2.3986
0 12.32 31.88 1.0732
0 13.19 34.37 1.9771
0 14.37 34.91 2.5606
0 14.58 32.32 2.4791
0 15.16 33.83 2.5559
0 16.65 34.95 2.307
0 16.35 36.13 1.8543
0 17.33 37 2.2004
0 17.89 35.99 3.1187
0 16.84 34.24 3.1035
0 16.72 33.19 1.8163
0 17.56 35.73 1.5856
0 18.56 38.69 2.6841
0 19.58 39.68 2.7013
0 18.05 38.92 2.5595
0 16.05 38.77 2.1114
0 15.97 37.35 2.0244
0 15.84 35.6 2.3064
0 14.24 34.23 1.0453
0 15.04 34.57 2.3098
0 16.52 35.68 2.2054
0 17.59 37.82 2.7033
0 17.31 36.26 2.7582
0 16.28 32.04 1.9601
0 13.72 30.96 2.3423
0 14.15 32.62 2.1843
0 14.22 33.97 2.3684
0 13.88 33.93 2.2898
0 13.28 33.42 1.9898
0 13.74 33.54 2.339
0 12.93 34.48 1.4741
0 13.53 34.87 1.9661
0 14.18 34.7 2.0364
0 13.65 33.38 2.0692
0 13.7 32.91 2.4948
0 14.34 32.65 2.7913
0 14.5 31.14 1.9374
0 13.65 31.28 1.8526
0 13.44 31.29 2.1618
0 12.16 29.66 1.1555
0 13.09 30.85 1.5816
0 15.02 32.65 2.4698
0 14.6 32.78 2.8682
0 14.63 33.58 1.278
0 15.32 35.4 1.5173
0 14.82 35.28 1.6023
0 12.81 33.64 1.9628
0 13.49 34.44 2.2559
0 13.84 35.36 1.7706
0 11.06 33.85 1.7928
0 11.49 30.83 2.3196
0 12.59 35.41 1.8404
0 15.2 40.45 0.5104
0 18.84 40.37 2.0892
0 14.62 36.53 2.3278
0 10.56 32.48 2.6954
0 8.73 22.95 2.3003
0 9.15 24.4 2.5142
0 9.83 26.33 1.5219
0 10.59 29.55 0.8966
0 13.66 34.08 0.3357
0 14.64 36.96 1.2753
0 14.56 36.59 1.1491
0 17.5 34.52 2.1063
0 13.26 33.72 1.2691
0 13.31 33.3 2.121
0 11.79 31.42 2.7167
0 7.61 19.89 1.9727
0 7.81 24.12 0.7477
0 9.02 27.97 0.5736
0 11.73 32.5 1.0278
0 12.2 31.82 1.6032
0 10.85 29.87 1.4215
0 11.01 29.99 1.1869
0 11.05 30.47 1.8098
0 11.34 30.48 1.5508
0 12.15 30.17 1.4098
0 11.98 28.74 1.2865
0 10.81 27.41 1.3717
0 10.3 27.7 1.1963
0 8.87 25.48 2.671
0 8.56 23.19 1.2517
0 9.07 28.53 0.6969
0 10.78 31.49 1.0028
0 17.85 35.49 0.7564
0 13.35 36.11 1.2147
0 14.62 37.69 0.6971
0 15.6 39.48 0.5651
0 15.72 37.58 0.3797
0 15.71 34.67 0.5315
3.125 16.89 33.52 1.0661
10.325 16.26 33.36 1.4621
7.4 13.07 25.66 1.5828
0.475 12.76 18.62 1.1763
0.475 8.79 19.01 0.7351
4.375 9 21.54 1.9343
0.05 7.8 20.79 0.7825
0 8.63 24.54 1.9557
0 9.72 26.49 1.712
0 12.18 28.7 1.705
0 12.87 29.09 2.135
0 12.71 31.6 1.4148
0 12.85 32.94 0.5769
0 12.32 33.21 0.45
0.05 12.4 32.04 1.0011
3.05 12.83 27.92 0.9266
1.35 9.4 21.71 1.149
0 9.12 20.62 1.5764
0 9.32 24.34 0.8357
0.05 10.41 24.82 1.8278
2.625 9.44 22.09 1.5323
14.15 11.24 21.28 1.6997
47.55 12.29 17.02 4.7362
17.35 8.08 16.21 3.3568
0.025 4.35 17.58 1.6789
0 2.9 18.61 2.8007
0 3.22 19.78 3.432
3.875 8.52 23.45 2.219
4.975 9.64 23.18 1.8132
1.425 6.15 14.3 1.0126
0 6.25 20.91 1.8612
0 6.89 22.34 2.9342
0 8.75 24.41 2.6412
0 9.91 28.88 1.7266
0 10.2 29.04 1.1635
0.05 10.14 28.35 2.0438
17.425 9.65 23.39 3.114
8.725 3.96 13.51 2.5296
2.025 1.32 14.17 0.5865
1.25 2.39 15.26 1.6406
0.1 1.7 14.14 2.4015
0 1.93 16.31 1.4329
0 4.05 17.31 3.0165
0 4.74 18.51 1.7321
0 5.85 20.18 2.6751
0 6.05 21.38 1.2674
0 5.75 21.05 1.9045
0 4.47 21.62 1.7291
18.275 4.73 20.78 2.2937
25.975 2.67 11.37 3.0098
20.775 1.64 9.64 4.8061
12 2.23 7.23 2.9009
17.625 4.33 9.66 3.8264
7.25 -1.99 6.2 1.2867
0 -2.66 8.73 3.118
0.35 -2.21 10.21 3.3179
12.8 -0.89 12.99 2.5637
6.975 0.33 8.2 2.3918
0 -3.88 9.81 2.4022
0 -3.22 9.75 3.0601
0 -0.04 12.46 2.2886
0 0.71 15.41 2.6655
0.2 5.57 12.51 1.3977
1.3 6.96 15.87 2.4058
11.55 7.37 15.78 2.5904
5.15 7.04 19.3 3.4917
0 3.38 16.45 2.2035
2.7 4.33 17.19 2.1526
3.225 6.85 14.11 1.1494
0.85 8.53 16.42 1.4226
0 6.8 17.36 0.4243
0 5.83 17.78 2.3592
0 4.28 17.99 1.3602
14.8 4.71 13.29 1.7569
7.35 3.8 13.3 1.4373
2.4 0.44 11.97 2.3866
30.25 0.93 12 3.5812
33.675 6.63 12.14 5.1746
37.75 8.95 13.25 5.7835
12.85 5.14 12.14 2.4689
6.3 4.08 6.99 2.7785
5.725 4.63 12 2.1944
2.175 6.37 11.1 0.4466
0 3.62 13.69 3.0585
15.2 3.44 15.92 5.4464
7.55 2.63 15.13 2.0259
0 2.2 12.36 0.8265
38.625 2.29 12.96 2.2478
26.375 4.97 10.1 4.3171
2.875 -2.69 7.95 2.3067
0.85 -4.69 7.16 1.5182
16.875 -3.48 8.01 4.4156
15.525 -2.34 8.14 4.8784
3.5 2.04 8.33 2.464
0 -0.68 8.58 3.1655
0 -0.54 11.79 3.7962
0 0.02 12.84 5.011
0 -0.39 11.34 3.3631
0 -0.45 13.02 1.7118
0 -0.77 6.87 1.4558
0.05 -2.29 4.7 3.0273
2.15 -0.26 7.56 3.4515
1.1 4.09 15.26 2.2663
0.6 2.89 15.59 1.6232
0.275 6.01 11.7 1.2527
0 1.62 13.8 2.6624
0 4.16 14.2 0.9205
0 5.1 14.59 0.7867
0 4.88 12.35 2.4962
0 2.21 11.3 1.5504
0 1.67 15.1 4.1072
0 2.09 18.12 3.6784
0 2.35 17.3 2.7719
0 1.6 18.75 4.0139
0 1.46 19.11 1.8229
0 2.52 17.02 2.1373
0 3.28 18.47 4.9311
0 2.9 20.46 3.4842
0 2.73 19.54 1.7682
7.075 1.74 17.83 0.5206
7.05 1.72 15.06 1.7912
1.625 0.98 10.8 1.3113
0 0.73 11.32 1.6549
0 -1.07 13.8 3.0029
0 -0.91 14.18 2.021
0 0.86 14.26 2.5183
0 2.54 16.32 1.7158
0 2.81 18.02 1.9646
0 4.35 20.06 0.7243
0 1.05 20.24 2.3376
0 -0.72 14.43 3.4217
0 -0.66 14.46 3.7023
0 0.26 15.62 3.8765
0 1.11 19.45 2.8918
0 1.1 21.75 1.1248
0.425 1.39 20.36 3.7943
11.6 7.22 15.82 4.5689
11.8 5.73 14.63 5.6607
30.625 2.35 8.4 4.6984
32.3 1.55 7.34 2.7207
10.175 0.97 9.28 3.1246
0.6 -1.07 9.14 0.7128
0 -0.82 10.6 1.1163
0 -1.46 10.41 0.496
0 -1.17 13.81 0.6615
6.325 -0.59 11.91 2.2179
16.225 1.45 9.5 5.2406
6.35 -3.53 7.55 0.9867
6.8 -4.08 7.4 0.3949
0.3 -3.32 10.64 2.2297
2.9 -2.91 14.07 1.8161
11.6 -0.55 14.72 3.8541
4.175 7.98 16.55 1.3057
0.025 0.89 16.42 1.4394
4.175 1.91 17.27 0.6329
23.3 5.17 19.29 1.7216
10.775 6.67 11.7 4.2381
0.2 2.52 13.12 0.5358
0.025 2.82 17.57 1.4625
0.025 5.59 19.39 0.8234
0 4.11 18.88 1.3043
0.1 3.98 16.12 0.5617
6.275 5.06 17.24 1.2352
3.975 7.65 16.74 1.2149
13.475 8.43 19.61 1.3964
9.8 8.72 19.42 2.2971
1.975 0.76 13.62 0.964
16.525 0.83 14.77 3.5676
30.6 1.73 12.19 4.762
57.75 4 9.5 5.3521
28.925 2.15 7.76 2.3156
4.7 1.4 10.78 1.4185
12.45 1.95 13.13 5.1409
24.425 4.5 9.52 5.4703
16.925 1.86 7.81 3.7816
15.675 3.26 11.96 3.0812
5.175 5.02 9.71 1.4182
0.025 5.68 13.95 0.7419
0 4.3 16.68 1.4929
0 4.86 18.8 2.0806
0 7.01 21.63 2.4212
0 7.76 25.55 1.7999
0 8.83 27.08 1.0573
0 4.11 20.58 1.6447
0 4.56 19.5 1.7832
0 6.25 23.12 1.4817
1.375 5.72 23.02 1.8755
5.425 4.71 20.2 3.4446
2.525 0.83 9.64 1.5633
0.05 -0.74 11.03 1.3602
0 -0.46 15.19 0.5089
0 1.93 16.94 1.6938
0 3.3 17.98 1.6323
0.4 3.34 17.55 2.6175
0.2 1.13 13.59 0.6155
0 1.03 17.92 0.7702
0 4.15 22.31 1.5726
0 4.99 23.69 2.2388
0.3 9.1 23.51 2.5257
0.175 10.9 20.32 1.5261
0.55 10.57 20.73 1.9334
1.275 10.8 19.99 2.0251
0.65 4.92 18.37 0.9465
0.25 5.52 18.1 1.0231
0.35 7.28 19.06 2.0143
0.175 6.95 18.74 2.1676
0 3.85 19.28 2.6646
0 3.64 19.98 1.0415
0 4.4 21.75 2.3217
0 5.85 20.83 4.6033
0 2.5 18.6 3.4937
0 2.95 21.89 1.76
0 3.95 24.59 0.4895
0 7.18 26.35 1.0374
0 8.39 26.1 2.9379
0 9.34 29.34 0.8378
0 9.55 30.86 1.522
0 8.84 28.15 1.9765
0 8.76 22.78 2.8131
1.575 4.44 14.89 3.0961
0.8 3.15 16.87 2.5831
0 4.33 23.12 1.8155
0 8.09 25.03 1.27
0 8.31 26.37 0.7989
9.85 9.17 26.26 2.7568
8.175 5 16.27 2.5629
2.575 3.21 12.92 1.4011
15.05 4.87 14.58 3.4408
8.175 7.09 12.52 2.1708
0.375 4.46 16.46 2.989
0 5.31 22.96 1.7598
0 8.7 25.37 2.2214
0 7.99 24.78 3.2342
0 6.75 22.82 4.552
0 6.62 20.96 2.5122
1.975 7.23 22.78 2.6433
0.975 5.12 19.99 2.2482
0 5.89 20.54 3.1196
1.325 5.99 20.93 4.0686
0.65 6.16 17.13 4.691
0.025 5.19 18.34 2.7323
0.125 5.66 20.95 2.4324
0.225 9.76 21.1 2.6728
0.05 4.84 16.62 1.6148
0.3 5.11 18.86 0.6114
6.5 5.8 19.27 3.3293
11.95 12.5 17.97 1.0154
5.625 9.86 21.3 3.2471
0.1 7.29 19.57 2.1502
0 8.21 23.53 3.0243
0 10.9 26.72 1.7371
0 11.29 28.37 2.7187
0 10.83 27.67 3.1818
0 9.79 24.95 2.7553
0 10.47 27.49 2.7321
0 13.45 30.4 2.1839
0 14.37 32.93 2.0839
0 13.26 32.42 2.6313
0 12.33 29.09 1.6708
0 12.93 29.99 2.8085
0 13.08 30.68 2.2197
0 14.14 30.88 0.5956
0 15.5 34.54 0.7432
0 18.03 37.17 2.4932
0 15.02 36.33 2.5397
0 12.34 32.75 2.5231
0 11.69 31.2 2.67
0 12.2 30.63 2.4795
0 13.27 32.16 2.4883
10.85 13.64 31.82 2.2724
5.8 11.84 25.34 2.3303
0.1 10.33 22.81 2.3732
0 11.67 28.58 1.4495
0 15.43 33.55 1.0599
0 16.52 36.62 0.8348
0 16.72 37.57 1.5422
0 17.69 37.17 1.7558
0 18.42 37.02 2.5217
0 18.6 36.98 2.7174
0 17.02 35.83 2.0654
0 16.02 35.4 2.4786
0 13.79 34.32 2.2304
0 12.7 33.13 2.3527
0 12.57 30.06 2.4855
0 12.88 29 3.1084
0 12.31 26.81 2.7449
0 12.03 26.8 3.3381
0 11.71 26.85 3.1101
0 11.92 27.54 1.9846
0 12.83 29.2 1.1624
0 13.55 30.29 1.9266
0 14.22 31.91 1.5831
0 14.4 33.37 2.3103
0 14.8 34.01 2.7582
0 15.28 33.94 1.9195
0 16.09 33.95 1.8381
0 14.96 34.99 2.1122
0 13.24 33.58 1.9512
0 13.41 33.6 1.7114
0 14.13 34.46 1.6764
0 15.55 36.17 2.4533
0 15.53 36.03 3.0507
0 18.67 35.63 2.0583
0 18.08 33.29 1.399
0 16.26 34.41 1.8085
0 15.33 35.39 2.0708
0 14.22 34.73 3.0193
0 13.53 31.28 2.4098
0 14.33 32.26 3.0296
0 16.7 31.91 2.4439
0 13.47 32.88 1.8437
0 13.66 33.33 1.9609
0 13.43 33.55 2.2174
0 13.88 34.19 2.6535
0 13.94 32.95 1.8698
0 14.88 33.55 1.3278
0 16 35.05 2.072
0 13.1 34.31 1.5575
0 12.93 33.45 1.3773
0 13.18 34.01 1.8109
0 13.7 34.45 1.8105
0 13.83 34.29 2.674
0 12.81 32.19 1.9619
0 12.63 31.34 1.415
0 13.05 31.2 1.1624
0 13.93 32.93 0.99
0 15.52 35.04 1.9547
0 15.88 34.97 1.1803
0 16.43 35.46 0.7268
0 16.64 36.46 1.0208
0 17 36.92 1.3516
0 15.08 36.51 1.7819
0 14.3 35.36 1.7697
0 13.09 33.35 1.6995
0 13.35 32.35 0.7685
0 14 32.93 0.6623
0 14.94 34.91 0.8332
0 15.71 34.75 0.9762
0 17.31 34.25 1.8326
0 13.66 35.03 0.8273
0 14.18 36.22 1.0455
0 14.31 36.28 1.0749
0.15 15.55 35.42 1.5133
0.025 15.84 35.46 0.8312
0.45 15.73 34.37 1.6767
0.15 13.92 28.1 1.6075
0.225 13.84 30.67 0.7467
0.125 14.42 32.06 1.4798
0 14.54 31.76 2.4186
0 13.14 30.63 1.7148
0 10.84 27.76 1.7514
0 10.92 28.84 0.5894
0 12.8 32.03 0.3592
0 14.42 35.07 1.0439
0 14.85 35.69 0.6847
0 15.54 36.17 0.4577
0 15.17 37.08 0.5926
0 16.2 36.83 1.559
0 14 32.22 2.18
0 10.75 23.91 2.0385
0 11.09 28.16 0.8096
0 13.31 32.13 0.6308
0 13.78 34.13 1.0069
0 14.43 33.77 1.2344
0 12.04 29.94 2.1797
0 11.62 26.67 1.7443
0 10.63 26 1.8674
22.75 8.91 22.52 2.144
16.75 8.99 20.15 3.5429
5.425 7.94 16.13 0.8332
1.6 4.04 14.41 0.9089
0 4.25 18.87 1.2011
0 4.83 22.61 1.1717
1.65 8.83 24.51 1.4732
0.85 12.45 20.59 1.612
0 9.97 25.35 1.0083
0 9.96 27.94 0.7464
0 12.16 29.95 0.4781
0 12.39 29.41 0.9283
0 12.23 29.71 1.1647
0 12.44 27.34 1.5399
0 12.15 28.87 1.3377
0 11.84 29.46 1.0523
0 12.81 25.95 0.7579
0 10.46 26.14 0.8423
0 10.6 26.55 2.183
0 10.41 27.85 1.5795
0 10.02 29.27 1.7175
0 9.67 27.05 1.3654
0 5.04 22.03 2.8198
0 4.41 20.66 3.1026
0 6.38 22.1 1.818
0 6.69 23.28 1.0369
0 6.91 24.09 2.0348
0 7.64 26.02 0.4459
0 7.03 25.48 3.3744
0 5.41 23.4 4.0711
3.4 4.84 22.85 3.297
1.9 3.52 19.91 1.6969
5.1 -0.35 12.24 0.4579
2.875 -0.01 12.62 1.3918
0.1 0.18 12.03 0.8161
0 0.07 12.54 2.0425
0 1.38 15.95 3.0499
0.05 1.57 17.93 3.1418
2.7 2.83 20.88 3.7815
1.35 8.73 19.02 0.8524
0 6.53 17.32 0.3209
0 8.54 18.4 0.9086
0 5 17.66 0.7213
0 4.58 19.24 0.9449
0.025 4.58 19.33 0.8962
0.35 4.38 18.96 2.9811
3.575 1.92 12.53 2.0789
2.175 2.08 12.35 4.0762
0.175 1.1 12.64 1.8543
0 0.9 14.06 2.6552
0 1.22 15.1 3.8818
0.25 1.46 16.3 2.047
0.1 3.42 13.99 0.6775
0 3.01 17.55 2.7566
0 3.31 18.93 2.2887
0 4.16 24.03 1.0396
0 3.91 18.8 1.5941
0 2.06 20.25 3.8376
0 1.54 17.88 7.7902
0 0.71 16.32 3.4244
0 0.16 15.23 4.1197
0 -1.29 14.67 2.6753
0 -1.9 13.3 3.4544
0 -1.82 14.2 2.9966
0 -1.72 14.62 3.2425
0 -0.88 15.51 3.1419
0 -0.79 14.84 4.1289
0 -0.79 17.27 3.0385
0 -1.06 16.83 0.7078
0 0.22 13.11 1.5335
0 -0.81 13.38 1.405
0 -1.39 13.47 1.0019
1.025 -1.38 12.77 0.8122
0.45 -1.16 11.15 5.0613
0 -0.55 13.31 4.3483
0 -1.02 16.28 2.5484
0 -0.91 15.33 4.286
0 -1.07 13.39 4.1448
0 -1.84 13.3 3.3545
0 -3.34 14.32 4.4863
0 -3.22 14.37 3.9277
0 -2.74 13.08 4.829
0 -2.47 17.12 3.4018
0 -1.19 18 1.2382
0 -1.03 16.36 1.1185
0 -0.3 16.48 1.2052
0 3.27 17.27 0.8613
0 2.57 16.89 1.106
0 0.34 15.84 2.3402
