0.825 0 12.73 1.5391
6.925 -0.43 7.8 1.2689
3.475 -1.06 10.41 1.7403
0.45 -3.51 7.41 3.8984
1.9 -3.46 8.1 1.8696
0.9 2.63 5.04 0.3852
0 1.47 7.84 1.503
0 2.39 10.44 0.8011
0 1.48 12.73 4.2258
0 0.16 11.65 3.4511
0 0.06 16.55 2.5139
0 1.6 15.65 5.4264
0 2.81 17.66 4.0259
0 0.38 19.72 3.7373
0 0.8 19.79 3.9205
0 0.93 20.86 4.9225
0 1.68 19.46 4.247
0 1.73 19.46 4.7664
0 1.79 19.6 4.916
0.025 1.64 18.94 3.4681
7.55 2.51 19.05 2.7086
20.025 7.5 17.74 2.1059
26.925 9.08 11.52 1.6571
38.725 7.85 12.68 2.324
11.125 2.8 10.89 3.3899
2.125 -2.29 4.41 0.9218
0.2 -3.83 7.28 1.2808
0 -3.13 8.52 1.4786
0 -0.43 12.12 4.1564
0 -0.33 15.17 4.4629
0 1.57 18.29 3.031
0 1.74 17.69 3.088
0 1.4 15.02 4.0066
0 1.28 19.62 3.8124
0 3.02 21.17 3.0049
3.3 4.19 20.42 2.622
7.725 5.3 11.42 3.0174
3.075 2.92 11.55 2.7779
11.95 2.15 12.41 1.2731
7.35 -0.03 10.23 3.4265
3.75 -5.62 6.06 0.4013
8.525 -5.01 7.55 2.6486
4.9 -0.92 8.01 1.3824
15.275 -1.45 8 3.1201
7.95 0.04 5.28 3.6684
2.15 1.8 8.11 6.1293
16.625 2.96 8.44 5.495
13.05 2.63 7.68 4.457
2.45 0.09 5.52 1.4684
0 -1.33 10.59 3.5141
0 -0.72 15.03 2.6952
4.3 -0.39 16.26 3.7668
15.325 0.45 14.5 3.8773
11.55 7.5 10.44 2.8093
2.725 4.7 11.55 1.5618
1.125 4.73 16.14 1.5331
0.75 3.98 12.72 2.5004
0.15 0.55 14.18 0.4003
0 1.16 14.99 3.6395
10.625 4.44 17.17 2.8757
29.95 8.02 13.85 4.1296
48.975 5.92 13.68 4.9372
19.575 2.09 9.62 2.7675
0.45 -1.99 9.29 0.9562
0.2 -1.23 10.34 1.8697
0 -2.28 9.07 0.3624
0 -2.28 12.3 1.3728
0 0.05 14.07 2.6268
0 -3.2 9.62 0.5025
0 -3 12.1 0.6334
0 0.05 14.36 2.0003
0 0.32 16.15 2.1737
0 0.78 17.43 1.3567
0 1.83 14.43 2.3767
0 3.71 16.46 2.7891
0 4.18 18.21 1.0752
0 4.48 19.37 1.2107
0 5.23 20.72 1.1056
0.1 5.07 21.76 0.8087
13.05 5.6 21.15 1.7554
9.75 2.13 14.91 4.0193
1.25 -3.13 7.67 2.2456
0 -2.38 11.07 1.9432
0 -0.51 15.87 0.6939
0 2.03 18.3 1.9313
0 4.76 20.54 2.0189
0 5.18 20.78 1.422
0 5.09 22.08 3.4477
0 0.69 16.05 2.0377
0 0.65 16.07 0.4124
0 2.83 18.59 2.7647
0 4.11 21.63 2.5764
0 3.05 17.45 5.186
0 -1.07 13.98 1.9709
0 -0.49 16.43 2.6657
0 1.7 21.36 2.0705
11.675 3.7 23.83 1.1817
11.15 3.74 18.55 2.9316
8.475 3.09 11.07 1.7644
4.475 4.13 11.57 2.3107
0.675 2.15 12.11 3.6948
0 2.77 15.02 1.5878
0 3.98 19.03 2.3193
0 5.35 19.12 4.8987
0 -2.38 11.45 5.8282
0 -1.27 11.5 2.9951
0 1.01 17.66 1.5722
0 3.31 21.64 2.6588
0 4.84 24.86 2.6523
0 9.54 29.02 1.5085
0 10.78 30.16 1.1912
0 10.41 31.25 1.8998
0.05 9 30.36 2.539
0.6 7.77 23.27 3.2324
0.325 0.5 14.23 3.3788
0 1.57 17.53 2.0027
0 3.49 19.07 2.3233
0 1.34 17.76 3.1027
0 0.86 15.24 1.7258
0.8 2.4 18.08 1.921
41.725 4.74 21.14 1.8364
25.175 9.58 18.25 2.4691
4.175 9.53 14.92 3.6427
2.75 8.25 17.04 1.8639
0.625 10.43 19.86 3.6344
0 8.93 22.75 2.0263
0 8.69 24.75 2.9509
0 8.56 24.04 1.8393
0 8.6 25.37 1.551
0 8.91 26.18 1.2034
0 9.11 27.64 3.042
0 7.23 26.2 3.3286
0 7.5 23.97 2.7199
0 8.11 26.01 3.1496
0 9.5 25.64 2.0101
0 11.49 28.86 1.5134
0 14.51 33.85 0.3299
0.325 14.58 35.96 2.2498
0.2 14.6 34.97 2.5092
0 10.72 29.03 1.5376
0 9.9 27.97 1.0257
0 10.89 29.02 2.4535
0 11.16 29.24 3.0043
0 9.67 27.64 2.7654
0 8.83 26.31 2.0701
0 11.2 27.46 1.546
0 12.39 29.95 0.9819
0.125 13.89 32.61 2.0725
0.075 14.26 32.49 2.5336
3.175 15.15 31.99 3.1213
1.9 13.6 27.98 2.2733
0 13.05 28.74 2.1699
0 11.84 26.02 2.3124
0.8 12.11 24.86 0.4503
5.275 10.21 24.85 2.1462
5.05 8.25 21.96 3.3224
3.725 6.32 16.99 2.1569
1.375 7.81 19.17 2.6625
0 9.13 23.73 2.588
0 9.14 25.19 3.4071
0 9.28 23.85 3.0518
0 8.3 22.55 3.3652
0.775 9.32 24.36 2.4417
0.775 11.32 22.12 3.5126
0.2 8.77 22.68 2.4027
0 8.72 23.84 2.4729
0 9.72 23.91 2.5883
0 11.55 25.41 3.1103
0 12.21 28.11 1.9772
0 13.39 31.87 2.7762
0 9.84 31.02 3.219
0 7.95 26.02 3.2966
0 8.94 24.58 1.4271
0 10.61 28.51 0.7124
0 13.05 32.34 1.5787
0 14.26 34.11 2.715
0 13.12 31.97 1.776
0 14.39 32.57 0.9412
0 15.5 37.51 0.7373
0.15 17.01 38.72 2.8871
0.075 16.56 38.61 2.8243
0 15.9 35.09 2.268
0 16.39 35.4 1.8152
0 14.84 34.77 2.8193
0 14.22 34.84 2.5251
0 13.67 32.52 2.7455
0 12.83 31.2 2.5111
0 10.68 30.24 2.7144
0 9.97 29.72 2.6158
0 10.89 29.24 2.6216
0 11.06 29.69 1.9846
0 12.4 30.85 1.8207
0 14.82 31.64 2.2627
0 14.01 32.02 1.5524
0 14.1 34.41 0.7491
0 15.04 35.31 1.5329
0 16.15 37.28 1.8701
0 17.12 37.18 1.7385
0 18.28 38.44 2.0081
0 18.28 38.95 1.5916
0 18.94 39.34 2.4353
0 16.68 37.59 2.5534
0 15.67 35.8 2.396
0 16.15 35.6 2.0992
0 16.01 35.02 2.1333
0 14.96 34.2 2.2376
0 14.81 34.98 1.9685
0 17.32 36.9 1.841
0 18.16 37.63 2.178
0 18.27 36.3 2.895
0 18.18 34.81 2.6329
0 16.71 34.81 2.7611
0 16.8 33.9 2.5829
0 16.04 34.02 2.995
0 13.32 31.45 2.5402
0 13.76 30.9 2.1037
0 14.61 31.92 2.322
0 11.89 30.07 3.0086
0 8.94 23.19 1.8967
0 10.39 25.46 1.491
0 12.61 30.12 0.5663
0 14.78 32.74 1.2489
0 16.16 35.22 2.9925
0 15.27 36.16 2.8274
0 14.4 34.85 3.0959
0 13.17 32.41 3.1386
0 10.39 30.23 1.5136
0 10.73 30.24 0.5242
0 13.43 32.51 0.8386
0 14.66 34.07 0.8878
0 15.46 35.91 1.3204
0 16.34 35.65 2.2535
0 17.12 35.21 2.2178
0.675 16.44 37.3 2.2624
0.775 15.63 34.06 2.9111
0.2 13.94 29.87 1.6071
0 13 30.3 1.5103
0 12.61 31.97 0.4596
0 12.51 33.69 1.566
0 13.37 34.67 1.4139
0 14.73 34.9 1.4424
0 14.57 36.56 2.6762
0 16.17 35.06 1.7095
0 15.33 33.36 0.7915
0 14.86 34.62 0.3824
0 15.87 35.88 1.6091
0 15.5 35.6 2.2938
0 12.18 32.89 2.0873
0 11.6 30.25 2.0593
0 10.89 27.65 1.681
0 10.98 29.04 0.4945
0 11.64 29.93 0.9837
0 13.66 32.86 0.4288
0 14.17 34.84 1.0099
0.125 15.62 36.19 1.7899
0.45 13.14 32.16 2.1818
0.95 12.21 25.75 2.7066
0.35 10.46 22.97 1.5892
0 10.62 27.97 1.5301
0 12.93 30.66 0.5559
0 13.65 31.92 0.9959
0 14.71 34.98 2.0593
0 12.99 32.87 0.9308
0 13.3 31.87 2.1753
0 14.08 34.2 2.2394
0 13.77 34.9 1.3585
0 13.07 34.59 0.747
0 13.22 34.02 0.7971
0 14.15 35.43 1.1658
0 14.01 36.46 0.4378
0 14.46 36.51 2.003
0 14.2 32.61 2.5123
0 4.03 19.09 2.3697
0 4.44 22.58 2.4101
0 6.02 24.96 0.7811
0.375 7.12 25.91 3.1478
0.35 4.42 21.26 3.4007
0.05 1.16 13.72 0.3183
0 0.99 18.14 2.751
0 3.37 21.63 1.3851
0 4.84 22.07 1.3331
0 5.56 23.63 0.6886
0 6.67 24.25 0.5382
0 5.82 24.58 1.8448
5.8 6.94 23.02 1.9735
44.475 6.62 17.09 6.7851
24.65 10.35 15.4 4.3425
1.025 12.35 19.95 0.9846
0 11.09 24.85 2.1868
0 10.59 25.16 1.0604
0 13.67 29.11 1.699
0.7 9.01 23.71 2.1532
0.4 4.26 16.77 1.7404
0 4.49 17.76 1.0506
0 5.88 21.34 0.6515
0 7.17 22.57 1.1474
0 8.92 24.2 1.2414
0 7.94 22.95 1.6916
0 7.78 22.6 1.1251
0 7.8 24.07 4.5134
0 3.43 17.44 4.8803
0 0.44 14.67 0.7557
0 0.7 15.26 0.1137
0 3.16 20.37 0.8373
0 4.89 22.36 0.8797
0 7.29 23.32 1.264
0 7.56 25.04 1.1533
0 6.96 26.36 1.7727
0 6.11 25.25 2.3691
0 4.55 19.09 0.6449
0 4.87 18.86 1.6509
0 2.49 17.07 1.8815
0 2.77 17.3 1.1162
0 3.68 18.2 0.716
2.825 5.74 18.19 0.3671
3.45 5.59 16.33 1.9835
0.975 0.28 11.73 1.2999
0 0.33 12.84 1.0976
0 0.49 14.01 2.7973
0 0.93 15.46 2.0534
1.25 2.34 18.67 1.4557
0.625 2.4 19.19 1.8639
0.275 0.83 14.43 2.3037
9.925 1.01 15.74 3.6727
5.05 1.12 15.25 1.1277
0 1.34 12.01 0.5081
0 0.99 14.68 2.1493
0 1.72 14.08 3.6345
0 2.34 16.78 3.9349
0.375 2.56 19.22 2.5418
2.125 3.12 19.78 1.0601
1 2.75 12.43 5.1491
0 1.23 14.11 4.9064
0 1.07 13.69 3.9326
0 1.4 16.85 1.6868
0 0.83 15.97 2.1614
0 -0.32 15.62 2.0719
0 0.17 14.07 2.0624
0.025 0.11 15.18 1.0059
11.05 -2.15 10.86 2.1915
14.15 -2.32 6.39 0.7836
4.175 -8.02 3.18 0.7013
0 -7.51 3.67 1.9465
8.75 -6.44 5.77 3.2253
29.9 -0.07 9 2.8997
45.15 5.12 9.67 3.7888
28.075 4.29 9.95 4.1337
5.475 3.58 7.15 0.7513
0 0.82 9.82 3.2484
0 2.65 12.51 2.6633
0 2.77 13.35 2.2384
0 1.63 13.74 2.7611
0 1.95 9.68 4.1207
0.85 2.34 13.86 2.8769
15.75 3.66 16.29 1.814
9.425 0.77 11.21 3.6484
0.15 -3.51 7.5 2.3831
0 -1.82 9.2 3.9738
0 -0.93 12.43 3.9931
5.825 -0.27 14.08 4.1227
4.475 0.06 11.25 2.0785
2.15 1.03 10.31 3.0754
5.9 0.81 9.57 0.8201
2.9 3.96 9.62 1.4902
0 2.03 9.34 2.6612
0 1.92 11.68 2.2086
0 2.2 12.73 1.1788
0 1.27 14.56 3.9389
0 0.24 15.94 2.9049
0 0.8 17.03 2.7397
0 1.4 13.71 3.095
0 1.84 14.36 2.6731
0.725 3.17 14.49 3.0164
1.075 4.21 14.99 2.3914
0.4 4.35 13.15 2.4564
0.625 4.35 12.7 3.2132
15.525 4.6 17.76 4.5815
8.825 5.74 14.43 2.0539
0.225 -0.44 11.83 1.3499
0 0.49 13.05 3.3342
0.575 1.83 15.63 2.3045
12.425 1.88 16.18 2.7298
24 4.96 12.34 4.881
22.6 6.36 9.11 5.6691
28.875 2.91 7.45 6.6033
28.15 1.03 7.34 3.96
18.3 -0.01 6.19 3.7239
5.35 -0.86 3.62 1.029
1.1 -2.05 8.39 2.4281
3 -0.61 7.9 4.1921
1.275 4.07 9.31 2.9688
0 1.1 11.57 1.3231
0 0.15 12.18 2.7921
1.4 1.69 12.39 3.2263
1.525 2.54 14.07 1.3511
0.375 -1.02 12.23 1.1681
0 -1.35 12.23 1.7656
0 0.76 13.24 2.0767
0 2.36 13.34 0.6546
7.05 2.37 14.07 2.9641
8.3 4.47 12.85 3.378
10.875 6.18 11.01 1.6785
4.375 3.85 8.04 2.4531
1.55 3.5 8.04 1.3687
2.5 3.51 9.24 2.0017
0.85 -0.66 8.57 0.5833
0 -0.44 10.58 1.2088
0 2.65 11.42 1.3425
0 1.71 15.52 1.4116
0 2.39 16.75 1.5303
0 2.14 17.22 1.0759
0 3.45 16.66 1.7185
0 4.16 18.04 2.4415
0 3.15 19.8 0.9634
0.55 2.77 17.77 1.1456
3.1 4.87 13.31 2.1815
8.6 4.08 10.03 2.8631
4 -1.89 7.08 2.2029
20.125 -1.51 11.86 3.8373
15.525 2.48 9.32 2.7186
2.35 0.21 9.74 0.8355
21.2 0.99 14.2 4.6063
12.675 4.41 14.74 1.2511
0.6 1.6 10 0.4142
0.4 1.87 14.36 2.281
8.375 4.43 16.64 2.69
20.7 4.63 9.13 3.3063
8.875 0.37 7.86 2.8316
0.125 -1.5 8.23 1.3226
0.025 0 11.53 2.4846
0.175 0.98 14.96 0.9701
1.55 4.37 14.11 2.559
3.625 -3.73 7.8 3.6986
1.475 -2.29 9.39 2.1085
0 -1.89 8.88 0.4091
18.875 -0.95 13.36 2.1947
10.35 -0.66 12.65 2.41
0 -1.38 11.84 2.5918
0 -0.61 14.54 3.7338
0 2.08 20.64 1.3396
0 4.16 22.35 0.8577
0 4.83 22.19 2.8877
0 1.22 22.62 2.1948
0 3.57 23.69 1.9082
0 4.82 22.14 0.4167
0 3.77 20.42 1.5444
0 2.33 18.87 1.9861
0.6 2.17 19.11 1.9651
2.35 3.27 19.93 2.3102
1.1 0.03 13.28 2.2385
0 0.93 16.13 2.6849
0 1.6 18.7 1.1524
3.45 3.77 20.91 2.5728
14.45 3.88 20.2 5.293
7.7 0.89 9.72 2.8188
1.075 -1.83 9.79 0.7771
8.45 -1.11 11.89 2.1904
4.45 0.45 9.8 1.8447
23.75 0.3 10.16 2.7949
13.1 0.56 9.37 3.0063
0 0.12 9.5 0.7096
0 -0.29 14.24 2.2084
0 2.14 18.7 0.5901
0 3.88 19.65 1.4293
0.525 4.6 19.17 1.9725
17.5 5.21 13.44 4.2052
21.8 3.72 10.04 4.4894
6.35 1.41 8.62 1.0884
0 1.87 13.69 0.6699
0 2.87 14.91 0.8162
0 3.55 19.04 2.1624
0 3.76 19.09 1.3919
0 4.33 21.15 1.1862
4.075 6.32 22.66 1.564
21.575 6.93 20.81 2.5547
15.175 1.76 10.96 3.1781
2.775 3.3 6.78 1.9132
0.125 4.71 9.49 1.2505
0 6 20.52 0.9091
0 8.63 22.71 1.2728
0 7.28 24.97 0.7946
8.125 7.95 24.86 4.1397
7.7 2.33 14.37 4.8229
1.925 0.9 9.49 3.6954
0.025 -0.06 11.28 3.3253
0 1.72 16.85 1.9283
0 3.61 20.24 1.8637
0 6.25 23.7 0.9934
0 7.11 25.14 2.1302
0 5.84 23.09 3.6646
0 3.06 19.26 2.2808
0 2.44 19.42 0.7687
0.05 4.51 21.91 2.7591
1.425 5.05 20.42 3.6456
12.825 5.24 13.1 3.1518
6.45 -0.45 10.42 3.8363
0 0.37 14.77 2.0834
0.025 4.16 20.79 1.0583
0 6.36 23.36 0.7035
0 7.28 24.74 0.5881
0.7 9.07 26.24 1.2638
2.425 10.78 25.97 1.9562
1.2 8.05 18.02 1.7247
0.1 9.03 19.62 1.5829
0.05 9.55 21.44 3.4008
0.175 4.18 21.1 4.2814
0.15 1.6 14.59 3.5904
0.05 2.09 12.73 4.1346
0.8 3.92 16.94 2.2941
7.525 3.27 16.23 1.551
7.6 5.07 17.69 2.88
9.15 6.58 15.84 2.3235
3.6 2.49 14.61 3.3346
0 3.21 16.34 1.7913
0 5.52 23.24 0.6999
0 10.15 26.96 2.5104
0 11.62 25.63 2.977
0 10.43 23.86 2.451
0 11.05 26.02 2.5327
0 13.16 26.47 2.6095
0 13.27 27.44 1.9493
0 14.07 30.31 2.8713
0 12.68 30.59 3.1152
0 11.95 28.13 2.607
0 11.44 28.47 3.7224
0 6.41 24.55 4.6247
0 7.4 20.97 5.0605
0 9.75 25.5 3.7393
0 10.55 28.51 1.0034
0 11.63 29.13 1.7994
0 12.34 31.73 2.8469
0 8.7 28.35 3.1138
0 7.23 24.57 1.3303
0 8.02 27.96 2.4125
0 7.9 25.97 3.1635
0 7.06 23.58 2.6284
0 8.28 25.46 1.7945
0 9.7 27.08 1.0825
0 11.54 30.11 1.9194
1.175 12.65 31.17 2.1948
0.575 13.58 28.6 2.7703
0 13.42 28.09 2.5105
0 14.79 31.17 1.0937
0 17 35.23 1.6606
0 16.28 37.39 3.0883
0 13.45 33.25 2.9537
0 10.79 31.02 2.7176
0 10.67 29.97 2.8719
0 12.04 28.75 2.2536
0 11.51 29.67 1.0437
0 12.56 32.34 1.9338
0 13.75 33.66 2.4832
0 14.4 31.36 2.4193
0 14.47 32.18 2.4325
0 16.11 33.35 2.2243
0 15.67 34.18 1.8458
0 16.55 35.47 2.2808
0 17.28 34.57 3.1832
0 16.62 33.02 3.2167
0 15.83 31.46 1.7784
0 16.44 33.68 1.4518
0 17.9 36.73 2.6716
0 18.61 37.84 2.7415
0 17.45 37.17 2.5779
0 15.51 37.34 2.0598
0 15.56 36.02 2.0205
0 15.34 34.24 2.4387
0 14.13 32.8 1.0215
0 14.74 33.02 2.2884
0 15.89 34.13 2.154
0 17.12 36.29 2.6559
0 17.01 35.07 2.7804
0 15.89 31.32 1.9729
0 13.34 30.15 2.3927
0 13.9 31.59 2.1536
0 13.61 32.64 2.3885
0 13.51 32.46 2.3435
0 12.84 31.96 2.025
0 13.23 32.02 2.3914
0 12.21 32.91 1.5036
0 12.95 33.29 1.966
0 13.67 33.23 2.0378
0 13.06 31.96 2.1005
0 13.17 31.64 2.5269
0.05 13.61 31.3 2.8746
0.025 13.54 29.57 2.0211
0 12.77 29.8 1.9209
0 12.72 30.07 2.2434
0 11.56 27.95 1.0913
0 12.22 29.53 1.4726
0 14.34 31.3 2.4008
0 14.06 31.41 2.8515
0 13.95 31.96 1.1929
0 14.61 34.13 1.5604
0 14.39 34.3 1.6731
0 12.29 32.53 1.9446
0 12.89 33.02 2.2584
0 13.46 34.18 1.8592
0 10.69 31.84 1.7376
0 11.13 29.13 2.4183
0 12.06 33.86 1.9864
0 15.47 38.62 0.5636
0 18.46 39.41 2.2287
0 14.52 35.69 2.3762
0 10.35 31.8 2.7938
0 8.3 20.97 2.2636
0 8.22 22.29 2.4793
0 8.89 24.35 1.4001
0 10.01 27.8 0.8045
0 13.06 32.29 0.4073
0 14.07 35.35 1.2596
0 14.01 35.3 1.2045
0 16.9 35.39 2.0237
0 12.39 32.3 1.312
0 12.61 32.02 2.2838
0 11.02 30.75 2.8132
0 6.55 17.46 1.9857
0 6.49 22.48 0.7023
0 7.96 26.33 0.6307
0 11 30.68 1.0391
0 11.44 30.69 1.6685
0 10.4 28.47 1.4364
0 10.39 28.46 1.0429
0 10.45 28.9 1.705
0 10.62 29.31 1.5699
0 11.22 28.74 1.4832
0 11.11 27.81 1.3696
0 9.55 25.63 1.266
0 9.22 26.47 1.0914
0 8.29 24.37 2.7025
0 7.84 21.64 1.1232
0 8.23 26.86 0.6064
0 10.63 30.08 0.9508
0 17.48 35.19 0.5665
0 12.94 34.69 1.1793
0 14.47 36.19 0.6232
0 15.23 37.84 0.5533
0 15.17 36.36 0.3363
0 15.12 33.47 0.4798
3.375 15.71 31.62 1.2151
15.25 14.92 31.56 1.5888
13.625 11.82 23.38 1.5027
1.3 11.51 16.49 1.1247
1.725 7.31 16.85 0.7527
3.6 7.28 19.16 2.0731
0.1 6.38 18.16 0.7799
0 7.38 22.4 1.9055
0 8.88 24.29 1.6708
0 10.95 26.92 1.5971
0 11.82 27.47 2.2566
0 12 29.97 1.5129
0 12.05 30.67 0.6507
0 11.56 30.88 0.5507
0 11.5 30.29 1.1005
2.675 12.1 26.23 0.9291
1.3 8.27 20.3 1.1189
0 8.25 19.11 1.6437
0 8.33 23.66 0.906
0 9.57 23.8 1.8855
2.525 8.09 20.69 1.5951
17.05 9.67 19.82 1.6765
45.225 10.7 14.71 4.8101
19.475 6.2 14.42 3.486
0.05 3.28 15.68 1.6103
0 1.66 16.61 2.9129
0 1.55 17.39 3.405
3.275 7.37 21.73 2.1529
4.075 7.81 21.69 1.8452
1.1 4.82 12.14 0.9366
0 5.09 18.95 1.851
0 5.82 20.69 3.0502
0 7.99 23.08 2.8018
0 9.57 27 1.8448
0 9.74 27.12 1.1513
0.75 9.22 26.45 2.1291
18.95 8.25 22.19 3.1671
10.3 2.55 11.64 2.5729
2.425 0.16 11.85 0.6521
1.65 1.33 13.24 1.6343
0.075 0.44 11.73 2.4312
0 1.55 14.64 1.4687
0 2.65 15.92 3.061
0 4.16 17.08 1.6605
0 5.33 19.04 2.6189
0 5.22 20.08 1.1784
0 4.82 19.35 2.0561
0 3.6 19.96 1.9167
20.825 3.88 19.47 2.5208
27.575 1.15 10.33 3.1372
22.525 -0.01 6.94 5.0217
13.2 0.48 5.24 3.0906
17.775 2.29 7.39 4.0535
7.875 -3.73 4.37 1.2277
0 -4.29 6.44 3.2882
1.9 -3.87 7.33 3.3433
14.275 -1.87 10.8 2.7129
8.25 -2.33 6.13 2.4754
0 -5.73 6.87 2.4093
0 -4.34 7.21 3.07
0 -0.78 10.32 2.2939
0 0.08 14 2.628
0.225 4.48 11.02 1.4767
1.75 5.47 13.72 2.2253
17.15 5.74 13.32 2.4054
8.325 5.25 16.49 3.4115
0 2.33 13.64 2.263
5.075 3.33 15.38 2.0739
5.6 5.31 12.66 1.0985
1.45 6.98 13.74 1.4268
0.025 4.98 15.28 0.431
0 4.33 16.11 2.3161
0 3.45 16.05 1.3651
22.525 3.72 12.83 1.8346
12.8 2.48 11.29 1.5036
4.075 -0.67 10.04 2.4992
49.75 -0.63 9.76 3.539
61.15 4.64 9.9 5.1822
55.3 6.85 11.25 5.8862
23.225 3.28 12.4 2.4321
9.6 2.42 4.63 2.6233
7.65 2.68 9.23 2.2563
3.15 4.12 8.74 0.4637
0.8 1.97 11.37 3.0115
21.3 1.81 13.83 5.3932
11.2 1.15 13.01 2.0604
0.025 0.59 9.19 0.9097
56.175 0.82 10.53 2.3219
37.85 3.41 8.35 4.4068
3.925 -4.98 6.14 2.358
2.2 -6.45 4.5 1.5321
20.325 -5.8 5.47 4.2877
17.825 -2.95 6.18 4.8257
5.775 0.37 6.18 2.5209
0 -2.06 6.85 3.2078
0 -1.78 9.58 3.8434
0 -0.77 11.03 5.1714
0 -0.93 10.33 3.6042
0 -1.32 11.48 1.8665
0 -1.38 6.95 1.3236
0 -3.27 4.4 3.1509
2.9 -1.78 6.88 3.3958
2.1 2.75 12.62 2.1166
0.725 1.91 13.74 1.666
0.325 4.05 11.2 1.2819
0 0.89 13.29 2.6414
0 3.28 13.76 0.8555
0 4.16 14.22 0.7192
0 4.05 12.74 2.4325
0 1.61 11.91 1.444
0 1.17 14.34 4.1917
0 1.49 16.63 3.7557
0 1.78 16.36 2.8512
0 1.29 17.78 3.9932
0 1.29 17.68 1.9451
0 2.12 16.54 2.2087
0 2.61 17.51 4.9682
0 2.39 19.47 3.4447
0 2.28 18.92 1.8141
8.2 1.17 17.31 0.5511
8.525 0.72 14.21 1.8081
2.25 -0.22 8.45 1.3905
0 -0.45 9.87 1.7916
0 -1.98 12.29 3.0043
0 -1.65 12.7 2.059
0 -0.16 13.05 2.6361
0 2.34 15.78 1.6973
0 1.66 17.09 1.9491
0 3.72 19.1 0.6399
0 0.34 18.98 2.2741
0 -1.77 12.93 3.5299
0 -1.96 12.69 3.7424
0 -0.95 13.97 3.8733
0 0.15 17.76 2.8102
0 0.42 20.33 1.1893
0.425 0.45 19.65 3.7005
12.45 4.9 13.92 4.5101
13.225 3.62 13.43 5.8217
28.55 0.42 5.78 4.6869
34.85 0 5.08 2.8319
12.575 -0.39 7.24 3.4079
0.875 -3.24 6.72 0.7392
0 -3.01 8.28 1.1721
0 -3.45 7.95 0.4524
0 -2.84 11.55 0.5761
7 -1.9 10.24 2.3151
15.825 0.21 7.73 5.4235
6.375 -5.04 5.34 0.9274
0 -5.84 4.5 0.4377
0 -5.18 8.51 2.2332
4.425 -4.33 12.13 1.7787
14.325 -1.6 13.06 3.7612
6.025 5.77 13.9 1.3841
0.175 -0.47 13.73 1.4617
5.375 0.46 15.34 0.5838
26.95 3.13 17.5 1.7106
14.8 4.67 9.64 4.2581
0.25 0.62 10.47 0.5635
0.025 1.5 15.66 1.4872
0.025 4 18.04 0.916
0 2.85 17.41 1.215
0.1 2.7 14.5 0.5692
6.5 3.39 15.77 1.152
5.075 5.67 14.49 1.1825
20.75 6.48 17.52 1.355
14 7.18 17.99 2.4476
2.175 -0.53 11.26 0.9983
19.95 -0.68 13.15 3.5373
36.575 0.1 10.02 4.802
60.7 2.01 7.16 5.5606
31.475 0.41 5.64 2.4049
6.35 -0.17 8.4 1.3011
14.575 0.54 11.18 5.0275
29.55 2.5 7.53 5.5067
22.25 -0.4 5.48 3.9129
17.375 0.87 9.55 3.0778
7.1 3.26 7.02 1.4825
0.6 3.61 11.55 0.6794
0 2.63 14.84 1.3532
0 3.31 16.64 2.0128
0 5.46 19.56 2.3998
0 6.27 24.29 1.8092
0 7.33 26.21 0.9618
0 3.15 20.12 1.57
0 3.33 18.33 1.8602
0 4.51 21.91 1.3759
1.825 4.34 21.71 1.6862
7.35 2.97 20.06 3.4589
4.025 -1.51 7.08 1.5286
0.35 -2.66 7.56 1.3436
0 -2.35 12.47 0.4877
0 0.03 15.53 1.62
0 2.04 16.64 1.491
0.625 2.19 16.98 2.6723
0.35 -0.37 10.78 0.5815
0 -0.54 16.23 0.7632
0 3.05 20.89 1.4579
0 3.98 22.71 2.2086
0.3 7.62 22.95 2.6149
0.2 9.12 19.52 1.5517
0.675 8.14 19.36 1.945
3.175 8.97 17.68 2.0774
1.175 3.57 16.9 0.9085
0.675 3.95 16.41 1.0679
0.7 5.76 16.51 2.1368
0.4 5.27 15.99 2.2469
0.05 2.17 17.35 2.5783
0 2.71 18.36 0.9241
0 3.58 20.72 2.3076
0 4.11 19.89 4.5203
0 1.17 17.2 3.4898
0 1.95 19.91 1.828
0 3.41 22.68 0.4867
0 6.11 24.68 0.9297
0 7.56 24.76 2.9789
0 9.2 27.87 0.8074
0 9.19 29.52 1.4747
0 8.4 27.31 1.9828
0.025 7.65 22.32 2.853
2.125 3.28 13.37 3.0907
1.1 1.75 13.36 2.5651
0 3.74 20.84 1.7732
0 7.22 23.35 1.1871
0 7.5 25.03 0.677
13.675 8.44 25.87 2.8373
12.175 2.85 15.54 2.6789
5.05 1.43 10.34 1.2898
23.6 2.92 12.45 3.4813
13.05 4.73 9.67 2.1984
0.675 2.82 13.67 3.0583
0 3.28 20.45 1.7059
0 7.15 23.63 2.1249
0 6.83 23.3 3.12
0 5.6 21.53 4.4865
0 5.32 19.19 2.4535
2.2 6.16 21.41 2.7254
1.15 4.11 18.64 2.3241
0 4.77 19.09 3.2067
2.35 4.7 19.29 4.1211
1.825 4.19 15.34 4.7015
0.25 3.6 16.1 2.8017
0.45 4.7 18.96 2.5403
0.75 7.91 19.4 2.7756
0.375 3.21 14.4 1.6377
0.425 3.83 17.02 0.6439
7.475 4.55 17.85 3.1653
18.05 11.29 13.68 1.1086
8.375 7.58 19.46 3.3809
0.2 5.82 16.61 2.0526
0 6.93 21.19 3.0072
0 9.65 24.79 1.6542
0 10.27 26.91 2.5693
0 9.94 26.58 3.1259
0 8.77 23.53 2.7275
0 9.45 25.63 2.725
0 12.04 28.59 1.9974
0 13.03 31.3 1.9729
0 12.45 30.8 2.521
0 10.77 27.59 1.4832
0 11.99 28.23 2.8509
0 11.57 29.01 2.1598
0 12.76 29.01 0.4984
0 14.21 32.4 0.6634
0 16.53 35.34 2.5083
0 14.45 34.85 2.6267
0 12.2 31.76 2.5417
0 10.82 29.86 2.6597
0 11.21 29.02 2.4017
0.3 12.5 30.4 2.3817
22.05 12.83 30.57 2.3902
11.725 10.61 25.16 2.3723
0.625 8.59 20.28 2.3209
0 10.89 26.24 1.2271
0 13.7 31.46 0.9204
0 15.44 34.51 0.7212
0 15.77 35.34 1.5379
0 16.48 34.89 1.786
0 17.32 34.78 2.5373
0 17.72 34.89 2.8084
0 16.11 33.56 2.1189
0 15.34 33.51 2.4811
0 13.23 32.68 2.1996
0 12.06 31.62 2.366
0 11.94 28.63 2.4994
0 11.94 27.75 3.1415
0 11.49 25.36 2.7305
0 11.39 25.19 3.3144
0 10.66 25.24 3.1655
0 10.86 26.07 2.0062
0 11.6 27.74 1.2236
0 12.49 28.86 1.9118
0 12.87 30.02 1.4404
0 13.26 31.23 2.2995
0 13.67 32.28 2.7813
0 14.2 32.25 1.9031
0 15.28 32.48 1.9167
0 13.93 33.62 2.1373
0 12.52 32.18 1.8778
0 12.52 31.92 1.698
0 13.42 32.34 1.5888
0 14.69 34.7 2.4027
0 15.23 34.79 3.0847
0 18.06 34.38 2.1114
0 17.29 31.7 1.4719
0 15.61 33.02 1.8489
0 14.85 34.08 2.0822
0 13.67 33.69 3.0666
0 12.78 29.8 2.3845
0 13.5 30.63 3.0745
0 16.1 31.12 2.4677
0 13.15 31.63 1.8336
0 13.06 31.85 1.9511
0 12.67 32.02 2.2093
0 13.4 32.57 2.6709
0 13.24 31.84 1.7717
0 13.94 32.13 1.3428
0 15.23 33.74 2.0612
0 12.4 32.74 1.5061
0 12.23 31.86 1.2295
0 12.39 32.41 1.7533
0 13.03 32.97 1.684
0 13.29 33.08 2.6432
0 12.4 30.85 2.0126
0 12.06 30.08 1.4807
0 12.11 29.86 1.152
0 13.21 31.3 0.9443
0 14.26 33.46 1.9951
0 15.28 33.63 1.2092
0 15.61 33.8 0.7737
0 15.72 35.08 1.0264
0 16.27 35.41 1.391
0 14.68 35.36 1.7211
0 13.67 34.19 1.8175
0 12.29 32.19 1.7286
0 12.67 30.97 0.756
0 13.34 31.3 0.7647
0 14.17 33.35 0.8206
0 15.06 33.23 0.9435
0 18.26 34.78 1.8486
0 13.34 33.48 0.7043
0 13.85 34.28 0.9715
0 14.08 34.68 0.9758
0.1 15.1 33.77 1.5692
0.275 13.98 33.76 0.9166
1.15 14.61 32.77 1.7035
0.975 12.48 25.8 1.572
1.35 12.72 28.75 0.6939
0.575 12.87 30.07 1.4018
0 13.37 29.61 2.4634
0 12.33 29.07 1.7363
0 10.11 26.08 1.7038
0 9.52 26.61 0.5098
0 11.47 30.29 0.2895
0 13.32 33.33 0.9841
0 14.05 33.62 0.5994
0.4 14.78 34.17 0.3876
0 14.31 35.24 0.5739
0 15.45 35.38 1.5842
0.725 13.22 31.3 2.2479
0 10.02 22.48 1.9395
0 10.38 26.72 0.6103
0 12.91 30.64 0.616
0 12.93 31.87 1.0451
0 13.72 32.41 1.3236
0 11.45 29.1 2.2732
0 11.18 25.54 1.8255
0 10.16 25.47 1.9477
20.925 7.55 21.27 2.2233
15.95 7.37 18.24 3.689
4.7 5.62 13.32 0.8542
1.5 2.49 11.79 0.8851
0 2.66 16.63 1.2912
0 3.9 20.51 1.1688
1.875 7.61 22.74 1.5337
1.3 10.76 18.23 1.6656
0 8.87 23.58 0.9637
0 8.86 26.46 0.6592
0 11.51 28.41 0.4162
0 11.01 28.07 0.973
0 11.16 28.35 1.2873
0 11.5 25.75 1.6305
0 11.28 27.19 1.4947
0 10.77 28.19 0.9396
0 11.89 25.49 0.6594
0 9.38 25.05 0.6919
0 9.26 24.69 2.2833
0 9.43 26.24 1.7257
0 9.17 27.74 1.8878
0 8.66 25.4 1.3656
0 4.7 20.36 3.0563
0 3.5 19.09 3.2624
0 5.26 20.13 1.9298
0 5.94 21.63 1.0182
0 6.4 22.64 2.0847
0 6.94 24.41 0.2964
0 6 23.75 3.4377
0 4.96 21.69 4.1294
4.175 3.89 21.42 3.5443
3.15 1.65 19.44 1.7558
6.125 -1.89 9.5 0.5185
3.425 -1.5 9.88 1.482
0.1 -1.39 9.34 0.876
0 -1.39 10.12 2.1356
0 0.31 13.61 3.112
0.075 0.88 15.89 3.06
2.575 2.07 18.83 3.6117
1.7 7.06 16.75 0.8676
0 5.21 15.24 0.2647
0 7.09 16.57 0.7704
0 3.71 15.92 0.6257
0 3.55 17.23 0.9403
0.025 3.37 17.52 0.9743
0.35 3.49 17.18 3.1713
3.2 0.84 10.45 2.1649
2.625 0.89 9.95 4.0638
0.625 -0.45 10.16 1.8127
0 -0.17 12.01 2.5851
0 0.5 13 3.7929
0.225 0.44 15.26 2.1803
0.1 2.26 12.42 0.725
0 2.28 15.62 2.8308
0 2.93 18.03 2.3115
0 4.01 21.8 1.0671
0 4.09 17.91 1.6788
0 1.18 19.19 3.7384
0 0.41 16.08 8.0891
0 0.26 14.16 3.5365
0 -0.53 14.36 4.1971
0 -2.17 13.11 2.7848
0 -2.52 11.5 3.4812
0 -2.75 12.23 3.0526
0 -2.39 12.55 3.4304
0 -1.21 13.91 3.4076
0 -0.92 13.41 4.2609
0 -0.86 15.79 3.1423
0 -1.77 15.36 0.8534
0 -1.4 11.96 1.6148
0 -2.11 11.3 1.4602
0 -2.38 11.4 1.0241
1.1 -2.55 11.24 0.8215
0.55 -1.89 9.68 5.2824
0 -0.43 12.7 4.5103
0 -1.54 15.3 2.7025
0 -1.6 13.51 4.5402
0 -1.83 11.96 4.3302
0 -2.45 12.07 3.5019
0 -3.77 12.69 4.5071
0 -3.25 12.91 3.98
0 -2.64 12.36 4.9479
0 -2.13 15.78 3.4365
0 -0.8 16.57 1.302
0 -0.86 15.41 1.1031
0 -0.02 15.3 1.1835
0 3.18 17.01 0.8913
0 2.34 15.81 1.1989
0 -0.09 14.8 2.3805
