0.825 -25.22 0.09 1.6373
2.225 -9.55 -3.81 1.4682
1.025 -12.32 0.28 1.6263
0.35 -15.17 -5.28 4.3217
1.725 -15.64 -3.96 1.5975
0.9 -11.01 -5.81 0.6661
0 -10.61 -2.33 1.3471
0 -10.29 -2.15 0.6992
0 -12.03 3.47 4.6703
0 -10.44 2.61 3.297
0 -9 2.48 2.1892
0 -8.46 6.21 5.4768
0 -6 6.39 3.7797
0 -9.63 5.28 3.117
0 -7.05 7.09 3.8891
0 -8.52 7.95 4.9397
0 -10.3 5.02 4.2386
0 -10.04 3.22 4.7615
0 -8.47 6.04 4.8425
0.075 -8.69 4.09 3.3608
12.9 -6.06 5.96 2.7588
26.075 -7.84 3.69 2.1439
17.375 -14.92 5.18 1.5971
38.5 -4.04 0.26 2.6791
12.475 -8.07 -0.67 3.6745
0.65 -13.95 -6.45 0.774
0 -15.21 -6.22 1.2711
0 -12.78 -2.92 1.5645
0 -10.02 0.81 4.2798
0 -9.24 4.61 4.5367
0 -7.3 6.03 3.081
0 -7.32 5.41 3.1853
0 -8.93 4.75 3.7518
0 -9.3 6.52 3.7846
0 -5.94 8.34 3.0148
8.7 -5.79 7.08 2.5874
12.725 -8.3 0.03 2.7487
4.5 -9.47 -3.51 2.8304
18.85 -9.2 -1.68 1.3898
11.425 -13.46 -2.07 3.862
5.175 -16.77 -8.27 0.5481
10.55 -12.24 -6.21 2.3733
4.4 -11.11 -5.27 1.4439
8.425 -11.58 -5.15 2.9725
5.025 -11.53 -5.52 3.0889
2.7 -10.53 -4.52 5.3934
36.075 -9.94 -5.03 5.5508
25.75 -9.85 -6.61 4.2156
2.875 -12.65 -6.2 1.0333
0 -12.12 -4.44 3.3918
0 -11.84 0.3 2.5296
5.725 -11.58 2.98 3.8214
20.675 -8.79 0.95 3.3361
11.725 -7.02 -3.16 2.4346
4.475 -8.24 -0.22 1.4811
2.525 -8.1 3.16 1.4563
0.25 -8.84 -1.33 2.4539
0 -8.56 3.13 0.3919
0 -9.13 5.26 3.7547
11.15 -4.8 5.76 2.7972
19.225 -4.28 3.74 3.9443
15.5 -5.58 1.53 4.9361
18.525 -9.11 -4.13 3.1803
2.95 -13.59 -6.4 0.769
1.075 -11.64 -2.93 1.9122
0 -13.38 -3.3 0.2454
0 -12.88 0.81 1.602
0 -11.26 3.19 2.762
0 -13.5 -1.76 0.4731
0 -11.91 2.88 0.6235
0 -10.28 3.29 2.255
0 -8.36 6.04 2.6317
0 -10.06 7.69 1.3263
0 -8.06 4.85 2.2321
0 -4.4 6.19 2.5189
0 -6.71 9.29 1.1272
0 -6.44 10.07 1.0417
0 -4.28 11.76 0.8093
0 -5.02 11.88 0.7621
12.175 -4.74 11.26 2.0437
27.625 -10.21 2.73 4.2846
1.575 -15.36 -6.76 2.3019
0 -13.4 -3.84 1.8666
0 -9.87 4.7 0.4579
0 -7.2 7.14 2.2233
0 -8.39 8.84 2.1145
0 -6.49 8.56 1.3464
0 -4.93 10.86 3.253
0 -9.49 7.4 1.9271
0 -8.1 6.03 0.3466
0 -6.26 8.13 2.569
0 -5.06 9.96 2.5856
0 -7.59 7.73 5.4333
0 -11.63 0.87 1.8441
0 -10.49 4.85 2.9278
0 -7.93 8.88 2.6636
10.6 -5.95 11.71 1.4774
16.05 -7.79 7.93 3.468
9.425 -7.79 -1.51 1.7318
4 -7.65 0.19 2.2351
1.175 -8.72 -0.61 3.8312
0 -7.37 4.17 1.6629
0 -6.49 8.77 1.9222
0.275 -5.15 8.3 4.4801
0.2 -12.99 1.79 6.351
0 -11.02 -2.02 3.4622
0 -9.23 5.18 1.4917
0 -6.59 10.75 3.0861
0 -4.01 13.92 2.9153
0 -1.37 17.26 1.6116
0 0.38 19.19 1.1114
0 1.37 19.9 2.159
0.05 1.08 18.85 2.9368
1.125 -2.07 12.34 3.5707
0.65 -9.83 2.23 3.7847
0 -8 5.14 2.0316
0 -6.29 8.09 2.3665
0 -6.04 8.31 3.2911
0 -8.7 5.47 1.5873
2.875 -6.14 9.01 2.0195
44.95 1.59 11.9 2.1301
29.075 -3.57 6.82 2.7395
1.875 -0.81 5.94 3.7442
0.85 -4.04 5.56 1.9359
0.075 -0.43 9.59 3.7045
0 -2.25 11.63 2.444
0 -2.32 14.89 2.8475
0 -0.79 15.6 1.6274
0 -1.52 16.13 1.1059
0 -0.23 16.44 0.8168
0 -0.3 17.37 3.0356
0 -3.1 16.22 3.2884
0 -1.93 14.65 2.3378
0 -1.23 14.18 3.2839
0 0.1 15.48 1.5337
0 1.19 18.31 1.6685
0 3.77 22.26 0.3016
0.05 5.97 24.02 2.4927
0.025 4.69 23.12 2.9155
0 1.9 17.81 1.9592
0 0.87 16.96 0.9606
0 1.83 18 2.4965
0 1.38 17.62 2.9702
0 1.38 16.42 2.7965
0 0.45 16.01 1.8334
0 0.67 16.59 1.1865
0 1.13 17.88 0.7502
0.675 3.34 18.69 1.7803
0.425 2.36 18.89 2.3933
3.825 1.47 17.54 3.3488
2.3 1.91 17.77 2.1737
1.05 2.54 16.8 1.9543
0.025 1.68 15.4 2.2425
0.2 2.56 13.56 0.8241
8.95 -1.18 11.29 2.2591
8.025 -2.68 11.42 3.7596
2.825 -4.34 3.42 2.586
0.775 -2.59 5.6 2.8104
0.525 -1.5 10.38 2.5769
0.325 0.09 12.78 3.4402
0 0.53 12.22 3.1222
0 -1.57 10.81 3.3652
1.35 -0.78 11.63 2.1835
1.85 0.49 10.84 3.6921
0.625 -1.56 10.88 2.5864
0.725 -0.8 11.72 2.4273
0.55 0.65 11.95 2.3401
0.1 2.43 12.91 2.9128
0.05 2.36 15.52 1.598
0 5.68 21.09 2.7086
0 2.22 19.74 3.3965
0 0.14 14.91 3.1938
0 -0.39 14.37 1.0531
0 0.85 16.47 0.733
0 2.99 19.91 1.3551
0.025 3.91 22.23 2.6583
0.025 3.4 20.42 1.7649
0 4.49 20.81 0.8425
0 5.29 24.43 0.4667
0.275 7.85 25.78 3.0189
0.4 7.28 25.24 3.0488
0.025 6.32 22.63 2.248
0 6.94 23.24 1.5828
0 5.57 21.86 2.8925
0 4.87 22.41 2.5056
0 3.94 21.64 2.7992
0 3.81 21.53 2.6553
0 2.68 19.79 2.9408
0 2.7 19.06 2.6385
0 1.92 18.85 2.5719
0 2.24 19.31 1.8993
0 4.92 20.53 1.908
0 5.36 21.56 2.3504
0 5.15 21.1 1.3021
0 4.26 22.72 0.5175
0 6.06 24.12 1.6936
0 7.17 25.95 2.101
0 7.54 19.99 1.9483
0 8.22 26.14 2.1296
0 10.04 27.42 1.8869
0 11.02 27.89 2.4911
0 7.97 26.71 2.5173
0 7.09 25.15 2.1655
0 8.58 25.07 2.0372
0 7.51 24.39 2.1186
0 6.99 24.28 2.1513
0 7.01 24.46 1.9358
0 7.26 25.46 1.8899
0 8.83 25.83 2.0975
0 8.52 24.84 2.829
0 8.07 23.96 2.4962
0 7.95 23.99 2.405
0 6.54 24.38 2.4272
0 6.27 24.14 2.9842
0 4.46 21.85 2.6782
0 5.02 21 2.221
0 7.65 21.81 2.5525
0 3.64 18.98 3.2824
0 0.57 11.76 2.0236
0 0.21 13.41 1.2768
0 2.09 17.88 0.2188
0 2.95 21.53 1.1763
0 7.29 23.58 2.9041
0 7.79 24.61 2.6567
0 5.75 23.18 2.9418
0 5.22 22.12 3.2658
0 2.8 19.95 1.3125
0 1.17 19.4 0.2668
0 2.79 21.55 0.6
0 3.5 22.87 0.8728
0 4.01 25.55 1.2356
0 6.38 26.52 1.8991
0 7.39 25.95 2.2235
1.175 7.48 26.57 2.3698
1.325 6.66 21.51 3.2272
0.35 4.58 19.89 1.6388
0 2.68 21.12 1.6826
0 3.18 21.11 0.624
0 3.52 21.91 1.3482
0 5.16 22.59 1.0088
0 5.73 23.53 1.3094
0 5.84 24.94 3.0515
0 6.91 21.94 2.1286
0 4.5 21.69 1.037
0 3.82 23.86 0.2107
0 6.81 22.95 1.342
0 6.46 22.93 2.0567
0 3.75 21.81 2.1129
0 1.45 20.5 1.9934
0 1.12 18.01 1.4095
0 2.33 19.27 0.5205
0 2.07 19.03 0.9729
0 4.3 21.21 0.3831
0 5.25 22.51 0.9454
0 5.63 24.51 1.5912
0.5 5.05 21.06 2.3454
0.3 1.83 16.58 2.7167
0 -0.64 19.06 1.4838
0 1.16 18.22 1.13
0 2.94 19.73 0.3709
0 2.88 21.25 1.1653
0 5.32 23.38 2.364
0 5.52 21.49 1.037
0 7.71 16.12 2.6312
0 2.84 23.35 2.5972
0 5.94 23.25 1.6548
0 2.65 22.84 0.8197
0 3.69 22.41 0.7585
0 7.25 23.54 1.1908
0 4.44 24.39 0.346
0 4.85 24.4 2.2006
0 4.08 21.02 2.6313
0 -5.01 11.4 2.3381
0 -6.32 9.38 2.615
0 -3.52 13.34 0.8498
0.625 -1.06 14.75 3.2738
0.375 -7.03 11.82 3.6358
0 -9.23 -0.71 0.3401
0 -7.87 6.29 3.1444
0 -7 8.54 1.7343
0 -4.84 9.98 1.4139
0 -5.53 11.97 0.8341
0 -2.93 13.93 0.4824
0 -4.16 13.08 2.032
4.025 -2.96 12.97 1.9437
23.975 -2.19 6.62 6.2769
13 -2.32 3.84 4.5085
0.025 -0.41 8 0.7962
0 -0.17 13.5 2.2981
0 -0.73 15.16 1.2246
0 0.86 17.26 2.0374
0.575 1.89 13.65 2.5322
0.35 -6.58 5.75 2.5945
0 -6.17 7.52 1.0999
0 -4.52 10.88 0.6026
0 -3.97 11.57 0.8282
0 -2.03 13.54 1.1138
0 -2.51 11.71 1.8647
0 -2.96 11.52 1.2493
0 -3.15 12.98 3.9962
0 -9.12 -0.17 5.0874
0 -10.42 0.55 0.8234
0 -8.56 4 0.0277
0 -5.31 9.45 0.8967
0 -4.53 11.78 0.8399
0 -2.49 13.64 1.134
0 -2.46 14.88 1.1106
0 -2.44 15.17 1.7089
0 -1.77 13.77 2.2554
0 -5.63 9.72 0.6072
0 -6.64 8.41 1.399
0 -8.38 6.13 1.8405
0 -7.66 5.69 1.3454
0 -5.71 7.68 0.859
1.4 -2.99 8.63 0.6618
2.025 -4.01 7.92 2.146
0.7 -8.96 0.09 1.0908
0 -9.77 0.36 1.1461
0 -10.82 1.35 2.8494
0 -8.68 4.08 2.2618
0 -6.84 6.75 1.7779
0 -6.81 8.47 1.2126
0.2 -9.16 3.49 2.3759
0.925 -7.78 5.44 3.8065
0.475 -7.61 4.37 0.9153
0 -7.96 1.13 0.468
0 -9.18 4.54 2.494
0 -8.64 3.52 3.9093
0 -7.37 5.02 4.2122
0.3 -7.59 6.07 2.7701
0.7 -5.89 6.52 1.3768
0.3 -8.69 3.63 4.7221
0 -8.75 -1.23 5.2439
0 -8.7 1.91 3.9159
0 -8.55 3.95 1.5293
0 -9.16 3.94 2.2856
0 -10.67 4.35 2.1723
0 -10.08 1.71 2.1555
0.025 -8.11 3 1.3858
12.225 -12.39 0.16 2.2015
13.5 -10.5 -4.45 1.1585
3.8 -19.91 -8.88 0.6055
0 -21.35 -9.34 1.875
1.3 -18.13 -6.56 2.924
27.3 -10.11 -2.76 2.7834
37 -7.35 -3.34 3.7047
27.1 -8.46 -2.59 4.6633
1.35 -11.17 -4.41 0.6947
0 -10.24 -5.68 2.9681
0 -8.9 -2.34 2.3246
0 -8.22 -0.31 2.3345
0 -8.23 0.06 2.8502
0 -8.98 -0.48 4.1293
0.875 -8.43 -0.54 2.9411
11.925 -6.77 3.06 1.8598
9.65 -10.23 0.7 3.7143
0.1 -15.21 -6.32 2.9735
0 -11.75 -2.88 3.801
0 -10.86 -0.57 3.6774
3.875 -10.86 -3.01 3.9914
2.55 -9.81 -2.02 1.8848
1.825 -11.19 -2.78 3.2255
6.325 -10.32 -4.01 0.6804
3.35 -9.36 -3.66 1.4745
0.05 -9.61 -3.15 2.3686
0 -9.14 -0.36 1.7597
0 -9.66 0.26 1.2447
0 -9.93 0.48 4.0604
0 -9.64 1.92 2.9767
0 -8.81 2.07 2.4384
0 -8.63 2 2.9316
0 -9.26 1.9 2.8881
0.05 -6.51 3.95 3.1413
1.225 -6.2 3.96 2.3096
0.6 -4.95 2.83 2.4516
0.5 -5.86 1.1 3.0828
18.625 -7.69 3.12 4.2498
11.175 -6.09 1.49 2.0824
0.05 -9.75 -1.72 1.4499
0 -10.05 0.1 3.3122
0.425 -9.86 1.81 1.8071
40.575 -9.76 2.8 2.4329
61.625 -8.31 -0.79 4.5648
35.05 -9.27 -5.54 5.286
37.575 -9.12 -6.1 6.2005
46.725 -11.36 -6.51 4.0548
24.625 -10.54 -8.01 4.3124
3.7 -13.26 -8.99 0.8384
1.25 -13.08 -7.04 2.0479
6.55 -11.75 -5.9 3.4607
3.475 -9.03 -4.89 2.871
0 -10.17 -0.39 1.3455
0 -12.52 -0.33 2.811
1.2 -10.66 -2.38 3.136
0.7 -9.14 0 1.4569
0 -14.2 -1.35 1.1267
0 -15.84 -1.92 1.6878
0 -9.77 -0.46 1.9252
0 -9.55 -0.05 0.5907
10.5 -9.43 0.27 2.4375
18.75 -8.11 0.94 3.4506
16.075 -7.44 -1.96 1.8287
5.25 -9.07 -4.18 2.6565
0.525 -10.9 -3.01 1.3885
2.075 -11.34 -2.65 2.4138
1.075 -11.38 -3.87 0.584
0 -10.43 -1.32 0.8929
0 -8.55 0.21 0.9634
0 -9.01 3.5 1.591
0 -8.69 4.19 1.5742
0 -8.1 6.68 0.932
0 -7.97 6.4 1.727
0 -7.13 7.69 2.4354
0 -5.95 7.84 1.4304
1.65 -7.96 5.7 1.4372
5.275 -6.85 1.28 2.62
17 -7.46 2.94 3.2904
7.85 -12.16 -4.3 2.4411
8.15 -12.02 -2.88 3.5141
20.825 -8.26 -0.86 2.9342
2.775 -9.5 -2.16 0.6199
33.9 -8.44 2.26 4.2879
23.075 -8.7 1.62 1.9665
2.2 -9.49 -4.04 0.7577
0.3 -8.95 2.14 2.4128
4.35 -6.94 4.65 2.6962
20.55 -8.45 3.73 3.1795
10.825 -10.97 -1.62 3.3526
0.025 -12.09 -3.74 1.2805
0 -10.9 0.38 2.6817
0.05 -10.34 0.05 0.8715
6.375 -9.82 2.54 2.4081
4.425 -14.22 -2.2 4.0558
0.375 -12.12 -3.76 2.1197
0 -13.08 -4.43 0.4457
32.725 -10.8 2.9 2.0863
19.625 -10.64 2.73 2.6383
0 -11.84 -2.12 2.6706
0 -11.29 4.33 3.7664
0 -9.58 8.74 1.6012
0 -7.96 10.85 0.674
0 -5.47 10.13 2.9972
0 -9.84 7.36 2.1007
0 -4.99 11.46 2.1267
0 -7.61 10.49 0.9186
0 -7.79 9 1.2587
0 -9.05 8.7 2.4604
0.35 -8.96 9.69 2.2014
1 -5.9 9.61 2.5498
0.45 -10.16 2.24 2.8027
0 -9.42 -3.47 2.8869
0 -7.82 7.57 1.4856
1.45 -4.63 10.27 2.5882
5.6 -5.39 9.61 5.9143
3.125 -9.37 -1.23 3.3987
2.625 -13.13 -3.51 0.9673
6.3 -11.99 6.89 2.333
1.125 -8.59 -0.58 2.2471
9.375 -10.03 -0.16 2.7516
5.675 -10.56 -2.87 3.6269
0.025 -13.4 -2.91 0.9079
0 -11.05 2.87 2.183
0 -9 7.89 0.4617
0 -6.92 9.89 1.2733
0.375 -6.42 8.54 1.9825
6.775 -5.08 5.39 3.8496
6.275 -9.27 -0.62 4.6895
1.4 -9.97 -3.27 1.0855
0 -8.98 2.67 0.6726
0 -7.85 4.62 0.8535
0 -5.62 9.49 2.7223
0 -6.88 9.61 1.3841
0 -5.94 11.81 1.0354
1.9 -4.97 13.07 1.9212
7.925 -3.42 11.08 2.8702
4.775 -9.21 0.13 2.9555
0.4 -8.05 -4.26 1.5413
0.15 -7.33 -1.95 1.6221
0 -6.1 8.59 0.7055
0 -4.49 11.3 1.4338
0 -3.35 12.84 0.7148
3.025 -0.58 14.28 4.2445
4.375 -6.13 4.88 5.3685
2.025 -11.4 -1.82 4.21
0.275 -10.21 -0.93 3.5629
0 -8.39 4.3 2.0092
0 -6.56 8.73 2.3106
0 -5.71 11.99 1.0819
0 -3.33 14.05 2.0245
0 -2.15 13.2 3.6216
0 -6.31 9.65 2.159
0 -6.74 8.18 0.9199
0.025 -3.87 11.11 2.936
1.575 -5.18 10.01 3.8954
4.225 -8.16 1.62 3.4533
2.025 -11.82 0.43 4.7673
0.025 -9.01 2.05 2.4359
0.025 -5.41 7.93 1.117
0.025 -4.76 10.57 0.668
0 -2.44 12.82 0.5562
0.475 -0.23 15.01 1.4
1.825 1.7 14.52 2.1034
0.925 -10.54 12.76 2.3899
0.05 -2.99 7.9 1.7906
0.025 -0.35 11.36 3.4294
0 -3.32 11.8 4.4882
0.1 -8.37 6.12 3.8386
0.325 -8.86 1.03 4.0892
0.675 -6.93 2.11 2.3893
1.375 -6.83 3.51 1.6332
3.225 -4.27 7.55 3.3551
5.05 -5.13 5.32 2.7834
2.1 -7.33 2.37 3.8652
0 -7.17 4.87 1.971
0 -3.77 12.4 0.6298
0 -4.28 15.42 2.6701
0 1.92 14.74 2.9442
0 0.23 13.47 2.7677
0 2.43 15.75 2.9513
0 4.04 16.56 3.0042
0 3.71 16.27 2.1659
0 4.74 20.54 3.2073
0 6.02 21 3.2049
0 2.94 18.9 2.3801
0 3.42 18.34 4.0643
0 -0.13 15.92 4.6919
0 -1.45 11.69 5.197
0 0.75 9.64 4.1113
0 0.28 14.57 1.177
0 1.46 16.48 1.5925
0 3.04 19.84 3.2023
0 -0.66 17.86 3.1976
0 -1.91 13 0.8503
0 -1.26 17.57 2.3265
0 -0.89 14.74 3.2277
0 -2.31 14.37 2.5132
0 -1.66 16.44 1.3971
0 0.28 14.75 1.0038
0 2.64 18.62 1.6011
0 2.32 19.28 2.1133
0 4.33 15.58 2.6117
0 2.93 17.35 2.2588
0 5.47 19.08 0.7666
0 6.88 23.12 1.4625
0 7.73 23.94 3.2553
0 5.23 22.4 3.0328
0 2.77 20.27 2.6666
0 2.22 19.13 2.7155
0 3.24 18.97 1.8686
0 2.1 18 0.901
0 3.62 20.36 1.8486
0 4.69 22.14 2.4471
0 5.06 21.54 2.0838
0 5.03 20.65 2.2298
0 7.22 22.92 2.1211
0 6.28 22.32 1.8121
0 6.54 23.63 2.4396
0 7.94 22.78 3.3718
0 8.4 22.99 3.589
0 5.91 20.53 1.9429
0 6.88 22.67 1.2148
0 8.01 25.2 2.571
0 7.32 23.92 2.793
0 7.86 24.82 2.614
0 8.84 26.46 2.1964
0 6.46 26 2.1233
0 6.31 24.01 2.6837
0 4.91 23.51 1.1021
0 5.46 22.3 2.2729
0 6.49 23.54 1.969
0 8.08 24.51 2.3871
0 7.85 23.64 2.6566
0 3.7 22.68 1.8986
0 3.32 23.68 2.2923
0 5.08 21.83 1.8756
0 4.32 22.71 2.2253
0 4.44 22.7 2.4682
0 3.69 22.25 2.1191
0 4.36 21.77 2.4491
0 3.51 22.96 1.5507
0 3.28 22.81 1.9759
0 4.19 22.4 1.9957
0 2.48 21.85 2.0613
0 3.74 21.29 2.4933
0.15 5.21 20.2 2.8478
0.075 4.6 15.34 2.0465
0 2.48 19.53 1.9494
0 4.09 20.26 2.3605
0 1.81 13.07 1.0424
0 2.79 19.5 1.2219
0 4.16 21.17 2.179
0 4.09 21.57 2.6885
0 5.03 22.03 1.1676
0 4.22 23.63 1.8296
0 4.82 24.18 1.9281
0 4.33 22.63 1.882
0 3.54 22.32 2.2114
0 3.67 23.37 2.0766
0 5.31 20.75 1.7851
0 2.24 19.19 2.591
0 6.48 23.24 2.2277
0 6.74 26.35 0.7445
0 9.78 27.51 2.4787
0 5.75 27.12 2.7089
0 1.85 21.61 3.0571
0 1.79 11.24 2.2547
0 -1.49 11.06 2.3606
0 -1.79 13.32 0.9836
0 0.68 17.04 0.5346
0 1.68 21.25 0.4598
0 5.13 24.35 1.1342
0 5.97 24.45 1.4106
0 4.96 23.84 1.9669
0 2.3 21.21 1.3429
0 1.78 21.47 2.6471
0 3.6 20.29 3.1105
0 -3.29 7.63 2.1263
0 -0.75 17.88 0.7064
0 -0.14 15.95 0.7963
0 0.87 19.45 1.0208
0 0.92 19.5 1.7805
0 -0.07 18.19 1.4485
0 -0.53 17.87 0.6756
0 -0.48 17.96 1.2197
0 -1.95 19.13 1.6508
0 -0.78 18.17 1.5263
0 -0.95 18.2 1.5745
0 -0.94 13.4 1.0104
0 -3.01 16.29 1.0719
0 0.15 15.05 2.7101
0 -1.13 13.67 0.8871
0 -0.27 16.89 0.4623
0 2.4 19.85 1.0108
0 3.29 23.27 0.4824
0 6.41 24.05 1.1297
0 8.31 25.18 0.5053
0 6.77 25.72 0.4844
0 4.51 25.27 0.318
0.075 4.56 20.62 0.5519
2.55 4.62 17.26 1.3983
19 4.45 18.75 1.6774
36.375 1.38 8.53 1.5552
1.125 -0.62 3.23 1.0633
10.575 -4.26 4.9 0.8067
1.1 -3.8 3.26 2.1413
0.025 -6.64 5.19 0.8713
0 -4.38 10.15 1.8261
0 -4.13 12.97 1.672
0 0.05 15.98 1.3739
0 -0.53 16.53 2.4403
0 2.11 18.12 1.784
0 1.86 18.11 0.8719
0 1.1 17.12 0.7573
0 1.36 17.13 1.3366
0.825 2 13.28 0.8612
0.55 -0.74 8.85 1.166
0 -0.64 8.19 1.9051
0.2 -2.3 13.68 1.0936
0.125 -1.04 11.12 2.078
1.125 -3.03 9.13 1.9
8.225 -1.53 7.85 1.7573
16.825 0.18 3.63 4.5888
7.9 -4.17 4.52 3.8856
0 -6.21 4.03 1.6092
0 -9.1 3.93 3.0468
0 -8.92 5.27 3.2728
1.425 -3.88 8.65 2.1123
1.05 -4.03 9.66 2.0233
0.1 -5.91 1.5 0.9164
0 -5.49 6.88 1.9097
0 -4.38 10.04 3.3778
0 -2.87 13.25 3.1751
0 0.38 14.61 2.2005
0 0.93 14.01 1.1472
0.3 -0.22 13.1 2.3942
21.325 -3.01 10.02 2.9719
13 -7.58 2.01 2.8656
1.8 -9.99 -0.07 0.5742
1.975 -9.72 1.08 1.6175
0 -9.64 -1.04 2.6705
0 -8.32 2.53 1.4707
0 -8.2 5.67 3.1808
0 -6.28 5.2 1.5246
0 -4.13 8.77 2.3889
0 -5.19 9.19 0.7669
0 -7.31 7.57 2.1761
0 -3.64 8.47 2.403
22.55 -3.21 8.54 3.1135
38.075 -8.8 2.84 3.4097
25.225 -11.21 -5.34 5.4368
10.925 -10.98 -7.22 3.169
13.05 -10.28 -4.69 4.4412
6.95 -15.38 -6.71 0.9711
0.425 -17.27 -8.36 3.3077
0 -16.31 -6.69 3.2829
13.375 -11.15 -3.57 2.9256
8.375 -15.13 -3.93 2.9978
0 -17.62 -8.21 2.1255
0 -15.38 -7.48 2.9781
0 -12.87 -3.03 2.2119
0 -10.01 2.01 2.5074
0 -3.83 3.5 1.6513
0.2 -4.81 3.51 1.7523
5.475 -6.63 0.65 2.0082
3.325 -6.12 2.77 3.1822
0 -8.45 -0.64 2.381
0.825 -6.68 3.36 1.7389
2.275 -4.71 3.29 1.06
0.4 -3.84 1.65 1.3512
0 -3.78 3.1 0.5193
0 -8.3 3.23 2.2769
0 -8.14 3.1 1.5349
20.325 -6.87 5.56 1.9047
14.4 -8.67 0.97 1.8475
5.25 -9.61 -2.29 2.4873
52.45 -9.28 -3.26 3.4578
81.775 -8.62 -4.33 5.3907
73.4 -7.5 -1.5 6.38
29.875 -8.92 -0.56 2.0626
12.4 -10.07 -8.01 2.0371
5.525 -10.22 -5.74 2.2188
1.925 -8.85 -3.74 0.359
0.175 -9.79 -2.8 2.7632
18.925 -11.06 -0.62 5.133
10.25 -9.67 -1.02 1.9116
0 -10.9 -6.87 1.1023
13.3 -10.82 -5.91 2.2576
7.775 -9.01 -3.65 4.5886
0.6 -17.88 -5.2 2.8456
0.925 -18.1 -8.54 1.2499
7.6 -17.38 -9.08 3.655
20.475 -10.09 -8.14 4.6983
33 -10.56 -7.33 2.6214
0 -13.3 -6.7 3.1362
0 -13.74 -7.8 3.862
0 -11.79 -3.36 5.5157
0 -11.61 -3.49 3.9608
0 -12.8 -5.56 1.8361
0 -12.85 -2.28 1.059
0 -13.9 -4.39 3.3245
0.9 -13.92 -3.38 3.1809
9.65 -9.68 -3.59 1.5742
0.075 -10.83 -1.66 1.622
0.025 -10.59 -0.2 1.4878
0 -11.06 0.51 2.442
0 -9.39 1.78 1.0999
0 -8.74 3.67 0.6816
0 -8.86 1.21 2.21
0 -8.4 4.57 1.3185
0 -10.94 5.83 4.319
0 -10.89 3.04 3.6579
0 -13.86 2.06 2.7048
0 -8.57 5.96 3.7085
0 -9.94 2.23 2.1328
0 -9.44 4.04 2.1754
0 -9.49 3.31 4.9652
0 -9.54 4.01 3.1624
0 -9.49 4.01 1.7812
2.05 -8.74 4.84 0.6253
17.35 -9.03 4.9 1.8035
5.975 -10.98 -5.81 1.6818
0 -12.12 -2.01 2.0695
0 -14.72 -0.75 3.0925
0 -13.84 -0.09 2.1551
0 -10.95 1.98 2.9561
0 -10.02 5.52 1.7462
0 -8.38 6.11 1.9542
0 -6.58 7.46 0.6177
0 -9.84 7.13 2.1835
0 -12.12 5.92 3.6467
0 -13.36 0.36 3.868
0 -12.84 1.66 3.9295
0 -10.88 5.05 2.6196
0 -9.11 7.32 1.395
0 -9.09 6.29 3.1563
3.975 -9.34 5.5 3.7776
62.325 -8.88 3.99 6.106
33.875 -11.44 -7.49 4.1936
40.55 -10.23 -7.45 3.2995
45.05 -10.43 -5.37 4.212
6.475 -15.05 -6.57 0.8966
0 -15.05 -4.97 1.1721
0 -14.71 -5.13 0.3566
0 -13.94 -1.34 0.2357
2.575 -12.94 -2.14 2.3345
19.95 -11.43 -3.79 5.9518
25.175 -14.91 -7.31 0.6493
0 -16.87 -9.02 0.4959
0 -16.1 -6.4 2.0716
1.425 -14.38 -0.17 1.6856
6.3 -10.03 1.23 3.3317
12.625 -7.85 -0.29 1.7589
1.9 -10.1 1.11 1.4355
1.2 -9.41 4.3 0.5936
14.825 -8.77 6.51 1.7632
32.2 -6.87 -1.04 4.6101
0.025 -10.54 -1.91 0.6163
0 -10.1 4.17 1.5194
0 -8.89 8.85 1.1753
0.225 -8.08 8.13 1.1696
0.125 -7.84 6.12 0.7893
0.5 -7.88 8.22 0.8317
0.55 -5.84 3.28 1.0424
4.2 -5.65 7.3 1.2087
35.325 -4.33 8.43 2.8817
1.725 -9.12 -0.06 1.01
27.225 -10.07 2.67 3.2181
32.85 -9.94 -4.77 4.9433
81.325 -9.69 -5.52 6.3312
11.525 -11 -4.72 2.7712
2.525 -11.39 -2.13 0.8581
9.075 -11.14 -1.91 4.4098
47.875 -11.01 -2.47 5.3059
40.35 -14.21 -4.19 4.1098
22.025 -9.52 -3.86 2.8946
10.6 -9.71 -6.53 1.6129
0.025 -8.78 1.02 0.5564
0 -8.98 4.22 1.1737
0 -9.26 5.9 2.285
0 -8.43 7.73 2.2096
0 -5.33 11.66 1.5926
0 -4.77 15.82 1.3938
0 -6.52 13.12 1.1471
0.25 -7.39 11.15 2.014
0 -6.11 11.28 1.5186
0.65 -5.06 11.39 1.4872
5.325 -9.07 9.25 3.5992
8.375 -13.9 -6.08 1.3799
4.475 -13.26 -7.42 1.5567
0.3 -13.37 -1.76 0.6068
0 -10.21 4.75 1.5009
0 -8.82 6.25 1.4488
0.175 -7.78 7.06 2.9836
0.35 -10.43 -1.05 0.6373
0 -8.23 5.82 0.7504
0 -6.56 11.31 1.4198
0 -6.1 12.87 2.4138
0 -5.85 12.78 3.1742
0 -4.16 8.09 1.8825
0.6 -6.41 11.57 2.3913
19.8 -3.16 2.87 2.567
1.65 -6.64 6.4 0.8586
0.475 -6.85 6.06 1.6142
0.125 -4.84 5.33 2.7082
2.05 -5.39 2.72 2.5992
0.025 -7.76 5.25 2.8908
0 -6.19 7.16 0.844
0 -5.64 9.97 2.6245
0 -7.7 9.81 4.7057
0 -6.7 7.46 3.7767
0 -6.52 7.56 2.0377
0 -4.81 10.07 0.5575
0 -2.45 12.94 0.8387
0 -1.53 14.24 3.0869
0 0.51 16.74 0.8392
0 0.64 16.83 1.7369
0 -0.29 16.02 2.2088
0.575 -1.55 13.33 3.2973
1.375 -5.76 5.04 3.5494
6.95 -7.8 -1.04 2.9336
0 -6.33 8.29 1.7181
0 -2.71 11.95 1.2265
0 -1.5 14.64 0.6074
2.425 -1.45 16.16 3.0586
11.575 -9.17 8.66 3.0665
4.925 -9.26 -2.42 1.1292
9.225 -7.22 1.6 3.4888
18.425 -8.78 -1.75 2.5617
2.9 -7.72 1.3 3.6592
0.25 -6.55 7.79 1.8906
0 -2.43 12.31 1.9581
0 -2.67 11.2 2.8564
0 -4.48 11.16 4.4201
0 -5.12 9.03 2.4882
0 -3.69 11.49 2.8754
0 -4.35 10.03 2.8442
0.625 -4.45 9.83 3.5028
1.2 -3.57 10.52 4.4562
11.875 -7.75 5.82 5.02
2.825 -7.29 2.01 2.9558
0.175 -3.98 7.92 2.8657
0.275 -3.54 9.81 3.1872
1.95 -7.42 3.81 1.8175
0 -6.84 6.42 0.5939
2.75 -3.93 6.64 2.7922
18.45 -1.5 1.52 1.462
11.575 -4.14 8.11 3.6311
0.05 -5.04 4.75 1.8465
0.05 -3.69 9.84 3.0875
0 -1.95 12.97 1.6277
0 -0.29 15.65 2.1789
0 0.06 16.2 3.0142
0 -1.12 13.62 2.596
0 0.3 14.62 2.7558
0 2.12 16.71 1.5381
0 3.21 19.58 1.8979
0 2.83 19.48 2.62
0 0.57 16.37 1.1614
0 1.61 15.72 2.9881
0 1.53 17.06 2.0669
0 2.9 17.54 0.2285
0 3.55 20.29 0.3618
0 5.05 22.61 2.4619
0 4.73 21.97 3.0252
0 2.27 19.88 2.7601
0 1.61 20.34 2.7699
0 1.54 18.72 2.2477
0 3.39 20.46 2.1912
7.425 3.17 20.01 2.743
20.675 0.84 16.46 2.5526
5.95 -1.66 7.43 2.1907
0 -0.14 15.56 0.751
0 2.31 20.06 0.8706
0 5.36 21.99 0.762
0 4.68 22.5 1.6988
0 5.9 22.3 1.9183
0 7.31 20.04 2.4899
0 7.8 21.96 2.8797
0 7.05 21.16 2.3339
0 6.13 21.81 2.5841
0 4.01 21.35 2.2231
0 3.23 20.69 2.3825
0 2.92 18.56 2.4247
0 2.46 18.35 3.1562
0 1.82 16.43 2.6226
0 2.87 15.12 3.1519
0 1.26 14.71 3.0917
0 1.4 15.68 1.9845
0 1.1 17.39 1.4895
0 1.65 19.48 2.001
0 1.96 19.62 1.2361
0 2.62 20.62 2.3292
0 4.54 21.23 2.8742
0 4.69 20.78 1.8523
0 6.11 21.74 1.9842
0 4.08 23.11 2.2023
0 3.85 21.8 1.8534
0 3.28 21.18 1.7469
0 4.75 20.58 1.4428
0 6.6 22.97 2.204
0.375 7.49 24.18 2.9434
0.5 9.57 23.92 2.1049
3.05 7.5 18.53 1.5639
0 6.13 21.98 1.9617
0 6.4 23.14 2.1153
0 4 22.4 3.0556
0 3.37 19.39 2.2374
0 3.8 20.13 3.0424
0 3.35 20.15 2.3975
0 4.51 20.39 1.776
0 3.94 21.69 1.8337
0 3.99 21.59 2.1825
0 4.15 21.21 2.6465
0 4.18 21.68 1.5335
0 5.44 23.02 1.3028
0 4.41 22.73 2.1007
0 4.72 21.36 1.5608
0 3.66 20.65 1.0271
0 3.16 21.19 1.4613
0 3.83 21.77 1.3058
0 4.89 22.72 2.5239
0 3.51 20.32 2.0134
0 2.71 19.72 1.4164
0 1.03 19.72 1.0541
0 1.88 20.78 1.005
0 4.48 22.58 2.0684
0 6.11 22.99 1.319
0 5.82 22.67 0.9059
0 5.18 24.9 1.139
0 6.49 24.85 1.4904
0 6.1 24.9 1.6132
0 3.67 23.83 1.9524
0 2.98 22.17 1.8785
0 2.19 20.84 0.801
0 2.68 20.65 0.766
0 2.75 22.68 0.9062
0 4.46 22.07 0.9105
0 5.79 22.73 1.7907
0 4.35 20.83 0.6058
0 4.72 22.13 0.8779
0 5.15 23.55 0.7516
0.3 5.41 23.1 1.726
5.65 3.25 22.88 1.1338
4.075 3.54 18.1 1.389
17.6 0.6 13.85 1.298
2.025 2.13 16.23 0.5818
23.35 1.83 18.65 1.03
0 1.93 16.37 2.4229
0 2.43 18.04 1.9711
0 1.83 15.76 1.6036
0 0.55 15.8 0.2299
0.175 1.15 18.93 0.3059
0.125 4.35 21.16 0.8969
0 4.77 21.57 0.4026
11.7 4.97 22.13 0.3621
0 5.63 21.84 0.7023
0.025 5.36 23.2 1.6671
20.375 1.92 18.81 2.3052
0.225 0.76 12.25 1.6906
0 1.13 16.1 0.4364
0 4.39 19.35 0.6696
0 4.66 20.07 1.09
0 2.44 21.52 1.5621
0 1.15 20.71 2.4798
0 1.88 17.26 2.017
0 1 15.13 2.1848
6.975 -0.5 12.17 2.3925
44.175 -3.24 7.05 3.9169
24.35 -7.67 4.94 0.7017
4.05 -8.77 4.79 0.9644
0 -8.09 5.2 1.2655
0 -5.39 9.39 1.3169
0.6 -3.17 11.21 1.6301
6.75 -2.1 6.67 1.6591
0 -3.26 12.91 0.9045
0 -2.67 14.68 0.6191
0 1.61 17.46 0.599
0 -0.94 17.15 1.1502
0 -0.84 14.65 1.7156
0 -0.37 14.75 1.8531
0 0.24 15.12 1.927
0 -1.49 16.58 0.6473
0 -1.58 13.68 0.6071
0 -0.82 14.7 0.4088
0 -0.48 13.68 2.2243
0 -2.49 15.25 1.8579
0 -1.44 15.77 2.3567
0 -3.26 13.25 1.3509
0 -5.02 9.09 3.6625
0 -7.29 7.12 3.4565
0 -7.5 7.12 2.1984
0 -4.39 10.01 0.8543
0 -4.04 11.74 2.2623
0 -3.42 12.34 0.1714
0 -3.58 11.99 3.1969
0 -4.11 9.56 4.1978
1.475 -8.29 9.25 3.9462
10.9 -9.67 7.25 1.8903
1.9 -11.73 -4.48 0.3631
11.525 -10.69 -3.32 1.487
0.275 -11.01 -3.89 0.9826
0 -11.9 -1.34 2.384
0 -11.24 0.86 3.3508
0 -10.68 4.24 3.0303
1.05 -9.38 4.12 3.3297
4.65 -4.72 2.21 1.0593
0 -6.53 2.97 0.2166
0 -5.93 4.38 0.5684
0 -8.71 4.53 0.5098
0 -8.66 4.71 0.8793
0 -8.46 4.74 1.0952
0 -9.06 5.49 3.3545
0.3 -8.87 0.22 2.2325
0.9 -8.37 -2.6 3.898
4.225 -10.78 -3.77 1.5258
0 -11.19 -0.79 2.1406
0.1 -10.79 2.85 3.4029
0 -10.37 9.64 2.2289
0 -10.63 3.16 0.8374
0 -10.12 2.95 2.9932
0 -8.63 4.7 2.3984
0 -7.79 4.74 1.0674
0 -5.65 5.69 1.8961
0 -9.12 6.09 3.204
0 -9.49 3.6 9.1595
0 -9.93 -1.25 3.8638
0 -11.99 2.93 4.5435
0 -13.07 0.82 2.7059
0 -12.79 -0.71 3.5026
0 -13.85 -0.68 3.0644
0 -13.2 -1 3.6937
0 -12.9 0.76 3.909
0 -12.62 0.49 4.3578
0 -11.8 0.47 3.2546
0 -12.58 0.84 1.1955
0 -13.75 0.53 1.6723
0 -13.4 -2.73 1.4682
0 -12.64 -1.99 1.1567
0 -12.26 -1.65 0.9318
0 -12.56 -2.49 5.8528
0 -12.79 0.01 4.8707
0 -13.59 0.28 2.6534
0 -12.88 1.35 4.6707
0 -14.56 -0.81 4.6917
0 -13.16 -3.39 3.4428
0 -15.03 -0.31 4.5846
0 -14.23 1.5 3.9905
0 -13.84 0.27 4.9301
0 -13.08 0.46 3.3052
0 -11.51 1.23 1.3544
0 -11.33 3.02 1.1773
0 -10.54 1.57 1.1632
0 -8.26 6.17 0.9663
0 -9.33 4.64 1.1571
0 -11.6 3.8 2.4044
