0.575 -13.01 6.35 1.6826
3.1 -2.99 3.65 1.2038
1.65 -6.49 5.36 1.6007
0.6 -9.1 0.52 4.1558
2.1 -9.23 2.1 1.6803
1.025 -4.22 -0.25 0.5517
0 -4.09 3.75 1.4488
0 -3.3 5.38 0.7532
0 -5 9.23 4.5351
0 -3.9 9.79 3.4666
0 -2.58 8.38 2.3425
0 -1.97 11.29 5.515
0 0.55 11.77 3.9345
0 -2.42 11.89 3.3803
0 -0.82 13.74 4.0255
0 -1.34 15.12 4.9886
0 -2.91 11.55 4.2591
0 -2.67 10.61 4.7289
0 -2.07 12.56 4.8327
0.075 -1.49 11.12 3.3971
14.3 -0.17 12.25 2.7655
31.75 0.2 10.24 2.1613
32.65 -4.29 9.71 1.6584
44.35 2.29 6.28 2.4577
14.525 -2.13 4.49 3.5434
1.45 -7.8 -1.31 0.8193
0 -9.1 -0.59 1.3287
0 -8.16 2.17 1.6501
0 -4.09 6.68 4.2553
0 -2.78 11.4 4.5247
0 -0.92 12.61 3.0969
0 -1.46 12.06 3.0836
0 -2.73 9.55 3.8963
0 -2.92 12.99 3.7914
0 0.04 14.96 3.0011
6.075 0.4 13.16 2.6306
8.675 -2.08 4.69 3.0149
3 -3.44 2.65 2.7644
18.9 -3.22 3.66 1.4278
11.325 -7.39 2.94 3.7142
3.3 -11.03 -2.17 0.4762
9.375 -8.23 -0.25 2.3737
4.55 -5.01 0.11 1.4321
9.3 -5.52 0.54 2.9605
5.425 -5.52 0.13 3.2173
1.6 -4.67 0.34 5.662
34.95 -4.46 0.43 5.6071
24.075 -4.23 -0.6 4.3915
2.2 -6.5 -1.58 1.1866
0 -6.01 2.08 3.4524
0 -5.66 7.57 2.6628
3.95 -5.28 9.11 3.8449
20.425 -2.44 7.66 3.6063
14.9 -0.81 2.59 2.5831
4.95 -2.83 3.59 1.3724
2.45 -2.19 8.98 1.3898
0.5 -2.84 3.56 2.209
0 -3.21 8.13 0.3138
0 -3.11 10.61 3.6495
10.325 0.05 11.61 2.6856
21.05 1.3 8.66 3.7862
23.25 0.22 6.67 4.8808
20.925 -3.15 1.31 2.9727
2.725 -7.54 -0.51 0.8785
1.025 -6.88 2.09 1.8825
0 -7.66 1.44 0.2608
0 -7.53 5.65 1.4701
0 -5.14 8.43 2.7027
0 -8.03 3.41 0.3847
0 -7.16 8.29 0.4483
0 -4.09 8.49 2.061
0 -2.81 11.87 2.3828
0 -3.77 13.29 1.2469
0 -2.73 9.37 2.0272
0 -0.22 11.09 2.2415
0 -1.04 14.3 1.1931
0 -0.27 15.84 1.2191
0 0.52 17.04 0.864
0 0.27 17.31 0.7458
25 0.33 16.5 1.8549
27.75 -4.44 7.52 4.2
1.65 -9.69 -1.48 2.3423
0 -7.98 2.51 1.8633
0 -4.75 10.28 0.5637
0 -3 12.2 2.1834
0 -1.82 14.7 2.0666
0 -0.47 14.07 1.3523
0 -0.38 15.79 3.1877
0 -3.21 12.97 1.858
0 -2.82 11.09 0.336
0 -1.74 12.81 2.6367
0 0.36 15.23 2.5172
0 -1.96 13.04 5.3403
0 -5.68 5.88 1.9026
0 -5.21 10.56 2.7879
0 -2.92 14.89 2.388
11.6 -0.74 17.68 1.3982
15.9 -2.27 12.42 3.0554
9.95 -2.65 3.08 1.655
3.475 -2.27 4.74 2.3227
0.425 -3.17 4.11 3.8537
0 -2.14 9.05 1.7615
0 -2.32 12.64 2.0263
0.075 0.04 13.3 4.6079
0.05 -6.65 6.75 6.1073
0 -6.17 2.33 3.2875
0 -4.81 10.99 1.4345
0 -1.36 16.11 2.8492
0 1.43 19.34 2.7558
0 3.36 22.94 1.5734
0 5.08 24.91 1.1857
0 6.04 25.81 2.0101
0.075 4.98 24.96 2.6521
1.05 3.8 17.88 3.4946
0.6 -4.48 7.39 3.6877
0 -3.02 10.12 2.1274
0 -1.45 13.43 2.3364
0 -1.31 12.52 3.1507
0 -3.94 9.91 1.7209
3.075 -2.62 13.58 2.0614
60.55 4.78 16.72 1.888
39.05 2.78 13.43 2.4687
2.7 4.22 12.17 3.47
1.175 1.2 11.03 1.7793
0.125 4.82 14.32 3.4294
0 2.65 17.21 2.2316
0 2.77 20.86 2.9737
0 4.43 21.27 1.7298
0 3.96 21.26 1.3551
0 4.79 21.36 1.0288
0 4.36 22.75 3.0667
0 2.74 21.87 3.2953
0 3.01 20.31 2.613
0 3.66 19.32 3.3792
0 5.44 21.16 1.7572
0 6.69 24.04 1.4484
0 8.42 28.16 0.2674
0.05 10.91 30.17 2.384
0.025 10.27 29.65 2.6795
0 6.9 23.39 1.8601
0 5.45 22.16 1.077
0 6.97 23.15 2.5378
0 6.69 23.03 3.0109
0 6.83 22.39 2.8233
0 5.17 22.03 1.9943
0 5.7 21.97 1.3258
0 7.21 23.92 0.8839
1.85 8.33 23.74 2.0269
1.175 7.46 24.76 2.4748
4.075 7.94 23.02 3.256
2.475 8.33 24.01 2.2542
0.025 7.97 22.95 2.0955
0 7.16 21.78 2.3181
0.125 7.56 18.68 0.6532
7.2 4.2 17.07 2.2431
6.725 2.23 16.18 3.4841
2.925 1.03 8.01 2.326
0.85 2.49 10.59 2.7554
0 2.28 14.88 2.6212
0 4.15 17.65 3.4676
0 5.25 17.37 3.0969
0 3.23 15.91 3.4255
0.9 3.98 16.12 2.3778
0.95 5.72 15.51 3.6107
0.25 3.81 16.06 2.528
0 3.76 16.54 2.4822
0 5.23 16.54 2.5126
0 6.91 18.83 3.0171
0 7.03 21.14 1.7543
0 11.15 26.62 2.6914
0 7.11 24.88 3.3228
0 4.92 19.8 3.2431
0 5.21 21.14 1.0692
0 5.88 21.77 0.5624
0 7.29 25.54 1.4151
0 7.69 27.95 2.6155
0 8.69 26.13 1.859
0 9.48 26.53 0.8358
0 10.64 30.44 0.628
0.175 12.76 31.93 2.9829
0.4 12.76 31.44 2.987
0.125 11.19 28.21 2.2768
0 11.52 29.09 1.7086
0 10.53 27.42 2.8246
0 10.34 27.99 2.4745
0 9.22 26.67 2.7061
0 8.97 26.5 2.5264
0 7.78 24.81 2.7962
0 7.36 23.88 2.5909
0 6.96 23.81 2.5791
0 7.39 24.28 1.8621
0 8.68 25.76 1.7459
0 10.17 26.87 2.1788
0 9.95 26.59 1.296
0 10.35 28.32 0.3727
0 11.6 29.51 1.6813
0 12.72 31.42 1.9441
0 13.45 27.69 1.8591
0 13.05 31.75 2.088
0 15.56 32.84 1.636
0 16.33 33.5 2.4478
0 12.92 32.63 2.49
0 12.18 30.63 2.2418
0 13.34 30.12 2.0297
0 12.88 29.79 2.0483
0 11.99 29.42 2.0846
0 12.05 29.6 1.8994
0 12.06 31.41 1.9721
0 13.73 31.84 2.2495
0 13.75 30.8 2.9113
0 13.55 29.73 2.6202
0 13.59 29.85 2.6164
0 12.7 29.64 2.5048
0 11.85 29.46 2.8598
0 9.04 27.67 2.4811
0 8.92 25.72 1.9479
0 12.04 27.87 2.3167
0 7.54 24.18 3.0267
0 5.37 17.54 1.9846
0 4.95 18.93 1.3756
0 7.03 23.57 0.3552
0 9.09 27.16 1.248
0 12.37 29.35 2.9169
0 12.95 30.31 2.6149
0 10.74 28.61 2.9406
0 10.53 27.78 3.252
0 7.53 25.26 1.3733
0 6.59 24.94 0.312
0 8.19 26.98 0.6582
0 9.29 28.51 0.7991
0 10.26 31.17 1.2574
0 12.39 32.09 2.0852
0 13.03 31.12 2.1515
2.95 13.33 32.28 2.3462
3.4 12.09 26.86 2.9434
0.975 9.81 23.6 1.5638
0 8.33 26.21 1.5587
0 7.41 26.31 0.4517
0 7.99 27.4 1.4109
0 9.69 28.83 1.1335
0 11.66 29.41 1.2192
0 11.54 30.68 2.7986
0 12.38 28.24 1.8213
0 10.83 27.59 0.7307
0 10.75 29.41 0.2893
0 11.85 29.34 1.38
0 11.47 29.18 2.1874
0 9.93 27.97 2.0292
0 7.33 25.88 1.9463
0 6.96 23.22 1.5155
0 7.73 24.12 0.4606
0 7.81 24.57 0.954
0 9.37 26.79 0.3757
0 10.59 28.85 0.9302
0 11.94 30.35 1.7906
0.5 10.53 26.26 2.1566
0.275 7.07 21.96 2.6256
0 5.18 22.8 1.5288
0 6.42 23.59 1.3311
0 8.62 25.24 0.3498
0 8.82 26.31 1.081
0 11.22 29.07 2.1551
0 10.84 27.37 1.0329
0 12.47 23.23 2.2975
0 9.49 29.99 2.4084
0 11.5 29.31 1.4156
0 9.21 28.7 0.6465
0 9.54 28.28 0.7576
0 12.43 29.61 1.1848
0 10.74 30.29 0.3883
0 10.46 30.89 2.0478
0 9.99 27.89 2.4946
0 -0.06 16.31 2.344
0 -1.66 15.77 2.5038
0 1.45 19.68 0.7105
0.65 3.42 20.17 3.2099
0.425 -0.74 18.47 3.5251
0.025 -4.05 5.93 0.3134
0 -2.57 12.12 2.8237
0 -1.59 15.09 1.5233
0 0.05 15.85 1.4163
0 0.63 17.81 0.744
0 2.5 18.92 0.3741
0 1.65 18.72 1.8766
5.725 2.13 18.33 1.852
44.275 2.18 12.24 6.4343
24.55 1.4 8.63 4.3034
0.025 5.64 13.16 0.8846
0 5.73 19.03 2.2884
0 5.93 20.91 1.0818
0.025 6.48 22.96 1.7917
0.775 6.5 18.97 2.3211
0.45 -1.63 10.24 2.3276
0 -1.12 13.01 1.0699
0 0.74 15.75 0.5225
0 1.53 16.53 0.9194
0 3.75 18.48 1.1729
0 3.02 16.88 1.7188
0 2.83 17.42 1.1772
0 2.99 18.05 4.0916
0 -3.68 6.86 4.9719
0 -4.86 8.04 0.75
0 -4 8.83 0.028
0 0.84 14.82 0.8402
0 1.44 17.41 0.8385
0 3.28 19.03 1.1613
0 3.42 20.75 1.081
0 3.54 21.04 1.6468
0 3.24 18.9 2.1692
0 -0.91 13.97 0.4805
0 -0.78 13.23 1.5463
0 -2.68 10.58 1.8434
0 -2.25 11.94 1.2081
0 -0.58 12.61 0.7851
1.9 2.73 13.45 0.4156
3.525 0.51 12.59 2.0887
1.425 -3.48 3.95 1.2312
0 -3.86 5.47 1.1639
0 -5.44 6.82 2.8253
0 -3.04 9.62 2.1898
0 -0.86 12.99 1.5769
0 -1.25 13.69 1.5271
0.325 -3.07 8.41 2.3241
1.075 -2.93 11.33 3.5322
0.525 -2.06 9.32 1.0335
0 -2.36 6.76 0.4087
0 -3.34 9.32 2.2916
0 -2.86 9.98 3.849
0 -1.3 11.15 4.0962
0.45 -1.1 12.42 2.6904
0.775 -0.47 13.11 1.1547
0.3 -3.31 8.57 4.6427
0 -2.33 5.93 5.0357
0 -2.41 9.51 3.9657
0 -2.37 10.59 1.5513
0 -2.87 10.61 2.1663
0 -4.22 10.13 2.1077
0 -3.81 8.29 2.1543
0.025 -3.39 8.89 1.4188
14.575 -5.82 5.2 2.1475
16.65 -4.81 0.3 1.0066
4.75 -13.89 -3.29 0.5997
0 -13.32 -3.75 1.9477
2.4 -9.85 -0.81 3.0793
34.5 -2.39 2.93 2.907
40.675 -1.17 2.16 3.7437
35.875 -2.28 3.19 4.4566
2.35 -4.34 1.91 0.5902
0 -5.03 1.09 3.0812
0 -3.09 3.11 2.4709
0 -1.86 4.78 2.3779
0 -1.67 7.17 2.882
0 -1.98 6.65 4.1962
0.875 -1.92 7.22 2.9518
14.425 -1.98 9.43 1.7633
11.4 -4.02 5.79 3.6785
0.05 -8.78 -1.23 2.7621
0 -5.82 4.18 3.9223
0 -4.2 5.3 3.8513
4.45 -4.2 4.96 4.078
3.075 -2.62 5.35 1.9214
2.175 -4.42 4.3 3.12
7.65 -3.93 2.65 0.6829
3.95 -3.34 2.24 1.474
0.025 -3.54 2.15 2.4357
0 -3.29 5.21 1.8413
0 -3.49 5.58 1.3161
0 -3.47 7.52 4.0888
0 -3.1 9.73 2.9934
0 -2.08 9.06 2.6848
0 -2.18 9.15 3.0831
0 -2.35 8.89 2.7718
0.125 -0.35 10.59 3.0948
1.075 0.27 10.69 2.3707
0.525 0.77 9.45 2.4289
0.825 0.4 7.56 3.1488
19.05 -0.85 10.59 4.2778
11.4 -0.61 8.11 2.0186
0.05 -3.89 3.83 1.36
0 -3.94 6.55 3.3184
0.775 -3.24 8.54 1.9978
27.225 -2.34 6.68 2.4656
50.075 -1.96 4.9 4.6435
33 -2.91 0.59 5.3411
31.875 -2.99 -0.1 6.315
33.05 -5.69 -1.07 4.0974
22.375 -4.34 -1.66 4.158
4.075 -6.89 -2.62 0.8335
1.2 -7.34 -0.42 2.1983
4.9 -6.34 0.44 3.6648
2.525 -2.61 0.97 2.9985
0 -3.64 5.2 1.3012
0 -5.63 5.52 2.7877
1.725 -4.44 4.84 3.2067
1.025 -2.51 6.24 1.3741
0 -6.08 4.07 1.2562
0 -6.26 5.9 1.696
0 -4.11 6.27 1.9969
0 -3.39 6.16 0.5938
7.075 -3.01 6.73 2.5537
16.475 -1.79 6.18 3.5283
13.65 -1.15 3.67 1.7893
4.025 -2.88 1.17 2.7014
0.65 -4.67 2.17 1.3035
1.475 -4.48 2.76 2.2967
0.7 -5.4 1.27 0.667
0 -4.6 4.06 0.9539
0 -2.32 5.87 0.9903
0 -2.6 9.74 1.7006
0 -2.61 10.13 1.6153
0 -1.94 12.2 1.0383
0 -1.44 11.58 1.6688
0 -0.94 13.21 2.4159
0 -0.25 13.61 1.2976
0.9 -2.57 11.92 1.337
5.025 -1.25 7.12 2.5638
13.7 -1.68 7.7 3.272
6.275 -5.79 1.87 2.2531
12.025 -5.64 3.94 3.5872
19.225 -3.74 4.25 2.8518
3.3 -3.64 3.83 0.7242
28.05 -2.97 8.23 4.2445
18.925 -2 7.15 1.7817
1.525 -3.52 1.2 0.5939
0.5 -3.49 8.01 2.3159
5.425 -0.81 10.34 2.6462
17.725 -1.96 6.71 3.1699
8.775 -5.08 3.11 3.1874
0.05 -6.12 1.29 1.3134
0.025 -5.02 5.71 2.5548
0.15 -4.79 5.62 0.9887
6.775 -3.83 7.45 2.4814
5.2 -8.28 2.54 3.9922
0.7 -6.78 1.15 2.2345
0 -7.55 0.73 0.3517
24.95 -5.08 8.85 1.9783
14.95 -4.71 6.25 2.6122
0 -5.06 3.26 2.5387
0 -4.85 10.37 3.6951
0 -3.51 14.7 1.4555
0 -1.36 16.64 0.6655
0 0.37 15.99 2.8553
0 -2.46 14.93 2.0651
0 0.22 17.54 2.0094
0 -1.32 16.2 0.6284
0 -1.84 14.55 1.4024
0 -2.68 13.68 2.2279
0.475 -2.63 15.39 2.0358
1.4 -0.63 15.09 2.361
0.65 -4.91 7.45 2.7253
0 -3.53 5.36 2.7689
0 -2.62 13.11 1.2618
2.3 -1.08 15.48 2.3349
9.775 -0.74 13.55 5.6009
5.9 -3.84 3.15 3.1785
3.6 -8.21 1.55 0.976
7.55 -6.52 8.72 2.1645
1.65 -4.3 3.29 2.1314
16.525 -4.06 4.29 2.7407
10.075 -4.55 1.92 3.3796
0.1 -8.19 2.72 0.9594
0 -6.78 8.5 2.0927
0 -5.29 13.54 0.4605
0 -1.97 14.53 0.9391
0.625 -0.94 13.92 2.0116
11.05 -0.37 9.44 4.0089
11.325 -2.5 4.33 4.6456
2.925 -4.63 1.22 1.0682
0 -4.26 6.91 0.6825
0 -2.9 8.81 0.8137
0 -1.17 14.48 2.624
0 -1.61 14.45 1.4977
0 -0.6 16.39 1.0623
2.95 -0.02 17.53 1.8358
15.475 0.11 15.24 2.6667
9.7 -3.87 4.05 3.048
0.875 -3.38 -0.24 1.7033
0 -3.09 3.4 1.5615
0 -0.71 14.13 0.8136
0 0.52 16.18 1.3589
0 1.48 18.55 0.7522
4.875 2.8 19.1 3.9262
7.975 -0.1 9.61 5.1525
4.275 -5.53 3 4.0964
0.75 -5.45 3.4 3.5332
0 -3.66 9.3 2.0401
0 -1.38 12.76 2.155
0 -0.91 17.48 0.8876
0 0.53 19.06 2.0894
0 1.66 18.63 3.651
0 -0.45 15.33 2.1388
0 -0.15 14.14 0.7057
0.05 0.8 16.2 2.8795
3.375 0.41 15.37 3.8698
8.3 -3.02 7.41 3.2194
3.825 -6.56 4.7 4.3727
0.025 -5.53 6.38 2.2728
0.025 -0.74 12.8 0.919
0.025 -0.13 16.68 0.5472
0 2.64 18.51 0.4554
0.85 4.78 20.37 1.2945
4.325 5.41 20.17 1.8818
2.275 -2.41 15.32 1.985
0.075 1.91 12.48 1.7485
0.025 3.6 16.33 3.4458
0 0.65 16.79 4.4442
0.3 -2.88 11.48 3.8037
0.875 -3.21 6.19 4.1284
1.375 -2.7 7.24 2.3763
2.75 -1.88 8.19 1.5403
5.625 0.83 12.45 3.0336
8.175 0.9 9.53 2.5956
3.35 -2.13 7.25 3.6683
0 0.05 11.22 1.9912
0 2.46 18.49 0.5397
0 2.44 21.48 2.5939
0 6.79 20.37 2.9177
0 5.38 18.48 2.7527
0 6.33 20.14 2.8729
0 7.11 21.86 2.8643
0 7.68 21.82 2.1695
0 9.68 26.05 3.1816
0 9.23 26.38 3.1856
0 8.13 23.66 2.5889
0 7.14 23.11 3.9122
0 5.18 21.29 4.712
0 3.69 16.93 5.0158
0 5.04 15.51 3.8003
0 5.6 20.65 1.0638
0 6.51 22.62 1.6279
0 7.99 25.61 3.005
0 3.05 23.25 3.068
0 3.27 19.15 1.096
0 4.49 22.64 2.4017
0 4.76 20.35 3.0854
0 3.4 19.29 2.5173
0 3.93 21.43 1.548
0 5.33 20.29 1.155
0 7.07 24.16 1.7651
0 8.37 25.05 2.0726
0 9.86 21.88 2.665
0 8.65 22.78 2.3502
0 10.6 24.68 0.9268
0 12.54 29.12 1.5805
0 13.05 30.56 3.0846
0 10.71 27.49 2.9678
0 8.54 25.75 2.6296
0 6.83 23.9 2.7517
0 8.76 24.08 1.9748
0 7.16 23.39 0.8144
0 8.88 25.98 1.9631
0 9.74 27.49 2.5865
0 10.81 26.73 2.2753
0 10.45 26.22 2.43
0 13.61 28.43 2.2253
0 11.6 27.88 1.7992
0 11.8 29.27 2.2874
0 13.59 28.56 3.2619
0 12.97 27.98 3.3964
0 11.43 25.07 1.9906
0 11.22 27.44 1.4399
0 12.81 30.55 2.6056
0 12.5 30.53 2.7533
0 13.68 30.37 2.581
0 13.57 31.9 2.2132
0 12.04 31.07 2.1208
0 11.74 29.08 2.4713
0 10.55 28.19 1.0731
0 10.92 27.52 2.2809
0 11.16 28.67 2.0848
0 12.82 29.54 2.5169
0 13.83 29.18 2.6443
0 9.9 28.34 1.8623
0 8.87 28.33 2.2389
0 8.94 26.58 1.9128
0 9.8 27.79 2.1604
0 10.11 28.02 2.343
0 9.14 27.53 2.0731
0 8.9 26.63 2.3746
0 8.81 28.73 1.4088
0 8.87 28.14 1.9178
0 9.63 27.83 1.9427
0 8.5 27.28 1.9637
0 9.14 26.66 2.4592
0.175 10.15 25.79 2.7659
0.1 9.85 22.19 1.9163
0 8.2 25.06 1.7821
0 9.8 26.27 2.2164
0 7.64 19.96 1.085
0 8.95 25.59 1.3986
0 10.41 27.08 2.3729
0 10.36 27.48 2.7417
0 10.52 27.81 1.1737
0 9.9 29.46 1.6157
0 11.92 29.98 1.7494
0 10.13 27.72 1.8797
0 9.43 27.78 2.2197
0 9.37 28.58 1.8511
0 10.42 26.53 1.7293
0 7.6 24.57 2.3169
0 10.81 29.06 2.0294
0 12.19 32.4 0.6452
0 13.94 33.52 2.2528
0 11.89 32.13 2.5184
0 7.33 27.03 2.8073
0 7.22 17.73 2.2874
0 4.09 16.5 2.4089
0 3.95 18.28 1.1055
0 5.05 21.61 0.4637
0 7.72 26.66 0.3351
0 10.03 30.07 1.1804
0 11.39 30.12 1.2245
0 10.33 29.52 1.9873
0 8.61 26.9 1.1807
0 8.17 27.15 2.3691
0 6.9 25.69 2.902
0 1.56 13.27 2.0937
0 3.95 20.47 0.5695
0 4.7 21.37 0.6718
0 6.6 25.25 0.9391
0 6.83 25.05 1.6299
0 6.03 23.54 1.3975
0 5.53 23.45 0.8102
0 5.64 23.51 1.4358
0 4.8 24.63 1.5894
0 5.57 23.59 1.5059
0 5.45 23.34 1.4317
0 4.76 19.24 1.1322
0 3.3 21.6 1.0274
0 5.21 19.95 2.6902
0 4.16 17.89 1.0504
0 5.29 22.73 0.4504
0 8.73 25.97 0.9399
0 10.28 29.38 0.438
0 11.93 30.11 1.0296
0 14.02 31.41 0.5736
0 12.53 31.99 0.4858
0 10.94 31.36 0.3328
0.2 9.5 26.64 0.4308
5.725 9.7 23.78 1.2972
21.05 10.39 24.62 1.5543
23.4 7.48 15.08 1.5196
2 5.34 9.25 0.8146
7.1 1.55 9.83 0.8101
2.05 1.82 9.58 2.0108
0.6 0.02 10.38 0.9245
0 1.67 15.51 1.907
0 2.07 18.37 1.5981
0 6.12 20.78 1.2667
0 5.68 22.16 2.243
0 8.15 23.84 1.6243
0 7.88 23.79 0.7432
0 6.67 23.27 0.5775
0.05 6.91 22.72 1.1415
1.225 7.27 19.18 0.8395
0.65 4.73 14.99 1.0223
0 3.81 12.89 1.7098
0.575 3.88 19.73 0.9336
0.325 4.8 16.42 2.0112
1.375 2.29 13.82 1.8102
11.425 3.17 12.67 1.6068
24.1 5.29 8.27 4.4218
12.125 1.44 9.47 3.6977
0.025 -1.16 8.94 1.7077
0 -3.29 9.12 2.9232
0 -3.32 11.27 3.2338
3.275 0.51 13.67 2.1369
2.375 1.18 14.39 1.9336
0.225 -0.53 5.96 0.9471
0 -0.79 11.81 1.9313
0 0.39 15.14 3.2256
0 2.42 19 3
0 5.3 20.42 2.0459
0 5.24 19.64 1.0625
0.2 5.25 18.6 2.2635
21.575 2.89 14.77 2.8842
12.85 -1.5 6.35 2.7784
1.925 -4.13 6.19 0.5742
1.6 -3.35 6.28 1.628
0 -4.11 4.2 2.6338
0 -3.11 8.44 1.4543
0 -2.08 11.3 3.0989
0 -0.23 11.73 1.5646
0 1.48 14.51 2.3817
0 0.81 14.81 0.8241
0 -0.37 13.19 2.1191
0 -1.18 13.61 2.0895
19.1 0.14 13.24 2.8695
31.55 -2.78 7.19 3.2224
22.275 -5.18 -0.21 5.283
8.75 -5.06 -2.12 2.9448
11.35 -4.27 -0.25 4.1176
5.95 -9.27 -1.49 1.0101
0.175 -9.6 -1.41 3.2593
0 -9.22 -0.71 3.3141
10.25 -5.46 0.81 2.731
6.6 -7.87 0.35 2.8426
0 -11.64 -2.38 2.2492
0 -10.39 -0.49 3.0383
0 -5.89 2.76 2.2907
0.025 -4.79 6.63 2.5821
0.05 0.88 7.55 1.5255
0.425 0.47 8.28 1.9258
13.275 -0.13 3.97 2.1799
7.375 -0.59 8.07 3.2128
0 -2.09 5.27 2.3583
1.95 -1.15 9.85 1.7524
3.7 0.36 7.88 0.9583
1.05 1.16 6.47 1.2376
0 1.29 8.73 0.4815
0 -1.2 9.2 2.3415
0 -1.17 10.01 1.4682
24.2 -0.45 11.46 1.6846
16.775 -2.28 5.91 1.7966
5.2 -3.45 2.52 2.3698
67.125 -3.79 1.93 3.5771
98.975 -2.16 2.37 5.3874
71.2 -1.22 4.52 6.2507
29.4 -3.1 5.43 1.9748
10.45 -3.57 -1.78 2.2139
5.05 -3.28 0.46 2.2751
1.55 -2.95 1.74 0.3293
0.075 -3.94 3.33 2.7839
21.15 -3.72 5.85 5.2324
12.525 -3.62 5.74 1.7999
0 -4.73 -0.27 1.0788
23.1 -4.61 0.54 2.2466
16.475 -2.56 2 4.3918
1.6 -11.92 -0.49 2.6943
1.675 -11.89 -1.89 1.4033
14.4 -11.34 -2.93 3.9496
23.175 -3.94 -0.59 4.9563
21.475 -4.29 -0.08 2.6443
0 -6.29 -0.57 3.2828
0 -7.11 -0.6 3.9584
0 -5.29 3.76 5.5174
0.05 -5.13 4.05 3.849
0 -6.2 1.34 1.8745
0 -6.23 4.33 1.2004
0 -7.8 2.11 3.2462
2 -7.73 3.17 3.2735
8.175 -3.21 2.96 1.7262
0.175 -4.02 5.45 1.6848
0.175 -4.27 6.08 1.4824
0.125 -3.97 7.14 2.5791
0 -2.66 8.48 1.1001
0.125 -2.05 9.99 0.7675
0 -2.11 8.51 2.3395
0 -2.5 11.05 1.3517
0 -4.43 12.11 4.3248
0 -4.43 9.9 3.7798
0 -5.22 9.78 2.6495
0 -1.96 12.19 3.8624
0 -2.84 9.62 2.0826
0 -2.35 10.65 2.2401
0 -2.4 10.53 4.9985
0 -2.4 11.38 3.2707
0 -2.4 11.8 1.8139
5.15 -2.47 11.77 0.5206
14.775 -2.96 11.25 1.8536
5.525 -5.04 -0.07 1.5568
0 -5.73 4.1 1.884
0 -7.55 5.51 3.0709
0 -7.2 6.11 2.1378
0 -5.62 7.48 2.8358
0 -2.63 11.38 1.7595
0 -2.02 12.22 1.9529
0 -1.27 13.46 0.6028
0 -3.38 12.86 2.0665
0 -5.54 11.9 3.5938
0 -6.65 6.31 3.9088
0 -6.25 7.72 4.0398
0 -4.68 11.37 2.739
0 -2.79 13.41 1.2797
0 -2.98 12.88 3.2256
7.85 -2.95 8.91 3.7884
37 -2.51 8.95 5.906
25.375 -5.52 -1.35 4.2826
33.725 -4.62 -1.85 3.2847
28.4 -4.71 0.06 3.9688
3.35 -8.95 -0.51 0.9223
0.05 -8.95 0.81 1.1283
0.025 -8.87 0.38 0.3566
0 -8.16 4.02 0.3069
4.65 -7.55 3.52 2.1787
15.025 -6.27 2.11 5.831
14.35 -9.18 -1.45 0.7958
0.025 -11.18 -2.58 0.4411
0 -10.93 0.72 2.0706
2.95 -9.57 5.49 1.6519
9.775 -4.11 7.18 3.4315
11 -2.04 5.1 1.4531
1.85 -4.38 6.53 1.4796
2.5 -3.7 9.9 0.6417
18.85 -2.51 11.81 1.7361
22.925 -0.8 4.59 4.5766
0.025 -4.34 3.77 0.4575
0 -3.89 9.56 1.4846
0 -3.19 14.15 0.8624
0.725 -2.26 13.29 1.3132
0.425 -1.9 10.92 0.8073
0.9 -1.74 12.63 0.8051
0.675 -0.39 9.21 0.946
7.65 0.08 12.51 1.0545
25.775 -0.66 13.65 2.5353
2.475 -4.27 7.73 1.0954
23.2 -5.16 8.2 3.167
31.175 -4.28 1.9 4.866
65.975 -3.99 0.04 6.0943
19.8 -4.67 0.42 2.6347
4.4 -5.02 2.55 0.9775
16.175 -4.58 3.12 4.6338
46.325 -4.46 2.01 5.312
34.425 -7.96 0.33 3.9009
17.3 -3.46 2.13 2.9026
8 -3.05 -0.5 1.4394
0.05 -3.01 6.24 0.6327
0 -3.05 9.3 1.3981
0 -2.66 11.42 2.3269
0 -1.74 13.08 2.2591
0 1.01 18.03 1.578
0 1.19 20.86 1.1962
0 -0.7 16.86 1.1082
0.125 -1.35 14.94 1.9009
0 -0.58 16.76 1.4677
0.925 0.03 16.62 1.6691
7.5 -2.93 14.96 3.5021
8.8 -7.96 -0.61 1.3762
3.625 -8.25 -1.98 1.5091
0.275 -8.09 4 0.6214
0 -5.2 9.18 1.6358
0 -3.85 11.02 1.5942
0.225 -2.08 11.7 2.8658
0.225 -4.82 4.31 0.6852
0 -3.49 11.06 0.7797
0 -0.69 16.43 1.6364
0.05 0.26 17.92 2.4508
0.025 0.55 17.87 2.9271
0 1.58 13.92 1.8235
0.575 -0.55 15.99 2.2362
12.025 2.02 8.51 2.4273
1.15 -0.95 11.33 0.9076
0.475 -1.32 11.1 1.5099
0.325 0.27 10.2 2.4649
1.25 -0.07 8.48 2.3925
0.025 -2.41 10.89 2.9514
0 -1.13 12.77 0.881
0 -0.23 15.3 2.5517
0 -1.93 15.11 4.7586
0 -0.3 13.86 3.7014
0 -1.19 13.45 1.929
0 0.08 16.03 0.4404
0 2.45 18.59 0.8487
0 3.77 20.05 2.9724
0 5.89 22.64 0.6889
0 5.84 23.3 1.6517
0 4.95 22.01 2.1683
0.45 3.98 19.87 3.1673
3.175 -0.12 10.11 3.4319
5.525 -2.24 6.03 2.8275
0 -0.92 13.84 1.7919
0 2.55 17.46 1.2379
0 3.91 20.19 0.6137
6.275 4.19 21.67 2.9451
12.075 -3.18 13.32 2.7881
5.75 -3.35 2.63 1.1209
16.65 -2.15 6.39 3.5288
16.1 -2.41 2.72 2.4451
1.7 -1.94 6.49 3.465
0.15 -1.12 12.21 1.9062
0 2.21 17.37 2.0671
0 2.2 16.96 3.0128
0 1.31 16.44 4.5302
0 0.16 14.71 2.5706
0 1.72 16.25 2.7367
0 1.02 14.86 2.7139
2.15 1.06 15.4 3.3916
2.5 0.95 14.68 4.3675
8.5 -1.88 9.94 4.9617
2.35 -0.83 8.93 2.8513
0.325 2.08 14.04 2.6225
0.275 1.69 14.88 3.0238
0.875 -1.99 8.55 1.7627
0.025 -1.02 11.63 0.4796
3.875 0.58 11.97 2.9207
13.35 4.41 8.33 1.24
7.375 1.16 13.12 3.3794
0.025 0.75 10.11 1.9809
0.025 1.77 12.55 3.1369
0 3.34 18.57 1.6999
0 5.37 20.8 2.3874
0 5.63 21.6 3.0877
0 4.44 18.89 2.6419
0 5.59 19.57 2.73
0 6.9 22.23 1.749
0 8.5 25.41 1.8738
0 8.88 25.21 2.721
0 6.1 22.04 1.3957
0 7.28 21.7 2.902
0 7.07 22.93 2.0438
0 8.29 23.31 0.3155
0 9.26 26.09 0.4844
0 10.48 28.72 2.4493
0 10.71 28.08 2.7791
0 8.38 26.23 2.6854
0 8.22 25.64 2.7518
0 7.64 24.67 2.3346
0 8.52 25.26 2.3085
8.9 8.79 25.63 2.4482
13.025 6.58 22.42 2.4041
3.175 4.31 14.4 2.2321
0 5.71 20.71 0.9678
0 8.02 25.55 0.8028
0 10.76 28 0.5519
0 10.81 28.69 1.5527
0 11.76 28.61 1.9253
0 12.93 26.91 2.5473
0 13.59 27.69 2.8005
0 12.75 26.92 2.2854
0 11.75 27.34 2.56
0 9.76 26.85 2.171
0 8.83 26.35 2.2726
0 7.9 23.25 2.3353
0 7.61 23.28 3.0954
0 7.29 21.75 2.6613
0 7.92 19.83 3.2223
0 6.45 19.69 3.0512
0 6.74 20.57 1.9188
0 6.73 22.42 1.2875
0 7.14 24.64 1.9069
0 7.39 24.82 1.3443
0 8.36 25.75 2.3169
0 9.77 26.42 2.8164
0 10.25 26.17 1.8759
0 11.37 26.8 1.8333
0 9.45 28.16 2.1131
0 9.45 27.23 1.8831
0 9.18 26.24 1.7494
0 10.42 26.72 1.5994
0 12.42 28.39 2.364
0.15 13.39 29.16 2.9453
0.55 14.86 29.09 2.0496
2.475 11.19 25.67 1.4167
0 11.75 27.17 1.8875
0 11.47 28.64 2.0609
0 8.47 27.36 2.9801
0 7.32 24.11 2.291
0 8.97 25.38 2.9861
0 8.3 24.9 2.3118
0 9.6 25.86 1.7112
0 9.15 26.73 1.7946
0 9.1 26.66 2.2102
0 8.29 25.83 2.6339
0 8.18 25.91 1.6446
0 10.03 27.98 1.1859
0 10.29 28.14 1.9855
0 9.95 26.99 1.552
0 8.84 26.36 1.2037
0 8.27 26.54 1.5265
0 8.16 26.1 1.4775
0 9.09 27.05 2.5714
0 8.65 25.36 1.9079
0 7.66 25.04 1.2611
0 6.46 25.12 0.9803
0 7.66 26.12 0.9879
0 9.04 27.2 2.0253
0 11 27.91 1.208
0 10.77 27.87 0.7435
0 11.02 30.33 1.04
0 11.77 30.14 1.3645
0 11.66 30.31 1.6111
0 9.43 29.13 1.8226
0 7.56 26.74 1.763
0 8.07 26.36 0.8206
0 8.25 26.23 0.6686
0 8.91 28.22 0.9073
0 9.94 27.47 0.9789
0 10.58 28.27 1.7795
0 10 26.78 0.7193
0 10.72 27.72 0.9021
0 10.85 29.08 0.8606
0.725 11.22 28.14 1.5121
3.25 9.55 27.8 1.0197
3.15 9.68 24.44 1.4926
8.525 6.41 19.13 1.3694
1.85 7.37 22.17 0.5457
10.825 7.54 24.22 1.1582
0 7.64 22.15 2.3747
0 8.42 24.05 1.8641
0 7.82 21.74 1.6304
0 6.07 21.3 0.2413
0 7.01 24.38 0.2592
0 9.59 26.84 0.9302
0 10.56 27.11 0.4167
5.325 10.68 27.67 0.2249
0 11.25 27.82 0.5284
0 11.22 28.66 1.6409
9.3 8.12 24.7 2.2382
0.1 6.25 17.84 1.8751
0 6.32 21.34 0.4806
0 9.92 25.25 0.6409
0 10.11 25.52 1.1247
0 9.09 27.26 1.4208
0 7.74 26.58 2.2465
0 7.93 24.02 1.8461
0 7.39 20.21 1.9819
10.425 4.87 17.28 2.2892
31.2 2.94 11.96 3.6964
15.175 -1.88 8.47 0.8038
2.225 -2.65 7.87 0.9264
0 -2.39 10.29 1.2367
0 -0.22 14.6 1.1614
1.05 1.39 16.57 1.4813
3.775 2.3 13.01 1.5554
0 3.3 18.54 0.8971
0 3.92 20.66 0.5676
0 7.47 23.08 0.4366
0 5.57 22.61 0.971
0 5.62 20.76 1.498
0 6.03 20.62 1.671
0 6.52 21.22 1.6258
0 4.72 22.18 0.7527
0 4.14 19.46 0.6152
0 4.59 19.78 0.5088
0 5.08 19.52 2.1162
0 4.01 21.29 1.7375
0 4.42 20.76 2.1522
0 3.17 18.79 1.314
0 0.79 14.3 3.3054
0 -1 12.81 3.3806
0 -0.92 12.89 2.073
0 1.29 15.17 0.8955
0 1.38 17.06 2.1135
0 2.08 17.88 0.1281
0 1.79 16.95 3.0474
0 1.74 15.59 4.2235
3.275 -1.76 15.43 3.7107
7.15 -4.02 12.83 1.7972
2.575 -6.18 0.78 0.3431
6.55 -5.52 1.71 1.4361
0.15 -5.88 1.26 0.8874
0 -6.21 3.76 2.3001
0 -4.8 6.24 3.277
0 -4.86 10.34 3.1098
3 -2.59 10.6 3.5936
3.875 1.14 8.18 1.0659
0 0.05 8.54 0.208
0 0.7 9.9 0.7017
0 -2.25 9.96 0.5725
0 -1.95 10.36 0.9054
0 -2.01 10.79 0.8328
0 -2.29 11.07 3.0291
0.825 -2.93 5.39 2.1433
1.875 -2.49 2.49 4.0498
2.6 -4.78 1.62 1.6239
0 -4.83 4.83 2.2234
0 -4.25 8.31 3.427
0 -3.82 14.24 2.1287
0 -3.87 10.92 0.8328
0 -2.8 8.86 2.9513
0 -1.66 11.71 2.3966
0 -0.46 12.16 1.0697
0 1.13 11.94 1.7396
0 -2.49 13.17 3.3277
0 -2.94 9.44 8.7315
0 -3.13 5.21 3.6382
0 -5.56 8.97 4.4008
0 -6.5 7.37 2.7313
0 -5.95 5.79 3.4832
0 -7.13 6.04 3.1058
0 -6.36 5.89 3.6247
0 -5.64 7.42 3.6468
0 -5.2 7.52 4.3016
0 -4.62 8.05 3.2478
0 -5.37 7.56 1.0315
0 -6.65 6.31 1.6788
0 -6.74 3.29 1.4724
0 -6.34 3.9 1.2089
0 -6.13 4.33 0.9091
0 -5.87 3.58 5.5887
0 -4.84 7.59 4.6686
0 -6.36 7.81 2.7036
0 -6.89 7.88 4.5752
0 -7.11 6.49 4.5379
0 -6.24 4.52 3.4514
0 -7.62 6.25 4.5651
0 -7.23 7.25 4.0493
0 -6.56 7.36 4.9614
0 -5.34 8.33 3.4257
0 -4.21 8.8 1.3007
0 -4.09 9.86 1.1916
0 -3.55 8.98 1.2728
0 -0.9 12.92 0.9669
0 -2.31 10.84 0.9494
0 -4.46 10.03 2.3968
