1.075 -2.31 12.12 1.4513
7.45 -2.32 4.64 1.341
4.275 -1.73 10.12 1.8092
1.15 -4.04 6.96 3.7816
1.625 -4.22 8.36 1.9308
0.625 2.46 4.84 0.3771
0.075 0.65 5.72 1.48
0.05 0.41 7.94 0.7894
0.025 0.55 10.61 4.0721
0 -1.7 9.48 3.4317
0 -2.49 15.7 2.5529
0 -1.56 13.27 5.3528
0 -0.24 15.95 4.0581
0 -1 19.08 3.8701
0 -0.95 18.42 3.8651
0 -0.47 19.85 4.8869
0 -0.6 18.73 4.2321
0 -0.54 19.18 4.788
0 -0.61 19.64 4.9609
0 -0.44 18.88 3.4959
4.075 0.04 18.58 2.686
17.6 6.2 17.64 2.0633
10.95 8.63 10.44 1.6376
23.425 7.61 12.57 2.2619
10.8 2.54 11.51 3.3292
2.375 -2.48 4.46 0.978
0.3 -4.38 7.69 1.2296
0.025 -4.41 7.93 1.367
0 -2.33 11.3 4.0939
0.15 -2.6 13 4.4444
0.075 -0.73 17.3 2.9281
0 -0.2 16.94 3.0571
0 -0.1 14.91 4.0306
0 0.44 19.54 3.8381
0.025 0.75 21 3.0268
2.525 2.38 20.27 2.6443
9.65 5.55 11.3 2.9977
3.95 2.62 12.43 2.7515
9.125 1.47 12.25 1.1822
6.275 0.11 10.36 3.2903
5.15 -5.73 6.47 0.4067
8.65 -5.54 8.14 2.7493
6.025 -1.79 8.32 1.338
18.375 -2.15 8.08 3.1808
9.45 -0.25 5.28 3.8275
2.75 1.42 8.23 6.2928
13.775 2.85 9.26 5.4382
12.175 2.44 8.27 4.4452
2.2 -0.12 5.9 1.5636
0 -2.09 11.26 3.5218
0 -1.87 15.45 2.6866
3.8 -1.58 16.58 3.7112
13.325 0.15 14.56 3.9517
8.525 8.17 11.21 2.9064
2.525 5.04 12.23 1.6686
1.45 4.61 15.66 1.6216
1.325 3.64 13.82 2.6613
0.25 -0.48 14.12 0.4516
0.3 -0.23 14.15 3.6417
8.825 2.91 17.22 3.0151
26.925 8.26 14.18 4.3389
47.6 5.65 13.78 4.99
24.075 1.62 10.14 2.7159
3.1 -2.37 10.04 0.9971
0.15 -2.17 10.77 1.8775
0 -2.81 9.4 0.3967
0 -2.24 11.78 1.3687
0 -1.23 12.9 2.6263
0 -4.07 9.15 0.5935
0 -3.85 10.94 0.7139
0 -1.31 13.97 1.9764
0 -0.88 15.2 2.0915
0 -0.77 16.2 1.402
0 0.65 13.57 2.6135
0 2.72 15.82 3.1023
0 3.21 16.94 1.0105
0 3.25 18.45 1.1768
0 3.54 19.32 1.2444
0.15 4.47 20.69 0.8945
8.1 4.44 20.25 1.7375
7.425 2.15 14.75 3.925
1.175 -3.13 8.43 2.2119
0.15 -2.89 11.37 1.9665
0.1 -1.64 14.85 0.7404
0 1.31 17.87 1.8664
0 3.95 19.57 1.9545
0 4.36 20.28 1.4357
0 4.28 21.4 3.6034
0 -1.03 15.26 2.1403
0 -1.36 14.9 0.4757
0 1.3 17.98 2.8261
0 2.73 21 2.6206
0 2.38 16.19 5.1352
0 -2.29 14.05 1.9733
0 -1.73 15.52 2.6299
0.175 0 20.91 1.9799
12.45 2.26 23.39 1.1124
8.65 3.64 17.22 2.9789
7.675 2.67 11.45 1.8496
6.025 4.13 11.94 2.2851
1.1 1.54 12.65 3.5996
0 1.7 14.63 1.487
0 2.72 18.55 2.4302
0 4.62 18.48 5.0513
0 -3.35 10.06 5.7217
0 -2.5 12.01 2.8989
0 -0.5 17.01 1.643
0 1.88 20.85 2.5536
0 2.61 24.21 2.6008
0 7.91 28.54 1.4858
0 8.67 29.21 1.1804
0 8.24 30.63 1.846
0.025 7.31 30.04 2.4897
0.175 6.87 21.8 3.1145
0.125 -0.5 14.63 3.2543
0 0.01 17.4 1.9355
0 2.13 18.49 2.2917
0 -0.35 16.77 3.0819
0 -0.6 14.28 1.7055
0.7 0.41 17.42 1.8561
32.25 2.09 20.14 1.8863
18.75 9.52 17.37 2.5796
2.125 9.58 15.37 3.796
2.075 8.11 17.24 1.9635
1.1 9.92 19.54 3.7899
0 8.54 22.42 1.9923
0 7.67 24.07 2.9236
0 6.76 22.67 1.8839
0 7.27 24.3 1.6247
0 7.47 25.67 1.2754
0 7.49 26.83 3.0138
0 5.29 25.14 3.3359
0 5.82 23.06 2.7271
0 6.42 25.98 3.001
0 7.96 24.78 2.0839
0 9.91 28.57 1.5618
0 12.71 33.54 0.3396
0 12.24 35.54 2.1743
0 13.34 34.27 2.4569
0 9.06 28.35 1.4092
0 8.11 27.47 0.9948
0 9.24 28.45 2.3934
0 9.53 28.8 2.9768
0 7.93 26.71 2.7318
0 7.33 25.28 2.0881
0 10.08 26.92 1.6369
0 10.99 29.7 0.9826
0 12.45 32.76 2.0418
0 13.31 32.89 2.5471
0 13.73 32.36 3.0585
0 12.6 26.95 2.2837
0 11.63 28.26 2.217
0.05 10.19 25.52 2.3178
0.8 10.71 24.52 0.4667
1.325 9.3 24.78 2.1388
2.05 8.02 21.52 3.2861
2.45 5.5 18.08 2.1328
0.925 7.09 20.24 2.6288
0 8.35 23.94 2.5558
0 7.22 25.03 3.3752
0 7.76 23.44 3.043
0 7.09 21.96 3.3166
0 8.21 24 2.4493
0 10.41 21.92 3.4884
0 7.75 22.36 2.3649
0 7.34 23.77 2.4622
0 8.45 23.67 2.5912
0 10.12 25.21 3.1345
0 11 28.03 2.0651
0 12.08 31.74 2.8627
0 8.02 30.46 3.2324
0 6.27 25.48 3.335
0 7.44 24.38 1.589
0 9.01 28.65 0.8274
0 11.26 32.37 1.6474
0 12.7 33.91 2.7412
0 11.39 31.45 1.7238
0 12.7 32.46 0.9952
0 13.97 37.43 0.7664
0 15.23 38.76 2.8178
0 14.7 38.64 2.736
0 14.12 35.26 2.2611
0 14.58 34.95 1.8648
0 13.11 34.87 2.8308
0 12.54 34.71 2.558
0 11.87 31.75 2.7761
0 11.09 30.18 2.5186
0 8.68 29.54 2.6893
0 7.93 29.14 2.6543
0 9.16 28.55 2.6443
0 9.27 29.07 2.0684
0 10.56 30.09 1.8808
0 13.51 30.78 2.3331
0 12.08 31.44 1.7043
0 12.4 34.12 0.9526
0 13.46 35.21 1.468
0 14.46 36.86 1.8506
0 15.34 36.78 1.6929
0 16.57 38.32 1.9702
0 16.59 38.92 1.611
0 17.47 38.8 2.4293
0 14.69 36.67 2.5673
0 13.7 35.04 2.4352
0 13.47 34.68 2.1175
0 13.64 33.97 2.1827
0 12.54 33.04 2.3107
0 12.42 33.77 2.0027
0 15.82 36.28 1.78
0 16.3 37.12 2.1234
0 16.64 35.43 2.8726
0 16.12 33.55 2.6162
0 14.34 33.52 2.8233
0 14.9 32.52 2.6392
0 14.18 32.89 3.0841
0 11.56 30.69 2.6135
0 12.11 29.8 2.236
0 12.87 30.91 2.3736
0 10.47 29.42 3.0439
0 7.79 22.94 1.8677
0 8.75 25.65 1.5478
0 10.99 30.07 0.6868
0 13.22 32.39 1.2489
0 14.73 34.99 3.0188
0 13.35 35.7 2.9244
0 12.54 34.44 3.1603
0 11.4 31.66 3.0949
0 8.42 29.27 1.5674
0 8.89 29.72 0.6255
0 12.03 32.28 0.8836
0 13.09 33.53 0.8957
0 13.34 35.1 1.3216
0 14.17 34.16 2.3172
0 15.18 33.96 2.2388
0.1 14.54 36.31 2.2124
0.375 14.87 33.94 2.8974
0.1 12.72 29.47 1.6355
0 11.4 29.64 1.5234
0 10.97 31.31 0.5052
0 10.49 33.21 1.6292
0 10.85 34.96 1.5409
0 12.82 35.07 1.5852
0 12.84 36.5 2.6478
0 14.59 34.71 1.7309
0 13.75 32.52 0.8694
0 12.99 34.12 0.4137
0 13.99 35.7 1.7215
0 13.83 35.51 2.3199
0 10.06 32.24 2.1284
0 9.96 29.02 2.1446
0 8.93 26.5 1.7939
0 9 28.53 0.5742
0 9.62 29.23 1.0338
0 11.78 32.47 0.4766
0 11.96 34.62 1.0479
0.15 13.37 35.15 1.7829
0.625 11.07 31.53 2.2181
2.05 11.41 24.67 2.7346
0.825 9.3 21.95 1.6251
0 8.99 27.01 1.6181
0 11.16 29.77 0.7152
0 11.81 31 0.9343
0 13.29 34.52 2.0287
0 11.12 31.96 0.8896
0 10.83 31.44 2.1583
0 12.41 33.16 2.2
0 11.89 34.11 1.3495
0 11.33 34.04 0.7949
0 11.28 33.54 0.7774
0 11.92 34.71 1.1373
0 11.95 35.78 0.4103
0 12.79 35.69 1.9853
0 12.52 32.14 2.5524
0 2.72 18.16 2.3958
0 3.01 22.06 2.3914
0 3.71 24.22 0.8493
0.15 4.98 25.37 3.1598
0.225 4.11 20.48 3.359
0 0.17 14.77 0.3358
0 -0.19 17.82 2.7404
0 1.92 21.58 1.328
0 3.15 21.68 1.2988
0 3.74 22.91 0.6677
0 4.86 23.45 0.6216
0 5.13 23.77 1.8693
2.5 5.31 22.12 2.0448
42.625 5.31 16.29 6.8953
26.2 10.2 14.69 4.4061
1.45 12.42 20.52 1.0691
0 10.47 24.4 2.1748
0 10.27 24.25 1.1162
0.05 12.34 26.24 1.6968
0.475 7.19 22.9 2.1179
0.2 3.39 16.1 1.5167
0 3.59 17.07 1.0496
0 4.46 20.76 0.7454
0 6.1 21.93 1.2335
0 7.82 23.46 1.252
0 6.38 22.88 1.6847
0 6.24 21.55 1.0958
0 6.96 23.42 4.695
0 2.6 18.09 4.8522
0 -0.88 15.22 0.7822
0 -0.89 14.8 0.164
0 1.37 19.45 0.8526
0 2.6 21.36 0.8972
0 5.06 22.11 1.2789
0 5.58 23.82 1.1913
0 4.64 25.65 1.85
0 4.36 24.79 2.4923
0 3.49 18.4 0.7639
0.025 3.97 18.29 1.6576
0 1.16 17.06 1.8895
0 1.39 16.77 1.1184
0 1.78 17.79 0.7149
0.675 4 17.38 0.4407
2.225 5.14 14.94 1.978
0.825 -0.93 12.48 1.2828
0 -0.88 13.12 1.0626
0 -0.82 14.32 2.7667
0 -0.94 14.76 2.0082
2 0.36 18.42 1.4319
1.05 0.46 18.7 1.9501
0.375 -0.75 13.87 2.3063
12.475 -0.58 14.37 3.7521
5.95 -0.45 14.83 1.1147
0 -0.24 12.04 0.5461
0 -0.43 14.58 2.099
0 -0.08 13.08 3.5318
0 0.19 16.41 3.8587
0.1 0.66 19.44 2.4685
2.525 1.11 19.94 1.0986
1.2 2.5 11.47 5.3557
0 -0.78 14.99 4.8915
0 -1.08 13.31 3.8973
0 -0.61 16.36 1.7205
0 -0.77 15.21 2.1705
0 -1.69 13.73 2.0267
0 -1.55 13.54 1.9979
0 -1.45 14.47 0.8352
7.05 -3.67 10.46 2.1336
10.975 -3.85 5.85 0.7109
3.2 -8.42 3.27 0.7368
0 -8.23 4.14 1.9112
7.825 -7.88 5.67 3.2306
21.4 -1.39 8.94 2.8842
29.175 4.69 9.54 3.8411
21.975 4.52 9.97 3.9863
5.8 3.96 7.41 0.8302
0 0.15 10.93 3.3228
0 1.65 13.01 2.7487
0 1.23 13.37 2.1863
0 -0.67 12.9 2.7145
0 -0.12 6.95 4.0799
0.9 0.42 13.48 2.8568
13.95 2.41 16.36 1.8718
7.325 -0.13 10.5 3.6396
0.3 -4.57 7.38 2.2587
0 -4.07 7.53 3.9689
0 -2.8 12.5 4.0309
3.9 -1.8 14.64 4.1216
3.7 -1.63 11.17 2.157
1.6 0.37 11.18 3.0849
2.75 0 9.4 0.8946
1.6 4.01 9.92 1.4824
0.25 1.58 9.9 2.7572
0.175 1.22 11.55 2.3732
0 1.16 13.07 1.1166
0 -0.29 14.72 3.8773
0 -1.31 15.53 2.8855
0 -1.61 17.22 2.7473
0 -0.55 12.52 3.0895
0 -0.48 13.02 2.6579
1.15 1.05 12.87 3.0021
0.875 2.56 13.55 2.4211
0.2 2.44 10.17 2.4944
0.25 2.46 12.23 3.2306
12.4 3.14 17.24 4.729
7.775 6.03 15.62 2.1027
0.5 -1.49 12.4 1.3933
0 -1.22 12.9 3.3296
0.4 0.23 15.24 2.4491
12.025 0.43 16.42 2.8594
18.15 5.08 12.63 4.9931
18.45 7.51 9.47 5.7975
26.525 2.93 7.89 6.6826
26.325 0.83 8 3.8925
19.35 -0.8 6.6 3.5258
5.675 -1.3 3.24 1.1542
1.3 -2.37 8.86 2.5036
4.6 -1.61 7.96 4.3938
2.025 4.08 9.59 2.9085
0 0.21 11.4 1.3221
0.15 -0.2 11.38 2.7934
1.4 0.95 12.37 3.2121
1.9 1.94 14.2 1.3401
0.55 -1.6 12.5 1.1083
0 -1.64 12.29 1.7955
0 -0.37 13.21 2.1243
0.125 1.71 13.27 0.7055
7.725 1.61 13.97 3.125
6.475 4.14 13.13 3.2981
12.575 6.54 11.49 1.6597
5.75 4.01 8.01 2.328
2.9 4.41 7.98 1.3959
3.675 3.83 9.34 1.8353
1.2 -1.53 8.85 0.5243
0 -1.42 10.54 1.3206
0 2.03 10.92 1.5291
0 0.51 15.41 1.2778
0 0.79 16.11 1.4691
0 0.88 15.89 1.0958
0 1.95 15.44 1.7526
0 2.91 17.33 2.4309
0 1.7 19.01 0.8339
0.925 1.81 16.69 1.0779
3.3 4.32 12.73 2.0469
5.425 3.91 9.49 2.6928
2.475 -2.44 7.19 2.2283
17.95 -2.23 11.23 3.9213
14.55 1.73 8.44 2.6657
2.6 -0.65 9.28 0.8917
24.275 -0.24 13.55 4.7802
14.525 3.96 15.18 1.1041
0.6 0.68 10.94 0.3724
0.25 0.83 13.68 2.2538
7.025 3.39 16 2.7392
20 4.47 8.81 3.3592
8.45 -0.15 7.82 2.6933
0.125 -2.14 8.76 1.3249
0 -1.38 11.24 2.4638
0 0.53 15.28 0.9253
0.425 3.22 12.19 2.5712
3.275 -4.07 7.79 3.5731
1.675 -3.25 9.33 2.0527
0.5 -2.86 9.09 0.4656
16.3 -2.61 12.42 2.3124
8.25 -1.68 11.84 2.33
0 -2.63 11.6 2.6477
0 -1.93 13.32 3.7455
0 0.7 19.75 1.3342
0 2.56 22.05 0.9828
0 3.47 21.68 2.9383
0 0.89 23.18 2.3012
0 1.66 23.23 1.8794
0 3.93 21.59 0.387
0 2.71 19.99 1.591
0 0.85 17.98 1.9042
0.375 0.57 17.71 1.9312
1.65 2.23 18.85 2.3369
0.8 -0.72 12.99 2.0362
0 -0.4 15.69 2.6603
0 0.26 17.66 1.1637
1.825 2.42 20.43 2.7677
12.625 2.4 19.22 5.1932
7.85 0.25 9.64 2.7194
0.65 -2.43 9.92 0.6825
7.7 -2.25 11.58 2.2287
4.35 -0.58 9.83 1.7224
19.6 -0.7 10.09 2.8392
10.925 0.22 9.59 2.869
0 0.18 9.18 0.5868
0 -1.52 13.93 2.2603
0 1.01 17.92 0.7218
0 2.73 18.53 1.7393
0.225 3.53 18.36 1.9835
14.925 5.16 12.28 4.3071
23.975 3.9 9.43 4.4039
8.125 0.9 8.66 1.109
0 1.11 13.27 0.6749
0 2.09 14.48 0.839
0 2.34 17.99 1.907
0 2.8 18.36 1.3065
0 3.37 20.24 1.2284
4.475 5.53 21.31 1.4504
22.225 5.65 19.82 2.5362
16.15 1.41 10.71 3.2592
3.625 3.01 6.9 2.0094
0.2 4.62 9.28 1.124
0 5.47 19.65 0.9568
0 8.47 21.65 1.232
0.45 5.79 24.09 0.7998
6.225 6.27 24.07 4.299
3.05 1.06 13.76 4.7068
0.625 1.13 11.28 3.5384
0.025 -0.67 11.67 3.256
0 0.32 16.85 1.9024
0 2.43 20.03 1.8148
0 5.6 23.04 1.0795
0 5.77 24.4 2.1561
0 4.07 21.79 3.6801
0 1.26 18.51 2.3571
0 1.43 18.65 0.8549
0 2.98 21.17 2.7202
0.25 3.86 19.38 3.5561
12.05 5.59 13.51 3.1682
6.075 -0.73 10.02 3.6726
0 -0.46 15.51 2.049
0.3 2.37 20.76 1.1549
0.5 5.03 23.02 0.7885
0 6.06 24.48 0.679
0.075 7.04 25.58 1.2742
1.275 9.02 25.64 2.0283
0.725 9.08 16.9 1.6911
0.025 8.62 19.38 1.5264
0.075 8.29 20.76 3.364
0.45 2.49 19.65 4.2023
0.7 0.88 13.54 3.5019
0.275 1.44 13.07 4.1034
0.325 3.24 17.48 2.2615
7.75 2.34 16.62 1.5934
6.525 3.24 17.3 2.8632
10.8 6.58 16.43 2.2431
5.475 1.62 15.23 3.1973
0 2.23 16.52 1.7426
0 3.87 23.04 0.8515
0 9.03 26.63 2.4799
0 9.73 24.98 3.0095
0 9.4 23.1 2.2777
0 9.71 25.63 2.3584
0 12.16 25.68 2.5436
0 12.07 26.95 1.8237
0 12.67 29.22 2.6997
0 11.44 29.62 3.0965
0 10.44 26.99 2.592
0 9.97 27.45 3.6274
0 4.61 23.35 4.578
0 5.92 20.22 5.0842
0 7.27 26.09 3.7429
0 8.88 28.58 0.9987
0 9.89 28.63 1.8459
0 10.72 31.44 2.819
0 7.18 27.43 3.195
0 5.46 24.14 1.4254
0 6.13 27.37 2.41
0 5.91 25.1 3.2014
0 5.27 22.97 2.6906
0 6.52 24.76 1.8926
0 7.96 26.93 1.0371
0 9.6 29.72 1.978
1.7 11.01 30.63 2.2536
0.9 11.53 28.39 2.8111
0 12.47 27.57 2.5471
0 13.38 30.92 1.163
0 15.8 35.14 1.6966
0 14.63 37.07 3.1125
0 11.68 32.84 2.9608
0 8.74 30.26 2.78
0 8.74 29.3 2.9332
0 9.79 28.03 2.3887
0 9.87 29.65 1.1708
0 10.64 32.26 1.8952
0 12.09 33.28 2.426
0 12.56 30.29 2.4193
0 13.09 31.74 2.4517
0 14.45 32.85 2.2397
0 14.06 33.98 1.8788
0 15.08 34.99 2.2979
0 15.56 33.85 3.1706
0 14.51 32.14 3.1684
0 14.57 30.91 1.6805
0 15.1 33.58 1.4202
0 16.01 36.64 2.6845
0 17.28 37.67 2.7204
0 15.78 36.72 2.557
0 13.68 36.7 1.9974
0 13.69 35.36 1.9715
0 13.49 33.63 2.4324
0 11.9 32.12 1.0298
0 12.66 32.37 2.3153
0 14.17 33.49 2.1665
0 15.24 35.9 2.7051
0 15.03 34.27 2.8478
0 14.02 29.8 2.0556
0 11.37 28.72 2.4711
0 11.88 30.31 2.2634
0 11.9 31.83 2.4897
0 11.48 31.76 2.3544
0 10.97 31.24 1.9956
0 11.46 31.31 2.3976
0 10.49 32.36 1.5682
0 11.05 32.76 2.0021
0 11.8 32.69 2.0948
0 11.34 31.22 2.1781
0 11.32 30.71 2.5508
0 11.9 30.57 2.9025
0 12.23 29 2.0729
0 11.31 29.07 2.0027
0 11.08 29.24 2.2707
0 9.75 27.54 1.0788
0 10.51 28.61 1.4912
0 12.81 30.59 2.3946
0 12.33 30.65 2.9035
0 12.32 31.3 1.2489
0 13.05 33.35 1.5923
0 12.54 33.26 1.6707
0 10.4 31.44 1.9759
0 11.05 32.32 2.2698
0 11.39 33.47 1.9022
0 8.57 32.15 1.7748
0 9.02 28.45 2.4938
0 10.17 33.17 1.9626
0 12.68 38.36 0.5346
0 16.41 38.29 2.2365
0 12.09 34.44 2.3497
0 8.15 30.82 2.8181
0 6.17 20.69 2.2514
0 6.78 22.23 2.4948
0 7.4 24.03 1.5227
0 8.05 27.36 1.0137
0 11.25 31.85 0.4387
0 12.23 34.97 1.2869
0 12.14 34.61 1.2303
0 15.87 33.22 2.0692
0 10.52 31.67 1.4063
0 10.84 31.1 2.2443
0 9.35 29.64 2.7964
0 5.14 17.77 1.9361
0 5.3 21.83 0.8112
0 6.65 25.76 0.6092
0 9.35 30.46 1.1018
0 9.78 29.87 1.7178
0 8.58 27.82 1.4671
0 8.69 27.83 1.1584
0 8.62 28.36 1.7577
0 8.83 28.37 1.5557
0 9.71 28.09 1.4356
0 9.65 26.68 1.3537
0 8.4 25.44 1.3046
0 7.94 25.63 1.1698
0 6.37 23.39 2.7004
0 6.24 20.84 1.1491
0 6.68 26.42 0.7061
0 8.2 29.25 0.9881
0 16.37 33.29 0.7124
0 10.87 34.02 1.2732
0 11.99 35.67 0.6346
0 13.03 37.6 0.557
0 13.29 35.53 0.3327
0 13.18 32.74 0.5634
3 14.55 31.63 1.1127
7.975 14.14 31.38 1.5689
8.85 10.82 23.96 1.529
0.75 10.59 16.72 1.403
0.425 6.59 16.79 0.7128
4.725 6.55 19.51 2.0922
0 5.53 18.72 0.6977
0 6.11 22.4 1.9056
0 7.28 24.44 1.747
0 9.71 26.66 1.8201
0 10.33 26.91 2.2757
0 10.43 29.54 1.4992
0 10.57 31 0.6082
0 9.94 31.4 0.5377
0.025 9.8 30.21 1.0865
2.75 10.43 26.15 0.9477
1.375 7.2 19.55 1.1947
0 6.68 18.2 1.6236
0 6.89 21.81 0.9132
0.025 8.17 23.27 1.8314
2.3 7.2 20.04 1.5091
11.15 9.09 19.47 1.789
41.975 10.21 15 4.9928
16.65 5.86 14.11 3.4096
0 1.73 15.48 1.5545
0 0.62 16.57 2.9281
0 0.69 17.42 3.499
4.05 6.16 21.85 2.1707
5.275 7.51 21.29 1.8196
1.575 3.96 11.94 1.0013
0 3.89 18.79 1.8282
0 4.57 20.16 2.9816
0 6.36 22.05 2.7171
0 7.55 27.08 1.7461
0 7.76 27.06 1.2332
0.525 7.85 26.75 2.0997
20.75 7.47 21.88 3.2958
10.375 1.62 11.34 2.4794
2.375 -1.03 12.07 0.6826
1.475 -0.16 13.28 1.6173
0.125 -0.79 12.13 2.3603
0 -0.55 14.17 1.4455
0 1.82 15.24 3.0393
0 2.32 16.18 1.7098
0 3.45 17.82 2.7371
0 3.68 19.29 1.3316
0 3.55 19 1.9847
0.375 2.09 19.46 1.8768
21.625 2.13 19.03 2.3322
28.825 0.36 9.05 3.1272
23.95 -0.59 7.47 4.8535
13.675 -0.01 4.77 3.1503
20.55 2.25 7.65 4.0428
8.55 -4.22 4.09 1.317
0 -4.65 6.73 3.2584
1.725 -4.26 8.11 3.3569
15.975 -3.38 11.2 2.7074
8.225 -1.63 6.08 2.3303
0 -6.12 7.98 2.4702
0 -5.66 7.78 3.0662
0 -2.43 10.45 2.2926
0 -2.04 13.76 2.6457
0.325 3.34 10.47 1.4663
1.65 4.84 13.91 2.3729
12.925 5.37 14.18 2.5105
5.85 4.88 17.49 3.5104
0.275 1.21 14.66 2.2154
3.8 1.95 15.3 2.2438
4.35 4.47 11.92 1.2285
1.15 6.43 14.47 1.5676
0 4.38 15.69 0.4442
0 3.32 15.91 2.31
0.675 1.53 16.28 1.3532
17.65 2.05 11.03 1.9618
8.775 1.74 11.42 1.3795
3.6 -1.78 10.49 2.5536
35.775 -1.67 10.05 3.4978
38.775 4.43 10.14 5.0911
76.3 7.08 11.21 5.7435
14.725 2.61 10.9 2.692
7.275 2.01 4.82 2.8093
6.025 2.07 9.98 2.2142
2.075 4.46 9 0.5323
0.55 1.54 12.12 3.1088
19 1.13 14.26 5.451
9.475 0.53 13.23 2.2065
0.4 0.05 10.62 0.8673
47.6 0.15 11.23 2.3531
33.075 2.93 7.95 4.4311
4.075 -4.86 5.72 2.2576
1.375 -6.77 5.26 1.5608
18.1 -5.89 6.09 4.3802
17.1 -5.03 6.2 4.7233
4.2 -0.16 6.22 2.4571
0 -2.73 6.83 3.1117
0 -2.68 10.19 3.759
0 -2.58 11.11 4.9757
0 -3 9.3 3.4563
0 -2.99 11.24 1.7449
0 -3.07 4.47 1.3613
0 -4.5 2.16 3.0904
2.125 -2.55 5.26 3.4322
1.325 1.98 13.63 2.2935
1.075 0.69 13.75 1.6556
0.475 4.28 9.73 1.2222
0 -1.03 11.46 2.6513
0 1.57 11.94 0.7352
0 2.58 12.39 0.6577
0 2.45 9.66 2.4441
0 -0.21 8.71 1.4944
0 -0.61 12.86 4.112
0 -0.17 16.23 3.6731
0 -0.01 15.34 2.9227
0 -1.02 16.58 4.0234
0 -1.02 17.14 1.8583
0 -0.01 15.37 2.1306
0 0.78 16.79 4.9473
0 0.38 19.12 3.5194
0 0.27 18.13 1.798
7.7 -0.72 16.18 0.5907
7.875 -0.77 12.94 1.7566
2.275 -1.43 8.68 1.3465
0 -1.53 9.25 1.7551
0 -3.77 11.83 3.0001
0 -3.27 11.99 2.0218
0 -1.36 12.06 2.5585
0 0.07 13.93 1.6594
0 0.68 16.16 1.9352
0 1.99 17.78 0.6732
0 -1.34 18.25 2.4197
0 -3.11 12.33 3.4651
0 -2.91 12.3 3.6562
0 -1.92 13.49 3.786
0 -1.51 17.43 2.8363
0 -1.45 20.01 1.1751
0.625 -1.48 18.85 3.9051
12.525 5.18 13.78 4.8279
13.275 3.75 12.57 5.7768
35.55 0.23 6.35 4.8191
33.825 -0.62 5.47 2.588
10.15 -1.28 7.24 3.1265
0.55 -3.2 7.04 0.6303
0 -2.92 8.67 1.2067
0 -3.55 8.28 0.4905
0.15 -3.36 11.81 0.6869
7.7 -3.06 9.87 2.3955
18.875 -0.81 7.39 5.1764
7.2 -5.76 5.61 0.9335
8.575 -6.27 5.4 0.4528
0.375 -5.37 8.42 2.3007
2.725 -5.3 12.06 1.852
11.175 -3.32 12.46 3.8993
4.45 6.05 14.56 1.45
0 -1.44 14.59 1.4613
4.25 -0.67 15.06 0.5504
23.375 2.79 17.38 1.7216
11.475 4.51 9.6 4.1273
0.225 0 10.96 0.7134
0.25 0.34 15.48 1.5185
0.05 3.35 17.22 1.0377
0.025 1.81 16.93 1.15
0.075 1.7 13.95 0.4815
7.35 2.71 15.01 1.3784
5.075 5.36 14.57 1.3585
12.925 6.28 17.47 1.6037
9 6.66 17.34 2.4917
1.925 -1.65 11.51 0.9569
16.575 -1.62 12.67 3.7318
29.975 -0.55 10.31 4.7833
60.1 1.94 7.56 5.3722
29.8 -0.05 5.75 2.3189
4.725 -0.71 8.74 1.4279
13.6 -0.58 11.1 5.1642
25.825 2.48 7.55 5.564
20.075 -0.3 5.37 3.9556
17.2 1.14 10.12 3.1497
5.375 3.03 7.51 1.554
0.35 3.51 12.02 0.6822
0 2.12 14.52 1.2773
0 2.36 16.62 1.8939
0 4.5 19.35 2.4487
0 5.09 23.18 1.9014
0 6.46 24.94 0.9852
0 1.6 19.03 1.7847
0 2.16 17.11 1.8518
0 3.81 20.8 1.3929
1.825 3.19 21.1 1.688
5.35 2.78 18.83 3.461
2.325 -1.11 7.4 1.6166
0.025 -3.02 8.53 1.2839
0 -2.89 12.92 0.4265
0 -0.66 14.72 1.5758
0.025 0.95 15.83 1.437
0.525 0.99 15.68 2.6158
0.25 -1.28 11.29 0.5386
0 -1.66 15.41 0.7597
0 1.28 20.24 1.3287
0.075 1.95 21.45 2.0978
0.5 6.59 21.73 2.5566
0.25 8.61 18.08 1.4365
0.7 8.45 18.54 1.897
1.375 8.9 18.22 1.9571
0.5 2.59 16.31 0.8761
0.2 3.19 15.84 0.923
0.525 4.85 17.17 2.0512
0.325 4.7 16.69 2.2563
0.05 1.47 17.31 2.4342
0 1.09 17.61 0.9474
0 1.73 19.69 2.2171
0 3.92 18.99 4.427
0 -0.09 16.04 3.4239
0 0.36 19.62 1.7719
0 1.29 22.33 0.5074
0 4.63 24.34 1.0042
0 5.5 23.77 2.9769
0 6.74 26.98 0.8748
0 7.02 28.84 1.4226
0 6.39 26.13 1.896
0 6.43 20.71 2.7518
2.4 2.11 12.49 2.98
1.2 0.56 14.25 2.4816
0 1.67 21.07 1.7342
0 5.72 22.89 1.1774
0.075 5.87 24.14 0.7143
13.275 6.82 24.31 2.8146
10.7 2.9 14.11 2.6963
3.275 0.92 10.92 1.4371
20.2 2.67 12.45 3.4479
10.2 5.05 10.46 2.1101
0.5 2.16 14.05 2.9122
0 2.72 20.71 1.6267
0 6.42 23.31 2.1405
0 5.6 22.76 3.1557
0 4.38 20.68 4.4521
0.075 4.39 18.76 2.3995
3.35 4.74 20.47 2.745
1.55 2.72 17.87 2.1582
0.1 3.36 18.38 3.1442
1.2 3.52 18.76 4.0185
0.675 4.05 14.76 4.6003
0 2.92 16.29 2.7767
0.225 3.08 18.8 2.5474
0.2 7.55 19.2 2.6789
0.175 2.65 14.45 1.5965
0.6 2.77 16.67 0.7512
8.475 3.3 17.24 3.2815
17.3 10.61 14.76 1.0593
8.175 7.81 19.28 3.4194
0.175 4.99 17.61 2.0567
0 5.78 21.19 2.9281
0 8.69 24.54 1.6207
0 9.05 26.25 2.6249
0 8.48 25.64 3.1304
0 7.37 22.61 2.7524
0 8.07 25.26 2.7081
0 11.16 28.23 2.0867
0 11.93 30.76 2.0597
0 10.75 30.51 2.462
0 10.1 26.87 1.5007
0 10.72 27.83 2.8416
0 10.65 28.49 2.2498
0 11.81 28.58 0.5948
0 13.09 32.4 0.7182
0 15.66 35.05 2.521
0 12.51 34.37 2.5813
0 9.84 30.64 2.4848
0 9.22 29.05 2.6167
0 9.73 28.51 2.4225
0.225 10.88 30.08 2.4156
15.45 11.25 29.8 2.4307
8.025 9.69 23.54 2.4114
0.1 8.05 20.41 2.3458
0 9.19 26.38 1.3362
0 13.15 31.33 1.0466
0 14.14 34.48 0.9123
0 14.26 35.52 1.5619
0 15.29 35.01 1.7022
0 15.95 34.93 2.5108
0 16.26 34.89 2.7998
0 14.63 33.79 2.0316
0 13.63 33.29 2.4423
0 11.39 32.2 2.2297
0 10.27 31.03 2.4294
0 10.19 27.86 2.5872
0 10.58 26.76 3.1575
0 10 24.58 2.7467
0 9.63 24.56 3.3464
0 9.42 24.63 3.2027
0 9.38 25.27 2.0529
0 10.39 26.94 1.2437
0 11.19 27.97 1.9505
0 11.83 29.64 1.5164
0 11.95 31.19 2.3079
0 12.22 31.86 2.7773
0 12.73 31.82 1.917
0 13.65 31.8 1.9782
0 12.55 32.87 2.1529
0 10.57 31.34 1.8921
0 10.67 31.38 1.68
0 11.3 32.39 1.5684
0 12.85 34.01 2.3911
0 12.8 33.92 3.1403
0 16.31 33.46 2.1327
0 16.18 31.27 1.5227
0 14.02 32.42 1.8422
0 13.05 33.39 2.0996
0 11.88 32.76 3.107
0 11.28 29.11 2.411
0 11.96 30.14 3.1112
0 15.4 29.9 2.5442
0 11.15 30.82 1.9018
0 11.37 31.17 2.0203
0 11.01 31.35 2.197
0 11.5 32.22 2.6721
0 11.62 30.86 1.8242
0 12.5 31.3 1.4256
0 13.59 32.96 2.1162
0 10.63 32.36 1.4926
0 10.51 31.46 1.2331
0 10.83 31.94 1.8369
0 11.2 32.44 1.7397
0 11.37 32.22 2.6671
0 10.32 30.03 2.0814
0 10.19 29.08 1.6128
0 10.68 29.09 1.2528
0 11.56 30.77 0.9544
0 13.1 32.89 1.9821
0 13.56 32.87 1.2253
0 14.13 33.43 0.8148
0 14.29 34.5 1.0416
0 14.71 34.99 1.4179
0 12.66 34.5 1.7826
0 11.99 33.33 1.8263
0 10.82 31.25 1.7397
0 10.91 30.31 0.7429
0 11.65 30.79 0.7935
0 12.59 32.81 0.7688
0 13.5 32.75 0.9335
0 16.94 32.85 1.8788
0 11.27 33.01 0.6946
0 11.74 34.27 0.9835
0.2 11.75 34.31 1.0054
0.1 13.29 33.44 1.6147
0.05 13.27 33.47 0.8652
0.25 13.36 32.6 1.749
0.075 11.67 26.1 1.6504
0.1 11.58 28.56 0.7854
0.05 12.15 30 1.4836
0 12.31 29.77 2.4708
0 10.9 28.71 1.7026
0 8.58 25.65 1.7421
0 8.68 26.72 0.6572
0 10.16 29.77 0.3549
0 11.83 32.97 1.0169
0 12.52 33.71 0.7018
0 13.17 34.25 0.5271
0 12.44 35.13 0.6457
0 13.7 34.87 1.5584
0 11.73 30.54 2.252
0 8.33 21.55 1.9342
0 8.4 25.88 0.731
0 10.8 29.82 0.6072
0 11.17 32.21 0.9768
0 11.99 32.02 1.2943
0 9.75 27.87 2.3426
0 9.15 24.5 1.843
0.1 8.28 24.44 1.9706
23.025 6.54 20.3 2.197
16.35 6.84 18.15 3.7039
5.525 6.08 14.29 0.8098
1.875 1.66 12.27 0.8923
0 1.93 16.75 1.2675
0.2 2.33 20.53 1.2057
2.275 6.47 22.46 1.5819
1.125 10.05 18.37 1.7323
0 7.28 23.27 1.0052
0 7.32 25.82 0.7101
0 9.83 27.88 0.4846
0 9.91 27.42 0.9903
0 9.76 27.71 1.2245
0 10.11 25.14 1.6275
0 9.72 26.77 1.4596
0 9.52 27.59 1.0208
0 11.2 23.95 0.705
0 8.16 24.1 0.7786
0 8.38 24.49 2.3428
0 8.07 25.68 1.68
0 7.57 27.19 1.7556
0 7.28 25.24 1.3931
0 2.66 19.96 2.9659
0 2.09 18.57 3.1707
0 4.12 20.02 1.8536
0 4.26 21.19 1.0592
0 4.46 21.94 2.084
0 5.33 23.95 0.4375
0 4.43 23.39 3.6252
0.025 2.81 21.52 4.0868
3.75 2.5 20.68 3.4425
2.15 1.33 18.74 1.7404
6.15 -2.83 10.43 0.617
3.275 -2.6 10.68 1.4706
0.125 -2.38 9.95 0.8727
0 -2.14 10.51 2.0667
0 -0.83 13.98 3.042
0.05 -0.81 15.79 3.0573
3.175 0.14 19.27 3.5906
1.575 6.82 17.55 0.7575
0 4.39 15.34 0.2891
0 6.43 16.55 0.7941
0 2.84 15.58 0.637
0 2.36 17.23 0.9209
0.025 2.35 17.23 1.0876
0.525 1.93 17.03 3.2592
3.525 -0.46 10.38 2.182
1.775 -0.3 10.35 4.032
0.125 -1.2 10.68 1.8856
0 -1.36 12.13 2.7465
0 -1.26 13.21 3.9765
0.3 -1.07 14.11 2.1747
0.125 1.25 11.81 0.708
0 0.48 15.5 2.7666
0 0.73 17.01 2.2758
0 1.61 22.26 1.0155
0 1.2 17.1 1.6332
0 -0.61 18.09 3.8809
0 -1.07 15.73 7.8508
0 -1.98 14.46 3.5033
0 -2.21 13.13 4.1056
0 -3.75 12.85 2.7471
0 -4.32 11.29 3.4626
0 -4.26 12.29 3.0086
0 -4.27 12.77 3.3096
0 -3.26 13.49 3.297
0 -3.19 12.69 4.2302
0 -3.17 15.27 3.0687
0 -3.68 15.35 0.749
0 -2.26 11.26 1.5484
0 -3.12 11.47 1.4423
0.025 -3.63 11.57 0.9433
1.375 -4.22 11.12 0.7621
0.675 -3.75 9.11 5.1538
0 -3.17 11.08 4.4806
0 -3.35 14.68 2.6412
0 -3.34 13.28 4.4599
0 -3.41 11.54 4.2275
0 -4.28 11.36 3.45
0 -6.34 12.26 4.4933
0 -5.72 12.5 3.9417
0 -5.16 10.7 4.9177
0 -4.99 15.25 3.4023
0 -3.62 16.2 1.2752
0 -3.61 14.26 1.0715
0 -2.9 14.43 1.1001
0 0.75 15.03 0.8576
0 0.18 14.85 1.3387
0 -2.17 13.92 2.3723
