3.4 5.96 8.08 1.4509
3.625 6.97 8.73 0.8893
0 0.9 10.44 2.2398
0 -2.34 10.72 2.5867
0.775 2.58 11.27 1.6473
0.1 2.02 9.31 0.343
0 0.46 9.29 1.3614
0 1.91 11.35 1.3758
0 1.53 13.67 3.5199
0 0.33 14.85 3.5074
0 -0.06 15.79 2.4944
0 0.82 17.72 4.8299
0 1.4 20.28 4.2254
0 0.89 19.77 3.7996
0 0.82 19.85 3.6316
0 1.99 20.1 4.7539
0 1.96 19.95 3.7613
0 2.39 20.44 4.2425
0 0.68 21.06 4.5811
0 1.85 20.22 3.141
6.5 4.83 16.15 2.5301
11.7 9.97 14.34 2.0108
12.075 10.61 13.19 1.6776
1.725 9.76 15.66 1.519
5.825 5.98 14.13 3.025
0 3.97 14.33 1.6171
0 1.24 12.98 0.8715
0 1 14.07 1.5351
0 1.05 15.49 3.4903
0 1.39 17.89 3.9805
0 2.16 19.29 2.2037
0 2.48 18.02 2.3302
0 2.01 20.1 3.9859
0 2.49 20 3.7616
0.675 3.1 20.07 2.9555
5.075 8.33 16.58 3.3515
2.725 9.43 15.52 3.2589
0.025 7.32 16.58 2.284
1.5 4.5 16.45 1.1522
0 4.04 13.36 2.7308
1.55 0.77 13.18 0.3445
3.05 5.04 13.67 2.2042
1.625 5.59 13.04 1.2792
8.525 5.71 11.17 2.8249
0.425 6.52 13.45 3.7439
4.3 8.86 12.16 6.9901
9.375 8.31 13.55 5.3181
5.375 7.93 12.76 4.4023
0.35 3.21 15.11 1.9527
0 3.68 17.35 3.506
0 4.93 17.82 2.659
0.425 4.54 16.16 3.3924
2.375 12.03 15.76 4.5546
9.05 4.65 18.52 3.3837
0 8.18 19.03 1.4655
0.15 9.1 18.56 1.7655
0.525 9.38 18.68 1.9558
0 5.43 17.37 0.7816
0 6.6 17.69 3.3483
2.375 12.07 16.31 3.467
2.375 11.21 19.49 4.5756
3.25 9.81 15.88 5.0429
3 5.27 16.66 2.354
0.275 3.66 15.04 1.2841
0 5.16 15.04 1.9107
0 3.6 16.67 0.4302
0 3.07 18.6 1.6868
0 4.64 15.07 3.0536
0 1.01 14.74 1.132
0 1.63 16.58 0.5715
0 4.45 18.87 1.479
0 4.02 21.01 1.3454
0 6.67 16.34 1.6413
0.025 8.22 20.46 2.2156
0 9.3 21.45 2.5854
0 9.35 21.31 1.1621
0 8.84 22.27 1.84
0 9.54 24.73 2.1429
0 10.06 24.04 1.7756
3.325 8.52 20.28 1.4605
1.1 6.5 16.97 3.5455
0 4.75 15.49 2.7453
0 2.81 19.69 2.0024
0 5.34 22.57 1.7374
0 8.92 24.61 2.5363
0 11.03 24.57 1.6209
0 9.5 26.46 1.6111
0 11 22.7 4.199
0 7.92 19.87 2.4784
0 5.63 22.83 1.2632
0 9.91 24.15 3.6692
0 7.9 23.29 3.0103
0 8.08 21.13 5.1252
0 4.42 20.77 1.7934
0 4.7 24.51 2.0526
0 5.21 27.83 1.5394
4.15 8.71 22.39 1.2929
0.675 8.76 18.92 2.5262
3.4 9.97 16.86 1.8403
1.325 9.78 17.83 2.4348
0 6.17 20.05 3.7373
0 8.05 23.33 1.9925
0 9.41 23.92 3.0767
0 8.42 19.21 5.7372
0 7.48 18.19 5.251
0 5.02 21.9 2.8977
0 6.98 25.5 1.7809
0 10.62 28.09 1.8945
0 11.73 33.61 1.8989
0 14.92 34.87 1.5111
0 14.93 35.61 1.5049
0 15.31 36.39 1.4426
0 13.59 29.66 1.7578
0 10.42 23.06 2.8959
0 6.68 23.49 3.2761
0 5.29 22.93 2.4322
0 8.24 22.57 2.2813
0 6.51 19.76 2.8475
0 6.55 20.91 2.1344
0 7.53 22.23 2.0846
7.525 12.45 22.48 1.7547
1.45 13.05 19.73 2.6674
0.45 13.41 21.34 3.2894
0.15 13.4 24.92 1.8487
0.05 15.7 27.14 3.2627
0 11.95 29.17 1.4567
0 11.56 28.79 3.4521
0 12.74 29.32 2.8016
0 12.24 30.66 2.8181
0 14.15 32.39 2.4195
0 14.93 32.11 3.3895
0 12.32 28.42 3.5859
0 13.24 29.61 3.5622
0 15.95 29.9 3.2031
0 14.58 31.92 3.056
0 15.15 36.37 1.3942
0 17.99 40.18 0.212
0 19.2 38.63 1.7587
0 16.23 34.08 2.0233
0 11.54 30.27 1.5083
0 13.26 33.35 1.4226
0 13.21 32.68 2.304
0 12.17 29.7 2.8951
0 11.4 26.49 2.8185
0 11.04 28.89 2.7654
0 14.1 33.44 2.3983
0 17.25 35.91 1.4799
0 17.23 35.29 2.3217
0 16.05 33.63 2.2523
0 13.56 30.6 2.4033
0 13.42 29.77 2.4461
0 12.73 28.42 2.7371
0 14.95 28.12 2.408
1.975 16.56 29 0.9743
1.2 13.97 27.77 2.268
0.35 14.41 23.17 2.4265
0 13.48 25.06 1.5316
0 12.68 26.86 2.4982
0 14.1 28.8 2.6014
0 12.98 26.87 3.2257
0 14.91 26.2 2.8677
0 12.58 26.72 3.4179
0 13.25 26.6 2.752
0.175 15.02 27.01 3.1132
0 14.34 27.27 2.1528
0 13.95 26.31 2.4102
0 13.9 28.82 3.0628
0 15.21 30.08 3.3636
0 16.42 33.72 2.8534
0 17.6 34.6 3.4949
0 13.97 31.35 3.616
0 13.1 28.66 3.7062
0 15.33 31.37 2.3695
0 15.45 35.06 1.3286
0 16.51 37.07 1.8646
0 14.88 35.27 2.6061
0 14.8 34.11 2.0106
0 17.25 37.86 1.387
0 20.77 41.92 1.2065
0 22.32 41.69 2.328
0 17.77 38.77 2.3114
0 17.47 36.13 2.1245
0 16.42 35.95 1.9507
0 16.13 36.21 2.4827
0 16.24 33.79 2.3195
0 15.61 32.21 2.4911
0 11.92 31.39 2.4417
0 12.69 32.25 2.4902
0 14.42 31.83 2.9343
0 15.43 30.8 2.9694
0 13.96 30.92 2.4437
0 17.59 32 2.0296
0 18.61 32.76 2.4821
0 16.44 35.24 2.2672
0 17.53 37.36 1.1792
0 18.59 39.11 1.548
0 19.73 39.19 1.536
0 17.88 39.31 1.5517
0 18.38 39.68 1.8898
0 19.58 40.5 1.539
0 19.09 38.85 2.433
0 17.22 36.48 2.5838
0 15.42 34.66 2.717
0 14.53 34.24 2.272
0 14.84 32.3 2.1744
0 12.62 32.65 2.2099
0 16.19 36.36 2.0233
0 18.16 37.9 2.2276
0 17.37 35.26 2.6231
0 16.27 33.95 3.0188
0 15.15 32.18 2.8797
0 14.77 32.75 3.28
0 16.37 33.68 2.9054
0 14.24 32.18 2.5815
0 14.17 30.52 2.0544
0 14.35 31.28 1.7866
0 15.24 31.38 1.9927
0 13.57 27.61 2.5134
0 14.55 28.19 1.9537
0 15.22 32.35 2.1796
0 16.46 34.87 1.7268
0 17.51 37.35 1.4535
0 18.12 36.37 2.7794
0 16.92 36.6 3.0301
0 17.84 35.54 3.4324
0 16.5 32.35 3.2412
0 12.98 31.98 2.1196
0 14.1 34.75 1.3456
0 15.64 35.41 1.4892
0 15.76 35.22 1.0001
0 16.44 34.71 1.4389
0 14.24 32.91 2.4991
0 14.95 34.95 1.9953
0 17.63 35.97 2.0975
0 16.92 33.82 2.1488
0 13.27 32.97 1.5802
0 12.92 32.76 1.5198
0 14.71 33.75 0.458
0 15.45 36.22 1.855
0 15.72 37.16 2.3723
0 18.68 39.01 2.1667
0 18.07 38.41 2.1916
0 15.81 32.84 1.134
0 15.83 34.06 0.6975
0 19.59 35.97 1.1344
0 19.88 37.47 2.3613
0 16.13 35.69 2.8224
0 12.72 32.11 2.1949
0 15.15 29.1 2.5118
0 13.84 29.93 2.7448
0 13.67 31.49 1.2806
0 14.58 33.45 1.3286
0 16.25 35.74 0.8097
0 17.38 37.62 1.4863
0.4 17.07 31.62 2.419
1.225 14.24 28.58 1.8047
2.9 14.93 26.14 2.2479
0 13.97 28.35 2.1492
0 14.98 31.04 2.4708
0 14.54 32.89 1.824
0 15.24 35.32 0.6676
0 17.39 34.91 1.6026
0 16.89 33.54 1.1971
0 16.02 35.91 1.3358
0 16.57 36.49 1.6212
0 15.34 37.21 1.2792
0 15.7 35.42 0.9784
0 13.98 35.91 0.8636
0 14.31 36.67 1.0447
0 15.92 37.4 0.3196
0 16.52 33.5 1.5915
0 13.05 26.04 2.7996
0 10.32 24.91 2.762
0 10.86 26.41 2.1987
0 8.37 27.6 1.2627
0 10.02 25.82 3.5431
0 8.36 20.83 3.3567
0 6.73 21.48 0.5647
0 6.7 23.34 1.7877
0 8.91 26.3 0.8882
0 8.73 26 1.4512
0 8.5 25.1 0.6571
0 8.73 25.22 0.5028
0 8.73 23.51 1.5879
0.075 8.43 21.2 2.1075
20.35 11.56 19.88 7.1368
2.225 14.15 22.49 4.0568
0 15.92 23.91 1.4282
0 15.75 24.59 2.5481
0 14.08 26.84 1.7129
0 15.4 26.08 1.7346
0.45 9.98 21.35 1.7244
0.175 10.35 22.74 1.1736
0 10.39 22.64 1.3455
0 10.78 23.52 1.4794
0 11.21 25.11 1.7688
0 11.27 26.18 1.8422
0 11.91 25.66 1.5223
0 10.21 27.21 1.3853
0 11.88 22.01 5.2497
0 9.99 18.13 4.8633
0 5.56 18.59 1.0113
0 5.24 21.29 0.5538
0 6.27 22.95 1.0516
0 7.94 23.9 1.3088
0 7.38 25.11 1.2311
0 7.75 24.99 1.2035
0 8.3 24.82 1.9409
0 8.74 22.68 2.773
0 8.55 23.41 0.5252
0 9.46 21.01 2.1779
0 6.31 19.24 2.155
0 4.75 18.68 1.0094
0 7.24 17.95 1.1347
0 8.31 17.58 1.2878
0 8.41 18.06 2.4937
0 4.98 16.95 1.7176
0 3.59 16.77 1.3748
0 0.58 17.69 2.1006
0 0.78 18.45 1.5699
0 1.27 18.82 0.6705
0 5.22 17.79 2.8195
0 0.47 16.05 1.8393
0.175 2.83 17.63 2.9979
0 2.74 12.89 1.4951
0 1.37 17.79 0.4928
0 2.72 15.72 1.5731
0 1.45 17.59 2.8881
0 1.14 19.56 2.9905
0 2.54 20.13 1.8543
2.025 5.81 15.14 1.5562
0 7.16 19.45 5.5072
0 1.24 16.06 4.3256
0 0.66 18.23 3.4077
0 0.77 16.78 1.0271
0 0.21 16.5 1.2102
0 0.46 14.8 1.1848
0 -0.34 15.41 1.4548
0 1.13 11.97 1.0902
0 -4.28 9.61 1.2358
7.25 -2.14 10.1 0.7544
0 -3.66 8.25 0.208
0 -2.61 8.17 1.7923
1.55 -0.58 9 3.3922
4.425 4.86 10.36 3.3362
5.025 9.43 13.34 4.0577
2.475 7.63 13.7 3.098
0 5.36 14.93 0.541
0 5.23 14.91 3.4985
0.625 7.28 14.85 2.9406
0.125 7.37 13.09 1.9944
0 6.7 12.49 2.3598
0 5.2 11.77 3.7005
0.05 4.74 13.4 2.6696
1.775 7.23 13.08 1.6139
0 5.33 12.23 3.8497
0 1.53 10.83 1.7364
0 -1.07 12.33 3.507
0 -0.61 14.45 3.8173
0.3 1.96 9.91 3.9313
3.35 5.59 14.22 2.2269
1.25 6.08 8.3 2.6487
0.575 3.23 11.99 0.769
0.175 7.85 14.68 1.2073
0 6.8 11.94 2.7172
0 6.54 14.55 2.2643
0.025 5.07 12.47 1.0559
0 7.95 10.11 3.6019
0 1.13 13.47 2.9006
0 4.54 9.88 3.0056
0 3.87 9.47 2.9461
0 3.5 8.36 2.1668
0.225 4.92 8.74 2.6346
0 6.67 9.45 2.5131
0 5.73 8.18 2.3064
0.025 5.96 9.44 3.1937
3.175 6.14 14.78 5.0151
10.375 7.71 15.33 2.0939
0 4.86 15.95 0.9675
0.025 4.81 11.16 2.9355
0.075 7.62 12.45 3.1646
10.075 7.29 12.89 3.0117
12.725 9.32 14.81 5.2821
21.3 7.94 13.72 5.6498
15.55 8.55 13.11 6.4043
15.675 5.84 10.57 3.3861
3.475 3.36 9.82 2.8606
1.375 2.87 12.79 1.1472
0 2.36 10.11 2.6114
2.825 6.73 11.69 4.8744
2.275 7.87 11.66 2.9119
0.275 5.45 13.15 0.9433
0 2.63 14.17 2.0742
0.8 4.86 15.24 2.9492
0.6 6.11 15.63 0.8001
0 3.56 12.36 1.291
0 2.95 14.4 1.7476
0.35 6.11 13.27 2.1825
0.125 5 15.8 0.628
2.175 7.52 15.64 3.3909
1.225 10.59 15.49 3.2555
6.95 9.15 12.29 1.56
0.25 7.02 13.34 2.473
1.175 7.23 15.09 1.0531
7.35 7.8 13.25 0.5433
0.3 3.91 14.92 0.9069
0 6.78 15.28 1.2031
0 6.05 17.6 1.7181
0 5.4 17.75 1.0683
0 4.22 18.7 1.3862
0 4.54 19.81 1.6562
0 6.11 20.03 1.9937
0 6.2 20.55 2.166
0 6.82 19.26 0.6672
0.075 9.73 14.87 0.8804
0 6.63 15.03 1.888
6.65 7.26 11.58 2.4793
0.025 5.95 15.71 1.6121
23.025 6.4 12.22 3.7134
3.85 9 15.29 2.3488
0.075 8.07 16.89 0.9371
3.575 8.7 17.93 4.6368
1.325 9.21 15.07 0.8917
2.65 4.54 18.08 0.5889
1.15 5.13 18.3 1.6526
3.25 7.44 15.07 2.8388
11.45 6.13 13.35 3.1702
0.85 4.2 12.84 2.2508
0 2.25 14.06 0.9431
0 7.64 16.96 2.1169
0.225 4.42 16.56 1.4739
0.125 4.36 12.84 2.887
0.025 3.24 12.53 3.5949
1.7 4.28 12.89 2.4194
0 1.21 17.25 0.1705
7.55 5.1 13.66 2.0018
0 3.17 14.06 2.5973
0 3.27 16.94 2.1127
0 3.08 19.45 2.8879
0 5.61 22.81 1.3012
0 9.09 23.38 1.6629
0 8.65 23.83 2.823
0 7.04 23.69 2.2038
0 6.39 23.96 1.2271
0 7.94 21.7 0.5745
0 7.81 21.26 2.4218
0 6.89 22.34 1.3414
0.025 6.07 23.86 0.952
0 6.7 20.05 2.034
0 5.1 18.08 2.1811
0 4.64 21.61 1.7002
0 6.63 24.98 0.7518
0 7.14 24.38 2.4588
0.775 8.54 17.07 4.2907
1.175 5.96 16.02 2.2689
0 5.34 16.52 0.9826
1.65 4.69 15.32 1.8046
0 4.84 15.27 1.5747
7.875 4.17 14.09 2.8875
3.275 6.41 15.48 2.2234
0 3.67 17.64 1.037
0 4.5 20.5 1.7938
0 6.71 22 2.0763
0 7.49 22.4 1.7646
0 7.82 19.26 2.0785
9.65 9.16 15.16 5.2269
2.825 7.45 15.89 3.8519
0.125 4.79 17.71 1.1694
0 6.75 19.11 0.8508
0 6.57 21.42 1.1093
0 9.53 22.45 0.9398
0 8.83 23.56 1.5389
0 7.61 25.79 1.2544
1.7 10.34 25.63 1.2283
13.9 8.43 18.68 2.1808
4.85 7.07 13.1 3.8457
0.525 7.38 15.57 2.6642
0 6.54 21.61 1.4498
0 8.61 24.49 1.8107
0 10.94 27.6 1.5125
0 8.98 28.6 1.1703
0.45 10.37 23.31 3.629
1.225 7.43 18.14 3.9678
0.1 5.93 18.08 3.4306
0 8.37 20.02 3.6805
0 10.17 24.57 2.607
0 11.39 27.41 2.3994
0 9.7 30.43 1.5175
0 11.53 28.33 2.7051
0 11.43 25.26 4.3235
0 10.16 23.77 2.9051
0 9.28 25.98 1.5878
0 10.35 25.13 2.7604
0 10.27 21 3.4359
2.55 8.03 16.64 2.5555
0.1 5.24 20.5 3.2737
0 8.41 24.95 2.372
0 9.35 27.89 1.5522
0 10.76 29.04 1.4413
0 10.69 29.63 1.1774
0 12.12 28.16 1.3254
0 11.95 22.16 1.8947
0 13.74 22.3 0.9988
0 11.57 23.97 1.382
0 10.1 24.82 3.6677
0 10.62 21.61 4.2365
0 7.36 18.64 3.5193
0 8.66 21.68 4.2797
0 9.25 22.11 2.1654
5.4 9.32 22.23 1.7089
3.325 10.98 22.19 2.2084
4.325 9.46 20.34 1.9961
0 8.33 21.41 2.7435
0 12.1 25.89 2.4364
0 11.84 30.57 1.897
0 15.4 30.33 2.635
0 13.68 26.87 3.0652
0 13.59 29.63 2.1928
0 15.91 29.68 2.0593
0 17.93 30.97 2.0916
0 17.42 32.83 1.8264
0 17.91 33.8 2.7118
0 15.5 31.31 3.4404
0 13.13 30.53 3.2398
0 13.74 28.57 3.3511
0 13.27 25.44 4.8032
0 16.09 28.11 5.186
0 17.09 32.23 3.3859
0 16.04 34.04 1.2391
0 15.99 35.62 2.0855
0 13.68 32.26 2.8598
0 12.6 29.37 3.4798
0 12.74 31.42 2.561
0 13.37 29.32 2.7541
0 10.62 27.16 3.0039
0 9.78 28.07 3.0851
0 12.58 30.57 2.5753
0 13.96 33.64 1.6787
0 17.58 35.04 2.5934
0 15.27 32.33 2.4404
0.15 13.63 29.66 3.0392
0 15.08 32.61 2.9539
0 18.29 35.53 1.9271
0 20.08 39.19 2.111
0 19.19 37.2 2.8479
0 16.63 34.51 3.0905
0 11.6 32.17 3.1958
0 12.89 31.4 3.3636
0 16.15 32.54 3.1259
0 15.4 35.43 1.4512
0 16.14 35.53 2.0619
0 14.28 32.65 2.7451
0 12.93 32.56 2.588
0 13.72 33.05 2.948
0 14.42 33.98 2.6179
0 15.76 36.84 1.9341
0 16.32 36.18 1.9402
0 16.79 34 2.8399
0 14.85 32.62 2.6807
0 16.14 34.69 1.9393
0 19.39 37.83 2.0758
0 21.12 39.29 2.7378
0 19.38 38.78 2.5437
0 18.78 38.57 2.5553
0 16.8 37.8 2.4085
0 14.95 33.97 2.1018
0 14.11 32.3 1.9069
0 12.38 33.35 1.2247
0 14.77 35.15 2.3749
0 16.07 35.72 2.3217
0 16.55 34.52 2.799
0 14.1 31.41 2.6486
0 13.49 30.27 1.9332
0 12.27 30.22 2.143
0 12.61 32.28 2.3422
0 13.84 33.49 2.4128
0 13.77 33.31 2.2031
0 13.11 33.38 1.8759
0 13.48 34.31 2.1629
0 14.11 34.67 1.5921
0 14.89 34.04 2.1036
0 13.78 32.48 2.1652
0 14.01 33.44 2.0936
0 13.43 32.81 2.3994
0 14.77 31.62 2.4715
0 13.97 30.97 1.6843
0 14.22 31.53 1.7651
0 12.98 28.55 1.9416
0 12.68 30.02 1.5159
0 15.64 32.08 1.9589
0 14.04 31.33 2.5937
0 13.24 31.28 2.9127
0 14.04 34.4 1.7969
0 15.32 33.29 1.5968
0 13.36 31.87 1.4905
0 13.11 32.79 2.1168
0 14.45 33.93 2.2639
0 14.32 30.3 1.6425
0 11.51 29.38 2.2519
0 14.58 33.19 2.2373
0 16.44 38.52 1.3434
0 17.35 40.93 0.4168
0 16.65 35.16 1.6521
0 13.95 32.03 2.3674
0 11.42 25.93 2.5823
0 12.29 27.04 2.5103
0 11.96 27.27 2.6839
0 12.43 29.54 2.1133
0 13.73 31.69 1.5705
0 16.25 35.15 0.1979
0 16.68 36.9 1.3398
0 15.71 35.32 1.1608
0 14.79 33.92 2.5902
0 18.17 34.51 1.2944
0 15.61 33.08 1.6322
0 14.26 29.06 2.5068
0 10.84 24.07 1.9789
0 12.17 25.12 1.2795
0 12.96 30.22 0.521
0 13.5 32.12 1.14
0 12.67 31.29 1.4696
0 9.86 28.17 1.4528
0 10.48 29.17 1.874
0 13.43 31.46 2.2366
0 14.92 30.73 1.6026
0 14.3 28.25 1.1119
0 13.27 27.21 1.0754
0 12.83 28.37 1.8886
0 12.13 28.2 1.9163
0 11.59 25.56 2.5438
0 10.15 25.73 1.7946
0 10.82 28.94 1.2787
0 13.08 32.16 1.45
0 15.34 35.69 1.8656
0 14.63 35.1 1.6139
0 16.13 36.84 1.0808
0 18.14 37.3 0.7301
0 15.58 36.69 0.6866
0 14.25 32.55 1.0252
0 16.19 33.61 0.462
0.45 15.33 32.25 0.9874
0 11.57 26.12 2.1275
0 12.73 22.11 1.9085
0 10.47 24.27 0.6811
0 11 25.57 1.3325
0 10.7 25.17 0.762
0 12.06 27.87 2.1496
0 13.64 31.04 2.0984
0 13.7 29.72 2.5013
0 15.23 31.62 1.7554
0 14.43 32.5 1.0521
0 15.11 35.31 0.3795
0 13.96 34.69 0.1868
0.75 15.78 31.56 0.7641
2.15 12.28 25.28 1.0433
0 9.73 23.28 1.5904
0 11.71 25.19 1.5678
0 11.79 27.09 0.7222
0 9.98 24.35 1.5824
0.6 9.3 21.34 1.2858
6.05 13.04 20.61 2.0157
3.525 13.02 19.82 4.5622
0.075 10.71 20.17 2.9117
0 9.12 19.68 2.0048
0 5.84 19.95 2.3093
0 8.75 24.65 3.6309
0.925 10.02 21.31 2.5647
1.425 11.45 18.07 1.772
0 9.06 22.73 1.3139
0 8.37 23.01 1.8763
0 9.34 25.19 2.4775
0 8.96 26.08 1.949
0 11.29 26.98 1.2826
0.1 12.03 27.04 1.3412
0.525 10.7 24.31 1.6984
3.125 7.72 24.02 2.9647
0.05 6.7 17.01 2.4507
0.025 5.39 18.44 0.3434
0.125 8.74 20.03 1.7377
0 8.23 18.42 2.3067
0 4.1 19.68 1.3297
0 5.94 18.91 2.9263
0 6.72 22.49 2.1793
0 7.93 22.85 3.0712
0 4.68 21.82 1.8121
0 5.14 22.16 1.1355
0.575 3.36 22.06 1.0762
2.5 5.04 17.97 1.3693
9.075 5.54 13.14 2.5626
3.825 5.78 13.61 3.8267
0.8 5.98 14.11 2.1918
1.275 5.4 13.16 2.9979
0 1.61 12.88 1.7217
0 0.41 11.01 2.234
0.425 -0.82 12.06 3.0361
2.875 4.01 10.03 1.9836
0.05 2.68 11.86 2.1787
0 0.66 11.67 2.2408
0 -0.36 11.49 2.8651
0 0.74 11.19 2.0854
0.075 1.52 12.08 2.6874
0.075 4.95 11.34 1.1014
3.325 8.24 16.71 3.214
5.075 9.19 18.07 3.4236
0.725 4.01 14.47 3.8224
0.475 5.56 17.84 1.8565
2.55 6.52 16.79 2.534
1.5 10.4 18.4 1.5435
0.075 10.72 17.86 1.5251
0 11.84 16.91 0.4194
0.025 12.03 15.3 2.4514
0 11.04 15.89 1.3623
3.6 11.12 12.9 1.6008
1.025 4.26 13.42 1.1185
3.35 0.78 11.4 1.9078
4.55 2.68 10.46 3.6131
6.175 7.91 14.18 5.0578
7.075 10.64 16.45 5.291
3.025 9.37 15.13 2.8283
1.35 4.17 14.56 3.4849
5.175 6.31 13.43 1.7507
0 7.02 15.57 0.4755
0.25 4.99 12.75 3.2938
7.1 7.1 13.73 5.5636
0.75 4.26 15.9 1.9757
0.325 5.76 12.81 0.4091
6.025 6.26 11.53 1.8022
3.8 2.39 13 4.1552
0 1.14 11.23 2.3162
0.325 -1.01 10.59 1.2365
7.9 4.73 10.31 4.7169
12.625 5.36 9.56 4.7017
1.625 -1.7 11.89 2.0537
6.3 0.84 11.11 2.7177
0.075 -0.76 9.81 3.3353
0.05 0.12 6.09 3.9908
0 3.31 5.76 2.0994
0 2.6 5.31 0.9811
0 0.61 6.32 2.0983
0.875 -1.3 7.25 2.4091
1.725 -0.35 8.65 3.599
0.45 3.46 9.53 2.8698
1.35 3.56 12.18 1.2278
0.1 6 12.76 1.1482
0.125 4.99 13.68 2.6005
0.1 7.98 11.46 1.319
0 8.65 11.32 1.2373
0.075 5.81 15.81 2.7652
0 4.37 14.09 2.2282
0 2.73 14.61 3.5892
0 2.27 15.65 3.0443
0 3.88 17.2 2.42
0 3.65 17.3 3.8991
0 1.98 18.05 1.2073
0 2.76 15.94 1.6731
0.2 4.07 14.16 4.559
0 4.14 10.1 3.5072
0 4.13 10.14 1.4275
1.85 4.43 9.54 0.555
4.275 6.08 13.38 1.7168
1.5 3.85 14.63 1.1068
0 1.93 14.89 1.238
0 2.49 16.57 3.0547
0 0.59 15.09 1.8142
0 1.25 15.95 2.0129
0 3.69 19.3 1.8831
0 7.35 22.41 2.1636
0 3.31 21.12 1.2568
0 5.27 21.14 3.0007
0 3.06 15.53 2.8989
0 1.53 16.07 3.3584
0 0.94 17.1 3.6244
0 3.01 21.12 3.079
0.05 3.62 20.82 0.8596
1.675 2.87 19.43 4.2693
3.3 3.83 17.13 4.9043
4 1.02 16.23 4.9925
10.825 4.55 11.37 4.6511
13.35 -0.7 9.65 2.0806
3.25 2.57 10.97 1.8205
0.525 3.17 13.79 0.5887
0 3.18 13.16 0.8509
3.575 1.58 14.62 0.7912
0.425 1.38 15.55 1.1878
5.025 2.13 11.83 1.9675
12.6 -0.95 11.84 4.3882
2.725 0.61 10.57 1.2605
0 0.1 12.99 0.3871
0 -0.57 12.93 2.1951
0.525 1.77 16.56 2.0655
1 9.06 18.42 4.2425
0.325 7.21 18.98 1.2228
0 6.02 24.31 1.2318
2.25 9.1 21.46 0.8391
3.6 11.03 17.16 1.8015
1.25 9.25 19.11 4.1355
0 10.03 17.14 0.6867
0.05 7.16 17.42 1.3344
0 6.72 19.06 0.7552
0 6.53 19.17 1.6338
0.25 7.57 19.3 0.4592
2.2 9.08 20.36 1.7416
2.125 12.93 20.82 1.5233
2.675 10.94 22.08 1.8
2.325 11.02 22.08 1.8884
0.675 4.51 16.57 0.6782
9.15 6.82 16.89 3.8048
8.525 5.54 11.57 4.6035
9.375 9.08 13.51 4.3833
6.975 6.17 14.02 2.0306
2.45 3.9 15.38 1.9815
3.65 8.22 14.54 5.4406
11.575 8.08 14.36 5.2674
6.025 6.87 12.95 3.2891
6.85 8.03 13.92 3.097
0.075 6.72 17.67 1.3099
0.05 9.32 15.53 1.1588
0 6.82 18.35 2.0933
0 10.38 25.22 2.4212
0 11.75 23.03 2.5122
0 10.41 27.4 1.7907
0 14.46 27.26 1.8038
0 9.07 20.46 2.3017
0 8.08 22.57 1.5133
0 9.3 23.34 2.114
0.125 9.48 22.64 2.746
1.225 7.12 20.59 3.5801
0.35 1.62 14.53 1.855
0 2.86 16.68 1.5358
0 3.97 20.04 0.6443
0 6 19.94 1.968
0.125 4.95 20.32 2.267
0.4 5.53 17.91 2.4714
0 5.29 18.54 0.828
0 6.64 21.59 0.7891
0 10.16 24.89 1.9816
0 12.61 25.57 2.3746
0 13.4 24.19 2.3063
0.025 13.44 21.05 1.4617
0.15 13.25 23.16 1.9888
0.2 11.73 21.63 1.9228
0 8.51 20.06 1.2545
0 8.75 20.49 0.8281
0.375 10.17 22.25 1.6036
0.25 10.71 22.58 2.0053
0 8.65 22.33 3.0945
0 6.8 22.38 1.7443
0 7.1 23.96 2.5333
0 8.6 22.88 4.9999
0 9.86 22.18 3.6481
0 11.41 25.35 1.6224
0 11.67 27.45 0.7603
0 10.8 29.38 1.7286
0 13.45 31.6 2.8808
0 13.94 34.32 1.2981
0 13.63 32.79 1.9339
0 10.67 28.76 2.0613
0.05 10.92 22.55 2.7487
0 7.2 22.46 3.2538
0 10.13 23.59 2.8133
0 7.97 26.45 2.0241
0 9.45 24.84 1.7404
0.25 9.79 27.11 1.619
2.325 9.91 23.44 2.4584
3.925 8.6 15.83 2.2971
2.05 8.43 16.69 2.0384
1.4 10.28 16.31 3.1617
1.275 10.47 17.69 2.2294
0 9.81 22.57 2.8697
0 10.51 26.61 2.0645
0 11.25 27.02 2.676
0 10.89 26.13 3.713
0 10.47 23.55 4.7719
0 9.96 23.13 2.7711
0.35 10.97 22.36 2.3994
0 10.73 20.75 2.0303
0 10.89 22.25 2.7945
2.05 11.55 22.06 3.9066
0.775 8.8 24.26 4.742
0 10.19 23.3 2.531
0.3 11.73 22.71 2.1709
0.825 11.04 21.12 2.3333
0 8.82 20.36 1.6065
0.975 8.49 21.43 0.654
5 12.1 20.03 4.1501
6.625 12.94 18.73 0.9435
3.7 13.27 23.7 2.826
0 12.67 22.85 2.5711
0 12.36 26.7 3.0675
0 11.98 28.88 2.1375
0 12.24 28.9 3.3403
0 10.88 27.72 3.4559
0 12.7 27.41 2.8854
0 13.38 31.36 2.8591
0 15.76 32.65 3.0049
0 16.98 34.93 2.7926
0 14.15 35.51 3.0989
0 14.28 31.3 2.4142
0 12.88 31.98 2.6805
0 15.61 33.08 2.6272
0 19.09 36.23 1.0814
0 18.81 36.62 1.1075
0 19.69 38.73 2.4532
0 15.39 36.78 2.4538
0 11.34 32.92 2.5678
0 11.62 32.26 2.8052
0 13.14 31.54 2.8532
0.55 14.94 33.24 2.9731
4.325 16.73 30.42 2.0391
1.375 13.91 25.51 2.3312
0 12.98 25.55 2.6597
0 15.43 31.22 2.4938
0 17.55 37.66 1.9811
0 19.11 35.74 1.8013
0 20.41 37.87 1.8123
0 18.59 37.96 1.5989
0 21.13 38.62 2.3453
0 18.23 37.75 2.322
0 16.44 36.93 1.8665
0 15.04 36.66 2.5395
0 12.13 32.93 2.5493
0 12.69 31.29 2.5115
0 11.66 29.77 2.6153
0 14.42 27.24 3.0576
0 11.09 26.92 2.8314
0 12.19 24.63 3.4163
0 12.6 27.99 2.9038
0 14.58 27.72 2.0197
0 13.36 28.53 1.148
0 14.03 30.75 2.2079
0 15.34 32.61 2.2795
0 15.36 34.55 2.4031
0 15.4 34.84 2.704
0 15.51 34.42 1.996
0 15.39 33.35 1.6355
0 13.3 32.48 2.1546
0 14.27 32.64 2.3885
0 14.95 33.4 1.819
0 13.63 35.04 1.9665
0 16.87 34.98 2.5175
0 15.52 34.12 2.8433
0 14.44 32.21 1.8687
0 14.01 32.52 1.2196
0 13.86 32.57 1.7158
0 15.59 33.86 2.1282
0 14.04 32.42 2.9133
0 13.48 30.17 2.5377
0 15.1 32.7 2.8744
0 14.94 32.71 2.493
0 12.95 32.02 2.0737
0 13.1 32.84 2.1548
0 14.72 33.64 2.2606
0 14.17 33.54 2.5969
0 13.5 31.84 2.3149
0 15.16 33.62 1.4937
0 15.37 34.08 2.3561
0 15.26 33.83 1.9206
0 14.61 33.26 2.0011
0 14.12 33.67 2.142
0 15.18 33.48 2.3891
0 13.94 33.51 2.8558
0 13.97 31.04 1.8604
0 14.14 31.16 1.3047
0 13.28 32.01 1.3952
0 14.57 32.22 1.3012
0 15.58 35.48 1.8052
0 15.14 35.19 1.2574
0 15.73 34.42 0.7819
0 15.95 34.83 1.1991
0 13.2 33.8 1.3661
0 15.07 34.4 2.2043
0 13.28 33.08 1.7702
0 13.52 31.26 1.7404
0 14.35 31.81 0.862
0 17.43 35.93 0.2733
0 14.65 33.26 0.9276
0 14.42 35.01 1.0821
0 13.15 32.31 1.7875
0 13.39 33.68 1.394
0 13.99 33.7 1.5382
0 14.75 34.43 1.5625
0 15.29 35.06 1.631
0 17.48 34.16 0.5598
0.05 16.82 32.09 1.4294
0 15.52 29.91 1.7612
0 15.95 33.03 1.1647
0 16.29 33.19 1.8166
0 13.78 31.68 2.3038
0 12.53 29.89 1.7973
0 11.11 28.61 2.0351
0 12.45 30.2 1.0901
0 14.51 33.41 0.7969
0 15.54 35.04 1.3421
0 15.84 35.77 1.2094
0 14.42 36.58 1.0854
0 15.64 35.07 0.9759
0 15.77 35.77 1.4617
0 12.84 28.82 1.9061
0 13.09 26.7 2.39
0 12.78 28.07 1.8704
0 13.81 31.87 0.7921
0 14.89 34.51 0.757
0 14.33 32.2 0.9467
0 11.91 28.07 1.9489
0 12.41 26.97 1.5594
0.375 10.72 25.83 1.7067
2.425 12.57 22.29 1.8402
6.975 12.77 22.48 3.0395
3.075 9.4 19.02 0.7974
0.75 8.42 20.1 1.1537
0 8.47 22.8 0.8813
0.025 10.13 25.2 1.4473
0.1 13.51 25.21 1.3804
0.025 16.03 26.72 1.5156
0 15.01 24.47 1.3892
0 15.64 28 1.3788
0 13.12 29.04 1.063
0 14.41 28.65 1.0057
0 14.12 29.11 0.7544
0 13.64 29 1.3653
0 11.89 27.1 0.9386
0 11.09 27.18 1.6135
0 12.24 27.17 1.3716
0 12.3 27.34 1.6232
0 12.24 28.78 1.8197
0 11.94 30.12 0.964
0 13.24 30.38 1.0414
0 11.59 23.23 1.4905
0 9.5 27.1 2.0538
0 6.55 22.88 2.3139
2.85 7.19 23.5 1.3552
0 8.7 24.75 1.1458
0 8.92 25.06 1.9742
0 9.94 27.02 1.3802
0 12.7 25.81 3.3199
0 9.62 22.94 3.6648
0.275 5.9 23.59 2.1945
1.875 7.11 19.99 1.5744
1.375 5.65 15.76 0.2968
1.875 7.15 15.21 1.0724
0.1 5.39 14.95 0.7543
0.025 2.23 16.31 1.5998
0 2.34 17.21 2.7257
0.4 2.84 18.65 3.4234
2 7.05 16.36 4.3159
0.075 8.85 17.03 0.7891
0 6.95 18.92 0.782
0 7.55 19.3 1.5957
0 6.01 17.75 1.2577
0 6.27 20.24 1.0417
0.1 5.32 21.21 0.923
0.4 8.34 19.23 2.4462
0.65 4.85 15.25 1.7448
2.3 5.44 14.41 3.8741
0.05 6.02 14.9 1.9173
0.025 3.61 15.97 2.9357
0.2 4.36 15.78 4.3452
1.275 7.77 15.93 1.4493
0.125 6.19 16.08 0.4298
0 5.73 14.88 2.3465
0 5.03 12.58 2.0706
0.05 6.77 13.78 0.9872
0.05 4.05 16.35 1.4339
0 6.14 12.78 4.3286
0 6.69 19.55 6.6646
0 7.89 18.35 3.1514
0 5.07 18.04 3.9008
0 1.44 16.19 2.0862
0 1.07 16.21 3.3445
0 -1.35 12.37 2.6066
0 -1.19 14.67 2.2235
0 -0.85 15.16 1.9584
0 -2.1 14.93 3.3753
0 0.49 15.68 2.3862
0.175 2.03 14.81 0.1865
0.15 5.18 12.63 1.1056
0 0.81 11.82 1.1034
0.375 -0.78 14.19 0.7825
1.325 0.94 11.77 0.8818
0 1.64 12.03 4.1321
0 0.85 13.66 3.6206
0 -0.09 11.12 1.5816
0 2.36 15.03 2.961
0 -1.21 13.85 3.2713
0 -2.46 11.78 2.5719
0 -1.21 14.4 4.375
0 -2.55 13.16 3.516
0 -2.69 13.58 4.0661
0 -1.49 14.19 2.9724
0 -1.93 14.13 1.0368
0 0.14 15.05 1.1697
0 2.01 16.08 1.2191
0 3.9 15.42 0.7141
0.025 7.04 16.12 1.0022
0 5.19 15.04 2.1574
