0.825 -0.56 13.52 1.4947
6.6 -0.57 6.19 1.1927
4.5 -0.18 11.7 1.8191
1.575 -2.46 8.67 3.6387
1.725 -2.42 10.08 1.8858
0.65 3.95 6.53 0.3533
0.125 2.34 7.39 1.4803
0.075 2.14 9.58 0.8742
0.025 2.29 12.29 4.033
0.025 -0.15 11.13 3.4794
0 -0.71 17.31 2.5471
0 0.21 14.96 5.3194
0 1.48 17.57 4.0955
0 0.3 20.79 3.848
0 0.31 20 3.8824
0 0.87 21.37 4.8997
0 1.07 20.3 4.1857
0 1.15 20.8 4.7077
0 1.09 21.29 4.8995
0 1.26 20.48 3.4506
3.925 1.76 20.15 2.6836
16.15 7.85 19.07 2.0795
11.2 10.29 12.11 1.6608
20.575 8.94 14.58 2.147
9.175 4.31 13.24 3.2859
2.4 -0.7 6.39 1.0305
0.45 -2.58 9.48 1.1941
0.025 -2.62 9.66 1.4457
0.025 -0.62 12.92 4.0295
0.2 -0.85 14.74 4.3986
0.125 1.04 18.84 2.8671
0 1.53 18.59 2.9489
0 1.58 16.58 4.0491
0 1.88 21.32 3.8359
0 2.49 22.68 3.0178
2.45 4.27 21.5 2.745
8.875 7.28 12.88 3.1068
3.8 4.33 14.18 2.682
8.7 3.23 13.97 1.2139
5.525 1.79 12.07 3.2376
4.9 -3.99 8.28 0.3643
8.175 -3.73 9.92 2.6276
5.4 0.06 10.13 1.3277
16.7 -0.32 9.83 3.1008
8.45 1.59 7.2 3.7693
2.425 3.2 10.05 6.3655
12.975 4.56 11.02 5.4687
10.975 4.24 10 4.4808
2.075 1.63 7.68 1.5947
0 -0.35 13.21 3.529
0 -0.1 17.2 2.7188
3.625 0.31 18.15 3.7075
11.925 1.91 16.26 4.0537
7.525 9.93 12.95 2.9614
2.325 6.75 14.1 1.5802
1.075 6.43 17.33 1.5887
0.95 5.35 15.49 2.443
0.225 1.22 15.9 0.44
0.25 1.55 15.94 3.5911
7.975 4.96 18.68 3.01
24.35 10 15.82 4.2631
44.3 7.35 15.34 4.9735
20.925 3.29 11.78 2.6582
2.275 -0.58 11.86 1.0438
0.1 -0.37 12.55 1.8697
0 -1.07 11.19 0.3649
0 -0.53 13.59 1.3904
0 0.56 14.33 2.6662
0 -2.28 10.98 0.5994
0 -2.06 12.74 0.6012
0 0.42 15.74 1.8719
0 0.86 16.98 1.964
0 0.95 17.9 1.3818
0 2.41 15.37 2.4157
0 4.54 17.62 2.8422
0 5.06 18.65 1.0603
0 5.02 20.23 1.3009
0 5.34 21.1 1.3104
0.2 6.15 22.45 0.9752
7.3 6.16 21.72 1.6699
6.05 3.86 16.41 3.89
1.125 -1.26 10.4 2.2943
0.1 -1.06 13.39 1.936
0.05 0.26 16.63 0.8616
0 3.12 19.67 1.9739
0 5.69 21.39 1.9091
0 6.21 22.12 1.4525
0 5.98 23.08 3.5971
0 0.88 17.06 2.1121
0 0.53 16.85 0.5468
0 3.09 19.77 2.9132
0 4.52 22.75 2.6324
0 4.09 17.93 5.1347
0 -0.39 15.9 1.945
0 0.09 17.5 2.5472
0.225 2.01 22.86 1.9184
10.625 4.21 24.62 1.1466
6.675 5.37 18.84 2.8321
6.1 4.43 13.16 1.7984
4.725 5.85 13.75 2.3271
0.925 3.27 14.45 3.6573
0 3.44 16.48 1.6083
0 4.69 20.29 2.475
0 6.29 19.83 5.0861
0 -1.61 11.69 5.6539
0 -0.76 14.09 2.9058
0 1.44 19.05 1.5999
0 3.74 22.67 2.4497
0 4.47 26.02 2.4931
0 9.81 30.42 1.4917
0 10.58 31.08 1.2414
0 10.02 32.4 1.7822
0 8.99 31.47 2.3455
0.075 8.54 23.36 3.1191
0.025 1.19 16.36 3.2905
0 1.84 19.24 2.0396
0 3.89 20.21 2.2807
0 1.38 18.49 3.0203
0 1.22 16.19 1.7837
0.75 2.14 19.23 1.9188
25.575 4.27 21.88 1.8082
14.25 11.23 19.08 2.5061
1.55 11.32 17.33 3.6181
1.55 9.8 19.1 1.8799
0.55 11.63 21.34 3.6018
0 10.34 24.31 1.8937
0 9.48 25.81 3.0198
0 8.51 24.46 1.9918
0 9.03 26.08 1.7914
0 9.19 27.45 1.433
0 9.22 28.59 3.0739
0 7 26.88 3.3558
0 7.55 24.85 2.8744
0 8.14 27.75 3.1013
0 9.69 26.6 2.2133
0 11.67 30.4 1.4655
0 14.48 35.32 0.2913
0.05 13.98 37.26 2.1264
0.025 15 35.93 2.3757
0 10.75 30.09 1.4545
0 9.81 29.24 1.0773
0 10.95 30.23 2.4122
0 11.19 30.53 2.9818
0 9.59 28.43 2.7571
0 9.02 27.07 2.199
0 11.8 28.76 1.7217
0 12.73 31.52 1.0633
0 14.17 34.51 2.1341
0 15.02 34.56 2.5181
0 15.37 34.01 2.985
0 14.24 28.71 2.3184
0 13.3 29.96 2.2954
0.05 11.89 27.23 2.346
0.6 12.43 26.32 0.5061
1.1 11.01 26.48 2.1579
1.65 9.74 23.25 3.1384
1.975 7.26 19.79 2.0208
0.75 8.82 21.95 2.6197
0 10.07 25.69 2.5805
0 9 26.64 3.3759
0 9.58 25.1 3.0217
0 8.92 23.79 3.3621
0 9.97 25.61 2.5158
0 12.12 23.78 3.4399
0 9.49 24.15 2.3482
0 9.07 25.58 2.4738
0 10.19 25.43 2.6882
0 11.85 26.97 3.1712
0 12.81 30.09 2.1562
0 13.92 33.41 2.9118
0 9.74 32.15 3.2643
0 7.99 27.25 3.3709
0 9.19 26.13 1.6121
0 10.79 30.43 0.8023
0 13.11 34.21 1.6547
0 14.37 35.5 2.6955
0 13.06 33.18 1.7949
0 14.43 34.29 1.0173
0 15.97 39.32 0.8341
0 17.01 40.53 2.7721
0 16.37 40.36 2.7057
0 15.81 36.96 2.2538
0 16.29 36.7 1.8728
0 14.83 36.64 2.7703
0 14.23 36.42 2.5068
0 13.51 33.46 2.707
0 12.76 31.93 2.4724
0 10.41 31.31 2.639
0 9.8 30.85 2.6626
0 10.93 30.34 2.6727
0 11.03 30.85 2.0706
0 12.29 31.87 1.8351
0 15.26 32.54 2.283
0 13.71 33.22 1.7035
0 14.23 35.93 0.8538
0 15.29 37.02 1.5017
0 16.31 38.55 1.7842
0 17.1 38.57 1.6747
0 18.29 40.11 1.964
0 18.31 40.7 1.5404
0 19.17 40.53 2.4193
0 16.39 38.37 2.5502
0 15.42 36.76 2.4582
0 15.09 36.22 2.1161
0 15.26 35.68 2.1402
0 14.17 34.79 2.2464
0 14.22 35.54 1.9793
0 17.55 38.09 1.8837
0 17.97 38.82 2.2436
0 18.25 37.14 2.9207
0 17.74 35.24 2.6831
0 15.87 35.03 2.8968
0 16.51 34.13 2.6727
0 15.69 34.37 2.9581
0 13.2 32.2 2.4745
0 13.79 31.44 2.0672
0 14.59 32.57 2.2546
0 12.15 30.76 2.9085
0 9.54 24.61 1.8789
0 10.48 27.48 1.6201
0 12.8 31.89 0.8016
0 15 34.23 1.2909
0 16.47 36.75 2.979
0 15.12 37.34 2.8833
0 14.3 36.18 3.1619
0 13.11 33.4 3.1262
0 10.2 31.02 1.6213
0 10.72 31.54 0.6753
0 13.8 34.06 0.938
0 14.81 35.32 0.8741
0 15.04 36.84 1.3377
0 15.79 35.88 2.3491
0 16.81 35.71 2.1781
0.1 16.31 37.86 2.2111
0.325 16.4 35.55 2.7425
0.125 14.39 31.22 1.5949
0 13.11 31.43 1.4932
0 12.7 33.1 0.4406
0 12.23 34.93 1.6381
0 12.6 36.71 1.6177
0 14.57 36.83 1.5835
0 14.6 38.23 2.546
0 16.28 36.41 1.5816
0 15.4 34.19 0.7416
0 14.91 35.8 0.5069
0 15.86 37.39 1.7612
0 15.46 36.98 2.3894
0 11.76 33.65 2.0928
0 11.73 30.5 2.1398
0 10.72 28.24 1.8871
0 10.76 30.24 0.6204
0 11.47 31.02 1.0505
0 13.61 34.22 0.4989
0 13.78 36.33 1.0754
0.15 15.04 36.34 1.9071
0.6 12.73 32.72 2.1053
1.825 13.1 26.22 2.6341
0.725 11.06 23.94 1.6848
0 10.89 28.79 1.729
0 12.92 31.49 0.7926
0 13.62 32.84 0.8962
0 15.15 36.01 1.9422
0 12.94 33.5 0.943
0 12.69 33.18 1.9865
0 14.2 34.9 2.1079
0 13.68 35.8 1.2831
0 13.12 35.67 0.7427
0 13.04 35.17 0.7802
0 13.68 36.38 1.1272
0 13.73 37.39 0.3945
0 14.59 36.92 1.9046
0 14.05 32.96 2.5381
0 4.56 19.98 2.4248
0 4.79 23.66 2.351
0.025 5.56 25.96 0.8506
0.075 6.7 27.08 3.1955
0.025 5.82 22.18 3.3465
0 1.96 16.57 0.3433
0 1.63 19.67 2.5534
0 3.8 23.37 1.2398
0 4.89 23.45 1.33
0 5.5 24.7 0.6513
0 6.59 25.21 0.5383
0 6.68 25.45 1.7994
2.85 7.03 23.81 1.9969
41.45 7.06 18 6.9028
23.5 11.99 16.77 4.2951
1.425 14.15 22.3 1.1052
0 12.21 26.15 2.2351
0 11.93 25.89 1.1514
0.05 14.2 26.5 1.6523
0.45 8.9 24.04 2.041
0.2 5.06 17.61 1.5152
0 5.31 18.82 1.0673
0 6.36 22.44 0.7753
0 7.96 23.63 1.2735
0 9.61 25.19 1.3252
0 8.09 24.56 1.6222
0 8.02 23.37 1.127
0 8.65 24.55 4.691
0 4.34 19.56 4.8333
0 0.86 17 0.7711
0 0.98 16.68 0.1858
0 3.22 21.14 0.8574
0 4.33 23.1 0.9365
0 6.81 23.84 1.262
0 7.29 25.54 1.1752
0 6.35 27.33 1.8203
0 6.11 26.44 2.4611
0 5.25 20.2 0.6558
0 5.69 20.01 1.7404
0 2.9 18.79 1.9115
0 3.16 18.51 1.0812
0 3.49 19.5 0.7582
0.7 5.74 18.87 0.4776
2.1 6.84 16.62 2.0333
0.825 0.78 14.19 1.353
0 0.86 14.89 1.1102
0 0.94 16.09 2.6811
0 0.74 16.49 1.9601
1.875 2.13 20.13 1.3039
0.95 2.17 20.33 2.0672
0.225 0.97 15.49 2.2287
11.5 1.13 16.08 3.5679
5.7 1.27 16.49 1.1706
0 1.5 13.85 0.4912
0 1.29 16.32 1.9953
0 1.66 14.76 3.4758
0 1.91 18.14 3.7524
0.05 2.4 21.14 2.4063
2.2 2.84 21.32 1.1012
1.1 4.16 13.34 5.2527
0 0.96 16.75 4.7928
0 0.64 14.91 3.8648
0 1.11 18.04 1.6091
0 0.94 16.87 2.012
0 0 15.32 1.9137
0 0.13 15.22 1.9569
0 0.25 16.09 0.9505
5.85 -1.96 12.16 2.0016
9.025 -2.12 7.56 0.7044
2.95 -6.64 5.04 0.6252
0 -6.47 5.94 1.9219
7.225 -6.08 7.45 3.2733
19.125 0.51 10.73 2.9804
25.625 6.49 11.32 3.8675
18.85 6.23 11.69 3.897
4.925 5.57 9.32 0.7312
0 1.89 12.71 3.3449
0 3.42 14.8 2.7768
0 2.96 15.08 2.196
0 1.05 14.55 2.6987
0 1.61 8.61 4.0714
0.65 2.12 15.22 2.8596
12.075 4.11 17.99 1.8022
6.35 1.55 12.21 3.6544
0.225 -2.76 9.08 2.1932
0 -2.27 9.31 3.9309
0 -1.09 14.23 4.0241
3.575 -0.07 16.29 4.1215
3.275 0.1 12.72 2.143
1.275 2.07 12.87 3.0107
2.5 1.67 11.15 0.8457
1.15 5.71 11.68 1.4458
0.15 3.32 11.66 2.7294
0.125 3.02 13.33 2.3056
0 2.93 14.79 1.1443
0 1.46 16.4 3.8863
0 0.35 17.19 2.9143
0 0.09 18.81 2.8349
0 1.13 14.13 3.1076
0 1.21 14.6 2.5854
1.025 2.76 14.52 2.9622
0.8 4.25 15.15 2.4461
0.125 4.09 9.68 2.4599
0.3 4.12 11.38 3.2418
11.8 4.82 18.07 4.726
6.8 7.7 17.35 2.0742
0.4 0.23 14.17 1.2887
0 0.57 14.65 3.2864
0.35 1.92 16.95 2.5269
10.625 2.2 18.08 2.8343
17.2 6.79 14.33 4.9988
17.15 9.05 11.17 5.7334
24.55 4.71 9.73 6.6303
24.25 2.52 9.58 3.8699
17.6 0.85 8.28 3.4949
5.15 0.41 5.27 1.0965
1.025 -0.61 10.51 2.5136
3.675 0.31 9.67 4.4123
1.65 5.81 11.26 2.9595
0 1.95 13.11 1.2519
0.225 1.5 13.05 2.6902
1.325 2.77 14.16 3.2074
1.625 3.7 15.93 1.2605
0.5 0.07 14.28 1.1849
0 0.07 14.05 1.7813
0 1.38 14.96 2.1346
0.175 3.44 15.03 0.6757
7.3 3.45 15.51 3.1105
6.225 5.92 14.88 3.3448
11.375 8.23 13.22 1.6543
5.325 5.71 9.7 2.4063
2.45 6.1 9.71 1.3
3.55 5.58 11.1 1.7037
1.15 0.2 10.63 0.6013
0 0.36 12.3 1.2634
0 3.86 12.74 1.4824
0 2.3 17.17 1.328
0 2.55 17.85 1.4827
0 2.63 17.61 1.1786
0 3.72 17.17 1.753
0 4.68 19.07 2.3935
0 3.48 20.48 0.8488
0.7 3.55 18.31 1.0628
3.275 6.05 14.41 2.0918
5.525 5.59 11.21 2.7391
2.425 -0.72 8.9 2.0949
17.05 -0.29 12.73 3.8731
13.775 3.47 10.25 2.6366
2.675 1.27 11.2 0.8865
22.7 1.59 15.35 4.6841
12.85 5.76 16.85 1.1245
0.6 2.39 12.74 0.3727
0.1 2.63 15.47 2.1687
6.425 5.13 17.68 2.7324
19.15 6.12 10.54 3.3101
8.35 1.55 9.6 2.663
0.125 -0.43 10.54 1.2803
0 0.4 13.07 2.4084
0 2.27 17.05 1.0263
0.4 4.59 13.17 2.6081
3 -2.33 9.42 3.6149
1.425 -1.48 11.11 2.135
0.4 -1.14 11.01 0.3752
15.25 -0.66 13.97 2.1998
7.675 0.02 13.55 2.388
0 -0.89 13.44 2.5131
0 -0.09 15.16 3.6154
0 2.61 21.49 1.3138
0 4.35 23.81 1.014
0 5.21 23.45 2.8748
0 2.68 24.76 2.2378
0 3.45 24.95 1.7935
0 5.66 23.29 0.3713
0 4.53 21.45 1.7033
0 2.56 19.74 1.8043
0.325 2.34 19.5 1.7875
1.45 3.99 20.54 2.2524
0.75 1.04 14.79 2.1262
0 1.37 17.5 2.5213
0 2.11 19.49 1.0718
1.65 4.16 22.17 2.6019
11.6 4.13 20.89 5.0612
6.5 2.01 11.46 2.6676
0.55 -0.67 11.75 0.7558
6.65 -0.4 13.17 2.117
3.975 1.17 11.59 1.7294
17.075 1.04 11.72 2.8281
9.425 2.07 11.46 2.7969
0 1.6 12.42 0.6996
0 0.3 15.85 2.1465
0 2.87 19.68 0.8558
0 4.46 20.31 1.5344
0.275 5.3 20.04 2.0005
13.125 6.81 14.03 4.4245
20.125 5.62 11.75 4.3638
6.925 2.66 10.67 1.1004
0 2.83 15.1 0.6958
0 3.82 16.35 0.8531
0 4.1 19.78 1.8636
0 4.52 20.17 1.3877
0 5.11 22.02 1.2126
3.55 7.27 23.06 1.4577
19 7.41 21.48 2.4548
14.125 3.15 12.46 3.3089
3.1 4.77 8.99 2.0744
0.175 6.2 11.56 1.2084
0 7.33 21.76 1.0634
0 9.74 24.3 1.2585
0.1 7.57 25.85 0.8386
5.2 7.92 25.47 4.0829
3.1 2.81 15.43 4.6188
0.575 2.96 14.23 3.5637
0.025 1.05 13.53 3.3348
0 2.08 18.66 2.0093
0 4.17 21.84 1.8865
0 7.33 24.83 1.0595
0 7.48 26.12 2.2272
0 5.79 23.51 3.7598
0 3.01 20.29 2.3791
0 3.06 20.46 0.8589
0 4.72 22.92 2.7283
0.2 5.6 21.09 3.5747
8.9 7.24 15.27 3.0328
4.45 0.99 12.11 3.6194
0 1.34 17.39 2.0767
0.075 4.27 22.67 1.1095
0.025 6.89 24.87 0.7954
0 7.82 26.26 0.6757
0 8.75 27.29 1.2535
0.675 10.67 26.91 1.9346
0.4 11.01 19.72 1.5446
0 10.32 21.14 1.5181
0 9.99 22.46 3.4149
0.225 4.22 21.37 4.2224
0.325 2.6 15.36 3.5249
0.15 3.15 15.11 4.1391
0.325 4.98 19.25 2.2557
5.675 4.08 18.4 1.5759
4.2 4.96 19.07 2.7302
7.3 8.28 18.16 2.217
3.35 3.35 17.05 3.1577
0 3.99 18.67 1.8547
0 5.63 24.85 0.9102
0 10.77 28.35 2.4931
0 11.44 26.7 2.9939
0 11.1 24.9 2.3304
0 11.45 27.4 2.3729
0 13.88 27.5 2.4894
0 13.87 28.79 1.8685
0 14.45 30.98 2.763
0 13.23 31.16 3.1428
0 12.15 28.71 2.7181
0 11.68 29.09 3.5925
0 6.4 25.09 4.6258
0 7.6 22.26 5.0423
0 9.08 27.88 3.63
0 10.67 30.36 1.0059
0 11.67 30.46 1.8526
0 12.42 33.14 2.7978
0 8.95 29.05 3.1709
0 7.25 25.98 1.5783
0 7.99 28.92 2.4631
0 7.59 26.84 3.1195
0 6.97 24.79 2.7073
0 8.28 26.59 1.9615
0 9.81 28.87 1.1724
0 11.54 31.57 2.0614
1.175 12.73 32.2 2.2367
0.625 13.12 29.95 2.8244
0 14.13 29.45 2.5974
0 15.2 32.87 1.2611
0 17.55 36.93 1.76
0 16.33 38.81 3.0323
0 13.42 34.39 2.9574
0 10.47 31.95 2.7936
0 10.47 30.99 2.9617
0 11.53 29.84 2.444
0 11.64 31.51 1.1269
0 12.38 34.04 1.9535
0 13.73 34.7 2.5279
0 14.08 31.96 2.4709
0 14.63 33.51 2.5528
0 16.1 34.62 2.3062
0 15.75 35.79 1.8684
0 16.77 36.76 2.2164
0 17.21 35.54 3.1204
0 16.16 33.93 3.0945
0 16.14 32.67 1.7694
0 16.83 35.36 1.5566
0 17.73 38.4 2.686
0 18.99 39.42 2.6933
0 17.5 38.48 2.5503
0 15.41 38.47 2.0791
0 15.39 37.1 2.0017
0 15.14 35.38 2.317
0 13.55 33.82 1.0489
0 14.37 34.17 2.3213
0 15.84 35.28 2.205
0 16.89 37.63 2.7183
0 16.66 35.92 2.789
0 15.6 31.52 1.9991
0 13.01 30.49 2.3811
0 13.62 32.12 2.2293
0 13.65 33.59 2.4142
0 13.19 33.53 2.2999
0 12.7 33.03 1.98
0 13.2 33.09 2.3468
0 12.23 34.15 1.5062
0 12.78 34.55 1.9824
0 13.44 34.42 2.062
0 13.03 33 2.1068
0 13 32.48 2.5081
0 13.58 32.31 2.8108
0 13.89 30.78 1.9683
0 13.05 30.84 1.896
0 12.79 31.01 2.1817
0 11.4 29.29 1.1428
0 12.26 30.42 1.5776
0 14.47 32.34 2.458
0 14 32.42 2.8885
0 14.04 33.12 1.2962
0 14.75 35.09 1.5394
0 14.22 34.99 1.6097
0 12.09 33.21 1.9744
0 12.78 34.09 2.2598
0 13.04 35.15 1.7996
0 10.31 33.88 1.8059
0 10.74 30.32 2.3637
0 11.93 35.04 1.8429
0 14.53 40.17 0.5018
0 18.06 39.98 2.1057
0 13.75 36.14 2.3232
0 9.86 32.17 2.7173
0 7.97 22.49 2.29
0 8.54 24.04 2.5159
0 9.13 25.89 1.5627
0 9.82 29.24 0.9831
0 13.04 33.7 0.3553
0 13.96 36.75 1.2838
0 13.87 36.35 1.1667
0 17.02 33.93 2.1189
0 12.23 33.47 1.3149
0 12.58 32.86 2.1201
0 11.09 31.25 2.7202
0 6.88 19.59 1.9512
0 7.08 23.69 0.7944
0 8.41 27.61 0.5691
0 11.07 32.25 1.0576
0 11.48 31.58 1.6328
0 10.28 29.56 1.4365
0 10.39 29.61 1.2247
0 10.35 30.16 1.8192
0 10.56 30.11 1.5464
0 11.44 29.87 1.3915
0 11.36 28.42 1.2866
0 10.11 27.22 1.3764
0 9.66 27.39 1.224
0 8.1 25.14 2.671
0 8.01 22.7 1.2492
0 8.41 28.2 0.7337
0 9.94 31.07 1.0162
0 17.48 34.95 0.8094
0 12.61 35.83 1.2543
0 13.79 37.45 0.694
0 14.77 39.36 0.5642
0 15.03 37.26 0.3737
0 14.85 34.45 0.5673
2.9 16.25 33.38 1.0311
8.225 15.79 33.06 1.463
8.725 12.51 25.64 1.5889
0.85 12.27 18.32 1.2978
0.4 8.37 18.64 0.7178
4.6 8.41 21.23 1.954
0.025 7.27 20.58 0.7438
0 7.95 24.17 1.9504
0 9.06 26.24 1.744
0 11.45 28.45 1.7976
0 12.06 28.71 2.1559
0 12.2 31.34 1.4191
0 12.37 32.79 0.565
0 11.7 33.15 0.4539
0.05 11.51 31.89 1.0045
2.775 12.18 27.73 0.9332
1.325 8.93 21.29 1.1816
0 8.45 20.04 1.5746
0 8.61 23.58 0.8457
0.025 9.86 24.66 1.8084
2.375 8.93 21.79 1.5
11.925 10.8 21 1.7502
41.675 11.89 16.72 4.8248
16.025 7.57 15.84 3.3342
0 3.5 17.28 1.6439
0 2.4 18.38 2.8167
0 2.48 19.34 3.4725
3.95 7.9 23.56 2.2232
5.225 9.23 22.92 1.8065
1.525 5.74 13.79 1.0356
0 5.67 20.58 1.8499
0 6.37 21.93 2.9145
0 8.15 23.82 2.6175
0 9.37 28.81 1.694
0 9.49 28.76 1.2017
0.625 9.6 28.38 2.0402
18.45 9.22 23.45 3.1759
9.2 3.35 13.04 2.4915
2.175 0.71 13.87 0.6008
1.35 1.61 15.02 1.6288
0.1 0.93 13.93 2.3727
0 1.26 15.9 1.4235
0 3.51 16.95 3.0105
0 4.02 17.86 1.747
0 5.16 19.52 2.7247
0 5.42 20.94 1.3271
0 5.32 20.72 1.8828
0.45 3.86 21.13 1.7314
20 3.82 20.63 2.2313
25.725 2.09 10.81 3.0181
20.1 1.13 9.2 4.749
12 1.72 6.57 2.9423
18.3 3.9 9.42 3.8425
7.75 -2.46 5.81 1.3175
0 -2.9 8.49 3.1151
1.575 -2.66 9.96 3.3255
14.175 -1.64 12.95 2.5745
7.35 0.11 7.8 2.3352
0 -4.38 9.73 2.427
0 -3.86 9.55 3.0569
0 -0.67 12.27 2.2858
0 -0.12 15.24 2.671
0.25 5.09 12.22 1.4019
1.5 6.59 15.68 2.4543
10.9 7.1 15.96 2.6195
5.1 6.58 19.17 3.5306
0.3 2.96 16.44 2.1868
2.975 3.72 17.05 2.2222
3.25 6.26 13.67 1.2061
0.925 8.11 16.21 1.487
0 6.13 17.44 0.4289
0 5.09 17.68 2.3522
0.75 3.32 17.97 1.3572
14.975 3.8 12.77 1.8219
7.475 3.51 13.15 1.387
3.15 -0.08 11.92 2.4205
30.25 0.26 11.74 3.5566
29.625 6.15 11.87 5.1357
37.175 8.73 12.92 5.7309
11.65 4.69 11.49 2.583
6.75 3.74 6.62 2.8453
5.5 4.02 11.75 2.179
2 6.17 10.75 0.4757
0.65 3.27 13.88 3.0968
15.875 2.86 15.99 5.4658
7.875 2.29 14.92 2.0931
0.475 1.76 12.37 0.8113
39.1 1.87 12.97 2.2644
26.6 4.57 9.67 4.3356
3.3 -3.06 7.49 2.2678
1.125 -5 7.04 1.5283
16.9 -4.12 7.81 4.44
15.725 -3.3 7.94 4.8241
3.7 1.57 7.97 2.4391
0 -0.99 8.61 3.1205
0 -0.96 11.96 3.7591
0 -0.89 12.77 4.9346
0 -1.28 10.97 3.3149
0 -1.29 12.88 1.6635
0 -1.38 6.16 1.4578
0.025 -2.78 3.89 3.0104
2.025 -0.86 7.01 3.4607
1.25 3.65 15.2 2.331
0.975 2.43 15.46 1.6178
0.375 5.71 11.17 1.2269
0 0.84 13.17 2.6614
0 3.29 13.62 0.8616
0 4.28 13.96 0.7497
0 4.16 11.32 2.4923
0 1.47 10.33 1.5617
0 1.12 14.55 4.0769
0 1.53 17.92 3.6433
0 1.71 17.03 2.8092
0 0.7 18.22 4.0222
0 0.7 18.84 1.7935
0 1.7 17.04 2.1039
0 2.47 18.42 4.9247
0 2.04 20.72 3.5117
0 1.94 19.72 1.7621
7.15 0.95 17.78 0.5399
7.175 0.95 14.59 1.7668
1.7 0.21 10.43 1.2994
0 0.17 11 1.6509
0 -1.89 13.45 3.0019
0 -1.55 13.7 2.0092
0 0.34 13.76 2.4963
0 1.76 15.68 1.6977
0 2.2 17.63 1.9573
0 3.74 19.46 0.7331
0 0.34 19.89 2.3977
0 -1.4 14.05 3.4002
0 -1.17 14.07 3.6662
0 -0.18 15.29 3.8366
0 0.34 19.09 2.8962
0 0.34 21.52 1.1255
0.5 0.49 20.18 3.8753
11.575 6.92 15.36 4.7029
11.925 5.46 14.28 5.6564
32.35 1.93 8.12 4.7529
31.225 1.08 7.17 2.6193
9.6 0.38 9.02 3.0244
0.55 -1.48 8.86 0.6634
0 -1.21 10.47 1.1359
0 -1.82 10.09 0.5086
0.2 -1.65 13.6 0.6996
7.3 -1.32 11.61 2.2595
16.575 0.92 9.11 5.1464
6.325 -4.01 7.29 0.9782
5.9 -4.53 7.23 0.403
0.25 -3.64 10.26 2.2587
2.675 -3.54 13.88 1.8461
10.9 -1.4 14.26 3.9051
4.175 7.74 16.37 1.3482
0 0.33 16.34 1.4389
4.1 1.09 16.82 0.6126
22.65 4.55 19.02 1.7257
10.85 6.25 11.34 4.1811
0.2 1.72 12.76 0.6047
0.025 2.11 17.21 1.4776
0.025 5.1 18.95 0.8882
0 3.55 18.66 1.2644
0.1 3.43 15.71 0.5209
6.775 4.46 16.78 1.328
4.45 7.12 16.36 1.2913
12.7 8.03 19.27 1.5048
9.2 8.35 19.11 2.3328
1.975 0.1 13.31 0.9415
16.1 0.1 14.42 3.6517
28.55 1.19 12.04 4.7593
58.05 3.63 9.29 5.288
28.675 1.66 7.53 2.2859
4.65 1.06 10.54 1.4633
13.4 1.29 12.78 5.188
24.65 4.14 9.29 5.4968
18.3 1.47 7.29 3.8133
16.05 2.89 11.86 3.1106
5.15 4.71 9.27 1.4559
0.325 5.23 13.79 0.7336
0 3.83 16.32 1.442
0 4.1 18.67 2.0224
0 6.3 21.23 2.4402
0 7.02 24.95 1.8404
0 8.25 26.6 1.0671
0 3.43 20.39 1.7322
0 3.95 18.92 1.7867
0 5.67 22.57 1.4836
1.525 5.07 22.71 1.8564
4.8 4.42 20.05 3.4465
2.15 0.58 9.24 1.5966
0.025 -1.21 10.58 1.3324
0 -1.02 14.79 0.4783
0 1.29 16.46 1.6644
0.025 2.73 17.52 1.5931
0.425 2.76 17.18 2.5966
0.2 0.55 13.2 0.5906
0 0.31 17.29 0.7632
0 3.27 21.91 1.4989
0.075 4.01 23.15 2.1835
0.425 8.44 23.18 2.5109
0.2 10.4 19.76 1.4767
0.6 10.2 20.29 1.9175
1.225 10.53 19.83 1.9781
0.5 4.37 17.98 0.9247
0.125 4.98 17.62 0.9641
0.375 6.69 18.87 1.9901
0.2 6.48 18.47 2.1797
0 3.31 18.98 2.5933
0 2.93 19.43 1.0399
0 3.62 21.31 2.2804
0 5.56 20.51 4.5545
0 1.81 17.94 3.4654
0 2.16 21.43 1.7414
0 3.09 24.17 0.4985
0 6.36 26.09 1.0609
0 7.2 25.62 2.942
0 8.53 28.81 0.8673
0 8.73 30.59 1.4972
0 8.06 27.84 1.9369
0 8.14 22.38 2.7734
1.725 3.84 14.34 3.0481
0.85 2.46 16.35 2.5463
0 3.4 22.85 1.7908
0 7.42 24.68 1.258
0.1 7.56 25.88 0.8041
10.125 8.47 25.92 2.7535
7.475 4.62 15.84 2.5848
2.525 2.65 12.73 1.4595
15 4.41 14.24 3.4278
7.35 6.78 12.31 2.1344
0.35 3.88 15.95 2.9328
0 4.68 22.57 1.7195
0 8.11 25.07 2.2173
0 7.3 24.48 3.2365
0 6.09 22.41 4.5276
0.075 6.08 20.49 2.481
2.275 6.45 22.17 2.6584
1.1 4.5 19.67 2.181
0.1 5.12 20.17 3.0975
0.975 5.22 20.5 4.0277
0.5 5.76 16.59 4.6458
0 4.6 17.98 2.7266
0.225 4.89 20.59 2.4485
0.175 9.35 20.9 2.6406
0.025 4.4 16.28 1.5979
0.425 4.51 18.47 0.6605
6.675 5.05 18.98 3.3665
11.125 12.05 17.76 1.003
5.6 9.53 21.01 3.2795
0.1 6.74 19.41 2.1394
0 7.52 22.99 2.9848
0 10.44 26.34 1.7133
0 10.78 28.01 2.7258
0 10.17 27.35 3.1762
0 9.08 24.41 2.7622
0 9.79 27.07 2.7232
0 12.86 29.97 2.2038
0 13.69 32.52 2.1137
0 12.51 32.19 2.5945
0 11.77 28.65 1.6593
0 12.44 29.62 2.8074
0 12.38 30.26 2.2545
0 13.55 30.44 0.6285
0 14.84 34.21 0.7576
0 17.38 36.84 2.4982
0 14.22 36.07 2.5298
0 11.53 32.37 2.4999
0 10.94 30.82 2.6496
0 11.44 30.29 2.4799
0.225 12.61 31.85 2.4924
10.875 12.96 31.45 2.3051
5.7 11.38 24.97 2.3538
0.075 9.84 22.31 2.378
0 10.94 28.19 1.4756
0 14.94 33.13 1.1071
0 15.86 36.26 0.9164
0 15.98 37.27 1.5556
0 17.01 36.81 1.7203
0 17.67 36.7 2.5095
0 17.94 36.65 2.7199
0 16.36 35.54 2.0299
0 15.31 35.04 2.4612
0 13.06 33.93 2.2413
0 11.97 32.73 2.3829
0 11.86 29.59 2.5257
0 12.27 28.51 3.1175
0 11.68 26.35 2.7484
0 11.33 26.34 3.3484
0 11.13 26.38 3.1296
0 11.22 27.03 2.0066
0 12.2 28.7 1.179
0 12.91 29.78 1.9436
0 13.58 31.45 1.6039
0 13.69 32.98 2.3124
0 14.09 33.6 2.759
0 14.58 33.54 1.9241
0 15.43 33.52 1.8733
0 14.34 34.57 2.121
0 12.44 33.08 1.9505
0 12.58 33.15 1.7019
0 13.23 34.12 1.6578
0 14.75 35.73 2.4411
0 14.66 35.61 3.0765
0 18.05 35.17 2.0712
0 17.75 32.93 1.4284
0 15.69 34.21 1.8084
0 14.75 35.15 2.0793
0 13.56 34.45 3.0404
0 12.97 30.9 2.4164
0 13.67 31.9 3.0494
0 16.21 31.33 2.4799
0 12.82 32.45 1.8731
0 13.11 32.99 1.9897
0 12.76 33.13 2.2092
0 13.23 33.96 2.6546
0 13.32 32.49 1.8827
0 14.27 33.11 1.366
0 15.28 34.71 2.097
0 12.33 34.06 1.5469
0 12.19 33.18 1.3639
0 12.6 33.67 1.84
0 12.98 34.07 1.8205
0 13.1 33.95 2.6804
0 11.98 31.78 1.9981
0 11.86 30.87 1.4805
0 12.38 30.87 1.2061
0 13.31 32.59 0.9907
0 14.86 34.67 1.9514
0 15.27 34.64 1.1894
0 15.86 35.21 0.7494
0 15.99 36.26 1.0283
0 16.42 36.76 1.3669
0 14.37 36.25 1.8028
0 13.65 35.06 1.7781
0 12.47 33.01 1.708
0 12.62 32.08 0.7598
0 13.4 32.62 0.6817
0 14.33 34.59 0.8081
0 15.22 34.5 0.9674
0 16.91 33.66 1.8462
0 12.97 34.65 0.811
0 13.53 36.05 1.0437
0.225 13.48 36.08 1.0767
0.125 14.94 35.1 1.5381
0.025 15.19 35.16 0.8167
0.05 15.05 34.37 1.6968
0.075 13.36 27.86 1.6383
0.125 13.29 30.28 0.7832
0.075 13.92 31.76 1.5058
0 14 31.51 2.4231
0 12.68 30.4 1.7026
0 10.3 27.43 1.7629
0 10.36 28.52 0.6477
0 12.06 31.55 0.3844
0 13.7 34.67 1.0531
0 14.3 35.5 0.7227
0 14.89 36.03 0.517
0 14.35 36.77 0.6265
0 15.49 36.5 1.5493
0 13.41 32.05 2.1857
0 10.09 23.35 2.0231
0 10.31 27.66 0.8479
0 12.56 31.6 0.6254
0 13.03 34 0.9772
0 13.65 33.61 1.23
0 11.47 29.55 2.2226
0 10.88 26.25 1.7601
0.15 9.98 25.79 1.8878
22.4 8.33 21.94 2.1392
15.625 8.58 19.87 3.5641
5.425 7.81 16.11 0.8093
1.775 3.41 14.12 0.9097
0 3.7 18.55 1.1948
0.3 4.1 22.32 1.1904
1.875 8.21 24.12 1.4999
0.85 11.75 20.18 1.6446
0 9.07 25.03 1.0209
0 9.2 27.5 0.7627
0 11.58 29.63 0.5083
0 11.75 29.04 0.942
0 11.48 29.35 1.1503
0 11.8 26.9 1.5474
0 11.42 28.52 1.3379
0 11.24 29.21 1.0759
0 12.38 25.36 0.7692
0 9.9 25.73 0.8668
0 10.15 26.24 2.2166
0 9.85 27.43 1.5706
0 9.31 28.88 1.675
0 8.99 26.88 1.3754
0 4.3 21.68 2.8034
0 3.89 20.31 3.0742
0 5.91 21.79 1.7943
0 6 22.96 1.0511
0 6.23 23.67 2.0401
0 7.13 25.68 0.498
0 6.29 25.08 3.4622
0.025 4.51 23.28 4.0554
3.475 4.2 22.41 3.2734
2.075 3.09 19.9 1.694
5.6 -0.96 12.1 0.5019
3 -0.81 12.42 1.3898
0.1 -0.46 11.74 0.8185
0 -0.36 12.3 2.02
0 0.96 15.72 3.0255
0.05 0.98 17.62 3.1334
2.9 1.93 20.97 3.7555
1.425 8.43 19.02 0.8033
0 6.15 17.01 0.3248
0 8.15 18.27 0.9043
0 4.58 17.32 0.7169
0 4.1 18.96 0.933
0.025 4.13 18.96 0.9539
0.4 3.66 18.69 3.0367
3.4 1.25 12.16 2.0918
1.8 1.45 12.12 4.0582
0.125 0.57 12.38 1.8815
0 0.41 13.92 2.7193
0 0.52 14.96 3.957
0.275 0.73 15.78 2.0546
0.125 3 13.57 0.6717
0 2.2 17.21 2.7339
0 2.43 18.7 2.2748
0 3.29 23.85 1.0158
0 2.87 18.71 1.5802
0 1.05 19.73 3.888
0 0.8 17.46 7.7149
0 -0.13 16.08 3.4228
0 -0.48 14.75 4.0891
0 -1.97 14.41 2.666
0 -2.58 12.96 3.45
0 -2.49 13.93 2.9792
0 -2.48 14.38 3.203
0 -1.53 15.19 3.1168
0 -1.48 14.4 4.1263
0 -1.45 16.93 3.0134
0 -1.85 16.74 0.6729
0 -0.4 12.8 1.5076
0 -1.38 13.08 1.3994
0.025 -1.9 13.3 0.9666
1.1 -2.23 12.59 0.7847
0.525 -1.93 10.76 5.0259
0 -1.41 12.76 4.3514
0 -1.59 16.32 2.5293
0 -1.61 14.97 4.2689
0 -1.72 13.17 4.1168
0 -2.55 12.91 3.3412
0 -4.37 13.94 4.4844
0 -3.99 14.14 3.9148
0 -3.46 12.45 4.8239
0 -3.31 16.9 3.3868
0 -1.92 17.84 1.2292
0 -1.89 15.9 1.1025
0 -1.12 16.11 1.1611
0 2.44 16.66 0.845
0 1.95 16.56 1.1733
0 -0.43 15.6 2.3381
