0.725 -4.99 8.13 1.6229
4.975 -1.47 7.17 1.2435
2.725 -4.91 6.07 1.6399
2.175 -7.73 2.88 4.0815
2.9 -7.06 2.69 1.784
0.95 -2.47 0.69 0.4673
0 -2.19 6.13 1.4859
0 0.13 8.51 0.768
0 -2.39 11.49 4.419
0 -2.09 11.34 3.4435
0 -0.73 11.38 2.4227
0 2.46 13.93 5.4911
0 2.79 14.6 3.9565
0 -0.99 14.81 3.532
0 0.34 15.95 3.9759
0 0.52 16.56 4.9553
0 0.09 14.25 4.2629
0 0.23 13.45 4.7532
0 0.47 13.92 4.8689
0.225 0.74 13.19 3.4323
17.95 1.48 13.78 2.7403
31.55 3.86 12.81 2.1501
59.775 1.62 9.32 1.663
49.425 2.73 7.51 2.4348
13.45 -1.12 5.08 3.4838
2.15 -6.83 -0.51 0.8318
0.325 -7.42 1.55 1.3187
0 -6.02 4.29 1.5702
0 -2.33 7.69 4.2289
0 -0.7 13.43 4.5028
0 1.39 14.06 3.0988
0 0.68 13.6 3.1117
0 -1.25 11.02 3.9417
0 -1.62 14.65 3.7914
0 1.97 16.14 2.9939
5.55 2.9 14.81 2.5957
6.2 -0.32 5.98 3.0085
1.725 -1.67 4.46 2.7889
18.075 -1.55 7.11 1.3604
10.85 -5.73 4.79 3.609
1.975 -9.91 0.06 0.4359
9.1 -7.63 1.34 2.5142
5.175 -3.82 1.74 1.4115
12.375 -4.17 2.53 3.0413
7.05 -4.17 0.87 3.4231
2.575 -2.59 2.8 5.8396
26.075 -2.24 1.92 5.5579
20.05 -2.18 1.17 4.4324
3.175 -4.52 0.01 1.296
0 -4.55 4.37 3.4695
0 -3.86 8.77 2.6697
6.175 -3.09 10.01 3.8188
22.575 -2.53 8.86 3.7089
15.925 0.9 3.79 2.6607
3.45 -1.2 4.97 1.4611
1.725 -0.4 11.38 1.4411
0.325 -0.78 5.02 2.3622
0 -2.02 9.73 0.3411
0.05 -1.08 12.28 3.6514
10.65 1.59 12.33 2.739
32.425 2.81 8.63 3.9179
47.7 1.32 8.06 4.8963
21.775 -2.26 3.08 2.8937
1.675 -5.86 2.22 0.8992
0.75 -4.54 4.6 1.8688
0 -6.25 3.58 0.299
0 -7.05 8.24 1.4013
0 -2.65 10.76 2.6416
0 -6.46 5.21 0.4001
0 -5.71 9.95 0.5335
0 -2.33 10.35 2.057
0 -1.78 13.52 2.317
0 -1.42 14.95 1.2906
0 -1.02 11.22 2.1675
0 0.9 12.57 2.4873
0 1.01 15.51 1.1402
0 1.87 17.05 1.1956
0 3.27 18.54 0.9273
0.15 1.65 19.19 0.7266
28.55 2.61 18.39 1.8239
20.05 -2.91 9.67 4.1373
1.175 -8.03 0.62 2.279
0 -6.25 5.24 1.8924
0 -2.8 12.6 0.5876
0 -1.31 14.26 2.039
0 0.71 17.5 2.0584
0 1.25 16.38 1.3675
0 1.18 17.88 3.2686
0 -1.18 13.22 1.9158
0 -0.93 12.94 0.3316
0 0.52 14.77 2.661
0 1.8 17.56 2.5215
0 -0.53 14.94 5.264
0 -3.83 8.29 1.9443
0 -3.14 12.72 2.7502
0 -0.57 16.64 2.2568
8.225 1.87 19.19 1.2949
19.625 -1.09 14.95 3.0089
12.875 -1.06 5.1 1.6958
2.725 -1.03 6.3 2.3049
0.15 -1.78 6.24 3.7836
0 -0.41 10.96 1.6774
0 0.64 14.79 2.1309
0 1.78 14.96 4.6901
0 -5.43 8.23 6.0002
0 -4.25 5.24 3.1557
0 -1.78 13.22 1.4873
0 0.87 18.11 2.7928
0 3.62 21.18 2.734
0 6.77 24.69 1.5423
0 8.69 26.68 1.1776
0 9.15 27.42 1.9778
0.075 6.75 26.2 2.6355
1.25 4.46 19.64 3.381
0.7 -2.87 8.14 3.5475
0 -1.05 12.23 2.0465
0 0.94 15 2.3329
0 -0.4 14.36 3.1414
0 -1.67 11.68 1.7086
2.775 0.4 14.73 1.9921
61.075 5.31 17.94 1.8451
38.925 4.44 14.91 2.4434
6.25 4.74 10.18 3.5465
3.3 3.1 11.91 1.7995
0.45 6.39 15.77 3.5289
0 4.46 18.22 2.1481
0 5.14 21.31 2.9442
0 6.68 21.85 1.7423
0 5.9 22.36 1.3876
0 6.74 22.55 1.0578
0 6.63 24.14 3.0426
0 5.51 23.52 3.2995
0 5.24 20.97 2.634
0 5.79 21.06 3.2786
0 7.49 22.77 1.8412
0 8.72 24.91 1.4789
0 12.1 29.56 0.2997
0.5 13.49 31.52 2.3445
0.3 11.49 30.95 2.6191
0 8.49 25.12 1.7059
0 7.66 23.81 1.0296
0 8.52 24.95 2.4964
0 8.42 24.78 3.0037
0 8.18 24.26 2.7852
0 6.89 23.73 1.9977
0 7.85 23.59 1.3906
0 9.79 25.58 0.9209
0.3 11.03 26.63 2.044
0.175 10.74 26.27 2.5068
7.075 11.34 25.24 3.2148
4.225 10.04 25.06 2.2504
0 10.11 24.29 2.0965
0 9.38 22.08 2.3097
0.175 9.5 20.63 0.522
6.55 6.58 19.6 2.1921
5.1 3.64 17.63 3.4437
1.7 2.76 9.48 2.268
0.575 3.83 11.94 2.7173
0 4.86 17.87 2.6051
0 7.24 20.13 3.4408
0 7 19.35 3.0747
0 5.36 18.11 3.3934
1.525 6.2 18.7 2.3873
1.25 7.69 17.86 3.5736
0.2 5.49 18.07 2.4737
0 5.9 18.86 2.4755
0 6.85 18.97 2.5303
0 8.95 20.58 3.0448
0 9.09 23.09 1.8199
0 11.55 27.93 2.6828
0 8.08 26.64 3.2377
0 5.91 21.97 3.2362
0 6.62 19.95 1.1977
0 8.08 23.25 0.5939
0 10.63 26.94 1.4732
0 11.45 29.35 2.6671
0 10.76 27.57 1.8047
0 11.79 27.98 0.8665
0 12.63 32.18 0.6591
0.275 15.28 33.57 2.9536
0.2 14.47 33.27 2.9307
0 13.67 29.9 2.2753
0 14.18 30.92 1.7449
0 12.59 29.41 2.8299
0 11.78 29.85 2.5001
0 11.24 28.49 2.7307
0 10.56 27.9 2.5265
0 9.09 26.37 2.7668
0 8.54 25.48 2.5793
0 8.8 25.46 2.5797
0 9.07 25.78 1.8892
0 10.31 27.2 1.7697
0 11.84 28.22 2.2044
0 11.73 28 1.3747
0 12.6 29.69 0.5201
0 13.31 30.35 1.6106
0 14.42 32.75 1.9216
0 15.66 31.47 1.8047
0 15.61 33.55 2.0512
0 16.88 34.18 1.6117
0 17.21 35.16 2.4392
0 14.9 34.03 2.5173
0 13.9 31.97 2.301
0 16.02 32 2.056
0 14.53 31.52 2.0828
0 13.61 31.11 2.1526
0 13.88 31.62 1.9237
0 14.5 33.04 1.8924
0 15.83 33.18 2.1994
0 15.49 32.58 2.8969
0 16.12 31.59 2.6168
0 15.89 31.63 2.6515
0 15.17 31.2 2.5155
0 14.05 30.64 2.9342
0 11.48 28.04 2.5215
0 11.39 27.67 2.0298
0 12.62 28.31 2.3285
0 9.54 26.19 3.0359
0 6.79 18.46 1.9422
0 7.73 20.48 1.3975
0 10.39 25.42 0.3958
0 12.26 28.87 1.228
0 14.15 30.66 2.9541
0 14.17 31.64 2.7036
0 12.68 30.33 2.9982
0 12.01 29.1 3.188
0 9.34 26.93 1.4144
0 9.34 26.65 0.3723
0 10.84 28.31 0.7248
0 12.07 30.25 0.8461
0 13.58 32.64 1.2903
0 14.76 33.69 2.1446
0 15.33 32.81 2.1864
1.5 15.28 33.75 2.311
1.35 12.52 28.42 2.9622
0.25 11.36 25.97 1.5796
0 10.78 27.33 1.5284
0 10.09 28.13 0.45
0 10.58 29.1 1.4684
0 12.58 29.24 1.222
0 13.61 30.15 1.2814
0 12.97 31.76 2.7588
0 14.24 30.26 1.7811
0 13.1 29.66 0.7615
0 13.68 30.43 0.3063
0 14.07 30.91 1.4491
0 13.54 30.71 2.2142
0 11.14 29.26 2.0548
0 9.68 27.16 1.9791
0 9.56 24.77 1.5374
0 9.89 24.96 0.4272
0 10.47 26.15 0.9435
0 12 28.37 0.3745
0 12.79 29.97 0.9514
0.025 14.71 32.47 1.7582
0.25 12.07 28.41 2.1823
0.125 8.72 22.74 2.6836
0 7.51 20.68 1.5383
0 8.75 24.77 1.387
0 11.13 27.09 0.3757
0 11.34 28.08 1.0544
0 12.78 30.8 2.125
0 11.83 29.49 0.9743
0 13.54 27.03 2.2753
0 12.06 30.87 2.3457
0 12.8 31.04 1.3893
0 11.65 30.28 0.6821
0 11.4 29.69 0.7785
0 13.73 31.48 1.1802
0 12.43 32.38 0.4237
0 12.33 32.45 2.0422
0 12.07 28.33 2.4878
0 1.62 16.44 2.3374
0 1.67 17.3 2.451
0 4.37 21.05 0.71
1.25 5.32 21.71 3.1487
0.925 0 18.17 3.4659
0.1 -1.98 6.85 0.3024
0 -1.01 14.25 2.8255
0 1.07 16.91 1.4801
0 2.59 17.68 1.3748
0 3.58 19.97 0.7213
0 4.56 20.63 0.4486
0 2.97 20.68 1.8673
20.075 4.34 19.46 1.898
57.3 3.99 13.3 6.5863
27.6 5.08 11.26 4.3253
0.25 7.18 14.28 0.8953
0 7.21 20.6 2.2239
0 6.61 21.87 1.0369
0 8.81 24.92 1.7475
1.15 7.5 19.88 2.2574
0.675 0.34 11.6 2.0837
0 0.84 14.14 1.0483
0 2.95 17.22 0.5389
0 3.49 18.46 0.9965
0 5.78 20.32 1.1847
0 5.22 17.68 1.7074
0 5.02 19.21 1.1394
0 4.54 19.82 4.251
0 -0.4 10.09 4.9316
0 -2.42 9.08 0.7406
0 -1.85 10.7 0.0506
0 1.85 16.48 0.8234
0 3.26 19.01 0.8324
0 5.9 20.34 1.2099
0 5.52 22.01 1.112
0 5.62 22.22 1.696
0 4.27 20.65 2.2395
0 1.28 15.59 0.5531
0 1.13 14.69 1.5776
0 -0.47 12.04 1.8518
0 0.09 13.13 1.1656
0 1.6 13.87 0.7377
6.975 4.39 14.51 0.3478
5.275 1.59 13.66 2.0106
0.65 -2.4 5.13 1.2535
0 -2.51 7.38 1.1205
0 -2.61 8.56 2.835
0 -1.01 11.43 2.1393
0 0.87 13.77 1.5411
0 0.56 14.59 1.6532
1.075 -1.47 9.73 2.324
4.175 -1.31 12.56 3.6236
2.1 -0.98 10.79 1.0757
0 -0.82 7.56 0.4569
0 -1.62 10.23 2.2429
0 -0.5 10.35 3.7705
0 0.57 12.08 4.0507
1.5 0.59 13.44 2.6443
1.9 1.28 14.4 1.0741
0.6 -2.1 9.52 4.8649
0 -0.21 7.77 4.9903
0 -0.43 10.08 3.9654
0 -0.38 12.18 1.6343
0 -1.47 12.01 2.1918
0 -2.96 13.41 2.1245
0 -2.07 9.7 2.1325
0.125 -2.33 10.64 1.2158
29.35 -4.51 6.45 2.2109
22.95 -4.37 2.69 0.8982
3.225 -12.25 -1.77 0.6637
0 -11.55 -1.93 1.9532
4.225 -8.77 0.68 3.145
46.625 -2.23 3.9 2.8859
68.975 0.6 4.52 3.7431
31.725 -1.21 4.72 4.3564
1.925 -2.42 1.81 0.6696
0 -2.87 2.74 3.1326
0 -0.65 6.4 2.5384
0 0.29 8.01 2.3115
0 0.58 9.29 2.8319
0 0.36 8.68 4.166
2.4 0.22 9.46 2.9163
11.4 0.47 10.75 1.7858
13.225 -2.67 7.48 3.6496
0.075 -6.72 2.01 2.6069
0 -3.02 6.56 3.9574
0 -2.89 6.71 3.912
7.95 -2.78 7.18 4.0972
4.825 -1.86 6.23 1.9816
3.35 -2.98 3.86 3.1033
11.3 -2.96 4.8 0.7443
5.675 -1.48 4.11 1.4994
0.05 -2.18 3.45 2.5264
0 -1.77 7.02 1.9979
0 -1.18 7.02 1.2532
0 -1.13 9.06 4.0199
0 -2.05 11.09 2.943
0 -0.21 10.73 2.6927
0 -0.54 10.31 3.0851
0 0.52 10.86 2.7372
0.1 1.38 11.81 3.0633
1.675 1.68 12.05 2.3639
0.975 2.87 10.22 2.4348
1.675 2.34 8.06 3.1684
23.35 1.6 12.46 4.3953
13.575 0.28 7.82 2.0246
0.075 -2.83 5.63 1.3619
0 -1.68 7.97 3.3337
2.725 -0.71 10.71 2.1009
25.875 -0.38 9.71 2.5653
39.475 -0.44 6.53 4.7269
36.65 -1.55 2.84 5.4904
38.35 -2 1.25 6.4528
35.975 -3.85 0.14 4.056
19.6 -3.49 0.19 3.9977
4.5 -4.89 -0.48 0.9082
2.675 -6.05 1.67 2.2832
3.425 -4.15 2.4 3.8779
1.125 -1.1 3.33 3.0005
0 -2.07 6.85 1.3247
0 -4.03 8.07 2.8164
1.8 -2.51 6.81 3.2218
1.075 -0.99 8.41 1.3864
0 -4.29 6.67 1.2147
0 -6.94 7.14 1.7233
0 -2.39 8.28 2.0192
0 -1.55 8.27 0.6119
6.875 -0.97 8.79 2.7163
13.95 0.14 7.68 3.4602
10.65 0.22 5.03 1.7339
2.85 -1.61 2.93 2.5824
1.1 -3.54 3.53 1.3405
1.125 -2.58 4.32 2.2141
0.275 -3.78 3.13 0.6182
0 -3.08 5.87 1.0599
0 -0.56 7.79 1.1241
0 -0.97 11.05 1.57
0 -0.1 12.72 1.5832
0 -0.38 14.68 1.03
0 1.17 13.95 1.6765
0 1.43 14.87 2.4371
0 1.31 15.73 1.1516
0.975 -0.61 14.15 1.2507
3.025 0.65 9.2 2.3829
15.725 -0.48 7.5 3.0867
8.45 -5.05 2.23 2.2437
21.7 -4.42 7.07 3.697
17.1 -1.39 6.22 2.806
1.65 -2.6 5.75 0.7606
23.35 -1.42 10.45 4.396
14.925 0.24 8.68 1.5344
0.6 -1.81 3.07 0.502
1.725 -1.36 10.48 2.3251
12.825 1.28 12.57 2.6536
20.25 -0.44 6.41 3.2363
7.9 -3.49 3.95 3.0424
0.175 -4.93 2.59 1.323
0.1 -2.39 7.57 2.5378
0.175 -3.14 8.84 0.9611
5.625 -0.67 9.29 2.4993
5.45 -7.48 2.93 3.8562
1.275 -5.39 4.07 2.1583
0 -5.36 3.03 0.3776
26.8 -2.69 10.09 2.0753
16.075 -3.37 8.92 2.5127
0 -4.03 7.05 2.5726
0 -2.79 12.44 3.7412
0 -0.51 17 1.3982
0 1.75 18.25 0.7056
0 2.44 18.17 2.8607
0 -2.71 16.72 2.113
0 2.6 19.45 1.9833
0 1.06 18.07 0.5272
0 0.81 15.88 1.4345
0 -0.28 15.78 2.1342
1.55 -0.07 17.28 2.038
4 0.82 16.96 2.3404
1.825 -3.46 8.67 2.5072
0 -1.4 10.1 2.7637
0 -0.78 15.61 1.2151
8.3 1.04 16.88 2.4302
17.65 1.28 16.34 5.4938
7.825 -2.74 4.64 3.0226
2.2 -5.72 4.49 0.8803
7.15 -3.98 7.55 2.1835
3.375 -2.55 4.91 2.0093
23.925 -2.89 5.36 2.7506
14.325 -3.84 3.39 3.2378
0 -5.27 4.32 0.8386
0 -3.41 10.02 2.1514
0 -1.22 15.24 0.4398
0 0.57 16.69 1.1235
1.85 1.23 16.28 1.9836
20.15 0.34 10.86 4.0562
14.3 -1.51 5.14 4.6069
1.725 -2.84 3.05 1.07
0 -2.14 9.67 0.6702
0 -0.96 11.16 0.8069
0 0.59 16.08 2.462
0 0.22 15.87 1.4525
0 1.01 17.96 1.1144
8.65 2.35 19.89 1.7223
18.05 3.78 17.19 2.6276
8.775 -2.44 6.49 3.0598
0.625 -1.39 1.68 1.7502
0 -0.4 5.35 1.4107
0 1.01 15.78 0.8175
0 3.18 17.9 1.3129
0 4.79 21.27 0.7637
9.775 5.31 21.34 4.0339
11.375 0.16 10.6 5.0251
3.4 -4.16 3.98 3.9174
0.05 -3.93 5.87 3.4192
0 -1.23 11.8 1.9579
0 0.56 15.49 1.988
0 1.97 19.89 0.912
0 3.84 21.16 2.0755
0 3.77 20.27 3.6231
0 1.34 16.08 2.179
0 0.92 15.93 0.6985
0.225 2.2 18.13 2.8206
6.025 2.1 17.04 3.7646
14.95 -0.85 7.55 3.2014
6.925 -4.84 6.45 4.1425
0.025 -3.15 8.66 2.1704
0.1 1.96 15.26 0.9561
0.05 3.08 18.56 0.5947
0 4.62 20.3 0.49
3.225 7.31 22.15 1.2766
5.875 8.2 21.61 1.918
2.35 1.8 14.19 1.8872
0.325 4.32 14.88 1.672
0.175 6.33 17.69 3.4159
0.25 2.07 18.48 4.3694
0.375 -1.99 12.12 3.7066
0.275 -1.78 7.49 4.1288
3.65 -0.19 10.41 2.3403
8.725 -0.18 10.36 1.5303
14.3 3.45 13.91 2.9861
12.95 1.85 10.26 2.4818
4.05 -0.9 8.86 3.5406
0 0.09 11.06 1.8639
0 3.72 18.73 0.5492
0 5.92 22.52 2.5518
0 9.75 21.94 2.9393
0 7.03 20.3 2.635
0 8.19 21.71 2.746
0 9.68 23.22 2.7541
0 9.98 23.27 2.0841
0 11.45 27.16 3.0581
0 11.08 27.49 3.1326
0 9.68 25.07 2.5657
0 8.82 24.62 3.8451
0 6.2 22.68 4.6591
0 5.38 18.1 5.0376
0 8.88 19.09 3.7854
0 8.49 22.92 1.025
0 9.77 25.03 1.6924
0 9.98 26.92 2.9182
0 6.08 24.85 3.0591
0 5.39 20.58 1.1487
0 6.6 23.85 2.3833
0 6.68 22.47 3.1263
0 5.45 20.55 2.543
0 6.54 22.63 1.6265
0 7.46 21.82 1.0969
0 9.68 25.4 1.8046
0 10.61 26.66 2.1187
0 12.09 23.63 2.7002
0 10.07 24.1 2.4107
0 12.69 26.53 0.9703
0 14.45 30.6 1.5851
0 14.68 32.53 3.086
0 11.77 28.94 2.9502
0 10.18 27.31 2.6462
0 8.82 25.51 2.7827
0 11.64 25.65 2.0589
0 9.25 24.93 0.9004
0 11.12 27.58 1.9425
0 11.63 29.25 2.5245
0 12.61 28.07 2.3519
0 12.08 27.86 2.4001
0 13.81 29.17 2.2
0 13.14 29.58 1.8137
0 13.68 31.29 2.2966
0 15.39 30.46 3.2346
0 14.9 29.65 3.3313
0 13.34 27.28 1.8887
0 13.57 28.79 1.4285
0 15.65 31.89 2.6325
0 15.38 32.89 2.7587
0 15.28 32.54 2.5842
0 14.77 33.66 2.1234
0 14.11 32.6 2.0647
0 13.66 30.65 2.4781
0 13 29.31 1.0355
0 13.5 29.4 2.2728
0 13.23 30.26 2.1099
0 14.81 31.65 2.5675
0 15.63 31.06 2.706
0 13.05 29.65 1.9059
0 11.37 29.04 2.3174
0 12.07 28.79 2.0095
0 11.92 29.47 2.2619
0 12.33 29.24 2.345
0 11.45 28.86 2.0547
0 11.12 28.24 2.3898
0 10.52 29.21 1.4467
0 11.37 29.63 1.9299
0 11.83 29.31 1.979
0 10.96 28.75 2.0263
0 11.45 28.52 2.4948
0.1 11.92 27.65 2.835
0.05 11.1 24.98 1.9795
0 10.43 26.53 1.8523
0 10.77 26.97 2.2427
0 9.25 23.1 1.0784
0 9.99 26.6 1.412
0 11.72 27.75 2.3726
0 11.7 28.08 2.7856
0 11.94 28.63 1.1463
0 11.96 30.56 1.5808
0 13.09 31.48 1.7203
0 11.3 29.8 1.8988
0 11.42 29.6 2.2354
0 11.84 30.3 1.8624
0 10.55 26.95 1.7102
0 10.04 26.03 2.3657
0 11.75 30.8 2.0359
0 15.42 34.22 0.6148
0 16.57 35.82 2.2644
0 14.01 33.41 2.4447
0 9.55 29.02 2.8115
0 8.74 17.73 2.2622
0 6.24 17.89 2.432
0 6.51 20.35 1.2097
0 7.96 23.97 0.568
0 10.95 28.52 0.3808
0 12.54 31.5 1.214
0 13.01 31.71 1.2126
0 11.48 30.94 1.9687
0 10.76 28.76 1.2238
0 10.71 28.9 2.3581
0 9.23 27.09 2.8756
0 3.88 12.58 2.0475
0 4.77 20.82 0.5989
0 5.62 23.06 0.6605
0 8.94 26.56 0.9806
0 9.21 27.03 1.6534
0 8.51 25.06 1.4125
0 8.16 25.04 0.8812
0 8.54 25.25 1.5594
0 8.16 26.33 1.5883
0 8.49 25.39 1.5201
0 8.23 25.15 1.4199
0 6.68 21.08 1.1726
0 6.06 23.31 1.0162
0 7.22 21.61 2.7033
0 6.29 19.24 1.0562
0 6.25 23.19 0.4869
0 9.75 26.98 0.9193
0 12.5 31.13 0.4251
0 11.9 31.29 1.0722
0 14.59 32.42 0.5764
0 14.03 33.33 0.5182
0 13.06 32.81 0.3258
0.075 12.85 29.27 0.4205
6.475 12.28 26.07 1.3022
27.7 11.41 26.36 1.6017
17.375 8.87 16.61 1.4799
1.425 6.7 10.96 0.8869
2.125 3.73 12.14 0.7954
2.175 3.81 12.64 2.0662
0.275 2.53 12.32 0.8638
0 4.51 17.17 1.8966
0 5.87 19.59 1.6029
0 8.08 22.48 1.3569
0 8.78 23.87 2.2651
0 10.22 26 1.5843
0 10.02 25.29 0.7152
0 9.25 24.88 0.5817
0 9.05 25.03 1.1362
2.875 9.82 20.65 0.8783
1.5 5.5 16.39 1.0435
0 5.92 15.3 1.6892
0.175 5.96 22.24 0.9286
0.1 6.92 18.75 1.9587
3.825 4.46 16.5 1.723
33.325 5.33 15.11 1.6013
56.275 6.6 9.06 4.6147
29.925 2.01 10.06 3.622
0.125 1.05 11.07 1.6478
0 -1.42 11.63 2.9316
0 -1.95 12.31 3.2978
3.4 3.9 16.12 2.1293
2.875 3.17 16.77 1.8981
0.475 1.33 7.85 0.8992
0 2.02 14.06 1.8885
0 2.95 16.66 3.1597
0 5.37 19.85 2.9376
0 8.34 21.75 1.9771
0 8.08 21.73 1.0895
0.6 6.6 20.5 2.2147
17.525 4.59 16.86 3.0235
13.925 -0.63 7.08 2.6903
2.9 -2.54 6.95 0.6184
2.2 -1.13 8.15 1.6248
0 -2.58 6.06 2.5368
0 -0.03 10.25 1.4624
0 -1.1 12.08 3.0742
0 1.72 13.13 1.5795
0 3.1 15.9 2.467
0 2.62 15.93 0.9572
0 1.77 14.82 2.1287
0 0.98 15.33 2.0458
22.1 1.43 14.73 2.7744
33.65 -2.17 8 3.2021
25.425 -3.93 0.86 5.2174
14.275 -3.64 0.78 3.0481
14.15 -3 1.78 4.1272
6.8 -7.64 -0.11 1.0846
0 -8.52 0.57 3.3104
0 -8.26 -0.26 3.3305
13.95 -4.28 4.1 2.7502
10.2 -8.26 1.27 2.6837
0 -10.06 -0.42 2.3262
0 -7.55 0.93 3.0536
0 -3.37 4.92 2.2876
0.075 -0.67 9.74 2.5997
0.025 2.07 8.18 1.5182
2 1.48 8.46 2.0181
21.325 1.42 5.94 2.2379
12.575 0.64 9.32 3.2839
0 -0.29 6.46 2.3199
7.75 0.65 10.46 1.8728
9.95 1.79 9.17 0.9955
2.075 2.84 7.24 1.3123
0.125 1.97 9.83 0.4504
0 1.16 11.18 2.3187
0 1.81 10.56 1.4184
30.25 1.45 11.33 1.7557
21.3 -0.72 6.6 1.672
6.575 -3.31 4.21 2.4521
72.175 -3.54 3.84 3.5559
108.22 -0.34 4.01 5.3005
77.275 0.67 6.16 6.0997
27 -1.57 7.91 2.1527
10.775 -1.9 -0.47 2.3596
6.85 -1.59 2.33 2.2954
3.975 -1.52 3.28 0.3826
0 -2.45 4.84 2.8635
23.6 -2.2 7.69 5.2944
15.625 -2.23 7.28 1.9136
0.025 -3.34 0.99 1.0041
58.9 -2.96 3.06 2.286
38.8 -1.14 3.66 4.4038
2.225 -10.33 1.47 2.5339
4.525 -10.57 -1.39 1.4745
23 -10.36 -0.99 4.0913
24.575 -2.95 0.92 4.8964
12.8 -3.17 1.15 2.5958
0 -5.37 1.55 3.2703
0 -5.26 2.14 3.9183
0 -3.17 5.09 5.3948
0 -2.83 5.98 3.7846
0 -4.05 5.16 1.9175
0 -4.05 6.01 1.2204
0 -6.18 3.09 3.2287
4.975 -6.01 4.66 3.3144
5.75 -1.13 5.14 1.8699
0.725 -1 8.14 1.6827
0.475 -1.55 6.66 1.3841
0 -0.79 11.34 2.6
0 0.23 11.1 0.984
0 0.83 11.37 0.7377
0 0.95 11.57 2.359
0 -0.53 11.86 1.3583
0 -1.53 12.32 4.2788
0 -1.49 11.78 3.7937
0 -1.4 12.32 2.7541
0 0.06 14.47 3.92
0 0.14 12.6 2.0478
0 0.52 13.04 2.2483
0 0.31 12.68 4.9912
0 0.31 13.88 3.3371
0 0.31 14.21 1.8262
9.1 -0.38 13.75 0.5312
13 -1.26 12 1.8421
4.075 -3.25 2.39 1.4873
0 -4 5.88 1.8671
0 -4 7.88 3.0329
0 -4.28 8.56 2.11
0 -3.41 9.72 2.7629
0 0.57 13.94 1.7257
0 -1.13 14.39 1.9439
0 1.58 15.88 0.5936
0 -1.46 14.87 2.1201
0 -4.01 10.93 3.5856
0 -5.31 8.46 3.8395
0 -4.26 10.01 3.964
0 -1.83 13.26 2.7589
0 -0.66 15.42 1.2482
0.05 -0.6 15.36 3.4221
11.45 -1.14 9.38 4.1023
24.45 -1.49 10.49 5.9052
25.075 -4.17 -0.17 4.4804
42.1 -3.36 -0.58 3.1172
23.425 -3.5 2.12 3.7801
2 -7.92 1.22 0.8458
0 -7.92 2.61 1.1556
0 -7.77 2.32 0.3882
0 -6.72 5.97 0.4011
8.05 -5.15 5.71 2.2469
15.55 -3.37 3.38 5.7015
9.7 -8.18 -0.22 0.851
0 -9.73 -1.67 0.4335
0 -9.62 3.34 2.144
7.175 -7.71 7.6 1.6881
12.95 -2.47 9.35 3.5669
10.75 -0.19 6.49 1.4129
1.025 -3.19 7.45 1.4737
6.35 -2.25 11.21 0.6161
25.225 -1.15 12.61 1.7174
21.65 0.25 5.13 4.4266
0.225 -3.14 5.01 0.4752
0 -1.54 11.04 1.4817
0 -0.18 15.06 0.8776
0.275 -0.26 13.95 1.2538
0.175 -0.38 11.26 0.6906
3.675 -0.18 13 0.9107
2.25 1.25 9.98 1.025
23.45 1.8 13.37 1.1414
26.425 2.18 14.89 2.506
2.075 -3.06 7.29 1.0489
26.675 -3.76 9.32 3.3163
49.9 -3.33 4.18 4.8475
61.575 -2.94 1.45 5.8849
27.9 -3.55 1.03 2.5419
9.2 -3.7 3.37 1.0985
18.85 -2.55 5.82 4.7964
43.45 -2.9 2.82 5.414
29.75 -5.98 0.77 3.9218
10.55 -4 3.39 2.9811
10.1 -1.5 1.03 1.4546
0.3 -1.23 6.54 0.6388
0 -1.49 10.92 1.3576
0 -0.15 13.59 2.1595
0 1.93 15.5 2.3114
0 3.66 20.98 1.6747
0 3.72 22.89 1.0277
0 1.26 17.53 1.2893
0.05 0.69 15.85 1.8841
0 1.15 18.44 1.3804
1.55 1.56 18.08 1.6258
8.525 -1.82 16.7 3.4696
6.55 -7.19 1.21 1.4195
1.75 -6.76 0.37 1.4198
0.1 -6.04 6.22 0.5547
0 -3.47 11.54 1.626
0 -1.22 12.89 1.5098
0.7 -0.41 13.7 2.7793
0.5 -3.38 5.11 0.6308
0 -3.02 12.73 0.7699
0 1.66 17.41 1.5447
0 3.17 19.83 2.3357
0 4.15 19.62 2.7853
0.025 4.47 16.58 1.6984
0.475 2.07 16.79 2.0877
9.5 3.71 10.84 2.2653
2.025 0.53 12.71 0.9021
1.375 0.53 12.53 1.2973
1.05 2.4 10.32 2.3235
1.05 1.37 9.6 2.3209
0.125 -1.23 12.26 2.7584
0 0.84 14.72 0.8722
0 2.18 17.27 2.4293
0 -0.72 16.31 4.6262
0 -0.77 14.56 3.5902
0 0.67 15.54 1.8947
0 2.75 18.41 0.4514
0 4.29 20.39 0.8436
0 6.23 22.15 2.9808
0 9.13 24.87 0.7192
0 8.42 25.56 1.5493
0 7.11 24.27 2.0827
0.225 5.35 20.81 3.02
1.525 1.16 11.31 3.2629
2.675 -0.63 7.35 2.6952
0 2.27 15.5 1.779
0 4.83 19.31 1.1901
0 5.68 21.88 0.608
13.725 6.15 23.49 2.9053
18.625 -2.06 14.16 2.7518
9.725 -2.15 4.47 1.1509
28.725 -1.11 7.89 3.5237
19.8 -1.08 3.99 2.3297
1.375 -0.6 8.43 3.2859
0.075 -0.05 14.43 1.7981
0 3.55 19.27 2.0677
0 4.18 19.06 3.028
0 3.08 18.22 4.4904
0 2.01 15.47 2.5022
0.075 3.7 18.07 2.739
0.05 2.61 16.07 2.5531
0.9 2.85 16.38 3.3162
4.7 2.12 15.79 4.2578
6.5 -0.51 11.71 4.8333
1.275 0.13 10.67 2.8414
1.125 2.85 14.83 2.5969
0.8 3.83 15.41 2.9323
0.625 -0.4 9.93 1.7069
0.05 0.98 13.15 0.5497
3.4 2.22 13.93 2.9939
8.9 6.15 9 1.1952
4.7 2.33 14.85 3.3989
0.125 2.53 10.52 1.995
0 3.91 15.84 3.072
0 6.15 20.42 1.6599
0 7.44 23.02 2.4304
0 7.55 23.31 3.0852
0 6.39 20.71 2.673
0 7.31 21.53 2.7234
0 8.73 24.14 1.8166
0 10.16 27.28 1.869
0 10.96 26.44 2.5854
0 7.16 24.11 1.3947
0 9.25 23.85 2.8733
0 8.26 24.85 2.067
0 9.82 25.22 0.3663
0 11.33 27.59 0.5504
0 12.73 30.67 2.4733
0 12.6 30.15 2.7145
0 10.93 28.5 2.6108
0 8.4 26.26 2.6985
0 8.53 25.32 2.34
0 10.26 25.92 2.3125
14.65 10.41 26.69 2.4314
9.575 7.21 22.65 2.3883
1.2 5.66 14.81 2.2619
0 8.72 21.7 1.0337
0 9.96 27 0.7931
0 12.9 29.62 0.5608
0 13.14 30.03 1.5257
0 13.53 29.88 1.8641
0 14.73 29 2.5431
0 15.39 29.58 2.818
0 14.36 28.22 2.2129
0 13.63 28.93 2.5167
0 11.68 28.55 2.1642
0 10.63 27.7 2.3081
0 9.48 24.7 2.4086
0 9.51 24.85 3.1208
0 9.22 22.63 2.6901
0 9.83 21.64 3.258
0 8.19 21.41 3.1198
0 8.66 22.25 1.9638
0 8.79 23.98 1.2629
0 9.53 26.2 1.8942
0 9.64 26.26 1.3383
0 10.52 26.81 2.2923
0 11.55 27.75 2.7934
0 12.06 27.64 1.8805
0 13.04 28.25 1.8811
0 11.27 29.47 2.1261
0 11.27 28.54 1.8512
0 11.28 27.69 1.7143
0 12.65 27.41 1.5764
0 13.7 30.36 2.375
0 14.86 30.7 3.0146
0.125 16.07 30.52 2.0905
0.475 13.75 27.43 1.4485
0 13.63 29.24 1.8696
0 13.53 30.47 2.0628
0 11.2 29.76 3.0237
0 9.91 25.94 2.325
0 11.26 26.82 3.0313
0 10.93 26.4 2.381
0 11.96 27.82 1.753
0 11.32 28.57 1.8548
0 11.11 28.4 2.2027
0 11.28 27.84 2.6525
0 10.9 28.14 1.6739
0 12.04 29.41 1.2487
0 12.89 30.13 2.006
0 11.11 28.4 1.514
0 10.5 27.67 1.1821
0 10.48 28.14 1.6182
0 10.88 28.47 1.5502
0 11.42 29.27 2.5912
0 11.07 27.35 1.9582
0 10.21 27.06 1.3645
0 9.21 26.71 1.0481
0 10.65 27.81 0.944
0 10.89 29.33 2.0167
0 12.94 29.83 1.2072
0 12.87 29.49 0.7539
0 13.04 31.61 1.0236
0 13.91 31.55 1.3721
0 13.61 32.14 1.6334
0 11.52 30.85 1.8184
0 9.44 28.67 1.7384
0 10.67 27.67 0.7724
0 11.14 27.82 0.7314
0 11.7 29.77 0.8688
0 12.74 29.19 0.9502
0 12.72 29.98 1.8149
0 12.45 29 0.687
0 13.09 29.42 0.9236
0 13.45 30.65 0.898
0.125 13.44 29.1 1.5369
0.8 11.14 29.2 0.9932
1.45 11.75 27.32 1.6115
2.3 8.5 20.55 1.4622
1.7 9.86 23.96 0.5886
2.275 9.45 25.5 1.2493
0 9.87 23.99 2.4223
0 10.08 24.83 1.795
0 8.11 22.33 1.6437
0 7.17 22.16 0.3292
0 9.27 26.09 0.2354
0 11.49 28.58 0.9314
0 12.38 28.66 0.4699
0.95 12.76 29.21 0.2561
0 13.28 29.93 0.5228
0 13.44 30.44 1.6198
1.675 10.5 26.5 2.2562
0 8.28 19.4 1.8935
0 8.81 23.14 0.4778
0 12.37 27.18 0.6124
0 12.11 26.35 1.1026
0 11.39 27.98 1.3899
0 9.63 27.16 2.2639
0 10.07 23.9 1.8464
0 8.98 21.72 1.9746
22.5 5.66 18.32 2.2744
27.625 4.01 13.53 3.7178
9.4 -0.39 8.12 0.8414
1.575 -0.85 7.73 0.8926
0 -0.73 11.87 1.2861
0 2.05 15.96 1.143
2.75 4.38 18.07 1.5087
3.3 5.97 13.71 1.612
0 6.37 19.77 0.9074
0 6.6 22.51 0.5803
0 9.78 24.54 0.3859
0 7.99 24.13 0.9782
0 8.2 23.43 1.4207
0 8.63 22.18 1.663
0 8.89 22.94 1.5866
0 7.49 23.83 0.8106
0 6.45 20.86 0.5977
0 6.49 21.43 0.5549
0 6.37 20.53 2.2063
0 6.62 22.62 1.7669
0 6.92 23.19 2.0677
0 5.71 20.29 1.3241
0 3.34 16.14 3.23
0 1.34 15.03 3.366
0 1.92 15.11 2.0273
0 3.53 17.32 0.9396
0 4.32 18.73 2.0942
0 4.64 19.9 0.142
0 3.7 19.24 3.2218
0 4.04 17.31 4.1904
5.15 0.89 17.62 3.6936
6.95 -2.59 15.09 1.7853
5.825 -4.73 2.25 0.4207
5.475 -3.88 3.3 1.4707
0.075 -4.41 2.66 0.888
0 -4.57 4.93 2.2429
0 -2.58 7.69 3.2097
0 -1.39 11.51 3.0555
2.525 0.38 12.34 3.5739
2.8 2.49 9.65 0.9866
0 1.87 9.68 0.214
0 2.84 11.53 0.6964
0 0.01 11.7 0.5749
0 0.45 12.07 0.9208
0 0.15 12.86 0.8956
0.075 0.7 12.32 3.1231
2.075 -1.32 6.28 2.1622
3.425 -1.15 4.25 4.0698
2.15 -3.55 3.78 1.704
0 -2.83 6.85 2.3664
0 -1.4 8.41 3.5661
0.05 -1.61 13.82 2.1905
0.025 -1.32 10.18 0.7846
0 -0.01 10.49 2.9124
0 1.35 14.4 2.3633
0 2.58 14.04 1.0829
0 4.05 13.72 1.7203
0 -0.63 15.24 3.4922
0 -1.2 11.39 8.4905
0 -0.42 7.75 3.6055
0 -2.48 11.48 4.3205
0 -3.99 8.49 2.7912
0 -3.81 6.99 3.4938
0 -4.6 7.1 3.092
0 -3.74 6.91 3.5767
0 -2.97 9.22 3.5914
0 -2.3 9.26 4.3098
0 -1.9 10.48 3.2267
0 -2.89 9.45 0.9798
0 -4.59 7.96 1.6634
0 -5.14 5.04 1.4746
0 -4.8 5.8 1.1278
0 -4 6.1 0.8684
0 -3.36 5.52 5.4896
0 -1.24 9.75 4.6172
0 -3.62 10.21 2.7468
0 -3.96 8.86 4.622
0 -4.61 7.29 4.4795
0 -3.86 7.83 3.5185
0 -4.05 7.93 4.5393
0 -4.21 8.39 4.027
0 -3.64 9.85 4.984
0 -2.52 10.45 3.4492
0 -1.07 11.06 1.3131
0 -1.19 11.74 1.1424
0 -0.1 11.03 1.2394
0 1.91 15.19 0.9396
0 0.85 12.57 1.0762
0 -1.68 11.41 2.3882
