0 5.53 7.7 1.5018
3.025 6.59 8.31 0.9519
0 0.46 9.88 1.9592
0 -2.56 10.52 3.1185
0.975 3.54 7.75 1.7671
0 2.02 9.42 0.3189
0 0.12 8.86 1.4277
0 1.45 10.89 1.1156
0 1.64 13.17 3.7766
0 0.15 14.42 3.521
0 -0.2 15.34 2.5147
0 0.57 17.25 5.0948
0 1.29 19.61 4.1688
0 1.18 18.81 3.8211
0 0.85 19.56 3.7972
0 2.69 19.33 4.8455
0 1.91 19.47 3.9882
0 2.18 19.88 4.4697
0 0.77 20.58 4.7297
0 1.5 19.83 3.3006
1.725 5.38 13.76 2.6201
10.175 9.92 13.9 2.0696
18 11.09 13.45 1.6841
1.975 10.05 16.4 1.8097
6.725 5.76 13.67 3.1276
0 4.04 12.25 1.2641
0 1.16 12.65 1.0276
0 0.71 14.11 1.5133
0 1.44 15.72 3.7624
0 1.82 17.8 4.202
0 2.01 18.86 2.5478
0 2.55 17.56 2.6098
0 2.85 19.47 4.0434
0 2.52 20.08 3.7988
0 2.71 19.31 2.9706
5.975 9.51 15.58 3.0357
3.575 8.69 14.78 3.2649
0.05 7.21 16.23 2.4537
1.7 4.52 15.94 1.197
0 4.24 12.2 2.9786
1.15 0.26 12.75 0.3088
4.275 5.93 13.11 2.3703
0.8 5.26 12.65 1.2841
12.45 5.62 10.83 2.9247
0.2 6.09 13.36 3.715
3.5 8.59 12.01 6.645
11.325 8.4 12.75 5.427
6.275 7.84 11.89 4.4807
0 3.33 15.17 1.7442
0 3.67 17.8 3.4999
0 4.64 17.89 2.7105
0.5 4.43 15.63 3.5709
2.325 11.73 15.43 4.3096
10.6 10.04 18.55 3.1514
0.05 8.03 18.26 1.4659
0 9.55 18.31 1.617
0.7 8.94 18.95 2.095
0 5.55 16.73 0.5526
0 6.46 17.34 3.4455
2.65 11.64 15.98 3.1532
2.675 11.1 18.97 4.3015
3.675 9.51 15.71 4.9677
3.575 5.58 14.15 2.4811
0 3.12 15.26 1.1744
0.05 4.53 14.83 1.8671
0 3.35 16.28 0.3428
0 3.02 18.35 1.4838
0 4.55 12.95 2.8121
0 1.12 14.61 0.7794
0 1.32 17.23 0.4807
0 5.08 19.51 1.6298
0 4.49 20.98 1.6109
0 6.28 16.21 1.4525
0 7.66 20.12 2.183
0 8.33 21.17 2.5448
0 9.16 20.98 1.1409
0 9.21 22.2 1.594
0 10.29 25.71 1.6606
0 10 24.09 1.3194
3.5 8.84 18.52 1.5249
1.6 6.77 14.64 3.7121
0 4.21 15.58 2.5045
0 2.9 20.39 1.917
0 5.49 22.56 1.2611
0 9.96 24.78 2.2363
0 10.86 25.03 1.7268
0 9.58 26.59 1.4947
0 10.43 19.78 3.7905
0 7.43 20.39 2.1936
0 5.29 23.17 0.845
0 11.24 25.39 3.2386
0 8.78 22 2.7559
0 7.69 19.83 5.1014
0 6.02 19.83 1.8536
0 4.78 25.39 2.2949
0 7.31 28.17 1.7056
9.725 9.66 19.56 1.2108
0.675 9.7 18.31 2.5907
5.425 9.92 15.12 1.7701
2.025 9.51 17.88 2.3819
0 5.97 20.39 3.7172
0 8.2 24.08 1.8362
0 10.18 23.02 2.7215
0 8.35 16.46 5.3327
0 6.68 18.02 5.4251
0 5.23 21.91 2.886
0 7.13 26 1.6202
0 10.46 28.63 2.1268
0 11.74 33.02 2.169
0 14.36 35.11 1.4946
0 15.06 35.66 1.38
0 15.33 36.11 1.597
0 12.79 26.25 1.9915
0 8.49 21.29 3.0042
0 5.4 23.11 3.287
0 5.59 22.42 2.2409
0 7.67 21.6 2.2481
0 5.14 18.26 2.8903
0 5.71 21.31 1.9703
0 7.13 23.67 2.0262
15.75 13.71 21.68 1.7038
0.9 13.35 20.28 2.4908
0.225 14.16 22.46 3.3483
0 13.6 25.84 1.7943
0.175 16.57 27.51 3.3244
0 13.75 28.89 1.6514
0 12.78 28.19 3.2458
0 13.8 29.69 2.3593
0 12.61 31.25 2.2871
0 13.48 32.42 1.9086
0 14.35 31.25 3.2206
0 11.83 27.78 3.4402
0 12.81 29.22 3.2381
0 14.3 29.59 3.213
0 14.91 33.02 2.6204
0 15.49 37.47 1.3363
0 19.27 40.61 0.2108
0 20.31 37.54 1.9446
0 17.12 32.05 2.1596
0 13.85 29.59 1.474
0 13.28 32.78 1.2543
0 13.05 32.51 2.3696
0 12.13 28.62 2.9328
0 10.86 25.79 2.7728
0 10.32 30.2 2.4804
0 14.4 34.03 2.0255
0 18.02 36.31 1.2694
0 18.28 35.84 2.2798
0 16.16 32.26 2.4022
0 13.45 29.72 2.7054
0 13.35 30.18 2.3904
0 13.24 28.06 2.5158
0.1 15.32 27.97 2.3944
0 15.98 28.91 0.695
0.3 13.48 26.2 2.2062
1.55 13.81 22.2 2.7521
0 12.7 25.94 1.7477
0 12.65 28.67 2.5614
0 13.31 29.03 2.5988
0 12.65 26.54 3.3125
0 14.34 25.7 2.9426
0 13.54 27.05 3.408
0 13.76 26.69 2.6502
0.9 15.52 27.14 3.2749
0 13.9 27.2 2.2608
0 13.8 25.98 2.4603
0 13.99 30.28 2.8994
0 14.56 29.87 3.2626
0 15.6 35.75 2.4721
0 17.61 34.23 3.1394
0 12.81 29.31 3.381
0 11.2 27.42 3.4973
0 14.12 32.47 1.8976
0 15.29 35.8 0.9529
0 17.47 37.46 1.7269
0 15.41 34.73 2.6122
0 14.66 33.72 1.9086
0 18.02 39.83 1.1603
0 21.77 42.88 1.0179
0 21.83 41.62 2.5586
0 18.14 37.51 2.5281
0 17.78 35.93 2.2019
0 16.16 36.49 1.911
0 15.93 36.54 2.612
0 16.16 33.6 2.3933
0 15.55 31.74 2.5644
0 12.63 31.4 2.4163
0 13.49 32.46 2.5243
0 14.51 32 2.7462
0 15.13 31.64 2.7838
0 13.77 32.29 2.1909
0 18.28 31.73 1.8518
0 19.04 33.26 2.2978
0 16.6 35.11 1.8982
0 17.55 38.36 0.8909
0 18.64 39.15 1.5324
0 19.84 38.81 1.6289
0 20 39.56 1.6041
0 21.75 40.12 1.9185
0 22.09 40.85 1.4573
0 20.36 38.4 2.4016
0 18.15 35.52 2.5361
0 17.47 34 2.5616
0 16.25 34.51 2.1584
0 14.29 31.68 2.1075
0 13.58 33.45 2.1739
0 16.94 37.2 1.9645
0 19.39 38.36 2.078
0 18.52 35.01 2.4697
0 16.32 32.93 2.9897
0 15.35 32.01 2.8037
0 15.75 32.84 3.097
0 17.08 34.09 2.7787
0 14.79 31.73 2.7257
0 14.74 30.35 2.2108
0 14.74 31.87 1.837
0 15.95 31.26 2.06
0 14.57 26.23 2.6445
0 14.2 28.45 1.9066
0 15.26 32.8 1.873
0 17.01 35.67 1.2206
0 18.77 37.8 1.3674
0 19.64 35.57 2.8673
0 17.35 36.83 2.8956
0 19.43 34.52 3.2493
0 17.33 30.76 3.1682
0 13.15 32.8 1.8344
0 14.97 35.17 0.9494
0 15.99 34.97 1.1733
0 16.21 35.12 0.8957
0 17.41 34.6 1.3886
0 14.79 31.73 2.4332
0 15.46 36.28 2.0512
0 19.13 35.94 2.15
0 18.34 33.24 2.376
0 13.11 31.51 1.5426
0 13.94 33.68 1.4628
0 15.83 34.29 0.3876
0 16.66 36.14 1.7285
0 16.74 37.8 1.9527
0 19.24 39.47 1.7783
0 18.93 38.07 2.3073
0 16.81 31.82 1.2828
0 16.41 35.21 0.6155
0 20.75 36.23 0.8024
0 20.69 38.45 2.0037
0 16.92 34.65 2.5958
0 13.36 30.17 2.0977
0 15.35 28.31 2.2695
0 14.35 30.17 2.2662
0 13.82 32.03 0.8829
0 15.19 33.5 1.1535
0 16.86 35.77 0.6199
0 17.35 37.2 1.2395
0.575 17.35 31.04 2.1877
0.1 14.65 25.86 1.8944
4.15 15.31 25.67 2.4113
0 14.04 29.25 1.8999
0 15.76 31.28 2.0925
0 15.29 32.95 1.2169
0 16.24 36.7 0.7562
0 18.27 34.62 1.726
0 16.77 33.05 1.0623
0 17.1 35.36 1.602
0 17.24 36.89 1.8439
0 16.05 36.74 1.2051
0 15.91 35.67 0.7682
0 15.3 35.36 0.7994
0 15.55 37.03 1.0753
0 16.62 37.03 0.348
0 17.88 31.77 1.7076
0 13.74 22.44 2.5965
0 9.24 23.91 2.5543
0 10.61 26.42 2.2325
0 8.6 28.28 0.973
0 10.95 24.2 3.3146
0 7.23 19.61 3.3132
0 7.22 21.33 0.4167
0 6.79 23.55 2.1012
0 8.46 27.03 1.0204
0 9.69 24.2 1.3897
0 9.09 24.75 0.6347
0 9.55 25.26 0.4572
0 9.69 22.18 1.6616
0 9.18 20.17 1.985
41.075 13.59 17.53 6.9865
0.25 15.81 24.7 4.1072
0 17.57 26.87 1.2507
0 15.8 26.42 2.3936
0 13.92 26.47 1.3728
0 15.13 25.81 1.6243
0.125 10.62 18.5 1.8466
0 10.9 20.77 1.3619
0 9.43 22.89 1.1648
0 11.1 23.55 1.0369
0 11.15 25.31 1.4706
0 11.24 25.86 1.5556
0 12.16 25.22 1.5056
0 10.41 27.17 1.2212
0 11.51 18.45 4.882
0 7.76 17.44 4.7998
0 4.96 18.46 0.8259
0 5.42 21.61 0.3233
0 6.24 22.58 0.9178
0 7.9 23.5 1.0828
0 7.99 25.17 1.2234
0 8.41 24.95 1.1694
0 8.55 24.69 1.8292
0 8.87 21.42 2.538
0 8.32 22.65 0.5276
0 9.83 19.47 1.9591
0 5.54 18.55 2.0069
0 3.55 17.58 1.018
0 7.47 17.58 0.9228
0 7.87 16.89 0.7859
0 7.99 17.25 2.2196
0 4.25 16.28 1.537
0 3.51 16.33 1.2268
0 0.72 17.34 2.3871
0 1.38 19.07 1.7759
0 1.88 19.34 0.9558
0 5.81 16.09 2.4357
0 0.46 15.32 2.0199
0.5 3.59 17.62 3.197
0 2.8 12.44 1.3308
0 1.29 17.39 0.4447
0 4.07 14.66 1.7278
0 1.6 17.58 3.1942
0 1.24 19.61 3.3701
0 2.54 19.89 2.1422
3.775 5.73 14.57 1.2354
0.125 7.01 19.06 5.2499
0 1.17 15.58 4.5196
0 0.87 16.69 3.6646
0 0.82 16.83 1.3048
0 0.27 15.26 1.584
0 0.57 14.39 1.5388
0 0.53 15.26 1.7314
0 1.27 11.59 1.0608
0 -4.31 9.25 1.5964
12.75 -1.52 7.14 0.6855
0.225 -3.89 7.95 0.376
0 -2.42 7.48 1.8744
1.275 1.84 9.2 3.3432
10.675 5.4 11.45 3.1815
9.025 9.46 12.95 3.9496
3.075 7.04 13.4 3.5119
0 5.23 14.79 0.5799
0 4.95 14.56 3.4013
1.25 7.89 14.56 2.8609
0 6.87 11.59 2.1273
0 6.51 10.58 2.5625
0 4.52 11.33 3.9254
0.05 4.53 13.09 2.7892
3.6 6.83 12.54 1.6694
0 5.15 11.83 3.7134
0 1.64 10.41 1.9417
0 -1.26 11.89 3.7391
0 -0.75 14.06 3.9442
0.7 1.75 9.56 4.0458
5.575 5.4 14.04 2.1679
1.7 5.81 8.03 2.8101
1.1 3.21 11.82 0.7863
0.375 7.53 14.23 1.3326
0 6.56 11.52 2.6962
0 6.16 14.11 2.2396
0.05 4.75 11.85 1.1338
0 7.58 9.66 3.7824
0 3.82 12.43 2.929
0 4.58 9.33 2.9738
0 4.65 8.45 3.0651
0 2.58 7.34 2.3674
0.325 4.75 8.73 2.8095
0 6.28 9.06 2.4892
0 5.36 7.75 2.3735
0.05 5.67 9.11 3.2208
2.35 6.24 16.83 4.8239
14.95 8.51 16.98 2.0487
0.05 5.12 14.83 1.0834
0.05 4.51 10.63 3.1157
0.1 7.2 12.32 2.8254
11.55 6.98 12.44 2.8701
15.05 9.09 14.51 5.093
25.625 7.17 12.2 5.6419
17.3 7.89 12.84 6.4942
17.5 5.21 9 3.6785
2.225 2.9 10.5 3.2122
1.625 2.76 12.39 1.0698
0 2.12 9.66 2.5388
2.675 6.66 10.81 4.5946
2.425 7.26 11.33 2.9913
0.05 5.29 13.69 1.0752
0 3.04 13.64 2.3786
0.625 5.26 15.67 3.1026
0.775 6.04 15.31 1.0238
0 3.43 12.12 1.2871
0 3.15 15.72 1.7475
0.075 6.75 12.15 2.1571
0.525 3.85 16.92 0.6361
3.275 7.67 14.2 3.1896
1.125 10.26 16.01 3.3416
8.075 8.9 11.98 1.6068
0.375 6.9 12.95 2.4725
1.4 7.33 14.06 1.1201
10.975 7.21 11.29 1.1414
0.05 3.32 14.61 0.763
0 7.12 14.61 1.187
0 5.89 18.28 1.5323
0 5.14 17.48 1.2635
0 3.89 18.4 1.4547
0 4.43 19.51 1.4181
0 6.9 19.7 1.8316
0 6.69 20.22 2.2688
0 7.01 18.58 0.7758
0.05 9.69 14.65 0.9653
0 6.69 14.84 2.0323
7.475 7.06 11.23 2.6568
0.05 5.54 14.11 1.8072
31.65 5.86 10.12 3.7652
3 9.2 15.31 2.4991
0 7.95 16.92 0.8963
5.25 8.69 17.84 4.5747
1.975 8.91 14.75 1.0323
0 4.43 17.7 0.4296
0 6.7 17.84 1.9025
3.35 7.24 14.75 2.7554
13.15 6.35 10.69 3.2098
0.55 5.45 14 2.4645
0 2.21 13.84 1.117
0 8.03 16.83 2.2448
0 5.07 18.59 1.2488
0 5.29 14 2.7202
0 3.63 12.95 3.6153
2.475 4.18 12.44 2.2943
0 1.15 16.64 0.2257
8.95 4.98 13.49 2.0284
0 3.07 13.69 2.4926
0 3.12 16.52 2.2424
0 4.07 19.66 3.24
0 6.65 23.99 1.2855
0 11.17 23.73 1.2579
0 8.8 23.24 2.7858
0 5.68 24.65 2.1707
0 7.24 23.77 1.5109
0 7.74 21.51 0.4209
0 9.13 19.8 2.0401
0 8.58 22.39 1.5202
0 6.33 23.67 1.3526
0 6.65 18.06 2.0925
0 5.04 18.5 2.1936
0 4.48 21.14 2.1032
0 6.74 25.34 0.8672
0 7.65 23.8 2.4103
0.8 7.79 16.64 4.6472
1.075 5.81 15.03 2.4583
0 5.21 15.94 0.8766
2.75 4.44 13.95 1.903
0.075 4.57 14.06 1.6586
13.175 3.92 13.03 2.823
6.675 6.42 15.03 2.5042
0 4.1 17.75 0.896
0 4.52 21.28 1.9066
0 7.35 21.73 1.3851
0 8.89 21.74 1.4397
0 8.32 17.34 2.0426
16.775 7.95 14.25 4.7969
5.7 7.48 15.62 4.1304
0.075 5.35 17.95 1.1097
0 6.68 19.15 0.7683
0 6.96 21.69 0.9599
0 9.46 22.34 1.4592
0 8.94 23.45 1.5081
0 8.02 25.94 1.2065
0 11.43 25.01 1.364
28.525 7.67 14.97 2.2684
8.775 6.92 10.77 3.5182
0.325 7.29 16.05 2.322
0 6.53 22.25 1.3314
0 9.18 24.56 1.4069
0 11.21 28 1.3499
0 8.93 28.2 0.9907
0.225 9.47 19.97 3.7308
1.7 6.51 15.39 4.2815
0 5.66 18.22 3.5051
0 8.18 21.19 3.4968
0 8.99 25.03 2.2894
0 12.1 27.3 2.0928
0 9.47 30.94 1.1883
0 12.06 26.09 2.4393
0 10.21 23.22 4.0046
0 9.25 23.32 2.573
0 7.5 26.64 1.1139
0 9.66 23.81 2.7319
0.25 9.2 18.63 3.5204
3.9 7.66 16.37 2.7327
0 5.28 21 3.4107
0 8.07 26 2.1795
0 10.02 27.66 1.2128
0 11.21 28.81 1.0231
0 11.16 29.52 0.8484
0 12.52 26.78 1.256
0 11.28 18.97 1.8323
0 13.45 23.72 1.2114
0 11.82 23.76 1.4539
0 9.98 24.19 3.5353
0 9.6 19.64 4.2258
0 6.6 18.63 3.5223
0 7.98 22.02 4.2069
0 8.16 21.4 2.2109
8.75 9.44 20.67 1.6011
6.1 10.69 22.29 2.418
7.375 9.69 19.11 2.0949
0 7.47 20.85 2.9544
0 12.36 27.52 2.1325
0 12.03 31.19 1.3003
0 15.79 29.08 2.5398
0 14.09 25.53 3.0019
0 13.07 30.89 2.3111
0 16.73 29.83 2.2625
0 17.56 30.94 2.2932
0 17.32 33.17 1.8903
0 17.83 33.45 2.7838
0 15.61 29.97 3.2628
0 13.95 30.48 2.9953
0 13.87 26.4 3.459
0 11.87 24.88 4.7069
0 15.36 29.74 5.0368
0 15.71 32.71 3.423
0 15.89 36 1.0776
0 15.86 36.78 1.9278
0 14.24 29.87 2.765
0 12.32 28.77 3.2388
0 12.57 31.55 2.0501
0 13.03 27.93 2.5888
0 10.41 25.48 2.9924
0 9.65 27.66 2.842
0 12.61 31.19 2.2323
0 13.91 33.91 1.455
0 17.58 34.69 2.313
0 15.58 30.74 2.2865
1.05 13.64 29 2.9048
0 15.15 33.41 2.7615
0 19.22 37.66 1.5744
0 20.58 39.33 1.9212
0 19.89 35.91 2.878
0 16.74 33.06 2.9783
0 12.26 31.03 2.9329
0 14.6 30.44 3.1172
0 16.23 33.22 2.7252
0 16.07 35.94 1.1994
0 17.05 35.48 2.0334
0 14.69 30.98 2.6836
0 13.12 32.14 2.5602
0 14.13 33.35 2.7772
0 14.65 34.31 2.4661
0 15.93 37.56 1.8798
0 16.77 35.28 2.049
0 16.72 33.1 2.9747
0 14.84 31.64 2.8779
0 16.49 35.39 1.898
0 20.86 38.17 1.8559
0 22.03 38.86 2.7032
0 20.45 38.06 2.6145
0 18.77 38.72 2.5346
0 17.27 36.5 2.2394
0 15.89 33.76 2.0353
0 15.1 31.68 2.0495
0 12.71 33.83 1.1181
0 15.32 34.92 2.3428
0 16.72 36.03 2.2802
0 17.36 33.9 2.7577
0 14.55 30.32 2.6908
0 13.54 29.87 1.9306
0 12.62 29.97 2.2252
0 13.02 32.75 2.2401
0 14.78 33.26 2.3444
0 14.3 33.11 2.2006
0 13.8 33.31 1.9111
0 14.64 34.42 2.2265
0 14.82 34.42 1.4752
0 15.97 33.81 1.9958
0 13.63 31.54 2.0623
0 13.8 32.8 2.0354
0 14.04 32.48 2.4179
0 15.61 30.48 2.597
0 14.04 31.23 1.772
0 15.05 31.78 1.7534
0 13.43 27.89 2.0146
0 12.93 31.19 1.3256
0 16.94 32.34 1.7879
0 14.24 30.67 2.5568
0 13.63 31.45 2.8819
0 14.91 35.44 1.5043
0 15.61 32.43 1.5
0 13.99 30.81 1.5029
0 13.66 33.41 2.0154
0 15.5 33.86 2.2446
0 14.09 28.4 1.6478
0 12.32 29.61 1.9764
0 14.34 34.12 2.1909
0 16.33 38.41 1.5465
0 18.65 41.05 0.4372
0 18.8 35.48 1.8281
0 15.54 31.73 2.2826
0 11.44 25.37 2.5667
0 12.13 26.41 2.384
0 12.12 27.05 2.5851
0 12.74 30.69 1.7935
0 13.79 32.34 1.1601
0 16 36.48 0.2259
0 16.64 37.07 1.3044
0 16.27 35.57 1.0981
0 16.1 33.57 2.3086
0 16.97 33.82 1.2093
0 15.21 33.18 1.8112
0 14.02 26.97 2.5622
0 10.38 24.23 1.9605
0 11.96 27.15 0.9475
0 12.57 30.7 0.506
0 13.51 33.17 1.0482
0 13.34 29.96 1.4992
0 10.48 29.5 1.4091
0 11.4 30.73 1.5156
0 12.58 31.5 2.0303
0 14.04 30.68 1.5568
0 14.37 29.86 1.2477
0 13.14 27.58 1.1487
0 12.97 28.08 1.6188
0 12.33 27.71 1.507
0 10.79 25.67 2.5972
0 10.23 26.8 1.5292
0 11.4 29.61 0.9466
0 12.96 33.35 1.1824
0 15.68 35.22 1.2598
0 14.64 36.34 1.353
0 17.16 37.6 0.8717
0 18.04 37.88 0.6239
0 17.01 36.62 0.5168
0 16.6 33.1 0.7257
0.75 18.33 34.64 0.7304
2.75 17.28 34.51 1.1882
0.65 13.13 24.9 1.8112
0.625 13.63 20.9 1.4185
0.15 10.58 23.46 0.7078
1.05 12.12 23.89 1.6071
0 10.41 24.93 0.7858
0 10.9 26.97 2.0615
0 12.24 29.38 1.8547
0 14.77 29.79 2.014
0 15.23 31.21 1.893
0 14.31 32.62 1.2153
0 14.47 35.01 0.4512
0 14.43 33.77 0.2755
0.125 15.93 30.71 0.8355
2.45 13.89 27.67 0.9464
0.45 10.4 22.61 1.3055
0 10.98 23.51 1.5185
0 11.44 26.91 0.7387
0.1 10.63 23.54 1.6921
1.675 10.64 22.05 1.4057
8.5 12.45 21.14 1.7994
13 13.77 19.18 4.5939
4.175 11 18.77 3.1041
0 8.18 19.37 1.8391
0 4.96 20.06 2.5352
0 7.04 24.19 3.4997
1.5 9.99 21.4 2.3776
2.975 11.64 21.59 1.7712
0.35 8.35 20.82 1.1521
0 8.18 22.71 1.8777
0 8.49 24.33 2.6769
0 9.64 26.19 2.2755
0 10.76 27.57 1.4788
0 12.13 28.74 1.2215
0 11.29 26.26 1.861
7.975 9.16 19.73 3.0014
4 6.71 16.04 2.4625
0.725 3.8 17.58 0.4363
0.475 7.05 17.7 1.6623
0.025 6.43 17.15 2.3373
0 3.36 18.36 1.3468
0 5.43 17.94 2.9183
0 5.57 20.56 1.9064
0 6.93 22.4 2.8157
0 6.65 21.26 1.4835
0 5.78 22.19 1.5123
0 5.44 21.97 1.3601
8.7 6.18 16.76 1.8125
21.675 5.44 12.8 2.7444
9.45 4.7 12.91 4.2883
3.925 5.47 12.44 2.4881
7.15 5.41 12.04 3.3469
3.15 0.99 9.89 1.4508
0 -1.09 10.5 2.6644
0.9 -0.96 12.2 3.1967
8.575 3.3 10.81 2.2332
3.3 3.23 11.82 2.2506
0 -0.18 11.43 2.3279
0 -0.43 11.51 2.9748
0 0.92 13.19 2.1991
0 1.83 12.76 2.699
0.075 5.55 12.45 1.2309
3.375 7.72 16.23 2.7969
10.075 8.27 16.69 2.9919
2.65 6.45 17.75 3.6412
0.025 4.7 17.43 2.02
2.75 6.59 15.48 2.3148
1.65 8.51 16.8 1.3099
0.275 9.9 18.44 1.4421
0.025 11.16 16.71 0.4183
0 10.69 15.75 2.4227
0 9.42 15.19 1.3609
12.525 9.34 12.58 1.6254
4.25 4.32 13.32 1.2817
1.8 1.44 10.43 2.1241
18.2 4.83 12.09 3.6184
16.325 9.72 13.78 5.1249
12.75 10.44 15.18 5.5297
7.275 7.82 13 2.5784
2.825 5.23 12.21 3.0981
11.1 8.08 14.27 1.9949
1.625 7.55 14.68 0.4202
0 4.54 12.54 3.1287
16.225 6.53 14.44 5.5041
3.725 4.19 15.84 1.9556
0.025 4.38 13.77 0.6134
26.6 4.25 12.05 2.0106
17.875 5.22 12.33 4.1619
1.25 0.3 10.18 2.2586
0.225 -1.91 9.52 1.3987
13.95 2.9 10.46 4.5993
22.825 4.56 9.13 4.8643
2.4 2.05 10.62 2.2735
0.075 0.44 8.76 2.9766
0 0.03 9 3.5984
0.05 2.01 7.41 4.538
0.05 2.29 6.67 2.7249
0 2.3 7.05 1.3124
0 0.35 5.04 1.7512
0.625 -1.81 6.79 2.7102
1.975 1.77 8.35 3.5236
0.375 4.37 13.9 2.5631
1.2 3.05 13.75 1.4424
0.175 5.73 12.52 1.1906
0 3.72 12.57 2.6381
0 7.04 12.22 1.1166
0 8.12 11.94 0.9853
0 6.67 14.02 2.6064
0 3.69 11.6 1.8394
0 2.04 15.48 3.8528
0 2.07 16.61 3.385
0 3.43 15.93 2.556
0 3.82 16.74 3.9758
0 2.25 17.86 1.5075
0.1 3.83 13.25 1.9062
0 3.65 12.87 4.766
0 4.22 11.99 3.5067
0.125 3.47 10.67 1.6076
6.325 3.55 10.9 0.4949
6.075 5.06 13.58 1.7374
1.525 3.36 13.6 1.1693
0 2.18 13.25 1.3877
0 1.31 15.66 3.0082
0 0.9 15.67 1.912
0 1.93 16.17 2.2372
0 2.89 17.93 1.763
0 4.41 19.41 2.0199
0 4.78 20.89 0.9473
0 4.47 20.98 2.571
0 1.89 15.6 3.1389
0 0.91 16.73 3.5489
0 1.67 17.75 3.7908
0 2.54 20.71 3.0161
0 2.37 21.79 0.9821
0.15 5.48 18.51 3.9923
4.15 7.77 17.27 4.6817
7.825 5.39 17.05 5.2944
21.475 4.49 10.74 4.668
21.675 3.09 8.71 2.4331
6.95 2.54 10.79 2.4658
0.6 2.04 12.42 0.6444
0 2.91 12.21 0.9717
1 1.66 14.1 0.6152
0.575 1.24 14.97 0.8758
3.55 2.36 11.98 2.0341
12.825 3.29 11.68 4.8122
2.675 -0.66 9.86 1.1056
0 -1.42 11.65 0.3437
0 -0.55 14.16 2.1904
1.025 0.94 15.82 1.8979
2.775 6.04 17.31 4.0353
1.3 8.51 19.15 1.2091
0 4.63 20.12 1.3455
1.575 6.93 19.42 0.7512
7.325 9.33 18.39 1.7532
2.6 8.94 16.41 4.1829
0.375 7.64 17.34 0.5432
0.075 6.61 18.86 1.3954
0 7.47 20.13 0.7139
0 5.97 18.47 1.4849
0.15 5.48 18.45 0.5151
3.3 7.99 19.42 1.4343
1.525 11.83 20.98 1.3259
2.9 10.6 22.23 1.5329
2.75 11.33 22.3 2.0318
2.025 3.65 17.05 0.8298
9.6 4.76 16.28 3.6376
14.575 5.06 12.53 4.6674
28.825 6.61 11.59 4.869
16.625 5.07 11.97 2.141
1.85 3.03 14.81 1.6701
6.2 5.73 14.74 5.2997
20.275 7.18 12.99 5.3442
6.25 4.95 13.25 3.493
12.725 7.57 13.19 3.0706
1.7 5.24 15.5 1.3157
0 8.35 16.29 0.9208
0 5.94 18.99 1.8004
0 8.71 22.52 2.2438
0 10.45 24.81 2.4341
0 10.93 27.8 1.7539
0 12.45 26.59 1.3586
0 8.7 20.52 1.8828
0 6.83 22.75 1.6077
0 8.87 24.85 1.7591
0.65 9.09 23.23 2.2945
6.35 6.41 18.36 3.4535
1.825 2.6 13.23 1.6539
0 2.37 16.65 1.419
0 3.37 19.42 0.5706
0 6.23 19.56 1.8428
0 5.45 20.01 1.9467
0.125 4.94 17.82 2.5216
0.05 4.52 17.54 0.7158
0 5.73 22.16 0.7799
0 9.03 24.61 1.8077
0 11.07 25.79 2.3128
0.125 12.24 23.64 2.3874
0.05 13.33 21.83 1.4859
0.25 13.33 22.81 1.9506
0.4 12.02 21.14 1.9424
0.5 8.19 19.78 1.0724
0.225 8.28 21.07 0.9256
0.125 10.41 21.41 1.7786
0.15 9.41 22.08 2.0412
0 7.26 21.35 2.8799
0 6.76 23.07 1.3649
0 8 23.06 2.4005
0 7.54 21.39 4.7923
0 7.76 22.36 3.533
0 8.17 25.46 1.6462
0 9.26 28.07 0.5714
0 10.82 27.51 1.3322
0 12.7 29.77 2.8658
0 13.49 33.38 0.9929
0 11.85 30.21 1.688
0 9.56 26.98 1.995
0 10.39 21.53 2.7536
0.75 6.53 20.02 3.1506
0.375 8.11 23.23 2.6735
0 8.02 25.58 1.9124
0 9.27 26.08 1.4853
0 10.04 27.6 1.1578
8.425 9.33 22.23 2.5876
10.425 7.66 15.52 2.3778
2.25 7.05 16.58 1.6838
7.65 8.79 16.18 3.3101
5.3 9.44 17.8 2.1636
0.175 8.17 23.48 2.8989
0 9.91 26.79 1.8996
0 11.39 26.8 2.4318
0 10.15 25.28 3.4581
0 9.21 23.41 4.6592
0 8.3 23.61 2.6403
1.05 10.34 22.33 2.4848
0.45 8.47 21.3 2.1275
0 10.06 22.33 2.9405
4.175 9.08 21.99 3.9689
0.425 8.05 21.39 4.6864
0 8.77 22.82 2.6023
0 9.4 23.26 2.2513
1.225 11.33 20.28 2.4797
0.2 7.46 20.35 1.5916
0.35 8.01 21.27 0.5866
21.125 10.72 19.13 3.7146
24.75 13.12 21.68 0.9176
17.05 12.51 22.58 2.9877
0.05 10.61 23.56 2.358
0 11.37 27.55 3.0444
0 11.95 29.17 1.9271
0 12.37 29.04 3.0164
0 11.57 26.7 3.2963
0 12.05 27.8 2.8051
0 13.29 30.92 2.7666
0 15.68 33.14 2.579
0 17.16 34.59 2.3774
0 15.36 32.87 2.8527
0 14.44 31.39 2.0458
0 13.36 31.8 2.7131
0 15.11 32.23 2.3761
0 16.58 34.22 0.806
0 19 37.34 0.9085
0 20.33 38.51 2.4507
0 16.47 35.81 2.4274
0 13.28 32.61 2.505
0 13.03 32.12 2.706
0 13.85 31.96 2.644
0 15.01 33.67 2.7201
15.8 15.86 31.5 2.0943
7.6 13.65 24.15 2.2906
0.025 12.71 27.23 2.4977
0 13.66 30.89 1.9512
0 16.7 35.33 1.4516
0 17.14 36.91 1.2189
0 18.88 38.68 1.6148
0 18.93 39.05 1.6666
0 20.29 39.23 2.4396
0 19.27 38.94 2.5002
0 17.43 37.61 1.9445
0 16.57 37.53 2.4821
0 13.32 35.21 2.3406
0 12.83 33.1 2.3774
0 12.13 31.72 2.5037
0 13.56 31 3.051
0 12.06 29.05 2.7723
0 11.98 27.58 3.3687
0 12.31 28.97 2.9883
0 12.92 28.79 1.9748
0 13.53 30.17 1.1144
0 14.53 31.38 2.0219
0 15.23 32.23 1.9054
0 15.78 35.3 2.3291
0 15.75 35.42 2.7022
0 16.27 35.05 1.9467
0 16.02 34.65 1.6988
0 14.88 34.26 2.0976
0 13.71 34.09 2.1363
0 14.41 34.53 1.7431
0 14.24 35.68 1.8364
0 16.26 36.25 2.51
0 15.42 35.92 2.9444
0 17.01 35.7 1.9487
0 15.62 33.38 1.2728
0 15.51 33.88 1.7356
0 15.86 34.76 2.0632
0 14.14 32.39 2.9283
0 13.72 32.04 2.4545
0 15.78 33.14 2.9239
0 15.5 32.34 2.421
0 14.18 33.07 1.9062
0 13.9 34.02 2.0083
0 15.73 34.79 2.2208
0 14.92 33.79 2.6053
0 14.6 32.45 2.075
0 16.72 34.79 1.3506
0 16.91 34.76 2.1583
0 15.14 34.07 1.7116
0 14.62 33.88 1.6916
0 14.65 34.29 1.9507
0 15.31 34.47 2.0865
0 14.86 33.3 2.7391
0 13.74 32.7 1.8706
0 13.52 32.01 1.3094
0 14.02 31.83 1.2378
0 15.01 34.48 1.1213
0 17.66 35.85 1.8675
0 16.19 34.86 1.1783
0 17.09 35.78 0.699
0 17.75 35.48 1.0667
0 16.75 35.7 1.3109
0 15.75 34.98 1.9482
0 14.25 33.74 1.7125
0 13.88 32.55 1.6666
0 14.98 32.62 0.7877
0 15.86 34.98 0.437
0 16.01 35.12 0.8819
0 15.63 34.38 1.0335
0 13.55 33.15 1.7989
0 14.38 35.14 1.1131
0 15.61 35.69 1.2667
0 15.66 35.24 1.3093
0 15.85 35.8 1.4974
0 18.92 36.1 0.673
0.2 17.05 31.44 1.553
0 15.52 30.68 1.6798
0 15.41 33 0.9132
0 17.11 33.7 1.6279
0 14.87 32.55 2.3223
0 13.13 29.75 1.708
0 11.16 29.12 1.8641
0 13.59 31.28 0.7942
0 14.99 33.93 0.5416
0 16.4 35.82 1.1747
0 16.14 36.58 0.9084
0 16.29 36.45 0.7033
0 17.31 37.06 0.7207
0 17.46 37.25 1.504
0 13.53 27.16 2.0303
0 12.51 26.2 2.2354
0 13.04 29.65 1.3105
0 15.49 33.84 0.678
0 16.06 34.71 0.895
0 15.13 30.87 1.0627
0 12.33 28.62 2.0164
0 12.59 27.3 1.6126
0 11.71 24.54 1.7438
7.275 12.32 23.06 1.9753
20.1 11.63 23.12 3.2414
4.375 9.14 17.92 0.785
0.775 7.5 19.48 0.9964
0 8.06 23.05 1.0002
0 9.3 25.21 1.2484
0.35 12.05 24.34 1.3831
0.175 14.7 25.07 1.5299
0 13.4 26.4 1.1612
0 12.67 29.01 1.0141
0 13.76 30.23 0.7151
0 14.97 30.01 0.9242
0 14.57 28.15 0.9332
0 13.7 29.34 1.403
0 13.3 29.48 1.0763
0 12.56 26.45 1.3147
0 12.01 26.56 1.0253
0 11.67 26.71 1.2059
0 12.1 28.38 1.9533
0 11.47 29.39 1.2436
0 12.56 29.41 1.3467
0 11.04 24.22 1.3829
0 7.98 24.87 2.3615
0 7.61 22.86 2.6999
0 7.87 24.29 1.5624
0 8.48 24.61 1.0622
0 8.77 25.36 1.9517
0 8.95 26.35 0.8481
0 10.35 26.28 3.2615
0 8.34 23.43 3.8833
1.175 6.07 23.58 2.7248
1.425 6.3 17.39 1.596
1.775 3.54 14.31 0.3329
2.45 5.45 14.81 1.1876
0.15 5.13 15.05 0.7324
0 2.42 16.17 1.8211
0 2.65 17.4 2.8841
0 3.02 19.84 3.2769
4.05 8.2 18.04 4.0861
0.95 8.19 18.39 0.8219
0 7.69 18.76 0.5031
0 8.31 18.29 1.2296
0 5.99 18.47 0.9615
0 5.33 19.94 0.9668
0 5.61 21.17 0.8278
0.075 6.85 20.76 2.6284
1.525 4.42 15.02 1.885
3.825 3.75 13.93 4.0196
0 3.21 13.6 1.894
0 2.68 15.34 2.7675
0 3.54 15.42 4.0708
1.475 6.35 16.07 1.733
1.125 4.35 16.23 0.5483
0 4.69 16.75 2.5575
0 4.04 15.35 2.1998
0.1 4.76 18.51 0.9957
0 4.96 13.83 1.4543
0 6 17.13 4.0417
0 4.8 19.34 7.179
0 3.95 17.06 3.2222
0 1.69 16.67 3.9706
0 -0.55 15.62 2.3689
0 -0.79 14.99 3.3875
0 -1.17 14.61 2.8112
0 -0.96 14.98 2.7397
0 -0.69 15.47 2.5248
0 -1.08 15.63 3.7613
0 -0.85 16.36 2.7312
0 0.66 15.08 0.4077
0 2.9 12.42 1.2959
0 1.51 14.01 1.2475
0 -0.35 14.39 0.9115
2.025 2.15 11.73 0.8229
0.45 0.32 12.3 4.5689
0 -0.48 12.25 3.9704
0 -0.41 11.22 2.0805
0 1.74 14.94 3.6063
0 -0.22 12.16 3.6919
0 -1.98 12.57 2.9494
0 -2.29 15.16 4.4213
0 -2.44 13.22 3.736
0 -3.07 13.26 4.4646
0 -1.97 14.61 3.2254
0 -2.2 15.09 1.1053
0.025 -1.01 14.59 1.1418
0 0.34 15.62 1.2278
0 3.54 15.74 0.7831
0 4.14 15.68 0.9851
0 3.25 13.87 2.23
