0.325 -10.33 4.76 1.708
3.075 -3.84 3.03 1.1772
1.725 -8.45 3.42 1.5915
0.2 -10.8 -1.46 4.1743
2.025 -10.99 0.76 1.6293
1.125 -5.42 -1.36 0.5875
0 -5.03 2.13 1.4341
0 -4.98 4.87 0.7471
0 -6.38 7.4 4.5766
0 -5.42 7.65 3.4892
0 -4.17 6.65 2.314
0 -4.25 8.78 5.5247
0 -1.38 9.52 3.9371
0 -3.13 10.17 3.329
0 -2.55 12.1 4.0544
0 -2.93 13.07 5.0054
0 -4.1 9.83 4.2561
0 -3.97 9.59 4.7163
0 -4.09 11.32 4.8174
0.025 -3.35 9.95 3.3826
10.175 -1.96 10.8 2.7757
26.65 -0.11 8.35 2.1602
33.625 -2.53 6.6 1.6559
32.775 1.06 4.64 2.4497
11.95 -3.64 2.48 3.5627
1.875 -9.28 -3 0.8276
0 -10.86 -2.62 1.3376
0 -10.16 0.1 1.6885
0 -5.63 5.54 4.2641
0 -4.86 9.93 4.532
0 -3.04 11.21 3.0914
0 -3.84 10.92 3.0629
0 -4.43 8.15 3.8813
0 -4.15 11.85 3.7911
0 -1.91 13.31 3.0043
5.45 -1.55 11.7 2.6513
8.35 -3.62 2.07 3.0231
3.025 -5.14 0.96 2.7476
17.725 -5.09 0.94 1.459
10.625 -9.09 0.37 3.7499
3.2 -13.1 -3.89 0.4984
9.2 -11.42 -1.71 2.3098
4.55 -6.81 -2.07 1.4447
8.275 -7.34 -1.45 2.9237
5.4 -7.28 -1.65 3.1308
0.875 -6.56 -1.94 5.5999
38.925 -6.6 -1.39 5.6267
25.525 -5.94 -2.55 4.3727
2 -8.42 -3.13 1.1492
0 -7.89 0.76 3.4508
0 -7.45 6.09 2.6661
2.05 -7.16 7.55 3.8526
20.05 -2.74 6.77 3.5711
17.15 -2.55 1.63 2.5576
4.975 -4.3 2.03 1.3276
2.525 -3.86 7.29 1.3695
0.9 -4.48 1.2 2.132
0 -5.69 5.57 0.3056
0 -4.97 8.3 3.6415
6.975 -2.12 10.18 2.6629
11.425 -0.39 7.63 3.726
23.075 -1.76 4.21 4.8714
16.925 -4.43 -0.54 2.9945
2.325 -9.49 -2.43 0.8748
0.775 -8.95 -0.46 1.8902
0 -9.62 -0.79 0.2529
0 -9.12 3.17 1.5015
0 -7.16 5.91 2.7351
0 -10.57 0.78 0.3885
0 -10.14 6.08 0.4114
0 -6.01 6.04 2.0524
0 -5.25 9.77 2.4
0 -5.59 11.03 1.2289
0 -4.87 6.89 1.9701
0 -3.63 8.73 2.1298
0 -3.22 11.92 1.2187
0 -2.37 13.9 1.2406
0 -1.98 15.3 0.8508
0 -2.14 15 0.765
33.325 -2.37 14.04 1.8581
28.075 -6.34 4.88 4.2206
1.425 -11.87 -3.24 2.3767
0 -10.57 0.61 1.8591
0 -6.48 8 0.5643
0 -5.74 10.11 2.2514
0 -3.51 12.01 2.0698
0 -2.22 11.87 1.3517
0 -2.72 13.25 3.1604
0 -5.2 10.69 1.8402
0 -4.72 9 0.3476
0 -3.88 10.71 2.6375
0 -1.67 12.77 2.5199
0 -3.99 10.31 5.373
0 -7.75 3.59 1.8856
0 -7.44 8.53 2.7953
0 -4.53 12.92 2.4312
9.275 -2.93 15.73 1.4422
10.675 -3.7 9.89 3.0575
5.725 -4.25 0.9 1.638
2.3 -3.7 2.86 2.3379
0.425 -5.12 1.87 3.8841
0 -4.29 6.86 1.8008
0 -4.52 10.57 1.9925
0.1 -1.8 11.52 4.5927
0.05 -8.2 4.9 6.1411
0 -8.02 -0.13 3.3384
0 -7.17 8.95 1.4168
0 -3.54 14.01 2.8618
0 -0.8 17.25 2.756
0 1 21.07 1.5855
0 2.41 22.89 1.193
0 3.46 23.92 2.0162
0 3.12 23.26 2.6439
0.2 2.39 15.77 3.5413
0.125 -6.59 5.7 3.7455
0 -5.3 7.86 2.1736
0 -3.27 11.62 2.3394
0 -2.98 10.3 3.1487
0 -6.1 7.89 1.7361
2.65 -5.24 11.99 2.0943
50.625 1.55 14.96 1.9066
34.725 1.55 12.43 2.4764
2.525 2.54 11.78 3.4302
1 -0.65 9.5 1.7727
0.15 2.94 12.37 3.3771
0 0.89 15.55 2.2615
0 0.6 19.59 2.9964
0 1.96 19.59 1.7381
0 1.81 19.21 1.3643
0 2.6 19.19 1.0351
0 2.22 21.02 3.0818
0 0.77 19.85 3.2979
0 0.96 19.02 2.6207
0 1.59 17.61 3.4247
0 2.79 19.42 1.7343
0 4.61 22.54 1.4306
0 5.3 26.42 0.2563
0.025 8.71 28.39 2.3927
0 8.63 28.07 2.6938
0 5.19 21.33 1.927
0 3.3 20.17 1.1105
0 5.25 21.2 2.5602
0 4.55 20.86 3.0185
0 4.48 20.56 2.8455
0 2.29 20.37 2.0053
0 3.99 20.09 1.3106
0 5 22.19 0.8724
3 6.08 21.2 2.0285
1.9 5.11 22.94 2.464
1.725 6.08 20.36 3.2669
1.1 7.08 22.23 2.262
0.05 5.97 21.17 2.1086
0 5.01 20.65 2.3248
0 5.52 16.45 0.7145
8.125 2.12 14.75 2.2658
8.25 0.46 14.43 3.4841
3.4 -1 5.96 2.3378
1.025 0.48 8.73 2.7687
0 0.35 12.26 2.6304
0 1.23 15.33 3.4805
0 3.27 15.25 3.1074
0 1.12 13.66 3.4429
0.425 1.78 13.73 2.3879
0.475 3.44 12.82 3.6224
0.125 1.7 13.75 2.5492
0 1.67 14.28 2.4881
0 3.3 14.22 2.5131
0 4.89 16.84 3.0128
0 4.99 19.1 1.74
0 9.16 24.46 2.7072
0 4.96 22.48 3.3687
0 2.73 17.18 3.258
0 3.31 20.08 1.0235
0 3.83 19.99 0.5561
0 4.42 23.84 1.3967
0 4.6 26.17 2.591
0 6.6 24.39 1.891
0 7.03 24.86 0.8266
0 8.53 28.7 0.6256
0.075 10.5 30.09 2.9938
0.625 10.89 29.54 3.0057
0.375 8.91 25.96 2.2779
0 9.08 27.23 1.7032
0 8.02 25.39 2.8185
0 8.34 25.89 2.4626
0 6.83 24.37 2.6913
0 6.73 24.17 2.5207
0 5.58 22.59 2.8032
0 5.02 21.55 2.6015
0 4.6 21.59 2.5849
0 5.1 22.13 1.8583
0 5.89 23.78 1.7345
0 7.9 24.81 2.1667
0 8.11 24.65 1.2744
0 8.18 26.36 0.3149
0 9.21 27.61 1.7125
0 10.27 29.4 1.947
0 11.16 27.37 1.8818
0 10.46 29.79 2.1041
0 13.56 30.55 1.6413
0 13.82 31.26 2.4521
0 10.93 30.7 2.4787
0 10.33 28.87 2.2227
0 10.79 28.02 2.021
0 10.7 27.61 2.0337
0 9.64 27.17 2.0551
0 9.73 27.26 1.8908
0 9.95 29.53 2.0138
0 11.66 30.06 2.2794
0 11.96 28.66 2.9214
0 11.2 27.54 2.6268
0 11.01 27.87 2.6173
0 10.7 27.28 2.509
0 9.48 27.19 2.8203
0 6.75 26.38 2.4543
0 6.72 23.55 1.9014
0 10.19 25.81 2.3029
0 5.72 21.99 3.0103
0 2.27 16.08 2.003
0 2.36 17.21 1.3777
0 3.49 21.44 0.3553
0 6.57 24.99 1.2659
0 9.29 27.52 2.9012
0 10.14 28.26 2.5778
0 8.75 26.73 2.9192
0 7.81 25.9 3.2834
0 4.31 22.86 1.3633
0 3.8 22.69 0.2986
0 5.1 24.9 0.636
0 6.59 26.54 0.7766
0 7.84 29.26 1.2419
0 10.03 29.96 2.0714
0 10.4 28.67 2.1347
4.55 11.31 30.25 2.3609
5.7 9.81 24.5 2.9189
1.775 6.93 19.18 1.5576
0 5.84 23.77 1.5709
0 5.08 24.18 0.4503
0 5.66 25.32 1.3929
0 6.98 27.57 1.1086
0 9.65 27.96 1.2007
0 9.4 28.89 2.8055
0 9.54 26.75 1.8289
0 8.98 25.55 0.7097
0 9.12 27.4 0.2895
0 9.82 27.4 1.3612
0 9.38 27.32 2.1868
0 8.24 26.21 2.0163
0 5.51 23.73 1.9357
0 4.79 21 1.524
0 4.99 22.21 0.4878
0 5.5 22.5 0.9643
0 6.13 24.87 0.3839
0 8.37 27.2 0.9254
0 10.03 28.17 1.8198
0.425 8.4 23.7 2.1369
0.25 5.31 19.69 2.5932
0 2.89 20.13 1.5295
0 3.51 21.59 1.3208
0 5.92 23.15 0.3559
0 6.65 24.18 1.0893
0 9.18 26.98 2.1597
0 8.45 25.27 1.0612
0 9.07 22.34 2.2894
0 7.7 28.67 2.4271
0 8.8 27.51 1.4235
0 7.31 26.95 0.6332
0 7.62 26.33 0.75
0 9.55 27.78 1.1872
0 8.94 28.28 0.3748
0 8.62 28.98 2.0433
0 8.04 27.59 2.4967
0 -3.32 14.42 2.3529
0 -4.24 13.94 2.5294
0 -0.97 17.84 0.7157
0.65 0.77 18 3.2436
0.5 -2.06 17.12 3.5492
0.05 -5.87 3.22 0.3226
0 -4.93 9.88 2.805
0 -3.83 13 1.5338
0 -2.2 13.69 1.4356
0 -1.74 15.85 0.7515
0 0.27 16.47 0.3414
0 -0.56 16.38 1.8735
2.65 -0.29 16.04 1.8331
73.4 0.31 9.81 6.3733
43.1 -1.51 6.6 4.2861
0 4.08 11.56 0.8925
0 4.11 17.21 2.3189
0 4.56 19.27 1.1048
0.1 4.52 20.89 1.8037
1.1 5.06 17 2.3391
0.6 -3.51 8.38 2.4191
0 -2.99 11.41 1.0848
0 -1.23 13.91 0.5268
0 -0.23 14.52 0.8981
0 1.81 16.18 1.1751
0 0.83 15.21 1.7232
0 0.78 15.51 1.1967
0 1.31 15.89 4.0364
0 -6.34 5.21 4.9859
0 -6.88 6.52 0.7582
0 -5.88 6.78 0.0234
0 -0.64 12.87 0.8515
0 -0.55 15.41 0.8501
0 1.29 17.21 1.1423
0 1.47 18.91 1.0655
0 1.51 19.13 1.6238
0 2.02 16.61 2.1403
0 -2.91 11.89 0.4471
0 -2.8 10.89 1.5425
0 -4.91 8.21 1.8434
0 -4.18 10.13 1.2212
0 -2.51 10.71 0.806
0.8 0.48 10.87 0.4488
4.7 -0.72 10.92 2.13
2.525 -4.94 1.87 1.2314
0 -5.69 3.29 1.1893
0 -7.88 4.9 2.8166
0 -4.82 7.48 2.2068
0 -2.59 11.56 1.5827
0 -3.07 11.88 1.4905
0.125 -4.77 6.63 2.3225
0.475 -4.72 9.8 3.4753
0.225 -4.13 6.93 1.0208
0 -4.44 5.13 0.389
0 -4.93 7.71 2.3075
0 -4.75 8.92 3.8795
0 -3.09 9.77 4.1078
0.175 -2.93 11.2 2.7037
0.425 -2.87 11.62 1.1936
0.175 -5.3 6.19 4.5472
0 -4.44 4.68 5.0439
0 -4.4 8.34 3.9624
0 -4.47 9.09 1.5135
0 -4.7 9.02 2.1476
0 -5.8 7.45 2.0922
0 -5.59 6.91 2.1593
0 -5.82 6.96 1.5116
7.95 -7.35 3.33 2.113
12.85 -6.35 -2.53 1.0551
4.85 -15.63 -5.17 0.5743
0 -15.39 -5.51 1.9468
0.825 -11.93 -2.39 3.0551
32.55 -3.66 1.63 2.9218
21.625 -2.9 0.07 3.748
34.175 -3.69 1.43 4.479
2.25 -5.77 1.09 0.5525
0 -6.45 -0.82 3.0679
0 -5.14 0.24 2.4498
0 -3.97 2.12 2.4099
0 -3.65 4.9 2.9043
0 -3.78 4.93 4.2105
0.275 -3.71 6.05 2.9656
13.875 -3.8 7.49 1.7493
9.225 -5.75 3.61 3.6959
0.1 -10.72 -3.66 2.822
0 -7.97 2.17 3.9095
0 -5.77 4.01 3.8327
1.875 -5.64 4.08 4.0719
1.65 -3.81 4.03 1.899
1.25 -5.77 3.89 3.1241
4.5 -5.36 0.89 0.6564
2.375 -5.16 0.45 1.4573
0 -5.15 0.43 2.4009
0 -5.19 3.26 1.7793
0 -5.62 3.6 1.3475
0 -5.4 6.25 4.1194
0 -4.8 8.79 3.0164
0 -4.08 7.73 2.6921
0 -4.07 7.72 3.0879
0 -3.8 7.66 2.7799
0.125 -2.36 9.11 3.105
0.425 -1.47 9.15 2.3782
0.25 -1.61 7.93 2.4267
0.125 -1.48 6.67 3.1436
16.325 -2.21 9.34 4.2273
9.775 -2.58 8.09 2.0155
0 -5.89 1.84 1.3593
0 -5.91 5.3 3.3095
0.25 -4.79 6.95 1.9645
13.775 -2.98 2.26 2.4277
39.15 -3.3 2.93 4.6154
27 -4.32 -1.18 5.2757
22.725 -4.36 -1.55 6.2564
18.55 -8.17 -3.09 4.1092
18.375 -6.09 -3.09 4.2115
2.625 -8.8 -3.92 0.807
0.45 -9.55 -1.97 2.1727
3.175 -8.48 -1.07 3.5835
1.725 -3.9 -0.98 2.9941
0 -4.98 3.09 1.289
0 -6.81 3.24 2.7679
1.4 -6.12 3.7 3.1988
0.825 -3.86 4.15 1.3594
0 -7.92 1.89 1.2766
0 -6.48 4.06 1.6851
0 -5.82 4.12 1.9922
0 -5.64 4.21 0.5896
5.975 -5.16 4.86 2.4932
18.65 -3.37 3.68 3.5592
15.625 -2.61 1.77 1.813
4.425 -4.3 -0.87 2.7567
0.675 -5.72 0.09 1.2893
1.425 -5.45 0.59 2.3186
0.7 -7.2 -1.48 0.6953
0 -6.56 1.32 0.9145
0 -4.28 3.64 0.9403
0 -3.99 8.63 1.7621
0 -4.71 8.15 1.6305
0 -3.81 9.12 1.0522
0 -3.66 8.7 1.6689
0 -3.35 10.58 2.4039
0 -2.84 11.13 1.3543
0.325 -4.54 9.4 1.3727
5.35 -3.24 4.92 2.6409
11.425 -3.41 5.24 3.3532
5.075 -7.12 1.55 2.2511
13.825 -7.15 2.02 3.5437
17.65 -5.72 1.97 2.8629
3.9 -5.56 2.07 0.7185
30.125 -4.7 5.9 4.1801
20.6 -3.34 5.17 1.8831
1.675 -5.18 -1.12 0.6343
0.2 -5.3 5.74 2.301
3.9 -2.89 7.69 2.6416
15.1 -3.4 2.62 3.139
7.675 -7.16 0.86 3.2408
0 -7.85 -1.06 1.3104
0 -7.04 3.1 2.552
0.3 -6.9 3.1 1.0105
7.225 -5.47 4.61 2.4832
5.7 -9.79 0.46 4.0509
0.875 -8.84 -1.43 2.2791
0 -9.57 -1.45 0.3406
18.775 -7.33 7.13 1.9339
11.25 -6.33 1.78 2.6569
0 -6.34 0.65 2.5221
0 -6.68 8.14 3.6658
0 -5.99 12.31 1.4757
0 -3.28 14.47 0.6623
0 -1.99 13.86 2.8512
0 -4.1 13.45 2.0471
0 -2.96 15.37 2.0106
0 -2.98 13.87 0.6627
0 -4.28 12.74 1.4
0 -4.49 10.7 2.2618
0.175 -4.67 12.92 2.0206
0.9 -2.99 12.86 2.3628
0.45 -6.52 5.63 2.8154
0 -5.71 5.73 2.7596
0 -4.8 10.85 1.2729
0.975 -2.77 13.52 2.2889
10.975 -2.55 10.75 5.6282
7.825 -5.35 1.48 3.238
4.075 -10.48 -1.06 1.0192
5.05 -9.44 3.79 2.1517
1.625 -6.93 0.83 2.1792
18.85 -5.85 2.11 2.7396
11.6 -6.17 -0.16 3.4257
0.175 -10.51 0.71 1.0143
0 -9.27 6.67 2.0677
0 -8.52 11.38 0.4881
0 -4.28 12.11 0.8654
0.225 -3.12 11.61 2.0267
10.35 -2.42 6.77 3.9994
13.55 -3.8 2.01 4.6491
4.45 -6.39 -0.86 1.0699
0 -6.21 4.6 0.6893
0 -4.7 6.7 0.8168
0 -3.64 12.18 2.6804
0 -3.77 12.34 1.5198
0 -2.68 14.06 1.043
1.1 -2.45 14.65 1.8788
19.55 -3.02 13.04 2.6748
13.5 -5.42 1.83 3.0619
1.3 -5.2 -2.2 1.704
0 -5.15 1.48 1.6264
0 -2.72 12.22 0.8262
0 -1.91 13.91 1.3804
0 -0.79 16.26 0.7511
4.75 0.31 16.88 3.8672
9.55 -1.46 8.05 5.1967
6.2 -7.05 1.52 4.1716
1.3 -7.05 1.26 3.5857
0 -6.2 6.97 2.0839
0 -3.51 9.88 2.2311
0 -2.79 15.19 0.8774
0 -2.27 16.89 2.1072
0 -0.5 16.69 3.6734
0 -2.39 13.75 2.1288
0 -1.84 12.21 0.7139
0 -1.57 13.91 2.9048
3.575 -1.82 13.01 3.9171
9.525 -4.76 5.86 3.2189
4.45 -8.45 2.53 4.4553
0 -7.7 4.46 2.3148
0 -3.17 10.67 0.9078
0 -2.87 14.63 0.531
0 0.26 16.69 0.4459
0.3 2.13 18.3 1.3004
5.925 3.2 18.11 1.8585
3.425 -2.8 11.06 2.009
0.025 -0.1 10.25 1.7832
0 1.24 14.48 3.4625
0 -1.8 14.29 4.4774
0.45 -4.66 9.58 3.8468
1.375 -5.04 4.32 4.1308
1.025 -4.66 4.33 2.3928
2.125 -3.62 5.96 1.5459
4.875 -2.26 10.2 3.0371
8.275 -0.49 6.98 2.6347
3.625 -3.69 5.26 3.7108
0 -1.01 10.45 2.0578
0 0.97 17.47 0.5496
0 0.93 19.95 2.611
0 3.01 18.59 2.9093
0 3.63 16.36 2.7972
0 4.37 18.32 2.9169
0 4.69 20.03 2.9069
0 4.9 20.02 2.2028
0 7.27 24.22 3.2279
0 6.54 24.8 3.2139
0 6.4 21.76 2.6153
0 5.33 21.21 3.9318
0 3.51 19.34 4.74
0 1.07 14.87 5
0 1.63 13.39 3.7941
0 2.49 18.58 1.0806
0 2.67 20.74 1.6071
0 5.98 23.9 3.0412
0 0.38 21.28 3.0766
0 1.12 17.31 1.0946
0 2.3 20.28 2.4203
0 2.59 18.17 3.0637
0 1.34 16.84 2.5143
0 1.37 19.12 1.5279
0 3.26 18.43 1.1902
0 4.64 22.35 1.7617
0 6.38 23.45 2.0547
0 7.47 20.9 2.6561
0 6.76 20.78 2.3294
0 7.76 22.56 0.9206
0 9.97 27.61 1.5923
0 10.65 29.33 3.0803
0 8.72 25.38 2.9769
0 6.24 23.52 2.6281
0 4.85 21.9 2.7464
0 5.98 21.72 1.9538
0 4.88 21.57 0.7809
0 6.08 23.77 1.9772
0 7.39 25.4 2.6198
0 8.67 24.44 2.243
0 8.41 24.37 2.4567
0 12.26 27.05 2.246
0 9.63 26.03 1.7947
0 9.64 27.16 2.2753
0 11.16 26.59 3.2671
0 10.97 26.12 3.414
0 9.08 22.1 2.0363
0 8.97 25.65 1.4552
0 10.09 28.7 2.5969
0 9.97 28.84 2.7476
0 11.71 28.36 2.578
0 10.51 29.57 2.2578
0 9.64 28.64 2.1497
0 9.22 26.85 2.4571
0 8.06 25.55 1.0916
0 8.21 25.08 2.2869
0 8.71 26.58 2.0792
0 10.25 27.21 2.5046
0 11.6 26.8 2.6185
0 7.9 26.34 1.845
0 6.36 25.5 2.2017
0 6.34 24.5 1.8771
0 7.33 25.22 2.1168
0 8.03 25.91 2.3391
0 6.73 25.51 2.0794
0 6.45 24.65 2.3641
0 6.45 27.46 1.3911
0 6.5 26.01 1.9148
0 7.23 25.92 1.9282
0 6.63 25.31 1.9342
0 6.68 24.41 2.4417
0.1 7.21 23.71 2.7284
0.05 7.19 21.32 1.8812
0 5.78 23.09 1.7455
0 7.99 24.88 2.1973
0 5.87 18.88 1.091
0 7.52 23.93 1.4035
0 8.87 25.16 2.3836
0 8.8 25.58 2.7268
0 8.6 26.31 1.1962
0 7.99 27.88 1.6273
0 11.48 28.19 1.7556
0 8.33 24.98 1.8754
0 7.13 25.58 2.2149
0 7.37 26.19 1.8381
0 7.81 25.14 1.7416
0 4.63 22.49 2.2889
0 7.1 26.93 2.0155
0 9.81 30.54 0.6552
0 12.12 31.32 2.2364
0 9.82 29.5 2.548
0 5.26 24.58 2.7963
0 4.94 17.36 2.3043
0 1.51 14.24 2.4037
0 1.4 15.43 1.073
0 2.51 19.51 0.4328
0 5.06 24.32 0.3105
0 6.32 28.04 1.1693
0 8.98 28.06 1.2264
0 7.92 27.48 2.0061
0 6.72 24.78 1.1646
0 6.13 25.01 2.3586
0 4.78 23.65 2.9035
0 -0.58 11.44 2.112
0 1 15.65 0.5625
0 1.88 18.97 0.6731
0 4.34 23.39 0.9207
0 4.3 22.69 1.6139
0 3.67 21.25 1.3912
0 3.14 21.43 0.7929
0 3.28 21.32 1.3878
0 3.07 22.43 1.5859
0 3.78 21.45 1.4945
0 3.98 21.06 1.429
0 2.44 18 1.1253
0 1.33 19.41 1.0416
0 2.35 17.86 2.6826
0 1.48 14.52 1.0603
0 3.4 21.28 0.4443
0 7.42 24.46 0.9539
0 8.75 27.72 0.4591
0 10 28.51 1.0163
0 11.9 29.96 0.5804
0 10.47 30.49 0.4729
0 9.23 29.7 0.3396
0.425 6.02 24.64 0.4408
9.9 6.49 22.59 1.2828
26.8 8.73 22.52 1.5233
22.725 5.87 14.56 1.5436
3.375 3.35 7.51 0.7999
8.425 -0.68 6.83 0.8137
3.45 -0.7 7.42 1.9771
0.525 -1.4 7.92 0.9515
0.075 -0.36 13.26 1.9168
0.075 -0.17 16.35 1.6028
0 3.7 18.55 1.2417
0 3.06 19.82 2.2245
0 5.78 21.26 1.6344
0 5.33 21.55 0.7482
0 4.42 21.58 0.5675
0.1 4.48 20.12 1.1363
1.475 4.48 17.17 0.825
0.775 3.38 12.54 1.0148
0 1.93 10.92 1.7109
1.15 1.85 16.95 0.9305
0.7 2.27 13.71 2.0319
1.25 0.37 11.18 1.8425
9.5 0.61 10.02 1.6158
29.35 2.95 6.38 4.3258
15.125 0.38 7.59 3.7211
0 -3.32 6.84 1.7426
0 -5.17 6.91 2.9139
0 -5.1 9.98 3.2074
5.775 -1.78 11.41 2.1423
4.375 -1.08 11.71 1.9441
0.575 -2.65 3.74 0.9805
0 -2.92 9.43 1.9521
0.15 -1.48 13.32 3.2475
0 -0.03 17.42 3.016
0 3.31 18.8 2.0657
0 3.28 17.51 1.0507
0.05 3.09 16.48 2.2766
21.825 0.89 12.02 2.8181
13.025 -3.22 4.18 2.8132
1.875 -5.87 4.52 0.559
1.175 -5.51 4.39 1.6339
0.15 -6.13 2.26 2.6781
0.075 -5.49 6.59 1.4536
0 -3.65 9.54 3.1125
0 -2.26 10.18 1.57
0.075 -0.65 12.53 2.3509
0 -1.17 12.94 0.7785
0 -2.59 11.47 2.1052
0 -3.05 11.73 2.0876
16.6 -1.43 11.27 2.8845
26.65 -4.41 4.75 3.2213
17.375 -6.87 -2.02 5.2936
5.7 -6.86 -4.48 2.8853
9.775 -6.03 -2.79 4.0938
5.4 -11.16 -3.57 0.9911
0.125 -11.25 -3.3 3.2295
0.125 -11.06 -2.25 3.3062
9.05 -7.38 -1.89 2.7093
5.375 -8.28 -1.83 2.9063
0.075 -13.26 -3.99 2.2216
0 -12.91 -1.92 3.0337
0 -8.16 0.74 2.2963
0 -7.69 3.81 2.5742
0.1 -1.92 4.87 1.5196
0.225 -1.34 6.65 1.9013
15.775 -1.87 1.85 2.1697
9.275 -2.53 6.32 3.1823
0 -3.64 3.94 2.3738
0.75 -3.15 8.73 1.7047
2.9 -1.78 5.53 0.9437
1.3 -1.14 4.76 1.2037
0 -1.03 7.33 0.4963
0 -2.14 7.83 2.3552
0 -2.66 9.87 1.4851
19.3 -2.37 10.24 1.6446
13.725 -3.52 4.5 1.8486
4.15 -4.76 0.86 2.3251
57.475 -4.98 0.03 3.5896
83.625 -3.42 1.34 5.4185
63.95 -2.66 2.99 6.306
26.675 -4.73 3.33 1.9038
9.075 -5.1 -2.94 2.1668
4.025 -4.85 -1.48 2.2597
0.5 -4.36 -0.02 0.3113
0.025 -5.63 2.05 2.7561
18.15 -5.32 4.22 5.2089
10.675 -5.22 4.69 1.7483
0 -6.48 -0.88 1.1147
20.325 -6.4 -0.91 2.2301
15.6 -3.92 0.1 4.3807
2 -13.57 -2.31 2.7641
1.25 -13.37 -2.83 1.3755
14.525 -12.76 -4.52 3.8991
20.4 -5.65 -1 4.9888
12.025 -6.18 -0.77 2.6654
0 -7.02 -2.2 3.2886
0 -8.79 -1.79 3.9773
0 -7.03 2.51 5.5633
0.075 -6.89 2.89 3.8649
0 -7.79 -0.67 1.852
0 -7.84 2.22 1.2081
0 -9.5 1.08 3.245
1.625 -9.36 1.49 3.2618
6.2 -4.93 1.49 1.6751
0.125 -5.79 4.32 1.687
0.15 -6.08 4.9 1.5317
0.175 -5.57 5.34 2.5795
0 -4.35 6.58 1.1472
0.175 -3.9 7.52 0.7875
0 -4 7.09 2.3456
0 -4.46 9.57 1.3612
0 -6.3 10.59 4.3432
0 -6.3 8.47 3.7734
0 -5.07 9.17 2.6004
0 -3.85 10 3.8437
0 -4.76 8.28 2.0906
0 -4.07 8.74 2.2353
0 -4.1 9.56 4.9992
0 -4.1 10.31 3.249
0 -4.1 10.99 1.8071
6.025 -4.37 10.49 0.5152
10.5 -4.62 10.24 1.86
4.25 -7.03 -2.06 1.5844
0 -7.23 2.54 1.8811
0 -9.77 3.4 3.0895
0 -9.24 3.7 2.1468
0.075 -7.51 5.18 2.8597
0 -3.69 8.96 1.7761
0 -3.42 10.16 1.9606
0 -3.25 11.22 0.6108
0 -5.22 10.83 2.0533
0 -7.23 10.65 3.5928
0 -8.07 3.9 3.939
0 -7.82 5.42 4.0742
0 -6.86 9.49 2.7329
0 -4.54 11.35 1.2847
0 -4.92 11.38 3.1449
11.025 -3.77 5.27 3.6539
29.575 -3.58 6.38 5.8877
24.225 -7.28 -2.45 4.1926
32.575 -6.63 -3.17 3.346
21.25 -6.58 -1.98 4.0263
1.75 -10.66 -2.01 0.9565
0.1 -10.66 -1.32 1.1138
0.05 -10.5 -1.93 0.3457
0 -10.21 1.42 0.2799
6.2 -10.1 1.17 2.1473
14.725 -9.28 0.69 5.8676
10.3 -11.04 -3.02 0.7802
0.05 -13.42 -3.61 0.4518
0 -13.32 0 2.0371
2.975 -12.54 3.29 1.6397
8.975 -7.02 4.93 3.376
9.275 -3.47 2.84 1.4615
1.925 -6.47 4.39 1.4832
2.7 -5.83 7.72 0.6497
17.025 -3.94 9.27 1.7451
15.4 -2.6 2.68 4.6423
0.15 -5.84 1.86 0.46
0.15 -5.61 7.27 1.4861
0 -4.86 11.78 0.8501
1.2 -4.02 10.81 1.347
0.725 -3.8 8.08 0.8617
0.75 -3.37 9.28 0.7762
0.525 -2.71 7.61 0.9174
6.725 -1.95 10.06 1.0276
17.225 -4.94 11.25 2.5343
3.275 -6.96 8.26 1.124
16.8 -7.41 5.62 3.1048
22.275 -6.27 0.74 4.8649
52.325 -6.05 -2.07 6.169
21.075 -6.1 -2 2.6687
4.95 -6.38 -0.31 0.9356
22.05 -6.02 0.1 4.5722
44.9 -5.77 -1.19 5.2628
30.125 -9.35 -2.36 3.8813
15.975 -4.89 0.79 2.8685
5.45 -4.18 -1.91 1.4304
0.025 -4.49 4.47 0.6409
0 -4.7 7.05 1.4288
0 -4 9.24 2.4072
0 -2.77 10.68 2.2427
0 -1.11 16.29 1.5398
0 -0.34 18.16 1.2767
0 -2.91 13.19 1.0401
0.05 -3.25 10.87 1.9065
0 -2.63 14.64 1.5143
0.9 -2.55 14.36 1.7076
7.875 -4.33 12.96 3.519
9.025 -9.48 -1.95 1.3675
3.325 -10.82 -4.38 1.55
0.3 -10.49 1.92 0.6532
0 -7.9 5.9 1.643
0 -6.95 8.21 1.646
0.025 -3.89 8.58 2.8998
0.1 -7.05 2.79 0.7134
0 -5.95 8.77 0.7856
0 -2.65 14.28 1.6845
0.1 -1.37 15.31 2.5024
0.05 -1.68 15.15 2.9805
0 -1.2 11.56 1.8772
0.475 -2.08 12.75 2.2976
5.4 -0.37 6.53 2.4942
0.575 -3.11 8.72 0.917
0.225 -3.5 8.57 1.6035
0.125 -2.4 8.13 2.5167
0.525 -2.41 7.11 2.4203
0 -4.69 9.07 3.0422
0 -4.05 10.69 0.8927
0 -2.84 13.02 2.6047
0 -3.95 12.83 4.8224
0 -1.88 12.19 3.7512
0 -3.95 11.11 1.939
0 -3.75 13.61 0.4363
0 -0.61 16.38 0.8639
0 0.52 17.88 2.962
0 2.39 20.3 0.6783
0 2.65 21.73 1.6977
0 2.42 20.09 2.205
0.35 1.93 18.99 3.2274
4.575 -2.41 8.49 3.5032
4.35 -4.71 5.75 2.8824
0 -4.01 11.5 1.8019
0 -0.3 15.24 1.2639
0 1.45 17.99 0.6261
6.875 2.03 19.39 2.9575
8.55 -4.72 10.81 2.7906
4.05 -5.17 1.03 1.1207
14.9 -4.38 3.7 3.5277
11.875 -3.61 0.29 2.4931
0.75 -3.55 4.03 3.534
0.05 -3.11 8.61 1.9577
0 -0.57 14.75 2.0782
0 -0.59 15.06 3.0218
0 -0.69 14.06 4.5567
0 -2.59 13.02 2.6084
0 -0.74 13.29 2.7311
0 -1.08 12.44 2.775
3.5 -1.11 13.67 3.421
2.575 -1.75 11.52 4.4132
5.05 -3.78 6.39 5.0191
2.55 -1.91 8.2 2.8503
0.25 0.49 12.59 2.6226
0.025 -1.3 12.47 3.0523
0.55 -4.24 5.95 1.7862
0 -3.21 9.14 0.4499
7.325 -1.96 9.81 2.9014
17.275 2.41 7.66 1.2511
8.25 -0.86 10.73 3.3578
0 -1.22 8.96 1.9846
0.025 -0.55 7.19 3.1694
0.075 0.5 16.44 1.7244
0 3.05 18.04 2.3884
0 3.31 19.36 3.0986
0 2.42 16.61 2.6326
0 3.14 16.98 2.7338
0 3.94 20.14 1.739
0 5.98 23.62 1.8896
0 6.96 23.62 2.7956
0 4.02 19.78 1.4133
0 4.97 19.66 2.915
0 5.15 21.11 2.042
0 5.56 20.9 0.3062
0.05 7.06 24.36 0.4652
0 7.73 26.91 2.4415
0 8.94 26.55 2.799
0 6.46 24.64 2.7194
0 7.09 24.2 2.7784
0 6.36 23.03 2.3436
0 6.55 23.45 2.319
10.275 7.06 24.08 2.4439
14.95 5.01 21.11 2.4066
3.575 2.79 13.8 2.2231
0.175 3.26 19.14 0.9592
0.025 6.15 23.81 0.8226
0 8.37 26.67 0.5603
0 9.19 27.57 1.5663
0 9.64 27.45 1.9532
0 10.65 25.92 2.5532
0 11.22 25.65 2.7894
0 10.49 25.06 2.3174
0 9.43 25.28 2.5815
0 7.59 24.75 2.1789
0 6.84 24.5 2.2568
0 5.53 20.98 2.3019
0 5.15 20.77 3.0823
0 4.98 19.98 2.652
0 5.31 17.11 3.2119
0 4.01 17.3 3.0165
0 4.42 18.03 1.8961
0 4.68 20.06 1.2909
0 4.72 22.22 1.9139
0 4.86 22.57 1.365
0 6.13 23.64 2.3331
0 7.17 24.23 2.8273
0 8.12 24.14 1.8771
0 8.97 24.47 1.8062
0 7.17 25.72 2.1047
0 7.17 25.22 1.9071
0 7.28 23.91 1.7688
0 8.2 25.76 1.6189
0 10.85 26.08 2.3673
0 11.36 26.5 2.9149
1.275 12.4 26.47 2.0275
1.85 6.78 24.71 1.3977
0 9.43 24.39 1.8949
0 8.26 26.16 2.0624
0 6.15 25.17 2.9595
0 5.04 21.98 2.2819
0 6.11 23.2 2.9645
0 5.94 22.74 2.2808
0 6.53 23.63 1.6966
0 6.32 24.06 1.7722
0 6.24 24.05 2.2177
0 5.75 23.91 2.6257
0 5.75 23.9 1.6441
0 6.95 25.36 1.1595
0 8.12 25.69 1.977
0 7.73 25.09 1.5731
0 6.36 24.51 1.2268
0 5.56 24.29 1.493
0 5.74 23.99 1.4571
0 6.78 25.02 2.57
0 6.21 22.91 1.8832
0 4.89 22.74 1.2121
0 4.03 23.07 0.9527
0 4.95 23.5 1.014
0 7.16 25.13 2.0278
0 8.57 25.61 1.2075
0 8.77 26.06 0.7378
0 9.26 28.13 1.0484
0 9.36 27.8 1.3609
0 9.46 27.86 1.611
0 7.41 26.69 1.8234
0 5.51 24.65 1.7735
0 5.67 24.45 0.8499
0 5.49 24.12 0.6365
0 6.86 26 0.9238
0 7.4 25.08 0.9991
0 7.76 26.03 1.7633
0 7.43 24.66 0.7416
0 8.36 25.44 0.8955
0 8.42 26.72 0.8517
1.625 8.91 25.42 1.4979
3.175 8.05 24.8 1.0226
3.525 8.07 22.4 1.4377
6.275 4.38 17.23 1.3304
1.375 4.74 20.18 0.5342
7.3 5.19 22.04 1.1307
0 5.19 20.24 2.3531
0 6.74 22.61 1.8954
0 6.3 20.03 1.6326
0 3.87 19.24 0.2153
0 4.77 22.13 0.2784
0 6.79 24.71 0.9378
0 8.11 24.91 0.4033
3.375 8.09 25.46 0.2199
0 8.67 25.82 0.5332
0 9.14 26.23 1.6483
5.95 6.45 22.56 2.2258
0.05 3.7 16.67 1.8759
0 3.87 19.18 0.497
0 6.92 23.24 0.6591
0 7.31 23.56 1.1328
0 7.53 25.69 1.4271
0 6.79 25.16 2.2294
0 6.62 23.83 1.8388
0 6.1 18.33 1.9762
14.95 2.93 15.11 2.2888
30.675 1.4 9.84 3.6741
14.1 -3.56 4.91 0.7934
1.55 -4.2 3.76 0.9444
0 -4.06 7.88 1.2118
0 -2.93 12.26 1.1717
1.35 -2.09 14.34 1.4651
2.525 -2.08 12.65 1.5278
0 1.31 17.01 0.9012
0 2.16 19 0.5683
0 5.06 21.2 0.4651
0 4.06 20.68 0.9607
0 4.08 18.89 1.52
0 4.29 18.84 1.6685
0 4.56 19.42 1.6307
0 2.81 19.92 0.7388
0 1.73 17.71 0.6345
0 1.98 17.08 0.5013
0 2.78 18.02 2.0733
0 2.19 19.73 1.7136
0 2.14 17.58 2.1728
0 1.48 16.57 1.3154
0 -1.98 12.31 3.3201
0 -2.94 10.24 3.376
0 -2.73 10.8 2.0849
0 -0.95 12.87 0.884
0 -1.18 15 2.1205
0 -0.07 15.77 0.1375
0 -0.14 14.71 2.9715
0 -1.49 13.31 4.2375
4.8 -3.78 13.17 3.6958
5.425 -6.08 10.66 1.8
2.5 -8.42 -1.59 0.3187
4.175 -8.07 -0.84 1.4215
0.325 -8.38 -1 0.8873
0 -8.28 1.42 2.3174
0 -6.6 3.96 3.3003
0 -7.75 8.79 3.1432
5.075 -3.93 9.09 3.6134
4.125 -0.61 6.24 1.097
0 -1.19 6.7 0.2128
0.175 -1.04 8.13 0.7194
0 -3.84 7.8 0.5793
0 -3.43 8.62 0.9021
0 -3.74 9.1 0.8003
0 -4.01 9.37 2.9731
1 -4.61 3.48 2.133
2.25 -4.1 0.35 4.0393
1.9 -6.48 -0.45 1.5918
0.05 -6.6 2.7 2.1687
0.075 -5.85 6.87 3.3719
0 -4.82 11.85 2.0888
0 -5.12 12.21 0.856
0 -3.77 7.39 2.9625
0 -2.83 10.73 2.4078
0 -1.49 11.76 1.0622
0 -0.65 10.59 1.7441
0 -3.59 12.55 3.2675
0 -4.35 7.42 8.8094
0 -4.99 3.08 3.642
0 -7.87 6.63 4.427
0 -8.34 5.82 2.6987
0 -7.57 5 3.4737
0 -8.92 5.12 3.1125
0 -7.74 5.31 3.6352
0 -6.58 6.37 3.6495
0 -6.35 6.94 4.2895
0 -6.05 7.47 3.2494
0 -6.43 6.17 1.0438
0 -7.62 4.21 1.6855
0 -8.11 1.36 1.4724
0 -7.98 1.88 1.2454
0 -8.12 2.65 0.9287
0 -7.22 1.71 5.6134
0 -5.65 6.98 4.6796
0 -7.49 7.08 2.6769
0 -8.82 7.15 4.537
0 -7.88 6.42 4.5501
0 -7.41 4.01 3.4136
0 -9.22 5.22 4.5747
0 -9 4.98 4.0592
0 -7.86 6.06 4.9465
0 -6.16 8.16 3.4136
0 -5.57 8.39 1.2936
0 -5.24 8.97 1.2158
0 -4.97 8.5 1.2884
0 -1.72 11.87 0.9771
0 -3.52 9.48 0.887
0 -5.44 9.07 2.4044
