0.5 0.11 12.81 1.5844
4.1 1.31 10.07 1.2456
2.175 -0.75 10.32 1.698
0.65 -3.39 7.49 3.9773
1.575 -2.95 7.52 1.8383
0.675 2.12 4.83 0.4109
0 2.04 9.31 1.5067
0 3.8 11.99 0.7953
0 1.86 14.65 4.3137
0 1.92 14.43 3.4567
0 2.82 16.78 2.4843
0 5.2 17.85 5.4637
0 6 18.9 4.0025
0 1.98 19.96 3.6568
0 2.95 20.46 3.9521
0 3.02 20.99 4.9413
0 3.33 19.19 4.2569
0 3.49 18.65 4.7601
0 4.13 18.82 4.8949
0.05 3.99 18.11 3.4546
7.4 4.97 18.69 2.724
14.9 7.96 17.63 2.1285
28.925 7.49 12.4 1.6644
25.9 7.22 12.14 2.3675
7.15 2.93 10 3.4304
1.475 -2.59 3.88 0.8871
0.25 -3.45 6.46 1.3057
0 -2.24 8.74 1.5315
0 1.33 12.35 4.1933
0 2.01 16.94 4.4805
0 4.09 18.43 3.0764
0 3.66 17.83 3.1039
0 2.66 14.86 3.9871
0 2.1 19.39 3.8033
0 5.35 20.77 2.9994
4.325 6.09 19.65 2.6109
6.9 4.48 10.46 3.0234
2.45 2.65 10.07 2.79
15.775 2.54 12.07 1.3197
9.525 -0.9 9.76 3.5091
2.9 -5.84 5.35 0.4109
8.675 -4.06 6.61 2.5938
5.25 -0.28 7.06 1.4018
14.325 -0.45 7.65 3.0887
7.8 0 4.91 3.5702
2.45 1.88 7.67 6.0197
20.2 2.54 7.04 5.5286
15.95 2.25 6.3 4.4581
2.875 -0.02 4.77 1.4035
0 -0.89 10.1 3.504
0 0.3 14.12 2.6938
5.5 0.79 15.21 3.7966
20.125 0.42 13.75 3.8211
15.05 6.26 9.04 2.7512
3.65 3.73 10.04 1.5118
1.6 4.39 16.09 1.4887
0.6 3.65 10.72 2.4261
0.05 1.45 14.4 0.3707
0.025 2.49 15.94 3.6435
12.15 5.59 16.85 2.8079
29.225 7.24 12.87 4.0259
43.825 5.63 12.81 4.9169
18.45 2.06 8.35 2.8131
1.425 -1.87 7.93 0.9334
0.65 -0.4 9.42 1.8696
0 -2.09 8.31 0.3391
0 -2.8 12.61 1.382
0 1.13 14.72 2.6316
0 -2.62 9.71 0.4529
0 -1.99 13.52 0.5871
0 1.15 14.72 2.021
0 1.58 17.27 2.2306
0 2 18.67 1.3282
0 2.83 15.11 2.2685
0 4.55 16.73 2.6368
0 4.94 19.11 1.109
0 5.68 20.56 1.216
0 6.93 22 1.0254
0.175 5.59 22.95 0.7663
20.25 6.51 22.27 1.7776
14.2 1.55 14.39 4.0749
1.3 -3.58 6.37 2.2646
0 -2.09 10.38 1.9249
0 0.78 16.71 0.6563
0 2.36 18.49 1.9764
0 5.03 21.67 2.046
0 5.47 20.71 1.4058
0 5.53 22.2 3.3651
0 2.29 16.66 1.9818
0 2.42 16.91 0.3765
0 4.34 18.94 2.724
0 5.39 21.88 2.5517
0 3.27 18.39 5.2206
0 -0.13 13.1 1.9663
0 0.8 17.05 2.6969
0 3.37 21.17 2.1397
8.975 5.09 23.71 1.2277
11.95 3.43 19.39 2.9386
8.525 3.22 10.05 1.7268
3.175 3.63 10.77 2.3179
0.3 2.4 11.17 3.7421
0 3.58 15.26 1.6359
0 4.83 19.08 2.2451
0 5.91 19.28 4.8116
0 -1.69 12.49 5.8994
0 -0.23 10.43 3.0601
0 2.15 17.75 1.5322
0 4.89 22.3 2.7176
0 7.41 25.34 2.6863
0 10.72 29.11 1.5225
0 12.4 30.83 1.1906
0 12.65 31.55 1.9323
0.075 10.43 30.35 2.575
1.15 8.16 24.14 3.3004
0.65 1.17 12.94 3.4534
0 2.9 16.99 2.0329
0 4.7 19.39 2.3345
0 2.9 18.37 3.1183
0 2.12 15.83 1.7279
1.45 4.31 18.58 1.9555
37.825 7.7 21.81 1.8263
24.4 9 18.8 2.4351
5.2 9.12 14.48 3.5812
2.95 7.86 16.66 1.8242
0.5 10.58 19.92 3.5701
0 8.88 22.68 2.0677
0 9.25 25.4 2.9576
0 10.27 25.32 1.8047
0 9.8 26.27 1.4933
0 10.39 26.56 1.1505
0 10.59 28.18 3.0493
0 8.81 27.27 3.3209
0 9.05 24.7 2.6986
0 9.65 25.62 3.22
0 10.94 26.65 1.9504
0 13 28.96 1.4916
0 16.3 33.89 0.3196
0.45 16.92 35.94 2.2924
0.275 15.46 35.07 2.55
0 12.15 29.33 1.6121
0 11.49 28.18 1.0355
0 12.35 29.31 2.4805
0 12.45 29.22 3.0124
0 11.23 28.41 2.7806
0 10.27 27.45 2.0499
0 12.06 27.88 1.4869
0 13.38 30.14 0.9683
0.175 15.12 32.01 2.075
0.1 14.92 31.35 2.5254
4.275 15.77 30.93 3.1617
2.55 14.22 29.05 2.2664
0 14.1 28.71 2.141
0 13.26 26.06 2.3116
0.325 13.35 24.92 0.4628
4.5 10.78 24.34 2.1604
3.725 8.02 21.95 3.3623
2.05 6.89 15.27 2.1909
0.8 8.18 17.46 2.6853
0 9.61 23.07 2.6016
0 10.89 24.85 3.425
0 10.66 23.91 3.061
0 9.26 22.6 3.3855
0.85 10.22 24.1 2.4281
0.775 11.89 22.11 3.5352
0.15 9.52 22.71 2.4309
0 9.9 23.59 2.4775
0 10.77 23.79 2.5748
0 12.8 25.24 3.0896
0 13.14 27.83 1.9176
0 14.74 31.74 2.7325
0 11.52 31.06 3.2224
0 9.44 26.22 3.2744
0 10.31 24.44 1.329
0 12.24 28.02 0.652
0 14.38 31.71 1.5365
0 15.44 34.02 2.6971
0 14.59 32.09 1.7985
0 15.97 32.48 0.9092
0 16.66 36.95 0.7125
0.15 18.77 38.28 2.9224
0.075 18.16 38.04 2.873
0 17.44 34.28 2.2725
0 18.01 35.44 1.7868
0 16.44 34.26 2.8201
0 15.69 34.4 2.5116
0 15.14 32.87 2.7349
0 14.27 31.92 2.5132
0 12.6 30.66 2.7342
0 11.97 29.9 2.598
0 12.57 29.72 2.6061
0 12.79 30.04 1.9402
0 14.17 31.34 1.792
0 15.99 32.24 2.2297
0 15.63 32.36 1.4705
0 15.91 34.29 0.6396
0 16.67 35 1.5687
0 17.78 37.25 1.8874
0 18.86 36.74 1.7664
0 19.86 38.24 2.0287
0 19.91 38.95 1.5902
0 20.38 39.81 2.4379
0 18.47 38.07 2.5412
0 17.52 36.15 2.3633
0 19.09 36.33 2.0841
0 18.1 35.69 2.1084
0 17.12 35.11 2.1983
0 17.25 35.86 1.9491
0 18.67 37.32 1.8702
0 19.76 37.6 2.1988
0 19.44 36.74 2.9028
0 19.85 35.71 2.6349
0 18.89 35.65 2.72
0 18.52 34.95 2.5535
0 17.55 34.63 2.9587
0 15.1 32.29 2.5182
0 15.36 31.75 2.0518
0 16.17 32.48 2.3107
0 13.2 30.66 3.0075
0 10.25 22.69 1.9163
0 11.92 25.01 1.4547
0 14.24 30.18 0.4953
0 16 33.27 1.246
0 17.6 35.4 2.9778
0 17.13 36.14 2.772
0 16.2 34.82 3.0552
0 14.97 33.18 3.1632
0 12.37 30.93 1.4765
0 12.71 30.9 0.4607
0 14.71 32.8 0.7978
0 15.88 34.61 0.8728
0 17.04 36.74 1.3117
0 17.98 37.25 2.2126
0 18.63 36.47 2.2051
1.4 18.36 37.85 2.2877
1.45 16.15 33.37 2.9267
0.35 14.91 30.46 1.5933
0 14.28 31.25 1.5114
0 14.14 32.39 0.4445
0 14.47 33.81 1.5261
0 16.01 33.89 1.3342
0 16.55 34.55 1.3645
0 16.54 36.44 2.7033
0 17.56 35.07 1.7229
0 16.71 33.86 0.762
0 16.88 34.7 0.3548
0 17.64 35.53 1.5401
0 17.13 35.41 2.2682
0 14.52 33.6 2.0688
0 13.11 30.98 2.0179
0 12.81 28.55 1.6176
0 12.98 29.1 0.4572
0 13.76 30.34 0.9621
0 15.58 32.87 0.4034
0 16.18 34.62 0.9845
0.1 17.83 36.75 1.7857
0.4 15.43 32.88 2.1732
0.4 12.74 26.79 2.6947
0.1 11.4 23.63 1.5679
0 12.28 28.64 1.474
0 14.68 31.25 0.4705
0 15.2 32.33 1.0262
0 15.99 35.22 2.0831
0 14.79 33.43 0.9527
0 15.97 32 2.204
0 15.85 34.99 2.2764
0 15.81 35.29 1.3651
0 14.97 34.65 0.715
0 15.02 34.11 0.7963
0 16.55 35.78 1.1765
0 15.86 36.81 0.4408
0 16.05 36.85 2.0175
0 15.54 32.35 2.4962
0 5.19 19.76 2.3571
0 5.81 22.54 2.4267
0 7.99 25.35 0.7453
1.2 9.2 25.96 3.1465
0.925 4.24 21.56 3.4289
0.1 2.03 12.15 0.3112
0 2.43 18.61 2.7728
0 5.02 21.32 1.422
0 6.44 22.12 1.3529
0 7.13 24.35 0.7009
0 8.39 24.73 0.4941
0 6.53 24.88 1.8445
10.4 8.42 23.45 1.937
51.7 7.78 17.5 6.7112
27.725 10.19 15.87 4.3239
0.6 11.8 18.94 0.9436
0 11.4 24.9 2.199
0 10.53 25.84 1.0386
0 13.62 29.18 1.7097
1.225 11.02 24.01 2.1889
0.725 4.73 16.7 1.8817
0 5.14 18.15 1.0495
0 6.98 21.61 0.598
0 7.77 22.81 1.0883
0 9.93 24.55 1.2245
0 9.29 22.45 1.6972
0 8.9 23.33 1.1351
0 8.46 24.19 4.4049
0 3.95 15.67 4.9018
0 1.61 13.62 0.7456
0 1.88 15.07 0.0857
0 5.12 20.91 0.8296
0 7.24 23.08 0.8632
0 9.56 24.27 1.2475
0 9.44 25.98 1.1337
0 9.27 26.57 1.7348
0 7.82 25.05 2.3059
0 5.41 19.53 0.5938
0 5.48 18.96 1.6313
0 3.61 16.56 1.8715
0 4.07 17.46 1.1288
0 5.49 18.11 0.7205
4.6 7.52 18.51 0.3391
4.2 5.55 17.39 1.9913
0.825 1.26 10.17 1.2934
0 1.37 12.09 1.113
0 1.72 13.25 2.8178
0 2.67 15.71 2.0878
0.4 4.33 18.43 1.486
0.2 4.23 18.97 1.7911
0.525 2.3 14.38 2.3102
5.775 2.46 16.86 3.6415
3.025 2.49 15.05 1.118
0 2.83 11.65 0.4865
0 2.23 14.27 2.1857
0 3.49 14.77 3.6966
0 4.45 16.78 3.9857
0.75 4.44 18.41 2.5884
1.7 5.07 19.12 1.0534
0.7 2.43 13.22 5.0276
0 3.23 12.56 4.9336
0 3.21 13.62 3.9524
0 3.36 16.84 1.6693
0 2.3 16.23 2.1709
0 0.88 17.53 2.0996
0 1.72 14.3 2.0991
0.025 1.46 15.25 1.1049
12.65 -0.86 10.71 2.2126
12.2 -1 6.42 0.8296
2.675 -7.88 2.67 0.6863
0 -7.03 2.74 1.9583
4.925 -4.96 5.55 3.2054
25.925 1.38 8.72 2.9022
42.35 5.1 9.45 3.7681
21.475 3.49 9.42 4.229
2.475 2.46 6.33 0.7122
0 1.24 8.17 3.2055
0 3.47 11.52 2.6142
0 4.15 12.69 2.2721
0 3.92 14.06 2.7933
0 3.99 12.35 4.1455
0.9 4.11 13.82 2.8942
9.375 4.63 15.46 1.7954
7.275 1.27 11.45 3.653
0.05 -2.76 6.87 2.4723
0 0.54 10.86 3.9748
0 0.82 11.92 3.9665
4.8 1.12 12.73 4.1193
3.125 1.7 10.79 2.0361
1.875 1.28 8.67 3.0817
6.25 1.23 9.3 0.785
3.15 3.34 8.85 1.4963
0.025 2.15 8.25 2.6067
0 2.48 11.43 2.1194
0 3.08 11.78 1.215
0 2.76 13.73 3.9771
0 1.51 15.77 2.9209
0 3.19 15.94 2.7288
0 3.22 14.32 3.0972
0 3.67 14.92 2.6948
0.225 5.18 15.77 3.0335
0.8 5.67 15.87 2.3794
0.4 5.92 12.87 2.4436
0.8 5.95 12.12 3.2006
12.05 5.36 17.23 4.5008
6.925 4.92 12.71 2.037
0.075 0.46 10.94 1.3448
0 2.28 12.82 3.3379
0.825 2.88 15.41 2.2201
9.175 2.99 15.36 2.6593
18.525 4.21 11.52 4.8182
17.675 4.31 8.13 5.5968
20.175 2.39 6.44 6.5508
18.65 0.69 5.42 4.0047
10.8 0.42 5.07 3.8439
2.9 -0.7 3.84 0.9697
0.925 -1.99 7.27 2.377
1.5 -0.29 7.12 4.0651
0.525 3.61 8.53 2.9936
0 1.6 11.51 1.3254
0 0.21 12.62 2.8018
0.95 1.96 11.82 3.2313
0.725 2.91 13.48 1.3654
0.075 -0.69 11.49 1.1965
0 -1.86 11.77 1.7491
0 1.74 12.8 2.0527
0 2.63 13.17 0.634
6.675 2.98 13.62 2.8644
11.05 4.49 12.38 3.4223
10.65 5.12 10.06 1.6995
3.6 3.04 7.35 2.519
1.2 1.69 7.75 1.3556
1.575 2.51 8.95 2.1026
0.475 -0.1 8.1 0.607
0 0.46 10.46 1.1479
0 3.31 11.96 1.2441
0 2.91 15.52 1.4888
0 3.88 16.99 1.5597
0 3.3 18.47 1.0595
0 4.72 17.8 1.6982
0 5.25 18.81 2.4438
0 4.55 20.07 1.0429
0.925 3.51 18.24 1.1895
3.375 5.06 13.36 2.2674
11.825 3.8 10.91 2.9638
6.025 -1.58 6.34 2.2081
22.85 -0.89 11.99 3.7843
17.125 2.97 10.01 2.7556
2.15 0.88 9.95 0.806
21.65 2.31 14.62 4.5134
13.65 4.66 13.67 1.3621
0.6 2.04 8.64 0.4453
0.825 2.85 14.83 2.3002
9.85 5.17 17 2.6707
17.925 4.06 10.12 3.2781
7.175 0.51 8.03 2.9209
0.125 -1.24 7.52 1.3255
0.05 1.27 11.94 2.5035
0.225 1.06 14.15 0.9799
3.3 4.23 13.92 2.5432
4.275 -3.66 7.12 3.7717
1.35 -1.54 9.07 2.1377
0 -1.37 7.75 0.389
20.575 0.79 13.86 2.1375
12.025 0.06 13.42 2.4569
0 -0.33 11.86 2.5757
0 0.76 16.04 3.7361
0 3.53 21.2 1.3557
0 5.5 22.65 0.7886
0 6.04 22.61 2.8703
0 0.67 21.27 2.1497
0 5.67 23.93 1.9371
0 5.2 22.44 0.4484
0 4.68 20.19 1.5063
0 3.37 19.82 2.0448
1.025 3.45 20.71 1.9956
3.225 4.29 20.88 2.3136
1.525 0.45 13.08 2.3574
0 2.26 15.52 2.7149
0 3.05 19.68 1.168
5.275 4.94 20.98 2.4917
16.175 5.18 20.64 5.371
8.1 1.31 9.22 2.8968
1.125 -1.56 9.35 0.8281
6.4 -0.08 11.45 2.181
3.45 1.34 9.31 1.917
19.975 1.08 9.79 2.7755
11.675 0.54 8.37 3.1004
0 -0.8 8.74 0.7735
0 0.96 14.23 2.183
0 3.31 19.19 0.5198
0 4.76 20.58 1.2751
0.85 5.52 20.23 1.9751
15.275 4.59 14.33 4.1456
13.9 3.08 9.57 4.5445
2.875 1.39 7.64 1.0802
0 2.29 13.9 0.6704
0 3.31 15.24 0.8074
0 4.61 19.9 2.3049
0 4.44 19.6 1.4288
0 5.01 21.82 1.1585
4.55 6.81 23.77 1.6333
15.5 7.99 21.24 2.5795
9.35 1.71 10.75 3.1327
1.15 3.04 6.25 1.853
0.025 4.11 9.45 1.3237
0 5.47 20.25 0.8752
0 7.93 22.43 1.2918
0 8.72 25.57 0.7851
8.075 9.3 25.48 4.0752
8.95 3.42 14.42 4.9051
2.6 0.33 8.57 3.7923
0.05 0.18 10.66 3.3688
0 3.01 16.57 1.9444
0 4.6 20.17 1.9081
0 6.32 24.12 0.9489
0 8.21 25.44 2.1115
0 7.46 24.07 3.6516
0 4.76 19.75 2.2366
0 3.73 20.02 0.725
0.075 5.88 22.34 2.7852
2.625 5.99 21.03 3.6996
11.725 4.17 12.17 3.1622
5.925 -0.56 10.55 3.9549
0.025 1.13 13.76 2.1148
0.075 5.62 20.05 1.0054
0.05 7.11 23.11 0.6515
0 8.31 24.67 0.5387
1.25 10.99 26.47 1.2639
3.775 12.19 25.95 1.9274
1.8 7.28 17.9 1.7733
0.225 8.97 19.49 1.6214
0.125 10.49 21.9 3.4142
0.25 5.73 22.26 4.3241
0.25 1.93 15.53 3.6436
0.15 2.36 11.93 4.143
1.45 4.29 15.87 2.3152
5.825 3.94 15.39 1.5354
9.175 6.71 18.11 2.9104
10.15 6.17 15.12 2.3838
3.675 3.05 13.57 3.4211
0 3.97 15.71 1.8227
0 7.11 23.21 0.6229
0 10.49 27.02 2.5279
0 13.31 26.17 2.9599
0 11.11 24.46 2.5405
0 12.21 26.06 2.6302
0 13.86 27.1 2.6662
0 14.12 27.5 2.0142
0 15.33 31.3 2.9606
0 13.95 31.62 3.1251
0 13.47 29.16 2.6022
0 12.63 28.97 3.7772
0 8.55 25.97 4.6471
0 8.56 21.98 5.0488
0 12.44 24.48 3.7493
0 12.19 27.99 1.0095
0 13.31 29.56 1.7612
0 13.7 31.46 2.8728
0 9.89 29.15 3.0815
0 9.03 24.87 1.2632
0 9.85 28.05 2.4074
0 9.65 26.75 3.1452
0 8.63 24.52 2.5928
0 9.91 26.59 1.7302
0 11.13 26.52 1.0992
0 13.24 29.98 1.8778
0.225 14.1 31.14 2.1611
0.1 15.41 28.23 2.7438
0 13.97 28.33 2.4774
0 16.16 31.14 1.0476
0 18.03 35.18 1.6353
0 17.84 37.34 3.0822
0 15.27 33.43 2.952
0 12.89 31.51 2.6846
0 12.52 30.2 2.8355
0 14.26 29.7 2.1733
0 13.11 29.53 0.9766
0 14.37 32.34 1.947
0 15.41 33.94 2.5092
0 15.94 32.09 2.4036
0 15.92 32.28 2.4224
0 17.42 33.52 2.2163
0 17.02 34.1 1.8301
0 17.72 35.58 2.2803
0 18.72 34.99 3.2
0 18.42 33.65 3.2576
0 16.92 31.89 1.8308
0 17.56 33.45 1.4549
0 19.68 36.4 2.6593
0 19.66 37.58 2.7517
0 18.94 37.27 2.5848
0 17.6 38.11 2.0923
0 17.25 36.84 2.0447
0 16.9 35 2.4507
0 16.05 33.35 1.0234
0 16.61 33.79 2.2788
0 17.35 34.55 2.141
0 18.71 36.22 2.6233
0 18.69 35.6 2.7463
0 16.83 32.98 1.9366
0 14.8 32.16 2.3555
0 15.83 32.76 2.0912
0 15.29 33.58 2.3319
0 15.38 33.35 2.3416
0 14.59 32.91 2.0403
0 14.9 32.5 2.3899
0 14 33.2 1.4724
0 14.65 33.99 1.9483
0 15.18 33.71 2.0094
0 14.34 32.85 2.0632
0 14.74 32.64 2.5144
0.1 15.23 31.95 2.859
0.05 14.63 29.71 1.9984
0 14.04 30.63 1.8832
0 14.33 31.19 2.2371
0 12.9 28.05 1.0911
0 13.73 30.66 1.4546
0 15.43 32.01 2.3977
0 15.39 32.3 2.8241
0 15.51 32.85 1.1681
0 15.77 34.9 1.5565
0 15.85 35.42 1.6852
0 14.03 33.78 1.9256
0 14.58 33.8 2.2509
0 15.03 34.82 1.8491
0 13.06 31.47 1.7219
0 13.06 30.13 2.3849
0 14.39 34.87 2.0043
0 18.69 38.62 0.5829
0 20.23 40.08 2.2353
0 16.69 37.17 2.4002
0 12.45 33.05 2.7914
0 11.03 21.32 2.2679
0 9.66 22.41 2.4645
0 10.1 24.94 1.323
0 12.07 28.18 0.6924
0 14.58 32.95 0.3921
0 15.82 35.82 1.2422
0 15.88 35.9 1.1997
0 16.31 35.32 2.0005
0 13.97 33.06 1.2675
0 14.13 33.08 2.3116
0.025 12.49 31.18 2.8329
0 7.8 16.83 2.0147
0 7.98 24.34 0.647
0 9.39 26.93 0.6418
0 12.34 30.97 1.008
0 12.72 31.4 1.6526
0 11.85 29.18 1.4234
0 11.67 29.23 0.9744
0 12.02 29.61 1.6555
0 11.79 30.31 1.5766
0 12.26 29.62 1.5054
0 11.98 29.05 1.3867
0 10.4 25.63 1.2333
0 9.96 27.42 1.0523
0 10.26 25.49 2.7046
0 9.57 23.11 1.1011
0 9.63 27.28 0.5512
0 12.98 31.1 0.9328
0 16.73 35.12 0.4937
0 15.17 35.57 1.1283
0 17.4 36.72 0.6088
0 17.35 37.96 0.5424
0 16.75 37.07 0.3335
0.025 16.58 33.84 0.4431
5 16.5 31.05 1.263
21.475 15.29 31.32 1.5973
14.325 12.54 22.08 1.4911
1.075 11.14 15.83 0.9962
1.575 7.87 17.02 0.7736
2.35 7.81 18.24 2.0681
0.225 6.64 17.62 0.8217
0 8.57 21.95 1.9037
0 10 24.11 1.6347
0 11.96 26.8 1.4812
0 12.81 28.12 2.2541
0 13.51 30.45 1.5348
0 13.5 30.2 0.6768
0 13.16 29.81 0.5604
0 13.03 29.72 1.1115
2.65 13.64 25.39 0.9115
1.4 9.09 20.72 1.0794
0 9.66 19.55 1.6579
0 9.43 25.64 0.909
0 10.74 23.63 1.9184
3.25 8.72 20.99 1.6492
23.425 9.82 19.81 1.631
52.45 10.83 13.89 4.7168
25.825 6.08 14.32 3.5402
0.1 4.73 15.56 1.6351
0 2.54 16.37 2.9159
0 1.87 16.68 3.3558
3.075 8.36 20.98 2.1432
3 7.7 21.37 1.8652
0.675 5.51 12.19 0.915
0 6.17 18.76 1.8665
0 7.01 20.91 3.0959
0 9.61 23.91 2.8586
0 11.7 26.42 1.9026
0 11.64 26.59 1.1158
0.4 10.4 25.32 2.1592
17.625 8.72 21.59 3.1001
10.475 3.17 11.46 2.6266
2.3 1.17 11.23 0.6387
1.65 2.81 12.72 1.6373
0.025 1.47 10.9 2.477
0 3.85 14.71 1.4734
0 3.12 16.18 3.0707
0 5.9 17.61 1.6294
0 7.14 19.97 2.5524
0 6.62 20.37 1.0851
0 5.99 19.25 2.0949
0 5.07 19.92 1.96
18.375 5.45 19.08 2.6318
28.55 1.61 11.39 3.1582
23.1 0.23 5.8 5.1156
12.45 0.66 5.52 3.0675
13.85 1.68 6.69 4.0771
6.35 -3.57 4.2 1.1699
0 -4.28 5.71 3.3046
0 -3.99 5.37 3.3391
11.375 -0.48 9.86 2.7257
8.05 -3.57 5.67 2.5652
0 -5.68 5.1 2.3764
0 -3 6.16 3.0693
0 0.81 9.88 2.2969
0.025 2.33 13.8 2.6182
0.075 5.73 12.02 1.4904
1.425 5.79 13.12 2.1386
14.475 5.69 11.24 2.3393
7.175 5.17 14.7 3.3575
0 3.24 12.21 2.2923
4.7 4.62 14.99 1.9835
6.275 6 13.07 1.0412
1.2 7.02 12.19 1.3646
0.05 5.64 14.63 0.4348
0 4.95 16.11 2.3197
0 5.2 15.34 1.3827
17.725 5.32 14.48 1.7857
11.175 3.13 11.05 1.5783
3.325 0.38 9.02 2.475
45.125 0.14 8.77 3.5564
64.425 4.08 8.97 5.2381
43.15 5.68 10.73 5.9789
17.625 2.93 12.57 2.2987
7.05 2.32 4.11 2.5139
4.4 2.76 7.57 2.2796
2.55 3.2 8.01 0.4281
0 2.03 10.09 2.9532
14.675 2.17 12.8 5.3574
8.875 1.58 12.08 1.9898
0.025 0.62 7.06 0.9479
41.9 0.97 9.12 2.3102
27.875 3.29 8.3 4.402
2.1 -5.72 6.16 2.4292
2.425 -6.44 3.18 1.5149
12.85 -5.92 4.19 4.2189
12.525 -1.01 5.55 4.8728
4.675 0.68 5.66 2.5579
0 -1.8 6.45 3.2507
0 -1.34 8.29 3.8863
0 0.67 10.44 5.2799
0 0.87 10.93 3.691
0 -0.16 10.79 1.9114
0 -0.16 9.46 1.2893
0 -2.31 6.51 3.1875
2.6 -1.75 8.45 3.3689
2.225 3.19 10.71 2.0128
0.475 3.11 13.17 1.6786
0.275 3.46 11.08 1.3245
0 2.86 15.13 2.6318
0 4.33 15.26 0.9172
0 5.04 15.26 0.7385
0 5.1 15.17 2.4124
0 3.13 14.86 1.4102
0 2.45 15.72 4.2363
0 2.6 16.42 3.7895
0 2.49 16.63 2.8119
0 3.62 18.52 3.97
0 3.23 17.53 1.9949
0 3.82 17.16 2.2409
0 3.89 17.36 4.982
0 3.74 18.77 3.4017
0 3.74 18.7 1.8246
5.2 2.75 17.75 0.5378
6.1 2 15.23 1.8321
1.675 0.4 7.69 1.4276
0 0.11 10.18 1.8215
0 -0.14 12.28 3.0143
0 -0.65 12.96 2.0825
0 0.79 13.7 2.69
0 3.93 17.41 1.7158
0 2.66 18.05 1.9519
0 5.4 20.09 0.6212
0 1.68 19.17 2.1997
0 -0.73 13.86 3.562
0 -1.45 12.94 3.7907
0 -0.44 14.4 3.9208
0 1.89 17.65 2.7929
0 2.42 20.02 1.2096
0.2 2.48 19.78 3.5822
11.475 3.85 13.53 4.3314
17.7 3.04 14.37 5.8562
26.85 0.14 4.83 4.6049
40.9 0.31 4.14 2.9669
16.3 0.15 6.95 3.5742
1.25 -3.64 6.25 0.7947
0 -3.64 7.74 1.1619
0 -3.79 7.47 0.427
0 -2.75 11.24 0.5053
7.875 -1.09 10.42 2.2796
16.4 0.88 7.59 5.5558
6.425 -4.62 4.48 0.9087
0 -5.65 3.37 0.4331
0 -5.44 8.23 2.1973
5.95 -3.37 11.97 1.7398
12.125 0.77 13.57 3.6812
7.5 4.76 12 1.3749
0.475 0.52 12.17 1.4681
5.625 1.7 15.3 0.6012
22.7 3.23 16.84 1.711
15.975 4.4 9.26 4.3355
0.225 0.98 9.52 0.5061
0 2.74 15.4 1.4802
0 4.51 18.6 0.877
0.125 3.83 17.52 1.2425
0.075 3.59 14.81 0.6255
4.375 3.92 16.34 1.0373
3.225 5.72 14.08 1.1007
23.275 6.31 17.22 1.2421
19.4 7.29 18.37 2.4535
1.625 0.55 10.6 1.0264
20.9 0.13 13.31 3.4356
36.1 0.59 9.12 4.8204
52.125 1.58 6.17 5.6936
26.1 0.59 5.19 2.4625
7.625 0.21 7.65 1.2198
14.175 1.45 10.63 4.9395
31.9 1.91 7 5.4728
20.925 -1.17 4.77 3.9075
11.775 0.09 8.31 3.0381
8 3.01 6.07 1.4596
0.25 3.26 10.58 0.6685
0 2.82 14.96 1.3733
0 4.18 16.92 2.0809
0 6.48 19.73 2.3678
0 7.47 25.17 1.7542
0 7.92 26.77 0.9745
0 4.55 20.68 1.4461
0 4.35 19.35 1.8696
0 5.04 22.64 1.3737
1.375 5.27 22.18 1.6725
6.875 2.51 20.59 3.4627
4.225 -2.58 6.31 1.4819
0.525 -2.66 6.14 1.3791
0 -2.02 11.52 0.5207
0 0.53 15.97 1.6342
0 2.89 17.08 1.5104
0.6 3.18 17.77 2.7154
0.35 0.27 9.8 0.6059
0 0.34 16.71 0.769
0 4.91 21.13 1.5138
0 6.23 23.67 2.2706
0.075 8.5 23.59 2.6738
0.075 9.27 20.63 1.6179
0.375 7.09 19.99 1.9937
3.825 8.39 16.38 2.1564
1.325 4.27 17.05 0.9146
0.925 4.48 16.62 1.1636
0.8 6.43 15.15 2.2066
0.475 5.45 14.66 2.2658
0.075 2.58 16.84 2.6615
0 4.22 18.86 0.9047
0 5.42 21.37 2.3615
0 3.68 20.24 4.5729
0 2.41 18.14 3.5332
0 3.8 20.15 1.8585
0 5.75 23.1 0.4703
0 7.61 24.92 0.8902
0 9.49 26.01 2.9806
0 11.84 28.94 0.7659
0 11.29 29.95 1.5063
0 10.21 28.32 2.0305
0.025 8.85 23.87 2.9224
1.275 4.47 14.79 3.1637
0.7 2.86 12.17 2.6196
0 5.56 20.43 1.7853
0 8.43 23.77 1.191
0 8.9 25.87 0.6489
10.625 9.66 27.23 2.862
11.35 2.39 17.37 2.6942
5.8 1.68 9.63 1.2193
20.725 2.94 12.62 3.5034
11.7 3.8 8.96 2.2544
0.65 3.14 13.44 3.1526
0 3.69 19.7 1.7503
0 7.48 23.87 2.1081
0 7.86 23.55 3.0904
0 6.63 22.31 4.4989
0 5.93 19.39 2.481
0.75 7.31 22.35 2.7257
0.425 5.72 19.82 2.4236
0 6.21 20.03 3.2516
2.775 5.79 20.11 4.1816
2.475 3.91 16.34 4.7623
0.4 3.7 14.95 2.8184
0.75 6.62 19.19 2.5531
0.75 8.43 19.63 2.8399
0.4 3.58 14.57 1.6667
0.125 4.68 17.54 0.5948
3.575 5.65 18.33 3.0938
8.45 10.78 13.21 1.14
4.075 6.93 19.46 3.3765
0.125 6.38 15.37 2.0384
0 7.84 21.24 3.0447
0 10.44 25.03 1.665
0 11.19 27.51 2.5224
0 11.09 27.42 3.116
0 9.92 24.61 2.7088
0 10.6 26.05 2.7288
0 12.66 28.49 1.9311
0 14.06 31.61 1.9259
0 14.13 30.69 2.5555
0 10.91 28.3 1.4598
0 13.02 28.54 2.8605
0 12.31 29.38 2.1168
0 13.61 29.72 0.4439
0 15.07 32.28 0.6229
0 17.03 35.46 2.4972
0 16.14 34.86 2.6593
0 14.19 32.66 2.5739
0 12.29 30.4 2.6808
0 12.42 29.56 2.3823
0 13.97 30.38 2.3569
13.95 14.16 31.05 2.3905
7.75 11.14 26.36 2.3679
0.6 8.89 19.51 2.3006
0 12.29 26.07 1.1527
0 14.13 31.47 0.8561
0 16.48 34.28 0.6313
0 16.82 34.76 1.5278
0 17.29 34.6 1.8272
0 18.42 34.08 2.5462
0 18.87 34.6 2.8138
0 17.56 33.09 2.165
0 16.79 33.57 2.5003
0 14.8 32.99 2.1837
0 13.69 32.04 2.3358
0 13.42 29.04 2.4549
0 13.09 28.87 3.1332
0 12.76 26.31 2.7177
0 13.07 25.96 3.2938
0 11.75 25.78 3.146
0 12.2 26.51 1.9842
0 12.57 28.18 1.2276
0 13.46 30.1 1.898
0 13.67 30.55 1.3974
0 14.3 31.35 2.2976
0 15.04 32.25 2.7867
0 15.54 32.19 1.8947
0 16.59 32.65 1.8926
0 15.01 33.82 2.1307
0 14.41 32.62 1.8685
0 14.42 32.1 1.7075
0 15.66 31.83 1.5919
0 16.52 34.88 2.3998
0 17.61 35.05 3.0545
0 19.37 34.78 2.1012
0.175 17.83 31.92 1.4537
0 16.94 33.68 1.8564
0 16.59 34.79 2.0737
0 15.21 34.16 3.0469
0 14.01 30.28 2.3645
0 14.83 31.11 3.0557
0 15.71 31.08 2.4273
0 15.1 32.07 1.7966
0 14.68 32.85 1.9103
0 14.3 32.73 2.2123
0 15.19 32.48 2.6669
0 14.66 32.56 1.7353
0 15.5 33.37 1.2979
0 16.44 34.46 2.033
0 13.97 32.76 1.5113
0 13.63 31.93 1.2182
0 13.95 32.6 1.6991
0 14.62 33.03 1.6375
0 15.09 33.56 2.6251
0 14.16 31.68 1.9828
0 13.63 31.21 1.4191
0 13.09 30.75 1.1006
0 14.55 32.07 0.9421
0 15.28 33.76 2.0044
0 16.83 34.12 1.2041
0 16.89 33.84 0.7574
0 16.64 35.73 1.0213
0 17.54 35.88 1.3791
0 16.55 36.3 1.6841
0 14.84 35.07 1.8155
0 13.37 32.86 1.7298
0 14.07 31.63 0.7657
0 14.74 32.01 0.75
0 15.39 34 0.8449
0 16.33 33.71 0.9487
0 17.72 34.61 1.8336
0 15.5 33.55 0.7027
0 16.01 34.28 0.9548
0 16.25 35.15 0.9496
0.125 16.79 33.57 1.5478
0.525 14.59 33.29 0.948
1.75 15.4 32.81 1.6723
1.475 12.69 25.27 1.5257
2.05 13.69 28.52 0.6439
0.875 13.48 30.07 1.3445
0 13.94 29.08 2.4519
0 13.87 29.19 1.76
0 11.61 26.55 1.6803
0 10.59 26.21 0.4279
0 12.87 30.49 0.2604
0 14.89 33.25 0.9634
0 15.67 33.49 0.5417
0.65 16.17 34.05 0.3182
0 16.32 34.84 0.5413
0 16.94 35.13 1.6003
1.175 14.2 31.03 2.2503
0 11.62 23.21 1.9304
0 12.34 27.2 0.547
0 15.18 31.2 0.6171
0 15.36 31.51 1.077
0 14.83 32.24 1.348
0 12.79 30.34 2.2545
0 13.04 26.83 1.8266
0 11.91 25.85 1.9488
21 8.85 21.93 2.2436
17.675 7.79 18.12 3.694
4.4 4.57 13.04 0.8635
1.175 2.98 12.06 0.8868
0 3.04 16.46 1.2971
0 5.36 20.51 1.1513
2.225 8.42 22.68 1.516
1.85 10.86 18 1.6365
0 10.37 23.88 0.9385
0 10.43 26.73 0.6245
0 13.08 28.83 0.389
0 11.95 28.28 0.9668
0 12.03 28.25 1.3364
0 12.36 26.29 1.6381
0 12.44 27.37 1.5241
0 11.51 28.31 0.888
0 11.4 25.24 0.6323
0 10.34 25.58 0.6362
0 10.16 24.75 2.2503
0 10.53 26.72 1.7478
0 10.5 27.99 1.9671
0 9.58 25.05 1.3498
0 6.28 20.54 3.1223
0 4.78 19.34 3.3131
0 6.01 19.96 1.9739
0 7.54 21.74 0.9897
0 8.36 22.97 2.0872
0 8.56 24.44 0.2222
0 7.44 23.75 3.3384
0 7.01 21.8 4.1583
4.225 4.69 21.9 3.609
3.925 1.54 19.34 1.7681
5.675 -1.1 7.79 0.4722
3.2 -0.3 8.75 1.4839
0.025 -0.66 8.04 0.8802
0 -0.78 9.65 2.1809
0 1.29 12.85 3.1556
0 2.51 16.07 3.0633
2.25 3.65 17.66 3.6103
1.675 6.8 15.08 0.9263
0 5.71 14.37 0.2459
0 7.17 16.22 0.7468
0 4.09 16.04 0.6104
0 4.29 16.83 0.9399
0 4.11 17.42 0.9257
0.175 4.54 16.84 3.1382
2.625 1.93 10.68 2.1617
3.05 1.98 9.3 4.0763
1.1 0.09 9.12 1.7698
0 0.8 11.72 2.4933
0 2.07 12.76 3.6927
0.1 1.73 16.74 2.186
0.05 2.72 13.02 0.7485
0 3.51 15.27 2.8687
0 5.38 18.8 2.3352
0 5.78 20.04 1.0832
0 6.62 18.1 1.6995
0 2.41 19.51 3.6425
0 1.84 15.97 8.2515
0 2.67 13.24 3.5622
0 1.07 15.29 4.2512
0 -0.54 12.8 2.7981
0 -0.69 11.24 3.4893
0 -1.15 11.6 3.0757
0 -0.41 11.69 3.5002
0 0.31 13.75 3.4836
0 0.84 13.5 4.2831
0 1.07 15.29 3.1846
0 0.26 14.52 0.9114
0 -0.67 12.17 1.6471
0 -1.49 9.97 1.4701
0 -1.41 10.76 1.0725
0.35 -0.75 10.73 0.847
0.175 0.02 9.83 5.3676
0 1.92 13.58 4.5466
0 -0.19 14.92 2.7342
0 -0.37 13.23 4.5864
0 -1.01 11.46 4.3952
0 -0.53 12.4 3.5216
0 -0.95 12.52 4.5199
0 -1.18 12.75 4.004
0 -0.69 13.75 4.9682
0 0.06 15.29 3.4513
0 1.62 15.89 1.3118
0 1.5 15.86 1.1221
0 2.63 15.34 1.2204
0 4.95 18.4 0.9154
0 4.11 16.43 1.1343
0 1.54 15.35 2.3861
