0.425 2.2 8.64 1.3396
1.975 3.87 9.51 1.3737
24.95 1.05 10.88 1.9978
29.45 -0.06 9.5 3.3989
9.225 4.07 9.84 2.0787
0.3 1.28 8.54 0.454
2.6 4.32 10.23 1.4135
1.5 4.48 9.48 0.8647
0.9 4.4 10.41 3.7202
0.525 0.56 11.4 3.464
0 4.55 10.72 2.635
0 6.6 10.94 5.16
0 4.9 13.16 4.1872
0 3.4 14.65 4.1291
0 2.87 11.32 3.798
0 2.98 11.51 4.8495
0 1.66 12.38 4.157
0 2.98 14.68 4.7654
0 2.39 15.33 5.0129
0.125 4.29 11.39 3.5245
5.675 4.23 10.52 2.6708
15.725 6.76 13.94 2.0017
13.675 8.36 12.39 1.6251
5.1 5.59 15.04 2.0025
1.75 7.84 13.75 3.2077
12.5 -1.01 10.7 1.2256
7.45 4 12.05 1.0706
0.85 2.18 9.94 1.2491
0.575 1.82 8.36 3.9044
3.95 2.87 10.52 4.4003
2.325 4.71 10.74 2.6045
0 4.34 16.35 2.8688
0 5.01 18.37 4.121
0 5.93 22.95 3.9675
0.4 7.88 19.39 3.153
2.65 8.91 14.92 2.9046
2.1 8.84 14.86 3.1231
2.85 6.99 14.52 2.6396
2.75 5.72 14.05 1.0429
1.6 2.09 10.89 2.9916
6.45 0.25 10.65 0.4279
7.475 3.23 11.71 2.8448
15.25 3.78 10.2 1.2209
12.75 2.04 8.73 3.2566
3.275 4.91 11.67 4.0997
9.825 6.48 12.14 6.7781
17.5 4.59 12.71 5.4293
9.325 6.57 10.15 4.5021
0.725 6.27 14.27 1.8156
0 4.48 17.64 3.6021
0 5.47 16.77 2.7403
6.175 6.01 17.22 3.6343
10.6 9.83 15.5 4.2991
4.825 11.59 16.68 3.2609
0.45 7.67 16.18 1.8535
1.7 7.71 16.38 1.8207
1.2 7.04 16.79 2.7533
0 3.73 15.13 0.5254
4.65 6.77 18.61 3.6426
14.3 10.98 17.09 3.4397
18.275 11.07 17.3 4.824
13.95 7.49 13.29 5.1988
5.775 4.92 12.52 2.6241
0.025 3.83 13.94 1.1807
0 4.61 13.57 1.939
0 2.98 14.49 0.4313
0 4.92 16.17 1.4908
0 2.12 11.67 2.756
0 0.39 13.32 0.8331
0 2.82 15.5 0.7241
0 4.45 17.35 1.8094
0 4.51 18.4 1.7709
0 4.63 14.67 1.4687
0 6.24 18.33 2.984
0 9.3 19.49 3.5279
0 8.03 18.5 0.9341
0 7.1 21.14 1.2444
0 9.84 23.36 1.6606
3.55 9.25 22.34 1.2622
9.6 7.46 20.43 1.669
5.825 3.28 12.63 3.7233
0.075 1.07 13.94 2.3157
0 4.05 17.84 1.9586
0 7.47 19.55 1.0309
0 7.63 22.13 1.9869
0 9.03 23.43 1.7521
0 11.34 24.56 1.5131
0 6.99 17.93 4.0251
0 4.86 18.01 2.3754
0 8.04 20.1 0.7686
0 7.52 22.34 3.1164
0 7.66 20.79 2.7784
0 4.5 16.99 5.1135
0 2.78 18.41 1.9541
0 8.83 22.34 2.4841
4.45 3.79 27.15 1.7914
5.6 7.86 23.61 1.0624
7.275 8.18 17 3.0212
6.6 8.42 12.52 2.0206
2.825 7.76 15.61 2.3068
0.05 6.05 17.82 3.4855
0 6.59 20.87 1.4292
0.125 8.05 21.29 2.7289
0.1 5.18 19.55 5.4988
0.025 1.76 15.59 5.4771
0 3.65 17.73 2.778
0 5.79 22.41 1.7259
0 9.84 26.15 2.1767
0 14.53 30.05 2.3616
0 15.14 31.42 1.4588
0 18.19 32.42 1.234
0 15.12 32.94 1.6393
0.175 9.24 29.81 2.212
0.175 6.92 19.62 2.9183
0.075 3.86 20.52 3.1012
0 5.36 21.1 1.976
0 6.1 19.57 2.2142
0 4.41 16.88 2.9848
0 3.8 18.94 1.758
14.15 5.34 22.03 1.8059
15.8 11.03 20.54 1.9899
8.825 11.64 17.61 2.8672
3.625 11.68 18.6 3.9946
4.275 11.49 23.31 2.1569
2.825 13.71 24.46 3.9655
0 11.23 25.64 1.88
0 12.86 25.27 3.0046
0 10.45 26.76 2.1507
0 11.7 28.41 2.0285
0 11.51 29 1.6785
0 12.12 28.91 3.0342
0 8.71 25.71 3.4076
0 10.45 26.76 2.929
0 11 27.8 2.7835
0 12.17 30.04 2.4079
0 15.62 35.44 1.5672
0 19.88 38.26 0.2654
0 17.74 35.72 1.9403
0 14.34 30.58 2.2956
0 11.58 28.99 1.2454
0 11.92 31.57 1.0447
0 13.36 31.06 2.2924
0 9.96 28.38 2.9326
0 9.14 25.54 2.7299
0 9.98 28.87 2.3175
0 13.66 32.58 1.9999
0 18.17 35.33 1.1017
0 16.49 34.96 2.0686
0 15.76 29.61 2.535
0 11.62 28.52 2.8423
0 11.82 29.07 2.3756
0.55 12.11 26.74 2.4526
1.7 13.18 25.31 2.3896
1.025 13.96 28.86 0.6593
0.725 11.9 24.14 2.2072
0.225 11.71 20.94 3.0668
0 10.97 24.78 1.9982
0 10.28 27.11 2.5734
0 12.12 27.64 2.5269
0 10.45 24.97 3.3254
0 12.71 23.96 3.0263
0 11.07 26.01 3.2753
0 12.03 26.59 2.5477
0 13.35 25.03 3.4165
0 11.85 26.12 2.2987
0 11.52 26.49 2.4631
0 13.06 28.87 2.7359
0 14.21 29.27 3.2469
0 15.18 33.39 2.4125
0 16.03 32.95 3.215
0 12.1 28.57 3.4266
0 9.95 26.69 3.5332
0 12.63 30.94 1.9929
0 17.98 35.28 1.0814
0 18.27 35.95 1.8299
0 15.65 33.33 2.7459
0 14.07 34.22 1.7384
0 18.12 39.1 1.1727
0 20.65 41.97 0.9353
0 20.62 40.53 2.6026
0 16.2 37.81 2.4945
0 16.81 35.49 2.241
0 16.76 34.98 1.9854
0 17.66 36.46 2.8063
0 15.5 32.81 2.5836
0 12.72 30.93 2.7826
0 11.02 30.99 2.5024
0 12.9 31.02 2.6076
0 14.06 32.03 2.8147
0 14.34 32.11 2.7643
0 14.89 32.16 2.3043
0 17.13 31.65 1.9837
0 18.56 33.17 2.4634
0 13.65 35.82 2.082
0 19.65 38.32 1.2786
0 20.82 39.65 1.3851
0 19.33 39.67 1.7382
0 20.98 39.75 1.5846
0 21.53 40.98 1.8922
0 22.37 41.94 1.6076
0 20.33 37.38 2.4151
0 17.25 35.28 2.5745
0 17.1 34.74 2.5385
0 15.73 35.35 2.1552
0 13 32.11 2.2541
0 12.19 34.24 2.3946
0 17.7 37.95 2.0607
0 19.6 39.67 1.8144
0 17.05 35.22 2.1839
0 14.61 32.8 2.9088
0 14 32.11 2.6813
0 13.88 32.7 3.0659
0 16.17 33.71 2.8542
0 13.43 31.58 3.1541
0 13.03 29.98 2.655
0 14.26 32.48 2.3627
0 15.65 30.85 2.3847
0 14.24 25.82 3.0196
0 12.65 28.11 1.8539
0 14.7 32.47 1.8051
0 19.22 35.29 1.176
0 20.85 38.02 1.3521
0 19.76 36.07 3.0395
0 17.83 37.58 3.0877
0 18.11 35.08 3.3104
0 15.08 31.22 3.0888
0 14.3 33.73 1.7869
0 17.74 35.3 0.9251
0 18.63 35.37 1.0155
0 17.12 36.81 0.8212
0 17.71 35.42 1.3135
0 13.43 33.12 2.503
0 14.92 37.96 2.2086
0 20.16 37.19 2.1158
0 15.94 31.59 2.6863
0 13.59 31.88 1.6635
0 15.41 33.18 1.5597
0 16.56 34.73 0.5437
0 15.68 37.11 1.7663
0 19.3 37.83 1.9284
0 19.71 39.26 1.9279
0 20.37 36.24 2.4956
0 16.94 31.82 1.6737
0 15.95 35.3 0.8867
0 19.98 37.45 0.6024
0 19.59 38.19 2.0228
0 16.96 34.07 2.4589
0 13.61 30.07 2.1874
0 13.73 27.93 2.3606
0 13.2 30.34 2.2164
0 14.44 31.71 0.8759
0 16.01 33.65 1.2293
0 17.76 36.6 0.6444
0.075 20.34 37.71 1.1594
0.05 16.14 34.29 1.9522
1.275 12.77 25.45 2.19
1.025 14.42 24.57 2.6657
0 13.13 27.63 1.8089
0 15.58 30.95 1.9851
0 16.26 33.29 1.247
0 18.67 36.95 0.7502
0 19.01 34.11 1.8792
0 15.77 34.3 0.9068
0 18.21 35.4 1.9312
0 19.68 37.07 2.0419
0 20.15 36.13 1.2201
0 19.29 35.58 0.7797
0 18.05 36.03 0.6911
0 19.79 37.78 1.0466
0 20.63 37.69 0.2641
0 17.32 34.94 1.8625
0 12.4 26.71 2.6912
0 8.08 23.18 2.5548
0 9.59 26.12 2.3651
0.35 13.28 28.21 1.0613
0.35 9.72 23.7 3.3358
0.25 6.7 19.56 3.3167
0 7.66 20.4 0.4293
0 9.23 23.66 2.5248
0 10.83 25.11 1.0858
0 9.04 23.99 1.2938
0 9.56 25.45 0.5945
0 10.13 24.97 0.6866
0 8.15 20.79 1.8847
13.575 9.79 19.29 2.1708
13.05 12.39 17.3 7.1693
4.825 15.42 20.89 4.4896
0 16.55 25.88 1.3726
0 15.2 25.25 2.2722
0 15.76 28.12 1.3431
0.85 12.18 25.03 1.6764
0.725 10.37 21.03 2.0151
0.075 6.78 19.04 1.0966
0 10.16 21.63 1.0708
0 10.75 22.86 1.014
0 13.23 24.95 1.4699
0 13.31 24.54 1.3713
0 10.26 23.63 1.6074
0 14.14 26.58 1.0817
0 9.78 22.06 5.1211
0 6.92 16.42 4.8409
0 4.59 17.92 0.8695
0 8.67 21.16 0.3345
0 8.77 22.2 0.9102
0 9.85 22.89 0.9979
0 10.97 24.45 1.2774
0 10.54 25.95 1.2766
0 10.85 24.48 2.0349
0 10.51 21.41 2.7813
0 9.54 21.6 0.945
0.05 8.55 18.04 1.7503
0 4.82 17.9 1.9246
0 7.52 18.3 1.142
0 8.3 18.35 0.7995
1 10.41 18.3 0.704
0.725 6.83 16.22 2.0996
0 4.18 14.1 1.2987
0 5.09 15.64 1.0737
0 5.25 17.65 2.6185
0 5.8 18.77 1.8907
0.975 5.43 18.9 1.299
0.625 5.48 14.43 2.2408
3.95 4.32 15.67 2.2393
3.675 5.89 14.65 3.7436
0.325 2.99 12.47 1.1012
0.025 5.47 15.61 0.5517
0 3.18 13.64 1.8829
0 5.44 17.16 3.2675
0 5.92 18.89 3.5948
0.9 7.84 20.11 2.2658
1.025 6.63 18.77 1.3015
0.175 4.59 17.13 5.6931
0 4.06 15.72 4.8457
0 4.44 16.09 3.802
0 4.32 16.74 1.6656
0 3.82 14.57 2.0455
0 3.35 13.96 1.8016
0 4.66 15.95 1.8328
0.1 1.95 10.44 0.7243
10.675 0.11 9.62 1.7769
7.65 -0.61 5.86 0.5782
0.05 -2.17 6.73 0.6838
0 -2.13 7.18 1.8367
6.05 1.19 8.84 3.2727
17.8 4.6 12.03 3.0218
23.75 8.1 12.62 4.1053
11.75 7.18 11.27 3.623
0.8 7.49 13.17 0.8994
0.1 7.27 15.77 3.611
0.175 7.12 15.93 3.0282
0.05 4.93 10.93 2.1264
0.025 3.91 10.24 2.6315
0.025 4.84 10.59 4.019
3.4 4.36 15.82 2.8837
4.175 6.69 13.32 2.0001
1.2 2.28 10.48 3.6989
0 -0.19 10.63 1.9988
0.025 1.12 12.56 3.9274
0.1 2.18 15.41 4.1107
2.075 4.13 10.79 4.145
2.55 5.68 13.79 2.3414
1.6 2.66 9.13 3.0648
1.025 2.82 11.11 1.0417
0.775 5.94 13.26 1.4305
0 7.01 13.66 2.9864
0 8.97 13.88 2.7115
0 6.4 13.59 1.0341
0 5.51 12.79 3.8031
0 3.33 12.42 2.9402
0 3.04 9.02 2.8991
0 4.26 9.53 3.1273
0.375 3.79 7.63 2.5917
0.45 4.81 12.43 2.9718
0.175 5.98 9.22 2.5848
0.125 4.03 7.83 2.5952
2.8 4.54 9.08 3.338
9.9 6.91 18.77 5.1386
5.9 6.73 16.74 2.2647
0 4.16 14 1.4204
0 6.14 14.71 3.3011
6.825 3.57 16.53 2.9305
15.3 7.91 14.98 3.1855
19.225 7.85 13.44 5.3282
19.925 7.19 11.67 6.0642
25.8 6.75 11.63 6.8256
19.975 4.02 8.98 3.7671
8.275 2.78 7.51 3.1154
0.9 4.13 10.99 1.4141
5.4 4.49 10.56 2.7288
7.275 7.39 12.41 4.8659
2.525 8.17 13.6 2.828
0.05 6.53 10.5 1.2347
4.275 5.06 13.87 2.7147
3.95 6.21 15.99 3.2039
1.225 5.91 14.6 1.2637
0.025 4.52 14.45 1.0904
0 5.55 16.02 1.8815
0.15 5.38 14.77 2.2974
3.425 6.95 15.61 0.8413
5.025 8.2 15.48 3.4863
8.625 8.99 15.53 3.2455
5.45 7.21 13.22 1.6909
1 6.68 11.83 2.2015
5.95 7.52 12.83 1.3227
3.825 6.62 12.29 1.3737
0.175 4.54 13.44 0.4802
0 6.89 13.96 1.5533
0 8.9 17.97 1.9492
0 5.92 17.16 1.1051
0 5.85 16.87 1.3363
0 6.71 17.39 1.2487
0 8.36 18.34 1.8247
0 8.41 19.59 2.353
0 7.98 18.85 0.6178
0 7.94 13.42 0.9527
4.65 8.45 12.04 1.9037
3.45 4.78 10.7 2.4435
7.175 1.82 13.6 2.1672
6.7 5.67 11.36 4.0693
2.775 7.66 12.23 2.5701
6.075 5.46 15.48 1.054
12.75 9.54 18.12 5.1169
6.875 7.9 14.21 0.9875
0.1 5.22 16.62 0.3161
1.8 8.83 18.62 2.1042
15.65 7.94 14.17 2.9292
12.925 4.08 9.84 3.4538
1.85 3.84 12.78 2.4289
0 3.51 13.39 1.3139
0 6.18 17.09 2.3869
0 6.27 17.43 0.9561
0.1 4.37 12.44 2.6689
2.5 0.99 11.71 3.4249
1.725 3.07 11.3 2.0801
6.475 2.96 15.01 0.5207
6.2 5.48 13.44 2.483
1.65 2.05 12.94 2.2823
0 2.61 15.71 2.6597
0 6.37 20.39 3.6409
0 8.81 22.75 1.3593
0 9.58 22.92 1.3551
0 7.91 23.98 3.0517
0 8.18 23.05 2.5258
0 9.79 22.95 1.7758
0 8.48 20.77 0.3465
0 8.06 19.24 1.8664
0.1 5.47 20.73 1.6555
0.2 8.73 22.25 1.7366
0.225 7.83 16.76 2.3918
0.05 4.74 16.73 1.7812
0 5.2 20.59 2.4984
0 9.26 23.82 1.1992
3 7.52 20.9 3.1287
8.375 7 14.99 4.9213
5.25 2.98 13.97 2.5511
0.475 2.81 15.03 0.6186
1.425 4.03 12.03 2.2235
13.8 4.03 12.58 1.4986
13.05 4.03 11.84 3.0043
4.8 4.04 14.44 2.5683
0.025 3.2 15.97 0.4926
0 5.58 19.4 2.2504
0 7.37 20.59 1.3108
0 6.02 21.2 2.239
5.7 10.05 15.76 2.0932
17.225 7.21 13.72 4.7905
10.525 6.86 12.99 4.2437
0.725 6.35 16.5 1.1853
0.225 5.44 17.29 0.7557
0 5.49 20.53 0.9221
0 8.18 21.15 1.3273
0 7.12 21.76 1.1961
0 8.55 24.05 1.3007
16.1 10.15 22.57 1.2638
18.6 6.24 15.26 2.4774
6.4 6.15 9.94 3.6035
0.95 7.08 15.17 2.3802
0 8.19 19.43 1.044
0 9.7 22.85 1.2409
0 8.96 26.33 1.1794
2.525 12.13 26.26 0.8351
13.95 7.72 22.76 4.4736
8.975 5.37 12.19 4.4351
1.575 3.92 16.31 3.3141
0.025 3.95 19.4 3.3154
0 6.77 23.15 2.0804
0 8.82 24.62 1.9559
0 11.19 27.94 1.2751
0 10.37 23.89 2.3569
0 7.88 21.02 3.8789
0 5.67 22.31 2.5897
0 7.95 23.79 1.0504
0.125 8.14 22.36 2.6911
2.9 7.73 17.39 3.435
2.925 6.79 14.05 3.12
0.9 4.69 15.14 3.3998
0 7.45 23.82 2.126
0.275 9.42 25.63 1.3035
0.7 11.71 27.21 0.9591
0 10.75 27.89 0.8782
0.275 11.35 25.39 1.296
0.725 9.63 22.75 2.1045
0.325 12.23 22.61 1.5305
0.075 10.98 21.28 1.4402
0.125 10.27 22.41 3.3545
0.05 7.58 19.2 4.0778
0.175 4.14 17.98 3.3917
0 4.59 18.03 4.0998
7.675 7.45 19.5 2.2101
11.45 7.76 20.97 1.7179
13.65 9.24 20.53 2.7295
7.775 7.45 18.5 2.1202
2.325 5.94 19.48 2.8962
0 8.07 23.1 1.8646
0 12.12 29.38 1.3438
0 14.13 27.06 2.4482
0 13.18 24.59 3.0753
0 12.25 28.23 1.9502
0 15.39 28.44 1.9986
0 16.01 29.42 2.4443
0 15.47 31.19 1.5768
0 16.06 31.69 2.3889
0 13.82 29.04 3.1701
0 13.36 28.95 2.7338
0 12.16 25.13 3.3889
0 10.97 23.63 4.5864
0 11.58 25.76 5.1294
0 15.68 31.41 3.6658
0 17.19 34.32 1.043
0 17.65 34.79 1.9405
0 13.61 29.18 2.8357
0 11.51 28.06 3.4547
0 13.3 30.44 1.8736
0 10.51 28.89 2.5046
0 9.01 25.55 3.2032
0 8.74 27.6 2.8932
0 12.85 30.44 2.2311
0 15.95 32.66 1.1525
0 16.27 34.26 2.24
0.55 13.94 30.46 2.3763
0.4 12.32 28.88 2.9294
0 14.34 33.13 2.6927
0 19.87 37.5 1.4898
0 22.03 39.73 1.9118
0 17.45 36.28 3.1113
0 15.96 32.37 3.0271
0 13.56 30.66 2.9842
0 13.72 31.1 3.143
0 15.11 32.65 2.8159
0 16.85 36.78 1.441
0 17.09 35.42 1.8894
0 13.68 30.16 2.4522
0 12.69 32.59 2.4425
0 13.3 33.71 2.6804
0 14.28 34.72 2.4082
0 16.31 37.98 1.9605
0 16.89 36.42 2.251
0 15.35 31.53 3.1211
0 13.47 32.26 3.0103
0 15.68 34.84 1.5985
0 19.11 38.57 1.5114
0 21.14 38.68 2.7044
0 20.01 38.12 2.6335
0 19.5 37.88 2.4955
0 18.34 37.63 2.0181
0 17.16 33.99 1.9325
0 13.83 31.76 2.3115
0 12.16 34.84 1.1214
0 16.64 35.25 2.4224
0 16.74 36.52 2.242
0 16.33 34.43 2.8292
0 13.37 28.96 2.9369
0 11.83 29.92 2.2054
0 11.69 30.86 2.5443
0 15.01 33.27 2.4709
0 15.96 33.66 2.6185
0 14.99 33.19 2.3447
0 15.98 33.69 1.9292
0 16.51 34.25 2.3617
0 16.03 35.25 1.6468
0 16.47 34.34 2.0854
0 11.66 31.7 2.2086
0 14.01 33.19 2.2885
0 13.2 32.21 2.5804
0 14.17 30.67 2.8588
0 12.77 31.44 2.0726
0 15.58 31.56 2.0677
0 12.2 28.05 2.2488
0 11.65 31.48 1.1323
0 16.49 32.99 1.6552
0 13.77 31.01 2.4675
0 13.55 32.21 3.026
0 15.27 35.47 1.4987
0 16.63 32.89 1.6545
0 15.13 31.23 1.6296
0 14.02 34.25 2.0523
0 16.48 34.27 2.2942
0.075 12.27 27.8 1.9103
0.05 11.91 29.59 1.9642
0 15.78 32.79 2.5184
0 18.68 40.59 1.7539
0 23.71 41.94 0.4237
0 17.55 35 2.0969
0 14.2 31.57 2.3399
0 11.81 28.72 2.784
0 10.83 25.45 2.3157
0 11.91 26.51 2.5609
0 11.85 30.41 1.8513
0 17.68 33.97 1.4813
0 20.29 37.4 0.3859
0 19.08 37.13 1.3357
0 18.32 36.35 1.2462
0 16.1 33.92 2.3135
0 15.54 33.9 1.5629
0 15.33 30.84 2.0217
0 12.42 21.76 2.707
0 9.93 24.02 1.8833
0 12.86 28.24 1.0525
0 15.36 31.96 0.4899
0 15.04 32.6 1.1883
0 13.81 27.78 1.7553
0 11.69 28.93 1.5233
0 12.91 29.93 1.518
0 13.16 30.96 1.8765
0 15.16 28.55 1.4886
0 14.82 27.84 1.253
0 13.71 25.69 1.2594
0 12.28 27.7 1.4671
0 12.79 26.9 1.4704
0 10.57 24.19 2.6727
0 11.28 27.09 1.3434
0 14.48 31.41 0.9919
0 16.65 34.65 1.1436
0 18.15 36.19 1.2629
0 18.04 37.61 1.4883
0 21.43 38.72 0.7367
0 20.18 37.89 0.536
0 19.28 34.76 0.3612
0 16.29 31.96 0.8141
1.375 17.75 33.89 0.7488
1.025 13.76 28.31 1.3677
0.55 11.3 21.7 1.7437
0.125 12.57 20.25 2.0154
0 12.36 23.8 0.6248
0.15 12.53 22.4 1.97
0 10.37 24.92 0.5637
0 12.02 26.59 1.9616
0 15.9 29.23 1.9622
0 15.09 30.08 2.3759
0 15.39 31.59 2.1942
0 18.08 33.75 1.4126
0 19.48 34.9 0.4628
0 17.77 32.8 0.3931
0.7 14.37 27.97 0.9422
0.7 12.18 19.32 0.951
0.15 11.48 21.02 1.3706
0 12.01 23.73 1.5086
0 11.47 25.97 0.8492
0.55 10.9 21.2 1.7113
5.75 11.54 21.12 1.342
21.5 11.56 18.59 2.1072
19.4 12.55 16.76 5.2182
4.1 9.5 17.79 3.1926
0 6.53 18.28 1.5617
0 6.72 19.75 2.8673
0.075 11.02 24.02 3.726
1.2 9.8 20.48 2.329
0.95 11.52 16.26 1.7882
0.125 10.8 19.98 1.3245
0 8.8 21.14 1.8235
0 10.61 23.35 2.788
0 11.73 25.04 2.4401
0 14.19 27.82 1.4788
0.05 13.74 26.19 1.4318
8.9 11.83 22.67 2.0213
9.25 9.97 15.41 3.4426
2.025 6.02 14.04 2.3322
1.675 4.31 16.14 0.6498
1 7.36 15.59 1.5999
0 5.18 16.8 2.2785
0 7.31 17.37 1.3525
0 6.41 16.88 2.9914
0 8.1 19.18 1.9143
0 9.77 20.83 3.0372
0 8.88 19.79 1.6709
0 9.27 20.64 1.6977
7.875 9.18 18.34 1.6823
19.15 6.16 12.68 1.8022
12.975 3.88 10.72 3.048
7.025 4.88 8.13 4.3833
10.325 5.85 10.44 3.0489
6.65 1.9 10.45 3.8439
0.6 -0.18 8.06 1.5068
0 0.15 10.44 3.0051
6.9 1.14 11.54 3.3843
5.35 4.05 9.13 2.5796
1 2.39 8 2.095
0 0.01 10.12 2.5586
0 2.72 11.53 3.0708
0.125 2.72 13.74 2.3455
0.175 4.91 11.98 2.7542
0.55 7.15 11.24 1.3997
7.3 8.65 17.01 2.8536
5.875 9.75 19.22 2.9405
0.875 8.96 17.92 3.8462
5.35 6.95 17.2 2.1398
5 8.4 14.37 2.671
1.675 10.69 15.69 1.5828
0.125 11.09 18.8 1.8535
0 9.86 16.29 0.5189
0 9.26 16.29 2.3819
12.525 8.86 13.66 1.4043
9.95 8.4 12.44 2.1723
1.375 3.9 11.84 1.1532
12.05 2.57 11.41 2.5125
17.575 5.32 12.62 3.5219
17.125 9.95 13.79 5.0503
13.8 6.56 13.96 5.5364
1.175 6.7 9.85 3.1987
6 6.32 12.85 3.3209
4.325 8.54 13.56 2.0861
0.175 7.01 13.74 0.6406
10.825 5.87 15.34 3.3891
10.55 6.06 15.25 5.6552
1.975 6.95 14.19 2.4569
8.325 5.45 12.09 0.7727
13.85 6.56 10.91 2.3838
8.3 1.99 9.65 4.4421
0.475 -1.09 8.14 2.1657
4.65 0.13 8.34 1.605
14.15 4.08 9.89 4.6509
8.65 6.29 9.43 4.6437
1.05 4.15 9.97 2.3161
2.1 2.93 11.38 2.887
0 1.84 10.54 3.5777
0.125 -0.51 4.6 4.5083
0.075 0.52 3.42 2.9875
0.05 0.95 4.41 1.2858
0.025 -0.07 3.32 1.5785
0 -1.59 7.25 2.8761
0.175 2.45 10.32 3.59
1.15 5.25 12.89 2.7747
1 4.66 13.38 1.6685
0.225 7.52 12.14 1.1439
0 5.4 12.88 2.7021
0.125 7.23 9.52 0.6567
0.075 6.97 9.88 0.6014
0.025 6.31 12.17 2.5217
0 3.54 11.12 1.7229
0 5.07 15.66 3.9193
0 3.99 16.87 3.4365
0 5.61 15.92 2.9686
0 4.98 17.44 4.0871
0 4.88 15.97 1.606
0.125 4.97 15.43 1.9087
0.125 2.83 13.77 4.9181
0.125 2.23 13.07 3.6985
0.075 1.8 11.55 1.7479
20.125 2.97 11.77 0.6693
12.975 4.84 10.74 1.6774
2.575 1.56 10.47 1.2624
0.05 2.66 13.82 1.6005
0 1.86 13.9 3.0563
0 4.01 14.6 1.962
0 4 15.14 2.3949
0 4.13 20.64 1.6835
0 7.34 19.18 1.9601
0 7.62 19.78 0.9071
0 2.91 15.39 2.7958
0 1.38 14.3 3.2465
0 4.04 15.54 3.5122
0 4.86 18.27 3.701
0 5.67 20.58 3.0141
0.225 6.08 19.71 1.1589
0.725 5.36 15.47 4.3622
17.1 9.71 15.53 5.4054
22.975 4.48 10.8 5.5893
25.075 3.19 8.68 5.0173
18.075 4.02 8.08 2.1129
4.85 0.24 11.03 2.4308
0.375 0.59 11.31 0.4419
0 3.02 12.3 1.2419
0.1 1.9 13.39 0.6119
4.15 1.51 12.34 0.9441
17.225 2.77 10.25 2.4312
11.175 0.9 10.21 4.5935
4.95 -0.93 8.56 0.9862
4.1 -1.22 11.71 0.4199
0.475 2.62 14.36 2.4628
2.1 1.69 15.52 2.0889
2.6 9.16 17.04 4.2627
0.925 8.25 16.7 1.5848
0 6.03 17.46 1.4821
7.45 8.01 18.47 0.5854
7.95 9.45 13.38 1.8001
2.4 7.2 14 3.9897
0 5.04 15.83 1.008
1.9 7.47 16.85 1.5926
0.575 8.31 17.49 1.226
0.175 6.84 16.06 1.1666
1.6 6.16 16.79 0.435
3.15 7.7 17.28 1.9031
6.15 10.7 20.3 1.7442
9.375 9.93 19.45 2.169
3.75 6.42 15.84 2.5184
11.95 3.41 15.36 0.902
12.475 3.45 13.64 4.127
17.725 5.37 10.75 4.7925
11.225 5.91 10.05 4.9939
1.975 4.85 12.47 2.1586
3.125 4.84 14.01 1.7676
17.5 6.47 10.88 5.5244
14.3 4.69 9.07 5.6495
19.2 4.85 12.47 3.9658
10.125 5.68 10.72 3.2951
1.425 5.18 14.77 1.6698
0.525 6.49 15.98 0.7298
0 6.08 18.97 1.2742
0 7.73 23.16 1.8775
0 10.21 24.77 2.5832
0 12.87 26.67 2.0513
0 10.02 20.09 1.3758
0 5.62 19.08 2.2062
0 7.71 22.76 1.7952
0 10.83 22.32 1.6653
1.775 7.75 20.27 1.9586
1.475 3.07 13.93 3.5223
0.1 1.16 12.92 1.8478
0 2.16 16.53 1.2892
0 3.83 17.87 0.3837
0 5.93 17.9 1.5962
0.65 4.94 18.9 1.5528
0.425 5.36 14.63 2.5484
0.05 3.43 17.69 0.5352
0 5.54 20.53 0.8094
0 8.75 23.45 1.2571
2.075 10.25 24.05 2.0188
1.725 11.47 19.24 2.4942
0.7 12.18 19.47 1.2754
2.35 11.12 21.86 1.9371
1.35 9.52 18.67 1.8288
0.225 6.72 19.34 0.8317
0.25 8.81 20.06 0.7649
1.225 9.87 20.1 1.8978
1.15 8.41 20.65 2.3041
0.3 6.57 19.61 2.4205
0.05 6.08 22.73 1.1318
0 7.07 21.35 2.1688
0 4.71 18.85 4.4877
0 5.03 22.15 3.428
0 8.55 25.11 1.6196
0 11.21 27.62 0.5213
0 9.4 25.14 1.3025
0 9.88 30.97 2.9725
0 14.87 32.54 1.0216
0 11.31 29.26 1.4784
0 8.6 24.35 1.7936
0.35 7.56 17.69 2.675
0.45 5.61 18.64 2.9559
0.15 7.38 24.61 2.4817
0 8.15 24.95 1.7151
0 8.86 26.04 1.3108
2.5 9.99 26.19 0.9201
16.3 7.83 17.24 2.7471
13.025 6.45 14.31 2.7028
9.975 5.49 15.87 1.8836
8 8.7 13.47 3.3851
2.6 8.35 18.35 2.0194
0.15 7.18 23.81 2.7135
0 10.74 25.51 1.6393
0 12.52 25.11 2.2993
0 9 23.11 3.371
0 7.39 21.38 4.52
2.125 7.41 23.23 2.424
2.675 9.39 18.03 2.7336
0.1 7.6 20.99 1.873
3.05 7.82 21.13 2.9945
2.275 7.42 18.29 3.8452
0.925 6.72 19.75 4.5258
0 8.3 21.06 2.6732
3.9 9.69 21.51 2.5117
2.45 8.96 17.7 2.4736
0.725 8.3 19.8 1.5555
2.8 7.75 19.91 0.9123
13.7 11.96 17.99 3.6747
11.375 12.32 22.3 0.865
2.55 11.09 19.62 3.3926
0.05 10.48 23.46 2.1709
0 11.61 26.38 2.8462
0 12.28 28.73 1.6975
0 13.92 28.43 2.8825
0 11.42 24.92 3.2181
0 11.26 27.58 2.8289
0 13.92 30.8 2.6962
0 15.64 33.68 2.4437
0 18.23 33.89 2.4016
0 16.1 30.39 2.6205
0 14.6 30.48 1.803
0 15.11 30.57 2.8336
0 14.6 31.15 2.5563
0 17.7 35.11 0.9153
0 20.38 38 0.8942
0 20.58 37.76 2.5242
0 16.34 33.18 2.468
0 13.6 30.84 2.4281
0 13.82 31.19 2.6
0 14.06 32.16 2.5656
5.95 16.14 32.8 2.6095
8 14.65 25.35 2.441
2.225 11.79 22.59 2.5094
0 12.22 28.48 2.4543
0 14.85 33.9 1.779
0 19 36.85 1.4893
0 19.65 38.06 1.4511
0 19.32 38.19 1.6556
0 20.31 39.11 1.5488
0 21.36 37.64 2.438
0 19.2 36.26 2.6769
0 19.05 36.2 1.8528
0 17.09 34.53 2.4076
0 14.26 32.53 2.3576
0.075 13.62 29.42 2.544
0.05 11.86 28.13 2.721
0 12.97 26.88 3.1608
0 11.32 26.67 2.7902
0 12.08 27.18 3.4278
0 12.23 26.74 3.1887
0 13.77 28.18 2.1071
0 13.73 29.89 1.2443
0 14.27 31.45 2.0802
0 17.46 34.62 1.8609
0 17.53 35.21 2.3913
0 18.16 35.02 2.7986
0 17.34 34.01 1.9711
0 14.46 33.08 2.0017
0 14.13 32.88 2.1627
0 14.98 33.38 2.0456
0 16.6 35.27 1.7035
0 17.61 36.36 1.644
0 18.41 34.5 2.4101
0 15.7 32.59 3.1781
0 14.52 33.19 2.094
0 15.88 33.62 1.5428
0 16.07 35.75 1.8087
0 16.99 34.38 2.1413
0 13.8 30.35 3.133
0 14.26 32.55 2.4857
0 16.22 32.71 3.1333
0 15.01 31.58 2.6515
0 15.16 33.3 2.043
0 15.69 34.3 2.154
0 17.68 34.3 2.2097
0 16.52 32.89 2.6642
0 15.39 33.34 2.0345
0 18.96 34.78 1.5423
0 16.84 34.31 2.2467
0 16.72 33.34 1.558
0 15.27 34.76 1.4367
0 16.84 34.33 2.0095
0 17.04 35.03 1.9501
0 15.48 31.46 2.7481
0 12.51 30.06 2.1684
0 11.96 31.08 1.767
0 13.7 32.14 1.4315
0 17.22 35.77 1.0682
0 19.7 35.59 1.9235
0 17.02 34.47 1.2223
0 17.94 36.46 0.8314
0 18.59 35.82 1.0785
0 17.66 36.5 1.4253
0 16.63 35.06 1.9722
0 14.57 32.27 1.812
0 14.04 32.36 1.8031
0 15.13 34.16 0.7938
0 18.68 36.31 0.7042
0 18.3 35 0.6892
0 17.18 33.45 0.9685
0 16.06 33.29 1.9121
0 17.4 36.02 0.8394
0 19.9 36.02 1.0561
3.275 18 34.95 1.1596
1.925 16.42 35.6 1.6125
0 19.98 37.09 0.6877
0.025 16.23 28.41 1.7846
0 14.84 30.4 1.8
0 16.45 32.61 1.0007
0 17.6 32.66 1.6819
0 15.1 30.31 2.4158
0 13.64 27.21 1.6896
0 12.9 28.88 1.8822
0 16.55 31.88 0.9918
0 18.78 34.74 0.6222
0 20.23 36.12 1.1692
0 18.81 36.13 0.9873
0 18.28 36.07 0.8763
0 20.63 37.58 0.8229
0 14.91 31.92 1.504
0 13.59 23.39 2.1916
0 12.96 26.85 2.0113
0 14.47 30.43 1.2318
0 18.35 34.26 0.6275
0 17.33 35.35 0.7969
0 14.67 27.21 1.1783
0 14.4 26.05 2.4276
0 12.85 25.24 1.8124
2.1 11.09 21.53 1.974
13.525 12.07 19.97 2.0945
12.8 10.04 18.61 3.6198
3.8 9.3 15.9 0.6631
0.075 6.99 20.52 0.9989
0 10.5 22.52 1.0975
3.6 12.08 24.32 1.2949
3.95 14 19.24 1.6217
1.025 14.78 23.88 1.7865
0 11.55 25.58 1.1114
0 13.87 28.9 0.8921
0 16.31 29.59 0.7215
0 14.95 29.49 0.9413
0 14.91 24.78 1.0386
0 13.53 27.5 1.5184
0 13.57 28.99 1.2214
0 13.06 23.22 1.2838
0 12.53 25.1 0.9235
0 11.54 25.67 1.1081
0 13.86 27.26 2.317
0 14.63 27.95 1.4153
0 12.97 26.07 1.4114
0 9.94 21.19 1.467
0 6.34 20.77 2.6099
0 10.69 22.26 2.8406
1.125 10.72 23.21 1.6304
0 9.97 23.9 1.1493
0 11.52 24.6 2.0655
0 12.12 25.2 0.9149
0 9.42 23.28 3.8658
0.725 7.84 23.39 3.9894
0.775 7.02 21.71 3.0193
4.475 4.99 14.27 1.6767
4.475 3.69 12.62 0.7023
0.875 4.69 11.96 1.334
0 2.08 12.24 0.8069
0 5.1 15.37 1.883
0 6.38 17.75 2.9235
1.225 5.42 21.8 3.2596
1.05 8.94 19.38 3.7978
0.175 9.42 16.8 0.6005
0 9.29 18.27 0.3986
0 8.51 17.56 1.0056
0 8.08 17.83 0.7786
0 7.55 19.34 0.8556
0.65 8.22 19.09 1.2046
1.125 6.59 15.25 3.2108
2.2 3.77 12.34 2.1295
0.975 6.48 13.37 4.0035
0 5.16 15.36 2.072
0 5.87 15.95 3.128
0.175 5.65 15.07 4.4383
0.4 8.92 13.33 2.008
0.05 7.02 14.88 0.7085
0 5.74 15.59 2.6017
0 5.54 16.71 2.2372
0.225 4.21 14.61 0.8458
0.25 3.8 11.73 1.4512
0.05 4.03 16.01 4.1914
0 4.55 18.35 7.2911
0 4.84 16.47 3.3843
0 2.26 15.82 3.939
0 3.21 14.32 2.5422
0 1.94 14.53 3.4162
0 3.54 14.49 2.879
0 2.12 14.03 2.9188
0 2.15 14.57 2.8704
0 2.1 15.47 4.0478
0 2.95 15.28 2.8575
0 3.56 12.31 0.4223
0 3.99 12.37 1.3848
0 2.76 13.27 1.3551
0.825 1.8 13.31 0.8333
0.55 4.47 11.5 0.6338
0.025 2.56 11.85 4.7621
0 1.83 14.65 4.3289
0 3.77 13.93 2.374
0 3.01 12.52 4.0764
0 1.33 12.3 3.9007
0 2.03 12.61 3.1685
0 0.33 11.95 4.5045
0 1.45 12.32 3.8526
0 1.43 13.45 4.7493
0 1.52 14.33 3.309
0 1.01 14.56 1.1388
0 1.63 12.55 1.0762
0 5.25 15.93 0.9897
0 5.48 13.87 0.8249
0 8.59 17.2 1.4596
0 4.43 12.37 2.3278
