0.3 -0.98 8.54 1.5663
2.3 -1.05 8.38 1.3965
1.275 -3.98 6.62 1.6446
2.95 -7.01 3.78 4.1604
2.45 -6.27 2.61 1.7968
0.4 -1.78 1.26 0.485
0 -0.71 6.93 1.4576
0 1.54 9.56 0.7192
0 -1.35 12.28 4.434
0 -1 13.59 3.3503
0 0.59 12.11 2.3893
0 5.97 15.31 5.4719
0 4.43 15.91 3.8859
0 1.14 15.92 3.488
0 2.36 16.53 3.8986
0 2.52 17.4 4.9127
0 1.29 15.37 4.2649
0 1.31 14.75 4.7912
0 1.97 14.17 4.8939
0.275 3.04 13.59 3.4382
17.2 2.83 14.13 2.7242
27.475 5.62 14 2.1369
56.575 4.7 9.09 1.6346
41.225 3.06 8.02 2.5455
10.25 -0.84 5.14 3.515
1.625 -6.15 -0.02 0.7874
0.125 -6.48 2.18 1.3027
0 -4.87 5.17 1.4751
0 -1.27 8.01 4.2433
0 0.04 13.96 4.5062
0 2.25 14.38 3.1021
0 1.48 14.06 3.1801
0 -0.15 12.19 3.8888
0 -0.19 15.2 3.7749
0 3.38 16.63 2.9841
6.025 3.89 15.5 2.5224
4.9 0.48 6.44 2.8715
0.75 -0.92 5.26 2.8291
19.275 -0.65 8.21 1.3067
11.55 -5.04 5.56 3.6373
0.85 -9.43 1.02 0.4625
10.25 -7.64 1.93 2.5899
5.975 -3.39 2.24 1.4074
14.525 -3.68 3.28 3.0874
8.2 -3.65 1.15 3.4507
3.025 -1.75 3.53 5.7503
26.8 -1.46 2.23 5.499
21.425 -1.44 1.65 4.3639
3.85 -3.69 0.53 1.2531
0 -3.97 5.18 3.4299
0 -2.91 8.9 2.5995
6.725 -2.38 10.08 3.7894
26.925 -2.53 9.13 3.5905
19.8 1.62 4.19 2.5961
3.075 -0.83 5.29 1.551
1.75 0.2 12.35 1.4843
0.225 0.13 5.64 2.5757
0 -1.68 10.3 0.3845
0.1 -0.44 12.97 3.6939
4.95 2.62 12.76 2.7752
31.65 3.17 8.48 4.0211
50.8 1.68 8.66 4.909
20.75 -1.7 3.6 2.9576
0.825 -5.09 3.49 0.8465
0.35 -3.47 5.48 1.8691
0 -5.36 4.38 0.3095
0 -6.41 9.31 1.3991
0 -1.61 11.81 2.6149
0 -5.87 5.81 0.4213
0 -5.27 10.47 0.6565
0 -1.81 11.07 2.1602
0 -1.66 14.08 2.4273
0 -0.5 15.48 1.337
0 0.12 12.35 2.3417
0 1.18 13.05 2.7469
0 1.81 15.83 1.0864
0 2.61 17.44 1.0792
0 4.77 19.57 0.895
0.05 2.77 19.9 0.6866
31.725 3.49 19.08 1.9035
20.05 -2.26 10.48 4.1525
0.55 -7.26 1.41 2.2078
0 -5.59 6.5 1.9081
0 -1.81 13.73 0.5026
0 0.42 15.17 1.9582
0 1.74 18.71 2.0747
0 2.11 17.38 1.3447
0 2.1 18.78 3.3012
0 0.09 14.11 1.954
0 0.36 14.02 0.2951
0 1.76 15.72 2.6024
0 2.9 18.49 2.5289
0 0.45 16.23 5.2585
0 -2.64 9.09 1.9415
0 -1.84 13.75 2.815
0 0.39 17.41 2.3285
4.075 3.76 19.92 1.2769
24.825 -0.58 16.21 3.1912
15.4 -0.35 5.79 1.7504
1.35 -0.57 6.91 2.2398
0.1 -0.92 6.9 3.7275
0 0.69 11.84 1.5732
0 1.78 15.73 2.0989
0 2.67 15.75 4.637
0 -4.54 9.3 6.0687
0 -3.19 6.05 3.1687
0 -0.46 14.06 1.5377
0 2.03 19.04 2.8879
0 5.03 22.1 2.816
0 8.13 25.47 1.5405
0 10.3 27.65 1.1223
0 10.85 28.24 2.0419
0.025 7.89 26.88 2.7813
0.65 5.2 20.69 3.3574
0.375 -1.79 8.24 3.5166
0 0.1 12.98 1.9355
0 2.07 15.75 2.3373
0 0.68 15.42 3.2057
0 -0.44 12.65 1.627
3.725 1.98 15.47 1.934
46.975 7.68 18.78 1.9314
28.125 5.17 15.42 2.5472
2.7 5.2 9.38 3.7225
1.4 3.82 12.2 1.8812
0.175 7.37 16.58 3.72
0 5.2 18.83 2.2323
0 6.24 21.89 2.8502
0 8.12 22.66 1.6609
0 7.06 23.21 1.2335
0 8.7 23.88 0.9214
0 7.87 24.9 2.9939
0 6.64 24.08 3.2822
0 6.48 21.59 2.4852
0 7.03 21.62 3.176
0 8.2 23.24 1.7342
0 9.82 25.5 1.5912
0 13.89 30.21 0.3379
0.2 15.03 32.15 2.3868
0.125 12.38 31.6 2.7072
0 9.56 26 1.6643
0 8.97 24.62 0.9359
0 9.56 25.73 2.4511
0 9.55 25.48 2.9714
0 8.54 24.89 2.7393
0 7.44 24.32 1.8871
0 8.76 24.34 1.3163
0 10.87 26.06 0.8497
0.125 12.31 27.41 1.9292
0.075 12.65 26.66 2.4968
3.325 12.75 26.11 3.2564
2 11.53 25.75 2.203
0 11.23 24.93 2.0106
0 10.65 22.47 2.27
0.075 10.67 21.56 0.5227
7.925 7.64 20.47 2.1748
5.775 4.38 18.26 3.5829
1.075 3.76 9.74 2.3832
0.25 4.62 12.25 2.7251
0 5.71 18.79 2.5702
0 8.91 21.01 3.4159
0 8.17 20.18 3.0791
0 6.51 19.05 3.3384
2.3 7.34 19.62 2.2915
1.575 8.75 18.78 3.6033
0.1 6.53 18.8 2.4811
0 7.06 19.63 2.447
0 7.91 19.89 2.4323
0 10.11 21.31 2.9931
0 10.13 23.81 1.7393
0 12.88 28.6 2.6469
0 9.27 27.41 3.2029
0 7.06 22.94 3.1843
0 7.62 20.51 1.2131
0 9.25 23.84 0.6606
0 12.25 27.46 1.4568
0 13.09 29.94 2.7071
0 12.04 28.25 1.715
0 13.13 28.55 0.8636
0 13.72 32.73 0.5812
0.425 16.73 34.12 2.9655
0.25 15.66 33.84 2.9436
0 15.07 30.77 2.2659
0 15.62 31.59 1.7086
0 13.96 29.95 2.8736
0 12.89 30.5 2.5336
0 12.58 29.34 2.7914
0 11.77 28.77 2.5887
0 10.36 27.12 2.8205
0 9.8 26.29 2.5756
0 10.08 26.28 2.5554
0 10.36 26.57 1.8967
0 11.73 27.96 1.8436
0 12.9 29.06 2.2827
0 12.88 28.79 1.392
0 13.4 30.01 0.648
0 13.78 30.36 1.5767
0 14.89 33.07 1.9916
0 16.46 33.2 1.8216
0 17 34.11 2.0502
0 17.13 34.49 1.7097
0 17.23 35.55 2.4485
0 16.19 34.89 2.534
0 15.09 32.69 2.2758
0 17.77 32.93 2.0612
0 15.89 32.38 2.1283
0 15.05 32.08 2.2146
0 15.32 32.63 1.9446
0 15.65 33.79 1.7924
0 17.03 33.82 2.079
0 16.52 33.49 2.8392
0 17.56 32.63 2.5413
0 16.74 32.13 2.5536
0 16.15 31.62 2.469
0 14.84 30.85 3.0462
0 12.85 28.55 2.6534
0 12.59 28.74 2.2166
0 13.71 29.06 2.4591
0 10.68 27.1 3.1749
0 7.22 18.63 1.9369
0 9.22 21.06 1.3341
0 11.73 26.07 0.3026
0 13.59 29.41 1.1672
0 14.66 30.86 2.968
0 14.41 31.96 2.7541
0 13.97 31.03 3.0071
0 12.42 29.42 3.1485
0 9.93 27.45 1.3762
0 10.34 27.17 0.3476
0 11.78 28.63 0.7011
0 13.12 30.78 0.8968
0 14.94 33.02 1.2885
0 15.61 34.09 2.0805
0 16.2 33.27 2.2369
1.65 15.93 34.13 2.3004
1.225 13.02 28.92 3.1184
0.125 11.9 27.02 1.6186
0 11.74 27.54 1.5665
0 11.46 29.05 0.5327
0 11.99 29.9 1.4593
0 14.43 29.45 1.1689
0 14.26 30.31 1.3203
0 14.76 31.98 2.8663
0 14.89 31.01 1.9271
0 13.95 30.45 0.928
0 14.92 30.61 0.244
0 15.36 31.6 1.433
0 14.81 31.33 2.144
0 12.31 29.92 2.1054
0 10.6 27.48 2.0059
0 10.59 25.22 1.4614
0 10.66 25.08 0.4089
0 11.43 26.62 0.9309
0 12.9 28.86 0.3598
0 14.22 30.51 0.9521
0.025 15.81 33.22 1.6246
0.475 13.4 29.33 2.2955
0.275 9.62 23.75 2.7702
0 8.44 19.06 1.5018
0 9.57 24.99 1.2886
0 12.03 27.69 0.3455
0 12.58 29.04 1.0808
0 14.41 31.58 2.2128
0 11.93 30.41 0.9312
0 13.61 28.79 2.4511
0 13.58 31.57 2.4221
0 13 31.59 1.4859
0 12.52 30.79 0.7698
0 12.59 30.47 0.7809
0 13.86 32.12 1.1793
0 13.69 33.22 0.4277
0 13.44 33.23 2.1179
0 12.86 28.32 2.5268
0 2.19 16.21 2.3137
0 3.12 17.98 2.471
0 5.86 21.85 0.7395
0.65 6.72 22.42 3.1164
0.45 0.52 18.58 3.48
0.025 -0.96 7.48 0.2996
0 -0.62 15.17 2.9997
0 2.3 17.7 1.5725
0 3.96 18.51 1.3479
0 4.72 20.71 0.7528
0 5.9 21.55 0.5394
0 4.39 21.56 1.9417
28.975 5.64 20.19 1.9536
57.6 5.12 14.32 6.5602
24.35 6.24 12.1 4.436
0.125 7.74 14.72 0.8439
0 7.97 21.31 2.1827
0 7.35 22.68 1.0531
0 9.4 25.52 1.8317
0.575 8.46 20.74 2.3363
0.35 1.27 12.41 2.1059
0 1.82 14.91 1.0422
0 4.01 17.97 0.5502
0 4.32 19.34 0.9627
0 6.8 21.27 1.133
0 6.48 18.04 1.7679
0 6.21 20.15 1.1307
0 5.45 20.73 4.253
0 0.94 10.08 4.9565
0 -1.27 9.45 0.7625
0 -0.71 11.57 0.0444
0 2.89 17.38 0.8293
0 4.5 19.88 0.8044
0 7.27 21.26 1.2132
0 6.75 22.93 1.1337
0 6.99 22.97 1.735
0 5.14 21.57 2.2915
0 2.35 16.55 0.6583
0 2.09 15.47 1.4998
0 0.67 12.72 1.8413
0 1.22 13.81 1.2105
0 2.86 14.65 0.7314
8.725 4.88 14.77 0.3961
5.8 2.18 14.59 1.9762
0.325 -1.5 5.4 1.1845
0 -1.52 8.01 1.0767
0 -1.3 9.13 2.8693
0 0.1 12.38 2.1634
0 2.03 14.14 1.6382
0 1.76 15.22 1.5336
1.6 -0.43 10.48 2.3655
4.275 -0.16 13.22 3.8054
1.975 0.12 11.59 1.0284
0 0.38 8.03 0.5127
0 -0.68 10.8 2.3303
0 0.64 10.77 3.7795
0 1.74 12.46 4.1081
2.225 1.75 13.62 2.6743
2.025 2.57 14.71 1.1088
0.4 -1.44 10.44 4.9839
0 1.17 8.08 5.0723
0 0.89 10.53 3.95
0 0.9 12.72 1.6854
0 -0.43 12.7 2.2923
0 -2.06 14.77 2.1847
0 -0.99 10.22 2.1343
0.15 -1.26 11.31 1.0839
30.5 -3.47 7.16 2.2924
20.1 -3.45 4.03 0.9143
1.1 -11.47 -1.15 0.7273
0 -10.66 -1.41 1.9194
1.675 -7.66 1.07 3.0855
39.35 -1.06 4.37 2.7915
51.775 1.31 5.2 3.7048
18.425 -0.83 5.24 4.4262
0.675 -1.95 1.98 0.7625
0 -2.03 3.07 3.0765
0 0.41 7.41 2.4852
0 1.49 9.06 2.2663
0 1.99 10.16 2.8062
0 1.73 10.04 4.1263
2.825 1.47 10.2 2.8915
5.275 1.52 11.35 1.8414
10.75 -1.76 8.5 3.6332
0.025 -5.68 2.95 2.6531
0 -1.62 7.59 3.9307
0 -1.83 6.93 3.862
6.5 -1.81 7.25 4.06
3.9 -0.96 6.65 1.9869
2.775 -2.29 3.45 3.1543
8.8 -2.29 5.49 0.7765
4.3 -0.87 4.69 1.5222
0 -1.46 3.88 2.5246
0 -0.93 7.71 2.0293
0 -0.14 7.48 1.1982
0 0.09 9.44 3.9752
0 -0.97 11.37 2.9031
0 1.16 10.85 2.5697
0 0.64 11.02 3.0184
0 1.6 11.49 2.7868
0.025 2.58 12.65 3.0778
1.525 2.63 12.94 2.3214
0.9 3.71 10.49 2.4474
1.5 3.69 9.75 3.1302
19.75 2.52 13.23 4.4035
11.375 0.62 7.6 2.0482
0.025 -2.53 6.38 1.4341
0 -0.47 8.3 3.3411
3.675 0.29 11.53 2.0244
24.975 0.29 11.12 2.5762
28.675 0.21 7.21 4.7033
32.025 -1.06 3.79 5.5223
31.3 -1.66 1.45 6.4545
26.8 -3.08 0.62 4.0344
15.125 -2.82 0.78 4.0099
3.5 -4 0.38 0.9499
3.35 -5.56 2.43 2.2308
2.725 -2.92 3.01 3.8475
0.475 -0.61 4.34 2.9399
0 -1.52 7.47 1.3701
0 -3.44 9.02 2.8673
1.525 -1.76 7.19 3.1922
0.9 -0.38 9.37 1.4445
0 -2.85 7.43 1.1275
0 -7.54 7.73 1.7243
0 -1.51 9.09 1.9871
0 -0.92 9.09 0.6206
6.9 -0.14 9.64 2.7102
15.85 0.97 8.36 3.3858
10.425 0.81 5.58 1.7253
2.05 -1.13 3.82 2.4912
1.425 -3.04 4.16 1.4136
1.025 -1.78 4.99 2.2633
0.1 -3.16 3.89 0.5431
0 -2.58 6.65 1.0771
0 0.15 8.52 1.1596
0 0.09 11.62 1.4648
0 1.19 13.76 1.5531
0 -0.08 15.7 0.9569
0 2.25 14.89 1.6939
0 2.32 15.53 2.4561
0 1.86 16.59 1.1423
0.525 0.42 15.4 1.2571
1.425 1.56 10.17 2.3177
18.6 -0.01 7.13 3.0098
10.725 -4.75 2.24 2.3557
23.1 -3.97 8.37 3.7051
15.15 -0.39 7.35 2.8261
0.7 -2.25 6.54 0.7295
23.6 -0.42 11.53 4.4703
14.525 1.2 9.44 1.5062
0.225 -1.22 3.9 0.5298
2.475 -0.41 11.53 2.3866
14.05 2.07 13.53 2.6629
17.95 0.2 5.9 3.2677
6.225 -2.84 4.24 3.0594
0.275 -4.49 3.11 1.3222
0.15 -1.34 8.3 2.5918
0.075 -2.55 10.43 0.8631
5.775 0.94 9.97 2.452
5.4 -7.22 2.9 3.8105
1.175 -3.92 4.9 2.0593
0 -4.29 3.82 0.4475
23.75 -1.85 10.5 2.1713
14.25 -2.87 10 2.4653
0 -3.16 8.19 2.672
0 -2.13 13.18 3.8206
0 0.59 17.93 1.4361
0 3.01 18.86 0.693
0 3.18 19.06 2.92
0 -2.99 16.91 2.1576
0 3.46 20.21 2.0402
0 2.02 18.83 0.6065
0 2.01 16.38 1.3401
0 0.61 16.6 2.2148
1.85 0.86 17.94 2.1374
4.075 1.32 17.69 2.4221
1.775 -2.59 9.38 2.4315
0 -0.69 12.45 2.8488
0 0.38 16.78 1.3011
10.525 2.07 17.69 2.5943
16.75 2.34 17.61 5.609
6.35 -2.01 5.23 3.0642
2.575 -4.57 5.45 0.8151
6.1 -2.93 6.68 2.2823
2.875 -0.7 5.76 2.0051
26.175 -2.04 6.06 2.7456
15.65 -3.36 3.86 3.3021
0 -4.25 5.18 0.739
0 -2.13 10.76 2.2311
0 0.32 16.26 0.3597
0 1.78 17.89 1.3542
2.925 2.34 18.16 1.9547
24.15 1.07 12.07 3.9531
15.425 -1.11 6.02 4.6179
1.2 -2.02 3.82 1.0736
0 -1.22 10.71 0.6534
0 -0.1 12.11 0.8171
0 1.78 17.08 2.4536
0 1.25 16.83 1.3717
0 2.09 19.03 1.1203
13.35 3.47 21.2 1.7095
21.15 5.33 18.21 2.7094
8.775 -1.72 7.41 2.9878
0.525 -0.62 2.43 1.6591
0 0.47 6.3 1.3437
0 1.85 16.57 0.7306
0 4.09 18.77 1.3113
0 6.18 22.35 0.7418
10.15 6.74 22.36 4.2465
11.675 1 11.32 5.084
3.4 -3.62 4.22 3.8854
0.025 -3.13 6.6 3.3517
0 0.08 12.68 1.8695
0 1.78 16.54 1.9504
0 3.37 20.98 0.9855
0 5.34 22.11 2.008
0 5.08 21.25 3.5581
0 2.59 16.86 2.183
0 2.59 16.83 0.7686
0.275 3.44 19.05 2.8132
6.875 3.19 17.94 3.725
11.85 -0.29 7.79 3.3197
4.725 -3.96 7.39 4.2199
0 -2.08 9.14 2.1746
0.05 3.4 16.03 1.0459
0.025 4.52 19.36 0.6482
0 5.94 21.03 0.5346
4.025 8.92 22.96 1.3141
4.825 9.53 22.41 2.038
1.45 3.95 13.22 2.0522
0.225 5.18 15.74 1.6625
0.125 7.6 18.51 3.3759
0.1 3.42 19.56 4.3479
0.35 -1.19 12.95 3.6759
0.225 -0.92 8.03 4.0938
4.5 0.72 11.3 2.3333
9.15 0.72 11.05 1.5593
12.7 4.53 14.43 3.1297
8.325 2.21 10.45 2.5178
1.825 -0.09 9.42 3.5822
0 0.99 11.61 1.7666
0 4.85 19.36 0.5478
0 7.67 23.02 2.5562
0 10.91 22.44 2.9566
0 7.94 21.26 2.5852
0 9.29 22.42 2.7325
0 10.95 24.06 2.7816
0 11.21 24.08 2.0469
0 12.61 27.95 3.0072
0 12.37 28.23 3.0917
0 10.68 25.98 2.4274
0 9.85 25.45 3.887
0 6.53 23.25 4.6047
0 6.01 18.33 5.1139
0 11.05 19.92 3.9224
0 9.54 23.8 1.0442
0 11.17 25.96 1.686
0 11.21 27.45 2.9488
0 7.56 25.71 3.0937
0 6.74 21.3 1.0074
0 7.31 24.2 2.3169
0 7.33 23.22 3.21
0 6.2 20.85 2.531
0 7.55 22.8 1.5595
0 8.7 22.44 0.9673
0 11.16 26.04 1.718
0 11.46 27.17 2.1474
0 12.87 24.32 2.6807
0 10.5 24.43 2.3705
0 13.5 27.17 0.8822
0 15.15 31.07 1.5051
0 15.18 33.21 3.1633
0 12.89 29.64 2.9561
0 10.68 27.76 2.6484
0 10.08 26.29 2.7582
0 13.04 26.08 2.0114
0 10.63 25.5 0.9656
0 11.8 28.05 1.8675
0 12.87 29.92 2.4125
0 13.2 28.33 2.292
0 13.18 28.53 2.2761
0 14.85 29.89 2.1225
0 14.28 30.21 1.823
0 14.83 32.13 2.3826
0 15.98 31.05 3.2801
0 16.19 30.45 3.406
0 14.04 28.03 1.8079
0 14.82 29.39 1.2955
0 17.25 32.45 2.6241
0 16.75 33.54 2.7832
0 16.49 33.24 2.5947
0 14.98 34.14 2.0474
0 14.82 33.05 2.0249
0 14.3 31.1 2.5891
0 13.94 29.5 1.0217
0 14.49 29.95 2.2599
0 14.52 31.01 2.0606
0 16.18 32.41 2.5265
0 16.23 31.63 2.7462
0 14.41 29.93 1.9498
0 12.29 28.95 2.392
0 13.64 29.84 2.0314
0 12.61 29.97 2.3365
0 13.12 29.45 2.4004
0 12.3 29.15 2.0628
0 12.56 29.06 2.4331
0 12.56 29.67 1.5266
0 12.28 29.99 1.9534
0 12.61 29.7 2.0149
0 11.98 29.13 2.1009
0 12.31 29.09 2.524
0.05 12.43 28.26 2.9103
0.025 11.37 26.12 2.0793
0 11.22 26.9 1.9681
0 11.56 27.46 2.3325
0 10.36 24.66 1.037
0 10.94 27.39 1.3184
0 12.86 28.29 2.276
0 12.85 28.57 2.7803
0 12.91 29.13 1.1089
0 13.12 31.06 1.6582
0 13.37 31.87 1.794
0 11.54 30.48 1.9001
0 12.04 30.21 2.2356
0 12.81 30.81 1.9806
0 11.72 27.03 1.7046
0 10.91 26.38 2.5156
0 11.72 31.31 2.1469
0 17.19 34.92 0.6538
0 17.86 36.81 2.3958
0 14.74 33.63 2.4842
0 10.33 29.64 2.9341
0 9.29 17.51 2.219
0 7.06 18.34 2.4075
0 7.57 21.07 1.1755
0 9.47 24.88 0.6201
0 12.2 29.11 0.4719
0 13.47 31.92 1.2097
0 13.49 32.17 1.2932
0 11.72 31.38 1.9211
0 11.46 29.37 1.3092
0 11.68 29.39 2.4886
0.025 10.64 27.95 2.9652
0.025 5.1 13.04 2.0358
0 4.78 20.57 0.6567
0 6.77 24.41 0.7156
0 9.81 26.93 1.0375
0 10.08 27.7 1.7433
0 9.48 25.53 1.4423
0 9.2 25.51 0.8267
0 9.72 25.78 1.5047
0 9.61 26.87 1.6176
0 9.71 26.04 1.5498
0 9.42 25.75 1.4932
0 7.38 21.83 1.1137
0 7.24 23.83 1.0002
0 7.91 22.16 2.7228
0 7.08 19.51 0.9606
0 7.11 23.61 0.484
0 10.89 27.68 0.9207
0 13.81 32.24 0.3849
0 12.22 31.88 1.1155
0 15.43 33 0.5243
0 15.09 33.84 0.5264
0 14.45 33.52 0.3059
0 14.21 30.38 0.4512
7.4 13.23 27.06 1.3639
25.8 11.65 26.93 1.695
12.975 9.35 17.18 1.4448
1.45 7.21 11.6 1.015
0.95 4.59 13.02 0.7925
2.275 4.62 14 2.1735
0.45 3.64 13.06 0.8128
0 5.6 17.77 1.8497
0 7.42 20.02 1.6213
0 9.89 23.87 1.4066
0 10.01 24.4 2.3769
0 10.94 26.86 1.6556
0 10.68 25.85 0.7671
0 10.63 25.27 0.6757
0 10.36 25.77 1.2308
3 11.18 21.09 0.8979
2.05 6.29 17.37 1.0969
0 7.05 16.26 1.7703
0 6.75 23.13 1.0086
0 7.64 19.66 1.967
4.725 5.43 17.63 1.7305
40.05 6.27 16 1.6503
52.025 7.41 9.44 4.7861
43.3 2.47 10.77 3.6906
0.225 2.31 11.86 1.5588
0 -0.4 12.41 3.011
0 -0.99 12.93 3.3295
3.175 5.1 16.88 2.0916
2.575 4.07 17.68 1.9208
0.375 2.36 8.78 0.842
0 3.17 14.9 1.8585
0 4.01 17.41 3.2072
0 6.73 20.46 3.0101
0 9.77 22.19 2.0235
0 9.51 22.43 1.1333
0.975 7.63 21.09 2.2649
14.475 5.45 17.7 3.1359
15.925 0.18 7.72 2.683
3.425 -1.52 7.47 0.6617
2.475 0.09 8.83 1.6076
0 -1.53 6.63 2.5074
0 1.42 11.02 1.4677
0 -0.36 12.71 3.0862
0 2.87 13.8 1.5416
0 4.25 16.82 2.484
0 3.72 16.59 0.9678
0 2.89 15.49 2.1825
0 2.05 16.03 2.1929
23.15 2.35 15.49 2.8704
30.825 -1.46 9.03 3.294
21.9 -3.13 1.12 5.2771
15.925 -2.85 1.81 3.2275
14.825 -2.52 2.44 4.3051
6.975 -6.75 0.75 1.0855
0 -7.83 1.07 3.3864
0 -7.58 -0.62 3.3283
16.3 -3.2 4.66 2.8627
12.725 -8.51 1.9 2.6812
0 -9.24 -0.24 2.3213
0 -6.3 1.12 3.0307
0 -2.13 5.5 2.2481
0.075 2.31 11.19 2.5637
0 2.22 8.18 1.5798
2.55 2.14 8.62 1.9443
21.15 2.38 6.45 2.1406
13.225 1.32 9.49 3.2686
0 0.39 6.72 2.311
8.525 1.78 10.56 1.8974
7.975 2.66 10.16 1.0433
2.65 3.78 7.52 1.4005
0.175 2.01 10.28 0.4574
0 2.22 11.84 2.268
0 2.99 10.55 1.4212
23.5 2.6 12.1 1.8976
18.325 -0.13 6.75 1.6464
6.025 -2.58 4.71 2.5644
55.975 -2.84 4.41 3.4774
84.35 0.42 4.64 5.2467
55.525 1.57 6.87 6.088
18.15 -0.9 8.78 2.2625
7.275 -1.22 -0.02 2.3118
3.975 -0.9 2.77 2.2964
3.175 -1.11 3.85 0.4225
0 -1.73 5.02 2.8569
18.175 -1.47 8.05 5.2565
13.15 -1.74 7.97 2.0173
0 -2.84 1.43 1.0052
60.025 -2.32 4.07 2.3165
39.55 -0.59 4.37 4.4958
2.325 -9.75 2.14 2.526
5.05 -9.79 -1.33 1.4517
23.525 -9.73 -0.31 4.0016
21.025 -2.63 1.53 4.7436
6.275 -2.81 1.58 2.5707
0 -5.1 2.39 3.2076
0 -4.58 3.19 3.8645
0 -1.9 5.29 5.3602
0 -1.39 6.78 3.8383
0 -2.75 6.17 1.9381
0 -2.75 7.26 1.1284
0 -5.15 4.45 3.2711
6.425 -5.13 5.66 3.2689
4.15 -0.15 5.54 1.8348
0.95 1.19 9.77 1.663
0.575 -0.69 7.17 1.3524
0 2.02 14.59 2.5454
0 1.87 12.49 0.9009
0 2.44 12.33 0.6659
0 2.46 13.68 2.2868
0 0.62 13.09 1.3125
0 -0.03 12.99 4.2648
0 -0.02 12.64 3.7543
0 0.28 13.33 2.8313
0 1.44 15.68 3.8759
0 1.3 13.91 2.0711
0 1.61 13.98 2.2282
0 1.37 13.43 4.9732
0 1.36 15.07 3.3127
0 1.36 15.31 1.8255
10.475 0.35 14.54 0.5849
9.95 -0.7 12.15 1.8125
3.025 -2.61 3.5 1.5231
0 -2.95 6.8 1.9585
0 -2.57 9.01 3.0221
0 -3.07 9.58 2.1057
0 -2.36 10.96 2.7928
0 1.81 14.8 1.6835
0 0.34 16.71 1.9232
0 2.86 17.06 0.5586
0 -0.74 15.73 2.1685
0 -3.47 10.19 3.6126
0 -5.08 9.35 3.7912
0 -3.5 10.99 3.8724
0 -0.79 14.07 2.6933
0 0.06 16.3 1.2905
0.125 0.29 16.46 3.4542
15.825 -0.41 9.4 4.2237
22.35 -1.13 11.08 6.0088
24.175 -3.64 0.26 4.5263
43.525 -2.82 0.01 3.0609
22 -3.09 2.98 3.8391
1.225 -7.49 1.88 0.796
0 -7.49 3.32 1.2
0 -7.24 3.05 0.3841
0 -6.15 6.68 0.3913
12.525 -4.3 6.59 2.3659
14.9 -2.1 3.84 5.7109
8.225 -7.8 0.27 0.7951
0 -9.19 -1.36 0.4686
0 -9.15 4.48 2.1677
10.475 -6.17 8.88 1.6924
10.725 -0.34 10.96 3.5601
10.575 0.31 7.05 1.5367
0.575 -2.12 7.31 1.4594
8.925 -0.69 11.93 0.5702
23.125 0 12.75 1.7167
19.75 0.84 5.42 4.3609
0.35 -2.13 5.39 0.5716
0 0.65 11.87 1.5031
0 1.84 15.81 1.0409
0.05 1.44 14.32 1.1395
0.025 1.03 11.58 0.6235
4.425 1.08 13.29 0.9537
2.675 2.32 10.37 1.1009
34.85 2.86 13.75 1.2422
27.05 3.84 15.76 2.6701
1.925 -2.06 7.15 1.0036
25.35 -2.68 10.2 3.3937
55.275 -2.55 5.48 4.8684
55.775 -2.43 1.99 5.9282
26.325 -2.65 1.12 2.5664
12.725 -2.69 3.39 1.0685
20.775 -0.81 7.22 4.7426
40.675 -2.07 2.85 5.4533
26 -4.93 0.67 4.0424
4.425 -4.3 4.09 3.0078
11.175 -0.49 1.83 1.5489
0.525 -0.39 6.25 0.5959
0 -0.46 11.84 1.203
0 1.84 14.96 2.036
0 4.77 17.09 2.296
0 4.75 22.22 1.7146
0 4.78 23.8 0.9883
0 2.06 17.9 1.3678
0 1.5 15.99 1.9278
0 1.84 18.83 1.3193
2.125 2.81 19.04 1.4693
9.8 -1.4 17.4 3.485
6.9 -6.88 1.91 1.4251
1.125 -6.11 1.36 1.3783
0.025 -5.1 7.15 0.5079
0 -2.82 12.46 1.5411
0 -0.12 13.57 1.3641
0.975 0.16 14.4 2.795
0.825 -2.83 5.36 0.5801
0 -2.43 13.93 0.7522
0 2.55 17.78 1.3766
0 4.38 20.48 2.2525
0 5.76 20.23 2.8424
0.05 5.67 17.59 1.6608
0.5 3.65 17.46 2.0834
9.075 4.44 11.88 2.2457
2.375 1.04 13.09 0.8666
1.775 1.29 13.05 1.244
1.425 3.24 10.2 2.3804
0.975 1.92 10.03 2.3925
0.175 -0.84 12.77 2.6128
0 1.56 15.45 0.8189
0 3.13 17.95 2.3856
0 -0.27 16.67 4.5062
0 -0.23 15.62 3.5527
0 1.28 16.32 1.9272
0 3.71 19.33 0.4942
0 4.92 21.06 0.8059
0 7.06 22.91 3.0224
0 10.54 25.7 0.7713
0 9.51 26.49 1.5088
0 7.89 25.11 2.0499
0.05 5.77 20.99 3.001
1.675 1.61 11.64 3.2151
1.325 -0.08 7.95 2.6585
0 3.61 16.11 1.7252
0 5.69 19.94 1.1326
0 6.27 22.42 0.5655
15.625 6.8 24.07 2.9514
17.375 -1.66 14.19 2.8774
9.275 -1.7 5.28 1.1445
28.975 -0.79 8.38 3.514
17.35 -0.59 4.52 2.3201
0.925 -0.07 9.15 3.2862
0.025 0.27 15.32 1.7173
0 3.91 19.97 1.9906
0 4.91 19.88 2.9318
0 3.75 18.83 4.3963
0 2.71 15.57 2.4181
0.15 4.32 18.6 2.815
0.15 3.2 16.39 2.5423
0.175 3.47 16.64 3.3465
4.975 2.25 15.94 4.2451
4.05 -0.01 12.02 4.7836
0.725 0.47 11.76 2.8902
1.175 3.51 15.27 2.7057
1.05 4.68 15.41 2.9748
0.725 0.21 10.33 1.7077
0 1.8 13.62 0.6439
3.6 2.71 14.64 2.9311
8.95 6.88 9.2 1.2844
4.525 2.81 15.54 3.5388
0.225 3.21 10.65 1.9159
0 4.6 17.26 3.0051
0 7.34 21.06 1.5796
0 8.19 23.81 2.318
0 8.21 23.83 3.0295
0 7.07 21.3 2.6552
0 7.94 22.18 2.7166
0 9.4 24.91 1.7052
0 10.5 27.95 1.8359
0 11.73 26.91 2.4372
0 7.49 24.89 1.2379
0 9.89 24.62 2.8936
0 8.33 25.46 2.0662
0 10.25 25.78 0.3252
0 12.08 28.03 0.5067
0 13.51 31.3 2.4847
0 13.92 30.98 2.7899
0 12.7 29.77 2.5947
0 9.3 27.09 2.6639
0 9.32 25.8 2.2773
0 11.24 26.57 2.2355
19.775 11.48 27.18 2.5735
11.575 7.75 23.27 2.4545
0.875 6.69 15.26 2.2382
0 9.99 21.97 0.9144
0 10.72 27.46 0.7732
0 13.74 30.2 0.6172
0 13.95 30.5 1.557
0 14.05 30.23 1.8261
0 15.17 29.84 2.5155
0 15.99 30.23 2.8743
0 14.89 28.63 2.1992
0 14.3 29.43 2.4948
0 12.34 29.12 2.1645
0 11.23 28.04 2.3682
0 10.66 25.46 2.4827
0 10.17 25.25 3.1589
0 9.88 22.77 2.6801
0 10.44 22.2 3.2382
0 8.8 21.91 3.1821
0 9.32 22.76 2.0197
0 9.58 24.42 1.355
0 10.39 26.63 1.9209
0 10.43 26.65 1.2516
0 11.23 27 2.2734
0 12.13 28.07 2.7997
0 12.66 28.04 1.8649
0 13.53 28.62 1.9858
0 11.85 29.75 2.17
0 11.81 28.87 1.7973
0 12.02 28.06 1.6844
0 13.41 27.51 1.4756
0 14.03 31.05 2.3014
0 15.15 31.13 3.0554
0.05 16.36 30.86 2.146
0.175 15.48 28.78 1.5426
0 14.31 29.95 1.897
0 14.32 31.06 2.0808
0 12.57 30.7 3.0811
0 11.2 26.83 2.3065
0 12.09 27.21 3.0796
0 11.85 27.13 2.4487
0 12.89 28.52 1.7898
0 12.08 29.13 1.8878
0 11.81 28.87 2.1758
0 12.82 28.53 2.661
0 12.29 29.04 1.6107
0 12.7 29.73 1.3238
0 13.94 30.77 2.0511
0 11.31 28.86 1.4798
0 11 28.04 1.0565
0 11.24 28.59 1.6188
0 12.28 29.34 1.4764
0 12.84 30.16 2.5667
0 12.01 27.99 2.0357
0 11.2 27.68 1.4971
0 10.33 27.16 1.111
0 11.71 28.31 0.9162
0 11.8 30.17 2.0381
0 14.25 30.71 1.2595
0 14 30.2 0.8371
0 13.71 31.94 1.0538
0 14.58 31.95 1.431
0 14.26 32.72 1.6216
0 12.3 31.35 1.8717
0 10.67 29.59 1.7686
0 11.71 28.02 0.7305
0 12.26 28.29 0.8233
0 12.8 30.25 0.8451
0 13.94 29.7 0.9029
0 13.53 30.53 1.8412
0 13.38 29.88 0.5902
0 13.93 29.99 0.9009
0 14.45 31.11 0.844
0.2 14.25 29.27 1.6461
1.625 12.98 29.73 1.0444
3.15 12.59 28.46 1.6274
3.625 9.31 21.14 1.4718
4.375 10.95 24.66 0.6098
2.425 10.18 25.86 1.2141
0 10.7 24.69 2.4614
0 11.2 25.27 1.7992
0 8.81 22.77 1.6201
0 8.7 22.52 0.3458
0 10.08 26.63 0.2189
0 12.12 29.13 0.8961
0 12.93 29.18 0.4658
0.625 13.46 29.73 0.3069
0 14 30.75 0.5797
0 14.26 31.09 1.6243
1.1 11.44 27.17 2.3088
0 9.02 19.91 1.8036
0 11.18 24.43 0.4068
0 13.4 27.93 0.5944
0 12.65 26.23 1.084
0 12.24 28.11 1.4509
0 10.31 27.2 2.3887
0 10.84 23.58 1.9354
0 9.51 22.2 2.0712
32.425 5.82 18.62 2.3245
25.45 4.4 14.17 3.8457
6.65 0.25 7.61 0.8185
1.225 -0.14 7.31 0.8814
0 -0.11 12.5 1.3334
0 2.9 16.42 1.1857
4.45 5.68 18.61 1.5954
3.25 7.62 13.85 1.6993
0 7.49 20.23 0.9057
0 7.51 23.21 0.5753
0 10.65 24.96 0.4112
0 8.94 24.67 1.0668
0 9.19 24.54 1.4999
0 9.75 22.7 1.753
0 9.79 23.54 1.7242
0 8.64 24.42 0.7656
0 7.38 21.37 0.5559
0 7.15 21.93 0.4932
0 6.65 20.82 2.3073
0 7.55 23 1.8533
0 7.85 24.12 2.1335
0 6.71 20.84 1.3348
0 4.49 16.9 3.3852
0 2.27 16.01 3.4178
0 3.06 16.01 2.0699
0 4.8 18.23 0.93
0 5.86 19.62 2.1407
0 5.91 20.74 0.1195
0 4.83 20.17 3.3718
0 4.83 18.02 4.178
7.05 1.97 18.49 3.8292
7.05 -1.98 16.26 1.8265
7.25 -4.21 2.85 0.4944
4.625 -3.38 3.96 1.5202
0.05 -3.92 3.13 0.9396
0 -3.97 5.35 2.2681
0 -1.85 8.11 3.2091
0 0 11.67 2.9611
2.15 1.58 13.02 3.402
2.45 3.02 10.31 0.9422
0 2.61 10.03 0.1995
0 3.71 12.19 0.5973
0 0.91 12.43 0.5165
0 1.42 12.72 0.9067
0 0.93 13.76 1.0531
0.075 1.91 12.77 3.3425
1.85 -0.69 6.44 2.2266
3.975 -0.67 4.99 4.0111
2.125 -3.12 4.7 1.6872
0 -2.12 7.72 2.3724
0 -0.3 8.18 3.5882
0.05 -0.82 13.23 2.2888
0.025 -0.25 9.66 0.7802
0 1.04 11.05 2.9216
0 4.59 16.68 2.35
0 3.77 14.63 1.0869
0 5.19 14.33 1.7784
0 0.04 15.89 3.4807
0 -0.47 12.14 8.6087
0 0.54 8.79 3.6909
0 -1.11 12.59 4.3399
0 -3.01 8.87 2.8241
0 -3.02 7.41 3.5043
0 -3.6 7.46 3.077
0 -2.79 7.18 3.6153
0 -2 9.87 3.7237
0 -1.2 9.82 4.3613
0 -0.88 11.43 3.2356
0 -1.98 10.19 1.0438
0 -3.82 8.56 1.6548
0 -4.59 5.8 1.4834
0 -4.29 6.62 1.0723
0.05 -3.26 6.87 0.8527
0.025 -2.5 6.28 5.5905
0 0.06 10.3 4.7119
0 -2.55 11.16 2.7729
0 -2.78 9.11 4.7218
0 -3.64 7.41 4.5457
0 -3.05 9.33 3.5672
0 -2.65 8.5 4.5332
0 -3.12 8.65 4.0011
0 -2.59 10.59 5.0069
0 -1.52 11.17 3.4154
0 0.14 11.99 1.3469
0 -0.11 12.32 1.1033
0 1.21 11.72 1.1664
0 2.94 16.1 0.9314
0 2.1 13.19 1.2522
0 -0.63 11.83 2.3922
