0 5.56 7.82 1.5418
2.4 6.65 8.43 0.8527
0 0.66 9.89 2.0161
0 -2.33 10.87 2.9492
0.9 3.75 7.82 1.6753
0 1.67 9.45 0.3137
0 0.23 9.03 1.4225
0 1.45 10.91 1.2325
0 2.2 13.22 3.7303
0 0.42 14.55 3.5354
0 0.07 15.42 2.4798
0 0.77 17.37 5.0178
0 1.7 19.76 4.1755
0 1.67 19.02 3.7416
0 1.23 19.8 3.7664
0 2.95 19.29 4.8211
0 2.33 19.57 3.8967
0 2.42 19.89 4.3488
0 1.37 20.67 4.6227
0 2.03 19.89 3.2107
1.375 5.92 14 2.5878
8.075 10 14.14 2.0791
17.725 11.1 13.63 1.6946
2.45 10.51 16.55 1.697
6 5.97 13.79 3.089
0 4.29 12.33 1.3631
0 1.6 12.85 0.9893
0 0.99 14.21 1.58
0 1.98 15.93 3.6747
0 2.07 17.92 4.1075
0 2.36 18.9 2.4559
0 3.09 17.66 2.4834
0 3.3 19.55 4.0113
0 2.88 20.11 3.7408
0.025 3.18 19.55 2.9139
5.55 9.67 15.61 3.1352
3.35 8.8 14.78 3.2969
0.15 7.61 16.5 2.3676
1.5 5.02 15.93 1.2317
0 4.57 12.31 2.9335
0.8 0.44 12.91 0.3103
4.175 6.1 13.17 2.228
0.7 5.38 12.92 1.3131
11.05 5.77 10.91 2.8306
0.3 6.06 13.41 3.6232
3.6 8.77 12.4 6.6889
10.075 8.53 12.85 5.4066
5.3 7.97 11.97 4.4668
0.05 3.46 15.32 1.7731
0 3.61 17.85 3.4661
0 5.09 18.09 2.6801
0.45 4.77 15.58 3.5033
1.9 11.9 15.54 4.3611
9.9 10.38 18.63 3.1715
0.1 8.23 18.44 1.3726
0 9.86 18.43 1.5984
0.6 9.4 19.22 1.9198
0 5.96 17.02 0.6243
0 6.81 17.47 3.3696
2.2 11.67 16.15 3.1391
2.175 11.48 18.96 4.2268
3.15 9.6 16.1 4.9282
3.2 6.16 14.43 2.4168
0 3.44 15.6 1.1971
0.1 4.83 14.9 1.8698
0 3.54 16.46 0.3476
0 3.47 18.7 1.5259
0 4.86 13.29 2.8845
0 1.3 14.81 0.8502
0 1.6 17.61 0.4515
0 5.26 19.81 1.5666
0 4.88 21.26 1.5299
0 6.3 16.78 1.5083
0 7.47 20.35 2.0199
0 8.46 21.52 2.3289
0 9.45 21.26 1.2194
0 9.38 22.33 1.7465
0 10.66 26.13 1.7668
0 10.44 24.47 1.4334
2.2 8.98 19.26 1.4828
1.525 7.14 14.68 3.6838
0 4.47 15.67 2.6191
0 3.37 20.42 1.94
0 5.9 22.66 1.4236
0 10.16 24.85 2.3712
0 11.32 25.07 1.6877
0 10.09 26.83 1.5015
0 10.47 20.01 3.8249
0 7.75 20.41 2.2086
0 5.7 23.2 0.9531
0 11.32 25.41 3.3642
0 8.98 22.13 2.8075
0 7.86 19.89 5.113
0 6.39 19.92 1.8231
0.025 5.31 25.44 2.198
0.075 7.88 28.24 1.6422
8.65 10.02 19.78 1.2728
0.475 9.97 18.37 2.4745
4.05 9.99 15.35 1.7291
1.6 9.71 17.75 2.4141
0 5.99 20.46 3.7899
0 8.28 24.12 1.977
0 10.3 23.03 2.8032
0 8.49 16.49 5.3934
0 6.91 17.99 5.3909
0 5.28 21.86 2.9285
0 7.43 25.96 1.6394
0 10.8 28.53 2.0598
0 12.33 33.01 2.0606
0 15.03 34.99 1.5036
0 15.85 35.53 1.4363
0 15.96 36.05 1.5582
0 13.02 26.5 1.8909
0 8.93 21.64 2.9914
0 5.7 23.25 3.3369
0 5.96 22.47 2.3567
0 7.86 21.78 2.2723
0 5.35 18.51 2.8723
0 5.99 21.34 2.0744
0 7.4 23.79 2.1061
14.5 13.89 22.02 1.6415
0.9 13.56 20.44 2.4325
0.25 14.45 22.61 3.1801
0 13.82 26 1.7247
0.225 16.91 27.72 3.1624
0 14.1 28.88 1.5831
0 13.2 28.05 3.3636
0 14.03 29.62 2.5187
0 13.13 31.27 2.4696
0 13.39 32.38 2.0777
0 14.71 31.29 3.3078
0 12.14 27.73 3.492
0 13.04 28.95 3.3946
0 14.81 29.61 3.3362
0 15.18 32.94 2.7726
0 15.92 37.44 1.2889
0 19.81 40.53 0.1985
0 20.77 37.87 1.9092
0 17.66 32.11 2.0958
0 14.08 29.66 1.5308
0 13.79 32.77 1.3434
0 13.35 32.66 2.3715
0 12.43 28.86 2.918
0 10.99 26.07 2.7911
0 10.54 30.2 2.5848
0 14.67 34.05 2.115
0 18.46 36.33 1.3561
0 18.8 36 2.3393
0 16.6 32.47 2.3404
0 13.58 30.23 2.6081
0 13.58 30.42 2.4091
0 13.56 28.24 2.5784
0.1 15.54 28.01 2.399
0 16.11 29.02 0.7588
0.075 13.43 26.4 2.2183
1.325 13.89 22.4 2.6106
0 12.75 25.98 1.6467
0 12.76 28.77 2.5452
0 13.3 29.09 2.6225
0 12.76 26.83 3.2921
0 14.64 25.81 2.911
0 13.88 27.13 3.4436
0 13.84 26.85 2.7023
0.575 15.84 27.35 3.2094
0 14.12 27.4 2.2344
0 14.08 26.31 2.4507
0 14.4 30.44 2.9735
0 14.71 30.16 3.2917
0 15.67 35.72 2.5692
0 18.21 34.33 3.1942
0 13.25 29.66 3.4194
0 11.48 27.42 3.5392
0 14.44 32.35 1.9851
0 15.75 35.77 1.003
0 17.97 37.63 1.7271
0 15.86 34.89 2.5779
0 15.11 33.74 1.9751
0 18.47 39.8 1.2081
0 22.12 42.66 1.0804
0 22.19 41.6 2.4999
0 18.77 37.63 2.4897
0 18.25 36.17 2.1795
0 16.62 36.76 1.9064
0 16.13 36.72 2.5382
0 16.58 34 2.3314
0 15.97 32.11 2.4976
0 13.01 31.52 2.4152
0 13.79 32.65 2.5033
0 14.67 32.07 2.772
0 15.28 31.79 2.8303
0 14.24 32.57 2.2207
0 18.61 32.05 1.8631
0 19.32 33.41 2.3027
0 17.24 34.9 1.9385
0 18.18 38.41 0.87
0 19.44 39.48 1.5713
0 20.47 38.89 1.584
0 20.47 39.71 1.604
0 22.34 40.18 1.922
0 22.23 40.72 1.4357
0 20.77 38.67 2.4062
0 18.92 35.93 2.5432
0 17.9 34.21 2.6102
0 16.79 34.74 2.191
0 14.58 31.98 2.0912
0 14.05 33.63 2.1333
0 17.26 37.28 1.9545
0 19.97 38.39 2.1733
0 19.03 35.33 2.5764
0 16.6 33.39 3.02
0 15.71 32.47 2.8537
0 16.19 33.11 3.1483
0 17.4 34.45 2.7841
0 15.11 32.02 2.6001
0 15.14 30.8 2.0783
0 15.14 32.23 1.7156
0 16.25 31.69 1.9795
0 15.05 26.55 2.5355
0 14.32 28.69 1.9412
0 15.47 32.87 1.9621
0 17.36 35.87 1.3408
0 19.27 37.82 1.3866
0 20.09 35.87 2.8021
0 17.5 36.95 2.8754
0 19.76 34.57 3.2729
0 18 31.13 3.2043
0 13.34 32.83 1.9134
0 15.68 35.32 1.0448
0 16.55 35.09 1.2826
0 16.6 35.32 0.9395
0 17.94 34.99 1.4163
0 15.18 32 2.4313
0 15.8 36.41 2.0031
0 19.57 36.05 2.1437
0 19.17 33.72 2.2465
0 13.68 31.91 1.5232
0 14.38 34.15 1.4531
0 16.08 34.69 0.3702
0 17.1 36.2 1.7564
0 17.26 37.83 2.0485
0 19.53 39.52 1.8148
0 19.65 38.6 2.2348
0 17.33 32.32 1.1705
0 16.79 35.58 0.5812
0 21.18 36.41 0.9174
0 21.2 38.48 2.0729
0 17.71 35.11 2.6876
0 13.3 30.39 2.1129
0 15.68 28.46 2.3133
0 14.66 30.35 2.3903
0 14.27 32.28 0.9771
0 15.66 33.65 1.1731
0 17.33 35.87 0.6541
0 17.87 37.31 1.3155
0.4 17.9 31.69 2.3007
0 14.9 26.22 1.8076
3.425 15.49 25.93 2.3206
0 14.36 29.5 1.9842
0 16.04 31.45 2.2105
0 15.71 33.11 1.346
0 16.74 37.17 0.7367
0 18.65 35.18 1.6587
0 17.1 33.11 1.1292
0 17.62 35.58 1.4786
0 17.85 37 1.7508
0 16.93 36.78 1.217
0 16.63 35.93 0.8141
0 16.04 35.52 0.8406
0 16.34 37.17 1.0735
0 17.19 37.24 0.3685
0 18.23 32.32 1.6449
0 13.76 22.72 2.6167
0 9.48 24 2.6122
0 10.99 26.69 2.1921
0 9.18 28.62 1.0045
0 11.49 24.57 3.3534
0 7.8 19.76 3.3314
0 7.66 21.35 0.4568
0 7.27 23.74 1.9334
0 8.98 27.3 0.9816
0 10.12 24.54 1.432
0 9.38 25 0.6562
0 9.93 25.61 0.4203
0 10.14 22.61 1.5922
0.35 9.6 20.3 1.9699
38.05 13.64 17.82 6.9798
0.725 16.01 25 4.0106
0 17.8 27.21 1.2574
0 16.07 26.69 2.4615
0 14.27 26.72 1.4546
0 15.35 26.15 1.636
0.125 10.78 18.7 1.7875
0.025 11.27 20.86 1.3957
0 9.81 23.13 1.2322
0 11.49 23.65 1.1451
0 11.51 25.58 1.5306
0 11.74 26.12 1.6651
0 12.93 25.33 1.4869
0 11.06 27.36 1.285
0 11.84 18.83 4.9208
0 8.34 17.54 4.8141
0 5.28 18.33 0.8595
0 5.81 21.95 0.3682
0 6.72 22.8 0.95
0 8.39 23.7 1.1508
0 8.61 25.37 1.2066
0 8.91 25.28 1.1444
0 9.15 25.28 1.7958
0 9.29 21.67 2.5246
0 8.7 22.92 0.44
0 10.37 19.54 2.0624
0 5.97 18.65 2.0641
0 4.15 17.82 0.9961
0 7.86 17.8 1.0012
0 8.18 16.97 0.9087
0 8.3 17.31 2.3071
0 4.29 16.46 1.6542
0 3.91 16.46 1.3079
0 1.39 17.59 2.2759
0 1.94 19.59 1.7118
0 2.52 19.69 0.8254
0 6.46 16.2 2.5769
0 1.06 15.41 1.9445
0.425 3.75 18.01 3.0175
0 3.36 12.49 1.4377
0 1.72 17.61 0.453
0 4.57 14.89 1.6642
0 2.01 17.84 3.1101
0 1.72 19.8 3.2368
0 3.02 20.23 2.0556
3.525 6.04 14.63 1.2913
0.575 7.24 19.14 5.2153
0 1.67 15.68 4.3979
0 1.37 16.78 3.5682
0 1.41 17.02 1.1742
0 0.8 15.56 1.4113
0 0.82 14.69 1.4059
0 1.11 15.58 1.6479
0 2 11.79 1.1547
0.05 -3.83 9.38 1.486
11.725 -1.19 7.31 0.7269
0.325 -3.51 8.15 0.2853
0 -2.11 7.8 1.8613
1.025 2.26 9.4 3.3681
10.05 5.7 11.3 3.255
8.625 9.72 13.04 3.9386
1.6 6.97 13.67 3.4036
0 5.61 15.25 0.5059
0 5.09 14.74 3.362
1.3 7.97 14.74 2.8309
0 7.08 11.87 2.1097
0 6.82 10.59 2.5172
0 5.07 11.38 3.8553
0 4.83 13.3 2.7333
3.75 6.88 12.59 1.5782
0 5.36 11.98 3.7618
0 2.35 10.63 1.8958
0 -0.98 11.95 3.6414
0 -0.44 14.24 3.8715
0.875 2 9.9 3.991
4.85 5.66 14.47 2.1455
1.05 5.94 8.36 2.7136
1.075 3.63 12.23 0.7404
0.375 7.71 14.35 1.2934
0 6.79 11.64 2.6251
0 6.23 14.26 2.1358
0.1 4.88 11.72 1.1573
0 7.73 9.76 3.7376
0 4.4 12.68 2.9171
0 5.1 9.28 2.9968
0 4.93 8.65 3.0326
0 2.69 7.52 2.2797
0.25 4.97 9.05 2.7364
0 6.34 9.14 2.4697
0 5.49 7.83 2.3073
0.125 5.78 9.17 3.1752
2.3 6.68 16.98 4.7809
12.825 8.94 17.28 2.0125
0.1 5.23 14.92 0.9991
0.1 4.69 10.65 3.0282
0.15 7.21 12.75 2.87
10.575 7.14 12.47 2.8231
14.3 9.31 14.74 5.0803
24.675 7.33 12.3 5.5429
15.85 8.06 13.15 6.3995
16.1 5.49 9.17 3.6046
1.825 3.42 10.78 3.1623
1.575 3.13 12.57 1.0113
0.025 2.36 9.78 2.4985
1.95 6.72 11.1 4.5788
2.4 7.61 11.36 3.0235
0.1 5.68 13.91 1.0199
0 3.57 13.93 2.241
0.525 5.49 15.89 3.0332
0.8 6.44 15.6 0.9235
0 3.79 12.54 1.343
0 3.5 15.87 1.7077
0 7.01 12.71 2.1239
0.775 3.75 17.24 0.5991
3.225 7.99 14.41 3.1549
0.95 10.47 16.36 3.359
7.575 9.17 12.26 1.5826
0.425 7.22 13.13 2.549
1.375 8.04 14.28 1.0762
9.925 7.61 11.29 0.973
0.1 3.66 14.83 0.873
0 7.33 14.78 1.1082
0 6.16 18.58 1.4748
0 5.42 17.82 1.2755
0 4.06 18.67 1.4848
0 4.83 19.8 1.5202
0 7.27 20 1.8745
0 7.22 20.37 2.2248
0 7.36 19.17 0.791
0 10.18 15.08 0.952
0.025 7.26 15.34 2.0258
6.825 7.34 11.46 2.6726
0.275 5.96 14.26 1.695
27.975 6.01 10.33 3.6732
2.925 9.32 15.54 2.4532
0.025 7.92 17.24 0.8752
4.2 8.8 18.06 4.4495
1.725 9.26 15.04 1.022
0 4.81 17.89 0.5016
0.025 7.01 18.09 1.7963
2.6 7.67 14.97 2.7309
11.375 6.79 10.67 3.144
0.525 5.7 14.22 2.4383
0 2.64 14.12 1.0401
0 8.23 16.97 2.1737
0 5.57 18.91 1.3705
0 5.75 14.26 2.7806
0 3.98 13.11 3.674
1.85 4.51 12.57 2.3956
0 1.46 16.79 0.1655
7.925 5.35 13.91 1.9158
0.075 3.44 13.89 2.5801
0 3.51 16.69 2.1305
0 4.48 19.78 3.0715
0 6.98 24.47 1.2737
0 11.3 24.12 1.3215
0 8.96 23.34 2.738
0 6.16 25.04 2.0917
0 7.69 24.38 1.3901
0 7.99 21.93 0.4745
0 9.51 20.04 2.162
0 8.91 22.56 1.4579
0 6.93 23.76 1.184
0.025 7.03 18.22 2.0195
0 5.33 18.67 2.3019
0 4.76 21.27 1.9359
0 7.29 25.28 0.772
0 7.75 24.26 2.2592
0.575 8.13 16.68 4.5146
0.625 6.03 15.18 2.4049
0 5.47 16.05 0.974
1.575 4.57 14.22 1.8215
0.1 5.03 14.28 1.6885
10.05 4.3 13.33 2.7904
6.2 6.49 15.11 2.4359
0 4.67 17.85 1.0342
0 5.03 21.48 1.8036
0 7.87 22.04 1.5511
0 9.16 21.76 1.3355
0.075 8.79 17.65 2.0495
13.2 7.99 14.43 4.8874
5.55 7.68 15.84 4.0516
0.1 5.68 18.13 1.1117
0 6.88 19.45 0.8048
0 7.33 21.78 1.0116
0 9.66 22.57 1.3821
0 9.31 23.69 1.6025
0 8.53 26.01 1.1923
0.15 11.56 25.3 1.3606
23.375 7.94 15.36 2.2103
7.1 7.14 10.89 3.5849
0.275 7.4 15.96 2.3988
0 6.89 22.33 1.4277
0 9.58 24.78 1.5384
0 11.48 28.08 1.428
0 9.63 28.44 1.0822
0 9.66 20.29 3.5317
1.175 6.89 15.48 4.1825
0 5.85 18.22 3.5495
0 8.37 21.22 3.594
0 9.25 25.13 2.4187
0 12.43 27.3 2.1932
0 10.02 31 1.2276
0 12.24 26.36 2.5173
0 10.29 23.2 4.1085
0 9.2 23.18 2.6512
0 8.09 26.81 1.241
0.025 9.66 24.03 2.7591
0.475 9.16 18.58 3.5321
2.825 8 16.65 2.6121
0 5.99 20.98 3.3954
0 8.49 25.96 2.2417
0 10.57 27.63 1.2698
0 11.55 29.02 1.1331
0 11.49 29.55 0.9189
0 12.9 27.07 1.267
0 11.34 19.16 1.7775
0 13.53 23.81 1.0903
0 12.05 24.03 1.4613
0 10.37 24.05 3.6206
0 9.92 19.73 4.2822
0 6.96 18.58 3.5715
0 8.27 21.9 4.2658
0 8.3 21.57 2.2132
7.65 9.81 20.91 1.5973
5.725 10.89 22.57 2.2955
5.65 10.09 19.22 2.0646
0 7.83 20.75 2.9319
0 12.85 27.4 2.2716
0 12.4 31.2 1.4205
0 15.57 29.1 2.589
0 14.32 25.68 3.0059
0 13.42 30.96 2.3857
0 16.74 29.89 2.3001
0 17.5 31 2.2407
0 17.68 33.2 1.9733
0 18.14 33.67 2.8772
0 15.96 30.13 3.3252
0 14.12 30.7 3.1146
0 14.06 26.64 3.4678
0 12.19 25.03 4.7696
0 15.42 29.62 5.0576
0 15.99 32.65 3.3577
0 16.46 35.96 1.1206
0 16.7 36.97 1.9602
0 14.53 30.23 2.7691
0 12.69 28.77 3.2447
0 12.88 31.57 2.207
0 13.16 28.35 2.6468
0 10.42 25.68 2.9527
0 9.92 27.65 2.8921
0 13.16 31.22 2.314
0 14.48 34.03 1.5786
0 17.86 34.66 2.3908
0 16.06 31.09 2.3034
0.825 13.82 29.28 2.9363
0 15.49 33.44 2.8259
0 19.61 37.59 1.6725
0 21.18 39.28 1.9591
0 20.42 35.79 2.8113
0 17.06 33.27 2.9902
0 12.59 31.22 2.983
0 14.74 30.42 3.1723
0 16.38 33.2 2.7934
0 16.41 35.93 1.2011
0 17.37 35.63 2.0742
0 15.12 31.29 2.7461
0 13.47 32.33 2.5916
0 14.46 33.65 2.8375
0 14.9 34.54 2.514
0 15.97 37.63 1.8754
0 16.87 35.42 1.9819
0 17.08 33.48 2.9113
0 15.14 31.81 2.8073
0 16.63 35.25 1.9841
0 21.23 38.17 1.9938
0 22.31 38.98 2.7205
0 20.9 38.18 2.6078
0 19.24 38.74 2.5549
0 17.6 36.55 2.3297
0 16.46 34.05 2.0741
0 15.44 32.04 1.9546
0 13.14 33.77 1.1389
0 15.63 35.06 2.3275
0 17.16 36.19 2.2993
0 17.83 34.22 2.7529
0 14.9 30.67 2.6287
0 13.77 30.13 1.8683
0 12.85 30.09 2.1368
0 13.44 32.85 2.2077
0 15.26 33.41 2.2958
0 14.6 33.2 2.1665
0 14.08 33.43 1.8952
0 15.09 34.52 2.179
0 14.93 34.57 1.4643
0 16.3 33.98 2.0009
0 13.98 31.76 2.0553
0 14.01 32.89 1.9921
0 14.31 32.8 2.3717
0 15.85 30.65 2.5028
0 14.31 31.46 1.684
0 15.44 31.98 1.6841
0 13.75 28.17 1.9504
0 13.2 31.22 1.4217
0 17.1 32.54 1.8645
0 14.51 30.91 2.5897
0 13.98 31.52 2.8619
0 15.12 35.41 1.576
0 15.97 32.82 1.484
0 14.27 31.13 1.4741
0 13.8 33.35 2.0314
0 15.97 34 2.2419
0 14.27 28.81 1.591
0 12.64 29.78 2.0448
0 14.48 33.95 2.1253
0 16.89 38.41 1.4527
0 19.1 40.93 0.4419
0 19.12 35.75 1.7325
0 15.89 32.04 2.2847
0 11.81 25.86 2.5264
0 12.42 26.24 2.4343
0 12.38 27.14 2.619
0 13.01 30.63 1.8565
0 15.16 32.74 1.1666
0 16.96 37 0.186
0 17.46 36.52 1.3126
0 16.97 34.87 1.0828
0 16.88 32.91 2.3717
0 18.68 33.19 1.1446
0 15.85 32.57 1.7134
0 14.55 23.69 2.5187
0 11.3 25.08 1.992
0 13.36 28.05 0.9975
0 13.64 31.1 0.5148
0 14.22 32.88 1.0369
0 14.1 28.28 1.4354
0 10.71 29.28 1.3952
0 11.86 30.63 1.5971
0 13.12 31 2.1232
0 15.11 29.66 1.5906
0 15.29 29.26 1.2306
0 13.71 26.39 1.1193
0 14.02 27.62 1.7263
0 13.16 26.78 1.6118
0 11.4 24.83 2.5805
0 10.49 27.34 1.6421
0 12.72 30.22 1.0107
0 14.13 33.92 1.2508
0 15.42 34.72 1.3855
0 15.33 36.21 1.3749
0 18.7 37.28 0.95
0 19.05 36.87 0.6681
0 17.84 35.55 0.5941
0 17.69 31.96 0.7712
0.1 18.73 33.59 0.665
1.725 17.52 34.43 1.1002
0.225 13.58 22.81 1.8998
0.225 14.19 20.19 1.395
0.05 11.26 23.86 0.7299
0.2 13.39 23.2 1.4625
0 10.98 25.24 0.8436
0 11.47 26.93 2.1148
0 13.39 29.6 1.8826
0 16.06 29.68 2.0244
0 16.58 31.23 1.7829
0 14.82 32.73 1.1354
0 15.18 34.79 0.435
0 15.5 32.91 0.2263
0 16.91 29.14 0.7909
2.675 14.08 29.95 0.9655
0.125 10.84 22 1.355
0 11.47 23.96 1.5386
0 12.36 27.34 0.717
0 10.93 21.9 1.6641
0.25 11.3 21.46 1.4024
8.425 12.65 20.1 1.7734
6.5 13.88 19.08 4.4377
1.075 11.54 18.74 3.0559
0 9.45 19.2 1.963
0 5.73 19.76 2.4147
0 8.72 24.98 3.4683
0.65 10.39 19.09 2.4241
2.225 11.59 21.84 1.7674
0.05 8.71 21.74 1.1433
0 8.64 22.47 1.9005
0 9.14 24.22 2.6072
0 10.16 26.26 2.1699
0 11.33 26.56 1.4334
0 12.96 28.1 1.1903
0 11.56 23.99 1.7884
3.225 9.96 15.87 2.8882
1.025 7.46 16.25 2.4998
0.125 4.64 17.89 0.3904
0.1 8.28 16.88 1.7056
0 7.26 17.06 2.3523
0 4.08 18.18 1.3387
0 6.19 17.25 2.8936
0 6.27 20.75 1.9576
0 7.51 22.46 2.8017
0 7.62 20.52 1.4999
0 6.24 21.59 1.3891
0 6.56 21.45 1.2239
4.025 7.66 14.82 1.7213
17.85 5.97 12.86 2.6381
3.1 5.36 12.99 4.1648
0.95 6.4 13.44 2.3009
2.375 5.17 11.54 3.16
0.75 1.58 9.6 1.5103
0 -1.3 10.32 2.4988
0 -0.68 12.41 3.1168
6.45 4.25 9.1 2.1017
1 3.11 11.28 2.2854
0 0.74 11.13 2.2624
0 0.7 11.33 2.9286
0 1.31 12.66 2.1432
0 2.48 11.34 2.6736
0 5.59 11.97 1.1584
3.85 7.76 16.15 2.8769
7.175 8.31 16.31 3.099
0.775 6.59 17.54 3.6189
0.05 4.95 16.65 1.9484
2.6 7.42 13.96 2.2684
0.65 9.14 17.22 1.2943
0.025 9.88 18.36 1.3689
0 12.36 15.27 0.4188
0 11.9 14.77 2.4441
0 11.05 13.28 1.3596
8.95 10.6 11.97 1.5013
1.075 3.71 12.63 1.288
1.375 2.16 9.07 1.984
10.025 6.65 12.18 3.6449
6.6 10.7 13.89 5.1311
10.1 11.39 15.34 5.4784
6.95 7.52 11.73 2.4763
1.45 5.35 12.79 3.1278
10.6 9.48 14.46 1.9223
0.425 7.35 15.08 0.3912
0 4.81 11.21 3.0896
12.95 7.08 12.75 5.4811
0.8 4.71 15.36 1.8469
0 4.85 13.19 0.5577
15.025 4.8 10.68 1.8845
8.575 5.34 12.79 4.1021
0.25 0.88 10.21 2.3079
0.025 -1.3 9.26 1.3248
12.75 5.2 10.59 4.6179
19.65 6.31 8.67 4.8873
0.725 1.55 10.39 2.2146
0.025 0.57 7.59 2.954
0 0.39 7.31 3.5525
0 2.92 5.19 4.4273
0 2.87 4.68 2.5305
0 3.11 5.43 1.2515
0 -0.06 4.27 1.8736
0.925 -1.81 7.57 2.6063
2.2 2.72 8.39 3.5202
0.025 4.21 13.43 2.5725
0.975 2.77 12.74 1.3609
0.05 5.73 12.15 1.2133
0 3.5 12.28 2.62
0 8.28 11.13 1.28
0 8.79 10.96 1.1435
0 7.29 14.83 2.6598
0 4 10.98 1.9637
0 2.13 15.37 3.7796
0 2.15 15.9 3.295
0 3.75 14.22 2.4219
0 3.63 15.84 3.9332
0 3.01 16.45 1.4204
0.025 4.7 10.36 1.856
0 4.47 10.27 4.6779
0 4.47 9.53 3.4622
0.025 3.43 8.02 1.5478
2.675 3.9 8.87 0.4852
3.75 5.98 12.61 1.7595
0.225 4.13 13.58 1.1466
0 2.62 12.82 1.314
0 2.26 15.23 3.0123
0 1.84 15.4 1.8693
0 2.42 16.3 2.1432
0 3.2 18.34 1.8018
0 5.21 19.52 2.0593
0 5.57 20.67 1.0164
0 5.63 20.69 2.6171
0 2.48 15.22 3.0566
0 1.46 16.85 3.5173
0 2.4 17.93 3.7704
0 3.41 20.69 3.0242
0 3.01 21.02 0.9198
0.025 7.74 16.91 3.9639
0.9 9.06 17.45 4.5556
6.3 5.54 17.28 5.1564
16.475 4.97 11.07 4.5844
14.275 4.39 8.47 2.4446
4.325 2.74 10.98 2.3403
0.325 2.59 12.49 0.6907
0 3.67 11.94 0.8907
0.375 2.52 14.46 0.6512
0 1.93 14.36 0.9366
2.525 3.47 11.54 1.9437
11.625 4.68 11.81 4.7754
0.675 -0.13 9.4 1.183
0 -0.79 12.24 0.3483
0 0.29 14.95 2.1241
0.5 1.95 15.42 1.8805
1.075 8.2 17.76 4.0338
0.775 8.5 19.14 1.1223
0 5.38 19.16 1.3014
0.35 8.73 20.25 0.8248
4.25 10.99 17.23 1.763
0.575 9.07 16.07 4.2304
0.125 8.98 18.45 0.4894
0 7.6 18.87 1.3525
0 8.07 19.8 0.6208
0 6.53 17.04 1.6059
0.025 5.91 18.51 0.5383
1.4 8.99 19.56 1.3903
0.4 12.73 21.78 1.2766
0.825 10.92 22.36 1.4491
1.45 11.69 22.57 1.9015
0.05 5.08 17.78 0.8135
8.775 5.8 15.62 3.5563
10.8 5.86 11.6 4.6233
16.575 7.11 12.15 4.7542
11.975 5.53 12 2.1195
0.95 3.27 15.16 1.7069
3.85 6.66 15.05 5.2755
18.525 7.51 13.44 5.2563
1.7 5.15 14.68 3.3407
12.05 8.29 12.42 3.0311
0.55 5.03 16.59 1.244
0 8.77 16.66 1.0343
0 6.4 19.6 2.0003
0 9.71 22.87 2.3756
0 11.33 25.81 2.4038
0 12.27 28.2 1.6814
0 13.44 28.5 1.4411
0 9.42 19.51 1.8987
0 7.41 23.79 1.5356
0 9.98 25.1 1.8496
0.1 10.27 22.73 2.4799
4.9 6.24 16.07 3.4748
0.425 3.07 13.38 1.6598
0 3.44 17.79 1.478
0 4.66 19.75 0.6429
0 7.8 19.55 1.9421
0 6.29 19.85 2.122
0 5.67 16.81 2.5239
0 5.65 18.53 0.8045
0 7.76 23.16 0.8091
0 10.83 24.63 2.0019
0 13.03 25.75 2.4229
0 13.06 22.41 2.3625
0 13.74 21.95 1.539
0.025 13.74 22.95 1.9681
0.05 12.11 20.65 1.9685
0.1 8.75 19.6 1.1836
0.05 8.72 21.8 0.9497
0 11.16 21.15 1.7192
0.025 10.19 22.05 1.9903
0 8.09 21.11 3.0504
0 7.87 23.51 1.5195
0 9.56 22.44 2.4958
0 7.59 20.67 4.9194
0 8.52 23.25 3.5881
0 9.2 26.22 1.6452
0 10.39 28.51 0.6235
0 11.88 26.56 1.432
0 14.66 30.16 2.8365
0 14.5 33.65 1.0404
0 12.56 29.49 1.7892
0 9.65 24.73 2.0713
0 10.25 19.95 2.7799
0.125 7 20.47 3.2325
0.05 8.59 24.82 2.7585
0 9.46 25.63 1.997
0 9.82 26.28 1.5893
0 10.75 27.35 1.3226
3.4 9.4 19.25 2.5364
9.45 7.87 15.13 2.2939
1.4 7.63 16.89 1.7135
0.9 9.46 16.31 3.2709
2.55 9.56 18.84 2.2249
0.025 8.84 25.55 2.9489
0 11.33 27.32 2.007
0 12.41 26.25 2.5236
0 10.81 24.29 3.5413
0 9.44 22.54 4.7272
0 8.31 24.01 2.7352
0.15 10.96 22.24 2.4223
0.075 8.99 21.22 2.1862
0 10.82 22.13 2.9174
4.85 9.45 21.13 3.9929
0.1 8.25 21.19 4.751
0 9.41 23.45 2.5807
0 10 23.53 2.1745
1.325 11.56 19.25 2.4572
0.05 8.13 20.87 1.618
0.05 8.77 21.51 0.5412
16.05 11.92 18.5 3.8195
16.4 13.64 22.2 0.9434
14.375 12.76 21.77 2.8515
0 11.15 24.35 2.4617
0 12.05 29.21 3.1056
0 12.16 29.64 2.0327
0 12.72 28.74 3.1224
0 12.02 25.02 3.357
0 12.62 28.56 2.8194
0 14.22 31.2 2.804
0 16.4 33.76 2.7045
0 18.11 34.49 2.457
0 16.79 31.59 2.9606
0 15.12 31.41 2.1841
0 13.33 31.48 2.6791
0 15.83 31.99 2.3916
0 17.42 34.91 0.8397
0 20.2 37.74 0.9559
0 21.23 38.17 2.4331
0 17.34 34.45 2.4218
0 14.08 31.65 2.536
0 14 31.61 2.7535
0 14.69 31.88 2.7109
0 15.46 33.24 2.8068
9.05 16.28 33.05 2.0063
2.625 13.84 22.99 2.2577
0 13.15 28.7 2.5506
0 14.17 31.64 2.1147
0 16.39 35 1.5528
0 17.39 36.99 1.2795
0 19.51 38.83 1.6377
0 19.38 39.52 1.6721
0 20.94 39.61 2.4143
0 19.55 39.27 2.4208
0 17.63 37.89 1.9504
0 16.89 37.97 2.5129
0 13.2 35.22 2.3861
0 12.84 32.89 2.3734
0 12.02 32 2.4865
0 14.14 31.91 3.0333
0 12.1 29.67 2.7905
0 11.94 28.12 3.3701
0 12.38 29.64 2.9332
0 13.09 29.24 1.9668
0 13.63 30.56 1.1063
0 14.8 31.64 2.0575
0 15.59 32.52 1.9988
0 16.34 35.74 2.3321
0 16.17 35.68 2.6743
0 16.7 35.31 1.95
0 15.87 34.66 1.6187
0 14.74 33.96 2.1024
0 13.8 34.19 2.217
0 14.78 34.89 1.7677
0 14.58 35.94 1.9085
0 16.63 36.18 2.5359
0 15.45 35.66 2.8719
0 16.48 35.74 1.905
0 15.11 33.17 1.2044
0 15.7 33.56 1.7206
0 16.04 33.86 2.0603
0 14.21 30.82 2.8851
0 13.74 32.34 2.4735
0 16.28 33.07 2.864
0 15.91 32.04 2.3858
0 14.7 32.85 1.914
0 14.19 33.92 2.0086
0 16.8 34.64 2.2354
0 15.37 32.82 2.5884
0 15.18 32 2.137
0 17.77 34.85 1.3373
0 17.69 34.17 2.1804
0 16.22 33.27 1.7989
0 15.3 33.61 1.8232
0 15.3 34.08 1.9881
0 15.79 34.1 2.1921
0 15.6 32.28 2.766
0 14.21 31.79 1.8003
0 13.77 31.88 1.2051
0 14.59 31.45 1.2347
0 15.44 34.94 1.1784
0 18.65 35.69 1.848
0 16.33 34.29 1.1985
0 17.46 35.53 0.6973
0 18.4 34.62 1.1006
0 16.97 35.1 1.3004
0 16.35 34.22 2.003
0 14.72 32.72 1.705
0 14.28 31.94 1.6493
0 15.77 32.36 0.8023
0 16.46 35.13 0.3437
0 16.69 35.01 0.9425
0 15.75 33.36 1.0655
0 13.85 32.78 1.7799
0 14.49 34.88 1.2475
0 16.7 35.58 1.3791
0 17.06 34.65 1.4105
0 15.86 35.56 1.514
0 20.18 36.12 0.643
0.3 17.82 29.08 1.468
0 15.94 31.08 1.6717
0 15.89 32.68 0.9499
0 17.98 33.53 1.6565
0 15.28 32.08 2.3005
0 13.11 28.62 1.7353
0 11.49 29.31 1.9013
0 14.58 31.56 0.8107
0 16.09 33.96 0.5723
0 17.35 35.61 1.2078
0 16.75 36.23 0.9551
0 17.3 35.8 0.7417
0 18.9 36.72 0.746
0 18.09 37.08 1.498
0 13.65 24.3 1.9802
0 13.07 26.65 2.3407
0 13.68 30.01 1.457
0 15.76 34.45 0.7079
0 17.32 33.88 0.8922
0 15.77 28.51 1.0144
0 12.64 27.24 1.9019
0 13.13 26.62 1.5643
0 12.4 22.71 1.6821
1.8 13.16 23.1 1.9229
22.25 12 23.29 3.1085
3.4 8.89 17.25 0.8301
0.35 8.49 20.38 1.041
0 9.48 23.41 0.9582
0 10.81 25.14 1.2751
0.05 13.33 23.39 1.338
0.025 16.54 25.65 1.4848
0 14.63 26.35 1.2388
0 12.86 28.88 1.1179
0 14.3 29.71 0.7777
0 15.82 29.71 0.9431
0 15.63 26.82 0.8729
0 14.03 29.27 1.3715
0 14.41 29.47 1.017
0 13.4 24.77 1.3989
0 12.53 26.78 1.1318
0 12.34 26.38 1.3249
0 12.58 28.15 1.8374
0 12.27 29.22 1.1359
0 13.06 28.34 1.2607
0 11.52 23.09 1.3878
0 8.99 25.14 2.2357
0 8.3 22.57 2.5789
0 8.43 24.16 1.4957
0 9.02 24.25 1.0607
0 9.56 25.16 1.9235
0 9.32 25.89 0.9432
0 11.12 26.23 3.1318
0 9.14 22.52 3.8158
0.225 6.74 23.39 2.5368
0.85 6.91 15.25 1.5828
0.35 4.26 13.8 0.2655
1.2 6.85 14.69 1.1406
0.175 6.32 15.19 0.7331
0 3.37 16.28 1.7669
0 2.98 17.29 2.8321
0 3.53 20.12 3.3076
4.025 9.33 16.86 4.2016
0.3 8.5 17.23 0.8755
0 8.09 18.61 0.598
0 8.44 17.18 1.3698
0 6.44 18.73 1.0719
0 5.8 20.02 1.0132
0 6.25 20.82 0.7777
0 7.26 20.55 2.466
0.325 5.22 14.82 1.8105
3.675 4.44 14.35 4.0004
0 3.74 13.46 1.8548
0 3.49 15.18 2.7079
0 4.55 14.83 4.0318
1 7.46 15.41 1.6103
0.45 4.76 16.31 0.508
0 5.2 16.07 2.5036
0 4.67 14.17 2.164
0.025 5.51 16.52 1.0363
0 5.74 10.65 1.4536
0 7.45 16.41 4.0718
0 5.8 19.49 7.0566
0 4 16.22 3.1569
0 2.44 16.41 3.9512
0 0.11 14.64 2.256
0 -0.77 14.38 3.3605
0 -0.84 14.47 2.7553
0 -0.43 14.28 2.5851
0 -0.33 14.7 2.3236
0 -0.57 15.24 3.6032
0 -0.35 15.51 2.6248
0 1.37 13.56 0.3619
0 3.68 11.86 1.229
0 2.44 13.89 1.1953
0 0.13 13.79 0.9095
2.425 3.63 10.97 0.8874
0.15 0.7 11.94 4.4274
0 0.16 11.9 3.8122
0 0.17 9.16 1.9098
0 2.03 14.59 3.3509
0 0.15 10.73 3.541
0 -1.94 11.88 2.8053
0 -1.45 15.16 4.3816
0 -1.65 11.76 3.6542
0 -2.57 13.03 4.3087
0 -1.68 13.05 3.1523
0 -1.91 13.84 1.0927
0 -0.07 13.45 1.1724
0 1.53 14.91 1.3008
0 4.1 14.93 0.7841
0 4.33 15.53 0.9087
0 3.43 11.97 2.1989
