0.125 -18.31 -0.61 1.5712
4.375 -11.15 -0.15 1.8075
2.225 -17.26 0.13 1.6896
0 -21.99 -9.13 4.4198
0.2 -21.58 -8.39 1.614
0.125 -12.63 0.45 0.7752
0 -11.43 3.79 1.2334
0 -11.12 1.97 0.7252
0 -15.29 4 4.7382
0 -16.99 -1.19 3.0567
0 -14.02 0.18 2.0357
0 -14.4 4.55 5.3811
0 -14.5 4.01 3.5818
0 -15.57 3.22 2.8241
0 -14.39 3.72 3.6594
0 -15.09 3.07 4.8305
0 -15.83 3.48 4.1656
0 -16.73 1.2 4.771
0 -15.22 2.89 4.8264
0 -13.72 -0.65 3.3025
5.675 -11.69 3.08 2.7279
11.725 -9.36 0.16 2.1602
11.925 -9.44 -2.57 1.5475
13.875 -7.35 -2.34 2.921
4.35 -11.23 -2.21 3.7993
0.8 -17.27 -6.85 0.782
0 -19.78 -7.59 1.1505
0 -14.43 -4.01 1.4319
0 -16.33 -0.37 4.2696
0 -15.55 1.46 4.5046
0 -14.94 2.71 3.0299
0 -13.41 3.73 3.2885
0 -14.36 1.34 3.6003
0 -13.45 5.4 3.7725
0 -12.55 5.14 3.0129
2.55 -7.97 4.99 2.5832
24.125 -11.57 -0.32 2.4438
15.025 -11.54 -5.69 2.9246
9.25 -14.23 -5.29 1.3145
4.675 -16.34 -2.52 4.0002
4.1 -23.46 -9.54 0.6034
3.7 -15.32 -6.14 2.426
1.325 -18.1 -4.83 1.4575
1.625 -17.4 -6.05 3.02
1.025 -17.11 -8.58 3.0401
2.275 -15.51 -5.33 5.2125
14.15 -13.95 -6.27 5.475
12.95 -15.22 -8.69 4.0527
0.525 -19.76 -5.87 0.9344
0 -18.95 -5.28 3.3226
0 -18.15 -2.93 2.3566
1.125 -16.6 -1.03 3.7678
7.275 -10.01 -0.23 3.132
4.3 -8.44 -0.42 2.3319
0.775 -8.15 2.91 1.6895
0.45 -8.57 4.58 1.5784
0 -8.89 0.92 2.814
0 -12.7 1.84 0.5317
0 -11.61 4.08 3.8847
16.075 -5.37 3.54 3.0003
17.325 -8.63 4.96 4.2356
10.475 -9.23 -1.79 5.0354
8.675 -12.32 -6.08 3.3955
1 -23.62 -6.54 0.6681
0.375 -15.64 -4.61 1.9657
0 -17.41 -4.21 0.2271
0 -15.82 -0.64 1.7554
0 -12.01 2.08 2.8268
0 -18.78 -3.76 0.5958
0 -14.84 1.7 0.8765
0 -14.17 1.2 2.4895
0 -14.99 1.97 2.8592
0 -14.59 4.49 1.4971
0 -11.3 4.4 2.5325
0 -9.01 5.83 2.9681
0 -8.81 7.31 1.0687
0 -9.74 7.09 0.8695
0 -8.19 9.52 0.7963
0 -9.35 10.31 0.805
27.775 -6.38 9.95 2.2692
24.1 -12.94 1.59 4.3752
0.625 -19.37 -8.79 2.2888
0 -18.11 -5.64 1.8549
0 -14.08 1.33 0.4419
0 -7.21 4.67 2.2682
0 -12.25 3.68 2.137
0 -11.32 5.81 1.3398
0 -5.23 9.8 3.4195
0 -15.48 5.64 2.0262
0 -11.65 4.58 0.4128
0 -7.65 7.56 2.5602
0.45 -8.7 7.37 2.6915
0.375 -12.22 4.83 5.5317
0 -17.18 -1.61 1.773
0 -14.6 1.51 3.0562
0 -12.24 6.09 2.9045
4.425 -8.69 9.32 1.546
2.8 -10.89 7.44 3.9392
1.35 -10.61 -1.05 1.8423
6.05 -9.57 0.97 2.1328
3.675 -11.68 -0.85 3.8188
0 -9.73 3.73 1.5608
0 -9.06 9.18 1.8997
1.55 -7.41 6.7 4.3758
1.45 -17.95 0.41 6.6244
0.2 -14.51 -1.24 3.6469
0 -12.08 2.09 1.5623
0 -8.9 8.69 3.2971
0 -8.16 11.81 3.0493
0 -5.23 14.56 1.6371
0 -5.05 16.36 1.0317
0 -3.15 16.85 2.32
0.025 0.38 15.37 3.2672
0.55 -5.11 9.82 3.578
0.325 -13.32 0.54 3.8642
0 -10.51 4.01 1.9231
0 -10.06 6.22 2.4227
0 -7.8 8.77 3.4754
0 -11.25 5.58 1.4664
0.3 -7.48 9.5 1.9634
7.625 -0.91 11.34 2.3818
5.525 -5.74 6.11 3.0419
0.3 -2.07 3.92 4.0771
1.475 -6.61 6.34 2.1357
0.875 -2.39 9.49 4.073
0 -5.37 10.44 2.673
0 -5.75 12.75 2.7372
0 -5.78 13.94 1.5971
0 -5.93 15.4 0.8944
0 -2.71 15.13 0.6588
0 -4.49 15.88 3.0195
0 -0.35 13.72 3.3254
0 -6.36 13.31 2.082
0 -4.64 13.32 3.1784
0 -2.35 15.96 1.4004
0 -2.41 17.06 1.9342
0 -0.44 19.57 0.3514
0.125 1.81 21.05 2.6135
0.1 1.11 18.53 3.1748
0 -1.83 15.38 1.9961
0 -2.18 16.01 0.8056
0.825 -1.38 17.3 2.4102
0.6 -1.43 15.98 2.8982
0 -3.22 14.64 2.7323
0.525 -1.73 14.77 1.7041
0.4 -3.33 15.18 1.1345
0 -2.18 15.87 0.7094
0.65 -1.27 17.56 1.5184
1.625 -0.6 16.89 2.2684
9.8 0.17 14.45 3.4047
11.525 0.48 12.62 2.0762
4.85 -1.06 13.83 1.7826
0.2 -3.2 12.75 2.1452
0.925 -1.16 11.86 0.9494
1.85 -5.73 8.55 2.2399
2.6 -4.26 10.93 4.0372
2.725 -7.59 5.22 2.8542
1.725 -3.48 6.06 2.8642
3.85 -1.41 10.07 2.5334
2.425 -1.78 11.57 3.3716
0 -1.18 10.76 3.1263
0 -4.52 9.3 3.2921
0.75 -3.57 11.24 1.9407
1.725 -1.93 10 3.7445
0.95 -4.94 9.8 2.6303
5.45 -2.93 11.34 2.3582
4.725 -1.35 11.46 2.1968
1.7 0.71 10.65 2.811
0.875 0.63 13.78 1.5086
0 3.19 17.55 2.7343
0 0.56 18.02 3.4164
0 -1.03 13.62 3.1307
0 -4.37 13.15 1.1808
0 -1.43 14.97 0.9709
0 0.27 18.51 1.3172
0.175 0.99 20.2 2.7429
0.125 -1.35 18.02 1.6408
0 1.46 19.23 0.9119
0 2.7 21.61 0.3349
0.25 2.4 22.72 3.028
0.025 3.76 21.71 3.0718
0.025 1.72 20.69 2.2013
0 3.77 20.58 1.416
0 2.25 19.83 2.9445
0 1.02 19.91 2.5241
0 -0.05 20.68 2.9029
0 0.72 20.94 2.8386
0 0.02 19.37 3.1024
0 1.09 18.72 2.6955
0 -0.7 18.85 2.5743
0 -1.06 18.99 1.962
0 4.59 19.53 2.1288
0 3.34 20.18 2.5876
0 2.67 19.74 1.3686
0 0.54 21.2 0.7894
0 1.7 22.52 1.679
0 3.76 23.71 2.2709
0 3.61 23.42 2.0302
0 4.83 24.24 2.1603
0 7.36 24.24 2.168
0 5.26 23.93 2.5328
0 4.78 23.93 2.5714
0.15 3.96 23.78 2.1315
0.875 4.67 23.92 2.0755
0.625 3.55 22.46 2.2136
0 4.67 23.27 2.2547
1.65 4.25 23.13 1.9835
1.175 5.2 23.09 1.7815
0.225 7.06 23.19 1.9448
0.275 4.69 22.11 2.7505
0.05 2.15 21.24 2.375
2 3.57 22.18 2.152
1.3 2.31 23.09 2.3178
0 3.39 21.42 3.1469
0 0.62 21 2.9111
0 3.85 20.42 2.5926
0 6.09 18.84 2.8386
0 2.78 17.46 3.5893
0 -4.33 9.92 2.0795
0 -3.17 11.08 1.2158
0 -1.01 15.92 0.1468
0 -0.18 18.27 1.0903
0 1.84 20.87 2.8795
0 2.3 20.75 2.751
0 3.25 21.18 2.9826
0 0.94 19.82 3.2458
0 -2.26 18.19 1.326
0 -2.64 17.41 0.2926
0 -1.15 19.94 0.6364
0 -0.67 21.47 1.016
0 1.73 23.5 1.2582
0 1.77 24.13 1.6836
1.875 2.65 24.55 2.32
5.05 3.58 23.87 2.3746
6.25 4.22 19.12 3.5465
1.875 -1.56 12.48 1.725
0 0.23 18.02 1.7979
0 -0.05 19.9 0.8123
0 0.09 20.54 1.3146
0 0.53 20.92 0.9474
0 2.88 21.47 1.4411
0 2.16 22.44 3.2959
0 1.68 18.92 2.4364
0 1.87 18.08 1.4205
0 0.84 18.76 0.1794
0 3.4 19.36 1.3497
0 2.26 19.54 1.9436
0 -0.82 18.68 2.2473
0 0.55 19.09 2.0882
0 -0.7 18.01 1.3143
0 -1.59 18.49 0.5882
0 0.22 17.89 0.9881
0 1.4 19.68 0.3948
0 1.04 19.93 1.0103
1.025 1.32 21.83 1.3657
0.625 0.24 19.57 2.5755
0 -1.51 16.98 2.8487
0 -3.64 13.72 1.4878
0 -0.41 16.1 0.9822
0 -0.59 20.07 0.4571
0 -2.26 20.89 1.2417
0 2.57 21.31 2.5805
0 -0.81 18.34 1.0508
0 -0.7 17.51 2.99
0 -4.67 18.12 2.738
0 -2.2 19.4 1.9069
0 -2.43 20.31 1.0384
0 -2.24 20.29 0.7775
0 -1.26 21.12 1.1739
0 -2.44 21.01 0.3184
0 -0.09 20.87 2.3715
0 3.46 17.81 2.8078
0 -11.15 9.74 2.3713
0 -10.29 5.86 2.6934
0 -7.79 10.25 1.0231
2.425 -1.48 12.58 3.3087
1.65 -11.26 8.41 3.7647
0 -12.9 -2.56 0.4007
0 -10.77 3.21 3.484
0 -10.55 4.64 1.9464
0 -8.13 7.77 1.4181
0 -7.44 10.7 0.9461
0 -6.89 13.08 0.6524
0 -7.14 10.6 2.1946
0.15 -6.02 11.83 2.0825
48.35 -3.43 5.95 6.2084
34.1 -3.61 2.25 4.7676
0.025 -4.09 7.48 0.6938
0 -4.24 11.7 2.2867
0 -4.32 12.89 1.3882
0.025 -2.28 14.64 2.3138
1.3 0.86 12.89 2.7484
0.85 -8.19 5.88 2.8054
0 -8.8 6.05 1.1175
0 -7.62 10.46 0.735
0 -7.2 10.31 0.7677
0 -5.78 12.42 1.097
0 -5.87 11.84 2.0118
0.025 -7.24 8.11 1.346
3.675 -8.1 11.4 4.015
2.625 -13.79 -5.53 5.2345
0.075 -15.2 -4.23 0.9071
0.075 -10.38 2.71 0.06
0 -9.12 8.13 0.9539
0 -8.35 10.39 0.8454
0 -7.86 12.33 1.1231
0 -7.25 12.91 1.168
0 -8.05 12.9 1.808
0 -3.37 12.19 2.4049
0 -8.25 10.11 0.8113
0 -10.78 8.13 1.277
0 -12.96 6.77 1.8461
0 -12.17 3.42 1.4812
0 -11.03 7.57 0.9516
0 -9.88 7.36 0.9315
9.475 -4.92 7.85 2.174
6.775 -12.73 -0.44 0.9973
0 -14.43 -0.53 1.1402
0 -15.66 0.33 2.8531
0 -13.06 2.92 2.3051
0 -12.29 6.19 1.9791
0 -10.83 7.99 0.9572
0 -15.19 2.81 2.3921
0 -10.9 4.05 4.1612
0 -10.77 3.56 0.8525
0 -11.5 0.18 0.6005
0 -15.14 4.62 2.6658
0 -14.65 2.08 3.896
0 -13.82 3.78 4.2851
0 -14.91 3.94 2.8253
3.975 -10.93 3.64 1.6028
2.65 -10.66 3.03 4.9995
0.05 -16.37 -8.08 5.4421
0 -16.78 -3.09 3.8128
0 -15.6 -0.14 1.5105
0 -16.04 -0.66 2.3891
0 -16.97 0.1 2.208
0 -16.73 -2.07 2.1345
0 -10.84 1.28 1.2822
1.05 -18.66 -1.25 2.2805
6.775 -13.3 -6.81 1.2679
4.075 -25.87 -11.9 0.6179
0 -28.4 -10.81 1.7744
0.65 -25.64 -7.8 2.7913
6.7 -14 -4.3 2.6889
37.2 -11.54 -4.8 3.6892
23 -12.82 -5.12 4.863
0.275 -20.86 -5.59 0.8783
0 -17.55 -8.55 2.8731
0 -16.43 -5.18 2.2
0 -15.36 -2.85 2.2256
0 -16.83 -4.21 2.7543
0 -19.12 -6.04 4
0 -16.13 -8.82 2.9065
9.975 -12.49 0.51 1.9867
6.85 -16.68 -0.3 3.7859
0.05 -22.24 -9.13 3.1138
0 -19.99 -7.56 3.6265
0 -19.49 -1.94 3.4503
0.95 -19.33 -9.59 3.8824
0.575 -19.06 -6.14 1.8866
0.375 -19.18 -5.7 3.3018
4.25 -14.14 -8.6 0.7307
3.425 -12.34 -6.4 1.5068
0.025 -12.44 -4.03 2.3343
0 -13.26 -1.65 1.7655
0 -16.71 -0.61 1.1186
0 -18.03 -4.98 3.9614
0 -17.06 -5.13 2.929
0 -16.54 -3.14 2.1319
0 -16.05 -3.62 2.7067
0 -13.67 -2.02 2.966
0.05 -12.58 -0.51 3.1538
0.825 -11.94 -0.82 2.2299
0.45 -10.42 -4.09 2.4567
0.05 -12.88 -4.61 3.0239
13.125 -11.64 -5.24 4.3222
9.9 -9.57 1.17 2.1871
0 -17.57 -2.02 1.5154
0 -17 -3.5 3.3026
0 -14.5 -2.9 1.6729
8.725 -15.21 0.47 2.4662
38.75 -12.05 -1.57 4.54
23.9 -13.93 -6.53 5.3145
27.225 -12.99 -7.81 6.1426
40.6 -18.22 -8.3 3.9785
16.75 -17.66 -12.1 4.4127
0.65 -19.72 -8.16 0.8701
0.35 -22.19 -10.21 1.9075
5.325 -17.46 -8.88 3.3256
3.05 -12.47 -4.39 2.7712
0 -14.26 -1.78 1.3996
0 -19.16 -2.57 2.8126
0.125 -17 -7.86 3.0466
0.075 -15.48 -4.39 1.5727
0 -21.73 -3.61 0.9807
0 -18.93 -8.35 1.6933
0 -14.07 -5.85 1.8382
0 -17.03 -4.79 0.6131
4.075 -16.4 -6.65 2.3842
6.725 -11.24 -2.51 3.3678
5.675 -11.4 -3.11 1.8459
2.175 -13.07 -3.25 2.583
0.125 -11.72 -4.18 1.4684
1.7 -14.7 -5.44 2.4751
1.15 -16.37 -5.27 0.4874
0 -13.87 -4.55 0.8776
0 -13.69 -0.79 1.0173
0 -14.91 0.47 1.3689
0 -15.97 -0.17 1.5037
0 -14.14 0.01 0.8096
0 -14.72 2.54 1.7927
0 -14.1 1.06 2.4407
0 -13.08 1.36 1.5146
0.95 -12.66 1.22 1.4984
1.625 -11.13 -2.38 2.5673
11 -9.96 -2.27 3.1964
7.4 -19.54 -3.6 2.6186
13.925 -17.91 -5.84 3.4662
14.8 -11.76 -1.92 3.0181
1.225 -15.31 -2.64 0.5032
35.2 -12.4 -1.68 4.4061
26.125 -11.2 0.69 2.0639
1.375 -10.54 -3.39 0.9214
0 -13.76 -0.45 2.5159
0.3 -11.57 -1.41 2.7852
7.325 -13.27 -0.44 3.2305
4.65 -15.69 -2.01 3.4827
0 -18.09 -4.39 1.2145
0.2 -12.76 -3.05 2.8093
0.225 -13.4 -3.36 0.7631
1.35 -13.6 -0.26 2.3729
0.8 -18.54 -2.1 4.1139
0 -14.45 -5.05 1.9832
0 -18.69 -6.56 0.5664
12.625 -14.07 0.03 2.2494
8.325 -13.39 1.72 2.6643
0 -19.41 -5.49 2.7857
0 -16.64 -0.04 3.8265
0 -13.35 3.76 1.7481
0 -10.56 5.71 0.7168
0 -9.88 5.87 3.1733
0 -13.54 3.09 2.1279
0 -12.35 5.94 2.2359
0 -10.66 6.33 1.2383
0 -11.18 6.41 1.1643
0 -12.89 5.84 2.6498
0 -12.77 4.62 2.3727
0 -9.28 7.11 2.7886
0 -13.58 1.06 2.8372
0 -13.88 0.64 2.9829
0 -11.34 3.65 1.7452
0.225 -6.17 8.27 2.9571
5.125 -7.92 9.57 6.2371
3.5 -12.3 -1.68 3.5717
0 -17.11 -3.91 0.9655
1.45 -15.18 -1.77 2.5503
0 -9.37 1.17 2.3427
14.25 -14.66 0.48 2.7732
10.275 -13.43 -2.38 3.8581
0 -18.26 -4.86 0.8408
0 -15.35 0.53 2.2702
0 -11.1 5.43 0.5236
0 -9.83 8.57 1.773
0 -10.5 4.77 1.942
10.725 -6.24 6.21 3.752
7.5 -14.62 0.51 4.742
0 -13.09 -3.27 1.1238
0 -11.1 1.9 0.7049
0 -10.46 4.36 0.9285
0 -6.48 8.7 2.773
0 -9.77 8.7 1.2657
0 -9.99 11.75 1.023
0 -8.49 12.07 1.9861
5.65 -4.35 10.11 3.1166
7.875 -12.13 -0.28 2.8893
6.925 -10.69 -3.06 1.4221
2.775 -8.42 -3.93 1.6822
0 -9.12 6.22 0.6403
0 -7.5 10.34 1.522
0 -8.82 8.93 0.7193
0.025 -1.89 11.87 4.6602
0.375 -8.92 3.79 5.5324
1.425 -14.57 -1.82 4.2819
0.925 -12.04 -1.36 3.6121
0 -10.43 2.97 2.0059
0 -10.31 8.82 2.4523
0 -8.23 9.06 1.35
0 -4.71 12.08 1.9715
0 -3.24 10.58 3.6229
0 -11.4 7.03 2.258
0 -11.12 4.52 1.2043
0 -4.86 9.26 2.9881
0 -9 7.46 3.863
2.75 -11.56 2.36 3.7064
1.975 -14.28 0.87 5.157
0 -8.18 2.11 2.6418
0 -8.49 6.33 1.3751
0 -7.75 6.94 0.8884
0 -6.08 10.05 0.7258
0 -4.41 13 1.5299
0 0.07 11.76 2.382
0 -8.23 7.55 2.8095
0 -5.82 7.83 1.8175
0 -2.83 10.62 3.443
0 -3.1 10.19 4.5355
3.2 -10.51 4.79 3.8641
2.45 -11.83 -0.17 4.1218
0 -8.19 1.09 2.3929
0.2 -10.1 3.34 1.7477
0 -5.56 8.48 3.6956
0.55 -8.52 5.64 2.9506
0.375 -10.07 2.32 4.0534
0 -11.17 2.78 1.9109
0 -8.22 10.16 0.7809
0 -3.57 14.18 2.7567
0 1.23 13.59 2.9948
0 -2.63 12.53 2.7736
0 2.62 16.09 3.0261
0 4.73 14.85 3.1375
0 3.69 13.75 2.1665
0 3.05 18.99 3.2229
0 6.59 19.42 3.2147
0 1.03 18.43 2.1334
0 4.04 18.24 4.2479
0 1.53 14.24 4.6778
0 -2.94 10.58 5.49
0 -1.93 4.98 4.4881
0 -3.83 11.14 1.3339
0 -2.03 14.39 1.6095
0 0.49 17.92 3.3987
0 -1.54 16.12 3.3613
0 -5.44 10.06 0.6623
0 -3.02 15.07 2.2354
0 -3.78 13.72 3.4238
0 -4.08 13.53 2.5493
0 -2.86 15.21 1.3223
0 -2.89 13.17 0.8572
0 0.31 17.48 1.4576
0 1.1 18.56 2.2043
0 3.41 16.77 2.5791
0 0.09 16.01 2.2518
0 2.09 17.85 0.6713
0 3.99 21.83 1.3389
0 4.56 22.31 3.4447
0 2.36 21.53 3.1071
0 -3.2 17.56 2.7388
0 -0.39 19.23 2.7156
0 -0.32 18.96 1.8385
0 -1.04 16.97 1.0986
0.6 -3.78 18.13 1.7223
2.975 1.52 20.69 2.2589
1.725 1.71 20.6 1.9399
0 1.88 19.01 1.9615
0 4.03 20.49 1.9828
0 2.6 20.49 1.8371
0 2.79 20.72 2.6252
0 4.49 20.87 3.4827
0 6.35 22.2 3.776
0 3.86 21.81 1.8708
0.675 4.13 23.42 0.9979
3.275 4.87 24.1 2.5577
2.05 3.61 17.89 2.8663
0 3.39 22.91 2.6776
0 3.94 24.26 2.1556
0 3.96 24.51 2.0891
0 3.57 24.2 2.921
0 3.09 22.6 1.1103
0 3.71 22.6 2.2455
1.8 4.31 23.18 1.8525
5.85 5.87 23.43 2.2384
3 3.61 20.69 2.6866
0 2.23 20.11 1.9346
0 1.89 20.66 2.381
0 3.16 20.92 1.866
0 3.44 21.76 2.3505
0 2.87 21.41 2.6176
0 1.59 21.31 2.1581
0 2.14 21.51 2.533
0 1.6 21.69 1.7426
0 2 21.86 2.0487
0 2.35 21.79 2.0777
0 1.12 21.33 2.2103
0 3.1 20.67 2.5436
0.25 1.55 19.14 2.9622
0.15 0.15 16.97 2.2234
0 0.07 18.31 2.1801
0 0.49 18.26 2.5525
0 -0.45 15.84 1.0562
0 0.33 18.61 1.056
0 2.04 20.8 1.9313
0 1.64 21.3 2.6338
0 2.74 20.8 1.1472
0 2.77 21.85 2.0499
0 4.8 22.99 2.1224
0 2.7 20.56 1.8985
0 0.43 20.58 2.2117
0 3.33 21.78 2.3536
0 4.03 18.42 1.8812
0 -0.04 16.45 2.9228
0 -0.11 19.88 2.4301
0 0.83 23.17 0.8483
0 6.52 23.92 2.7402
0 5.28 23.41 2.8958
0 2.9 19.63 3.3622
0.225 -1.4 9.98 2.2311
0.125 -4.72 8.54 2.3327
0 -4.3 12.6 0.9314
0 -1.76 16.7 0.6575
0 -1.13 20.68 0.6423
0 0.09 21.44 1.1083
0 0.75 22.2 1.6376
0 -0.94 20.65 1.9559
0 -3.79 19.5 1.5376
0 -2.22 18.5 2.9563
0 3.09 17.74 3.348
0 -7.13 9.77 2.178
0 -6.06 13.32 0.8926
0 -4.14 15.48 0.942
0 -2.36 17.05 1.1358
0 -3.12 17.54 1.961
0 -4.32 15.86 1.5206
0 -4.2 16.76 0.5787
0 -3.85 17.72 1.0822
0 -3.26 18.94 1.7377
0 -3.47 18.81 1.5886
0 -2.3 19.4 1.7674
0 -5.75 16.58 0.9401
0 -6.04 16.55 1.1525
0 -1.65 17.34 2.7583
0 -5.93 12.43 0.7349
0 -4.94 16.14 0.5185
0 -4.17 18.84 1.1118
0 -2.03 20.4 0.5659
0 -2.37 21.24 1.2868
0 -1.4 22.06 0.4516
0 0.57 22.13 0.528
0 -1.04 21.98 0.3274
0.125 0.95 19.57 0.7017
5.375 -0.09 17.29 1.5197
22.4 0.13 15.43 1.8407
37.35 -2.38 8.86 1.6161
16.425 -5.32 1.81 1.3722
5.65 -7.89 4.02 0.82
1.45 -7.82 2.08 2.2866
0.125 -8.43 6.1 0.7946
0 -6.22 10.35 1.7217
0 -4.95 11.99 1.7561
0 -3.5 14.31 1.5373
0 -3.23 13.37 2.6547
0 -4.53 13.48 1.9295
0 -5.29 14.23 1.0208
0 -4.18 14.25 0.9724
0 -3.82 13.77 1.5591
3.2 -2.35 10.36 0.9209
3.375 -3.4 7.12 1.3754
0 -3.3 6.7 2.1428
0.45 -5.95 8.9 1.275
0 -5.26 9.45 2.1221
4.225 -7.03 8.64 1.9752
9.1 -2.42 6.62 1.9428
34.325 -1.21 4.97 4.8978
23.05 -6.58 5.75 4.077
0.025 -9.6 2.85 1.514
0 -13.6 2.03 3.1706
0 -11.2 1.6 3.3675
2.45 -8.19 7.4 2.1037
1.7 -7.25 8.53 2.1285
0.025 -9.56 3.56 0.842
0 -9.07 7.09 1.8489
0 -8.24 10.33 3.4907
0 -7.16 12.64 3.3203
0 -4.97 13.38 2.33
0 -3.19 12.31 1.2607
0.125 -3.82 11.02 2.5163
12.95 -7.73 8.91 3.1389
9.025 -11.43 3.52 2.9591
0.575 -15.74 -1.97 0.5725
0.75 -15.11 -0.27 1.6335
0 -14 -1.77 2.6471
0 -13.71 0.01 1.4742
0 -12.56 3.98 3.2382
0 -11.54 1.26 1.4995
0 -7.84 5.97 2.4333
0 -10.37 7.66 0.7686
0 -14.17 6.77 2.2244
0 -4.05 7.91 2.7461
17.025 -4.13 8.31 3.3668
28.65 -11.7 3.92 3.6093
18.225 -14.96 -3.79 5.566
5.125 -14.71 -8.67 3.4807
8.825 -14.42 -4.64 4.813
6.075 -21.51 -7.42 0.9823
0.425 -26.65 -8.71 3.3374
0 -19.89 -6.49 3.2302
12.175 -15.87 -3 3.15
8.025 -20.17 -2.81 3.1338
0 -24.14 -8.74 1.9751
0.65 -20.7 -10.51 2.9104
0 -18.65 -1.5 2.1049
0.075 -12.93 1.48 2.4331
0 -2.99 4.01 1.7927
0.275 -6.12 5.36 1.6352
17.45 -10.72 0.65 1.8984
12.1 -9.02 2.82 3.2222
0 -12.08 0.07 2.3778
1.25 -10.26 1.11 1.817
2.05 -6.61 3.4 1.241
0.4 -5.96 3.09 1.5543
0 -6.72 5.04 0.5874
0 -11.71 7.15 2.1845
0 -12.21 4.75 1.6087
9.05 -10.73 3.32 2.2273
6.8 -10.34 2.48 1.8424
4.75 -12.67 -3.49 2.6445
37.075 -11.89 -4.35 3.3507
73.9 -9.67 -5.25 5.3982
75.875 -8.92 -2.39 6.4649
49.65 -12.18 -4.85 2.2372
22.125 -14.09 -10.54 1.9275
3.325 -16.61 -6.48 2.1689
2.05 -12.78 -5.64 0.4289
0.275 -13.97 -4.86 2.7869
15.775 -19.47 -3.91 5.0555
7.675 -14.64 -4.05 2.1243
0 -17.39 -6.92 1.0596
37.075 -15.31 -6.66 2.271
24 -13.78 -5.35 4.8473
0.875 -22.18 -5.57 2.9713
3.45 -23.19 -12.28 1.078
11.775 -21.38 -11.86 3.4155
13.95 -17.96 -11.87 4.3612
19.85 -15.84 -11.55 2.5185
0 -18.88 -7.84 2.9436
0 -22.61 -10.49 3.6887
0 -20.31 -11.51 5.3861
0 -19.09 -10.77 3.9727
0 -19.07 -10.13 1.7648
0 -19.44 -8.87 0.9347
0 -18.99 -3.4 3.3668
2.8 -18.86 -9.11 3.1216
2.425 -16.58 -6.01 1.5093
0.1 -16.25 -4.36 1.563
0.05 -16.12 -0.68 1.4094
0 -14.91 -1.56 2.2512
0 -11.85 -1.62 1.1244
0 -9.84 0.96 0.6181
0 -15.05 0.08 2.0333
0 -11.28 0.07 1.3255
0 -15.91 0.55 4.259
0 -15.86 -1.88 3.4848
0 -14.25 -1.32 2.7922
0 -16.45 0.66 3.5268
0 -15.94 -2.36 2.1402
0 -15.15 -0.72 2.0996
0 -15.73 0.8 4.8938
0 -16.37 -0.4 3.0541
0 -15.7 -1.45 1.7396
2.75 -13.84 0.19 0.7881
7.125 -12.11 2.67 1.7611
2.45 -15.07 -4.55 1.7889
0 -15.82 -3.92 2.278
0 -23.09 -5.36 3.0996
0 -19.59 -5.24 2.1447
0 -15.88 -1.53 3.0259
0.025 -13.21 1.77 1.7286
0.025 -9.14 2.16 1.9579
0 -11.43 2.6 0.6946
0.15 -15.3 5.74 2.3765
0.1 -19.25 -4.76 3.6802
0 -19.59 -4.6 3.7581
0 -17.76 -2.5 3.7341
0 -15.42 0.4 2.5233
0 -13.56 3.69 1.5268
0.025 -9.84 3.6 3.2239
8.1 -4.89 2.43 3.9655
22.65 -10.81 2.64 6.3435
12.85 -15.91 -7.39 4.2104
32.775 -13.24 -8.66 3.2738
28.125 -13.38 -4.23 4.3899
1.45 -24.17 -6.48 0.8415
0 -24.01 -7.67 1.2195
0 -20.44 -8.82 0.403
0 -21.45 -4.39 0.2283
4.95 -15.4 -5.26 2.5526
12.075 -13.4 -4.49 6.035
16.575 -19.3 -8.46 0.5747
0 -22.72 -10.26 0.5171
0 -21.14 -5.85 2.1361
2.125 -18.71 -2.56 1.7572
2.825 -16.43 -1.23 3.3434
4.4 -10.72 0.75 2.0857
0.4 -17.39 -1.11 1.3767
1.2 -11.77 0.18 0.6045
6.825 -8.9 2.69 1.811
10.625 -9.9 -0.39 4.6035
0.025 -12.52 -2.75 0.788
0 -10.53 3.61 1.5523
0 -8.59 5.77 1.5569
0.15 -8.7 4.92 1.0238
0.1 -10.08 4.9 0.7493
1.025 -11.43 4.4 0.915
0.725 -7.63 2.23 1.2221
8.325 -7.23 5.48 1.4496
22.45 -6.22 6.27 3.3035
6.75 -13.96 0.31 0.8873
16.925 -10.92 -0.82 3.3651
41.15 -13.68 -3.91 5.0446
54.4 -11.36 -5.42 6.4927
11.825 -13.33 -7.57 2.897
7.075 -16.44 -4.72 0.8081
16.325 -13.61 -5.39 4.2479
33.15 -14.85 -7.18 5.3654
19.925 -15.82 -6.12 4.3613
7.4 -13.08 -2.97 2.9532
3.3 -11.37 -2.74 1.8382
0.05 -10.21 2.5 0.5078
0 -11.85 3.86 0.9382
0 -8.82 5.64 2.1758
0 -7.72 7.68 2.1606
0 -6.49 12.78 1.6423
0 -3.04 14.72 1.5914
0 -10.22 8.64 1.3354
0.05 -10.53 4.9 2.1032
0 -7 11.07 1.5746
4.15 -8.72 9.91 1.3205
4.725 -11.77 7.22 3.7211
4.675 -18.55 -5.7 1.4286
2.125 -15.4 -8.17 1.6071
0.05 -14.4 -2.75 0.5939
0 -10.73 3.7 1.4065
0 -10.98 6.13 1.2932
0.55 -9.07 5.97 3.1191
0.4 -14.06 -3.03 0.5983
0 -9.73 4.21 0.7835
0 -7.68 9.87 1.2069
0.025 -6.44 12.01 2.3912
0 -4.33 11.22 3.4211
0 -6.76 6.36 1.9252
0.25 -4.76 8.49 2.5092
6.1 -5.13 3.22 2.6808
4.725 -10.53 4.26 0.8505
3.1 -8.7 3.94 1.6344
0.15 -6.19 3.66 2.9259
0.575 -7.57 2.11 2.8277
0.025 -10.72 3.75 2.7916
0 -9.27 6.7 0.8842
0 -6.49 10.83 2.7088
0 -10.95 6.55 4.6381
0 -13.67 0.96 3.8323
0 -12.21 2.78 2.1423
0 -9.32 7.5 0.7259
0 -6.6 11.29 0.8482
0 -6.79 13.26 3.2385
0 -4.5 13.73 1.0561
0 -3.82 15.48 1.8398
0 -1.23 14.45 2.2621
0.325 -3.94 10.98 3.4143
1.475 -11 3.74 3.6828
2.325 -11.64 -2.42 3.067
0 -8.53 5.54 1.6765
0 -5.27 10.99 1.2545
0 -4.03 13.15 0.6685
3.125 -3.86 14.11 3.1768
5.25 -11.74 8.05 3.4016
1.65 -13.08 -2.82 1.1634
4.95 -9.43 0.97 3.4441
23.3 -10.28 0.61 2.6918
2.675 -8.65 0.69 3.8455
0.05 -9.17 4.8 1.8739
0 -4 11.28 1.8656
0 -4.35 11.08 2.6988
0 -6.56 9.46 4.2984
0 -8.95 7.23 2.3933
0 -4.91 11.18 3.0539
0 -4.37 9.49 2.9709
0 -4.78 8.94 3.609
1.775 -3.77 9.65 4.5152
3.375 -11.65 4.49 5.0647
0.625 -11.1 0.42 3.0803
0.45 -8.55 4.81 3.1438
0.975 -4.81 6.04 3.356
0.625 -8.96 3.33 1.8887
0 -9.62 3.61 0.8004
16.925 -2.5 7.5 2.7118
16.6 -4.23 0.5 1.7125
4.3 -5.15 8.72 3.9237
0.8 -6.43 7.42 1.7528
0.575 -4.99 10.26 3.0254
0 -3.66 11.74 1.5831
0 -2.53 14.87 1.9788
0 -2.35 14.84 2.9383
0 -1.44 13.36 2.5718
0 -1.18 15.12 2.8034
0 -0.02 16.72 1.3669
0 1.33 19.97 1.9519
0 0.75 20 2.4512
0 -2.97 15.26 0.9619
0 -2.15 14.58 3.0784
0 -0.18 17.16 2.1518
0 -2.33 14.82 0.1816
0 0.44 20.07 0.3
0 2.84 21.45 2.4953
0 2.85 21.37 3.3021
0 -0.59 18.71 2.8114
0 -2.02 18.38 2.7712
0 -1.6 17.83 2.1614
0 -0.4 19.15 2.0663
12.175 2.47 20.34 3.0774
22.325 -0.66 15.61 2.7333
7.225 -4.25 8.34 2.1979
0 -0.81 18.37 0.5985
0 1.3 22.1 0.9628
0 3.08 23.75 1.0154
0 3.63 23.35 1.8551
0 3.88 22.45 1.8557
0 5.38 20.15 2.3845
0 4.08 20.9 2.9629
0 1.07 18.98 2.3514
0 1.08 20.7 2.5965
0 -0.8 20.35 2.2999
0 0.85 19.6 2.537
0 0.24 19.33 2.5854
0 0.28 18.97 3.254
0 -1.22 17.54 2.6072
0 1.12 16.77 3.0747
0 -1.26 16.54 3.1828
0 -0.6 16.63 2.112
0 -0.76 18.21 1.7386
0 0.61 19.21 2.1305
0 0.18 19.93 1.1172
0 1.16 20.38 2.3313
0 1.86 21.68 2.9229
0 2.46 20.66 1.8121
0 3.35 22.46 2.1718
0 1.64 21.89 2.3405
0 -0.62 20.97 1.8144
0 0.79 21.45 1.7218
0 2.37 20.09 1.2561
0 5.58 22.05 2.011
6.625 2.2 22.8 2.9612
5.6 1.74 19.71 2.1963
1.7 2.76 15.63 1.7534
0 1.6 19.52 2.0379
0 1.56 19.88 2.1809
0 0.52 20.88 3.1655
0 0.81 19.4 2.2058
0 0.15 20.1 3.1212
0 -0.28 20.5 2.5384
0 0.43 20.36 1.8807
0 0.55 21.73 1.923
0 0.99 21.12 2.1546
0 0.82 20.97 2.6759
0 2.21 21.84 1.4289
0 3.35 21.33 1.4825
0 1.33 21.02 2.2686
0 2.72 19.91 1.5905
0 1.56 19.04 0.8509
0 2.17 20.42 1.4617
0 1.6 21.84 1.1963
0 1.99 22.99 2.47
0 3.09 22.06 2.1486
0 1.35 20.6 1.64
0 1.44 20.05 1.1994
0 -2.78 19.29 1.0172
0 2.67 22.49 2.1159
0 3.52 22.29 1.4775
0 2.46 21.21 1.111
0 4.96 22.61 1.2598
0 5.25 22.52 1.6443
0 3.68 22.44 1.6434
0 2.82 22.51 2.1021
0 -0.8 22.13 2.01
0 -0.1 20.21 0.7408
0 -0.24 19.54 0.9037
0 0.09 19.83 0.9256
0 1.4 20.04 0.8086
0 5.14 20.17 1.8311
0 1 18.24 0.506
0 0.12 19.62 0.9136
0 3.68 19.77 0.716
0.375 1.94 18.57 2.0182
2.4 0.45 15.59 1.2522
5.175 1.34 15.48 1.3283
14.25 -0.34 11.15 1.2715
5.9 1.24 13.24 0.655
7.1 -1.35 14.95 0.9311
0 0.22 14.58 2.512
0 1.12 15.7 2.0614
0 -0.85 13.42 1.5846
0 -0.89 14.96 0.2505
2.75 -0.3 17.45 0.3611
1.9 0.8 19.15 0.869
0.025 -0.66 18.65 0.4432
3.15 0.35 19.3 0.5471
0 2.85 19.03 0.906
0.425 1.33 20.16 1.6924
5.35 -0.63 15.35 2.4045
0.05 -2.49 12.98 1.5296
0 -0.61 16.23 0.4419
0 -0.8 18.17 0.675
0 1.32 17.67 1.0297
0.025 -1.26 18.47 1.7067
0.025 1.98 18.14 2.7534
0 3.71 14.95 2.2249
0 0.7 14.81 2.4284
24.575 -3.02 10.43 2.5134
26.5 -7.51 7.7 4.1753
7.3 -8.95 0.95 0.6213
1.6 -11.18 1.13 1.0273
0 -8.39 5.55 1.3105
0 -7.58 7.68 1.4781
0.525 -5.12 9.64 1.8303
2 -3.63 8.19 1.8322
0 -4.59 13.03 0.9334
0 -3.72 14.88 0.7272
0 -4.75 16.95 0.7659
0 -4.03 17.57 1.3791
0 -2.43 13.98 1.9242
0 -3.35 13.11 2.0479
0 -4.5 11.99 2.2266
0 -3.9 13.87 0.5974
0 -4.67 12.14 0.6162
0 -6.03 12.46 0.368
0 -5.01 12.05 2.3692
0 -7.06 13.26 1.9999
0 -5.42 13.49 2.5569
0 -6.06 10.1 1.4215
0 -11.46 7.26 4.0057
0 -11.26 2.43 3.4976
0 -10.64 6.97 2.2998
0 -10.1 8.98 0.813
0 -9.78 10.34 2.4135
0 -9.43 10.73 0.2544
0 -7.8 10.77 3.4411
0 -11.65 2.85 4.1328
1.45 -13.25 4.05 4.195
9.275 -13.22 5.58 2.0056
5.9 -16.77 -6.11 0.3923
9 -13.99 -4.53 1.5592
0.15 -13.48 -4.5 1.0977
0 -14.97 -4.38 2.4271
0 -14.68 -1.56 3.3989
0 -14.05 1.56 2.9264
1.825 -10.36 0.09 3.0518
2.025 -7.79 -1.74 1.0703
0 -10.28 2.4 0.2729
0 -8.6 4.56 0.4495
0 -11.29 5.18 0.4851
0 -11.94 6.74 0.8491
0 -11.91 4.79 1.4492
0 -11.62 5.42 3.788
0.2 -11.12 1.19 2.3331
1.625 -11.39 -0.94 3.7359
1.9 -15.54 -4.35 1.462
0 -14.37 -1.82 2.1217
0.125 -12.3 2.63 3.4553
0 -9.24 5.32 2.3829
0 -11.74 2.99 0.8042
0 -12.99 4.37 3.0045
0 -10.52 5.62 2.3983
0 -11.32 5.78 1.096
0 -12.24 6.93 2.0619
0 -11.29 6.27 3.165
0 -13.59 0.39 9.523
0 -16.73 -7.02 4.097
0 -18.6 -2.02 4.6594
0 -19.24 -6.02 2.6664
0 -18.05 -1.08 3.5298
0 -18.9 -3.67 2.9699
0 -17.02 -1.72 3.6766
0 -16.01 0.43 4.1244
0 -18.75 0.89 4.3627
0 -17.62 -1.03 3.2189
0 -17.63 -2.4 1.3552
0 -18.87 -2.88 1.6388
0 -18.76 -6.4 1.4305
0 -18.84 -4.24 1.0313
0 -15.54 -3.17 0.9471
0 -13.85 -5 6.0728
0 -16.29 -2.88 5.0332
0 -17.93 -1.76 2.5576
0 -13.25 0.8 4.7412
0 -19.03 -2.46 4.7805
0 -16.54 -4.13 3.4083
0 -22.51 -0.45 4.5643
0 -21.82 -4.18 3.8417
0 -20.27 -2.48 4.8292
0 -19.2 -0.32 3.1482
0 -17.64 1.33 1.4063
0 -15.69 3.65 1.1152
0 -14.84 1.54 1.064
0 -10.63 6.32 0.9959
0 -11.05 5 1.5216
0 -13.49 5.99 2.3634
