0.775 0.26 13.91 1.5489
5.95 0.03 7.46 1.1684
2.9 0.12 11.84 1.7734
0.225 -2.25 8.73 3.7416
1.35 -2.45 9.8 1.8596
0.625 4.1 6.44 0.3617
0 2.22 8.15 1.5009
0 2.83 10.57 0.8679
0 2.5 13.23 4.1386
0 0.62 11.94 3.4913
0 0.09 17.74 2.5288
0 0.84 16.04 5.3779
0 2.64 18.42 4.074
0 0.97 21.13 3.7751
0 1.03 20.78 3.9228
0 1.54 22.14 4.9234
0 1.98 20.83 4.2069
0 2 21.05 4.7105
0 2.03 21.33 4.8832
0 1.76 20.71 3.4441
4.925 2.69 20.56 2.7004
16.1 8.34 19.32 2.1049
16.225 10.4 12.16 1.6711
31.5 9.05 13.97 2.2027
9.2 4.18 12.81 3.332
1.7 -0.82 6.03 0.9888
0.1 -2.66 9.06 1.2394
0 -2.35 9.81 1.5089
0 0.04 13.31 4.0857
0 -0.1 15.62 4.4213
0 1.87 19.48 2.9515
0 2.22 18.89 2.9903
0 2.07 16.51 4.0366
0 2.12 21.13 3.8207
0 3.24 22.74 3.0052
2.725 4.83 21.53 2.7124
7.575 7.02 12.83 3.1069
3.15 4.29 13.64 2.7143
9.85 3.34 13.94 1.2719
6.125 1.62 11.96 3.3364
3.8 -4.15 7.86 0.3693
7.35 -3.83 9.44 2.5889
4.375 0.26 9.76 1.3627
14.5 -0.21 9.69 3.0793
7.975 1.49 6.97 3.6823
1.975 3.13 9.75 6.2566
12.85 4.51 10.45 5.504
10.8 4.13 9.59 4.4888
2.025 1.47 7.18 1.5339
0 -0.25 12.49 3.5276
0 0.08 16.8 2.7241
3.6 0.55 17.67 3.7469
11.725 1.75 16.09 3.9963
8.2 9.43 12.35 2.8933
2.225 6.41 13.56 1.525
0.95 6.32 17.4 1.5356
0.725 5.36 14.86 2.3733
0.175 1.53 15.82 0.4073
0 1.86 16.14 3.5974
7.95 5.16 18.54 2.9159
23.475 9.74 15.57 4.1354
40.4 7.32 15.27 4.9416
16.125 3.37 11.46 2.6956
0.225 -0.57 11.43 1.0117
0.075 -0.24 12.22 1.8681
0 -1.04 10.83 0.3519
0 -0.76 13.6 1.387
0 1.03 14.81 2.659
0 -2.13 10.94 0.5379
0 -1.96 13.05 0.5677
0 0.78 15.76 1.9036
0 1.15 17.25 2.0373
0 1.44 18.46 1.3564
0 2.72 15.56 2.2971
0 4.66 17.68 2.6804
0 5.24 18.99 1.0983
0 5.38 20.52 1.3072
0 5.84 21.55 1.2081
0.025 6.29 22.84 0.9024
8.55 6.54 22.25 1.6887
6.775 3.79 16.54 3.9591
1.075 -1.39 9.78 2.3042
0 -1.02 13.06 1.9294
0 0.34 16.88 0.8132
0 3.32 19.66 1.9958
0 5.82 21.64 1.9613
0 6.25 22.14 1.4428
0 6.23 23.47 3.4961
0 1.48 17.21 2.0488
0 1.01 17.11 0.4925
0 3.51 19.84 2.8593
0 4.93 22.97 2.6008
0 4.35 18.49 5.1684
0 0.01 15.58 1.9526
0 0.23 17.48 2.5833
0 2.5 22.68 1.98
9.45 4.63 24.73 1.1831
7.575 5.21 19.45 2.8138
5.825 4.37 12.92 1.75
3.675 5.67 13.39 2.3422
0.675 3.37 13.96 3.7122
0 3.74 16.35 1.6548
0 4.9 20.3 2.3998
0 6.61 19.9 4.988
0 -1.35 12.15 5.7328
0 -0.45 13.39 2.9637
0 1.81 19.01 1.5608
0 3.98 22.75 2.5331
0 4.95 26.05 2.5441
0 10.24 30.39 1.5042
0 11.13 31.24 1.2391
0 10.74 32.54 1.827
0 9.69 31.79 2.3977
0.225 8.96 24.09 3.194
0.125 1.51 16.15 3.3641
0 2.32 18.97 2.0711
0 4.4 20.27 2.306
0 1.98 18.9 3.0438
0 1.72 16.31 1.7893
0.35 2.84 19.3 1.9518
28.65 5.11 22.26 1.7844
16.65 11.15 19.43 2.4373
2.125 11.16 16.93 3.5433
1.775 9.72 18.64 1.8281
0.55 11.79 21.27 3.528
0 10.36 24.18 1.9323
0 9.68 25.91 3.0262
0 9.18 24.87 1.9482
0 9.43 26.35 1.7223
0 9.58 27.54 1.3643
0 9.75 28.81 3.084
0 7.74 27.29 3.3508
0 8.12 25.06 2.8523
0 8.72 27.61 3.187
0 10.21 26.72 2.1487
0 12.07 30.22 1.4462
0 15.01 35.23 0.2952
0.1 14.82 37.37 2.1837
0.05 15.52 36.33 2.4188
0 11.4 30.32 1.5282
0 10.47 29.25 1.0879
0 11.51 30.3 2.452
0 11.88 30.66 3.0027
0 10.33 28.81 2.7778
0 9.59 27.35 2.1741
0 12.12 28.69 1.6532
0 13.1 31.32 1.0536
0 14.64 34.25 2.1452
0 15.21 34.41 2.5186
0.025 16.03 33.9 3.0395
0 14.42 29.03 2.3084
0 13.9 30.15 2.2544
0 12.51 27.41 2.3387
0.5 12.88 26.27 0.4797
2 11.3 26.5 2.1565
2.15 9.7 23.39 3.1817
1.9 7.41 19 2.0498
0.75 8.97 21.19 2.6424
0 10.21 25.4 2.6002
0 9.69 26.61 3.3988
0 10.12 25.1 3.0323
0 9.34 23.75 3.3892
0.275 10.3 25.66 2.5063
0.175 12.41 23.67 3.4633
0 9.77 24.06 2.3755
0 9.51 25.4 2.4816
0 10.57 25.3 2.6747
0 12.33 26.84 3.1541
0 13 29.76 2.0879
0 14.31 33.3 2.8467
0 10.42 32.41 3.249
0 8.61 27.39 3.3441
0 9.65 25.94 1.5042
0 11.12 30.07 0.7279
0 13.62 33.9 1.6115
0 14.87 35.45 2.6873
0 13.75 33.24 1.822
0 14.94 34 0.9784
0 16.27 38.93 0.809
0.05 17.59 40.35 2.8288
0.025 17.14 40.29 2.7686
0 16.52 36.89 2.2613
0 17 36.79 1.8433
0 15.43 36.42 2.7725
0 14.84 36.47 2.4944
0 14.3 33.76 2.6977
0 13.53 32.28 2.4733
0 11.13 31.47 2.6619
0 10.41 30.83 2.6359
0 11.47 30.44 2.6541
0 11.59 30.94 2.0155
0 12.87 32.06 1.8002
0 15.61 32.78 2.242
0 14.51 33.24 1.6051
0 14.72 35.72 0.7366
0 15.76 36.73 1.5381
0 16.76 38.39 1.8054
0 17.66 38.54 1.7073
0 18.83 39.95 1.9906
0 18.83 40.49 1.5333
0 19.67 40.7 2.425
0 17.19 38.79 2.5458
0 16.14 37.05 2.4335
0 16.23 36.46 2.1061
0 16.36 36.13 2.1145
0 15.28 35.19 2.21
0 14.93 35.72 1.9616
0 18.01 38.13 1.9079
0 18.74 39.04 2.2634
0 19.05 37.55 2.9306
0 18.75 35.79 2.6868
0 16.83 35.38 2.8498
0 17.19 34.52 2.6319
0 16.43 34.63 2.9202
0 13.96 32.51 2.4467
0 14.39 31.76 2.0036
0 15.26 33 2.2364
0 12.74 31.09 2.9036
0 9.87 24.5 1.8962
0 10.99 27.07 1.5739
0 13.18 31.63 0.7065
0 15.39 34.09 1.2879
0 16.88 36.68 2.9709
0 15.56 37.25 2.8266
0 14.92 36.26 3.12
0 13.76 33.67 3.1505
0 10.7 31.1 1.58
0 11.15 31.49 0.6028
0 14.12 33.96 0.9018
0 15.32 35.34 0.8718
0 15.81 37.1 1.3344
0 16.78 36.5 2.3082
0 17.69 36.06 2.176
0.9 16.91 37.96 2.2448
1.175 16.77 35.64 2.7723
0.25 14.9 31.31 1.5829
0 13.66 31.53 1.4866
0 13.21 33.19 0.4176
0 12.91 34.95 1.5985
0 13.45 36.39 1.5242
0 15.15 36.55 1.4865
0 15.16 38.17 2.5757
0 16.9 36.59 1.5875
0 15.97 34.37 0.7056
0 15.59 35.69 0.4712
0 16.49 37.27 1.6818
0 16.23 37.02 2.3657
0 12.45 33.94 2.0711
0 12.34 30.82 2.0837
0 11.39 28.45 1.7997
0 11.42 30.22 0.5588
0 12.1 31.03 1.0142
0 14.15 34.09 0.4641
0 14.43 36.15 1.045
0.15 15.99 36.78 1.8963
0.55 13.61 33.18 2.0975
1.525 13.35 26.65 2.6334
0.625 11.41 23.88 1.6514
0 11.32 28.91 1.6571
0 13.46 31.61 0.6742
0 14.11 33.01 0.9436
0 15.42 36.29 1.9734
0 13.47 33.73 0.9611
0 13.42 33.29 2.0207
0 14.75 35.08 2.146
0 14.22 35.89 1.295
0 13.7 35.69 0.7172
0 13.66 35.21 0.7944
0 14.34 36.48 1.1489
0 14.33 37.52 0.4192
0 15.1 37.2 1.9283
0 14.7 33.13 2.5105
0 4.93 20.04 2.4047
0 5.16 23.73 2.3708
0 6.14 26.1 0.8023
0.2 7.45 27.32 3.1806
0.175 5.84 22.55 3.3757
0.025 2.1 15.84 0.332
0 1.76 19.55 2.5873
0 4.02 23.21 1.2886
0 5.43 23.47 1.3473
0 6.06 24.84 0.6662
0 7.19 25.45 0.4975
0 7.04 25.87 1.7912
4.25 7.57 24.26 1.9579
43.025 7.39 18.3 6.8371
24.15 11.8 16.58 4.2696
1.225 13.94 21.81 1.0469
0 12.28 26.25 2.2302
0 11.83 26.08 1.1026
0 14.8 28.71 1.6537
0.6 9.51 24.35 2.0726
0.325 5.33 17.87 1.6533
0 5.47 18.94 1.0642
0 6.73 22.53 0.7072
0 8.06 23.75 1.2135
0 9.83 25.44 1.3077
0 8.63 24.5 1.6363
0 8.41 23.63 1.1401
0 9.01 24.8 4.5803
0 4.57 19.23 4.8534
0 1.22 16.59 0.7536
0 1.33 16.65 0.1484
0 3.68 21.42 0.8458
0 5.03 23.43 0.9197
0 7.55 24.25 1.2582
0 7.96 25.96 1.152
0 7.16 27.63 1.7725
0 6.62 26.75 2.3833
0 5.47 20.35 0.5963
0 5.9 20.22 1.727
0 3.32 18.72 1.9031
0 3.5 18.62 1.0829
0 4.09 19.63 0.7476
1.65 6.22 18.96 0.4111
2.6 6.98 17.19 2.0244
0.75 1.15 13.81 1.3591
0 1.17 14.61 1.1273
0 1.24 15.77 2.7203
0 1.26 16.71 1.9983
1.525 2.78 20.12 1.3415
0.75 2.85 20.67 2.0008
0.15 1.46 15.68 2.2431
10.025 1.61 16.56 3.5431
5.025 1.85 16.75 1.1751
0 1.99 13.65 0.479
0 1.76 16.36 2.0439
0 2.2 14.99 3.5546
0 2.61 18.1 3.8222
0.2 2.96 20.91 2.4668
2.075 3.51 21.45 1.0693
1 4.2 13.49 5.139
0 1.68 16.26 4.8154
0 1.38 14.81 3.8971
0 1.8 18.16 1.6138
0 1.46 17.2 2.0369
0 0.25 16.06 1.9664
0 0.57 15.22 2.0099
0 0.81 16.49 1.0452
7.525 -1.43 12.33 2.0689
9.4 -1.56 7.87 0.7495
2.65 -6.74 4.83 0.6265
0 -6.43 5.54 1.9469
6.075 -5.79 7.24 3.269
19.65 0.78 10.51 2.9777
27.525 6.49 11.15 3.8311
18.225 5.99 11.57 4.0056
4.25 5.25 9.01 0.6978
0 1.93 11.94 3.2991
0 3.64 14.41 2.7219
0 3.5 15.13 2.2321
0 1.92 14.94 2.7359
0 2.34 9.69 4.1045
0.6 2.81 15.25 2.8734
10.55 4.51 18.06 1.7762
6.3 1.88 12.53 3.661
0.225 -2.35 8.93 2.2817
0 -1.53 9.75 3.9475
0 -0.47 13.95 4.0081
3.575 0.36 16.03 4.1274
3 0.58 12.68 2.0969
1.3 2.24 12.43 3.0166
3.15 1.91 11.1 0.8089
1.5 5.57 11.37 1.4594
0.175 3.3 11.21 2.6766
0.125 3 13.23 2.2171
0 3.15 14.56 1.1844
0 1.93 16.33 3.9278
0 0.93 17.37 2.9224
0 1 18.9 2.8214
0 1.83 14.74 3.1144
0 2.08 15.34 2.6069
0.875 3.53 15.2 2.979
0.825 4.82 15.94 2.4244
0.2 4.93 9.37 2.4421
0.4 4.93 11.22 3.2329
11.975 5.31 18.31 4.6318
7 7.53 16.72 2.0477
0.375 0.5 13.78 1.2787
0 1 14.51 3.3004
0.275 2.52 16.99 2.4235
10.55 2.54 18 2.7579
17.025 6.61 14.13 4.93
16.975 8.45 10.83 5.6664
22.975 4.51 9.39 6.597
22.95 2.49 9.24 3.9216
15.75 1.13 8.11 3.6266
4.75 0.48 5.21 1.0261
0.925 -0.72 10.07 2.4709
3.1 0.44 9.37 4.2839
1.375 5.63 10.89 2.9948
0 2.09 13.18 1.2676
0 1.53 13.21 2.71
1.15 2.75 13.84 3.221
1.425 3.8 15.8 1.2821
0.4 0.14 14.01 1.2146
0 -0.07 13.83 1.7655
0 1.63 14.87 2.1042
0 3.5 14.91 0.6512
6.925 3.58 15.4 3.0145
6.85 5.84 14.65 3.3947
10.725 8.01 12.88 1.6678
4.8 5.51 9.61 2.4787
2.05 5.54 9.58 1.3013
2.9 5.26 10.92 1.8412
0.95 0.36 10.29 0.6303
0 0.47 12.17 1.2071
0 3.85 12.66 1.3725
0 2.61 17.1 1.4137
0 3.04 18.07 1.5242
0 2.9 18.15 1.1538
0 4.13 17.6 1.7296
0 4.99 19.3 2.4087
0 3.88 20.74 0.9275
0.875 3.75 18.95 1.1085
2.925 6.11 14.7 2.1704
6.525 5.63 11.39 2.8434
2.85 -0.59 8.6 2.099
17.925 -0.21 12.86 3.833
13.95 3.57 10.48 2.6753
2.1 1.44 11.23 0.8566
22.075 1.75 15.43 4.5899
12.875 5.77 16.68 1.2118
0.55 2.61 12.05 0.3954
0.175 2.74 15.54 2.2012
6.3 5.39 18.01 2.7008
17.925 6.2 10.62 3.2864
7.9 1.65 9.43 2.757
0.1 -0.34 10.1 1.2914
0 0.72 12.93 2.4278
0.1 2.23 16.8 1.0433
0.825 5.17 14.49 2.6001
2.775 -2.37 9.29 3.6915
1.2 -1.19 10.96 2.1636
0 -0.92 10.64 0.3559
14.8 -0.17 14.24 2.1434
7.9 0.35 13.85 2.4305
0 -0.53 13.31 2.5003
0 0.1 15.41 3.6328
0 2.93 21.74 1.3163
0 4.77 23.86 0.9277
0 5.62 23.55 2.8524
0 2.66 24.47 2.1782
0 3.99 25.12 1.8271
0 5.85 23.53 0.3823
0 4.9 21.56 1.6571
0 3.04 20.01 1.8725
0.375 2.72 19.93 1.8364
1.65 4.25 21.08 2.2477
0.75 1.28 14.75 2.2407
0 1.71 17.46 2.5632
0 2.32 19.68 1.0774
2.025 4.56 22.34 2.501
11.125 4.61 21.46 5.1449
6.1 2.24 11.24 2.7372
0.725 -0.58 11.43 0.8063
6.675 -0.06 12.98 2.1118
3.45 1.49 11.47 1.807
18.025 1.35 11.71 2.8029
9.6 2.06 11.02 2.8944
0 2.16 11.37 0.762
0 0.5 15.68 2.1347
0 3.04 19.91 0.7454
0 4.83 20.68 1.3648
0.25 5.49 20.18 1.9924
13.425 6.81 14.52 4.3403
18.425 5.29 11.85 4.428
6.05 2.66 10.33 1.09
0 2.98 15.08 0.6908
0 4.01 16.25 0.8335
0 4.41 20.09 2.0417
0 4.78 20.34 1.4333
0 5.35 22.27 1.1901
3.875 7.42 23.59 1.5295
18.025 7.91 22.06 2.4781
12.825 3.13 12.56 3.256
2.6 4.68 8.65 2.0118
0.15 6.19 11.41 1.2749
0 7.34 21.96 1.0171
0 10.31 24.2 1.2786
0 7.98 26.11 0.8309
5.5 8.64 26.02 4.011
4.15 3.23 15.77 4.7072
0.9 2.95 12.42 3.6612
0 1.15 13 3.3675
0 2.44 18.37 2.0093
0 4.48 21.71 1.8998
0 7.38 24.92 1.0001
0 7.91 26.43 2.2011
0 6.45 24.08 3.7383
0 3.66 20.47 2.3259
0 3.46 20.55 0.7945
0 5.22 23.15 2.7523
0.575 5.98 21.58 3.6316
8.575 7.03 14.97 3.0428
4.3 0.93 11.82 3.726
0 1.38 16.64 2.0902
0 4.87 22.38 1.05
0 7.17 24.77 0.7346
0 8.21 26.19 0.6141
0.275 9.53 27.54 1.2477
1 11.44 27.39 1.897
0.5 10.7 18.7 1.5808
0.025 10.38 21.11 1.5591
0.025 10.47 22.57 3.4329
0.05 4.81 21.99 4.2727
0.05 2.81 15.63 3.5804
0 3.33 14.55 4.1587
0.3 5.08 18.84 2.2798
5.2 4.27 18 1.549
4.425 5.59 19.09 2.7554
6.3 8.23 17.78 2.2675
2.7 3.57 16.55 3.2506
0 4.22 18.05 1.867
0 6.08 24.64 0.7967
0 11.05 28.42 2.509
0 12.15 26.95 2.9761
0 11.45 25 2.4362
0 11.82 27.41 2.4845
0 14.2 27.65 2.5437
0 14.25 28.77 1.9447
0 14.94 31.29 2.8646
0 13.56 31.5 3.1475
0 12.64 29.03 2.713
0 12.25 29.58 3.66
0 7.01 25.63 4.6521
0 8.12 22.14 5.0311
0 9.9 27.35 3.6404
0 11.07 30.05 1.0046
0 12.17 30.38 1.8252
0 13.04 33.26 2.8166
0 9.46 29.28 3.1203
0 7.74 25.85 1.4971
0 8.64 28.97 2.4599
0 8.38 27.14 3.1083
0 7.65 24.82 2.6664
0 8.82 26.61 1.8921
0 10.28 28.59 1.183
0 12.12 31.35 2.0139
0.9 13.41 32.18 2.2012
0.45 13.88 29.91 2.7989
0 14.37 29.33 2.5695
0 15.62 32.6 1.2032
0 17.83 36.72 1.7308
0 16.95 38.88 3.0283
0 14.14 34.44 2.9528
0 11.21 32.22 2.7501
0 11.14 31.16 2.9194
0 12.42 29.92 2.3511
0 12.09 31.14 1.051
0 12.96 33.86 1.9734
0 14.41 34.84 2.5508
0 14.76 32.09 2.467
0 15.25 33.54 2.5276
0 16.85 34.69 2.2876
0 16.36 35.62 1.8488
0 17.33 36.84 2.2163
0 17.98 35.86 3.1351
0 17.14 34.21 3.1343
0 16.68 32.7 1.8185
0 17.27 35.14 1.5594
0 18.38 38.29 2.6809
0 19.46 39.37 2.7135
0 18.1 38.52 2.5661
0 16.04 38.61 2.1067
0 16.08 37.37 2.0299
0 15.94 35.62 2.3372
0 14.55 33.98 1.0384
0 15.15 34.25 2.3025
0 16.51 35.36 2.1936
0 17.69 37.76 2.6894
0 17.6 36.37 2.7572
0 16.53 32.14 1.9543
0 13.87 30.98 2.346
0 14.38 32.49 2.1662
0 14.21 33.81 2.3618
0 13.95 33.69 2.3007
0 13.34 33.17 2.0018
0 13.8 33.21 2.3508
0 12.58 34.19 1.472
0 13.41 34.62 1.9618
0 14.28 34.61 2.0301
0 13.7 33.17 2.0672
0 13.76 32.75 2.5006
0 14.24 32.56 2.8085
0 14.43 30.85 1.9509
0 13.5 30.99 1.858
0 13.45 31.33 2.177
0 12.14 29.29 1.1414
0 12.74 30.6 1.5561
0 15.13 32.56 2.4577
0 14.73 32.62 2.8602
0 14.64 33.17 1.2516
0 15.29 35.36 1.5211
0 14.93 35.44 1.6172
0 12.79 33.53 1.9553
0 13.37 34.26 2.2562
0 13.94 35.59 1.7843
0 10.8 33.77 1.7743
0 11.45 30.35 2.3317
0 12.44 34.98 1.8765
0 15.33 40.06 0.5248
0 18.94 40.53 2.1195
0 14.79 36.74 2.3407
0 10.72 32.85 2.7129
0 8.77 22.39 2.2942
0 8.99 23.83 2.5054
0 9.63 25.71 1.4809
0 10.32 29.09 0.8507
0 13.47 33.59 0.3476
0 14.54 36.76 1.2694
0 14.5 36.53 1.1572
0 17.47 35.07 2.0828
0 12.86 33.58 1.2689
0 13.18 33.18 2.1618
0 11.77 32 2.7392
0 7.33 19.17 1.9813
0 7.3 23.69 0.7218
0 8.66 27.56 0.5875
0 11.59 32.18 1.0221
0 12.06 31.96 1.6117
0 10.98 29.76 1.4214
0 10.99 29.74 1.1407
0 10.99 30.21 1.7803
0 11.13 30.47 1.5551
0 11.92 30.1 1.4332
0 11.86 28.89 1.3066
0 10.47 27.16 1.3432
0 10.06 27.65 1.1609
0 8.81 25.5 2.6795
0 8.53 22.75 1.22
0 8.83 28.17 0.6636
0 10.7 31.17 0.9846
0 17.75 35.38 0.693
0 13.19 35.91 1.1945
0 14.53 37.5 0.679
0 15.46 39.37 0.561
0 15.63 37.59 0.3687
0 15.61 34.76 0.5076
3.15 16.61 33.23 1.1132
12.875 16.13 33.17 1.4942
12.225 12.92 25.38 1.5602
1.1 12.69 17.89 1.131
0.95 8.44 18.34 0.7434
4.3 8.56 20.96 1.9659
0.05 7.46 20.01 0.7915
0 8.26 23.94 1.9445
0 9.41 25.94 1.6928
0 11.82 28.26 1.6537
0 12.5 28.71 2.1607
0 12.61 31.33 1.4388
0 12.64 32.43 0.5977
0 12.14 32.78 0.4733
0 12.1 31.97 1.0241
2.875 12.82 28 0.925
1.35 9.25 21.53 1.1308
0 8.9 20.16 1.5912
0 9.08 24.22 0.8495
0 10.24 24.76 1.8483
2.325 9.14 21.98 1.5564
14.425 10.93 21.11 1.6811
46.825 12 16.49 4.7326
17.75 7.58 15.83 3.3951
0.025 4 17.18 1.6702
0 2.61 18.17 2.8268
0 2.53 19.06 3.4154
3.725 8.25 23.5 2.2011
4.925 9.21 23.26 1.8226
1.35 5.85 13.53 0.9901
0 5.98 20.48 1.8619
0 6.63 21.99 2.9696
0 8.6 24.07 2.6892
0 9.98 28.67 1.7649
0 10.17 28.75 1.1505
0.075 10.03 28.37 2.0669
16.475 9.43 23.83 3.1123
8.425 3.6 13.06 2.5499
1.95 1.06 13.57 0.6006
1.35 1.97 14.87 1.6422
0.075 1.25 13.51 2.4173
0 1.84 15.95 1.4451
0 3.71 17.16 3.0306
0 4.6 18.11 1.7107
0 5.74 19.94 2.6489
0 5.87 21.24 1.2298
0 5.61 20.77 1.9509
0 4.22 21.35 1.7756
18.325 4.41 21.06 2.3666
23.875 2.31 11.31 3.0409
19.15 1.19 8.85 4.8776
11.5 1.71 6.5 2.9396
16.65 3.9 9.12 3.8808
7.075 -2.41 5.81 1.2635
0 -2.95 8.12 3.1653
0 -2.72 9.35 3.325
12.7 -1.24 12.66 2.6
6.725 -0.44 7.73 2.4269
0 -4.45 9.04 2.4003
0 -3.66 9.02 3.0659
0 -0.2 11.95 2.2941
0 0.47 15.07 2.6563
0.175 5.39 12.39 1.417
1.225 6.67 15.36 2.3485
11.175 6.95 15.22 2.5369
5.075 6.58 18.64 3.4632
0 3.24 15.75 2.2256
2.75 4.06 16.97 2.1163
3.125 6.34 13.87 1.1215
0.825 8.15 15.65 1.4074
0 6.17 17.19 0.4253
0 5.32 17.64 2.3513
0 3.89 17.86 1.3623
14.2 4.3 13.48 1.7603
7.725 3.72 13.03 1.4677
2.475 0.21 11.58 2.4076
29.3 0.47 11.42 3.5788
32.95 6.01 11.56 5.1882
36.225 8.64 12.82 5.8251
12.575 4.63 13.08 2.4313
6.05 3.75 6.18 2.7241
5.475 3.99 11.22 2.2161
2.15 5.88 10.42 0.4441
0 3.26 13.31 3.0395
14.4 2.94 15.66 5.4306
7.3 2.32 14.77 2.0187
0 1.8 11.55 0.8538
36.8 1.94 12.54 2.2663
25.1 4.79 9.72 4.3354
2.775 -3.25 7.52 2.329
1.05 -5.11 6.51 1.5226
16.15 -4 7.47 4.3799
14.95 -2.7 7.76 4.8828
3.45 1.62 7.76 2.4874
0 -0.92 8.37 3.1907
0 -0.76 11.51 3.8209
0 -0.18 12.82 5.0754
0 -0.5 11.49 3.4413
0 -0.71 13.09 1.7655
0 -0.75 7.28 1.4221
0.05 -2.35 4.71 3.0651
2.1 -0.72 7.51 3.4373
1.175 3.78 14.66 2.2134
0.575 2.59 15.17 1.6394
0.3 5.23 11.72 1.2676
0 1.35 13.6 2.6603
0 3.83 14.47 0.9168
0 4.8 14.85 0.7771
0 4.72 12.61 2.4826
0 2.16 11.69 1.5196
0 1.67 15.13 4.1393
0 2.08 18.04 3.7113
0 2.26 17.42 2.7851
0 1.52 18.76 4.0096
0 1.52 19.07 1.8635
0 2.45 17.53 2.1666
0 3.19 18.78 4.9454
0 2.86 21.07 3.4698
0 2.77 20.29 1.7839
6.675 1.68 18.44 0.5231
6.375 1.41 15.24 1.8028
1.55 0.65 10.21 1.3346
0 0.48 11.08 1.6908
0 -1.3 13.61 3.0042
0 -1.09 13.9 2.0351
0 0.66 14.13 2.5559
0 2.6 16.21 1.7164
0 2.5 18.03 1.9626
0 4.29 19.97 0.7003
0 0.97 20.32 2.305
0 -0.97 14.25 3.4568
0 -1.08 14.09 3.7242
0 -0.02 15.29 3.8892
0 0.74 19.09 2.8718
0 0.82 21.59 1.1417
0.375 1.17 20.53 3.751
10.95 6.56 15.41 4.5216
11.075 5.34 14.73 5.7039
27.5 1.89 7.71 4.6836
30.625 1.21 6.91 2.7759
10.45 0.73 8.82 3.2238
0.575 -1.64 8.48 0.7327
0 -1.46 10.09 1.1271
0 -1.95 9.68 0.4812
0 -1.59 13.35 0.63
6.025 -1.05 11.71 2.2323
14.35 1.33 9.12 5.3117
5.925 -3.84 7.03 0.9744
6.425 -4.53 6.51 0.4032
0.275 -3.85 10 2.2252
3 -3.31 13.62 1.8003
11.225 -0.88 14.31 3.8189
4.15 7.49 16.03 1.3138
0.025 0.49 15.83 1.4474
4.1 1.51 16.8 0.625
22.35 4.7 18.82 1.718
10.525 6.19 11.21 4.2589
0.2 2.07 12.56 0.5253
0.025 2.47 17.11 1.4661
0 5.2 19 0.8292
0 3.75 18.46 1.2922
0.075 3.61 15.68 0.576
6 4.64 16.81 1.1918
3.8 7.18 16.22 1.1873
13.625 7.97 19.11 1.3591
9.825 8.31 19.02 2.3258
1.825 0.37 13.1 0.9814
16.075 0.42 14.34 3.5398
29.625 1.29 11.72 4.7738
54.55 3.52 8.98 5.4237
27.475 1.72 7.25 2.3461
4.725 0.98 10.23 1.378
12.1 1.57 12.69 5.1036
23.65 4.04 9.01 5.4752
16.35 1.35 7.23 3.8084
14.8 2.7 11.44 3.0741
5.1 4.6 9.15 1.4251
0.425 5.21 13.4 0.7269
0 3.87 16.22 1.4699
0 4.48 18.33 2.0785
0 6.65 21.16 2.4131
0 7.3 25.32 1.7938
0 8.46 26.78 1.0301
0 4.03 20.77 1.6022
0 4.27 19.14 1.8032
0 5.74 22.84 1.4542
1.375 5.32 22.66 1.8329
5.425 4.45 20.56 3.4478
2.775 0.31 8.88 1.5471
0.05 -1.19 9.93 1.3632
0 -0.92 14.44 0.511
0 1.4 16.64 1.6828
0 3.06 17.68 1.6066
0.4 3.08 17.63 2.6369
0.2 0.82 12.76 0.6126
0 0.57 17.48 0.7709
0 3.85 22.05 1.5623
0 4.75 23.53 2.2452
0.275 8.8 23.64 2.5515
0.15 10.48 20.28 1.545
0.525 10.07 20.3 1.94
1.7 10.5 19.52 2.0504
0.775 4.62 17.99 0.9409
0.375 5.12 17.7 1.0505
0.4 6.92 18.36 2.0518
0.225 6.59 18 2.1847
0 3.42 18.85 2.6606
0 3.46 19.54 1.0101
0 4.28 21.58 2.3276
0 5.56 20.78 4.5953
0 2.09 18.19 3.5002
0 2.56 21.3 1.7814
0 3.67 24.04 0.4842
0 6.85 26.15 1.0033
0 7.95 25.74 2.9474
0 9.37 28.94 0.8203
0 9.6 30.83 1.515
0 8.9 28.38 1.9876
0 8.63 23.18 2.8336
1.575 4.25 14.47 3.1066
0.8 2.74 15.75 2.587
0 4.12 22.53 1.8109
0 7.97 24.69 1.2513
0 8.15 26.15 0.764
9.65 9.15 26.85 2.7787
8 4.45 16.44 2.5858
2.725 2.71 12.23 1.3581
15.4 4.29 14.12 3.4562
8 6.46 11.62 2.1862
0.35 4.01 15.33 3.0197
0 4.67 22.26 1.7562
0 8.2 25.08 2.1985
0 7.73 24.67 3.2064
0 6.53 22.72 4.5435
0 6.39 20.48 2.5057
1.825 6.89 22.62 2.6606
0.925 4.95 19.85 2.2833
0 5.57 20.35 3.1477
1.375 5.56 20.67 4.0925
0.675 5.7 16.52 4.7057
0.025 4.74 17.8 2.7511
0.15 5.28 20.49 2.455
0.2 9.39 21 2.7066
0.075 4.44 15.98 1.6246
0.275 4.81 18.43 0.6065
5.8 5.29 19.17 3.2778
10.775 12.53 16.13 1.0389
5.125 9.29 21.04 3.2728
0.1 6.9 18.7 2.1284
0 7.78 22.75 3.0308
0 10.72 26.21 1.7221
0 11.13 28.16 2.6805
0 10.71 27.74 3.17
0 9.56 24.58 2.7473
0 10.22 26.95 2.7322
0 13.1 29.91 2.1324
0 13.88 32.59 2.048
0 13.07 32.31 2.6148
0 11.92 28.79 1.6278
0 12.82 29.61 2.8206
0 12.55 30.31 2.1963
0 13.73 30.28 0.5639
0 15.06 33.91 0.7199
0 17.55 36.75 2.4966
0 14.96 36.26 2.5627
0 12.52 32.84 2.5339
0 11.45 31.03 2.6729
0 11.91 30.32 2.4605
0 13.13 31.81 2.4607
11.25 13.54 31.91 2.2927
5.525 11.64 25.5 2.3344
0.1 9.88 22.24 2.3586
0 11.49 27.8 1.3865
0 14.93 32.91 1.0112
0 16.25 36.06 0.7826
0 16.43 37.02 1.5366
0 17.31 36.5 1.7736
0 18.03 36.44 2.5305
0 18.49 36.5 2.741
0 16.85 35.28 2.0887
0 15.97 35.01 2.484
0 13.8 34.07 2.2194
0 12.65 32.98 2.3475
0 12.57 29.84 2.4779
0 12.79 28.86 3.1146
0 12.29 26.56 2.7408
0 12.01 26.45 3.3306
0 11.58 26.5 3.1195
0 11.6 27.14 1.9836
0 12.49 28.81 1.1715
0 13.33 29.97 1.9173
0 13.79 31.35 1.5425
0 14.03 32.75 2.3083
0 14.47 33.57 2.765
0 14.96 33.51 1.9148
0 15.8 33.55 1.8487
0 14.65 34.6 2.1155
0 12.97 33.19 1.9329
0 13.13 33.17 1.711
0 13.88 33.96 1.66
0 15.27 35.78 2.4452
0 15.33 35.66 3.0541
0 18.4 35.26 2.0684
0 17.78 32.9 1.4096
0 16.34 34.27 1.8189
0 15.44 35.34 2.0718
0 14.28 34.88 3.0264
0 13.53 30.99 2.4025
0 14.18 31.95 3.0369
0 17.14 31.93 2.4406
0 13.49 32.59 1.8333
0 13.68 33.08 1.9511
0 13.25 33.22 2.2185
0 13.9 34 2.6584
0 13.86 32.67 1.8426
0 14.65 33.27 1.3208
0 15.89 34.93 2.0616
0 12.89 34.15 1.5462
0 12.79 33.18 1.3438
0 13.04 33.71 1.7886
0 13.5 34.09 1.776
0 13.81 34.28 2.6653
0 12.87 32.06 1.9659
0 12.65 31.14 1.4148
0 12.89 31.03 1.1475
0 13.77 32.56 0.9779
0 15.07 34.74 1.9661
0 15.9 34.84 1.1838
0 16.33 35.18 0.7311
0 16.42 36.39 1.019
0 16.95 36.81 1.3569
0 15.11 36.54 1.761
0 14.31 35.39 1.779
0 13.06 33.31 1.7051
0 13.25 32.17 0.7691
0 13.87 32.56 0.6839
0 14.8 34.68 0.8353
0 15.78 34.61 0.9709
0 17.98 34.67 1.8334
0 13.57 34.66 0.7997
0 14.15 35.9 1.0249
0 14.31 36.13 1.0487
0.125 15.52 34.97 1.5183
0.025 15.38 35 0.8557
0.525 15.51 34.46 1.6808
0.675 13.58 27.54 1.5909
0.925 13.62 30.16 0.723
0.4 14 31.62 1.4546
0 14.33 31.34 2.4292
0 13.18 30.58 1.7231
0 10.81 27.44 1.7369
0 10.53 28.23 0.5543
0 12.29 31.48 0.3353
0 13.97 34.58 1.027
0 14.71 35.28 0.6529
0 15.4 35.84 0.423
0 14.86 36.61 0.5773
0 15.94 36.43 1.5681
0 14 32.66 2.1962
0 10.6 23.5 2.0175
0 10.8 27.76 0.7481
0 13.21 31.77 0.6286
0 13.51 33.56 1.0248
0 14.33 33.95 1.258
0 12.06 30.15 2.1924
0 11.64 26.65 1.7601
0 10.66 26.11 1.8817
21.8 8.57 22.4 2.1656
16.225 8.69 19.87 3.5751
5.175 7.45 15.51 0.8448
1.5 3.57 13.54 0.9025
0 3.7 18.24 1.2262
0 4.45 22.11 1.1647
1.625 8.46 24.33 1.4812
0.85 11.89 19.85 1.6167
0 9.54 25.06 0.9924
0 9.55 27.6 0.7178
0 12.09 29.73 0.4522
0 12.06 29.14 0.9329
0 11.89 29.72 1.1988
0 12.31 27.03 1.5594
0 11.96 28.56 1.3753
0 11.64 29.61 1.0176
0 12.79 26.25 0.7291
0 10.23 25.93 0.7972
0 10.28 26.18 2.2011
0 10.15 27.54 1.6196
0 9.8 29.12 1.7721
0 9.48 27.06 1.3633
0 5.17 21.81 2.8833
0 4.18 20.41 3.1525
0 6.11 21.66 1.8533
0 6.52 23 1.0298
0 6.8 23.86 2.0463
0 7.54 25.78 0.3937
0 6.73 25.08 3.3689
0 5.29 23.25 4.0925
3.35 4.64 22.66 3.3672
2.225 3.13 20.27 1.7124
5.175 -0.78 11.55 0.4632
2.9 -0.61 11.96 1.4162
0.075 -0.16 11.32 0.8299
0 -0.31 11.9 2.0729
0 1.13 15.33 3.0735
0.05 1.45 17.32 3.1259
2.55 2.43 20.69 3.7473
1.3 8.36 18.57 0.8687
0 6.3 16.82 0.3043
0 8.31 18.21 0.8745
0 4.74 17.37 0.6974
0 4.42 18.83 0.9464
0.025 4.3 19 0.8991
0.325 4.16 18.81 3.0144
3.425 1.69 12.04 2.0985
2.075 1.74 11.78 4.0802
0.2 0.64 11.91 1.839
0 0.63 13.68 2.6236
0 1.02 14.72 3.8416
0.225 1.01 16.31 2.0798
0.1 3.21 13.71 0.6932
0 2.78 17.18 2.7826
0 3.11 18.65 2.2995
0 4.26 23.78 1.0517
0 4.09 19.22 1.6182
0 1.71 20.22 3.8006
0 1.23 17.44 7.8854
0 0.56 15.78 3.4529
0 0.12 15.18 4.1473
0 -1.59 14.37 2.7081
0 -2.08 12.87 3.4628
0 -2.18 13.74 3.0177
0 -1.96 14.11 3.3039
0 -0.86 15.28 3.2179
0 -0.69 14.55 4.1662
0 -0.65 17.1 3.0741
0 -1.3 16.68 0.7535
0 -0.25 12.92 1.5637
0 -1.18 12.94 1.4222
0 -1.56 13.11 1.0183
0.925 -1.8 12.53 0.8205
0.4 -1.41 10.84 5.1276
0 -0.44 13.26 4.3905
0 -1.07 16.58 2.5973
0 -1.08 15.04 4.3601
0 -1.21 13.28 4.2014
0 -2.1 13.14 3.3984
0 -3.5 13.91 4.4934
0 -3.18 14.29 3.9474
0 -2.58 12.99 4.8645
0 -2.26 17.08 3.4178
0 -0.84 18.01 1.2568
0 -0.87 16.41 1.1194
0 -0.17 16.36 1.2115
0 3.34 17.6 0.8742
0 2.59 16.88 1.1107
0 0.23 16.02 2.3524
