1.025 -18.85 0.45 1.6036
5.425 -8.99 -2.21 1.423
2.875 -11.26 -0.43 1.623
0.9 -14.49 -4.07 4.2433
2.375 -14.6 -3.98 1.7111
1.1 -9.95 -5.54 0.5656
0 -9.61 -1.89 1.4087
0 -8.44 -0.76 0.7104
0 -10.41 4.14 4.5478
0 -9.32 4.7 3.3227
0 -7.91 3.03 2.2953
0 -5.09 6.79 5.4777
0 -3.96 7.76 3.8313
0 -7.82 6.75 3.3102
0 -5.64 7.99 3.8958
0 -5.77 9.54 4.925
0 -8.21 6.45 4.2541
0 -8.05 5.26 4.7764
0 -6.37 6.16 4.8663
0.125 -6.5 5.35 3.4017
16.975 -5.14 5.94 2.7412
31.475 -5.13 5.46 2.1481
39.7 -10.1 5.47 1.6209
53.7 -3.93 0.64 2.614
16.35 -7.82 -1.11 3.5885
1.45 -13.04 -6.94 0.7682
0.175 -13.77 -5.52 1.2872
0 -12.1 -2.49 1.5179
0 -9.12 -0.03 4.2631
0 -7.92 5.57 4.5218
0 -5.77 6.63 3.0977
0 -6.15 6.13 3.1832
0 -7.68 5.37 3.826
0 -8.13 7.21 3.7771
0 -4.36 8.83 2.9943
7.175 -4.61 7.85 2.5473
10.475 -7.3 -0.11 2.8225
3.7 -8.62 -2.62 2.8298
22.6 -8.16 0.23 1.3468
13.55 -12.69 -1.72 3.747
4.15 -16.1 -7.3 0.4956
11.375 -13.1 -5.76 2.4868
5.45 -10.34 -5.29 1.4217
11.85 -10.83 -4.65 3.0313
6.925 -10.83 -5.21 3.2778
3.325 -9.52 -4.33 5.5738
32.475 -9.08 -5.13 5.5276
25.05 -8.84 -6.01 4.3032
4 -11.25 -6.49 1.1437
0 -11.2 -3.61 3.4062
0 -10.84 0.31 2.5659
6.6 -10.58 3.03 3.8076
24.45 -8.71 1.36 3.4703
15.7 -6.38 -3.21 2.5144
5.475 -8.22 -1.49 1.5148
2.85 -7.81 3.87 1.4624
0.35 -8.05 -1.39 2.513
0 -8.31 3.36 0.3801
0.025 -8.43 5.85 3.7212
15.225 -5.07 5.69 2.7713
29.45 -3.62 2.8 3.97
29.65 -5.18 1.94 4.9167
22.45 -8.86 -3.65 3.0633
3.65 -12.5 -5.23 0.8092
1.475 -11.06 -1.91 1.8855
0 -12.46 -2.77 0.2701
0 -12.72 1.59 1.4828
0 -10.16 4.1 2.6731
0 -12.87 -1.46 0.4272
0 -11.92 3.22 0.629
0 -9.58 3.82 2.205
0 -8.23 6.77 2.5229
0 -8.78 8.22 1.3258
0 -7.18 5.2 2.2714
0 -4.81 6.17 2.6226
0 -6.02 9.25 1.1099
0 -5.47 10.55 1.061
0 -2.88 12.22 0.8387
0.075 -4.27 12.47 0.7069
19.025 -4.18 11.7 1.9692
24.225 -9.45 3.13 4.2181
2.125 -14.49 -6.32 2.248
0 -12.8 -2.24 1.8794
0 -9.5 5.9 0.473
0 -6.75 7.69 2.0758
0 -6.94 10.42 2.0897
0 -5.57 9.85 1.3359
0 -5.16 11.24 3.2606
0 -7.58 7.11 1.9247
0 -7.07 6.58 0.3055
0 -5.85 8.37 2.5757
0 -4.5 10.69 2.5437
0 -6.39 9.16 5.3359
0 -10.01 1.52 1.8959
0 -9.38 5.96 2.8703
0 -7.7 9.63 2.4849
13.05 -4.64 12.31 1.3695
17.85 -7.89 8.66 3.3153
11.625 -7.63 -1.35 1.735
4.15 -7.85 -0.04 2.2341
0.45 -8.13 -0.47 3.7796
0 -6.59 4.28 1.6198
0 -6.1 8.72 2.0055
0 -4.63 8.45 4.5438
0 -11.81 2.11 6.2028
0 -10.57 -1.43 3.3057
0 -8.31 6 1.5056
0 -6.18 11.16 2.9797
0 -3.35 14.51 2.8629
0 -0.01 17.87 1.5723
0 2.04 19.99 1.1158
0 3.08 20.61 2.0981
0.125 0.81 19.43 2.855
1.975 -1.64 12.98 3.4562
1.125 -8.98 2.09 3.6427
0 -7.71 5.36 1.9754
0 -5.36 8.22 2.3477
0 -6.16 8.29 3.2443
0 -7.96 5.34 1.6072
2.625 -5.59 8.39 1.9761
57.3 0.29 11.58 2.0102
38.375 -2.72 7.57 2.622
5.95 -1.32 3.88 3.7207
3.025 -3.52 4.35 1.8948
0.325 0.4 9.49 3.7033
0 -2.09 11.53 2.331
0 -1.37 14.77 2.8469
0 0.51 15.28 1.6353
0 -0.62 15.79 1.1606
0 0.35 16.79 0.8617
0 0.21 17.34 3.0098
0 -2.13 16.77 3.2802
0 -1.14 14.24 2.4141
0 -0.54 14.05 3.2343
0 0.66 15.68 1.6355
0 1.61 18.21 1.6167
0 5.8 22.61 0.316
0.375 7.33 24.41 2.441
0.225 5.06 23.95 2.8042
0 2.26 18.4 1.7982
0 1.52 17.09 0.9412
0 2.07 18 2.4707
0 1.9 17.79 2.9674
0 1.75 17.04 2.7603
0 0.55 16.63 1.8561
0 1.05 16.53 1.2465
0 2.47 18.35 0.8047
0.45 4.59 19.15 1.8646
0.275 3.91 18.97 2.4496
10.675 3.14 18.3 3.3033
6.4 2.89 18.36 2.1872
0 3.61 17.18 1.9766
0 2.95 15.16 2.2583
0.3 3.21 14.17 0.65
12.5 0.04 12.72 2.2126
10.525 -2.55 10.87 3.6693
4.125 -3.62 2.53 2.4791
1.325 -2.76 5.21 2.7662
0 -2.04 11.05 2.5742
0 1.21 13.36 3.4276
0 0.93 12.54 3.0977
0 -0.86 11.33 3.3514
2.125 -0.14 11.94 2.237
3.05 1.31 11.21 3.6455
1.05 -0.84 10.91 2.5318
0 -0.42 11.81 2.4387
0 0.69 12.32 2.3894
0 2.77 13.55 2.9514
0 2.58 15.99 1.6637
0 5.68 21.39 2.6581
0 2.23 19.86 3.277
0 0.04 15.45 3.1763
0 0.11 13.51 1.1237
0 1.29 16.46 0.6738
0 4.42 19.95 1.402
0 5.16 22.3 2.6817
0 4.52 20.6 1.7345
0 5.24 20.83 0.8469
0 5.73 24.92 0.5244
0.4 9.23 26.2 2.9923
0.325 8.15 25.93 2.9973
0 7.6 23.99 2.2592
0 7.98 23.59 1.6457
0 6.42 22.01 2.8818
0 5.3 22.91 2.5182
0 5.06 21.7 2.7927
0 4.36 21.29 2.6186
0 2.96 19.43 2.8743
0 2.57 18.87 2.5942
0 2.44 18.64 2.555
0 2.82 19.06 1.8845
0 4.63 20.33 1.8635
0 5.24 21.59 2.3032
0 5.38 21.17 1.3329
0 5.26 22.78 0.5689
0 6.44 23.72 1.6313
0 7.55 26.01 2.0416
0 8.49 22.2 1.879
0 9.07 26.13 2.0856
0 10.11 27.46 1.7824
0 10.92 28.16 2.4646
0 8.72 27.31 2.5224
0 7.52 25.12 2.2195
0 10.02 25.16 2.0453
0 8.3 24.59 2.1176
0 7.63 24.44 2.1788
0 7.57 24.7 1.9344
0 7.76 25.82 1.836
0 9.3 26.11 2.0887
0 9.02 25.67 2.8355
0 9.8 24.73 2.5213
0 8.91 24.43 2.4773
0 7.84 24.49 2.4421
0 7.06 24.06 3.0158
0 5.31 21.17 2.6627
0 4.83 21.27 2.2134
0 6.71 21.68 2.4988
0 3.7 19.34 3.2228
0 0.75 11.77 1.9767
0 1.38 13.61 1.299
0 3.3 18.39 0.2488
0 4.53 22 1.1654
0 7.66 23.59 2.9363
0 7.92 24.9 2.7006
0 6.5 23.35 2.9691
0 5.61 22.33 3.198
0 3.19 20.23 1.3393
0 2.14 19.78 0.2963
0 3.62 21.56 0.648
0 4.67 23.21 0.883
0 5.71 25.74 1.2659
0 7.45 26.82 1.9918
0 8.35 26.12 2.2271
3.9 8.23 26.85 2.3322
4.075 6.88 21.71 3.1685
1.05 5.13 20.81 1.6217
0 3.64 21.07 1.6138
0 3.85 21.43 0.5672
0 4.17 22.18 1.4027
0 6.82 22.08 1.0825
0 6.57 23.58 1.2958
0 6.77 24.96 2.9488
0 7.71 22.88 2.0148
0 5.57 22.65 0.9691
0 5.68 23.98 0.2225
0 7.7 23.86 1.3768
0 7.38 23.58 2.0978
0 4.61 22.21 2.1052
0 2.32 20.56 1.9915
0 2.25 18.04 1.4208
0 3.07 18.81 0.4429
0 3.04 19.25 0.9414
0 4.97 21.47 0.3609
0 6.45 22.8 0.9425
0.075 7.09 25.31 1.6048
1.075 5.91 21.52 2.3158
0.575 2.42 16.46 2.7468
0 0.33 16.42 1.4901
0 1.81 18.16 1.209
0 3.87 20.06 0.3338
0 4.24 21.47 1.1186
0 6.37 23.98 2.2802
0 5.55 22.6 0.9777
0 7.66 18.31 2.536
0 4.55 23.99 2.5031
0 6.25 23.98 1.5549
0 3.98 23.35 0.7796
0 4.68 22.91 0.7679
0 7.38 24.27 1.183
0 5.86 25.27 0.3906
0 5.7 25.3 2.1548
0 4.84 21.32 2.5654
0 -4.55 10.67 2.3182
0 -4.84 10.01 2.5291
0 -2.38 14.09 0.7741
1.925 -0.98 14.89 3.1756
1.25 -6.68 11.74 3.5484
0.05 -8.46 0.04 0.3124
0 -7.72 7.38 3.0665
0 -6.02 9.98 1.6466
0 -3.69 10.71 1.3788
0 -4.16 12.64 0.7895
0 -1.83 14.12 0.506
0 -3.1 13.88 1.9817
11 -2.14 12.81 1.9399
45.975 -1.92 7.02 6.4244
24.025 -1.64 3.95 4.4641
0.25 0.33 7.78 0.8117
0 0.5 13.74 2.2337
0 0.13 15.49 1.1198
0 1.31 17.87 1.9205
1.6 1.32 13.72 2.4272
0.95 -6.12 5.51 2.3416
0 -5.61 7.75 1.0614
0 -3.91 10.6 0.5559
0 -3.62 11.85 0.8883
0 -1.21 13.88 1.1179
0 -1.32 10.71 1.8046
0 -1.72 12.36 1.1785
0 -1.87 13.33 4.118
0 -6.87 1.9 5.0141
0 -9.11 1.82 0.7816
0 -8.18 4.31 0.029
0 -4.88 9.78 0.8528
0 -3.86 12.16 0.81
0 -0.96 13.78 1.1733
0 -1.33 15.32 1.1209
0 -1.05 15.4 1.7163
0 -2.25 14.4 2.2625
0 -5.08 9.51 0.6282
0 -5.64 8.19 1.4496
0 -7.23 5.72 1.8361
0 -6.62 6.07 1.2709
0 -4.87 7.65 0.7862
4.4 -2.33 8.41 0.5005
4.1 -4.46 7.56 2.0438
0.875 -8.56 -0.59 1.1401
0 -9 0.61 1.1048
0 -9.45 1.71 2.8633
0 -7.86 4.84 2.2122
0 -5.84 6.36 1.7031
0 -5.96 8.12 1.3785
0.55 -8.2 3.4 2.3693
3.275 -7.37 4.93 3.803
1.75 -7.02 4.6 0.9766
0 -7.03 0.9 0.4881
0 -8.48 4.01 2.4021
0 -7.64 2.92 3.8431
0 -6.46 4.5 4.1606
0.775 -6.35 5.78 2.7237
1.95 -5.22 6.87 1.2152
0.9 -8.5 3.44 4.8486
0 -6.76 0.4 5.151
0 -7.2 2.23 3.9388
0 -7.16 4.63 1.6141
0 -8.2 4.98 2.2907
0 -9.8 5.85 2.1831
0 -9.05 2.13 2.1499
0.05 -8.43 3.42 1.2254
18.225 -11.03 0.07 2.2549
17.35 -10.47 -2.56 1.0204
3.85 -19.04 -8.45 0.6688
0 -19.3 -8.88 1.9003
4.25 -16.1 -7.05 3.0109
33.575 -9.18 -3.44 2.788
59.2 -6.49 -2.95 3.7001
30.6 -8.17 -2.34 4.5497
2 -9.77 -4.8 0.7268
0 -9.34 -4.82 3.0176
0 -7.48 -0.47 2.4062
0 -6.49 1.48 2.2994
0 -6.09 1.58 2.8299
0 -6.6 1.44 4.1309
1.275 -6.72 1.99 2.9164
13.625 -6.07 3.96 1.8461
11.35 -9.05 1.13 3.6639
0.15 -13.46 -5.1 2.8029
0 -10.14 -1.46 3.8731
0 -9.75 -1.48 3.775
6.825 -9.75 -1.63 4.0284
4.175 -8.72 -0.97 1.9354
2.85 -10.05 -3.88 3.1846
9.525 -9.79 -2.48 0.7304
4.875 -8.48 -2.89 1.5057
0.1 -8.93 -3.23 2.4456
0 -8.59 0.13 1.8969
0 -8.27 0.22 1.2225
0 -8.07 1.63 4.0169
0 -8.19 2.86 2.9372
0 -6.93 2.47 2.5095
0 -7.27 3.26 2.9795
0 -7.6 3.12 2.8344
0.075 -5.54 4.63 3.1085
1.875 -5.42 5.26 2.3132
0.9 -3.82 3.72 2.4459
1.3 -3.88 2.28 3.1056
21.675 -6.25 5.01 4.3246
12.925 -5.91 1.17 2.0592
0.125 -9.17 -1.27 1.4377
0 -8.85 0.02 3.3289
1.125 -8.4 3.17 1.9149
31.175 -8.35 3.61 2.4997
50.975 -7.45 -0.23 4.629
35.475 -8.69 -4.52 5.4079
39.425 -8.72 -5.55 6.3349
44.075 -10.4 -6.32 4.0543
23.25 -9.81 -6.96 4.1631
4.625 -11.8 -8.06 0.8893
1.7 -12.36 -6 2.1368
5.475 -10.18 -4.71 3.6562
2.675 -8.41 -4 2.9192
0 -9.22 0.1 1.3585
0 -11.34 0.64 2.846
1.675 -9.89 -1.3 3.1691
1 -8 1.38 1.4553
0 -11.41 -0.3 1.1329
0 -16.43 -0.27 1.7042
0 -9.34 1.34 1.9544
0 -8.6 1.08 0.603
9.275 -8.03 1.75 2.5705
16.25 -7.12 1.57 3.4211
14.2 -6.62 -1.59 1.7723
4.675 -8.47 -3.53 2.5704
0.875 -10.44 -2.62 1.3953
1.725 -10.22 -2.1 2.3444
0.7 -10.57 -3.39 0.5608
0 -9.86 -0.5 0.9835
0 -7.51 0.91 1.0555
0 -7.9 4.25 1.5285
0 -6.94 5.93 1.5657
0 -7.6 8.08 0.9398
0 -6.31 7.34 1.701
0 -5.88 8.65 2.446
0 -5.1 9.07 1.2794
2.625 -7.03 7.88 1.3395
6.55 -5.92 2.8 2.46
18.55 -7.01 2.22 3.1441
8.425 -11.35 -4.43 2.3928
19.45 -11.13 -0.99 3.6105
24.3 -7.81 0.01 2.8811
2.875 -8.96 -1.33 0.6725
29.6 -8 3.79 4.3726
19.425 -7.32 2.2 1.7226
1.475 -8.91 -3.63 0.6287
0.75 -8.33 3.58 2.4031
8.625 -5.92 5.92 2.6738
20.9 -7.45 2.09 3.2248
9.6 -10.12 -1.89 3.2006
0.075 -11.45 -3.68 1.3029
0.05 -9.86 1.04 2.6352
0.1 -9.89 1.21 0.8627
5.725 -8.67 2.95 2.4249
4.825 -13.89 -2.95 3.9261
0.85 -11.38 -3.23 2.0854
0 -11.79 -3.49 0.4414
29.725 -9.98 3.43 2.123
17.825 -10.06 2.96 2.5456
0 -10.74 -0.25 2.6644
0 -10.34 5.42 3.7991
0 -8.37 10.02 1.5103
0 -6.33 11.66 0.6645
0 -4.57 11.16 2.9472
0 -9.62 9.01 2.1231
0 -3.97 12.58 2.0846
0 -6.46 11.36 0.7472
0 -6.33 9.4 1.2943
0 -7.78 9.31 2.3253
0.975 -7.71 10.59 2.1719
2.8 -5.62 10.25 2.478
1.325 -9.54 2.25 2.6111
0 -8.57 -0.13 2.8722
0 -7.36 8.8 1.3839
4.075 -5.06 10.48 2.5772
12.7 -5.17 10.18 5.756
6.275 -9.08 -1.79 3.2207
1.7 -11.77 -2.43 0.8873
8.075 -10.93 4.7 2.3014
2.75 -8.02 -0.92 2.1205
17.025 -9.45 -0.64 2.7414
10.2 -10.64 -3.52 3.4597
0.025 -11.57 -2.12 0.8206
0 -10.39 3.33 2.2007
0 -8.01 8.88 0.3827
0 -5.87 10.42 1.2848
0.8 -5.49 10.02 1.9665
13.45 -5.08 5.42 3.8958
10.65 -8.5 -0.81 4.6627
1.7 -9.28 -3.15 1.0751
0 -8.69 3.2 0.6624
0 -7.56 4.69 0.832
0 -5.5 9.67 2.5943
0 -6.23 9.77 1.3839
0 -5.09 11.97 1.0763
4 -4.13 13.69 1.8131
11.975 -2.49 11.07 2.7829
6.625 -8.75 0.28 2.9555
0.525 -7.84 -4.5 1.5879
0 -6.7 -0.7 1.4734
0 -5.42 9.21 0.7083
0 -3.42 11.38 1.3632
0 -1.69 14.28 0.7274
6.825 -0.35 14.7 4.235
8.075 -5.81 4.68 5.2191
2.55 -10.67 -2.55 4.0385
0.075 -10.13 -0.86 3.4468
0 -7.68 4.98 1.928
0 -5.58 8.98 2.107
0 -4.63 13.31 1.0152
0 -2.25 14.53 2.0056
0 -2.12 13.63 3.5769
0 -4.97 9.84 2.1609
0 -5.07 9.03 0.8206
0.075 -3.61 11.43 2.8687
2.925 -4.25 10.34 3.8043
10.075 -7.57 0.58 3.3779
5.1 -10.95 0.38 4.476
0.05 -9.42 1.54 2.2905
0.125 -4.27 8.42 1.06
0.075 -3.32 11.58 0.6437
0 -1.18 13.42 0.5316
1.25 1.33 15.34 1.3504
3.425 2.13 14.98 2.0611
1.6 -7.64 10.46 2.2084
0.225 -2.34 8.11 1.7221
0.125 0.23 11.31 3.3989
0.125 -3.48 12.02 4.4131
0.15 -8.12 5.88 3.7524
0.25 -8.17 1.01 4.0924
1.5 -6.82 3.22 2.3597
3.875 -6.58 3.58 1.5865
8.875 -3.29 7.49 3.2347
12.475 -4.72 4.61 2.6435
4.95 -7.2 2.27 3.7205
0 -6.42 4.43 1.853
0 -2.53 11.96 0.5624
0 -2.31 15.77 2.6064
0 2.74 15.02 2.9472
0 0.6 13.69 2.6809
0 2.09 15.16 2.8469
0 4.03 16.59 2.8871
0 3.7 16.86 2.1115
0 5.12 20.35 3.1107
0 5.81 20.78 3.1367
0 3.18 18.55 2.3992
0 2.79 17.99 3.9734
0 -0.2 16.36 4.6417
0 -1.02 11.49 5.1471
0 3.09 11.64 4.0049
0 1.33 15.6 1.1
0 2.97 17.55 1.6345
0 3.92 19.76 3.0563
0 0.11 17.96 3.1267
0 -0.85 13.42 0.922
0 -0.57 17.58 2.3132
0 -0.19 15.31 3.2121
0 -1.57 14.13 2.5118
0 -0.73 16.06 1.4741
0 1.08 14.89 0.9832
0 3.58 18.49 1.6557
0 3.25 19.57 2.1246
0 4.94 16.15 2.6431
0 3.28 17.33 2.3159
0 6.19 19.5 0.8215
0 7.58 23.49 1.4757
0 8.12 24.79 3.1985
0 5.6 22.23 2.9844
0 3.43 20.6 2.6459
0 2.54 18.72 2.7289
0 5.01 18.93 1.9301
0 3.04 17.74 0.9236
0 4.19 20.7 1.8596
0 5.21 22.09 2.43
0 5.73 21.35 2.2028
0 5.62 20.77 2.2499
0 7.58 22.52 2.1165
0 6.77 22.43 1.8146
0 7.23 24.43 2.4092
0 8.5 23.28 3.3243
0 8.84 22.72 3.494
0 6.46 20.54 1.8754
0 7.48 22.02 1.2602
0 9.44 25.03 2.5978
0 8.87 25.27 2.7902
0 8.99 25.05 2.6033
0 8.72 26.67 2.1122
0 7.09 26.05 2.0657
0 6.81 23.93 2.6311
0 5.86 23.08 1.0543
0 6.38 22.41 2.2627
0 6.9 23.28 2.0184
0 8.72 24.61 2.4574
0 8.72 24.08 2.701
0 5.3 22.89 1.9203
0 4.08 23.1 2.3437
0 5.94 21.96 1.9505
0 4.76 22.79 2.2767
0 5.15 22.49 2.4267
0 4.46 22.12 2.0874
0 5.15 21.46 2.4389
0 4.53 22.29 1.5291
0 4.08 22.74 1.9566
0 4.84 22.4 1.9993
0 3.61 21.85 2.0763
0 4.46 21.51 2.5067
0.725 5.43 20.62 2.8805
0.425 4.69 16.63 2.062
0 3.27 19.63 1.9532
0 4.5 20.38 2.3446
0 2.6 14.8 1.0393
0 3.23 19.96 1.272
0 5.14 21.25 2.2301
0 5.01 21.57 2.734
0 5.61 22.09 1.1238
0 5.12 23.79 1.7286
0 5.31 24.39 1.8531
0 4.46 23.01 1.8861
0 4.23 22.73 2.222
0 4.51 23.45 2.0201
0 5.76 20.66 1.7331
0 3.11 19.31 2.5389
0 6.05 23.77 2.1838
0 8.77 27.04 0.6951
0 10.43 28.63 2.4338
0 6.61 27.04 2.5799
0 2.38 22.04 2.9859
0 2.44 11 2.231
0 -0.6 11.3 2.3822
0 -0.62 13.57 1.0757
0 1.46 17.19 0.5553
0 3.09 21.51 0.464
0 5.99 24.74 1.1734
0 6.45 24.81 1.3408
0 5.06 24.18 1.9298
0 3.41 21.73 1.3092
0 3.05 21.89 2.561
0.025 4 20.42 3.0313
0 -2.44 6.49 2.0794
0 -1.15 16.48 0.6637
0 0.45 16.73 0.7504
0 1.79 19.77 1.0238
0 1.89 20.03 1.7569
0 1.18 18.49 1.4412
0 0.69 18.14 0.7463
0 0.94 18.21 1.3752
0 -0.1 19.43 1.6341
0 0.7 18.5 1.5447
0 0.4 18.29 1.5328
0 -0.19 13.8 1.061
0 -1.58 16.44 1.0194
0 0.56 14.89 2.7181
0 -0.36 13.25 0.9221
0 0.19 17.01 0.4604
0 3.06 20.27 0.9524
0 4.43 24.2 0.4076
0 5.89 24.44 1.1078
0 8.63 25.67 0.5095
0 7.41 26.27 0.5053
0 5.84 25.92 0.3091
0.05 5.74 21.8 0.484
3.8 5.42 18.33 1.3867
31.375 4.73 19.32 1.6893
32.275 2.05 9.12 1.4854
1.725 0.06 3.85 1.0009
6.65 -3.27 5.38 0.8037
2.025 -2.89 4.9 2.1592
0.15 -5.19 5.48 0.845
0 -3.23 10.44 1.8381
0 -2.4 13.11 1.6314
0 1.46 16.73 1.3626
0 0.9 17 2.4022
0 3.2 19.18 1.7151
0 2.88 18.7 0.817
0 2.77 17.57 0.7122
0 2.56 18.09 1.2771
2.3 3.23 13.59 0.8756
0.875 -0.64 9.58 1.1163
0 -0.36 8.61 1.8305
0.125 -1.26 14.98 1.045
0.075 -0.23 11.81 2.0183
2.925 -2.22 9.9 1.8135
23.825 -1.32 8.2 1.6828
49.55 0.35 2.5 4.6891
16.375 -4.37 3.98 3.7841
0.05 -5.26 4.25 1.5813
0 -8.03 4.43 3.0265
0 -8.33 5.89 3.295
1.875 -2.99 9.3 2.0978
1.4 -3.26 10.25 1.9688
0.15 -5.15 1.59 0.8633
0 -4.72 7.13 1.8822
0 -3.87 9.97 3.286
0 -1.7 12.68 3.0907
0 1.89 14.59 2.1089
0 2.11 14.64 1.1321
0.725 0.17 13.85 2.3271
26 -2.2 10.55 3.055
16.325 -6.97 1 2.7691
2.925 -8.88 0.32 0.6177
3.05 -8.07 1.61 1.6084
0 -8.98 -0.85 2.5812
0 -7.1 3.35 1.4642
0 -7.72 5.48 3.1209
0 -5.37 5.78 1.5209
0 -3.68 9.21 2.4258
0 -4.2 9.07 0.8583
0 -5.6 8.03 2.1867
0 -5.15 8.43 2.2947
27.9 -4.87 8.57 3.0003
48.075 -8.5 2.29 3.3473
35.925 -10.41 -6.18 5.3623
15.75 -10.24 -6.32 3.1999
15.3 -9.9 -4.99 4.3689
7.475 -14.12 -6.22 1.019
0 -15.72 -7.3 3.3544
0 -15.33 -7.33 3.3083
18.55 -10.58 -4 2.8927
11.85 -15.86 -4.78 2.8305
0 -16.62 -8.09 2.2292
0 -14.68 -7.11 3.0066
0 -10.97 -2.68 2.2302
0.05 -7.73 3.04 2.5394
0 -4.48 2.55 1.6145
0.625 -5.25 1.48 1.8428
11.775 -5.6 0.54 2.068
4.975 -5.96 2.26 3.2224
0 -7.41 -0.83 2.3431
4.175 -5.94 2.59 1.8126
6.525 -4.85 3.38 1.0408
0.825 -3.31 0.82 1.3703
0.05 -4.03 3.12 0.4851
0 -6.61 3.46 2.2715
0 -6.3 3.08 1.4752
25.65 -5.53 5.01 1.8944
18 -7.9 0.38 1.7443
6.575 -9.51 -2.31 2.5288
64.175 -9.52 -3.07 3.4719
96.1 -7.65 -3.46 5.3205
69.2 -6.46 -0.81 6.2296
26.775 -8.34 0.84 2.149
10.4 -9.04 -7.47 2.1688
5.6 -8.98 -4.94 2.2706
2.875 -8.41 -3.41 0.3848
0 -9.28 -2.83 2.7999
20.125 -9.64 0.01 5.1955
12.3 -9.06 0.08 1.9594
0 -10.17 -6.33 1.0494
32.275 -9.91 -4.91 2.2857
21.45 -8.27 -3.28 4.5317
1.4 -17.08 -5.56 2.6705
2.825 -16.96 -8.54 1.3614
15.025 -16.71 -8.22 3.8405
22.15 -9.19 -6.79 4.732
23.5 -9.86 -6.25 2.5962
0 -12.5 -5.81 3.1838
0 -12.52 -6.3 3.8689
0 -10.51 -2.84 5.4443
0 -10.21 -2.44 3.903
0 -11.41 -3.93 1.8958
0 -11.43 -1.1 1.085
0 -12.91 -3.58 3.3001
2.075 -13.03 -2.42 3.2239
7.975 -8.45 -2.67 1.7034
0.25 -9.4 -0.31 1.6471
0.15 -9.35 0.12 1.4125
0 -9.48 2.34 2.4941
0 -7.64 3.26 0.9987
0 -7.05 4.4 0.6716
0 -7.07 3.35 2.2406
0 -7.57 4.98 1.3022
0 -9.32 6.34 4.2934
0 -9.3 4.3 3.7164
0 -11.05 3.92 2.7675
0 -6.76 8.1 3.7978
0 -7.97 4.46 2.1052
0 -7.6 5.54 2.209
0 -7.67 4.62 4.9724
0 -7.67 6.13 3.2386
0 -7.67 6.26 1.8082
3.7 -7.58 6.3 0.5987
15.6 -8.36 5.22 1.8105
5.75 -10.16 -4.93 1.5949
0 -11.08 -1.09 2.0101
0 -12.34 0.84 3.0518
0 -12.06 1.41 2.1303
0 -10.04 3.66 2.87
0 -8.03 6.53 1.7091
0 -7.39 7.84 1.9317
0 -5.13 9.07 0.5775
0 -8.55 7.97 2.1535
0 -10.99 5.64 3.63
0 -12.77 1.61 3.8308
0 -11.68 3.01 3.904
0 -9.55 6.34 2.6605
0 -8.04 8.53 1.3412
0.025 -8.12 7.82 3.305
6.35 -8.97 4.6 4.0019
44.325 -8.4 4.24 6.0601
32.975 -10.83 -7.22 4.3726
46.975 -9.71 -6.93 3.1903
36.85 -10 -4.91 4.0312
5.425 -14.3 -6.03 0.8456
0 -14.3 -4.26 1.186
0 -14.01 -4.51 0.3656
0 -13.18 -0.83 0.3052
4.625 -12.42 -1.27 2.3436
19.25 -10.26 -3.47 5.8405
18.025 -14.4 -6.9 0.7266
0 -16.17 -8.59 0.472
0 -15.9 -4.88 2.1196
3.075 -13.61 0.71 1.6782
10 -8.98 2.29 3.4491
11.875 -7.14 0.31 1.6308
1.6 -9.28 1.53 1.4498
2.6 -8.58 5.03 0.5877
20.625 -8.04 6.98 1.737
29.025 -6.18 -0.65 4.4787
0.075 -9.75 -1.32 0.5737
0 -8.97 4.82 1.5085
0 -7.8 9.45 1.0908
0.175 -7.14 8.6 1.1554
0.1 -6.96 6.41 0.7021
1.175 -6.97 8.55 0.8732
0.9 -5.09 3.82 1.0598
9.8 -4.86 7.76 1.203
32.7 -3.56 9.06 2.7645
1.575 -8.47 0.4 1.0067
27.925 -9.49 3.36 3.2988
39.875 -9.26 -3.8 4.906
73.65 -9.1 -4.96 6.1266
19.375 -10.23 -4.3 2.6629
4.25 -10.49 -1.77 0.9599
10.6 -10.06 -0.89 4.583
44.75 -10.14 -2.09 5.3845
36.5 -13.32 -3.96 4.0712
17.1 -9.11 -3.34 2.9523
10.45 -8.82 -5.91 1.571
0.125 -8.03 1.2 0.5718
0 -8.16 4.85 1.1891
0 -7.97 6.88 2.1493
0 -6.93 8.64 2.2475
0 -3.98 13.03 1.6477
0 -3.95 16.52 1.1571
0 -5.45 13.02 1.2457
0.175 -6.36 10.82 1.9617
0 -5.6 11.25 1.3987
1.1 -4.3 12.05 1.4664
6.325 -8.54 9.94 3.5294
6.925 -13.44 -5.83 1.3905
3.225 -12.86 -6.75 1.4573
0.2 -12.6 -0.95 0.5545
0 -10.02 5.15 1.5272
0 -7.95 6.39 1.3978
0.375 -7.35 7.25 2.8831
0.375 -9.85 -1.09 0.6073
0 -7.88 6.57 0.7536
0 -5.66 11.38 1.4037
0 -4.63 13.16 2.3324
0 -4.05 13.08 2.9965
0 -2.91 9.15 1.7659
0.475 -5.06 11.68 2.2241
14.1 -2.69 3.67 2.3946
1.75 -6.07 6.32 0.8604
0.925 -6.19 6.28 1.4161
0.6 -4.25 4.56 2.5331
1.425 -5.06 2.9 2.483
0.075 -7.54 5.62 2.7434
0 -5.64 7.68 0.8244
0 -4.79 10.24 2.4954
0 -7.22 10.02 4.5972
0 -6.12 8.35 3.6518
0 -5.83 8.54 1.9771
0 -3.93 11.12 0.5152
0 -2.04 13.5 0.8055
0 -0.65 14.97 3.0493
0 2.28 17.72 0.788
0 1.81 18.01 1.6089
0 0.29 16.92 2.1245
0.5 -1.25 13.73 3.1386
1.675 -5.13 5.02 3.3702
5.1 -7.21 -0.08 2.7858
0 -4.9 8.78 1.7225
0 -1.96 12.28 1.1713
0 -1.03 14.99 0.5737
5 -0.86 16.62 3.0019
15.575 -8.75 8.04 2.9643
6.95 -8.67 -2.06 1.1207
18.275 -7.27 1.51 3.5086
18.225 -8.26 -2.12 2.4315
2.55 -7.28 1.59 3.4628
0.225 -6.39 8.19 1.7966
0 -2.66 12.6 1.9687
0 -2.31 11.85 2.887
0 -3.84 11.52 4.4038
0 -4.5 8.92 2.4496
0.025 -3.3 11.43 2.8406
0 -4.01 9.8 2.6907
0.55 -4.05 9.84 3.4205
3.375 -4.24 9.77 4.3439
11.025 -7.15 5.18 4.8912
2.575 -6.63 3.72 2.9208
0.375 -3.88 8.33 2.7776
0.775 -2.8 9.57 3.0791
2.1 -7 3.55 1.7592
0 -5.91 6.61 0.6133
3.5 -4.31 6.91 2.8551
20.35 -0.6 2.02 1.3651
12.125 -3.99 8.3 3.5794
0.15 -4.39 4.21 1.8808
0.025 -3.22 10.03 3.0438
0 -0.89 13.39 1.5992
0 0.42 16.07 2.2418
0 0.69 16.44 3.0153
0 -0.65 13.85 2.6241
0 0.74 14.71 2.7315
0 2.39 17.23 1.6148
0 3.16 20.04 1.8455
0 3.73 19.75 2.512
0 0.82 17.09 1.1956
0 2.25 16.53 2.9322
0 1.19 17.49 2.0543
0 3.28 18.07 0.2683
0 4.31 20.5 0.4345
0 5.62 23.15 2.4699
0 5.82 22.79 2.8941
0 4.04 21.26 2.6658
0 1.5 19.78 2.7081
0 1.84 18.87 2.2549
0 3.67 19.44 2.207
23.025 3.82 20.11 2.6475
22.95 1.09 16.57 2.496
5.7 -0.81 8.04 2.2127
0 1.13 15.18 0.8251
0 2.89 20.05 0.7948
0 6.06 22.32 0.6546
0 5.46 22.84 1.6106
0 6.31 22.55 1.8682
0 7.54 21.06 2.5026
0 8.5 22.38 2.8761
0 7.78 21.44 2.2608
0 6.92 22.03 2.5324
0 4.8 21.66 2.1819
0 3.72 20.77 2.3665
0 3.13 17.88 2.4496
0 2.81 18.17 3.1551
0 2.36 16.11 2.6512
0 3.16 14.98 3.1948
0 1.63 14.56 3.1414
0 1.81 15.57 2.0021
0 1.75 17.27 1.4154
0 2.23 19.49 1.9504
0 2.5 19.52 1.2293
0 3.19 20.2 2.2919
0 4.85 21.01 2.8289
0 5.17 20.74 1.8554
0 6.34 21.53 1.9815
0 4.4 22.91 2.1822
0 4.4 21.78 1.8132
0 4.07 20.98 1.7084
0 5.49 20.48 1.4587
0 6.86 23.36 2.2569
0.225 7.96 24.17 3.0022
0.325 9.8 23.99 2.1279
4.55 8.32 19.65 1.5489
0 6.92 22.46 1.9238
0 7.2 23.63 2.0904
0 4.88 22.8 3.0651
0 3.8 19.17 2.27
0 4.49 20.08 3.059
0 4.19 19.7 2.4179
0 5.34 20.8 1.7733
0 4.52 21.75 1.8534
0 4.45 21.57 2.1754
0 5.18 20.9 2.6522
0 4.81 21.24 1.5657
0 5.58 22.88 1.3037
0 5.59 23.15 2.0647
0 4.48 21.62 1.5125
0 3.78 20.88 1.0374
0 3.51 21.26 1.5396
0 4.53 21.72 1.3921
0 5.42 22.5 2.5402
0 4.09 20.37 2.0198
0 3.29 19.92 1.4517
0 1.77 19.81 1.0766
0 2.97 21.12 0.9496
0 4.04 22.47 2.0521
0 6.69 22.98 1.283
0 6.35 22.7 0.8615
0 5.66 25.01 1.0865
0 6.77 24.98 1.4513
0 6.57 25.3 1.6055
0 4.29 24.01 1.902
0 3.67 21.95 1.8116
0 3.37 20.88 0.755
0 3.75 20.92 0.7955
0 4.09 23.04 0.8762
0 5.63 22.34 0.9037
0 6.08 23.11 1.8174
0 5.3 21.82 0.5947
0 5.78 22.55 0.8874
0 6.14 23.93 0.7991
0.35 6.26 23.01 1.6744
6.5 4.59 23.37 1.0891
6.25 4.5 19.43 1.5213
17.1 1.3 14.27 1.3903
7.025 3.06 17.05 0.585
19.95 2.58 18.9 1.1196
0 2.72 16.94 2.4399
0 3.34 18.36 1.8718
0 2.04 15.95 1.6038
0 1.38 16.07 0.2754
0.1 1.92 19.22 0.2458
0.075 4.82 21.54 0.8884
0 5.51 21.93 0.4244
11.8 5.77 22.48 0.3127
0 6.43 22.75 0.6222
0 6.26 23.74 1.6452
20.55 2.98 19.62 2.3088
0.225 1.43 12.46 1.7531
0 2.19 16.84 0.4041
0 5.73 20.11 0.6204
0 5.16 19.43 1.0917
0 3.67 21.6 1.5027
0 1.99 20.73 2.4255
0 2.49 17.14 1.9712
0 1.64 15.16 2.1213
12.9 -0.54 12.17 2.3582
42.525 -2.53 7.12 3.8781
20.05 -7.21 3.44 0.765
3.85 -7.96 3.27 0.9142
0 -7.69 5.45 1.3021
0 -4.73 9.53 1.2334
1.55 -2.28 11.48 1.6068
6.775 -0.91 6.57 1.6777
0 -1.84 13.09 0.8961
0 -1.51 15.25 0.584
0 2.8 17.62 0.4817
0 0.3 17.35 1.1028
0 0.37 15.79 1.6026
0 1.12 15.24 1.7957
0 1.55 15.86 1.8152
0 -0.13 17.11 0.7026
0 -0.53 14.05 0.5668
0 -0.17 14.91 0.4433
0 -0.2 13.83 2.2632
0 -1.16 15.64 1.8594
0 -0.35 16.46 2.244
0 -1.94 13.7 1.3334
0 -3.31 9.59 3.5144
0 -6 8.36 3.4433
0 -6.03 7.93 2.1312
0 -3.22 10.6 0.8867
0 -2.37 12.2 2.1886
0 -2.14 12.98 0.1202
0 -2.78 12.63 3.2747
0 -2.73 10.74 4.191
2.725 -6.76 10.61 3.8948
10.5 -9.08 8.53 1.8539
4.575 -11.17 -4.17 0.4237
9.275 -10.42 -3.09 1.5015
0.2 -10.83 -3.9 0.9551
0 -11.34 -1.19 2.3264
0 -10.27 0.98 3.2772
0 -9.18 4.4 2.9858
1.125 -7.75 5.07 3.3686
4.425 -4.16 3.02 1.0037
0 -5.42 3.03 0.1983
0 -4.73 4.76 0.574
0 -7.54 4.94 0.507
0 -7.25 4.96 0.8904
0 -7.38 5.61 1.0613
0 -7.41 5.65 3.343
1.075 -8.14 -0.2 2.2268
2.55 -7.83 -2.49 3.9678
4.025 -10.24 -3.03 1.6106
0 -10.23 -0.01 2.2531
0 -9.36 2.12 3.4882
0 -9.52 8.52 2.2678
0 -9.19 3.04 0.8062
0 -8.36 3.22 2.9594
0 -7.06 6.02 2.3769
0 -5.88 5.61 1.0803
0 -3.73 6.28 1.8278
0 -8.1 6.98 3.3396
0 -8.19 4.34 8.8756
0 -8.2 0.29 3.7671
0 -9.9 4.48 4.4346
0 -11.49 1.79 2.7746
0 -11.39 -0.24 3.5055
0 -12.28 0.02 3.0733
0 -11.74 -0.5 3.6602
0 -11.32 1.6 3.8184
0 -10.61 1.28 4.3643
0 -9.89 2.07 3.2522
0 -10.94 2.02 1.1174
0 -12.37 1.21 1.6624
0 -12.45 -1.72 1.4756
0 -11.76 -1.09 1.115
0 -11.37 -0.84 0.8877
0 -11.36 -1.54 5.7192
0 -10.46 1.2 4.7873
0 -11.79 1.97 2.7269
0 -11.72 1.61 4.708
0 -12.84 -0.33 4.6191
0 -11.89 -1 3.5156
0 -12.57 0.31 4.556
0 -12.29 1.94 3.9981
0 -11.94 1.56 4.977
0 -11.03 1.84 3.372
0 -9.35 2.77 1.3485
0 -9.5 3.81 1.1353
0 -8.65 2.75 1.1714
0 -6.59 7.43 0.9509
0 -7.58 5.28 1.2024
0 -10.02 4.05 2.3933
