0.525 -19.29 -1.37 1.6188
4.125 -10.36 -1.35 1.6628
2.45 -16.01 0.49 1.6696
0 -20.58 -8.4 4.4102
0.8 -19.97 -7.41 1.5326
0.475 -12.72 -2.05 0.7767
0 -11 1.64 1.2574
0 -10.09 0.48 0.7016
0 -14.59 4.08 4.773
0 -15.8 -0.49 3.1678
0 -13.28 0.33 2.0583
0 -13.67 5.31 5.4295
0 -13.06 4.87 3.6595
0 -13.66 3.24 2.8745
0 -12.05 4.1 3.7738
0 -13.64 4.05 4.8974
0 -13.68 3.48 4.1958
0 -14.31 1.48 4.7594
0 -14.2 3.61 4.8259
0 -12.49 0.26 3.3107
6.125 -10.43 3.79 2.7529
12.325 -8.32 0.97 2.1415
17.7 -10.47 -0.75 1.5563
16.475 -6.42 -1.53 2.8307
6.675 -9.97 -1.74 3.7852
0.5 -16.31 -6.42 0.7871
0 -18.69 -7.22 1.2073
0 -13.97 -3.73 1.5253
0 -15.14 0.23 4.2831
0 -13.1 1.7 4.5295
0 -12.3 2.88 3.0446
0 -11.46 3.61 3.2387
0 -13.19 2.18 3.6349
0 -11.86 5.3 3.7844
0 -11.25 5.9 3.0304
4.3 -7.01 5.59 2.6088
22.475 -10.18 -0.11 2.5522
13.625 -10.99 -5.43 2.8764
10.5 -13.09 -4.26 1.3758
5.05 -15.18 -2.4 3.9884
4.625 -21.02 -9.06 0.6099
6.6 -14.42 -6.51 2.3387
2.15 -15.46 -5.01 1.4632
4.525 -15.25 -5.49 2.9658
2.725 -14.67 -8.17 2.9646
2.425 -14.41 -4.59 5.2109
15.275 -13 -5.56 5.5223
15.575 -14.11 -8.17 4.0815
0.775 -18.38 -5.22 0.9276
0 -16.05 -5.01 3.3549
0 -16.93 -2.4 2.4269
3.025 -15.34 -0.09 3.8017
12.775 -9.69 -0.42 3.1613
7.35 -7.24 -1.99 2.3443
1.1 -8.53 3.33 1.564
0.65 -7.65 4.65 1.5181
0.1 -7.72 0.07 2.6005
0 -11.63 1.72 0.4701
0 -10.72 4.33 3.8376
15.425 -5.05 4.21 2.9205
13.4 -7.5 5.05 4.0836
12.35 -8.23 -0.59 4.9989
8.7 -11.41 -5.25 3.3501
1.35 -20.35 -6.26 0.6969
0.5 -14.66 -3.7 1.9532
0 -16.32 -3.86 0.2318
0 -14.74 0.21 1.7499
0 -11.57 2.6 2.8502
0 -17.41 -3.51 0.5716
0 -13.48 1.82 0.7524
0 -12.6 1.67 2.3965
0 -12.62 3.02 2.8056
0 -12.48 5.39 1.4105
0 -10.6 4.64 2.3682
0 -6.44 5.94 2.6927
0 -7.43 7.84 1.1
0 -8.86 7.88 0.9444
0 -7.01 10.36 0.7995
0 -7.81 10.77 0.8245
23.1 -5.66 10.46 2.1951
22.525 -12.05 1.96 4.3614
0.775 -18.2 -8.14 2.3247
0 -16.32 -5.69 1.8635
0 -12.91 2.32 0.4433
0 -6.12 5.58 2.3283
0 -11 5.21 2.1458
0 -10.21 6.73 1.3572
0 -4.96 10.08 3.3415
0 -14.36 6.23 1.9934
0 -10.9 4.96 0.4091
0 -7.37 7.81 2.5678
0.35 -7.63 8.25 2.6691
0.3 -11.04 5.82 5.5368
0 -15.93 -0.66 1.7847
0 -13.45 2.15 3.0202
0 -11.18 6.65 2.8827
5.275 -7.86 9.88 1.5709
3.325 -9.9 7.51 3.7873
1.725 -9.63 -0.39 1.7892
5.475 -8.78 1.6 2.1869
3.125 -10.74 -0.68 3.8476
0 -9.16 3.92 1.6314
0 -8.01 9.33 1.8709
1.275 -6.82 7.22 4.4091
1.175 -16.81 0.87 6.561
0.15 -13.39 -0.81 3.6362
0 -11.02 2.63 1.5297
0 -8.61 9.07 3.2529
0 -7.09 12.64 3.0125
0 -4.7 15.18 1.6478
0 -3.74 17.24 1.0714
0 -1.92 17.73 2.2689
0.025 0.8 16.31 3.1431
0.725 -4.17 10.35 3.6421
0.375 -12.22 1.35 3.8993
0 -9.49 4.79 2.0098
0 -9.28 6.71 2.4057
0 -7.2 8.86 3.4068
0 -10.75 5.73 1.5145
0.375 -6.48 10.14 2.0123
10.325 0.1 12.08 2.3292
7.575 -4.2 5.91 2.9648
2.4 -1.51 4.53 3.93
2.325 -5.97 6.37 2.062
0.85 -1.61 9.75 3.8916
0 -4.29 11.21 2.6133
0 -5.11 13.49 2.7916
0 -4.49 14.71 1.6105
0 -4.76 16.16 0.9779
0 -2.05 15.51 0.7186
0 -3.3 16.64 3.0432
0 -1.1 14.21 3.3116
0 -5.21 13.98 2.1696
0 -3.56 14.04 3.2482
0 -1.45 15.6 1.4121
0 -1.37 17.78 1.837
0 0.79 20.41 0.3214
0.075 2.52 21.7 2.5746
0.05 2.18 19.46 3.1036
0 -0.74 16.27 2.0707
0 -1.11 16.77 0.8992
0.675 -0.37 17.99 2.4701
0.475 -0.42 16.73 2.9407
0 -2.04 15.19 2.7913
0.275 -0.99 15.07 1.7581
0.175 -2.22 15.95 1.1295
0 -0.6 16.1 0.6931
0.8 -0.09 18.31 1.6006
1.375 -0.03 17.71 2.3026
13.2 0.77 15.21 3.399
12.775 1.01 13.97 2.12
4.15 -0.35 14.48 1.8645
0.15 -2.05 13.53 2.1864
0.875 -0.04 12.68 0.9936
2.275 -4.63 9.42 2.2804
2.925 -3.35 11.62 3.9443
2.725 -6.55 5.72 2.7748
1.625 -3.14 6.32 2.8592
3.225 -1.4 10.11 2.5552
2.025 -0.73 12.36 3.4151
0 -0.3 11.54 3.1388
0 -3.49 10.13 3.3352
0.55 -2.52 12 2.0394
1.725 -0.99 10.78 3.7444
1 -3.9 10.52 2.6352
4.8 -1.94 12.05 2.3853
4.175 -0.31 12.2 2.2391
1.5 1.64 11.43 2.8441
0.775 1.51 14.54 1.522
0 4.3 18.48 2.7628
0 1.48 18.86 3.4882
0 -0.6 13.94 3.1825
0 -3.34 13.84 1.0828
0 -1.05 15.48 0.8957
0 0.6 18.97 1.3167
0.15 2.2 20.98 2.6892
0.1 -0.16 18.89 1.7231
0 2.53 19.94 0.8766
0 3.12 22.24 0.3701
0 3.72 23.56 3.0359
0.025 4.5 22.41 3.0859
0 2.97 20.98 2.218
0 4.85 21.39 1.4721
0 3.35 20.61 2.9268
0 2.1 20.78 2.5119
0 0.67 20.94 2.8576
0 1.84 21.66 2.7647
0 0.59 19.54 3.0592
0 1.5 18.93 2.6997
0 -0.1 19.45 2.5894
0 -0.43 19.19 1.9489
0 5.72 20.25 2.0484
0 3.72 20.59 2.5001
0 3.2 20.1 1.3294
0 2.03 21.23 0.6324
0 3.49 22.42 1.721
0 4.7 24.35 2.218
0 5.36 22.52 2.0261
0 5.92 24.98 2.1699
0 8.13 25.08 2.0914
0 6.67 24.93 2.5302
0 5.43 24.55 2.5437
0.125 4.59 24.19 2.1212
0.25 5.87 24.66 2.0549
0.1 4.66 23.26 2.1719
0 5.23 24 2.1928
1.475 5.24 23.87 1.9653
1.05 5.54 23.56 1.8661
0 7.4 23.79 2.0232
0.05 5.81 22.93 2.7839
0.025 3.47 22.1 2.4208
1.5 5.39 22.46 2.248
0.9 4.12 23.31 2.3733
0 4.24 22.16 3.0489
0 1.79 21.61 2.8038
0 4.8 21.16 2.4102
0 7.06 19.7 2.7247
0 3.22 17.78 3.4679
0 -2.6 10.07 2.075
0 -2.06 11.92 1.2386
0 0.06 16.35 0.1739
0 1.66 19.06 1.1434
0 3.95 21.21 2.8778
0 4.09 21.48 2.6858
0 3.92 21.64 2.9534
0 1.84 20.3 3.2989
0 -0.59 18.46 1.3056
0 -0.86 17.55 0.2699
0 0.57 20.06 0.5912
0 1.17 21.65 0.9371
0 2.47 24.09 1.2265
0 3.72 24.52 1.7469
1.275 4.95 24.68 2.2713
4 5.41 24.52 2.3944
5.025 4.94 19.49 3.4203
1.525 0.63 14.17 1.6965
0 1.6 18.39 1.7846
0 1.08 20.68 0.755
0 1.21 21.3 1.3036
0 1.81 21.63 0.945
0 3.45 22.04 1.3979
0 3.28 22.98 3.2358
0 3.08 19.7 2.3495
0 2.91 18.99 1.2693
0 1.93 19.93 0.1909
0 4.03 20.11 1.3362
0 3.44 20.45 1.9812
0 0.07 19.4 2.1849
0 1.38 19.01 2.047
0 -0.07 18.2 1.3691
0 0.24 18.49 0.6091
0 0.86 18.31 1.0059
0 2.28 20.17 0.4079
0 1.76 20.56 0.9823
0 3.33 22.42 1.4744
0.35 1.46 20.33 2.4777
0.05 -0.5 17.65 2.7634
0 -2.08 14.34 1.4824
0 -0.31 16.46 1.0153
0 0.74 19.5 0.4482
0 -1.16 21.59 1.2311
0 3.35 22.11 2.5199
0 1.17 19.29 1.0763
0 2.1 17.29 2.8606
0 -1.7 19.36 2.7217
0 0.55 20.24 1.842
0 -0.34 20.75 0.9593
0 -0.97 21.1 0.7646
0 1.55 21.61 1.1905
0 -1.09 21.89 0.3066
0 0.99 21.73 2.3115
0 3.81 18.56 2.763
0 -8.92 9.94 2.3683
0 -9.74 6.76 2.7087
0 -7.24 10.92 0.9891
2.275 -1.21 13.11 3.3586
1.525 -10.2 9.34 3.749
0 -12.13 -2.02 0.3871
0 -9.94 4.06 3.3579
0 -10.07 5.44 1.8893
0 -7.55 8.22 1.434
0 -6.81 11.15 0.9129
0 -6.21 13.37 0.5563
0 -6.31 11.14 2.1424
0.175 -5.52 12.25 2.0206
42.85 -2.99 6.22 6.1637
29.925 -3.54 2.47 4.6636
0.05 -3.16 7.94 0.7439
0 -3.33 12.18 2.3308
0 -3.33 13.57 1.3721
0 -1.73 15.24 2.2443
1.25 1.3 13.3 2.6973
0.8 -7.74 6.15 2.8317
0 -8.19 6.6 1.138
0 -7.08 10.73 0.7057
0 -6.6 10.66 0.7752
0 -5.14 12.75 1.1064
0 -5.28 12.1 1.9787
0 -6.52 8.79 1.3387
3.05 -7.01 11.8 3.9459
2.175 -13.03 -3.73 5.2028
0.05 -14.35 -3.12 0.897
0.05 -9.94 3.16 0.049
0 -8.34 8.49 0.9549
0 -7.79 10.75 0.867
0 -7.01 12.73 1.11
0 -6.45 13.41 1.1348
0 -7.12 13.45 1.7603
0 -2.81 12.64 2.3345
0 -7.68 10.26 0.6965
0 -9.99 8.37 1.3119
0 -12.18 6.92 1.8504
0 -11.36 3.96 1.456
0 -9.72 8.3 0.9474
0.475 -7.39 7.51 0.8989
8.8 -4.29 8.13 2.2272
6 -11.78 -0.12 1.0136
0 -13.26 0.19 1.1668
0 -14.48 1.08 2.8424
0 -12.28 3.26 2.3076
0 -11.17 6.66 1.9169
0 -9.74 8.7 0.9981
0 -13.97 3.2 2.3905
0.675 -10.03 4.28 3.9863
0.4 -9.91 4.37 0.8463
0 -10.75 0.69 0.5197
0 -13.94 5.34 2.6362
0 -13.43 2.64 3.9396
0 -12.57 4.4 4.275
0 -13.58 4.63 2.8186
3.15 -9.63 4.31 1.5923
2 -9.98 3.77 4.7931
0 -14.86 -6.62 5.3968
0 -15.25 -1.61 3.8525
0 -14.2 0.78 1.473
0 -14.67 0.34 2.3344
0 -15.65 1.05 2.1844
0 -15.41 -1.21 2.1432
0 -9.6 1.92 1.4204
1.25 -17.28 -0.67 2.2062
6.5 -12.41 -6.15 1.2963
3.8 -24.45 -10.84 0.579
0 -26.45 -10.06 1.812
0.875 -23.53 -7.05 2.81
7.125 -12.77 -3.62 2.73
35.275 -10.7 -4.1 3.7012
21.6 -11.8 -4.28 4.8152
0.375 -19.13 -4.96 0.7668
0 -15.89 -7.92 2.899
0 -14.8 -4.78 2.2194
0 -13.91 -2.38 2.2994
0 -15.32 -3.27 2.8125
0 -17.46 -5.08 4.0633
0 -14.71 -7.34 2.9357
9.775 -11.05 1.19 1.9319
6.675 -15.2 -0.56 3.7786
0.05 -20.8 -8.12 3.1401
0 -18.41 -6.96 3.6772
0 -17.87 -1.9 3.5157
1.275 -17.75 -8.62 3.9174
0.75 -17.46 -4.56 1.8584
0.5 -17.71 -4.91 3.2893
4 -13.23 -7.7 0.6753
3 -11.64 -5.74 1.467
0.025 -11.72 -3.23 2.3131
0 -12.18 -0.92 1.6878
0 -15.31 0.11 1.1928
0 -16.55 -3.94 4.0349
0 -15.58 -3.79 2.9747
0 -15.05 -2.11 2.2498
0 -14.62 -2.56 2.7969
0 -12.12 -1.88 2.9583
0.025 -11.34 0.42 3.1651
0.9 -10.83 0.19 2.2704
0.575 -8.3 -2.56 2.4606
0.075 -11.51 -3.49 3.0415
17.025 -10.48 -3.48 4.247
10.5 -8.18 1.1 2.1477
0.05 -14.96 -1.91 1.4948
0 -15.6 -2.59 3.2965
0 -12.51 -2.18 1.6868
17.425 -13.06 0.98 2.4176
48.025 -10.52 -1.66 4.5231
29 -12.15 -6.35 5.2354
34.05 -11.49 -7.57 6.0982
47.925 -15.93 -7.73 4.0094
21.525 -15.07 -11.13 4.4368
2.025 -18.15 -8.74 0.8326
0.6 -18.85 -9.95 1.9364
6.425 -15.9 -8.08 3.2969
3.65 -11.25 -4.95 2.7833
0 -13.09 -1.8 1.3648
0 -17.41 -1.97 2.7922
0.175 -15.64 -6.91 3.0724
0.1 -13.1 -3.69 1.5093
0 -20.14 -2.79 1.0454
0 -17 -7.11 1.6838
0 -13.1 -4.79 1.8703
0 -14.13 -3.62 0.5938
6.35 -14.56 -5.03 2.3479
10.225 -10.33 -1.74 3.4178
8.4 -10.25 -2.94 1.8688
2.7 -11.04 -3.57 2.6628
0.2 -11.4 -3.97 1.4313
2 -12.97 -4.88 2.4754
1.225 -14.01 -5.41 0.5488
0 -12.96 -4.49 0.8396
0 -11.75 -1.02 0.9455
0 -12.61 0.64 1.5134
0 -14.54 0.87 1.5422
0 -12.76 1.53 0.872
0 -12.13 3.47 1.7805
0 -11.3 2.5 2.435
0 -11.26 2.75 1.5529
1.225 -11.42 2.29 1.5227
2.225 -9.93 -1.6 2.6833
11.35 -9.3 -0.93 3.3237
7.95 -17.28 -4.3 2.5591
15.475 -16.33 -5.15 3.4418
15.45 -10.53 -1.15 3.001
1.35 -13.55 -2.37 0.5381
34.575 -11.23 -0.64 4.3091
25.55 -10.62 1.16 2.1473
1.35 -10.15 -3.91 0.9148
0 -12.67 -0.27 2.4665
2.1 -9.68 0.3 2.7545
12.375 -11.25 0.26 3.1809
6.925 -14.22 -2.13 3.4959
0 -15.56 -4.07 1.237
0.125 -11.88 -2.11 2.7713
0.075 -12.51 -2.48 0.8243
2.95 -12.58 0.58 2.3829
2.1 -16.63 -2.09 4.15
0.15 -13.73 -4.91 2.0696
0 -17.41 -6.03 0.5093
19.45 -12.54 0.51 2.1527
12.125 -12.22 2.26 2.6999
0 -18.06 -4.52 2.7409
0 -14.27 0.59 3.7776
0 -11.59 4.9 1.725
0 -9.14 6.95 0.7141
0 -8.48 7.57 3.117
0 -12.31 4.16 2.1118
0 -9.62 7.32 2.2002
0 -9.17 7.47 1.173
0 -9.84 7.17 1.1966
0 -11.67 6.75 2.6346
0.2 -11.18 5.89 2.2982
0.7 -7.65 7.91 2.7062
0.325 -12.53 1.88 2.9176
0 -12.15 -0.07 2.9399
0 -10.26 4.67 1.6685
0.3 -5.14 9.18 2.7818
6.975 -7.26 9.63 6.1552
4.45 -11.37 -0.91 3.5814
0 -15.99 -3.24 1.0069
1.875 -13.63 0.08 2.4577
0.9 -8.79 1.14 2.36
14.475 -13.58 1.19 2.7731
9.725 -12.57 -2.28 3.8274
0 -16.99 -3.99 0.9188
0 -14.07 1.4 2.225
0 -10.05 6.33 0.5498
0 -8.87 9.43 1.5305
0 -9.44 5.37 1.9715
11.425 -5.44 6.35 3.7821
8.875 -13.56 1.15 4.722
0.725 -12.28 -3.03 1.1114
0 -10.52 2.1 0.6898
0 -9.77 4.53 0.9025
0 -6.13 8.96 2.8033
0 -9.07 9.11 1.3189
0 -8.83 12.49 1.0111
0.175 -7.33 12.89 2.0072
7.025 -4.38 10.91 3.0385
6.525 -11.17 -0.05 2.9317
3.925 -9.76 -2.42 1.4633
1.75 -7.56 -3.05 1.7309
0 -8.1 7.1 0.6763
0 -6.42 11.13 1.5201
0 -7.58 9.9 0.7084
1.85 -0.79 12.76 4.4619
2.35 -8.2 4.59 5.5311
1.225 -13.64 -1.09 4.3366
0.325 -11.37 -1.15 3.6494
0 -10.03 3.79 2.0534
0 -9.2 9.61 2.5009
0 -7.49 9.62 1.261
0 -4.55 12.96 2.0146
0 -2.26 11.44 3.6521
0 -10.28 7.92 2.2122
0 -9.84 5.27 1.1264
0 -4.5 10.11 2.9995
0.375 -7.89 8.34 3.9302
4.15 -10.51 2.9 3.6221
2.525 -13.25 1.59 5.1163
0.025 -7.43 2.83 2.6183
0.05 -7.88 7.17 1.2896
0.025 -7.25 7.89 0.7972
0 -4.91 10.69 0.6605
0 -3.23 13.84 1.4931
0.6 0.53 12.67 2.2705
0.35 -8.01 8.85 2.6969
0.05 -4.79 8.54 1.8384
0.025 -1.7 10.98 3.4506
0 -2.86 11.02 4.5502
2.8 -9.78 5.35 3.8958
2.075 -10.9 0.65 4.0957
0.05 -7.82 1.9 2.4062
0.225 -9.03 3.49 1.7198
1.95 -5.55 8.23 3.5902
5.125 -7.08 5.54 2.943
2.425 -9.13 3.03 4.0312
0 -10.06 3.54 2.0133
0 -6.96 10.93 0.7572
0 -3.29 14.29 2.7499
0 1.75 14.03 2.9698
0 -1.85 12.78 2.8071
0 2.79 16.27 3.0323
0 4.85 15.35 3.1277
0 3.8 14.44 2.1853
0 3.49 19.44 3.2579
0 6.97 19.93 3.2537
0 1.52 18.69 2.2532
0 4.19 18.41 4.1985
0 1.47 14.85 4.7126
0 -2.36 11.02 5.3692
0 -1.69 5.69 4.3588
0 -2.62 12.07 1.2986
0 -1.59 14.74 1.5812
0 1.17 18.52 3.388
0 -1.34 16.53 3.3281
0 -4.7 10.85 0.723
0 -2.34 15.82 2.2953
0 -2.86 14.15 3.3372
0 -3.39 13.91 2.5381
0 -2.24 15.66 1.3205
0 -2.2 13.61 0.9402
0 0.79 17.84 1.5052
0 1.62 18.89 2.1565
0 3.91 16.71 2.5822
0 0.96 16.52 2.2203
0 3.14 18.29 0.6909
0 4.91 22.23 1.4003
0 5.55 22.79 3.3862
0 3.14 21.88 3.1028
0 -1.4 18.16 2.7222
0 0.59 19.9 2.7142
0 1.18 18.71 1.8272
0 0.03 17.66 0.9905
0 -1.5 18.56 1.778
2.125 2.57 21.44 2.3629
1.5 2.47 20.77 1.9402
0 2.92 19.75 2.093
0 5.12 21.24 2.0608
0 3.75 21.24 1.8259
0 3.9 21.62 2.5464
0 6.02 21.1 3.451
0 7.28 22.89 3.7308
0 4.93 21.15 1.939
0.475 5.22 24.02 1.0791
2.15 5.94 24.79 2.5492
1.275 4.26 19.1 2.826
0 4.49 23.64 2.6503
0 5.68 24.71 2.2262
0 5.26 24.81 2.1445
0 4.95 24.13 2.834
0 3.82 22.58 1.138
0 4.79 22.21 2.2688
0 5.32 23.82 1.8838
3.025 6.84 24.16 2.2795
2.05 4.93 21.44 2.6497
0 3.38 20.63 1.9108
0 3.05 21.23 2.3097
0 4.13 21.63 1.8371
0 4.21 21.95 2.2649
0 3.46 21.85 2.5688
0 2.43 21.69 2.1583
0 2.68 21.67 2.4988
0 2.49 22.21 1.6637
0 2.64 22.24 2.0291
0 3.09 22.1 2.0404
0 1.76 21.6 2.132
0 3.06 20.6 2.5153
0.275 2.68 19.51 2.8896
0.175 1.41 16.8 2.1279
0 0.88 18.72 2.0661
0 1.47 18.81 2.4639
0 0.32 15.45 1.0466
0 1.14 18.95 1.1111
0 2.85 21.12 2.0313
0 2.49 21.46 2.6412
0 3.53 21.19 1.1924
0 3.37 22.31 2.0029
0 5.11 23.42 2.0684
0 3.33 21.24 1.892
0 1.41 21.15 2.2076
0 3.85 22.41 2.2478
0 4.44 19.07 1.8668
0 0.23 16.9 2.7936
0 1.64 20.78 2.3547
0 1.74 23.8 0.8232
0 7.32 24.5 2.6323
0 5.35 24.03 2.8809
0 2.5 19.86 3.2517
0.125 -0.45 10.55 2.258
0.075 -3.71 9.27 2.3365
0 -3.43 12.97 0.9125
0 -1.49 16.82 0.6027
0 0.32 20.58 0.5473
0 1.96 22.06 1.0992
0 2.89 22.71 1.565
0 0.51 21.51 1.9906
0 -1.42 19.85 1.4691
0 -0.08 19.11 2.85
0 3.42 18.29 3.2734
0 -6.01 10.32 2.1745
0 -4.06 13.88 0.8333
0 -2.9 15.88 0.8953
0 -0.94 17.41 1.0811
0 -1.05 18.07 1.8863
0 -2.4 16.25 1.4911
0 -2.36 16.76 0.596
0 -2.02 17.42 1.0626
0 -1.98 18.76 1.7025
0 -1.91 18.42 1.5399
0 -0.8 19.15 1.6888
0 -3.49 15.55 0.9479
0 -4.19 16.16 1.1503
0 -1.02 17.18 2.7266
0 -3.68 12.06 0.7939
0 -3 15.76 0.4994
0 -1.7 18.54 1.0988
0 -0.43 21.15 0.5798
0 0.26 21.61 1.2284
0 1.63 22.67 0.4799
0 2.38 22.87 0.4938
0 1.07 22.68 0.3279
0.2 2.91 20.05 0.6734
6.575 1.76 18.11 1.4606
27.775 1.33 16.26 1.75
43.825 -1.18 8.85 1.6311
13.975 -3.83 2.13 1.2754
7.375 -6.51 4.15 0.8103
2.475 -6.31 1.63 2.204
0.125 -7.33 5.11 0.8433
0 -5.43 9.51 1.77
0 -4.42 12.18 1.7472
0 -2.79 14.74 1.4827
0 -1.97 13.94 2.5724
0 -2.02 14.59 1.8943
0 -2.79 15.05 0.9736
0 -3.17 14.91 0.8886
0 -2.57 14.72 1.4807
2.675 -1.17 11.22 0.8859
2.825 -2.58 7.46 1.3043
0 -2.74 7.05 2.0651
0.55 -4.46 10.07 1.2124
0.3 -3.68 9.97 2.1326
3.275 -5.98 9.35 1.9801
5.35 -2.06 7.05 1.8998
32.575 -0.67 5.08 4.6884
17.875 -5.73 6.33 4.032
0 -8.52 3.62 1.5745
0 -12.63 2.37 3.1195
0 -10.24 2.4 3.3121
3.075 -7.02 8.18 2.1201
2.15 -6.42 8.84 2.105
0.075 -8.47 3.99 0.9186
0 -8 7.75 1.8961
0 -7.16 10.91 3.4866
0 -6.05 13.21 3.2911
0 -3.93 13.72 2.3144
0 -2.25 12.63 1.2178
0.15 -2.77 11.82 2.4899
16.375 -6.65 9.76 3.0123
10.5 -10.41 3.63 2.962
0.9 -14.51 -1.16 0.5524
0.85 -13.36 -0.54 1.63
0 -12.86 -1.04 2.7123
0 -12.52 0.84 1.4813
0 -11.44 4.58 3.2518
0 -10.36 2.13 1.5242
0 -6.68 6.89 2.4046
0 -9.18 8.43 0.7308
0 -12.84 6.62 2.1894
0 -2.9 8.56 2.6291
17.2 -3 9.04 3.2894
30 -10.84 4.05 3.5444
19.275 -14.03 -3.91 5.537
4.05 -13.73 -7.9 3.3041
8.35 -13.4 -3.93 4.6642
7.475 -20.18 -6.63 0.9583
0.725 -24.06 -8.65 3.2952
0 -18.53 -5.79 3.2422
12.5 -14.68 -3.31 3.0547
8.175 -18.7 -2.6 3.1536
0 -22.65 -8.11 1.9989
1.05 -19.26 -9.67 2.9273
0 -17.58 -2.58 2.1493
0.05 -12.5 1.74 2.4521
0.025 -2.97 4.09 1.7408
0 -5.32 5.84 1.6523
13.75 -9.66 0.8 1.9264
9.8 -7.97 3.45 3.1835
0 -11.06 0 2.401
1.3 -9.49 1.7 1.7423
2.125 -5.79 4.16 1.1638
0.375 -4.98 3.65 1.4415
0 -6.58 4.31 0.5666
0 -10.12 5.54 2.2349
0 -10.69 3.43 1.6021
9.875 -9.98 3.43 2.0706
7.6 -9.72 2.22 1.8979
4.6 -11.75 -2.62 2.5422
35.225 -10.94 -3.63 3.391
68.875 -9.61 -5.43 5.4267
77.275 -8.55 -1.98 6.5008
44.85 -11.27 -3.9 2.117
20.125 -12.95 -9.88 1.9217
4.05 -14.94 -6.56 2.1578
1.8 -11.73 -5.06 0.3833
0.325 -13.09 -4.31 2.7648
19.6 -17.27 -3.33 5.0634
9.775 -12.6 -3.33 1.9923
0 -15.38 -7.4 1.1107
24.675 -14.03 -6.29 2.2499
19.85 -12.28 -5.43 4.7516
0.775 -21.1 -5.4 3.0063
2.8 -21.93 -11.2 1.1035
10.875 -20.18 -10.99 3.4319
15.225 -15.86 -11.04 4.5062
27.225 -14.52 -11.1 2.5862
0 -16.36 -7.97 3.0084
0 -19.19 -10.68 3.7702
0 -17.27 -10.71 5.4855
0 -16.33 -10.15 3.9977
0 -17.19 -10.08 1.7693
0 -17.65 -7.48 0.9903
0 -16.6 -3.4 3.3589
3.175 -16.88 -8.67 3.1279
4.425 -14.18 -6.3 1.4753
0.1 -14.85 -3.71 1.5723
0.05 -14.27 -1.17 1.495
0 -13.8 -1.17 2.3244
0 -11.51 -1.38 1.1604
0 -9.96 1.01 0.6551
0 -13.09 0.06 2.1175
0 -10.64 1.36 1.3388
0 -14.71 1.78 4.3025
0 -14.36 -1.36 3.537
0 -14.1 -0.6 2.7196
0 -15.05 1.8 3.5721
0 -13.71 -1.6 2.1508
0 -13.1 0.15 2.1153
0 -13.35 0.8 4.9258
0 -13.76 0.23 3.0697
0 -13.46 -0.53 1.7428
2.725 -12.64 1.18 0.7206
10.05 -11.11 3.25 1.7772
3.4 -14.15 -4.88 1.7854
0 -14.91 -3 2.2069
0 -19.99 -4.01 3.1224
0 -17.39 -4.61 2.1657
0 -14.63 -0.44 3.0421
0.025 -12.18 2.84 1.7635
0 -9.13 3.54 1.9758
0 -10.23 3.69 0.6816
0.125 -13.9 6.25 2.3108
0.075 -16.48 -2.34 3.6729
0 -17.4 -3.83 3.8334
0 -15.78 -1.89 3.8457
0 -13.68 1.07 2.5456
0 -11.79 4.34 1.487
0.025 -9.35 4.66 3.1128
7.3 -5.85 2.99 3.7528
34.7 -10.27 3.18 6.2449
20.95 -14.29 -7.42 4.1018
39.575 -12.41 -8.85 3.3301
33.8 -12.4 -4.31 4.3868
2.675 -20.6 -6.85 0.8946
0.025 -20.49 -7.48 1.1895
0 -18.7 -7.76 0.3771
0 -18.61 -3.99 0.2014
4.025 -14.29 -4.74 2.4398
14.175 -12.65 -4.13 6.0438
20.65 -17.89 -8.14 0.5654
0.025 -21.02 -11.33 0.5289
0 -18.98 -6.51 2.0773
1.225 -17.3 -1.69 1.7332
3.175 -14.8 -1.11 3.2725
6.425 -9.91 0.89 1.9979
1 -15.6 -0.29 1.3969
0.65 -10.88 1.28 0.592
8.475 -8.42 3.9 1.7998
15.9 -9.04 -0.23 4.6754
0.025 -11.98 -2.52 0.7369
0 -10.53 3.66 1.5419
0 -8.75 6.43 1.4166
0.275 -8.61 5.63 1.1007
0.15 -9.6 5.17 0.8119
0.95 -10.61 5.14 0.8636
0.7 -7.31 2.62 1.1267
7.75 -6.88 5.92 1.342
25.025 -6.03 6.72 3.1522
5.325 -12.96 0.88 0.9476
18.35 -10.75 -0.14 3.2544
33.55 -12.81 -4 5.0128
59.125 -10.92 -5.4 6.5147
12.025 -12.55 -6.72 2.8918
6.025 -15.17 -3.85 0.7847
15.375 -13.52 -5.25 4.2378
37.675 -13.82 -6.25 5.2923
24.65 -15.38 -5.68 4.2558
10.95 -12.11 -3 2.8909
4.35 -10.84 -3.23 1.7493
0 -9.65 2.56 0.5255
0 -11.02 4.22 1.0481
0 -9.54 4.81 2.3085
0 -7.65 7.96 2.1739
0 -6.49 12.62 1.5952
0 -3.02 15.19 1.6348
0 -9.22 9.91 1.1962
0.1 -9.59 6.4 2.0938
0 -6.52 11.29 1.6205
3 -7.97 10.23 1.4204
5.125 -11.04 7.88 3.7034
5.3 -17.38 -5.51 1.4052
2.975 -14.69 -7.76 1.637
0.15 -13.86 -2.34 0.626
0 -10.28 4.15 1.4328
0 -10.16 6.41 1.4009
0.125 -8.47 6.45 3.1012
0.375 -12.9 -2.59 0.6309
0 -9.31 4.48 0.7552
0 -7.12 10.4 1.3126
0.025 -6.06 12.42 2.4374
0.025 -4.43 11.76 3.3906
0 -5.9 6.94 1.9629
0.325 -4.85 9.36 2.5424
9.65 -4.44 3.34 2.717
3.7 -9.43 4.95 0.8516
2.3 -8.03 4.63 1.7313
0.15 -5.64 4.19 2.9104
0.95 -6.84 2.39 2.7763
0.025 -9.83 4.21 2.9198
0 -8.27 7.03 0.8734
0 -6.03 10.87 2.7346
0 -10.09 7.45 4.7313
0 -11.92 2.52 3.8771
0 -10.47 3.92 2.1268
0 -7.56 7.74 0.668
0 -4.74 11.35 0.873
0 -5.11 13.29 3.1859
0 -3.13 14.55 0.9841
0 -1.89 15.69 1.8605
0 -1.06 14.96 2.2781
0.5 -3.19 11.66 3.4406
1.4 -9.63 4.23 3.7085
3.65 -10.54 -1.97 3.0765
0 -7.71 6.31 1.6909
0 -4.41 11.44 1.2699
0 -3.17 13.67 0.6607
2.65 -3.06 14.74 3.1465
7.4 -11.05 8.35 3.2871
2.6 -12.03 -2.46 1.1624
6.275 -8.68 1.3 3.4521
22.725 -9.79 0.33 2.6952
2.8 -8.4 0.61 3.8546
0.1 -8.36 5.72 1.9324
0 -3.38 11.75 1.91
0 -3.63 11.33 2.7683
0 -5.78 10.04 4.3696
0 -7.82 7.76 2.4614
0 -4.4 11.41 2.982
0 -4.08 9.82 2.9813
0.8 -4.44 9.33 3.5961
1.775 -3.49 10.04 4.5462
5.7 -10.62 5.01 5.1121
1.2 -10.06 0.97 3.036
0.45 -7.27 5.38 3.0535
0.15 -5.59 6.62 3.3254
0.925 -8.34 3.65 1.8818
0 -8.74 4.41 0.685
13.875 -2.35 7.54 2.7272
18.6 -3.94 0.43 1.6409
6.725 -4.73 8.77 3.8067
0.425 -5.89 6.96 1.779
0.375 -4.46 10.55 3.0781
0 -2.97 12.18 1.6196
0 -1.78 15.25 2.0527
0 -1.94 14.98 2.9811
0 -1.11 13.63 2.5706
0 -0.56 15.21 2.7946
0 0.76 16.94 1.4186
0 1.99 20.07 1.9661
0 1.42 20.04 2.6032
0 -1.96 15.38 1.0448
0 -1.11 14.57 3.0658
0 0.65 16.72 2.1213
0 -0.73 14.81 0.1909
0 1.63 19.64 0.2917
0 3.59 21.86 2.4755
0 3.49 21.64 3.2376
0 0.9 18.83 2.843
0 -1.03 19.16 2.8096
0 -0.1 17.8 2.2073
0 0.62 19.81 2.1271
11.875 3.32 19.98 2.965
25.975 -0.45 15.58 2.676
9.05 -3.02 6.9 2.1824
0 0.39 17.24 0.6415
0 2.16 21.28 0.9753
0 4.32 23.01 0.9692
0 4.57 22.91 1.8354
0 4.86 22.08 1.9183
0 5.98 20.27 2.4339
0 5.12 21.31 2.9229
0 3.27 19.33 2.3835
0 3.23 20.84 2.6224
0 1.31 20.64 2.291
0 2.28 19.72 2.4746
0 1.25 19.93 2.4941
0 1.61 18.51 3.2063
0 0.15 16.87 2.6001
0 2.14 16.06 3.0947
0 0.07 15.75 3.1075
0 0.61 16.2 2.0369
0 0.42 17.81 1.6531
0 1.79 19.08 2.0977
0 1.28 19.62 1.1926
0 1.78 20.62 2.3564
0 3.28 21.29 2.9281
0 3.16 20.86 1.8357
0 4.48 21.96 2.0816
0 3.03 22.03 2.2818
0 1.13 21.08 1.8645
0 2.09 21.18 1.7611
0 3.11 20.31 1.3435
0 5.97 22.44 2.0801
5.425 3.82 22.9 2.9201
4.65 4.2 20.84 2.1355
2.4 4.11 16.34 1.6671
0 3.45 20.02 2.0223
0 2.86 20.76 2.1666
0 1.62 21.66 3.1081
0 1.91 20.1 2.2061
0 1.66 19.94 3.0757
0 0.87 21.13 2.4612
0 2.52 20.36 1.8371
0 2.21 21.49 1.8734
0 2.62 21.08 2.1749
0 1.98 21.64 2.6594
0 2.54 21.84 1.471
0 4.36 21.61 1.3977
0 2.91 21.4 2.2099
0 4.03 20.23 1.6041
0 3.09 19.13 0.9371
0 2.84 20.75 1.4209
0 2.05 21.88 1.2057
0 3.1 23.62 2.4955
0 4.26 21.48 2.0828
0 2.87 20.21 1.5131
0 2.38 19.85 1.1167
0 -1.5 19.41 1.0463
0 3.57 23.14 2.1002
0 3.99 22.47 1.4172
0 3.09 21.63 1.036
0 4.87 23.15 1.2322
0 6.34 23.1 1.5927
0 5.32 23.1 1.6406
0 3.96 22.7 2.0606
0 0.43 22.81 1.9867
0 0.62 20.52 0.8037
0 1.56 19.76 0.8171
0 0.88 20.62 0.9266
0 3.29 20.43 0.866
0 5.77 20.94 1.7956
0 2.87 18.84 0.5629
0 2.11 20.14 0.8905
0 4.45 20.73 0.7045
0.525 3.74 19.43 1.9025
3.5 2.21 17.47 1.2156
5.5 2.57 16.12 1.2848
17.2 0.14 11.92 1.2356
4.7 1.74 14.01 0.6246
11.525 -0.38 15.92 0.9383
0 0.45 14.89 2.4593
0 1.55 16.32 2.0773
0 -0.16 14.04 1.6006
0 -0.18 15.31 0.228
2.025 0.36 17.93 0.3754
1.4 1.93 19.74 0.8932
0 0.82 19.47 0.4177
5.425 1.73 20.08 0.4946
0 3.35 19.57 0.858
0.325 3.21 20.89 1.6905
9.7 0.98 16.08 2.3484
0.1 -1 12.68 1.5721
0 -0.3 16.1 0.4661
0 0.67 18.58 0.7074
0 1.84 18.02 1.0555
0.025 0.52 18.98 1.6664
0 1.1 18.71 2.6494
0 3.69 15.48 2.1456
0 0.47 14.88 2.3417
20.05 -2.25 10.96 2.4683
33.925 -6.49 7.79 4.0674
12.725 -8.07 0.96 0.6265
2.375 -10.11 0.91 1.0254
0 -7.84 4.81 1.27
0 -6.7 8.07 1.4537
0.275 -3.93 10.15 1.7435
3.425 -2.36 8.11 1.7327
0 -4.46 13.03 0.9289
0 -3.61 14.8 0.6981
0 -2.44 16.81 0.7584
0 -2.47 17.38 1.2908
0 -1.81 14.37 1.8793
0 -2.37 13.6 1.9852
0 -3.16 12.79 2.1409
0 -3 14.56 0.5951
0 -4.11 12.47 0.6418
0 -4.54 13.08 0.3752
0 -4.1 12.46 2.2797
0 -5.76 13.8 1.9246
0 -4.16 14.12 2.5138
0 -5.16 10.95 1.399
0 -9.71 7.96 3.9176
0 -10.04 3.65 3.4818
0 -9.05 6.43 2.286
0 -8.81 9.73 0.8234
0 -8.47 11.14 2.3851
0 -8.12 11.48 0.2569
0 -6.84 11.04 3.2869
0 -10.1 4.37 4.1667
1.525 -11.2 5.14 4.0891
10.75 -12.08 6.18 1.9682
3.775 -14.9 -5.94 0.351
10.275 -12.56 -4.28 1.516
0.25 -11.98 -4.49 1.0585
0 -13.95 -3.54 2.4355
0 -13.64 -0.92 3.4137
0 -12.08 1.8 3.0083
2.05 -9.94 1.09 3.1703
3.125 -6.88 -1.16 1.0863
0 -8.68 2.17 0.2586
0 -7.6 4.47 0.5122
0 -10.47 4.97 0.5022
0 -10.65 6.09 0.8625
0 -10.99 4.97 1.2942
0 -10.72 5.58 3.5762
0.225 -10.19 0.53 2.286
1.5 -10.03 -0.88 3.773
2.5 -13.44 -4.91 1.4477
0 -13.41 -1.49 2.0776
0.225 -11.69 2.68 3.3933
0 -9.3 6.39 2.2773
0 -11.32 3.03 0.8389
0 -12.21 4.21 3.0148
0 -9.93 5.52 2.4043
0 -9.73 4.49 1.0709
0 -9.62 5.86 2.0202
0 -10.67 6.86 3.1184
0 -12.55 1.29 9.4901
0 -15 -5.86 4.0392
0 -16.41 -0.31 4.6654
0 -17.15 -4.71 2.6496
0 -16.08 -0.82 3.5156
0 -16.89 -3.59 3.0133
0 -15.57 -2.44 3.7021
0 -14.91 0.21 4.0633
0 -16.38 0.33 4.3571
0 -16.21 -0.62 3.2342
0 -15.67 -1.96 1.3157
0 -16.84 -1.89 1.663
0 -16.57 -5.82 1.4477
0 -16.58 -4.12 1.1171
0 -14.14 -2.47 0.9649
0 -13.42 -4.31 6.0331
0 -15.39 -2.2 4.9975
0 -16.36 -1.94 2.5623
0 -12.81 1.19 4.6825
0 -17.17 -2.48 4.7772
0 -15.49 -3.89 3.3872
0 -19.66 -0.57 4.5963
0 -19.09 -3.54 3.9179
0 -17.83 -2.56 4.8559
0 -17.04 -1.04 3.1867
0 -15.43 0.62 1.3861
0 -14.06 2.9 1.1738
0 -13.9 0.82 1.1012
0 -9.8 6.41 0.9822
0 -10.2 4.7 1.3084
0 -12.84 5.09 2.3971
