0.9 -16.3 -0.21 1.5598
5.675 -8.98 -1.26 1.6763
3.15 -13.88 0.51 1.6557
0.875 -17.56 -5.7 4.3525
1.95 -16.73 -6 1.687
0.85 -9.68 -3.05 0.6606
0 -10.4 -0.19 1.3175
0 -8.27 0.15 0.7026
0 -11.44 4.34 4.6282
0 -12.16 3.05 3.1489
0 -9.98 3.06 2.1629
0 -10.21 6.68 5.418
0 -8.17 6.61 3.6792
0 -10.83 5.64 3.0695
0 -9.12 6.53 3.7403
0 -10.46 7.41 4.8531
0 -9.53 5.66 4.2098
0 -9.72 4.14 4.79
0 -9.86 5.53 4.8568
0.1 -9.44 3.86 3.358
15.1 -7.86 5.71 2.7235
27.775 -5.11 3.82 2.1521
37.3 -8.56 2.06 1.576
47.925 -5.2 0.04 2.8071
14.15 -8.63 -1.65 3.6926
1.125 -14.63 -6.33 0.7535
0.025 -15.71 -5.17 1.2101
0 -12.36 -2.15 1.4246
0 -11.65 0.26 4.2681
0 -9.54 4.27 4.5093
0 -7.86 5.08 3.0671
0 -7.79 5.15 3.264
0 -10.25 4.51 3.6998
0 -10.03 6.39 3.7631
0 -7.62 8.38 2.9908
6.65 -4.77 7.03 2.5261
15.95 -8.18 -0.19 2.5825
7.85 -9.32 -3.56 2.8943
21.975 -10.2 -1.56 1.3002
13.35 -13.51 -1.95 3.8696
4.5 -17.83 -7.69 0.5502
11.875 -13.44 -6.14 2.5047
5.675 -12.1 -5.13 1.436
12.875 -12.31 -4.81 3.0527
7.475 -12.17 -6.57 3.1971
3.375 -11.3 -3.88 5.3783
26.375 -9.54 -4.69 5.4703
20.525 -11.79 -6.21 4.1605
3.325 -14.44 -5.7 1.0356
0 -12.83 -3.96 3.3447
0 -13.42 -0.04 2.4317
7.025 -11.83 1.54 3.7699
26.575 -8.94 0.5 3.2675
17.425 -6.56 -2.81 2.4032
5.125 -7.33 1.21 1.6472
2.55 -7.38 4.44 1.5388
0.275 -7.6 -1.11 2.7672
0 -9.51 2.63 0.476
0.025 -9.02 5.24 3.8152
19.9 -4.92 5.14 2.8938
31.4 -5.15 3.22 4.1478
26.95 -6.48 0.86 4.9752
21.5 -9.89 -3.89 3.2378
3.475 -15.67 -5.19 0.7201
1.45 -13.71 -2.32 1.9217
0 -14.14 -2.57 0.2531
0 -13.58 1.26 1.5977
0 -10.06 3.8 2.7219
0 -14.23 -2.05 0.5117
0 -12.48 2.69 0.8084
0 -10.48 3.06 2.387
0 -9.92 5.38 2.7228
0 -9.72 7.15 1.4362
0 -8.66 5.57 2.4812
0 -5.29 6.09 2.9231
0 -6.22 8.63 1.0676
0 -6.48 9.37 0.9195
0 -4.89 11.76 0.8044
0 -6.15 11.91 0.7267
25.625 -4.25 11.32 2.1431
25.6 -10.3 3.13 4.2942
2.075 -15.67 -6.88 2.2295
0 -13.87 -3.19 1.8734
0 -11.6 4.34 0.4243
0 -6.71 7.37 2.1128
0 -8.02 8.82 2.1132
0 -7.62 8.63 1.323
0 -4.68 11.51 3.3525
0 -10.55 7.41 1.9854
0 -8.52 6.56 0.3357
0 -5.95 8.85 2.5417
0 -5.8 10.2 2.6127
0 -8.28 7.97 5.4154
0 -12.83 0.96 1.8376
0 -11.2 4.74 2.9828
0 -9.22 8.99 2.6967
14.1 -6.15 11.83 1.4332
16.25 -8.92 9.34 3.6824
10.875 -8.52 -0.3 1.8109
5.625 -7.77 1.21 2.1536
1.275 -8.88 0.35 3.7702
0 -7.38 4.92 1.5407
0 -7.1 9.8 1.9514
0.275 -5.23 8.04 4.4396
0.2 -14.04 2.09 6.4247
0 -12.06 0.99 3.4605
0 -9.68 5.1 1.5556
0 -6.79 10.77 3.1632
0 -4.93 14.09 2.9822
0 -1.76 17.11 1.5969
0 -0.69 19.14 1.0494
0 0.71 19.69 2.231
0.125 0.82 18.28 3.1143
2.225 -2.68 12.22 3.4847
1.275 -10.5 2.6 3.7191
0 -8.67 5.56 1.8917
0 -7.11 7.93 2.3851
0 -6.77 9.29 3.3828
0 -8.95 6.25 1.5062
2.175 -5.84 9.5 1.9396
48.05 0.69 12.22 2.2123
33 -3.11 6.92 2.8537
5.575 -1.1 4.98 3.9683
3.175 -4.4 6.15 2.0432
0.525 -0.9 10.24 3.9703
0 -3.22 11.47 2.5246
0 -2.95 14.5 2.7526
0 -1.86 15.26 1.5834
0 -2.61 16.12 0.9671
0 -0.17 16.58 0.7066
0 -1.24 17.33 2.9906
0 -1.08 15.92 3.2953
0 -2.71 14.65 2.1948
0 -2.01 14.25 3.1609
0 0.16 15.75 1.4884
0 0.11 18.18 1.8149
0 3.59 21.87 0.3525
0.2 5.3 23.53 2.5415
0.125 3.44 22.67 3.0116
0 0.91 17.68 1.8516
0 0.36 17.22 0.8273
0.275 1.01 18.44 2.415
0.175 0.66 17.93 2.9153
0 0.43 16.44 2.7167
0.1 0.26 16.11 1.7347
0.075 -0.64 16.57 1.1672
0 1.82 17.5 0.7375
0.8 2.63 19.4 1.654
0.675 2.07 18.64 2.3603
16.475 3.03 17.18 3.3653
11.9 2.52 16.69 2.1112
1.475 2.14 16.31 1.841
0.025 0.91 14.7 2.1844
0.65 1.77 14.24 0.7681
9.675 -1.66 11.66 2.2068
8.2 -2.92 12.02 3.9004
4.075 -4.84 4.55 2.7016
1.625 -2.48 6.51 2.8124
0.775 -1.23 11.64 2.5389
0.475 0.36 13.48 3.3845
0 0.65 12.73 3.109
0 -1.91 11.06 3.2962
1.45 -1.2 12.48 2.0516
2.45 0.45 11.67 3.6991
0.95 -2.06 11.22 2.5766
1.05 -1.25 12.48 2.3876
0.8 -0.13 12.88 2.2589
0.15 2.27 13.13 2.8631
0.075 2.38 15.76 1.5595
0 4.58 20.51 2.667
0 2.12 19.8 3.3046
0 -0.17 15.4 3.1232
0 -1.2 13.84 1.1714
0 0.74 16.16 0.8414
0 3.08 20.16 1.3565
0.05 3.75 22.27 2.7328
0.025 2.42 19.85 1.6417
0 3.9 20.81 0.8791
0 4.9 24.27 0.4033
0.3 6.67 25.51 3.012
0.15 6.74 24.66 3.0329
0 5.35 23.33 2.2273
0 6.72 23.08 1.52
0 5.2 21.82 2.9283
0 3.99 22.22 2.5348
0 2.94 21.98 2.8714
0 2.73 21.97 2.7525
0 1.77 20.11 3.0013
0 1.93 19.48 2.6329
0 1.17 19.8 2.5489
0 1.17 19.8 1.9207
0 3.96 20.71 2.0214
0 4.41 21.63 2.4723
0 4.45 21.26 1.3597
0 4.51 22.13 0.7436
0 5.67 22.99 1.6304
0 6.78 25.24 2.1785
0 7.76 23.13 1.9528
0 7.89 26.17 2.1157
0 9.57 26.47 2.0005
0 9.4 26.93 2.4977
0 7.34 26.48 2.5555
0.05 6.21 25.29 2.1736
0.1 7.68 25.66 2.0641
0.025 6.72 24.4 2.1837
0 6.67 24.75 2.2469
0.575 6.77 24.95 1.9663
0.4 7.29 25.44 1.7565
0 9.06 25.43 1.9644
0 7.23 25.2 2.7696
0 6.77 24.04 2.4192
0.225 8.09 23.75 2.2779
0.1 6.93 24.02 2.3562
0 6.39 23.19 3.1336
0 3.79 22.02 2.8404
0 4.71 21.77 2.4844
0 6.68 21.16 2.7182
0 3.79 19.29 3.4572
0 -0.46 11.02 2.0202
0 0.05 13.38 1.2318
0 2.71 17.72 0.159
0 4.18 20.95 1.0969
0 6.45 22.58 2.9159
0 6.54 23.46 2.7531
0 5.56 22.97 2.9823
0 4.32 21.39 3.1911
0 2.01 19.6 1.3211
0 1.56 19 0.2881
0 3.06 20.93 0.6432
0 3.9 22.69 0.9781
0 5.24 25.08 1.2688
0 6.6 25.92 1.8194
0.15 7.54 25.55 2.2962
3.2 7.5 25.92 2.3419
3.45 6 20.97 3.4161
0.975 3.57 17.89 1.6861
0 3.33 19.84 1.7092
0 2.63 21.52 0.7162
0 2.94 22.27 1.3637
0 4.55 22.22 1.0018
0 5.57 22.77 1.3789
0 4.74 24.13 3.1508
0 6.13 21.85 2.2695
0 5.03 21.41 1.2594
0 5.02 22.29 0.1766
0 6.25 22.6 1.3599
0 5.51 22.47 1.9964
0 2.56 21.36 2.1986
0 2.59 19.91 2.0504
0 1.92 18.06 1.3314
0 2.42 18.47 0.4924
0 2.78 18.85 0.9502
0 4.47 20.94 0.3658
0 4.39 22.35 0.9774
0 6.43 24.37 1.4275
0.9 3.84 21.57 2.4897
0.475 1.36 17.42 2.8412
0 -0.13 14.45 1.4749
0 1.36 17.52 1.064
0 3.23 19.93 0.3737
0 1.82 21.87 1.1839
0 4.81 23.38 2.4556
0 4.01 21.68 0.9866
0 5.61 18.7 2.8268
0 2.96 22.33 2.6372
0 4.33 22.6 1.7588
0 2.91 22.37 0.9426
0 1.88 22.52 0.7767
0 5.31 23.4 1.1754
0 2.43 24.19 0.365
0 2.84 24.14 2.2893
0 4.85 20.06 2.6909
0 -6.03 10 2.3304
0 -6.92 8.83 2.6031
0 -4.56 13.29 0.897
2.8 -0.93 14.32 3.2063
1.75 -8.55 10.79 3.6492
0 -10.1 -0.7 0.3511
0 -8.33 6.24 3.3381
0 -7.36 8.61 1.8244
0 -5.13 10.34 1.3817
0 -4.62 12.22 0.8772
0 -3.77 14.44 0.6235
0 -4.45 13.34 2.1115
11.55 -3.52 13.05 2.0334
54.225 -2.28 7.39 6.326
30.125 -2.23 3.87 4.6561
0.125 -1 8.37 0.7277
0 -1.24 13.61 2.2311
0 -1.5 15.04 1.2441
0 0.16 17.18 2.1358
1.95 1.44 14.04 2.6054
1.2 -6.21 6.33 2.5469
0 -6.52 7.91 1.0788
0 -5.03 11.22 0.6424
0 -4.76 11.92 0.8194
0 -2.72 13.96 1.0862
0 -2.6 11.8 1.9232
0 -3.63 11.2 1.2494
1.2 -4.18 12.99 4.0848
0.85 -9.17 -0.1 5.1228
0 -11.4 0.16 0.8437
0 -8.51 3.93 0.0396
0 -6.31 10 0.8983
0 -5.24 12.52 0.8096
0 -3.41 13.98 1.1546
0 -3.48 15.23 1.1545
0 -3.85 14.85 1.7767
0 -2.38 14 2.3539
0 -6.15 10.42 0.7696
0 -7.47 8.81 1.3384
0 -9.51 6.83 1.8358
0 -8.75 5.83 1.3831
0 -7.66 8.28 0.8558
4.1 -3.8 7.82 0.7103
7.175 -4.18 8.63 2.0737
3.2 -10.3 0.56 1.0504
0 -11.3 1.06 1.0976
0 -11.6 1.36 2.8737
0 -9.75 5.27 2.261
0 -8.82 7.42 1.8716
0 -8.22 9.09 1.1411
0.575 -10.85 3.94 2.3956
2.95 -9.03 5.62 4.06
1.55 -8.48 4.69 0.9081
0 -8.57 1.42 0.5761
0 -10.79 4.95 2.5554
0 -10.39 3.24 3.8607
0 -9.37 4.75 4.2386
0.8 -9.78 5.46 2.7817
2.675 -7.71 6.56 1.3947
1.35 -8.98 4.19 4.9982
0 -11.5 -3.13 5.3136
0 -11.5 0.23 3.8689
0 -10.84 2.53 1.5962
0 -11.55 2.57 2.3825
0 -13.22 4.1 2.2215
0 -12.36 0.66 2.1425
0.05 -10.02 3.53 1.17
14.5 -14.59 -0.19 2.3148
15.875 -11.6 -3.6 1.1275
4.45 -22.76 -10.09 0.6782
0 -22.99 -9.14 1.8253
4.65 -20.01 -7.55 2.8885
30.8 -11.39 -3.42 2.6987
63.525 -8.19 -3.02 3.6738
31.925 -9.54 -2.87 4.7214
1.9 -15.23 -4.65 0.8495
0 -14.22 -5.33 2.9231
0 -12.85 -1.47 2.2893
0 -10.89 0.66 2.2351
0 -11.05 -0.85 2.776
0 -12.31 -1.61 4.046
0.925 -10.94 -2.13 2.8947
14.25 -9.32 3.45 1.9362
9.825 -13.17 1.04 3.711
0.15 -17.92 -6.81 2.9486
0 -15.02 -2.76 3.744
0 -14.62 -1.15 3.6005
6.25 -14.52 -5.14 3.9423
3.75 -13.82 -2.87 1.9203
2.525 -14.28 -4.83 3.2562
9.3 -11.12 -4.05 0.7525
4.9 -9.24 -3.52 1.5231
0.1 -9.56 -3.37 2.3973
0 -10.39 -0.15 1.864
0 -11.95 0.55 1.1425
0 -12.51 -1.16 3.9605
0 -12.42 -0.34 2.9073
0 -11.65 0.31 2.2729
0 -11.3 0.25 2.8166
0 -8.44 1.48 2.9112
0.075 -8.37 2.73 3.1303
1.8 -7.76 2.62 2.2499
0.95 -5.22 0.86 2.4523
1.225 -7.57 -0.03 3.0491
20.85 -7.25 1.69 4.3363
12.925 -6.94 0.88 2.1287
0.175 -11.13 -1.34 1.5014
0 -12.55 -1.59 3.32
1.1 -9.25 1.43 1.7728
26.1 -9.6 3 2.4946
48.65 -8.35 -0.86 4.58
34.425 -9.9 -5.04 5.3906
38.425 -9.71 -5.88 6.258
46.1 -12.15 -6.92 4.0064
23.425 -11.55 -8.46 4.2709
3.95 -13.84 -8 0.9015
1.7 -14.29 -7.3 2.0074
6.225 -14.53 -6.06 3.5023
3.25 -9.24 -4.08 2.8306
0 -10.5 -0.6 1.4012
0 -13.18 -0.01 2.8529
1.4 -13.46 -3.98 3.0974
0.825 -9.71 -0.45 1.5402
0 -17.17 -0.91 1.0205
0 -17.6 -3.38 1.6992
0 -11.65 -1.31 1.882
0 -10.27 -0.57 0.6131
9.15 -10.03 -0.74 2.4903
16.325 -7.6 0.21 3.3589
13.775 -7.89 -2.22 1.7946
4.325 -9.46 -3.43 2.5254
0.9 -10.84 -3.11 1.4632
2 -10.9 -2.96 2.4201
0.9 -11.65 -4.02 0.4892
0 -10.87 -1.97 0.9481
0 -8.75 0.2 1.063
0 -9.27 2.77 1.3901
0 -10.79 3.73 1.5215
0 -9.19 5.88 0.8431
0 -7.79 6.1 1.7501
0 -7.27 6.27 2.452
0 -7.12 6.82 1.3708
2.725 -9.48 5.74 1.4058
6.425 -8.27 1.4 2.4568
19.45 -7.83 0.42 3.1117
10.15 -13.49 -4.71 2.5444
22.7 -12.83 -2.31 3.553
26.7 -9.83 -0.05 2.9505
2.925 -10.56 -1.74 0.5777
37.275 -10.38 1.81 4.4297
25.275 -8.22 1.79 1.8404
1.4 -9.3 -3.65 0.7672
0.75 -9.98 2.56 2.4846
8.15 -6.95 3.93 2.728
20.075 -8.75 0.65 3.247
9.375 -11.45 -2.16 3.3269
0.075 -12.81 -3.96 1.2586
0.1 -9.81 -0.12 2.7371
0.025 -10.47 0.02 0.7693
5.85 -9.93 2.11 2.3813
4.675 -15.02 -2.95 3.9832
0.675 -12.33 -3.07 1.9861
0 -14.39 -4.04 0.5331
28.525 -10.38 2.23 2.2311
17.275 -10.77 2.82 2.5716
0 -14.13 -2.01 2.7616
0 -11.26 3.78 3.8502
0 -8.76 8.26 1.6319
0 -6.62 9.89 0.6795
0 -5.67 10.04 3.0767
0 -11.46 6.53 2.1409
0 -5.71 10.65 2.1782
0 -6.88 9.99 1.0035
0 -7.11 8.53 1.1924
0 -8.83 8.48 2.499
1 -8.48 8.86 2.3117
2.75 -6.06 9.56 2.6582
1.275 -10.95 2.27 2.6648
0 -9.64 1.08 2.9602
0 -8.62 7.32 1.586
3.675 -5.43 10.25 2.835
13.175 -6.25 10.66 6.0237
6.725 -9.84 -0.9 3.3858
1.15 -13.18 -2.22 0.8875
8.2 -11.59 1.86 2.4653
2.575 -8.3 1.01 2.2131
20.4 -11 0.65 2.7495
12.6 -11.55 -2.06 3.6624
0.025 -14.34 -3.03 0.7761
0 -12.4 2.67 2.2689
0 -8.46 8.02 0.4024
0 -6.71 10.55 1.63
0.85 -6.91 8.09 1.9379
16.55 -5.55 6.61 3.7809
12.875 -10.6 0.8 4.7037
1.775 -10.55 -2.27 1.0989
0 -9.48 3.53 0.6771
0 -8.62 5.4 0.8825
0 -5.59 10.2 2.6645
0 -7.56 9.95 1.2931
0 -6.71 12.72 1.0567
4.325 -5.74 14.09 1.8789
13.425 -2.85 12.32 2.9728
8.05 -9.74 0.47 2.8871
1.55 -7.87 -3.17 1.4703
0.475 -6.91 -1.92 1.5265
0 -6.61 8.53 0.6361
0 -4.84 11.72 1.4317
0 -4.23 12.67 0.7193
6.4 -0.69 14.75 4.536
7.65 -6.53 5.3 5.3764
2.625 -11.87 -1.56 4.1205
0.2 -10.6 -0.34 3.4828
0 -8.52 4.7 1.9155
0 -6.96 9.8 2.2276
0 -5.72 12.35 1.204
0 -2.72 14.19 1.9539
0 -2.31 13.23 3.5636
0 -7.17 9.39 2.2114
0 -7.78 7.57 1.0294
0.075 -3.66 11.31 2.9149
2.925 -6.2 10.05 3.801
9.35 -8.93 2.18 3.5804
4.775 -12.62 1.46 4.8074
0.075 -8.37 2.43 2.4462
0.125 -5.85 8.28 1.2476
0.075 -4.89 10.2 0.7883
0 -2.98 12.62 0.6455
1.2 -0.6 15.05 1.4497
2.65 1.37 14.59 2.2661
1.15 -6.61 8.81 2.5532
0.175 -3.67 8.59 1.7564
0.1 -0.74 11.82 3.4023
0 -3.01 12.12 4.4562
1.175 -8.68 5.96 3.7826
1.05 -9.04 1.06 4.0978
1.475 -6.9 2.98 2.3689
3.025 -7.81 4.39 1.6712
8.05 -3.77 7.77 3.5088
13.475 -5.6 4.6 2.7897
5.675 -7.77 3.08 3.8859
0 -8.07 4.24 1.8179
0 -4.84 11.77 0.6573
0 -1.97 15.13 2.6746
0 2.88 14.71 2.979
0 -0.64 14.09 2.6985
0 2.47 16.32 2.9213
0 4.75 16.37 3.0083
0 4.05 16.11 2.1213
0 4.7 20.46 3.1362
0 6.56 20.81 3.1449
0 3.03 19.15 2.2061
0 3.95 18.99 4.1203
0 0.53 15.85 4.6289
0 -1.45 11.25 5.3475
0 1.71 9.54 4.2909
0 0.3 14.49 1.2142
0 1.78 16.82 1.6264
0 2.89 19.37 3.2152
0 -0.04 17.78 3.2439
0 -2.57 12.51 0.7398
0 -0.89 16.82 2.2402
0 -0.91 15.05 3.3522
0 -1.91 13.95 2.5237
0 -0.75 15.78 1.3803
0 -0.39 14.95 0.8612
0 2.53 18.89 1.5247
0 2.99 19.37 2.1784
0 4.93 16.58 2.6062
0 2.55 17.06 2.2786
0 5.31 19.1 0.7153
0 6.86 22.99 1.3705
0 7.33 24.22 3.3445
0 4.35 22.63 3.0379
0 1.35 19.59 2.6875
0 1.82 19.8 2.7118
0 3.97 18.87 1.8706
0 1.62 18.14 1.0432
0 2.09 19.68 1.7598
0.75 4.25 22.23 2.2913
0.525 4.76 21.04 2.0656
0 4.2 20.71 2.0482
0 6.27 22.37 2.0111
0 5.06 22.48 1.829
0 5.76 23.48 2.5516
0 7.81 22.5 3.4162
0 8.33 23.39 3.6542
0 6.16 20.89 1.8296
0 6.52 23.39 1.0795
0.575 8.08 25.76 2.5798
0.4 6.92 21.82 2.8424
0 7.02 25 2.6455
0 7.66 25.97 2.0861
0 6.8 25.6 2.048
0 6.41 24 2.8145
0 5.55 22.7 1.0656
0 6.24 22.37 2.2438
0 6.32 24.05 1.921
0.8 8.23 25.1 2.3378
0.575 7.43 23.09 2.7168
0 5.17 21.94 1.9458
0 4.21 22.07 2.4015
0 5.56 22.43 1.9261
0 4.9 22.48 2.3529
0 5.1 22.15 2.5389
0 4.19 21.89 2.1199
0 4.04 22.33 2.502
0 3.11 22.73 1.6669
0 4.07 22.54 2.0078
0 4.57 22.28 2.0527
0 3.47 21.73 2.1765
0 4.32 21.43 2.5369
0.575 4.64 20.21 2.9571
0.35 3.56 17.18 2.1878
0 2.72 19.24 2.1171
0 3.39 19.66 2.4858
0 2.05 15.62 1.0331
0 2.74 19.54 1.131
0 4.66 21.19 2.0429
0 4.44 21.31 2.6853
0 5.05 21.59 1.108
0 4.8 23.07 1.9049
0 5.69 24.07 2.0079
0 4.2 22.47 1.8925
0 3.53 22.22 2.2179
0 4.95 23.26 2.2299
0 4.96 19.82 1.7951
0 2.37 18.44 2.7871
0 4.34 22.7 2.3484
0 5.51 26.11 0.7823
0 8.69 27.37 2.6391
0 6.46 25.86 2.7317
0 2.86 21.44 3.2164
0 1.42 10.53 2.2076
0 -1.43 10.5 2.3502
0 -1.21 13.43 1.0019
0 0.41 17.95 0.6267
0 2.81 21.29 0.5956
0 4.82 23.64 1.1457
0 5.39 24 1.5139
0 3.54 23.22 1.9124
0 2 21.05 1.4516
0 2.51 20.87 2.8024
0 4.01 19.33 3.2164
0 -3.93 8.44 2.118
0 -2.33 14.91 0.7955
0 -1.13 16.86 0.8646
0 1.23 18.78 1.1041
0 1.31 19.39 1.8932
0 0.4 17.58 1.4916
0 0.2 17.6 0.6468
0 0.45 17.96 1.2319
0 0.06 19.15 1.6981
0 0.42 18.48 1.5861
0 0.71 18.72 1.6784
0 -1.04 14.68 0.9848
0 -1.88 16.34 1.0688
0 0.35 15.84 2.7496
0 -1.26 12.6 0.7922
0 -0.82 16.24 0.4865
0 1.66 19.52 1.0233
0 1.42 23.34 0.4536
0 3.77 23.26 1.2117
0 6.18 24.45 0.4581
0 5.89 24.96 0.5259
0 4.61 24.71 0.3099
0.1 5.5 21.45 0.5934
6.075 4.4 18.49 1.4805
39.175 3.56 18.12 1.8091
41 0.95 8.77 1.5223
6.9 -1.5 3.33 1.2252
7.2 -4.25 4.99 0.8122
2.2 -4 4.02 2.2713
0.2 -5.46 5.4 0.795
0 -3.41 10.04 1.7604
0 -2.29 12.65 1.6917
0 -0.81 17.08 1.4624
0 0.46 15.95 2.569
0 1.56 17.58 1.8419
0 1.04 17.21 0.9351
0 -0.24 16.92 0.878
0 0.1 17.02 1.4521
2.925 1.12 12.98 0.9097
2.225 -1.5 9.46 1.2621
0 -1.55 8.61 2.0132
0.275 -2.06 13.26 1.1886
0 -1.17 11.22 2.0643
4.65 -3.68 10.55 1.8861
23.675 -1.49 7.88 1.8189
53.525 0.25 4.5 4.8834
24.5 -4.89 5.7 3.947
0.075 -6.96 4.55 1.5071
0 -10.29 4.14 3.1284
0 -9.71 4.94 3.3462
2.3 -4.68 9.34 2.079
1.65 -4.99 10.3 2.0498
0.1 -6.61 3.63 0.8122
0 -6.15 7.78 1.8467
0 -5.44 10.86 3.3933
0 -3.57 13.34 3.2247
0 -1.2 15.3 2.226
0 -0.29 14.79 1.2101
0.45 -1 13.68 2.4323
27.025 -3.93 10.65 3.1573
12.55 -8.68 2.88 2.8479
1.875 -11.41 -0.35 0.6194
2.375 -10.54 1.41 1.614
0 -10.59 -0.8 2.5843
0 -9.37 2.32 1.469
0 -9.94 5.45 3.1714
0 -8.01 4.29 1.4887
0 -6.14 8.13 2.4355
0 -6.9 8.89 0.827
0 -8.86 8.3 2.2313
0 -5.06 9.19 2.5686
25.475 -5.11 9.49 3.2122
51.35 -9.34 3.89 3.5063
38 -11.97 -3.33 5.4783
13.325 -11.51 -6.61 3.4246
13.475 -11.2 -3.82 4.6573
7.625 -17.16 -6.26 1.0075
0 -20.29 -7.24 3.3854
0 -18.01 -5.44 3.2697
16.9 -13.57 -2.5 3.065
10.35 -18.16 -3.32 2.9569
0 -20.44 -8.32 2.1103
0 -17.79 -9.17 2.9518
0 -13.83 -1.18 2.1498
0.075 -10.48 3.81 2.4732
0.025 -3.95 2.6 1.7243
0.725 -5.08 4 1.7169
16.45 -8.2 3.11 1.9474
8 -7.36 3.08 3.2183
0 -8.53 -0.63 2.3475
5.125 -7.71 2.74 1.8336
6.475 -4.38 4.09 1.1573
0.775 -3.98 2.42 1.5038
0.05 -5.19 3.6 0.5362
0 -7.36 4.43 2.2041
0 -7.29 2.89 1.5339
17.725 -7.22 5.05 2.1209
13.5 -8.41 0.87 1.7673
6.025 -10.5 -2.57 2.6415
64.275 -10.14 -2.72 3.38
102.53 -8.16 -4.24 5.3249
72.675 -6.96 -1.14 6.3174
38.275 -9.39 -0.7 2.2474
16.1 -10.2 -8.43 2.041
5.875 -11.93 -4.82 2.2291
3.35 -10.19 -3.63 0.427
0 -11.29 -2.79 2.7904
18.4 -13.66 -1.08 5.115
10.3 -10.01 -1.14 2.0938
0 -12.74 -6.75 1.0438
41.175 -11.14 -5.02 2.2929
29.525 -10.08 -3.52 4.72
1.6 -19.23 -4.68 2.7886
3.95 -19.74 -9.79 1.2227
17.65 -18.95 -10.1 3.6167
18.675 -11.4 -8.38 4.4837
19.7 -11.63 -8.04 2.5394
0 -13.92 -6.32 3.0447
0 -14.29 -7.38 3.755
0 -12.06 -5.54 5.3881
0 -11.54 -4.89 3.9494
0 -12.87 -5.63 1.8478
0 -13.01 -3.43 0.972
0 -13.95 -3.32 3.3463
2.675 -14.03 -4.53 3.1584
6.45 -10.15 -4.1 1.6083
0.275 -11.84 -1.53 1.6
0.15 -10.68 -0.64 1.3827
0 -11.38 1.97 2.3527
0 -8.3 1.95 1.0152
0 -7.48 3.21 0.6149
0 -9.26 2.69 2.105
0 -8.47 3.61 1.2904
0 -10.65 4.28 4.2643
0 -10.51 2.49 3.5908
0 -11.05 2.65 2.8191
0 -10.9 5.19 3.6531
0 -9.37 2.61 2.1267
0 -8.98 3.82 2.1514
0 -9.2 3.33 4.9232
0 -9.33 4.19 3.1445
0 -9.2 4.01 1.7778
3.625 -9.02 4.59 0.7138
13.425 -9.02 4.3 1.7739
4.3 -11.31 -4.62 1.6917
0 -11.98 -1.66 2.1734
0 -14.32 -0.65 3.0613
0 -13.16 -0.5 2.1284
0 -12.71 1.51 2.9419
0.025 -8.69 5.52 1.6905
0.025 -8.81 6.21 1.9287
0 -8.32 6.76 0.613
0.05 -10.32 7.47 2.277
0.025 -12.93 1.91 3.6633
0 -14.36 -0.28 3.7655
0 -12.81 1.34 3.772
0 -10.5 4.45 2.5693
0 -9.08 6.95 1.4438
0.05 -8 6.93 3.2991
8.45 -7.41 3.57 4.0697
43.55 -9.19 3.85 6.2401
32.55 -11.9 -7.18 4.3392
51.2 -10.52 -7.74 3.1969
39.225 -11.04 -4.44 4.2114
3.775 -16.21 -6.17 0.8152
0 -16.21 -5.37 1.2219
0 -15.29 -5.54 0.384
0 -14.75 -1.82 0.2721
6.05 -12.23 -2.2 2.5022
18.775 -10.73 -3.65 5.9277
17.775 -15.76 -7.47 0.641
0 -17.83 -9.63 0.5032
0 -16.58 -4.94 2.1439
3.525 -15.87 -0.76 1.7143
11 -11.92 1.56 3.4111
9.025 -8.32 1.63 1.8893
0.95 -12.52 0.27 1.4072
2.775 -9.76 3.07 0.5796
20.725 -8.3 4.62 1.7708
23.675 -7.22 0.52 4.4931
0.1 -10.34 -0.88 0.7115
0 -8.94 5.35 1.5367
0 -7.44 8.3 1.3811
0.25 -7.15 7.5 1.04
0.15 -7.8 6.11 0.6835
1.675 -8.68 7.18 0.9141
1.175 -5.53 3.72 1.1755
13.95 -5.25 7.3 1.3655
30.775 -4.51 8.18 3.0892
3.55 -10.91 0.47 0.9265
27.45 -9.93 2 3.3748
46.825 -10.84 -3.09 4.977
74.175 -9.43 -4.5 6.2977
22.05 -11.42 -5.11 2.7733
6.925 -12.97 -2.85 0.8835
13.175 -11.2 -2.44 4.4152
41.7 -12.28 -3.77 5.4025
31.95 -13.9 -4.25 4.2613
16.05 -11.03 -2.35 2.9736
8.075 -9.29 -3.55 1.7389
0.15 -8.44 2.23 0.5252
0 -9.09 5.29 1.001
0 -7.27 7.45 2.0856
0 -6.69 9.29 2.1974
0 -4.4 13.27 1.667
0 -2.92 16.1 1.3137
0 -6.75 11.53 1.3387
0.125 -7.28 8.63 2.0397
0 -5.7 11.31 1.4381
2.125 -5.91 11.75 1.3216
7.675 -9.54 9.3 3.6192
7.2 -15.09 -5.46 1.4108
2.425 -13.55 -6.86 1.4985
0.125 -12.81 -1.27 0.5479
0 -9.88 4.82 1.4372
0 -8.38 6.47 1.275
0.55 -7.45 7.01 2.9948
0.425 -10.87 -1.84 0.5778
0 -8.46 6.35 0.7658
0 -5.75 10.9 1.2355
0 -4.55 12.96 2.3184
0 -3.55 12.6 3.2082
0 -3.56 8.62 1.8138
0.425 -4.22 10.93 2.338
13.325 -3.25 3.74 2.5019
2.825 -7.2 5.76 0.8439
1.8 -6.66 5.63 1.471
0.825 -4.61 4.03 2.7272
1.35 -5.64 2.62 2.6684
0.1 -8.38 4.99 2.6813
0 -6.38 7.62 0.8321
0 -4.94 10.64 2.5654
0 -8.4 8.95 4.5477
0 -9.55 5.46 3.704
0 -7.36 6.95 2.0632
0 -4.95 10.05 0.6352
0 -2.88 12.81 0.8015
0 -1.97 14.52 3.1551
0 0.87 16.63 0.9369
0 0.9 17.42 1.6873
0 0.05 16.44 2.1689
0.375 -1.97 12.94 3.2434
1.7 -6.8 4.62 3.4806
4 -8.32 -0.63 2.8903
0 -5.4 7.84 1.6803
0 -2.57 12.15 1.1812
0 -1.58 14.57 0.5994
5.25 -1.41 15.97 3.101
15.475 -9.71 7.88 3.2222
6.975 -9.9 -2.07 1.1324
19.5 -7.81 1.34 3.4743
21.325 -8.75 -1.29 2.5394
2.45 -7.59 1.51 3.6264
0.125 -7.14 7.36 1.7864
0 -2.93 12.4 1.8842
0 -2.51 11.9 2.7526
0 -4.22 11.02 4.3069
0 -5.54 8.29 2.3793
0.025 -3.53 11.34 2.9758
0.025 -3.85 9.72 2.8075
0 -3.98 9.59 3.5177
3.875 -4.06 9.63 4.4073
7.4 -8.45 5.06 4.9367
1.6 -7.84 2.93 3.0178
0.55 -5.44 7.28 2.9936
1.025 -2.95 8.4 3.2211
1.4 -7.34 3.53 1.8167
0 -6.68 5.75 0.7529
9 -3.16 7.3 2.7621
19.375 -1.52 1.88 1.5654
9.85 -4.34 8.44 3.8029
0.425 -4.78 4.94 1.7902
0.2 -3.45 10.45 3.0004
0 -1.24 12.99 1.5534
0 -0.13 15.9 2.0684
0 -0.1 16.07 2.9511
0 -0.57 13.87 2.5938
0 0.43 14.94 2.7614
0 1.96 17.29 1.4521
0 2.87 20.2 1.8721
0 3.33 19.59 2.395
0 -0.19 16.53 1.0146
0 0.64 15.99 3.0047
0 0.87 17.32 2.0981
0 1.87 16.93 0.209
0 3.61 20.18 0.3592
0 5.16 22.83 2.489
0 5.25 22.49 3.1112
0 3.4 20.67 2.7146
0 0.72 19.7 2.7129
0 1.24 18.34 2.1795
0 2.53 19.95 2.103
26.225 3.84 19.94 2.9084
21.175 0.29 16.04 2.633
4.775 -1.79 7.94 2.1995
0 1.43 15.78 0.6698
0 2.93 20.52 0.8532
0 5.77 22.69 0.8363
0 5.62 22.89 1.7298
0 5.99 22.37 1.835
0 7.18 21.05 2.431
0 7.4 22.1 2.9438
0 6.27 20.58 2.2885
0 5.82 21.63 2.5455
0 3.81 21.37 2.2326
0 3.51 20.35 2.4739
0 2.53 19.3 2.5537
0 2.7 18.28 3.2213
0 1.83 16.19 2.6293
0 2.96 15.38 3.1299
0 1.24 15.05 3.1982
0 1.68 15.8 2.0859
0 1.68 17.47 1.6079
0 2.51 19.29 2.0434
0 2.4 19.56 1.1288
0 3.04 20.24 2.2945
0 4.49 21.05 2.8688
0 4.74 20.75 1.8247
0 5.85 21.61 2.1213
0 4.15 22.48 2.2791
0 3.48 21.51 1.7809
0 3.72 21.05 1.6931
0 5.08 20.28 1.3139
0 6.59 23.13 2.1083
3.95 6.49 23.63 3.0083
3.15 7.36 22.62 2.1913
1.975 6.96 18.45 1.6902
0 5.82 21.64 1.9866
0 5.93 22.62 2.138
0 3.64 22.83 3.1409
0 3.04 20.01 2.2342
0 3.78 19.98 3.112
0 2.68 20.91 2.5098
0 4.72 20.79 1.8407
0 4.05 21.73 1.9042
0 4.1 21.42 2.1509
0 3.79 21.87 2.668
0 3.88 22.21 1.4718
0 5.48 22.35 1.4257
0 5.12 22.55 2.1801
0 4.61 21.15 1.5298
0 3.92 20.16 0.8896
0 3.83 21.04 1.5136
0 3.49 22.83 1.2759
0 4.55 23.64 2.4937
0 4.75 20.85 2.1158
0 3.75 20.11 1.6074
0 2.8 19.81 1.1696
0 1.56 20.74 0.9613
0 4.1 23.39 2.0915
0 5.5 23.43 1.4001
0 4.75 22.68 1.0169
0 5.97 24.22 1.1784
0 7.08 24.22 1.5676
0 6.65 24.55 1.6162
0 4.7 23.55 2.016
0 1.97 22.88 1.9105
0 2.89 20.7 0.718
0 3.64 20.38 0.8953
0 3.48 22.11 0.8902
0 5.47 21.61 0.833
0 6.31 22.33 1.8403
0 5 20.96 0.5074
0 4.93 21.64 0.895
0 6.21 22.65 0.7444
0.45 5.8 21.4 1.8894
4.175 3.2 20.56 1.1867
7 4.19 18.6 1.4496
15.425 1.21 13.31 1.348
8.075 2.91 15.9 0.628
14.95 1.73 17.7 1.0215
0 2.17 16.36 2.4968
0 2.77 17.47 1.9505
0 1.05 15.08 1.5818
0 0.37 16.19 0.273
1.5 1.85 18.71 0.2832
1.025 4.08 20.89 0.8597
0 4.05 21 0.4336
7.6 4.71 21.56 0.4414
0 5.48 21.76 0.7747
0.2 5.67 22.7 1.668
12.6 2.83 18.24 2.3823
0.125 0.89 12.64 1.6148
0 1.1 17.66 0.3852
0 4.25 19.61 0.6297
0 4.07 18.76 1.0545
0.025 3.06 20.31 1.6222
0.025 2.12 19.77 2.633
0 3.49 16.24 2.1305
0 1.65 15.06 2.3069
22 -1.28 11.49 2.4533
44.125 -4.19 7.38 4.0751
17.275 -7.37 1.79 0.6935
2.95 -8.41 1.71 0.9575
0 -7.43 5.18 1.3319
0 -5.08 8.88 1.3594
1.7 -2.25 10.93 1.7536
5.5 -0.8 7.07 1.7983
0 -2.31 13.19 0.913
0 -1.87 15.37 0.6492
0 1.31 17.32 0.6142
0 -0.26 17.42 1.2751
0 0.08 15.69 1.7815
0 0.4 14.61 1.9523
0 0.25 14.71 2.0651
0 -0.51 16.04 0.6391
0 -1.61 13.55 0.5659
0 -1.45 14.08 0.3835
0 -1.75 13.29 2.3643
0 -2.3 14.86 1.9686
0 -1.17 15.56 2.4119
0 -2.62 12.62 1.3787
0 -5.25 9.18 3.8033
0 -6.95 6.73 3.4901
0 -6.45 7.61 2.2232
0 -5.99 10.55 0.8478
0 -5.29 11.92 2.3082
0 -5.13 12.82 0.1648
0 -5.14 12.87 3.4313
0 -5.46 8.27 4.1539
2.7 -7.72 8.54 4.0988
10.825 -9.88 7.84 1.9424
6.475 -12.42 -4.97 0.4469
9.375 -11.16 -3.58 1.5547
0.175 -11.23 -4.26 1.0441
0 -11.97 -2.24 2.3783
0 -11.04 0.11 3.3251
0 -9.53 3.17 2.9032
2.225 -7.85 3.71 3.139
3.375 -5.1 1.44 1.0127
0 -6.34 2.57 0.2276
0 -5.48 4.67 0.4684
0 -8.12 5.11 0.4705
0 -8 5.52 0.8655
0 -8.31 5.57 1.3203
0 -7.87 5.53 3.6612
1.275 -8.72 -0.08 2.307
3.325 -8.41 -1.73 3.8369
3.15 -11.21 -3.68 1.5398
0 -11.04 -0.6 2.2017
0 -9.65 1.77 3.4882
0.025 -8.96 7.15 2.3769
0 -9.57 2.64 0.7955
0 -9.16 3.5 2.9808
0 -7.64 7.04 2.3795
0 -6.55 5.09 1.0959
0 -5.23 6.13 1.9606
0 -8.63 6.99 3.2663
0 -9.66 3.61 9.207
0 -10.16 -1.75 3.951
0 -11.74 2.92 4.5353
0 -13.09 -0.78 2.7417
0 -12.69 -0.4 3.5207
0 -13.41 -1.31 3.0142
0 -12.58 -1.32 3.6777
0 -11.97 1.11 4.0137
0 -12.06 1.13 4.3837
0 -11.69 1.21 3.2379
0 -12.13 0.5 1.2539
0 -13.58 -0.03 1.6424
0 -13.61 -3.3 1.4561
0 -13.25 -2.12 1.0397
0 -11.88 -1.41 0.9053
0 -11.79 -2.59 5.9185
0 -11.4 0.05 4.9358
0 -12.85 0.72 2.6623
0 -11.28 1.34 4.77
0 -13.83 -1.1 4.7134
0 -12.62 -1.55 3.4905
0 -14.35 0.1 4.5473
0 -14.13 -0.29 3.9028
0 -13.34 0.25 4.9151
0 -12.53 0.96 3.2541
0 -10.78 2.12 1.3916
0 -10.41 3.47 1.0998
0 -10.43 2.98 1.0912
0 -7.01 7.27 0.9703
0 -7.68 5.1 1.4514
0 -10.29 4.49 2.3748
