1.75 -0.27 13.23 1.4155
8.425 -0.18 8.54 1.3909
6.7 -0.59 10.51 1.8362
4.175 -3.04 7.72 3.7557
2.525 -2.39 8.57 1.9661
0.575 3.15 5.92 0.3892
0.35 2.11 8.37 1.4698
0.2 2.4 10.42 0.7745
0.125 1.78 11.75 4.016
0.075 0.58 11.74 3.4209
0 0.37 15.82 2.5682
0 2.03 14 5.3267
0 2.61 16.61 4.0679
0 1.7 18.17 3.9248
0 1.82 18.29 3.8454
0 2.13 19.35 4.8728
0 1.53 18.25 4.2322
0 1.71 18.57 4.8076
0 1.5 18.84 4.9869
0 2.08 17.59 3.5135
5.275 2.38 17.74 2.6805
19.9 7.59 17.43 2.0456
18.6 9.38 11.53 1.6273
18.6 8.06 12.92 2.2497
9.9 3.41 11.42 3.3142
3.725 -1.65 4.66 0.9993
1.1 -2.81 7.75 1.2132
0.1 -2.94 8.3 1.316
0.075 -0.26 11.56 4.0778
0.55 -1.03 12.99 4.4466
0.325 1.19 17.26 2.8901
0 1.71 17.5 3.0554
0 2.11 16.16 4.0392
0 2.8 19.91 3.8537
0.125 3.53 20.79 3.0423
2.5 4.02 19.36 2.6489
7.6 5.77 13.14 2.9821
2.7 3.66 11.95 2.7494
9.4 2.36 12.46 1.145
7.475 0.53 10.07 3.2471
4.625 -4.65 6.28 0.4206
6.875 -4.11 7.98 2.8041
8.7 -0.66 8.47 1.3215
17.625 -1.9 7.63 3.2164
9.9 0.65 6.28 3.8947
4.425 2.26 8.19 6.3506
12.35 3.16 9.17 5.4183
12.55 3.15 8.37 4.4398
1.7 1.04 6.98 1.5974
0 -0.43 10.64 3.5263
0 0.17 15.32 2.681
4.3 0.05 16.54 3.6918
13.675 2.06 14.93 3.9734
7.1 8.09 11.74 2.9441
2.075 5.36 12.63 1.7249
2.375 5.14 15.87 1.6633
2.05 4.48 14.01 2.7493
0.15 0.93 13.53 0.4717
1.075 1.69 14.85 3.6511
8.675 4.67 17.23 3.0787
20.875 8.33 15.08 4.4371
38.875 5.94 13.56 5.0209
31.475 2.86 10.72 2.7082
8.325 -1.17 10.48 1.0119
0.45 -0.75 10.29 1.8864
0 -1.48 9.6 0.4131
0 -0.73 12.13 1.372
0 -0.31 12.93 2.6281
0 -3.11 9.92 0.6308
0 -2.46 11.8 0.7545
0 0.68 14.28 1.9792
0 0.84 15.67 2.0743
0 1.16 16.28 1.4216
0 2.15 14.19 2.7382
0 4.1 16.54 3.259
0 4.29 17.46 0.9825
0 4.27 18.75 1.1501
0 5.21 20.24 1.2942
0.5 5.92 21 0.9261
10.3 5.67 20.76 1.7417
9.8 2.18 14.25 3.895
0.65 -2.45 9.08 2.1964
0.45 -1.59 12.35 1.9768
0.275 -0.3 15.8 0.7483
0 3.15 18.2 1.8403
0 5.38 19.9 1.9305
0 5.71 21.07 1.4387
0 5.16 20.76 3.6716
0 0.4 15.9 2.1855
0 0.78 16.03 0.4978
0 2.92 18.53 2.8437
0 3.86 20.76 2.6394
0 2.86 16.37 5.1219
0 -1.14 14.69 1.9779
0 0.69 16.71 2.6278
0.725 1.19 22 1.9567
11.025 3.67 23.64 1.0867
10.825 4.48 18.36 3.0231
11.2 3.81 11.19 1.8928
7.95 4.86 11.58 2.2723
0.775 2.62 12.65 3.5575
0 3.08 15.2 1.4356
0 3.94 19.1 2.4683
0.025 4.92 18.9 5.1142
0 -2.09 12.65 5.6928
0 -0.63 11.78 2.8671
0 0.94 17.99 1.6737
0 3.55 21.55 2.5192
0 5.86 25.04 2.5914
0 9.62 29.08 1.477
0 10.91 29.96 1.1692
0 10.41 30.86 1.8305
0.1 8.61 30.2 2.4847
0.55 7.36 23.18 3.07
0.475 0.89 15.4 3.207
0 1.3 18 1.9027
0 3.14 18.82 2.2797
0 1.28 17 3.0819
0 0.51 15.27 1.6902
2.575 2.44 17.93 1.8258
31.95 4.39 20.44 1.9212
22.7 9.87 17.69 2.6419
5.075 10.07 15.21 3.8818
3.975 9.03 17.44 2.0188
2.525 11.09 19.91 3.8773
0 9.14 23 1.9993
0 8.83 24.43 2.905
0 8.1 23.6 1.8929
0 8.59 25.2 1.6386
0 9.16 26.01 1.2906
0 9.23 27.18 2.9962
0 7.04 25.44 3.3392
0 7.57 23.7 2.7145
0 8.27 25.81 2.9317
0 9.54 25.59 2.0984
0 12.11 29.28 1.5906
0 15 34.12 0.3452
0 14.61 35.53 2.1487
0 14.55 33.82 2.4482
0 10.57 28.42 1.3576
0 10 28.11 0.9753
0 11.19 28.75 2.3673
0 10.83 28.65 2.9646
0 9.38 26.74 2.718
0 8.73 25.92 2.0872
0 11.48 27.56 1.6678
0 13.23 30.42 0.9747
0 14.17 32.84 2.0181
0 14.48 32.01 2.5555
0 14.44 31.52 3.0424
0 13.37 27.58 2.2863
0.05 12.7 28.08 2.2303
0.225 11.76 25.46 2.3193
0.65 12.23 24.84 0.4786
1 10.24 24.4 2.1391
1.2 8.75 21.21 3.2913
1.575 6.72 19.13 2.1406
0.825 8.09 21.18 2.6186
0 9.63 24.25 2.5412
0 8.3 25.09 3.3637
0 8.98 23.64 3.0443
0 8.07 22.77 3.2926
0 9.2 25.59 2.4455
0 11.35 21.39 3.4874
0.025 8.97 22.75 2.3554
0 8.81 23.63 2.4577
0 9.96 24.59 2.5826
0 11.58 25.82 3.141
0 12.05 28.77 2.0924
0 13.05 31.95 2.8989
0 9.72 30.23 3.244
0 7.8 25.39 3.3518
0 9.13 25.66 1.651
0 11.73 29.61 0.8771
0 12.94 32.93 1.6746
0 13.68 33.89 2.7551
0 13.15 32.28 1.699
0 14.92 33.16 1.016
0 15.57 38.18 0.7722
0 16.95 38.59 2.7939
0 16.37 38.18 2.7029
0 15.79 34.83 2.2598
0 16.02 34.86 1.8846
0 15.01 34.7 2.8436
0 14.37 34.14 2.5776
0 13.41 31.92 2.7969
0 12.13 30.55 2.5287
0 10.56 29.74 2.6868
0 9.52 29.79 2.6732
0 10.94 29.07 2.6519
0 11.3 29.52 2.1045
0 12.99 30.3 1.9106
0 15.1 31.29 2.3684
0 14.06 32.25 1.7679
0 14.17 34.83 1.0431
0 15.18 35.94 1.44
0 15.78 37.43 1.8504
0 17.27 37.12 1.6779
0 18.74 38.39 1.9564
0 18.81 39.13 1.6276
0 19.2 38.56 2.4281
0 16.34 36.63 2.5736
0 15.63 35.11 2.4467
0 14.67 35.09 2.1242
0 15.28 34.06 2.2073
0 14.24 33.58 2.3459
0 14.02 34.81 2.019
0 17.57 36.71 1.748
0 17.78 36.9 2.0915
0 17.64 35.08 2.8605
0 17.16 33.9 2.6037
0 14.98 33.71 2.8418
0 15.7 33.07 2.6615
0 14.53 32.94 3.1356
0 12.37 30.82 2.6618
0 12.95 30.59 2.3106
0 14.21 31.64 2.4108
0 11.51 29.05 3.0774
0 9.08 24.7 1.8587
0 10.86 26.11 1.566
0 13.2 30.4 0.7283
0 15.45 32.91 1.2479
0 16.57 35.01 3.0338
0 14.62 36.12 2.966
0 14.42 34.49 3.1847
0 13.19 31.63 3.0778
0 9.88 30.24 1.5851
0 11.34 30.45 0.6608
0 14.05 32.5 0.8918
0 14.93 34.04 0.8947
0 15.68 35.29 1.3167
0 15.8 34.6 2.3397
0 16.63 35.33 2.2524
0 16.01 36.68 2.1927
0.175 15.92 34.11 2.9066
0.075 13.81 29.69 1.6517
0 13.23 30.15 1.5349
0 13.08 31.82 0.5319
0 12.69 34.24 1.6527
0 13.86 35.07 1.5832
0 15.32 35.44 1.6425
0 15.4 36.21 2.6484
0 16.09 34.06 1.7628
0 14.56 33.22 0.9144
0 14.75 34.79 0.4157
0 15.45 36.16 1.7612
0 14.85 35.31 2.3225
0 11.27 32.03 2.1502
0 11.04 29.11 2.1826
0 10.17 27.43 1.8341
0 10.48 29.11 0.607
0 11.3 30.14 1.0569
0 13.32 33.22 0.4957
0 13.99 35.17 1.0591
0.1 14.58 35.55 1.7701
0.825 11.96 30.76 2.2466
1.925 12.12 24.97 2.7557
0.525 10.27 22.72 1.6357
0 10.56 27.88 1.6445
0 12.51 30.56 0.7767
0 13.5 32.21 0.9122
0 14.58 34.58 2.0264
0 12.37 32.61 0.8708
0 12.72 32.29 2.1723
0 14.2 34.07 2.1982
0 13.83 34.62 1.3495
0 13.2 34.41 0.8135
0 13 34.08 0.7644
0 13.84 35.38 1.1251
0 14.02 36.29 0.3955
0 14.04 36.05 1.9872
0 12.92 32.08 2.5739
0 3.94 19.17 2.4084
0 4.77 24.23 2.3926
0.05 5.99 25.06 0.8787
0.525 7.24 24.95 3.1677
0.825 4.74 20.31 3.3488
0 1.89 14.66 0.3461
0 1.88 18.11 2.7579
0 3.7 21.56 1.3133
0 5.16 21.8 1.2846
0 5.78 23.23 0.6606
0 6.93 23.74 0.6619
0 6.73 23.45 1.8903
4.1 7.16 21.82 2.0797
43.7 7.28 16.7 6.9383
31 10.83 15.26 4.4497
0.85 13.09 20.75 1.1056
0 11.61 24.35 2.1682
0 11.2 25.15 1.1393
0.225 12.06 25.63 1.7024
0.55 8.24 23.24 2.1176
0.1 4.78 18.62 1.4346
0 5.47 18.06 1.0471
0 5.88 21.25 0.7807
0 7.58 22.59 1.2613
0 9.15 23.78 1.2475
0 8.16 23.19 1.6884
0 8.01 22.63 1.0802
0 7.61 23.7 4.7696
0 3.54 19.02 4.848
0 0.84 14.73 0.7966
0 1.13 15.9 0.1835
0 3.1 20.7 0.8593
0 5.73 21.87 0.8999
0 7.5 23.04 1.2841
0 7.98 24.85 1.209
0 7.37 25.85 1.8866
0 6.55 24.35 2.5476
0.05 5.15 18.64 0.8285
0.15 5.45 18.23 1.6488
0 2.48 16.85 1.8892
0 3.24 17.04 1.1293
0 4.42 17.9 0.7126
0.85 5.59 17.69 0.4698
2.075 5.56 15.96 1.9746
0.55 0.7 12.13 1.2661
0 0.88 12.86 1.0458
0 1.02 14.27 2.766
0 0.75 15.6 1.9997
1.6 2.26 18.67 1.4434
0.95 2.58 18.27 1.9677
1.375 1.19 15.15 2.3189
9.825 1.81 15.25 3.8048
3.825 0.95 14.5 1.0994
0 1.65 11.82 0.5675
0 0.99 13.76 2.0912
0 2.07 14.94 3.4993
0 2.93 17.1 3.8425
0.35 3.28 19.54 2.4494
2.925 3.47 20 1.122
1.25 3.25 12.22 5.4472
0 1.04 14.04 4.9039
0 1.28 14.68 3.888
0 1.58 16.91 1.7472
0 1.12 15.65 2.1967
0 -0.44 14.31 2.0216
0 0.02 14.08 1.9787
0 0.16 14.43 0.7661
12.15 -2.01 10.31 2.1184
13.575 -2.59 5.41 0.6852
1.975 -7.22 3.33 0.7645
0 -6.69 3.73 1.8945
5.6 -5.64 6.01 3.2248
23.575 -0.81 9.17 2.8717
38 5.37 9.87 3.8686
23.65 4.91 10.02 3.9427
4.6 4.44 8.24 0.8733
0 1.86 10.88 3.3567
0.025 2.9 12.58 2.7841
0.05 2.65 12.35 2.1694
0 1.32 13.06 2.7026
0 1.92 9.75 4.0683
1.9 2.44 13.93 2.8538
11.125 4.06 15.77 1.9096
6.125 0.83 10.42 3.6395
0.625 -3.55 7.9 2.2248
0 -2.21 9.3 3.9722
0 -0.52 13.22 4.0469
3.225 0.3 13.92 4.1225
3.25 0.84 11.55 2.1921
2.1 1.24 10.28 3.1007
3.45 1.22 9.43 0.9342
2.85 4.46 9.97 1.4849
0.8 2.77 9.97 2.8016
0.525 2.83 11.44 2.4508
0.05 2.52 12.67 1.0926
0 1.46 14.22 3.8563
0 0.68 15.4 2.8797
0 0.75 15.92 2.7434
0 1.76 13.07 3.0885
0.05 1.93 13.32 2.6649
1.15 3.2 14.12 3.0052
0.9 4.41 13.85 2.4356
0.4 4.04 10.69 2.5181
0.85 4.12 12.76 3.2393
13.725 5.11 17.48 4.7932
10.65 6.07 14.89 2.1326
0.85 0.18 11.8 1.4288
0 0.89 13.23 3.3346
1.475 1.9 15.85 2.5032
13.975 2.6 16.04 2.9184
18.65 5.47 12.48 5.0429
20.025 7.13 9.73 5.8592
26.9 3.5 8.42 6.721
25.225 1.59 8.75 3.8738
19.35 -0.03 6.59 3.4552
4.4 -0.25 4.63 1.2154
2.425 -1.12 9 2.5346
6.725 0.11 8.68 4.4698
2.825 4.74 10.21 2.8788
0 2 10.89 1.33
0.575 0.81 11.99 2.8096
1.675 2.02 12.93 3.2079
1.95 2.67 13.82 1.348
0.35 -0.08 12.09 1.0786
0 -0.08 12.62 1.8108
0 1.25 13.11 2.1461
0.45 3.12 13.25 0.7351
6.475 2.99 14.25 3.1903
7.375 4.86 12.94 3.2676
13.5 6.48 11.34 1.6601
5.85 4.5 8.79 2.2747
4.4 4.67 8.68 1.4163
3.025 3.92 9.34 1.7892
0.725 0.08 9 0.4928
0 0.44 10.7 1.3757
0 3 11.89 1.6139
0 1.68 15.22 1.2266
0 2.5 16.16 1.4432
0 2.79 16.61 1.0963
0 3.8 16.42 1.7654
0 4.44 17.64 2.4291
0 3.13 19.18 0.7852
2.75 3.45 16.69 1.0559
4.475 5.39 12.68 1.9967
4.3 4.09 9.68 2.6261
3.075 -1.55 8.62 2.2576
14.25 -0.7 11.41 3.9598
12.525 3.19 8.75 2.6525
2.525 0.55 10.42 0.919
26.725 1.74 14.16 4.8633
18.425 4.24 14.57 1.0601
0.55 2.26 10.95 0.3589
0.825 2.73 14.55 2.2526
7.925 4.78 15.75 2.7661
17.125 4.64 8.73 3.3877
6.425 0.84 8.14 2.6489
0.075 -0.61 8.79 1.3343
0 0.47 11.73 2.4634
0.05 1.87 14.87 0.8962
0.425 3.16 11.92 2.5737
3 -3.07 9.24 3.5255
1.9 -1.8 9.18 2.0278
1.725 -1.62 9.94 0.5029
13.4 -0.85 12.8 2.3748
6.875 -0.43 12.25 2.2974
0 -1.07 11.59 2.6895
0 -0.03 14.57 3.7667
0 2.49 20.47 1.3398
0 4.5 21.77 1.033
0 4.99 21.8 2.9716
0 2.1 22.96 2.3558
0 4.07 23.06 1.883
0 5.3 21.46 0.3806
0 3.92 19.9 1.599
0 2.68 18.48 1.8868
0.5 3.07 18.79 1.9381
1.25 3.57 18.7 2.3656
0.5 0.3 13.65 1.9539
0 1.14 16.09 2.6719
0 2.11 18.69 1.1889
2.35 4.1 20.21 2.875
11 3.98 18.64 5.1769
8.475 0.84 10.31 2.6959
0.725 -1.51 9.97 0.6418
6.6 -0.95 11.5 2.2606
5.05 0.56 9.67 1.6767
18.675 0.3 10.37 2.8641
13.7 0.88 10.26 2.8298
0.05 0.6 9.64 0.5302
0 0 14.09 2.2936
0 2.02 18.3 0.7697
0 3.86 18.96 1.8894
0.8 5.26 18.28 1.9933
17.325 5.75 12.41 4.3425
23.25 4.37 9.69 4.3806
6.225 1.94 9.86 1.1219
0.075 2.42 13.26 0.6794
0 3.09 14.7 0.8483
0 3.85 18.48 1.8131
0 4.12 18.5 1.2627
0 4.79 20.85 1.2459
9.125 6.79 21.69 1.4091
23.1 5.77 19.34 2.5441
13.2 2.26 9.9 3.2956
2.75 3.75 7.64 2.0483
0.125 5.23 10.32 1.0717
0 5.8 19.83 0.9679
0 8.75 21.83 1.2123
1.725 7.55 24.55 0.797
10.3 7.75 24.44 4.3918
4.925 2.2 13.5 4.6777
2.375 1.53 12.2 3.4815
0.125 0.39 11.97 3.2297
0 2.28 17.47 1.8894
0 4.18 20.25 1.8003
0 7.05 23.74 1.1163
0 7.47 24.3 2.1627
0 5.61 21.95 3.6822
0 2.76 19.01 2.3872
0 3.47 19.44 0.8885
0 4.65 21.3 2.708
0.8 5.04 19.15 3.5233
10.875 5.87 12.83 3.1962
5.575 0.3 10.09 3.6263
0 1.05 15.76 2.0419
1.05 4.05 21.5 1.1961
1.8 6.51 23.76 0.8183
0 7.24 24.69 0.7154
0.325 9 25.63 1.2827
4 10.42 25.92 2.0682
2.225 9.49 17.34 1.7012
0.125 9.36 19.32 1.5107
0.275 9.41 21.2 3.3446
1.375 4.28 19.98 4.1711
2.15 1.69 14.04 3.4698
0.825 2.25 12.65 4.0886
1.125 4.35 17.06 2.2521
8.9 3.93 16.78 1.6161
10.525 5.44 17.61 2.8753
13.425 6.55 16.16 2.2202
7.825 2.83 14.81 3.1512
0 3.57 16.35 1.7192
0 6.34 23.79 0.9116
0 10.59 26.61 2.4675
0 11.49 24.93 3.0251
0 10.56 23.89 2.2031
0 11.54 25.9 2.2894
0 13.31 26.01 2.5358
0 12.96 27.74 1.7687
0 13.61 29.91 2.6247
0 12.15 29.81 3.088
0 11.33 27.62 2.5739
0 11.07 27.86 3.5949
0 6.22 23.38 4.5584
0 7.97 20.69 5.0997
0 9.73 26.34 3.7588
0 11.3 29.35 0.9988
0 12.12 29.41 1.8606
0 12.28 30.95 2.8174
0 8.32 27.76 3.2387
0 7.71 24.82 1.4501
0 7.34 27.72 2.4053
0 7.81 25.29 3.2256
0 7.01 23.49 2.717
0 8.6 25.52 1.9269
0 9.78 27.86 1.0084
0 11.24 30.55 1.994
1.325 11.92 30.74 2.2791
0.85 12.18 28.53 2.8268
0 13.01 28.6 2.5554
0 14.9 32.07 1.1837
0 17.62 35.61 1.7077
0 16.2 36.76 3.1329
0 12.88 32.88 2.9672
0 10.77 30.83 2.8066
0 10.77 30.23 2.9574
0 11.75 28.67 2.4406
0 12.05 30.32 1.2287
0 13.2 32.47 1.8742
0 12.86 32.91 2.3944
0 13.07 30.92 2.4096
0 13.55 31.97 2.455
0 15.58 33.08 2.2434
0 15.57 34.32 1.8946
0 16.43 35.05 2.3147
0 16.65 33.7 3.1743
0 15.67 31.9 3.1604
0 16.06 31.77 1.6345
0 16.55 34.31 1.393
0 18.18 36.73 2.6889
0 18.62 37.51 2.7146
0 17.46 36.86 2.5479
0 15.6 36.75 1.968
0 15.59 34.91 1.9503
0 14.89 33.03 2.4431
0 13.44 33.16 1.0352
0 14.73 32.74 2.3286
0 15.89 33.86 2.167
0 16.85 35.43 2.7232
0 16.12 33.74 2.8821
0 15.33 30.45 2.0977
0 12.99 29.49 2.5129
0 13.45 30.94 2.3106
0 13.57 32.18 2.5367
0 13.4 31.97 2.3662
0 13.04 31.56 1.9856
0 13.42 31.78 2.4054
0 12.73 32.71 1.6007
0 13.29 32.76 2.0201
0 13.15 32.49 2.1229
0 13.01 31.48 2.2183
0 12.89 31.03 2.5659
0 13.52 30.6 2.922
0 13.39 29.3 2.1049
0 12.95 29.48 2.0471
0 12.14 28.72 2.2931
0 11.52 28.37 1.067
0 12.81 29.26 1.4913
0 14.02 30.67 2.3869
0 13.68 30.85 2.9281
0 13.69 31.78 1.2725
0 14.83 33.33 1.6146
0 14.33 33 1.6793
0 12.4 32.13 1.9888
0 13.29 32.56 2.2762
0.05 13.07 32.43 1.9333
0.025 10.15 30.92 1.7916
0 11.68 28.68 2.5375
0 12.95 34.15 1.9643
0 15.99 38.54 0.5266
0 18.14 38.07 2.2539
0 14.02 34.28 2.3469
0 10.03 31.34 2.8403
0 7.44 21.17 2.2458
0 8.26 22.44 2.4988
0 9.02 24.5 1.5674
0 11.05 27.8 1.1022
0 13.99 32.38 0.4584
0 14.66 34.99 1.2982
0 14.37 35 1.2502
0 16.08 33.13 2.0885
0 12.8 31.72 1.4573
0 12.6 31 2.2405
0 10.34 28.63 2.8003
0 6.66 18.05 1.9179
0 7.25 22.32 0.8574
0 9.16 26.35 0.6024
0 11.56 30.36 1.1311
0 11.67 29.53 1.749
0 10.27 27.94 1.4846
0 10.63 27.97 1.1992
0 10.38 28.46 1.766
0 11.11 28.41 1.5489
0 11.5 27.55 1.4196
0 11.31 26.63 1.357
0 9.77 25.33 1.3113
0 9.55 25.78 1.1998
0 8.08 23.48 2.7041
0 7.73 21.56 1.1508
0 9.19 27.26 0.7449
0 11.43 30.1 1.0028
0 16.59 33.66 0.7681
0 13.88 34.34 1.3137
0 15.04 36.01 0.6327
0 15.93 37.29 0.5537
0 15.59 35.45 0.3258
0 15.17 32.64 0.6009
3.05 15.99 31.69 1.0754
6.075 14.68 30.77 1.5685
7.55 11.39 23.02 1.5391
0.775 10.79 17.18 1.5367
0.3 7.76 17.29 0.6964
3.375 7.74 19.88 2.1144
0.025 6.79 18.65 0.6601
0 7.44 23.06 1.9018
0 9.85 24.67 1.7812
0 11.54 26.77 1.9168
0 12.23 27.52 2.2966
0 12.6 29.87 1.5065
0 13.08 31.01 0.5957
0 12.27 31.01 0.5391
0.15 11.74 29.52 1.0877
2.35 11.26 24.99 0.9539
1.175 8.42 19.78 1.2273
0 7.98 19.33 1.6193
0 8.61 23.24 0.924
0.125 9.01 22.96 1.8144
3.225 8.42 20.16 1.4791
10.975 9.58 19.42 1.8475
51.225 10.77 15.18 5.0843
16.325 6.7 14.75 3.3916
0 3.07 15.44 1.5261
0 2.08 16.48 2.9499
0 3.73 18.17 3.5421
3.325 7.48 21.16 2.1751
4.3 8.3 20.43 1.8136
1.175 5.46 12.8 1.0361
0 5.12 18.7 1.8193
0 6.07 20.6 2.9642
0 8.05 22.86 2.6969
0 9.42 26.88 1.7126
0 10.14 26.8 1.2734
2.25 9.22 25.83 2.0998
20.075 8.07 21.13 3.3595
9.85 2.83 11.96 2.444
2.4 0.41 11.98 0.7056
1.475 1.9 13.33 1.6098
0.1 1.17 12.19 2.336
0 1.77 14.88 1.4358
0 3.48 15.81 3.0341
0 4.86 17.55 1.728
0 6.05 19.1 2.7869
0 5.64 20.15 1.3909
0 5.25 19.34 1.9662
1.775 4.23 19.48 1.8824
22.025 4.25 18.1 2.2674
30.15 1.25 9.37 3.1408
27.9 0.69 6.98 4.7977
15.15 1.32 5.59 3.1976
19.05 2.42 7.56 4.0648
7.075 -3.61 4.71 1.3512
0 -3.73 7.06 3.2607
6.825 -2.44 7.95 3.3685
14.9 -1.02 10.2 2.7224
7.475 -1.29 6.17 2.2788
0 -4.74 7.51 2.5004
0 -3.46 7.99 3.0672
0.025 -0.54 10.37 2.2986
0 -0.39 13.44 2.6524
0.35 4.56 10.32 1.4712
2.775 5.8 14.1 2.4271
14.1 6.33 14 2.5451
5.45 5.99 17.13 3.5527
1.2 2.71 14.17 2.2037
4.9 3.8 14.73 2.3188
4.875 5.83 12.59 1.2904
1.05 7.32 14.94 1.6393
0.025 5.58 14.99 0.4588
0 4.61 15.51 2.3065
2.95 3.6 15.49 1.3548
16.825 4.08 11.92 2.0364
8.15 1.97 11.04 1.3336
5.275 -0.75 10.48 2.5889
36.525 -0.18 10.39 3.4784
42.275 5.84 10.65 5.0583
70.9 6.96 11.61 5.6978
9.75 2.88 10.76 2.8115
6.85 2.92 5.94 2.8831
5.925 3.28 10.27 2.2025
1.775 4.73 9.51 0.5681
2.425 2.62 12.15 3.1524
18.3 2.49 14.04 5.4763
9.1 1.84 13.18 2.2822
1.775 1.53 9.86 0.8653
45.5 1.86 10.43 2.3812
34.525 3.29 8.41 4.4559
3.4 -4.31 6.16 2.2272
2.35 -5.55 4.91 1.578
18.9 -3.89 6.34 4.4093
15.5 -1.36 6.57 4.6743
3.725 0.81 6.65 2.4359
0 -1.27 7.39 3.0714
0 -1.21 9.53 3.7264
0 -1.09 9.81 4.9039
0 -1.21 8.73 3.4147
0.05 -1.1 10.17 1.6953
0.025 -1.39 5.45 1.3662
0 -3.43 4.32 3.0756
1.95 -0.74 6.98 3.4459
1.75 2.77 13.21 2.3623
1.35 2.17 13.54 1.6641
0.75 4.7 9.81 1.2046
0 0.53 12.23 2.6561
0 3.74 12.29 0.677
0 4.52 13.77 0.6208
0 4.09 12.23 2.4414
0 1.63 11.59 1.5097
0 1.62 14.25 4.086
0 1.78 16.56 3.6408
0 2.32 16.05 2.9635
0 1.46 17.59 4.0352
0 1.46 16.97 1.8316
0 2.24 16.11 2.0999
0 2.37 16.98 4.9444
0 2.28 18.39 3.5519
0 1.92 17.59 1.7988
9.65 1.22 16.2 0.617
8.825 1.16 13.2 1.7365
3.15 0.27 8.41 1.3403
0 0 10.14 1.7553
0 -2.29 12.21 3.0036
0 -0.7 12.76 2.0102
0 0.54 12.98 2.5396
0 2.49 16.39 1.6434
0 3.56 17.54 1.9274
0 3.86 18.96 0.6855
0 0.52 18.04 2.4853
0 -1.41 12.67 3.445
0 -0.72 12.61 3.6237
0 0.03 13.98 3.7497
0 0.16 18.02 2.8437
0.025 0.35 20 1.1812
0.675 0.18 18.47 3.9914
15.1 5.8 14.94 4.9682
17.025 3.63 12.09 5.775
34.475 0.89 5.91 4.8765
32.475 0.58 5.56 2.4912
10.05 -0.42 7.47 3.0288
0.5 -2.71 6.87 0.585
0 -1.76 8.42 1.2323
0 -2.54 8.41 0.504
0.775 -2.05 11.06 0.7288
9.375 -1.23 9.65 2.445
19.75 -0.22 7.89 5.0787
8.45 -4.84 5.96 0.9296
27.3 -5.25 5.44 0.465
1.25 -3.49 8.81 2.3366
2.875 -3.44 11.86 1.8867
12.325 -0.83 13.08 3.9574
3.925 6.09 13.83 1.4965
0.025 0.37 14.04 1.4691
4.7 1.57 15.35 0.5342
22.7 4.24 16.59 1.7304
11.525 4.83 10.17 4.0769
0.175 1.35 10.95 0.7957
1 2.35 15.43 1.5414
0.225 4.68 17.23 1.1122
0.1 3.37 16.33 1.1146
0.275 3.04 14.2 0.4523
6.05 3.87 15.13 1.4816
6.35 6.33 15.1 1.4434
17.55 6.83 16.98 1.7261
10.3 6.68 16.38 2.5377
3.3 -0.35 11.42 0.9503
14.625 -0.24 12.51 3.8219
29.85 0.8 9.93 4.7838
47.2 2.74 7.31 5.3204
21.8 1.17 6.47 2.2939
4.125 0.29 8.72 1.4737
12.475 0.91 11.02 5.2169
23.525 3.22 7.27 5.5958
21.275 0.48 6.5 3.9952
20 1.52 9.4 3.1853
4.925 3.7 8.47 1.6005
1.325 4.08 11.87 0.6767
0 3.24 14.84 1.2267
0 3.92 15.51 1.8406
0 5.85 19.3 2.4697
0 6.76 24.07 1.944
0 7.28 24.39 1.0043
0 2.65 19.24 1.8745
0 3.38 18.26 1.8575
0 5.17 21.29 1.3989
1.85 4.23 21 1.6756
5.575 2.81 18.26 3.4686
2.5 -0.89 8.17 1.6589
0.05 -2.1 9.57 1.2607
0 -1.65 13.58 0.3999
0 0.59 15.4 1.5498
0.1 1.89 16.51 1.4026
0.55 2.03 15.7 2.6034
0.25 -0.31 12.16 0.5204
0 -0.19 16.48 0.7648
0 2.98 20.88 1.2618
0.4 3.92 22.15 2.0519
0.675 7.74 21.57 2.5505
0.3 9.33 18.6 1.3903
0.95 8.82 19.23 1.8875
1.725 8.98 18.09 1.9161
0.575 3.48 16.83 0.8554
0.675 4.3 16.63 0.8716
1.125 5.91 17.38 2.0337
0.825 5.41 17.1 2.2804
0.275 2.46 17.64 2.3699
0.05 2.31 18.63 0.9487
0 3.11 20.18 2.1807
0 4.03 19.08 4.3853
0 1.04 17.31 3.4009
0 2.39 20.16 1.7521
0 4.1 22.69 0.5138
0 6.25 24.17 1.0331
0 7.69 24.81 2.9811
0 9.28 27.74 0.9001
0 8.93 28.75 1.3994
0 8.07 26.07 1.8609
0.05 7.09 20.86 2.7194
1.95 3.12 13.19 2.9403
0.975 2.02 15.76 2.4503
0 4.06 21.18 1.7129
0 7.28 23.23 1.1696
0.4 7.75 24.69 0.7203
13.75 8.27 23.76 2.8178
13.55 3.35 14.5 2.7244
4.8 1.88 10.8 1.501
17.375 3.88 11.86 3.4403
7.6 5.4 10.66 2.0787
0.5 3.39 14.75 2.8603
0 4.19 21.38 1.5915
0 8.43 23.35 2.1406
0 6.92 22.75 3.1639
0 5.45 20.96 4.4345
0.35 5.53 19.84 2.3737
3.875 6.57 20.18 2.7671
1.2 3.83 18.12 2.0956
0.525 4.63 18.57 3.13
1.5 5.13 18.46 3.9798
0.975 4.57 15.48 4.5631
0.025 4.59 17.03 2.7729
0.875 4.9 18.74 2.5658
0.65 7.15 18.73 2.649
0.6 3.73 14.67 1.5848
0.875 4.05 16.8 0.8077
8.725 5.75 17.31 3.3203
17.575 10.84 15.48 1.044
7.675 8.14 19.03 3.4534
0.175 6.31 17.66 2.0499
0 7.51 21.59 2.8925
0 9.5 24.87 1.6
0 10.66 26.59 2.6362
0 9.98 25.77 3.1285
0 8.87 23.51 2.7613
0 9.98 25.97 2.6991
0 12.56 29.4 2.1098
0 13.73 31.3 2.0941
0 12.36 30.5 2.4352
0 11.67 27.37 1.4953
0 12.28 28.01 2.8456
0 12.06 28.89 2.2931
0 13.41 29.23 0.6343
0 15.06 32.98 0.7354
0 17.15 35.24 2.5279
0 14.26 34.2 2.5709
0 11.81 30.78 2.4632
0 11.08 29.41 2.598
0 11.53 29.01 2.4258
0.975 12.79 30.35 2.423
14.175 12.72 29.26 2.4664
7.425 10.22 23.73 2.4407
0.125 8.85 21.81 2.3528
0 11.05 27.24 1.3667
0 14.11 32.01 1.0964
0 15.95 34.73 0.9954
0 16.26 35.62 1.5736
0 17.16 35.22 1.6665
0 18 34.96 2.4984
0 17.76 34.77 2.8039
0 16.25 33.74 1.9975
0 15.45 33.28 2.4259
0 13.11 32.2 2.2432
0 12.01 30.82 2.4613
0 11.71 28 2.6297
0 11.81 26.92 3.1689
0 11.14 24.93 2.7534
0 11.16 24.86 3.3595
0 10.59 25.07 3.2249
0 10.48 25.94 2.0775
0 11.27 27.61 1.2626
0 12.55 28.41 1.9711
0 13.44 30.2 1.5428
0 13.79 31.5 2.3152
0 13.57 32.43 2.7808
0 13.92 32.23 1.9224
0 14.18 32.09 2.0153
0 13.2 33 2.1635
0 11.78 31.85 1.8955
0 12.22 32.15 1.6728
0 13 33.03 1.5518
0 14.3 34.24 2.3796
0 13.86 33.83 3.1688
0 16.43 33.63 2.147
0 16.16 31.61 1.5554
0 15.46 32.93 1.8451
0 14.83 33.52 2.11
0 13.45 32.62 3.1311
0 12.83 29.63 2.4214
0 13.79 30.52 3.1327
0 15.51 29.95 2.5818
0 12.38 31.42 1.9331
0 13.12 31.35 2.0513
0 13.23 31.92 2.1922
0 13.52 32.27 2.674
0 12.7 31.52 1.84
0 14.36 31.74 1.4644
0 15.31 33.36 2.1415
0 13.21 32.74 1.4833
0 12.8 32.32 1.2234
0 12.65 32.62 1.8683
0 12.65 32.99 1.7514
0 13.08 32.15 2.6752
0 12.1 30.08 2.1198
0 11.71 29.47 1.6814
0 12.13 29.56 1.2993
0 13.7 31.34 0.9587
0 15.05 33.19 1.981
0 15.2 33.08 1.2366
0 15.87 33.75 0.8387
0 16.37 34.68 1.0507
0 16.45 35.05 1.4343
0 14.73 34.59 1.8065
0 13.85 33.26 1.8357
0 12.64 31.51 1.7529
0 12.86 31.07 0.7413
0 14.03 31.42 0.8154
0 14.6 32.94 0.7433
0 15.06 32.72 0.928
0 17.01 32.81 1.8952
0 12.88 33.63 0.6808
0 14.28 34 0.9788
0.825 14.27 34.06 1.0095
0.475 14.31 33.81 1.6401
0.15 14.48 34.03 0.849
0.55 14.63 30.95 1.7713
0.15 12.97 26.34 1.682
0.25 12.71 29.28 0.8226
0.15 13.32 30.14 1.5119
0 13.73 29.41 2.4763
0 11.61 28.35 1.6935
0 10.31 25.98 1.7572
0 10.87 27.09 0.718
0 12.01 30.72 0.3842
0 13.7 33.54 1.028
0 14.39 33.49 0.7423
0 15.23 33.97 0.587
0 14.33 35.58 0.6785
0 14.28 34.37 1.5505
0 13.02 30.38 2.2627
0 9.58 22.69 1.922
0 9.85 26.86 0.7743
0 12.68 30.78 0.6019
0 12.44 32.32 0.9478
0 13.81 31.56 1.2918
0 11.6 27.99 2.3891
0 10.82 24.59 1.8617
0.475 9.24 24.14 1.9924
17.4 7.58 20.94 2.1947
18.6 7.34 17.89 3.7281
5.95 6.3 13.02 0.7876
1.425 2.98 12.71 0.8997
0 3.93 17.18 1.2624
0.85 5.07 20.66 1.2225
3.625 8.58 21.77 1.613
1.75 11.49 18.66 1.7708
0 8.51 23.25 1.0203
0 8.89 26.48 0.7233
0 11.9 28.15 0.5132
0 11.04 27.9 0.9995
0 11.64 27.52 1.2113
0 11.54 25.52 1.6343
0 11.49 27.08 1.4574
0 10.92 27.12 1.0487
0 11.42 23.99 0.7195
0 9.02 24.55 0.8055
0 9.79 24.72 2.378
0 9.94 26.01 1.6692
0 9.53 27.12 1.7133
0 8.58 24.58 1.4085
0 4.77 19.98 2.9492
0 4.32 19.23 3.1428
0 5.92 20.21 1.8298
0 6.23 21.46 1.0762
0 6.88 22.62 2.0895
0 7.27 24.16 0.4936
0 5.66 23.43 3.7174
0.15 5.2 21.33 4.0771
3.525 4.31 21 3.4196
2.775 1.99 18.07 1.7415
6.175 -1.52 10.44 0.6718
3 -0.91 10 1.4734
0.1 -1.4 10.11 0.8776
0 -0.6 10.71 2.0468
0 1.03 14.39 3.0194
0.275 0.98 16.46 3.0567
2.85 2.88 19.07 3.568
1.4 7.29 17.17 0.7114
0 5.61 16.29 0.2959
0 7.21 16.44 0.7937
0 4.27 15.76 0.6335
0 3.92 17.39 0.9084
0.125 3.93 17.35 1.1503
1.325 3.68 16.69 3.3202
4 0.96 10.11 2.2008
1.825 1.55 10.13 4.0177
0.2 0.06 11.31 1.9171
0 0.58 12.15 2.817
0.025 0.79 13.11 4.056
0.275 1.49 14.53 2.1844
0.125 2.85 12.23 0.7147
0 2.66 15.46 2.7458
0 3.33 17.67 2.2654
0.05 3.71 21.11 0.9896
0.05 3.59 16.7 1.6176
0 1.62 18.63 3.9335
0 0.31 16.23 7.7815
0 -0.24 14.64 3.5001
0 -1.01 13.86 4.0728
0 -2.08 13.06 2.7366
0 -2.77 11.85 3.4551
0 -2.43 12.61 2.9947
0 -2.61 12.87 3.2729
0 -0.79 13.89 3.2748
0 -0.61 13.75 4.2295
0 -0.54 15.87 3.0466
0 -1.92 14.76 0.7143
0 -0.94 11.58 1.5279
0 -1.37 12.47 1.4406
0.175 -1.82 11.55 0.9132
1.15 -2.28 11.15 0.7337
0.525 -2.18 9.67 5.119
0 -0.66 13.31 4.4889
0 -1 15.17 2.6291
0 -0.96 13.24 4.4487
0 -1.22 12.53 4.1994
0 -2.64 11.84 3.4357
0 -4.5 12.27 4.4915
0 -2.59 13.17 3.9313
0 -2.04 12.08 4.9167
0 -1.55 15.75 3.3906
0 -0.85 16.4 1.2674
0 -0.78 14.96 1.0593
0 0.28 15.59 1.0619
0 3.44 16.12 0.8528
0 2.94 15.75 1.4155
0 0.24 13.92 2.374
