0.7 -2.67 11.12 1.6508
4.65 1.58 9.96 1.163
2.525 -2.18 9.03 1.6492
1.4 -4.88 5.59 4.0174
2.375 -4.18 5.86 1.7862
0.925 0.52 3.7 0.4517
0 0.56 9.03 1.5037
0 2.82 11.39 0.8065
0 0.44 14.31 4.3926
0 0.41 12.71 3.493
0 1.57 14.09 2.4468
0 2.86 16.2 5.4927
0 4.91 16.99 3.9983
0 1.51 17.55 3.5661
0 2.67 18.85 4.0095
0 1.56 19.32 4.9717
0 2.86 17.03 4.2544
0 3.02 16.26 4.728
0 2.71 17.06 4.8526
0.125 2.06 16.23 3.4271
13.925 3.81 16.8 2.7446
26.075 6.59 15.56 2.1568
46.425 4.18 12.09 1.6794
40.7 5.81 10.4 2.3632
11.625 1.94 8.18 3.4588
1.825 -3.76 2.5 0.8712
0.3 -4.68 4.46 1.3222
0 -3.47 7.01 1.6174
0 0.21 10.7 4.2129
0 2.16 16.39 4.4922
0 4.18 17.11 3.0903
0 3.46 16.64 3.0696
0 1.31 13.92 3.9743
0 1.06 17.65 3.7982
0 4.3 19.12 2.9957
4.675 5.7 17.75 2.6423
5.7 2.59 8.88 3.0821
1.775 1.23 7.38 2.7665
16.425 1.18 9.71 1.385
9.85 -2.79 7.6 3.5813
2.075 -6.94 2.89 0.4198
8.075 -4.65 4.31 2.4814
4.575 -0.81 4.67 1.4164
11.275 -1.19 5.4 3.0212
6.425 -1.19 3.93 3.4263
2.175 0.15 5.6 5.9157
23.65 0.57 5.06 5.5841
17.65 0.68 4.19 4.4722
2.55 -1.73 3.03 1.3368
0 -1.59 7.27 3.4935
0 -1.22 11.93 2.7069
5.625 -0.23 13.14 3.8271
18.55 0.8 12 3.7913
12.775 3.88 6.85 2.7089
3.175 1.87 8.12 1.4208
1.475 2.55 14.19 1.4261
0.35 2.1 7.92 2.2554
0 0.93 12.58 0.3288
0.05 1.8 15.13 3.6254
10.475 4.16 15.4 2.7305
25.5 5.84 11.87 3.8778
41.05 4.34 10.94 4.8918
18.35 0.7 6.1 2.8464
1.525 -2.96 4.94 0.9325
0.675 -1.96 7.38 1.8714
0 -3.49 6.42 0.2997
0 -4.06 10.83 1.4033
0 0.14 13.47 2.6582
0 -3.58 8.04 0.4006
0 -2.84 12.84 0.4787
0 0.6 13.16 1.9981
0 1.22 16.42 2.2443
0 1.38 17.84 1.2793
0 1.52 13.8 2.0878
0 3.78 15.45 2.3678
0 3.85 18.46 1.1713
0 4.72 20.04 1.2685
0 5.56 21.15 0.9622
0.125 4.26 22.02 0.7581
23.225 5.34 21.22 1.7758
15.825 0.01 12.48 4.1223
1.15 -5.16 3.41 2.3232
0 -3.4 7.97 1.8896
0 -0.2 15.14 0.6537
0 0.58 16.98 2.0812
0 3.51 20.14 2.0458
0 3.99 19.05 1.385
0 3.87 20.59 3.2697
0 1.27 15.4 1.9049
0 1.5 15.53 0.3643
0 2.97 17.45 2.7085
0 4.37 20.23 2.5254
0 2.19 17.45 5.2637
0 -1.28 11.09 1.947
0 -0.69 15.34 2.7049
0 2 19.44 2.1986
9.5 3.59 22.02 1.2987
16.025 1.9 17.4 2.8994
10.925 1.77 8.01 1.6704
3.1 1.98 9.27 2.3431
0.15 0.98 9.15 3.8138
0 2.16 13.68 1.7342
0 3.14 17.5 2.1704
0 4.51 17.77 4.7381
0 -2.67 10.84 5.9534
0 -1.65 8.05 3.1406
0 0.6 15.94 1.4675
0 3.32 20.77 2.7287
0 5.87 23.87 2.6787
0 9.13 27.49 1.5401
0 10.87 29.34 1.2104
0 11.3 30.18 1.9382
0.075 9.28 29.08 2.5491
1.275 7.32 22.23 3.3791
0.725 -0.24 11.55 3.5548
0 1.42 15.04 2.1107
0 3.5 17.8 2.3347
0 2.17 16.97 3.107
0 0.8 14.34 1.7617
2.1 2.62 17.55 2.0224
57.425 6.17 20.69 1.7954
37.3 7.42 17.96 2.3843
6.5 7.23 14.13 3.4522
3.45 5.96 14.98 1.7597
0.475 9.16 18.57 3.4301
0 7.3 21.14 2.0946
0 7.72 24.26 3.0038
0 9.01 24.59 1.8056
0 8.42 25.08 1.494
0 8.75 25.43 1.1529
0 9.08 26.92 3.0746
0 8.25 26.42 3.3176
0 7.69 23.85 2.7305
0 8.25 24 3.3339
0 10.29 25.73 1.9236
0 11.21 27.84 1.4207
0 14.18 32.45 0.2836
0.525 15.73 34.39 2.3159
0.325 14.21 33.83 2.5624
0 11.06 27.85 1.7159
0 10.08 26.57 1.0836
0 11.1 27.72 2.5174
0 10.95 27.61 3.0203
0 11.11 27.17 2.8084
0 9.7 26.68 2.0705
0 10.52 26.36 1.4517
0 12.53 28.54 0.9745
0.3 13.46 29.38 2.1118
0.175 12.92 29.34 2.5101
7.2 13.98 28 3.1811
4.3 12.21 27.85 2.2779
0 12.67 27.17 2.1486
0 11.83 25.13 2.3296
0.2 12.03 23.34 0.5131
6.575 9.19 22.36 2.1948
5.4 6.51 20.5 3.3534
2.2 5.42 12.65 2.1933
0.75 6.6 15.12 2.7088
0 7.55 20.58 2.6254
0 9.41 22.87 3.4492
0 9.53 22.1 3.069
0 7.91 20.79 3.4236
1.3 8.75 21.39 2.4442
1.175 10.3 20.56 3.5487
0.225 8.11 20.86 2.4635
0 8.42 21.63 2.4907
0 9.45 21.67 2.5937
0 11.47 23.41 3.08
0 11.68 25.91 1.8833
0 13.3 30.49 2.7106
0 10.59 29.44 3.2526
0 8.45 24.64 3.2705
0 9.03 22.74 1.2177
0 10.54 26.19 0.5716
0 12.83 29.92 1.4909
0 13.63 32.25 2.6504
0 13.22 30.42 1.8544
0 14.16 30.9 0.879
0 15.15 35.11 0.7126
0.25 17.62 36.5 2.9415
0.2 16.98 36.19 2.9134
0 16.04 32.74 2.2783
0 16.51 33.75 1.7675
0 14.96 32.34 2.8012
0 14.32 32.74 2.48
0 13.66 31.21 2.6962
0 13.05 30.6 2.4952
0 11.53 29.14 2.7344
0 10.97 28.24 2.5853
0 11.22 28.19 2.5985
0 11.5 28.55 1.894
0 12.65 29.97 1.7365
0 14.4 30.96 2.1695
0 14.23 30.77 1.3826
0 15.42 32.68 0.4736
0 16.21 33.43 1.624
0 17.32 35.73 1.879
0 18.47 34.19 1.7919
0 17.93 36.45 2.0493
0 19.86 37.15 1.5569
0 20.24 38.07 2.4343
0 17.33 36.77 2.5138
0 16.37 34.78 2.3276
0 18.11 34.66 2.0604
0 16.88 34.22 2.0622
0 15.93 33.74 2.1254
0 16.16 34.21 1.916
0 16.98 35.81 1.9464
0 18.28 36.06 2.2696
0 18.09 35.26 2.931
0 18.45 34.18 2.6624
0 18.65 34.55 2.7121
0 17.94 34.11 2.5426
0 16.83 33.63 2.8739
0 13.85 30.99 2.4468
0 13.84 30.25 1.9327
0 14.85 30.72 2.2561
0 12.11 28.87 2.9563
0 9.64 21.55 1.9455
0 10.01 23.41 1.4449
0 12.86 28.3 0.4667
0 14.9 31.76 1.2641
0 16.96 33.68 2.9462
0 17.1 34.62 2.6865
0 15.11 33.16 3.0029
0 14.9 32.09 3.206
0 12.09 29.81 1.4508
0 12 29.54 0.4051
0 13.52 31.28 0.757
0 14.75 33.16 0.8288
0 16.19 35.6 1.2974
0 17.55 36.61 2.1858
0 18.09 35.67 2.1618
1.25 18.14 36.71 2.3128
1.2 15.31 31.33 2.8701
0.25 14.21 28.41 1.5604
0 13.52 30.28 1.5045
0 12.46 30.82 0.405
0 12.88 31.85 1.4842
0 14.63 32.41 1.2713
0 16.48 33.28 1.273
0 15.34 34.82 2.6903
0 17.04 33.15 1.6919
0 15.96 32.49 0.6757
0 16.43 33.45 0.3527
0 16.5 33.77 1.4739
0 15.99 33.61 2.2643
0 13.62 32.12 2.0333
0 12.49 30.14 1.9738
0 12.29 27.69 1.5934
0 12.66 27.98 0.4451
0 13.19 29.08 0.9526
0 14.65 31.31 0.3879
0 15.1 32.92 0.9612
0.05 17.45 35.3 1.8375
0.35 14.47 31.1 2.1191
0.175 11.45 25.37 2.6377
0 10.29 24.2 1.5676
0 11.48 27.77 1.4582
0 13.86 29.97 0.4124
0 13.76 30.73 1.0364
0 14.65 33.6 2.0707
0 14.83 32.29 0.9987
0 16.44 29.66 2.1691
0 14.55 33.67 2.2896
0 15.75 33.96 1.336
0 14.47 33.22 0.644
0 13.87 32.49 0.7828
0 16.64 34.39 1.179
0 14.86 35.1 0.4267
0 14.87 35.22 1.9976
0 14.93 31.62 2.4701
0 4.41 19.6 2.3581
0 3.98 20.14 2.435
0 6.6 23.83 0.7011
1.175 7.64 24.55 3.165
0.85 3.01 21.24 3.4567
0.075 0.65 9.81 0.3099
0 1.88 17.04 2.7196
0 3.48 19.73 1.4228
0 4.96 20.43 1.3893
0 6.27 22.81 0.7047
0 6.94 23.32 0.408
0 5.04 23.4 1.8214
13.15 6.75 22.28 1.8751
49.625 6.56 15.94 6.6202
25.45 7.6 13.94 4.2649
0.25 10.16 17.36 0.9286
0 10.02 23.44 2.2438
0 9.47 24.66 1.0319
0 11.4 27.17 1.6991
1.15 10.13 22.65 2.2048
0.675 3.04 14.4 2.0462
0 3.51 16.96 1.0538
0 5.51 20.02 0.5479
0 6.19 21.18 1.0299
0 8.38 23.01 1.2246
0 7.66 20.74 1.6738
0 7.5 21.88 1.1487
0 7.29 22.53 4.278
0 2.03 12.59 4.9173
0 0.08 12.2 0.7313
0 0.67 13.45 0.0614
0 4.41 19.18 0.8227
0 5.63 21.71 0.8551
0 8.22 23.02 1.2133
0 7.95 24.68 1.1028
0 7.94 25.02 1.6788
0 6.95 23.39 2.2211
0 3.86 18.28 0.5038
0 3.79 17.49 1.6326
0 2.03 14.93 1.8628
0 2.62 15.97 1.1357
0 4.03 16.71 0.7427
5.65 7.28 17.47 0.3249
4.525 4.55 16.35 2.0281
0.675 0.32 8.64 1.3055
0 0.12 10.3 1.1487
0 -0.22 11.52 2.8101
0 1.49 14.12 2.1164
0 3.35 16.8 1.4788
0 3.04 17.5 1.744
0.775 1.1 12.57 2.2958
3.7 1.23 15.33 3.5244
1.925 1.59 13.62 1.1154
0 1.67 10.59 0.4377
0 1.02 13.22 2.1857
0 1.96 13.31 3.7505
0 3.02 15.08 4.0058
1.1 3.07 16.62 2.6185
1.65 3.67 17.49 1.0551
0.6 0.8 12.23 4.8317
0 2.13 10.95 4.9329
0 1.92 12.72 3.9647
0 2 15.1 1.6081
0 1.1 14.86 2.1295
0 -0.27 15.7 2.0832
0 0.46 12.63 2.1247
0.075 0.23 13.47 1.2751
21.3 -1.9 9.32 2.1675
18.625 -1.67 5.24 0.8812
3.525 -9.45 1.16 0.6316
0 -8.86 1.05 1.9704
4.075 -6.23 3.66 3.1868
38.45 0.39 6.76 2.9437
57.75 3.44 7.33 3.7676
30.75 1.87 7.7 4.2991
2.05 0.61 5.08 0.6276
0 -0.09 5.87 3.1714
0 1.92 9.09 2.5765
0 2.78 10.67 2.3275
0 2.91 11.96 2.8366
0 2.72 10.98 4.1794
1.575 2.64 12.3 2.9233
11.675 3.06 13.71 1.7552
11.15 0.06 10.16 3.6649
0.075 -4.1 4.7 2.5608
0 -0.74 9.06 3.9672
0 -0.33 9.82 3.9397
6.425 -0.16 10.4 4.1166
3.975 0.81 8.85 1.987
2.725 -0.13 7.46 3.0681
9.5 -0.1 7.66 0.7338
4.8 1.44 7.08 1.4877
0.05 0.66 6.53 2.5363
0 0.96 9.88 1.9981
0 1.4 10.06 1.2773
0 1.31 12.15 4.0335
0 0.56 14.17 2.9591
0 2.11 13.92 2.7598
0 1.92 13.14 3.1171
0 3.3 13.82 2.6995
0.1 3.82 14.5 3.0469
1.3 4.3 14.77 2.3864
0.75 5.65 11.96 2.4251
1.275 4.76 10.74 3.1918
19.2 4.45 15.42 4.4061
11.2 3.31 11.27 2.0149
0.075 0.16 8.52 1.3172
0 0.73 11 3.3271
1.75 2.09 13.59 2.1599
20.85 2.63 12.12 2.5727
34.8 2.54 9.44 4.7533
29.975 1.48 5.67 5.4865
32.15 1.08 4.65 6.4639
31.3 -1.03 3.13 4.0569
16.825 -0.64 3.24 3.9677
3.8 -2.04 2.42 0.8928
1.825 -3.11 4.59 2.3225
2.95 -1.62 5.33 3.9182
1.125 1.91 6.13 3.0356
0 0.91 9.75 1.3004
0 -1.01 10.82 2.7804
1.5 0.25 9.83 3.2346
0.9 1.99 11.22 1.3512
0 -2.17 9.51 1.261
0 -4.31 10.08 1.725
0 0.27 11.09 2.0377
0 1.33 11.1 0.6113
6.75 1.87 11.62 2.7395
13.025 3.06 10.53 3.498
10.55 3.22 8 1.7327
3.1 1.41 5.78 2.6274
0.95 -0.45 6.43 1.3029
1.125 0.39 7.21 2.1674
0.325 -0.85 5.93 0.6621
0 -0.14 8.68 1.0622
0 2.34 10.64 1.1225
0 1.69 14.01 1.6126
0 2.3 15.36 1.5973
0 2.59 17.32 1.0764
0 3.93 16.62 1.6718
0 4.21 17.69 2.425
0 4.18 18.49 1.1416
1.05 2 16.67 1.2377
3.625 3.37 11.91 2.3974
14.1 2.51 10.68 3.1085
7.45 -1.94 5.49 2.1748
20.35 -1.39 9.76 3.7014
17.4 1.25 8.8 2.7874
2.075 0.41 8.64 0.7825
23.15 1.18 13.05 4.3689
15.075 3.12 11.59 1.5239
0.725 1.12 5.91 0.4837
1.15 1.27 13.08 2.2847
10.675 4.13 15.3 2.6511
19.05 2.54 9.44 3.2243
7.825 -0.58 6.94 3.0168
0.125 -1.92 5.52 1.3198
0.075 0.35 10.38 2.5004
0.25 -0.24 11.5 1.0228
4 1.82 12.07 2.5368
4.225 -4.38 6.05 3.8751
1.15 -2.8 6.79 2.2147
0 -2.74 5.86 0.342
21.15 0.08 13.1 2.0302
12.675 -0.38 11.39 2.5361
0 -1.3 9.57 2.5148
0 0.1 15.27 3.6909
0 2.17 19.76 1.3722
0 4.45 21.13 0.7271
0 5.27 20.97 2.8307
0 -0.3 19.64 2.0883
0 5.26 22.3 1.9423
0 3.88 20.91 0.4776
0 3.51 18.83 1.5013
0 2.52 18.51 2.0764
1.175 2.71 20.11 1.9742
3.2 3.73 19.8 2.2941
1.5 -0.68 11.55 2.533
0 1.41 12.73 2.7048
0 1.7 18.11 1.162
6 3.65 19.68 2.3509
15.375 3.84 18.81 5.4134
7.275 0.1 7.58 2.9814
2.2 -3.12 7.16 0.9146
7.4 -1.3 10.59 2.1316
3.475 -0.01 7.72 2.0019
22.6 -0.14 8.26 2.7556
13.55 -0.84 6.39 3.1837
0 -2.35 7.52 0.8898
0 -1.02 12.85 2.1091
0 0.97 17.89 0.5024
0 3.08 19.19 1.0254
1.425 3.78 18.66 1.9983
18.3 3.28 13.4 4.1277
13.575 1.6 8.15 4.591
1.85 -0.03 5.89 1.0715
0 0.54 12.3 0.6844
0 1.77 13.84 0.8052
0 3.11 18.7 2.4451
0 2.84 18.56 1.4977
0 3.64 20.58 1.1171
6.85 4.91 22.32 1.7179
16.575 6.02 19.83 2.5789
8.55 0.43 9.22 3.1141
0.65 1.43 4.54 1.8204
0 2.36 8.11 1.4408
0 3.89 18.53 0.8798
0 5.62 20.77 1.3157
0 7.15 23.83 0.7852
9.425 7.67 23.95 3.9217
11 2.94 13.49 4.973
3.325 -1.1 7.16 3.9209
0.075 -1.11 8.71 3.4558
0 1.16 14.53 2.0115
0 3.07 18.11 2.0015
0 4.23 22.5 0.8818
0 6.14 23.84 2.1209
0 6.19 22.9 3.6683
0 3.8 18.91 2.1923
0 2.96 18.63 0.6732
0.15 4.69 20.82 2.8219
4.4 4.7 19.74 3.7764
13.3 2.13 10.72 3.1303
6.5 -2.04 9.17 4.0782
0.025 -0.57 11.64 2.1668
0.1 4.29 18.07 0.9201
0.05 5.42 21.35 0.583
0 7.09 23.13 0.4791
2.175 9.53 24.91 1.2569
5.35 10.6 24.4 1.8544
2.425 4.45 17.36 1.7804
0.275 7.06 17.62 1.673
0.15 8.79 20.46 3.444
0.25 4.49 21.04 4.3799
0.3 0.82 14.88 3.7189
0.25 0.98 10.49 4.1586
2.5 2.48 13.13 2.3419
7.375 2.51 13.24 1.5164
12.175 6.09 16.81 2.8949
12.075 4.93 13.24 2.4473
4.125 1.88 11.85 3.5032
0 2.91 14.33 1.9152
0 6.16 21.67 0.5666
0 8.48 25.47 2.5492
0 12.32 24.89 2.9345
0 9.74 22.95 2.6543
0 10.76 24.55 2.7423
0 12.18 25.96 2.7294
0 12.44 26.07 2.1013
0 13.97 29.92 3.078
0 12.53 30.28 3.1558
0 12.29 27.74 2.6482
0 11.43 27.35 3.8183
0 9.24 25.61 4.6917
0 8.22 21.1 5.006
0 10.71 21.86 3.7086
0 11.09 25.73 1.0175
0 12.23 27.83 1.7098
0 12.47 29.87 2.8968
0 8.39 27.55 3.0456
0 7.77 23.39 1.249
0 9.44 26.79 2.4241
0 9.53 25.3 3.0857
0 8.29 23.49 2.5608
0 9.26 25.6 1.6839
0 9.92 24.72 1.1731
0 11.98 28.28 1.8647
0 13.45 29.61 2.1122
0 14.89 26.63 2.7191
0 13.04 27.09 2.449
0 15.43 29.41 1.0351
0 17.3 33.6 1.6366
0 17.55 35.49 3.0428
0 14.31 31.77 2.9483
0 13.08 30.22 2.6535
0 11.25 28.27 2.8069
0 14.21 28.55 2.1064
0 11.63 27.84 0.8818
0 13.87 30.5 1.9849
0 14.08 32.09 2.5825
0 15.49 31.03 2.3939
0 14.65 30.7 2.4677
0 15.81 31.82 2.2436
0 15.67 32.45 1.8113
0 16.2 34.04 2.2478
0 18.27 33.34 3.2035
0 17.33 32.39 3.2794
0 16.19 30 1.9277
0 16.05 31.7 1.51
0 17.86 34.84 2.6435
0 17.76 35.75 2.748
0 17.78 35.34 2.5819
0 17.68 36.55 2.1631
0 16.93 35.49 2.0835
0 16.5 33.55 2.4123
0 15.74 32.26 1.0403
0 16.2 32.25 2.2781
0 15.63 33.03 2.1412
0 17.18 34.44 2.5958
0 18.52 33.92 2.6882
0 15.7 32.64 1.8831
0 14.11 32.05 2.2805
0 14.28 31.35 2.0079
0 14.75 32.34 2.232
0 15.14 32.25 2.3151
0 14.2 31.84 2.0475
0 13.45 30.97 2.3649
0 12.74 32.19 1.4095
0 14.11 32.58 1.9206
0 14.61 32.27 1.9648
0 13.75 31.71 1.9917
0 14.2 31.39 2.4801
0.1 14.73 30.53 2.795
0.05 14.05 27.82 1.9271
0 13.23 29.49 1.7944
0 13.45 29.85 2.1942
0 11.85 25.79 1.1101
0 12.6 29.38 1.472
0 14.35 30.63 2.4264
0 14.3 30.96 2.7923
0 14.58 31.51 1.1712
0 14.57 33.44 1.5352
0 16.3 34.47 1.676
0 14.35 32.57 1.9031
0 14.29 32.46 2.2381
0 14.61 33.18 1.798
0 12.98 30.13 1.7197
0 12.74 28.96 2.2882
0 14.65 33.71 1.9689
0 17.45 37.05 0.591
0 19 38.43 2.1892
0 16.88 36.33 2.4178
0 12.36 31.84 2.7445
0 11.62 21.1 2.2898
0 9.02 20.84 2.4526
0 9.22 23.13 1.2491
0 10.18 26.65 0.5583
0 13.58 31.39 0.3358
0 15.16 34.46 1.2223
0 15.89 34.64 1.1701
0 14.46 33.9 2.0017
0 13.61 31.64 1.1834
0 13.51 31.8 2.2799
0 11.64 29.82 2.8219
0 6.36 15.64 2.053
0 7.75 23.67 0.5784
0 8.09 25.65 0.6307
0 11.71 29.56 0.9544
0 11.99 29.87 1.6038
0 11.28 27.96 1.3986
0 10.9 27.97 0.927
0 11.23 28.16 1.6087
0 10.84 29.23 1.5738
0 11.21 28.27 1.5058
0 11 28.02 1.3792
0 9.53 24.02 1.2202
0 8.8 26.21 1.0351
0 10.01 24.5 2.695
0 9.04 22.08 1.1192
0 8.89 26.11 0.5016
0 12.2 29.78 0.9248
0 14.57 33.4 0.4613
0 14.58 34.15 1.0601
0 17.08 35.31 0.613
0 16.54 36.3 0.5215
0 15.57 35.65 0.3424
0.1 15.33 32.01 0.41
5.625 14.92 28.96 1.2636
23.35 14.47 29.27 1.5503
16.175 11.87 19.67 1.5051
1.15 9.67 13.9 0.8352
2.275 6.52 14.84 0.7966
1.95 6.61 15.31 2.004
0.175 5.36 15.14 0.8876
0 7.23 20.06 1.9236
0 8.41 22.57 1.5982
0 10.12 25.34 1.348
0 11.45 26.76 2.1998
0 13.04 28.77 1.5361
0 12.83 28.21 0.6834
0 11.63 27.95 0.5291
0.025 11.47 27.87 1.0827
2.325 12.18 23.7 0.8756
1.15 8.3 19.03 1.0249
0 8.45 17.95 1.645
0.275 8.82 24.98 0.8841
0.15 9.75 21.48 1.948
2.9 7.12 19.05 1.71
25.1 8.01 17.82 1.5803
47.325 9.4 12.15 4.5352
22.275 5.06 12.93 3.5751
0.075 3.49 13.85 1.7017
0 1.2 14.41 2.8829
0 -0.02 15.43 3.289
3.225 6.36 18.95 2.1524
2.8 5.92 19.5 1.8822
0.475 3.95 10.56 0.9299
0 4.53 16.79 1.9004
0 5.51 19.47 3.1219
0 7.69 22.69 2.8844
0 10.66 24.76 1.94
0 10.43 24.57 1.0686
0.35 9.21 23.49 2.1777
15.9 7.32 19.67 2.9716
11.125 2.16 10 2.6895
2.325 0.09 9.97 0.5983
1.725 1.31 11.04 1.6409
0 0.01 9.02 2.5432
0 2.19 13.05 1.4607
0 1.72 14.98 3.0654
0 4.18 15.95 1.6094
0 5.57 18.57 2.4681
0 5.15 18.78 0.9705
0 4.29 17.69 2.0917
0 3.52 18.16 1.9522
18.95 4.06 17.59 2.7022
30.05 0.69 10.64 3.1439
23 -1.11 4.02 5.1672
11.275 -0.84 3.36 2.9528
11.975 0 4.66 4.0213
5.875 -4.87 2.67 1.1016
0 -5.63 3.53 3.2629
0 -5.36 3.18 3.3282
11.125 -1.7 6.95 2.6837
7.75 -4.77 4.21 2.6728
0 -7.26 2.77 2.3309
0 -5.15 4.08 3.0663
0 -0.96 7.81 2.3075
0.025 0.43 11.41 2.6191
0.025 5.05 11.18 1.4793
1.45 4.34 11.65 2.0783
16.8 3.96 9.16 2.3102
10.175 3.52 12.57 3.3023
0 2.63 9.56 2.3177
5.125 3.17 13.66 1.8755
7.85 4.49 11.86 0.9785
1.375 5.56 10.42 1.2738
0.075 5.02 12.89 0.4484
0 4.05 14.13 2.3457
0 4.56 13.89 1.4123
24.7 3.95 14.09 1.6843
16.55 2.27 9.69 1.6734
4.825 -0.46 7.24 2.3913
57.175 -0.66 6.8 3.6009
84.675 2.6 7.04 5.3219
56.525 3.58 9.11 6.0871
22.575 1.53 10.6 2.1109
9.675 1.06 2.56 2.4082
7.625 1.25 5.39 2.2911
3.75 1.56 6.24 0.3695
0 0.38 8.02 2.8785
20.225 0.61 10.76 5.3222
12.8 0.75 10.3 1.8693
0.05 -0.35 4.09 0.9933
45.525 -0.02 5.9 2.2698
30.05 1.81 6.5 4.3561
1.75 -7.36 4.31 2.5276
2.95 -7.73 1.92 1.4883
18.075 -7.44 2.02 4.1595
20.3 0.07 4.03 4.9731
11.275 -0.12 4.28 2.5985
0 -2.19 4.41 3.3
0 -2.33 4.99 3.9386
0.025 -0.61 8.23 5.3899
0.025 -0.35 8.81 3.733
0 -1.49 8.08 1.9035
0 -1.49 8.49 1.2852
0 -3.49 5.54 3.1948
3.425 -3.21 7.28 3.3481
4.725 1.64 8.34 1.9107
0.5 0.92 10.55 1.6925
0.375 1.17 9.72 1.3922
0 1.13 12.92 2.6307
0 2.72 13.67 1.0286
0 3.36 14.03 0.7854
0 3.5 13.77 2.4046
0 2.03 14.21 1.3974
0 0.96 15.04 4.2765
0 1.04 14.66 3.8096
0 1.37 15.24 2.716
0 2.39 17.01 3.9465
0 2.89 15.36 2.0236
0 3.3 15.86 2.2574
0 3.11 15.65 4.9937
0 3.11 16.72 3.3565
0 3.11 17.11 1.8252
7.225 2.46 16.68 0.5076
10.875 1.68 15.17 1.8597
3.325 -0.36 5.16 1.4599
0 -1.29 8.68 1.8113
0 -1.38 10.65 3.0357
0 -1.56 11.3 2.1049
0 -0.82 12.26 2.7306
0 3.33 16.68 1.7478
0 1.51 16.77 1.9573
0 4 18.39 0.6216
0 1.42 17.7 2.1102
0 -1.03 14.33 3.5649
0 -2.23 11.24 3.855
0 -1.34 12.78 4.0022
0 0.87 16.13 2.7992
0 2.19 18.26 1.2189
0.025 2.21 18.17 3.4298
10.475 1.89 12.29 4.0702
17.775 1.61 13.34 5.8397
23.55 -1.19 2.91 4.4725
39.975 -0.39 2.37 3.1302
21.55 -0.51 4.96 3.7164
1.825 -4.89 4.18 0.8685
0 -4.89 5.49 1.1299
0 -4.77 5.14 0.3992
0 -3.79 8.78 0.4268
6.525 -2.38 8.5 2.1891
13.75 -0.79 6.41 5.6753
8.775 -5.17 2.79 0.8971
0 -6.82 1.46 0.4149
0 -6.69 6.21 2.1388
5.525 -5.28 10.32 1.693
11.975 -0.3 11.91 3.5904
9.325 2.57 10.22 1.3379
1.025 -0.55 10.62 1.4788
5.075 0.26 14.02 0.6452
22.425 1.68 15.6 1.7196
18.575 3.2 8.14 4.4524
0.175 -0.34 8.04 0.4283
0 0.88 13.85 1.4689
0 2.36 17.78 0.791
0.375 2.28 16.79 1.3201
0.225 2.22 14.07 0.7212
3.3 2.52 15.7 0.9062
2 3.96 13 0.9971
17.825 4.58 16.27 1.1029
21.9 4.5 17.61 2.4119
2.025 -0.49 10.74 1.0722
23.3 -1.13 12.03 3.2907
40.15 -0.57 7.14 4.8313
55.925 0 4.44 5.8321
24.75 -0.68 3.99 2.5184
7.35 -0.89 6.31 1.1339
17.2 0.03 8.42 4.8449
39.275 0.08 5.69 5.4
26.475 -3.06 3.72 3.8522
11.975 -0.63 6.95 2.9765
8.275 1.42 4.04 1.406
0.2 1.68 9.72 0.6737
0 1.3 13.67 1.4512
0 2.41 16.25 2.2186
0 4.34 18.09 2.3251
0 6.43 23.72 1.6624
0 6.53 25.64 1.0451
0 4.08 20.38 1.276
0.05 3.54 18.67 1.8548
0 4.04 21.38 1.4162
1.3 4.09 20.8 1.7258
8.225 1.23 19.59 3.4638
6.175 -4.11 4.11 1.4283
1.65 -3.9 3.13 1.4406
0.1 -3.27 9.03 0.5802
0 -0.62 14.17 1.6798
0 1.39 15.69 1.5965
0.55 2.5 16.45 2.7663
0.35 -0.46 8.17 0.6607
0 -0.32 15.36 0.7866
0 4.46 20.4 1.6418
0.025 5.9 22.64 2.3807
0 6.75 22.45 2.7418
0.025 7.12 19.3 1.7117
0.45 4.9 19.35 2.0771
8.175 6.55 13.62 2.2631
1.9 3.46 15.61 0.9316
1.225 3.38 15.42 1.3081
0.825 5.15 13.49 2.276
0.9 4.28 12.65 2.2769
0.075 1.73 15.22 2.8306
0 3.61 17.59 0.9164
0 4.9 20.12 2.4501
0 2.26 19.26 4.6894
0 1.93 17.19 3.6048
0 3.46 18.35 1.8723
0 5.34 21.19 0.4362
0 7.07 23.27 0.8752
0 8.91 24.99 2.9584
0 11.61 27.67 0.7022
0 11.05 28.43 1.571
0 9.88 27.09 2.0994
0.2 8.31 23.97 3.0197
1.15 4.1 14.26 3.2824
2.3 2.24 10.47 2.7115
0 4.81 18.39 1.8158
0 7.56 22.19 1.2283
0 8.54 24.79 0.6469
11.775 9.01 26.35 2.8748
15.2 0.98 17.17 2.6771
7.45 0.84 7.29 1.1646
22.625 1.85 10.76 3.5251
16.075 1.98 6.9 2.3305
1.075 2.39 11.25 3.2721
0.05 2.94 17.08 1.8414
0 6.44 22.08 2.1197
0 6.94 21.91 3.0917
0 5.99 21.07 4.5457
0 4.82 18.59 2.5498
0.05 6.54 20.88 2.6979
0.025 5.52 19.01 2.5471
1.05 5.74 19.44 3.2935
3.8 5.07 18.7 4.2559
5.3 2.45 14.49 4.8551
0.975 3.24 13.64 2.8135
0.8 5.54 17.8 2.5316
0.675 6.57 18.47 2.8982
0.525 2.49 12.84 1.7052
0.1 3.81 16.05 0.5101
4.25 5.08 16.78 3.0453
9.85 9.04 12.22 1.1435
5.05 5.31 17.7 3.3171
0.075 5.43 13.71 2.0511
0 6.72 18.11 3.1082
0 8.78 23.3 1.7108
0 10.27 25.78 2.5083
0 10.39 26.21 3.1224
0 9.25 23.58 2.6892
0 10.17 24.34 2.7309
0 11.51 27 1.8984
0 13.07 30.19 1.8991
0 13.82 29.46 2.6633
0 10.16 26.93 1.4959
0 12.09 26.7 2.8612
0 11.31 27.76 2.0788
0 12.71 28.09 0.4023
0 14.15 30.58 0.5889
0 15.51 33.6 2.4719
0 15.11 33.03 2.6689
0 13.29 31.17 2.6152
0 10.61 28.97 2.7162
0 11.24 28.23 2.3824
0 12.39 28.89 2.3627
13.775 13.04 29.6 2.3482
9.1 10.07 25.42 2.3507
1.1 7.93 17.98 2.2849
0 11.38 24.74 1.123
0 12.84 29.99 0.8164
0 15.68 32.62 0.5425
0 15.99 33.09 1.51
0 16.46 32.98 1.8774
0 17.64 31.97 2.5552
0 18.27 32.48 2.7855
0 17.24 31.22 2.2144
0 16.46 31.86 2.5276
0 14.53 31.45 2.17
0 13.52 30.7 2.2814
0 11.98 27.47 2.3777
0 12.33 27.75 3.1039
0 12.06 25.71 2.7018
0 12.64 24.46 3.2729
0 11.03 24.29 3.0909
0 11.5 25.12 1.9399
0 11.62 26.88 1.2119
0 12.3 29.11 1.884
0 12.42 29.21 1.3956
0 13.36 29.84 2.3034
0 14.4 30.73 2.7878
0 14.93 30.6 1.8895
0 15.92 31.18 1.825
0 14.13 32.42 2.1067
0 14.13 31.53 1.8855
0 14.13 30.63 1.7293
0 15.45 30.61 1.6338
0 16.72 33.2 2.4172
0 17.82 33.58 2.9963
0.15 19.01 33.43 2.0628
0.375 15.95 30.28 1.3987
0 16.46 32.02 1.8537
0 16.25 33.33 2.0555
0 13.57 32.4 2.9964
0 12.35 28.63 2.3428
0 13.98 29.76 3.0073
0 13.34 29.3 2.352
0 14.65 30.67 1.7413
0 14.08 31.41 1.8472
0 13.89 31.26 2.2199
0 13.53 30.66 2.6504
0 13.26 30.8 1.7185
0 14.78 32.32 1.2178
0 15.62 32.95 1.9887
0 14.12 31.37 1.5372
0 13.39 30.67 1.2598
0 13.25 31.06 1.6336
0 13.21 31.18 1.6088
0 13.77 31.96 2.6095
0 13.79 30.18 1.9182
0 12.89 29.91 1.2996
0 11.91 29.64 1.0251
0 13.3 30.67 0.9615
0 13.52 32.05 2.0041
0 15.36 32.52 1.1835
0 15.4 32.33 0.7131
0 15.93 34.58 1.0104
0 16.72 34.48 1.3433
0 16.48 34.99 1.6506
0 14.38 33.74 1.7907
0 11.96 31.32 1.7215
0 13.4 30.67 0.7936
0 13.79 30.75 0.6842
0 14.42 32.69 0.8833
0 15.38 32.07 0.9759
0 15.46 32.87 1.8045
0 15.19 31.81 0.7476
0 15.88 32.32 0.9472
0 16.18 33.55 0.9426
0.225 16.25 32.07 1.486
0.925 13.72 31.92 0.9587
1.75 14.63 30.05 1.6086
3.05 11.35 23.44 1.4662
1.95 12.55 26.85 0.5876
3.2 12.3 28.47 1.2836
0 12.67 26.88 2.4077
0 12.72 27.8 1.789
0 10.81 25.27 1.6634
0 9.66 25.1 0.3349
0 12.09 28.98 0.2492
0 14.3 31.49 0.9563
0 15.24 31.58 0.4862
1.25 15.57 32.13 0.2403
0 16.09 32.77 0.4967
0 16.25 33.29 1.6154
2.225 13.33 29.38 2.2284
0.025 11.09 22.36 1.9534
0 11.02 25.77 0.5327
0 15.04 30.06 0.623
0 14.93 29.47 1.109
0 14.27 31.08 1.3507
0 12.62 30.32 2.1928
0 12.97 27.31 1.7967
0 12 24.63 1.919
16.475 8.72 21.3 2.2432
21.95 7.05 16.41 3.6428
7.775 2.57 11.22 0.8618
1.175 2.07 10.73 0.9021
0 2.2 14.74 1.2624
0 4.78 18.89 1.122
1.7 6.9 20.99 1.4649
2.25 8.32 16.95 1.5718
0 9.09 22.79 0.9177
0 9.42 25.44 0.5956
0 12.53 27.52 0.3747
0 10.83 27.07 0.932
0 11.01 26.19 1.3653
0 11.4 25.13 1.6112
0 11.68 25.87 1.5026
0 10.22 26.73 0.8517
0 9.2 23.84 0.6305
0 9.3 24.28 0.6061
0 9.33 23.61 2.1555
0 9.41 25.64 1.7154
0 9.67 25.85 2.0164
0 8.51 23.21 1.3253
0 5.99 18.96 3.1278
0 4.15 17.77 3.3254
0 4.68 17.92 1.9943
0 5.94 20.04 0.9517
0 6.54 21.46 2.0675
0 7.06 22.65 0.1696
0 6.23 21.95 3.1559
0 6.76 20.17 4.1894
4.225 3.66 20.41 3.6048
5.65 0.34 17.82 1.7629
4.75 -1.82 5.15 0.3889
4.75 -1.02 6.16 1.4477
0.05 -1.51 5.59 0.8617
0 -1.66 7.87 2.2172
0 0.29 10.63 3.1996
0 1.15 14.58 3.1073
2.5 3.14 15.29 3.674
2.425 5.47 12.59 1.0076
0 4.83 12.71 0.2337
0 5.75 14.44 0.7634
0 2.87 14.59 0.6175
0 3.3 15.01 0.933
0 3.03 15.74 0.8188
0.075 3.44 15.32 3.0078
2.45 1.61 9.35 2.1268
3.025 1.83 7.12 4.1007
1.625 -0.53 6.55 1.7209
0 0.07 9.67 2.379
0 1.35 11.67 3.5703
0.05 1.32 17.05 2.1363
0.025 1.51 13.84 0.7809
0 2.82 13.48 2.8986
0 3.5 16.97 2.3661
0 5.37 17.13 1.0854
0 6.77 16.69 1.6879
0 2.33 18.25 3.523
0 1.73 14.25 8.39
0 2.33 10.51 3.5509
0 0.13 14.19 4.298
0 -1.21 11.53 2.7685
0 -0.91 10.1 3.4856
0 -1.79 10.23 3.0936
0 -0.91 10.09 3.5364
0 -0.1 12.22 3.4965
0 0.49 12.33 4.2691
0 0.89 13.43 3.2104
0 -0.01 12.39 0.9363
0 -1.64 10.86 1.6637
0 -2.13 7.92 1.4666
0 -1.83 8.66 1.1472
0 -1.13 9.01 0.8774
0 -0.51 8.39 5.4123
0 1.49 12.77 4.5491
0 -0.79 13.14 2.7232
0 -1.25 12.03 4.5531
0 -1.7 10.58 4.4234
0 -0.96 10.62 3.4852
0 -1.4 10.96 4.5346
0 -1.49 11.37 4.0288
0 -0.85 12.74 4.9594
0 0.32 13.51 3.4627
0 1.65 14.05 1.2954
0 1.61 14.76 1.1597
0 2.58 14.06 1.2816
0 4.77 18.09 0.9452
0 3.6 15.54 0.9969
0 1.15 14.48 2.3827
