1.475 -3.15 7.68 1.4636
9.025 -3.93 6.56 1.512
4.725 -6.13 4.54 1.7289
0.675 -8.78 1.94 4.0796
2.6 -8.16 1.82 1.9016
1.275 -3.08 -0.21 0.4241
0 -3 5.01 1.4794
0 -1.05 7.97 0.6978
0 -3.31 8.95 4.2743
0 -3.17 9.18 3.3318
0 -2.44 11.43 2.4797
0 0.44 11.94 5.4313
0 0.73 13.4 3.9267
0 -2.17 13.56 3.6956
0 -1.42 14.98 3.8412
0 -1.55 15.51 4.8676
0 -1.34 13.82 4.2744
0 -1.24 13.26 4.8481
0 -1.2 13.05 4.9671
0.05 -1.01 12.25 3.4951
11.175 -0.3 13.06 2.6913
26.975 3.05 11.29 2.0848
49.025 3.6 6.58 1.6162
43.675 1.64 6.51 2.5092
12.875 -2.84 4.03 3.4499
2.85 -7.95 -1.83 0.8421
0.525 -8.96 0.57 1.3018
0 -7.53 2.95 1.3416
0 -3.88 6.98 4.2178
0 -3.52 11.5 4.4902
0 -1.79 13.23 3.0795
0 -1.86 12.52 3.2202
0 -2.29 10.45 3.9332
0 -2.22 13.55 3.7807
0 0.19 15.03 2.9845
4.475 0.6 14.22 2.4731
8.375 -1.11 6.56 2.8073
2.325 -2.5 4.21 2.8588
17.6 -3.13 6.37 1.2118
10.925 -6.13 3.69 3.5022
3.85 -11.28 -0.82 0.4679
8.375 -10.21 0.6 2.7889
7.175 -5.83 1.66 1.3977
17.625 -7.25 1.37 3.2068
10.9 -5.51 -0.64 3.7096
3.25 -3.76 1.57 5.9628
19.15 -3.01 1.37 5.4118
20.125 -3.11 0.98 4.36
3.325 -5.43 -0.57 1.3939
0 -6.1 3.06 3.458
0 -4.92 8.42 2.5961
6.55 -4.65 9.79 3.7327
26.125 -4.67 8.51 3.6738
14.875 0.55 3.82 2.6896
4.325 -1.66 4.75 1.6923
1.775 -0.99 10.7 1.5851
0.8 -1.54 5.72 2.8412
0.05 -4.04 7.48 0.4562
0.025 -2.92 9.63 3.7017
11.15 0.41 11.12 2.881
26.4 1.45 7.94 4.2397
50.425 0.12 7.29 4.941
37.65 -2.98 3.38 2.8651
10.6 -7.38 2.61 0.8686
0.95 -6.05 3.27 1.8748
0 -7.43 2.47 0.3986
0 -7.8 6.49 1.3472
0 -4.3 9.2 2.5715
0 -8.17 4.22 0.5095
0 -7.91 7.13 0.8276
0 -3.93 8.47 2.1755
0 -3.96 10.8 2.3794
0 -3.09 12.25 1.4173
0 -2.69 9.03 2.6591
0 -1.08 11.19 3.1829
0 -0.54 13.52 1.0085
0 -0.25 13.88 1.0243
0 1.14 15.99 1.0128
0.2 0.4 16.45 0.7017
19.625 1 15.8 1.8779
13.275 -4.16 8.57 4.0666
0.975 -9.08 0.98 2.1273
0.55 -7.61 5.02 1.9831
0.325 -5.39 10.87 0.5255
0 -2.22 12.41 1.7871
0 -0.03 15.04 2.0679
0 0.24 15.4 1.3758
0 0.03 16.06 3.4626
0 -3.15 11.13 2.0801
0 -2.82 11.52 0.3208
0 -1.35 12.99 2.6414
0 -0.52 15.7 2.5677
0 -2.47 12.18 5.1816
0 -5.57 7.93 1.9878
0 -4.55 11.58 2.7862
0 -2.07 15.97 2.1813
13.6 -0.08 18.29 1.151
13.3 -1.97 14.21 3.1962
13.9 -2.26 4.31 1.8412
7.15 -1.7 4.57 2.2195
0.35 -3.03 5.23 3.6103
0 -1.87 9.18 1.419
0 -0.4 13.63 2.2464
0 0.23 13.83 4.8101
0 -7.21 7.99 5.9501
0 -5.49 4.63 3.0125
0 -3.05 12.52 1.6489
0 -0.98 16.26 2.8293
0 2.12 19.45 2.8068
0 5.62 23.64 1.5033
0 7.46 25.34 1.0958
0 7.04 25.53 2.0118
0.2 4.94 24.34 2.784
1.575 2.55 19.34 3.2103
0.85 -4.14 7.87 3.3348
0 -2.44 11.73 1.8326
0 -0.82 13.79 2.3395
0 -2.64 12.41 3.2105
0 -3.31 10.44 1.6034
1.25 -1.06 12.49 1.8322
74.875 2.39 15.85 1.9617
50.4 3.54 12.93 2.5993
12.325 3.56 7.85 3.9101
8.175 2.66 10.57 1.9884
2 5.34 13.88 3.9287
0 3.42 17.19 2.1872
0 3.96 19.59 2.8021
0 4.48 19.33 1.6875
0 4.12 20.42 1.2807
0 5.09 20.48 0.9548
0 5.19 22.18 2.9554
0 3.59 20.94 3.2998
0 3.61 18.73 2.4787
0 4.32 19.59 3.0037
0 5.4 20.39 1.8105
0 7.81 23.02 1.6793
0 10.96 28.07 0.4086
0.825 11.56 30.05 2.3326
0.475 10.18 29.13 2.6514
0 6.75 23.31 1.4769
0 6.22 22.39 0.8876
0 7.15 23.31 2.3993
0 7.12 23.24 2.9655
0 5.79 22.18 2.7018
0 4.65 21.14 1.8822
0 6.71 21.84 1.4042
0 8.51 24.19 0.8597
0 9.79 26.26 1.9047
0 9.69 25.5 2.5414
0.175 10.64 25.09 3.2135
0.1 8.92 22.86 2.2003
0 8.66 22.83 2.0264
0 7.86 20.15 2.2529
0.9 7.84 18.88 0.4218
6.625 5.22 18.42 2.1164
5.675 2.55 15.87 3.5584
4.6 1.33 10.49 2.3458
2.375 2.71 12.56 2.6765
0 4.32 17.41 2.5392
0 5.5 19.4 3.3809
0 5.17 18.38 3.0682
0 3.8 17.32 3.2821
1.175 4.45 19.53 2.3049
0.675 6.33 15.45 3.5707
0.05 3.99 16.82 2.4232
0 4.41 17.41 2.4366
0 5.32 18.31 2.422
0 7.28 19.59 3.0297
0 7.73 22.46 1.8247
0 9.11 26.4 2.6885
0 6.03 25.15 3.1542
0 3.92 20.04 3.2144
0 4.84 19.16 1.4102
0 7.18 22.59 0.7832
0 9.29 26.36 1.547
0 10.19 28.38 2.778
0 9.36 26.63 1.6462
0 10.82 26.62 0.9175
0 11.45 31.68 0.6167
0.2 13.05 32.27 2.9339
0.125 12.89 32.08 2.8636
0 12.09 28.33 2.2624
0 12.45 29.45 1.7739
0 11.08 28.29 2.896
0 10.48 28.38 2.5851
0 9.92 27.03 2.8425
0 8.68 25.95 2.6042
0 7.12 24.62 2.8004
0 6.51 24.48 2.5977
0 7 23.75 2.5719
0 7.38 24.11 1.9777
0 9.03 25.27 1.9151
0 10.53 26.31 2.3627
0 10.65 26.63 1.5557
0 10.41 28.83 0.9235
0 11.11 29.5 1.484
0 12.23 31.76 1.984
0 13.35 31.36 1.7722
0 14.71 32.25 2.0136
0 14.71 32.76 1.7272
0 14.95 33.44 2.4487
0 13.03 32.08 2.5769
0 12.17 30.22 2.3513
0 13.43 30.77 2.104
0 12.85 29.74 2.1986
0 11.83 29.16 2.3309
0 11.78 30.51 1.9979
0 13.33 31.29 1.6775
0 14.42 31.72 1.9828
0 14.14 30.58 2.8039
0 14.36 29.86 2.5119
0 13.33 30.18 2.6089
0 13.02 29.41 2.5016
0 12.03 29.09 3.1762
0 9.47 26.41 2.7507
0 9.82 26.27 2.3861
0 10.54 27.04 2.5242
0 7.63 24.84 3.2279
0 4.28 18.28 1.8905
0 6.68 19.08 1.3753
0 8.81 23.91 0.3808
0 10.98 26.86 1.1568
0 12.12 29.17 3.0246
0 11.49 30.65 2.8897
0 10.67 28.94 3.092
0 9.41 26.74 3.0798
0 6.73 25.4 1.434
0 7.22 24.67 0.4585
0 9.44 26.48 0.7794
0 10.79 28.46 0.9567
0 12.34 30.42 1.3064
0 13.02 30.91 2.1617
0 13.45 30.74 2.3026
2.9 12.82 32.36 2.2533
3.25 10.91 28.24 3.1604
0.525 9.38 23.92 1.6679
0 9.12 24.76 1.5622
0 8.91 26.43 0.582
0 9.18 28.44 1.5471
0 10.82 28.19 1.2939
0 11.45 28.62 1.4585
0 11.38 30.19 2.845
0 12.11 28.77 1.9499
0 11.25 28.38 1.038
0 11.44 29.17 0.2548
0 12.21 30.12 1.5519
0 11.55 29.73 2.1782
0 8.81 27.69 2.1609
0 7.63 25.44 2.0841
0 7.31 23.02 1.5335
0 7.42 23.53 0.4384
0 8.27 24.85 0.9506
0 10.05 27.4 0.3924
0 10.93 29.17 0.9922
0.25 12.35 31.29 1.5779
0.775 9.66 26.9 2.3642
0.825 7.19 21.06 2.8565
0.225 5.92 17.78 1.5105
0 6.75 23.1 1.3509
0 9.18 25.77 0.4526
0 9.97 27.09 1.0526
0 10.74 29.55 2.2011
0 9.15 27.94 0.8588
0 10.25 26.76 2.466
0 10.41 29.5 2.3762
0 10.2 29.82 1.5012
0 9.5 29.18 0.8693
0 9.66 28.64 0.8032
0 10.91 30.34 1.1745
0 10.6 31.32 0.4666
0 10.54 31.43 2.1313
0 10.05 26.88 2.5489
0 -0.4 14.1 2.3261
0 0.25 18.29 2.452
0 2.95 19.92 0.7902
1.1 3.96 19.85 3.0794
0.95 -1.22 15.52 3.4268
0.15 -3.44 6.34 0.3134
0 -3.26 12.02 3.04
0 -0.89 15.23 1.5434
0 1.08 16.11 1.2909
0 1.93 18.05 0.736
0 3.09 18.74 0.6782
0 1.65 18.86 1.9558
8.85 3.11 17.39 2.0513
76.725 2.47 11.71 6.7348
43.375 4.45 10.01 4.5143
0.775 6.37 13.2 0.9006
0 5.95 18.89 2.1031
0 5.12 20.28 1.0411
0 8 23.5 1.8061
1.075 5.25 18.53 2.2815
0.625 -0.39 12.89 1.7879
0 0.04 12.56 1.0377
0 1.69 16.08 0.6339
0 2.56 17.38 1.0756
0 4.24 18.69 1.1401
0 4.03 17.04 1.7928
0 3.74 17.95 1.0959
0 2.83 18.79 4.501
0 -1.68 11.73 4.9167
0 -3.77 7.52 0.7847
0 -3.25 9.86 0.0881
0 -0.82 15.67 0.8372
0 2.41 17.21 0.8216
0 4.25 18.58 1.2751
0 4.38 20.4 1.1758
0 4.23 20.87 1.8139
0 2.54 19.19 2.4205
0 0.03 13.35 0.8125
0 0.2 13.02 1.52
0 -1.93 10.64 1.8561
0 -1.35 11.6 1.1815
0 0.53 12.31 0.6799
4.65 1.94 12.93 0.3793
4.825 -0.07 11.84 1.9113
0.8 -4.07 4.52 1.1969
0 -3.96 6.08 1.03
0 -3.67 7.33 2.889
0 -2.67 10.34 2.1131
0.825 -1.25 12.84 1.6368
0.45 -1.01 13.23 1.6652
0.35 -2.99 9.52 2.3971
6.325 -2.56 11.26 3.9531
3.35 -3.08 9.19 1.0555
0 -2.59 5.4 0.6075
0 -3.26 7.93 2.3111
0 -1.8 9.89 3.6888
0 -0.49 11.3 4.0661
0.5 -0.61 12.93 2.6156
2.425 -0.11 13.38 1.0811
1.225 -2.79 7.29 5.3083
0 -2.37 6.45 5.0401
0 -2.04 9.22 3.9335
0 -1.92 11.44 1.8084
0 -2.99 10.71 2.3638
0 -4.6 11.98 2.2062
0 -3.63 8.77 2.0934
0.025 -3.89 9.72 0.8166
21.075 -6.21 4.85 2.3709
18.075 -6.65 0.13 0.8161
3.125 -13.37 -3.24 0.8475
0 -12.34 -3.38 1.9066
6.45 -10.36 -0.22 3.133
39.075 -5.23 2.86 2.7395
65.75 -0.29 3.66 3.7186
32.5 -1.93 3.72 4.267
4.025 -2.83 0.87 0.9012
0 -3.97 2.5 3.159
0 -2.16 5.39 2.5762
0 -1.4 6.43 2.193
0 -1.59 8.44 2.7499
0 -1.42 7.48 4.0837
1.3 -1.1 8.11 2.8436
11.175 -0.58 9.75 1.9027
9.05 -4.17 5.42 3.6235
0.75 -8.19 1.7 2.4876
0 -5.25 5.35 3.9701
0 -4.29 6.64 3.9389
5.925 -4.05 7.18 4.0776
3.975 -3.37 5.13 2.0825
2.35 -4.14 2.92 3.1672
8.45 -3.97 3.4 0.8784
4.25 -2.04 3.04 1.5395
1 -3.22 2.55 2.659
0.675 -2.95 5.33 2.2638
0.075 -2.46 5.93 1.1201
0 -2.73 7.94 3.8873
0 -3.56 10.16 2.8403
0 -2.07 10.2 2.5548
0 -1.83 8.95 3.0128
0 -1 9.7 2.7637
1.05 -0.01 10.46 3.0522
1.3 0.49 10.3 2.3214
0.4 0.66 7.49 2.48
1.675 0.66 8.93 3.1546
21.975 0.8 11.65 4.557
13.875 -0.7 6.72 2.0852
0.925 -4.91 4.65 1.495
0 -3.2 7.14 3.3637
0.775 -2.08 10.08 2.1543
15.2 -1.97 9.55 2.7351
27.375 -1.18 5.76 4.8341
29.7 -1.03 2.77 5.7185
35.175 -3.08 0.92 6.6204
33.05 -4.61 1.21 3.9591
19.175 -5.12 -0.33 3.7709
5.275 -6.18 -1.55 1.0969
1.425 -7.54 1.95 2.3533
4.1 -5.36 1.86 4.1137
1.925 -1.79 3.16 2.8819
0 -3.43 5.14 1.419
0 -5.21 7.21 2.9096
1.775 -3.3 6.49 3.1906
1.4 -2.92 7.43 1.4581
0.175 -5.76 5.37 1.0384
0 -7.23 6.04 1.7662
0 -3.64 6.85 2.0258
0 -2.54 7.05 0.6799
7.5 -2.48 8.19 2.9406
11.3 -1.23 6.11 3.2815
12.9 -0.39 4.22 1.6717
5.85 -2.24 2.21 2.3247
2.775 -3.33 2.11 1.5098
2.175 -3.01 2.76 2.1511
0.475 -5.35 2.02 0.4726
0 -4.96 4.31 1.2505
0 -2.77 5.92 1.3859
0 -3.03 9.12 1.2936
0 -1.62 10.98 1.5027
0 -1.94 12.42 0.9481
0 -0.61 11.91 1.7302
0 -0.27 12.43 2.4804
0 -1.04 14.57 0.9528
3.5 -1.82 12.5 1.1653
5.375 -0.35 7.5 2.0908
9.325 -1.91 4.27 2.7705
4.35 -7.27 1.55 2.4025
25.925 -6.43 6.67 3.858
20.05 -2.35 3.74 2.7576
2.1 -4.69 4.49 0.8072
31.35 -3.31 8.64 4.7093
19.7 -1.47 7.76 1.218
0.8 -2.97 2.79 0.4534
0.575 -2.53 9.04 2.395
8.1 -0.2 10.79 2.688
18.825 -1.3 3.04 3.3558
8.275 -4.9 1.63 2.8812
0.075 -6.39 1.39 1.3493
0.025 -4.18 5.55 2.568
0.25 -4.19 8.05 0.8128
3.1 -1.23 8.21 2.4882
4.475 -9.22 2.54 3.6379
1.7 -6.94 3.02 1.9726
0 -6.67 2.66 0.5389
22.025 -4.7 8.33 2.346
12.8 -5.4 7.27 2.3362
0 -5.78 5.58 2.7755
0 -4.88 9.79 3.8907
0 -1.86 15.72 1.3858
0 0.24 16.08 0.8083
0 0.52 16.3 2.9767
0 -4.86 15.72 2.2668
0 0.14 17.68 2.0162
0 0.06 16.25 0.5081
0 -0.78 14.68 1.3678
0 -1.61 13.52 2.1435
0.95 -1.39 14.47 2.1536
2.6 -1.46 14.49 2.4419
1.65 -5.02 7.65 2.1278
0 -3.41 10.29 2.8612
0 -2.71 13.7 1.2906
5.525 -0.44 14.85 2.8197
16.225 -0.24 14.46 5.4974
8.1 -4.32 3.86 2.901
1.1 -7.22 3.23 0.6766
8.9 -5.58 5.52 2.3601
4.925 -4.19 3.27 1.8497
25.95 -4.43 4.24 2.7851
15.1 -4.99 3.16 3.1281
0.05 -6.07 2.93 0.5558
0 -4.8 8.23 2.3552
0 -2.8 13.18 0.3968
0 -0.8 14.42 1.7599
0.6 0.13 13.96 1.933
19.45 -0.66 8.05 4.0008
17.1 -2.4 3.73 4.5261
4.325 -3.93 2.61 1.097
0 -3 7.53 0.6419
0 -2.18 8.83 0.8186
0 -0.92 13.77 2.2095
0 -0.95 13.3 1.2726
0 -0.4 15.84 1.196
7.8 1.38 17.63 1.5557
20.35 1.69 15.16 2.6883
11.3 -3.81 4.33 3.0681
1.325 -2.3 0.84 1.7742
0.05 -1.17 3.97 1.1386
0 -0.38 14.2 0.7485
0 2.69 16.26 1.2601
0 3.13 19.64 0.7568
10.5 4.02 19.35 4.4677
10.2 -2.33 8.47 4.9465
3.4 -5.24 3.14 3.6666
0.075 -5.26 4.61 3.2113
0 -2.32 10.77 1.7728
0 -0.73 14.1 1.779
0 1.37 18.23 1.065
0 2.93 19.42 2.0111
0 1.9 18 3.5418
0 -0.92 13.74 2.2641
0 -1.39 14.09 0.8329
0.075 0.39 16.28 2.7495
3.6 0.39 14.9 3.6002
24.775 -1.06 6.06 3.355
13.15 -5.99 4.39 3.9602
0 -4.47 7.77 2.0686
0.85 0.4 14.88 1.1702
0.5 2.03 17.81 0.7497
0 2.55 18.69 0.6296
1.325 5.59 20.58 1.3144
11.225 6.9 20.04 2.1241
6.25 2.33 11.19 1.9839
0.325 3.55 13.45 1.5921
0.175 4.98 16.29 3.3324
2.75 0.27 16.21 4.2576
3.625 -3.64 9.27 3.5597
1.6 -3.18 5.83 4.0798
1.725 -1.16 9.9 2.2968
13.7 -1.36 9.61 1.5832
18.25 1.56 11.81 3.1026
20.925 0.28 8.87 2.3766
8.375 -2.4 7.37 3.4144
0 -1.56 9.75 1.6283
0 1.92 17.42 0.6379
0 5.69 20.97 2.5076
0 7.94 19.88 2.9995
0 5.71 18.53 2.3893
0 6.92 20.15 2.5334
0 8.33 20.87 2.6845
0 8.77 22.07 1.9062
0 9.82 25.68 2.8004
0 8.45 25.79 3.0412
0 7.81 23.55 2.3881
0 7.04 23.47 3.799
0 2.34 19.17 4.5421
0 3.56 15.51 5.1551
0 6.75 18.76 3.9415
0 6.98 22.54 1.0175
0 7.93 23.56 1.7819
0 8.32 25.48 2.8853
0 4.58 23.51 3.1515
0 3.59 18.87 1.0774
0 4.33 22.5 2.3098
0 4.44 20.51 3.294
0 3.3 17.95 2.5994
0 4.61 20.06 1.6729
0 5.9 21.31 0.8682
0 7.96 24.64 1.7707
0.625 8.62 25.69 2.2268
0.325 9.89 22.84 2.7393
0 8.46 22.83 2.4307
0 10.58 25.69 0.9333
0 12.69 29.21 1.5304
0 12.31 31.24 3.2089
0 9.64 27.76 2.9557
0 7.36 25.81 2.7016
0 7.17 24.89 2.8225
0 8.59 23.29 2.1534
0 7.74 23.6 1.1251
0 9.38 26.19 1.826
0 9.78 28.15 2.307
0 10.4 26.56 2.3268
0 10.17 26.36 2.2419
0 11.97 27.56 2.1002
0 11.66 28.14 1.8566
0 12.33 29.54 2.4152
0 13.18 28.92 3.2568
0 12.89 27.25 3.3406
0 11.43 26.12 1.6502
0 12.08 27.83 1.238
0 14.44 30.53 2.6621
0 14.21 31.6 2.7865
0 13.51 31.36 2.594
0 11.83 31.6 1.9337
0 11.97 30 1.9627
0 11.54 28.09 2.6186
0 10.69 27.77 0.9919
0 11.39 27.4 2.2637
0 12.15 28.51 2.0761
0 13.45 30.07 2.6007
0 13.15 29.33 2.8498
0 12.19 26.7 2.0427
0 9.8 25.44 2.517
0 10.16 26.63 2.1835
0 9.68 27.18 2.4989
0 10.04 26.84 2.4293
0 9.29 26.38 2.0415
0 9.5 26.53 2.462
0 8.92 27.2 1.617
0 9.54 27.37 1.9964
0 9.87 27.32 2.0879
0 9.21 26.38 2.2125
0 9.41 26.26 2.5768
0 9.78 25.63 2.999
0 9.17 23.87 2.1799
0 8.64 24.31 2.0957
0 8.44 24.13 2.3878
0 7.94 22.79 1.0125
0 8.7 24.23 1.3223
0 10.1 25.63 2.2661
0 10.08 25.83 2.8496
0 9.79 26.38 1.12
0 10.69 28.51 1.663
0 10.77 28.75 1.7852
0 8.79 27.5 1.9432
0 9.44 27.39 2.2637
0.075 9.99 27.99 2.0398
0.05 7.1 24.54 1.707
0 8.14 23.46 2.6407
0 8.92 28.49 2.1759
0 13.22 32.54 0.634
0 14.99 34.04 2.446
0 11.47 30.44 2.4281
0 7 26.55 2.977
0 4.3 15.04 2.197
0 3.9 16.03 2.4383
0 4.74 18.38 1.3277
0 7.03 21.86 0.8484
0 9.79 26.5 0.5558
0 10.69 29.3 1.2599
0 10.55 29.81 1.325
0 10.71 28.91 1.9371
0 9.03 26.45 1.4413
0 8.81 26.43 2.4897
0.05 6.56 25.02 2.9502
0.025 2.28 10.86 1.9703
0 2.24 16.73 0.7593
0 4.26 20.61 0.7186
0 7.39 24.42 1.1191
0 7.7 24.93 1.8066
0 6.63 22.75 1.4835
0 6.68 22.71 0.934
0 6.68 23.02 1.6123
0 7.12 23.79 1.6098
0 7.21 22.58 1.5546
0 7.02 22.42 1.4934
0 5.03 19.32 1.1611
0 4.91 20.92 1.0297
0 4.55 18.89 2.7421
0 3.63 16.21 0.9642
0 4.65 21.33 0.5738
0 8.25 24.84 0.9292
0 11.45 28.83 0.4356
0 10.21 29.01 1.2206
0 11.89 30.44 0.5331
0 12.47 31.54 0.5614
0 11.76 30.73 0.2959
0 11.71 27.75 0.4955
5.575 11.3 25.33 1.3398
27.125 9.74 25.19 1.7521
17.1 6.74 16.18 1.4206
1.55 5.19 10.42 1.2957
1.925 2.2 10.67 0.7564
3.075 2.3 12.94 2.2645
0.3 1.48 11.15 0.715
0 3.16 16.48 1.8315
0 5.37 17.86 1.6799
0 6.92 20.8 1.6265
0 7.92 21.89 2.4392
0 8.2 24.08 1.6371
0 8.36 24 0.7363
0 7.89 23.93 0.7002
0 7.8 23.74 1.25
3.4 7.64 19.61 0.9587
1.775 3.53 14.76 1.1699
0 4.21 14.28 1.7606
0 4.24 19.68 1.0321
0 5.25 18.19 1.9124
4.275 3.24 14.97 1.6181
21.35 4.41 14.27 1.7332
79.3 5.3 8.38 5.0616
33.15 0.67 8.72 3.6143
0.15 -1.05 9.42 1.4788
0 -3.03 10.19 3.0613
0 -1.75 11.2 3.436
3.425 2.87 14.97 2.071
3.825 2.19 15.38 1.8763
0.8 0.01 6.25 0.8462
0 0.45 12.66 1.8101
0 1.34 15.03 3.1425
0 3.98 18.11 2.9446
0 5.86 20.55 1.9302
0 6.44 20.8 1.2021
1.5 4.82 19.52 2.2188
22.85 2.93 15.98 3.3388
13.05 -2.31 5.99 2.5671
3.025 -4.36 5.15 0.7599
2.1 -2.58 6.9 1.6152
0.05 -3.67 5.02 2.4008
0 -1.72 9.16 1.4887
0 -1.91 10.56 3.085
0 1 12.48 1.592
0 2.21 14.58 2.6209
0 1.35 15.13 1.1724
0 0.53 13.58 2.1822
0 -0.21 14.23 2.1568
23.075 0.42 13.2 2.6977
36.05 -4 5.16 3.2969
29.3 -5.11 -0.04 5.1577
17.975 -4.65 -0.27 3.3975
19.525 -3.71 0.77 4.355
8.125 -9.37 -1.38 1.2249
0 -9.82 0.1 3.4584
5.475 -8.36 -0.08 3.3533
15.125 -5.58 3.71 2.9042
10.525 -9 -0.07 2.4865
0 -10.96 -0.6 2.432
0 -8.32 0.59 3.0489
0 -4.6 3.8 2.2557
0.025 -2.64 8.43 2.565
0.125 -0.14 5.04 1.5755
2.125 0.25 7.37 2.0803
23 0.34 5.82 2.2216
10.475 -0.03 9.27 3.3537
0 -2.23 6.21 2.2709
7.975 -0.8 8.9 2.0834
8.7 0.42 7.26 1.1415
1.975 1.67 6.88 1.5509
0.1 -0.15 8.17 0.4534
0 -0.5 9.74 2.2337
0 -0.14 9.23 1.3616
25.7 -0.02 8.54 2.0497
15.925 -3.16 4.65 1.4889
4.875 -5.29 3.5 2.6881
62.975 -5.34 3.45 3.4237
91.7 -0.64 3.72 5.0982
81.925 0.4 5.21 5.8862
27.55 -3.06 6.41 2.5778
10.225 -3.01 -1.29 2.5292
6.5 -2.5 2.37 2.2857
3.025 -2.27 2.46 0.5392
1.25 -3.32 4.5 2.9873
20.95 -3.09 7.1 5.3285
11.525 -3.95 6.56 2.2183
0 -4.36 1.3 0.9648
63.8 -3.92 3.26 2.4035
43.5 -2.09 2.71 4.5537
3.1 -11.1 0.71 2.3603
3.725 -11.9 -2.71 1.5295
25 -10.89 -1.21 4.1459
20.25 -5.48 0.07 4.6152
6.775 -4.94 0.07 2.5106
0 -6.99 0.82 3.1525
0 -6.45 2.45 3.7966
0 -4.61 4.19 5.1786
0 -4.44 4.83 3.7569
0 -5.07 5.06 1.9581
0 -5.21 3.38 1.165
0 -7.93 1.23 3.2443
4.5 -6.3 2.92 3.3205
3.45 -2.23 5.4 2.0302
1.025 -2.25 7.45 1.6737
0.575 -1.96 4.76 1.2638
0 -2.3 9.92 2.5788
0 -0.28 9.32 0.7022
0 0.38 10.58 0.6073
0 0.09 10.69 2.3265
0 -2 10.22 1.3518
0 -2.31 10.1 4.2054
0 -2.19 10.94 3.7397
0 -1.61 11.44 2.9852
0 -1.61 13.16 3.9441
0 -1.61 11.81 2.0161
0 -1.03 11.77 2.213
0 -1.13 12.19 4.955
0 -0.96 13.25 3.4133
0 -1.25 13.21 1.8364
10.175 -2.31 12.2 0.6371
10.025 -3.19 9.25 1.7797
2.625 -4.37 1.78 1.4645
0 -4.91 4.54 1.9538
0 -5.51 6.83 2.9918
0 -5.09 7.47 2.0597
0 -4.32 8.09 2.7054
0 -0.54 12.47 1.6296
0 -1.21 12.85 1.9124
0 -0.07 14.67 0.5554
0 -3.41 13.3 2.3195
0 -5.95 7.29 3.6002
0 -6.12 6.81 3.6914
0 -5.31 8.21 3.7491
0 -3.54 12.19 2.6937
0 -3.08 14.57 1.2595
0.4 -3 14.38 3.7225
17.775 -1.27 8.65 4.6681
20.925 -2.82 7.55 5.995
33.75 -5.31 -1.31 4.7537
45.825 -5.12 -1.5 2.7855
19.1 -5.38 0.98 3.5565
1.175 -9.32 -0.07 0.6856
0 -8.74 1.39 1.2572
0 -9.16 1.32 0.4312
0 -7.94 4.53 0.552
10.1 -6.13 4.1 2.5201
22.55 -4.59 2.11 5.4689
8.15 -10.21 -0.98 0.8503
27.825 -11.25 -2.71 0.5186
1.275 -10.25 2.34 2.2706
6.65 -8.68 5.56 1.7673
18.5 -5.2 7.54 3.7305
7.325 -0.81 5.86 1.5572
0.325 -4.92 6.12 1.4651
6.7 -3.46 9.3 0.5037
29.975 -1.97 10.83 1.704
17.1 -1.37 3.6 4.1674
0.275 -4.25 3.47 0.7282
0.025 -2.44 9.4 1.5327
0.025 -0.79 12.33 1.1659
0 -1.51 10.97 1.0374
0.125 -1.86 8.59 0.4894
4.925 -1.59 9.86 1.2037
5.5 0.15 8.24 1.2845
30.675 0.64 10.65 1.4921
19.65 1.36 11.43 2.7079
2.425 -5.18 4.47 0.9825
21.075 -5.34 7 3.6364
38.925 -4.87 3.31 4.8288
52.2 -3.7 0.27 5.6755
29.025 -4.68 -0.59 2.4596
7.65 -5.47 1.43 1.2289
14.525 -3.79 5.3 4.9326
31.3 -3.12 0.77 5.5741
22.325 -6.34 -0.44 4.1146
21.6 -5.68 2.23 3.1198
8.325 -2.26 0.86 1.6346
1.225 -2.22 4.47 0.6172
0 -2.45 8.8 1.1079
0 -1.06 8.91 1.8174
0 0.96 13.09 2.3761
0 2.04 19.79 1.8702
0 2.52 21.22 0.8509
0 -0.99 14.89 1.6616
0 -1.14 13.61 1.9399
0 -0.47 17.17 1.2429
1.95 -0.15 16.37 1.4204
8.9 -2.96 15.08 3.4814
5.5 -8.09 0.9 1.5415
0.65 -8.22 0.78 1.2732
0 -7.54 6.14 0.4181
0 -4.99 10.44 1.485
0 -2.61 11.55 1.2503
0.875 -2.33 12.22 2.7087
0.55 -5.28 4.28 0.5147
0 -5.1 11.38 0.7532
0 -0.58 15.53 1.2044
0 0.77 18.14 2.0887
0.15 3.17 18.05 2.7072
0.2 3.87 15.18 1.5013
0.75 1.95 14.35 1.9278
5.525 2.89 11.02 2.0546
1.675 -1.26 11.51 0.8575
1.45 -1.02 11.06 1.0019
1.4 0.91 9.6 2.2388
0.7 -0.07 9.22 2.3717
0.1 -2.98 11.35 2.3475
0 -1.35 13.38 0.8127
0 -0.11 15.89 2.2325
0 -1.82 14.68 4.323
0 -3.25 12.74 3.4275
0 -1.98 14.03 1.8851
0 0.36 16.72 0.5342
0 1.97 18.55 0.8503
0 4.32 19.67 3.0317
0 6.24 22.56 0.8496
0 5.78 23.72 1.3854
0 4.85 22.01 1.9363
0.05 2.78 17.57 2.8263
2.7 -1.51 7.97 3.0056
1.5 -2.7 6.81 2.4907
0 0.52 14.34 1.6919
0 3.13 17.56 1.0769
0 3.71 19.79 0.5774
21.55 4.49 20.78 2.9263
24.175 -3.21 10.66 2.8726
12.275 -3.93 3.32 1.2492
42.8 -2.5 5.71 3.4889
19.65 -1.61 2.57 2.1841
1.225 -2.24 7.17 3.0584
0.025 -1.87 14.21 1.5728
0 2.72 17.58 1.9964
0 2.35 17.46 2.9659
0 0.95 16.11 4.3439
0 0.51 13.89 2.3259
2.45 2.17 15.83 2.8575
1 -0.52 12.99 2.3221
0 0.32 13.35 3.2805
5.325 0.43 13.29 4.1112
4.375 -1.66 9.88 4.6323
0.725 -1.1 10 2.8853
1.625 0.75 12.65 2.7075
1.975 1.54 13.06 2.8515
0.975 -2.07 8.02 1.6468
0.25 -0.91 10.96 0.7937
8.2 0.69 12.1 3.0316
21.625 5.08 7.45 1.2461
10.65 1.25 13.15 3.5997
0.35 0.92 9.35 1.9228
0 2.6 14.97 2.912
0 4.57 18.79 1.5162
0 5.93 21.33 2.3848
0 5.81 21.21 3.0387
0 4.55 18.41 2.699
0 5.4 19.93 2.7067
0 7.33 23.24 1.7979
0 8.72 25.73 1.8898
0 8.42 24.8 2.2907
0 6.02 22.08 1.2164
0 7.7 22.32 2.8902
0 6.98 23.37 2.1443
0 8.18 23.27 0.4249
0 9.97 26.33 0.5913
0 11.88 29.36 2.532
0 10.81 28.94 2.7345
0 8.99 26.45 2.5167
0 7.01 24.4 2.6042
0 7.27 23.36 2.2971
0.55 8.67 24.5 2.251
34.05 8.73 24.79 2.6066
18.925 5.59 20.79 2.4725
1.325 3.45 14.36 2.2719
0 7.04 20.17 1.0068
0 8.29 25.56 0.8398
0 11.27 28.31 0.7437
0 11.96 28.93 1.561
0 12.34 28.53 1.7423
0 13.43 28.33 2.5108
0 13.59 28.53 2.9165
0 11.97 27.03 2.1148
0 11.58 27.39 2.4474
0 9.56 26.81 2.1858
0 8.3 25.8 2.4474
0 8.11 23.1 2.6049
0 7.55 22.37 3.2024
0 7.19 19.86 2.7193
0 7.5 19.52 3.2902
0 6.09 19.72 3.2733
0 6.67 21 2.0911
0 7.07 22.67 1.3603
0 8.11 23.43 1.9404
0 8.37 24.23 1.2877
0 9.15 25.08 2.2739
0 9.48 26.76 2.7929
0 10 26.72 1.8783
0 11.03 27.16 2.0824
0 9.49 28.3 2.2011
0 8.85 27.11 1.7839
0 8.89 26.6 1.6539
0 10.12 26.36 1.4337
0 10.95 29.42 2.2987
0 12.02 29.53 3.1601
0 13.76 29.26 2.207
0 12.52 26.37 1.6233
0 11.56 27.44 1.8999
0 11.07 28.41 2.1087
0 9.87 28.2 3.1612
0 8.68 24.31 2.3607
0 9.58 24.93 3.1539
0 10.15 24.9 2.5657
0 9.51 26.6 1.8796
0 9.17 26.09 1.9942
0 9 26.58 2.1742
0 9.85 26.62 2.686
0 9.24 27.1 1.6628
0 9.84 26.67 1.4471
0 11.34 28.34 2.1083
0 9.13 27.05 1.4383
0 8.79 26.43 1.0189
0 8.37 26.94 1.7465
0 9.31 27.65 1.5534
0 9.55 27.49 2.6064
0 8.98 25.27 2.1326
0 8.3 24.79 1.6844
0 7.89 24.4 1.2388
0 9.57 25.63 0.8928
0 10.07 27.76 2.0389
0 11.39 28.05 1.2895
0 11.56 27.92 0.8997
0 11.91 29.32 1.0657
0 12.37 29.44 1.4803
0 11.3 29.81 1.6885
0 9.97 28.6 1.8994
0 8.36 26.82 1.7741
0 9 25.61 0.7091
0 9.8 25.63 0.9299
0 10.33 27.51 0.7812
0 10.95 27.32 0.8797
0 12.08 28.39 1.8942
0 9.96 28.11 0.5341
0 10.67 27.77 0.9118
0 11.16 28.5 0.8763
0.375 11.28 28.02 1.7293
0.8 9.31 28.04 1.0068
3.275 10.13 25.65 1.7461
3.075 7.69 19.29 1.5826
4.3 8.17 23.07 0.7066
1.9 7.76 23.86 1.3434
0 8.88 22.99 2.5299
0 7.51 22.94 1.7407
0 6.1 20.24 1.6617
0 5.54 20.11 0.5164
0 7.39 25.01 0.2397
0 9.32 27.8 0.9177
0 10.04 27.02 0.5705
0.95 11.03 27.58 0.4246
0 10.75 29.43 0.6294
0 11.44 29.65 1.5982
1.65 9 25.97 2.3468
0.025 6.07 17.7 1.7986
0 7.08 21.84 0.445
0 9.58 25.72 0.5838
0 8.64 25.38 1.038
0 10.07 26.42 1.4292
0 7.65 23.96 2.4617
0 7.53 20.09 1.9671
0 6.39 20.32 2.0917
24.25 2.53 16.28 2.3124
24.95 1.73 11.85 3.8994
6.425 -0.94 5.32 0.8515
1.575 -2.4 5.11 0.8644
0 -1.96 10.33 1.3928
0 0.4 14.17 1.2101
3.425 3.44 16.39 1.6696
2.525 5.92 11.85 1.8101
0 4.56 17.43 0.9554
0 5.04 21.29 0.6097
0 7.74 22.71 0.4142
0 6.53 22.78 1.0936
0 7.17 22.66 1.418
0 7.23 20.12 1.7757
0 7.36 21.4 1.7151
0 6.34 22.32 0.8531
0 5.71 19.12 0.5716
0 4.8 20.04 0.5622
0 4.46 18.64 2.4554
0 5.31 20.58 1.8858
0 5.33 21.96 2.0118
0 4.31 19.03 1.3889
0 1.38 14.39 3.3221
0 -0.46 13.54 3.3832
0 0.89 13.96 2.012
0 2.19 15.8 1.0076
0 3.07 17.32 2.1496
0 3.01 18.62 0.2117
0 1.96 18.19 3.6686
0 1.88 15.33 4.1433
5.725 -0.14 15.92 3.7941
5.1 -3.97 13.84 1.8323
7.35 -6.67 2.35 0.6751
4.125 -6.02 2.5 1.5914
0.05 -6.23 2.6 0.9701
0 -6.29 3.49 2.1954
0 -4 7.28 3.1195
0.2 -3.04 9.96 2.9057
2.275 -1.13 12.15 3.3262
2.125 1.31 9.65 0.809
0 0.22 9.55 0.2309
0 1.82 10.23 0.6004
0 -1.04 9.94 0.5133
0 -0.87 11.04 0.9237
0.1 -1.21 11.52 1.2115
0.375 -0.45 10.93 3.5265
3.65 -3.56 3.98 2.2886
3.7 -3.42 3.1 3.9876
1.4 -5.43 3.71 1.7862
0 -4.42 5.5 2.5841
0 -3.21 6.47 3.7939
0.175 -3.2 10.27 2.3562
0.075 -2.27 6.78 0.7544
0 -1.2 9.47 2.863
0 0.55 13.33 2.2979
0 1.07 14.87 1.0821
0 1.67 12.3 1.7741
0 -2.22 14.37 3.7019
0 -3.69 10.53 8.313
0 -2.79 7.89 3.6664
0 -4.39 9.8 4.2245
0 -6.01 7.31 2.8707
0 -6.17 5.81 3.4937
0 -6.6 6.17 3.0604
0 -5.84 6.3 3.5441
0 -4.31 8.27 3.6589
0 -3.78 8.42 4.3741
0 -3.68 10.47 3.1881
0 -5.17 9.16 0.9783
0 -6.08 6.67 1.6378
0 -6.57 5.65 1.5001
0 -6.6 4.94 0.9648
0.6 -6.25 5.29 0.8013
0.3 -5.4 4.38 5.4692
0 -2.94 9.27 4.6844
0 -4.99 10.01 2.8034
0 -5.04 7.49 4.7612
0 -5.42 6.83 4.4682
0 -5.95 7.15 3.6219
0 -6.35 7.13 4.4987
0 -5.63 7.55 3.9708
0 -4.93 8.34 5.0301
0 -3.91 10.48 3.4122
0 -3.07 10.9 1.3697
0 -3.17 10.72 1.0434
0 -2.13 10.58 1.0879
0 0.59 13.15 0.903
0 -0.59 10.88 1.4821
0 -3.25 9.35 2.4073
