0.275 2.88 10.46 1.5222
3.625 3.53 7.06 1.0422
1.175 0.39 10.94 1.8642
0 -2.19 10.09 3.4074
0.85 1.11 9.06 1.8265
0.225 3.11 8.4 0.3309
0 1.16 8.08 1.4655
0 1.68 10.19 0.9926
0 2.25 12.88 3.9335
0 0.11 12.94 3.5167
0 -0.56 16.5 2.5322
0 0.09 16.41 5.2328
0 1.23 18.98 4.1354
0 1 20.17 3.8252
0 0.78 20.14 3.866
0 2.08 20.62 4.8878
0 1.65 20.26 4.1001
0 1.76 20.71 4.592
0 1.02 21.38 4.8127
0 1.44 20.71 3.3799
1.875 3.93 17.04 2.6623
9.65 9.19 16.68 2.0866
10.3 11 13.1 1.6804
1.6 9.3 15.62 1.9842
4.15 5.43 13.9 3.2139
0.65 2.37 10.01 1.1278
0 -0.17 11.73 1.1256
0 -0.49 12.49 1.507
0 0.74 14.86 3.915
0 0.84 16.73 4.3134
0 1.65 19.24 2.7387
0 2.32 18.25 2.7877
0 2.43 18.4 4.0561
0 2.44 20.82 3.8196
0 2.55 21.2 2.9937
3.35 7.35 18.7 2.8831
5.425 8.44 14.08 3.2117
1.875 6.3 15.88 2.575
5.625 4.33 15.42 1.2269
3.15 3.64 12.58 3.1333
2.475 -1.28 11.27 0.3266
5.675 2.04 12.18 2.4846
2.525 3.25 11.97 1.3117
12 3.46 10.79 3.0039
4.2 4.37 10.89 3.7189
2.25 6.58 11.65 6.4836
10.45 7.17 12.43 5.4709
7.075 6.61 11.43 4.4992
0.95 2.77 12.2 1.6546
0 2.04 16.27 3.5198
0 2.8 18.01 2.73
2.125 2.82 17.07 3.6613
5.525 7.71 16.14 4.1813
7.05 10.47 16.47 3.0436
1.025 7.89 16.82 1.4974
0.425 8.62 18.22 1.5773
0.6 7.83 17.96 2.2229
0.1 4.04 16.9 0.47
0 4.47 16.99 3.5176
4.05 8.76 17.63 3.0431
10.1 11.12 17.85 4.2269
19.075 8.98 16.13 4.9587
8.5 4.98 13.53 2.5719
0.025 1.83 14.18 1.107
0.025 2.59 14.31 1.865
0 1.7 14.48 0.3409
0 1.83 16.7 1.4266
0 3.16 13.94 2.7289
0 -0.04 13.28 0.6544
0 0.06 15.59 0.5058
0 3.24 18.28 1.7452
0 3.16 19.6 1.7919
0 4.01 17.39 1.3949
0 5.46 18.37 2.2396
0 6.83 19.95 2.6119
0 7.7 20.3 1.1163
0 7.7 21.64 1.4574
0 8.36 24.04 1.4469
0 8.71 23.77 1.1175
3.55 7.86 20.42 1.59
3.025 6.08 15.83 3.8191
0.5 2.24 13.58 2.4016
0 1.5 17.54 1.9142
0 3.47 20.23 1.0452
0 7.2 22.91 2.1086
0 9.01 23.72 1.8277
0 8.5 24.92 1.4699
0 8.81 21.64 3.6476
0 4.77 19.17 2.1167
0 3.36 20.55 0.6715
0 7.95 23.24 3.0547
0 7.16 22.7 2.6733
0 6.61 19.31 5.1233
0 3.55 18.38 1.9019
0 2.91 22.07 2.4278
0 5.35 26.01 1.8192
9.45 7.56 22.24 1.1843
4.075 8.16 18.69 2.6786
4.5 7.79 14.77 1.7607
2.95 8.28 16.49 2.3651
0.45 4.97 18.24 3.7079
0 6.36 21.08 1.7433
0 8 22.07 2.5717
0 7.87 18.2 5.1753
0 3.41 15.21 5.5512
0 2.77 18.86 2.9046
0 4.89 23.09 1.5824
0 7.76 26.23 2.297
0 8.53 30.21 2.3377
0 12.7 33.25 1.4948
0 13.37 33.8 1.3144
0 13.24 34.83 1.6946
0 11.38 28.89 2.1632
0 8.91 22.38 3.0837
0 3.82 20.55 3.3089
0 4.17 21.28 2.1558
0 6.28 21.42 2.2656
0 3.61 18.69 2.9498
0 4.04 19.24 1.884
0 5.13 22.04 1.9863
18 9.59 22.13 1.7318
6.5 12.87 20.1 2.4567
0.375 13.4 20.69 3.4383
0.425 12.38 23.33 1.8082
0.275 14.8 25.23 3.4165
0 12.72 27.14 1.7727
0 11.72 27.4 3.1406
0 11.79 27.57 2.16
0 11.39 29.24 2.0271
0 11.69 30.58 1.6576
0 12.35 30.4 3.1499
0 10.01 27.66 3.3925
0 10.69 27.47 3.0625
0 11.88 29.2 3.194
0 12.9 30.44 2.4038
0 13.93 34.65 1.3729
0 17.36 38.57 0.2427
0 17.76 37.9 2.0487
0 16.63 34.1 2.267
0 12.72 30.13 1.4828
0 12.05 31.49 1.1743
0 12.29 31.86 2.4085
0 11.99 29.83 2.9675
0 10.43 27.29 2.7728
0 9.98 29.06 2.3412
0 13.51 32.02 1.8563
0 15.9 34.47 1.1689
0 16.81 35.66 2.2278
0 15.99 33.84 2.4675
0 14.5 32.22 2.8624
0 14.03 29.87 2.3574
0 13.57 29.27 2.4004
0.025 14.05 28 2.3744
0.325 14.6 28.08 0.5799
0.575 12.62 26.8 2.1802
1.45 12.38 23.04 2.944
1.1 10.57 23.56 1.8796
0.35 11.27 26.1 2.5971
0 12.06 27.95 2.5994
0 11.27 27.02 3.3559
0 12.48 25.78 2.986
0 11.81 25.84 3.3999
0 12.38 26.32 2.5907
0.275 14.39 26.18 3.3634
0 12.26 26.18 2.3136
0 12.02 26.23 2.476
0 12.6 28.47 2.8025
0 13.51 28.96 3.2171
0 14.61 33.45 2.297
0 16.39 34.22 3.0006
0 11.62 30.96 3.3107
0 9.96 27.68 3.425
0 12.15 29.88 1.7088
0 13.36 33.68 0.8317
0 15.81 36.39 1.6776
0 15.32 35.48 2.645
0 14.19 33.67 1.8664
0 16.6 37.68 1.071
0 19.45 41.49 0.925
0 20.01 41.55 2.6845
0 17.63 39.19 2.6369
0 17.19 36.93 2.2341
0 16.45 37.02 1.8877
0 15.53 37.02 2.689
0 15.52 35.41 2.4437
0 14.97 32.93 2.6256
0 13.01 31.91 2.4322
0 12.28 32.32 2.5772
0 12.58 31.77 2.689
0 13.47 31.32 2.7187
0 12.73 31.99 2.1045
0 15.88 32.13 1.8142
0 17.6 33.22 2.2589
0 15.72 34.41 1.7586
0 16.39 37.52 0.8115
0 17.51 38.53 1.5287
0 18.71 39.01 1.7022
0 18.95 39.44 1.6447
0 20.49 40.46 1.9471
0 20.48 41.01 1.4751
0 20.09 39.73 2.4075
0 17.75 37.18 2.5366
0 16.74 35.52 2.5016
0 16.1 35.61 2.128
0 14.81 33.76 2.1062
0 14.02 34.26 2.189
0 15.95 36.64 1.9608
0 18.86 38.45 1.9965
0 18.55 37.09 2.3758
0 17.39 35.22 2.9667
0 16.62 33.75 2.7545
0 16.24 34.17 2.9937
0 17.22 34.46 2.7182
0 15.6 33.3 2.8204
0 14.43 31.62 2.3201
0 14.66 32.01 1.9082
0 15.54 32.15 2.1329
0 13.86 28.67 2.7563
0 12.37 26.93 1.8946
0 13.25 30.8 1.7334
0 15.26 34.39 0.9847
0 17.27 36.5 1.3342
0 18.5 36.49 2.9222
0 16.62 37.36 2.8625
0 17.36 35.5 3.1865
0 15.82 32.3 3.1535
0 12.06 32.2 1.7134
0 13.26 33.83 0.7829
0 15.19 34.89 1.0388
0 15.75 35.46 0.8714
0 16.51 35.95 1.3621
0 15.36 33.76 2.3894
0 16.25 36.11 2.1072
0 18.18 37.05 2.1908
0.125 18.1 34.73 2.5479
0.05 14.04 31.8 1.5561
0 13.77 33.09 1.4656
0 14.6 34.11 0.3898
0 14.91 35.77 1.6706
0 14.92 37.67 1.7565
0 17.25 38.63 1.6354
0 17.15 38.7 2.4172
0 16.89 34.34 1.4116
0 16.33 35.11 0.6368
0 18.45 36.34 0.6442
0 18.91 38.33 1.8522
0 16.77 36.18 2.4886
0 12.76 32.09 2.0765
0 14.06 29.62 2.1759
0 13.05 29.53 2.0475
0 12.73 31.54 0.7212
0 13.82 32.63 1.0871
0 15.72 35.32 0.545
0 15.94 37.11 1.1394
0.275 16.64 33.91 2.0569
0.15 14.09 29.39 1.9813
2.55 14.64 26.25 2.5146
0.275 13.07 27.14 1.7809
0 13.8 30.41 1.8962
0 14.52 32.54 0.9569
0 15.3 35.28 0.8337
0 17.18 35.73 1.8299
0 15.38 33.48 1.0073
0 15.37 34.64 1.7812
0 16.18 36.2 1.9786
0 15.31 36.55 1.2243
0 14.96 36.02 0.723
0 14.64 35.58 0.7886
0 14.99 37.01 1.1058
0 15.52 37.47 0.3753
0 16.72 34.57 1.8021
0 14.13 27.58 2.5444
0 7.48 22.38 2.4785
0 8.34 25.29 2.2911
0 7.4 27.53 0.8828
0.025 9.16 25.86 3.2446
0 7.01 21.07 3.3297
0 5.24 19.71 0.3699
0 4.69 22.17 2.3167
0 6.59 25.84 1.128
0 7.8 24.23 1.3649
0 7.6 25.02 0.6393
0 8.39 25.58 0.4702
0 8.73 24.08 1.7191
0.825 8.41 22.09 1.9662
30.6 10.88 18.03 6.9295
10.05 14.5 21.53 4.178
0.525 16.51 25.38 1.1652
0 14.61 26.69 2.3133
0 13.43 26.45 1.2336
0 14.31 25.28 1.6182
0.25 10.09 21.36 1.9409
0.1 8.68 19.39 1.4705
0 7.82 21.38 1.1052
0 9.26 23.33 0.8678
0 9.96 24.88 1.3508
0 10.76 25.9 1.4327
0 10.72 25.23 1.5524
0 9.64 25.72 1.1711
0 10.63 21.59 4.7449
0 6.62 18.62 4.8118
0 3.37 18.22 0.7794
0 3.6 19.7 0.2363
0 5.07 22.1 0.8768
0 6.27 23.57 0.9996
0 7.54 24.77 1.2404
0 7.99 25.36 1.163
0 7.63 26.29 1.803
0 7.73 24.02 2.4633
0 7.18 21.97 0.5605
0 8.38 20.03 1.8507
0 4.63 19.03 1.9516
0 3.56 18.26 1.0417
0 5.81 18.73 0.8301
0.175 7.09 18.06 0.5857
0.8 7.84 17.11 2.1153
0.35 2.83 15.88 1.4495
0 2.52 16.11 1.1713
0 1.02 17.22 2.5474
0 1.34 18.31 1.88
0.825 2.13 20.04 1.1321
0.4 4.51 18.33 2.2406
0 0.81 15.46 2.1253
5.475 2.51 17.21 3.3554
2.6 2.43 14.55 1.2524
0 1.46 16.29 0.4522
0 3.08 15.84 1.8592
0 1.68 16.4 3.3609
0 1.46 19.21 3.581
0 2.45 20.83 2.2946
2.825 4.51 17.83 1.1383
0.525 6.19 16.79 5.1959
0 1.13 16.61 4.6542
0 0.79 16.09 3.7852
0 1.02 17.6 1.4597
0 0.7 16.27 1.7999
0 0.55 15.04 1.7408
0 0.67 15.58 1.8678
0 1.11 13.88 1.0452
1.85 -3.15 10.86 1.8132
9.8 -1.65 7.81 0.6946
1.625 -4.8 7.08 0.493
0 -3.94 7.33 1.9129
4 -1.46 8.77 3.3164
12.975 3.59 11.67 3.0914
14.125 8.52 12.54 3.903
9.275 6.9 13.1 3.7344
2.5 5.82 12.8 0.6338
0 3.73 14.21 3.3689
0.625 6.15 15.14 2.8142
0 5.38 13.65 2.181
0 4.24 12.54 2.6502
0 3.47 9.95 4.022
0.175 3.52 14.28 2.838
7.9 5.73 15.25 1.7231
3.1 3.95 12.36 3.6804
0.05 0.16 10.11 2.0825
0 -1.67 10.73 3.8515
0 -0.88 14.35 3.994
2.025 0.98 12.94 4.0967
4.1 3.12 13.71 2.1425
1.15 4.5 10.68 2.9089
1.5 2.88 12.01 0.803
0.6 7.1 13.52 1.3943
0 5.4 11.92 2.7014
0 4.84 14.12 2.2481
0.025 4.09 13.42 1.1583
0 5 12.94 3.8585
0 2.5 14.89 2.9319
0 2.8 13.88 2.9211
0 3.16 11.13 3.1032
0 1.87 10.71 2.4801
0.525 3.86 11.35 2.8941
0.3 5.41 11.92 2.4695
0.05 4.88 7.28 2.4131
0.025 5.09 8.55 3.2383
5.2 5.76 16.71 4.7483
8.4 8.69 17.71 2.0497
0.15 3.14 15.01 1.1717
0.025 2.81 12.54 3.2109
0.025 5.01 14.66 2.6537
8.9 4.91 15.25 2.8281
13.075 8.53 14.91 5.0265
17.425 8.52 12.11 5.6682
16.4 6.85 11.85 6.5594
16.85 4.32 9.59 3.8017
7.95 2.43 9.99 3.3942
2.9 2.09 9.43 1.0557
0.3 1.19 10.37 2.5222
2.25 4 10.67 4.4707
1.625 7 11.58 2.9993
0.025 4.06 13.91 1.1631
0 2.77 13.68 2.5413
0.7 4.41 15.32 3.1708
1.05 5.42 16.04 1.1474
0.225 2.28 13.52 1.2578
0 2.08 15.32 1.761
0 4.58 13.86 2.1435
0.325 3.68 16.54 0.6486
4.6 6.05 15.16 3.1217
2.6 8.71 16.01 3.3706
8.325 9.12 12.94 1.6361
2.275 6.79 11.85 2.4696
1.5 7.45 12.49 1.1964
6.45 7 11.46 1.4669
0.55 2.18 13.28 0.6932
0 4.33 13.98 1.2082
0 5.21 16.14 1.4698
0 4.08 17.8 1.3375
0 3.32 18.57 1.4843
0 3.75 18.98 1.2944
0 5.62 18.86 1.7759
0 6.09 20 2.3351
0 5.72 19.95 0.835
0 7.34 16.65 1.0247
1 6.79 15.13 2.0952
5.625 6.89 11.58 2.7385
0.875 3.24 12.02 1.9378
21.275 3.34 11.63 3.8117
6.825 6.9 13.48 2.5798
1 5.22 14.68 0.8859
10.625 5.65 17.08 4.5941
5.625 7.96 16.18 1.106
0.225 3.75 16.04 0.3907
0 5.04 17.08 2.043
3.425 6.8 16.42 2.7326
13.075 6.8 10.91 3.2517
4.425 4.06 12.49 2.5886
0.025 1.3 12.86 1.2072
0 4.86 15.5 2.3274
0.05 4.19 18.44 1.1472
0.15 4.89 13.26 2.6617
1.075 1.46 11.61 3.6391
1.125 2.01 12.22 2.2295
0 0.42 14.46 0.2837
9.275 2.68 14.14 2.086
3.375 2.07 13.91 2.4516
0 1.6 15.52 2.3588
0 2.38 17.81 3.4325
0 5.04 23.3 1.2932
0 8.32 24.25 1.0999
0 7.49 23.59 2.8123
0 4.74 25.25 2.1797
0 5.71 24.83 1.6624
0 7.08 22.73 0.3778
0 7.48 20.95 1.8616
0 6.22 21.52 1.6658
0.075 4.71 22.04 1.5808
0.525 5.74 19.51 2.1592
0.225 3.61 17.17 2.1969
0 3.29 19.83 2.3223
0 4.92 23 0.9604
0.425 6.27 23.65 2.4535
4.675 6.36 18.88 4.8669
2.8 4.5 13.72 2.5767
0.275 3.01 14.49 0.8326
4.1 2.48 14.12 1.9945
1.675 3.4 13.42 1.7139
12.95 2.97 12.89 2.8172
6.975 4.82 13.72 2.6714
0 3.81 16.99 0.8211
0 2.93 19.25 2.012
0 5.71 21.2 1.08
0 7.37 21.32 1.3939
0 7.18 18.85 2.0224
12.5 7.78 14.46 4.5927
12.75 7.05 14.74 4.2723
3.7 4.52 14.98 1.0985
0 5.27 17.83 0.7304
0 5.96 19.69 0.8934
0 7.35 21.52 1.723
0 7.37 22.4 1.4705
0 7.07 24.49 1.2009
1.025 9.92 24.53 1.4342
20.55 7.91 18.15 2.3552
10.75 5.61 11.95 3.3965
1.825 6.52 13.09 2.1829
0.1 6.81 17.69 1.2897
0 9.07 23.82 1.2219
0 10.55 27.15 1.3001
0 8.55 27.52 0.9081
1.925 8.94 22.68 3.8585
1.525 5.17 15.8 4.47
0 5.09 17.28 3.5612
0 5.44 18.2 3.4253
0 6.2 22.56 2.1495
0 8.97 25.25 1.9825
0 8.86 28.56 1.0839
0 10.26 26.46 2.3264
0 8.48 23.58 3.8737
0 6.67 22.18 2.4481
0 5.92 24.23 0.9374
0 7.58 23.78 2.7338
0.175 7.83 19.95 3.568
5.35 8.02 16.45 2.8699
2.275 3.93 17.4 3.5286
0 5.44 22.63 2.1211
0 7.79 25.69 1.115
0 9.59 27.38 0.8676
0 10.06 28.4 0.7255
0 11.05 27.36 1.2434
0.3 11.11 22.74 1.8513
0.175 12.8 23.03 1.3655
0 11.54 23.08 1.4974
0 10.24 23.65 3.4799
0 7.46 20.6 4.2364
0 5.28 17.39 3.5384
0 6.26 19.33 4.1811
0 6.97 20.98 2.2403
5.35 7.46 20.09 1.5723
3.775 8.24 21.29 2.5637
5.05 9.66 19.12 2.1643
1.6 6.05 19.61 3.0773
0 9.18 23.95 1.9963
0 9.43 28.67 1.0535
0 13.79 29.11 2.514
0 13.07 26.38 2.9877
0 12.53 28.56 2.3575
0 14.57 29.08 2.3531
0 16.16 29.72 2.4053
0 16.17 31.48 1.905
0 16.72 32.63 2.8075
0 14.97 30.82 3.2011
0 13.42 29.98 2.8671
0 13.2 27.84 3.5373
0 9.68 25.24 4.6759
0 12.08 26.64 5.0179
0 12.87 30.93 3.5061
0 13.79 33.79 1.0304
0 14.27 34.34 1.878
0 13.64 31.75 2.7734
0 11.17 29.13 3.1747
0 10.35 29.35 1.7989
0 11.02 28.82 2.5269
0 9.18 26.38 3.0371
0 8.62 26.62 2.7554
0 10.92 29.37 2.0784
0 12.38 31.91 1.3292
0 15.22 33.5 2.1791
0.725 14.74 31.82 2.2414
0.75 13.68 29.82 2.8551
0 15.11 31.82 2.6738
0 17.82 35.69 1.4055
0 19.51 38.52 1.8389
0 18.71 37.41 2.9408
0 15.62 34.04 2.9592
0 11.53 31.7 2.8401
0 12.92 30.8 3.0221
0 14.25 31.95 2.5549
0 14.25 34.26 1.1241
0 15.13 35.21 2.009
0 14.66 33.1 2.6276
0 13.93 32.34 2.5259
0 14.81 33.8 2.6716
0 15.49 34.8 2.3875
0 16 37.09 1.8651
0 17.01 36.26 2.1229
0 17.24 34.62 3.0493
0 15.6 32.95 2.9904
0 16.55 34.4 1.8567
0 19.48 37.18 1.7205
0 20.36 39.01 2.6931
0 20.2 39.04 2.6576
0 18.43 38.9 2.5427
0 16.63 37.61 2.1692
0 15.89 35.64 2.0258
0 15.34 33.76 2.1731
0 13.25 33.9 1.0775
0 14.98 34.89 2.3284
0 16.54 36 2.2474
0 17.44 35.98 2.7358
0 15.72 33.24 2.7272
0 14.61 30.82 1.946
0 12.91 30.35 2.2858
0 13.46 32.67 2.2119
0 14.54 33.69 2.3514
0 13.98 33.58 2.2395
0 13.42 33.45 1.9493
0 14.2 34.1 2.282
0 13.72 34.57 1.4629
0 14.71 34.48 1.9741
0 13.79 33.18 2.0431
0 13.65 33.13 2.046
0 13.77 32.8 2.456
0 14.97 31.61 2.6955
0 14.23 31.34 1.8525
0 14.41 31.67 1.7952
0 13.44 29.64 2.0842
0 12.42 30.53 1.2334
0 15.01 31.76 1.6869
0 14.57 31.72 2.5208
0 14.02 32.14 2.8772
0 14.77 34.63 1.3815
0 15.43 33.96 1.4964
0 14.23 32.99 1.5443
0 13.08 33.45 1.9848
0 14.5 34.24 2.2495
0 13.77 31.83 1.6989
0 11.63 32 1.8718
0 12.71 32.61 2.2406
0 14.48 37.06 1.6901
0 16.7 40.89 0.4668
0 18.65 37.77 1.9539
0 14.87 33.99 2.2935
0 10.76 28.7 2.6174
0 10.59 24.94 2.3383
0 10.72 26.07 2.5477
0 11.38 28.81 1.6522
0 12.81 31.45 1.0143
0 15.57 35.67 0.2736
0 15.93 37.46 1.2897
0 15.63 36.55 1.112
0 16.64 33.72 2.1995
0 14.82 33.91 1.2313
0 14.29 33.04 1.9593
0 12.5 28.41 2.6312
0 9.09 22.87 1.9631
0 10.2 26.18 0.8292
0 11.33 29.78 0.5299
0 12.93 33.09 1.0303
0 13.03 30.77 1.5463
0 11.34 30.38 1.4112
0 11.42 30.53 1.3452
0 11.85 31.16 1.9177
0 12.88 30.35 1.5459
0 13.62 30.2 1.3285
0 12.96 28.1 1.2117
0 12.27 28.24 1.4886
0 11.8 27.65 1.3352
0 9.77 25.71 2.6345
0 9.49 25.14 1.3873
0 10.81 29.68 0.8102
0 12.44 33.19 1.0795
0 16.22 34.83 0.99
0 14.35 36.8 1.2711
0 16.48 38.1 0.7786
0 17 38.85 0.5872
0 16.67 36.91 0.4397
0 16.21 34.21 0.614
1.225 17.59 34.57 0.8987
3.4 17.14 33.84 1.3246
2.725 13.14 25.43 1.6847
0.675 13.25 19.84 1.2732
0.275 10.34 21.25 0.7198
2 11.13 22.19 1.7757
0 9.58 22.77 0.7837
0 10.69 26 2.0079
0 11.38 28.15 1.7722
0 13.83 29.79 1.8429
0 14.46 30.3 2.0107
0 14.13 32.65 1.315
0 14.58 34.31 0.5088
0 13.93 33.91 0.356
0.1 14.26 31.46 0.9104
1.8 13.93 27.84 0.9295
0.65 10.38 21.75 1.2103
0 10.41 22.07 1.5329
0 10.32 25.25 0.7786
0.1 11.04 24.39 1.7611
1.725 10.52 22.16 1.4684
9.45 12 21.16 1.7404
17.175 13.26 18.39 4.6634
6.8 9.54 17.73 3.2272
0 6.26 18.74 1.7536
0 4.38 19.64 2.6726
0 5.66 22.24 3.4631
1.875 9.4 22.71 2.2941
3.05 11.03 22.87 1.788
0.65 7.64 17.64 1.0847
0 7.33 21.85 1.8701
0 7.98 23.33 2.8062
0 9.49 25.14 2.4625
0 10.76 28.45 1.6013
0 11.41 28.72 1.1877
1.3 10.93 27.47 1.9543
10.75 9.54 20.57 3.0576
4.8 5.68 14.65 2.4901
1.375 2.77 16.14 0.5109
0.85 5.08 16.3 1.6467
0.05 3.86 16 2.3677
0 3.16 17.3 1.3875
0 4.97 17.53 2.9635
0 5.27 19.1 1.811
0 6.68 20.84 2.7385
0 6.86 21.05 1.3668
0 6.58 21.42 1.7185
1 5.79 21.44 1.5423
13.975 5.9 18.8 2.0542
19.525 4.27 11.92 2.8763
11.5 3.62 11.22 4.5546
7.15 4.39 10.03 2.6958
10.55 4.8 11.33 3.5863
4.225 -0.16 7.88 1.3575
0 -1.63 9.79 2.9043
0.75 -0.46 11.37 3.2687
9.175 1.75 12.22 2.4004
3.775 2.4 10.52 2.3137
0 -1.63 11.37 2.3735
0 -1.1 10.97 3.0267
0 0.53 12.59 2.2551
0 1.75 14.01 2.6903
0.175 5.47 12.72 1.315
2.575 7.65 16.14 2.5973
9.35 8.28 17.15 2.7862
3.725 8.36 19.13 3.5686
0.775 4.42 17.54 2.1192
2.45 5.85 16.33 2.2336
1.675 8.07 15.11 1.2221
0.425 9.46 17.64 1.4294
0 9.26 17.48 0.4206
0 8.52 16.9 2.3952
1.9 7.25 16.34 1.36
12.75 7.22 12.8 1.6873
5.1 4.49 13.32 1.3615
3.325 2.07 11.86 2.2598
21.425 3.75 12.32 3.6068
20.3 8.55 13.34 5.1549
9.75 9.84 14.31 5.6621
5 6.3 11.45 2.5172
4.725 4.86 9.84 2.9355
7.6 6.9 13.4 2.1063
2.025 7.49 13.25 0.4293
1.675 4.46 14.05 3.0938
14.275 5.37 15.37 5.4819
5.525 4.41 15.53 1.99
1.225 3.74 13.56 0.725
29.05 3.68 12.95 2.1402
18.1 5.77 10.77 4.2311
1.9 -0.72 9.02 2.2706
1.025 -2.54 8.74 1.472
11.475 0.19 9.81 4.5191
14.425 1.88 9.16 4.8907
2.475 3.82 9.42 2.3791
0.05 0.54 9.38 3.0849
0 0.38 11.13 3.7117
0.025 0.64 9.5 4.7949
0.025 0.68 8.01 3.0622
0 0.9 9.36 1.5168
0 -0.25 5.17 1.5959
0.2 -2.02 6.28 2.8767
1.35 0.88 8.17 3.4926
0.525 4.28 14.59 2.4167
0.55 2.99 14.6 1.5468
0.2 5.94 11.96 1.2202
0 2.71 13.06 2.6585
0 5.79 12.43 1.0079
0 6.6 12.5 0.8727
0 6.47 12.77 2.5495
0 2.95 10.71 1.68
0 2.14 14.9 3.9904
0 3.01 17.83 3.5498
0 3.84 16.57 2.6692
0 3.27 18.4 4.0061
0 2.3 17.77 1.6728
0.05 3.4 14.79 2.0314
0 3.76 14.9 4.8624
0 3.82 17.08 3.5042
0.075 2.7 14.45 1.6974
5.8 2.47 13.76 0.5004
6.1 3.86 14.18 1.7641
1.025 2.67 11.8 1.235
0 1.7 12.46 1.5159
0 0.28 14.34 3.003
0 0.6 14.2 1.9705
0 1.72 15.22 2.3815
0 2.6 17.16 1.7343
0 3.76 18.6 1.9847
0 5.12 20.04 0.8259
0 3.12 20.27 2.4338
0 0.47 14.82 3.2862
0 0.72 15.77 3.6355
0 2.24 16.93 3.8479
0 2.16 20.12 2.9622
0.025 2.24 21.72 1.0555
0.25 4.17 19.36 3.8909
7.925 8.78 16.73 4.6256
9.65 6.84 15.23 5.4817
22.475 3.91 10.13 4.6908
22.1 3.47 8.3 2.5855
7.225 1.65 10.56 2.8047
0.45 0.94 11.14 0.6779
0 1.69 11.86 1.0483
0 0.77 12.47 0.5492
0.45 0.76 13.93 0.7586
5.55 1.06 12.3 2.1209
11.2 3.15 10.69 5.0314
3.225 -1.67 9.18 1.0427
0 -2.3 10.07 0.3601
0 -0.98 12.99 2.2138
1.25 -0.64 15.34 1.8538
4.25 3.38 16.07 3.9457
1.85 8.5 18.18 1.2484
0 3.03 18.11 1.3997
2.4 4.82 17.75 0.6902
10.275 7.17 18.59 1.7361
4.475 7.48 13.94 4.2107
0.35 4.88 15.97 0.5283
0.05 4.91 18.22 1.4317
0.05 7 19.66 0.756
0 5.48 17.92 1.3936
0.2 4.96 17.36 0.542
3.35 6.72 18.25 1.3291
2.35 10.16 19.46 1.2641
4.725 9.74 21.1 1.457
3.725 9.58 19.98 2.1581
2.025 3.59 16.6 0.9047
9.65 2.86 15.51 3.6004
16 3.84 13 4.7163
31.675 5.66 10.66 5.1195
15.3 3.88 10.08 2.2248
2.425 2.83 13.17 1.5402
8.25 4.17 14.08 5.2306
16.225 6.02 10.67 5.413
10.525 3.74 10.82 3.6396
10.55 5.83 12.93 3.0775
2.475 5.46 12.9 1.3616
0 7.17 15.92 0.8201
0 5.44 18.73 1.6399
0 6.97 21.38 2.1562
0 9.05 23.42 2.4289
0 9.99 26.55 1.7779
0 11 27.2 1.1904
0 6.62 20.69 1.7466
0 5.89 22.27 1.6952
0 8.36 23.8 1.6096
1.05 7.85 23.26 2.0766
5.175 5.43 18.99 3.4392
2.05 2.21 11.8 1.6017
0 1.39 14.16 1.3832
0 2.12 17.28 0.5356
0 4.56 17.85 1.7675
0.05 4.76 18.96 1.7828
0.225 4.41 17.48 2.5659
0.075 3.05 16.13 0.6596
0 4.25 19.93 0.7751
0 7.17 23.48 1.6883
0.25 8.31 24.44 2.2727
0.375 10.83 22.93 2.4505
0.175 12.17 21.02 1.5026
0.575 12.02 21.96 1.9372
0.675 11.69 20.92 1.9779
0.6 6.94 19.66 0.9985
0.25 7 20.13 0.9747
0.275 8.66 20.63 1.8938
0.15 8.28 20.66 2.0982
0 5.9 20.55 2.7648
0 5.35 21.58 1.1885
0 6.63 22.34 2.3512
0 7.2 21.19 4.6927
0 4.81 20.57 3.5056
0 5.42 24.24 1.6956
0 7.18 26.27 0.5158
0 8.82 26.97 1.1705
0 10.17 28.44 2.8974
0 11.54 31.25 0.8976
0 10.54 29.52 1.5922
0 8.52 26.15 1.9783
0.025 9.14 22.63 2.7783
1 5.51 17.53 3.1155
0.475 5.24 20.67 2.6191
0 6.45 24.81 1.8601
0 8.92 26.19 1.3691
0.25 9.14 26.63 0.9584
8.6 8.78 23.29 2.672
7.55 6.54 17.07 2.4626
2.275 5.05 15.32 1.534
9.6 7.24 15.95 3.3824
5.4 8.62 16.09 2.1573
0.225 6.46 20.81 2.9346
0 8.27 24.98 1.8233
0 10.51 26.22 2.3218
0 9.06 25.08 3.3442
0 7.65 22.35 4.6069
0.225 7.29 22.47 2.5733
1.35 9.1 22.25 2.5612
0.6 7.02 21.34 2.1813
0.3 7.85 21.59 3.0289
1.975 7.2 21.61 4.0153
0.475 7.38 18.67 4.6827
0 7.02 20.83 2.6635
0.375 7.39 22.58 2.335
0.525 10.88 21.15 2.5727
0 6.73 19.17 1.5984
0.65 6.87 20.65 0.5918
11.475 8.28 19.75 3.5128
11.2 12.67 21.03 0.9494
7.4 11.38 21.45 3.1148
0.05 9.24 22.43 2.2508
0 10.02 26.04 3.0342
0 11.82 28.66 1.827
0 12.27 29.01 2.865
0 11.33 26.11 3.2355
0 10.87 27.09 2.7793
0 12.17 29.29 2.7436
0 14.84 32.14 2.3764
0 16.14 33.67 2.217
0 15.16 32.49 2.7397
0 13.51 30.29 1.8576
0 13.28 30.82 2.7597
0 13.92 31.52 2.2908
0 15.62 32.85 0.6967
0 17.69 36.3 0.8233
0 19.43 37.97 2.4715
0 15.8 35.94 2.47
0 13.03 32.64 2.5072
0 12.69 31.64 2.6822
0 13.25 31.6 2.5578
0.725 14.22 33.04 2.6001
10.85 15 31.74 2.1733
5.025 12.77 24.83 2.3032
0.025 11.7 25.9 2.4309
0 13.08 30.23 1.6907
0 15.95 33.75 1.2368
0 16.95 37.2 1.0015
0 18.13 38.34 1.5656
0 19.07 38.29 1.7124
0 19.68 38.13 2.4867
0 19.57 37.97 2.6117
0 18.49 36.83 2.0034
0 17.31 36.27 2.476
0 14.71 34.95 2.2751
0.025 13.6 33.17 2.3546
0.025 13.04 30.88 2.4859
0 13.48 30.07 3.076
0 12.65 28 2.7568
0 12.6 27.51 3.3545
0 12.59 27.66 3.0495
0 12.87 28.75 1.9738
0 14.06 30.51 1.1267
0 14.72 31.02 1.9627
0 15.52 31.92 1.7373
0 15.96 34.57 2.3177
0 16.33 35.29 2.7293
0 16.79 34.8 1.9327
0 16.85 35.07 1.7645
0 15.96 35.59 2.0975
0 14.46 34.57 2.0353
0 14.94 34.88 1.7242
0 15.71 35.85 1.7583
0 16.71 36.9 2.4882
0 16.39 36.52 3.0029
0 18.79 36.61 2.003
0 17.69 34.09 1.3317
0 16.01 34.92 1.7687
0 15.64 35.07 2.062
0 14.01 33.33 2.9706
0 13.61 32.45 2.4306
0 14.97 33.19 2.977
0 16.09 31.83 2.4263
0 14.26 33.17 1.8656
0 14.05 34.01 1.9772
0 15.03 34.16 2.2184
0 14.56 34.02 2.6292
0 14.74 33.1 1.9692
0 16.33 34.16 1.3282
0 16.48 34.95 2.1029
0 14.47 34.24 1.6249
0 13.81 34.09 1.5309
0 14.82 34.56 1.8753
0 14.64 34.76 1.9432
0 14.48 33.72 2.7032
0 12.91 32.37 1.9131
0 13.4 31.69 1.3572
0 13.62 31.79 1.191
0 15.39 34.23 1.0484
0 16.52 35.68 1.9106
0 15.83 35.17 1.1688
0 16.9 35.88 0.7002
0 17.27 36.04 1.0328
0 16.87 36.74 1.3225
0 16.34 35.98 1.8553
0 14.6 34.62 1.7313
0 13.63 33.06 1.676
0 14.36 32.91 0.7759
0 15.38 34.27 0.5501
0 15.75 35.31 0.8537
0 15.84 34.58 1.0056
0 15.18 33.48 1.8153
0 14.36 35.17 0.9642
0 16.3 36.38 1.1436
0.425 15.15 36.1 1.1859
0.25 15.68 35.79 1.487
0 17.51 36.31 0.7484
0.075 17.03 31.94 1.6243
0 15.27 29.74 1.6437
0 14.9 32.33 0.8192
0 16.25 32.97 1.5527
0 15.08 32.3 2.3674
0 13.31 30.31 1.7023
0 11.49 29.33 1.8027
0 12.89 30.38 0.6833
0 14.64 33.01 0.4431
0 16.16 35.54 1.1064
0 15.9 36.35 0.7873
0 17.15 36.38 0.5632
0 16.85 37.32 0.6411
0 17.6 37.17 1.5314
0.025 13.86 29.12 2.1061
0 11.92 25.12 2.1371
0 13.21 29.69 1.0456
0 15.55 33.91 0.6487
0 15.07 34.62 0.9552
0 14.8 31.66 1.1457
0 12.61 28.54 2.094
0 12.25 26.67 1.6722
0.3 11.47 24.92 1.7991
12.15 10.91 22.87 2.0598
13.85 10.26 21.74 3.3909
3.575 8.87 17.45 0.8047
0.7 5.98 17.47 0.9448
0 7.02 21.03 1.0987
0.55 7.76 23.89 1.1962
0.925 10.81 23.74 1.4217
0.3 13.72 23.13 1.566
0 11.89 25.72 1.0726
0 11.34 28.38 0.8641
0 13.34 30.02 0.579
0 13.95 29.83 0.912
0 14.18 28.53 1.0457
0 12.78 28.48 1.4617
0 13.17 29.34 1.1952
0 12.74 27.73 1.177
0 12.34 25.45 0.8789
0 11.11 26.34 1.0137
0 12.18 27.43 2.0686
0 11.31 28.37 1.4144
0 11.03 28.71 1.5328
0 10.21 25.73 1.368
0 6.61 22.4 2.5829
0 6.38 21.6 2.9104
0 7.57 23.26 1.6919
0 7.49 24.01 1.0482
0 8.16 24.56 1.9869
0 8.83 26.05 0.6298
0 8.82 26.03 3.3115
0.075 6.61 23.4 3.9875
1.975 5.67 23.15 3.0197
1.75 5.17 18.92 1.6407
3.4 1.69 13.3 0.3926
1.875 3.07 13.7 1.2879
0.1 2.83 13.42 0.7646
0 2.04 14.48 1.9359
0 2.44 17.01 2.9721
0.15 2.57 19.13 3.2127
2.5 6.16 20.19 3.9402
0.75 8.33 19.13 0.8359
0 7.53 18.05 0.3981
0 8.72 18.32 1.06
0 5.87 18.45 0.8318
0 5.24 19.24 0.9503
0.075 5.83 19.96 0.8459
0.225 5.99 19.4 2.7964
2.575 3.32 13.88 1.9828
2.3 3.52 13.24 4.0614
0.025 2.49 13.62 1.8813
0 2.24 15.06 2.7146
0 2.67 15.43 3.974
0.3 4.67 16 1.8956
0.05 4.28 15.07 0.617
0 4.3 17.77 2.6636
0 3.52 17.31 2.2519
0.025 4.61 22.11 1.0129
0.025 4.06 14.93 1.5141
0 3.92 17.52 3.9352
0 3.23 18.62 7.4822
0 1.82 16.83 3.3156
0 0.71 16.11 4.0408
0 -0.41 15.38 2.5317
0 -1.26 14.09 3.4218
0 -0.81 14.68 2.913
0 -0.9 14.87 3.0069
0 -0.56 15.21 2.8426
0 -0.71 14.98 3.9596
0 -0.63 16.43 2.8989
0 0.09 15.66 0.5543
0 1.67 12.91 1.4213
0 0.92 13.64 1.3312
0.1 -0.57 14.12 0.9631
1.175 0.55 12.84 0.8098
0.275 -0.35 11.64 4.8193
0 -0.71 12.49 4.1666
0 -0.26 13.71 2.3354
0 1.07 15.21 3.9666
0 -0.79 12.56 3.9275
0 -1.54 12.99 3.164
0 -1.94 14.88 4.4564
0 -2.53 13.3 3.8437
0 -2.77 12.83 4.6645
0 -1.02 16.02 3.3301
0 -1.84 16.16 1.1685
0 -1.19 14.73 1.1301
0 0.03 15.7 1.2183
0 3.31 15.65 0.8238
0 3.36 16.4 1.0336
0 2.18 14.53 2.2866
