1.1 0.22 13.68 1.4295
6 0.34 7.87 1.3047
5.45 0.04 11.51 1.8512
3.65 -2.31 8.74 3.6489
2.05 -1.5 9.8 1.9458
0.45 3.92 6.79 0.3744
0.3 2.81 8.51 1.4643
0.175 2.91 10.45 0.825
0.1 2.67 12.36 3.9723
0.05 0.65 11.89 3.4485
0 0.66 16.62 2.5698
0 2.03 14.69 5.2964
0 2.75 17.25 4.0966
0 1.4 19.59 3.9286
0 1.41 19.05 3.8492
0 1.89 20.17 4.8783
0 1.83 19.22 4.2018
0 2.02 19.77 4.7603
0 1.86 20.16 4.956
0 2.35 18.92 3.4896
3.7 2.69 18.81 2.6774
14.575 8.22 18.5 2.0504
11.375 10.34 12.36 1.6394
12.275 8.96 14.33 2.1692
6.625 4.57 12.85 3.2798
3 -0.56 6.24 1.0389
0.95 -1.79 9.27 1.1812
0.1 -2.06 9.45 1.3511
0.05 0.18 12.39 4.0282
0.475 -0.36 14.08 4.4172
0.275 1.82 17.98 2.8352
0 2.29 18.38 2.9821
0 2.53 16.93 4.0548
0 2.88 21.22 3.8601
0.1 3.84 22.04 3.0445
2.225 4.9 20.24 2.7195
7.175 7.1 13.57 3.0514
2.95 4.63 13.57 2.701
7.85 3.44 13.69 1.1512
5.95 1.66 11.47 3.1948
4.5 -3.59 7.91 0.3926
6.925 -3.03 9.55 2.7386
7.4 0.42 9.9 1.3048
15.85 -0.46 9.14 3.1734
8.25 1.85 7.58 3.8783
3.725 3.41 9.75 6.4194
12.175 4.33 10.68 5.4332
10.85 4.35 9.73 4.4621
1.625 2.1 8.2 1.6286
0 0.38 12.72 3.5341
0 0.86 16.73 2.7029
3.85 1.03 17.72 3.6853
11.2 2.94 16.03 4.0501
6.975 9.6 13.03 2.9946
1.925 6.61 14.11 1.6838
1.825 6.42 16.98 1.6551
1.575 5.49 15.28 2.6297
0.175 1.7 15.17 0.4673
0.95 2.42 16.06 3.6219
9.025 5.8 18.18 3.1001
22.8 9.71 15.98 4.4223
39.2 7.12 14.72 5.0216
25.025 3.63 11.73 2.669
4.925 -0.15 11.86 1.0482
0.25 0.22 11.96 1.8821
0 -0.56 11.07 0.3947
0 0.17 13.5 1.3881
0 0.68 13.71 2.6549
0 -2.08 11.12 0.6464
0 -1.47 12.93 0.6888
0 1.28 15.58 1.9075
0 1.56 16.9 1.9799
0 1.75 17.39 1.4107
0 3 15.45 2.6428
0 5.08 17.7 3.135
0 5.37 18.48 1.0014
0 5.26 20.04 1.2216
0 6.06 21.29 1.356
0.55 6.67 22.21 0.9923
8.85 6.48 21.54 1.6976
8.4 3.47 15.54 3.8595
0.8 -1.14 10.63 2.2445
0.275 -0.54 13.8 1.9574
0.15 0.94 16.87 0.8305
0 3.92 19.58 1.903
0 6.22 21.26 1.8922
0 6.74 22.26 1.4526
0 6.09 22.08 3.6899
0 1.38 17.03 2.1824
0 1.53 17.2 0.5526
0 3.76 19.78 2.9081
0 4.87 22.13 2.6532
0 3.97 17.57 5.1162
0 -0.05 16.01 1.9591
0 1.43 17.88 2.571
0.475 2.31 23.29 1.91
7.35 4.71 24.25 1.1002
6.425 5.57 18.93 2.941
6.1 4.85 12.6 1.8731
4.425 5.94 13.27 2.2949
0.575 3.58 14.24 3.5805
0 3.92 16.61 1.4983
0 5.11 20.22 2.5094
0.025 5.97 19.58 5.156
0 -1.19 12.83 5.6349
0 0.03 13.77 2.8597
0 1.99 19.38 1.6536
0 4.54 22.81 2.4375
0 6.28 26.25 2.5158
0 10.54 30.39 1.4784
0 11.66 31.14 1.2068
0 11.01 32.15 1.7808
0.025 9.27 31.11 2.385
0.225 8.31 23.49 3.0601
0.2 1.67 16.59 3.2148
0 2.24 19.29 1.9591
0 4.08 19.95 2.2661
0 1.98 18.13 3.0382
0 1.49 16.45 1.7342
1.75 2.96 19.25 1.8563
17.775 5.35 21.57 1.8813
11.625 11.05 18.76 2.6162
2.1 11.26 16.97 3.7926
1.775 9.99 19.03 1.9801
1.15 11.99 21.3 3.7795
0 10.35 24.33 1.9306
0 9.84 25.57 2.9607
0 8.9 24.65 1.9655
0 9.48 26.26 1.7539
0 9.79 27.31 1.4011
0 9.87 28.4 3.0296
0 7.6 26.57 3.351
0 8.21 24.87 2.8078
0 8.84 27.28 2.9712
0 10.23 26.78 2.1893
0 12.65 30.63 1.5358
0 15.56 35.39 0.312
0 15.01 36.79 2.106
0 15.21 35.02 2.3908
0 11.18 29.68 1.3709
0 10.51 29.31 1.0225
0 11.7 30.04 2.371
0 11.41 29.96 2.9645
0 9.91 27.91 2.7304
0 9.4 27.09 2.1604
0 12.23 28.89 1.7341
0 13.8 31.69 1.0246
0 14.81 34.2 2.0718
0 15.29 33.48 2.5387
0 15.16 32.93 2.9875
0 14.13 28.68 2.3109
0.025 13.4 29.32 2.2884
0.125 12.37 26.71 2.3398
0.35 12.89 26.22 0.5113
0.55 11.17 25.78 2.1538
0.725 9.82 22.57 3.1937
0.875 7.69 20.22 2.0676
0.375 9.03 22.33 2.6094
0 10.45 25.57 2.5521
0 9.16 26.2 3.3611
0 9.92 24.76 3.0305
0 9.11 23.93 3.315
0 10.2 26.1 2.4882
0 12.28 23.17 3.4553
0 9.86 24.06 2.3407
0 9.56 25.17 2.464
0 10.73 25.69 2.6454
0 12.34 27.02 3.1671
0 13.06 30.26 2.1627
0 14.11 33.11 2.9456
0 10.35 31.46 3.2703
0 8.48 26.79 3.3805
0 9.84 26.65 1.6855
0 12.19 30.79 0.8759
0 13.78 34.25 1.6891
0 14.48 35 2.729
0 13.65 33.28 1.7365
0 15.4 34.52 1.0372
0 16.66 39.51 0.8184
0 17.73 40.06 2.7543
0 16.85 39.62 2.6714
0 16.35 36.3 2.2546
0 16.68 36.18 1.8962
0 15.59 36.17 2.8083
0 14.87 35.57 2.5506
0 13.88 33.04 2.7583
0 12.83 31.68 2.4992
0 11.13 31.01 2.6517
0 10.37 30.84 2.6855
0 11.65 30.31 2.6739
0 11.9 30.76 2.1184
0 13.42 31.57 1.8895
0 15.87 32.45 2.3461
0 14.35 33.39 1.788
0 14.95 36.06 1.0051
0 16 37.19 1.4531
0 16.71 38.52 1.8054
0 17.93 38.42 1.6595
0 19.2 39.81 1.9471
0 19.29 40.5 1.5869
0 19.76 39.85 2.4211
0 16.88 37.8 2.5633
0 16.13 36.29 2.4643
0 15.19 35.94 2.1241
0 15.59 35.16 2.1871
0 14.56 34.66 2.3144
0 14.73 35.77 2.0086
0 18.21 38.01 1.8069
0 18.3 38.13 2.1611
0 18.19 36.36 2.8887
0 17.7 34.89 2.6444
0 15.61 34.56 2.8977
0 16.43 33.94 2.6938
0 15.25 33.81 3.0683
0 13.13 31.71 2.5852
0 13.78 31.44 2.2215
0 14.93 32.46 2.3425
0 12.31 29.85 2.9975
0 9.98 25.32 1.8611
0 11.39 27.6 1.6197
0 13.89 31.86 0.8199
0 16.08 34.3 1.2759
0 17.23 36.34 3.0128
0 15.45 37.16 2.9529
0 15.07 35.76 3.1945
0 13.76 32.88 3.0929
0 10.66 31.22 1.6257
0 11.98 31.72 0.7047
0 14.73 33.86 0.9285
0 15.51 35.28 0.8775
0 16.01 36.49 1.3262
0 16.11 35.58 2.3692
0 17.08 36.15 2.2156
0 16.78 37.57 2.1858
0.075 16.52 35.04 2.8071
0.025 14.54 31 1.6295
0 13.81 31.39 1.5193
0 13.62 33.06 0.4966
0 13.15 35.19 1.665
0 14.12 36.44 1.6495
0 15.76 36.77 1.6629
0 15.84 37.59 2.5821
0 16.71 35.46 1.6721
0 15.38 34.18 0.8414
0 15.62 35.83 0.4788
0 16.35 37.28 1.8016
0 15.56 36.31 2.3682
0 11.97 32.87 2.1313
0 11.93 29.95 2.1905
0 11.01 28.39 1.9096
0 11.22 30.21 0.6483
0 12.1 31.22 1.0768
0 14.16 34.32 0.5173
0 14.65 36.29 1.0802
0.125 15.19 36.01 1.8484
0.8 12.68 31.45 2.1799
1.875 13.1 25.82 2.694
0.575 11.23 24.09 1.6787
0 11.5 28.94 1.7274
0 13.32 31.56 0.8495
0 14.28 33.26 0.8783
0 15.59 35.49 1.9677
0 13.29 33.4 0.8991
0 13.46 33.32 2.0597
0 14.92 35.05 2.1358
0 14.52 35.66 1.3036
0 13.91 35.43 0.7824
0 13.69 35.06 0.7601
0 14.47 36.37 1.1136
0 14.65 37.23 0.3763
0 14.92 36.6 1.933
0 13.67 32.32 2.5723
0 4.94 20.26 2.4304
0 5.56 24.52 2.366
0.05 6.64 26.09 0.8913
0.375 7.63 26.3 3.1962
0.575 5.8 21.54 3.3351
0 2.77 16.34 0.3522
0 2.72 19.63 2.6385
0 4.7 23.05 1.2478
0 5.76 23.14 1.3001
0 6.37 24.51 0.6457
0 7.45 24.96 0.6177
0 7.18 24.66 1.8516
4.225 7.73 23.02 2.0585
39.7 7.97 17.79 6.9573
26.875 12.11 16.84 4.3891
1.025 14.24 22.23 1.1423
0 12.58 25.68 2.2076
0 12.17 26 1.172
0.225 13.23 25.63 1.6755
0.55 9.03 23.67 2.0663
0.125 5.47 18.6 1.4057
0 6.16 19.08 1.0571
0 6.9 22.29 0.8115
0 8.58 23.62 1.2981
0 10.12 24.93 1.2945
0 8.73 24.28 1.6468
0 8.77 23.67 1.0953
0 8.59 24.15 4.7887
0 4.56 19.51 4.8334
0 1.56 16.41 0.7938
0 1.95 17.07 0.205
0 4.01 21.45 0.8643
0 5.85 22.96 0.9266
0 7.9 23.96 1.2741
0 8.32 25.71 1.2053
0 7.6 26.9 1.8809
0 7.09 25.57 2.5465
0.025 5.94 20.01 0.7748
0.075 6.22 19.48 1.7
0 3.29 18.25 1.9029
0 3.98 18.26 1.1076
0 4.73 19.12 0.741
0.675 6.3 18.54 0.5064
1.75 6.67 16.74 2.0116
0.55 1.42 13.62 1.3034
0 1.61 14.41 1.0701
0 1.75 15.77 2.7067
0 1.37 16.61 1.9635
1.525 2.9 19.81 1.3588
0.85 3.04 19.41 2.0498
1.1 1.79 15.77 2.2688
9.475 2.25 16.06 3.6999
3.975 1.7 15.73 1.1275
0 2.31 13.44 0.5322
0 1.73 15.37 2.0176
0 2.6 15.45 3.4506
0 3.15 18.15 3.7651
0.275 3.65 20.75 2.4001
2.3 3.87 20.9 1.1326
0.975 4.19 13.43 5.4059
0 1.68 15.82 4.8441
0 1.68 15.29 3.8645
0 2.04 17.87 1.6783
0 1.7 16.6 2.0963
0 0.34 15.06 1.9426
0 0.69 15.13 1.9443
0 0.79 15.38 0.8185
6.45 -1.37 11.56 2.0201
8.15 -1.78 6.86 0.6711
1.6 -6.17 4.77 0.6947
0 -5.83 5.41 1.8961
4.475 -4.94 7.31 3.2512
14.875 0.63 10.53 2.9322
22.175 6.55 11.17 3.8964
14.875 6.1 11.31 3.8684
3.275 5.52 9.61 0.8191
0 2.68 12.48 3.3836
0 3.86 14.27 2.8156
0.025 3.4 13.95 2.1691
0 1.83 14.02 2.6867
0 2.43 9.75 4.0593
1.1 2.88 15.11 2.8564
8.05 4.7 17.06 1.8753
4.225 1.7 11.68 3.6463
0.275 -2.53 9.04 2.1685
0 -1.52 9.99 3.948
0 -0.12 14.28 4.0486
2.275 0.84 15.26 4.1235
2.3 1.28 12.62 2.194
1.275 2.17 11.83 3.0571
1.975 1.97 10.78 0.9121
1.525 5.58 11.41 1.4591
0.3 3.74 11.43 2.7982
0.25 3.77 12.92 2.4299
0.025 3.42 14.14 1.1004
0 2.18 15.59 3.8563
0 1.14 16.49 2.8988
0 1.07 17.25 2.8023
0 2.09 13.8 3.1006
0.025 2.19 14.01 2.6188
0.85 3.58 14.69 2.98
0.675 4.9 14.61 2.4591
0.25 4.52 10.2 2.5038
0.525 4.6 11.99 3.2512
10.05 5.56 18.05 4.8153
7.175 7.3 16.57 2.1231
0.475 0.91 13.47 1.3681
0 1.57 14.45 3.3075
1.15 2.46 16.89 2.5749
10.525 3.22 17.36 2.9215
14.85 6.66 13.83 5.0631
15.15 8.43 10.97 5.8366
20.8 4.74 9.77 6.6978
20.025 2.6 9.57 3.8513
14.775 0.9 7.87 3.4114
3.7 0.71 5.92 1.1966
1.725 -0.12 10.22 2.552
4.6 1.13 9.8 4.5101
1.9 5.89 11.3 2.9015
0 2.74 12.32 1.2824
0.525 1.79 12.98 2.7446
1.325 3.1 14.2 3.2055
1.5 3.8 15.28 1.2966
0.325 0.68 13.69 1.1192
0 0.78 13.94 1.8075
0 2.03 14.53 2.1621
0.475 3.97 14.67 0.7228
6.225 4 15.23 3.203
6.4 6.08 14.43 3.2867
11.5 7.77 12.77 1.6565
4.9 5.63 9.82 2.3072
3.475 5.95 9.85 1.355
2.95 5.3 10.77 1.682
0.8 0.88 10.46 0.5306
0 1.27 12.08 1.3538
0 4.24 13.13 1.6098
0 2.7 16.7 1.24
0 3.2 17.43 1.4407
0 3.45 17.57 1.1511
0 4.53 17.34 1.7694
0 5.28 18.87 2.4033
0 3.98 20.03 0.779
1.475 4.25 17.66 1.0385
3.5 6.36 13.87 2.0125
4.275 5.25 10.89 2.6355
2.9 -0.53 9.51 2.1765
13.45 0.39 12.29 3.941
11.25 4.05 10.12 2.6284
2.575 1.72 11.62 0.9229
21.925 2.63 15.42 4.828
14.4 5.61 16.02 1.0604
0.475 2.97 12.56 0.3527
0.675 3.55 15.69 2.1951
8.075 5.61 16.99 2.7718
17.35 5.72 10.06 3.3647
6.55 1.8 9.54 2.6118
0.075 0.18 10.32 1.3065
0 1.28 13.13 2.4279
0.025 2.8 16.47 0.9524
0.35 4.1 12.47 2.5964
3 -2.03 9.9 3.5353
1.75 -0.88 10.64 2.0704
1.5 -0.75 11.31 0.4508
13.35 0.09 13.68 2.3192
6.7 0.39 13.34 2.3234
0 -0.29 13.14 2.6113
0 0.83 15.67 3.686
0 3.41 21.5 1.3286
0 5.23 23.23 1.0707
0 5.76 23.14 2.939
0 3.2 24.19 2.3333
0 4.64 24.37 1.8264
0 6.14 22.71 0.368
0 4.9 20.85 1.6772
0 3.26 19.65 1.8118
0.4 3.58 19.79 1.842
1.3 4.47 19.86 2.3165
0.55 1.3 14.85 1.9849
0 1.98 17.47 2.5807
0 3.06 19.84 1.1345
2 4.81 21.59 2.7976
11.05 4.68 19.89 5.0816
7.95 1.96 11.57 2.6531
0.475 -0.41 11.55 0.6752
4.4 0.03 12.68 2.1931
3.475 1.51 11.16 1.6639
12.375 1.25 11.47 2.8653
7.975 2.14 11.63 2.7675
0.025 1.62 12.05 0.5839
0 0.98 15.66 2.2271
0 3.23 19.53 0.877
0 4.73 20.18 1.7987
0.6 6.05 19.36 2.0065
10.825 6.76 13.68 4.4363
15.425 5.59 11.28 4.3458
4.35 2.96 11.26 1.1188
0.025 3.25 14.81 0.6927
0 4.03 16.28 0.8601
0 4.7 19.71 1.7495
0 4.95 19.92 1.3004
0 5.64 22.03 1.241
5 7.69 22.83 1.3998
14.975 7.02 20.53 2.491
9.35 3.35 11.51 3.3369
2.025 4.87 9.17 2.0998
0.1 6.18 11.93 1.1106
0 7.18 21.29 1.0421
0 9.49 23.72 1.2225
0.9 8.34 25.71 0.818
5.975 8.29 25.19 4.278
2.875 3.14 14.73 4.6086
1.15 2.78 14.32 3.4772
0.05 1.36 13.59 3.2721
0 2.95 18.82 1.9552
0 4.91 21.69 1.8451
0 7.91 24.94 1.1161
0 8.11 25.54 2.2122
0 6.29 23.05 3.7357
0 3.51 20.25 2.4107
0 3.93 20.64 0.9006
0 5.37 22.57 2.7083
0.375 5.92 20.36 3.5244
6.175 6.99 14.47 3.1134
3.1 1.35 11.92 3.574
0 2.05 17.45 2.0575
0.425 4.96 22.87 1.1778
0.75 7.47 25.01 0.831
0 8.2 26.06 0.7239
0.125 9.51 26.82 1.2709
1.45 10.94 26.55 2.0199
0.8 10.82 19.41 1.6071
0.05 10.36 20.73 1.4961
0.1 10.2 22.27 3.37
0.475 4.92 21.03 4.1713
0.775 2.69 15.34 3.4716
0.275 3.25 14.66 4.1044
0.7 5.31 18.66 2.2435
4.925 4.72 18.24 1.6124
5.25 5.92 18.92 2.7919
6.875 7.83 17.66 2.1974
3.8 3.72 16.57 3.1081
0 4.47 18.39 1.7861
0 6.86 25.08 0.9724
0 11.36 27.87 2.4716
0 12.04 26.18 3.0192
0 11.37 25.09 2.21
0 12.2 27.2 2.2724
0 14.2 27.37 2.4917
0 13.98 28.93 1.7759
0 14.58 30.96 2.639
0 13.22 30.7 3.1163
0 12.2 28.61 2.652
0 11.85 28.72 3.557
0 7.06 24.63 4.582
0 8.44 22.27 5.0758
0 10.29 27.82 3.6887
0 11.86 30.57 1.0034
0 12.75 30.69 1.8688
0 12.9 32.29 2.8027
0 9.2 28.72 3.2365
0 8.34 26.17 1.5606
0 8.3 28.66 2.4389
0 8.24 26.49 3.1774
0 7.57 24.81 2.7352
0 9.2 26.78 1.9827
0 10.6 29.2 1.0892
0 12.19 31.77 2.0556
0.675 12.79 31.76 2.2757
0.4 12.92 29.56 2.8396
0 13.99 29.8 2.5906
0 15.77 33.34 1.2564
0 18.36 36.94 1.7547
0 16.82 38.13 3.0862
0 13.69 33.89 2.9675
0 11.29 31.79 2.8244
0 11.29 31.09 2.9834
0 12.34 29.92 2.4943
0 12.67 31.74 1.2171
0 13.56 33.83 1.9051
0 13.65 33.86 2.4535
0 13.77 31.9 2.441
0 14.32 33.26 2.5243
0 16.21 34.37 2.2898
0 16.18 35.69 1.8932
0 17.1 36.4 2.2654
0 17.27 34.86 3.1426
0 16.22 33.33 3.1087
0 16.54 32.84 1.6787
0 17.31 35.52 1.474
0 18.65 38.08 2.6895
0 19.37 38.9 2.6925
0 18.09 38.12 2.5394
0 16.18 38.07 2.0129
0 16.1 36.33 1.9636
0 15.41 34.49 2.37
0 13.89 34.03 1.0507
0 15.18 34.04 2.3388
0 16.38 35.15 2.1937
0 17.32 36.85 2.738
0 16.67 34.92 2.8536
0 15.69 31.39 2.0748
0 13.38 30.52 2.466
0 14.13 32.1 2.3037
0 14.26 33.4 2.5012
0 13.9 33.24 2.3333
0 13.56 32.84 1.9725
0 14.01 33.01 2.3746
0 13.2 34.01 1.5693
0 13.76 34.15 2.0128
0 13.66 33.79 2.1099
0 13.57 32.76 2.1832
0 13.43 32.24 2.5427
0 14.07 31.85 2.8678
0 14.04 30.59 2.0453
0 13.65 30.71 1.9899
0 12.91 30.19 2.24
0 11.93 29.43 1.1043
0 13.29 30.51 1.5484
0 14.68 31.93 2.4263
0 14.27 32.13 2.926
0 14.43 33.09 1.3116
0 15.4 34.58 1.5879
0 14.82 34.28 1.641
0 12.85 33.24 1.9917
0 13.76 33.84 2.2708
0 13.47 33.84 1.8739
0 10.83 32.65 1.8176
0 11.98 30.13 2.4642
0 13.34 35.44 1.8835
0 16.34 39.97 0.4996
0 18.55 39.2 2.1704
0 14.36 35.42 2.3293
0 10.52 31.95 2.7797
0 8.38 22.5 2.2685
0 9.09 23.88 2.5132
0 9.73 25.97 1.6079
0 11.39 29.33 1.1126
0 14.45 33.78 0.4066
0 15.09 36.4 1.2979
0 14.84 36.15 1.2129
0 16.76 33.62 2.1276
0 13.21 33.12 1.4123
0 13.24 32.3 2.1569
0 11.26 29.82 2.7507
0 7.42 19.59 1.9207
0 8 23.78 0.8615
0 9.69 27.75 0.5718
0 12.03 31.84 1.1113
0 12.18 30.8 1.7026
0 10.82 29.21 1.4693
0 11.15 29.32 1.2573
0 11.01 29.87 1.8076
0 11.59 29.66 1.5395
0 12.15 29.1 1.3812
0 11.95 27.86 1.3106
0 10.53 26.81 1.3597
0 10.25 27.04 1.2465
0 8.71 24.74 2.6839
0 8.56 22.89 1.2167
0 9.64 28.41 0.7762
0 11.57 31.31 1.0262
0 17.52 34.68 0.8549
0 14.07 35.7 1.3146
0 15.37 37.31 0.6708
0 16.18 38.73 0.556
0 16.06 36.69 0.3496
0 15.54 33.88 0.6169
2.925 16.67 33.05 1.0066
7.475 15.57 32.1 1.4961
6.8 12.35 24.56 1.5829
0.65 11.91 18.33 1.5082
0.275 8.8 18.77 0.6926
3.55 8.83 21.11 2.0282
0.025 7.69 20.38 0.6765
0 8.41 24.26 1.9302
0 10.36 26.13 1.7913
0 12.2 28.2 1.9359
0 12.81 28.78 2.2236
0 13.22 31.25 1.4547
0 13.66 32.52 0.5613
0 12.83 32.55 0.4828
0.15 12.26 30.93 1.0321
2.35 12.22 26.27 0.9447
1.175 9.31 20.98 1.2288
0 8.84 20.39 1.5836
0 9.26 24.05 0.8804
0.125 9.89 23.87 1.7926
3.1 9.31 21.43 1.462
11.95 10.66 20.43 1.8413
44.125 11.8 16.47 5.0021
15.625 7.72 15.88 3.3326
0 3.95 16.92 1.5722
0 3 18.03 2.8812
0 4.11 19.59 3.5399
3.4 8.29 22.65 2.2143
4.35 9.38 21.74 1.8033
1.225 6.38 14.18 1.0708
0 6.06 20.17 1.8304
0 6.98 21.84 2.9133
0 8.82 23.9 2.622
0 10.21 28.28 1.6664
0 10.56 28.12 1.267
1.8 10.04 27.23 2.0599
16.25 9.17 22.24 3.3005
7.825 3.72 13.02 2.439
1.975 1.25 13.55 0.6531
1.2 2.59 14.69 1.6117
0.075 1.78 13.71 2.3358
0 2.38 15.94 1.4171
0 4.13 16.84 3.0141
0 5.15 18.23 1.7593
0 6.34 19.84 2.7984
0 6.23 20.93 1.4092
0 6.03 20.5 1.89
1.45 4.84 20.6 1.7863
19.05 4.63 19.33 2.1777
24.575 2.25 10.57 3.0719
22.15 1.6 8.5 4.7091
12.475 2.24 6.8 3.0708
16.4 3.5 9.05 3.9363
6.025 -2.41 5.85 1.3603
0 -2.64 8.38 3.163
4.325 -1.89 9.62 3.3521
12.35 -0.52 11.85 2.6376
5.925 0.04 7.47 2.2629
0 -3.81 9.13 2.4804
0 -2.77 9.38 3.0611
0 0.1 11.92 2.295
0 0.58 14.52 2.6741
0.225 5.43 11.71 1.4304
1.775 6.81 15.47 2.5001
8.6 7.35 15.67 2.63
3.35 6.88 18.54 3.5839
0.75 3.56 15.85 2.1811
3.05 4.53 16.21 2.331
2.975 6.8 13.72 1.297
0.575 8.28 16.24 1.6083
0 6.55 16.64 0.4496
0 5.58 17.01 2.3338
1.875 4.26 16.96 1.358
10.825 4.68 12.8 1.9658
4.975 3.26 12.5 1.3216
3.375 0.12 11.46 2.5113
22.8 0.89 11.6 3.5108
24.425 6.71 11.85 5.0781
40.475 8.16 12.8 5.6749
5.3 4.38 11 2.7793
4.55 3.94 7.15 2.9319
4.175 4.5 11.67 2.1739
1.3 5.99 10.79 0.5391
1.525 3.58 13.6 3.1604
11.95 3.33 15.44 5.4952
5.75 2.83 14.47 2.2297
1.125 2.32 11.6 0.8221
29.2 2.6 12.06 2.3284
21.575 4.23 9.51 4.3984
2.275 -3.04 7.36 2.2214
1.3 -4.48 6.54 1.5609
14.3 -3.02 7.68 4.4586
12.625 -1.28 7.83 4.7255
2.925 1.83 7.91 2.4165
0 -0.41 8.66 3.061
0 -0.43 11.17 3.7146
0 -0.5 11.28 4.8514
0 -0.66 9.88 3.3045
0.025 -0.59 11.5 1.6205
0 -0.84 6.1 1.4315
0 -2.56 4.77 3.0171
1.5 -0.13 7.68 3.4698
1.175 3.71 14.55 2.4119
0.875 2.93 14.87 1.6382
0.35 5.79 10.84 1.1985
0 1.4 13.05 2.6636
0 4.2 13.18 0.7404
0 5.04 14.06 0.6661
0 4.71 12.26 2.4727
0 2.13 11.43 1.5578
0 2.09 14.93 4.0533
0 2.29 17.64 3.6095
0 2.73 16.93 2.9014
0 1.79 18.31 4.0385
0 1.79 18.21 1.7788
0 2.63 16.93 2.0701
0 2.91 17.88 4.9302
0 2.63 19.57 3.5577
0 2.38 18.64 1.7731
7.5 1.65 17.08 0.5888
6.7 1.75 14.11 1.7348
2.3 0.78 9.89 1.3054
0 0.7 11.22 1.6841
0 -1.39 13.21 3.0062
0 -0.32 13.75 2.0002
0 1.14 13.92 2.4937
0 2.74 16.81 1.6646
0 3.55 17.97 1.9407
0 4.51 19.68 0.7306
0 1.04 19.13 2.4917
0 -0.76 13.84 3.3944
0 -0.16 13.92 3.62
0 0.72 15.3 3.7731
0 1.02 19.05 2.888
0.025 1.09 21 1.1498
0.55 1.14 19.27 4.0002
12.575 7.02 15.57 4.9308
13.675 4.97 13.44 5.6945
30.25 1.97 7.52 4.8508
28.525 1.49 6.87 2.4765
8.8 0.42 8.86 2.9269
0.45 -1.5 8.49 0.5887
0 -0.76 10.05 1.1925
0 -1.48 9.93 0.5201
0.65 -1.19 12.76 0.7488
8.225 -0.57 11.04 2.366
15.95 0.81 9.01 5.0268
7.375 -3.82 7.15 0.9543
14.5 -4.22 7.12 0.4318
0.65 -2.71 10.27 2.3195
2.675 -2.69 13.47 1.8955
10.55 0.03 14.34 3.9797
3.825 7.45 15.62 1.4455
0 1.19 15.73 1.4546
4.525 2.22 16.66 0.5682
21 5.18 17.93 1.7356
10.375 6.08 11.38 4.0952
0.175 2.19 12.54 0.7462
0.825 3.03 16.78 1.5197
0.175 5.58 18.49 1.0342
0.075 4.14 17.82 1.177
0.275 3.87 15.5 0.4658
6.1 4.83 16.48 1.4811
5.675 7.44 16.46 1.4254
14.2 8.02 18.64 1.6993
8.65 7.87 18.02 2.4444
3.225 0.53 12.99 0.9308
14.7 0.58 13.9 3.7989
27.925 1.72 11.39 4.7697
48.55 3.77 8.8 5.2446
22.325 2.08 7.79 2.2623
4.075 1.38 10.32 1.5138
13.225 1.95 12.21 5.2514
23.05 4.16 8.75 5.5611
20.225 1.69 7.8 3.9123
17.025 2.87 11.05 3.1692
4.575 4.69 9.67 1.5477
0.9 5.22 13.46 0.7052
0 4.13 16.22 1.3171
0 4.7 17.95 1.9089
0 6.81 21 2.4729
0 7.74 25.06 1.9182
0 8.36 25.54 1.0692
0 3.62 19.92 1.8681
0 4.32 19.27 1.8164
0 6.21 22.41 1.4641
1.2 5.32 22.15 1.7824
3.525 3.97 18.94 3.4603
1.575 0.37 9.46 1.6567
0.025 -0.97 11.13 1.2849
0 -0.56 14.94 0.4233
0 1.78 16.46 1.5982
0.05 2.89 17.52 1.4941
0.35 2.99 16.58 2.5834
0.15 0.77 13.54 0.5447
0 0.89 17.59 0.763
0 3.98 21.88 1.3478
0.25 4.87 23.11 2.0892
0.425 8.76 22.44 2.5164
0.2 10.47 19.54 1.4002
0.6 10.05 20.19 1.8985
1.025 10.14 19.34 1.916
0.35 4.52 17.89 0.877
0.325 5.32 17.74 0.8813
0.5 6.98 18.71 1.9863
0.425 6.54 18.45 2.2338
0.125 3.58 18.79 2.4539
0.025 3.26 19.71 1.0085
0 4.04 21.12 2.2091
0 5.17 20.02 4.4564
0 2.13 18.38 3.4209
0 3.14 21.5 1.7247
0 4.56 24.14 0.5084
0 6.95 25.56 1.0794
0 8.07 26.03 2.9603
0 9.79 29 0.9046
0 9.43 30.07 1.4422
0 8.55 27.22 1.8735
0.025 8.04 21.81 2.7224
1.125 4.06 14.53 2.9715
0.55 3.04 17.23 2.4824
0 4.48 22.63 1.7405
0 7.9 24.53 1.2197
0.225 8.26 25.79 0.7803
7.9 8.8 24.77 2.7762
7.15 4.55 15.55 2.6584
2.65 2.91 12.46 1.539
10.2 4.87 13.51 3.4234
4.825 6.66 12.36 2.0825
0.25 4.3 16.34 2.8557
0 5.36 22.72 1.6409
0 8.99 24.7 2.191
0 7.67 24.01 3.2197
0 6.31 22.1 4.4777
0.2 6.34 20.8 2.4179
2.15 7.15 21.39 2.7138
0.725 4.84 19.48 2.0864
0.275 5.51 19.92 3.09
0.825 5.76 19.82 3.9726
0.45 5.69 16.73 4.5789
0 5.27 18.14 2.7366
0.45 5.68 20.22 2.5062
0.275 8.73 20.09 2.6129
0.2 4.77 16.19 1.5797
0.45 4.95 18.23 0.7621
4.575 6.27 18.57 3.3912
7.5 11.78 17.78 0.9989
3.625 9.4 20.42 3.3723
0.05 7.22 19.28 2.1005
0 8.23 22.99 2.9167
0 10.56 26.25 1.6541
0 11.37 27.82 2.7067
0 10.59 26.88 3.1575
0 9.56 24.64 2.7704
0 10.58 27.25 2.7059
0 13.33 30.38 2.1956
0 14.45 32.48 2.1421
0 13.12 31.7 2.5144
0 12.33 28.62 1.5999
0 12.98 29.37 2.8231
0 12.82 30.12 2.31
0 14.19 30.64 0.6698
0 15.75 34.33 0.7664
0 17.92 36.59 2.5139
0 14.82 35.43 2.5331
0 12.24 31.96 2.4664
0 11.65 30.62 2.6139
0 12.09 30.25 2.4652
0.45 13.37 31.64 2.4765
6.325 13.4 30.44 2.3943
3.175 11.25 24.44 2.4111
0.025 9.97 22.96 2.3757
0 11.7 28.57 1.4693
0 15.27 33.3 1.1556
0 16.61 36.11 1.0291
0 16.79 36.99 1.5755
0 17.75 36.66 1.6669
0 18.53 36.39 2.4942
0 18.37 36.17 2.7506
0 16.95 35.16 1.9841
0 15.95 34.62 2.4333
0 13.6 33.46 2.2553
0 12.57 32.05 2.4405
0 12.24 29.18 2.6014
0 12.54 28.1 3.1448
0 11.85 26.15 2.7551
0 11.77 26.15 3.3647
0 11.4 26.23 3.1814
0 11.38 26.86 2.0527
0 12.13 28.61 1.2238
0 13.29 29.71 1.9723
0 14.22 31.53 1.6106
0 14.45 32.89 2.3202
0 14.57 33.57 2.7706
0 14.64 33.44 1.9298
0 14.96 33.29 1.9566
0 13.96 33.88 2.144
0 12.76 32.96 1.935
0 12.8 33.22 1.6851
0 13.52 34.11 1.6059
0 14.95 35.18 2.4095
0 14.81 34.99 3.1348
0 17.09 34.44 2.109
0 17.34 32.84 1.5015
0 16.07 34.17 1.822
0 15.4 34.79 2.0998
0 13.99 33.78 3.0935
0 13.45 30.87 2.4269
0 14.37 31.76 3.0987
0 15.94 30.93 2.551
0 13.08 32.38 1.9239
0 13.76 32.76 2.0405
0 13.78 33.09 2.1979
0 14.04 33.54 2.6632
0 13.5 32.43 1.8846
0 15.09 33.04 1.4364
0 15.87 34.51 2.1372
0 13.5 33.84 1.5159
0 13.15 33.33 1.3074
0 13.37 33.67 1.8789
0 13.45 33.98 1.8082
0 13.71 33.38 2.6868
0 12.52 31.32 2.0776
0 12.24 30.68 1.615
0 12.82 30.79 1.2816
0 14.23 32.67 0.9838
0 15.72 34.48 1.959
0 15.82 34.35 1.2135
0 16.51 35.06 0.8008
0 16.84 35.95 1.0434
0 17.01 36.4 1.4044
0 15.18 35.85 1.8272
0 14.29 34.49 1.806
0 13.09 32.71 1.7358
0 13.37 32.2 0.7499
0 14.53 32.75 0.7451
0 15.2 34.29 0.7593
0 15.76 34.04 0.948
0 16.95 33.34 1.8776
0 13.5 34.62 0.753
0 14.79 35.53 1.0165
0.8 14.62 35.51 1.0568
0.475 15.06 34.92 1.5938
0.075 15.45 35.07 0.8105
0.125 15.37 32.81 1.744
0.125 13.72 27.74 1.6843
0.175 13.58 30.38 0.8337
0.1 14.36 31.5 1.5355
0 14.42 30.86 2.4445
0 12.71 29.65 1.6901
0 10.95 27.28 1.7754
0 11.4 28.5 0.7319
0 12.91 31.81 0.4152
0 14.55 34.65 1.0567
0 15.12 35.03 0.7698
0 15.76 35.5 0.6016
0 15.17 36.65 0.6779
0 15.32 35.59 1.541
0 13.68 31.11 2.2189
0 10.41 23.7 1.9749
0 10.87 27.86 0.8679
0 13.3 31.81 0.6125
0 13.52 33.75 0.9361
0 14.24 32.63 1.2469
0 12.18 29.02 2.3252
0 11.44 25.85 1.811
0.45 10.05 24.95 1.9447
19.4 8.67 21.76 2.1543
17.175 8.53 19.28 3.6427
5.7 7.62 15.05 0.7757
1.45 3.89 14.28 0.9117
0 4.71 18.6 1.2093
0.825 5.55 22.11 1.2191
3.025 9.21 23.1 1.5663
1.4 12.27 20.13 1.7211
0 9.44 24.67 1.0331
0 9.81 27.49 0.7637
0 12.5 29.37 0.5409
0 12.06 28.88 0.9695
0 12.23 28.6 1.157
0 12.23 26.76 1.5814
0 12.06 28.31 1.3736
0 11.67 28.24 1.0932
0 12.21 24.88 0.7663
0 10 25.52 0.8733
0 10.69 26.03 2.3045
0 10.67 27.23 1.5915
0 10.12 28.29 1.6456
0 9.32 25.85 1.3991
0 5.09 21.25 2.8347
0 5.02 20.36 3.0684
0 6.72 21.58 1.7824
0 6.82 22.75 1.0758
0 7.37 23.67 2.0628
0 8.01 25.37 0.554
0 6.66 24.59 3.638
0.125 5.54 22.81 4.0517
3.025 4.89 22.15 3.298
2.1 3.13 18.73 1.7084
5.05 -0.48 11.79 0.6071
2.6 -0.05 11.66 1.416
0.075 -0.22 11.54 0.8405
0 0.32 12.18 2.0083
0 1.83 15.66 3.0023
0.225 1.76 17.8 3.1089
2.55 3.34 20.41 3.6726
1.2 8.31 18.35 0.7246
0 6.58 17.18 0.319
0 8.2 17.78 0.8656
0 5.11 17.06 0.6853
0 4.7 18.69 0.91
0.1 4.78 18.64 1.0779
0.6 4.32 17.93 3.1879
3.175 1.73 11.64 2.144
1.45 2.3 11.69 4.0303
0.025 1.04 12.5 1.925
0 1.33 13.66 2.8227
0 1.45 14.53 4.0719
0.25 2.08 15.46 2.1055
0.1 3.64 13.47 0.6888
0 3.12 16.73 2.7168
0 3.52 18.55 2.2615
0.025 4 22.38 0.9784
0.05 3.75 17.75 1.5752
0 1.95 19.41 3.955
0 0.9 17.3 7.6668
0 0.5 15.81 3.4472
0 -0.23 14.69 4.0536
0 -1.32 14.09 2.6795
0 -2.05 12.91 3.4469
0 -1.71 13.74 2.9695
0 -1.86 14.05 3.189
0 -0.45 14.98 3.1463
0 -0.34 14.62 4.1608
0 -0.25 16.76 3.0024
0 -1.16 15.79 0.6496
0 0.09 12.5 1.492
0 -0.63 13.24 1.4096
0.1 -1.16 12.91 0.9176
0.775 -1.34 12.11 0.7373
0.35 -1.37 10.67 5.0229
0 -0.35 13.63 4.4057
0 -0.51 16.04 2.5482
0 -0.54 14.43 4.3161
0 -0.82 13.25 4.1181
0 -1.94 12.7 3.3583
0 -3.63 13.44 4.4882
0 -2.48 14 3.9115
0 -2 12.8 4.8541
0 -1.69 16.63 3.3763
0 -0.72 17.4 1.2314
0 -0.63 15.69 1.0754
0 0.46 16.32 1.085
0 3.58 16.67 0.8372
0 3.31 16.67 1.3229
0 0.65 15.02 2.3507
