0.725 -22.8 -4.53 1.6656
4.65 -12.89 -5.92 1.5262
2.625 -17.66 -3.95 1.6497
0 -20.4 -10.4 4.3964
1.9 -19.94 -10.11 1.4568
1.125 -15.44 -7.74 0.7831
0 -13.93 -4.05 1.2793
0 -13.45 -4.2 0.6816
0 -16.51 -0.2 4.799
0 -15.66 -1.99 3.2759
0 -14.08 -1.77 2.0787
0 -12.61 1.84 5.4708
0 -12.21 1.74 3.7331
0 -14.45 0.27 2.9211
0 -12.86 1.63 3.8829
0 -13.22 2.09 4.9553
0 -14.98 0.5 4.2189
0 -15.21 -1.11 4.7445
0 -14.57 1.17 4.82
0.075 -12.93 -1.26 3.3155
13.2 -10.76 1.04 2.7748
28.35 -10.41 -1.69 2.1234
29.225 -14.32 -2.62 1.5652
37.925 -8.84 -4.76 2.7385
12.3 -12.68 -5.4 3.7679
1.4 -18.2 -10.03 0.7999
0 -20.73 -10.33 1.2629
0 -16.71 -6.66 1.6136
0 -15.38 -2.28 4.2941
0 -14.65 -0.42 4.5487
0 -13.39 0.63 3.0533
0 -13.11 0.84 3.1837
0 -14.93 -0.33 3.6658
0 -13.84 2.03 3.7906
0 -12.63 3.05 3.0412
5.875 -9.62 2.49 2.6342
17.4 -12.82 -4.43 2.6537
9.225 -13.92 -8.24 2.8272
16.2 -15.27 -7.16 1.4352
9.95 -18.05 -6.61 3.977
4.875 -22.51 -12.44 0.6231
9.35 -17.39 -10.4 2.2515
3.875 -16.74 -9.25 1.4733
7.7 -16.92 -9.32 2.911
4.6 -16.74 -10.8 2.8872
1.925 -16.83 -8.79 5.2049
29.425 -16.48 -9.29 5.5634
19.6 -16.55 -10.98 4.1047
1.25 -19.84 -9.3 0.9217
0 -17.6 -8.52 3.3822
0 -18.61 -4.34 2.4903
3.55 -16.8 -2.54 3.8275
18.5 -11.99 -3.42 3.1863
12.75 -10.8 -6.47 2.3537
3.725 -12.91 -2.22 1.4445
2.025 -11.41 -0.04 1.462
0.475 -11.92 -5.27 2.3985
0 -14.02 -2.02 0.4179
0 -13.66 0.58 3.787
12.75 -8.74 1.49 2.8391
17.725 -9.2 0.23 3.9319
17.4 -10.86 -3.82 4.959
17.125 -14.43 -8.61 3.3028
2.375 -19.12 -10.2 0.7262
0.85 -16.8 -7.58 1.9444
0 -18.6 -7.13 0.2393
0 -16.62 -3.64 1.7431
0 -14.8 -1.25 2.8739
0 -19.08 -6.73 0.5504
0 -17 -1.82 0.6373
0 -15.03 -1.79 2.3077
0 -14.39 0.57 2.7525
0 -14.78 2.43 1.3334
0 -12.8 0.76 2.2179
0 -9.67 1.78 2.4316
0 -10.87 4.31 1.1381
0 -11.37 4.93 1.0212
0 -9.36 6.78 0.8035
0 -10.32 7.18 0.8441
27.825 -9.14 6.64 2.1234
30.375 -15.39 -2.46 4.349
1.275 -20.54 -11.73 2.3656
0 -18.72 -8.55 1.8732
0 -14.29 -0.59 0.4508
0 -10.05 2.45 2.3914
0 -13.19 3 2.1503
0 -11.53 3.45 1.3701
0 -8.85 5.68 3.2695
0 -15.35 2.08 1.9597
0 -13 1.41 0.4095
0 -10.71 3 2.5785
0 -9.79 4.53 2.6474
0 -12.79 1.27 5.5424
0 -17.35 -3.5 1.7927
0 -15.19 -0.15 2.9846
0 -12.64 3.96 2.8561
8.825 -10.64 6.09 1.5975
12.25 -12.21 2.63 3.6402
6.975 -12.42 -4.99 1.7394
4.425 -11.74 -3.46 2.2395
1.85 -13.52 -4.44 3.8776
0 -11.92 0.22 1.7017
0 -10.72 4.83 1.8457
0.575 -10.48 3.04 4.4439
0.4 -18.52 -3.38 6.5029
0 -15.81 -5.77 3.629
0 -13.74 0.14 1.4987
0 -11.01 6.13 3.2042
0 -8.95 9.09 2.9725
0 -6.77 12.16 1.6562
0 -5.31 13.85 1.1079
0 -4.26 14.32 2.2203
0.025 -2.96 12.76 3.0238
0.7 -7.19 6.07 3.6977
0.4 -14.54 -2.36 3.9346
0 -12.32 0.71 2.0978
0 -11.16 3.23 2.3909
0 -9.85 3.75 3.3424
0 -13.19 1.75 1.5671
2.375 -10.09 5.45 2.0623
46.125 -3.62 7.63 2.2797
29.65 -7.42 2.74 2.8898
3.475 -5.1 1.38 3.7875
2.325 -8.68 2.13 1.9962
0.675 -3.53 5.65 3.7193
0 -5.86 7.62 2.5649
0 -7.39 10.08 2.8496
0 -6.03 11.04 1.631
0 -6.47 11.73 1.0638
0 -4.71 11.64 0.781
0 -4.92 12.28 3.0663
0 -5.67 11.3 3.3024
0 -6.78 9.7 2.2587
0 -6.05 9.5 3.3199
0 -4.64 11.64 1.4271
0 -3.56 14.19 1.7413
0 -1.61 17.29 0.2972
0.075 0.52 18.44 2.5383
0.05 -0.21 16.6 3.0343
0 -2.88 12.6 2.1403
0 -3.87 12.14 0.9932
0.425 -2.75 13.09 2.5259
0.3 -3.29 12.45 2.9778
0 -4.21 11.89 2.845
0.175 -4.35 11.69 1.8132
0.125 -3.96 12.02 1.1302
0 -3.35 13.07 0.6837
2.125 -2 13.6 1.6821
1.65 -1.46 13.85 2.3333
10.525 -2.33 12.03 3.3907
9.625 -1.51 11.7 2.162
3.15 -2.67 11.2 1.9434
0.075 -3.69 10.29 2.225
0.65 -2.16 8.67 1.0371
10.225 -6.47 5.53 2.3167
9.7 -6.9 6.41 3.8516
4.15 -8.93 0.01 2.6988
1.4 -6.68 1.96 2.8545
1.6 -5.22 5.77 2.5767
1 -4.59 7.66 3.4533
0 -3.89 7.08 3.1504
0 -6.27 5.66 3.3764
1.25 -5.24 6.81 2.1353
1.65 -4.37 5.86 3.7406
0.55 -6.37 5.87 2.6412
2.2 -5.16 7.02 2.4124
1.7 -3.33 7.19 2.2816
0.35 -2.05 7.87 2.8754
0.175 -1.91 10.81 1.5384
0 1.94 15.05 2.7879
0 -1.89 14.4 3.5531
0 -3.86 9.66 3.2316
0 -4.6 10.08 0.9946
0 -3.78 12.26 0.8276
0 -1.85 15.41 1.315
0.125 -0.62 17.11 2.6353
0.075 -1.78 15.42 1.8028
0 -0.16 16.41 0.8456
0 0.73 19.34 0.4093
0.35 2.68 20.4 3.0425
0.55 2.3 19.47 3.0965
0.2 1.03 16.75 2.2331
0 2.08 17.72 1.5273
0 0.73 16.85 2.9054
0 0.18 17.11 2.4969
0 -1.27 16.91 2.8103
0 -0.88 16.7 2.6958
0 -1.83 15.24 3.0157
0 -1.39 14.63 2.7027
0 -2.77 14.44 2.6022
0 -2.54 15.07 1.9358
0 1.53 16.23 1.9712
0 1.26 16.88 2.4167
0 0.68 16.4 1.2969
0 -0.38 17.91 0.4888
0 1.07 19.1 1.7609
0 2.18 20.95 2.1663
0 2.83 18.17 2.024
0 3.57 21.21 2.1785
0 5.38 22.08 2.0153
0 5.06 22.27 2.5253
0 3.21 21.24 2.5154
0.1 2.55 20.43 2.112
0.175 3.56 20.24 2.0353
0.075 2.66 19.26 2.1301
0 2.38 19.52 2.1313
1.15 2.51 19.59 1.9463
0.8 2.81 20.25 1.949
0 4.32 20.58 2.1013
0 3.82 19.33 2.8165
0 2.34 18.46 2.4644
0.45 2.99 19.25 2.3398
0.3 1.77 19.61 2.4232
0 1.44 18.93 2.9516
0 -1.29 17.94 2.6984
0 0.78 16.91 2.2364
0 3.25 17.13 2.6164
0 -1.15 14.68 3.3496
0 -5.26 7.08 2.075
0 -5.48 8.55 1.2643
0 -3.21 13.09 0.2046
0 -1.25 16.26 1.1955
0 1.51 18.35 2.872
0 1.93 18.92 2.621
0 0.42 18.5 2.923
0 -0.43 17.05 3.3474
0 -3.08 15.04 1.2905
0 -3.76 14.41 0.2538
0 -2.16 16.69 0.5538
0 -1.45 18.22 0.8643
0 -0.33 20.75 1.1966
0 1.54 21.38 1.8073
0.425 2.43 20.98 2.2232
5.575 2.77 21.49 2.4107
6.925 1.81 16.46 3.2919
2.25 -1.4 11.28 1.6679
0 -1.65 15.38 1.7688
0 -2.28 16.83 0.7006
0 -2.06 17.55 1.2958
0 -1.05 18.51 0.9444
0 0.73 18.91 1.3541
0 0.83 20.06 3.1715
0 0.98 17.06 2.2646
0 0.25 16.37 1.1268
0 -0.22 17.82 0.2044
0 1.93 17.46 1.3242
0 1.71 17.39 2.0196
0 -1.46 16.19 2.1272
0 -2.01 15.64 2.0099
0 -3.15 13.85 1.4242
0 -2.55 14.56 0.6327
0 -2.27 14.51 1.0213
0 -0.77 16.55 0.4218
0 0.18 17.51 0.9588
0 1.19 19.45 1.5824
0.125 0.04 15.35 2.3829
0.075 -2.82 11.67 2.6812
0 -5.06 11.9 1.4807
0 -3.64 13.36 1.0514
0 -1.88 15.5 0.4431
0 -2.43 16.97 1.2185
0 1.94 17.9 2.4586
0 -0.42 16.66 1.104
0 0.76 13.32 2.7339
0 -2.33 17.38 2.7022
0 -0.42 17.84 1.7802
0 -2.14 17.83 0.8857
0 -1.53 17.49 0.7524
0 0.42 18.74 1.2036
0 -1.15 18.89 0.2988
0 -0.24 18.26 2.2526
0 0.33 16.48 2.7172
0 -11.12 6.46 2.3698
0 -11.13 4.39 2.7219
0 -8.61 7.92 0.9543
2 -5.45 9.52 3.4016
1.35 -11.79 5.75 3.7357
0.025 -14.1 -5.75 0.3797
0 -12.79 1.12 3.2298
0 -12.14 2.16 1.8337
0 -9.86 4.34 1.4522
0 -9.89 7.52 0.8836
0 -7.9 8.85 0.4672
0 -8.53 7.06 2.0894
0.175 -7.86 7.37 1.9614
65.35 -6.49 1.72 6.1171
41.5 -6.04 -0.07 4.5633
0.05 -5.27 4.62 0.795
0 -4.88 9.15 2.3718
0 -4.88 10.71 1.3569
0.05 -3.89 11.87 2.1749
1.525 -2.68 8.55 2.6467
0.925 -10.99 2.31 2.858
0 -10.31 3.4 1.1586
0 -9.13 6.81 0.6814
0 -8.44 7.28 0.7823
0 -7 9.06 1.1173
0 -7.59 8.12 1.9456
0 -8.18 6.26 1.3342
1.8 -9.04 7.33 3.8851
1.3 -14.94 -5.46 5.1719
0 -15.42 -5.24 0.8894
0 -12.14 0.51 0.0405
0 -9.98 5.17 0.9571
0 -10.39 7.82 0.8887
0 -9.12 9.58 1.0957
0 -8.8 10.59 1.1007
0 -9.34 10.41 1.7104
0 -6.7 9.23 2.2647
0 -10.89 6.26 0.5929
0 -12.55 4.68 1.3474
0 -14.83 2.91 1.8538
0 -13.92 1.24 1.4299
0 -11.58 4.11 0.944
0.475 -8.67 3.59 0.8685
7.8 -8.38 3.99 2.2778
5.05 -14.48 -3.88 1.0373
0 -15.22 -3.84 1.197
0 -17.05 -2.2 2.83
0 -14.76 0.26 2.31
0 -12.93 2.92 1.8574
0 -11.72 4.39 1.0411
0 -15.57 -0.41 2.387
0.675 -12.8 0.95 3.8107
0.4 -12.77 0.49 0.8467
0 -13.52 -2.37 0.4513
0 -15.74 1.07 2.6062
0 -15.07 -0.27 3.9787
0 -13.99 1.23 4.2626
0 -14.64 1.99 2.8114
1.25 -11.79 1.61 1.5802
0.8 -13.1 -0.45 4.5972
0 -15.28 -7.96 5.345
0 -15.96 -3.34 3.8829
0 -15.32 -0.79 1.4354
0 -15.83 -1.11 2.2795
0 -16.61 -1.54 2.1559
0 -16.61 -3.18 2.1503
0.025 -12.45 -1.46 1.5564
9.925 -19.13 -4.1 2.1361
13.7 -15.32 -9.24 1.3258
4.925 -25.46 -13.29 0.5479
0 -27.72 -13.39 1.845
0.9 -24.68 -9.89 2.8249
16.975 -15.47 -6.32 2.7713
38.2 -13.07 -7.61 3.7121
32.35 -14.09 -7.3 4.7633
1.425 -18.72 -7.85 0.6631
0 -16.09 -10.29 2.9218
0 -15.06 -7.48 2.2383
0 -14.5 -5.28 2.3705
0 -15.43 -4.97 2.8672
0 -17.05 -6.07 4.1204
0.65 -15.36 -8.03 2.961
13.7 -12.65 -1.37 1.8779
9.3 -15.91 -3.43 3.776
0.05 -21.28 -10.93 3.1649
0 -18.77 -8.7 3.7211
0 -17.88 -4.77 3.5735
3 -17.81 -8.68 3.9469
2.1 -16.98 -6.5 1.8327
1.5 -18.05 -6.48 3.2743
6.175 -15.51 -9.5 0.6251
3.425 -14.12 -8.32 1.4303
0.025 -14.2 -6.65 2.2902
0 -14.44 -4.24 1.6167
0 -16.43 -3.64 1.2671
0 -17.13 -4.96 4.1019
0 -16.11 -4.91 3.0167
0 -16.63 -3.99 2.3599
0 -15.34 -3.4 2.8784
0 -13.66 -3.34 2.9454
0.075 -12.91 -1.31 3.1728
1.15 -12.45 -1.13 2.3073
0.625 -10.46 -3.21 2.4609
0.375 -12.69 -4.65 3.0559
22 -12.23 -3.76 4.1695
13.775 -11.15 -1.82 2.111
0.075 -15.78 -5.74 1.4784
0 -16.71 -4.42 3.2881
0 -14.32 -3.68 1.6986
26.775 -14.21 -3 2.37
63.25 -12.78 -5.37 4.5061
39.05 -14.24 -9.85 5.1547
40.275 -13.81 -10.58 6.0504
49.675 -17.35 -11.16 4.0375
26.975 -16.93 -13.24 4.455
3.5 -19.14 -12.43 0.8
0.725 -19.16 -12.14 1.9621
6.8 -17.02 -10.42 3.2619
3.95 -13.51 -8.85 2.7959
0 -15.06 -5.17 1.333
0 -17.91 -5.11 2.7683
1.225 -16.62 -7.89 3.0913
0.725 -14.44 -5.8 1.4476
0 -20.46 -6.16 1.1088
0 -17.3 -7.66 1.6725
0 -14.54 -6.29 1.8983
0 -15.24 -5.73 0.5801
7.7 -15.32 -6.22 2.3085
16.25 -12.16 -4.69 3.469
13.8 -12.39 -6.54 1.8908
4.275 -13.75 -7.91 2.743
0.425 -14.77 -7.56 1.3968
2 -15.35 -7.62 2.4714
1.15 -16.31 -8.83 0.6125
0 -15.43 -7.09 0.8048
0 -13.55 -4.55 0.8797
0 -14 -1.31 1.6527
0 -14.46 -0.97 1.5799
0 -13.82 -0.02 0.9331
0 -13.24 0.64 1.7683
0 -12.53 0.88 2.424
0 -12.23 1.23 1.5874
0.975 -12.83 -0.64 1.5453
4.2 -11.72 -4.62 2.7896
15.575 -12.11 -3.42 3.4447
7.3 -17.94 -7.99 2.5019
14.3 -17.38 -7.94 3.4141
19.6 -12.33 -5.47 2.9817
2.7 -15.05 -6.33 0.5749
37.9 -12.95 -3 4.2102
26.425 -13.1 -2.66 2.2277
1.8 -13.67 -8.18 0.9125
0 -15.1 -2.75 2.414
3.275 -11.86 -1.66 2.7223
17.525 -13.33 -3.31 3.1303
9.475 -16.23 -6.17 3.5085
0 -17.29 -8.23 1.2562
0.075 -14.71 -5.12 2.7284
0.2 -14.98 -5.37 0.8854
6.075 -15.14 -2.81 2.397
4.475 -19.1 -6.44 4.1896
0.525 -16.94 -8.36 2.1614
0 -19.43 -9.16 0.4591
25.7 -15.29 -2.17 2.0573
15.675 -15.09 -2.73 2.7386
0 -18.93 -7.41 2.6955
0 -15.97 -1.4 3.7249
0 -14.01 2.81 1.7028
0 -11.85 4.91 0.7136
0 -10.66 4.95 3.0614
0 -14.27 2.4 2.0938
0 -11.37 5.45 2.1626
0 -11.71 4.96 1.1113
0 -12.47 4.08 1.2288
0 -13.92 3.36 2.6182
0.175 -13.55 3.69 2.2221
0.875 -10.46 4.78 2.6295
0.45 -15.14 -1.78 2.9989
0 -14.61 -4.27 2.895
0 -13.27 1.82 1.5957
0.3 -8.82 5.56 2.617
9.4 -10.55 5.79 6.0745
6.5 -14.27 -5.25 3.5914
2.625 -18.61 -8.25 1.0508
5.025 -16.87 -2.36 2.3724
1.45 -12.25 -3.48 2.3786
17.425 -15.3 -3.67 2.7714
11.175 -15.69 -6.73 3.7972
0.1 -19.19 -7.13 0.9978
0 -15.48 -1.35 2.1794
0 -13.25 3.05 0.5773
0 -11.83 5.36 1.3056
0 -11.4 2.64 2.002
11.075 -8.83 1.54 3.8081
11.65 -14.45 -4.06 4.6975
2.725 -15.18 -6.65 1.1025
0 -13.49 -1.4 0.6809
0 -12.34 1.4 0.8803
0 -9.56 4.85 2.8329
0 -11.53 5.79 1.3729
0 -10.58 7.96 0.9984
0.175 -9.59 8.1 2.0277
13.375 -8.48 6.11 2.965
10.325 -14.01 -4.11 2.9797
2.4 -12.68 -6.98 1.5112
0.825 -11.57 -5.37 1.7805
0 -10.67 3.99 0.7166
0 -9.27 6.99 1.5196
0 -8.85 7.46 0.7036
3.475 -4.63 8.8 4.2693
6.125 -12.31 0.07 5.5272
3.75 -16.72 -5.46 4.3936
0.825 -14.54 -4.59 3.6893
0 -13.51 0.05 2.1042
0 -12.26 4.66 2.5494
0 -11.44 6.88 1.1762
0 -8.34 9.31 2.0588
0 -6.32 8.08 3.6824
0 -12.38 4.78 2.1731
0 -11.59 2.96 1.0568
0 -8.15 6.37 3.0108
1.925 -10.28 4.86 3.9936
7.65 -13.23 -1.48 3.5418
4.025 -15.83 -3.21 5.0786
0.025 -12.32 -1.58 2.5988
0.05 -10.88 3.39 1.2092
0.025 -10.18 5.25 0.7155
0 -7.8 7.89 0.6027
0 -6.18 10.38 1.4594
3.475 -3.42 9.2 2.1612
2.075 -11.86 5.3 2.5885
0.05 -7.7 4.27 1.8645
0.025 -5.34 7.42 3.4613
0 -7.12 7.1 4.5673
2 -12.79 2.08 3.9314
2.075 -13.9 -3.02 4.0772
0.375 -11.85 -2.2 2.4214
0.95 -11.86 -0.18 1.6938
3.925 -9.12 3.61 3.4842
8.725 -9.67 0.71 2.932
4.05 -12.26 -1.33 4.0097
0 -12.67 0.76 2.115
0 -9.53 8.2 0.7371
0 -7.13 11.38 2.7427
0 -2.44 10.42 2.9455
0 -4.68 9.31 2.8412
0 -1.6 12.18 3.0409
0 0.24 12.38 3.1241
0 -0.45 11.55 2.2084
0 0.07 16.26 3.292
0 1.97 16.75 3.2895
0 -1.99 15.13 2.3692
0 -0.46 14.58 4.1528
0 -3.06 11.42 4.7478
0 -6.07 7.24 5.2536
0 -5.06 3.4 4.2322
0 -5.34 9.44 1.268
0 -4.38 11.83 1.5553
0 -2.26 15.71 3.3745
0 -5.38 13.62 3.2976
0 -7.38 8.37 0.7869
0 -5.56 12.46 2.353
0 -5.66 10.38 3.2527
0 -6.61 9.81 2.53
0 -5.73 11.72 1.3245
0 -5.06 10.59 1.0236
0 -2.52 14.78 1.5532
0 -1.7 15.16 2.1107
0 0.25 12.61 2.5862
0 -1.79 12.97 2.1937
0 0.19 14.57 0.7147
0 2.11 18.79 1.461
0 2.69 19.79 3.3272
0 0.16 18.4 3.096
0 -3.15 14.85 2.7058
0 -2.77 15.39 2.7144
0 -1.87 14.6 1.8213
0 -3.03 13.95 0.8926
0 -3.34 15.27 1.8323
1.475 -0.72 17.8 2.4616
1.05 0.01 16.89 1.9412
0 0.17 16.34 2.2187
0 2.38 18.58 2.1351
0 1.12 17.74 1.8146
0 1.02 18.64 2.4702
0 3.16 17.85 3.4187
0 3.75 18.83 3.6862
0 1.55 16.21 2.0068
0 1.73 19.45 1.1609
1.15 2.53 20.8 2.5421
0.8 1.36 18.15 2.7888
0 2.17 20.16 2.6236
0 3.13 21.4 2.2937
0 2.1 21.16 2.1948
0 1.75 19.79 2.7446
0 0.56 18.54 1.1632
0 1.19 17.94 2.2891
0 1.58 19.71 1.9139
1.6 3.03 20.05 2.3186
1.15 2.59 18.31 2.6134
0 -0.16 17.6 1.8862
0 -0.61 17.94 2.2399
0 0 17.54 1.808
0 0.37 18.02 2.1815
0 0.42 18.11 2.5205
0 -0.71 17.8 2.1554
0 -0.27 18.05 2.4619
0 -1.2 19.13 1.588
0 -0.79 18.36 2.0088
0 -0.22 18.15 2.0032
0 -1.39 17.6 2.0553
0 -0.53 17 2.4833
0.375 -0.15 15.69 2.8129
0.225 -0.92 12.64 2.0327
0 -2.14 15.01 1.9549
0 -1.22 15.97 2.3789
0 -2.6 11.69 1.0427
0 -1.87 15.75 1.1679
0 -0.21 17.63 2.1273
0 -0.48 18.11 2.6461
0 0.37 17.88 1.2368
0 -0.07 19.02 1.9549
0 2.33 19.91 2.0158
0 0.27 17.6 1.8864
0 -1.17 17.61 2.2036
0 0.28 18.86 2.1467
0 0.77 16.14 1.8549
0 -2.84 13.99 2.6657
0 -0.31 18.04 2.2777
0 -0.67 21.27 0.8012
0 3.63 22.07 2.5283
0 1.92 21.32 2.8629
0 -1.61 16.71 3.1438
0 -3.3 7.52 2.2864
0 -6.45 6.07 2.3407
0 -6.4 8.71 0.8974
0 -5 13.26 0.5505
0 -2.59 16.81 0.4601
0 -0.74 19.15 1.0939
0 0.66 19.52 1.4975
0 -0.98 18.78 2.0255
0 -3.03 16.43 1.4023
0 -2.45 16.2 2.741
0 -0.5 14.94 3.199
0 -8.95 5.37 2.1737
0 -6.61 10.32 0.7782
0 -5.98 11.92 0.8517
0 -3.75 14.44 1.0283
0 -3.64 14.65 1.8132
0 -4.71 13 1.4636
0 -4.89 13.22 0.6154
0 -4.83 13.59 1.0459
0 -5.16 14.76 1.6684
0 -4.74 14.08 1.4966
0 -4.1 14.46 1.6169
0 -5.85 10.72 0.9613
0 -6.96 12 1.1501
0 -4.38 11.87 2.6977
0 -6.36 8.05 0.8552
0 -5.67 13.09 0.484
0 -4.01 15.94 1.0892
0 -2.49 18.61 0.5946
0 -1.22 19.11 1.1732
0 0.52 20.19 0.5088
0 0.8 20.5 0.4645
0 -1.23 20.26 0.3327
0.3 -0.27 16.39 0.6473
8.575 -1.06 14.03 1.3999
34.05 -0.63 13.41 1.6604
46.225 -3.48 4.71 1.6455
9.45 -6.17 -1.08 1.1904
11.35 -9.3 -0.03 0.8039
3.9 -9.04 -1.5 2.1206
3.875 -10.28 0.84 0.893
0.45 -8.47 5.58 1.8162
0.525 -7.92 8.46 1.7386
0.025 -5.79 11.49 1.4288
0 -4.89 11.26 2.489
0 -3.62 12.26 1.8599
0 -4.22 12.44 0.929
0 -5.18 12.36 0.808
0.05 -4.8 11.74 1.4056
2.275 -3.77 8.3 0.8542
1.75 -5.41 4.35 1.2365
0 -6.07 3.81 1.9901
0.775 -6.88 7.74 1.1526
0.45 -6.09 6.16 2.1422
1.625 -8.67 4.7 1.9865
6.975 -5.72 3.52 1.8624
37.05 -4.01 0.99 4.4825
17.05 -8.47 1.4 3.9914
0.05 -11.25 -0.4 1.6403
0 -14.76 -0.77 3.0695
0.325 -12.97 -0.18 3.2576
3.7 -9.95 4.23 2.1324
3.875 -9.46 5.31 2.0818
1.125 -11.3 -1.36 0.9939
0.45 -10.93 3.36 1.9405
0.975 -9.82 6.75 3.4787
0.025 -8.8 9.65 3.2605
0 -6.76 10.32 2.2954
0 -5.65 9.47 1.1757
0 -5.63 8.28 2.4634
23.5 -9.01 5.65 2.8876
12.125 -12.87 -0.63 2.967
2.075 -16.33 -4.02 0.5387
1.275 -15.42 -3.75 1.6312
0.95 -15.49 -4.69 2.7739
0.525 -14.89 -1.88 1.4863
0 -13.89 1.51 3.2604
0 -12.08 0.1 1.5508
0.475 -8.61 4.15 2.372
0.025 -10.88 5.2 0.6947
0 -14.41 3.47 2.1528
0 -7.26 4.43 2.5129
18.625 -6.75 4.53 3.2089
40.35 -13.44 -0.08 3.4791
25.275 -16.48 -7.64 5.4999
7.325 -16.33 -11.65 3.1336
12.775 -15.85 -8.72 4.516
6.6 -21.73 -10.43 0.9414
1.075 -24.81 -11.65 3.2502
0.7 -20.25 -8.88 3.2505
14.725 -17.37 -7.47 2.9573
6.35 -20.61 -6.84 3.1766
0.475 -23.67 -11.18 2.0211
1.35 -21.27 -11.09 2.9427
0.925 -17.92 -6.07 2.1913
0.075 -15.44 -1.5 2.4664
0.525 -7.72 -1.17 1.6874
0.05 -8.9 0.85 1.6704
15.175 -12.21 -2.92 1.9555
9.525 -10.56 -0.47 3.1392
0.375 -13.25 -4.24 2.4204
1.25 -12.34 -0.93 1.6699
2.95 -9.83 -0.29 1.093
1.25 -8.44 -0.96 1.3384
0.025 -9.31 -0.05 0.5544
0 -12.22 0.54 2.2819
0 -12.67 -0.21 1.5947
17.2 -11.77 0 1.9212
13.9 -12.67 -2.58 1.9535
4.75 -14.24 -6.09 2.4407
58.95 -13.78 -7.51 3.4312
97.025 -12.61 -8.55 5.4503
87.65 -11.54 -5.48 6.5302
43.925 -13.93 -6.43 2.0007
18.825 -14.81 -12.7 1.9169
10.6 -15.82 -8.97 2.1469
1.25 -13.98 -8.1 0.3444
0.375 -15.79 -6.97 2.7382
23.1 -18.24 -5.69 5.0656
11.25 -14.41 -5.64 1.8677
0 -16.39 -10.77 1.166
30.3 -15.83 -9.69 2.2292
19.525 -15.01 -8.21 4.659
1.45 -23.04 -9.42 3.0466
2.275 -24.11 -13.41 1.1271
14.9 -22.26 -13.26 3.448
25.5 -16.12 -12.8 4.643
31.325 -16.13 -12.4 2.6466
0.025 -17.96 -11.02 3.0694
0 -19.24 -12.43 3.8453
0 -18.21 -10.09 5.5736
0.175 -17.64 -9.93 4.0121
0 -18.43 -10.67 1.7683
0 -19.6 -8.91 1.0469
0.1 -19.61 -7.37 3.344
2.4 -19.31 -8.96 3.1342
7.475 -16.08 -8.21 1.4437
0 -16.65 -5.41 1.5856
0.175 -16.29 -4 1.5819
0.375 -16.45 -3.79 2.3941
0 -13.14 -2.91 1.197
0.5 -12.03 -0.88 0.698
0 -14.65 -2.37 2.1964
0 -14.23 -0.96 1.3555
0 -16.96 0.03 4.3412
0 -16.2 -2.1 3.5822
0 -16.25 -2.31 2.6431
0 -15.73 0.1 3.612
0 -14.89 -3.05 2.156
0 -14.39 -1.5 2.1292
0 -14.58 -1.4 4.949
0 -14.76 -1.21 3.0838
0 -14.58 -1.36 1.7455
3.7 -14.08 -0.38 0.6607
15.475 -13.49 0.47 1.7947
5.025 -16.11 -9.34 1.7841
0.325 -16.5 -6.38 2.137
0 -20.47 -6.06 3.144
0.125 -18.62 -6.09 2.1809
0.4 -16.49 -2.91 3.0506
0 -13.95 0.27 1.7941
0.125 -11.81 1.09 1.991
0 -11.69 1.55 0.6705
0.05 -15.39 2.71 2.2507
0.05 -17.75 -1.94 3.6615
0 -18.69 -5.7 3.9019
0 -17.59 -4.05 3.947
0.125 -15.86 -0.69 2.566
0 -13.98 1.79 1.4462
0 -12.64 1.84 3.005
6.55 -10.89 -0.77 3.5469
42.225 -13.16 -0.68 6.1423
27.075 -16.37 -10.94 3.992
40.55 -14.94 -12.16 3.3869
35.05 -15.43 -8.83 4.3779
3.55 -20.81 -10.42 0.9483
0.025 -20.81 -10.17 1.1588
0.025 -19.76 -10.44 0.3535
0 -19.55 -6.72 0.1818
3.625 -16.95 -7.25 2.3367
16.975 -16.28 -7.64 6.0429
21.025 -20.18 -11.63 0.5649
0.65 -22.68 -13.59 0.546
0 -21 -9.59 2.0194
1.45 -20.11 -4.57 1.7061
7.55 -16.67 -3.86 3.2041
10.7 -12.65 -3.74 1.9109
1.775 -16.97 -3.28 1.4172
1.225 -13.95 -1.04 0.584
14.775 -11.92 1.55 1.7922
22.1 -11.74 -4.66 4.7465
0.7 -14.91 -5.73 0.6985
0.775 -14.06 0.22 1.5332
0.025 -12.54 3.56 1.2855
0.525 -12.08 2.8 1.1795
0.325 -12.61 1.54 0.8786
0.4 -13.24 2.28 0.8218
0.4 -10.53 -0.63 1.0428
3.55 -10.1 2.65 1.2476
28.55 -9.89 3.59 3.0113
5.15 -15.59 -2.41 1.0147
22.8 -14.52 -2.94 3.1463
38.525 -15.42 -7.71 4.9761
72.875 -14.04 -9.16 6.5356
17.45 -15.17 -9.95 2.8875
5 -16.79 -7.22 0.7625
21.55 -15.97 -8.01 4.2231
46.875 -16.34 -8.76 5.2165
31.7 -18.47 -8.94 4.153
14.65 -14.78 -6.62 2.8323
7.65 -13.68 -8.42 1.6687
1.575 -12.83 -1.92 0.5521
1.6 -13.83 0.11 1.1578
0.675 -12.89 0.82 2.4377
0.475 -11.08 3.67 2.1821
0.45 -9.43 8.32 1.5461
0.025 -7.29 11.16 1.6777
0 -11.83 6.72 1.0698
0.425 -12.17 3.57 2.0808
0 -10.13 7.17 1.6652
1.875 -10.66 6.76 1.523
7 -13.75 4.68 3.6882
8.45 -19.39 -9.7 1.3889
3.875 -18.21 -11.7 1.6678
0.825 -17.63 -6.05 0.662
0.3 -14.28 -0.36 1.461
0 -13.74 1.92 1.5098
0.1 -11.75 2.2 3.089
1.3 -15.48 -5.85 0.6705
0.325 -12.79 0.92 0.7374
0 -10.51 6.75 1.4221
0.05 -9.57 8.32 2.49
0.025 -8.9 7.95 3.3662
0 -8.98 3.46 2.0034
0.425 -9.33 5.75 2.5753
12.2 -7.92 -0.99 2.7542
2.35 -11.83 1.37 0.8618
1.275 -11.34 1.1 1.8285
0.15 -9.51 0.53 2.8969
1.225 -10.09 -1.33 2.734
0.025 -12.74 0.67 3.0489
0 -11.34 3.14 0.87
0 -9.91 6.3 2.7631
0 -12.83 4.49 4.823
0 -13.47 0.97 3.9194
0 -12.51 1.76 2.1085
0.15 -10.55 4.89 0.6147
0.175 -7.81 8.16 0.9001
0 -7.43 9.81 3.1286
0.15 -5.34 11.55 0.9144
0 -4.61 12.64 1.8819
0.175 -4.77 11.64 2.2976
2.275 -6.34 9.1 3.4674
3.375 -11.57 0.41 3.7384
6.15 -13.05 -4.6 3.0894
0 -11.11 3.17 1.71
0.35 -7.65 7.72 1.2889
0 -6.2 10.13 0.6597
3.65 -6.09 11.32 3.1188
11.575 -13.92 4.02 3.1792
4.575 -14.33 -6.62 1.1651
13.15 -11.99 -3.01 3.459
22.45 -12.79 -5.19 2.7035
2.725 -11.76 -3.04 3.8653
1.025 -11.34 2.06 1.9926
0.025 -7.25 7.77 1.9553
0 -7.27 7.38 2.8364
0 -8.72 6.4 4.4392
0 -10.49 4.48 2.5322
0 -8.12 6.81 2.9158
0 -8.09 5.61 2.9969
1.7 -8.34 5.72 3.5892
2.65 -7.99 5.5 4.5762
9.525 -13.02 0.53 5.161
3.1 -11.99 -1.68 2.993
0.05 -9.4 2.92 2.9645
0.125 -9.84 3.71 3.2957
1.475 -11.78 -0.66 1.8807
0 -11.54 1.17 0.5832
12.625 -7.11 2.96 2.7412
26.05 -6.6 -2.3 1.574
12.35 -8.5 4.05 3.6903
0.5 -9.28 1.85 1.8098
0.225 -8.12 4.49 3.131
0.55 -6.61 8.46 1.659
0 -4.92 11.1 2.1266
0 -4.9 11.63 3.023
0 -5 9.46 2.5695
0 -4.11 10.48 2.7853
0.175 -2.81 12.83 1.4709
0 -1.43 15.94 1.9821
0 -1.33 15.58 2.7522
0 -4.49 11.73 1.1292
0 -3.72 10.94 3.0543
0 -3.01 12.94 2.0974
0 -2.89 12.13 0.2031
0.35 -1.22 16.03 0.2889
0 0.28 18.42 2.4576
0 0.36 18.2 3.1739
0 -2.12 16.27 2.8712
0 -3.98 16.39 2.8444
0 -3.56 14.89 2.2523
0 -2.83 16.31 2.1864
15.275 -0.57 16.69 2.8554
28.475 -3.31 12.66 2.6219
16.425 -6.12 4.89 2.169
1.025 -3.66 12.21 0.688
0.25 -1.5 16.64 0.9882
0 0.95 18.75 0.9248
0 1.11 19.05 1.8131
0 1.64 18.56 1.9749
0 2.78 16.78 2.4785
0 2.6 17.64 2.8834
0 1.39 16.29 2.4145
0 0.89 17.29 2.6457
0 -1.03 16.98 2.2824
0 -0.93 16.23 2.4133
0 -2.23 15.25 2.4071
0 -1.87 14.06 3.16
0 -2.87 12.52 2.5946
0 -1.67 11.05 3.1125
0 -3.35 10.9 3.0352
0 -2.87 11.53 1.9672
0 -2.9 13.31 1.5742
0 -2.15 14.97 2.0682
0 -2.32 15.45 1.2675
0 -1.54 16.44 2.3804
0 -0.08 17.06 2.9305
0 0.19 16.67 1.8556
0 1.33 17.5 1.9935
0 -0.34 18.26 2.227
0 -1.26 17.41 1.9137
0 -0.94 16.95 1.7974
0 0.25 16.83 1.4282
0 2.55 18.54 2.1464
3.175 1.87 19.14 2.8797
3.475 2.76 17.87 2.0778
3.975 0.36 14.19 1.5855
0 0.89 16.68 2.008
0 0.64 17.82 2.1522
0 -1.65 17.81 3.0515
0 -1.81 15.67 2.2078
0 -1.34 15.82 3.0288
0 -2.21 16.57 2.3856
0 -0.48 16.3 1.7949
0 -0.86 17.27 1.8257
0 -0.68 17.03 2.1945
0 -1.42 17.24 2.6417
0 -1.16 17.92 1.512
0 0.71 17.97 1.3172
0 0 17.82 2.153
0 0.74 16.9 1.62
0 -0.34 15.92 1.023
0 -0.76 16.75 1.3844
0 -1.25 17.52 1.2174
0 -0.51 19.01 2.5182
0 0.08 16.51 2.0162
0 -1.12 15.7 1.391
0 -1.86 15.62 1.0417
0 -4.05 15.33 1.0772
0 -0.22 18.7 2.0859
0 0.58 18.89 1.3645
0 -0.01 18.38 0.9669
0 1.68 19.9 1.2071
0 2.61 19.79 1.5437
0 2.21 19.85 1.6396
0 0.32 19.05 2.0193
0 -2.47 18.32 1.9632
0 -2.22 16.66 0.8664
0 -1.58 16 0.7356
0 -1.74 17.56 0.9326
0 0.2 17.01 0.9245
0 1.61 17.74 1.7618
0 0 15.98 0.6193
0 -0.12 17 0.8707
0 1.28 17.94 0.7002
0.95 0.98 16.88 1.7948
5.375 -0.5 15.74 1.1794
6.425 -0.42 13.31 1.2394
19.6 -3.35 8.68 1.1999
4.375 -2.18 11.11 0.5967
18.9 -3.07 13.24 0.9464
0 -2.7 11.78 2.4074
0 -1.8 13.63 2.0914
0 -2.86 11.23 1.6168
0 -3.51 11.43 0.2076
1.05 -2.8 14.22 0.39
0.75 -0.74 16.37 0.9171
0 -0.89 16.44 0.3969
9.025 -0.27 17 0.4457
0 0.52 16.85 0.811
0.175 0.79 17.88 1.6896
15.825 -1.9 13.34 2.2971
0.175 -3.92 8.55 1.618
0 -3.54 11.84 0.4924
0 -1.35 14.97 0.7369
0 -0.86 15.03 1.0807
0 -1.68 16.23 1.627
0 -2.02 15.95 2.5467
0 -0.58 13.19 2.0698
0 -2.38 10.78 2.2576
16.075 -5.29 7.26 2.4251
46.5 -8.67 3.12 3.9599
20.975 -11.58 -2.06 0.6385
3.2 -12.89 -2.38 1.0279
0.85 -11.58 0.71 1.2291
0.025 -10.06 4.48 1.4277
0.55 -7.78 6.5 1.6617
4.9 -6.83 3.94 1.6429
0.7 -7.51 9.28 0.9298
0.025 -6.73 11.11 0.6721
0 -4.04 13.14 0.7529
0 -5.12 13.26 1.2061
0 -4.75 10.76 1.8349
0 -4.74 10.22 1.924
0 -4.95 10.04 2.0558
0 -5.65 11.32 0.5976
0 -6.82 9.3 0.67
0 -6.48 9.39 0.3854
0 -6.36 9.34 2.1899
0 -7.5 10.64 1.8491
0 -6.34 10.22 2.4661
0 -7.64 7.99 1.383
0 -11.12 4.48 3.8267
0 -12 1.28 3.4605
0 -11.54 2.83 2.2681
0 -10.75 5.96 0.8328
0 -10.6 7.66 2.3535
0 -9.88 7.91 0.2603
0 -8.99 7.43 3.1361
0 -11.33 2.93 4.1999
2.35 -12.95 3.1 3.9821
11.125 -14.38 2.66 1.9346
2.95 -17.12 -9.52 0.3214
10.6 -15.8 -8.15 1.4776
0.725 -15.63 -8.53 1.0241
0 -16.48 -6.72 2.4393
0.5 -15.78 -4.33 3.4235
0 -15.22 -1 3.0863
2.95 -12.87 -0.97 3.2816
5.1 -9.52 -3.33 1.1067
0.85 -10.94 -1.48 0.2508
0.025 -10.2 0.36 0.5774
0 -12.9 0.79 0.5213
0 -12.92 1.5 0.8747
0 -13.13 1.05 1.1495
0 -13.04 1.52 3.3733
0.65 -13.18 -3.75 2.2422
2.125 -12.68 -5.86 3.8047
3.9 -15.52 -8.66 1.4324
0.35 -15.72 -5.42 2.0327
0.5 -14.69 -1.43 3.3282
0 -13.14 3.67 2.1741
0 -14.41 0.46 0.8761
0 -14.2 -0.48 3.0211
0 -12.76 1.79 2.4104
0 -11.73 1.01 1.0489
0 -10.84 1.9 1.9778
0 -13.06 2.88 3.0719
0 -14.5 -1.11 9.452
0 -15.76 -7.34 3.9758
0 -17.77 -2.63 4.6623
0 -18.48 -5.57 2.6267
0 -17.6 -4.18 3.4962
0 -18.58 -5.46 3.0522
0 -17.61 -5.12 3.7183
0 -16.85 -3.18 3.9942
0 -17.45 -2.85 4.3429
0 -17.17 -3.48 3.2436
0 -17.14 -4.31 1.2756
0 -18.31 -4.79 1.684
0 -18.1 -8.27 1.4632
0 -17.93 -6.97 1.1988
0 -16.57 -5.96 0.983
0 -16.56 -7.42 5.9868
0 -16.88 -4.45 4.9582
0 -18.01 -4.15 2.5595
0 -16.21 -2.27 4.6137
0 -18.72 -4.61 4.7634
0 -17.37 -6.79 3.3576
0 -20.38 -3.98 4.6195
0 -19.85 -5.06 3.9836
0 -18.73 -4.7 4.8732
0 -17.79 -3.39 3.2195
0 -16.38 -2.39 1.3649
0 -15.6 -0.72 1.2273
0 -15.92 -1.98 1.1418
0 -11.87 2.72 0.9754
0 -12.77 0.85 1.1144
0 -15.12 0.82 2.427
